"QYEAR","NEWID","SEQNO","ALCNO","REC_ORIG","OTHLNDRX","OTHL_DRX","OTHDCLNX","OTHD_LNX","SAFDPSTX","SAFD_STX","TXLIMX","TXLIMX_","JLDRYNET","JLDR_NET","JDRYCNET","JDRY_NET","JCIGARQV","JCIG_RQV","JOTBACQV","JOTB_CQV","JBNKSCQV","JBNK_CQV","JTRANWQV","JTRA_WQV","JTRANSQV","JTRA_SQV","JTRANOQV","JTRA_OQV","SALONX","SALONX_","TRANWRKX","TRAN_RKX","JSUBSIDY","JSUB_IDY"
"20101",1995545,78,0,"1",.,"A",.,"A",.,"A",.,"A",.,"A",.,"A",.,"A",.,"A",.,"A",.,"A",.,"A",.,"A",.,"A",.,"A",.,"A"
"20101",1995565,50,0,"1",.,"A",.,"A",.,"A",.,"A",.,"A",.,"A",.,"A",.,"A",.,"A",.,"A",.,"A",.,"A",.,"A",.,"A",.,"A"
"20101",1995585,62,0,"1",.,"A",.,"A",.,"A",.,"A",.,"A",.,"A",.,"A",.,"A",.,"A",.,"A",.,"A",.,"A",300,"D",.,"A",.,"A"
"20101",1995595,35,0,"1",.,"A",.,"A",.,"A",.,"A",.,"A",.,"A",390,"D",.,"A",.,"A",.,"A",.,"A",.,"A",.,"A",.,"A",.,"A"
"20101",1995605,41,0,"1",.,"A",.,"A",.,"A",.,"A",.,"A",.,"A",.,"A",.,"A",.,"A",.,"A",.,"A",.,"A",80,"D",.,"A",.,"A"
"20101",1995615,32,0,"1",.,"A",.,"A",.,"A",.,"A",.,"A",.,"A",.,"A",.,"A",.,"A",.,"A",.,"A",.,"A",65,"D",.,"A",.,"A"
"20101",1995655,48,0,"1",.,"A",.,"A",.,"A",.,"A",.,"A",.,"A",.,"A",.,"A",.,"A",.,"A",.,"A",.,"A",35,"D",.,"A",.,"A"
"20101",1995685,53,0,"1",.,"A",.,"A",.,"A",.,"A",.,"A",40,"D",.,"A",.,"A",.,"A",681,"D",0,"D",0,"D",160,"D",227,"D",.,"A"
"20101",1995705,55,0,"1",.,"A",.,"A",.,"A",.,"A",.,"A",30,"D",.,"A",.,"A",3,"D",.,"A",.,"A",.,"A",34,"D",.,"A",.,"A"
"20101",1995715,41,0,"1",24,"D",.,"A",.,"A",.,"A",48,"D",.,"A",.,"A",.,"A",.,"A",.,"A",.,"A",.,"A",70,"D",.,"A",.,"A"
"20101",1995725,48,0,"1",.,"A",.,"A",.,"A",.,"A",.,"A",50,"D",.,"A",.,"A",.,"A",.,"A",.,"A",.,"A",.,"A",.,"A",.,"A"
"20101",1995735,48,0,"1",.,"A",.,"A",.,"A",.,"A",.,"A",.,"A",.,"A",.,"A",.,"A",.,"A",.,"A",.,"A",25,"D",.,"A",.,"A"
"20101",1995745,44,0,"1",.,"A",.,"A",.,"A",.,"A",.,"A",.,"A",.,"A",.,"A",.,"A",.,"A",.,"A",.,"A",75,"D",.,"A",.,"A"
"20101",1995765,30,0,"1",.,"A",.,"A",.,"A",.,"A",.,"A",.,"A",.,"A",.,"A",.,"A",.,"A",.,"A",.,"A",.,"A",.,"A",.,"A"
"20101",1995775,73,0,"1",.,"A",.,"A",.,"A",.,"A",.,"A",.,"A",.,"A",.,"A",.,"A",.,"A",.,"A",.,"A",22,"D",.,"A",.,"A"
"20101",1995785,53,0,"1",.,"A",.,"A",.,"A",.,"A",.,"A",.,"A",.,"A",.,"A",.,"A",.,"A",.,"A",.,"A",.,"A",.,"A",.,"A"
"20101",1995795,41,0,"1",.,"A",.,"A",.,"A",.,"A",.,"A",.,"A",.,"A",.,"A",.,"A",.,"A",.,"A",.,"A",30,"D",.,"A",.,"A"
"20101",1995805,53,0,"1",.,"A",.,"A",.,"A",.,"A",.,"A",60,"D",455,"D",.,"A",.,"A",.,"A",.,"A",.,"A",70,"D",.,"A",.,"A"
"20101",1995825,32,0,"1",.,"A",.,"A",.,"A",.,"A",.,"A",.,"A",.,"A",.,"A",.,"A",.,"A",.,"A",.,"A",20,"D",.,"A",.,"A"
"20101",1995845,59,0,"1",.,"A",.,"A",.,"A",.,"A",.,"A",.,"A",.,"A",.,"A",.,"A",.,"A",.,"A",.,"A",240,"D",.,"A",.,"A"
"20101",1995875,57,0,"1",.,"A",.,"A",.,"A",.,"A",.,"A",.,"A",.,"A",.,"A",.,"A",.,"A",.,"A",.,"A",.,"A",.,"A",.,"A"
"20101",1995885,69,0,"1",.,"A",.,"A",45,"D",.,"A",80,"D",110,"D",.,"A",.,"A",.,"A",0,"D",0,"D",0,"D",168,"D",0,"D",.,"A"
"20101",1995895,50,0,"1",.,"A",.,"A",.,"A",.,"A",.,"A",.,"A",.,"A",.,"A",.,"A",.,"A",.,"A",.,"A",.,"A",.,"A",.,"A"
"20101",1995905,37,0,"1",.,"A",.,"A",.,"A",.,"A",.,"A",.,"A",.,"A",.,"A",.,"A",.,"A",.,"A",.,"A",.,"A",.,"A",.,"A"
"20101",1995915,39,0,"1",.,"A",.,"A",.,"A",.,"A",35,"D",.,"A",.,"A",.,"A",.,"A",.,"A",.,"A",.,"A",.,"A",.,"A",.,"A"
"20101",1995925,52,0,"1",.,"A",.,"A",.,"A",.,"A",.,"A",.,"A",.,"A",.,"A",54,"D",.,"A",.,"A",.,"A",.,"A",.,"A",.,"A"
"20101",1995935,33,0,"1",.,"A",.,"A",.,"A",.,"A",.,"A",.,"A",.,"A",.,"A",.,"A",.,"A",.,"A",.,"A",.,"A",.,"A",.,"A"
"20101",1995955,72,0,"1",.,"A",.,"A",.,"A",.,"A",.,"A",.,"A",.,"A",.,"A",.,"A",.,"A",.,"A",.,"A",12,"D",.,"A",.,"A"
"20101",1995965,56,0,"1",.,"A",.,"A",.,"A",.,"A",.,"A",.,"A",.,"A",.,"A",27,"F",.,"A",.,"A",.,"A",25,"D",.,"A",.,"A"
"20101",1995975,63,0,"1",.,"A",.,"A",.,"A",.,"A",.,"A",.,"A",.,"A",.,"A",.,"A",.,"A",.,"A",.,"A",50,"D",.,"A",.,"A"
"20101",1995985,43,0,"1",.,"A",.,"A",.,"A",.,"A",.,"A",.,"A",.,"A",.,"A",.,"A",.,"A",.,"A",.,"A",25,"D",.,"A",.,"A"
"20101",1995995,66,0,"1",.,"A",.,"A",.,"A",.,"A",.,"A",45,"D",.,"A",.,"A",51,"D",.,"A",.,"A",.,"A",24,"D",.,"A",.,"A"
"20101",1996005,72,0,"1",.,"A",.,"A",.,"A",.,"A",.,"A",42,"D",.,"A",.,"A",9,"D",0,"D",0,"D",111,"D",284,"D",0,"D",.,"A"
"20101",1996025,78,0,"1",.,"A",.,"A",.,"A",.,"A",.,"A",.,"A",.,"A",130,"D",.,"A",.,"A",.,"A",.,"A",.,"A",.,"A",.,"A"
"20101",1996035,51,0,"1",.,"A",.,"A",.,"A",.,"A",.,"A",.,"A",.,"A",.,"A",.,"A",.,"A",.,"A",.,"A",.,"A",.,"A",.,"A"
"20101",1996045,60,0,"1",.,"A",.,"A",.,"A",.,"A",.,"A",.,"A",.,"A",.,"A",.,"A",.,"A",.,"A",.,"A",180,"D",.,"A",.,"A"
"20101",1996055,65,0,"1",.,"A",.,"A",.,"A",.,"A",.,"A",.,"A",.,"A",.,"A",30,"D",.,"A",.,"A",.,"A",120,"D",.,"A",.,"A"
"20101",1996065,44,0,"1",.,"A",.,"A",.,"A",.,"A",.,"A",.,"A",.,"A",.,"A",.,"A",.,"A",.,"A",.,"A",30,"D",.,"A",.,"A"
"20101",1996085,55,0,"1",.,"A",.,"A",.,"A",.,"A",.,"A",.,"A",.,"A",.,"A",.,"A",.,"A",.,"A",.,"A",.,"A",.,"A",.,"A"
"20101",1996115,40,0,"1",.,"A",.,"A",.,"A",.,"A",.,"A",.,"A",1560,"D",.,"A",.,"A",.,"A",.,"A",.,"A",.,"A",.,"A",.,"A"
"20101",1996135,67,0,"1",.,"A",.,"A",.,"A",.,"A",.,"A",.,"A",.,"A",.,"A",.,"A",.,"A",.,"A",.,"A",15,"D",.,"A",.,"A"
"20101",1996145,36,0,"1",.,"A",.,"A",.,"A",300,"D",.,"A",10,"D",.,"A",.,"A",.,"A",.,"A",.,"A",.,"A",.,"A",.,"A",.,"A"
"20101",1996175,71,0,"1",.,"A",.,"A",.,"A",.,"A",.,"A",10,"D",.,"A",.,"A",.,"A",.,"A",.,"A",.,"A",1410,"D",.,"A",.,"A"
"20101",1996195,67,0,"1",.,"A",.,"A",.,"A",.,"A",.,"A",.,"A",.,"A",.,"A",.,"A",.,"A",.,"A",.,"A",.,"A",.,"A",.,"A"
"20101",1996205,54,0,"1",.,"A",.,"A",.,"A",.,"A",.,"A",.,"A",.,"A",.,"A",.,"A",.,"A",.,"A",.,"A",150,"D",.,"A",.,"A"
"20101",1996215,37,0,"1",.,"A",.,"A",.,"A",.,"A",.,"A",.,"A",.,"A",.,"A",.,"A",.,"A",.,"A",.,"A",6,"D",.,"A",.,"A"
"20101",1996225,62,0,"1",.,"A",.,"A",.,"A",.,"A",.,"A",.,"A",.,"A",.,"A",.,"A",.,"A",.,"A",.,"A",13,"D",.,"A",.,"A"
"20101",1996235,33,0,"1",0,"F",.,"A",.,"A",.,"A",120,"F",.,"A",.,"A",.,"A",.,"A",360,"D",0,"D",0,"D",100,"D",120,"D",.,"A"
"20101",1996245,28,0,"1",.,"A",.,"A",.,"A",.,"A",90,"D",.,"A",.,"A",.,"A",.,"A",0,"D",0,"D",90,"D",20,"D",0,"D",.,"A"
"20101",1996255,64,0,"1",.,"A",.,"A",.,"A",.,"A",.,"A",70,"D",.,"A",.,"A",30,"D",.,"A",.,"A",.,"A",96,"D",.,"A",.,"A"
"20101",1996265,55,0,"1",.,"A",.,"A",.,"A",.,"A",.,"A",.,"A",.,"A",.,"A",.,"A",.,"A",.,"A",.,"A",7,"D",.,"A",.,"A"
"20101",1996305,85,0,"1",.,"A",.,"A",.,"A",.,"A",.,"A",.,"A",.,"A",.,"A",.,"A",.,"A",.,"A",.,"A",.,"A",.,"A",.,"A"
"20101",1996315,43,0,"1",.,"A",.,"A",.,"A",.,"A",.,"A",.,"A",.,"A",.,"A",.,"A",.,"A",.,"A",.,"A",60,"D",.,"A",.,"A"
"20101",1996345,25,0,"1",.,"A",.,"A",.,"A",.,"A",.,"A",.,"A",130,"D",.,"A",.,"A",.,"A",.,"A",.,"A",.,"A",.,"A",.,"A"
"20101",1996365,35,0,"1",.,"A",.,"A",.,"A",.,"A",16,"D",.,"A",1040,"D",.,"A",.,"A",.,"A",.,"A",.,"A",.,"A",.,"A",.,"A"
"20101",1996385,41,0,"1",.,"A",.,"A",.,"A",.,"A",.,"A",.,"A",.,"A",.,"A",105,"D",.,"A",.,"A",.,"A",.,"A",.,"A",.,"A"
"20101",1996395,50,0,"1",.,"A",.,"A",.,"A",.,"A",.,"A",.,"A",.,"A",.,"A",.,"A",.,"A",.,"A",.,"A",.,"A",.,"A",.,"A"
"20101",1996425,39,0,"1",.,"A",.,"A",.,"A",.,"A",.,"A",.,"A",.,"A",.,"A",.,"A",.,"A",.,"A",.,"A",.,"A",.,"A",.,"A"
"20101",1996435,64,0,"1",.,"A",.,"A",.,"A",.,"A",.,"A",.,"A",.,"A",.,"A",.,"A",.,"A",.,"A",.,"A",102,"D",.,"A",.,"A"
"20101",1996445,43,0,"1",.,"A",.,"A",.,"A",.,"A",.,"A",.,"A",.,"A",.,"A",.,"A",.,"A",.,"A",.,"A",.,"A",.,"A",.,"A"
"20101",1996455,74,0,"1",.,"A",.,"A",.,"A",.,"A",.,"A",.,"A",.,"A",.,"A",.,"A",.,"A",.,"A",.,"A",261,"D",.,"A",.,"A"
"20101",1996465,37,0,"1",.,"A",.,"A",.,"A",.,"A",.,"A",.,"A",.,"A",.,"A",.,"A",.,"A",.,"A",.,"A",.,"A",.,"A",.,"A"
"20101",1996475,64,0,"1",5,"D",.,"A",.,"A",.,"A",0,"D",.,"A",4160,"D",.,"A",.,"A",.,"A",.,"A",.,"A",12,"D",.,"A",.,"A"
"20101",1996495,41,0,"1",.,"A",.,"A",.,"A",.,"A",.,"A",150,"D",.,"A",.,"A",.,"A",.,"A",.,"A",.,"A",.,"A",.,"A",.,"A"
"20101",1996505,86,0,"1",.,"A",.,"A",.,"A",.,"A",.,"A",120,"D",.,"A",.,"A",.,"A",.,"A",.,"A",.,"A",450,"D",.,"A",.,"A"
"20101",1996515,41,0,"1",.,"A",.,"A",.,"A",30,"D",.,"A",.,"A",650,"D",.,"A",.,"A",.,"A",.,"A",.,"A",.,"A",.,"A",.,"A"
"20101",1996525,55,0,"1",.,"A",.,"A",.,"A",.,"A",.,"A",.,"A",.,"A",.,"A",.,"A",.,"A",.,"A",.,"A",5,"D",.,"A",.,"A"
"20101",1996555,49,0,"1",.,"A",.,"A",.,"A",.,"A",.,"A",.,"A",455,"D",.,"A",.,"A",.,"A",.,"A",.,"A",.,"A",.,"A",.,"A"
"20101",1996565,37,0,"1",.,"A",.,"A",.,"A",.,"A",.,"A",.,"A",.,"A",.,"A",.,"A",.,"A",.,"A",.,"A",26,"D",.,"A",.,"A"
"20101",1996575,64,0,"1",.,"A",.,"A",43,"D",.,"A",.,"A",.,"A",.,"A",.,"A",9,"D",0,"D",9,"D",0,"D",48,"D",0,"D",.,"A"
"20101",1996585,65,0,"1",.,"A",.,"A",.,"A",.,"A",.,"A",.,"A",.,"A",.,"A",.,"A",.,"A",.,"A",.,"A",120,"D",.,"A",.,"A"
"20101",1996595,54,0,"1",.,"A",.,"A",.,"A",.,"A",.,"A",.,"A",.,"A",.,"A",.,"A",.,"A",.,"A",.,"A",.,"A",.,"A",.,"A"
"20101",1996605,53,0,"1",.,"A",.,"A",.,"A",.,"A",.,"A",.,"A",.,"A",.,"A",.,"A",.,"A",.,"A",.,"A",.,"A",.,"A",.,"A"
"20101",1996615,35,0,"1",10,"F",.,"A",.,"A",.,"A",120,"F",.,"A",.,"A",.,"A",.,"A",.,"A",.,"A",.,"A",.,"A",.,"A",.,"A"
"20101",1996625,68,0,"1",.,"A",.,"A",.,"A",.,"A",.,"A",.,"A",.,"A",.,"A",.,"A",.,"A",.,"A",.,"A",35,"D",.,"A",.,"A"
"20101",1996635,45,0,"1",.,"A",.,"A",.,"A",.,"A",.,"A",.,"A",.,"A",.,"A",.,"A",.,"A",.,"A",.,"A",.,"A",.,"A",.,"A"
"20101",1996645,80,0,"1",.,"A",.,"A",.,"A",.,"A",.,"A",.,"A",.,"A",.,"A",.,"A",.,"A",.,"A",.,"A",60,"D",.,"A",.,"A"
"20101",1996675,59,0,"1",.,"A",.,"A",.,"A",.,"A",.,"A",.,"A",.,"A",78,"D",.,"A",.,"A",.,"A",.,"A",.,"A",.,"A",.,"A"
"20101",1996695,31,0,"1",.,"A",.,"A",.,"A",.,"A",20,"D",.,"A",.,"A",.,"A",.,"A",.,"A",.,"A",.,"A",.,"A",.,"A",.,"A"
"20101",1996705,27,0,"1",.,"A",.,"A",.,"A",.,"A",.,"A",.,"A",.,"A",.,"A",.,"A",.,"A",.,"A",.,"A",.,"A",.,"A",.,"A"
"20101",1996715,93,0,"1",.,"A",.,"A",.,"A",.,"A",.,"A",100,"D",.,"A",.,"A",18,"D",.,"A",.,"A",.,"A",400,"D",.,"A",.,"A"
"20101",1996755,54,0,"1",.,"A",.,"A",.,"A",.,"A",.,"A",.,"A",.,"A",.,"A",.,"A",.,"A",.,"A",.,"A",100,"D",.,"A",.,"A"
"20101",1996765,67,0,"1",.,"A",.,"A",.,"A",.,"A",.,"A",60,"D",.,"A",.,"A",.,"A",.,"A",.,"A",.,"A",86,"D",.,"A",.,"A"
"20101",1996775,46,0,"1",.,"A",.,"A",.,"A",.,"A",.,"A",.,"A",.,"A",.,"A",.,"A",.,"A",.,"A",.,"A",20,"D",.,"A",.,"A"
"20101",1996785,38,0,"1",.,"A",.,"A",.,"A",.,"A",.,"A",.,"A",.,"A",.,"A",.,"A",.,"A",.,"A",.,"A",.,"A",.,"A",.,"A"
"20101",1996795,81,0,"1",.,"A",.,"A",.,"A",.,"A",.,"A",44,"D",130,"D",.,"A",30,"D",.,"A",.,"A",.,"A",120,"D",.,"A",.,"A"
"20101",1996805,46,0,"1",.,"A",.,"A",.,"A",.,"A",.,"A",.,"A",.,"A",.,"A",.,"A",.,"A",.,"A",.,"A",.,"A",.,"A",.,"A"
"20101",1996815,53,0,"1",.,"A",.,"A",.,"A",.,"A",.,"A",150,"D",.,"A",.,"A",.,"A",180,"D",0,"D",0,"D",.,"A",60,"D",.,"A"
"20101",1996835,41,0,"1",.,"A",.,"A",.,"A",.,"A",.,"A",.,"A",.,"A",.,"A",.,"A",.,"A",.,"A",.,"A",.,"A",.,"A",.,"A"
"20101",1996845,33,0,"1",.,"A",.,"A",.,"A",.,"A",.,"A",.,"A",.,"A",.,"A",.,"A",.,"A",.,"A",.,"A",.,"A",.,"A",.,"A"
"20101",1996865,44,0,"1",.,"A",.,"A",.,"A",.,"A",.,"A",.,"A",.,"A",.,"A",.,"A",.,"A",.,"A",.,"A",.,"A",.,"A",.,"A"
"20101",1996915,50,0,"1",.,"A",.,"A",.,"A",.,"A",.,"A",.,"A",.,"A",.,"A",.,"A",.,"A",.,"A",.,"A",45,"D",.,"A",.,"A"
"20101",1996925,33,0,"1",.,"A",.,"A",.,"A",.,"A",.,"A",.,"A",.,"A",.,"A",.,"A",.,"A",.,"A",.,"A",.,"A",.,"A",.,"A"
"20101",1996935,55,0,"1",.,"A",.,"A",.,"A",.,"A",.,"A",.,"A",.,"A",.,"A",.,"A",.,"A",.,"A",.,"A",.,"A",.,"A",.,"A"
"20101",1996945,28,0,"1",.,"A",.,"A",.,"A",.,"A",.,"A",.,"A",.,"A",.,"A",.,"A",.,"A",.,"A",.,"A",.,"A",.,"A",.,"A"
"20101",1996955,51,0,"1",.,"A",.,"A",.,"A",.,"A",.,"A",60,"D",.,"A",.,"A",9,"D",.,"A",.,"A",.,"A",600,"D",.,"A",.,"A"
"20101",1996965,86,0,"1",.,"A",.,"A",.,"A",.,"A",.,"A",.,"A",.,"A",.,"A",.,"A",.,"A",.,"A",.,"A",75,"D",.,"A",.,"A"
"20101",1996985,71,0,"1",.,"A",.,"A",.,"A",.,"A",.,"A",.,"A",390,"D",.,"A",.,"A",.,"A",.,"A",.,"A",.,"A",.,"A",.,"A"
"20101",1996995,29,0,"1",10,"D",.,"A",.,"A",120,"D",110,"D",.,"A",.,"A",.,"A",.,"A",360,"D",0,"D",0,"D",200,"D",120,"D",.,"A"
"20101",1997005,90,0,"1",25,"D",.,"A",.,"A",300,"D",35,"D",60,"D",.,"A",.,"A",18,"D",180,"D",0,"D",36,"D",300,"D",60,"D",.,"A"
"20101",1997025,75,0,"1",30,"D",.,"A",.,"A",.,"A",0,"D",.,"A",.,"A",.,"A",.,"A",.,"A",.,"A",.,"A",45,"D",.,"A",.,"A"
"20101",1997035,57,0,"1",.,"A",.,"A",.,"A",.,"A",.,"A",15,"D",.,"A",.,"A",.,"A",.,"A",.,"A",.,"A",75,"D",.,"A",.,"A"
"20101",1997045,88,0,"1",.,"A",.,"A",.,"A",.,"A",.,"A",152,"D",.,"A",.,"A",75,"F",.,"A",.,"A",.,"A",40,"F",.,"A",.,"A"
"20101",1997055,47,0,"1",.,"A",.,"A",.,"A",.,"A",18,"D",.,"A",.,"A",.,"A",.,"A",.,"A",.,"A",.,"A",60,"D",.,"A",.,"A"
"20101",1997095,79,0,"1",.,"A",.,"A",.,"A",.,"A",.,"A",.,"A",.,"A",.,"A",.,"A",.,"A",.,"A",.,"A",200,"D",.,"A",.,"A"
"20101",1997105,43,0,"1",.,"A",.,"A",.,"A",.,"A",.,"A",100,"D",.,"A",.,"A",.,"A",.,"A",.,"A",.,"A",300,"D",.,"A",.,"A"
"20101",1997115,41,0,"1",.,"A",.,"A",.,"A",.,"A",15,"D",.,"A",.,"A",.,"A",.,"A",.,"A",.,"A",.,"A",.,"A",.,"A",.,"A"
"20101",1997145,106,0,"1",.,"A",.,"A",.,"A",.,"A",.,"A",90,"D",.,"A",.,"A",.,"A",.,"A",.,"A",.,"A",477,"D",.,"A",.,"A"
"20101",1997165,39,0,"1",.,"A",.,"A",.,"A",.,"A",.,"A",.,"A",.,"A",.,"A",.,"A",.,"A",.,"A",.,"A",18,"F",.,"A",.,"A"
"20101",1997175,55,0,"1",.,"A",.,"A",.,"A",.,"A",.,"A",.,"A",.,"A",.,"A",.,"A",.,"A",.,"A",.,"A",120,"D",.,"A",.,"A"
"20101",1997225,42,0,"1",.,"A",.,"A",.,"A",.,"A",45,"D",.,"A",.,"A",.,"A",.,"A",144,"D",0,"D",144,"D",50,"D",48,"D",.,"A"
"20101",1997235,87,0,"1",.,"A",.,"A",.,"A",.,"A",.,"A",.,"A",52,"D",.,"A",.,"A",.,"A",.,"A",.,"A",175,"D",.,"A",.,"A"
"20101",1997245,55,0,"1",.,"A",.,"A",.,"A",.,"A",.,"A",.,"A",.,"A",.,"A",.,"A",.,"A",.,"A",.,"A",26,"D",.,"A",.,"A"
"20101",1997255,45,0,"1",.,"A",.,"A",.,"A",.,"A",.,"A",.,"A",.,"A",.,"A",.,"A",.,"A",.,"A",.,"A",180,"D",.,"A",.,"A"
"20101",1997265,44,0,"1",.,"A",.,"A",.,"A",.,"A",.,"A",60,"D",.,"A",.,"A",.,"A",.,"A",.,"A",.,"A",90,"D",.,"A",.,"A"
"20101",1997275,49,0,"1",.,"A",.,"A",.,"A",.,"A",.,"A",.,"A",.,"A",.,"A",.,"A",.,"A",.,"A",.,"A",220,"D",.,"A",.,"A"
"20101",1997285,49,0,"1",.,"A",.,"A",.,"A",.,"A",.,"A",.,"A",.,"A",.,"A",.,"A",.,"A",.,"A",.,"A",120,"D",.,"A",.,"A"
"20101",1997295,70,0,"1",.,"A",.,"A",.,"A",.,"A",.,"A",.,"A",.,"A",.,"A",300,"D",.,"A",.,"A",.,"A",105,"D",.,"A",.,"A"
"20101",1997315,53,0,"1",.,"A",.,"A",.,"A",.,"A",.,"A",.,"A",.,"A",.,"A",.,"A",.,"A",.,"A",.,"A",173,"D",.,"A",.,"A"
"20101",1997325,100,0,"1",.,"A",.,"A",.,"A",.,"A",.,"A",.,"A",.,"A",.,"A",.,"A",.,"A",.,"A",.,"A",60,"D",.,"A",.,"A"
"20101",1997345,86,0,"1",.,"A",.,"A",.,"A",.,"A",.,"A",.,"A",.,"A",.,"A",.,"A",.,"A",.,"A",.,"A",.,"A",.,"A",.,"A"
"20101",1997365,62,0,"1",20,"D",.,"A",.,"A",.,"A",0,"D",.,"A",.,"A",.,"A",30,"D",.,"A",.,"A",.,"A",80,"D",.,"A",.,"A"
"20101",1997375,57,0,"1",.,"A",.,"A",.,"A",.,"A",.,"A",.,"A",.,"A",.,"A",.,"A",.,"A",.,"A",.,"A",.,"A",.,"A",.,"A"
"20101",1997385,47,0,"1",.,"A",.,"A",.,"A",.,"A",.,"A",.,"A",.,"A",.,"A",.,"A",.,"A",.,"A",.,"A",.,"A",.,"A",.,"A"
"20101",1997395,61,0,"1",.,"A",.,"A",.,"A",.,"A",.,"A",.,"A",78,"D",.,"A",.,"A",.,"A",.,"A",.,"A",75,"D",.,"A",.,"A"
"20101",1997405,40,0,"1",.,"A",.,"A",.,"A",.,"A",.,"A",.,"A",.,"A",.,"A",.,"A",.,"A",.,"A",.,"A",.,"A",.,"A",.,"A"
"20101",1997435,50,0,"1",.,"A",.,"A",.,"A",.,"A",.,"A",.,"A",1950,"D",.,"A",.,"A",.,"A",.,"A",.,"A",.,"A",.,"A",.,"A"
"20101",1997445,65,0,"1",.,"A",.,"A",.,"A",.,"A",.,"A",150,"D",.,"A",.,"A",.,"A",.,"A",.,"A",.,"A",450,"D",.,"A",.,"A"
"20101",1997465,35,0,"1",.,"A",.,"A",.,"A",.,"A",.,"A",.,"A",325,"D",.,"A",.,"A",.,"A",.,"A",.,"A",30,"D",.,"A",.,"A"
"20101",1997475,59,0,"1",.,"A",.,"A",.,"A",.,"A",.,"A",.,"A",.,"A",.,"A",.,"A",.,"A",.,"A",.,"A",150,"D",.,"A",.,"A"
"20101",1997505,81,0,"1",.,"A",.,"A",.,"A",.,"A",.,"A",.,"A",.,"A",.,"A",27,"D",.,"A",.,"A",.,"A",400,"D",.,"A",.,"A"
"20101",1997515,27,0,"1",.,"A",.,"A",.,"A",.,"A",.,"A",.,"A",.,"A",.,"A",.,"A",24,"D",0,"D",24,"D",.,"A",8,"D",.,"A"
"20101",1997525,35,0,"1",.,"A",.,"A",.,"A",.,"A",.,"A",.,"A",.,"A",.,"A",.,"A",.,"A",.,"A",.,"A",.,"A",.,"A",.,"A"
"20101",1997535,42,0,"1",.,"A",.,"A",.,"A",.,"A",.,"A",.,"A",.,"A",.,"A",.,"A",.,"A",.,"A",.,"A",300,"D",.,"A",.,"A"
"20101",1997545,35,0,"1",.,"A",.,"A",.,"A",.,"A",.,"A",.,"A",.,"A",.,"A",.,"A",0,"D",0,"D",45,"D",.,"A",0,"D",.,"A"
"20101",1997555,56,0,"1",.,"A",.,"A",.,"A",.,"A",.,"A",.,"A",.,"A",.,"A",30,"D",.,"A",.,"A",.,"A",12,"D",.,"A",.,"A"
"20101",1997565,80,0,"1",.,"A",.,"A",30,"D",.,"A",.,"A",.,"A",.,"A",.,"A",.,"A",.,"A",.,"A",.,"A",88,"D",.,"A",.,"A"
"20101",1997575,42,0,"1",.,"A",.,"A",.,"A",.,"A",.,"A",.,"A",.,"A",.,"A",.,"A",.,"A",.,"A",.,"A",.,"A",.,"A",.,"A"
"20101",1997585,31,0,"1",.,"A",.,"A",.,"A",.,"A",.,"A",.,"A",.,"A",.,"A",.,"A",.,"A",.,"A",.,"A",.,"A",.,"A",.,"A"
"20101",1997605,101,0,"1",.,"A",.,"A",.,"A",.,"A",.,"A",28,"D",.,"A",.,"A",15,"D",.,"A",.,"A",.,"A",400,"D",.,"A",.,"A"
"20101",1997625,27,0,"1",.,"A",.,"A",.,"A",.,"A",.,"A",.,"A",195,"D",.,"A",.,"A",.,"A",.,"A",.,"A",.,"A",.,"A",.,"A"
"20101",1997635,30,0,"1",0,"F",.,"A",.,"A",.,"A",60,"F",.,"A",.,"A",.,"A",.,"A",240,"D",0,"D",0,"D",36,"D",80,"D",.,"A"
"20101",1997645,28,0,"1",.,"A",.,"A",.,"A",.,"A",60,"D",.,"A",.,"A",.,"A",.,"A",0,"D",0,"D",120,"D",.,"A",0,"D",.,"A"
"20101",1997665,62,0,"1",.,"A",.,"A",.,"A",.,"A",.,"A",.,"A",.,"A",.,"A",.,"A",.,"A",.,"A",.,"A",16,"D",.,"A",.,"A"
"20101",1997675,61,0,"1",.,"A",.,"A",.,"A",.,"A",.,"A",60,"D",.,"A",.,"A",.,"A",165,"D",0,"D",0,"D",100,"D",55,"D",.,"A"
"20101",1997685,52,0,"1",.,"A",.,"A",.,"A",.,"A",.,"A",.,"A",.,"A",.,"A",.,"A",.,"A",.,"A",.,"A",40,"D",.,"A",.,"A"
"20101",1997695,61,0,"1",.,"A",.,"A",.,"A",.,"A",.,"A",.,"A",.,"A",.,"A",.,"A",.,"A",.,"A",.,"A",100,"D",.,"A",.,"A"
"20101",1997705,82,0,"1",.,"A",.,"A",.,"A",.,"A",.,"A",.,"A",182,"D",.,"A",.,"A",.,"A",.,"A",.,"A",55,"D",.,"A",.,"A"
"20101",1997715,41,0,"1",.,"A",.,"A",.,"A",.,"A",.,"A",.,"A",.,"A",.,"A",.,"A",.,"A",.,"A",.,"A",40,"D",.,"A",.,"A"
"20101",1997735,48,0,"1",.,"A",.,"A",.,"A",.,"A",.,"A",.,"A",.,"A",.,"A",.,"A",.,"A",.,"A",.,"A",100,"D",.,"A",.,"A"
"20101",1997745,49,0,"1",.,"A",.,"A",.,"A",.,"A",.,"A",.,"A",.,"A",.,"A",.,"A",.,"A",.,"A",.,"A",.,"A",.,"A",.,"A"
"20101",1997755,103,0,"1",.,"A",.,"A",.,"A",.,"A",.,"A",.,"A",.,"A",.,"A",.,"A",.,"A",.,"A",.,"A",80,"D",.,"A",.,"A"
"20101",1997765,98,0,"1",.,"A",.,"A",.,"A",.,"A",.,"A",.,"A",130,"D",.,"A",.,"A",.,"A",.,"A",.,"A",.,"A",.,"A",.,"A"
"20101",1997785,38,0,"1",.,"A",.,"A",.,"A",.,"A",.,"A",.,"A",.,"A",.,"A",.,"A",.,"A",.,"A",.,"A",50,"D",.,"A",.,"A"
"20101",1997795,119,0,"1",.,"A",.,"A",.,"A",.,"A",.,"A",120,"D",975,"D",.,"A",30,"D",.,"A",.,"A",.,"A",30,"D",.,"A",.,"A"
"20101",1997815,43,0,"1",.,"A",.,"A",.,"A",.,"A",.,"A",.,"A",.,"A",.,"A",.,"A",.,"A",.,"A",.,"A",240,"D",.,"A",.,"A"
"20101",1997855,41,0,"1",.,"A",.,"A",.,"A",.,"A",.,"A",.,"A",455,"F",.,"A",.,"A",.,"A",.,"A",.,"A",.,"A",.,"A",.,"A"
"20101",1997865,62,0,"1",.,"A",.,"A",.,"A",.,"A",.,"A",.,"A",.,"A",.,"A",.,"A",.,"A",.,"A",.,"A",375,"D",.,"A",.,"A"
"20101",1997875,151,0,"1",.,"A",.,"A",.,"A",.,"A",.,"A",.,"A",.,"A",.,"A",.,"A",.,"A",.,"A",.,"A",430,"D",.,"A",.,"A"
"20101",1997895,53,0,"1",.,"A",.,"A",.,"A",.,"A",.,"A",.,"A",260,"D",.,"A",.,"A",.,"A",.,"A",.,"A",210,"D",.,"A",.,"A"
"20101",1997925,42,0,"1",.,"A",.,"A",.,"A",.,"A",.,"A",.,"A",455,"D",.,"A",.,"A",.,"A",.,"A",.,"A",.,"A",.,"A",.,"A"
"20101",1997935,44,0,"1",.,"A",.,"A",.,"A",.,"A",.,"A",.,"A",.,"A",.,"A",.,"A",15,"D",0,"D",15,"D",15,"D",5,"D",.,"A"
"20101",1997955,56,0,"1",.,"A",.,"A",.,"A",.,"A",.,"A",.,"A",195,"D",.,"A",.,"A",.,"A",.,"A",.,"A",15,"D",.,"A",.,"A"
"20101",1997965,35,0,"1",.,"A",.,"A",.,"A",.,"A",.,"A",.,"A",195,"D",.,"A",.,"A",.,"A",.,"A",.,"A",.,"A",.,"A",.,"A"
"20101",1997975,38,0,"1",2,"D",.,"A",.,"A",120,"D",8,"D",80,"D",.,"A",.,"A",.,"A",0,"D",0,"D",90,"D",75,"D",0,"D",.,"A"
"20101",1997985,56,0,"1",.,"A",.,"A",.,"A",.,"A",.,"A",.,"A",.,"A",.,"A",.,"A",.,"A",.,"A",.,"A",155,"D",.,"A",.,"A"
"20101",1998005,62,0,"1",.,"A",.,"A",.,"A",.,"A",.,"A",.,"A",650,"D",.,"A",30,"D",.,"A",.,"A",.,"A",28,"D",.,"A",.,"A"
"20101",1998015,50,0,"1",.,"A",.,"A",.,"A",.,"A",.,"A",5,"D",.,"A",.,"A",.,"A",.,"A",.,"A",.,"A",30,"D",.,"A",.,"A"
"20101",1998025,32,0,"1",.,"A",.,"A",.,"A",.,"A",.,"A",.,"A",.,"A",.,"A",.,"A",.,"A",.,"A",.,"A",30,"D",.,"A",.,"A"
"20101",1998035,90,0,"1",.,"A",.,"A",.,"A",.,"A",.,"A",480,"D",.,"A",.,"A",90,"D",.,"A",.,"A",.,"A",210,"D",.,"A",.,"A"
"20101",1998075,116,0,"1",.,"A",.,"A",.,"A",.,"A",.,"A",50,"D",195,"D",.,"A",.,"A",.,"A",.,"A",.,"A",150,"D",.,"A",.,"A"
"20101",1998085,55,0,"1",.,"A",.,"A",.,"A",.,"A",.,"A",.,"A",130,"D",.,"A",.,"A",.,"A",.,"A",.,"A",99,"D",.,"A",.,"A"
"20101",1998105,52,0,"1",.,"A",.,"A",.,"A",.,"A",.,"A",.,"A",.,"A",.,"A",.,"A",.,"A",.,"A",.,"A",240,"D",.,"A",.,"A"
"20101",1998115,41,0,"1",.,"A",.,"A",.,"A",.,"A",.,"A",.,"A",.,"A",.,"A",.,"A",.,"A",.,"A",.,"A",.,"A",.,"A",.,"A"
"20101",1998135,64,0,"1",.,"A",.,"A",.,"A",.,"A",.,"A",.,"A",1092,"D",.,"A",120,"D",.,"A",.,"A",.,"A",.,"A",.,"A",.,"A"
"20101",1998145,63,0,"1",.,"A",.,"A",.,"A",.,"A",.,"A",30,"D",.,"A",.,"A",.,"A",.,"A",.,"A",.,"A",300,"D",.,"A",.,"A"
"20101",1998185,41,0,"1",.,"A",.,"A",.,"A",.,"A",.,"A",25,"D",.,"A",.,"A",.,"A",.,"A",.,"A",.,"A",300,"D",.,"A",.,"A"
"20101",1998205,72,0,"1",.,"A",.,"A",1,"D",.,"A",.,"A",105,"D",.,"A",.,"A",.,"A",.,"A",.,"A",.,"A",175,"D",.,"A",.,"A"
"20101",1998235,22,0,"1",.,"A",.,"A",.,"A",.,"A",.,"A",.,"A",.,"A",.,"A",.,"A",0,"D",0,"D",90,"D",.,"A",0,"D",.,"A"
"20101",1998245,28,0,"1",.,"A",.,"A",.,"A",.,"A",.,"A",.,"A",.,"A",.,"A",.,"A",.,"A",.,"A",.,"A",.,"A",.,"A",.,"A"
"20101",1998255,63,0,"1",.,"A",.,"A",.,"A",.,"A",.,"A",.,"A",.,"A",.,"A",.,"A",.,"A",.,"A",.,"A",21,"D",.,"A",.,"A"
"20101",1998285,46,0,"1",.,"A",.,"A",.,"A",.,"A",.,"A",.,"A",.,"A",.,"A",.,"A",.,"A",.,"A",.,"A",.,"A",.,"A",.,"A"
"20101",1998315,45,0,"1",.,"A",.,"A",.,"A",.,"A",.,"A",.,"A",.,"A",.,"A",.,"A",.,"A",.,"A",.,"A",.,"A",.,"A",.,"A"
"20101",1998335,36,0,"1",.,"A",.,"A",.,"A",.,"A",.,"A",.,"A",130,"D",.,"A",.,"A",.,"A",.,"A",.,"A",.,"A",.,"A",.,"A"
"20101",1998365,81,0,"1",.,"A",.,"A",.,"A",.,"A",.,"A",.,"A",.,"A",.,"A",.,"A",.,"A",.,"A",.,"A",30,"D",.,"A",.,"A"
"20101",1998375,60,0,"1",.,"A",.,"A",.,"A",.,"A",.,"A",.,"A",.,"A",.,"A",.,"A",.,"A",.,"A",.,"A",.,"A",.,"A",.,"A"
"20101",1998395,42,0,"1",.,"A",.,"A",.,"A",.,"A",.,"A",.,"A",156,"D",.,"A",.,"A",.,"A",.,"A",.,"A",55,"D",.,"A",.,"A"
"20101",1998445,81,0,"1",.,"A",.,"A",.,"A",.,"A",.,"A",.,"A",520,"D",.,"A",30,"D",.,"A",.,"A",.,"A",.,"A",.,"A",.,"A"
"20101",1998455,111,0,"1",.,"A",.,"A",.,"A",.,"A",.,"A",.,"A",520,"D",.,"A",.,"A",.,"A",.,"A",.,"A",.,"A",.,"A",.,"A"
"20101",1998485,64,0,"1",.,"A",.,"A",.,"A",.,"A",.,"A",120,"D",.,"A",.,"A",.,"A",.,"A",.,"A",.,"A",300,"D",.,"A",.,"A"
"20101",1998495,49,0,"1",.,"A",.,"A",.,"A",.,"A",.,"A",.,"A",.,"A",.,"A",.,"A",.,"A",.,"A",.,"A",35,"D",.,"A",.,"A"
"20101",1998505,34,0,"1",.,"A",.,"A",.,"A",.,"A",.,"A",.,"A",.,"A",.,"A",.,"A",.,"A",.,"A",.,"A",.,"A",.,"A",.,"A"
"20101",1998515,80,0,"1",.,"A",.,"A",.,"A",.,"A",.,"A",40,"D",.,"A",.,"A",.,"A",.,"A",.,"A",.,"A",300,"D",.,"A",.,"A"
"20101",1998525,55,0,"1",.,"A",.,"A",.,"A",.,"A",.,"A",30,"D",.,"A",.,"A",.,"A",.,"A",.,"A",.,"A",130,"D",.,"A",.,"A"
"20101",1998535,43,0,"1",.,"A",.,"A",.,"A",.,"A",.,"A",.,"A",.,"A",.,"A",.,"A",.,"A",.,"A",.,"A",270,"D",.,"A",.,"A"
"20101",1998565,60,0,"1",.,"A",.,"A",.,"A",.,"A",25,"D",.,"A",455,"D",.,"A",.,"A",.,"A",.,"A",.,"A",112,"D",.,"A",.,"A"
"20101",1998585,69,0,"1",.,"A",.,"A",.,"A",.,"A",.,"A",.,"A",.,"A",.,"A",.,"A",.,"A",.,"A",.,"A",.,"A",.,"A",.,"A"
"20101",1998615,45,0,"1",.,"A",.,"A",.,"A",.,"A",.,"A",.,"A",.,"A",.,"A",.,"A",.,"A",.,"A",.,"A",60,"D",.,"A",.,"A"
"20101",1998625,72,0,"1",.,"A",.,"A",.,"A",.,"A",.,"A",25,"D",.,"A",.,"A",.,"A",.,"A",.,"A",.,"A",330,"D",.,"A",.,"A"
"20101",1998635,72,0,"1",.,"A",.,"A",.,"A",.,"A",.,"A",240,"D",.,"A",.,"A",.,"A",750,"D",0,"D",0,"D",500,"D",250,"D",240,"F"
"20101",1998655,50,0,"1",.,"A",.,"A",.,"A",.,"A",.,"A",.,"A",.,"A",78,"D",.,"A",.,"A",.,"A",.,"A",45,"D",.,"A",.,"A"
"20101",1998665,47,0,"1",.,"A",.,"A",.,"A",.,"A",.,"A",.,"A",455,"D",.,"A",.,"A",.,"A",.,"A",.,"A",40,"D",.,"A",.,"A"
"20101",1998675,99,0,"1",.,"A",.,"A",.,"A",.,"A",.,"A",.,"A",.,"A",.,"A",.,"A",.,"A",.,"A",.,"A",15,"D",.,"A",.,"A"
"20101",1998685,64,0,"1",.,"A",.,"A",.,"A",.,"A",.,"A",.,"A",.,"A",.,"A",.,"A",.,"A",.,"A",.,"A",.,"A",.,"A",.,"A"
"20101",1998705,71,0,"1",.,"A",.,"A",.,"A",.,"A",.,"A",.,"A",.,"A",.,"A",.,"A",.,"A",.,"A",.,"A",200,"D",.,"A",.,"A"
"20101",1998715,69,0,"1",.,"A",.,"A",.,"A",.,"A",.,"A",.,"A",.,"A",.,"A",.,"A",.,"A",.,"A",.,"A",13,"D",.,"A",.,"A"
"20101",1998725,38,0,"1",.,"A",.,"A",.,"A",.,"A",.,"A",.,"A",104,"D",.,"A",.,"A",.,"A",.,"A",.,"A",.,"A",.,"A",.,"A"
"20101",1998735,44,0,"1",.,"A",.,"A",.,"A",.,"A",.,"A",.,"A",.,"A",.,"A",.,"A",.,"A",.,"A",.,"A",.,"A",.,"A",.,"A"
"20101",1998745,63,0,"1",.,"A",.,"A",.,"A",.,"A",.,"A",.,"A",.,"A",.,"A",.,"A",.,"A",.,"A",.,"A",.,"A",.,"A",.,"A"
"20101",1998765,43,0,"1",.,"A",.,"A",.,"A",.,"A",.,"A",.,"A",.,"A",.,"A",.,"A",.,"A",.,"A",.,"A",135,"D",.,"A",.,"A"
"20101",1998775,57,0,"1",.,"A",.,"A",.,"A",.,"A",.,"A",.,"A",.,"A",.,"A",.,"A",.,"A",.,"A",.,"A",180,"D",.,"A",.,"A"
"20101",1998785,61,0,"1",.,"A",.,"A",.,"A",.,"A",.,"A",.,"A",.,"A",.,"A",.,"A",.,"A",.,"A",.,"A",.,"A",.,"A",.,"A"
"20101",1998795,72,0,"1",.,"A",.,"A",.,"A",.,"A",.,"A",75,"D",.,"A",.,"A",.,"A",.,"A",.,"A",.,"A",170,"D",.,"A",.,"A"
"20101",1998815,60,0,"1",.,"A",.,"A",.,"A",.,"A",.,"A",.,"A",.,"A",130,"D",.,"A",.,"A",.,"A",.,"A",75,"D",.,"A",.,"A"
"20101",1998825,55,0,"1",.,"A",.,"A",.,"A",.,"A",.,"A",.,"A",.,"A",.,"A",.,"A",.,"A",.,"A",.,"A",300,"D",.,"A",.,"A"
"20101",1998835,47,0,"1",.,"A",.,"A",.,"A",.,"A",.,"A",.,"A",.,"A",.,"A",.,"A",.,"A",.,"A",.,"A",100,"D",.,"A",.,"A"
"20101",1998845,76,0,"1",.,"A",.,"A",.,"A",.,"A",.,"A",.,"A",.,"A",1300,"D",.,"A",.,"A",.,"A",.,"A",25,"D",.,"A",.,"A"
"20101",1998855,68,0,"1",.,"A",.,"A",.,"A",.,"A",.,"A",.,"A",.,"A",.,"A",.,"A",.,"A",.,"A",.,"A",12,"D",.,"A",.,"A"
"20101",1998885,40,0,"1",.,"A",.,"A",.,"A",.,"A",40,"D",.,"A",.,"A",.,"A",.,"A",.,"A",.,"A",.,"A",20,"D",.,"A",.,"A"
"20101",1998895,37,0,"1",.,"A",.,"A",.,"A",.,"A",.,"A",.,"A",.,"A",.,"A",.,"A",.,"A",.,"A",.,"A",.,"A",.,"A",.,"A"
"20101",1998905,76,0,"1",.,"A",.,"A",.,"A",.,"A",.,"A",.,"A",.,"A",104,"D",90,"D",.,"A",.,"A",.,"A",120,"D",.,"A",.,"A"
"20101",1998935,36,0,"1",.,"A",.,"A",.,"A",.,"A",.,"A",.,"A",520,"D",.,"A",.,"A",.,"A",.,"A",.,"A",.,"A",.,"A",.,"A"
"20101",1998945,48,0,"1",.,"A",.,"A",60,"D",200,"D",.,"A",80,"D",.,"A",.,"A",9,"D",.,"A",.,"A",.,"A",200,"D",.,"A",.,"A"
"20101",1998955,41,0,"1",.,"A",.,"A",.,"A",20,"D",.,"A",.,"A",.,"A",.,"A",.,"A",.,"A",.,"A",.,"A",.,"A",.,"A",.,"A"
"20101",1998965,65,0,"1",.,"A",.,"A",.,"A",.,"A",.,"A",120,"D",.,"A",.,"A",.,"A",.,"A",.,"A",.,"A",150,"D",.,"A",.,"A"
"20101",1998985,59,0,"1",.,"A",.,"A",.,"A",.,"A",.,"A",.,"A",.,"A",.,"A",.,"A",.,"A",.,"A",.,"A",60,"D",.,"A",.,"A"
"20101",1999005,72,0,"1",.,"A",.,"A",.,"A",.,"A",.,"A",.,"A",.,"A",.,"A",.,"A",.,"A",.,"A",.,"A",50,"D",.,"A",.,"A"
"20101",1999015,47,0,"1",.,"A",.,"A",.,"A",.,"A",144,"D",60,"D",.,"A",.,"A",30,"D",.,"A",.,"A",.,"A",.,"A",.,"A",.,"A"
"20101",1999065,52,0,"1",.,"A",.,"A",.,"A",.,"A",.,"A",.,"A",.,"A",.,"A",.,"A",.,"A",.,"A",.,"A",.,"A",.,"A",.,"A"
"20101",1999085,61,0,"1",.,"A",.,"A",.,"A",.,"A",.,"A",50,"D",.,"A",.,"A",9,"D",0,"D",0,"D",15,"D",.,"A",0,"D",.,"A"
"20101",1999095,40,0,"1",.,"A",.,"A",.,"A",.,"A",.,"A",.,"A",.,"A",.,"A",.,"A",.,"A",.,"A",.,"A",.,"A",.,"A",.,"A"
"20101",1999105,71,0,"1",.,"A",.,"A",.,"A",.,"A",.,"A",.,"A",.,"A",.,"A",.,"A",.,"A",.,"A",.,"A",.,"A",.,"A",.,"A"
"20101",1999115,31,0,"1",.,"A",.,"A",.,"A",.,"A",.,"A",.,"A",91,"D",.,"A",.,"A",.,"A",.,"A",.,"A",20,"D",.,"A",.,"A"
"20101",1999125,89,0,"1",.,"A",.,"A",.,"A",.,"A",.,"A",.,"A",.,"A",.,"A",.,"A",.,"A",.,"A",.,"A",63,"D",.,"A",.,"A"
"20101",1999135,58,0,"1",.,"A",.,"A",.,"A",.,"A",.,"A",.,"A",.,"A",.,"A",.,"A",.,"A",.,"A",.,"A",24,"D",.,"A",.,"A"
"20101",1999145,51,0,"1",.,"A",.,"A",.,"A",.,"A",.,"A",.,"A",.,"A",.,"A",.,"A",.,"A",.,"A",.,"A",.,"A",.,"A",.,"A"
"20101",1999165,32,0,"1",.,"A",.,"A",.,"A",.,"A",.,"A",.,"A",.,"A",.,"A",.,"A",.,"A",.,"A",.,"A",.,"A",.,"A",.,"A"
"20101",1999175,41,0,"1",.,"A",.,"A",.,"A",.,"A",.,"A",.,"A",.,"A",.,"A",.,"A",.,"A",.,"A",.,"A",.,"A",.,"A",.,"A"
"20101",1999185,48,0,"1",.,"A",.,"A",.,"A",.,"A",.,"A",.,"A",.,"A",.,"A",.,"A",.,"A",.,"A",.,"A",.,"A",.,"A",.,"A"
"20101",1999215,76,0,"1",.,"A",.,"A",.,"A",.,"A",.,"A",.,"A",.,"A",.,"A",.,"A",.,"A",.,"A",.,"A",146,"D",.,"A",.,"A"
"20101",1999225,63,0,"1",.,"A",.,"A",.,"A",.,"A",.,"A",.,"A",.,"A",.,"A",.,"A",.,"A",.,"A",.,"A",40,"D",.,"A",.,"A"
"20101",1999235,35,0,"1",.,"A",.,"A",.,"A",.,"A",.,"A",.,"A",.,"A",.,"A",.,"A",0,"D",0,"D",0,"D",.,"A",0,"D",.,"A"
"20101",1999255,62,0,"1",.,"A",.,"A",20,"D",.,"A",.,"A",.,"A",.,"A",1560,"D",.,"A",.,"A",.,"A",.,"A",120,"D",.,"A",.,"A"
"20101",1999295,46,0,"1",.,"A",.,"A",.,"A",.,"A",.,"A",.,"A",455,"D",.,"A",.,"A",.,"A",.,"A",.,"A",65,"D",.,"A",.,"A"
"20101",1999305,28,0,"1",.,"A",.,"A",.,"A",.,"A",.,"A",.,"A",26,"D",.,"A",.,"A",0,"D",0,"D",0,"D",.,"A",0,"D",.,"A"
"20101",1999325,62,0,"1",.,"A",.,"A",.,"A",.,"A",.,"A",50,"D",.,"A",.,"A",.,"A",.,"A",.,"A",.,"A",125,"D",.,"A",.,"A"
"20101",1999355,27,0,"1",.,"A",.,"A",.,"A",.,"A",120,"D",.,"A",.,"A",.,"A",.,"A",.,"A",.,"A",.,"A",.,"A",.,"A",.,"A"
"20101",1999365,66,0,"1",.,"A",.,"A",.,"A",.,"A",.,"A",.,"A",.,"A",.,"A",.,"A",.,"A",.,"A",.,"A",.,"A",.,"A",.,"A"
"20101",1999375,46,0,"1",.,"A",.,"A",.,"A",.,"A",.,"A",.,"A",.,"A",.,"A",.,"A",.,"A",.,"A",.,"A",.,"A",.,"A",.,"A"
"20101",1999385,70,0,"1",.,"A",.,"A",.,"A",.,"A",13,"D",.,"A",195,"D",65,"D",.,"A",135,"D",0,"D",0,"D",210,"D",45,"D",.,"A"
"20101",1999395,55,0,"1",.,"A",.,"A",.,"A",.,"A",.,"A",.,"A",.,"A",.,"A",.,"A",.,"A",.,"A",.,"A",.,"A",.,"A",.,"A"
"20101",1999405,47,0,"1",.,"A",.,"A",.,"A",.,"A",.,"A",.,"A",.,"A",.,"A",.,"A",.,"A",.,"A",.,"A",.,"A",.,"A",.,"A"
"20101",1999425,49,0,"1",.,"A",.,"A",.,"A",.,"A",.,"A",.,"A",546,"D",.,"A",.,"A",.,"A",.,"A",.,"A",.,"A",.,"A",.,"A"
"20101",1999435,54,0,"1",.,"A",.,"A",.,"A",.,"A",.,"A",.,"A",910,"D",.,"A",.,"A",.,"A",.,"A",.,"A",150,"D",.,"A",.,"A"
"20101",1999445,22,0,"1",.,"A",.,"A",.,"A",.,"A",.,"A",.,"A",.,"A",.,"A",.,"A",.,"A",.,"A",.,"A",.,"A",.,"A",.,"A"
"20101",1999465,43,0,"1",.,"A",.,"A",.,"A",.,"A",.,"A",.,"A",390,"D",.,"A",.,"A",.,"A",.,"A",.,"A",.,"A",.,"A",.,"A"
"20101",1999475,52,0,"1",.,"A",.,"A",.,"A",.,"A",.,"A",.,"A",.,"A",.,"A",.,"A",.,"A",.,"A",.,"A",100,"D",.,"A",.,"A"
"20101",1999495,56,0,"1",.,"A",.,"A",.,"A",.,"A",.,"A",.,"A",.,"A",.,"A",.,"A",.,"A",.,"A",.,"A",.,"A",.,"A",.,"A"
"20101",1999515,33,0,"1",.,"A",.,"A",.,"A",.,"A",240,"D",.,"A",650,"D",.,"A",.,"A",.,"A",.,"A",.,"A",.,"A",.,"A",.,"A"
"20101",1999525,64,0,"1",.,"A",.,"A",.,"A",.,"A",.,"A",.,"A",.,"A",.,"A",.,"A",.,"A",.,"A",.,"A",.,"A",.,"A",.,"A"
"20101",1999575,35,0,"1",.,"A",.,"A",.,"A",.,"A",.,"A",.,"A",.,"A",.,"A",.,"A",.,"A",.,"A",.,"A",.,"A",.,"A",.,"A"
"20101",1999605,39,0,"1",.,"A",.,"A",.,"A",.,"A",100,"D",.,"A",.,"A",.,"A",.,"A",.,"A",.,"A",.,"A",.,"A",.,"A",.,"A"
"20101",1999615,39,0,"1",.,"A",.,"A",.,"A",.,"A",.,"A",.,"A",.,"A",.,"A",.,"A",.,"A",.,"A",.,"A",.,"A",.,"A",.,"A"
"20101",1999625,74,0,"1",.,"A",.,"A",.,"A",.,"A",.,"A",.,"A",.,"A",.,"A",.,"A",.,"A",.,"A",.,"A",100,"D",.,"A",.,"A"
"20101",1999645,40,0,"1",.,"A",.,"A",.,"A",.,"A",.,"A",.,"A",.,"A",.,"A",.,"A",.,"A",.,"A",.,"A",30,"F",.,"A",.,"A"
"20101",1999655,44,0,"1",.,"A",.,"A",.,"A",.,"A",.,"A",.,"A",.,"A",.,"A",.,"A",.,"A",.,"A",.,"A",84,"D",.,"A",.,"A"
"20101",1999665,34,0,"1",.,"A",.,"A",.,"A",.,"A",30,"D",.,"A",.,"A",.,"A",.,"A",600,"D",0,"D",18,"D",.,"A",200,"D",.,"A"
"20101",1999685,61,0,"1",.,"A",.,"A",.,"A",.,"A",.,"A",.,"A",39,"D",.,"A",.,"A",.,"A",.,"A",.,"A",.,"A",.,"A",.,"A"
"20101",1999715,117,0,"1",.,"A",.,"A",.,"A",.,"A",.,"A",.,"A",.,"A",.,"A",.,"A",.,"A",.,"A",.,"A",25,"D",.,"A",.,"A"
"20101",1999725,40,0,"1",.,"A",.,"A",.,"A",.,"A",.,"A",.,"A",.,"A",.,"A",.,"A",120,"D",0,"D",45,"D",.,"A",40,"D",.,"A"
"20101",1999735,36,0,"1",.,"A",.,"A",.,"A",.,"A",.,"A",150,"D",130,"D",.,"A",60,"D",.,"A",.,"A",.,"A",120,"D",.,"A",.,"A"
"20101",1999755,73,0,"1",.,"A",.,"A",.,"A",.,"A",.,"A",50,"D",.,"A",.,"A",.,"A",.,"A",.,"A",.,"A",72,"D",.,"A",.,"A"
"20101",1999765,42,0,"1",.,"A",.,"A",.,"A",.,"A",.,"A",.,"A",.,"A",.,"A",.,"A",.,"A",.,"A",.,"A",12,"D",.,"A",.,"A"
"20101",1999785,45,0,"1",.,"A",.,"A",.,"A",.,"A",.,"A",60,"D",325,"D",.,"A",.,"A",.,"A",.,"A",.,"A",20,"D",.,"A",.,"A"
"20101",1999795,72,0,"1",.,"A",.,"A",.,"A",.,"A",.,"A",.,"A",390,"D",.,"A",.,"A",.,"A",.,"A",.,"A",.,"A",.,"A",.,"A"
"20101",1999805,41,0,"1",.,"A",.,"A",.,"A",.,"A",.,"A",.,"A",.,"A",.,"A",.,"A",.,"A",.,"A",.,"A",.,"A",.,"A",.,"A"
"20101",1999815,33,0,"1",.,"A",.,"A",.,"A",.,"A",.,"A",.,"A",650,"D",.,"A",.,"A",.,"A",.,"A",.,"A",.,"A",.,"A",.,"A"
"20101",1999825,60,0,"1",.,"A",.,"A",.,"A",.,"A",.,"A",.,"A",.,"A",.,"A",.,"A",720,"D",0,"D",0,"D",50,"D",240,"D",.,"A"
"20101",1999845,35,0,"1",.,"A",.,"A",.,"A",.,"A",30,"D",.,"A",.,"A",.,"A",30,"D",75,"D",0,"D",0,"D",.,"A",25,"D",.,"A"
"20101",1999885,55,0,"1",.,"A",.,"A",.,"A",.,"A",.,"A",.,"A",.,"A",.,"A",.,"A",.,"A",.,"A",.,"A",100,"D",.,"A",.,"A"
"20101",1999895,48,0,"1",.,"A",.,"A",.,"A",.,"A",.,"A",.,"A",.,"A",.,"A",.,"A",.,"A",.,"A",.,"A",.,"A",.,"A",.,"A"
"20101",1999905,91,0,"1",.,"A",.,"A",10,"D",.,"A",.,"A",.,"A",.,"A",104,"D",9,"D",.,"A",.,"A",.,"A",75,"D",.,"A",.,"A"
"20101",1999925,69,0,"1",.,"A",.,"A",.,"A",.,"A",.,"A",.,"A",.,"A",.,"A",.,"A",.,"A",.,"A",.,"A",210,"D",.,"A",.,"A"
"20101",1999935,69,0,"1",.,"A",.,"A",.,"A",.,"A",.,"A",50,"D",.,"A",.,"A",75,"D",.,"A",.,"A",.,"A",85,"D",.,"A",.,"A"
"20101",1999955,64,0,"1",.,"A",.,"A",.,"A",.,"A",.,"A",35,"D",.,"A",.,"A",.,"A",.,"A",.,"A",.,"A",.,"A",.,"A",.,"A"
"20101",1999965,74,0,"1",.,"A",.,"A",.,"A",.,"A",.,"A",.,"A",.,"A",.,"A",.,"A",.,"A",.,"A",.,"A",140,"D",.,"A",.,"A"
"20101",1999985,96,0,"1",.,"A",.,"A",.,"A",.,"A",.,"A",25,"D",637,"D",.,"A",.,"A",.,"A",.,"A",.,"A",220,"D",.,"A",.,"A"
"20101",1999995,48,0,"1",13,"D",.,"A",52,"D",.,"A",117,"D",.,"A",.,"A",.,"A",75,"D",.,"A",.,"A",.,"A",420,"D",.,"A",.,"A"
"20101",2000005,67,0,"1",.,"A",.,"A",.,"A",.,"A",.,"A",.,"A",195,"D",.,"A",.,"A",.,"A",.,"A",.,"A",15,"D",.,"A",.,"A"
"20101",2000015,28,0,"1",.,"A",.,"A",.,"A",.,"A",.,"A",.,"A",.,"A",.,"A",.,"A",.,"A",.,"A",.,"A",.,"A",.,"A",.,"A"
"20101",2000025,64,0,"1",.,"A",.,"A",.,"A",.,"A",.,"A",.,"A",.,"A",.,"A",42,"D",.,"A",.,"A",.,"A",50,"D",.,"A",.,"A"
"20101",2000035,67,0,"1",.,"A",.,"A",.,"A",.,"A",.,"A",.,"A",.,"A",.,"A",.,"A",.,"A",.,"A",.,"A",15,"D",.,"A",.,"A"
"20101",2000045,44,0,"1",.,"A",.,"A",15,"F",.,"A",.,"A",.,"A",.,"A",.,"A",.,"A",.,"A",.,"A",.,"A",75,"D",.,"A",.,"A"
"20101",2000065,68,0,"1",.,"A",.,"A",30,"D",.,"A",.,"A",.,"A",.,"A",.,"A",.,"A",.,"A",.,"A",.,"A",32,"D",.,"A",.,"A"
"20101",2000085,35,0,"1",.,"A",.,"A",.,"A",.,"A",100,"D",.,"A",.,"A",.,"A",.,"A",.,"A",.,"A",.,"A",125,"D",.,"A",.,"A"
"20101",2000095,43,0,"1",.,"A",.,"A",.,"A",.,"A",.,"A",.,"A",.,"A",.,"A",12,"D",.,"A",.,"A",.,"A",10,"D",.,"A",.,"A"
"20101",2000115,64,0,"1",.,"A",.,"A",.,"A",.,"A",.,"A",70,"D",.,"A",.,"A",.,"A",.,"A",.,"A",.,"A",.,"A",.,"A",.,"A"
"20101",2000165,64,0,"1",.,"A",.,"A",.,"A",.,"A",.,"A",.,"A",.,"A",.,"A",.,"A",.,"A",.,"A",.,"A",.,"A",.,"A",.,"A"
"20101",2000175,50,0,"1",.,"A",.,"A",.,"A",.,"A",.,"A",.,"A",.,"A",.,"A",.,"A",.,"A",.,"A",.,"A",22,"D",.,"A",.,"A"
"20101",2000185,42,0,"1",.,"A",.,"A",.,"A",.,"A",.,"A",.,"A",.,"A",.,"A",.,"A",.,"A",.,"A",.,"A",.,"A",.,"A",.,"A"
"20101",2000195,53,0,"1",.,"A",.,"A",.,"A",.,"A",.,"A",.,"A",260,"D",.,"A",.,"A",.,"A",.,"A",.,"A",.,"A",.,"A",.,"A"
"20101",2000215,35,0,"1",.,"A",.,"A",.,"A",.,"A",.,"A",.,"A",.,"A",.,"A",.,"A",.,"A",.,"A",.,"A",24,"D",.,"A",.,"A"
"20101",2000225,37,0,"1",.,"A",.,"A",.,"A",.,"A",.,"A",.,"A",.,"A",.,"A",.,"A",.,"A",.,"A",.,"A",.,"A",.,"A",.,"A"
"20101",2000235,44,0,"1",.,"A",.,"A",.,"A",.,"A",.,"A",.,"A",455,"D",.,"A",.,"A",.,"A",.,"A",.,"A",70,"D",.,"A",.,"A"
"20101",2000255,88,0,"1",.,"A",.,"A",.,"A",.,"A",.,"A",.,"A",.,"A",.,"A",.,"A",.,"A",.,"A",.,"A",140,"D",.,"A",.,"A"
"20101",2000265,51,0,"1",.,"A",.,"A",.,"A",.,"A",.,"A",.,"A",1040,"D",.,"A",.,"A",.,"A",.,"A",.,"A",45,"D",.,"A",.,"A"
"20101",2000275,41,0,"1",.,"A",.,"A",.,"A",.,"A",.,"A",.,"A",.,"A",.,"A",.,"A",.,"A",.,"A",.,"A",.,"A",.,"A",.,"A"
"20101",2000285,58,0,"1",.,"A",.,"A",.,"A",.,"A",.,"A",.,"A",429,"D",.,"A",.,"A",.,"A",.,"A",.,"A",20,"D",.,"A",.,"A"
"20101",2000305,66,0,"1",.,"A",.,"A",.,"A",.,"A",.,"A",.,"A",.,"A",.,"A",.,"A",.,"A",.,"A",.,"A",120,"D",.,"A",.,"A"
"20101",2000315,69,0,"1",.,"A",.,"A",.,"A",.,"A",.,"A",.,"A",260,"D",260,"D",.,"A",.,"A",.,"A",.,"A",20,"D",.,"A",.,"A"
"20101",2000325,49,0,"1",.,"A",.,"A",.,"A",.,"A",.,"A",.,"A",.,"A",.,"A",.,"A",.,"A",.,"A",.,"A",.,"A",.,"A",.,"A"
"20101",2000335,49,0,"1",.,"A",.,"A",.,"A",.,"A",.,"A",20,"D",.,"A",.,"A",.,"A",.,"A",.,"A",.,"A",40,"D",.,"A",.,"A"
"20101",2000355,76,0,"1",.,"A",.,"A",.,"A",.,"A",.,"A",25,"D",260,"D",.,"A",.,"A",.,"A",.,"A",.,"A",60,"D",.,"A",.,"A"
"20101",2000365,45,0,"1",.,"A",.,"A",.,"A",.,"A",65,"D",.,"A",.,"A",.,"A",.,"A",.,"A",.,"A",.,"A",.,"A",.,"A",.,"A"
"20101",2000375,46,0,"1",.,"A",.,"A",.,"A",.,"A",.,"A",.,"A",.,"A",.,"A",.,"A",.,"A",.,"A",.,"A",.,"A",.,"A",.,"A"
"20101",2000385,62,0,"1",.,"A",.,"A",35,"D",.,"A",.,"A",.,"A",468,"F",.,"A",.,"A",.,"A",.,"A",.,"A",20,"D",.,"A",.,"A"
"20101",2000405,80,0,"1",.,"A",.,"A",.,"A",.,"A",.,"A",.,"A",.,"A",.,"A",81,"D",.,"A",.,"A",.,"A",.,"A",.,"A",.,"A"
"20101",2000415,73,0,"1",.,"A",.,"A",.,"A",.,"A",.,"A",.,"A",390,"D",.,"A",.,"A",.,"A",.,"A",.,"A",50,"D",.,"A",.,"A"
"20101",2000435,46,0,"1",.,"A",.,"A",.,"A",.,"A",240,"D",.,"A",.,"A",.,"A",.,"A",.,"A",.,"A",.,"A",40,"D",.,"A",.,"A"
"20101",2000455,65,0,"1",.,"A",.,"A",.,"A",.,"A",.,"A",.,"A",.,"A",.,"A",.,"A",.,"A",.,"A",.,"A",80,"D",.,"A",.,"A"
"20101",2000465,50,0,"1",.,"A",.,"A",.,"A",.,"A",.,"A",.,"A",.,"A",.,"A",.,"A",.,"A",.,"A",.,"A",20,"D",.,"A",.,"A"
"20101",2000495,36,0,"1",.,"A",.,"A",.,"A",.,"A",120,"D",.,"A",390,"D",.,"A",.,"A",.,"A",.,"A",.,"A",30,"D",.,"A",.,"A"
"20101",2000525,37,0,"1",0,"F",.,"A",.,"A",.,"A",144,"F",.,"A",.,"A",.,"A",.,"A",0,"D",0,"D",360,"D",60,"D",0,"D",.,"A"
"20101",2000565,67,0,"1",.,"A",.,"A",.,"A",.,"A",.,"A",.,"A",.,"A",.,"A",.,"A",.,"A",.,"A",.,"A",135,"D",.,"A",.,"A"
"20101",2000595,46,0,"1",.,"A",.,"A",.,"A",.,"A",.,"A",.,"A",.,"A",.,"A",.,"A",.,"A",.,"A",.,"A",15,"D",.,"A",.,"A"
"20101",2000625,60,0,"1",.,"A",.,"A",.,"A",.,"A",.,"A",.,"A",.,"A",143,"D",15,"D",.,"A",.,"A",.,"A",11,"D",.,"A",.,"A"
"20101",2000635,46,0,"1",.,"A",.,"A",.,"A",.,"A",.,"A",.,"A",.,"A",.,"A",.,"A",.,"A",.,"A",.,"A",50,"D",.,"A",.,"A"
"20101",2000655,73,0,"1",.,"A",.,"A",.,"A",.,"A",.,"A",.,"A",.,"A",455,"D",30,"D",.,"A",.,"A",.,"A",60,"D",.,"A",.,"A"
"20101",2000715,54,0,"1",.,"A",.,"A",.,"A",.,"A",.,"A",.,"A",.,"A",.,"A",.,"A",900,"D",0,"D",0,"D",70,"D",300,"D",.,"A"
"20101",2000725,26,0,"1",.,"A",.,"A",.,"A",.,"A",.,"A",.,"A",.,"A",.,"A",.,"A",120,"F",0,"D",0,"D",60,"D",.,"C",.,"A"
"20101",2000735,30,0,"1",.,"A",.,"A",.,"A",.,"A",30,"D",.,"A",.,"A",.,"A",.,"A",.,"A",.,"A",.,"A",100,"D",.,"A",.,"A"
"20101",2000745,66,0,"1",.,"A",.,"A",.,"A",.,"A",.,"A",.,"A",.,"A",.,"A",.,"A",.,"A",.,"A",.,"A",100,"D",.,"A",.,"A"
"20101",2000755,34,0,"1",.,"A",.,"A",1,"F",.,"A",.,"A",.,"A",.,"A",.,"A",.,"A",.,"A",.,"A",.,"A",444,"D",.,"A",.,"A"
"20101",2000765,37,0,"1",15,"D",.,"A",.,"A",.,"A",35,"D",44,"D",1040,"D",.,"A",.,"A",0,"D",0,"D",675,"D",80,"D",0,"D",.,"A"
"20101",2000775,35,0,"1",.,"A",.,"A",.,"A",.,"A",.,"A",.,"A",.,"A",.,"A",.,"A",.,"A",.,"A",.,"A",125,"D",.,"A",.,"A"
"20101",2000825,63,0,"1",.,"A",.,"A",.,"A",.,"A",.,"A",.,"A",.,"A",.,"A",.,"A",.,"A",.,"A",.,"A",80,"D",.,"A",.,"A"
"20101",2000835,30,0,"1",.,"A",.,"A",.,"A",.,"A",.,"A",.,"A",.,"A",.,"A",.,"A",.,"A",.,"A",.,"A",.,"A",.,"A",.,"A"
"20101",2000865,44,0,"1",0,"F",.,"A",.,"A",.,"A",60,"F",.,"A",390,"D",.,"A",.,"A",.,"A",.,"A",.,"A",200,"D",.,"A",.,"A"
"20101",2000875,70,0,"1",.,"A",.,"A",.,"A",.,"A",.,"A",.,"A",325,"D",.,"A",.,"A",.,"A",.,"A",.,"A",.,"A",.,"A",.,"A"
"20101",2000895,46,0,"1",.,"A",.,"A",.,"A",.,"A",.,"A",.,"A",.,"A",.,"A",.,"A",.,"A",.,"A",.,"A",.,"A",.,"A",.,"A"
"20101",2000905,70,0,"1",.,"A",.,"A",.,"A",.,"A",.,"A",.,"A",.,"A",.,"A",.,"A",.,"A",.,"A",.,"A",25,"D",.,"A",.,"A"
"20101",2000915,39,0,"1",.,"A",.,"A",.,"A",.,"A",.,"A",.,"A",.,"A",.,"A",.,"A",.,"A",.,"A",.,"A",20,"D",.,"A",.,"A"
"20101",2000925,48,0,"1",10,"D",.,"A",.,"A",.,"A",50,"D",.,"A",.,"A",.,"A",.,"A",.,"A",.,"A",.,"A",.,"A",.,"A",.,"A"
"20101",2000945,50,0,"1",.,"A",.,"A",.,"A",.,"A",240,"D",.,"A",.,"A",.,"A",.,"A",.,"A",.,"A",.,"A",90,"D",.,"A",.,"A"
"20101",2000975,88,0,"1",.,"A",.,"A",.,"A",.,"A",.,"A",.,"A",.,"A",.,"A",.,"A",.,"A",.,"A",.,"A",200,"D",.,"A",.,"A"
"20101",2000985,53,0,"1",.,"A",.,"A",.,"A",.,"A",.,"A",.,"A",650,"D",.,"A",.,"A",.,"A",.,"A",.,"A",.,"A",.,"A",.,"A"
"20101",2000995,53,0,"1",.,"A",.,"A",.,"A",.,"A",.,"A",.,"A",.,"A",.,"A",.,"A",.,"A",.,"A",.,"A",60,"D",.,"A",.,"A"
"20101",2001005,42,0,"1",.,"A",.,"A",.,"A",.,"A",.,"A",.,"A",.,"A",.,"A",.,"A",.,"A",.,"A",.,"A",85,"D",.,"A",.,"A"
"20101",2001035,41,0,"1",.,"A",.,"A",.,"A",.,"A",16,"D",.,"A",.,"A",.,"A",21,"D",.,"A",.,"A",.,"A",.,"A",.,"A",.,"A"
"20101",2001045,46,0,"1",.,"A",.,"A",5,"D",.,"A",.,"A",.,"A",65,"D",.,"A",.,"A",.,"A",.,"A",.,"A",100,"D",.,"A",.,"A"
"20101",2001065,29,0,"1",.,"A",.,"A",.,"A",20,"D",.,"A",.,"A",.,"A",.,"A",.,"A",300,"D",0,"D",0,"D",.,"A",100,"D",.,"A"
"20101",2001075,47,0,"1",.,"A",.,"A",.,"A",.,"A",.,"A",.,"A",.,"A",.,"A",.,"A",.,"A",.,"A",.,"A",.,"A",.,"A",.,"A"
"20101",2001085,61,0,"1",.,"A",.,"A",.,"A",30,"D",.,"A",.,"A",.,"A",.,"A",.,"A",.,"A",.,"A",.,"A",.,"A",.,"A",.,"A"
"20101",2001095,41,0,"1",10,"D",.,"A",.,"A",.,"A",0,"D",.,"A",.,"A",.,"A",.,"A",.,"A",.,"A",.,"A",15,"D",.,"A",.,"A"
"20101",2001125,79,0,"1",.,"A",.,"A",.,"A",.,"A",.,"A",300,"D",1300,"D",.,"A",60,"D",.,"A",.,"A",.,"A",250,"D",.,"A",.,"A"
"20101",2001135,41,0,"1",.,"A",.,"A",.,"A",.,"A",.,"A",.,"A",.,"A",.,"A",.,"A",.,"A",.,"A",.,"A",.,"A",.,"A",.,"A"
"20101",2001145,52,0,"1",.,"A",.,"A",.,"A",.,"A",.,"A",.,"A",.,"A",.,"A",.,"A",.,"A",.,"A",.,"A",200,"D",.,"A",.,"A"
"20101",2001155,47,0,"1",.,"A",.,"A",.,"A",.,"A",.,"A",.,"A",.,"A",.,"A",.,"A",.,"A",.,"A",.,"A",150,"F",.,"A",.,"A"
"20101",2001165,37,0,"1",.,"A",.,"A",.,"A",.,"A",.,"A",.,"A",.,"A",.,"A",.,"A",.,"A",.,"A",.,"A",.,"A",.,"A",.,"A"
"20101",2001185,36,0,"1",.,"A",.,"A",.,"A",.,"A",.,"A",.,"A",.,"A",.,"A",.,"A",.,"A",.,"A",.,"A",20,"D",.,"A",.,"A"
"20101",2001195,80,0,"1",.,"A",.,"A",35,"D",.,"A",.,"A",.,"A",.,"A",.,"A",.,"A",.,"A",.,"A",.,"A",100,"D",.,"A",.,"A"
"20101",2001215,36,0,"1",.,"A",.,"A",.,"A",.,"A",.,"A",.,"A",.,"A",.,"A",.,"A",.,"A",.,"A",.,"A",36,"D",.,"A",.,"A"
"20101",2001225,51,0,"1",.,"A",.,"A",.,"A",.,"A",.,"A",.,"A",.,"A",.,"A",.,"A",.,"A",.,"A",.,"A",.,"A",.,"A",.,"A"
"20101",2001245,23,0,"1",.,"A",.,"A",.,"A",.,"A",14,"D",.,"A",234,"D",.,"A",.,"A",.,"A",.,"A",.,"A",.,"A",.,"A",.,"A"
"20101",2001255,41,0,"1",.,"A",.,"A",.,"A",.,"A",.,"A",.,"A",.,"A",.,"A",.,"A",.,"A",.,"A",.,"A",.,"A",.,"A",.,"A"
"20101",2001275,59,0,"1",.,"A",.,"A",.,"A",.,"A",.,"A",.,"A",.,"A",.,"A",.,"A",.,"A",.,"A",.,"A",206,"D",.,"A",.,"A"
"20101",2001285,41,0,"1",.,"A",.,"A",.,"A",.,"A",.,"A",.,"A",.,"A",.,"A",.,"A",.,"A",.,"A",.,"A",.,"A",.,"A",.,"A"
"20101",2001295,29,0,"1",.,"A",.,"A",.,"A",.,"A",.,"A",.,"A",.,"A",.,"A",.,"A",.,"A",.,"A",.,"A",.,"A",.,"A",.,"A"
"20101",2001315,68,0,"1",.,"A",.,"A",.,"A",.,"A",.,"A",.,"A",.,"A",.,"A",.,"A",.,"A",.,"A",.,"A",98,"D",.,"A",.,"A"
"20101",2001325,58,0,"1",.,"A",.,"A",.,"A",.,"A",.,"A",.,"A",.,"A",.,"A",.,"A",.,"A",.,"A",.,"A",.,"A",.,"A",.,"A"
"20101",2001335,43,0,"1",.,"A",.,"A",.,"A",.,"A",40,"D",.,"A",.,"A",.,"A",.,"A",.,"A",.,"A",.,"A",.,"A",.,"A",.,"A"
"20101",2001365,62,0,"1",.,"A",.,"A",.,"A",.,"A",.,"A",.,"A",.,"A",.,"A",.,"A",.,"A",.,"A",.,"A",205,"D",.,"A",.,"A"
"20101",2001385,93,0,"1",.,"A",.,"A",.,"A",.,"A",.,"A",.,"A",2600,"D",.,"A",.,"A",.,"A",.,"A",.,"A",160,"D",.,"A",.,"A"
"20101",2001395,44,0,"1",.,"A",.,"A",.,"A",.,"A",.,"A",.,"A",.,"A",.,"A",.,"A",.,"A",.,"A",.,"A",.,"A",.,"A",.,"A"
"20101",2001415,138,0,"1",.,"A",.,"A",.,"A",.,"A",.,"A",62,"D",.,"A",.,"A",.,"A",.,"A",.,"A",.,"A",355,"D",.,"A",.,"A"
"20101",2001425,87,0,"1",.,"A",.,"A",.,"A",.,"A",.,"A",.,"A",.,"A",.,"A",.,"A",.,"A",.,"A",.,"A",90,"D",.,"A",.,"A"
"20101",2001435,69,0,"1",.,"A",.,"A",.,"A",.,"A",.,"A",3,"D",.,"A",.,"A",.,"A",.,"A",.,"A",.,"A",30,"D",.,"A",.,"A"
"20101",2001455,48,0,"1",.,"A",.,"A",.,"A",.,"A",.,"A",.,"A",.,"A",.,"A",.,"A",.,"A",.,"A",.,"A",120,"D",.,"A",.,"A"
"20101",2001465,59,0,"1",.,"A",.,"A",.,"A",.,"A",.,"A",.,"A",.,"A",.,"A",126,"D",.,"A",.,"A",.,"A",.,"A",.,"A",.,"A"
"20101",2001485,55,0,"1",.,"A",.,"A",.,"A",.,"A",.,"A",.,"A",.,"A",.,"A",.,"A",.,"A",.,"A",.,"A",.,"A",.,"A",.,"A"
"20101",2001495,71,0,"1",.,"A",.,"A",32,"D",.,"A",.,"A",.,"A",.,"A",.,"A",.,"A",.,"A",.,"A",.,"A",45,"D",.,"A",.,"A"
"20101",2001505,36,0,"1",.,"A",.,"A",.,"A",.,"A",.,"A",.,"A",195,"D",.,"A",.,"A",.,"A",.,"A",.,"A",.,"A",.,"A",.,"A"
"20101",2001525,77,0,"1",.,"A",.,"A",.,"A",.,"A",.,"A",.,"A",.,"A",.,"A",.,"A",.,"A",.,"A",.,"A",.,"A",.,"A",.,"A"
"20101",2001535,63,0,"1",.,"A",.,"A",.,"A",.,"A",.,"A",.,"A",.,"A",.,"A",.,"A",.,"A",.,"A",.,"A",42,"D",.,"A",.,"A"
"20101",2001555,75,0,"1",.,"A",.,"A",.,"A",.,"A",.,"A",.,"A",.,"A",.,"A",.,"A",.,"A",.,"A",.,"A",55,"D",.,"A",.,"A"
"20101",2001575,28,0,"1",.,"A",.,"A",.,"A",.,"A",.,"A",.,"A",.,"A",.,"A",.,"A",.,"A",.,"A",.,"A",.,"A",.,"A",.,"A"
"20101",2001585,66,0,"1",.,"A",.,"A",.,"A",.,"A",.,"A",60,"D",390,"D",.,"A",.,"A",.,"A",.,"A",.,"A",60,"D",.,"A",.,"A"
"20101",2001595,73,0,"1",.,"A",.,"A",30,"D",.,"A",15,"D",10,"D",.,"A",.,"A",.,"A",.,"A",.,"A",.,"A",105,"D",.,"A",.,"A"
"20101",2001605,64,0,"1",.,"A",.,"A",.,"A",.,"A",.,"A",.,"A",.,"A",.,"A",.,"A",.,"A",.,"A",.,"A",122,"D",.,"A",.,"A"
"20101",2001615,61,0,"1",0,"F",.,"A",.,"A",.,"A",108,"F",.,"A",.,"A",.,"A",.,"A",.,"A",.,"A",.,"A",.,"A",.,"A",.,"A"
"20101",2001635,71,0,"1",.,"A",.,"A",.,"A",.,"A",.,"A",80,"D",.,"A",.,"A",.,"A",.,"A",.,"A",.,"A",250,"D",.,"A",.,"A"
"20101",2001685,44,0,"1",.,"A",.,"A",.,"A",.,"A",.,"A",20,"D",.,"A",.,"A",.,"A",.,"A",.,"A",.,"A",30,"D",.,"A",.,"A"
"20101",2001715,65,0,"1",.,"A",.,"A",.,"A",.,"A",.,"A",75,"D",.,"A",.,"A",.,"A",.,"A",.,"A",.,"A",300,"D",.,"A",.,"A"
"20101",2001725,58,0,"1",.,"A",.,"A",.,"A",.,"A",.,"A",125,"D",.,"A",.,"A",.,"A",.,"A",.,"A",.,"A",175,"D",.,"A",.,"A"
"20101",2001745,77,0,"1",.,"A",.,"A",.,"A",.,"A",.,"A",.,"A",26,"D",.,"A",525,"D",.,"A",.,"A",.,"A",85,"D",.,"A",.,"A"
"20101",2001765,29,0,"1",.,"A",.,"A",.,"A",.,"A",.,"A",.,"A",.,"A",.,"A",.,"A",.,"A",.,"A",.,"A",.,"A",.,"A",.,"A"
"20101",2001785,71,0,"1",.,"A",.,"A",.,"A",.,"A",.,"A",.,"A",390,"D",.,"A",.,"A",.,"A",.,"A",.,"A",.,"A",.,"A",.,"A"
"20101",2001805,57,0,"1",.,"A",.,"A",.,"A",.,"A",.,"A",.,"A",.,"A",.,"A",.,"A",.,"A",.,"A",.,"A",.,"A",.,"A",.,"A"
"20101",2001845,62,0,"1",.,"A",.,"A",.,"A",.,"A",.,"A",.,"A",.,"A",.,"A",.,"A",.,"A",.,"A",.,"A",100,"D",.,"A",.,"A"
"20101",2001855,48,0,"1",.,"A",.,"A",.,"A",.,"A",.,"A",90,"D",.,"A",.,"A",.,"A",.,"A",.,"A",.,"A",.,"A",.,"A",.,"A"
"20101",2001865,53,0,"1",.,"A",.,"A",.,"A",.,"A",.,"A",.,"A",.,"A",.,"A",45,"D",.,"A",.,"A",.,"A",100,"D",.,"A",.,"A"
"20101",2001875,70,0,"1",.,"A",.,"A",50,"D",.,"A",.,"A",.,"A",.,"A",.,"A",.,"A",.,"A",.,"A",.,"A",195,"D",.,"A",.,"A"
"20101",2001895,55,0,"1",.,"A",.,"A",.,"A",.,"A",160,"D",.,"A",.,"A",.,"A",.,"A",.,"A",.,"A",.,"A",240,"D",.,"A",.,"A"
"20101",2001915,43,0,"1",.,"A",.,"A",.,"A",.,"A",.,"A",.,"A",.,"A",.,"A",.,"A",.,"A",.,"A",.,"A",90,"D",.,"A",.,"A"
"20101",2001935,41,0,"1",.,"A",.,"A",.,"A",.,"A",.,"A",.,"A",455,"D",.,"A",420,"D",.,"A",.,"A",.,"A",.,"A",.,"A",.,"A"
"20101",2001945,48,0,"1",.,"A",.,"A",.,"A",.,"A",.,"A",.,"A",.,"A",.,"A",.,"A",.,"A",.,"A",.,"A",12,"F",.,"A",.,"A"
"20101",2001955,54,0,"1",.,"A",.,"A",.,"A",.,"A",.,"A",.,"A",.,"A",.,"A",.,"A",.,"A",.,"A",.,"A",.,"A",.,"A",.,"A"
"20101",2001975,97,0,"1",.,"A",.,"A",.,"A",.,"A",.,"A",.,"A",481,"D",195,"D",.,"A",.,"A",.,"A",.,"A",.,"A",.,"A",.,"A"
"20101",2001995,48,0,"1",.,"A",.,"A",.,"A",.,"A",.,"A",.,"A",.,"A",.,"A",.,"A",.,"A",.,"A",.,"A",95,"F",.,"A",.,"A"
"20101",2002035,56,0,"1",.,"A",.,"A",.,"A",.,"A",.,"A",.,"A",.,"A",.,"A",.,"A",.,"A",.,"A",.,"A",100,"D",.,"A",.,"A"
"20101",2002055,58,0,"1",.,"A",.,"A",.,"A",.,"A",.,"A",.,"A",195,"D",.,"A",24,"D",.,"A",.,"A",.,"A",.,"A",.,"A",.,"A"
"20101",2002065,70,0,"1",.,"A",.,"A",.,"A",.,"A",.,"A",28,"D",.,"A",.,"A",.,"A",.,"A",.,"A",.,"A",44,"D",.,"A",.,"A"
"20101",2002085,86,0,"1",.,"A",.,"A",.,"A",.,"A",.,"A",.,"A",.,"A",.,"A",30,"D",144,"D",0,"D",18,"D",200,"D",48,"D",.,"A"
"20101",2002095,43,0,"1",.,"A",.,"A",.,"A",.,"A",.,"A",.,"A",.,"A",.,"A",.,"A",.,"A",.,"A",.,"A",.,"A",.,"A",.,"A"
"20101",2002115,30,0,"1",.,"A",.,"A",.,"A",.,"A",60,"D",.,"A",.,"A",.,"A",.,"A",.,"A",.,"A",.,"A",.,"A",.,"A",.,"A"
"20101",2002125,50,0,"1",.,"A",.,"A",.,"A",.,"A",.,"A",.,"A",728,"D",.,"A",.,"A",.,"A",.,"A",.,"A",100,"D",.,"A",.,"A"
"20101",2002135,34,0,"1",.,"A",.,"A",.,"A",.,"A",.,"A",.,"A",.,"A",.,"A",.,"A",.,"A",.,"A",.,"A",50,"D",.,"A",.,"A"
"20101",2002155,77,0,"1",.,"A",.,"A",.,"A",.,"A",.,"A",.,"A",325,"D",.,"A",45,"D",.,"A",.,"A",.,"A",50,"D",.,"A",.,"A"
"20101",2002165,33,0,"1",.,"A",.,"A",.,"A",.,"A",.,"A",.,"A",.,"A",.,"A",.,"A",.,"A",.,"A",.,"A",.,"A",.,"A",.,"A"
"20101",2002185,52,0,"1",.,"A",.,"A",.,"A",.,"A",.,"A",.,"A",.,"A",.,"A",.,"A",.,"A",.,"A",.,"A",240,"D",.,"A",.,"A"
"20101",2002195,84,0,"1",.,"A",.,"A",.,"A",.,"A",.,"A",.,"A",.,"A",.,"A",.,"A",.,"A",.,"A",.,"A",69,"D",.,"A",.,"A"
"20101",2002205,57,0,"1",.,"A",.,"A",.,"A",.,"A",.,"A",.,"A",.,"A",.,"A",.,"A",0,"D",0,"D",90,"D",25,"D",0,"D",.,"A"
"20101",2002235,28,0,"1",.,"A",.,"A",.,"A",.,"A",24,"D",.,"A",52,"D",.,"A",.,"A",.,"A",.,"A",.,"A",.,"A",.,"A",.,"A"
"20101",2002245,37,0,"1",.,"A",.,"A",.,"A",.,"A",.,"A",.,"A",.,"A",.,"A",.,"A",.,"A",.,"A",.,"A",.,"A",.,"A",.,"A"
"20101",2002255,45,0,"1",.,"A",.,"A",.,"A",.,"A",.,"A",.,"A",390,"D",.,"A",.,"A",.,"A",.,"A",.,"A",.,"A",.,"A",.,"A"
"20101",2002295,51,0,"1",.,"A",.,"A",.,"A",.,"A",.,"A",.,"A",.,"A",.,"A",24,"D",.,"A",.,"A",.,"A",.,"A",.,"A",.,"A"
"20101",2002325,53,0,"1",.,"A",.,"A",.,"A",.,"A",.,"A",.,"A",494,"D",.,"A",30,"D",.,"A",.,"A",.,"A",.,"A",.,"A",.,"A"
"20101",2002335,32,0,"1",.,"A",.,"A",.,"A",.,"A",.,"A",.,"A",.,"A",.,"A",.,"A",.,"A",.,"A",.,"A",.,"A",.,"A",.,"A"
"20101",2002345,66,0,"1",.,"A",.,"A",.,"A",.,"A",.,"A",.,"A",.,"A",.,"A",.,"A",.,"A",.,"A",.,"A",80,"D",.,"A",.,"A"
"20101",2002355,58,0,"1",.,"A",.,"A",.,"A",.,"A",.,"A",20,"D",.,"A",130,"D",.,"A",.,"A",.,"A",.,"A",180,"D",.,"A",.,"A"
"20101",2002375,52,0,"1",.,"A",.,"A",.,"A",.,"A",.,"A",.,"A",.,"A",.,"A",.,"A",.,"A",.,"A",.,"A",10,"D",.,"A",.,"A"
"20101",2002385,45,0,"1",33,"D",.,"A",.,"A",.,"A",117,"D",.,"A",104,"D",.,"A",.,"A",.,"A",.,"A",.,"A",25,"D",.,"A",.,"A"
"20101",2002405,86,0,"1",.,"A",.,"A",.,"A",.,"A",.,"A",150,"D",.,"A",.,"A",.,"A",.,"A",.,"A",.,"A",135,"D",.,"A",.,"A"
"20101",2002415,52,0,"1",.,"A",.,"A",.,"A",.,"A",120,"D",.,"A",.,"A",.,"A",.,"A",.,"A",.,"A",.,"A",60,"D",.,"A",.,"A"
"20101",2002445,60,0,"1",.,"A",.,"A",.,"A",.,"A",.,"A",150,"D",.,"A",.,"A",.,"A",.,"A",.,"A",.,"A",.,"A",.,"A",.,"A"
"20101",2002505,50,0,"1",.,"A",.,"A",.,"A",.,"A",.,"A",.,"A",.,"A",.,"A",.,"A",.,"A",.,"A",.,"A",75,"F",.,"A",.,"A"
"20101",2002515,49,0,"1",.,"A",.,"A",.,"A",.,"A",.,"A",.,"A",.,"A",.,"A",.,"A",.,"A",.,"A",.,"A",360,"D",.,"A",.,"A"
"20101",2002525,40,0,"1",.,"A",.,"A",.,"A",.,"A",.,"A",.,"A",.,"A",.,"A",.,"A",.,"A",.,"A",.,"A",.,"A",.,"A",.,"A"
"20101",2002625,75,0,"1",.,"A",.,"A",.,"A",.,"A",.,"A",.,"A",.,"A",.,"A",.,"A",.,"A",.,"A",.,"A",.,"A",.,"A",.,"A"
"20101",2002635,51,0,"1",.,"A",.,"A",.,"A",.,"A",.,"A",.,"A",.,"A",.,"A",.,"A",.,"A",.,"A",.,"A",60,"D",.,"A",.,"A"
"20101",2002645,54,0,"1",.,"A",.,"A",.,"A",.,"A",.,"A",.,"A",455,"D",.,"A",.,"A",.,"A",.,"A",.,"A",50,"D",.,"A",.,"A"
"20101",2002655,89,0,"1",.,"A",.,"A",.,"A",.,"A",.,"A",.,"A",.,"A",.,"A",.,"A",.,"A",.,"A",.,"A",.,"A",.,"A",.,"A"
"20101",2002665,44,0,"1",.,"A",.,"A",.,"A",.,"A",.,"A",.,"A",130,"D",.,"A",.,"A",.,"A",.,"A",.,"A",.,"A",.,"A",.,"A"
"20101",2002675,56,0,"1",.,"A",.,"A",.,"A",.,"A",.,"A",.,"A",.,"A",.,"A",.,"A",.,"A",.,"A",.,"A",.,"A",.,"A",.,"A"
"20101",2002685,57,0,"1",.,"A",.,"A",.,"A",.,"A",.,"A",300,"D",.,"A",.,"A",15,"D",.,"A",.,"A",.,"A",40,"D",.,"A",.,"A"
"20101",2002715,64,0,"1",.,"A",.,"A",.,"A",.,"A",.,"A",123,"D",.,"A",.,"A",.,"A",.,"A",.,"A",.,"A",400,"D",.,"A",.,"A"
"20101",2002735,69,0,"1",.,"A",.,"A",.,"A",.,"A",.,"A",.,"A",.,"A",.,"A",.,"A",.,"A",.,"A",.,"A",.,"A",.,"A",.,"A"
"20101",2002745,63,0,"1",.,"A",.,"A",.,"A",.,"A",.,"A",.,"A",.,"A",.,"A",.,"A",.,"A",.,"A",.,"A",50,"D",.,"A",.,"A"
"20101",2002755,43,0,"1",.,"A",.,"A",.,"A",.,"A",.,"A",.,"A",.,"A",.,"A",.,"A",.,"A",.,"A",.,"A",10,"D",.,"A",.,"A"
"20101",2002795,75,0,"1",.,"A",.,"A",.,"A",.,"A",.,"A",25,"D",.,"A",.,"A",.,"A",.,"A",.,"A",.,"A",65,"D",.,"A",.,"A"
"20101",2002805,58,0,"1",.,"A",.,"A",.,"A",.,"A",.,"A",26,"D",.,"A",.,"A",.,"A",.,"A",.,"A",.,"A",.,"A",.,"A",.,"A"
"20101",2002815,63,0,"1",.,"A",.,"A",.,"A",.,"A",.,"A",.,"A",390,"D",.,"A",.,"A",.,"A",.,"A",.,"A",.,"A",.,"A",.,"A"
"20101",2002825,72,0,"1",.,"A",.,"A",.,"A",.,"A",.,"A",.,"A",.,"A",.,"A",.,"A",.,"A",.,"A",.,"A",100,"D",.,"A",.,"A"
"20101",2002855,93,0,"1",.,"A",.,"A",.,"A",15,"D",.,"A",21,"D",.,"A",.,"A",.,"A",.,"A",.,"A",.,"A",240,"D",.,"A",.,"A"
"20101",2002865,48,0,"1",10,"D",.,"A",.,"A",.,"A",120,"D",.,"A",.,"A",.,"A",.,"A",.,"A",.,"A",.,"A",.,"A",.,"A",.,"A"
"20101",2002875,43,0,"1",.,"A",.,"A",.,"A",.,"A",.,"A",.,"A",975,"D",.,"A",30,"D",.,"A",.,"A",.,"A",140,"D",.,"A",.,"A"
"20101",2002915,43,0,"1",.,"A",.,"A",.,"A",.,"A",.,"A",110,"D",.,"A",.,"A",.,"A",.,"A",.,"A",.,"A",.,"A",.,"A",.,"A"
"20101",2002925,93,0,"1",.,"A",.,"A",.,"A",.,"A",.,"A",500,"D",585,"D",.,"A",.,"A",.,"A",.,"A",.,"A",1000,"D",.,"A",.,"A"
"20101",2002935,83,0,"1",.,"A",.,"A",.,"A",.,"A",.,"A",.,"A",546,"D",.,"A",.,"A",.,"A",.,"A",.,"A",115,"D",.,"A",.,"A"
"20101",2002945,34,0,"1",.,"A",.,"A",.,"A",.,"A",.,"A",.,"A",130,"D",.,"A",.,"A",0,"D",0,"D",30,"D",.,"A",0,"D",.,"A"
"20101",2002955,33,0,"1",.,"A",.,"A",.,"A",.,"A",150,"D",.,"A",.,"A",.,"A",.,"A",.,"A",.,"A",.,"A",.,"A",.,"A",.,"A"
"20101",2002965,40,0,"1",.,"A",.,"A",.,"A",.,"A",.,"A",18,"D",.,"A",.,"A",.,"A",0,"D",0,"D",120,"D",60,"D",0,"D",.,"A"
"20101",2002975,53,0,"1",.,"A",.,"A",.,"A",.,"A",.,"A",.,"A",.,"A",.,"A",.,"A",.,"A",.,"A",.,"A",45,"D",.,"A",.,"A"
"20101",2002985,73,0,"1",.,"A",.,"A",.,"A",.,"A",.,"A",.,"A",.,"A",.,"A",.,"A",.,"A",.,"A",.,"A",30,"D",.,"A",.,"A"
"20101",2002995,43,0,"1",.,"A",.,"A",.,"A",.,"A",.,"A",.,"A",.,"A",.,"A",.,"A",150,"D",60,"D",60,"D",155,"D",50,"D",.,"A"
"20101",2003025,57,0,"1",.,"A",.,"A",.,"A",.,"A",.,"A",.,"A",.,"A",.,"A",.,"A",.,"A",.,"A",.,"A",250,"D",.,"A",.,"A"
"20101",2003035,58,0,"1",35,"D",.,"A",.,"A",.,"A",37,"D",.,"A",.,"A",.,"A",.,"A",.,"A",.,"A",.,"A",.,"A",.,"A",.,"A"
"20101",2003045,56,0,"1",.,"A",.,"A",.,"A",.,"A",.,"A",.,"A",.,"A",.,"A",.,"A",.,"A",.,"A",.,"A",200,"D",.,"A",.,"A"
"20101",2003055,43,0,"1",.,"A",.,"A",.,"A",.,"A",.,"A",.,"A",.,"A",.,"A",.,"A",.,"A",.,"A",.,"A",.,"A",.,"A",.,"A"
"20101",2003065,42,0,"1",.,"A",.,"A",.,"A",.,"A",.,"A",.,"A",.,"A",.,"A",24,"D",.,"A",.,"A",.,"A",.,"A",.,"A",.,"A"
"20101",2003075,49,0,"1",.,"A",.,"A",.,"A",.,"A",.,"A",.,"A",1625,"D",.,"A",.,"A",.,"A",.,"A",.,"A",.,"A",.,"A",.,"A"
"20101",2003105,48,0,"1",.,"A",.,"A",.,"A",.,"A",.,"A",.,"A",.,"A",.,"A",.,"A",.,"A",.,"A",.,"A",.,"A",.,"A",.,"A"
"20101",2003125,36,0,"1",.,"A",.,"A",.,"A",.,"A",.,"A",.,"A",.,"A",.,"A",.,"A",.,"A",.,"A",.,"A",12,"D",.,"A",.,"A"
"20101",2003145,59,0,"1",.,"A",.,"A",.,"A",.,"A",.,"A",.,"A",.,"A",.,"A",.,"A",.,"A",.,"A",.,"A",20,"D",.,"A",.,"A"
"20101",2003165,61,0,"1",.,"A",.,"A",.,"A",.,"A",.,"A",.,"A",13,"D",.,"A",.,"A",15,"D",0,"D",0,"D",15,"D",5,"D",.,"A"
"20101",2003175,50,0,"1",.,"A",.,"A",.,"A",.,"A",.,"A",.,"A",.,"A",.,"A",.,"A",.,"A",.,"A",.,"A",39,"D",.,"A",.,"A"
"20101",2003185,67,0,"1",.,"A",.,"A",.,"A",.,"A",.,"A",.,"A",.,"A",.,"A",.,"A",.,"A",.,"A",.,"A",247,"D",.,"A",.,"A"
"20101",2003195,54,0,"1",.,"A",.,"A",.,"A",.,"A",.,"A",.,"A",.,"A",.,"A",.,"A",.,"A",.,"A",.,"A",.,"A",.,"A",.,"A"
"20101",2003205,59,0,"1",.,"A",.,"A",.,"A",.,"A",.,"A",.,"A",.,"A",.,"A",.,"A",.,"A",.,"A",.,"A",.,"A",.,"A",.,"A"
"20101",2003225,46,0,"1",.,"A",.,"A",.,"A",.,"A",.,"A",.,"A",.,"A",.,"A",15,"D",.,"A",.,"A",.,"A",.,"A",.,"A",.,"A"
"20101",2003255,92,0,"1",.,"A",.,"A",.,"A",.,"A",.,"A",30,"D",.,"A",.,"A",.,"A",.,"A",.,"A",.,"A",60,"D",.,"A",.,"A"
"20101",2003265,56,0,"1",.,"A",.,"A",.,"A",.,"A",.,"A",.,"A",130,"D",.,"A",.,"A",.,"A",.,"A",.,"A",340,"D",.,"A",.,"A"
"20101",2003275,88,0,"1",.,"A",.,"A",.,"A",.,"A",.,"A",.,"A",.,"A",.,"A",.,"A",.,"A",.,"A",.,"A",120,"D",.,"A",.,"A"
"20101",2003305,37,0,"1",.,"A",.,"A",.,"A",.,"A",.,"A",.,"A",650,"D",.,"A",.,"A",.,"A",.,"A",.,"A",.,"A",.,"A",.,"A"
"20101",2003315,46,0,"1",.,"A",.,"A",.,"A",.,"A",.,"A",100,"D",.,"A",.,"A",.,"A",.,"A",.,"A",.,"A",400,"D",.,"A",.,"A"
"20101",2003325,51,0,"1",.,"A",.,"A",.,"A",.,"A",.,"A",.,"A",.,"A",.,"A",.,"A",.,"A",.,"A",.,"A",180,"D",.,"A",.,"A"
"20101",2003335,53,0,"1",.,"A",.,"A",.,"A",.,"A",.,"A",.,"A",.,"A",.,"A",.,"A",.,"A",.,"A",.,"A",240,"D",.,"A",.,"A"
"20101",2003355,72,0,"1",.,"A",.,"A",.,"A",.,"A",.,"A",.,"A",.,"A",.,"A",.,"A",.,"A",.,"A",.,"A",.,"A",.,"A",.,"A"
"20101",2003375,88,0,"1",.,"A",.,"A",.,"A",.,"A",.,"A",.,"A",1365,"D",.,"A",.,"A",.,"A",.,"A",.,"A",45,"D",.,"A",.,"A"
"20101",2003385,86,0,"1",.,"A",.,"A",.,"A",.,"A",.,"A",.,"A",.,"A",.,"A",.,"A",.,"A",.,"A",.,"A",123,"D",.,"A",.,"A"
"20101",2003425,53,0,"1",.,"A",.,"A",.,"A",.,"A",.,"A",24,"D",.,"A",.,"A",60,"D",.,"A",.,"A",.,"A",100,"D",.,"A",.,"A"
"20101",2003435,45,0,"1",.,"A",.,"A",.,"A",.,"A",.,"A",.,"A",.,"A",.,"A",15,"D",.,"A",.,"A",.,"A",.,"A",.,"A",.,"A"
"20101",2003445,43,0,"1",.,"A",.,"A",.,"A",.,"A",.,"A",.,"A",104,"D",.,"A",.,"A",90,"D",0,"D",0,"D",200,"D",30,"D",.,"A"
"20101",2003455,56,0,"1",200,"D",.,"A",.,"A",.,"A",200,"D",240,"D",.,"A",.,"A",.,"A",0,"D",0,"D",120,"D",700,"D",0,"D",.,"A"
"20101",2003475,70,0,"1",.,"A",.,"A",.,"A",.,"A",.,"A",.,"A",.,"A",.,"A",.,"A",.,"A",.,"A",.,"A",310,"D",.,"A",.,"A"
"20101",2003485,83,0,"1",.,"A",.,"A",.,"A",.,"A",.,"A",47,"D",.,"A",.,"A",60,"D",.,"A",.,"A",.,"A",28,"D",.,"A",.,"A"
"20101",2003495,45,0,"1",.,"A",.,"A",.,"A",.,"A",36,"D",.,"A",.,"A",.,"A",.,"A",0,"D",0,"D",126,"D",.,"A",0,"D",.,"A"
"20101",2003535,44,0,"1",.,"A",.,"A",.,"A",.,"A",.,"A",.,"A",.,"A",.,"A",.,"A",.,"A",.,"A",.,"A",.,"A",.,"A",.,"A"
"20101",2003545,28,0,"1",.,"A",.,"A",.,"A",.,"A",.,"A",.,"A",.,"A",.,"A",.,"A",.,"A",.,"A",.,"A",36,"D",.,"A",.,"A"
"20101",2003555,55,0,"1",.,"A",.,"A",.,"A",.,"A",.,"A",.,"A",.,"A",.,"A",.,"A",.,"A",.,"A",.,"A",180,"D",.,"A",.,"A"
"20101",2003585,60,0,"1",.,"A",.,"A",.,"A",.,"A",.,"A",75,"D",.,"A",.,"A",.,"A",.,"A",.,"A",.,"A",65,"D",.,"A",.,"A"
"20101",2003595,60,0,"1",.,"A",.,"A",.,"A",.,"A",.,"A",.,"A",.,"A",.,"A",15,"D",.,"A",.,"A",.,"A",20,"D",.,"A",.,"A"
"20101",2003615,98,0,"1",.,"A",.,"A",55,"D",.,"A",.,"A",90,"D",260,"F",.,"A",.,"A",.,"A",.,"A",.,"A",300,"D",.,"A",.,"A"
"20101",2003625,43,0,"1",.,"A",.,"A",.,"A",.,"A",60,"D",.,"A",.,"A",.,"A",.,"A",.,"A",.,"A",.,"A",30,"D",.,"A",.,"A"
"20101",2003635,53,0,"1",.,"A",.,"A",.,"A",.,"A",.,"A",130,"D",.,"A",.,"A",.,"A",.,"A",.,"A",.,"A",.,"A",.,"A",.,"A"
"20101",2003655,36,0,"1",.,"A",.,"A",.,"A",.,"A",.,"A",.,"A",.,"A",.,"A",.,"A",.,"A",.,"A",.,"A",.,"A",.,"A",.,"A"
"20101",2003665,65,0,"1",20,"D",.,"A",.,"A",.,"A",60,"D",.,"A",130,"D",.,"A",.,"A",.,"A",.,"A",.,"A",25,"D",.,"A",.,"A"
"20101",2003675,94,0,"1",.,"A",.,"A",.,"A",.,"A",.,"A",380,"D",.,"A",.,"A",.,"A",660,"D",0,"D",300,"D",530,"D",220,"D",.,"A"
"20101",2003695,28,0,"1",.,"A",.,"A",.,"A",.,"A",.,"A",.,"A",.,"A",.,"A",.,"A",.,"A",.,"A",.,"A",.,"A",.,"A",.,"A"
"20101",2003705,49,0,"1",.,"A",.,"A",85,"D",.,"A",.,"A",30,"D",.,"A",.,"A",.,"A",.,"A",.,"A",.,"A",44,"D",.,"A",.,"A"
"20101",2003715,35,0,"1",.,"A",.,"A",.,"A",.,"A",8,"D",.,"A",.,"A",.,"A",.,"A",.,"A",.,"A",.,"A",.,"A",.,"A",.,"A"
"20101",2003725,37,0,"1",.,"A",.,"A",.,"A",.,"A",25,"D",.,"A",.,"A",.,"A",.,"A",.,"A",.,"A",.,"A",.,"A",.,"A",.,"A"
"20101",2003735,36,0,"1",.,"A",.,"A",.,"A",.,"A",.,"A",.,"A",.,"A",.,"A",.,"A",.,"A",.,"A",.,"A",.,"A",.,"A",.,"A"
"20101",2003745,46,0,"1",.,"A",.,"A",.,"A",.,"A",.,"A",.,"A",.,"A",.,"A",.,"A",.,"A",.,"A",.,"A",15,"D",.,"A",.,"A"
"20101",2003765,47,0,"1",15,"D",.,"A",.,"A",.,"A",45,"D",.,"A",.,"A",.,"A",.,"A",.,"A",.,"A",.,"A",300,"D",.,"A",.,"A"
"20101",2003775,34,0,"1",.,"A",.,"A",.,"A",.,"A",.,"A",.,"A",.,"A",.,"A",.,"A",.,"A",.,"A",.,"A",100,"D",.,"A",.,"A"
"20101",2003795,32,0,"1",.,"A",.,"A",.,"A",.,"A",180,"D",.,"A",.,"A",.,"A",.,"A",.,"A",.,"A",.,"A",120,"D",.,"A",.,"A"
"20101",2003825,60,0,"1",.,"A",.,"A",.,"A",.,"A",.,"A",.,"A",.,"A",.,"A",.,"A",.,"A",.,"A",.,"A",75,"D",.,"A",.,"A"
"20101",2003835,33,0,"1",.,"A",.,"A",.,"A",.,"A",.,"A",.,"A",.,"A",.,"A",.,"A",0,"D",0,"D",90,"D",.,"A",0,"D",.,"A"
"20101",2003845,38,0,"1",.,"A",.,"A",.,"A",.,"A",120,"D",.,"A",.,"A",.,"A",.,"A",.,"A",.,"A",.,"A",.,"A",.,"A",.,"A"
"20101",2003885,48,0,"1",.,"A",.,"A",.,"A",.,"A",.,"A",.,"A",.,"A",.,"A",.,"A",.,"A",.,"A",.,"A",.,"A",.,"A",.,"A"
"20101",2003895,47,0,"1",.,"A",.,"A",.,"A",.,"A",.,"A",.,"A",.,"A",.,"A",.,"A",45,"D",0,"D",15,"D",.,"A",15,"D",.,"A"
"20101",2003905,52,0,"1",.,"A",.,"A",.,"A",.,"A",.,"A",.,"A",.,"A",533,"D",.,"A",.,"A",.,"A",.,"A",15,"D",.,"A",.,"A"
"20101",2003935,66,0,"1",.,"A",.,"A",.,"A",.,"A",.,"A",.,"A",.,"A",.,"A",.,"A",.,"A",.,"A",.,"A",.,"A",.,"A",.,"A"
"20101",2003975,106,0,"1",.,"A",.,"A",.,"A",.,"A",.,"A",.,"A",.,"A",.,"A",.,"A",.,"A",.,"A",.,"A",75,"D",.,"A",.,"A"
"20101",2004005,45,0,"1",.,"A",.,"A",.,"A",.,"A",.,"A",25,"D",.,"A",.,"A",.,"A",.,"A",.,"A",.,"A",.,"A",.,"A",.,"A"
"20101",2004015,41,0,"1",.,"A",.,"A",.,"A",.,"A",.,"A",.,"A",.,"A",.,"A",.,"A",.,"A",.,"A",.,"A",80,"D",.,"A",.,"A"
"20101",2004035,45,0,"1",.,"A",.,"A",.,"A",.,"A",.,"A",.,"A",.,"A",.,"A",.,"A",.,"A",.,"A",.,"A",.,"A",.,"A",.,"A"
"20101",2004045,63,0,"1",.,"A",.,"A",.,"A",.,"A",.,"A",.,"A",.,"A",169,"D",.,"A",.,"A",.,"A",.,"A",105,"F",.,"A",.,"A"
"20101",2004055,57,0,"1",.,"A",.,"A",.,"A",.,"A",.,"A",.,"A",585,"D",.,"A",.,"A",.,"A",.,"A",.,"A",15,"D",.,"A",.,"A"
"20101",2004065,34,0,"1",.,"A",.,"A",.,"A",.,"A",.,"A",.,"A",.,"A",.,"A",.,"A",.,"A",.,"A",.,"A",.,"A",.,"A",.,"A"
"20101",2004075,80,0,"1",.,"A",.,"A",.,"A",.,"A",.,"A",.,"A",.,"A",.,"A",.,"A",.,"A",.,"A",.,"A",80,"D",.,"A",.,"A"
"20101",2004085,44,0,"1",.,"A",.,"A",.,"A",.,"A",.,"A",.,"A",.,"A",.,"A",.,"A",.,"A",.,"A",.,"A",50,"D",.,"A",.,"A"
"20101",2004095,73,0,"1",.,"A",.,"A",.,"A",.,"A",.,"A",.,"A",.,"A",.,"A",.,"A",.,"A",.,"A",.,"A",.,"A",.,"A",.,"A"
"20101",2004125,62,0,"1",.,"A",.,"A",.,"A",.,"A",.,"A",.,"A",.,"A",.,"A",.,"A",.,"A",.,"A",.,"A",80,"D",.,"A",.,"A"
"20101",2004135,59,0,"1",.,"A",.,"A",.,"A",.,"A",.,"A",.,"A",247,"D",.,"A",.,"A",.,"A",.,"A",.,"A",40,"D",.,"A",.,"A"
"20101",2004145,78,0,"1",.,"A",.,"A",.,"A",.,"A",.,"A",.,"A",624,"D",.,"A",.,"A",.,"A",.,"A",.,"A",110,"D",.,"A",.,"A"
"20101",2004155,44,0,"1",.,"A",.,"A",.,"A",.,"A",.,"A",.,"A",.,"A",.,"A",.,"A",.,"A",.,"A",.,"A",.,"A",.,"A",.,"A"
"20101",2004165,66,0,"1",.,"A",.,"A",.,"A",.,"A",.,"A",.,"A",.,"A",.,"A",.,"A",.,"A",.,"A",.,"A",.,"A",.,"A",.,"A"
"20101",2004175,50,0,"1",.,"A",.,"A",.,"A",.,"A",.,"A",.,"A",.,"A",.,"A",.,"A",.,"A",.,"A",.,"A",10,"D",.,"A",.,"A"
"20101",2004185,31,0,"1",.,"A",16,"D",.,"A",.,"A",.,"A",0,"D",.,"A",.,"A",36,"D",0,"D",0,"D",120,"D",180,"D",0,"D",.,"A"
"20101",2004215,92,0,"1",.,"A",.,"A",.,"A",.,"A",.,"A",.,"A",2340,"D",.,"A",.,"A",.,"A",.,"A",.,"A",120,"D",.,"A",.,"A"
"20101",2004225,32,0,"1",.,"A",.,"A",.,"A",.,"A",.,"A",.,"A",130,"D",.,"A",.,"A",.,"A",.,"A",.,"A",15,"D",.,"A",.,"A"
"20101",2004235,40,0,"1",.,"A",.,"A",.,"A",.,"A",.,"A",.,"A",.,"A",.,"A",.,"A",.,"A",.,"A",.,"A",.,"A",.,"A",.,"A"
"20101",2004245,67,0,"1",.,"A",.,"A",.,"A",.,"A",.,"A",.,"A",.,"A",.,"A",.,"A",.,"A",.,"A",.,"A",20,"D",.,"A",.,"A"
"20101",2004255,96,0,"1",.,"A",.,"A",.,"A",.,"A",.,"A",16,"D",.,"A",.,"A",.,"A",.,"A",.,"A",.,"A",135,"D",.,"A",.,"A"
"20101",2004265,101,0,"1",.,"A",.,"A",.,"A",.,"A",.,"A",.,"A",624,"D",.,"A",9,"D",.,"A",.,"A",.,"A",.,"A",.,"A",.,"A"
"20101",2004275,78,0,"1",.,"A",.,"A",.,"A",.,"A",.,"A",.,"A",.,"A",.,"A",.,"A",.,"A",.,"A",.,"A",200,"D",.,"A",.,"A"
"20101",2004285,110,0,"1",.,"A",.,"A",.,"A",.,"A",.,"A",65,"D",.,"A",.,"A",0,"D",.,"A",.,"A",.,"A",200,"D",.,"A",.,"A"
"20101",2004295,58,0,"1",60,"D",.,"A",.,"A",.,"A",300,"D",.,"A",.,"A",.,"A",.,"A",0,"D",0,"D",120,"D",.,"A",0,"D",.,"A"
"20101",2004305,80,0,"1",.,"A",.,"A",60,"F",.,"A",.,"A",.,"A",351,"D",.,"A",30,"D",.,"A",.,"A",.,"A",80,"D",.,"A",.,"A"
"20101",2004335,88,0,"1",.,"A",.,"A",.,"A",.,"A",.,"A",25,"D",650,"D",325,"D",18,"D",.,"A",.,"A",.,"A",.,"A",.,"A",.,"A"
"20101",2004355,51,0,"1",.,"A",.,"A",.,"A",.,"A",.,"A",.,"A",.,"A",.,"A",.,"A",.,"A",.,"A",.,"A",.,"A",.,"A",.,"A"
"20101",2004365,44,0,"1",.,"A",.,"A",.,"A",.,"A",.,"A",.,"A",.,"A",.,"A",.,"A",.,"A",.,"A",.,"A",45,"D",.,"A",.,"A"
"20101",2004385,60,0,"1",.,"A",.,"A",.,"A",.,"A",.,"A",.,"A",.,"A",.,"A",.,"A",.,"A",.,"A",.,"A",20,"D",.,"A",.,"A"
"20101",2004395,46,0,"1",.,"A",.,"A",.,"A",.,"A",.,"A",.,"A",.,"A",.,"A",15,"D",.,"A",.,"A",.,"A",40,"D",.,"A",.,"A"
"20101",2004445,66,0,"1",.,"A",.,"A",.,"A",.,"A",.,"A",.,"A",.,"A",.,"A",6,"D",.,"A",.,"A",.,"A",12,"D",.,"A",.,"A"
"20101",2004455,61,0,"1",10,"D",.,"A",.,"A",.,"A",0,"D",.,"A",.,"A",.,"A",.,"A",.,"A",.,"A",.,"A",70,"D",.,"A",.,"A"
"20101",2004465,66,0,"1",.,"A",.,"A",.,"A",21,"D",.,"A",.,"A",.,"A",.,"A",.,"A",.,"A",.,"A",.,"A",.,"A",.,"A",.,"A"
"20101",2004485,67,0,"1",.,"A",.,"A",.,"A",.,"A",.,"A",.,"A",.,"A",.,"A",150,"F",.,"A",.,"A",.,"A",30,"F",.,"A",.,"A"
"20101",2004495,37,0,"1",.,"A",.,"A",.,"A",.,"A",.,"A",.,"A",.,"A",.,"A",.,"A",.,"A",.,"A",.,"A",35,"D",.,"A",.,"A"
"20101",2004505,34,0,"1",.,"A",.,"A",.,"A",.,"A",90,"D",.,"A",.,"A",.,"A",.,"A",.,"A",.,"A",.,"A",20,"D",.,"A",.,"A"
"20101",2004525,54,0,"1",.,"A",.,"A",.,"A",.,"A",.,"A",.,"A",.,"A",.,"A",.,"A",.,"A",.,"A",.,"A",120,"D",.,"A",.,"A"
"20101",2004535,70,0,"1",.,"A",.,"A",.,"A",.,"A",.,"A",.,"A",.,"A",.,"A",.,"A",.,"A",.,"A",.,"A",200,"D",.,"A",.,"A"
"20101",2004545,42,0,"1",.,"A",.,"A",.,"A",.,"A",.,"A",.,"A",.,"A",.,"A",.,"A",.,"A",.,"A",.,"A",.,"A",.,"A",.,"A"
"20101",2004555,51,0,"1",.,"A",.,"A",.,"A",.,"A",.,"A",.,"A",.,"A",.,"A",.,"A",.,"A",.,"A",.,"A",.,"A",.,"A",.,"A"
"20101",2004575,46,0,"1",.,"A",.,"A",.,"A",.,"A",.,"A",.,"A",.,"A",.,"A",.,"A",.,"A",.,"A",.,"A",.,"A",.,"A",.,"A"
"20101",2004585,58,0,"1",.,"A",.,"A",.,"A",.,"A",.,"A",.,"A",.,"A",.,"A",.,"A",.,"A",.,"A",.,"A",105,"D",.,"A",.,"A"
"20101",2004595,93,0,"1",.,"A",.,"A",.,"A",.,"A",.,"A",.,"A",.,"A",.,"A",30,"D",.,"A",.,"A",.,"A",260,"D",.,"A",.,"A"
"20101",2004605,43,0,"1",.,"A",.,"A",.,"A",.,"A",.,"A",.,"A",.,"A",.,"A",.,"A",.,"A",.,"A",.,"A",5,"D",.,"A",.,"A"
"20101",2004615,41,0,"1",.,"A",.,"A",.,"A",.,"A",.,"A",.,"A",.,"A",.,"A",.,"A",.,"A",.,"A",.,"A",100,"D",.,"A",.,"A"
"20101",2004625,61,0,"1",.,"A",.,"A",.,"A",.,"A",.,"A",80,"D",.,"A",.,"A",.,"A",.,"A",.,"A",.,"A",70,"D",.,"A",.,"A"
"20101",2004635,55,0,"1",.,"A",.,"A",.,"A",.,"A",.,"A",.,"A",.,"A",.,"A",.,"A",.,"A",.,"A",.,"A",.,"A",.,"A",.,"A"
"20101",2004645,60,0,"1",.,"A",.,"A",80,"D",130,"D",.,"A",150,"D",.,"A",.,"A",30,"D",.,"A",.,"A",.,"A",.,"A",.,"A",.,"A"
"20101",2004665,68,0,"1",.,"A",.,"A",.,"A",.,"A",.,"A",.,"A",.,"A",520,"D",.,"A",.,"A",.,"A",.,"A",120,"D",.,"A",.,"A"
"20101",2004675,71,0,"1",.,"A",.,"A",.,"A",.,"A",.,"A",.,"A",.,"A",.,"A",6,"F",.,"A",.,"A",.,"A",.,"A",.,"A",.,"A"
"20101",2004695,84,0,"1",.,"A",.,"A",.,"A",.,"A",.,"A",.,"A",.,"A",.,"A",.,"A",.,"A",.,"A",.,"A",140,"D",.,"A",.,"A"
"20101",2004705,81,0,"1",.,"A",.,"A",.,"A",.,"A",.,"A",.,"A",195,"D",.,"A",.,"A",.,"A",.,"A",.,"A",18,"D",.,"A",.,"A"
"20101",2004745,48,0,"1",0,"F",.,"A",.,"A",.,"A",80,"F",.,"A",650,"D",.,"A",.,"A",.,"A",.,"A",.,"A",15,"D",.,"A",.,"A"
"20101",2004755,116,0,"1",.,"A",.,"A",.,"A",.,"A",25,"D",.,"A",.,"A",.,"A",21,"D",.,"A",.,"A",.,"A",260,"D",.,"A",.,"A"
"20101",2004765,61,0,"1",.,"A",.,"A",.,"A",.,"A",.,"A",.,"A",1638,"D",.,"A",.,"A",.,"A",.,"A",.,"A",.,"A",.,"A",.,"A"
"20101",2004775,54,0,"1",.,"A",.,"A",.,"A",.,"A",.,"A",.,"A",.,"A",.,"A",.,"A",.,"A",.,"A",.,"A",45,"D",.,"A",.,"A"
"20101",2004795,65,0,"1",.,"A",.,"A",.,"A",.,"A",.,"A",.,"A",.,"A",.,"A",.,"A",.,"A",.,"A",.,"A",.,"A",.,"A",.,"A"
"20101",2004805,48,0,"1",.,"A",.,"A",.,"A",.,"A",.,"A",.,"A",.,"A",.,"A",.,"A",.,"A",.,"A",.,"A",22,"D",.,"A",.,"A"
"20101",2004815,27,0,"1",.,"A",.,"A",.,"A",.,"A",.,"A",.,"A",.,"A",.,"A",.,"A",.,"A",.,"A",.,"A",.,"A",.,"A",.,"A"
"20101",2004835,70,0,"1",.,"A",.,"A",.,"A",.,"A",.,"A",.,"A",.,"A",.,"A",.,"A",.,"A",.,"A",.,"A",234,"D",.,"A",.,"A"
"20101",2004855,91,0,"1",.,"A",.,"A",.,"A",.,"A",.,"A",.,"A",.,"A",.,"A",.,"A",.,"A",.,"A",.,"A",170,"D",.,"A",.,"A"
"20101",2004885,83,0,"1",.,"A",60,"D",50,"D",.,"A",.,"A",0,"D",.,"A",.,"A",90,"D",.,"A",.,"A",.,"A",52,"D",.,"A",.,"A"
"20101",2004895,54,0,"1",.,"A",.,"A",.,"A",.,"A",.,"A",.,"A",.,"A",.,"A",.,"A",.,"A",.,"A",.,"A",20,"D",.,"A",.,"A"
"20101",2004905,55,0,"1",.,"A",.,"A",.,"A",.,"A",.,"A",.,"A",.,"A",.,"A",.,"A",.,"A",.,"A",.,"A",.,"A",.,"A",.,"A"
"20101",2004935,46,0,"1",.,"A",.,"A",.,"A",.,"A",.,"A",.,"A",.,"A",.,"A",.,"A",.,"A",.,"A",.,"A",24,"D",.,"A",.,"A"
"20101",2004955,96,0,"1",.,"A",.,"A",.,"A",.,"A",.,"A",.,"A",.,"A",.,"A",30,"D",.,"A",.,"A",.,"A",356,"D",.,"A",.,"A"
"20101",2004995,60,0,"1",.,"A",.,"A",.,"A",.,"A",.,"A",.,"A",364,"D",.,"A",75,"D",.,"A",.,"A",.,"A",.,"A",.,"A",.,"A"
"20101",2005005,30,0,"1",.,"A",.,"A",.,"A",.,"A",.,"A",.,"A",.,"A",.,"A",.,"A",.,"A",.,"A",.,"A",216,"D",.,"A",.,"A"
"20101",2005015,61,0,"1",.,"A",.,"A",.,"A",.,"A",.,"A",.,"A",.,"A",.,"A",.,"A",.,"A",.,"A",.,"A",75,"D",.,"A",.,"A"
"20101",2005055,125,0,"1",.,"A",.,"A",.,"A",.,"A",.,"A",150,"D",.,"A",.,"A",.,"A",.,"A",.,"A",.,"A",210,"D",.,"A",.,"A"
"20101",2005065,35,0,"1",.,"A",.,"A",.,"A",.,"A",.,"A",.,"A",.,"A",.,"A",.,"A",.,"A",.,"A",.,"A",88,"D",.,"A",.,"A"
"20101",2005075,60,0,"1",.,"A",.,"A",.,"A",.,"A",.,"A",.,"A",.,"A",.,"A",.,"A",.,"A",.,"A",.,"A",30,"D",.,"A",.,"A"
"20101",2005085,46,0,"1",.,"A",.,"A",.,"A",.,"A",.,"A",.,"A",.,"A",.,"A",.,"A",.,"A",.,"A",.,"A",.,"A",.,"A",.,"A"
"20101",2005095,53,0,"1",.,"A",.,"A",.,"A",.,"A",.,"A",.,"A",.,"A",.,"A",.,"A",.,"A",.,"A",.,"A",750,"D",.,"A",.,"A"
"20101",2005115,79,0,"1",.,"A",.,"A",.,"A",.,"A",.,"A",.,"A",390,"D",520,"D",30,"D",.,"A",.,"A",.,"A",.,"A",.,"A",.,"A"
"20101",2005135,52,0,"1",.,"A",.,"A",.,"A",.,"A",.,"A",.,"A",.,"A",.,"A",.,"A",.,"A",.,"A",.,"A",300,"D",.,"A",.,"A"
"20101",2005145,35,0,"1",.,"A",.,"A",.,"A",.,"A",.,"A",.,"A",.,"A",.,"A",.,"A",.,"A",.,"A",.,"A",.,"A",.,"A",.,"A"
"20101",2005155,66,0,"1",50,"D",.,"A",.,"A",.,"A",210,"D",.,"A",78,"D",.,"A",.,"A",.,"A",.,"A",.,"A",.,"A",.,"A",.,"A"
"20101",2005165,68,0,"1",.,"A",.,"A",10,"D",.,"A",.,"A",.,"A",.,"A",.,"A",9,"D",.,"A",.,"A",.,"A",60,"D",.,"A",.,"A"
"20101",2005195,75,0,"1",.,"A",.,"A",.,"A",.,"A",.,"A",.,"A",.,"A",39,"D",.,"A",.,"A",.,"A",.,"A",26,"D",.,"A",.,"A"
"20101",2005215,66,0,"1",.,"A",.,"A",.,"A",.,"A",.,"A",.,"A",.,"A",.,"A",.,"A",.,"A",.,"A",.,"A",.,"A",.,"A",.,"A"
"20101",2005235,84,0,"1",.,"A",.,"A",.,"A",.,"A",.,"A",60,"D",156,"D",.,"A",.,"A",.,"A",.,"A",.,"A",300,"D",.,"A",.,"A"
"20101",2005255,41,0,"1",.,"A",.,"A",75,"D",.,"A",50,"D",.,"A",.,"A",.,"A",.,"A",60,"D",0,"D",0,"D",.,"A",20,"D",.,"A"
"20101",2005275,32,0,"1",.,"A",.,"A",.,"A",.,"A",.,"A",.,"A",.,"A",.,"A",.,"A",.,"A",.,"A",.,"A",.,"A",.,"A",.,"A"
"20101",2005295,89,0,"1",.,"A",.,"A",.,"A",.,"A",.,"A",20,"D",.,"A",.,"A",.,"A",.,"A",.,"A",.,"A",200,"D",.,"A",.,"A"
"20101",2005345,45,0,"1",.,"A",.,"A",.,"A",.,"A",.,"A",.,"A",260,"D",.,"A",.,"A",240,"D",0,"D",0,"D",.,"A",80,"D",.,"A"
"20101",2005355,47,0,"1",.,"A",.,"A",.,"A",.,"A",.,"A",.,"A",.,"A",.,"A",.,"A",.,"A",.,"A",.,"A",40,"D",.,"A",.,"A"
"20101",2005365,38,0,"1",20,"D",.,"A",.,"A",.,"A",30,"D",.,"A",.,"A",.,"A",.,"A",.,"A",.,"A",.,"A",30,"D",.,"A",.,"A"
"20101",2005385,46,0,"1",.,"A",.,"A",.,"A",.,"A",.,"A",.,"A",.,"A",.,"A",.,"A",.,"A",.,"A",.,"A",.,"A",.,"A",.,"A"
"20101",2005395,44,0,"1",.,"A",.,"A",.,"A",.,"A",.,"A",120,"D",.,"A",.,"A",.,"A",.,"A",.,"A",.,"A",210,"D",.,"A",.,"A"
"20101",2005405,91,0,"1",.,"A",.,"A",.,"A",.,"A",.,"A",.,"A",.,"A",.,"A",.,"A",.,"A",.,"A",.,"A",250,"D",.,"A",.,"A"
"20101",2005435,29,0,"1",.,"A",.,"A",.,"A",.,"A",75,"D",.,"A",.,"A",.,"A",.,"A",.,"A",.,"A",.,"A",.,"A",.,"A",.,"A"
"20101",2005445,63,0,"1",.,"A",.,"A",.,"A",.,"A",.,"A",.,"A",.,"A",.,"A",.,"A",.,"A",.,"A",.,"A",65,"D",.,"A",.,"A"
"20101",2005455,61,0,"1",.,"A",.,"A",.,"A",.,"A",.,"A",.,"A",.,"A",.,"A",.,"A",.,"A",.,"A",.,"A",.,"A",.,"A",.,"A"
"20101",2005465,98,0,"1",.,"A",.,"A",.,"A",.,"A",.,"A",250,"D",.,"A",.,"A",.,"A",.,"A",.,"A",.,"A",110,"D",.,"A",.,"A"
"20101",2005485,82,0,"1",.,"A",.,"A",.,"A",.,"A",.,"A",.,"A",65,"D",.,"A",.,"A",.,"A",.,"A",.,"A",.,"A",.,"A",.,"A"
"20101",2005505,46,0,"1",.,"A",.,"A",.,"A",.,"A",.,"A",.,"A",455,"D",.,"A",.,"A",.,"A",.,"A",.,"A",40,"D",.,"A",.,"A"
"20101",2005535,63,0,"1",.,"A",.,"A",.,"A",.,"A",.,"A",.,"A",.,"A",.,"A",.,"A",.,"A",.,"A",.,"A",35,"D",.,"A",.,"A"
"20101",2005545,72,0,"1",.,"A",.,"A",.,"A",.,"A",.,"A",180,"D",.,"A",.,"A",.,"A",.,"A",.,"A",.,"A",60,"D",.,"A",.,"A"
"20101",2005555,65,0,"1",.,"A",.,"A",.,"A",.,"A",.,"A",28,"D",.,"A",.,"A",.,"A",.,"A",.,"A",.,"A",32,"D",.,"A",.,"A"
"20101",2005565,92,0,"1",.,"A",.,"A",.,"A",.,"A",.,"A",.,"A",.,"A",.,"A",.,"A",.,"A",.,"A",.,"A",30,"D",.,"A",.,"A"
"20101",2005575,52,0,"1",.,"A",.,"A",.,"A",200,"D",.,"A",.,"A",.,"A",.,"A",.,"A",.,"A",.,"A",.,"A",.,"A",.,"A",.,"A"
"20101",2005595,44,0,"1",.,"A",.,"A",.,"A",.,"A",.,"A",.,"A",.,"A",.,"A",.,"A",.,"A",.,"A",.,"A",.,"A",.,"A",.,"A"
"20101",2005615,73,0,"1",.,"A",.,"A",.,"A",.,"A",.,"A",.,"A",.,"A",.,"A",.,"A",.,"A",.,"A",.,"A",32,"D",.,"A",.,"A"
"20101",2005625,29,0,"1",.,"A",.,"A",.,"A",.,"A",.,"A",.,"A",.,"A",.,"A",.,"A",0,"D",0,"D",60,"D",20,"D",0,"D",.,"A"
"20101",2005635,70,0,"1",.,"A",.,"A",.,"A",.,"A",.,"A",.,"A",455,"D",.,"A",0,"D",.,"A",.,"A",.,"A",40,"D",.,"A",.,"A"
"20101",2005645,71,0,"1",.,"A",.,"A",.,"A",.,"A",.,"A",.,"A",.,"A",.,"A",.,"A",.,"A",.,"A",.,"A",.,"A",.,"A",.,"A"
"20101",2005675,77,0,"1",.,"A",.,"A",.,"A",.,"A",.,"A",.,"A",.,"A",.,"A",.,"A",.,"A",.,"A",.,"A",90,"D",.,"A",.,"A"
"20101",2005685,67,0,"1",.,"A",.,"A",.,"A",.,"A",.,"A",.,"A",.,"A",.,"A",39,"D",.,"A",.,"A",.,"A",.,"A",.,"A",.,"A"
"20101",2005705,43,0,"1",.,"A",.,"A",.,"A",.,"A",.,"A",.,"A",.,"A",.,"A",.,"A",.,"A",.,"A",.,"A",.,"A",.,"A",.,"A"
"20101",2005715,41,0,"1",.,"A",.,"A",.,"A",.,"A",.,"A",.,"A",.,"A",.,"A",.,"A",.,"A",.,"A",.,"A",120,"D",.,"A",.,"A"
"20101",2005745,38,0,"1",.,"A",.,"A",.,"A",.,"A",20,"D",10,"D",.,"A",.,"A",.,"A",.,"A",.,"A",.,"A",25,"D",.,"A",.,"A"
"20101",2005755,50,0,"1",.,"A",.,"A",52,"D",.,"A",.,"A",.,"A",390,"D",.,"A",.,"A",.,"A",.,"A",.,"A",.,"A",.,"A",.,"A"
"20101",2005775,50,0,"1",.,"A",.,"A",.,"A",.,"A",.,"A",.,"A",.,"A",.,"A",.,"A",.,"A",.,"A",.,"A",120,"D",.,"A",.,"A"
"20101",2005795,54,0,"1",.,"A",.,"A",.,"A",.,"A",.,"A",.,"A",130,"D",.,"A",.,"A",.,"A",.,"A",.,"A",15,"D",.,"A",.,"A"
"20101",2005815,65,0,"1",.,"A",.,"A",.,"A",.,"A",60,"D",.,"A",.,"A",.,"A",21,"D",.,"A",.,"A",.,"A",15,"D",.,"A",.,"A"
"20101",2005825,33,0,"1",.,"A",.,"A",.,"A",.,"A",.,"A",.,"A",.,"A",.,"A",.,"A",.,"A",.,"A",.,"A",.,"A",.,"A",.,"A"
"20101",2005845,55,0,"1",.,"A",.,"A",.,"A",10,"D",.,"A",14,"D",.,"A",.,"A",.,"A",0,"D",0,"D",24,"D",60,"D",0,"D",.,"A"
"20101",2005875,78,0,"1",.,"A",.,"A",.,"A",.,"A",.,"A",.,"A",.,"A",.,"A",.,"A",.,"A",.,"A",.,"A",.,"A",.,"A",.,"A"
"20101",2005905,60,0,"1",.,"A",.,"A",.,"A",.,"A",.,"A",.,"A",.,"A",.,"A",.,"A",.,"A",.,"A",.,"A",150,"D",.,"A",.,"A"
"20101",2005935,28,0,"1",30,"D",.,"A",.,"A",35,"D",80,"D",50,"D",.,"A",.,"A",.,"A",525,"D",0,"D",0,"D",135,"D",175,"D",.,"A"
"20101",2005945,37,0,"1",.,"A",.,"A",.,"A",.,"A",.,"A",200,"D",650,"D",.,"A",120,"D",.,"A",.,"A",.,"A",.,"A",.,"A",.,"A"
"20101",2005965,79,0,"1",.,"A",.,"A",.,"A",.,"A",.,"A",130,"D",.,"A",.,"A",.,"A",615,"D",0,"D",180,"D",30,"D",205,"D",.,"A"
"20101",2006005,75,0,"1",.,"A",.,"A",50,"D",.,"A",15,"D",.,"A",.,"A",.,"A",.,"A",.,"A",.,"A",.,"A",225,"D",.,"A",.,"A"
"20101",2006015,90,0,"1",.,"A",.,"A",.,"A",.,"A",.,"A",72,"D",.,"A",.,"A",.,"A",.,"A",.,"A",.,"A",553,"D",.,"A",.,"A"
"20101",2006035,49,0,"1",.,"A",.,"A",.,"A",.,"A",.,"A",.,"A",819,"D",.,"A",.,"A",.,"A",.,"A",.,"A",.,"A",.,"A",.,"A"
"20101",2006045,49,0,"1",.,"A",.,"A",.,"A",40,"D",.,"A",.,"A",.,"A",.,"A",.,"A",.,"A",.,"A",.,"A",130,"D",.,"A",.,"A"
"20101",2006055,36,0,"1",.,"A",.,"A",.,"A",.,"A",.,"A",.,"A",.,"A",.,"A",.,"A",.,"A",.,"A",.,"A",30,"D",.,"A",.,"A"
"20101",2006075,63,0,"1",.,"A",.,"A",.,"A",.,"A",.,"A",.,"A",.,"A",.,"A",.,"A",.,"A",.,"A",.,"A",145,"D",.,"A",.,"A"
"20101",2006085,44,0,"1",.,"A",.,"A",.,"A",.,"A",80,"D",.,"A",.,"A",.,"A",.,"A",.,"A",.,"A",.,"A",125,"D",.,"A",.,"A"
"20101",2006115,64,0,"1",.,"A",26,"D",.,"A",.,"A",.,"A",0,"D",.,"A",.,"A",.,"A",.,"A",.,"A",.,"A",97,"D",.,"A",.,"A"
"20101",2006145,37,0,"1",16,"D",.,"A",.,"A",.,"A",44,"D",.,"A",.,"A",.,"A",.,"A",6,"D",0,"D",0,"D",.,"A",2,"D",.,"A"
"20101",2006165,61,0,"1",.,"A",.,"A",.,"A",.,"A",.,"A",160,"D",.,"A",.,"A",.,"A",.,"A",.,"A",.,"A",.,"A",.,"A",.,"A"
"20101",2006195,114,0,"1",.,"A",.,"A",.,"A",.,"A",.,"A",180,"D",.,"A",.,"A",.,"A",.,"A",.,"A",.,"A",170,"D",.,"A",.,"A"
"20101",2006205,54,0,"1",.,"A",.,"A",.,"A",.,"A",.,"A",200,"D",.,"A",.,"A",.,"A",.,"A",.,"A",.,"A",450,"D",.,"A",.,"A"
"20101",2006225,72,0,"1",.,"A",.,"A",.,"A",.,"A",.,"A",.,"A",.,"A",.,"A",.,"A",.,"A",.,"A",.,"A",150,"D",.,"A",.,"A"
"20101",2006235,37,0,"1",.,"A",.,"A",.,"A",.,"A",.,"A",.,"A",.,"A",.,"A",.,"A",.,"A",.,"A",.,"A",270,"D",.,"A",.,"A"
"20101",2006245,67,0,"1",.,"A",.,"A",.,"A",.,"A",.,"A",.,"A",234,"D",.,"A",30,"D",.,"A",.,"A",.,"A",.,"A",.,"A",.,"A"
"20101",2006265,32,0,"1",6,"D",.,"A",.,"A",.,"A",12,"D",.,"A",.,"A",.,"A",.,"A",0,"D",0,"D",36,"D",.,"A",0,"D",.,"A"
"20101",2006285,39,0,"1",.,"A",.,"A",.,"A",.,"A",130,"D",.,"A",.,"A",.,"A",.,"A",.,"A",.,"A",.,"A",8,"D",.,"A",.,"A"
"20101",2006295,39,0,"1",.,"A",.,"A",.,"A",.,"A",.,"A",.,"A",.,"A",.,"A",.,"A",.,"A",.,"A",.,"A",40,"D",.,"A",.,"A"
"20101",2006305,36,0,"1",.,"A",.,"A",.,"A",.,"A",.,"A",.,"A",325,"D",.,"A",.,"A",.,"A",.,"A",.,"A",.,"A",.,"A",.,"A"
"20101",2006315,38,0,"1",.,"A",.,"A",.,"A",.,"A",.,"A",.,"A",.,"A",.,"A",.,"A",.,"A",.,"A",.,"A",.,"A",.,"A",.,"A"
"20101",2006325,45,0,"1",.,"A",.,"A",.,"A",.,"A",.,"A",.,"A",.,"A",.,"A",.,"A",.,"A",.,"A",.,"A",30,"D",.,"A",.,"A"
"20101",2006335,46,0,"1",.,"A",.,"A",.,"A",21,"D",.,"A",.,"A",.,"A",.,"A",.,"A",.,"A",.,"A",.,"A",393,"D",.,"A",.,"A"
"20101",2006365,46,0,"1",.,"A",.,"A",.,"A",.,"A",.,"A",.,"A",.,"A",.,"A",.,"A",.,"A",.,"A",.,"A",36,"D",.,"A",.,"A"
"20101",2006375,30,0,"1",.,"A",.,"A",.,"A",.,"A",.,"A",30,"D",78,"D",.,"A",.,"A",.,"A",.,"A",.,"A",150,"D",.,"A",.,"A"
"20101",2006385,42,0,"1",.,"A",.,"A",.,"A",.,"A",.,"A",.,"A",520,"D",.,"A",.,"A",.,"A",.,"A",.,"A",.,"A",.,"A",.,"A"
"20101",2006405,53,0,"1",.,"A",.,"A",.,"A",.,"A",.,"A",.,"A",585,"D",.,"A",36,"D",.,"A",.,"A",.,"A",60,"D",.,"A",.,"A"
"20101",2006425,44,0,"1",.,"A",.,"A",.,"A",.,"A",.,"A",.,"A",.,"A",.,"A",30,"F",.,"A",.,"A",.,"A",.,"A",.,"A",.,"A"
"20101",2006455,48,0,"1",.,"A",.,"A",.,"A",.,"A",.,"A",.,"A",.,"A",.,"A",.,"A",.,"A",.,"A",.,"A",.,"A",.,"A",.,"A"
"20101",2006465,53,0,"1",.,"A",.,"A",.,"A",.,"A",.,"A",.,"A",390,"D",.,"A",.,"A",.,"A",.,"A",.,"A",35,"D",.,"A",.,"A"
"20101",2006475,58,0,"1",.,"A",.,"A",.,"A",.,"A",.,"A",.,"A",260,"D",.,"A",.,"A",.,"A",.,"A",.,"A",200,"D",.,"A",.,"A"
"20101",2006515,28,0,"1",.,"A",.,"A",.,"A",.,"A",.,"A",.,"A",.,"A",.,"A",.,"A",.,"A",.,"A",.,"A",.,"A",.,"A",.,"A"
"20101",2006545,32,0,"1",.,"A",.,"A",.,"A",.,"A",.,"A",.,"A",.,"A",.,"A",.,"A",.,"A",.,"A",.,"A",.,"A",.,"A",.,"A"
"20101",2006555,49,0,"1",.,"A",.,"A",.,"A",.,"A",.,"A",.,"A",.,"A",.,"A",.,"A",.,"A",.,"A",.,"A",.,"A",.,"A",.,"A"
"20101",2006575,45,0,"1",.,"A",.,"A",.,"A",.,"A",.,"A",.,"A",325,"D",.,"A",.,"A",.,"A",.,"A",.,"A",.,"A",.,"A",.,"A"
"20101",2006585,62,0,"1",15,"D",.,"A",.,"A",.,"A",285,"D",.,"A",715,"D",.,"A",.,"A",.,"A",.,"A",.,"A",.,"A",.,"A",.,"A"
"20101",2006595,54,0,"1",.,"A",.,"A",.,"A",.,"A",.,"A",.,"A",.,"A",.,"A",.,"A",.,"A",.,"A",.,"A",80,"D",.,"A",.,"A"
"20101",2006605,53,0,"1",.,"A",.,"A",.,"A",.,"A",40,"D",.,"A",.,"A",.,"A",.,"A",.,"A",.,"A",.,"A",45,"D",.,"A",.,"A"
"20101",2006615,69,0,"1",.,"A",.,"A",40,"D",.,"A",.,"A",.,"A",.,"A",.,"A",.,"A",.,"A",.,"A",.,"A",60,"D",.,"A",.,"A"
"20101",2006625,64,0,"1",.,"A",.,"A",.,"A",.,"A",.,"A",.,"A",.,"A",.,"A",.,"A",.,"A",.,"A",.,"A",158,"D",.,"A",.,"A"
"20101",2006645,82,0,"1",10,"D",.,"A",.,"A",.,"A",10,"D",.,"A",.,"A",.,"A",.,"A",.,"A",.,"A",.,"A",30,"D",.,"A",.,"A"
"20101",2006655,60,0,"1",.,"A",.,"A",.,"A",.,"A",.,"A",75,"D",.,"A",.,"A",.,"A",.,"A",.,"A",.,"A",.,"A",.,"A",.,"A"
"20101",2006675,28,0,"1",4,"D",.,"A",.,"A",.,"A",11,"D",.,"A",.,"A",.,"A",.,"A",.,"A",.,"A",.,"A",.,"A",.,"A",.,"A"
"20101",2006685,43,0,"1",.,"A",.,"A",.,"A",.,"A",.,"A",.,"A",520,"D",.,"A",.,"A",.,"A",.,"A",.,"A",.,"A",.,"A",.,"A"
"20101",2006715,95,0,"1",.,"A",.,"A",.,"A",.,"A",.,"A",.,"A",481,"D",26,"D",.,"A",.,"A",.,"A",.,"A",90,"D",.,"A",.,"A"
"20101",2006725,38,0,"1",.,"A",.,"A",.,"A",300,"D",.,"A",.,"A",.,"A",.,"A",.,"A",267,"D",0,"D",0,"D",160,"D",89,"D",.,"A"
"20101",2006735,48,0,"1",.,"A",.,"A",.,"A",.,"A",.,"A",.,"A",.,"A",.,"A",.,"A",.,"A",.,"A",.,"A",52,"D",.,"A",.,"A"
"20101",2006745,59,0,"1",.,"A",.,"A",.,"A",.,"A",.,"A",.,"A",.,"A",.,"A",.,"A",.,"A",.,"A",.,"A",30,"D",.,"A",.,"A"
"20101",2006775,56,0,"1",.,"A",.,"A",.,"A",.,"A",.,"A",.,"A",.,"A",.,"A",.,"A",.,"A",.,"A",.,"A",120,"D",.,"A",.,"A"
"20101",2006785,62,0,"1",.,"A",.,"A",.,"A",.,"A",.,"A",.,"A",.,"A",.,"A",.,"A",.,"A",.,"A",.,"A",420,"F",.,"A",.,"A"
"20101",2006815,40,0,"1",.,"A",.,"A",.,"A",.,"A",.,"A",.,"A",325,"D",.,"A",24,"D",.,"A",.,"A",.,"A",.,"A",.,"A",.,"A"
"20101",2006835,48,0,"1",.,"A",.,"A",.,"A",.,"A",.,"A",.,"A",195,"D",.,"A",.,"A",.,"A",.,"A",.,"A",.,"A",.,"A",.,"A"
"20101",2006845,58,0,"1",.,"A",.,"A",.,"A",.,"A",.,"A",15,"D",.,"A",.,"A",.,"A",.,"A",.,"A",.,"A",40,"D",.,"A",.,"A"
"20101",2006865,68,0,"1",.,"A",.,"A",.,"A",.,"A",.,"A",.,"A",.,"A",.,"A",.,"A",.,"A",.,"A",.,"A",.,"A",.,"A",.,"A"
"20101",2006875,49,0,"1",.,"A",.,"A",.,"A",.,"A",.,"A",.,"A",.,"A",.,"A",.,"A",.,"A",.,"A",.,"A",400,"D",.,"A",.,"A"
"20101",2006905,56,0,"1",.,"A",.,"A",.,"A",.,"A",.,"A",80,"D",.,"A",.,"A",.,"A",.,"A",.,"A",.,"A",160,"F",.,"A",.,"A"
"20101",2006935,58,0,"1",.,"A",.,"A",.,"A",75,"D",.,"A",70,"D",273,"D",.,"A",.,"A",.,"A",.,"A",.,"A",300,"D",.,"A",.,"A"
"20101",2006945,70,0,"1",.,"A",.,"A",.,"A",.,"A",.,"A",30,"D",.,"A",.,"A",30,"D",.,"A",.,"A",.,"A",90,"D",.,"A",.,"A"
"20101",2006965,87,0,"1",.,"A",.,"A",.,"A",.,"A",.,"A",150,"D",.,"A",.,"A",.,"A",.,"A",.,"A",.,"A",450,"D",.,"A",.,"A"
"20101",2006975,46,0,"1",.,"A",.,"A",.,"A",.,"A",.,"A",.,"A",.,"A",.,"A",.,"A",.,"A",.,"A",.,"A",.,"A",.,"A",.,"A"
"20101",2006985,56,0,"1",.,"A",.,"A",.,"A",.,"A",.,"A",.,"A",.,"A",.,"A",.,"A",.,"A",.,"A",.,"A",60,"D",.,"A",.,"A"
"20101",2007005,52,0,"1",.,"A",.,"A",.,"A",.,"A",.,"A",.,"A",13,"D",.,"A",.,"A",.,"A",.,"A",.,"A",19,"D",.,"A",.,"A"
"20101",2007015,68,0,"1",.,"A",.,"A",.,"A",.,"A",.,"A",.,"A",286,"D",.,"A",.,"A",.,"A",.,"A",.,"A",.,"A",.,"A",.,"A"
"20101",2007025,43,0,"1",.,"A",.,"A",.,"A",.,"A",.,"A",.,"A",.,"A",.,"A",.,"A",.,"A",.,"A",.,"A",.,"A",.,"A",.,"A"
"20101",2007035,36,0,"1",.,"A",.,"A",.,"A",.,"A",.,"A",.,"A",.,"A",.,"A",.,"A",.,"A",.,"A",.,"A",.,"A",.,"A",.,"A"
"20101",2007045,25,0,"1",.,"A",.,"A",.,"A",.,"A",120,"D",.,"A",.,"A",.,"A",.,"A",.,"A",.,"A",.,"A",.,"A",.,"A",.,"A"
"20101",2007085,44,0,"1",.,"A",.,"A",.,"A",.,"A",.,"A",.,"A",.,"A",.,"A",.,"A",.,"A",.,"A",.,"A",.,"A",.,"A",.,"A"
"20101",2007095,48,0,"1",.,"A",.,"A",.,"A",.,"A",.,"A",.,"A",260,"D",.,"A",.,"A",.,"A",.,"A",.,"A",.,"A",.,"A",.,"A"
"20101",2007125,43,0,"1",.,"A",.,"A",.,"A",.,"A",.,"A",.,"A",.,"A",.,"A",.,"A",.,"A",.,"A",.,"A",.,"A",.,"A",.,"A"
"20101",2007145,107,0,"1",.,"A",.,"A",.,"A",.,"A",.,"A",30,"D",.,"A",.,"A",.,"A",.,"A",.,"A",.,"A",280,"D",.,"A",.,"A"
"20101",2007155,33,0,"1",.,"A",.,"A",.,"A",.,"A",140,"D",.,"A",208,"D",.,"A",.,"A",30,"D",0,"D",30,"D",.,"A",10,"D",30,"D"
"20101",2007175,74,0,"1",.,"A",.,"A",.,"A",.,"A",.,"A",.,"A",.,"A",.,"A",.,"A",.,"A",.,"A",.,"A",80,"D",.,"A",.,"A"
"20101",2007185,111,0,"1",.,"A",.,"A",.,"A",.,"A",.,"A",.,"A",.,"A",.,"A",.,"A",.,"A",.,"A",.,"A",40,"D",.,"A",.,"A"
"20101",2007195,53,0,"1",20,"D",.,"A",.,"A",.,"A",100,"D",.,"A",195,"D",.,"A",.,"A",.,"A",.,"A",.,"A",.,"A",.,"A",.,"A"
"20101",2007205,83,0,"1",.,"A",.,"A",.,"A",.,"A",.,"A",.,"A",.,"A",.,"A",30,"D",.,"A",.,"A",.,"A",120,"D",.,"A",.,"A"
"20101",2007225,50,0,"1",.,"A",.,"A",.,"A",.,"A",.,"A",.,"A",.,"A",.,"A",.,"A",.,"A",.,"A",.,"A",.,"A",.,"A",.,"A"
"20101",2007235,55,0,"1",.,"A",.,"A",.,"A",.,"A",.,"A",.,"A",1040,"D",.,"A",.,"A",.,"A",.,"A",.,"A",13,"D",.,"A",.,"A"
"20101",2007245,57,0,"1",.,"A",.,"A",.,"A",.,"A",30,"D",12,"D",.,"A",.,"A",.,"A",.,"A",.,"A",.,"A",.,"A",.,"A",.,"A"
"20101",2007295,60,0,"1",.,"A",.,"A",.,"A",.,"A",.,"A",.,"A",.,"A",.,"A",.,"A",.,"A",.,"A",.,"A",210,"D",.,"A",.,"A"
"20101",2007305,72,0,"1",.,"A",.,"A",.,"A",.,"A",.,"A",.,"A",390,"D",.,"A",.,"A",.,"A",.,"A",.,"A",12,"D",.,"A",.,"A"
"20101",2007315,35,0,"1",.,"A",.,"A",.,"A",.,"A",.,"A",.,"A",.,"A",.,"A",.,"A",.,"A",.,"A",.,"A",90,"D",.,"A",.,"A"
"20101",2007325,44,0,"1",.,"A",.,"A",.,"A",.,"A",.,"A",.,"A",.,"A",.,"A",.,"A",.,"A",.,"A",.,"A",520,"D",.,"A",.,"A"
"20101",2007335,32,0,"1",0,"F",.,"A",.,"A",30,"D",180,"F",.,"A",780,"D",.,"A",.,"A",0,"D",0,"D",0,"D",120,"D",0,"D",.,"A"
"20101",2007365,98,0,"1",.,"A",.,"A",.,"A",.,"A",.,"A",35,"D",65,"D",65,"D",.,"A",.,"A",.,"A",.,"A",175,"D",.,"A",.,"A"
"20101",2007375,29,0,"1",.,"A",.,"A",.,"A",.,"A",.,"A",.,"A",.,"A",.,"A",.,"A",.,"A",.,"A",.,"A",.,"A",.,"A",.,"A"
"20101",2007395,39,0,"1",.,"A",.,"A",.,"A",.,"A",.,"A",.,"A",1040,"D",26,"D",.,"A",.,"A",.,"A",.,"A",.,"A",.,"A",.,"A"
"20101",2007405,50,0,"1",.,"A",.,"A",.,"A",.,"A",.,"A",.,"A",.,"A",.,"A",.,"A",.,"A",.,"A",.,"A",210,"D",.,"A",.,"A"
"20101",2007415,78,0,"1",.,"A",.,"A",.,"A",.,"A",.,"A",.,"A",52,"D",.,"A",.,"A",.,"A",.,"A",.,"A",360,"D",.,"A",.,"A"
"20101",2007425,34,0,"1",.,"A",.,"A",.,"A",.,"A",54,"D",.,"A",260,"D",.,"A",.,"A",.,"A",.,"A",.,"A",.,"A",.,"A",.,"A"
"20101",2007435,36,0,"1",.,"A",.,"A",.,"A",.,"A",.,"A",.,"A",.,"A",.,"A",.,"A",.,"A",.,"A",.,"A",.,"A",.,"A",.,"A"
"20101",2007445,46,0,"1",.,"A",.,"A",.,"A",.,"A",.,"A",.,"A",.,"A",.,"A",.,"A",.,"A",.,"A",.,"A",1000,"D",.,"A",.,"A"
"20101",2007455,51,0,"1",.,"A",.,"A",.,"A",.,"A",.,"A",.,"A",.,"A",.,"A",.,"A",0,"D",0,"D",0,"D",60,"D",0,"D",.,"A"
"20101",2007465,40,0,"1",.,"A",.,"A",30,"D",.,"A",.,"A",.,"A",.,"A",.,"A",72,"D",.,"A",.,"A",.,"A",80,"D",.,"A",.,"A"
"20101",2007475,30,0,"1",.,"A",.,"A",.,"A",.,"A",.,"A",.,"A",.,"A",.,"A",.,"A",36,"D",0,"D",36,"D",17,"D",12,"D",.,"A"
"20101",2007495,37,0,"1",.,"A",.,"A",.,"A",.,"A",.,"A",.,"A",.,"A",.,"A",.,"A",.,"A",.,"A",.,"A",120,"D",.,"A",.,"A"
"20101",2007525,65,0,"1",.,"A",.,"A",.,"A",.,"A",.,"A",.,"A",.,"A",.,"A",72,"D",.,"A",.,"A",.,"A",200,"D",.,"A",.,"A"
"20101",2007555,48,0,"1",.,"A",.,"A",.,"A",.,"A",.,"A",.,"A",.,"A",.,"A",.,"A",.,"A",.,"A",.,"A",.,"A",.,"A",.,"A"
"20101",2007565,50,0,"1",.,"A",.,"A",.,"A",.,"A",.,"A",.,"A",.,"A",.,"A",.,"A",.,"A",.,"A",.,"A",50,"D",.,"A",.,"A"
"20101",2007575,70,0,"1",.,"A",.,"A",40,"D",.,"A",.,"A",.,"A",.,"A",.,"A",.,"A",.,"A",.,"A",.,"A",600,"D",.,"A",.,"A"
"20101",2007585,47,0,"1",.,"A",.,"A",.,"A",.,"A",.,"A",.,"A",260,"D",.,"A",.,"A",.,"A",.,"A",.,"A",28,"D",.,"A",.,"A"
"20101",2007605,62,0,"1",.,"A",.,"A",.,"A",.,"A",.,"A",.,"A",.,"A",.,"A",.,"A",.,"A",.,"A",.,"A",221,"D",.,"A",.,"A"
"20101",2007615,60,0,"1",.,"A",.,"A",.,"A",.,"A",.,"A",.,"A",.,"A",.,"A",.,"A",.,"A",.,"A",.,"A",310,"D",.,"A",.,"A"
"20101",2007625,53,0,"1",.,"A",.,"A",.,"A",.,"A",.,"A",.,"A",.,"A",.,"A",.,"A",.,"A",.,"A",.,"A",.,"A",.,"A",.,"A"
"20101",2007635,45,0,"1",.,"A",.,"A",.,"A",.,"A",15,"D",.,"A",.,"A",.,"A",.,"A",252,"D",6,"D",252,"D",40,"D",84,"D",.,"A"
"20101",2007645,36,0,"1",.,"A",.,"A",.,"A",.,"A",.,"A",.,"A",390,"D",.,"A",.,"A",.,"A",.,"A",.,"A",.,"A",.,"A",.,"A"
"20101",2007665,54,0,"1",.,"A",.,"A",.,"A",.,"A",.,"A",.,"A",.,"A",.,"A",.,"A",.,"A",.,"A",.,"A",100,"D",.,"A",.,"A"
"20101",2007695,33,0,"1",.,"A",.,"A",.,"A",.,"A",.,"A",.,"A",.,"A",.,"A",.,"A",.,"A",.,"A",.,"A",.,"A",.,"A",.,"A"
"20101",2007705,46,0,"1",.,"A",.,"A",.,"A",.,"A",.,"A",.,"A",.,"A",.,"A",.,"A",.,"A",.,"A",.,"A",.,"A",.,"A",.,"A"
"20101",2007715,73,0,"1",.,"A",.,"A",.,"A",.,"A",.,"A",.,"A",.,"A",.,"A",.,"A",.,"A",.,"A",.,"A",15,"D",.,"A",.,"A"
"20101",2007725,59,0,"1",.,"A",.,"A",.,"A",.,"A",.,"A",.,"A",650,"D",.,"A",150,"D",.,"A",.,"A",.,"A",.,"A",.,"A",.,"A"
"20101",2007735,32,0,"1",.,"A",.,"A",.,"A",.,"A",120,"D",.,"A",.,"A",.,"A",.,"A",.,"A",.,"A",.,"A",.,"A",.,"A",.,"A"
"20101",2007745,41,0,"1",.,"A",.,"A",.,"A",.,"A",.,"A",.,"A",.,"A",.,"A",.,"A",.,"A",.,"A",.,"A",42,"D",.,"A",.,"A"
"20101",2007765,68,0,"1",.,"A",.,"A",60,"D",.,"A",.,"A",.,"A",.,"A",.,"A",.,"A",.,"A",.,"A",.,"A",.,"A",.,"A",.,"A"
"20101",2007775,48,0,"1",.,"A",.,"A",.,"A",.,"A",.,"A",.,"A",.,"A",.,"A",30,"D",.,"A",.,"A",.,"A",280,"D",.,"A",.,"A"
"20101",2007795,52,0,"1",.,"A",.,"A",.,"A",.,"A",.,"A",.,"A",260,"D",390,"D",.,"A",.,"A",.,"A",.,"A",110,"D",.,"A",.,"A"
"20101",2007815,34,0,"1",.,"A",.,"A",.,"A",.,"A",.,"A",.,"A",.,"A",.,"A",.,"A",.,"A",.,"A",.,"A",.,"A",.,"A",.,"A"
"20101",2007825,73,0,"1",.,"A",.,"A",.,"A",.,"A",.,"A",50,"D",.,"A",.,"A",.,"A",.,"A",.,"A",.,"A",135,"D",.,"A",.,"A"
"20101",2007835,50,0,"1",.,"A",.,"A",.,"A",.,"A",.,"A",.,"A",.,"A",39,"D",.,"A",.,"A",.,"A",.,"A",300,"D",.,"A",.,"A"
"20101",2007845,42,0,"1",.,"A",.,"A",.,"A",84,"D",43,"D",.,"A",.,"A",.,"A",.,"A",.,"A",.,"A",.,"A",.,"A",.,"A",.,"A"
"20101",2007895,74,0,"1",.,"A",.,"A",110,"D",.,"A",.,"A",150,"D",.,"A",.,"A",.,"A",.,"A",.,"A",.,"A",130,"D",.,"A",.,"A"
"20101",2007915,67,0,"1",.,"A",.,"A",.,"A",1500,"D",.,"A",.,"A",.,"A",.,"A",.,"A",.,"A",.,"A",.,"A",35,"D",.,"A",.,"A"
"20101",2007925,59,0,"1",.,"A",.,"A",.,"A",.,"A",.,"A",.,"A",.,"A",.,"A",69,"D",.,"A",.,"A",.,"A",315,"D",.,"A",.,"A"
"20101",2007935,47,0,"1",.,"A",.,"A",.,"A",.,"A",.,"A",.,"A",.,"A",.,"A",.,"A",.,"A",.,"A",.,"A",200,"D",.,"A",.,"A"
"20101",2007955,43,0,"1",.,"A",.,"A",.,"A",.,"A",.,"A",.,"A",.,"A",.,"A",.,"A",.,"A",.,"A",.,"A",.,"A",.,"A",.,"A"
"20101",2007965,62,0,"1",.,"A",.,"A",.,"A",.,"A",.,"A",.,"A",273,"D",.,"A",.,"A",.,"A",.,"A",.,"A",16,"D",.,"A",.,"A"
"20101",2007975,60,0,"1",.,"A",.,"A",.,"A",.,"A",.,"A",.,"A",.,"A",.,"A",.,"A",.,"A",.,"A",.,"A",.,"A",.,"A",.,"A"
"20101",2008005,69,0,"1",.,"A",.,"A",.,"A",.,"A",.,"A",70,"D",.,"A",.,"A",.,"A",.,"A",.,"A",.,"A",175,"D",.,"A",.,"A"
"20101",2008015,47,0,"1",.,"A",.,"A",.,"A",.,"A",.,"A",.,"A",.,"A",.,"A",.,"A",.,"A",.,"A",.,"A",120,"D",.,"A",.,"A"
"20101",2008025,45,0,"1",.,"A",.,"A",.,"A",.,"A",.,"A",300,"F",.,"A",.,"A",60,"D",.,"A",.,"A",.,"A",100,"D",.,"A",.,"A"
"20101",2008035,73,0,"1",.,"A",.,"A",.,"A",.,"A",.,"A",.,"A",.,"A",.,"A",.,"A",.,"A",.,"A",.,"A",20,"D",.,"A",.,"A"
"20101",2008045,45,0,"1",.,"A",.,"A",.,"A",.,"A",180,"D",60,"D",.,"A",.,"A",.,"A",.,"A",.,"A",.,"A",185,"D",.,"A",.,"A"
"20101",2008055,78,0,"1",.,"A",.,"A",.,"A",.,"A",.,"A",.,"A",.,"A",.,"A",.,"A",.,"A",.,"A",.,"A",75,"D",.,"A",.,"A"
"20101",2008065,62,0,"1",.,"A",.,"A",.,"A",.,"A",.,"A",.,"A",.,"A",.,"A",.,"A",60,"D",0,"D",0,"D",160,"D",20,"D",.,"A"
"20101",2008085,55,0,"1",.,"A",.,"A",.,"A",70,"D",.,"A",50,"D",910,"D",.,"A",.,"A",120,"D",0,"D",0,"D",150,"D",40,"D",.,"A"
"20101",2008105,33,0,"1",.,"A",.,"A",.,"A",.,"A",.,"A",.,"A",130,"D",.,"A",.,"A",.,"A",.,"A",.,"A",.,"A",.,"A",.,"A"
"20101",2008115,64,0,"1",28,"D",.,"A",.,"A",.,"A",0,"D",22,"D",.,"A",.,"A",.,"A",.,"A",.,"A",.,"A",25,"D",.,"A",.,"A"
"20101",2008135,44,0,"1",.,"A",.,"A",.,"A",.,"A",10,"D",.,"A",.,"A",.,"A",.,"A",.,"A",.,"A",.,"A",.,"A",.,"A",.,"A"
"20101",2008145,65,0,"1",.,"A",.,"A",.,"A",.,"A",.,"A",40,"D",.,"A",.,"A",.,"A",.,"A",.,"A",.,"A",10,"D",.,"A",.,"A"
"20101",2008155,37,0,"1",.,"A",.,"A",.,"A",.,"A",.,"A",.,"A",260,"D",.,"A",.,"A",.,"A",.,"A",.,"A",.,"A",.,"A",.,"A"
"20101",2008165,67,0,"1",.,"A",.,"A",.,"A",.,"A",.,"A",.,"A",.,"A",.,"A",.,"A",.,"A",.,"A",.,"A",50,"D",.,"A",.,"A"
"20101",2008185,62,0,"1",.,"A",.,"A",.,"A",.,"A",.,"A",8,"D",455,"D",.,"A",30,"D",.,"A",.,"A",.,"A",175,"D",.,"A",.,"A"
"20101",2008195,48,0,"1",.,"A",.,"A",.,"A",.,"A",.,"A",.,"A",.,"A",.,"A",.,"A",.,"A",.,"A",.,"A",21,"D",.,"A",.,"A"
"20101",2008215,35,0,"1",.,"A",.,"A",.,"A",.,"A",.,"A",.,"A",390,"D",.,"A",.,"A",.,"A",.,"A",.,"A",.,"A",.,"A",.,"A"
"20101",2008225,71,0,"1",.,"A",.,"A",.,"A",.,"A",.,"A",.,"A",.,"A",.,"A",.,"A",.,"A",.,"A",.,"A",45,"D",.,"A",.,"A"
"20101",2008275,36,0,"1",.,"A",.,"A",.,"A",.,"A",.,"A",.,"A",.,"A",.,"A",.,"A",.,"A",.,"A",.,"A",60,"D",.,"A",.,"A"
"20101",2008285,63,0,"1",.,"A",.,"A",.,"A",.,"A",.,"A",.,"A",.,"A",.,"A",.,"A",.,"A",.,"A",.,"A",65,"D",.,"A",.,"A"
"20101",2008305,84,0,"1",.,"A",.,"A",1,"D",.,"A",.,"A",.,"A",.,"A",65,"D",45,"D",.,"A",.,"A",.,"A",200,"D",.,"A",.,"A"
"20101",2008325,50,0,"1",.,"A",.,"A",.,"A",.,"A",.,"A",.,"A",.,"A",.,"A",.,"A",.,"A",.,"A",.,"A",90,"D",.,"A",.,"A"
"20101",2008335,46,0,"1",.,"A",.,"A",.,"A",.,"A",.,"A",.,"A",.,"A",.,"A",.,"A",.,"A",.,"A",.,"A",55,"D",.,"A",.,"A"
"20101",2008345,39,0,"1",.,"A",.,"A",.,"A",.,"A",30,"D",.,"A",520,"D",.,"A",.,"A",.,"A",.,"A",.,"A",.,"A",.,"A",.,"A"
"20101",2008375,42,0,"1",0,"F",.,"A",.,"A",.,"A",120,"F",.,"A",.,"A",.,"A",.,"A",.,"A",.,"A",.,"A",.,"A",.,"A",.,"A"
"20101",2008385,39,0,"1",.,"A",.,"A",.,"A",.,"A",.,"A",.,"A",.,"A",.,"A",.,"A",.,"A",.,"A",.,"A",.,"A",.,"A",.,"A"
"20101",2008425,70,0,"1",.,"A",.,"A",.,"A",.,"A",.,"A",.,"A",520,"D",.,"A",.,"A",.,"A",.,"A",.,"A",373,"D",.,"A",.,"A"
"20101",2008435,79,0,"1",.,"A",.,"A",.,"A",.,"A",.,"A",45,"D",.,"A",.,"A",.,"A",.,"A",.,"A",.,"A",84,"D",.,"A",.,"A"
"20101",2008445,39,0,"1",.,"A",.,"A",.,"A",.,"A",30,"D",.,"A",.,"A",.,"A",.,"A",.,"A",.,"A",.,"A",.,"A",.,"A",.,"A"
"20101",2008475,64,0,"1",.,"A",.,"A",.,"A",.,"A",.,"A",.,"A",.,"A",.,"A",.,"A",.,"A",.,"A",.,"A",300,"D",.,"A",.,"A"
"20101",2008485,85,0,"1",.,"A",.,"A",.,"A",.,"A",.,"A",.,"A",.,"A",.,"A",.,"A",.,"A",.,"A",.,"A",132,"D",.,"A",.,"A"
"20101",2008505,36,0,"1",.,"A",.,"A",.,"A",.,"A",.,"A",.,"A",.,"A",.,"A",.,"A",.,"A",.,"A",.,"A",.,"A",.,"A",.,"A"
"20101",2008535,53,0,"1",.,"A",.,"A",.,"A",.,"A",.,"A",.,"A",546,"D",.,"A",.,"A",.,"A",.,"A",.,"A",.,"A",.,"A",.,"A"
"20101",2008545,58,0,"1",.,"A",.,"A",.,"A",.,"A",.,"A",.,"A",910,"D",.,"A",.,"A",540,"D",0,"D",0,"D",200,"D",180,"D",.,"A"
"20101",2008555,36,0,"1",.,"A",.,"A",.,"A",.,"A",.,"A",300,"D",.,"A",.,"A",.,"A",.,"A",.,"A",.,"A",180,"D",.,"A",.,"A"
"20101",2008615,49,0,"1",.,"A",.,"A",.,"A",.,"A",.,"A",.,"A",.,"A",.,"A",.,"A",.,"A",.,"A",.,"A",.,"A",.,"A",.,"A"
"20101",2008645,55,0,"1",.,"A",.,"A",.,"A",.,"A",.,"A",.,"A",.,"A",.,"A",15,"D",.,"A",.,"A",.,"A",200,"D",.,"A",.,"A"
"20101",2008655,58,0,"1",.,"A",.,"A",.,"A",.,"A",.,"A",.,"A",.,"A",.,"A",.,"A",.,"A",.,"A",.,"A",.,"A",.,"A",.,"A"
"20101",2008665,88,0,"1",.,"A",.,"A",.,"A",.,"A",.,"A",.,"A",1911,"D",.,"A",.,"A",.,"A",.,"A",.,"A",24,"D",.,"A",.,"A"
"20101",2008695,102,0,"1",.,"A",.,"A",.,"A",.,"A",.,"A",.,"A",520,"D",.,"A",.,"A",.,"A",.,"A",.,"A",25,"D",.,"A",.,"A"
"20101",2008705,48,0,"1",.,"A",.,"A",.,"A",.,"A",.,"A",.,"A",.,"A",.,"A",.,"A",.,"A",.,"A",.,"A",60,"D",.,"A",.,"A"
"20101",2008725,76,0,"1",40,"D",.,"A",20,"D",.,"A",140,"D",120,"D",.,"A",468,"D",.,"A",.,"A",.,"A",.,"A",216,"D",.,"A",.,"A"
"20101",2008745,77,0,"1",.,"A",.,"A",.,"A",.,"A",.,"A",.,"A",.,"A",.,"A",.,"A",.,"A",.,"A",.,"A",80,"D",.,"A",.,"A"
"20101",2008755,31,0,"1",.,"A",.,"A",.,"A",.,"A",.,"A",.,"A",.,"A",.,"A",.,"A",.,"A",.,"A",.,"A",30,"D",.,"A",.,"A"
"20101",2008775,64,0,"1",.,"A",.,"A",.,"A",.,"A",.,"A",.,"A",390,"D",.,"A",24,"D",.,"A",.,"A",.,"A",24,"D",.,"A",.,"A"
"20101",2008795,38,0,"1",.,"A",.,"A",.,"A",.,"A",.,"A",.,"A",.,"A",.,"A",.,"A",.,"A",.,"A",.,"A",.,"A",.,"A",.,"A"
"20101",2008805,51,0,"1",.,"A",.,"A",.,"A",.,"A",.,"A",.,"A",.,"A",.,"A",.,"A",.,"A",.,"A",.,"A",.,"A",.,"A",.,"A"
"20101",2008825,51,0,"1",.,"A",.,"A",.,"A",.,"A",.,"A",.,"A",.,"A",.,"A",.,"A",.,"A",.,"A",.,"A",300,"D",.,"A",.,"A"
"20101",2008835,63,0,"1",.,"A",.,"A",.,"A",.,"A",.,"A",.,"A",.,"A",.,"A",.,"A",.,"A",.,"A",.,"A",.,"A",.,"A",.,"A"
"20101",2008845,47,0,"1",.,"A",.,"A",.,"A",.,"A",.,"A",120,"D",.,"A",.,"A",.,"A",.,"A",.,"A",.,"A",45,"D",.,"A",.,"A"
"20101",2008855,52,0,"1",.,"A",.,"A",.,"A",.,"A",.,"A",.,"A",.,"A",.,"A",.,"A",.,"A",.,"A",.,"A",240,"D",.,"A",.,"A"
"20101",2008905,70,0,"1",.,"A",.,"A",.,"A",.,"A",.,"A",.,"A",.,"A",.,"A",.,"A",.,"A",.,"A",.,"A",48,"D",.,"A",.,"A"
"20101",2008915,51,0,"1",.,"A",.,"A",.,"A",.,"A",.,"A",.,"A",195,"D",.,"A",18,"F",.,"A",.,"A",.,"A",.,"A",.,"A",.,"A"
"20101",2008925,48,0,"1",.,"A",.,"A",.,"A",.,"A",90,"D",.,"A",.,"A",.,"A",.,"A",.,"A",.,"A",.,"A",60,"D",.,"A",.,"A"
"20101",2008935,34,0,"1",.,"A",.,"A",.,"A",.,"A",.,"A",.,"A",.,"A",.,"A",.,"A",.,"A",.,"A",.,"A",.,"A",.,"A",.,"A"
"20101",2008945,26,0,"1",.,"A",.,"A",.,"A",.,"A",.,"A",.,"A",234,"D",.,"A",.,"A",.,"A",.,"A",.,"A",.,"A",.,"A",.,"A"
"20101",2008975,54,0,"1",.,"A",.,"A",.,"A",.,"A",.,"A",.,"A",.,"A",.,"A",.,"A",.,"A",.,"A",.,"A",.,"A",.,"A",.,"A"
"20101",2008995,47,0,"1",.,"A",.,"A",.,"A",.,"A",65,"D",.,"A",.,"A",.,"A",.,"A",.,"A",.,"A",.,"A",26,"D",.,"A",.,"A"
"20101",2009005,57,0,"1",.,"A",.,"A",.,"A",.,"A",.,"A",45,"D",.,"A",.,"A",.,"A",.,"A",.,"A",.,"A",350,"D",.,"A",.,"A"
"20101",2009015,72,0,"1",.,"A",200,"D",.,"A",.,"A",.,"A",100,"D",.,"A",.,"A",.,"A",.,"A",.,"A",.,"A",100,"D",.,"A",.,"A"
"20101",2009055,44,0,"1",12,"D",.,"A",.,"A",.,"A",12,"D",.,"A",.,"A",.,"A",15,"D",0,"D",0,"D",96,"D",.,"A",0,"D",.,"A"
"20101",2009065,31,0,"1",.,"A",.,"A",.,"A",.,"A",.,"A",.,"A",.,"A",.,"A",.,"A",.,"A",.,"A",.,"A",260,"D",.,"A",.,"A"
"20101",2009085,85,0,"1",.,"A",.,"A",37,"D",.,"A",.,"A",.,"A",780,"D",.,"A",.,"A",.,"A",.,"A",.,"A",0,"D",.,"A",.,"A"
"20101",2009105,67,0,"1",.,"A",.,"A",.,"A",.,"A",.,"A",50,"D",.,"A",.,"A",3,"D",.,"A",.,"A",.,"A",125,"D",.,"A",.,"A"
"20101",2009135,72,0,"1",.,"A",.,"A",.,"A",.,"A",.,"A",30,"D",.,"A",.,"A",900,"D",.,"A",.,"A",.,"A",66,"D",.,"A",.,"A"
"20101",2009145,41,0,"1",.,"A",.,"A",.,"A",.,"A",.,"A",.,"A",.,"A",.,"A",.,"A",.,"A",.,"A",.,"A",.,"A",.,"A",.,"A"
"20101",2009155,48,0,"1",.,"A",.,"A",.,"A",.,"A",.,"A",.,"A",.,"A",.,"A",.,"A",.,"A",.,"A",.,"A",30,"D",.,"A",.,"A"
"20101",2009165,54,0,"1",.,"A",.,"A",.,"A",.,"A",.,"A",.,"A",1300,"D",.,"A",.,"A",.,"A",.,"A",.,"A",120,"D",.,"A",.,"A"
"20101",2009175,38,0,"1",.,"A",.,"A",.,"A",.,"A",.,"A",.,"A",.,"A",.,"A",.,"A",.,"A",.,"A",.,"A",.,"A",.,"A",.,"A"
"20101",2009195,58,0,"1",.,"A",.,"A",.,"A",.,"A",.,"A",.,"A",.,"A",.,"A",45,"D",.,"A",.,"A",.,"A",150,"D",.,"A",.,"A"
"20101",2009215,51,0,"1",.,"A",.,"A",.,"A",.,"A",.,"A",150,"D",.,"A",.,"A",.,"A",.,"A",.,"A",.,"A",60,"D",.,"A",.,"A"
"20101",2009235,65,0,"1",.,"A",.,"A",.,"A",.,"A",.,"A",.,"A",.,"A",.,"A",.,"A",.,"A",.,"A",.,"A",270,"D",.,"A",.,"A"
"20101",2009265,62,0,"1",.,"A",.,"A",.,"A",.,"A",.,"A",.,"A",.,"A",.,"A",.,"A",.,"A",.,"A",.,"A",.,"A",.,"A",.,"A"
"20101",2009275,81,0,"1",200,"D",.,"A",.,"A",.,"A",141,"D",.,"A",.,"A",.,"A",.,"A",.,"A",.,"A",.,"A",80,"D",.,"A",.,"A"
"20101",2009285,63,0,"1",.,"A",.,"A",.,"A",.,"A",.,"A",20,"D",.,"A",.,"A",.,"A",.,"A",.,"A",.,"A",120,"D",.,"A",.,"A"
"20101",2009305,32,0,"1",.,"A",.,"A",.,"A",.,"A",.,"A",.,"A",.,"A",.,"A",.,"A",.,"A",.,"A",.,"A",.,"A",.,"A",.,"A"
"20101",2009335,56,0,"1",.,"A",.,"A",.,"A",.,"A",.,"A",.,"A",.,"A",.,"A",.,"A",.,"A",.,"A",.,"A",19,"D",.,"A",.,"A"
"20101",2009355,42,0,"1",.,"A",.,"A",.,"A",.,"A",.,"A",.,"A",.,"A",.,"A",.,"A",.,"A",.,"A",.,"A",60,"D",.,"A",.,"A"
"20101",2009365,53,0,"1",.,"A",.,"A",.,"A",.,"A",.,"A",.,"A",195,"D",.,"A",.,"A",.,"A",.,"A",.,"A",.,"A",.,"A",.,"A"
"20101",2009375,69,0,"1",.,"A",.,"A",90,"D",.,"A",.,"A",.,"A",676,"D",.,"A",.,"A",84,"D",0,"D",0,"D",.,"A",28,"D",.,"A"
"20101",2009395,51,0,"1",.,"A",.,"A",.,"A",.,"A",.,"A",.,"A",169,"D",.,"A",.,"A",.,"A",.,"A",.,"A",300,"D",.,"A",.,"A"
"20101",2009405,39,0,"1",.,"A",.,"A",.,"A",150,"D",.,"A",.,"A",.,"A",.,"A",.,"A",.,"A",.,"A",.,"A",20,"F",.,"A",.,"A"
"20101",2009415,64,0,"1",.,"A",.,"A",.,"A",.,"A",.,"A",.,"A",.,"A",.,"A",.,"A",.,"A",.,"A",.,"A",.,"A",.,"A",.,"A"
"20101",2009425,61,0,"1",.,"A",.,"A",.,"A",.,"A",.,"A",75,"D",585,"D",.,"A",.,"A",.,"A",.,"A",.,"A",360,"D",.,"A",.,"A"
"20101",2009435,53,0,"1",.,"A",.,"A",.,"A",.,"A",.,"A",.,"A",.,"A",.,"A",.,"A",.,"A",.,"A",.,"A",35,"D",.,"A",.,"A"
"20101",2009455,61,0,"1",.,"A",.,"A",.,"A",.,"A",.,"A",.,"A",.,"A",.,"A",.,"A",.,"A",.,"A",.,"A",50,"D",.,"A",.,"A"
"20101",2009475,71,0,"1",.,"A",.,"A",.,"A",.,"A",.,"A",.,"A",.,"A",.,"A",.,"A",.,"A",.,"A",.,"A",.,"A",.,"A",.,"A"
"20101",2009485,79,0,"1",.,"A",.,"A",.,"A",.,"A",.,"A",.,"A",.,"A",.,"A",.,"A",.,"A",.,"A",.,"A",180,"D",.,"A",.,"A"
"20101",2009515,28,0,"1",.,"A",.,"A",.,"A",.,"A",.,"A",.,"A",.,"A",.,"A",.,"A",.,"A",.,"A",.,"A",.,"A",.,"A",.,"A"
"20101",2009545,51,0,"1",.,"A",.,"A",.,"A",.,"A",.,"A",.,"A",.,"A",.,"A",.,"A",.,"A",.,"A",.,"A",15,"D",.,"A",.,"A"
"20101",2009575,36,0,"1",.,"A",.,"A",.,"A",.,"A",.,"A",.,"A",390,"D",.,"A",.,"A",.,"A",.,"A",.,"A",45,"D",.,"A",.,"A"
"20101",2009585,45,0,"1",.,"A",.,"A",.,"A",.,"A",.,"A",.,"A",.,"A",.,"A",.,"A",.,"A",.,"A",.,"A",.,"A",.,"A",.,"A"
"20101",2009595,57,0,"1",.,"A",.,"A",.,"A",.,"A",.,"A",.,"A",.,"A",.,"A",.,"A",.,"A",.,"A",.,"A",60,"D",.,"A",.,"A"
"20101",2009615,32,0,"1",.,"A",.,"A",.,"A",.,"A",.,"A",.,"A",.,"A",.,"A",.,"A",.,"A",.,"A",.,"A",.,"A",.,"A",.,"A"
"20101",2009625,60,0,"1",.,"A",.,"A",28,"D",.,"A",.,"A",.,"A",650,"D",.,"A",.,"A",.,"A",.,"A",.,"A",.,"A",.,"A",.,"A"
"20101",2009635,123,0,"1",.,"A",.,"A",.,"A",.,"A",.,"A",.,"A",.,"A",.,"A",9,"D",.,"A",.,"A",.,"A",60,"D",.,"A",.,"A"
"20101",2009655,54,0,"1",.,"A",.,"A",.,"A",.,"A",50,"D",.,"A",260,"D",299,"D",.,"A",.,"A",.,"A",.,"A",.,"A",.,"A",.,"A"
"20101",2009665,35,0,"1",.,"A",.,"A",.,"A",.,"A",.,"A",.,"A",.,"A",.,"A",.,"A",.,"A",.,"A",.,"A",.,"A",.,"A",.,"A"
"20101",2009675,36,0,"1",.,"A",.,"A",.,"A",.,"A",.,"A",.,"A",.,"A",.,"A",.,"A",.,"A",.,"A",.,"A",30,"D",.,"A",.,"A"
"20101",2009695,57,0,"1",.,"A",.,"A",.,"A",.,"A",.,"A",.,"A",.,"A",.,"A",.,"A",.,"A",.,"A",.,"A",65,"F",.,"A",.,"A"
"20101",2009705,47,0,"1",.,"A",.,"A",.,"A",.,"A",.,"A",.,"A",.,"A",455,"D",.,"A",.,"A",.,"A",.,"A",35,"D",.,"A",.,"A"
"20101",2009745,65,0,"1",.,"A",.,"A",.,"A",.,"A",.,"A",.,"A",.,"A",.,"A",18,"D",.,"A",.,"A",.,"A",80,"D",.,"A",.,"A"
"20101",2009755,67,0,"1",.,"A",.,"A",.,"A",.,"A",.,"A",.,"A",260,"D",.,"A",.,"A",.,"A",.,"A",.,"A",.,"A",.,"A",.,"A"
"20101",2009765,59,0,"1",.,"A",.,"A",.,"A",.,"A",.,"A",36,"D",.,"A",.,"A",.,"A",201,"D",0,"D",0,"D",360,"D",67,"D",.,"A"
"20101",2009795,77,0,"1",.,"A",.,"A",.,"A",.,"A",.,"A",.,"A",.,"A",.,"A",15,"D",.,"A",.,"A",.,"A",.,"A",.,"A",.,"A"
"20101",2009825,34,0,"1",.,"A",.,"A",.,"A",.,"A",120,"D",.,"A",.,"A",.,"A",.,"A",.,"A",.,"A",.,"A",.,"A",.,"A",.,"A"
"20101",2009835,70,0,"1",.,"A",.,"A",.,"A",.,"A",.,"A",.,"A",.,"A",.,"A",.,"A",.,"A",.,"A",.,"A",50,"D",.,"A",.,"A"
"20101",2009855,75,0,"1",.,"A",.,"A",.,"A",.,"A",.,"A",.,"A",.,"A",.,"A",.,"A",.,"A",.,"A",.,"A",130,"D",.,"A",.,"A"
"20101",2009865,103,0,"1",.,"A",.,"A",.,"A",.,"A",.,"A",.,"A",.,"A",.,"A",.,"A",.,"A",.,"A",.,"A",40,"D",.,"A",.,"A"
"20101",2009875,58,0,"1",.,"A",.,"A",.,"A",.,"A",.,"A",.,"A",.,"A",.,"A",.,"A",.,"A",.,"A",.,"A",.,"A",.,"A",.,"A"
"20101",2009885,28,0,"1",.,"A",.,"A",.,"A",.,"A",.,"A",.,"A",.,"A",.,"A",.,"A",.,"A",.,"A",.,"A",.,"A",.,"A",.,"A"
"20101",2009895,48,0,"1",.,"A",.,"A",.,"A",.,"A",.,"A",.,"A",.,"A",.,"A",.,"A",.,"A",.,"A",.,"A",.,"A",.,"A",.,"A"
"20101",2009905,48,0,"1",.,"A",.,"A",.,"A",.,"A",.,"A",.,"A",.,"A",.,"A",.,"A",.,"A",.,"A",.,"A",57,"D",.,"A",.,"A"
"20101",2009915,60,0,"1",.,"A",.,"A",.,"A",.,"A",.,"A",.,"A",65,"D",.,"A",.,"A",.,"A",.,"A",.,"A",80,"D",.,"A",.,"A"
"20101",2009925,63,0,"1",.,"A",.,"A",.,"A",.,"A",.,"A",.,"A",.,"A",.,"A",.,"A",.,"A",.,"A",.,"A",.,"A",.,"A",.,"A"
"20101",2009935,96,0,"1",.,"A",.,"A",.,"A",.,"A",.,"A",10,"D",.,"A",.,"A",.,"A",.,"A",.,"A",.,"A",15,"D",.,"A",.,"A"
"20101",2009965,57,0,"1",.,"A",.,"A",.,"A",.,"A",.,"A",.,"A",.,"A",.,"A",.,"A",.,"A",.,"A",.,"A",26,"D",.,"A",.,"A"
"20101",2009975,60,0,"1",.,"A",.,"A",50,"D",.,"A",.,"A",120,"D",.,"A",.,"A",.,"A",.,"A",.,"A",.,"A",415,"D",.,"A",.,"A"
"20101",2009985,42,0,"1",.,"A",.,"A",.,"A",.,"A",.,"A",.,"A",.,"A",.,"A",9,"D",.,"A",.,"A",.,"A",.,"A",.,"A",.,"A"
"20101",2010045,39,0,"1",.,"A",.,"A",.,"A",.,"A",.,"A",.,"A",.,"A",.,"A",.,"A",.,"A",.,"A",.,"A",.,"A",.,"A",.,"A"
"20101",2010055,48,0,"1",.,"A",.,"A",.,"A",.,"A",.,"A",120,"D",.,"A",.,"A",.,"A",.,"A",.,"A",.,"A",50,"D",.,"A",.,"A"
"20101",2010065,53,0,"1",.,"A",.,"A",.,"A",.,"A",120,"D",.,"A",390,"D",.,"A",150,"D",.,"A",.,"A",.,"A",25,"D",.,"A",.,"A"
"20101",2010075,41,0,"1",.,"A",.,"A",.,"A",.,"A",.,"A",.,"A",.,"A",.,"A",.,"A",.,"A",.,"A",.,"A",180,"D",.,"A",.,"A"
"20101",2010115,46,0,"1",.,"A",.,"A",.,"A",.,"A",.,"A",.,"A",78,"D",.,"A",.,"A",.,"A",.,"A",.,"A",.,"A",.,"A",.,"A"
"20101",2010135,30,0,"1",.,"A",.,"A",.,"A",.,"A",.,"A",.,"A",.,"A",.,"A",.,"A",.,"A",.,"A",.,"A",.,"A",.,"A",.,"A"
"20101",2010145,36,0,"1",.,"A",.,"A",.,"A",.,"A",.,"A",.,"A",.,"A",.,"A",.,"A",.,"A",.,"A",.,"A",75,"D",.,"A",.,"A"
"20101",2010155,45,0,"1",.,"A",.,"A",.,"A",.,"A",.,"A",.,"A",.,"A",.,"A",.,"A",.,"A",.,"A",.,"A",.,"A",.,"A",.,"A"
"20101",2010165,48,0,"1",.,"A",.,"A",.,"A",.,"A",.,"A",30,"D",.,"A",.,"A",.,"A",.,"A",.,"A",.,"A",.,"A",.,"A",.,"A"
"20101",2010175,49,0,"1",.,"A",20,"D",.,"A",.,"A",.,"A",10,"D",.,"A",.,"A",.,"A",0,"D",0,"D",18,"D",.,"A",0,"D",.,"A"
"20101",2010185,41,0,"1",.,"A",.,"A",.,"A",.,"A",.,"A",.,"A",650,"D",.,"A",.,"A",.,"A",.,"A",.,"A",.,"A",.,"A",.,"A"
"20101",2010205,45,0,"1",.,"A",.,"A",.,"A",.,"A",.,"A",.,"A",.,"A",.,"A",27,"D",.,"A",.,"A",.,"A",60,"D",.,"A",.,"A"
"20101",2010215,52,0,"1",.,"A",.,"A",.,"A",.,"A",.,"A",.,"A",.,"A",.,"A",.,"A",.,"A",.,"A",.,"A",25,"D",.,"A",.,"A"
"20101",2010225,64,0,"1",8,"D",.,"A",.,"A",.,"A",0,"D",.,"A",.,"A",.,"A",.,"A",.,"A",.,"A",.,"A",45,"D",.,"A",.,"A"
"20101",2010235,57,0,"1",.,"A",.,"A",.,"A",40,"D",240,"D",.,"A",91,"D",.,"A",15,"D",.,"A",.,"A",.,"A",120,"D",.,"A",.,"A"
"20101",2010255,75,0,"1",.,"A",.,"A",.,"A",.,"A",.,"A",.,"A",.,"A",.,"A",.,"A",.,"A",.,"A",.,"A",114,"D",.,"A",.,"A"
"20101",2010265,75,0,"1",.,"A",.,"A",.,"A",.,"A",.,"A",150,"D",130,"D",.,"A",.,"A",.,"A",.,"A",.,"A",250,"D",.,"A",.,"A"
"20101",2010285,60,0,"1",.,"A",.,"A",.,"A",.,"A",160,"D",.,"A",.,"A",.,"A",.,"A",.,"A",.,"A",.,"A",.,"A",.,"A",.,"A"
"20101",2010295,56,0,"1",.,"A",.,"A",120,"F",.,"A",.,"A",.,"A",.,"A",.,"A",.,"A",.,"A",.,"A",.,"A",90,"D",.,"A",.,"A"
"20101",2010305,48,0,"1",.,"A",.,"A",.,"A",.,"A",.,"A",.,"A",.,"A",.,"A",.,"A",.,"A",.,"A",.,"A",40,"D",.,"A",.,"A"
"20101",2010325,50,0,"1",.,"A",.,"A",.,"A",.,"A",.,"A",.,"A",.,"A",.,"A",.,"A",.,"A",.,"A",.,"A",60,"D",.,"A",.,"A"
"20101",2010335,38,0,"1",.,"A",.,"A",.,"A",.,"A",.,"A",.,"A",.,"A",.,"A",.,"A",.,"A",.,"A",.,"A",105,"D",.,"A",.,"A"
"20101",2010345,65,0,"1",.,"A",.,"A",.,"A",.,"A",30,"D",.,"A",.,"A",.,"A",.,"A",.,"A",.,"A",.,"A",.,"A",.,"A",.,"A"
"20101",2010365,41,0,"1",.,"A",.,"A",.,"A",.,"A",.,"A",.,"A",650,"D",.,"A",.,"A",.,"A",.,"A",.,"A",26,"D",.,"A",.,"A"
"20101",2010385,43,0,"1",.,"A",.,"A",.,"A",.,"A",.,"A",30,"D",.,"A",.,"A",.,"A",.,"A",.,"A",.,"A",25,"D",.,"A",.,"A"
"20101",2010395,44,0,"1",.,"A",.,"A",.,"A",.,"A",.,"A",.,"A",.,"A",.,"A",60,"D",.,"A",.,"A",.,"A",.,"A",.,"A",.,"A"
"20101",2010405,60,0,"1",.,"A",.,"A",.,"A",.,"A",.,"A",.,"A",780,"D",.,"A",.,"A",.,"A",.,"A",.,"A",100,"D",.,"A",.,"A"
"20101",2010415,78,0,"1",.,"A",.,"A",.,"A",.,"A",.,"A",.,"A",.,"A",260,"D",.,"A",.,"A",.,"A",.,"A",45,"D",.,"A",.,"A"
"20101",2010425,32,0,"1",.,"A",.,"A",.,"A",.,"A",.,"A",.,"A",.,"A",.,"A",.,"A",.,"A",.,"A",.,"A",.,"A",.,"A",.,"A"
"20101",2010435,37,0,"1",.,"A",.,"A",.,"A",.,"A",.,"A",.,"A",.,"A",.,"A",.,"A",.,"A",.,"A",.,"A",.,"A",.,"A",.,"A"
"20101",2010445,66,0,"1",.,"A",.,"A",.,"A",.,"A",.,"A",.,"A",234,"D",.,"A",.,"A",.,"A",.,"A",.,"A",20,"D",.,"A",.,"A"
"20101",2010455,32,0,"1",.,"A",.,"A",.,"A",.,"A",.,"A",.,"A",780,"D",.,"A",.,"A",.,"A",.,"A",.,"A",.,"A",.,"A",.,"A"
"20101",2010485,29,0,"1",.,"A",.,"A",.,"A",.,"A",240,"D",.,"A",.,"A",.,"A",.,"A",.,"A",.,"A",.,"A",.,"A",.,"A",.,"A"
"20101",2010495,40,0,"1",.,"A",.,"A",.,"A",.,"A",.,"A",.,"A",.,"A",.,"A",.,"A",.,"A",.,"A",.,"A",48,"D",.,"A",.,"A"
"20101",2010505,79,0,"1",.,"A",.,"A",.,"A",.,"A",.,"A",.,"A",.,"A",.,"A",.,"A",.,"A",.,"A",.,"A",60,"D",.,"A",.,"A"
"20101",2010545,67,0,"1",.,"A",.,"A",.,"A",.,"A",.,"A",.,"A",.,"A",.,"A",.,"A",.,"A",.,"A",.,"A",50,"D",.,"A",.,"A"
"20101",2010565,44,0,"1",.,"A",.,"A",.,"A",.,"A",180,"D",.,"A",195,"D",.,"A",.,"A",.,"A",.,"A",.,"A",60,"D",.,"A",.,"A"
"20101",2010585,63,0,"1",.,"A",.,"A",.,"A",.,"A",.,"A",.,"A",325,"D",.,"A",.,"A",.,"A",.,"A",.,"A",22,"D",.,"A",.,"A"
"20101",2010605,48,0,"1",.,"A",.,"A",.,"A",.,"A",.,"A",.,"A",.,"A",.,"A",.,"A",.,"A",.,"A",.,"A",.,"A",.,"A",.,"A"
"20101",2010625,60,0,"1",.,"A",.,"A",.,"A",.,"A",.,"A",30,"D",.,"A",.,"A",.,"A",.,"A",.,"A",.,"A",200,"D",.,"A",.,"A"
"20101",2010645,35,0,"1",.,"A",.,"A",.,"A",.,"A",.,"A",.,"A",.,"A",.,"A",.,"A",.,"A",.,"A",.,"A",.,"A",.,"A",.,"A"
"20101",2010655,58,0,"1",1,"D",.,"A",.,"A",.,"A",44,"D",.,"A",.,"A",.,"A",.,"A",60,"D",0,"D",12,"D",8,"D",20,"D",.,"A"
"20101",2010665,46,0,"1",.,"A",.,"A",.,"A",.,"A",.,"A",.,"A",.,"A",.,"A",.,"A",.,"A",.,"A",.,"A",25,"D",.,"A",.,"A"
"20101",2010675,52,0,"1",.,"A",.,"A",.,"A",.,"A",.,"A",150,"D",.,"A",.,"A",.,"A",.,"A",.,"A",.,"A",25,"D",.,"A",.,"A"
"20101",2010685,55,0,"1",90,"D",.,"A",.,"A",.,"A",90,"D",100,"D",.,"A",.,"A",.,"A",0,"D",0,"D",60,"D",400,"D",0,"D",.,"A"
"20101",2010695,28,0,"1",.,"A",.,"A",.,"A",.,"A",.,"A",.,"A",.,"A",.,"A",.,"A",.,"A",.,"A",.,"A",.,"A",.,"A",.,"A"
"20101",2010715,40,0,"1",.,"A",.,"A",.,"A",.,"A",.,"A",.,"A",.,"A",.,"A",.,"A",.,"A",.,"A",.,"A",.,"A",.,"A",.,"A"
"20101",2010735,81,0,"1",.,"A",.,"A",.,"A",.,"A",.,"A",720,"D",.,"A",.,"A",.,"A",.,"A",.,"A",.,"A",600,"D",.,"A",.,"A"
"20101",2010765,34,0,"1",.,"A",.,"A",.,"A",.,"A",.,"A",.,"A",.,"A",.,"A",.,"A",.,"A",.,"A",.,"A",150,"D",.,"A",.,"A"
"20101",2010815,48,0,"1",.,"A",.,"A",.,"A",.,"A",.,"A",.,"A",.,"A",.,"A",.,"A",.,"A",.,"A",.,"A",.,"A",.,"A",.,"A"
"20101",2010825,85,0,"1",.,"A",.,"A",.,"A",.,"A",.,"A",.,"A",780,"D",.,"A",.,"A",.,"A",.,"A",.,"A",182,"D",.,"A",.,"A"
"20101",2010845,57,0,"1",.,"A",.,"A",.,"A",.,"A",.,"A",.,"A",520,"D",.,"A",.,"A",.,"A",.,"A",.,"A",.,"A",.,"A",.,"A"
"20101",2010885,71,0,"1",.,"A",.,"A",.,"A",.,"A",.,"A",20,"D",390,"D",.,"A",.,"A",480,"D",0,"D",0,"D",100,"D",160,"D",.,"A"
"20101",2010895,53,0,"1",.,"A",.,"A",.,"A",.,"A",.,"A",100,"D",.,"A",.,"A",45,"D",.,"A",.,"A",.,"A",200,"D",.,"A",.,"A"
"20101",2010915,71,0,"1",.,"A",.,"A",.,"A",.,"A",.,"A",.,"A",325,"D",.,"A",.,"A",.,"A",.,"A",.,"A",41,"D",.,"A",.,"A"
"20101",2010935,68,0,"1",.,"A",.,"A",.,"A",.,"A",.,"A",.,"A",585,"D",.,"A",.,"A",.,"A",.,"A",.,"A",160,"D",.,"A",.,"A"
"20101",2010955,42,0,"1",.,"A",.,"A",.,"A",.,"A",.,"A",.,"A",.,"A",.,"A",.,"A",.,"A",.,"A",.,"A",150,"D",.,"A",.,"A"
"20101",2010965,48,0,"1",.,"A",.,"A",.,"A",.,"A",.,"A",.,"A",.,"A",.,"A",.,"A",.,"A",.,"A",.,"A",.,"A",.,"A",.,"A"
"20101",2010975,46,0,"1",.,"A",.,"A",.,"A",.,"A",.,"A",.,"A",.,"A",.,"A",.,"A",.,"A",.,"A",.,"A",70,"D",.,"A",.,"A"
"20101",2010985,60,0,"1",.,"A",.,"A",.,"A",.,"A",.,"A",15,"D",.,"A",.,"A",.,"A",.,"A",.,"A",.,"A",80,"D",.,"A",.,"A"
"20101",2011005,19,0,"1",.,"A",.,"A",.,"A",.,"A",.,"A",.,"A",.,"A",.,"A",.,"A",.,"A",.,"A",.,"A",.,"A",.,"A",.,"A"
"20101",2011015,53,0,"1",.,"A",.,"A",.,"A",.,"A",.,"A",.,"A",780,"D",.,"A",.,"A",.,"A",.,"A",.,"A",.,"A",.,"A",.,"A"
"20101",2011035,34,0,"1",.,"A",.,"A",.,"A",.,"A",.,"A",.,"A",.,"A",.,"A",.,"A",.,"A",.,"A",.,"A",80,"D",.,"A",.,"A"
"20101",2011045,81,0,"1",.,"A",.,"A",.,"A",.,"A",.,"A",150,"D",.,"A",.,"A",.,"A",.,"A",.,"A",.,"A",50,"D",.,"A",.,"A"
"20101",2011055,39,0,"1",.,"A",.,"A",.,"A",375,"D",60,"F",150,"D",390,"D",.,"A",195,"D",480,"D",0,"D",75,"F",675,"D",160,"D",.,"A"
"20101",2011105,22,0,"1",.,"A",.,"A",.,"A",.,"A",20,"D",.,"A",.,"A",.,"A",.,"A",.,"A",.,"A",.,"A",.,"A",.,"A",.,"A"
"20101",2011115,43,0,"1",10,"D",.,"A",.,"A",.,"A",80,"D",.,"A",.,"A",.,"A",.,"A",.,"A",.,"A",.,"A",45,"D",.,"A",.,"A"
"20101",2011125,71,0,"1",.,"A",.,"A",.,"A",.,"A",.,"A",.,"A",273,"D",.,"A",.,"A",.,"A",.,"A",.,"A",400,"D",.,"A",.,"A"
"20101",2011135,68,0,"1",.,"A",.,"A",.,"A",.,"A",.,"A",.,"A",.,"A",.,"A",.,"A",.,"A",.,"A",.,"A",156,"D",.,"A",.,"A"
"20101",2011165,119,0,"1",.,"A",.,"A",.,"A",.,"A",.,"A",.,"A",.,"A",.,"A",15,"D",.,"A",.,"A",.,"A",65,"D",.,"A",.,"A"
"20101",2011185,31,0,"1",.,"A",.,"A",.,"A",.,"A",.,"A",.,"A",.,"A",.,"A",.,"A",.,"A",.,"A",.,"A",.,"A",.,"A",.,"A"
"20101",2011195,75,0,"1",.,"A",.,"A",.,"A",.,"A",.,"A",.,"A",.,"A",.,"A",.,"A",.,"A",.,"A",.,"A",150,"D",.,"A",.,"A"
"20101",2011235,65,0,"1",.,"A",.,"A",.,"A",.,"A",.,"A",.,"A",.,"A",.,"A",.,"A",.,"A",.,"A",.,"A",.,"A",.,"A",.,"A"
"20101",2011245,54,0,"1",.,"A",.,"A",.,"A",.,"A",.,"A",.,"A",.,"A",.,"A",.,"A",.,"A",.,"A",.,"A",.,"A",.,"A",.,"A"
"20101",2011255,80,0,"1",.,"A",.,"A",.,"A",.,"A",.,"A",.,"A",.,"A",.,"A",.,"A",.,"A",.,"A",.,"A",122,"D",.,"A",.,"A"
"20101",2011265,50,0,"1",.,"A",.,"A",.,"A",.,"A",.,"A",.,"A",455,"D",.,"A",.,"A",.,"A",.,"A",.,"A",20,"D",.,"A",.,"A"
"20101",2011275,69,0,"1",.,"A",.,"A",.,"A",.,"A",.,"A",200,"D",.,"A",.,"A",.,"A",0,"D",0,"D",72,"D",20,"D",0,"D",.,"A"
"20101",2011295,61,0,"1",.,"A",.,"A",.,"A",.,"A",.,"A",.,"A",.,"A",.,"A",.,"A",.,"A",.,"A",.,"A",15,"D",.,"A",.,"A"
"20101",2011305,40,0,"1",.,"A",.,"A",.,"A",.,"A",.,"A",.,"A",.,"A",.,"A",.,"A",.,"A",.,"A",.,"A",.,"A",.,"A",.,"A"
"20101",2011315,86,0,"1",.,"A",.,"A",.,"A",.,"A",.,"A",35,"D",1300,"D",.,"A",.,"A",.,"A",.,"A",.,"A",340,"D",.,"A",.,"A"
"20101",2011325,76,0,"1",.,"A",.,"A",.,"A",.,"A",.,"A",.,"A",.,"A",.,"A",.,"A",.,"A",.,"A",.,"A",89,"D",.,"A",.,"A"
"20101",2011335,78,0,"1",28,"D",.,"A",.,"A",.,"A",82,"D",.,"A",546,"D",.,"A",.,"A",.,"A",.,"A",.,"A",.,"A",.,"A",.,"A"
"20101",2011365,74,0,"1",.,"A",.,"A",.,"A",.,"A",.,"A",.,"A",.,"A",.,"A",9,"D",.,"A",.,"A",.,"A",40,"D",.,"A",.,"A"
"20101",2011385,85,0,"1",.,"A",.,"A",.,"A",.,"A",.,"A",.,"A",.,"A",.,"A",.,"A",.,"A",.,"A",.,"A",.,"A",.,"A",.,"A"
"20101",2011405,47,0,"1",.,"A",.,"A",.,"A",.,"A",120,"D",.,"A",.,"A",.,"A",.,"A",.,"A",.,"A",.,"A",20,"D",.,"A",.,"A"
"20101",2011425,64,0,"1",.,"A",.,"A",.,"A",.,"A",35,"D",.,"A",.,"A",.,"A",.,"A",.,"A",.,"A",.,"A",125,"D",.,"A",.,"A"
"20101",2011435,66,0,"1",0,"F",.,"A",.,"A",.,"A",120,"F",.,"A",260,"D",.,"A",.,"A",.,"A",.,"A",.,"A",40,"D",.,"A",.,"A"
"20101",2011455,56,0,"1",.,"A",.,"A",.,"A",.,"A",.,"A",.,"A",.,"A",.,"A",.,"A",.,"A",.,"A",.,"A",400,"D",.,"A",.,"A"
"20101",2011465,53,0,"1",.,"A",.,"A",.,"A",.,"A",.,"A",.,"A",.,"A",.,"A",.,"A",.,"A",.,"A",.,"A",.,"A",.,"A",.,"A"
"20101",2011475,48,0,"1",.,"A",.,"A",.,"A",.,"A",.,"A",.,"A",.,"A",.,"A",.,"A",.,"A",.,"A",.,"A",200,"D",.,"A",.,"A"
"20101",2011485,65,0,"1",.,"A",.,"A",.,"A",.,"A",.,"A",.,"A",.,"A",.,"A",.,"A",.,"A",.,"A",.,"A",.,"A",.,"A",.,"A"
"20101",2011505,65,0,"1",.,"A",.,"A",.,"A",.,"A",.,"A",.,"A",455,"D",.,"A",.,"A",.,"A",.,"A",.,"A",30,"D",.,"A",.,"A"
"20101",2011515,43,0,"1",.,"A",.,"A",.,"A",.,"A",.,"A",.,"A",.,"A",.,"A",.,"A",.,"A",.,"A",.,"A",.,"A",.,"A",.,"A"
"20101",2011525,52,0,"1",.,"A",.,"A",.,"A",.,"A",.,"A",.,"A",.,"A",.,"A",.,"A",.,"A",.,"A",.,"A",.,"A",.,"A",.,"A"
"20101",2011535,48,0,"1",.,"A",.,"A",.,"A",.,"A",.,"A",.,"A",.,"A",.,"A",.,"A",.,"A",.,"A",.,"A",.,"A",.,"A",.,"A"
"20101",2011565,33,0,"1",.,"A",.,"A",.,"A",.,"A",.,"A",.,"A",.,"A",.,"A",.,"A",.,"A",.,"A",.,"A",.,"A",.,"A",.,"A"
"20101",2011575,29,0,"1",.,"A",.,"A",.,"A",63,"D",60,"D",.,"A",.,"A",.,"A",.,"A",0,"D",0,"D",60,"D",.,"A",0,"D",.,"A"
"20101",2011585,54,0,"1",.,"A",.,"A",.,"A",.,"A",240,"D",.,"A",780,"D",.,"A",.,"A",.,"A",.,"A",.,"A",110,"D",.,"A",.,"A"
"20101",2011625,33,0,"1",.,"A",.,"A",.,"A",.,"A",.,"A",.,"A",.,"A",.,"A",.,"A",.,"A",.,"A",.,"A",.,"A",.,"A",.,"A"
"20101",2011635,48,0,"1",.,"A",.,"A",.,"A",.,"A",.,"A",50,"D",.,"A",.,"A",.,"A",.,"A",.,"A",.,"A",80,"D",.,"A",.,"A"
"20101",2011645,47,0,"1",.,"A",.,"A",.,"A",.,"A",.,"A",.,"A",.,"A",.,"A",.,"A",.,"A",.,"A",.,"A",150,"D",.,"A",.,"A"
"20101",2011685,35,0,"1",.,"A",.,"A",.,"A",.,"A",.,"A",.,"A",.,"A",.,"A",.,"A",.,"A",.,"A",.,"A",.,"A",.,"A",.,"A"
"20101",2011695,80,0,"1",.,"A",.,"A",.,"A",.,"A",.,"A",150,"D",.,"A",.,"A",.,"A",.,"A",.,"A",.,"A",180,"D",.,"A",.,"A"
"20101",2011705,78,0,"1",.,"A",.,"A",.,"A",.,"A",.,"A",.,"A",130,"D",.,"A",.,"A",.,"A",.,"A",.,"A",175,"D",.,"A",.,"A"
"20101",2011725,57,0,"1",.,"A",.,"A",.,"A",.,"A",.,"A",.,"A",260,"D",.,"A",.,"A",.,"A",.,"A",.,"A",50,"D",.,"A",.,"A"
"20101",2011735,67,0,"1",.,"A",.,"A",.,"A",.,"A",.,"A",.,"A",.,"A",.,"A",.,"A",.,"A",.,"A",.,"A",600,"D",.,"A",.,"A"
"20101",2011765,52,0,"1",.,"A",.,"A",.,"A",.,"A",.,"A",.,"A",.,"A",.,"A",.,"A",.,"A",.,"A",.,"A",100,"D",.,"A",.,"A"
"20101",2011785,91,0,"1",.,"A",.,"A",.,"A",.,"A",.,"A",.,"A",.,"A",.,"A",.,"A",.,"A",.,"A",.,"A",180,"D",.,"A",.,"A"
"20101",2011795,59,0,"1",.,"A",.,"A",.,"A",.,"A",.,"A",.,"A",.,"A",.,"A",.,"A",.,"A",.,"A",.,"A",.,"A",.,"A",.,"A"
"20101",2011805,48,0,"1",.,"A",.,"A",46,"D",.,"A",.,"A",18,"D",.,"A",.,"A",.,"A",.,"A",.,"A",.,"A",149,"D",.,"A",.,"A"
"20101",2011815,34,0,"1",.,"A",.,"A",.,"A",200,"D",.,"A",.,"A",520,"D",.,"A",.,"A",.,"A",.,"A",.,"A",.,"A",.,"A",.,"A"
"20101",2011845,58,0,"1",.,"A",.,"A",.,"A",.,"A",.,"A",.,"A",.,"A",.,"A",.,"A",.,"A",.,"A",.,"A",100,"D",.,"A",.,"A"
"20101",2011875,36,0,"1",10,"D",.,"A",.,"A",45,"D",40,"D",50,"D",.,"A",.,"A",.,"A",0,"D",0,"D",150,"D",40,"D",0,"D",.,"A"
"20101",2011895,54,0,"1",.,"A",.,"A",.,"A",.,"A",.,"A",.,"A",.,"A",.,"A",.,"A",.,"A",.,"A",.,"A",100,"D",.,"A",.,"A"
"20101",2011925,47,0,"1",.,"A",.,"A",.,"A",.,"A",.,"A",.,"A",.,"A",.,"A",.,"A",120,"D",0,"D",0,"D",120,"D",40,"D",.,"A"
"20101",2011945,52,0,"1",20,"D",.,"A",.,"A",20,"D",70,"D",180,"D",.,"A",.,"A",.,"A",267,"D",0,"D",0,"D",90,"D",89,"D",.,"A"
"20101",2011955,51,0,"1",.,"A",.,"A",.,"A",120,"D",.,"A",.,"A",650,"D",.,"A",.,"A",12,"D",6,"D",6,"D",.,"A",4,"D",.,"A"
"20101",2011965,101,0,"1",.,"A",.,"A",.,"A",.,"A",.,"A",.,"A",.,"A",.,"A",.,"A",.,"A",.,"A",.,"A",.,"A",.,"A",.,"A"
"20101",2011985,60,0,"1",.,"A",.,"A",.,"A",.,"A",.,"A",.,"A",.,"A",.,"A",.,"A",.,"A",.,"A",.,"A",40,"D",.,"A",.,"A"
"20101",2011995,30,0,"1",.,"A",.,"A",.,"A",.,"A",.,"A",.,"A",.,"A",.,"A",.,"A",.,"A",.,"A",.,"A",.,"A",.,"A",.,"A"
"20101",2012005,55,0,"1",.,"A",.,"A",.,"A",.,"A",.,"A",.,"A",.,"A",.,"A",.,"A",.,"A",.,"A",.,"A",30,"D",.,"A",.,"A"
"20101",2012015,41,0,"1",.,"A",.,"A",.,"A",.,"A",.,"A",.,"A",390,"D",195,"D",.,"A",.,"A",.,"A",.,"A",150,"D",.,"A",.,"A"
"20101",2012065,63,0,"1",.,"A",.,"A",.,"A",.,"A",.,"A",.,"A",.,"A",.,"A",.,"A",.,"A",.,"A",.,"A",100,"D",.,"A",.,"A"
"20101",2012085,35,0,"1",.,"A",.,"A",.,"A",.,"A",60,"D",.,"A",.,"A",.,"A",.,"A",.,"A",.,"A",.,"A",.,"A",.,"A",.,"A"
"20101",2012095,25,0,"1",.,"A",.,"A",.,"A",.,"A",.,"A",.,"A",650,"D",.,"A",.,"A",.,"A",.,"A",.,"A",150,"D",.,"A",.,"A"
"20101",2012105,70,0,"1",.,"A",.,"A",.,"A",.,"A",.,"A",.,"A",780,"D",.,"A",.,"A",.,"A",.,"A",.,"A",.,"A",.,"A",.,"A"
"20101",2012125,58,0,"1",.,"A",.,"A",.,"A",.,"A",.,"A",.,"A",.,"A",.,"A",.,"A",.,"A",.,"A",.,"A",50,"D",.,"A",.,"A"
"20101",2012135,32,0,"1",.,"A",.,"A",.,"A",.,"A",120,"D",.,"A",.,"A",.,"A",.,"A",.,"A",.,"A",.,"A",.,"A",.,"A",.,"A"
"20101",2012145,48,0,"1",.,"A",.,"A",.,"A",.,"A",.,"A",.,"A",130,"D",.,"A",.,"A",.,"A",.,"A",.,"A",.,"A",.,"A",.,"A"
"20101",2012155,54,0,"1",.,"A",.,"A",.,"A",.,"A",.,"A",50,"D",.,"A",.,"A",.,"A",.,"A",.,"A",.,"A",40,"D",.,"A",.,"A"
"20101",2012185,39,0,"1",.,"A",.,"A",.,"A",.,"A",.,"A",.,"A",.,"A",.,"A",.,"A",.,"A",.,"A",.,"A",.,"A",.,"A",.,"A"
"20101",2012205,31,0,"1",.,"A",.,"A",.,"A",.,"A",.,"A",.,"A",390,"F",.,"A",.,"A",.,"A",.,"A",.,"A",100,"F",.,"A",.,"A"
"20101",2012235,80,0,"1",.,"A",.,"A",.,"A",.,"A",.,"A",.,"A",.,"A",.,"A",.,"A",.,"A",.,"A",.,"A",100,"D",.,"A",.,"A"
"20101",2012255,51,0,"1",.,"A",.,"A",.,"A",.,"A",.,"A",.,"A",.,"A",.,"A",.,"A",.,"A",.,"A",.,"A",.,"A",.,"A",.,"A"
"20101",2012265,102,0,"1",.,"A",.,"A",.,"A",.,"A",.,"A",.,"A",468,"D",.,"A",.,"A",.,"A",.,"A",.,"A",.,"A",.,"A",.,"A"
"20101",2012295,66,0,"1",.,"A",.,"A",.,"A",.,"A",.,"A",12,"D",.,"A",.,"A",.,"A",.,"A",.,"A",.,"A",20,"D",.,"A",.,"A"
"20101",2012305,62,0,"1",.,"A",.,"A",.,"A",.,"A",.,"A",.,"A",.,"A",.,"A",.,"A",.,"A",.,"A",.,"A",105,"D",.,"A",.,"A"
"20101",2012315,52,0,"1",.,"A",.,"A",.,"A",100,"D",.,"A",65,"D",.,"A",.,"A",9,"D",.,"A",.,"A",.,"A",.,"A",.,"A",.,"A"
"20101",2012325,38,0,"1",.,"A",.,"A",.,"A",.,"A",.,"A",.,"A",.,"A",104,"D",.,"A",.,"A",.,"A",.,"A",.,"A",.,"A",.,"A"
"20101",2012335,64,0,"1",.,"A",.,"A",.,"A",.,"A",.,"A",.,"A",650,"D",.,"A",.,"A",.,"A",.,"A",.,"A",20,"D",.,"A",.,"A"
"20101",2012345,41,0,"1",.,"A",.,"A",.,"A",.,"A",.,"A",200,"D",.,"A",.,"A",.,"A",.,"A",.,"A",.,"A",50,"D",.,"A",.,"A"
"20101",2012355,38,0,"1",.,"A",.,"A",.,"A",.,"A",.,"A",.,"A",.,"A",.,"A",.,"A",.,"A",.,"A",.,"A",.,"A",.,"A",.,"A"
"20101",2012385,62,0,"1",.,"A",.,"A",.,"A",.,"A",.,"A",.,"A",.,"A",.,"A",.,"A",.,"A",.,"A",.,"A",100,"D",.,"A",.,"A"
"20101",2012405,54,0,"1",.,"A",.,"A",.,"A",.,"A",.,"A",18,"D",.,"A",.,"A",.,"A",.,"A",.,"A",.,"A",15,"D",.,"A",.,"A"
"20101",2012425,57,0,"1",.,"A",.,"A",.,"A",25,"D",.,"A",.,"A",.,"A",.,"A",.,"A",.,"A",.,"A",.,"A",90,"D",.,"A",.,"A"
"20101",2012435,35,0,"1",.,"A",.,"A",.,"A",.,"A",210,"D",.,"A",.,"A",.,"A",.,"A",.,"A",.,"A",.,"A",40,"D",.,"A",.,"A"
"20101",2012445,49,0,"1",.,"A",.,"A",.,"A",.,"A",.,"A",.,"A",.,"A",.,"A",.,"A",.,"A",.,"A",.,"A",.,"A",.,"A",.,"A"
"20101",2012455,65,0,"1",.,"A",.,"A",.,"A",20,"D",.,"A",90,"D",.,"A",.,"A",15,"D",30,"D",0,"D",60,"D",111,"D",10,"D",.,"A"
"20101",2012465,60,0,"1",.,"A",.,"A",.,"A",.,"A",.,"A",.,"A",.,"A",.,"A",.,"A",.,"A",.,"A",.,"A",1260,"D",.,"A",.,"A"
"20101",2012485,59,0,"1",.,"A",.,"A",.,"A",.,"A",.,"A",.,"A",650,"D",.,"A",.,"A",.,"A",.,"A",.,"A",.,"A",.,"A",.,"A"
"20101",2012495,81,0,"1",.,"A",.,"A",.,"A",.,"A",.,"A",.,"A",.,"A",.,"A",.,"A",.,"A",.,"A",.,"A",.,"A",.,"A",.,"A"
"20101",2012505,23,0,"1",.,"A",.,"A",.,"A",.,"A",90,"D",.,"A",.,"A",.,"A",.,"A",204,"D",0,"D",120,"D",.,"A",68,"D",.,"A"
"20101",2012515,46,0,"1",.,"A",.,"A",.,"A",.,"A",.,"A",.,"A",.,"A",.,"A",.,"A",.,"A",.,"A",.,"A",45,"D",.,"A",.,"A"
"20101",2012535,54,0,"1",.,"A",.,"A",.,"A",.,"A",.,"A",.,"A",.,"A",.,"A",.,"A",.,"A",.,"A",.,"A",50,"D",.,"A",.,"A"
"20101",2012545,28,0,"1",.,"A",.,"A",.,"A",.,"A",20,"D",.,"A",.,"A",.,"A",.,"A",267,"D",0,"D",0,"D",.,"A",89,"D",.,"A"
"20101",2012555,39,0,"1",.,"A",.,"A",.,"A",.,"A",.,"A",.,"A",.,"A",.,"A",.,"A",0,"D",0,"D",60,"D",50,"D",0,"D",.,"A"
"20101",2012565,39,0,"1",.,"A",.,"A",.,"A",.,"A",.,"A",.,"A",195,"D",.,"A",.,"A",.,"A",.,"A",.,"A",.,"A",.,"A",.,"A"
"20101",2012585,29,0,"1",.,"A",.,"A",.,"A",.,"A",30,"D",.,"A",.,"A",.,"A",.,"A",.,"A",.,"A",.,"A",.,"A",.,"A",.,"A"
"20101",2012605,60,0,"1",.,"A",.,"A",.,"A",.,"A",.,"A",.,"A",.,"A",39,"D",.,"A",.,"A",.,"A",.,"A",.,"A",.,"A",.,"A"
"20101",2012615,60,0,"1",.,"A",.,"A",.,"A",.,"A",.,"A",.,"A",650,"D",13,"D",.,"A",.,"A",.,"A",.,"A",60,"D",.,"A",.,"A"
"20101",2012625,39,0,"1",.,"A",.,"A",.,"A",.,"A",.,"A",.,"A",390,"D",.,"A",.,"A",.,"A",.,"A",.,"A",55,"D",.,"A",.,"A"
"20101",2012675,57,0,"1",.,"A",.,"A",.,"A",.,"A",.,"A",.,"A",.,"A",.,"A",.,"A",.,"A",.,"A",.,"A",80,"D",.,"A",.,"A"
"20101",2012685,87,0,"1",.,"A",.,"A",.,"A",.,"A",.,"A",.,"A",.,"A",.,"A",.,"A",.,"A",.,"A",.,"A",150,"D",.,"A",.,"A"
"20101",2012695,27,0,"1",.,"A",.,"A",.,"A",.,"A",.,"A",.,"A",.,"A",.,"A",.,"A",.,"A",.,"A",.,"A",.,"A",.,"A",.,"A"
"20101",2012705,49,0,"1",.,"A",.,"A",.,"A",.,"A",.,"A",.,"A",.,"A",.,"A",.,"A",.,"A",.,"A",.,"A",10,"D",.,"A",.,"A"
"20101",2012715,48,0,"1",.,"A",.,"A",.,"A",.,"A",.,"A",.,"A",.,"A",.,"A",.,"A",.,"A",.,"A",.,"A",20,"D",.,"A",.,"A"
"20101",2012725,58,0,"1",.,"A",.,"A",.,"A",.,"A",.,"A",.,"A",.,"A",.,"A",.,"A",.,"A",.,"A",.,"A",125,"D",.,"A",.,"A"
"20101",2012735,46,0,"1",.,"A",.,"A",.,"A",.,"A",.,"A",.,"A",104,"D",.,"A",.,"A",.,"A",.,"A",.,"A",.,"A",.,"A",.,"A"
"20101",2012755,30,0,"1",.,"A",.,"A",.,"A",.,"A",45,"D",.,"A",.,"A",.,"A",.,"A",.,"A",.,"A",.,"A",30,"D",.,"A",.,"A"
"20101",2012765,49,0,"1",.,"A",.,"A",.,"A",.,"A",.,"A",.,"A",533,"D",.,"A",.,"A",.,"A",.,"A",.,"A",.,"A",.,"A",.,"A"
"20101",2012815,54,0,"1",.,"A",.,"A",.,"A",.,"A",.,"A",.,"A",.,"A",.,"A",.,"A",.,"A",.,"A",.,"A",.,"A",.,"A",.,"A"
"20101",2012825,55,0,"1",.,"A",.,"A",.,"A",.,"A",.,"A",.,"A",.,"A",.,"A",.,"A",.,"A",.,"A",.,"A",.,"A",.,"A",.,"A"
"20101",2012835,80,0,"1",.,"A",.,"A",2,"D",.,"A",.,"A",20,"D",.,"A",.,"A",.,"A",.,"A",.,"A",.,"A",125,"D",.,"A",.,"A"
"20101",2012855,30,0,"1",45,"D",.,"A",.,"A",50,"D",75,"D",90,"D",.,"A",.,"A",.,"A",255,"D",0,"D",60,"D",70,"D",85,"D",.,"A"
"20101",2012865,38,0,"1",2,"D",.,"A",.,"A",70,"D",4,"D",.,"A",.,"A",.,"A",.,"A",30,"D",0,"D",0,"D",50,"D",10,"D",.,"A"
"20101",2012875,58,0,"1",.,"A",.,"A",.,"A",.,"A",.,"A",40,"D",.,"A",.,"A",.,"A",.,"A",.,"A",.,"A",200,"D",.,"A",.,"A"
"20101",2012885,29,0,"1",.,"A",.,"A",.,"A",.,"A",.,"A",.,"A",910,"D",.,"A",.,"A",.,"A",.,"A",.,"A",.,"A",.,"A",.,"A"
"20101",2012905,59,0,"1",.,"A",.,"A",1,"D",.,"A",.,"A",30,"D",.,"A",.,"A",.,"A",.,"A",.,"A",.,"A",126,"D",.,"A",.,"A"
"20101",2012915,73,0,"1",.,"A",.,"A",.,"A",.,"A",.,"A",.,"A",.,"A",.,"A",.,"A",.,"A",.,"A",.,"A",100,"D",.,"A",.,"A"
"20101",2012925,67,0,"1",.,"A",.,"A",.,"A",.,"A",.,"A",.,"A",.,"A",.,"A",.,"A",.,"A",.,"A",.,"A",135,"D",.,"A",.,"A"
"20101",2012945,52,0,"1",.,"A",.,"A",.,"A",.,"A",.,"A",.,"A",.,"A",.,"A",.,"A",.,"A",.,"A",.,"A",.,"A",.,"A",.,"A"
"20101",2012955,42,0,"1",.,"A",.,"A",.,"A",.,"A",.,"A",.,"A",.,"A",.,"A",.,"A",.,"A",.,"A",.,"A",.,"A",.,"A",.,"A"
"20101",2012965,48,0,"1",.,"A",.,"A",.,"A",.,"A",.,"A",.,"A",.,"A",.,"A",.,"A",.,"A",.,"A",.,"A",.,"A",.,"A",.,"A"
"20101",2012975,46,0,"1",.,"A",.,"A",.,"A",.,"A",.,"A",.,"A",.,"A",.,"A",.,"A",.,"A",.,"A",.,"A",100,"D",.,"A",.,"A"
"20101",2012995,61,0,"1",.,"A",.,"A",.,"A",.,"A",.,"A",.,"A",.,"A",.,"A",27,"D",.,"A",.,"A",.,"A",70,"D",.,"A",.,"A"
"20101",2013005,36,0,"1",.,"A",.,"A",.,"A",.,"A",30,"D",.,"A",390,"D",.,"A",.,"A",.,"A",.,"A",.,"A",.,"A",.,"A",.,"A"
"20101",2013015,54,0,"1",.,"A",.,"A",.,"A",460,"D",.,"A",120,"D",.,"A",.,"A",105,"D",0,"D",1200,"D",600,"D",340,"D",0,"D",.,"A"
"20101",2013025,43,0,"1",100,"D",.,"A",.,"A",.,"A",100,"D",.,"A",.,"A",.,"A",.,"A",.,"A",.,"A",.,"A",50,"D",.,"A",.,"A"
"20101",2013065,82,0,"1",.,"A",.,"A",.,"A",.,"A",.,"A",.,"A",.,"A",.,"A",.,"A",.,"A",.,"A",.,"A",331,"D",.,"A",.,"A"
"20101",2013075,50,0,"1",.,"A",.,"A",.,"A",.,"A",.,"A",.,"A",.,"A",.,"A",.,"A",.,"A",.,"A",.,"A",280,"D",.,"A",.,"A"
"20101",2013085,66,0,"1",.,"A",.,"A",.,"A",.,"A",.,"A",.,"A",910,"D",.,"A",.,"A",.,"A",.,"A",.,"A",.,"A",.,"A",.,"A"
"20101",2013105,47,0,"1",.,"A",.,"A",.,"A",.,"A",.,"A",.,"A",.,"A",130,"D",.,"A",.,"A",.,"A",.,"A",80,"D",.,"A",.,"A"
"20101",2013125,53,0,"1",.,"A",.,"A",.,"A",.,"A",.,"A",.,"A",.,"A",.,"A",.,"A",.,"A",.,"A",.,"A",.,"A",.,"A",.,"A"
"20101",2013135,63,0,"1",.,"A",.,"A",.,"A",.,"A",.,"A",.,"A",.,"A",.,"A",.,"A",.,"A",.,"A",.,"A",40,"D",.,"A",.,"A"
"20101",2013145,38,0,"1",.,"A",.,"A",.,"A",.,"A",.,"A",.,"A",.,"A",.,"A",.,"A",.,"A",.,"A",.,"A",.,"A",.,"A",.,"A"
"20101",2013155,41,0,"1",.,"A",.,"A",.,"A",.,"A",.,"A",.,"A",.,"A",.,"A",.,"A",.,"A",.,"A",.,"A",.,"A",.,"A",.,"A"
"20101",2013175,35,0,"1",.,"A",.,"A",.,"A",.,"A",.,"A",.,"A",455,"D",.,"A",.,"A",.,"A",.,"A",.,"A",.,"A",.,"A",.,"A"
"20101",2013185,82,0,"1",7,"D",.,"A",.,"A",.,"A",1,"D",5,"D",.,"A",39,"D",.,"A",.,"A",.,"A",.,"A",155,"D",.,"A",.,"A"
"20101",2013195,61,0,"1",.,"A",.,"A",.,"A",.,"A",.,"A",.,"A",325,"D",.,"A",.,"A",.,"A",.,"A",.,"A",105,"D",.,"A",.,"A"
"20101",2013205,54,0,"1",.,"A",.,"A",.,"A",.,"A",.,"A",.,"A",.,"A",.,"A",.,"A",.,"A",.,"A",.,"A",45,"D",.,"A",.,"A"
"20101",2013245,48,0,"1",.,"A",.,"A",.,"A",.,"A",.,"A",.,"A",.,"A",.,"A",.,"A",.,"A",.,"A",.,"A",240,"D",.,"A",.,"A"
"20101",2013285,43,0,"1",.,"A",.,"A",.,"A",.,"A",.,"A",.,"A",.,"A",.,"A",.,"A",.,"A",.,"A",.,"A",54,"D",.,"A",.,"A"
"20101",2013295,44,0,"1",.,"A",.,"A",.,"A",.,"A",.,"A",.,"A",.,"A",.,"A",.,"A",.,"A",.,"A",.,"A",.,"A",.,"A",.,"A"
"20101",2013305,38,0,"1",.,"A",.,"A",.,"A",.,"A",.,"A",.,"A",.,"A",.,"A",.,"A",.,"A",.,"A",.,"A",.,"A",.,"A",.,"A"
"20101",2013315,50,0,"1",.,"A",.,"A",.,"A",.,"A",.,"A",.,"A",.,"A",.,"A",.,"A",.,"A",.,"A",.,"A",39,"D",.,"A",.,"A"
"20101",2013325,44,0,"1",8,"D",.,"A",.,"A",.,"A",32,"D",.,"A",.,"A",.,"A",.,"A",.,"A",.,"A",.,"A",20,"D",.,"A",.,"A"
"20101",2013335,52,0,"1",.,"A",.,"A",.,"A",.,"A",.,"A",.,"A",.,"A",.,"A",.,"A",.,"A",.,"A",.,"A",.,"A",.,"A",.,"A"
"20101",2013365,60,0,"1",.,"A",.,"A",.,"A",.,"A",.,"A",.,"A",.,"A",.,"A",.,"A",.,"A",.,"A",.,"A",82,"D",.,"A",.,"A"
"20101",2013385,52,0,"1",.,"A",.,"A",.,"A",.,"A",.,"A",.,"A",1404,"D",.,"A",.,"A",.,"A",.,"A",.,"A",.,"A",.,"A",.,"A"
"20101",2013395,49,0,"1",.,"A",.,"A",.,"A",.,"A",.,"A",105,"D",.,"A",.,"A",.,"A",.,"A",.,"A",.,"A",45,"D",.,"A",.,"A"
"20101",2013425,46,0,"1",.,"A",.,"A",.,"A",.,"A",.,"A",.,"A",.,"A",.,"A",.,"A",.,"A",.,"A",.,"A",60,"D",.,"A",.,"A"
"20101",2013435,86,0,"1",.,"A",.,"A",.,"A",.,"A",.,"A",.,"A",260,"D",.,"A",.,"A",225,"D",0,"D",0,"D",40,"D",75,"D",.,"A"
"20101",2013445,60,0,"1",.,"A",.,"A",.,"A",.,"A",.,"A",.,"A",.,"A",.,"A",.,"A",.,"A",.,"A",.,"A",.,"A",.,"A",.,"A"
"20101",2013455,66,0,"1",.,"A",.,"A",.,"A",.,"A",.,"A",.,"A",.,"A",.,"A",.,"A",.,"A",.,"A",.,"A",150,"D",.,"A",.,"A"
"20101",2013465,47,0,"1",.,"A",.,"A",.,"A",.,"A",.,"A",.,"A",.,"A",.,"A",.,"A",.,"A",.,"A",.,"A",.,"A",.,"A",.,"A"
"20101",2013475,51,0,"1",150,"D",.,"A",.,"A",.,"A",150,"D",.,"A",.,"A",.,"A",.,"A",.,"A",.,"A",.,"A",150,"D",.,"A",.,"A"
"20101",2013485,57,0,"1",.,"A",30,"D",.,"A",.,"A",.,"A",0,"D",455,"D",.,"A",.,"A",.,"A",.,"A",.,"A",.,"A",.,"A",.,"A"
"20101",2013495,75,0,"1",.,"A",.,"A",.,"A",.,"A",.,"A",.,"A",.,"A",.,"A",.,"A",.,"A",.,"A",.,"A",105,"D",.,"A",.,"A"
"20101",2013505,61,0,"1",.,"A",.,"A",.,"A",.,"A",.,"A",.,"A",.,"A",.,"A",.,"A",.,"A",.,"A",.,"A",130,"D",.,"A",.,"A"
"20101",2013525,52,0,"1",.,"A",.,"A",.,"A",.,"A",.,"A",.,"A",.,"A",.,"A",.,"A",.,"A",.,"A",.,"A",.,"A",.,"A",.,"A"
"20101",2013535,100,0,"1",.,"A",.,"A",.,"A",.,"A",.,"A",.,"A",351,"F",.,"A",.,"A",.,"A",.,"A",.,"A",56,"D",.,"A",.,"A"
"20101",2013545,41,0,"1",20,"D",.,"A",.,"A",.,"A",20,"D",.,"A",.,"A",.,"A",.,"A",.,"A",.,"A",.,"A",.,"A",.,"A",.,"A"
"20101",2013565,56,0,"1",.,"A",.,"A",.,"A",.,"A",.,"A",90,"D",.,"A",.,"A",.,"A",1800,"D",0,"D",0,"D",.,"A",600,"D",.,"A"
"20101",2013575,62,0,"1",.,"A",.,"A",.,"A",.,"A",.,"A",.,"A",.,"A",.,"A",.,"A",.,"A",.,"A",.,"A",75,"D",.,"A",.,"A"
"20101",2013595,43,0,"1",.,"A",.,"A",.,"A",.,"A",.,"A",.,"A",.,"A",.,"A",.,"A",.,"A",.,"A",.,"A",45,"D",.,"A",.,"A"
"20101",2013605,37,0,"1",.,"A",.,"A",.,"A",.,"A",.,"A",.,"A",.,"A",.,"A",.,"A",.,"A",.,"A",.,"A",.,"A",.,"A",.,"A"
"20101",2013615,83,0,"1",.,"A",.,"A",.,"A",.,"A",.,"A",70,"D",.,"A",.,"A",.,"A",.,"A",.,"A",.,"A",300,"D",.,"A",.,"A"
"20101",2013635,42,0,"1",10,"D",.,"A",.,"A",.,"A",15,"D",.,"A",.,"A",.,"A",.,"A",.,"A",.,"A",.,"A",25,"D",.,"A",.,"A"
"20101",2013655,27,0,"1",.,"A",.,"A",.,"A",.,"A",.,"A",.,"A",520,"D",.,"A",.,"A",.,"A",.,"A",.,"A",.,"A",.,"A",.,"A"
"20101",2013675,108,0,"1",.,"A",.,"A",.,"A",40,"D",.,"A",.,"A",.,"A",.,"A",18,"D",.,"A",.,"A",.,"A",200,"D",.,"A",.,"A"
"20101",2013695,66,0,"1",.,"A",.,"A",.,"A",.,"A",.,"A",100,"D",.,"A",130,"D",.,"A",.,"A",.,"A",.,"A",170,"D",.,"A",.,"A"
"20101",2013705,46,0,"1",.,"A",.,"A",.,"A",.,"A",130,"D",.,"A",390,"D",.,"A",.,"A",.,"A",.,"A",.,"A",20,"D",.,"A",.,"A"
"20101",2013715,63,0,"1",.,"A",.,"A",.,"A",.,"A",.,"A",.,"A",.,"A",.,"A",.,"A",.,"A",.,"A",.,"A",90,"D",.,"A",.,"A"
"20101",2013735,59,0,"1",.,"A",.,"A",.,"A",.,"A",.,"A",.,"A",.,"A",.,"A",.,"A",.,"A",.,"A",.,"A",36,"D",.,"A",.,"A"
"20101",2013745,48,0,"1",.,"A",.,"A",.,"A",.,"A",.,"A",.,"A",325,"D",.,"A",.,"A",.,"A",.,"A",.,"A",.,"A",.,"A",.,"A"
"20101",2013755,44,0,"1",.,"A",.,"A",.,"A",.,"A",.,"A",.,"A",455,"D",.,"A",.,"A",.,"A",.,"A",.,"A",.,"A",.,"A",.,"A"
"20101",2013765,70,0,"1",.,"A",.,"A",.,"A",.,"A",.,"A",.,"A",.,"A",.,"A",45,"D",.,"A",.,"A",.,"A",35,"D",.,"A",.,"A"
"20101",2013775,53,0,"1",.,"A",.,"A",.,"A",.,"A",.,"A",.,"A",.,"A",.,"A",.,"A",.,"A",.,"A",.,"A",40,"D",.,"A",.,"A"
"20101",2013785,42,0,"1",.,"A",.,"A",.,"A",.,"A",.,"A",.,"A",.,"A",520,"D",.,"A",.,"A",.,"A",.,"A",.,"A",.,"A",.,"A"
"20101",2013795,64,0,"1",.,"A",.,"A",.,"A",.,"A",.,"A",.,"A",.,"A",.,"A",.,"A",60,"D",0,"D",0,"D",130,"D",20,"D",.,"A"
"20101",2013805,44,0,"1",.,"A",.,"A",.,"A",.,"A",.,"A",.,"A",.,"A",.,"A",.,"A",.,"A",.,"A",.,"A",.,"A",.,"A",.,"A"
"20101",2013815,28,0,"1",.,"A",.,"A",.,"A",.,"A",180,"D",15,"F",585,"D",.,"A",.,"A",.,"A",.,"A",.,"A",.,"A",.,"A",.,"A"
"20101",2013855,50,0,"1",.,"A",.,"A",.,"A",.,"A",.,"A",.,"A",.,"A",.,"A",.,"A",.,"A",.,"A",.,"A",.,"A",.,"A",.,"A"
"20101",2013865,59,0,"1",.,"A",.,"A",.,"A",.,"A",.,"A",.,"A",.,"A",.,"A",.,"A",.,"A",.,"A",.,"A",30,"D",.,"A",.,"A"
"20101",2013875,81,0,"1",.,"A",.,"A",.,"A",.,"A",.,"A",.,"A",.,"A",.,"A",30,"D",.,"A",.,"A",.,"A",25,"D",.,"A",.,"A"
"20101",2013885,124,0,"1",.,"A",.,"A",.,"A",.,"A",.,"A",.,"A",.,"A",.,"A",.,"A",.,"A",.,"A",.,"A",360,"D",.,"A",.,"A"
"20101",2013895,55,0,"1",.,"A",.,"A",.,"A",.,"A",.,"A",.,"A",3250,"D",.,"A",.,"A",.,"A",.,"A",.,"A",40,"D",.,"A",.,"A"
"20101",2013905,88,0,"1",.,"A",.,"A",.,"A",.,"A",.,"A",.,"A",923,"D",.,"A",.,"A",.,"A",.,"A",.,"A",60,"D",.,"A",.,"A"
"20101",2013915,35,0,"1",.,"A",.,"A",.,"A",.,"A",.,"A",.,"A",.,"A",.,"A",.,"A",.,"A",.,"A",.,"A",.,"A",.,"A",.,"A"
"20101",2013925,68,0,"1",.,"A",.,"A",.,"A",.,"A",.,"A",.,"A",.,"A",.,"A",.,"A",.,"A",.,"A",.,"A",70,"D",.,"A",.,"A"
"20101",2013935,97,0,"1",.,"A",.,"A",.,"A",.,"A",.,"A",.,"A",221,"D",.,"A",.,"A",.,"A",.,"A",.,"A",.,"A",.,"A",.,"A"
"20101",2013945,40,0,"1",.,"A",.,"A",.,"A",.,"A",.,"A",.,"A",.,"A",.,"A",6,"D",.,"A",.,"A",.,"A",150,"D",.,"A",.,"A"
"20101",2013985,40,0,"1",.,"A",.,"A",.,"A",.,"A",.,"A",.,"A",.,"A",.,"A",.,"A",.,"A",.,"A",.,"A",150,"D",.,"A",.,"A"
"20101",2013995,74,0,"1",.,"A",.,"A",.,"A",.,"A",.,"A",.,"A",.,"A",.,"A",.,"A",.,"A",.,"A",.,"A",320,"D",.,"A",.,"A"
"20101",2014005,68,0,"1",.,"A",.,"A",.,"A",.,"A",.,"A",.,"A",.,"A",.,"A",.,"A",.,"A",.,"A",.,"A",120,"D",.,"A",.,"A"
"20101",2014025,66,0,"1",.,"A",.,"A",.,"A",.,"A",.,"A",.,"A",260,"D",.,"A",.,"A",.,"A",.,"A",.,"A",36,"D",.,"A",.,"A"
"20101",2014035,70,0,"1",.,"A",.,"A",.,"A",.,"A",.,"A",.,"A",.,"A",.,"A",.,"A",.,"A",.,"A",.,"A",350,"D",.,"A",.,"A"
"20101",2014055,41,0,"1",.,"A",.,"A",.,"A",.,"A",.,"A",.,"A",.,"A",.,"A",.,"A",.,"A",.,"A",.,"A",15,"D",.,"A",.,"A"
"20101",2014065,61,0,"1",.,"A",.,"A",.,"A",.,"A",.,"A",.,"A",.,"A",.,"A",.,"A",.,"A",.,"A",.,"A",55,"D",.,"A",.,"A"
"20101",2014075,58,0,"1",8,"D",.,"A",.,"A",.,"A",0,"D",17,"D",.,"A",.,"A",.,"A",.,"A",.,"A",.,"A",90,"D",.,"A",.,"A"
"20101",2014085,49,0,"1",.,"A",.,"A",.,"A",.,"A",.,"A",.,"A",91,"D",.,"A",.,"A",.,"A",.,"A",.,"A",.,"A",.,"A",.,"A"
"20101",2014105,56,0,"1",.,"A",.,"A",.,"A",.,"A",.,"A",.,"A",.,"A",.,"A",.,"A",.,"A",.,"A",.,"A",25,"D",.,"A",.,"A"
"20101",2014135,36,0,"1",.,"A",.,"A",.,"A",.,"A",.,"A",.,"A",.,"A",.,"A",.,"A",.,"A",.,"A",.,"A",.,"A",.,"A",.,"A"
"20101",2014155,49,0,"1",.,"A",.,"A",.,"A",.,"A",.,"A",.,"A",.,"A",.,"A",.,"A",.,"A",.,"A",.,"A",20,"D",.,"A",.,"A"
"20101",2014165,85,0,"1",.,"A",.,"A",.,"A",.,"A",.,"A",.,"A",195,"D",78,"D",.,"A",.,"A",.,"A",.,"A",120,"D",.,"A",.,"A"
"20101",2014195,55,0,"1",.,"A",.,"A",.,"A",.,"A",.,"A",300,"D",.,"A",.,"A",.,"A",.,"A",.,"A",.,"A",.,"A",.,"A",.,"A"
"20101",2014205,50,0,"1",.,"A",.,"A",.,"A",.,"A",.,"A",.,"A",.,"A",.,"A",.,"A",.,"A",.,"A",.,"A",120,"D",.,"A",.,"A"
"20101",2014215,56,0,"1",.,"A",.,"A",27,"D",.,"A",.,"A",.,"A",.,"A",.,"A",.,"A",.,"A",.,"A",.,"A",275,"D",.,"A",.,"A"
"20101",2014225,68,0,"1",.,"A",.,"A",.,"A",.,"A",.,"A",60,"D",.,"A",.,"A",.,"A",.,"A",.,"A",.,"A",185,"D",.,"A",.,"A"
"20101",2014235,46,0,"1",.,"A",.,"A",.,"A",.,"A",.,"A",.,"A",.,"A",.,"A",.,"A",.,"A",.,"A",.,"A",.,"A",.,"A",.,"A"
"20101",2014245,54,0,"1",.,"A",.,"A",.,"A",.,"A",.,"A",.,"A",.,"A",.,"A",.,"A",.,"A",.,"A",.,"A",36,"D",.,"A",.,"A"
"20101",2014255,25,0,"1",.,"A",.,"A",.,"A",.,"A",.,"A",.,"A",.,"A",.,"A",.,"A",0,"D",0,"D",0,"D",.,"A",0,"D",.,"A"
"20101",2014265,41,0,"1",.,"A",.,"A",.,"A",.,"A",.,"A",.,"A",546,"D",.,"A",.,"A",0,"D",0,"D",30,"D",40,"D",0,"D",.,"A"
"20101",2014275,84,0,"1",.,"A",.,"A",.,"A",.,"A",.,"A",.,"A",.,"A",.,"A",.,"A",.,"A",.,"A",.,"A",51,"D",.,"A",.,"A"
"20101",2014285,21,0,"1",.,"A",.,"A",.,"A",.,"A",.,"A",.,"A",195,"D",.,"A",.,"A",.,"A",.,"A",.,"A",.,"A",.,"A",.,"A"
"20101",2014295,35,0,"1",.,"A",.,"A",.,"A",.,"A",.,"A",.,"A",.,"A",.,"A",.,"A",.,"A",.,"A",.,"A",.,"A",.,"A",.,"A"
"20101",2014305,68,0,"1",.,"A",.,"A",.,"A",.,"A",.,"A",.,"A",325,"D",.,"A",.,"A",.,"A",.,"A",.,"A",.,"A",.,"A",.,"A"
"20101",2014325,44,0,"1",.,"A",.,"A",.,"A",.,"A",.,"A",.,"A",650,"D",.,"A",.,"A",.,"A",.,"A",.,"A",.,"A",.,"A",.,"A"
"20101",2014335,51,0,"1",.,"A",.,"A",.,"A",.,"A",.,"A",.,"A",.,"A",.,"A",.,"A",.,"A",.,"A",.,"A",50,"D",.,"A",.,"A"
"20101",2014345,39,0,"1",.,"A",.,"A",.,"A",.,"A",.,"A",.,"A",.,"A",.,"A",.,"A",.,"A",.,"A",.,"A",.,"A",.,"A",.,"A"
"20101",2014365,41,0,"1",.,"A",.,"A",.,"A",.,"A",45,"D",.,"A",.,"A",.,"A",.,"A",.,"A",.,"A",.,"A",.,"A",.,"A",.,"A"
"20101",2014385,44,0,"1",.,"A",.,"A",.,"A",.,"A",.,"A",.,"A",390,"D",325,"D",.,"A",.,"A",.,"A",.,"A",.,"A",.,"A",.,"A"
"20101",2014405,65,0,"1",.,"A",.,"A",.,"A",.,"A",.,"A",20,"D",.,"A",.,"A",.,"A",.,"A",.,"A",.,"A",100,"D",.,"A",.,"A"
"20101",2014425,43,0,"1",.,"A",.,"A",.,"A",.,"A",.,"A",.,"A",.,"A",.,"A",.,"A",.,"A",.,"A",.,"A",20,"D",.,"A",.,"A"
"20101",2014435,62,0,"1",.,"A",.,"A",.,"A",.,"A",.,"A",.,"A",390,"D",.,"A",27,"D",.,"A",.,"A",.,"A",.,"A",.,"A",.,"A"
"20101",2014455,71,0,"1",.,"A",.,"A",.,"A",.,"A",.,"A",80,"D",.,"A",.,"A",.,"A",21,"D",0,"D",420,"D",100,"D",7,"D",420,"D"
"20101",2014485,53,0,"1",.,"A",.,"A",.,"A",.,"A",21,"D",85,"D",.,"A",.,"A",.,"A",.,"A",.,"A",.,"A",130,"D",.,"A",.,"A"
"20101",2014505,43,0,"1",.,"A",.,"A",.,"A",.,"A",.,"A",.,"A",.,"A",.,"A",.,"A",.,"A",.,"A",.,"A",.,"A",.,"A",.,"A"
"20101",2014515,51,0,"1",.,"A",.,"A",.,"A",.,"A",.,"A",.,"A",.,"A",.,"A",.,"A",.,"A",.,"A",.,"A",120,"D",.,"A",.,"A"
"20101",2014525,57,0,"1",.,"A",.,"A",.,"A",.,"A",.,"A",.,"A",.,"A",.,"A",.,"A",.,"A",.,"A",.,"A",112,"D",.,"A",.,"A"
"20101",2014535,45,0,"1",.,"A",.,"A",.,"A",.,"A",.,"A",.,"A",.,"A",.,"A",27,"D",.,"A",.,"A",.,"A",85,"D",.,"A",.,"A"
"20101",2014545,93,0,"1",.,"A",.,"A",.,"A",.,"A",.,"A",.,"A",.,"A",.,"A",.,"A",.,"A",.,"A",.,"A",36,"D",.,"A",.,"A"
"20101",2014585,41,0,"1",.,"A",.,"A",.,"A",.,"A",.,"A",20,"D",.,"A",.,"A",.,"A",.,"A",.,"A",.,"A",.,"A",.,"A",.,"A"
"20101",2014595,43,0,"1",.,"A",.,"A",.,"A",.,"A",.,"A",.,"A",.,"A",.,"A",.,"A",.,"A",.,"A",.,"A",25,"D",.,"A",.,"A"
"20101",2014615,75,0,"1",.,"A",.,"A",.,"A",.,"A",.,"A",.,"A",.,"A",.,"A",.,"A",.,"A",.,"A",.,"A",60,"D",.,"A",.,"A"
"20101",2014635,41,0,"1",.,"A",.,"A",.,"A",.,"A",.,"A",85,"D",.,"A",.,"A",.,"A",195,"D",0,"D",0,"D",85,"D",65,"D",.,"A"
"20101",2014645,81,0,"1",.,"A",.,"A",.,"A",.,"A",.,"A",.,"A",.,"A",.,"A",.,"A",.,"A",.,"A",.,"A",80,"D",.,"A",.,"A"
"20101",2014665,58,0,"1",.,"A",.,"A",.,"A",.,"A",.,"A",.,"A",.,"A",.,"A",.,"A",.,"A",.,"A",.,"A",.,"A",.,"A",.,"A"
"20101",2014675,88,0,"1",.,"A",.,"A",.,"A",.,"A",.,"A",.,"A",.,"A",.,"A",.,"A",.,"A",.,"A",.,"A",95,"D",.,"A",.,"A"
"20101",2014685,98,0,"1",.,"A",.,"A",.,"A",.,"A",.,"A",60,"D",260,"D",.,"A",.,"A",.,"A",.,"A",.,"A",120,"D",.,"A",.,"A"
"20101",2014695,61,0,"1",.,"A",.,"A",.,"A",.,"A",.,"A",.,"A",.,"A",78,"D",.,"A",.,"A",.,"A",.,"A",75,"D",.,"A",.,"A"
"20101",2014715,64,0,"1",.,"A",.,"A",.,"A",.,"A",.,"A",.,"A",.,"A",.,"A",.,"A",.,"A",.,"A",.,"A",15,"D",.,"A",.,"A"
"20101",2014745,91,0,"1",.,"A",.,"A",.,"A",.,"A",.,"A",.,"A",.,"A",.,"A",108,"D",.,"A",.,"A",.,"A",15,"D",.,"A",.,"A"
"20101",2014755,45,0,"1",.,"A",.,"A",.,"A",.,"A",.,"A",.,"A",.,"A",.,"A",.,"A",.,"A",.,"A",.,"A",10,"D",.,"A",.,"A"
"20101",2014765,88,0,"1",.,"A",.,"A",.,"A",.,"A",.,"A",.,"A",130,"D",.,"A",.,"A",.,"A",.,"A",.,"A",137,"D",.,"A",.,"A"
"20101",2014785,71,0,"1",.,"A",.,"A",.,"A",.,"A",.,"A",.,"A",130,"D",.,"A",.,"A",.,"A",.,"A",.,"A",20,"D",.,"A",.,"A"
"20101",2014795,40,0,"1",.,"A",.,"A",.,"A",.,"A",.,"A",.,"A",.,"A",.,"A",.,"A",.,"A",.,"A",.,"A",20,"D",.,"A",.,"A"
"20101",2014835,93,0,"1",.,"A",.,"A",.,"A",.,"A",.,"A",.,"A",637,"D",.,"A",.,"A",.,"A",.,"A",.,"A",85,"D",.,"A",.,"A"
"20101",2014845,66,0,"1",.,"A",.,"A",.,"A",.,"A",.,"A",.,"A",520,"D",.,"A",30,"D",.,"A",.,"A",.,"A",75,"D",.,"A",.,"A"
"20101",2014855,110,0,"1",.,"A",.,"A",.,"A",.,"A",.,"A",96,"D",.,"A",.,"A",75,"D",480,"D",0,"D",0,"D",250,"D",160,"D",.,"A"
"20101",2014885,39,0,"1",.,"A",.,"A",.,"A",.,"A",100,"D",.,"A",.,"A",.,"A",.,"A",.,"A",.,"A",.,"A",170,"D",.,"A",.,"A"
"20101",2014915,95,0,"1",.,"A",.,"A",30,"D",80,"D",.,"A",45,"D",.,"A",.,"A",.,"A",.,"A",.,"A",.,"A",50,"D",.,"A",.,"A"
"20101",2014925,40,0,"1",.,"A",.,"A",.,"A",.,"A",.,"A",.,"A",.,"A",.,"A",.,"A",.,"A",.,"A",.,"A",100,"D",.,"A",.,"A"
"20101",2014935,38,0,"1",.,"A",.,"A",.,"A",.,"A",30,"D",.,"A",.,"A",.,"A",.,"A",.,"A",.,"A",.,"A",.,"A",.,"A",.,"A"
"20101",2014975,45,0,"1",.,"A",.,"A",.,"A",.,"A",60,"D",25,"D",.,"A",.,"A",.,"A",.,"A",.,"A",.,"A",600,"D",.,"A",.,"A"
"20101",2014995,73,0,"1",.,"A",.,"A",.,"A",.,"A",.,"A",.,"A",.,"A",.,"A",.,"A",.,"A",.,"A",.,"A",.,"A",.,"A",.,"A"
"20101",2015035,31,0,"1",20,"D",.,"A",.,"A",.,"A",100,"D",.,"A",455,"D",.,"A",.,"A",0,"D",0,"D",36,"D",.,"A",0,"D",.,"A"
"20101",2015045,44,0,"1",.,"A",.,"A",.,"A",.,"A",.,"A",.,"A",.,"A",.,"A",.,"A",.,"A",.,"A",.,"A",90,"D",.,"A",.,"A"
"20101",2015055,72,0,"1",.,"A",.,"A",.,"A",300,"D",.,"A",25,"D",.,"A",.,"A",.,"A",0,"D",0,"D",0,"D",98,"D",0,"D",.,"A"
"20101",2015105,71,0,"1",.,"A",.,"A",.,"A",.,"A",.,"A",.,"A",.,"A",.,"A",.,"A",.,"A",.,"A",.,"A",25,"D",.,"A",.,"A"
"20101",2015115,44,0,"1",.,"A",.,"A",.,"A",.,"A",.,"A",.,"A",.,"A",.,"A",30,"D",.,"A",.,"A",.,"A",500,"D",.,"A",.,"A"
"20101",2015135,76,0,"1",.,"A",.,"A",.,"A",.,"A",.,"A",76,"D",.,"A",.,"A",.,"A",.,"A",.,"A",.,"A",150,"D",.,"A",.,"A"
"20101",2015145,56,0,"1",.,"A",.,"A",.,"A",.,"A",.,"A",.,"A",65,"D",.,"A",.,"A",.,"A",.,"A",.,"A",50,"D",.,"A",.,"A"
"20101",2015155,63,0,"1",.,"A",.,"A",.,"A",.,"A",40,"D",.,"A",.,"A",.,"A",.,"A",.,"A",.,"A",.,"A",45,"D",.,"A",.,"A"
"20101",2015165,57,0,"1",.,"A",.,"A",.,"A",.,"A",.,"A",.,"A",.,"A",.,"A",.,"A",.,"A",.,"A",.,"A",90,"D",.,"A",.,"A"
"20101",2015175,37,0,"1",0,"F",.,"A",.,"A",.,"A",360,"F",.,"A",.,"A",.,"A",.,"A",270,"D",270,"D",0,"D",.,"A",90,"D",.,"A"
"20101",2015195,50,0,"1",.,"A",.,"A",.,"A",50,"D",.,"A",.,"A",.,"A",.,"A",.,"A",2400,"D",0,"D",0,"D",590,"D",800,"D",.,"A"
"20101",2015205,50,0,"1",.,"A",.,"A",.,"A",.,"A",.,"A",.,"A",.,"A",390,"D",.,"A",.,"A",.,"A",.,"A",.,"A",.,"A",.,"A"
"20101",2015215,102,0,"1",.,"A",.,"A",.,"A",.,"A",.,"A",.,"A",.,"A",130,"D",.,"A",.,"A",.,"A",.,"A",124,"D",.,"A",.,"A"
"20101",2015225,93,0,"1",.,"A",.,"A",.,"A",.,"A",.,"A",.,"A",.,"A",.,"A",.,"A",.,"A",.,"A",.,"A",20,"D",.,"A",.,"A"
"20101",2015235,73,0,"1",.,"A",.,"A",.,"A",.,"A",.,"A",24,"D",.,"A",.,"A",.,"A",.,"A",.,"A",.,"A",250,"D",.,"A",.,"A"
"20101",2015265,38,0,"1",.,"A",.,"A",.,"A",.,"A",.,"A",.,"A",.,"A",.,"A",.,"A",.,"A",.,"A",.,"A",.,"A",.,"A",.,"A"
"20101",2015275,31,0,"1",.,"A",.,"A",.,"A",.,"A",.,"A",.,"A",195,"D",.,"A",.,"A",.,"A",.,"A",.,"A",12,"D",.,"A",.,"A"
"20101",2015285,44,0,"1",.,"A",.,"A",.,"A",.,"A",.,"A",.,"A",.,"A",.,"A",.,"A",.,"A",.,"A",.,"A",60,"D",.,"A",.,"A"
"20101",2015295,42,0,"1",.,"A",.,"A",.,"A",.,"A",.,"A",25,"D",.,"A",.,"A",.,"A",.,"A",.,"A",.,"A",400,"D",.,"A",.,"A"
"20101",2015315,42,0,"1",.,"A",.,"A",.,"A",.,"A",.,"A",23,"D",.,"A",.,"A",.,"A",.,"A",.,"A",.,"A",36,"D",.,"A",.,"A"
"20101",2015325,72,0,"1",.,"A",.,"A",.,"A",.,"A",.,"A",.,"A",.,"A",.,"A",.,"A",.,"A",.,"A",.,"A",300,"D",.,"A",.,"A"
"20101",2015345,63,0,"1",.,"A",.,"A",.,"A",.,"A",.,"A",.,"A",455,"D",.,"A",39,"D",.,"A",.,"A",.,"A",.,"A",.,"A",.,"A"
"20101",2015375,45,0,"1",.,"A",.,"A",.,"A",.,"A",.,"A",.,"A",.,"A",.,"A",36,"D",.,"A",.,"A",.,"A",.,"A",.,"A",.,"A"
"20101",2015385,33,0,"1",.,"A",.,"A",.,"A",.,"A",.,"A",.,"A",.,"A",.,"A",.,"A",60,"D",0,"D",0,"D",60,"D",20,"D",.,"A"
"20101",2015395,74,0,"1",.,"A",.,"A",.,"A",.,"A",.,"A",.,"A",.,"A",.,"A",30,"D",.,"A",.,"A",.,"A",45,"D",.,"A",.,"A"
"20101",2015405,26,0,"1",.,"A",.,"A",.,"A",.,"A",.,"A",.,"A",.,"A",.,"A",.,"A",.,"A",.,"A",.,"A",16,"D",.,"A",.,"A"
"20101",2015425,54,0,"1",.,"A",.,"A",.,"A",.,"A",.,"A",.,"A",.,"A",.,"A",12,"D",.,"A",.,"A",.,"A",50,"D",.,"A",.,"A"
"20101",2015435,69,0,"1",.,"A",.,"A",.,"A",.,"A",.,"A",.,"A",156,"D",.,"A",.,"A",.,"A",.,"A",.,"A",8,"D",.,"A",.,"A"
"20101",2015445,39,0,"1",.,"A",.,"A",.,"A",.,"A",.,"A",.,"A",650,"D",.,"A",.,"A",.,"A",.,"A",.,"A",.,"A",.,"A",.,"A"
"20101",2015455,80,0,"1",.,"A",.,"A",.,"A",.,"A",.,"A",600,"D",156,"F",.,"A",.,"A",.,"A",.,"A",.,"A",300,"D",.,"A",.,"A"
"20101",2015465,65,0,"1",.,"A",.,"A",.,"A",.,"A",.,"A",.,"A",.,"A",.,"A",.,"A",.,"A",.,"A",.,"A",90,"D",.,"A",.,"A"
"20101",2015505,44,0,"1",.,"A",.,"A",.,"A",.,"A",.,"A",.,"A",.,"A",.,"A",15,"D",.,"A",.,"A",.,"A",.,"A",.,"A",.,"A"
"20101",2015515,62,0,"1",.,"A",.,"A",.,"A",.,"A",.,"A",.,"A",.,"A",.,"A",.,"A",.,"A",.,"A",.,"A",.,"A",.,"A",.,"A"
"20101",2015545,43,0,"1",.,"A",.,"A",.,"A",.,"A",.,"A",.,"A",390,"D",.,"A",.,"A",.,"A",.,"A",.,"A",.,"A",.,"A",.,"A"
"20101",2015555,70,0,"1",.,"A",.,"A",.,"A",.,"A",.,"A",33,"D",.,"A",.,"A",.,"A",.,"A",.,"A",.,"A",230,"D",.,"A",.,"A"
"20101",2015575,63,0,"1",.,"A",.,"A",.,"A",.,"A",.,"A",.,"A",.,"A",.,"A",.,"A",.,"A",.,"A",.,"A",13,"D",.,"A",.,"A"
"20101",2015585,44,0,"1",.,"A",.,"A",.,"A",.,"A",.,"A",.,"A",.,"A",.,"A",.,"A",.,"A",.,"A",.,"A",.,"A",.,"A",.,"A"
"20101",2015605,40,0,"1",.,"A",.,"A",.,"A",.,"A",.,"A",.,"A",.,"A",.,"A",.,"A",.,"A",.,"A",.,"A",5,"D",.,"A",.,"A"
"20101",2015615,80,0,"1",.,"A",.,"A",.,"A",.,"A",.,"A",.,"A",.,"A",.,"A",.,"A",.,"A",.,"A",.,"A",120,"D",.,"A",.,"A"
"20101",2015625,73,0,"1",.,"A",.,"A",.,"A",.,"A",.,"A",62,"F",.,"A",.,"A",.,"A",.,"A",.,"A",.,"A",15,"D",.,"A",.,"A"
"20101",2015635,37,0,"1",.,"A",.,"A",.,"A",.,"A",.,"A",.,"A",.,"A",.,"A",.,"A",.,"A",.,"A",.,"A",105,"D",.,"A",.,"A"
"20101",2015645,47,0,"1",.,"A",.,"A",.,"A",.,"A",.,"A",.,"A",650,"D",.,"A",.,"A",.,"A",.,"A",.,"A",20,"D",.,"A",.,"A"
"20101",2015655,56,0,"1",.,"A",.,"A",.,"A",.,"A",.,"A",.,"A",650,"D",.,"A",.,"A",.,"A",.,"A",.,"A",7,"D",.,"A",.,"A"
"20101",2015665,37,0,"1",.,"A",.,"A",.,"A",.,"A",.,"A",.,"A",.,"A",.,"A",.,"A",.,"A",.,"A",.,"A",40,"D",.,"A",.,"A"
"20101",2015675,33,0,"1",.,"A",.,"A",.,"A",.,"A",.,"A",.,"A",260,"D",.,"A",.,"A",.,"A",.,"A",.,"A",.,"A",.,"A",.,"A"
"20101",2015685,35,0,"1",.,"A",.,"A",.,"A",.,"A",.,"A",150,"D",.,"A",.,"A",.,"A",.,"A",.,"A",.,"A",40,"D",.,"A",.,"A"
"20101",2015695,69,0,"1",.,"A",.,"A",.,"A",.,"A",.,"A",.,"A",.,"A",.,"A",.,"A",.,"A",.,"A",.,"A",40,"D",.,"A",.,"A"
"20101",2015705,39,0,"1",.,"A",.,"A",.,"A",.,"A",60,"D",.,"A",.,"A",.,"A",.,"A",.,"A",.,"A",.,"A",10,"D",.,"A",.,"A"
"20101",2015715,57,0,"1",.,"A",.,"A",.,"A",.,"A",.,"A",.,"A",.,"A",.,"A",30,"D",.,"A",.,"A",.,"A",.,"A",.,"A",.,"A"
"20101",2015725,43,0,"1",.,"A",.,"A",.,"A",.,"A",.,"A",.,"A",.,"A",.,"A",.,"A",.,"A",.,"A",.,"A",50,"D",.,"A",.,"A"
"20101",2015735,57,0,"1",.,"A",.,"A",.,"A",.,"A",.,"A",.,"A",.,"A",.,"A",.,"A",.,"A",.,"A",.,"A",50,"D",.,"A",.,"A"
"20101",2015745,62,0,"1",.,"A",.,"A",.,"A",.,"A",.,"A",.,"A",.,"A",.,"A",.,"A",.,"A",.,"A",.,"A",405,"D",.,"A",.,"A"
"20101",2015755,76,0,"1",.,"A",.,"A",.,"A",24,"D",.,"A",32,"D",.,"A",780,"D",.,"A",.,"A",.,"A",.,"A",85,"D",.,"A",.,"A"
"20101",2015765,65,0,"1",.,"A",.,"A",.,"A",.,"A",.,"A",.,"A",455,"D",.,"A",.,"A",.,"A",.,"A",.,"A",55,"D",.,"A",.,"A"
"20101",2015775,52,0,"1",.,"A",.,"A",.,"A",.,"A",.,"A",.,"A",195,"D",.,"A",.,"A",.,"A",.,"A",.,"A",65,"D",.,"A",.,"A"
"20101",2015795,39,0,"1",.,"A",.,"A",.,"A",.,"A",.,"A",.,"A",.,"A",.,"A",.,"A",.,"A",.,"A",.,"A",18,"D",.,"A",.,"A"
"20101",2015805,52,0,"1",.,"A",.,"A",145,"D",.,"A",.,"A",50,"D",.,"A",.,"A",.,"A",.,"A",.,"A",.,"A",360,"D",.,"A",.,"A"
"20101",2015825,44,0,"1",.,"A",.,"A",.,"A",.,"A",.,"A",.,"A",.,"A",.,"A",.,"A",.,"A",.,"A",.,"A",55,"D",.,"A",.,"A"
"20101",2015875,75,0,"1",.,"A",.,"A",25,"D",5,"D",.,"A",.,"A",.,"A",.,"A",.,"A",.,"A",.,"A",.,"A",85,"D",.,"A",.,"A"
"20101",2015885,42,0,"1",.,"A",.,"A",.,"A",.,"A",.,"A",.,"A",845,"D",.,"A",.,"A",.,"A",.,"A",.,"A",.,"A",.,"A",.,"A"
"20101",2015925,34,0,"1",.,"A",.,"A",.,"A",.,"A",.,"A",.,"A",.,"A",.,"A",.,"A",.,"A",.,"A",.,"A",40,"D",.,"A",.,"A"
"20101",2015935,54,0,"1",.,"A",.,"A",.,"A",.,"A",.,"A",.,"A",.,"A",.,"A",.,"A",.,"A",.,"A",.,"A",.,"A",.,"A",.,"A"
"20101",2015955,43,0,"1",.,"A",.,"A",.,"A",.,"A",130,"D",.,"A",195,"D",.,"A",.,"A",.,"A",.,"A",.,"A",15,"D",.,"A",.,"A"
"20101",2016005,61,0,"1",.,"A",.,"A",.,"A",.,"A",.,"A",.,"A",.,"A",.,"A",600,"D",.,"A",.,"A",.,"A",20,"D",.,"A",.,"A"
"20101",2016015,42,0,"1",.,"A",.,"A",.,"A",.,"A",.,"A",.,"A",.,"A",.,"A",.,"A",.,"A",.,"A",.,"A",.,"A",.,"A",.,"A"
"20101",2016025,52,0,"1",.,"A",.,"A",.,"A",.,"A",.,"A",.,"A",.,"A",.,"A",.,"A",.,"A",.,"A",.,"A",45,"D",.,"A",.,"A"
"20101",2016075,55,0,"1",.,"A",.,"A",.,"A",.,"A",.,"A",.,"A",.,"A",.,"A",.,"A",.,"A",.,"A",.,"A",.,"A",.,"A",.,"A"
"20101",2016095,43,0,"1",.,"A",.,"A",.,"A",.,"A",.,"A",.,"A",130,"D",195,"D",105,"D",.,"A",.,"A",.,"A",.,"A",.,"A",.,"A"
"20101",2016105,51,0,"1",.,"A",.,"A",.,"A",.,"A",.,"A",.,"A",351,"D",.,"A",.,"A",.,"A",.,"A",.,"A",17,"D",.,"A",.,"A"
"20101",2016135,61,0,"1",.,"A",.,"A",.,"A",.,"A",.,"A",.,"A",.,"A",.,"A",.,"A",.,"A",.,"A",.,"A",240,"D",.,"A",.,"A"
"20101",2016145,39,0,"1",.,"A",.,"A",.,"A",.,"A",42,"D",.,"A",.,"A",.,"A",.,"A",.,"A",.,"A",.,"A",.,"A",.,"A",.,"A"
"20101",2016155,46,0,"1",.,"A",.,"A",.,"A",.,"A",.,"A",.,"A",.,"A",.,"A",.,"A",.,"A",.,"A",.,"A",5,"D",.,"A",.,"A"
"20101",2016165,38,0,"1",.,"A",.,"A",.,"A",.,"A",.,"A",.,"A",.,"A",.,"A",.,"A",.,"A",.,"A",.,"A",.,"A",.,"A",.,"A"
"20101",2016175,83,0,"1",.,"A",.,"A",.,"A",.,"A",.,"A",.,"A",676,"D",.,"A",.,"A",.,"A",.,"A",.,"A",46,"D",.,"A",.,"A"
"20101",2016195,46,0,"1",.,"A",.,"A",.,"A",.,"A",.,"A",.,"A",.,"A",.,"A",.,"A",.,"A",.,"A",.,"A",20,"D",.,"A",.,"A"
"20101",2016205,52,0,"1",.,"A",.,"A",.,"A",.,"A",.,"A",.,"A",.,"A",26,"D",.,"A",.,"A",.,"A",.,"A",.,"A",.,"A",.,"A"
"20101",2016215,44,0,"1",.,"A",.,"A",.,"A",.,"A",.,"A",.,"A",.,"A",.,"A",.,"A",.,"A",.,"A",.,"A",.,"A",.,"A",.,"A"
"20101",2016235,58,0,"1",.,"A",.,"A",.,"A",.,"A",.,"A",.,"A",.,"A",.,"A",.,"A",.,"A",.,"A",.,"A",.,"A",.,"A",.,"A"
"20101",2016255,50,0,"1",.,"A",.,"A",.,"A",.,"A",.,"A",.,"A",91,"D",.,"A",.,"A",.,"A",.,"A",.,"A",33,"D",.,"A",.,"A"
"20101",2016265,35,0,"1",.,"A",.,"A",.,"A",.,"A",.,"A",.,"A",.,"A",.,"A",.,"A",.,"A",.,"A",.,"A",.,"A",.,"A",.,"A"
"20101",2016275,40,0,"1",.,"A",.,"A",.,"A",.,"A",.,"A",.,"A",.,"A",.,"A",.,"A",.,"A",.,"A",.,"A",.,"A",.,"A",.,"A"
"20101",2016285,64,0,"1",.,"A",.,"A",.,"A",.,"A",.,"A",.,"A",260,"D",.,"A",.,"A",.,"A",.,"A",.,"A",40,"D",.,"A",.,"A"
"20101",2016295,30,0,"1",.,"A",.,"A",.,"A",.,"A",.,"A",.,"A",.,"A",.,"A",.,"A",.,"A",.,"A",.,"A",.,"A",.,"A",.,"A"
"20101",2016305,48,0,"1",.,"A",.,"A",.,"A",.,"A",.,"A",.,"A",.,"A",.,"A",.,"A",.,"A",.,"A",.,"A",.,"A",.,"A",.,"A"
"20101",2016325,70,0,"1",.,"A",.,"A",.,"A",.,"A",.,"A",.,"A",.,"A",.,"A",.,"A",.,"A",.,"A",.,"A",103,"D",.,"A",.,"A"
"20101",2016335,54,0,"1",.,"A",.,"A",.,"A",.,"A",.,"A",.,"A",.,"A",.,"A",.,"A",.,"A",.,"A",.,"A",.,"A",.,"A",.,"A"
"20101",2016355,105,0,"1",.,"A",.,"A",.,"A",.,"A",.,"A",.,"A",.,"A",.,"A",.,"A",.,"A",.,"A",.,"A",60,"D",.,"A",.,"A"
"20101",2016365,34,0,"1",.,"A",.,"A",.,"A",.,"A",.,"A",.,"A",.,"A",.,"A",.,"A",.,"A",.,"A",.,"A",.,"A",.,"A",.,"A"
"20101",2016375,45,0,"1",.,"A",.,"A",.,"A",.,"A",.,"A",.,"A",.,"A",.,"A",.,"A",.,"A",.,"A",.,"A",.,"A",.,"A",.,"A"
"20101",2016385,73,0,"1",.,"A",.,"A",.,"A",.,"A",.,"A",300,"D",.,"A",.,"A",.,"A",.,"A",.,"A",.,"A",200,"D",.,"A",.,"A"
"20101",2016405,80,0,"1",.,"A",.,"A",.,"A",200,"D",.,"A",336,"D",.,"A",.,"A",.,"A",.,"A",.,"A",.,"A",855,"D",.,"A",.,"A"
"20101",2016415,42,0,"1",.,"A",.,"A",.,"A",.,"A",60,"D",.,"A",.,"A",.,"A",.,"A",.,"A",.,"A",.,"A",.,"A",.,"A",.,"A"
"20101",2016465,67,0,"1",.,"A",.,"A",.,"A",.,"A",.,"A",.,"A",.,"A",.,"A",.,"A",.,"A",.,"A",.,"A",.,"A",.,"A",.,"A"
"20101",2016475,34,0,"1",.,"A",.,"A",.,"A",.,"A",.,"A",.,"A",.,"A",.,"A",.,"A",.,"A",.,"A",.,"A",25,"D",.,"A",.,"A"
"20101",2016505,50,0,"1",.,"A",.,"A",.,"A",.,"A",.,"A",.,"A",.,"A",.,"A",.,"A",.,"A",.,"A",.,"A",48,"D",.,"A",.,"A"
"20101",2016515,71,0,"1",.,"A",.,"A",.,"A",.,"A",.,"A",12,"D",.,"A",.,"A",.,"A",270,"D",0,"D",0,"D",180,"D",90,"D",.,"A"
"20101",2016525,88,0,"1",.,"A",.,"A",.,"A",.,"A",.,"A",.,"A",.,"A",.,"A",.,"A",.,"A",.,"A",.,"A",105,"D",.,"A",.,"A"
"20101",2016535,44,0,"1",.,"A",.,"A",.,"A",.,"A",.,"A",.,"A",390,"D",.,"A",18,"D",.,"A",.,"A",.,"A",.,"A",.,"A",.,"A"
"20101",2016545,72,0,"1",.,"A",.,"A",.,"A",.,"A",.,"A",40,"D",.,"A",.,"A",.,"A",.,"A",.,"A",.,"A",225,"D",.,"A",.,"A"
"20101",2016565,68,0,"1",.,"A",.,"A",.,"A",.,"A",.,"A",.,"A",.,"A",.,"A",30,"D",.,"A",.,"A",.,"A",.,"A",.,"A",.,"A"
"20101",2016575,49,0,"1",.,"A",.,"A",.,"A",.,"A",.,"A",.,"A",.,"A",.,"A",.,"A",.,"A",.,"A",.,"A",40,"D",.,"A",.,"A"
"20101",2016585,71,0,"1",.,"A",.,"A",.,"A",.,"A",.,"A",.,"A",.,"A",.,"A",.,"A",.,"A",.,"A",.,"A",42,"D",.,"A",.,"A"
"20101",2016605,51,0,"1",.,"A",.,"A",.,"A",.,"A",.,"A",.,"A",.,"A",.,"A",.,"A",.,"A",.,"A",.,"A",160,"D",.,"A",.,"A"
"20101",2016625,39,0,"1",.,"A",.,"A",.,"A",.,"A",.,"A",.,"A",.,"A",.,"A",.,"A",.,"A",.,"A",.,"A",.,"A",.,"A",.,"A"
"20101",2016635,66,0,"1",.,"A",.,"A",.,"A",.,"A",.,"A",.,"A",.,"A",.,"A",.,"A",.,"A",.,"A",.,"A",150,"D",.,"A",.,"A"
"20101",2016645,67,0,"1",.,"A",.,"A",.,"A",30,"D",.,"A",.,"A",.,"A",.,"A",.,"A",.,"A",.,"A",.,"A",100,"D",.,"A",.,"A"
"20101",2016655,81,0,"1",.,"A",.,"A",.,"A",.,"A",.,"A",.,"A",.,"A",.,"A",.,"A",.,"A",.,"A",.,"A",100,"D",.,"A",.,"A"
"20101",2016665,45,0,"1",.,"A",.,"A",.,"A",.,"A",.,"A",.,"A",.,"A",.,"A",18,"D",.,"A",.,"A",.,"A",30,"D",.,"A",.,"A"
"20101",2016675,36,0,"1",50,"D",.,"A",.,"A",.,"A",50,"D",.,"A",.,"A",.,"A",.,"A",300,"D",0,"D",0,"D",100,"D",100,"D",.,"A"
"20101",2016695,72,0,"1",.,"A",.,"A",.,"A",.,"A",.,"A",.,"A",455,"D",.,"A",.,"A",.,"A",.,"A",.,"A",250,"D",.,"A",.,"A"
"20101",2016705,47,0,"1",.,"A",.,"A",.,"A",.,"A",30,"D",.,"A",104,"D",.,"A",.,"A",.,"A",.,"A",.,"A",15,"D",.,"A",.,"A"
"20101",2016715,66,0,"1",.,"A",.,"A",75,"D",.,"A",.,"A",.,"A",.,"A",.,"A",.,"A",0,"D",0,"D",0,"D",12,"D",0,"D",.,"A"
"20101",2016745,40,0,"1",.,"A",.,"A",.,"A",.,"A",.,"A",.,"A",.,"A",.,"A",.,"A",.,"A",.,"A",.,"A",60,"D",.,"A",.,"A"
"20101",2016755,48,0,"1",.,"A",.,"A",.,"A",.,"A",.,"A",.,"A",.,"A",.,"A",.,"A",.,"A",.,"A",.,"A",.,"A",.,"A",.,"A"
"20101",2016765,26,0,"1",20,"D",.,"A",.,"A",.,"A",115,"D",.,"A",.,"A",.,"A",.,"A",234,"D",0,"D",120,"D",.,"A",78,"D",.,"A"
"20101",2016775,43,0,"1",.,"A",.,"A",.,"A",.,"A",.,"A",.,"A",.,"A",.,"A",.,"A",.,"A",.,"A",.,"A",60,"D",.,"A",.,"A"
"20101",2016785,79,0,"1",.,"A",.,"A",40,"D",.,"A",.,"A",.,"A",.,"A",.,"A",.,"A",.,"A",.,"A",.,"A",175,"D",.,"A",.,"A"
"20101",2016795,34,0,"1",.,"A",.,"A",.,"A",.,"A",.,"A",.,"A",130,"D",.,"A",.,"A",.,"A",.,"A",.,"A",60,"D",.,"A",.,"A"
"20101",2016815,51,0,"1",.,"A",.,"A",.,"A",.,"A",.,"A",.,"A",.,"A",.,"A",.,"A",.,"A",.,"A",.,"A",.,"A",.,"A",.,"A"
"20101",2016825,62,0,"1",.,"A",.,"A",.,"A",.,"A",.,"A",.,"A",.,"A",.,"A",.,"A",.,"A",.,"A",.,"A",61,"D",.,"A",.,"A"
"20101",2016855,34,0,"1",.,"A",.,"A",.,"A",.,"A",.,"A",.,"A",.,"A",.,"A",.,"A",.,"A",.,"A",.,"A",25,"D",.,"A",.,"A"
"20101",2016875,43,0,"1",.,"A",.,"A",.,"A",.,"A",.,"A",.,"A",.,"A",.,"A",.,"A",.,"A",.,"A",.,"A",.,"A",.,"A",.,"A"
"20101",2016885,58,0,"1",.,"A",.,"A",.,"A",.,"A",.,"A",.,"A",325,"D",.,"A",.,"A",.,"A",.,"A",.,"A",75,"D",.,"A",.,"A"
"20101",2016895,58,0,"1",.,"A",.,"A",125,"D",.,"A",.,"A",10,"D",.,"A",.,"A",.,"A",.,"A",.,"A",.,"A",180,"D",.,"A",.,"A"
"20101",2016925,54,0,"1",.,"A",.,"A",.,"A",.,"A",.,"A",.,"A",.,"A",.,"A",.,"A",.,"A",.,"A",.,"A",212,"D",.,"A",.,"A"
"20101",2016935,50,0,"1",.,"A",.,"A",.,"A",.,"A",.,"A",60,"D",.,"A",.,"A",30,"D",.,"A",.,"A",.,"A",100,"D",.,"A",.,"A"
"20101",2016945,46,0,"1",.,"A",.,"A",.,"A",.,"A",.,"A",.,"A",.,"A",.,"A",.,"A",.,"A",.,"A",.,"A",60,"D",.,"A",.,"A"
"20101",2016965,62,0,"1",.,"A",.,"A",.,"A",.,"A",.,"A",.,"A",.,"A",.,"A",.,"A",.,"A",.,"A",.,"A",35,"D",.,"A",.,"A"
"20101",2016975,63,0,"1",.,"A",.,"A",.,"A",.,"A",.,"A",.,"A",455,"D",.,"A",.,"A",.,"A",.,"A",.,"A",200,"D",.,"A",.,"A"
"20101",2016985,73,0,"1",.,"A",.,"A",.,"A",.,"A",.,"A",.,"A",.,"A",.,"A",.,"A",.,"A",.,"A",.,"A",60,"D",.,"A",.,"A"
"20101",2016995,46,0,"1",.,"A",.,"A",.,"A",.,"A",.,"A",.,"A",.,"A",.,"A",.,"A",.,"A",.,"A",.,"A",85,"D",.,"A",.,"A"
"20101",2017035,30,0,"1",.,"A",.,"A",.,"A",.,"A",.,"A",.,"A",.,"A",.,"A",.,"A",.,"A",.,"A",.,"A",.,"A",.,"A",.,"A"
"20101",2017045,61,0,"1",.,"A",.,"A",.,"A",.,"A",.,"A",.,"A",.,"A",.,"A",.,"A",.,"A",.,"A",.,"A",15,"D",.,"A",.,"A"
"20101",2017055,62,0,"1",.,"A",.,"A",.,"A",.,"A",.,"A",.,"A",520,"D",156,"D",.,"A",.,"A",.,"A",.,"A",300,"D",.,"A",.,"A"
"20101",2017065,46,0,"1",.,"A",.,"A",.,"A",425,"D",.,"A",.,"A",.,"A",.,"A",.,"A",.,"A",.,"A",.,"A",.,"A",.,"A",.,"A"
"20101",2017075,52,0,"1",.,"A",.,"A",25,"D",.,"A",.,"A",.,"A",.,"A",.,"A",15,"D",.,"A",.,"A",.,"A",240,"D",.,"A",.,"A"
"20101",2017085,56,0,"1",.,"A",.,"A",.,"A",.,"A",.,"A",.,"A",1820,"D",.,"A",.,"A",.,"A",.,"A",.,"A",.,"A",.,"A",.,"A"
"20101",2017095,37,0,"1",.,"A",.,"A",.,"A",.,"A",.,"A",.,"A",.,"A",.,"A",.,"A",.,"A",.,"A",.,"A",50,"D",.,"A",.,"A"
"20101",2017105,67,0,"1",.,"A",.,"A",.,"A",.,"A",.,"A",266,"D",.,"A",.,"A",6,"D",0,"D",0,"D",9,"D",556,"D",0,"D",.,"A"
"20101",2017115,28,0,"1",.,"A",.,"A",.,"A",.,"A",.,"A",.,"A",.,"A",.,"A",.,"A",.,"A",.,"A",.,"A",.,"A",.,"A",.,"A"
"20101",2017125,50,0,"1",.,"A",.,"A",.,"A",.,"A",90,"D",.,"A",.,"A",.,"A",.,"A",.,"A",.,"A",.,"A",10,"D",.,"A",.,"A"
"20101",2017145,68,0,"1",.,"A",.,"A",.,"A",.,"A",.,"A",100,"D",.,"A",.,"A",.,"A",.,"A",.,"A",.,"A",125,"D",.,"A",.,"A"
"20101",2017155,57,0,"1",.,"A",.,"A",.,"A",.,"A",.,"A",.,"A",546,"D",.,"A",.,"A",.,"A",.,"A",.,"A",0,"D",.,"A",.,"A"
"20101",2017165,46,0,"1",.,"A",.,"A",.,"A",40,"D",.,"A",.,"A",260,"D",.,"A",.,"A",.,"A",.,"A",.,"A",.,"A",.,"A",.,"A"
"20101",2017225,43,0,"1",.,"A",.,"A",.,"A",.,"A",.,"A",.,"A",1300,"D",.,"A",.,"A",.,"A",.,"A",.,"A",35,"D",.,"A",.,"A"
"20101",2017245,74,0,"1",.,"A",.,"A",.,"A",.,"A",.,"A",.,"A",546,"D",.,"A",.,"A",.,"A",.,"A",.,"A",20,"D",.,"A",.,"A"
"20101",2017255,59,0,"1",.,"A",.,"A",.,"A",.,"A",.,"A",.,"A",.,"A",.,"A",.,"A",.,"A",.,"A",.,"A",.,"A",.,"A",.,"A"
"20101",2017265,89,0,"1",.,"A",15,"D",.,"A",.,"A",.,"A",25,"D",.,"A",.,"A",.,"A",348,"D",0,"D",0,"D",312,"D",116,"D",.,"A"
"20101",2017325,45,0,"1",.,"A",.,"A",.,"A",.,"A",.,"A",.,"A",520,"D",.,"A",30,"D",.,"A",.,"A",.,"A",.,"A",.,"A",.,"A"
"20101",2017335,94,0,"1",.,"A",.,"A",.,"A",.,"A",.,"A",.,"A",.,"A",.,"A",.,"A",.,"A",.,"A",.,"A",139,"D",.,"A",.,"A"
"20101",2017345,104,0,"1",.,"A",.,"A",.,"A",.,"A",.,"A",.,"A",.,"A",.,"A",.,"A",.,"A",.,"A",.,"A",100,"D",.,"A",.,"A"
"20101",2017355,53,0,"1",.,"A",.,"A",.,"A",.,"A",.,"A",.,"A",.,"A",.,"A",.,"A",.,"A",.,"A",.,"A",60,"D",.,"A",.,"A"
"20101",2017365,40,0,"1",.,"A",.,"A",.,"A",.,"A",.,"A",.,"A",.,"A",.,"A",.,"A",.,"A",.,"A",.,"A",.,"A",.,"A",.,"A"
"20101",2017375,50,0,"1",.,"A",.,"A",.,"A",60,"D",.,"A",.,"A",.,"A",.,"A",.,"A",.,"A",.,"A",.,"A",95,"D",.,"A",.,"A"
"20101",2017385,31,0,"1",.,"A",.,"A",.,"A",.,"A",.,"A",.,"A",.,"A",.,"A",.,"A",.,"A",.,"A",.,"A",.,"A",.,"A",.,"A"
"20101",2017425,37,0,"1",.,"A",.,"A",.,"A",.,"A",.,"A",.,"A",.,"A",.,"A",.,"A",.,"A",.,"A",.,"A",30,"D",.,"A",.,"A"
"20101",2017435,27,0,"1",.,"A",.,"A",.,"A",.,"A",.,"A",.,"A",.,"A",.,"A",.,"A",.,"A",.,"A",.,"A",.,"A",.,"A",.,"A"
"20101",2017445,49,0,"1",.,"A",.,"A",.,"A",.,"A",.,"A",.,"A",.,"A",.,"A",.,"A",.,"A",.,"A",.,"A",.,"A",.,"A",.,"A"
"20101",2017465,40,0,"1",.,"A",.,"A",.,"A",.,"A",27,"D",.,"A",1365,"D",.,"A",.,"A",.,"A",.,"A",.,"A",.,"A",.,"A",.,"A"
"20101",2017475,57,0,"1",.,"A",.,"A",.,"A",.,"A",.,"A",65,"D",.,"A",.,"A",.,"A",.,"A",.,"A",.,"A",180,"D",.,"A",.,"A"
"20101",2017485,48,0,"1",.,"A",.,"A",.,"A",.,"A",.,"A",.,"A",.,"A",.,"A",.,"A",.,"A",.,"A",.,"A",120,"D",.,"A",.,"A"
"20101",2017495,41,0,"1",.,"A",.,"A",.,"A",.,"A",.,"A",.,"A",.,"A",.,"A",.,"A",.,"A",.,"A",.,"A",.,"A",.,"A",.,"A"
"20101",2017505,56,0,"1",.,"A",.,"A",.,"A",.,"A",.,"A",2,"D",.,"A",.,"A",9,"D",.,"A",.,"A",.,"A",100,"D",.,"A",.,"A"
"20101",2017515,66,0,"1",.,"A",.,"A",.,"A",.,"A",.,"A",.,"A",.,"A",.,"A",.,"A",.,"A",.,"A",.,"A",50,"D",.,"A",.,"A"
"20101",2017525,57,0,"1",.,"A",.,"A",.,"A",.,"A",120,"D",.,"A",.,"A",.,"A",.,"A",.,"A",.,"A",.,"A",165,"D",.,"A",.,"A"
"20101",2017535,61,0,"1",.,"A",.,"A",.,"A",.,"A",.,"A",.,"A",.,"A",.,"A",.,"A",.,"A",.,"A",.,"A",75,"D",.,"A",.,"A"
"20101",2017555,44,0,"1",.,"A",.,"A",.,"A",.,"A",30,"D",.,"A",.,"A",.,"A",.,"A",270,"F",0,"D",0,"D",20,"D",.,"C",.,"A"
"20101",2017585,72,0,"1",.,"A",.,"A",.,"A",.,"A",.,"A",.,"A",39,"D",.,"A",36,"D",.,"A",.,"A",.,"A",120,"D",.,"A",.,"A"
"20101",2017595,39,0,"1",.,"A",.,"A",.,"A",.,"A",.,"A",.,"A",.,"A",.,"A",.,"A",0,"D",0,"D",30,"D",120,"D",0,"D",.,"A"
"20101",2017625,60,0,"1",.,"A",.,"A",.,"A",.,"A",.,"A",.,"A",.,"A",.,"A",.,"A",.,"A",.,"A",.,"A",160,"D",.,"A",.,"A"
"20101",2017645,68,0,"1",.,"A",.,"A",.,"A",.,"A",.,"A",30,"D",78,"D",.,"A",.,"A",.,"A",.,"A",.,"A",.,"A",.,"A",.,"A"
"20101",2017655,78,0,"1",.,"A",.,"A",.,"A",.,"A",.,"A",.,"A",.,"A",.,"A",.,"A",.,"A",.,"A",.,"A",345,"D",.,"A",.,"A"
"20101",2017665,44,0,"1",.,"A",.,"A",.,"A",.,"A",.,"A",.,"A",.,"A",.,"A",.,"A",.,"A",.,"A",.,"A",30,"D",.,"A",.,"A"
"20101",2017675,52,0,"1",.,"A",.,"A",.,"A",.,"A",.,"A",.,"A",.,"A",.,"A",30,"D",.,"A",.,"A",.,"A",.,"A",.,"A",.,"A"
"20101",2017695,100,0,"1",.,"A",.,"A",.,"A",.,"A",.,"A",.,"A",.,"A",.,"A",.,"A",.,"A",.,"A",.,"A",145,"D",.,"A",.,"A"
"20101",2017705,95,0,"1",.,"A",.,"A",.,"A",.,"A",.,"A",.,"A",.,"A",.,"A",.,"A",.,"A",.,"A",.,"A",100,"D",.,"A",.,"A"
"20101",2017745,95,0,"1",.,"A",.,"A",.,"A",.,"A",.,"A",40,"D",.,"A",.,"A",.,"A",.,"A",.,"A",.,"A",320,"D",.,"A",.,"A"
"20101",2017755,63,0,"1",.,"A",.,"A",.,"A",.,"A",.,"A",.,"A",.,"A",.,"A",.,"A",.,"A",.,"A",.,"A",.,"A",.,"A",.,"A"
"20101",2017765,70,0,"1",.,"A",.,"A",.,"A",.,"A",.,"A",.,"A",.,"A",.,"A",.,"A",.,"A",.,"A",.,"A",60,"D",.,"A",.,"A"
"20101",2017775,48,0,"1",.,"A",.,"A",.,"A",.,"A",.,"A",.,"A",.,"A",.,"A",.,"A",.,"A",.,"A",.,"A",100,"D",.,"A",.,"A"
"20101",2017785,95,0,"1",.,"A",.,"A",.,"A",.,"A",.,"A",390,"D",.,"A",.,"A",90,"D",.,"A",.,"A",.,"A",500,"D",.,"A",.,"A"
"20101",2017805,73,0,"1",.,"A",.,"A",.,"A",.,"A",.,"A",.,"A",.,"A",.,"A",.,"A",.,"A",.,"A",.,"A",60,"D",.,"A",.,"A"
"20101",2017815,116,0,"1",.,"A",.,"A",.,"A",.,"A",.,"A",90,"D",.,"A",.,"A",.,"A",.,"A",.,"A",.,"A",120,"D",.,"A",.,"A"
"20101",2017825,69,0,"1",.,"A",.,"A",.,"A",.,"A",.,"A",.,"A",.,"A",.,"A",.,"A",.,"A",.,"A",.,"A",60,"D",.,"A",.,"A"
"20101",2017845,58,0,"1",20,"D",.,"A",.,"A",.,"A",30,"D",.,"A",.,"A",.,"A",.,"A",0,"D",0,"D",60,"D",140,"D",0,"D",.,"A"
"20101",2017865,67,0,"1",.,"A",.,"A",.,"A",.,"A",.,"A",65,"D",.,"A",.,"A",150,"D",.,"A",.,"A",.,"A",200,"D",.,"A",.,"A"
"20101",2017875,35,0,"1",.,"A",.,"A",.,"A",.,"A",48,"D",75,"D",.,"A",.,"A",.,"A",420,"D",0,"D",75,"D",180,"D",140,"D",.,"A"
"20101",2017905,27,0,"1",.,"A",.,"A",.,"A",100,"D",.,"A",.,"A",130,"D",.,"A",.,"A",0,"D",0,"D",144,"D",.,"A",0,"D",.,"A"
"20101",2017915,49,0,"1",.,"A",.,"A",.,"A",.,"A",.,"A",.,"A",.,"A",.,"A",.,"A",.,"A",.,"A",.,"A",240,"D",.,"A",.,"A"
"20101",2017935,34,0,"1",.,"A",.,"A",.,"A",.,"A",.,"A",.,"A",.,"A",.,"A",.,"A",.,"A",.,"A",.,"A",.,"A",.,"A",.,"A"
"20101",2017945,64,0,"1",.,"A",.,"A",.,"A",.,"A",.,"A",.,"A",.,"A",.,"A",.,"A",.,"A",.,"A",.,"A",20,"D",.,"A",.,"A"
"20101",2017965,99,0,"1",.,"A",.,"A",.,"A",.,"A",.,"A",.,"A",2600,"D",.,"A",.,"A",.,"A",.,"A",.,"A",165,"D",.,"A",.,"A"
"20101",2017995,80,0,"1",.,"A",.,"A",.,"A",.,"A",.,"A",.,"A",.,"A",.,"A",.,"A",.,"A",.,"A",.,"A",66,"D",.,"A",.,"A"
"20101",2018005,51,0,"1",.,"A",.,"A",.,"A",.,"A",.,"A",.,"A",676,"D",.,"A",.,"A",.,"A",.,"A",.,"A",.,"A",.,"A",.,"A"
"20101",2018025,58,0,"1",.,"A",.,"A",19,"D",.,"A",.,"A",30,"D",.,"A",.,"A",.,"A",.,"A",.,"A",.,"A",60,"D",.,"A",.,"A"
"20101",2018035,66,0,"1",.,"A",.,"A",.,"A",.,"A",.,"A",120,"D",.,"A",.,"A",.,"A",.,"A",.,"A",.,"A",150,"D",.,"A",.,"A"
"20101",2018045,71,0,"1",.,"A",.,"A",.,"A",.,"A",.,"A",.,"A",.,"A",.,"A",.,"A",.,"A",.,"A",.,"A",120,"D",.,"A",.,"A"
"20101",2018055,56,0,"1",.,"A",.,"A",.,"A",.,"A",.,"A",25,"D",.,"A",.,"A",30,"D",.,"A",.,"A",.,"A",56,"D",.,"A",.,"A"
"20101",2018065,39,0,"1",.,"A",.,"A",.,"A",.,"A",60,"D",.,"A",.,"A",.,"A",.,"A",.,"A",.,"A",.,"A",100,"D",.,"A",.,"A"
"20101",2018085,44,0,"1",.,"A",.,"A",.,"A",.,"A",.,"A",.,"A",481,"D",.,"A",.,"A",.,"A",.,"A",.,"A",.,"A",.,"A",.,"A"
"20101",2018095,61,0,"1",.,"A",.,"A",.,"A",.,"A",.,"A",.,"A",.,"A",.,"A",.,"A",570,"D",6,"D",6,"D",.,"A",190,"D",.,"A"
"20101",2018105,77,0,"1",.,"A",.,"A",.,"A",.,"A",.,"A",.,"A",.,"A",.,"A",45,"D",0,"D",0,"D",120,"D",.,"A",0,"D",.,"A"
"20101",2018115,60,0,"1",.,"A",.,"A",.,"A",.,"A",.,"A",.,"A",.,"A",195,"D",.,"A",.,"A",.,"A",.,"A",80,"D",.,"A",.,"A"
"20101",2018125,90,0,"1",.,"A",.,"A",.,"A",.,"A",.,"A",.,"A",.,"A",.,"A",.,"A",.,"A",.,"A",.,"A",75,"D",.,"A",.,"A"
"20101",2018135,97,0,"1",.,"A",.,"A",.,"A",.,"A",.,"A",.,"A",.,"A",.,"A",.,"A",.,"A",.,"A",.,"A",225,"D",.,"A",.,"A"
"20101",2018145,57,0,"1",.,"A",.,"A",.,"A",.,"A",.,"A",.,"A",.,"A",.,"A",.,"A",.,"A",.,"A",.,"A",400,"D",.,"A",.,"A"
"20101",2018175,54,0,"1",.,"A",.,"A",.,"A",.,"A",.,"A",15,"D",.,"A",.,"A",.,"A",.,"A",.,"A",.,"A",207,"D",.,"A",.,"A"
"20101",2018184,51,0,"1",.,"A",.,"A",.,"A",.,"A",.,"A",.,"A",.,"A",.,"A",.,"A",.,"A",.,"A",.,"A",20,"D",.,"A",.,"A"
"20101",2018194,67,0,"1",.,"A",.,"A",.,"A",.,"A",.,"A",.,"A",.,"A",.,"A",.,"A",.,"A",.,"A",.,"A",80,"D",.,"A",.,"A"
"20101",2018204,41,0,"1",.,"A",.,"A",.,"A",.,"A",.,"A",.,"A",546,"D",.,"A",.,"A",.,"A",.,"A",.,"A",.,"A",.,"A",.,"A"
"20101",2018214,95,0,"1",.,"A",.,"A",.,"A",.,"A",.,"A",.,"A",.,"A",.,"A",.,"A",.,"A",.,"A",.,"A",25,"D",.,"A",.,"A"
"20101",2018224,49,0,"1",.,"A",.,"A",.,"A",.,"A",.,"A",.,"A",.,"A",.,"A",.,"A",600,"D",0,"D",0,"D",35,"D",200,"D",.,"A"
"20101",2018244,58,0,"1",.,"A",.,"A",.,"A",.,"A",.,"A",.,"A",.,"A",.,"A",.,"A",.,"A",.,"A",.,"A",.,"A",.,"A",.,"A"
"20101",2018254,44,0,"1",.,"A",.,"A",.,"A",.,"A",.,"A",.,"A",650,"D",.,"A",150,"D",.,"A",.,"A",.,"A",45,"D",.,"A",.,"A"
"20101",2018264,43,0,"1",.,"A",.,"A",.,"A",.,"A",.,"A",.,"A",.,"A",.,"A",.,"A",.,"A",.,"A",.,"A",.,"A",.,"A",.,"A"
"20101",2018274,65,0,"1",.,"A",.,"A",.,"A",.,"A",.,"A",.,"A",.,"A",.,"A",.,"A",.,"A",.,"A",.,"A",230,"D",.,"A",.,"A"
"20101",2018314,59,0,"1",.,"A",.,"A",.,"A",.,"A",.,"A",45,"D",.,"A",.,"A",.,"A",.,"A",.,"A",.,"A",95,"D",.,"A",.,"A"
"20101",2018324,60,0,"1",.,"A",.,"A",.,"A",.,"A",.,"A",.,"A",.,"A",.,"A",.,"A",.,"A",.,"A",.,"A",94,"D",.,"A",.,"A"
"20101",2018334,97,0,"1",.,"A",.,"A",.,"A",.,"A",.,"A",.,"A",.,"A",.,"A",.,"A",.,"A",.,"A",.,"A",.,"A",.,"A",.,"A"
"20101",2018354,23,0,"1",.,"A",.,"A",.,"A",.,"A",.,"A",.,"A",.,"A",.,"A",.,"A",0,"D",60,"D",0,"D",.,"A",0,"D",.,"A"
"20101",2018374,68,0,"1",.,"A",.,"A",.,"A",.,"A",.,"A",180,"D",.,"A",.,"A",.,"A",.,"A",.,"A",.,"A",200,"D",.,"A",.,"A"
"20101",2018394,63,0,"1",.,"A",.,"A",.,"A",.,"A",.,"A",.,"A",.,"A",.,"A",.,"A",.,"A",.,"A",.,"A",70,"D",.,"A",.,"A"
"20101",2018404,55,0,"1",.,"A",.,"A",.,"A",.,"A",.,"A",.,"A",156,"D",.,"A",.,"A",.,"A",.,"A",.,"A",.,"A",.,"A",.,"A"
"20101",2018414,59,0,"1",.,"A",.,"A",.,"A",.,"A",.,"A",.,"A",.,"A",.,"A",.,"A",.,"A",.,"A",.,"A",20,"D",.,"A",.,"A"
"20101",2018444,49,0,"1",.,"A",.,"A",.,"A",.,"A",.,"A",8,"D",.,"A",.,"A",.,"A",.,"A",.,"A",.,"A",40,"D",.,"A",.,"A"
"20101",2018454,39,0,"1",.,"A",.,"A",.,"A",.,"A",.,"A",.,"A",.,"A",.,"A",.,"A",.,"A",.,"A",.,"A",.,"A",.,"A",.,"A"
"20101",2018464,60,0,"1",.,"A",.,"A",.,"A",.,"A",.,"A",180,"D",.,"A",.,"A",36,"D",120,"D",0,"D",0,"D",.,"A",40,"D",.,"A"
"20101",2018474,65,0,"1",.,"A",.,"A",.,"A",.,"A",.,"A",.,"A",.,"A",.,"A",102,"D",.,"A",.,"A",.,"A",433,"D",.,"A",.,"A"
"20101",2018484,52,0,"1",.,"A",.,"A",.,"A",.,"A",.,"A",.,"A",.,"A",.,"A",81,"D",.,"A",.,"A",.,"A",100,"D",.,"A",.,"A"
"20101",2018494,58,0,"1",.,"A",.,"A",.,"A",.,"A",.,"A",.,"A",.,"A",.,"A",.,"A",.,"A",.,"A",.,"A",100,"D",.,"A",.,"A"
"20101",2018534,32,0,"1",.,"A",.,"A",.,"A",.,"A",.,"A",.,"A",.,"A",.,"A",.,"A",.,"A",.,"A",.,"A",250,"D",.,"A",.,"A"
"20101",2018544,51,0,"1",.,"A",.,"A",.,"A",.,"A",.,"A",.,"A",364,"D",.,"A",.,"A",.,"A",.,"A",.,"A",.,"A",.,"A",.,"A"
"20101",2018554,40,0,"1",.,"A",.,"A",.,"A",.,"A",5,"F",.,"A",.,"A",.,"A",.,"A",.,"A",.,"A",.,"A",.,"A",.,"A",.,"A"
"20101",2018564,39,0,"1",.,"A",.,"A",.,"A",.,"A",.,"A",.,"A",.,"A",39,"D",24,"D",.,"A",.,"A",.,"A",63,"D",.,"A",.,"A"
"20101",2018574,41,0,"1",.,"A",.,"A",.,"A",.,"A",.,"A",40,"D",.,"A",.,"A",.,"A",.,"A",.,"A",.,"A",400,"D",.,"A",.,"A"
"20101",2018584,53,0,"1",.,"A",.,"A",.,"A",.,"A",.,"A",.,"A",.,"A",.,"A",9,"D",.,"A",.,"A",.,"A",.,"A",.,"A",.,"A"
"20101",2018594,53,0,"1",.,"A",.,"A",.,"A",.,"A",.,"A",.,"A",.,"A",.,"A",.,"A",.,"A",.,"A",.,"A",.,"A",.,"A",.,"A"
"20101",2018604,37,0,"1",.,"A",.,"A",.,"A",.,"A",.,"A",.,"A",.,"A",.,"A",.,"A",750,"D",0,"D",0,"D",250,"D",250,"D",.,"A"
"20101",2018614,52,0,"1",.,"A",.,"A",.,"A",.,"A",.,"A",12,"D",.,"A",.,"A",.,"A",.,"A",.,"A",.,"A",30,"D",.,"A",.,"A"
"20101",2018624,69,0,"1",.,"A",.,"A",.,"A",.,"A",.,"A",.,"A",.,"A",.,"A",.,"A",.,"A",.,"A",.,"A",300,"D",.,"A",.,"A"
"20101",2018644,26,0,"1",.,"A",.,"A",.,"A",.,"A",.,"A",.,"A",325,"D",.,"A",.,"A",.,"A",.,"A",.,"A",.,"A",.,"A",.,"A"
"20101",2018664,63,0,"1",7,"D",.,"A",.,"A",.,"A",18,"D",.,"A",130,"D",91,"D",.,"A",.,"A",.,"A",.,"A",655,"D",.,"A",.,"A"
"20101",2018674,66,0,"1",.,"A",.,"A",.,"A",.,"A",.,"A",.,"A",.,"A",.,"A",.,"A",.,"A",.,"A",.,"A",10,"D",.,"A",.,"A"
"20101",2018694,54,0,"1",.,"A",.,"A",.,"A",.,"A",.,"A",.,"A",.,"A",.,"A",.,"A",.,"A",.,"A",.,"A",.,"A",.,"A",.,"A"
"20101",2018724,49,0,"1",.,"A",.,"A",.,"A",.,"A",.,"A",.,"A",.,"A",.,"A",.,"A",.,"A",.,"A",.,"A",.,"A",.,"A",.,"A"
"20101",2018734,30,0,"1",.,"A",.,"A",.,"A",.,"A",.,"A",.,"A",.,"A",.,"A",.,"A",.,"A",.,"A",.,"A",75,"D",.,"A",.,"A"
"20101",2018745,32,0,"1",.,"A",.,"A",.,"A",.,"A",40,"D",.,"A",260,"D",.,"A",.,"A",.,"A",.,"A",.,"A",.,"A",.,"A",.,"A"
"20101",2018754,47,0,"1",.,"A",.,"A",.,"A",.,"A",.,"A",.,"A",.,"A",.,"A",.,"A",.,"A",.,"A",.,"A",.,"A",.,"A",.,"A"
"20101",2018774,55,0,"1",.,"A",.,"A",.,"A",.,"A",.,"A",.,"A",.,"A",.,"A",.,"A",.,"A",.,"A",.,"A",60,"D",.,"A",.,"A"
"20101",2018784,96,0,"1",.,"A",.,"A",.,"A",.,"A",.,"A",30,"D",.,"A",.,"A",.,"A",.,"A",.,"A",.,"A",258,"D",.,"A",.,"A"
"20101",2018794,62,0,"1",.,"A",.,"A",.,"A",.,"A",.,"A",.,"A",.,"A",.,"A",.,"A",.,"A",.,"A",.,"A",33,"D",.,"A",.,"A"
"20101",2018804,101,0,"1",.,"A",.,"A",20,"D",.,"A",.,"A",73,"D",.,"A",.,"A",9,"D",.,"A",.,"A",.,"A",280,"D",.,"A",.,"A"
"20101",2018814,63,0,"1",.,"A",.,"A",.,"A",.,"A",.,"A",.,"A",.,"A",.,"A",.,"A",.,"A",.,"A",.,"A",84,"D",.,"A",.,"A"
"20101",2018844,67,0,"1",.,"A",.,"A",.,"A",.,"A",.,"A",.,"A",.,"A",.,"A",30,"D",.,"A",.,"A",.,"A",.,"A",.,"A",.,"A"
"20101",2018854,58,0,"1",.,"A",.,"A",.,"A",.,"A",.,"A",.,"A",.,"A",.,"A",.,"A",.,"A",.,"A",.,"A",450,"D",.,"A",.,"A"
"20101",2018864,41,0,"1",.,"A",.,"A",.,"A",.,"A",.,"A",.,"A",260,"D",.,"A",.,"A",.,"A",.,"A",.,"A",.,"A",.,"A",.,"A"
"20101",2018874,46,0,"1",.,"A",.,"A",.,"A",.,"A",.,"A",.,"A",.,"A",.,"A",.,"A",.,"A",.,"A",.,"A",.,"A",.,"A",.,"A"
"20101",2018884,57,0,"1",.,"A",.,"A",.,"A",.,"A",.,"A",.,"A",.,"A",.,"A",.,"A",.,"A",.,"A",.,"A",.,"A",.,"A",.,"A"
"20101",2018895,53,0,"1",.,"A",.,"A",.,"A",.,"A",180,"D",.,"A",.,"A",.,"A",.,"A",.,"A",.,"A",.,"A",.,"A",.,"A",.,"A"
"20101",2018904,41,0,"1",.,"A",.,"A",.,"A",.,"A",.,"A",.,"A",.,"A",.,"A",.,"A",.,"A",.,"A",.,"A",300,"D",.,"A",.,"A"
"20101",2018914,37,0,"1",.,"A",.,"A",.,"A",.,"A",.,"A",.,"A",.,"A",.,"A",.,"A",.,"A",.,"A",.,"A",.,"A",.,"A",.,"A"
"20101",2018924,50,0,"1",.,"A",.,"A",.,"A",.,"A",.,"A",.,"A",.,"A",.,"A",.,"A",.,"A",.,"A",.,"A",30,"D",.,"A",.,"A"
"20101",2018934,55,0,"1",.,"A",.,"A",.,"A",.,"A",.,"A",.,"A",.,"A",.,"A",.,"A",.,"A",.,"A",.,"A",10,"D",.,"A",.,"A"
"20101",2018944,60,0,"1",.,"A",.,"A",.,"A",.,"A",.,"A",.,"A",.,"A",.,"A",.,"A",.,"A",.,"A",.,"A",100,"D",.,"A",.,"A"
"20101",2018954,50,0,"1",.,"A",.,"A",.,"A",.,"A",.,"A",.,"A",.,"A",.,"A",.,"A",.,"A",.,"A",.,"A",30,"D",.,"A",.,"A"
"20101",2018975,75,0,"1",.,"A",.,"A",.,"A",.,"A",.,"A",200,"D",.,"A",.,"A",.,"A",.,"A",.,"A",.,"A",320,"D",.,"A",.,"A"
"20101",2018984,61,0,"1",.,"A",.,"A",.,"A",.,"A",.,"A",.,"A",.,"A",.,"A",.,"A",.,"A",.,"A",.,"A",24,"D",.,"A",.,"A"
"20101",2018994,40,0,"1",.,"A",.,"A",.,"A",.,"A",.,"A",.,"A",260,"D",.,"A",.,"A",.,"A",.,"A",.,"A",.,"A",.,"A",.,"A"
"20101",2019014,29,0,"1",.,"A",.,"A",.,"A",.,"A",45,"D",.,"A",.,"A",.,"A",.,"A",.,"A",.,"A",.,"A",36,"D",.,"A",.,"A"
"20101",2019045,36,0,"1",.,"A",.,"A",.,"A",1000,"D",.,"A",120,"D",.,"A",.,"A",.,"A",267,"D",0,"D",0,"D",60,"D",89,"D",.,"A"
"20101",2019055,31,0,"1",.,"A",.,"A",.,"A",.,"A",7,"D",.,"A",.,"A",.,"A",.,"A",.,"A",.,"A",.,"A",.,"A",.,"A",.,"A"
"20101",2019064,40,0,"1",.,"A",.,"A",.,"A",.,"A",10,"D",.,"A",.,"A",.,"A",.,"A",201,"D",0,"D",0,"D",13,"D",67,"D",.,"A"
"20101",2019074,53,0,"1",.,"A",.,"A",.,"A",.,"A",.,"A",.,"A",.,"A",.,"A",.,"A",.,"A",.,"A",.,"A",50,"D",.,"A",.,"A"
"20101",2019084,38,0,"1",.,"A",.,"A",.,"A",.,"A",10,"D",.,"A",.,"A",.,"A",.,"A",.,"A",.,"A",.,"A",90,"D",.,"A",.,"A"
"20101",2019094,31,0,"1",0,"F",.,"A",.,"A",.,"A",60,"F",.,"A",.,"A",.,"A",.,"A",0,"D",0,"D",135,"D",120,"D",0,"D",.,"A"
"20101",2019104,82,0,"1",.,"A",.,"A",.,"A",.,"A",.,"A",.,"A",.,"A",.,"A",.,"A",.,"A",.,"A",.,"A",133,"D",.,"A",.,"A"
"20101",2019114,85,0,"1",.,"A",.,"A",.,"A",.,"A",.,"A",120,"D",.,"A",.,"A",.,"A",.,"A",.,"A",.,"A",120,"D",.,"A",.,"A"
"20101",2019134,30,0,"1",.,"A",.,"A",.,"A",.,"A",50,"D",.,"A",.,"A",.,"A",.,"A",600,"D",0,"D",0,"D",.,"A",200,"D",.,"A"
"20101",2019144,62,0,"1",.,"A",.,"A",.,"A",.,"A",.,"A",.,"A",.,"A",.,"A",.,"A",.,"A",.,"A",.,"A",110,"D",.,"A",.,"A"
"20101",2019164,51,0,"1",.,"A",.,"A",.,"A",.,"A",.,"A",.,"A",.,"A",.,"A",45,"D",.,"A",.,"A",.,"A",50,"D",.,"A",.,"A"
"20101",2019184,33,0,"1",.,"A",.,"A",.,"A",.,"A",.,"A",.,"A",.,"A",.,"A",.,"A",.,"A",.,"A",.,"A",.,"A",.,"A",.,"A"
"20101",2019194,45,0,"1",.,"A",.,"A",.,"A",.,"A",.,"A",13,"D",.,"A",.,"A",24,"D",.,"A",.,"A",.,"A",5,"D",.,"A",.,"A"
"20101",2019204,55,0,"1",.,"A",.,"A",.,"A",.,"A",.,"A",.,"A",520,"D",52,"D",.,"A",.,"A",.,"A",.,"A",.,"A",.,"A",.,"A"
"20101",2019214,35,0,"1",.,"A",.,"A",.,"A",.,"A",300,"F",.,"A",.,"A",.,"A",.,"A",.,"A",.,"A",.,"A",50,"D",.,"A",.,"A"
"20101",2019224,65,0,"1",.,"A",.,"A",.,"A",.,"A",.,"A",.,"A",.,"A",.,"A",.,"A",.,"A",.,"A",.,"A",100,"D",.,"A",.,"A"
"20101",2019234,89,0,"1",.,"A",.,"A",.,"A",.,"A",.,"A",90,"D",.,"A",.,"A",.,"A",.,"A",.,"A",.,"A",670,"D",.,"A",.,"A"
"20101",2019254,42,0,"1",.,"A",.,"A",.,"A",.,"A",.,"A",70,"D",.,"A",.,"A",.,"A",.,"A",.,"A",.,"A",.,"A",.,"A",.,"A"
"20101",2019264,47,0,"1",.,"A",.,"A",.,"A",.,"A",30,"D",.,"A",.,"A",.,"A",12,"D",0,"D",0,"D",30,"D",20,"D",0,"D",.,"A"
"20101",2019274,38,0,"1",.,"A",.,"A",.,"A",.,"A",.,"A",.,"A",.,"A",.,"A",.,"A",0,"D",273,"D",0,"D",45,"D",0,"D",.,"A"
"20101",2019284,64,0,"1",.,"A",.,"A",.,"A",.,"A",.,"A",.,"A",.,"A",.,"A",.,"A",.,"A",.,"A",.,"A",60,"D",.,"A",.,"A"
"20101",2019304,63,0,"1",.,"A",.,"A",.,"A",.,"A",.,"A",60,"D",.,"A",.,"A",90,"D",.,"A",.,"A",.,"A",195,"D",.,"A",.,"A"
"20101",2019324,52,0,"1",.,"A",.,"A",.,"A",.,"A",.,"A",.,"A",.,"A",195,"D",.,"A",.,"A",.,"A",.,"A",45,"D",.,"A",.,"A"
"20101",2019334,66,0,"1",.,"A",.,"A",.,"A",.,"A",.,"A",.,"A",.,"A",.,"A",.,"A",.,"A",.,"A",.,"A",140,"D",.,"A",.,"A"
"20101",2019344,98,0,"1",.,"A",.,"A",.,"A",.,"A",.,"A",45,"D",.,"A",.,"A",.,"A",0,"D",0,"D",9,"D",174,"D",0,"D",.,"A"
"20101",2019355,28,0,"1",.,"A",.,"A",.,"A",.,"A",.,"A",.,"A",.,"A",.,"A",.,"A",.,"A",.,"A",.,"A",20,"D",.,"A",.,"A"
"20101",2019374,45,0,"1",.,"A",.,"A",.,"A",.,"A",.,"A",.,"A",.,"A",.,"A",.,"A",.,"A",.,"A",.,"A",300,"D",.,"A",.,"A"
"20101",2019394,38,0,"1",.,"A",.,"A",.,"A",.,"A",.,"A",.,"A",.,"A",.,"A",.,"A",.,"A",.,"A",.,"A",.,"A",.,"A",.,"A"
"20101",2019414,78,0,"1",.,"A",.,"A",.,"A",.,"A",.,"A",.,"A",.,"A",.,"A",.,"A",.,"A",.,"A",.,"A",.,"A",.,"A",.,"A"
"20101",2019454,70,0,"1",.,"A",.,"A",.,"A",.,"A",.,"A",.,"A",.,"A",.,"A",12,"D",.,"A",.,"A",.,"A",140,"D",.,"A",.,"A"
"20101",2019474,33,0,"1",.,"A",.,"A",.,"A",.,"A",.,"A",.,"A",.,"A",.,"A",.,"A",.,"A",.,"A",.,"A",10,"D",.,"A",.,"A"
"20101",2019494,40,0,"1",.,"A",.,"A",.,"A",.,"A",.,"A",.,"A",.,"A",.,"A",.,"A",.,"A",.,"A",.,"A",14,"D",.,"A",.,"A"
"20101",2019505,27,0,"1",.,"A",.,"A",.,"A",.,"A",.,"A",.,"A",.,"A",.,"A",.,"A",.,"A",.,"A",.,"A",60,"D",.,"A",.,"A"
"20101",2019535,70,0,"1",.,"A",.,"A",.,"A",.,"A",.,"A",.,"A",.,"A",130,"D",.,"A",.,"A",.,"A",.,"A",125,"D",.,"A",.,"A"
"20101",2019544,73,0,"1",.,"A",.,"A",.,"A",.,"A",.,"A",.,"A",130,"D",.,"A",.,"A",.,"A",.,"A",.,"A",120,"D",.,"A",.,"A"
"20101",2019554,59,0,"1",.,"A",.,"A",.,"A",.,"A",.,"A",.,"A",.,"A",.,"A",.,"A",.,"A",.,"A",.,"A",.,"A",.,"A",.,"A"
"20101",2019574,79,0,"1",.,"A",.,"A",.,"A",.,"A",.,"A",.,"A",.,"A",.,"A",.,"A",.,"A",.,"A",.,"A",18,"D",.,"A",.,"A"
"20101",2019584,27,0,"1",.,"A",.,"A",.,"A",.,"A",75,"D",.,"A",.,"A",.,"A",.,"A",.,"A",.,"A",.,"A",.,"A",.,"A",.,"A"
"20101",2019594,44,0,"1",.,"A",.,"A",.,"A",.,"A",.,"A",.,"A",.,"A",.,"A",.,"A",6,"D",6,"D",12,"D",80,"D",2,"D",.,"A"
"20101",2019604,38,0,"1",20,"D",.,"A",.,"A",8,"D",40,"D",.,"A",.,"A",.,"A",.,"A",0,"D",0,"D",120,"D",.,"A",0,"D",.,"A"
"20101",2019624,34,0,"1",.,"A",.,"A",.,"A",.,"A",.,"A",.,"A",.,"A",.,"A",.,"A",60,"F",0,"D",0,"D",.,"A",.,"C",.,"A"
"20101",2019634,35,0,"1",.,"A",.,"A",.,"A",.,"A",.,"A",.,"A",.,"A",.,"A",.,"A",.,"A",.,"A",.,"A",.,"A",.,"A",.,"A"
"20101",2019644,30,0,"1",.,"A",.,"A",.,"A",.,"A",.,"A",.,"A",.,"A",.,"A",.,"A",0,"D",0,"D",60,"D",120,"D",0,"D",.,"A"
"20101",2019654,36,0,"1",0,"F",.,"A",.,"A",.,"A",150,"F",.,"A",.,"A",.,"A",54,"D",.,"A",.,"A",.,"A",50,"D",.,"A",.,"A"
"20101",2019664,70,0,"1",.,"A",.,"A",.,"A",.,"A",.,"A",60,"D",260,"D",.,"A",.,"A",.,"A",.,"A",.,"A",250,"D",.,"A",.,"A"
"20101",2019684,41,0,"1",10,"D",.,"A",.,"A",200,"D",74,"D",.,"A",.,"A",.,"A",.,"A",.,"A",.,"A",.,"A",.,"A",.,"A",.,"A"
"20101",2019715,47,0,"1",.,"A",.,"A",.,"A",.,"A",.,"A",.,"A",.,"A",.,"A",15,"D",.,"A",.,"A",.,"A",30,"D",.,"A",.,"A"
"20101",2019724,26,0,"1",.,"A",.,"A",.,"A",56,"D",30,"D",.,"A",520,"D",.,"A",.,"A",45,"D",0,"D",75,"D",10,"D",15,"D",45,"D"
"20101",2019734,78,0,"1",.,"A",.,"A",175,"D",.,"A",.,"A",200,"D",.,"A",.,"A",.,"A",0,"D",0,"D",12,"D",390,"D",0,"D",.,"A"
"20101",2019744,87,0,"1",.,"A",.,"A",.,"A",.,"A",.,"A",.,"A",.,"A",234,"D",.,"A",.,"A",.,"A",.,"A",260,"D",.,"A",.,"A"
"20101",2019754,114,0,"1",5,"D",.,"A",.,"A",.,"A",0,"D",.,"A",.,"A",.,"A",0,"D",.,"A",.,"A",.,"A",170,"D",.,"A",.,"A"
"20101",2019764,39,0,"1",.,"A",.,"A",.,"A",.,"A",.,"A",.,"A",.,"A",.,"A",.,"A",.,"A",.,"A",.,"A",60,"D",.,"A",.,"A"
"20101",2019775,25,0,"1",.,"A",.,"A",.,"A",.,"A",.,"A",.,"A",.,"A",.,"A",.,"A",0,"D",0,"D",135,"D",.,"A",0,"D",.,"A"
"20101",2019784,53,0,"1",.,"A",.,"A",.,"A",.,"A",.,"A",.,"A",260,"D",.,"A",.,"A",.,"A",.,"A",.,"A",.,"A",.,"A",.,"A"
"20101",2019805,40,0,"1",.,"A",.,"A",.,"A",.,"A",.,"A",.,"A",1300,"D",.,"A",.,"A",.,"A",.,"A",.,"A",.,"A",.,"A",.,"A"
"20101",2019824,37,0,"1",.,"A",.,"A",.,"A",.,"A",75,"D",.,"A",.,"A",.,"A",.,"A",.,"A",.,"A",.,"A",.,"A",.,"A",.,"A"
"20101",2019835,56,0,"1",.,"A",.,"A",.,"A",14,"D",.,"A",.,"A",.,"A",.,"A",.,"A",.,"A",.,"A",.,"A",40,"D",.,"A",.,"A"
"20101",2019854,47,0,"1",.,"A",.,"A",.,"A",.,"A",.,"A",.,"A",.,"A",.,"A",.,"A",.,"A",.,"A",.,"A",180,"D",.,"A",.,"A"
"20101",2019874,64,0,"1",.,"A",.,"A",.,"A",.,"A",.,"A",.,"A",.,"A",.,"A",.,"A",.,"A",.,"A",.,"A",225,"D",.,"A",.,"A"
"20101",2019884,39,0,"1",.,"A",.,"A",.,"A",.,"A",.,"A",.,"A",.,"A",.,"A",.,"A",.,"A",.,"A",.,"A",50,"D",.,"A",.,"A"
"20101",2019904,56,0,"1",.,"A",.,"A",.,"A",.,"A",.,"A",.,"A",.,"A",.,"A",.,"A",.,"A",.,"A",.,"A",100,"D",.,"A",.,"A"
"20101",2019924,28,0,"1",.,"A",.,"A",.,"A",.,"A",30,"D",.,"A",.,"A",.,"A",.,"A",.,"A",.,"A",.,"A",.,"A",.,"A",.,"A"
"20101",2019934,61,0,"1",0,"F",.,"A",.,"A",.,"A",210,"F",.,"A",.,"A",.,"A",.,"A",.,"A",.,"A",.,"A",.,"A",.,"A",.,"A"
"20101",2019944,66,0,"1",.,"A",.,"A",.,"A",.,"A",.,"A",.,"A",.,"A",.,"A",.,"A",.,"A",.,"A",.,"A",40,"D",.,"A",.,"A"
"20101",2019954,75,0,"1",.,"A",.,"A",.,"A",.,"A",.,"A",60,"D",.,"A",.,"A",.,"A",0,"D",0,"D",30,"D",500,"D",0,"D",.,"A"
"20101",2019964,57,0,"1",.,"A",.,"A",.,"A",.,"A",.,"A",.,"A",.,"A",.,"A",.,"A",.,"A",.,"A",.,"A",60,"D",.,"A",.,"A"
"20101",2019974,34,0,"1",.,"A",.,"A",.,"A",.,"A",.,"A",.,"A",.,"A",.,"A",.,"A",.,"A",.,"A",.,"A",.,"A",.,"A",.,"A"
"20101",2019984,34,0,"1",.,"A",.,"A",.,"A",.,"A",.,"A",.,"A",.,"A",.,"A",.,"A",.,"A",.,"A",.,"A",.,"A",.,"A",.,"A"
"20101",2019994,47,0,"1",.,"A",.,"A",.,"A",.,"A",.,"A",.,"A",.,"A",.,"A",.,"A",.,"A",.,"A",.,"A",.,"A",.,"A",.,"A"
"20101",2020004,84,0,"1",.,"A",.,"A",.,"A",.,"A",.,"A",.,"A",.,"A",.,"A",.,"A",.,"A",.,"A",.,"A",65,"D",.,"A",.,"A"
"20101",2020014,26,0,"1",.,"A",.,"A",.,"A",.,"A",.,"A",.,"A",.,"A",.,"A",.,"A",.,"A",.,"A",.,"A",.,"A",.,"A",.,"A"
"20101",2020024,36,0,"1",.,"A",.,"A",.,"A",.,"A",.,"A",.,"A",.,"A",.,"A",.,"A",.,"A",.,"A",.,"A",.,"A",.,"A",.,"A"
"20101",2020044,54,0,"1",.,"A",.,"A",.,"A",.,"A",80,"D",.,"A",.,"A",.,"A",.,"A",.,"A",.,"A",.,"A",.,"A",.,"A",.,"A"
"20101",2020064,70,0,"1",.,"A",.,"A",.,"A",.,"A",.,"A",.,"A",.,"A",.,"A",.,"A",.,"A",.,"A",.,"A",219,"D",.,"A",.,"A"
"20101",2020074,29,0,"1",.,"A",.,"A",.,"A",10,"D",.,"A",.,"A",.,"A",.,"A",.,"A",60,"D",0,"D",0,"D",.,"A",20,"D",.,"A"
"20101",2020084,31,0,"1",36,"D",.,"A",.,"A",.,"A",36,"D",.,"A",.,"A",.,"A",.,"A",.,"A",.,"A",.,"A",.,"A",.,"A",.,"A"
"20101",2020104,63,0,"1",.,"A",.,"A",.,"A",.,"A",.,"A",.,"A",.,"A",.,"A",.,"A",.,"A",.,"A",.,"A",.,"A",.,"A",.,"A"
"20101",2020114,53,0,"1",.,"A",.,"A",.,"A",.,"A",.,"A",.,"A",.,"A",91,"D",.,"A",.,"A",.,"A",.,"A",.,"A",.,"A",.,"A"
"20101",2020154,56,0,"1",.,"A",.,"A",.,"A",.,"A",.,"A",.,"A",910,"D",.,"A",.,"A",.,"A",.,"A",.,"A",150,"D",.,"A",.,"A"
"20101",2020164,44,0,"1",.,"A",.,"A",.,"A",.,"A",.,"A",.,"A",.,"A",.,"A",.,"A",.,"A",.,"A",.,"A",330,"D",.,"A",.,"A"
"20101",2020184,57,0,"1",.,"A",.,"A",.,"A",.,"A",.,"A",.,"A",676,"D",.,"A",.,"A",.,"A",.,"A",.,"A",250,"D",.,"A",.,"A"
"20101",2020194,90,0,"1",.,"A",.,"A",.,"A",.,"A",.,"A",.,"A",.,"A",.,"A",.,"A",.,"A",.,"A",.,"A",141,"D",.,"A",.,"A"
"20101",2020214,33,0,"1",.,"A",.,"A",.,"A",.,"A",.,"A",.,"A",.,"A",.,"A",.,"A",.,"A",.,"A",.,"A",.,"A",.,"A",.,"A"
"20101",2020224,77,0,"1",.,"A",.,"A",.,"A",.,"A",.,"A",.,"A",.,"A",.,"A",.,"A",.,"A",.,"A",.,"A",375,"D",.,"A",.,"A"
"20101",2020254,46,0,"1",.,"A",.,"A",.,"A",.,"A",.,"A",.,"A",.,"A",104,"F",.,"A",.,"A",.,"A",.,"A",.,"A",.,"A",.,"A"
"20101",2020274,48,0,"1",.,"A",.,"A",.,"A",.,"A",.,"A",.,"A",.,"A",.,"A",.,"A",.,"A",.,"A",.,"A",115,"D",.,"A",.,"A"
"20101",2020284,49,0,"1",.,"A",.,"A",.,"A",.,"A",.,"A",.,"A",.,"A",156,"D",.,"A",.,"A",.,"A",.,"A",.,"A",.,"A",.,"A"
"20101",2020294,44,0,"1",.,"A",.,"A",.,"A",.,"A",70,"D",13,"D",.,"A",.,"A",.,"A",.,"A",.,"A",.,"A",74,"D",.,"A",.,"A"
"20101",2020304,54,0,"1",.,"A",.,"A",25,"D",.,"A",.,"A",.,"A",.,"A",.,"A",.,"A",.,"A",.,"A",.,"A",192,"D",.,"A",.,"A"
"20101",2020324,56,0,"1",.,"A",.,"A",.,"A",.,"A",.,"A",.,"A",.,"A",.,"A",.,"A",.,"A",.,"A",.,"A",25,"D",.,"A",.,"A"
"20101",2020355,28,0,"1",.,"A",.,"A",.,"A",.,"A",.,"A",.,"A",.,"A",.,"A",.,"A",0,"D",0,"D",45,"D",.,"A",0,"D",.,"A"
"20101",2020375,29,0,"1",.,"A",.,"A",.,"A",.,"A",.,"A",.,"A",.,"A",.,"A",.,"A",.,"A",.,"A",.,"A",15,"D",.,"A",.,"A"
"20101",2020394,68,0,"1",.,"A",.,"A",.,"A",.,"A",.,"A",201,"D",.,"A",.,"A",.,"A",.,"A",.,"A",.,"A",315,"D",.,"A",.,"A"
"20101",2020404,44,0,"1",.,"A",.,"A",.,"A",.,"A",.,"A",.,"A",.,"A",.,"A",.,"A",.,"A",.,"A",.,"A",.,"A",.,"A",.,"A"
"20101",2020415,26,0,"1",.,"A",.,"A",.,"A",.,"A",240,"D",.,"A",663,"D",.,"A",3,"D",0,"D",0,"D",15,"D",.,"A",0,"D",.,"A"
"20101",2020424,62,0,"1",.,"A",.,"A",.,"A",.,"A",.,"A",90,"D",.,"A",.,"A",.,"A",.,"A",.,"A",.,"A",200,"D",.,"A",.,"A"
"20101",2020454,28,0,"1",.,"A",.,"A",.,"A",.,"A",.,"A",.,"A",.,"A",.,"A",.,"A",.,"A",.,"A",.,"A",.,"A",.,"A",.,"A"
"20101",2020484,28,0,"1",.,"A",.,"A",.,"A",.,"A",6,"D",.,"A",.,"A",.,"A",.,"A",.,"A",.,"A",.,"A",.,"A",.,"A",.,"A"
"20101",2020494,37,0,"1",.,"A",.,"A",.,"A",.,"A",.,"A",.,"A",.,"A",.,"A",.,"A",.,"A",.,"A",.,"A",60,"F",.,"A",.,"A"
"20101",2020514,65,0,"1",.,"A",.,"A",.,"A",.,"A",.,"A",.,"A",.,"A",.,"A",.,"A",.,"A",.,"A",.,"A",.,"A",.,"A",.,"A"
"20101",2020524,54,0,"1",.,"A",.,"A",.,"A",.,"A",.,"A",.,"A",.,"A",260,"D",.,"A",.,"A",.,"A",.,"A",.,"A",.,"A",.,"A"
"20101",2020544,27,0,"1",.,"A",.,"A",.,"A",.,"A",10,"D",.,"A",.,"A",.,"A",.,"A",.,"A",.,"A",.,"A",.,"A",.,"A",.,"A"
"20101",2020554,37,0,"1",.,"A",.,"A",.,"A",.,"A",.,"A",.,"A",455,"D",.,"A",.,"A",.,"A",.,"A",.,"A",.,"A",.,"A",.,"A"
"20101",2020574,39,0,"1",.,"A",.,"A",.,"A",.,"A",.,"A",.,"A",507,"D",.,"A",.,"A",.,"A",.,"A",.,"A",.,"A",.,"A",.,"A"
"20101",2020584,44,0,"1",.,"A",.,"A",.,"A",30,"D",.,"A",60,"D",.,"A",.,"A",60,"D",0,"D",0,"D",180,"D",415,"D",0,"D",.,"A"
"20101",2020595,56,0,"1",.,"A",.,"A",.,"A",.,"A",.,"A",.,"A",.,"A",.,"A",.,"A",540,"D",0,"D",0,"D",60,"D",180,"D",.,"A"
"20101",2020604,94,0,"1",.,"A",.,"A",.,"A",.,"A",.,"A",.,"A",.,"A",.,"A",.,"A",.,"A",.,"A",.,"A",215,"D",.,"A",.,"A"
"20101",2020624,56,0,"1",.,"A",.,"A",.,"A",.,"A",.,"A",260,"D",.,"A",.,"A",.,"A",.,"A",.,"A",.,"A",420,"D",.,"A",.,"A"
"20101",2020644,31,0,"1",.,"A",.,"A",.,"A",.,"A",.,"A",.,"A",.,"A",.,"A",.,"A",.,"A",.,"A",.,"A",.,"A",.,"A",.,"A"
"20101",2020664,63,0,"1",.,"A",.,"A",.,"A",.,"A",.,"A",.,"A",.,"A",.,"A",.,"A",.,"A",.,"A",.,"A",.,"A",.,"A",.,"A"
"20101",2020704,46,0,"1",.,"A",.,"A",.,"A",.,"A",.,"A",.,"A",.,"A",.,"A",.,"A",.,"A",.,"A",.,"A",45,"D",.,"A",.,"A"
"20101",2020724,31,0,"1",.,"A",.,"A",.,"A",.,"A",.,"A",.,"A",130,"D",.,"A",12,"D",105,"D",0,"D",9,"D",.,"A",35,"D",.,"A"
"20101",2020734,38,0,"1",.,"A",.,"A",.,"A",.,"A",.,"A",.,"A",.,"A",.,"A",.,"A",.,"A",.,"A",.,"A",.,"A",.,"A",.,"A"
"20101",2020744,42,0,"1",.,"A",.,"A",.,"A",.,"A",.,"A",.,"A",.,"A",.,"A",.,"A",201,"D",0,"D",0,"D",.,"A",67,"D",.,"A"
"20101",2020754,30,0,"1",.,"A",.,"A",.,"A",.,"A",.,"A",.,"A",520,"D",.,"A",.,"A",.,"A",.,"A",.,"A",50,"D",.,"A",.,"A"
"20101",2020784,46,0,"1",.,"A",.,"A",.,"A",.,"A",.,"A",.,"A",.,"A",.,"A",.,"A",.,"A",.,"A",.,"A",50,"D",.,"A",.,"A"
"20101",2020804,58,0,"1",.,"A",.,"A",.,"A",.,"A",.,"A",.,"A",.,"A",.,"A",.,"A",.,"A",.,"A",.,"A",280,"D",.,"A",.,"A"
"20101",2020814,27,0,"1",.,"A",.,"A",.,"A",.,"A",.,"A",.,"A",.,"A",.,"A",.,"A",.,"A",.,"A",.,"A",15,"D",.,"A",.,"A"
"20101",2020824,77,0,"1",.,"A",.,"A",.,"A",.,"A",.,"A",.,"A",520,"D",.,"A",.,"A",0,"D",345,"D",0,"D",250,"D",0,"D",.,"A"
"20101",2020834,42,0,"1",.,"A",.,"A",.,"A",.,"A",30,"D",.,"A",.,"A",.,"A",.,"A",.,"A",.,"A",.,"A",120,"D",.,"A",.,"A"
"20101",2020844,58,0,"1",.,"A",.,"A",.,"A",.,"A",.,"A",.,"A",884,"D",.,"A",30,"D",.,"A",.,"A",.,"A",.,"A",.,"A",.,"A"
"20101",2020854,51,0,"1",.,"A",.,"A",.,"A",.,"A",.,"A",60,"D",520,"D",.,"A",.,"A",.,"A",.,"A",.,"A",70,"D",.,"A",.,"A"
"20101",2020865,77,0,"1",.,"A",.,"A",.,"A",.,"A",.,"A",60,"D",.,"A",.,"A",.,"A",.,"A",.,"A",.,"A",150,"D",.,"A",.,"A"
"20101",2020884,52,0,"1",.,"A",.,"A",.,"A",.,"A",.,"A",75,"D",.,"A",.,"A",.,"A",.,"A",.,"A",.,"A",60,"D",.,"A",.,"A"
"20101",2020894,67,0,"1",.,"A",.,"A",.,"A",.,"A",.,"A",.,"A",910,"D",.,"A",.,"A",.,"A",.,"A",.,"A",.,"A",.,"A",.,"A"
"20101",2020904,47,0,"1",.,"A",.,"A",.,"A",.,"A",.,"A",.,"A",390,"D",.,"A",.,"A",.,"A",.,"A",.,"A",12,"D",.,"A",.,"A"
"20101",2020914,38,0,"1",.,"A",.,"A",.,"A",.,"A",.,"A",.,"A",.,"A",.,"A",.,"A",.,"A",.,"A",.,"A",50,"D",.,"A",.,"A"
"20101",2020925,25,0,"1",.,"A",.,"A",.,"A",.,"A",.,"A",.,"A",.,"A",.,"A",.,"A",.,"A",.,"A",.,"A",.,"A",.,"A",.,"A"
"20101",2020934,61,0,"1",.,"A",.,"A",.,"A",.,"A",.,"A",96,"D",.,"A",.,"A",.,"A",.,"A",.,"A",.,"A",220,"D",.,"A",.,"A"
"20101",2020944,40,0,"1",.,"A",.,"A",.,"A",.,"A",.,"A",.,"A",.,"A",.,"A",.,"A",.,"A",.,"A",.,"A",30,"D",.,"A",.,"A"
"20101",2020954,40,0,"1",.,"A",.,"A",.,"A",.,"A",.,"A",.,"A",.,"A",.,"A",.,"A",.,"A",.,"A",.,"A",30,"D",.,"A",.,"A"
"20101",2020974,63,0,"1",.,"A",.,"A",.,"A",.,"A",.,"A",.,"A",390,"D",.,"A",.,"A",.,"A",.,"A",.,"A",186,"D",.,"A",.,"A"
"20101",2020994,27,0,"1",.,"A",.,"A",.,"A",.,"A",25,"D",.,"A",.,"A",.,"A",.,"A",.,"A",.,"A",.,"A",.,"A",.,"A",.,"A"
"20101",2021005,55,0,"1",.,"A",.,"A",.,"A",.,"A",.,"A",.,"A",.,"A",.,"A",.,"A",.,"A",.,"A",.,"A",70,"F",.,"A",.,"A"
"20101",2021014,64,0,"1",.,"A",.,"A",.,"A",.,"A",.,"A",.,"A",.,"A",.,"A",.,"A",.,"A",.,"A",.,"A",45,"D",.,"A",.,"A"
"20101",2021034,71,0,"1",.,"A",.,"A",.,"A",.,"A",.,"A",90,"D",.,"A",.,"A",.,"A",.,"A",.,"A",.,"A",210,"D",.,"A",.,"A"
"20101",2021074,46,0,"1",.,"A",.,"A",.,"A",.,"A",40,"D",.,"A",325,"D",.,"A",.,"A",.,"A",.,"A",.,"A",60,"D",.,"A",.,"A"
"20101",2021084,39,0,"1",.,"A",.,"A",.,"A",.,"A",.,"A",.,"A",.,"A",.,"A",.,"A",.,"A",.,"A",.,"A",.,"A",.,"A",.,"A"
"20101",2021094,33,0,"1",.,"A",.,"A",.,"A",.,"A",.,"A",.,"A",.,"A",.,"A",.,"A",.,"A",.,"A",.,"A",.,"A",.,"A",.,"A"
"20101",2021104,53,0,"1",.,"A",.,"A",.,"A",.,"A",.,"A",.,"A",.,"A",.,"A",.,"A",.,"A",.,"A",.,"A",40,"D",.,"A",.,"A"
"20101",2021124,54,0,"1",.,"A",.,"A",.,"A",.,"A",.,"A",.,"A",.,"A",.,"A",.,"A",.,"A",.,"A",.,"A",28,"D",.,"A",.,"A"
"20101",2021134,39,0,"1",.,"A",.,"A",.,"A",.,"A",.,"A",.,"A",.,"A",.,"A",.,"A",.,"A",.,"A",.,"A",.,"A",.,"A",.,"A"
"20101",2021164,55,0,"1",.,"A",.,"A",.,"A",.,"A",.,"A",.,"A",.,"A",.,"A",.,"A",.,"A",.,"A",.,"A",150,"D",.,"A",.,"A"
"20101",2021174,45,0,"1",.,"A",.,"A",.,"A",.,"A",.,"A",.,"A",130,"D",.,"A",27,"D",.,"A",.,"A",.,"A",.,"A",.,"A",.,"A"
"20101",2021184,30,0,"1",.,"A",.,"A",.,"A",.,"A",.,"A",.,"A",.,"A",.,"A",.,"A",.,"A",.,"A",.,"A",.,"A",.,"A",.,"A"
"20101",2021194,40,0,"1",.,"A",.,"A",.,"A",.,"A",.,"A",.,"A",.,"A",.,"A",.,"A",.,"A",.,"A",.,"A",.,"A",.,"A",.,"A"
"20101",2021204,61,0,"1",.,"A",.,"A",.,"A",.,"A",.,"A",.,"A",.,"A",.,"A",.,"A",.,"A",.,"A",.,"A",.,"A",.,"A",.,"A"
"20101",2021234,78,0,"1",.,"A",.,"A",.,"A",.,"A",10,"D",.,"A",.,"A",.,"A",.,"A",.,"A",.,"A",.,"A",150,"D",.,"A",.,"A"
"20101",2021244,53,0,"1",.,"A",.,"A",.,"A",.,"A",18,"D",.,"A",.,"A",.,"A",.,"A",.,"A",.,"A",.,"A",170,"D",.,"A",.,"A"
"20101",2021274,38,0,"1",.,"A",.,"A",.,"A",.,"A",.,"A",.,"A",520,"D",.,"A",.,"A",.,"A",.,"A",.,"A",.,"A",.,"A",.,"A"
"20101",2021284,36,0,"1",.,"A",.,"A",.,"A",.,"A",.,"A",.,"A",.,"A",.,"A",.,"A",.,"A",.,"A",.,"A",.,"A",.,"A",.,"A"
"20101",2021294,109,0,"1",.,"A",15,"D",55,"D",.,"A",.,"A",100,"D",.,"A",.,"A",.,"A",.,"A",.,"A",.,"A",342,"D",.,"A",.,"A"
"20101",2021314,59,0,"1",.,"A",.,"A",.,"A",.,"A",.,"A",.,"A",650,"D",.,"A",.,"A",.,"A",.,"A",.,"A",75,"D",.,"A",.,"A"
"20101",2021324,61,0,"1",.,"A",.,"A",.,"A",.,"A",.,"A",.,"A",.,"A",.,"A",60,"D",27,"D",0,"D",0,"D",33,"D",9,"D",.,"A"
"20101",2021334,54,0,"1",.,"A",.,"A",.,"A",.,"A",.,"A",.,"A",.,"A",.,"A",.,"A",.,"A",.,"A",.,"A",.,"A",.,"A",.,"A"
"20101",2021344,59,0,"1",.,"A",.,"A",.,"A",.,"A",.,"A",.,"A",.,"A",.,"A",.,"A",.,"A",.,"A",.,"A",.,"A",.,"A",.,"A"
"20101",2021354,43,0,"1",.,"A",.,"A",.,"A",.,"A",80,"D",.,"A",.,"A",.,"A",.,"A",.,"A",.,"A",.,"A",65,"D",.,"A",.,"A"
"20101",2021364,41,0,"1",.,"A",.,"A",.,"A",.,"A",.,"A",.,"A",325,"D",.,"A",.,"A",.,"A",.,"A",.,"A",50,"D",.,"A",.,"A"
"20101",2021384,52,0,"1",.,"A",.,"A",.,"A",.,"A",.,"A",.,"A",.,"A",.,"A",.,"A",.,"A",.,"A",.,"A",.,"A",.,"A",.,"A"
"20101",2021394,36,0,"1",.,"A",.,"A",.,"A",.,"A",320,"D",.,"A",104,"D",.,"A",.,"A",0,"D",210,"D",0,"D",100,"D",0,"D",.,"A"
"20101",2021415,24,0,"1",.,"A",.,"A",.,"A",.,"A",20,"D",.,"A",.,"A",.,"A",.,"A",.,"A",.,"A",.,"A",.,"A",.,"A",.,"A"
"20101",2021424,42,0,"1",.,"A",.,"A",.,"A",.,"A",.,"A",.,"A",78,"D",.,"A",.,"A",.,"A",.,"A",.,"A",.,"A",.,"A",.,"A"
"20101",2021434,103,0,"1",.,"A",.,"A",.,"A",.,"A",.,"A",.,"A",312,"D",.,"A",.,"A",.,"A",.,"A",.,"A",47,"D",.,"A",.,"A"
"20101",2021444,52,0,"1",.,"A",.,"A",.,"A",.,"A",.,"A",.,"A",.,"A",.,"A",.,"A",.,"A",.,"A",.,"A",.,"A",.,"A",.,"A"
"20101",2021454,28,0,"1",.,"A",.,"A",.,"A",.,"A",.,"A",.,"A",.,"A",.,"A",.,"A",.,"A",.,"A",.,"A",.,"A",.,"A",.,"A"
"20101",2021474,61,0,"1",0,"F",.,"A",.,"A",.,"A",216,"F",.,"A",637,"D",13,"D",30,"D",.,"A",.,"A",.,"A",.,"A",.,"A",.,"A"
"20101",2021484,37,0,"1",.,"A",.,"A",.,"A",.,"A",.,"A",.,"A",130,"D",.,"A",.,"A",.,"A",.,"A",.,"A",12,"D",.,"A",.,"A"
"20101",2021504,58,0,"1",.,"A",.,"A",.,"A",.,"A",.,"A",.,"A",.,"A",.,"A",.,"A",.,"A",.,"A",.,"A",360,"D",.,"A",.,"A"
"20101",2021524,84,0,"1",.,"A",.,"A",.,"A",.,"A",.,"A",.,"A",.,"A",.,"A",.,"A",.,"A",.,"A",.,"A",.,"A",.,"A",.,"A"
"20101",2021535,40,0,"1",.,"A",.,"A",.,"A",.,"A",.,"A",.,"A",.,"A",.,"A",.,"A",.,"A",.,"A",.,"A",.,"A",.,"A",.,"A"
"20101",2021554,34,0,"1",.,"A",.,"A",.,"A",.,"A",.,"A",.,"A",.,"A",.,"A",9,"D",.,"A",.,"A",.,"A",.,"A",.,"A",.,"A"
"20101",2021564,33,0,"1",0,"F",.,"A",.,"A",.,"A",240,"F",.,"A",.,"A",.,"A",.,"A",.,"A",.,"A",.,"A",60,"D",.,"A",.,"A"
"20101",2021584,63,0,"1",.,"A",.,"A",32,"D",.,"A",.,"A",7,"D",1040,"D",.,"A",.,"A",.,"A",.,"A",.,"A",45,"D",.,"A",.,"A"
"20101",2021594,25,0,"1",.,"A",.,"A",.,"A",.,"A",.,"A",.,"A",650,"D",.,"A",.,"A",.,"A",.,"A",.,"A",.,"A",.,"A",.,"A"
"20101",2021604,49,0,"1",.,"A",.,"A",.,"A",.,"A",.,"A",35,"D",.,"A",.,"A",.,"A",.,"A",.,"A",.,"A",450,"D",.,"A",.,"A"
"20101",2021614,39,0,"1",.,"A",.,"A",.,"A",.,"A",.,"A",.,"A",.,"A",.,"A",.,"A",.,"A",.,"A",.,"A",135,"D",.,"A",.,"A"
"20101",2021644,49,0,"1",9,"D",.,"A",50,"D",.,"A",0,"D",.,"A",.,"A",.,"A",.,"A",.,"A",.,"A",.,"A",30,"D",.,"A",.,"A"
"20101",2021654,91,0,"1",.,"A",.,"A",.,"A",.,"A",.,"A",.,"A",.,"A",2340,"D",.,"A",.,"A",.,"A",.,"A",70,"D",.,"A",.,"A"
"20101",2021664,43,0,"1",.,"A",.,"A",.,"A",.,"A",.,"A",.,"A",260,"D",.,"A",.,"A",.,"A",.,"A",.,"A",.,"A",.,"A",.,"A"
"20101",2021674,36,0,"1",.,"A",.,"A",.,"A",.,"A",.,"A",.,"A",.,"A",.,"A",.,"A",.,"A",.,"A",.,"A",.,"A",.,"A",.,"A"
"20101",2021714,61,0,"1",.,"A",.,"A",.,"A",.,"A",.,"A",.,"A",195,"D",.,"A",.,"A",.,"A",.,"A",.,"A",.,"A",.,"A",.,"A"
"20101",2021734,51,0,"1",.,"A",.,"A",.,"A",.,"A",.,"A",80,"D",.,"A",.,"A",.,"A",.,"A",.,"A",.,"A",145,"D",.,"A",.,"A"
"20101",2021754,70,0,"1",.,"A",.,"A",.,"A",.,"A",.,"A",.,"A",260,"D",.,"A",.,"A",.,"A",.,"A",.,"A",70,"D",.,"A",.,"A"
"20101",2021774,60,0,"1",.,"A",.,"A",.,"A",.,"A",.,"A",.,"A",.,"A",.,"A",.,"A",.,"A",.,"A",.,"A",.,"A",.,"A",.,"A"
"20101",2021794,58,0,"1",.,"A",.,"A",.,"A",.,"A",.,"A",40,"D",91,"D",.,"A",.,"A",.,"A",.,"A",.,"A",175,"F",.,"A",.,"A"
"20101",2021804,57,0,"1",.,"A",.,"A",.,"A",.,"A",.,"A",.,"A",1092,"D",.,"A",9,"D",.,"A",.,"A",.,"A",150,"D",.,"A",.,"A"
"20101",2021824,49,0,"1",.,"A",.,"A",.,"A",.,"A",.,"A",.,"A",.,"A",.,"A",.,"A",.,"A",.,"A",.,"A",15,"D",.,"A",.,"A"
"20101",2021834,96,0,"1",.,"A",.,"A",31,"D",.,"A",5,"D",.,"A",.,"A",.,"A",.,"A",0,"D",0,"D",6,"D",110,"D",0,"D",.,"A"
"20101",2021844,55,0,"1",.,"A",.,"A",.,"A",.,"A",.,"A",.,"A",130,"D",.,"A",.,"A",.,"A",.,"A",.,"A",.,"A",.,"A",.,"A"
"20101",2021854,61,0,"1",.,"A",.,"A",30,"D",.,"A",.,"A",.,"A",.,"A",.,"A",.,"A",.,"A",.,"A",.,"A",61,"D",.,"A",.,"A"
"20101",2021864,42,0,"1",.,"A",.,"A",.,"A",.,"A",.,"A",.,"A",.,"A",.,"A",.,"A",.,"A",.,"A",.,"A",.,"A",.,"A",.,"A"
"20101",2021885,58,0,"1",.,"A",.,"A",.,"A",.,"A",.,"A",30,"D",.,"A",.,"A",.,"A",.,"A",.,"A",.,"A",264,"D",.,"A",.,"A"
"20101",2021894,43,0,"1",.,"A",.,"A",55,"D",.,"A",.,"A",.,"A",.,"A",.,"A",.,"A",.,"A",.,"A",.,"A",49,"D",.,"A",.,"A"
"20101",2021914,22,0,"1",.,"A",.,"A",.,"A",.,"A",.,"A",.,"A",.,"A",.,"A",.,"A",.,"A",.,"A",.,"A",.,"A",.,"A",.,"A"
"20101",2021924,87,0,"1",.,"A",.,"A",.,"A",.,"A",.,"A",.,"A",.,"A",.,"A",.,"A",.,"A",.,"A",.,"A",735,"D",.,"A",.,"A"
"20101",2021934,37,0,"1",20,"D",.,"A",.,"A",180,"D",70,"D",20,"D",.,"A",.,"A",.,"A",.,"A",.,"A",.,"A",.,"A",.,"A",.,"A"
"20101",2021954,30,0,"1",.,"A",.,"A",.,"A",.,"A",140,"D",.,"A",.,"A",.,"A",.,"A",.,"A",.,"A",.,"A",.,"A",.,"A",.,"A"
"20101",2021964,39,0,"1",.,"A",.,"A",.,"A",5,"D",.,"A",.,"A",.,"A",.,"A",.,"A",.,"A",.,"A",.,"A",45,"D",.,"A",.,"A"
"20101",2021984,45,0,"1",.,"A",.,"A",.,"A",.,"A",25,"D",75,"D",.,"A",.,"A",.,"A",255,"D",0,"D",105,"D",185,"D",85,"D",.,"A"
"20101",2021994,69,0,"1",.,"A",.,"A",.,"A",.,"A",.,"A",.,"A",.,"A",.,"A",.,"A",.,"A",.,"A",.,"A",.,"A",.,"A",.,"A"
"20101",2022014,40,0,"1",.,"A",.,"A",.,"A",.,"A",.,"A",.,"A",.,"A",.,"A",.,"A",.,"A",.,"A",.,"A",.,"A",.,"A",.,"A"
"20101",2022034,22,0,"1",.,"A",.,"A",.,"A",.,"A",.,"A",.,"A",.,"A",.,"A",.,"A",.,"A",.,"A",.,"A",.,"A",.,"A",.,"A"
"20101",2022044,55,0,"1",.,"A",.,"A",.,"A",.,"A",.,"A",.,"A",650,"D",.,"A",.,"A",.,"A",.,"A",.,"A",.,"A",.,"A",.,"A"
"20101",2022054,43,0,"1",.,"A",.,"A",.,"A",.,"A",.,"A",.,"A",.,"A",.,"A",.,"A",.,"A",.,"A",.,"A",40,"D",.,"A",.,"A"
"20101",2022074,87,0,"1",.,"A",.,"A",.,"A",.,"A",.,"A",40,"D",455,"D",.,"A",.,"A",.,"A",.,"A",.,"A",150,"D",.,"A",.,"A"
"20101",2022084,79,0,"1",.,"A",.,"A",.,"A",.,"A",.,"A",.,"A",.,"A",.,"A",.,"A",.,"A",.,"A",.,"A",140,"D",.,"A",.,"A"
"20101",2022114,42,0,"1",.,"A",.,"A",.,"A",.,"A",.,"A",.,"A",.,"A",.,"A",.,"A",.,"A",.,"A",.,"A",.,"A",.,"A",.,"A"
"20101",2022134,61,0,"1",.,"A",.,"A",.,"A",.,"A",.,"A",.,"A",.,"A",.,"A",.,"A",.,"A",.,"A",.,"A",40,"D",.,"A",.,"A"
"20101",2022144,64,0,"1",.,"A",.,"A",.,"A",.,"A",.,"A",.,"A",.,"A",.,"A",.,"A",.,"A",.,"A",.,"A",100,"D",.,"A",.,"A"
"20101",2022154,68,0,"1",.,"A",.,"A",.,"A",.,"A",.,"A",.,"A",286,"D",.,"A",.,"A",.,"A",.,"A",.,"A",55,"D",.,"A",.,"A"
"20101",2022164,46,0,"1",.,"A",.,"A",.,"A",.,"A",.,"A",.,"A",.,"A",.,"A",.,"A",.,"A",.,"A",.,"A",.,"A",.,"A",.,"A"
"20101",2022174,91,0,"1",.,"A",.,"A",.,"A",.,"A",.,"A",22,"D",.,"A",.,"A",.,"A",.,"A",.,"A",.,"A",75,"D",.,"A",.,"A"
"20101",2022184,39,0,"1",.,"A",.,"A",.,"A",.,"A",.,"A",.,"A",.,"A",.,"A",.,"A",.,"A",.,"A",.,"A",45,"D",.,"A",.,"A"
"20101",2022194,52,0,"1",.,"A",.,"A",.,"A",.,"A",.,"A",.,"A",.,"A",.,"A",.,"A",.,"A",.,"A",.,"A",.,"A",.,"A",.,"A"
"20101",2022204,39,0,"1",.,"A",.,"A",.,"A",.,"A",.,"A",50,"D",.,"A",.,"A",0,"D",.,"A",.,"A",.,"A",45,"D",.,"A",.,"A"
"20101",2022214,46,0,"1",.,"A",.,"A",.,"A",.,"A",.,"A",.,"A",.,"A",.,"A",.,"A",.,"A",.,"A",.,"A",40,"D",.,"A",.,"A"
"20101",2022224,40,0,"1",.,"A",.,"A",.,"A",.,"A",.,"A",240,"D",.,"A",.,"A",.,"A",.,"A",.,"A",.,"A",150,"D",.,"A",.,"A"
"20101",2022244,56,0,"1",.,"A",.,"A",.,"A",.,"A",.,"A",.,"A",455,"D",.,"A",24,"D",.,"A",.,"A",.,"A",21,"D",.,"A",.,"A"
"20101",2022254,42,0,"1",.,"A",.,"A",.,"A",.,"A",.,"A",.,"A",.,"A",.,"A",.,"A",.,"A",.,"A",.,"A",75,"D",.,"A",.,"A"
"20101",2022274,64,0,"1",0,"F",.,"A",.,"A",.,"A",60,"F",.,"A",.,"A",.,"A",.,"A",.,"A",.,"A",.,"A",30,"D",.,"A",.,"A"
"20101",2022284,46,0,"1",.,"A",.,"A",.,"A",.,"A",.,"A",.,"A",455,"D",.,"A",.,"A",.,"A",.,"A",.,"A",15,"D",.,"A",.,"A"
"20101",2022314,72,0,"1",.,"A",.,"A",.,"A",.,"A",.,"A",.,"A",260,"D",.,"A",.,"A",.,"A",.,"A",.,"A",135,"D",.,"A",.,"A"
"20101",2022324,96,0,"1",.,"A",.,"A",.,"A",.,"A",.,"A",.,"A",.,"A",.,"A",45,"D",.,"A",.,"A",.,"A",200,"D",.,"A",.,"A"
"20101",2022334,50,0,"1",.,"A",.,"A",.,"A",.,"A",.,"A",.,"A",.,"A",.,"A",30,"D",.,"A",.,"A",.,"A",.,"A",.,"A",.,"A"
"20101",2022344,58,0,"1",.,"A",.,"A",.,"A",.,"A",.,"A",120,"D",39,"D",.,"A",.,"A",.,"A",.,"A",.,"A",150,"D",.,"A",.,"A"
"20101",2022354,39,0,"1",.,"A",.,"A",.,"A",.,"A",.,"A",.,"A",.,"A",.,"A",.,"A",0,"D",0,"D",15,"D",72,"D",0,"D",.,"A"
"20101",2022374,59,0,"1",.,"A",.,"A",.,"A",.,"A",.,"A",.,"A",520,"D",.,"A",.,"A",.,"A",.,"A",.,"A",.,"A",.,"A",.,"A"
"20101",2022394,30,0,"1",.,"A",.,"A",.,"A",.,"A",.,"A",.,"A",.,"A",.,"A",.,"A",.,"A",.,"A",.,"A",.,"A",.,"A",.,"A"
"20101",2022404,42,0,"1",24,"D",.,"A",.,"A",60,"D",48,"D",.,"A",.,"A",.,"A",.,"A",0,"D",0,"D",270,"D",50,"D",0,"D",.,"A"
"20101",2022415,42,0,"1",.,"A",.,"A",.,"A",30,"D",.,"A",.,"A",260,"D",.,"A",.,"A",.,"A",.,"A",.,"A",.,"A",.,"A",.,"A"
"20101",2022424,56,0,"1",.,"A",.,"A",.,"A",.,"A",.,"A",.,"A",.,"A",.,"A",.,"A",.,"A",.,"A",.,"A",65,"D",.,"A",.,"A"
"20101",2022434,88,0,"1",.,"A",.,"A",.,"A",.,"A",.,"A",.,"A",.,"A",.,"A",.,"A",.,"A",.,"A",.,"A",111,"D",.,"A",.,"A"
"20101",2022444,71,0,"1",.,"A",.,"A",.,"A",.,"A",.,"A",.,"A",.,"A",.,"A",.,"A",.,"A",.,"A",.,"A",33,"D",.,"A",.,"A"
"20101",2022454,66,0,"1",.,"A",.,"A",.,"A",.,"A",.,"A",.,"A",.,"A",.,"A",.,"A",.,"A",.,"A",.,"A",150,"D",.,"A",.,"A"
"20101",2022474,53,0,"1",.,"A",.,"A",.,"A",.,"A",.,"A",.,"A",260,"D",.,"A",.,"A",.,"A",.,"A",.,"A",100,"D",.,"A",.,"A"
"20101",2022494,46,0,"1",.,"A",.,"A",.,"A",.,"A",.,"A",.,"A",.,"A",182,"D",.,"A",.,"A",.,"A",.,"A",120,"D",.,"A",.,"A"
"20101",2022514,131,0,"1",.,"A",.,"A",.,"A",.,"A",.,"A",10,"D",.,"A",.,"A",.,"A",.,"A",.,"A",.,"A",455,"D",.,"A",.,"A"
"20101",2022534,82,0,"1",.,"A",.,"A",.,"A",.,"A",.,"A",25,"D",.,"A",.,"A",.,"A",.,"A",.,"A",.,"A",210,"D",.,"A",.,"A"
"20101",2022544,77,0,"1",.,"A",.,"A",.,"A",.,"A",.,"A",.,"A",.,"A",.,"A",.,"A",.,"A",.,"A",.,"A",30,"D",.,"A",.,"A"
"20101",2022555,55,0,"1",.,"A",.,"A",.,"A",.,"A",.,"A",.,"A",.,"A",.,"A",.,"A",.,"A",.,"A",.,"A",260,"D",.,"A",.,"A"
"20101",2022564,64,0,"1",.,"A",.,"A",.,"A",.,"A",.,"A",.,"A",.,"A",.,"A",.,"A",.,"A",.,"A",.,"A",.,"A",.,"A",.,"A"
"20101",2022574,36,0,"1",.,"A",.,"A",.,"A",.,"A",.,"A",.,"A",.,"A",.,"A",.,"A",.,"A",.,"A",.,"A",.,"A",.,"A",.,"A"
"20101",2022584,86,0,"1",.,"A",.,"A",.,"A",.,"A",.,"A",.,"A",.,"A",.,"A",.,"A",.,"A",.,"A",.,"A",70,"D",.,"A",.,"A"
"20101",2022604,67,0,"1",.,"A",.,"A",.,"A",.,"A",.,"A",120,"D",.,"A",.,"A",.,"A",.,"A",.,"A",.,"A",510,"D",.,"A",.,"A"
"20101",2022614,35,0,"1",.,"A",.,"A",.,"A",.,"A",.,"A",15,"D",.,"A",.,"A",36,"D",.,"A",.,"A",.,"A",.,"A",.,"A",.,"A"
"20101",2022624,60,0,"1",.,"A",.,"A",.,"A",.,"A",.,"A",.,"A",.,"A",.,"A",.,"A",.,"A",.,"A",.,"A",.,"A",.,"A",.,"A"
"20101",2022634,42,0,"1",.,"A",.,"A",.,"A",.,"A",42,"D",5,"D",.,"A",.,"A",.,"A",.,"A",.,"A",.,"A",14,"D",.,"A",.,"A"
"20101",2022644,22,0,"1",.,"A",.,"A",.,"A",.,"A",.,"A",.,"A",.,"A",.,"A",.,"A",.,"A",.,"A",.,"A",22,"D",.,"A",.,"A"
"20101",2022655,61,0,"1",.,"A",.,"A",.,"A",.,"A",.,"A",.,"A",.,"A",.,"A",.,"A",.,"A",.,"A",.,"A",20,"D",.,"A",.,"A"
"20101",2022664,52,0,"1",.,"A",.,"A",.,"A",.,"A",.,"A",50,"D",.,"A",.,"A",.,"A",.,"A",.,"A",.,"A",300,"D",.,"A",.,"A"
"20101",2022684,36,0,"1",.,"A",.,"A",.,"A",.,"A",.,"A",.,"A",.,"A",.,"A",.,"A",.,"A",.,"A",.,"A",45,"D",.,"A",.,"A"
"20101",2022695,71,0,"1",.,"A",.,"A",.,"A",.,"A",.,"A",.,"A",.,"A",.,"A",75,"D",.,"A",.,"A",.,"A",.,"A",.,"A",.,"A"
"20101",2022724,55,0,"1",.,"A",.,"A",.,"A",.,"A",.,"A",.,"A",.,"A",.,"A",.,"A",.,"A",.,"A",.,"A",.,"A",.,"A",.,"A"
"20101",2022734,53,0,"1",.,"A",.,"A",20,"D",.,"A",.,"A",.,"A",.,"A",104,"D",15,"D",.,"A",.,"A",.,"A",.,"A",.,"A",.,"A"
"20101",2022774,40,0,"1",.,"A",.,"A",.,"A",.,"A",6,"D",.,"A",.,"A",.,"A",15,"D",.,"A",.,"A",.,"A",.,"A",.,"A",.,"A"
"20101",2022784,85,0,"1",.,"A",.,"A",.,"A",.,"A",.,"A",70,"D",130,"D",.,"A",.,"A",.,"A",.,"A",.,"A",240,"D",.,"A",.,"A"
"20101",2022794,67,0,"1",.,"A",.,"A",.,"A",.,"A",.,"A",200,"D",.,"A",.,"A",.,"A",.,"A",.,"A",.,"A",185,"D",.,"A",.,"A"
"20101",2022824,47,0,"1",.,"A",.,"A",.,"A",.,"A",.,"A",.,"A",.,"A",.,"A",.,"A",.,"A",.,"A",.,"A",140,"D",.,"A",.,"A"
"20101",2022864,47,0,"1",.,"A",.,"A",.,"A",.,"A",.,"A",.,"A",780,"D",.,"A",.,"A",.,"A",.,"A",.,"A",.,"A",.,"A",.,"A"
"20101",2022884,79,0,"1",.,"A",.,"A",.,"A",.,"A",.,"A",120,"D",.,"A",.,"A",120,"D",.,"A",.,"A",.,"A",300,"D",.,"A",.,"A"
"20101",2022894,51,0,"1",.,"A",.,"A",.,"A",.,"A",.,"A",.,"A",260,"D",.,"A",.,"A",.,"A",.,"A",.,"A",20,"D",.,"A",.,"A"
"20101",2022924,43,0,"1",.,"A",.,"A",.,"A",.,"A",.,"A",.,"A",.,"A",.,"A",.,"A",.,"A",.,"A",.,"A",15,"D",.,"A",.,"A"
"20101",2022954,29,0,"1",.,"A",.,"A",.,"A",.,"A",.,"A",.,"A",.,"A",.,"A",.,"A",.,"A",.,"A",.,"A",.,"A",.,"A",.,"A"
"20101",2022964,78,0,"1",.,"A",.,"A",.,"A",.,"A",.,"A",.,"A",.,"A",.,"A",.,"A",0,"D",0,"D",69,"D",120,"D",0,"D",.,"A"
"20101",2022974,37,0,"1",.,"A",.,"A",.,"A",.,"A",.,"A",.,"A",130,"D",.,"A",.,"A",.,"A",.,"A",.,"A",.,"A",.,"A",.,"A"
"20101",2022984,48,0,"1",.,"A",.,"A",.,"A",.,"A",.,"A",.,"A",.,"A",.,"A",.,"A",.,"A",.,"A",.,"A",56,"D",.,"A",.,"A"
"20101",2022994,48,0,"1",.,"A",.,"A",.,"A",.,"A",.,"A",.,"A",.,"A",.,"A",.,"A",.,"A",.,"A",.,"A",.,"A",.,"A",.,"A"
"20101",2023034,36,0,"1",.,"A",.,"A",.,"A",.,"A",.,"A",.,"A",.,"A",.,"A",.,"A",.,"A",.,"A",.,"A",.,"A",.,"A",.,"A"
"20101",2023044,45,0,"1",.,"A",.,"A",.,"A",.,"A",.,"A",.,"A",.,"A",.,"A",.,"A",.,"A",.,"A",.,"A",.,"A",.,"A",.,"A"
"20101",2023054,31,0,"1",.,"A",.,"A",.,"A",.,"A",.,"A",.,"A",.,"A",.,"A",.,"A",150,"D",0,"D",0,"D",.,"A",50,"D",.,"A"
"20101",2023064,33,0,"1",.,"A",.,"A",.,"A",.,"A",.,"A",.,"A",.,"A",.,"A",.,"A",.,"A",.,"A",.,"A",.,"A",.,"A",.,"A"
"20101",2023074,60,0,"1",.,"A",.,"A",.,"A",.,"A",.,"A",.,"A",.,"A",65,"D",.,"A",.,"A",.,"A",.,"A",45,"D",.,"A",.,"A"
"20101",2023085,39,0,"1",.,"A",.,"A",.,"A",.,"A",.,"A",.,"A",.,"A",.,"A",.,"A",.,"A",.,"A",.,"A",.,"A",.,"A",.,"A"
"20101",2023094,58,0,"1",.,"A",.,"A",.,"A",.,"A",.,"A",42,"D",.,"A",.,"A",.,"A",.,"A",.,"A",.,"A",109,"D",.,"A",.,"A"
"20101",2023134,99,0,"1",.,"A",.,"A",.,"A",.,"A",42,"D",15,"D",598,"D",.,"A",54,"D",0,"D",60,"D",0,"D",134,"D",0,"D",.,"A"
"20101",2023144,28,0,"1",.,"A",.,"A",.,"A",.,"A",.,"A",.,"A",.,"A",.,"A",.,"A",.,"A",.,"A",.,"A",.,"A",.,"A",.,"A"
"20101",2023155,45,0,"1",.,"A",.,"A",.,"A",.,"A",.,"A",101,"D",.,"A",.,"A",42,"D",.,"A",.,"A",.,"A",60,"D",.,"A",.,"A"
"20101",2023174,51,0,"1",.,"A",.,"A",.,"A",.,"A",.,"A",.,"A",195,"D",.,"A",.,"A",.,"A",.,"A",.,"A",60,"D",.,"A",.,"A"
"20101",2023184,82,0,"1",.,"A",.,"A",.,"A",.,"A",.,"A",.,"A",.,"A",.,"A",.,"A",.,"A",.,"A",.,"A",60,"D",.,"A",.,"A"
"20101",2023214,66,0,"1",.,"A",.,"A",.,"A",.,"A",.,"A",.,"A",.,"A",.,"A",36,"D",.,"A",.,"A",.,"A",60,"D",.,"A",.,"A"
"20101",2023224,88,0,"1",.,"A",.,"A",.,"A",.,"A",15,"D",.,"A",.,"A",.,"A",.,"A",.,"A",.,"A",.,"A",150,"D",.,"A",.,"A"
"20101",2023235,76,0,"1",.,"A",.,"A",.,"A",.,"A",.,"A",.,"A",.,"A",.,"A",.,"A",.,"A",.,"A",.,"A",100,"D",.,"A",.,"A"
"20101",2023244,45,0,"1",.,"A",.,"A",.,"A",.,"A",.,"A",.,"A",.,"A",.,"A",.,"A",.,"A",.,"A",.,"A",18,"D",.,"A",.,"A"
"20101",2023254,48,0,"1",.,"A",.,"A",.,"A",.,"A",.,"A",.,"A",.,"A",.,"A",.,"A",.,"A",.,"A",.,"A",100,"D",.,"A",.,"A"
"20101",2023284,49,0,"1",.,"A",.,"A",.,"A",.,"A",.,"A",.,"A",.,"A",.,"A",.,"A",.,"A",.,"A",.,"A",345,"D",.,"A",.,"A"
"20101",2023294,39,0,"1",.,"A",.,"A",.,"A",.,"A",.,"A",.,"A",.,"A",.,"A",.,"A",.,"A",.,"A",.,"A",30,"D",.,"A",.,"A"
"20101",2023324,98,0,"1",.,"A",.,"A",.,"A",.,"A",.,"A",.,"A",.,"A",.,"A",.,"A",.,"A",.,"A",.,"A",20,"D",.,"A",.,"A"
"20101",2023354,72,0,"1",.,"A",.,"A",.,"A",.,"A",.,"A",.,"A",.,"A",.,"A",.,"A",.,"A",.,"A",.,"A",189,"D",.,"A",.,"A"
"20101",2023364,67,0,"1",.,"A",.,"A",.,"A",.,"A",.,"A",.,"A",.,"A",.,"A",.,"A",.,"A",.,"A",.,"A",160,"D",.,"A",.,"A"
"20101",2023384,39,0,"1",.,"A",.,"A",.,"A",.,"A",.,"A",15,"D",.,"A",.,"A",.,"A",.,"A",.,"A",.,"A",284,"D",.,"A",.,"A"
"20101",2023404,40,0,"1",.,"A",.,"A",.,"A",.,"A",25,"D",.,"A",.,"A",.,"A",.,"A",.,"A",.,"A",.,"A",.,"A",.,"A",.,"A"
"20101",2023414,53,0,"1",.,"A",.,"A",.,"A",.,"A",.,"A",.,"A",.,"A",.,"A",.,"A",.,"A",.,"A",.,"A",12,"D",.,"A",.,"A"
"20101",2023434,33,0,"1",.,"A",.,"A",.,"A",.,"A",.,"A",.,"A",.,"A",.,"A",.,"A",.,"A",.,"A",.,"A",.,"A",.,"A",.,"A"
"20101",2023444,42,0,"1",100,"D",.,"A",.,"A",.,"A",140,"D",.,"A",.,"A",.,"A",.,"A",.,"A",.,"A",.,"A",180,"D",.,"A",.,"A"
"20101",2023474,58,0,"1",.,"A",.,"A",.,"A",.,"A",.,"A",.,"A",.,"A",.,"A",.,"A",.,"A",.,"A",.,"A",20,"F",.,"A",.,"A"
"20101",2023484,46,0,"1",.,"A",.,"A",.,"A",.,"A",.,"A",.,"A",.,"A",.,"A",.,"A",.,"A",.,"A",.,"A",.,"A",.,"A",.,"A"
"20101",2023504,35,0,"1",.,"A",.,"A",.,"A",.,"A",.,"A",100,"D",325,"D",.,"A",.,"A",.,"A",.,"A",.,"A",180,"D",.,"A",.,"A"
"20101",2023514,32,0,"1",.,"A",.,"A",.,"A",.,"A",.,"A",.,"A",.,"A",.,"A",.,"A",.,"A",.,"A",.,"A",.,"A",.,"A",.,"A"
"20101",2023534,66,0,"1",.,"A",.,"A",.,"A",.,"A",.,"A",.,"A",.,"A",.,"A",.,"A",.,"A",.,"A",.,"A",400,"D",.,"A",.,"A"
"20101",2023544,37,0,"1",.,"A",.,"A",.,"A",.,"A",.,"A",.,"A",.,"A",.,"A",.,"A",.,"A",.,"A",.,"A",.,"A",.,"A",.,"A"
"20101",2023554,61,0,"1",.,"A",.,"A",.,"A",.,"A",.,"A",48,"D",.,"A",.,"A",.,"A",.,"A",.,"A",.,"A",.,"A",.,"A",.,"A"
"20101",2023574,40,0,"1",.,"A",.,"A",.,"A",.,"A",.,"A",.,"A",.,"A",.,"A",.,"A",.,"A",.,"A",.,"A",15,"D",.,"A",.,"A"
"20101",2023584,60,0,"1",.,"A",.,"A",.,"A",.,"A",.,"A",.,"A",.,"A",.,"A",.,"A",.,"A",.,"A",.,"A",25,"D",.,"A",.,"A"
"20101",2023594,45,0,"1",.,"A",.,"A",.,"A",.,"A",.,"A",.,"A",.,"A",.,"A",.,"A",.,"A",.,"A",.,"A",120,"F",.,"A",.,"A"
"20101",2023614,72,0,"1",.,"A",.,"A",.,"A",.,"A",.,"A",.,"A",130,"D",.,"A",.,"A",.,"A",.,"A",.,"A",.,"A",.,"A",.,"A"
"20101",2023624,81,0,"1",20,"D",.,"A",.,"A",.,"A",60,"D",.,"A",.,"A",.,"A",.,"A",.,"A",.,"A",.,"A",75,"D",.,"A",.,"A"
"20101",2023635,46,0,"1",.,"A",.,"A",.,"A",.,"A",.,"A",.,"A",.,"A",260,"D",.,"A",.,"A",.,"A",.,"A",50,"D",.,"A",.,"A"
"20101",2023645,54,0,"1",.,"A",.,"A",.,"A",.,"A",.,"A",.,"A",1300,"D",.,"A",75,"D",.,"A",.,"A",.,"A",.,"A",.,"A",.,"A"
"20101",2023664,47,0,"1",.,"A",.,"A",.,"A",.,"A",.,"A",.,"A",.,"A",.,"A",.,"A",.,"A",.,"A",.,"A",.,"A",.,"A",.,"A"
"20101",2023694,103,0,"1",.,"A",.,"A",130,"D",.,"A",.,"A",20,"D",.,"A",.,"A",.,"A",.,"A",.,"A",.,"A",150,"D",.,"A",.,"A"
"20101",2023714,42,0,"1",.,"A",.,"A",.,"A",.,"A",.,"A",111,"D",.,"A",.,"A",.,"A",.,"A",.,"A",.,"A",200,"D",.,"A",.,"A"
"20101",2023724,84,0,"1",.,"A",25,"D",.,"A",.,"A",.,"A",0,"D",.,"A",.,"A",9,"D",.,"A",.,"A",.,"A",160,"D",.,"A",.,"A"
"20101",2023734,40,0,"1",.,"A",.,"A",.,"A",.,"A",.,"A",.,"A",.,"A",.,"A",.,"A",.,"A",.,"A",.,"A",90,"D",.,"A",.,"A"
"20101",2023744,42,0,"1",.,"A",.,"A",.,"A",.,"A",.,"A",.,"A",.,"A",.,"A",.,"A",.,"A",.,"A",.,"A",16,"D",.,"A",.,"A"
"20101",2023765,29,0,"1",.,"A",.,"A",.,"A",.,"A",.,"A",.,"A",.,"A",.,"A",.,"A",.,"A",.,"A",.,"A",.,"A",.,"A",.,"A"
"20101",2023784,52,0,"1",.,"A",.,"A",.,"A",.,"A",.,"A",.,"A",.,"A",.,"A",.,"A",.,"A",.,"A",.,"A",.,"A",.,"A",.,"A"
"20101",2023804,23,0,"1",.,"A",.,"A",.,"A",.,"A",.,"A",.,"A",.,"A",.,"A",.,"A",.,"A",.,"A",.,"A",.,"A",.,"A",.,"A"
"20101",2023814,35,0,"1",.,"A",.,"A",.,"A",.,"A",.,"A",.,"A",.,"A",.,"A",.,"A",.,"A",.,"A",.,"A",.,"A",.,"A",.,"A"
"20101",2023825,40,0,"1",.,"A",.,"A",.,"A",.,"A",70,"D",.,"A",325,"D",.,"A",.,"A",.,"A",.,"A",.,"A",.,"A",.,"A",.,"A"
"20101",2023834,44,0,"1",15,"D",.,"A",.,"A",.,"A",135,"D",.,"A",650,"D",.,"A",.,"A",.,"A",.,"A",.,"A",30,"D",.,"A",.,"A"
"20101",2023844,132,0,"1",.,"A",.,"A",.,"A",.,"A",.,"A",.,"A",.,"A",.,"A",18,"D",.,"A",.,"A",.,"A",75,"D",.,"A",.,"A"
"20101",2023864,69,0,"1",.,"A",.,"A",.,"A",.,"A",.,"A",150,"D",.,"A",.,"A",.,"A",.,"A",.,"A",.,"A",180,"D",.,"A",.,"A"
"20101",2023874,66,0,"1",.,"A",.,"A",.,"A",.,"A",.,"A",.,"A",.,"A",.,"A",.,"A",.,"A",.,"A",.,"A",113,"D",.,"A",.,"A"
"20101",2023884,47,0,"1",.,"A",.,"A",.,"A",.,"A",.,"A",.,"A",.,"A",.,"A",.,"A",.,"A",.,"A",.,"A",.,"A",.,"A",.,"A"
"20101",2023894,61,0,"1",.,"A",.,"A",.,"A",.,"A",.,"A",.,"A",.,"A",.,"A",.,"A",.,"A",.,"A",.,"A",110,"D",.,"A",.,"A"
"20101",2023914,77,0,"1",.,"A",.,"A",.,"A",.,"A",.,"A",.,"A",.,"A",.,"A",.,"A",.,"A",.,"A",.,"A",66,"D",.,"A",.,"A"
"20101",2023924,45,0,"1",.,"A",.,"A",.,"A",.,"A",.,"A",.,"A",.,"A",.,"A",.,"A",.,"A",.,"A",.,"A",96,"D",.,"A",.,"A"
"20101",2023934,26,0,"1",.,"A",.,"A",.,"A",.,"A",.,"A",.,"A",.,"A",.,"A",.,"A",.,"A",.,"A",.,"A",.,"A",.,"A",.,"A"
"20101",2023944,56,0,"1",.,"A",.,"A",.,"A",.,"A",.,"A",.,"A",650,"D",.,"A",6,"D",.,"A",.,"A",.,"A",.,"A",.,"A",.,"A"
"20101",2023954,58,0,"1",.,"A",.,"A",.,"A",.,"A",.,"A",.,"A",.,"A",.,"A",.,"A",.,"A",.,"A",.,"A",.,"A",.,"A",.,"A"
"20101",2023964,49,0,"1",.,"A",.,"A",.,"A",.,"A",.,"A",15,"D",.,"A",.,"A",2400,"D",.,"A",.,"A",.,"A",100,"D",.,"A",.,"A"
"20101",2023974,41,0,"1",.,"A",.,"A",.,"A",.,"A",300,"D",.,"A",.,"A",.,"A",.,"A",.,"A",.,"A",.,"A",120,"D",.,"A",.,"A"
"20101",2023994,44,0,"1",.,"A",.,"A",.,"A",.,"A",.,"A",.,"A",.,"A",.,"A",.,"A",.,"A",.,"A",.,"A",.,"A",.,"A",.,"A"
"20101",2024034,41,0,"1",.,"A",.,"A",.,"A",.,"A",.,"A",.,"A",.,"A",.,"A",.,"A",.,"A",.,"A",.,"A",.,"A",.,"A",.,"A"
"20101",2024044,48,0,"1",.,"A",.,"A",.,"A",.,"A",.,"A",.,"A",1300,"D",.,"A",.,"A",.,"A",.,"A",.,"A",.,"A",.,"A",.,"A"
"20101",2024054,89,0,"1",.,"A",.,"A",.,"A",.,"A",.,"A",.,"A",390,"D",.,"A",.,"A",.,"A",.,"A",.,"A",180,"D",.,"A",.,"A"
"20101",2024064,35,0,"1",.,"A",.,"A",.,"A",.,"A",10,"D",.,"A",325,"D",.,"A",.,"A",.,"A",.,"A",.,"A",.,"A",.,"A",.,"A"
"20101",2024074,50,0,"1",.,"A",.,"A",.,"A",.,"A",.,"A",30,"D",.,"A",.,"A",.,"A",.,"A",.,"A",.,"A",30,"D",.,"A",.,"A"
"20101",2024084,69,0,"1",.,"A",.,"A",.,"A",.,"A",.,"A",.,"A",156,"D",234,"D",.,"A",.,"A",.,"A",.,"A",.,"A",.,"A",.,"A"
"20101",2024124,40,0,"1",.,"A",.,"A",.,"A",.,"A",.,"A",.,"A",.,"A",.,"A",.,"A",.,"A",.,"A",.,"A",.,"A",.,"A",.,"A"
"20101",2024134,45,0,"1",.,"A",.,"A",.,"A",.,"A",.,"A",.,"A",390,"D",.,"A",.,"A",.,"A",.,"A",.,"A",.,"A",.,"A",.,"A"
"20101",2024144,28,0,"1",.,"A",.,"A",.,"A",.,"A",.,"A",.,"A",.,"A",.,"A",.,"A",0,"D",0,"D",90,"D",.,"A",0,"D",.,"A"
"20101",2024154,52,0,"1",.,"A",.,"A",.,"A",.,"A",.,"A",.,"A",.,"A",.,"A",.,"A",.,"A",.,"A",.,"A",.,"A",.,"A",.,"A"
"20101",2024164,67,0,"1",.,"A",.,"A",.,"A",.,"A",.,"A",.,"A",.,"A",.,"A",.,"A",.,"A",.,"A",.,"A",.,"A",.,"A",.,"A"
"20101",2024174,35,0,"1",.,"A",.,"A",.,"A",.,"A",150,"D",.,"A",.,"A",65,"D",.,"A",90,"D",0,"D",0,"D",.,"A",30,"D",.,"A"
"20101",2024194,38,0,"1",.,"A",.,"A",10,"D",.,"A",.,"A",.,"A",.,"A",.,"A",.,"A",.,"A",.,"A",.,"A",.,"A",.,"A",.,"A"
"20101",2024204,58,0,"1",.,"A",.,"A",.,"A",.,"A",.,"A",.,"A",.,"A",.,"A",.,"A",.,"A",.,"A",.,"A",.,"A",.,"A",.,"A"
"20101",2024225,54,0,"1",.,"A",62,"D",.,"A",.,"A",.,"A",0,"D",39,"D",.,"A",.,"A",.,"A",.,"A",.,"A",32,"D",.,"A",.,"A"
"20101",2024244,59,0,"1",.,"A",.,"A",.,"A",.,"A",.,"A",8,"D",.,"A",.,"A",.,"A",.,"A",.,"A",.,"A",210,"D",.,"A",.,"A"
"20101",2024254,34,0,"1",.,"A",.,"A",.,"A",.,"A",.,"A",.,"A",.,"A",.,"A",.,"A",.,"A",.,"A",.,"A",.,"A",.,"A",.,"A"
"20101",2024285,50,0,"1",.,"A",.,"A",.,"A",.,"A",.,"A",.,"A",260,"D",.,"A",6,"D",.,"A",.,"A",.,"A",310,"D",.,"A",.,"A"
"20101",2024294,65,0,"1",.,"A",.,"A",.,"A",.,"A",.,"A",.,"A",.,"A",.,"A",.,"A",.,"A",.,"A",.,"A",.,"A",.,"A",.,"A"
"20101",2024315,66,0,"1",.,"A",.,"A",.,"A",.,"A",.,"A",.,"A",.,"A",.,"A",.,"A",.,"A",.,"A",.,"A",45,"D",.,"A",.,"A"
"20101",2024324,73,0,"1",.,"A",.,"A",.,"A",.,"A",.,"A",.,"A",.,"A",.,"A",.,"A",.,"A",.,"A",.,"A",54,"D",.,"A",.,"A"
"20101",2024334,57,0,"1",.,"A",.,"A",.,"A",.,"A",.,"A",.,"A",715,"D",.,"A",.,"A",.,"A",.,"A",.,"A",.,"A",.,"A",.,"A"
"20101",2024354,40,0,"1",.,"A",.,"A",.,"A",.,"A",60,"D",.,"A",.,"A",.,"A",.,"A",.,"A",.,"A",.,"A",.,"A",.,"A",.,"A"
"20101",2024364,29,0,"1",.,"A",.,"A",.,"A",360,"D",144,"D",.,"A",.,"A",.,"A",.,"A",.,"A",.,"A",.,"A",.,"A",.,"A",.,"A"
"20101",2024414,57,0,"1",.,"A",.,"A",.,"A",.,"A",.,"A",.,"A",.,"A",.,"A",.,"A",.,"A",.,"A",.,"A",500,"D",.,"A",.,"A"
"20101",2024424,53,0,"1",.,"A",.,"A",.,"A",.,"A",.,"A",.,"A",260,"D",.,"A",.,"A",.,"A",.,"A",.,"A",17,"D",.,"A",.,"A"
"20101",2024434,46,0,"1",.,"A",.,"A",.,"A",.,"A",.,"A",.,"A",520,"D",.,"A",.,"A",.,"A",.,"A",.,"A",.,"A",.,"A",.,"A"
"20101",2024454,69,0,"1",.,"A",.,"A",.,"A",.,"A",.,"A",.,"A",.,"A",.,"A",.,"A",.,"A",.,"A",.,"A",40,"D",.,"A",.,"A"
"20101",2024464,46,0,"1",.,"A",.,"A",.,"A",.,"A",.,"A",40,"D",.,"A",.,"A",.,"A",.,"A",.,"A",.,"A",.,"A",.,"A",.,"A"
"20101",2024505,38,0,"1",.,"A",.,"A",.,"A",.,"A",.,"A",.,"A",.,"A",.,"A",.,"A",.,"A",.,"A",.,"A",109,"D",.,"A",.,"A"
"20101",2024534,40,0,"1",.,"A",.,"A",.,"A",200,"D",80,"D",.,"A",585,"D",.,"A",15,"D",.,"A",.,"A",.,"A",.,"A",.,"A",.,"A"
"20101",2024554,66,0,"1",.,"A",.,"A",.,"A",.,"A",.,"A",.,"A",.,"A",.,"A",.,"A",.,"A",.,"A",.,"A",100,"D",.,"A",.,"A"
"20101",2024574,25,0,"1",.,"A",.,"A",.,"A",.,"A",.,"A",.,"A",.,"A",.,"A",.,"A",.,"A",.,"A",.,"A",.,"A",.,"A",.,"A"
"20101",2024594,45,0,"1",.,"A",.,"A",.,"A",.,"A",.,"A",.,"A",.,"A",.,"A",.,"A",.,"A",.,"A",.,"A",.,"A",.,"A",.,"A"
"20101",2024614,60,0,"1",.,"A",.,"A",.,"A",.,"A",.,"A",.,"A",.,"A",.,"A",.,"A",.,"A",.,"A",.,"A",.,"A",.,"A",.,"A"
"20101",2024645,40,0,"1",.,"A",.,"A",.,"A",.,"A",.,"A",.,"A",520,"D",.,"A",.,"A",.,"A",.,"A",.,"A",.,"A",.,"A",.,"A"
"20101",2024664,80,0,"1",.,"A",.,"A",.,"A",.,"A",.,"A",.,"A",.,"A",.,"A",.,"A",.,"A",.,"A",.,"A",60,"D",.,"A",.,"A"
"20101",2024674,59,0,"1",.,"A",.,"A",55,"D",.,"A",.,"A",.,"A",.,"A",.,"A",.,"A",.,"A",.,"A",.,"A",20,"D",.,"A",.,"A"
"20101",2024684,42,0,"1",.,"A",.,"A",.,"A",.,"A",.,"A",.,"A",.,"A",.,"A",.,"A",.,"A",.,"A",.,"A",60,"D",.,"A",.,"A"
"20101",2024704,89,0,"1",.,"A",.,"A",.,"A",.,"A",.,"A",200,"D",.,"A",.,"A",.,"A",.,"A",.,"A",.,"A",200,"D",.,"A",.,"A"
"20101",2024724,65,0,"1",.,"A",.,"A",.,"A",.,"A",.,"A",60,"D",.,"A",.,"A",.,"A",.,"A",.,"A",.,"A",100,"D",.,"A",.,"A"
"20101",2024734,66,0,"1",.,"A",.,"A",.,"A",15,"D",.,"A",16,"D",.,"A",.,"A",.,"A",.,"A",.,"A",.,"A",146,"D",.,"A",.,"A"
"20101",2024744,28,0,"1",40,"D",.,"A",.,"A",.,"A",80,"D",.,"A",.,"A",.,"A",.,"A",0,"D",240,"D",0,"D",105,"D",0,"D",.,"A"
"20101",2024754,48,0,"1",45,"D",.,"A",.,"A",100,"D",45,"D",.,"A",.,"A",.,"A",.,"A",.,"A",.,"A",.,"A",120,"D",.,"A",.,"A"
"20101",2024764,64,0,"1",.,"A",.,"A",.,"A",.,"A",.,"A",.,"A",.,"A",.,"A",.,"A",.,"A",.,"A",.,"A",30,"D",.,"A",.,"A"
"20101",2024774,50,0,"1",.,"A",.,"A",.,"A",.,"A",.,"A",.,"A",.,"A",.,"A",.,"A",.,"A",.,"A",.,"A",.,"A",.,"A",.,"A"
"20101",2024804,61,0,"1",.,"A",.,"A",.,"A",.,"A",.,"A",.,"A",.,"A",.,"A",.,"A",.,"A",.,"A",.,"A",60,"D",.,"A",.,"A"
"20101",2024814,41,0,"1",.,"A",.,"A",.,"A",.,"A",.,"A",.,"A",.,"A",.,"A",.,"A",.,"A",.,"A",.,"A",.,"A",.,"A",.,"A"
"20101",2024834,43,0,"1",.,"A",.,"A",.,"A",.,"A",.,"A",.,"A",390,"D",.,"A",30,"D",.,"A",.,"A",.,"A",32,"D",.,"A",.,"A"
"20101",2024854,38,0,"1",.,"A",.,"A",.,"A",.,"A",.,"A",.,"A",.,"A",.,"A",.,"A",.,"A",.,"A",.,"A",240,"D",.,"A",.,"A"
"20101",2024864,65,0,"1",.,"A",.,"A",.,"A",.,"A",.,"A",.,"A",780,"D",.,"A",.,"A",.,"A",.,"A",.,"A",150,"D",.,"A",.,"A"
"20101",2024874,25,0,"1",.,"A",.,"A",.,"A",.,"A",45,"D",.,"A",.,"A",.,"A",.,"A",.,"A",.,"A",.,"A",.,"A",.,"A",.,"A"
"20101",2024914,71,0,"1",.,"A",.,"A",.,"A",.,"A",.,"A",60,"D",.,"A",.,"A",.,"A",.,"A",.,"A",.,"A",315,"D",.,"A",.,"A"
"20101",2024924,29,0,"1",.,"A",.,"A",.,"A",.,"A",.,"A",.,"A",.,"A",.,"A",.,"A",.,"A",.,"A",.,"A",.,"A",.,"A",.,"A"
"20101",2024934,50,0,"1",5,"D",.,"A",.,"A",.,"A",24,"D",.,"A",.,"A",78,"D",.,"A",.,"A",.,"A",.,"A",45,"D",.,"A",.,"A"
"20101",2024944,47,0,"1",.,"A",.,"A",.,"A",.,"A",.,"A",.,"A",.,"A",.,"A",.,"A",.,"A",.,"A",.,"A",60,"D",.,"A",.,"A"
"20101",2024954,66,0,"1",.,"A",.,"A",30,"D",.,"A",.,"A",.,"A",.,"A",.,"A",.,"A",.,"A",.,"A",.,"A",25,"D",.,"A",.,"A"
"20101",2024964,50,0,"1",15,"D",.,"A",.,"A",75,"D",105,"D",.,"A",.,"A",.,"A",60,"D",0,"D",0,"D",9,"D",.,"A",0,"D",.,"A"
"20101",2024974,33,0,"1",.,"A",.,"A",.,"A",.,"A",.,"A",.,"A",.,"A",.,"A",.,"A",.,"A",.,"A",.,"A",.,"A",.,"A",.,"A"
"20101",2024984,28,0,"1",.,"A",.,"A",.,"A",.,"A",.,"A",.,"A",.,"A",.,"A",.,"A",.,"A",.,"A",.,"A",.,"A",.,"A",.,"A"
"20101",2024995,54,0,"1",2,"D",.,"A",44,"D",.,"A",478,"D",.,"A",1300,"D",.,"A",15,"D",.,"A",.,"A",.,"A",250,"D",.,"A",.,"A"
"20101",2025004,46,0,"1",.,"A",.,"A",.,"A",.,"A",120,"D",.,"A",.,"A",.,"A",.,"A",.,"A",.,"A",.,"A",.,"A",.,"A",.,"A"
"20101",2025015,52,0,"1",.,"A",.,"A",.,"A",.,"A",.,"A",.,"A",.,"A",.,"A",12,"D",.,"A",.,"A",.,"A",.,"A",.,"A",.,"A"
"20101",2025024,84,0,"1",.,"A",.,"A",.,"A",.,"A",.,"A",200,"D",.,"A",.,"A",.,"A",.,"A",.,"A",.,"A",450,"D",.,"A",.,"A"
"20101",2025034,83,0,"1",.,"A",.,"A",.,"A",15,"D",.,"A",50,"D",.,"A",.,"A",.,"A",.,"A",.,"A",.,"A",155,"D",.,"A",.,"A"
"20101",2025044,58,0,"1",.,"A",.,"A",.,"A",.,"A",60,"D",.,"A",.,"A",.,"A",.,"A",0,"D",0,"D",18,"D",.,"A",0,"D",.,"A"
"20101",2025054,42,0,"1",.,"A",.,"A",.,"A",.,"A",52,"D",100,"D",.,"A",.,"A",.,"A",.,"A",.,"A",.,"A",280,"D",.,"A",.,"A"
"20101",2025065,55,0,"1",.,"A",.,"A",.,"A",.,"A",80,"D",45,"D",.,"A",.,"A",45,"D",.,"A",.,"A",.,"A",300,"D",.,"A",.,"A"
"20101",2025084,62,0,"1",.,"A",.,"A",.,"A",.,"A",.,"A",.,"A",.,"A",.,"A",.,"A",.,"A",.,"A",.,"A",45,"D",.,"A",.,"A"
"20101",2025094,55,0,"1",.,"A",.,"A",.,"A",.,"A",.,"A",240,"D",1300,"D",.,"A",.,"A",.,"A",.,"A",.,"A",358,"D",.,"A",.,"A"
"20101",2025104,25,0,"1",.,"A",.,"A",.,"A",.,"A",.,"A",20,"D",.,"A",.,"A",.,"A",267,"D",0,"D",60,"D",.,"A",89,"D",.,"A"
"20101",2025114,69,0,"1",.,"A",.,"A",.,"A",.,"A",.,"A",70,"D",.,"A",.,"A",.,"A",.,"A",.,"A",.,"A",30,"D",.,"A",.,"A"
"20101",2025124,46,0,"1",.,"A",.,"A",.,"A",.,"A",.,"A",10,"D",.,"A",.,"A",.,"A",.,"A",.,"A",.,"A",16,"D",.,"A",.,"A"
"20101",2025144,47,0,"1",.,"A",.,"A",.,"A",.,"A",.,"A",.,"A",.,"A",.,"A",.,"A",.,"A",.,"A",.,"A",60,"D",.,"A",.,"A"
"20101",2025154,43,0,"1",.,"A",.,"A",.,"A",.,"A",.,"A",.,"A",.,"A",130,"D",.,"A",.,"A",.,"A",.,"A",40,"D",.,"A",.,"A"
"20101",2025164,51,0,"1",.,"A",.,"A",.,"A",.,"A",.,"A",.,"A",.,"A",.,"A",.,"A",.,"A",.,"A",.,"A",81,"D",.,"A",.,"A"
"20101",2025174,61,0,"1",.,"A",.,"A",.,"A",.,"A",.,"A",35,"D",.,"A",104,"D",9,"D",.,"A",.,"A",.,"A",.,"A",.,"A",.,"A"
"20101",2025194,42,0,"1",.,"A",.,"A",.,"A",.,"A",.,"A",20,"D",.,"A",.,"A",.,"A",.,"A",.,"A",.,"A",.,"A",.,"A",.,"A"
"20101",2025204,66,0,"1",.,"A",.,"A",.,"A",.,"A",.,"A",.,"A",.,"A",.,"A",.,"A",.,"A",.,"A",.,"A",.,"A",.,"A",.,"A"
"20101",2025224,69,0,"1",.,"A",.,"A",90,"D",.,"A",.,"A",.,"A",.,"A",.,"A",30,"D",.,"A",.,"A",.,"A",190,"D",.,"A",.,"A"
"20101",2025234,66,0,"1",.,"A",.,"A",.,"A",.,"A",.,"A",.,"A",455,"D",.,"A",.,"A",.,"A",.,"A",.,"A",60,"D",.,"A",.,"A"
"20101",2025254,55,0,"1",.,"A",.,"A",.,"A",.,"A",.,"A",75,"D",.,"A",.,"A",.,"A",.,"A",.,"A",.,"A",300,"D",.,"A",.,"A"
"20101",2025264,49,0,"1",.,"A",.,"A",.,"A",.,"A",.,"A",.,"A",.,"A",.,"A",.,"A",.,"A",.,"A",.,"A",75,"D",.,"A",.,"A"
"20101",2025274,54,0,"1",.,"A",.,"A",.,"A",.,"A",.,"A",100,"D",.,"A",.,"A",.,"A",.,"A",.,"A",.,"A",20,"D",.,"A",.,"A"
"20101",2025285,83,0,"1",.,"A",.,"A",.,"A",.,"A",.,"A",.,"A",.,"A",.,"A",.,"A",.,"A",.,"A",.,"A",200,"D",.,"A",.,"A"
"20101",2025294,60,0,"1",5,"D",.,"A",.,"A",.,"A",0,"D",.,"A",.,"A",.,"A",.,"A",.,"A",.,"A",.,"A",75,"D",.,"A",.,"A"
"20101",2025304,52,0,"1",.,"A",.,"A",.,"A",.,"A",30,"D",.,"A",.,"A",.,"A",12,"D",.,"A",.,"A",.,"A",18,"D",.,"A",.,"A"
"20101",2025324,73,0,"1",.,"A",.,"A",.,"A",.,"A",.,"A",.,"A",390,"D",.,"A",.,"A",.,"A",.,"A",.,"A",90,"D",.,"A",.,"A"
"20101",2025334,43,0,"1",.,"A",.,"A",.,"A",.,"A",.,"A",.,"A",325,"D",.,"A",.,"A",.,"A",.,"A",.,"A",450,"D",.,"A",.,"A"
"20101",2025345,94,0,"1",.,"A",.,"A",.,"A",40,"D",.,"A",400,"D",.,"A",.,"A",120,"D",0,"D",0,"D",135,"D",90,"D",0,"D",.,"A"
"20101",2025354,43,0,"1",.,"A",.,"A",.,"A",.,"A",.,"A",.,"A",.,"A",.,"A",.,"A",.,"A",.,"A",.,"A",150,"D",.,"A",.,"A"
"20101",2025365,53,0,"1",.,"A",.,"A",.,"A",.,"A",.,"A",.,"A",.,"A",.,"A",.,"A",.,"A",.,"A",.,"A",25,"D",.,"A",.,"A"
"20101",2025375,61,0,"1",.,"A",.,"A",.,"A",.,"A",60,"D",.,"A",.,"A",.,"A",.,"A",108,"D",0,"D",0,"D",40,"D",36,"D",.,"A"
"20101",2025384,26,0,"1",.,"A",.,"A",.,"A",.,"A",.,"A",.,"A",.,"A",.,"A",.,"A",.,"A",.,"A",.,"A",.,"A",.,"A",.,"A"
"20101",2025394,50,0,"1",.,"A",.,"A",.,"A",.,"A",.,"A",.,"A",.,"A",.,"A",.,"A",.,"A",.,"A",.,"A",150,"D",.,"A",.,"A"
"20101",2025404,34,0,"1",.,"A",.,"A",.,"A",.,"A",.,"A",.,"A",.,"A",.,"A",.,"A",.,"A",.,"A",.,"A",.,"A",.,"A",.,"A"
"20101",2025414,41,0,"1",.,"A",.,"A",.,"A",.,"A",.,"A",.,"A",390,"D",.,"A",.,"A",.,"A",.,"A",.,"A",30,"D",.,"A",.,"A"
"20101",2025424,38,0,"1",.,"A",.,"A",.,"A",.,"A",.,"A",.,"A",.,"A",.,"A",.,"A",.,"A",.,"A",.,"A",.,"A",.,"A",.,"A"
"20101",2025434,47,0,"1",.,"A",.,"A",.,"A",.,"A",.,"A",.,"A",.,"A",.,"A",.,"A",.,"A",.,"A",.,"A",.,"A",.,"A",.,"A"
"20101",2025444,49,0,"1",.,"A",.,"A",.,"A",.,"A",.,"A",.,"A",390,"D",.,"A",.,"A",.,"A",.,"A",.,"A",26,"D",.,"A",.,"A"
"20101",2025454,54,0,"1",.,"A",.,"A",.,"A",.,"A",.,"A",60,"D",.,"A",.,"A",.,"A",.,"A",.,"A",.,"A",40,"D",.,"A",.,"A"
"20101",2025464,38,0,"1",.,"A",.,"A",.,"A",.,"A",.,"A",.,"A",.,"A",.,"A",.,"A",.,"A",.,"A",.,"A",40,"D",.,"A",.,"A"
"20101",2025474,61,0,"1",.,"A",.,"A",.,"A",.,"A",.,"A",.,"A",481,"D",.,"A",36,"D",.,"A",.,"A",.,"A",125,"D",.,"A",.,"A"
"20101",2025494,65,0,"1",.,"A",.,"A",.,"A",.,"A",.,"A",.,"A",.,"A",.,"A",.,"A",.,"A",.,"A",.,"A",150,"D",.,"A",.,"A"
"20101",2025504,69,0,"1",.,"A",.,"A",.,"A",.,"A",.,"A",.,"A",.,"A",.,"A",30,"D",.,"A",.,"A",.,"A",40,"D",.,"A",.,"A"
"20101",2025524,28,0,"1",.,"A",.,"A",.,"A",.,"A",20,"D",.,"A",.,"A",.,"A",.,"A",210,"D",0,"D",0,"D",.,"A",70,"D",.,"A"
"20101",2025544,65,0,"1",.,"A",.,"A",.,"A",.,"A",.,"A",.,"A",.,"A",.,"A",.,"A",.,"A",.,"A",.,"A",180,"D",.,"A",.,"A"
"20101",2025574,38,0,"1",.,"A",.,"A",.,"A",.,"A",.,"A",.,"A",.,"A",.,"A",.,"A",.,"A",.,"A",.,"A",.,"A",.,"A",.,"A"
"20101",2025584,50,0,"1",.,"A",.,"A",.,"A",.,"A",.,"A",.,"A",1300,"D",.,"A",.,"A",.,"A",.,"A",.,"A",15,"D",.,"A",.,"A"
"20101",2025594,52,0,"1",.,"A",.,"A",.,"A",.,"A",.,"A",.,"A",.,"A",.,"A",.,"A",.,"A",.,"A",.,"A",30,"D",.,"A",.,"A"
"20101",2025604,32,0,"1",.,"A",.,"A",.,"A",.,"A",240,"F",.,"A",.,"A",.,"A",.,"A",.,"A",.,"A",.,"A",.,"A",.,"A",.,"A"
"20101",2025634,34,0,"1",.,"A",.,"A",.,"A",.,"A",.,"A",.,"A",.,"A",.,"A",.,"A",.,"A",.,"A",.,"A",150,"D",.,"A",.,"A"
"20101",2025644,54,0,"1",.,"A",.,"A",.,"A",20,"D",.,"A",20,"D",.,"A",.,"A",.,"A",0,"D",0,"D",90,"D",100,"D",0,"D",.,"A"
"20101",2025664,66,0,"1",.,"A",.,"A",.,"A",.,"A",.,"A",15,"D",.,"A",.,"A",3,"D",.,"A",.,"A",.,"A",210,"D",.,"A",.,"A"
"20101",2025674,42,0,"1",.,"A",.,"A",.,"A",.,"A",.,"A",.,"A",273,"D",.,"A",.,"A",.,"A",.,"A",.,"A",36,"D",.,"A",.,"A"
"20101",2025685,52,0,"1",.,"A",.,"A",.,"A",.,"A",.,"A",.,"A",.,"A",.,"A",.,"A",.,"A",.,"A",.,"A",10,"D",.,"A",.,"A"
"20101",2025694,47,0,"1",.,"A",.,"A",.,"A",.,"A",36,"D",.,"A",455,"D",.,"A",15,"D",.,"A",.,"A",.,"A",.,"A",.,"A",.,"A"
"20101",2025714,62,0,"1",.,"A",.,"A",.,"A",.,"A",.,"A",.,"A",.,"A",.,"A",.,"A",0,"D",0,"D",15,"D",20,"D",0,"D",.,"A"
"20101",2025724,61,0,"1",.,"A",.,"A",.,"A",.,"A",.,"A",.,"A",.,"A",.,"A",.,"A",.,"A",.,"A",.,"A",50,"D",.,"A",.,"A"
"20101",2025734,40,0,"1",.,"A",.,"A",.,"A",.,"A",.,"A",.,"A",.,"A",.,"A",.,"A",.,"A",.,"A",.,"A",.,"A",.,"A",.,"A"
"20101",2025755,58,0,"1",.,"A",.,"A",.,"A",.,"A",.,"A",.,"A",.,"A",.,"A",36,"D",0,"D",0,"D",90,"D",70,"D",0,"D",.,"A"
"20101",2025764,59,0,"1",.,"A",.,"A",.,"A",.,"A",.,"A",.,"A",.,"A",.,"A",.,"A",.,"A",.,"A",.,"A",.,"A",.,"A",.,"A"
"20101",2025774,138,0,"1",10,"D",.,"A",.,"A",.,"A",190,"D",200,"D",.,"A",260,"D",6,"D",.,"A",.,"A",.,"A",500,"D",.,"A",.,"A"
"20101",2025804,40,0,"1",.,"A",.,"A",21,"F",.,"A",.,"A",20,"D",.,"A",.,"A",.,"A",.,"A",.,"A",.,"A",.,"A",.,"A",.,"A"
"20101",2025814,29,0,"1",.,"A",.,"A",.,"A",.,"A",.,"A",.,"A",.,"A",.,"A",.,"A",.,"A",.,"A",.,"A",140,"D",.,"A",.,"A"
"20101",2025844,70,0,"1",.,"A",.,"A",.,"A",832,"D",.,"A",.,"A",.,"A",.,"A",.,"A",.,"A",.,"A",.,"A",215,"D",.,"A",.,"A"
"20101",2025865,71,0,"1",.,"A",.,"A",.,"A",.,"A",.,"A",.,"A",.,"A",.,"A",.,"A",.,"A",.,"A",.,"A",330,"D",.,"A",.,"A"
"20101",2025874,51,0,"1",.,"A",.,"A",.,"A",.,"A",.,"A",.,"A",260,"D",.,"A",.,"A",.,"A",.,"A",.,"A",.,"A",.,"A",.,"A"
"20101",2025904,62,0,"1",.,"A",.,"A",.,"A",.,"A",.,"A",.,"A",.,"A",.,"A",.,"A",.,"A",.,"A",.,"A",45,"F",.,"A",.,"A"
"20101",2025914,41,0,"1",.,"A",.,"A",.,"A",.,"A",.,"A",.,"A",520,"D",.,"A",.,"A",.,"A",.,"A",.,"A",.,"A",.,"A",.,"A"
"20101",2025924,90,0,"1",.,"A",.,"A",.,"A",.,"A",.,"A",.,"A",.,"A",.,"A",.,"A",.,"A",.,"A",.,"A",24,"F",.,"A",.,"A"
"20101",2025934,68,0,"1",.,"A",.,"A",.,"A",.,"A",.,"A",.,"A",.,"A",.,"A",.,"A",.,"A",.,"A",.,"A",210,"D",.,"A",.,"A"
"20101",2025954,49,0,"1",.,"A",.,"A",.,"A",.,"A",.,"A",.,"A",.,"A",.,"A",.,"A",.,"A",.,"A",.,"A",.,"A",.,"A",.,"A"
"20101",2025965,38,0,"1",.,"A",.,"A",.,"A",.,"A",.,"A",.,"A",.,"A",.,"A",.,"A",.,"A",.,"A",.,"A",.,"A",.,"A",.,"A"
"20101",2025974,60,0,"1",.,"A",.,"A",.,"A",.,"A",.,"A",.,"A",.,"A",.,"A",.,"A",.,"A",.,"A",.,"A",200,"D",.,"A",.,"A"
"20101",2026004,68,0,"1",.,"A",.,"A",.,"A",.,"A",.,"A",.,"A",1092,"D",.,"A",.,"A",.,"A",.,"A",.,"A",70,"D",.,"A",.,"A"
"20101",2026024,48,0,"1",.,"A",.,"A",.,"A",.,"A",.,"A",.,"A",.,"A",.,"A",.,"A",.,"A",.,"A",.,"A",60,"D",.,"A",.,"A"
"20101",2026034,41,0,"1",.,"A",.,"A",.,"A",.,"A",.,"A",.,"A",.,"A",.,"A",.,"A",.,"A",.,"A",.,"A",.,"A",.,"A",.,"A"
"20101",2026045,52,0,"1",.,"A",.,"A",.,"A",.,"A",.,"A",.,"A",.,"A",.,"A",.,"A",.,"A",.,"A",.,"A",184,"D",.,"A",.,"A"
"20101",2026054,49,0,"1",.,"A",.,"A",.,"A",.,"A",.,"A",.,"A",.,"A",.,"A",.,"A",.,"A",.,"A",.,"A",45,"D",.,"A",.,"A"
"20101",2026064,29,0,"1",.,"A",.,"A",.,"A",.,"A",.,"A",.,"A",.,"A",.,"A",.,"A",.,"A",.,"A",.,"A",15,"D",.,"A",.,"A"
"20101",2026074,54,0,"1",.,"A",.,"A",.,"A",.,"A",.,"A",300,"D",.,"A",.,"A",.,"A",.,"A",.,"A",.,"A",50,"D",.,"A",.,"A"
"20101",2026084,49,0,"1",.,"A",.,"A",.,"A",.,"A",.,"A",.,"A",.,"A",.,"A",.,"A",.,"A",.,"A",.,"A",50,"D",.,"A",.,"A"
"20101",2026094,86,0,"1",.,"A",.,"A",.,"A",.,"A",.,"A",.,"A",.,"A",.,"A",36,"D",.,"A",.,"A",.,"A",.,"A",.,"A",.,"A"
"20101",2026104,47,0,"1",.,"A",.,"A",.,"A",.,"A",.,"A",.,"A",.,"A",.,"A",.,"A",.,"A",.,"A",.,"A",129,"D",.,"A",.,"A"
"20101",2026134,65,0,"1",.,"A",.,"A",.,"A",.,"A",.,"A",.,"A",260,"D",.,"A",.,"A",.,"A",.,"A",.,"A",.,"A",.,"A",.,"A"
"20101",2026144,43,0,"1",.,"A",.,"A",.,"A",.,"A",42,"D",220,"D",.,"A",.,"A",15,"D",.,"A",.,"A",.,"A",.,"A",.,"A",.,"A"
"20101",2026154,32,0,"1",10,"D",.,"A",.,"A",.,"A",30,"D",.,"A",.,"A",.,"A",.,"A",90,"D",0,"D",0,"D",12,"D",30,"D",.,"A"
"20101",2026174,110,0,"1",.,"A",.,"A",.,"A",.,"A",.,"A",.,"A",.,"A",.,"A",.,"A",.,"A",.,"A",.,"A",80,"D",.,"A",.,"A"
"20101",2026194,70,0,"1",.,"A",.,"A",.,"A",.,"A",.,"A",.,"A",.,"A",.,"A",.,"A",.,"A",.,"A",.,"A",58,"D",.,"A",.,"A"
"20101",2026204,76,0,"1",.,"A",.,"A",.,"A",.,"A",.,"A",.,"A",.,"A",.,"A",.,"A",.,"A",.,"A",.,"A",24,"D",.,"A",.,"A"
"20101",2026214,47,0,"1",.,"A",.,"A",.,"A",.,"A",.,"A",.,"A",.,"A",.,"A",.,"A",.,"A",.,"A",.,"A",.,"A",.,"A",.,"A"
"20101",2026224,47,0,"1",.,"A",.,"A",.,"A",.,"A",.,"A",.,"A",.,"A",.,"A",.,"A",.,"A",.,"A",.,"A",120,"D",.,"A",.,"A"
"20101",2026244,77,0,"1",.,"A",.,"A",30,"D",.,"A",.,"A",25,"D",.,"A",.,"A",.,"A",.,"A",.,"A",.,"A",30,"D",.,"A",.,"A"
"20101",2026264,42,0,"1",.,"A",.,"A",.,"A",.,"A",.,"A",.,"A",.,"A",.,"A",.,"A",.,"A",.,"A",.,"A",18,"D",.,"A",.,"A"
"20101",2026274,40,0,"1",.,"A",.,"A",.,"A",.,"A",.,"A",.,"A",.,"A",.,"A",.,"A",.,"A",.,"A",.,"A",25,"D",.,"A",.,"A"
"20101",2026284,32,0,"1",.,"A",.,"A",.,"A",.,"A",.,"A",.,"A",.,"A",.,"A",.,"A",.,"A",.,"A",.,"A",.,"A",.,"A",.,"A"
"20101",2026304,66,0,"1",.,"A",.,"A",.,"A",.,"A",.,"A",.,"A",.,"A",.,"A",.,"A",.,"A",.,"A",.,"A",67,"D",.,"A",.,"A"
"20101",2026324,77,0,"1",.,"A",.,"A",.,"A",.,"A",.,"A",.,"A",325,"D",.,"A",.,"A",.,"A",.,"A",.,"A",.,"A",.,"A",.,"A"
"20101",2026334,43,0,"1",.,"A",.,"A",.,"A",.,"A",.,"A",.,"A",819,"D",.,"A",.,"A",.,"A",.,"A",.,"A",.,"A",.,"A",.,"A"
"20101",2026344,38,0,"1",.,"A",.,"A",.,"A",.,"A",.,"A",.,"A",.,"A",.,"A",.,"A",.,"A",.,"A",.,"A",.,"A",.,"A",.,"A"
"20101",2026354,45,0,"1",.,"A",.,"A",.,"A",.,"A",.,"A",.,"A",.,"A",65,"D",9,"D",.,"A",.,"A",.,"A",.,"A",.,"A",.,"A"
"20101",2026364,53,0,"1",.,"A",.,"A",47,"F",.,"A",.,"A",.,"A",.,"A",.,"A",.,"A",.,"A",.,"A",.,"A",60,"D",.,"A",.,"A"
"20101",2026374,73,0,"1",.,"A",.,"A",.,"A",.,"A",.,"A",.,"A",.,"A",.,"A",.,"A",.,"A",.,"A",.,"A",.,"A",.,"A",.,"A"
"20101",2026404,87,0,"1",.,"A",.,"A",.,"A",.,"A",.,"A",.,"A",.,"A",.,"A",24,"D",.,"A",.,"A",.,"A",.,"A",.,"A",.,"A"
"20101",2026415,41,0,"1",.,"A",.,"A",.,"A",.,"A",240,"D",.,"A",130,"D",.,"A",.,"A",.,"A",.,"A",.,"A",120,"D",.,"A",.,"A"
"20101",2026424,56,0,"1",.,"A",.,"A",.,"A",.,"A",.,"A",.,"A",390,"D",.,"A",.,"A",.,"A",.,"A",.,"A",20,"D",.,"A",.,"A"
"20101",2026434,90,0,"1",.,"A",.,"A",.,"A",.,"A",.,"A",72,"D",.,"A",.,"A",.,"A",.,"A",.,"A",.,"A",300,"D",.,"A",.,"A"
"20101",2026464,46,0,"1",.,"A",.,"A",.,"A",.,"A",.,"A",.,"A",.,"A",.,"A",.,"A",.,"A",.,"A",.,"A",.,"A",.,"A",.,"A"
"20101",2026484,29,0,"1",.,"A",.,"A",.,"A",.,"A",.,"A",.,"A",.,"A",.,"A",.,"A",.,"A",.,"A",.,"A",21,"D",.,"A",.,"A"
"20101",2026495,55,0,"1",.,"A",.,"A",.,"A",.,"A",.,"A",.,"A",195,"F",13,"D",.,"A",.,"A",.,"A",.,"A",.,"A",.,"A",.,"A"
"20101",2026514,88,0,"1",.,"A",.,"A",.,"A",.,"A",.,"A",180,"D",.,"A",325,"D",9,"D",.,"A",.,"A",.,"A",197,"D",.,"A",.,"A"
"20101",2026524,35,0,"1",.,"A",.,"A",.,"A",.,"A",.,"A",.,"A",260,"D",.,"A",.,"A",.,"A",.,"A",.,"A",.,"A",.,"A",.,"A"
"20101",2026534,61,0,"1",.,"A",.,"A",.,"A",.,"A",.,"A",.,"A",.,"A",.,"A",.,"A",.,"A",.,"A",.,"A",14,"D",.,"A",.,"A"
"20101",2026554,47,0,"1",25,"D",.,"A",.,"A",.,"A",75,"D",.,"A",.,"A",.,"A",.,"A",.,"A",.,"A",.,"A",30,"D",.,"A",.,"A"
"20101",2026565,50,0,"1",.,"A",.,"A",.,"A",.,"A",.,"A",.,"A",91,"D",.,"A",.,"A",.,"A",.,"A",.,"A",120,"D",.,"A",.,"A"
"20101",2026594,44,0,"1",.,"A",.,"A",.,"A",.,"A",.,"A",.,"A",.,"A",.,"A",.,"A",.,"A",.,"A",.,"A",.,"A",.,"A",.,"A"
"20101",2026614,39,0,"1",.,"A",.,"A",.,"A",.,"A",.,"A",.,"A",260,"D",.,"A",.,"A",.,"A",.,"A",.,"A",19,"D",.,"A",.,"A"
"20101",2026624,80,0,"1",.,"A",.,"A",.,"A",.,"A",.,"A",.,"A",.,"A",.,"A",.,"A",.,"A",.,"A",.,"A",200,"D",.,"A",.,"A"
"20101",2026654,48,0,"1",.,"A",.,"A",.,"A",16,"D",.,"A",.,"A",.,"A",.,"A",.,"A",.,"A",.,"A",.,"A",.,"A",.,"A",.,"A"
"20101",2026664,44,0,"1",.,"A",.,"A",.,"A",.,"A",.,"A",.,"A",.,"A",.,"A",.,"A",.,"A",.,"A",.,"A",.,"A",.,"A",.,"A"
"20101",2026674,30,0,"1",.,"A",.,"A",.,"A",.,"A",.,"A",.,"A",.,"A",.,"A",.,"A",.,"A",.,"A",.,"A",.,"A",.,"A",.,"A"
"20101",2026714,75,0,"1",.,"A",.,"A",.,"A",.,"A",.,"A",62,"D",299,"D",.,"A",12,"D",0,"D",0,"D",498,"D",165,"D",0,"D",.,"A"
"20101",2026724,34,0,"1",.,"A",.,"A",.,"A",.,"A",60,"D",.,"A",.,"A",.,"A",.,"A",.,"A",.,"A",.,"A",.,"A",.,"A",.,"A"
"20101",2026734,35,0,"1",.,"A",.,"A",.,"A",.,"A",.,"A",.,"A",.,"A",.,"A",.,"A",.,"A",.,"A",.,"A",20,"D",.,"A",.,"A"
"20101",2026744,92,0,"1",.,"A",.,"A",.,"A",.,"A",.,"A",30,"D",182,"D",.,"A",.,"A",.,"A",.,"A",.,"A",200,"D",.,"A",.,"A"
"20101",2026754,63,0,"1",.,"A",.,"A",.,"A",.,"A",.,"A",.,"A",.,"A",.,"A",.,"A",.,"A",.,"A",.,"A",40,"D",.,"A",.,"A"
"20101",2026784,53,0,"1",.,"A",.,"A",.,"A",.,"A",.,"A",.,"A",.,"A",.,"A",.,"A",.,"A",.,"A",.,"A",225,"D",.,"A",.,"A"
"20101",2026794,70,0,"1",.,"A",.,"A",.,"A",.,"A",.,"A",90,"D",.,"A",.,"A",.,"A",.,"A",.,"A",.,"A",125,"D",.,"A",.,"A"
"20101",2026805,49,0,"1",.,"A",.,"A",.,"A",.,"A",.,"A",.,"A",.,"A",.,"A",.,"A",.,"A",.,"A",.,"A",200,"D",.,"A",.,"A"
"20101",2026824,41,0,"1",.,"A",.,"A",.,"A",60,"D",.,"A",.,"A",.,"A",.,"A",.,"A",.,"A",.,"A",.,"A",70,"D",.,"A",.,"A"
"20101",2026835,78,0,"1",.,"A",.,"A",120,"D",.,"A",.,"A",.,"A",325,"D",.,"A",.,"A",.,"A",.,"A",.,"A",900,"D",.,"A",.,"A"
"20101",2026854,36,0,"1",.,"A",.,"A",.,"A",.,"A",.,"A",.,"A",.,"A",.,"A",.,"A",.,"A",.,"A",.,"A",25,"D",.,"A",.,"A"
"20101",2026864,31,0,"1",.,"A",.,"A",.,"A",.,"A",.,"A",.,"A",.,"A",.,"A",.,"A",.,"A",.,"A",.,"A",140,"D",.,"A",.,"A"
"20101",2026885,41,0,"1",.,"A",.,"A",.,"A",.,"A",.,"A",.,"A",.,"A",.,"A",.,"A",.,"A",.,"A",.,"A",.,"A",.,"A",.,"A"
"20101",2026894,64,0,"1",.,"A",.,"A",.,"A",.,"A",.,"A",50,"D",.,"A",.,"A",.,"A",.,"A",.,"A",.,"A",300,"D",.,"A",.,"A"
"20101",2026905,51,0,"1",.,"A",.,"A",.,"A",.,"A",.,"A",.,"A",325,"D",.,"A",30,"D",.,"A",.,"A",.,"A",180,"D",.,"A",.,"A"
"20101",2026914,66,0,"1",.,"A",.,"A",.,"A",.,"A",.,"A",.,"A",.,"A",.,"A",.,"A",.,"A",.,"A",.,"A",60,"D",.,"A",.,"A"
"20101",2026934,60,0,"1",.,"A",.,"A",.,"A",.,"A",.,"A",.,"A",.,"A",.,"A",.,"A",.,"A",.,"A",.,"A",75,"D",.,"A",.,"A"
"20101",2026954,29,0,"1",.,"A",.,"A",.,"A",.,"A",36,"D",.,"A",.,"A",.,"A",.,"A",0,"D",0,"D",30,"D",.,"A",0,"D",.,"A"
"20101",2026964,57,0,"1",.,"A",.,"A",.,"A",240,"D",.,"A",120,"D",.,"A",.,"A",.,"A",.,"A",.,"A",.,"A",80,"D",.,"A",.,"A"
"20101",2026974,33,0,"1",.,"A",.,"A",.,"A",25,"D",.,"A",.,"A",455,"D",.,"A",.,"A",.,"A",.,"A",.,"A",.,"A",.,"A",.,"A"
"20101",2026995,35,0,"1",.,"A",.,"A",.,"A",.,"A",.,"A",30,"F",.,"A",.,"A",12,"F",0,"D",0,"D",54,"F",100,"F",0,"D",.,"A"
"20101",2027004,57,0,"1",.,"A",.,"A",.,"A",.,"A",.,"A",.,"A",.,"A",.,"A",.,"A",.,"A",.,"A",.,"A",45,"D",.,"A",.,"A"
"20101",2027014,62,0,"1",.,"A",.,"A",.,"A",.,"A",.,"A",.,"A",.,"A",.,"A",.,"A",.,"A",.,"A",.,"A",105,"D",.,"A",.,"A"
"20101",2027054,48,0,"1",.,"A",.,"A",.,"A",.,"A",.,"A",.,"A",.,"A",.,"A",.,"A",.,"A",.,"A",.,"A",30,"D",.,"A",.,"A"
"20101",2027084,68,0,"1",.,"A",.,"A",.,"A",.,"A",.,"A",100,"D",260,"D",.,"A",.,"A",.,"A",.,"A",.,"A",210,"D",.,"A",.,"A"
"20101",2027094,49,0,"1",.,"A",.,"A",.,"A",.,"A",.,"A",.,"A",.,"A",.,"A",30,"D",.,"A",.,"A",.,"A",250,"D",.,"A",.,"A"
"20101",2027104,86,0,"1",.,"A",.,"A",.,"A",.,"A",.,"A",150,"D",.,"A",.,"A",.,"A",.,"A",.,"A",.,"A",600,"D",.,"A",.,"A"
"20101",2027134,36,0,"1",.,"A",.,"A",.,"A",.,"A",.,"A",.,"A",156,"D",.,"A",.,"A",.,"A",.,"A",.,"A",10,"D",.,"A",.,"A"
"20101",2027144,59,0,"1",.,"A",.,"A",.,"A",.,"A",.,"A",.,"A",208,"D",.,"A",.,"A",.,"A",.,"A",.,"A",.,"A",.,"A",.,"A"
"20101",2027154,61,0,"1",.,"A",.,"A",42,"D",.,"A",.,"A",.,"A",780,"D",.,"A",.,"A",.,"A",.,"A",.,"A",.,"A",.,"A",.,"A"
"20101",2027164,53,0,"1",.,"A",.,"A",.,"A",.,"A",.,"A",75,"D",.,"A",.,"A",.,"A",.,"A",.,"A",.,"A",530,"D",.,"A",.,"A"
"20101",2027184,44,0,"1",.,"A",.,"A",.,"A",.,"A",.,"A",.,"A",.,"A",.,"A",.,"A",.,"A",.,"A",.,"A",22,"D",.,"A",.,"A"
"20101",2027194,46,0,"1",.,"A",.,"A",.,"A",.,"A",.,"A",.,"A",520,"D",.,"A",.,"A",.,"A",.,"A",.,"A",.,"A",.,"A",.,"A"
"20101",2027214,67,0,"1",.,"A",.,"A",.,"A",.,"A",.,"A",.,"A",.,"A",.,"A",.,"A",.,"A",.,"A",.,"A",100,"D",.,"A",.,"A"
"20101",2027224,66,0,"1",.,"A",.,"A",.,"A",.,"A",.,"A",1500,"D",.,"A",.,"A",.,"A",.,"A",.,"A",.,"A",600,"D",.,"A",.,"A"
"20101",2027234,63,0,"1",.,"A",.,"A",.,"A",.,"A",.,"A",.,"A",.,"A",.,"A",.,"A",.,"A",.,"A",.,"A",105,"D",.,"A",.,"A"
"20101",2027254,66,0,"1",.,"A",.,"A",.,"A",.,"A",.,"A",.,"A",.,"A",.,"A",.,"A",.,"A",.,"A",.,"A",55,"D",.,"A",.,"A"
"20101",2027294,68,0,"1",.,"A",.,"A",.,"A",.,"A",.,"A",.,"A",.,"A",.,"A",.,"A",.,"A",.,"A",.,"A",30,"D",.,"A",.,"A"
"20101",2027304,99,0,"1",.,"A",.,"A",.,"A",.,"A",.,"A",.,"A",.,"A",.,"A",.,"A",.,"A",.,"A",.,"A",150,"D",.,"A",.,"A"
"20101",2027314,60,0,"1",.,"A",.,"A",.,"A",.,"A",.,"A",.,"A",.,"A",.,"A",.,"A",.,"A",.,"A",.,"A",60,"D",.,"A",.,"A"
"20101",2027334,66,0,"1",.,"A",.,"A",.,"A",.,"A",.,"A",.,"A",1092,"D",.,"A",.,"A",.,"A",.,"A",.,"A",80,"D",.,"A",.,"A"
"20101",2027344,45,0,"1",.,"A",.,"A",.,"A",.,"A",10,"D",.,"A",.,"A",.,"A",30,"D",.,"A",.,"A",.,"A",15,"D",.,"A",.,"A"
"20101",2027385,54,0,"1",.,"A",.,"A",.,"A",.,"A",.,"A",30,"D",.,"A",.,"A",.,"A",.,"A",.,"A",.,"A",70,"D",.,"A",.,"A"
"20101",2027394,53,0,"1",.,"A",.,"A",.,"A",.,"A",.,"A",.,"A",.,"A",.,"A",.,"A",.,"A",.,"A",.,"A",160,"D",.,"A",.,"A"
"20101",2027424,37,0,"1",.,"A",.,"A",.,"A",.,"A",.,"A",.,"A",.,"A",.,"A",.,"A",.,"A",.,"A",.,"A",40,"D",.,"A",.,"A"
"20101",2027444,69,0,"1",.,"A",.,"A",.,"A",.,"A",.,"A",90,"D",.,"A",.,"A",.,"A",.,"A",.,"A",.,"A",300,"D",.,"A",.,"A"
"20101",2027454,44,0,"1",.,"A",.,"A",.,"A",.,"A",.,"A",.,"A",260,"D",.,"A",.,"A",.,"A",.,"A",.,"A",60,"D",.,"A",.,"A"
"20101",2027464,25,0,"1",.,"A",.,"A",.,"A",.,"A",.,"A",.,"A",.,"A",.,"A",15,"D",.,"A",.,"A",.,"A",.,"A",.,"A",.,"A"
"20101",2027474,88,0,"1",.,"A",.,"A",.,"A",.,"A",.,"A",45,"D",.,"A",.,"A",.,"A",.,"A",.,"A",.,"A",60,"D",.,"A",.,"A"
"20101",2027484,49,0,"1",.,"A",.,"A",.,"A",.,"A",90,"D",.,"A",.,"A",.,"A",.,"A",.,"A",.,"A",.,"A",15,"D",.,"A",.,"A"
"20101",2027494,60,0,"1",.,"A",.,"A",.,"A",.,"A",.,"A",600,"D",.,"A",.,"A",.,"A",.,"A",.,"A",.,"A",180,"D",.,"A",.,"A"
"20101",2027504,39,0,"1",.,"A",.,"A",.,"A",.,"A",.,"A",.,"A",390,"D",.,"A",.,"A",.,"A",.,"A",.,"A",40,"D",.,"A",.,"A"
"20101",2027524,47,0,"1",.,"A",.,"A",.,"A",.,"A",.,"A",.,"A",.,"A",.,"A",.,"A",.,"A",.,"A",.,"A",60,"D",.,"A",.,"A"
"20101",2027544,34,0,"1",.,"A",.,"A",.,"A",.,"A",60,"D",.,"A",.,"A",.,"A",.,"A",.,"A",.,"A",.,"A",40,"D",.,"A",.,"A"
"20101",2027555,42,0,"1",.,"A",.,"A",.,"A",.,"A",.,"A",.,"A",.,"A",.,"A",.,"A",.,"A",.,"A",.,"A",90,"D",.,"A",.,"A"
"20101",2027564,40,0,"1",0,"F",.,"A",.,"A",.,"A",42,"F",.,"A",.,"A",.,"A",.,"A",.,"A",.,"A",.,"A",8,"D",.,"A",.,"A"
"20101",2027574,60,0,"1",.,"A",.,"A",.,"A",30,"D",.,"A",.,"A",.,"A",.,"A",.,"A",210,"D",0,"D",0,"D",100,"D",70,"D",.,"A"
"20101",2027585,16,0,"1",.,"A",.,"A",.,"A",.,"A",10,"D",.,"A",.,"A",.,"A",.,"A",270,"D",0,"D",0,"D",.,"A",90,"D",.,"A"
"20101",2027594,40,0,"1",10,"D",.,"A",.,"A",.,"A",50,"D",.,"A",637,"D",.,"A",9,"D",.,"A",.,"A",.,"A",.,"A",.,"A",.,"A"
"20101",2027604,69,0,"1",.,"A",.,"A",.,"A",.,"A",.,"A",.,"A",.,"A",.,"A",.,"A",.,"A",.,"A",.,"A",.,"A",.,"A",.,"A"
"20101",2027614,50,0,"1",.,"A",.,"A",.,"A",.,"A",.,"A",.,"A",.,"A",.,"A",.,"A",.,"A",.,"A",.,"A",240,"D",.,"A",.,"A"
"20101",2027624,45,0,"1",.,"A",.,"A",.,"A",.,"A",.,"A",.,"A",520,"D",.,"A",.,"A",.,"A",.,"A",.,"A",.,"A",.,"A",.,"A"
"20101",2027634,62,0,"1",.,"A",.,"A",.,"A",.,"A",.,"A",.,"A",.,"A",.,"A",12,"D",.,"A",.,"A",.,"A",90,"D",.,"A",.,"A"
"20101",2027644,53,0,"1",.,"A",.,"A",.,"A",.,"A",.,"A",.,"A",.,"A",.,"A",.,"A",.,"A",.,"A",.,"A",.,"A",.,"A",.,"A"
"20101",2027654,56,0,"1",.,"A",.,"A",.,"A",.,"A",.,"A",.,"A",.,"A",.,"A",.,"A",.,"A",.,"A",.,"A",140,"D",.,"A",.,"A"
"20101",2027664,52,0,"1",.,"A",.,"A",.,"A",.,"A",.,"A",.,"A",.,"A",.,"A",.,"A",.,"A",.,"A",.,"A",120,"D",.,"A",.,"A"
"20101",2027674,47,0,"1",.,"A",.,"A",.,"A",.,"A",.,"A",.,"A",.,"A",.,"A",.,"A",.,"A",.,"A",.,"A",.,"A",.,"A",.,"A"
"20101",2027684,59,0,"1",.,"A",.,"A",.,"A",.,"A",.,"A",.,"A",.,"A",.,"A",.,"A",.,"A",.,"A",.,"A",.,"A",.,"A",.,"A"
"20101",2027694,58,0,"1",.,"A",.,"A",.,"A",.,"A",.,"A",.,"A",416,"D",.,"A",.,"A",.,"A",.,"A",.,"A",96,"D",.,"A",.,"A"
"20101",2027705,49,0,"1",.,"A",.,"A",.,"A",.,"A",.,"A",.,"A",.,"A",.,"A",.,"A",.,"A",.,"A",.,"A",200,"D",.,"A",.,"A"
"20101",2027714,50,0,"1",.,"A",.,"A",.,"A",.,"A",.,"A",.,"A",390,"D",.,"A",.,"A",.,"A",.,"A",.,"A",12,"D",.,"A",.,"A"
"20101",2027724,26,0,"1",.,"A",.,"A",.,"A",.,"A",.,"A",.,"A",.,"A",.,"A",.,"A",.,"A",.,"A",.,"A",.,"A",.,"A",.,"A"
"20101",2027734,48,0,"1",.,"A",.,"A",.,"A",.,"A",.,"A",.,"A",650,"D",.,"A",.,"A",.,"A",.,"A",.,"A",25,"D",.,"A",.,"A"
"20101",2027754,38,0,"1",.,"A",.,"A",.,"A",.,"A",.,"A",.,"A",.,"A",.,"A",.,"A",.,"A",.,"A",.,"A",30,"D",.,"A",.,"A"
"20101",2027774,39,0,"1",.,"A",.,"A",.,"A",.,"A",.,"A",.,"A",286,"D",.,"A",.,"A",.,"A",.,"A",.,"A",.,"A",.,"A",.,"A"
"20101",2027794,36,0,"1",.,"A",.,"A",.,"A",.,"A",10,"D",.,"A",.,"A",.,"A",.,"A",.,"A",.,"A",.,"A",.,"A",.,"A",.,"A"
"20101",2027804,27,0,"1",.,"A",.,"A",.,"A",.,"A",.,"A",.,"A",.,"A",.,"A",.,"A",.,"A",.,"A",.,"A",.,"A",.,"A",.,"A"
"20101",2027814,52,0,"1",.,"A",.,"A",.,"A",.,"A",.,"A",.,"A",.,"A",.,"A",.,"A",.,"A",.,"A",.,"A",.,"A",.,"A",.,"A"
"20101",2027844,26,0,"1",.,"A",.,"A",.,"A",.,"A",.,"A",.,"A",.,"A",.,"A",.,"A",.,"A",.,"A",.,"A",.,"A",.,"A",.,"A"
"20101",2027854,43,0,"1",.,"A",.,"A",.,"A",.,"A",70,"D",65,"D",.,"A",.,"A",.,"A",.,"A",.,"A",.,"A",.,"A",.,"A",.,"A"
"20101",2027864,62,0,"1",.,"A",.,"A",.,"A",.,"A",.,"A",18,"D",.,"A",.,"A",.,"A",.,"A",.,"A",.,"A",270,"D",.,"A",.,"A"
"20101",2027884,78,0,"1",.,"A",.,"A",.,"A",.,"A",.,"A",.,"A",.,"A",.,"A",.,"A",.,"A",.,"A",.,"A",125,"D",.,"A",.,"A"
"20101",2027894,65,0,"1",.,"A",.,"A",.,"A",.,"A",.,"A",.,"A",.,"A",.,"A",.,"A",.,"A",.,"A",.,"A",35,"D",.,"A",.,"A"
"20101",2027914,49,0,"1",.,"A",.,"A",.,"A",.,"A",.,"A",.,"A",156,"D",.,"A",.,"A",.,"A",.,"A",.,"A",.,"A",.,"A",.,"A"
"20101",2027964,29,0,"1",.,"A",.,"A",.,"A",.,"A",.,"A",.,"A",130,"D",.,"A",.,"A",.,"A",.,"A",.,"A",.,"A",.,"A",.,"A"
"20101",2027984,53,0,"1",.,"A",.,"A",.,"A",.,"A",.,"A",200,"D",.,"A",.,"A",.,"A",.,"A",.,"A",.,"A",60,"D",.,"A",.,"A"
"20101",2028004,40,0,"1",.,"A",.,"A",.,"A",.,"A",.,"A",.,"A",130,"D",.,"A",.,"A",.,"A",.,"A",.,"A",40,"D",.,"A",.,"A"
"20101",2028014,51,0,"1",.,"A",.,"A",.,"A",.,"A",.,"A",120,"D",.,"A",.,"A",15,"D",.,"A",.,"A",.,"A",330,"D",.,"A",.,"A"
"20101",2028044,26,0,"1",.,"A",.,"A",.,"A",.,"A",30,"D",.,"A",.,"A",.,"A",.,"A",246,"D",0,"D",0,"D",20,"D",82,"D",.,"A"
"20101",2028054,65,0,"1",.,"A",.,"A",.,"A",.,"A",.,"A",.,"A",780,"D",.,"A",.,"A",.,"A",.,"A",.,"A",.,"A",.,"A",.,"A"
"20101",2028074,32,0,"1",.,"A",.,"A",.,"A",.,"A",.,"A",.,"A",.,"A",.,"A",180,"D",75,"D",0,"D",0,"D",.,"A",25,"D",.,"A"
"20101",2028084,44,0,"1",.,"A",.,"A",.,"A",.,"A",.,"A",30,"D",.,"A",.,"A",.,"A",.,"A",.,"A",.,"A",.,"A",.,"A",.,"A"
"20101",2028114,49,0,"1",.,"A",.,"A",.,"A",.,"A",.,"A",.,"A",.,"A",.,"A",.,"A",.,"A",.,"A",.,"A",.,"A",.,"A",.,"A"
"20101",2028124,58,0,"1",.,"A",.,"A",.,"A",.,"A",.,"A",.,"A",546,"D",.,"A",.,"A",.,"A",.,"A",.,"A",.,"A",.,"A",.,"A"
"20101",2028154,72,0,"1",0,"F",.,"A",.,"A",.,"A",300,"F",.,"A",.,"A",.,"A",.,"A",240,"D",0,"D",0,"D",364,"D",80,"D",.,"A"
"20101",2028174,81,0,"1",.,"A",.,"A",.,"A",.,"A",.,"A",.,"A",910,"D",.,"A",45,"D",.,"A",.,"A",.,"A",.,"A",.,"A",.,"A"
"20101",2028204,31,0,"1",.,"A",.,"A",.,"A",.,"A",120,"D",.,"A",.,"A",.,"A",.,"A",.,"A",.,"A",.,"A",.,"A",.,"A",.,"A"
"20101",2028215,36,0,"1",.,"A",.,"A",.,"A",.,"A",.,"A",.,"A",.,"A",.,"A",.,"A",.,"A",.,"A",.,"A",.,"A",.,"A",.,"A"
"20101",2028224,63,0,"1",.,"A",.,"A",.,"A",.,"A",.,"A",50,"D",.,"A",.,"A",.,"A",.,"A",.,"A",.,"A",100,"D",.,"A",.,"A"
"20101",2028235,40,0,"1",.,"A",.,"A",.,"A",.,"A",.,"A",.,"A",910,"D",.,"A",.,"A",.,"A",.,"A",.,"A",135,"D",.,"A",.,"A"
"20101",2028244,51,0,"1",.,"A",.,"A",.,"A",.,"A",.,"A",.,"A",.,"A",.,"A",.,"A",.,"A",.,"A",.,"A",.,"A",.,"A",.,"A"
"20101",2028264,61,0,"1",.,"A",.,"A",.,"A",.,"A",.,"A",.,"A",.,"A",.,"A",.,"A",.,"A",.,"A",.,"A",.,"A",.,"A",.,"A"
"20101",2028274,49,0,"1",.,"A",.,"A",.,"A",.,"A",.,"A",.,"A",.,"A",.,"A",.,"A",.,"A",.,"A",.,"A",.,"A",.,"A",.,"A"
"20101",2028284,45,0,"1",20,"D",.,"A",.,"A",.,"A",40,"D",.,"A",.,"A",.,"A",.,"A",.,"A",.,"A",.,"A",.,"A",.,"A",.,"A"
"20101",2028294,54,0,"1",.,"A",.,"A",.,"A",.,"A",.,"A",.,"A",.,"A",.,"A",.,"A",.,"A",.,"A",.,"A",.,"A",.,"A",.,"A"
"20101",2028305,40,0,"1",.,"A",.,"A",.,"A",.,"A",.,"A",.,"A",.,"A",.,"A",.,"A",.,"A",.,"A",.,"A",45,"D",.,"A",.,"A"
"20101",2028314,55,0,"1",.,"A",.,"A",.,"A",.,"A",.,"A",.,"A",494,"D",.,"A",.,"A",.,"A",.,"A",.,"A",14,"D",.,"A",.,"A"
"20101",2028324,50,0,"1",.,"A",.,"A",.,"A",.,"A",.,"A",.,"A",.,"A",.,"A",.,"A",.,"A",.,"A",.,"A",.,"A",.,"A",.,"A"
"20101",2028334,33,0,"1",.,"A",.,"A",.,"A",.,"A",.,"A",.,"A",.,"A",.,"A",.,"A",.,"A",.,"A",.,"A",.,"A",.,"A",.,"A"
"20101",2028374,61,0,"1",.,"A",.,"A",.,"A",.,"A",.,"A",.,"A",.,"A",.,"A",.,"A",.,"A",.,"A",.,"A",75,"D",.,"A",.,"A"
"20101",2028384,70,0,"1",.,"A",.,"A",.,"A",.,"A",.,"A",.,"A",.,"A",.,"A",57,"D",.,"A",.,"A",.,"A",120,"D",.,"A",.,"A"
"20101",2028394,51,0,"1",.,"A",.,"A",.,"A",.,"A",.,"A",.,"A",.,"A",.,"A",.,"A",.,"A",.,"A",.,"A",.,"A",.,"A",.,"A"
"20101",2028404,64,0,"1",.,"A",.,"A",.,"A",.,"A",.,"A",.,"A",.,"A",.,"A",15,"D",.,"A",.,"A",.,"A",110,"D",.,"A",.,"A"
"20101",2028414,36,0,"1",.,"A",.,"A",.,"A",.,"A",30,"D",.,"A",.,"A",.,"A",.,"A",.,"A",.,"A",.,"A",.,"A",.,"A",.,"A"
"20101",2028424,41,0,"1",10,"D",.,"A",.,"A",.,"A",10,"D",.,"A",.,"A",.,"A",.,"A",.,"A",.,"A",.,"A",.,"A",.,"A",.,"A"
"20101",2028434,53,0,"1",.,"A",.,"A",35,"D",.,"A",.,"A",.,"A",.,"A",.,"A",.,"A",0,"D",0,"D",0,"D",.,"A",0,"D",.,"A"
"20101",2028444,51,0,"1",.,"A",.,"A",.,"A",.,"A",.,"A",.,"A",.,"A",.,"A",.,"A",.,"A",.,"A",.,"A",.,"A",.,"A",.,"A"
"20101",2028454,40,0,"1",10,"D",.,"A",.,"A",.,"A",20,"D",.,"A",.,"A",.,"A",.,"A",.,"A",.,"A",.,"A",.,"A",.,"A",.,"A"
"20101",2028464,54,0,"1",.,"A",.,"A",.,"A",.,"A",.,"A",.,"A",.,"A",.,"A",.,"A",.,"A",.,"A",.,"A",80,"D",.,"A",.,"A"
"20101",2028474,37,0,"1",.,"A",.,"A",.,"A",.,"A",.,"A",.,"A",.,"A",.,"A",.,"A",.,"A",.,"A",.,"A",.,"A",.,"A",.,"A"
"20101",2028524,68,0,"1",.,"A",.,"A",.,"A",.,"A",.,"A",.,"A",.,"A",.,"A",.,"A",.,"A",.,"A",.,"A",.,"A",.,"A",.,"A"
"20101",2028534,86,0,"1",.,"A",.,"A",.,"A",.,"A",.,"A",.,"A",.,"A",.,"A",9,"D",.,"A",.,"A",.,"A",60,"D",.,"A",.,"A"
"20101",2028544,61,0,"1",.,"A",.,"A",.,"A",.,"A",.,"A",.,"A",.,"A",.,"A",.,"A",.,"A",.,"A",.,"A",96,"D",.,"A",.,"A"
"20101",2028565,122,0,"1",.,"A",.,"A",.,"A",.,"A",.,"A",92,"D",208,"D",.,"A",.,"A",.,"A",.,"A",.,"A",255,"D",.,"A",.,"A"
"20101",2028574,42,0,"1",.,"A",.,"A",.,"A",.,"A",.,"A",.,"A",.,"A",.,"A",.,"A",.,"A",.,"A",.,"A",60,"D",.,"A",.,"A"
"20101",2028594,55,0,"1",.,"A",.,"A",.,"A",.,"A",.,"A",.,"A",325,"D",.,"A",90,"D",.,"A",.,"A",.,"A",45,"D",.,"A",.,"A"
"20101",2028604,74,0,"1",.,"A",.,"A",.,"A",.,"A",.,"A",.,"A",.,"A",.,"A",.,"A",.,"A",.,"A",.,"A",150,"D",.,"A",.,"A"
"20101",2028614,41,0,"1",.,"A",.,"A",.,"A",.,"A",.,"A",.,"A",390,"D",.,"A",.,"A",.,"A",.,"A",.,"A",30,"D",.,"A",.,"A"
"20101",2028624,69,0,"1",.,"A",.,"A",.,"A",.,"A",.,"A",.,"A",.,"A",.,"A",.,"A",.,"A",.,"A",.,"A",.,"A",.,"A",.,"A"
"20101",2028634,58,0,"1",.,"A",.,"A",.,"A",.,"A",.,"A",20,"D",.,"A",.,"A",.,"A",36,"D",6,"D",6,"D",90,"D",12,"D",.,"A"
"20101",2028644,64,0,"1",.,"A",.,"A",.,"A",.,"A",.,"A",30,"D",.,"A",.,"A",.,"A",.,"A",.,"A",.,"A",250,"D",.,"A",.,"A"
"20101",2028674,52,0,"1",5,"D",.,"A",.,"A",.,"A",5,"D",.,"A",.,"A",.,"A",.,"A",.,"A",.,"A",.,"A",.,"A",.,"A",.,"A"
"20101",2028684,60,0,"1",.,"A",.,"A",.,"A",.,"A",.,"A",.,"A",.,"A",.,"A",.,"A",453,"D",0,"D",0,"D",50,"D",151,"D",.,"A"
"20101",2028694,74,0,"1",.,"A",.,"A",.,"A",.,"A",8,"D",20,"D",130,"D",.,"A",.,"A",.,"A",.,"A",.,"A",150,"D",.,"A",.,"A"
"20101",2028704,42,0,"1",.,"A",.,"A",.,"A",.,"A",.,"A",.,"A",.,"A",.,"A",.,"A",.,"A",.,"A",.,"A",30,"D",.,"A",.,"A"
"20101",2028725,39,0,"1",.,"A",.,"A",.,"A",.,"A",60,"D",.,"A",130,"D",.,"A",.,"A",.,"A",.,"A",.,"A",.,"A",.,"A",.,"A"
"20101",2028744,24,0,"1",.,"A",.,"A",.,"A",.,"A",.,"A",.,"A",.,"A",.,"A",.,"A",.,"A",.,"A",.,"A",100,"D",.,"A",.,"A"
"20101",2028764,75,0,"1",.,"A",.,"A",.,"A",.,"A",.,"A",.,"A",1261,"D",.,"A",.,"A",.,"A",.,"A",.,"A",28,"D",.,"A",.,"A"
"20101",2028774,55,0,"1",.,"A",.,"A",.,"A",.,"A",.,"A",.,"A",364,"D",.,"A",.,"A",.,"A",.,"A",.,"A",.,"A",.,"A",.,"A"
"20101",2028784,47,0,"1",.,"A",.,"A",.,"A",.,"A",.,"A",.,"A",.,"A",.,"A",.,"A",.,"A",.,"A",.,"A",70,"D",.,"A",.,"A"
"20101",2028794,31,0,"1",10,"D",.,"A",.,"A",.,"A",10,"D",.,"A",260,"D",.,"A",.,"A",.,"A",.,"A",.,"A",.,"A",.,"A",.,"A"
"20101",2028804,37,0,"1",.,"A",.,"A",.,"A",.,"A",.,"A",450,"D",.,"A",.,"A",.,"A",.,"A",.,"A",.,"A",300,"D",.,"A",.,"A"
"20101",2028814,48,0,"1",.,"A",.,"A",.,"A",.,"A",.,"A",.,"A",.,"A",.,"A",.,"A",.,"A",.,"A",.,"A",.,"A",.,"A",.,"A"
"20101",2028824,74,0,"1",.,"A",.,"A",.,"A",.,"A",.,"A",.,"A",.,"A",.,"A",.,"A",.,"A",.,"A",.,"A",.,"A",.,"A",.,"A"
"20101",2028834,53,0,"1",.,"A",.,"A",.,"A",.,"A",.,"A",.,"A",.,"A",.,"A",12,"D",.,"A",.,"A",.,"A",26,"D",.,"A",.,"A"
"20101",2028844,88,0,"1",.,"A",.,"A",.,"A",.,"A",.,"A",.,"A",260,"D",.,"A",.,"A",1251,"D",0,"D",0,"D",465,"D",417,"D",.,"A"
"20101",2028854,79,0,"1",.,"A",.,"A",.,"A",.,"A",.,"A",.,"A",585,"D",.,"A",12,"D",.,"A",.,"A",.,"A",10,"D",.,"A",.,"A"
"20101",2028864,59,0,"1",.,"A",.,"A",.,"A",.,"A",.,"A",160,"D",.,"A",.,"A",.,"A",.,"A",.,"A",.,"A",160,"D",.,"A",.,"A"
"20101",2028874,137,0,"1",.,"A",.,"A",.,"A",.,"A",.,"A",.,"A",845,"D",.,"A",.,"A",.,"A",.,"A",.,"A",40,"D",.,"A",.,"A"
"20101",2028884,57,0,"1",.,"A",.,"A",.,"A",.,"A",.,"A",.,"A",780,"D",.,"A",.,"A",.,"A",.,"A",.,"A",150,"D",.,"A",.,"A"
"20101",2028894,37,0,"1",.,"A",.,"A",.,"A",.,"A",.,"A",.,"A",.,"A",.,"A",.,"A",0,"D",0,"D",18,"D",.,"A",0,"D",.,"A"
"20101",2028914,35,0,"1",.,"A",.,"A",.,"A",.,"A",40,"D",.,"A",.,"A",.,"A",.,"A",.,"A",.,"A",.,"A",.,"A",.,"A",.,"A"
"20101",2028954,71,0,"1",.,"A",.,"A",.,"A",.,"A",.,"A",.,"A",.,"A",.,"A",.,"A",.,"A",.,"A",.,"A",70,"D",.,"A",.,"A"
"20101",2028964,26,0,"1",.,"A",.,"A",.,"A",.,"A",.,"A",.,"A",312,"D",.,"A",.,"A",.,"A",.,"A",.,"A",200,"D",.,"A",.,"A"
"20101",2028974,79,0,"1",.,"A",.,"A",.,"A",.,"A",.,"A",.,"A",546,"D",156,"D",.,"A",.,"A",.,"A",.,"A",45,"D",.,"A",.,"A"
"20101",2028984,25,0,"1",.,"A",.,"A",.,"A",.,"A",.,"A",.,"A",195,"D",.,"A",.,"A",.,"A",.,"A",.,"A",260,"D",.,"A",.,"A"
"20101",2029014,38,0,"1",.,"A",.,"A",.,"A",.,"A",.,"A",.,"A",.,"A",.,"A",.,"A",195,"D",6,"D",6,"D",.,"A",65,"D",.,"A"
"20101",2029024,46,0,"1",.,"A",200,"D",.,"A",.,"A",.,"A",300,"D",.,"A",.,"A",600,"D",.,"A",.,"A",.,"A",600,"D",.,"A",.,"A"
"20101",2029044,70,0,"1",.,"A",.,"A",.,"A",.,"A",.,"A",.,"A",.,"A",.,"A",.,"A",0,"D",0,"D",30,"D",200,"D",0,"D",.,"A"
"20101",2029054,42,0,"1",.,"A",.,"A",.,"A",.,"A",.,"A",35,"D",.,"A",.,"A",.,"A",.,"A",.,"A",.,"A",.,"A",.,"A",.,"A"
"20101",2029074,48,0,"1",.,"A",.,"A",.,"A",.,"A",75,"D",30,"D",390,"D",.,"A",180,"D",0,"D",0,"D",15,"D",77,"D",0,"D",.,"A"
"20101",2029094,43,0,"1",.,"A",.,"A",.,"A",.,"A",.,"A",.,"A",.,"A",.,"A",.,"A",.,"A",.,"A",.,"A",.,"A",.,"A",.,"A"
"20101",2029104,87,0,"1",.,"A",.,"A",.,"A",.,"A",.,"A",90,"D",.,"A",.,"A",90,"D",.,"A",.,"A",.,"A",120,"D",.,"A",.,"A"
"20101",2029124,77,0,"1",.,"A",.,"A",.,"A",.,"A",.,"A",.,"A",.,"A",.,"A",.,"A",.,"A",.,"A",.,"A",.,"A",.,"A",.,"A"
"20101",2029134,54,0,"1",.,"A",.,"A",.,"A",.,"A",.,"A",.,"A",.,"A",.,"A",.,"A",.,"A",.,"A",.,"A",.,"A",.,"A",.,"A"
"20101",2029145,55,0,"1",.,"A",.,"A",.,"A",.,"A",10,"D",.,"A",.,"A",.,"A",.,"A",.,"A",.,"A",.,"A",.,"A",.,"A",.,"A"
"20101",2029185,65,0,"1",.,"A",.,"A",.,"A",.,"A",.,"A",160,"D",.,"A",.,"A",.,"A",.,"A",.,"A",.,"A",210,"D",.,"A",.,"A"
"20101",2029194,65,0,"1",.,"A",.,"A",.,"A",.,"A",.,"A",.,"A",.,"A",.,"A",.,"A",.,"A",.,"A",.,"A",42,"D",.,"A",.,"A"
"20101",2029204,54,0,"1",.,"A",.,"A",.,"A",.,"A",60,"D",.,"A",.,"A",.,"A",.,"A",.,"A",.,"A",.,"A",.,"A",.,"A",.,"A"
"20101",2029215,76,0,"1",.,"A",.,"A",.,"A",.,"A",.,"A",.,"A",.,"A",.,"A",.,"A",.,"A",.,"A",.,"A",105,"D",.,"A",.,"A"
"20101",2029224,53,0,"1",.,"A",.,"A",.,"A",.,"A",.,"A",.,"A",.,"A",.,"A",.,"A",.,"A",.,"A",.,"A",40,"D",.,"A",.,"A"
"20101",2029254,50,0,"1",.,"A",.,"A",.,"A",.,"A",.,"A",.,"A",.,"A",.,"A",.,"A",.,"A",.,"A",.,"A",.,"A",.,"A",.,"A"
"20101",2029274,33,0,"1",.,"A",.,"A",.,"A",.,"A",.,"A",.,"A",.,"A",.,"A",.,"A",.,"A",.,"A",.,"A",10,"D",.,"A",.,"A"
"20101",2029294,43,0,"1",.,"A",.,"A",.,"A",.,"A",.,"A",.,"A",.,"A",.,"A",.,"A",0,"D",0,"D",120,"D",120,"D",0,"D",.,"A"
"20101",2029304,66,0,"1",.,"A",.,"A",.,"A",.,"A",.,"A",.,"A",.,"A",.,"A",60,"F",.,"A",.,"A",.,"A",90,"D",.,"A",.,"A"
"20101",2029314,34,0,"1",.,"A",.,"A",.,"A",.,"A",.,"A",.,"A",.,"A",.,"A",.,"A",.,"A",.,"A",.,"A",15,"D",.,"A",.,"A"
"20101",2029324,57,0,"1",.,"A",.,"A",.,"A",.,"A",.,"A",.,"A",.,"A",.,"A",.,"A",.,"A",.,"A",.,"A",.,"A",.,"A",.,"A"
"20101",2029344,52,0,"1",.,"A",.,"A",.,"A",.,"A",.,"A",.,"A",.,"A",.,"A",.,"A",.,"A",.,"A",.,"A",17,"D",.,"A",.,"A"
"20101",2029354,34,0,"1",.,"A",.,"A",.,"A",.,"A",.,"A",10,"D",.,"A",.,"A",.,"A",.,"A",.,"A",.,"A",.,"A",.,"A",.,"A"
"20101",2029374,48,0,"1",.,"A",.,"A",.,"A",.,"A",.,"A",.,"A",65,"D",.,"A",.,"A",.,"A",.,"A",.,"A",.,"A",.,"A",.,"A"
"20101",2029384,56,0,"1",.,"A",.,"A",.,"A",.,"A",.,"A",60,"D",.,"A",.,"A",.,"A",.,"A",.,"A",.,"A",300,"D",.,"A",.,"A"
"20101",2029395,60,0,"1",.,"A",.,"A",.,"A",.,"A",.,"A",.,"A",.,"A",1300,"D",.,"A",.,"A",.,"A",.,"A",300,"D",.,"A",.,"A"
"20101",2029404,28,0,"1",.,"A",.,"A",.,"A",.,"A",.,"A",.,"A",.,"A",.,"A",.,"A",.,"A",.,"A",.,"A",.,"A",.,"A",.,"A"
"20101",2029434,77,0,"1",.,"A",.,"A",.,"A",.,"A",.,"A",200,"D",.,"A",130,"D",.,"A",.,"A",.,"A",.,"A",450,"D",.,"A",.,"A"
"20101",2029444,24,0,"1",.,"A",.,"A",.,"A",.,"A",42,"D",.,"A",.,"A",.,"A",.,"A",195,"D",0,"D",60,"D",80,"D",65,"D",.,"A"
"20101",2029455,47,0,"1",.,"A",.,"A",30,"D",.,"A",.,"A",.,"A",.,"A",.,"A",.,"A",210,"D",45,"D",0,"D",35,"D",70,"D",.,"A"
"20101",2029464,57,0,"1",15,"D",.,"A",.,"A",.,"A",45,"D",.,"A",.,"A",.,"A",.,"A",.,"A",.,"A",.,"A",95,"D",.,"A",.,"A"
"20101",2029475,52,0,"1",.,"A",.,"A",.,"A",.,"A",.,"A",.,"A",.,"A",.,"A",.,"A",225,"D",0,"D",0,"D",400,"F",75,"D",230,"D"
"20101",2029494,59,0,"1",.,"A",.,"A",.,"A",.,"A",.,"A",.,"A",455,"D",.,"A",.,"A",.,"A",.,"A",.,"A",20,"D",.,"A",.,"A"
"20101",2029504,55,0,"1",.,"A",.,"A",.,"A",.,"A",.,"A",.,"A",.,"A",.,"A",.,"A",.,"A",.,"A",.,"A",.,"A",.,"A",.,"A"
"20101",2029514,94,0,"1",.,"A",.,"A",.,"A",.,"A",.,"A",.,"A",.,"A",65,"D",.,"A",.,"A",.,"A",.,"A",180,"D",.,"A",.,"A"
"20101",2029524,55,0,"1",.,"A",.,"A",.,"A",.,"A",.,"A",.,"A",.,"A",.,"A",.,"A",.,"A",.,"A",.,"A",50,"D",.,"A",.,"A"
"20101",2029534,40,0,"1",.,"A",.,"A",.,"A",.,"A",.,"A",.,"A",.,"A",.,"A",.,"A",.,"A",.,"A",.,"A",20,"D",.,"A",.,"A"
"20101",2029544,104,0,"1",.,"A",.,"A",.,"A",.,"A",.,"A",.,"A",.,"A",.,"A",30,"D",.,"A",.,"A",.,"A",162,"D",.,"A",.,"A"
"20101",2029564,58,0,"1",.,"A",.,"A",.,"A",.,"A",.,"A",.,"A",.,"A",.,"A",105,"D",.,"A",.,"A",.,"A",150,"D",.,"A",.,"A"
"20101",2029575,45,0,"1",30,"D",.,"A",.,"A",.,"A",90,"D",15,"D",.,"A",.,"A",9,"D",0,"D",0,"D",0,"D",60,"D",0,"D",.,"A"
"20101",2029584,58,0,"1",.,"A",.,"A",.,"A",.,"A",.,"A",.,"A",.,"A",.,"A",18,"D",.,"A",.,"A",.,"A",.,"A",.,"A",.,"A"
"20101",2029604,33,0,"1",.,"A",.,"A",.,"A",.,"A",30,"D",.,"A",.,"A",.,"A",.,"A",.,"A",.,"A",.,"A",150,"D",.,"A",.,"A"
"20101",2029624,47,0,"1",.,"A",.,"A",.,"A",.,"A",.,"A",.,"A",.,"A",.,"A",.,"A",.,"A",.,"A",.,"A",20,"D",.,"A",.,"A"
"20101",2029634,69,0,"1",.,"A",3,"D",.,"A",.,"A",.,"A",27,"D",.,"A",.,"A",18,"D",.,"A",.,"A",.,"A",220,"D",.,"A",.,"A"
"20101",2029644,92,0,"1",.,"A",.,"A",.,"A",.,"A",.,"A",.,"A",.,"A",.,"A",.,"A",.,"A",.,"A",.,"A",.,"A",.,"A",.,"A"
"20101",2029654,44,0,"1",.,"A",.,"A",.,"A",.,"A",.,"A",60,"D",.,"A",.,"A",.,"A",.,"A",.,"A",.,"A",100,"D",.,"A",.,"A"
"20101",2029664,32,0,"1",.,"A",.,"A",.,"A",.,"A",.,"A",.,"A",325,"D",.,"A",.,"A",.,"A",.,"A",.,"A",.,"A",.,"A",.,"A"
"20101",2029694,66,0,"1",.,"A",.,"A",.,"A",.,"A",.,"A",.,"A",.,"A",.,"A",.,"A",.,"A",.,"A",.,"A",40,"D",.,"A",.,"A"
"20101",2029714,60,0,"1",.,"A",.,"A",10,"D",.,"A",.,"A",23,"D",.,"A",.,"A",.,"A",.,"A",.,"A",.,"A",50,"D",.,"A",.,"A"
"20101",2029734,35,0,"1",.,"A",.,"A",.,"A",.,"A",240,"D",.,"A",.,"A",.,"A",.,"A",.,"A",.,"A",.,"A",.,"A",.,"A",.,"A"
"20101",2029754,67,0,"1",.,"A",.,"A",25,"D",.,"A",.,"A",.,"A",.,"A",.,"A",.,"A",.,"A",.,"A",.,"A",110,"D",.,"A",.,"A"
"20101",2029765,39,0,"1",.,"A",.,"A",.,"A",.,"A",.,"A",.,"A",.,"A",.,"A",.,"A",0,"D",0,"D",195,"D",.,"A",0,"D",.,"A"
"20101",2029774,47,0,"1",.,"A",.,"A",.,"A",20,"D",.,"A",.,"A",.,"A",.,"A",.,"A",.,"A",.,"A",.,"A",320,"D",.,"A",.,"A"
"20101",2029784,50,0,"1",.,"A",.,"A",.,"A",.,"A",.,"A",.,"A",.,"A",.,"A",.,"A",.,"A",.,"A",.,"A",90,"D",.,"A",.,"A"
"20101",2029794,39,0,"1",.,"A",.,"A",.,"A",.,"A",.,"A",.,"A",.,"A",.,"A",.,"A",.,"A",.,"A",.,"A",.,"A",.,"A",.,"A"
"20101",2029805,44,0,"1",.,"A",.,"A",.,"A",.,"A",.,"A",.,"A",195,"D",.,"A",60,"D",.,"A",.,"A",.,"A",20,"D",.,"A",.,"A"
"20101",2029814,43,0,"1",.,"A",.,"A",.,"A",.,"A",.,"A",.,"A",.,"A",.,"A",.,"A",.,"A",.,"A",.,"A",5,"D",.,"A",.,"A"
"20101",2029824,55,0,"1",.,"A",.,"A",.,"A",.,"A",.,"A",.,"A",.,"A",65,"D",.,"A",.,"A",.,"A",.,"A",.,"A",.,"A",.,"A"
"20101",2029834,51,0,"1",.,"A",.,"A",.,"A",.,"A",.,"A",.,"A",.,"A",.,"A",.,"A",.,"A",.,"A",.,"A",15,"D",.,"A",.,"A"
"20101",2029844,62,0,"1",.,"A",.,"A",.,"A",.,"A",.,"A",.,"A",.,"A",.,"A",.,"A",.,"A",.,"A",.,"A",140,"D",.,"A",.,"A"
"20101",2029854,38,0,"1",.,"A",.,"A",.,"A",.,"A",.,"A",.,"A",.,"A",.,"A",.,"A",.,"A",.,"A",.,"A",.,"A",.,"A",.,"A"
"20101",2029864,61,0,"1",.,"A",.,"A",.,"A",.,"A",.,"A",.,"A",.,"A",.,"A",.,"A",.,"A",.,"A",.,"A",15,"D",.,"A",.,"A"
"20101",2029904,44,0,"1",.,"A",.,"A",.,"A",.,"A",.,"A",.,"A",.,"A",.,"A",.,"A",.,"A",.,"A",.,"A",90,"D",.,"A",.,"A"
"20101",2029914,30,0,"1",.,"A",.,"A",20,"D",.,"A",.,"A",.,"A",.,"A",.,"A",.,"A",.,"A",.,"A",.,"A",36,"D",.,"A",.,"A"
"20101",2029924,41,0,"1",.,"A",.,"A",.,"A",.,"A",.,"A",.,"A",.,"A",.,"A",.,"A",.,"A",.,"A",.,"A",.,"A",.,"A",.,"A"
"20101",2029934,71,0,"1",.,"A",.,"A",.,"A",.,"A",.,"A",.,"A",650,"D",.,"A",.,"A",.,"A",.,"A",.,"A",.,"A",.,"A",.,"A"
"20101",2029944,55,0,"1",.,"A",.,"A",.,"A",.,"A",.,"A",.,"A",.,"A",.,"A",.,"A",.,"A",.,"A",.,"A",100,"D",.,"A",.,"A"
"20101",2029964,42,0,"1",.,"A",.,"A",.,"A",.,"A",.,"A",.,"A",.,"A",.,"A",.,"A",.,"A",.,"A",.,"A",.,"A",.,"A",.,"A"
"20101",2030014,44,0,"1",.,"A",.,"A",.,"A",.,"A",.,"A",.,"A",130,"D",.,"A",.,"A",.,"A",.,"A",.,"A",25,"D",.,"A",.,"A"
"20101",2030024,48,0,"1",.,"A",.,"A",.,"A",.,"A",.,"A",.,"A",455,"D",.,"A",.,"A",.,"A",.,"A",.,"A",.,"A",.,"A",.,"A"
"20101",2030034,43,0,"1",.,"A",.,"A",.,"A",.,"A",.,"A",.,"A",.,"A",.,"A",.,"A",.,"A",.,"A",.,"A",.,"A",.,"A",.,"A"
"20101",2030064,45,0,"1",.,"A",.,"A",.,"A",.,"A",.,"A",25,"D",.,"A",.,"A",.,"A",.,"A",.,"A",.,"A",120,"D",.,"A",.,"A"
"20101",2030074,53,0,"1",.,"A",.,"A",.,"A",.,"A",.,"A",50,"D",.,"A",.,"A",.,"A",.,"A",.,"A",.,"A",200,"D",.,"A",.,"A"
"20101",2030084,53,0,"1",.,"A",.,"A",.,"A",.,"A",.,"A",.,"A",.,"A",.,"A",.,"A",.,"A",.,"A",.,"A",30,"D",.,"A",.,"A"
"20101",2030104,82,0,"1",.,"A",.,"A",.,"A",.,"A",.,"A",.,"A",.,"A",390,"F",.,"A",.,"A",.,"A",.,"A",125,"D",.,"A",.,"A"
"20101",2030114,34,0,"1",.,"A",.,"A",.,"A",.,"A",.,"A",.,"A",.,"A",.,"A",.,"A",.,"A",.,"A",.,"A",.,"A",.,"A",.,"A"
"20101",2030124,70,0,"1",.,"A",.,"A",.,"A",.,"A",.,"A",.,"A",.,"A",.,"A",.,"A",.,"A",.,"A",.,"A",.,"A",.,"A",.,"A"
"20101",2030144,48,0,"1",.,"A",.,"A",.,"A",.,"A",.,"A",30,"D",.,"A",.,"A",.,"A",.,"A",.,"A",.,"A",120,"D",.,"A",.,"A"
"20101",2030154,35,0,"1",.,"A",.,"A",.,"A",.,"A",.,"A",.,"A",.,"A",169,"D",.,"A",.,"A",.,"A",.,"A",.,"A",.,"A",.,"A"
"20101",2030164,78,0,"1",.,"A",.,"A",.,"A",.,"A",.,"A",.,"A",.,"A",650,"D",.,"A",.,"A",.,"A",.,"A",100,"D",.,"A",.,"A"
"20101",2030204,49,0,"1",.,"A",.,"A",.,"A",.,"A",.,"A",.,"A",.,"A",.,"A",.,"A",.,"A",.,"A",.,"A",386,"D",.,"A",.,"A"
"20101",2030214,67,0,"1",.,"A",.,"A",.,"A",.,"A",.,"A",.,"A",91,"D",.,"A",.,"A",.,"A",.,"A",.,"A",15,"D",.,"A",.,"A"
"20101",2030224,39,0,"1",.,"A",.,"A",.,"A",.,"A",.,"A",.,"A",.,"A",.,"A",.,"A",.,"A",.,"A",.,"A",30,"D",.,"A",.,"A"
"20101",2030245,57,0,"1",0,"F",.,"A",.,"A",.,"A",585,"F",.,"A",.,"A",.,"A",15,"D",.,"A",.,"A",.,"A",12,"D",.,"A",.,"A"
"20101",2030254,51,0,"1",.,"A",.,"A",.,"A",.,"A",.,"A",.,"A",.,"A",.,"A",.,"A",.,"A",.,"A",.,"A",.,"A",.,"A",.,"A"
"20101",2030264,31,0,"1",.,"A",.,"A",.,"A",.,"A",.,"A",.,"A",.,"A",.,"A",.,"A",.,"A",.,"A",.,"A",75,"D",.,"A",.,"A"
"20101",2030274,53,0,"1",.,"A",.,"A",.,"A",.,"A",.,"A",600,"D",585,"D",.,"A",.,"A",.,"A",.,"A",.,"A",150,"D",.,"A",.,"A"
"20101",2030284,53,0,"1",.,"A",.,"A",.,"A",.,"A",.,"A",.,"A",.,"A",.,"A",18,"D",.,"A",.,"A",.,"A",.,"A",.,"A",.,"A"
"20101",2030304,26,0,"1",.,"A",.,"A",.,"A",45,"D",72,"D",.,"A",.,"A",.,"A",.,"A",0,"D",0,"D",72,"D",.,"A",0,"D",.,"A"
"20101",2030334,28,0,"1",.,"A",.,"A",.,"A",.,"A",.,"A",.,"A",.,"A",.,"A",.,"A",255,"D",0,"D",0,"D",20,"D",85,"D",.,"A"
"20101",2030364,56,0,"1",.,"A",.,"A",.,"A",.,"A",.,"A",4,"D",455,"D",.,"A",.,"A",.,"A",.,"A",.,"A",.,"A",.,"A",.,"A"
"20101",2030374,60,0,"1",.,"A",.,"A",.,"A",.,"A",.,"A",.,"A",.,"A",.,"A",.,"A",.,"A",.,"A",.,"A",5,"D",.,"A",.,"A"
"20101",2030404,78,0,"1",.,"A",.,"A",.,"A",30,"D",.,"A",.,"A",.,"A",.,"A",.,"A",.,"A",.,"A",.,"A",645,"D",.,"A",.,"A"
"20101",2030414,47,0,"1",.,"A",.,"A",.,"A",.,"A",.,"A",.,"A",.,"A",.,"A",.,"A",.,"A",.,"A",.,"A",72,"D",.,"A",.,"A"
"20101",2030425,75,0,"1",.,"A",.,"A",.,"A",.,"A",.,"A",.,"A",.,"A",.,"A",.,"A",.,"A",.,"A",.,"A",87,"D",.,"A",.,"A"
"20101",2030444,36,0,"1",.,"A",.,"A",.,"A",.,"A",.,"A",.,"A",.,"A",.,"A",.,"A",.,"A",.,"A",.,"A",.,"A",.,"A",.,"A"
"20101",2030464,31,0,"1",.,"A",.,"A",.,"A",.,"A",.,"A",.,"A",.,"A",.,"A",.,"A",210,"D",0,"D",0,"D",.,"A",70,"D",.,"A"
"20101",2030484,70,0,"1",.,"A",.,"A",.,"A",.,"A",60,"D",.,"A",.,"A",.,"A",.,"A",.,"A",.,"A",.,"A",.,"A",.,"A",.,"A"
"20101",2030494,46,0,"1",.,"A",.,"A",.,"A",.,"A",.,"A",.,"A",.,"A",.,"A",18,"D",.,"A",.,"A",.,"A",120,"D",.,"A",.,"A"
"20101",2030504,37,0,"1",40,"D",.,"A",.,"A",.,"A",80,"D",.,"A",.,"A",.,"A",.,"A",.,"A",.,"A",.,"A",30,"D",.,"A",.,"A"
"20101",2030525,59,0,"1",.,"A",.,"A",.,"A",.,"A",.,"A",.,"A",.,"A",.,"A",.,"A",.,"A",.,"A",.,"A",95,"D",.,"A",.,"A"
"20101",2030534,90,0,"1",.,"A",.,"A",.,"A",.,"A",.,"A",.,"A",.,"A",.,"A",.,"A",.,"A",.,"A",.,"A",120,"D",.,"A",.,"A"
"20101",2030544,84,0,"1",.,"A",.,"A",.,"A",.,"A",.,"A",.,"A",390,"D",.,"A",.,"A",.,"A",.,"A",.,"A",45,"D",.,"A",.,"A"
"20101",2030554,42,0,"1",.,"A",.,"A",.,"A",.,"A",75,"D",.,"A",520,"D",.,"A",150,"D",.,"A",.,"A",.,"A",120,"D",.,"A",.,"A"
"20101",2030565,22,0,"1",.,"A",.,"A",.,"A",.,"A",.,"A",.,"A",.,"A",.,"A",.,"A",.,"A",.,"A",.,"A",.,"A",.,"A",.,"A"
"20101",2030574,43,0,"1",.,"A",.,"A",.,"A",.,"A",.,"A",70,"D",650,"D",.,"A",.,"A",.,"A",.,"A",.,"A",45,"D",.,"A",.,"A"
"20101",2030585,58,0,"1",.,"A",.,"A",.,"A",.,"A",.,"A",.,"A",.,"A",.,"A",.,"A",.,"A",.,"A",.,"A",40,"D",.,"A",.,"A"
"20101",2030595,42,0,"1",150,"D",.,"A",.,"A",.,"A",150,"D",.,"A",.,"A",.,"A",.,"A",.,"A",.,"A",.,"A",180,"D",.,"A",.,"A"
"20101",2030624,63,0,"1",.,"A",.,"A",.,"A",.,"A",3,"D",.,"A",689,"D",.,"A",.,"A",.,"A",.,"A",.,"A",.,"A",.,"A",.,"A"
"20101",2030635,36,0,"1",.,"A",.,"A",.,"A",.,"A",.,"A",.,"A",.,"A",.,"A",.,"A",.,"A",.,"A",.,"A",70,"D",.,"A",.,"A"
"20101",2030644,46,0,"1",.,"A",.,"A",.,"A",.,"A",132,"D",.,"A",455,"D",.,"A",.,"A",.,"A",.,"A",.,"A",.,"A",.,"A",.,"A"
"20101",2030654,66,0,"1",.,"A",.,"A",.,"A",.,"A",.,"A",.,"A",1300,"D",.,"A",.,"A",.,"A",.,"A",.,"A",.,"A",.,"A",.,"A"
"20101",2030664,28,0,"1",.,"A",.,"A",.,"A",.,"A",.,"A",.,"A",.,"A",.,"A",.,"A",.,"A",.,"A",.,"A",36,"D",.,"A",.,"A"
"20101",2030674,62,0,"1",.,"A",.,"A",.,"A",.,"A",.,"A",.,"A",520,"D",390,"D",.,"A",.,"A",.,"A",.,"A",135,"D",.,"A",.,"A"
"20101",2030684,41,0,"1",.,"A",.,"A",.,"A",.,"A",.,"A",.,"A",.,"A",.,"A",.,"A",.,"A",.,"A",.,"A",15,"D",.,"A",.,"A"
"20101",2030704,22,0,"1",.,"A",.,"A",.,"A",.,"A",.,"A",.,"A",.,"A",.,"A",.,"A",.,"A",.,"A",.,"A",.,"A",.,"A",.,"A"
"20101",2030714,76,0,"1",.,"A",.,"A",.,"A",.,"A",.,"A",.,"A",.,"A",.,"A",.,"A",.,"A",.,"A",.,"A",600,"D",.,"A",.,"A"
"20101",2030724,29,0,"1",.,"A",.,"A",.,"A",.,"A",.,"A",.,"A",117,"D",.,"A",.,"A",.,"A",.,"A",.,"A",.,"A",.,"A",.,"A"
"20101",2030754,80,0,"1",.,"A",.,"A",.,"A",.,"A",.,"A",.,"A",.,"A",.,"A",.,"A",.,"A",.,"A",.,"A",140,"D",.,"A",.,"A"
"20101",2030774,38,0,"1",.,"A",.,"A",.,"A",.,"A",.,"A",70,"D",.,"A",.,"A",.,"A",0,"D",255,"D",45,"D",180,"D",0,"D",.,"A"
"20101",2030784,74,0,"1",.,"A",.,"A",.,"A",.,"A",.,"A",.,"A",.,"A",.,"A",.,"A",.,"A",.,"A",.,"A",6,"D",.,"A",.,"A"
"20101",2030794,65,0,"1",.,"A",.,"A",.,"A",.,"A",.,"A",.,"A",.,"A",.,"A",.,"A",.,"A",.,"A",.,"A",15,"D",.,"A",.,"A"
"20101",2030804,54,0,"1",.,"A",.,"A",.,"A",.,"A",.,"A",.,"A",.,"A",.,"A",.,"A",.,"A",.,"A",.,"A",100,"D",.,"A",.,"A"
"20101",2030814,86,0,"1",.,"A",.,"A",.,"A",.,"A",.,"A",.,"A",.,"A",.,"A",.,"A",.,"A",.,"A",.,"A",80,"D",.,"A",.,"A"
"20101",2030824,66,0,"1",.,"A",.,"A",.,"A",.,"A",.,"A",.,"A",.,"A",.,"A",.,"A",.,"A",.,"A",.,"A",120,"D",.,"A",.,"A"
"20101",2030835,38,0,"1",.,"A",.,"A",.,"A",.,"A",.,"A",.,"A",.,"A",.,"A",.,"A",.,"A",.,"A",.,"A",.,"A",.,"A",.,"A"
"20101",2030854,61,0,"1",.,"A",.,"A",.,"A",.,"A",.,"A",.,"A",.,"A",.,"A",.,"A",.,"A",.,"A",.,"A",20,"D",.,"A",.,"A"
"20101",2030864,70,0,"1",.,"A",.,"A",.,"A",.,"A",.,"A",.,"A",.,"A",.,"A",.,"A",.,"A",.,"A",.,"A",.,"A",.,"A",.,"A"
"20101",2030874,50,0,"1",.,"A",.,"A",.,"A",.,"A",.,"A",.,"A",.,"A",.,"A",.,"A",.,"A",.,"A",.,"A",.,"A",.,"A",.,"A"
"20101",2030884,35,0,"1",.,"A",.,"A",.,"A",.,"A",.,"A",.,"A",.,"A",.,"A",.,"A",.,"A",.,"A",.,"A",.,"A",.,"A",.,"A"
"20101",2030904,45,0,"1",.,"A",.,"A",.,"A",.,"A",.,"A",20,"D",.,"A",.,"A",.,"A",.,"A",.,"A",.,"A",.,"A",.,"A",.,"A"
"20101",2030914,34,0,"1",.,"A",.,"A",.,"A",100,"D",.,"A",100,"D",1040,"D",.,"A",.,"A",0,"D",0,"D",240,"D",225,"D",0,"D",.,"A"
"20101",2030924,54,0,"1",.,"A",.,"A",.,"A",.,"A",.,"A",.,"A",.,"A",.,"A",.,"A",.,"A",.,"A",.,"A",150,"D",.,"A",.,"A"
"20101",2030935,128,0,"1",.,"A",.,"A",.,"A",.,"A",.,"A",15,"D",.,"A",.,"A",.,"A",.,"A",.,"A",.,"A",50,"D",.,"A",.,"A"
"20101",2030944,76,0,"1",.,"A",.,"A",13,"D",.,"A",.,"A",.,"A",390,"D",.,"A",.,"A",.,"A",.,"A",.,"A",130,"D",.,"A",.,"A"
"20101",2030955,63,0,"1",.,"A",.,"A",.,"A",.,"A",.,"A",200,"D",.,"A",.,"A",.,"A",.,"A",.,"A",.,"A",600,"D",.,"A",.,"A"
"20101",2030974,39,0,"1",.,"A",.,"A",.,"A",.,"A",.,"A",.,"A",.,"A",.,"A",.,"A",.,"A",.,"A",.,"A",40,"D",.,"A",.,"A"
"20101",2030984,69,0,"1",.,"A",.,"A",.,"A",.,"A",.,"A",.,"A",.,"A",.,"A",6,"D",.,"A",.,"A",.,"A",75,"D",.,"A",.,"A"
"20101",2031015,49,0,"1",.,"A",.,"A",.,"A",.,"A",.,"A",8,"D",.,"A",.,"A",.,"A",.,"A",.,"A",.,"A",300,"D",.,"A",.,"A"
"20101",2031024,148,0,"1",.,"A",.,"A",.,"A",.,"A",.,"A",240,"D",.,"A",.,"A",.,"A",.,"A",.,"A",.,"A",180,"D",.,"A",.,"A"
"20101",2031034,38,0,"1",.,"A",.,"A",.,"A",.,"A",180,"D",.,"A",.,"A",.,"A",.,"A",.,"A",.,"A",.,"A",.,"A",.,"A",.,"A"
"20101",2031044,49,0,"1",.,"A",.,"A",.,"A",.,"A",.,"A",.,"A",.,"A",.,"A",.,"A",.,"A",.,"A",.,"A",20,"D",.,"A",.,"A"
"20101",2031054,47,0,"1",.,"A",.,"A",.,"A",.,"A",.,"A",160,"D",.,"A",.,"A",45,"D",.,"A",.,"A",.,"A",.,"A",.,"A",.,"A"
"20101",2031064,58,0,"1",.,"A",.,"A",.,"A",.,"A",.,"A",.,"A",.,"A",.,"A",.,"A",.,"A",.,"A",.,"A",670,"D",.,"A",.,"A"
"20101",2031074,53,0,"1",.,"A",.,"A",.,"A",.,"A",.,"A",.,"A",.,"A",.,"A",18,"D",.,"A",.,"A",.,"A",60,"D",.,"A",.,"A"
"20101",2031084,28,0,"1",.,"A",.,"A",.,"A",.,"A",30,"D",.,"A",.,"A",.,"A",.,"A",.,"A",.,"A",.,"A",.,"A",.,"A",.,"A"
"20101",2031094,40,0,"1",.,"A",.,"A",.,"A",.,"A",.,"A",.,"A",.,"A",.,"A",.,"A",.,"A",.,"A",.,"A",.,"A",.,"A",.,"A"
"20101",2031104,57,0,"1",.,"A",.,"A",.,"A",.,"A",10,"D",.,"A",.,"A",.,"A",.,"A",.,"A",.,"A",.,"A",.,"A",.,"A",.,"A"
"20101",2031114,71,0,"1",.,"A",.,"A",.,"A",.,"A",12,"D",.,"A",.,"A",.,"A",.,"A",.,"A",.,"A",.,"A",20,"D",.,"A",.,"A"
"20101",2031124,46,0,"1",.,"A",.,"A",.,"A",.,"A",.,"A",.,"A",.,"A",.,"A",.,"A",.,"A",.,"A",.,"A",.,"A",.,"A",.,"A"
"20101",2031134,74,0,"1",.,"A",.,"A",.,"A",.,"A",.,"A",.,"A",.,"A",.,"A",.,"A",654,"D",0,"D",0,"D",100,"D",218,"D",.,"A"
"20101",2031144,58,0,"1",.,"A",.,"A",.,"A",.,"A",.,"A",.,"A",390,"D",.,"A",.,"A",.,"A",.,"A",.,"A",82,"D",.,"A",.,"A"
"20101",2031154,30,0,"1",0,"F",.,"A",.,"A",.,"A",9,"F",.,"A",.,"A",.,"A",.,"A",.,"A",.,"A",.,"A",10,"D",.,"A",.,"A"
"20101",2031164,29,0,"1",.,"A",.,"A",.,"A",.,"A",.,"A",.,"A",.,"A",.,"A",.,"A",.,"A",.,"A",.,"A",.,"A",.,"A",.,"A"
"20101",2031184,52,0,"1",.,"A",.,"A",.,"A",.,"A",.,"A",.,"A",.,"A",.,"A",.,"A",.,"A",.,"A",.,"A",.,"A",.,"A",.,"A"
"20101",2031194,72,0,"1",.,"A",.,"A",.,"A",.,"A",.,"A",75,"D",.,"A",.,"A",.,"A",.,"A",.,"A",.,"A",140,"D",.,"A",.,"A"
"20101",2031204,49,0,"1",.,"A",.,"A",.,"A",.,"A",.,"A",.,"A",.,"A",.,"A",.,"A",.,"A",.,"A",.,"A",.,"A",.,"A",.,"A"
"20101",2031224,92,0,"1",.,"A",.,"A",.,"A",130,"D",.,"A",80,"D",.,"A",.,"A",.,"A",.,"A",.,"A",.,"A",75,"D",.,"A",.,"A"
"20101",2031234,48,0,"1",.,"A",.,"A",.,"A",.,"A",.,"A",.,"A",.,"A",.,"A",.,"A",.,"A",.,"A",.,"A",30,"D",.,"A",.,"A"
"20101",2031244,40,0,"1",.,"A",.,"A",.,"A",.,"A",.,"A",.,"A",455,"D",.,"A",.,"A",.,"A",.,"A",.,"A",12,"D",.,"A",.,"A"
"20101",2031254,50,0,"1",.,"A",.,"A",.,"A",.,"A",.,"A",25,"D",.,"A",.,"A",.,"A",.,"A",.,"A",.,"A",75,"D",.,"A",.,"A"
"20101",2031264,43,0,"1",.,"A",.,"A",.,"A",.,"A",.,"A",.,"A",.,"A",.,"A",.,"A",.,"A",.,"A",.,"A",.,"A",.,"A",.,"A"
"20101",2031275,25,0,"1",.,"A",.,"A",.,"A",.,"A",.,"A",.,"A",.,"A",.,"A",.,"A",.,"A",.,"A",.,"A",.,"A",.,"A",.,"A"
"20101",2031284,39,0,"1",.,"A",.,"A",.,"A",.,"A",.,"A",.,"A",.,"A",.,"A",.,"A",.,"A",.,"A",.,"A",35,"D",.,"A",.,"A"
"20101",2031294,39,0,"1",.,"A",.,"A",.,"A",.,"A",.,"A",.,"A",.,"A",.,"A",.,"A",.,"A",.,"A",.,"A",40,"D",.,"A",.,"A"
"20101",2031324,84,0,"1",.,"A",.,"A",.,"A",.,"A",.,"A",.,"A",.,"A",.,"A",.,"A",.,"A",.,"A",.,"A",127,"D",.,"A",.,"A"
"20101",2031334,55,0,"1",.,"A",.,"A",.,"A",.,"A",.,"A",30,"D",.,"A",.,"A",45,"D",.,"A",.,"A",.,"A",80,"D",.,"A",.,"A"
"20101",2031344,23,0,"1",.,"A",.,"A",.,"A",.,"A",.,"A",.,"A",.,"A",.,"A",.,"A",.,"A",.,"A",.,"A",.,"A",.,"A",.,"A"
"20101",2031354,30,0,"1",.,"A",.,"A",.,"A",.,"A",.,"A",.,"A",.,"A",.,"A",.,"A",.,"A",.,"A",.,"A",.,"A",.,"A",.,"A"
"20101",2031364,101,0,"1",.,"A",.,"A",.,"A",.,"A",.,"A",.,"A",.,"A",.,"A",.,"A",.,"A",.,"A",.,"A",.,"A",.,"A",.,"A"
"20101",2031384,79,0,"1",.,"A",.,"A",.,"A",.,"A",.,"A",.,"A",.,"A",.,"A",.,"A",.,"A",.,"A",.,"A",500,"D",.,"A",.,"A"
"20101",2031394,58,0,"1",.,"A",.,"A",.,"A",.,"A",.,"A",.,"A",.,"A",.,"A",.,"A",.,"A",.,"A",.,"A",.,"A",.,"A",.,"A"
"20101",2031404,51,0,"1",.,"A",.,"A",.,"A",.,"A",.,"A",.,"A",260,"D",.,"A",.,"A",.,"A",.,"A",.,"A",50,"D",.,"A",.,"A"
"20101",2031414,41,0,"1",.,"A",.,"A",.,"A",.,"A",150,"D",.,"A",.,"A",.,"A",.,"A",.,"A",.,"A",.,"A",90,"D",.,"A",.,"A"
"20101",2031425,41,0,"1",.,"A",.,"A",.,"A",.,"A",150,"D",.,"A",.,"A",.,"A",.,"A",.,"A",.,"A",.,"A",120,"D",.,"A",.,"A"
"20101",2031434,39,0,"1",.,"A",.,"A",.,"A",.,"A",.,"A",.,"A",.,"A",.,"A",.,"A",.,"A",.,"A",.,"A",40,"D",.,"A",.,"A"
"20101",2031444,38,0,"1",.,"A",.,"A",.,"A",.,"A",.,"A",.,"A",.,"A",.,"A",.,"A",0,"D",0,"D",15,"D",.,"A",0,"D",.,"A"
"20101",2031454,43,0,"1",.,"A",.,"A",.,"A",.,"A",.,"A",.,"A",.,"A",.,"A",.,"A",.,"A",.,"A",.,"A",40,"D",.,"A",.,"A"
"20101",2031474,35,0,"1",.,"A",.,"A",.,"A",.,"A",.,"A",.,"A",.,"A",.,"A",.,"A",.,"A",.,"A",.,"A",.,"A",.,"A",.,"A"
"20101",2031544,43,0,"1",.,"A",.,"A",.,"A",.,"A",.,"A",.,"A",.,"A",.,"A",.,"A",.,"A",.,"A",.,"A",.,"A",.,"A",.,"A"
"20101",2031554,63,0,"1",.,"A",.,"A",.,"A",.,"A",.,"A",.,"A",.,"A",.,"A",12,"D",.,"A",.,"A",.,"A",15,"D",.,"A",.,"A"
"20101",2031564,55,0,"1",.,"A",.,"A",.,"A",.,"A",.,"A",.,"A",.,"A",.,"A",.,"A",.,"A",.,"A",.,"A",120,"D",.,"A",.,"A"
"20101",2031574,23,0,"1",.,"A",.,"A",.,"A",.,"A",.,"A",.,"A",.,"A",.,"A",.,"A",.,"A",.,"A",.,"A",.,"A",.,"A",.,"A"
"20101",2031584,86,0,"1",.,"A",.,"A",.,"A",.,"A",.,"A",.,"A",520,"D",.,"A",.,"A",.,"A",.,"A",.,"A",58,"D",.,"A",.,"A"
"20101",2031604,35,0,"1",.,"A",.,"A",.,"A",.,"A",.,"A",.,"A",.,"A",.,"A",.,"A",0,"D",0,"D",90,"D",60,"D",0,"D",.,"A"
"20101",2031614,56,0,"1",.,"A",.,"A",.,"A",.,"A",.,"A",.,"A",.,"A",.,"A",.,"A",.,"A",.,"A",.,"A",30,"D",.,"A",.,"A"
"20101",2031624,33,0,"1",.,"A",.,"A",.,"A",.,"A",48,"D",65,"D",.,"A",.,"A",.,"A",.,"A",.,"A",.,"A",50,"D",.,"A",.,"A"
"20101",2031644,32,0,"1",.,"A",.,"A",.,"A",.,"A",10,"D",.,"A",.,"A",.,"A",.,"A",.,"A",.,"A",.,"A",.,"A",.,"A",.,"A"
"20101",2031654,30,0,"1",.,"A",.,"A",.,"A",.,"A",240,"F",.,"A",.,"A",.,"A",.,"A",300,"D",0,"D",0,"D",.,"A",100,"D",.,"A"
"20101",2031694,94,0,"1",.,"A",.,"A",22,"D",.,"A",.,"A",.,"A",.,"A",.,"A",.,"A",.,"A",.,"A",.,"A",20,"D",.,"A",.,"A"
"20101",2031704,32,0,"1",.,"A",.,"A",.,"A",.,"A",.,"A",.,"A",.,"A",.,"A",.,"A",.,"A",.,"A",.,"A",.,"A",.,"A",.,"A"
"20101",2031715,65,0,"1",.,"A",.,"A",.,"A",.,"A",.,"A",.,"A",.,"A",.,"A",.,"A",.,"A",.,"A",.,"A",.,"A",.,"A",.,"A"
"20101",2031725,79,0,"1",.,"A",.,"A",.,"A",.,"A",.,"A",.,"A",.,"A",.,"A",.,"A",.,"A",.,"A",.,"A",150,"D",.,"A",.,"A"
"20101",2031735,32,0,"1",6,"D",.,"A",.,"A",.,"A",18,"D",.,"A",.,"A",.,"A",.,"A",.,"A",.,"A",.,"A",30,"D",.,"A",.,"A"
"20101",2031744,58,0,"1",.,"A",.,"A",.,"A",.,"A",.,"A",.,"A",.,"A",.,"A",.,"A",.,"A",.,"A",.,"A",15,"D",.,"A",.,"A"
"20101",2031754,61,0,"1",.,"A",.,"A",.,"A",.,"A",45,"D",.,"A",910,"D",.,"A",51,"D",.,"A",.,"A",.,"A",75,"D",.,"A",.,"A"
"20101",2031764,79,0,"1",.,"A",.,"A",23,"F",.,"A",.,"A",.,"A",.,"A",.,"A",.,"A",.,"A",.,"A",.,"A",30,"D",.,"A",.,"A"
"20101",2031774,74,0,"1",.,"A",.,"A",.,"A",.,"A",.,"A",.,"A",.,"A",.,"A",.,"A",.,"A",.,"A",.,"A",45,"D",.,"A",.,"A"
"20101",2031804,78,0,"1",15,"D",.,"A",.,"A",.,"A",105,"D",15,"D",.,"A",.,"A",15,"D",0,"D",0,"D",3,"D",.,"A",0,"D",.,"A"
"20101",2031824,25,0,"1",.,"A",.,"A",.,"A",.,"A",.,"A",.,"A",.,"A",.,"A",.,"A",.,"A",.,"A",.,"A",30,"D",.,"A",.,"A"
"20101",2031845,26,0,"1",.,"A",.,"A",.,"A",.,"A",.,"A",.,"A",.,"A",.,"A",.,"A",.,"A",.,"A",.,"A",30,"D",.,"A",.,"A"
"20101",2031854,84,0,"1",.,"A",.,"A",60,"D",.,"A",.,"A",120,"D",.,"A",.,"A",.,"A",.,"A",.,"A",.,"A",100,"D",.,"A",.,"A"
"20101",2031864,46,0,"1",.,"A",.,"A",.,"A",.,"A",.,"A",.,"A",.,"A",.,"A",.,"A",.,"A",.,"A",.,"A",18,"D",.,"A",.,"A"
"20101",2031874,82,0,"1",.,"A",.,"A",.,"A",.,"A",60,"F",.,"A",1170,"F",.,"A",.,"A",.,"A",.,"A",.,"A",35,"D",.,"A",.,"A"
"20101",2031904,62,0,"1",.,"A",.,"A",.,"A",.,"A",.,"A",.,"A",.,"A",.,"A",.,"A",.,"A",.,"A",.,"A",90,"D",.,"A",.,"A"
"20101",2031945,49,0,"1",.,"A",.,"A",.,"A",.,"A",.,"A",.,"A",.,"A",.,"A",.,"A",.,"A",.,"A",.,"A",60,"D",.,"A",.,"A"
"20101",2031954,62,0,"1",.,"A",.,"A",20,"D",.,"A",.,"A",20,"D",.,"A",.,"A",.,"A",.,"A",.,"A",.,"A",95,"D",.,"A",.,"A"
"20101",2031994,58,0,"1",.,"A",.,"A",.,"A",.,"A",.,"A",90,"D",.,"A",.,"A",.,"A",.,"A",.,"A",.,"A",90,"D",.,"A",.,"A"
"20101",2032004,27,0,"1",.,"A",.,"A",.,"A",.,"A",.,"A",.,"A",.,"A",.,"A",.,"A",.,"A",.,"A",.,"A",.,"A",.,"A",.,"A"
"20101",2032014,37,0,"1",.,"A",.,"A",.,"A",.,"A",.,"A",.,"A",.,"A",.,"A",.,"A",.,"A",.,"A",.,"A",.,"A",.,"A",.,"A"
"20101",2032024,65,0,"1",.,"A",.,"A",.,"A",.,"A",.,"A",.,"A",.,"A",.,"A",.,"A",.,"A",.,"A",.,"A",100,"D",.,"A",.,"A"
"20101",2032034,42,0,"1",.,"A",.,"A",.,"A",.,"A",.,"A",.,"A",.,"A",.,"A",.,"A",.,"A",.,"A",.,"A",100,"D",.,"A",.,"A"
"20101",2032055,31,0,"1",.,"A",.,"A",.,"A",.,"A",5,"D",.,"A",.,"A",.,"A",.,"A",0,"D",0,"D",0,"D",20,"D",0,"D",.,"A"
"20101",2032065,73,0,"1",.,"A",.,"A",.,"A",.,"A",.,"A",25,"D",.,"A",.,"A",.,"A",.,"A",.,"A",.,"A",75,"D",.,"A",.,"A"
"20101",2032074,48,0,"1",.,"A",.,"A",.,"A",.,"A",.,"A",.,"A",.,"A",.,"A",.,"A",.,"A",.,"A",.,"A",100,"D",.,"A",.,"A"
"20101",2032084,48,0,"1",.,"A",.,"A",.,"A",.,"A",.,"A",.,"A",.,"A",.,"A",.,"A",.,"A",.,"A",.,"A",.,"A",.,"A",.,"A"
"20101",2032094,27,0,"1",.,"A",.,"A",.,"A",.,"A",.,"A",.,"A",.,"A",.,"A",.,"A",.,"A",.,"A",.,"A",.,"A",.,"A",.,"A"
"20101",2032104,35,0,"1",.,"A",.,"A",.,"A",.,"A",.,"A",.,"A",.,"A",.,"A",.,"A",.,"A",.,"A",.,"A",10,"D",.,"A",.,"A"
"20101",2032114,110,0,"1",.,"A",.,"A",.,"A",.,"A",.,"A",10,"D",.,"A",130,"D",.,"A",.,"A",.,"A",.,"A",.,"A",.,"A",.,"A"
"20101",2032124,98,0,"1",.,"A",.,"A",.,"A",.,"A",.,"A",50,"D",.,"A",.,"A",.,"A",.,"A",.,"A",.,"A",130,"D",.,"A",.,"A"
"20101",2032134,66,0,"1",.,"A",.,"A",.,"A",.,"A",.,"A",.,"A",.,"A",.,"A",.,"A",.,"A",.,"A",.,"A",250,"D",.,"A",.,"A"
"20101",2032164,32,0,"1",.,"A",.,"A",.,"A",.,"A",.,"A",.,"A",.,"A",.,"A",.,"A",.,"A",.,"A",.,"A",.,"A",.,"A",.,"A"
"20101",2032184,53,0,"1",.,"A",.,"A",.,"A",.,"A",.,"A",.,"A",845,"D",.,"A",.,"A",.,"A",.,"A",.,"A",9,"D",.,"A",.,"A"
"20101",2032194,37,0,"1",.,"A",.,"A",.,"A",.,"A",.,"A",.,"A",.,"A",.,"A",.,"A",.,"A",.,"A",.,"A",40,"D",.,"A",.,"A"
"20101",2032204,47,0,"1",.,"A",.,"A",.,"A",.,"A",.,"A",.,"A",.,"A",.,"A",24,"D",.,"A",.,"A",.,"A",20,"D",.,"A",.,"A"
"20101",2032214,81,0,"1",.,"A",.,"A",.,"A",.,"A",.,"A",.,"A",.,"A",.,"A",.,"A",.,"A",.,"A",.,"A",.,"A",.,"A",.,"A"
"20101",2032224,47,0,"1",.,"A",.,"A",.,"A",.,"A",.,"A",.,"A",.,"A",.,"A",.,"A",.,"A",.,"A",.,"A",15,"D",.,"A",.,"A"
"20101",2032234,34,0,"1",.,"A",.,"A",.,"A",.,"A",20,"D",.,"A",.,"A",.,"A",36,"D",.,"A",.,"A",.,"A",28,"D",.,"A",.,"A"
"20101",2032244,59,0,"1",.,"A",.,"A",.,"A",.,"A",.,"A",.,"A",.,"A",.,"A",.,"A",.,"A",.,"A",.,"A",70,"D",.,"A",.,"A"
"20101",2032254,61,0,"1",.,"A",.,"A",.,"A",.,"A",.,"A",.,"A",.,"A",.,"A",30,"D",.,"A",.,"A",.,"A",.,"A",.,"A",.,"A"
"20101",2032264,67,0,"1",.,"A",.,"A",.,"A",.,"A",.,"A",.,"A",.,"A",.,"A",.,"A",.,"A",.,"A",.,"A",.,"A",.,"A",.,"A"
"20101",2032274,42,0,"1",.,"A",.,"A",.,"A",.,"A",.,"A",.,"A",.,"A",.,"A",.,"A",.,"A",.,"A",.,"A",100,"D",.,"A",.,"A"
"20101",2032284,43,0,"1",.,"A",.,"A",.,"A",.,"A",.,"A",180,"D",.,"A",.,"A",.,"A",.,"A",.,"A",.,"A",170,"D",.,"A",.,"A"
"20101",2032304,62,0,"1",.,"A",.,"A",.,"A",.,"A",.,"A",.,"A",.,"A",.,"A",.,"A",.,"A",.,"A",.,"A",100,"D",.,"A",.,"A"
"20101",2032314,51,0,"1",.,"A",.,"A",.,"A",.,"A",.,"A",.,"A",.,"A",.,"A",.,"A",.,"A",.,"A",.,"A",90,"D",.,"A",.,"A"
"20101",2032334,43,0,"1",.,"A",.,"A",.,"A",.,"A",.,"A",.,"A",.,"A",.,"A",.,"A",.,"A",.,"A",.,"A",.,"A",.,"A",.,"A"
"20101",2032344,93,0,"1",.,"A",.,"A",.,"A",.,"A",.,"A",20,"D",.,"A",.,"A",.,"A",.,"A",.,"A",.,"A",150,"D",.,"A",.,"A"
"20101",2032374,41,0,"1",.,"A",.,"A",.,"A",.,"A",.,"A",.,"A",455,"D",.,"A",.,"A",0,"D",0,"D",30,"D",.,"A",0,"D",.,"A"
"20101",2032384,51,0,"1",.,"A",.,"A",.,"A",.,"A",.,"A",28,"D",.,"A",.,"A",.,"A",.,"A",.,"A",.,"A",258,"D",.,"A",.,"A"
"20101",2032394,38,0,"1",.,"A",.,"A",.,"A",.,"A",.,"A",.,"A",.,"A",.,"A",.,"A",.,"A",.,"A",.,"A",.,"A",.,"A",.,"A"
"20101",2032414,44,0,"1",.,"A",.,"A",.,"A",.,"A",.,"A",.,"A",936,"D",.,"A",.,"A",.,"A",.,"A",.,"A",.,"A",.,"A",.,"A"
"20101",2032434,41,0,"1",.,"A",.,"A",.,"A",.,"A",.,"A",.,"A",.,"A",.,"A",.,"A",.,"A",.,"A",.,"A",.,"A",.,"A",.,"A"
"20101",2032445,35,0,"1",.,"A",.,"A",.,"A",.,"A",.,"A",.,"A",.,"A",.,"A",.,"A",.,"A",.,"A",.,"A",.,"A",.,"A",.,"A"
"20101",2032494,57,0,"1",.,"A",.,"A",.,"A",.,"A",30,"D",.,"A",195,"D",.,"A",.,"A",.,"A",.,"A",.,"A",110,"D",.,"A",.,"A"
"20101",2032504,70,0,"1",.,"A",.,"A",.,"A",.,"A",.,"A",.,"A",.,"A",.,"A",.,"A",.,"A",.,"A",.,"A",60,"D",.,"A",.,"A"
"20101",2032514,72,0,"1",.,"A",.,"A",.,"A",.,"A",.,"A",.,"A",.,"A",.,"A",.,"A",.,"A",.,"A",.,"A",.,"A",.,"A",.,"A"
"20101",2032534,88,0,"1",.,"A",.,"A",.,"A",.,"A",.,"A",50,"D",.,"A",.,"A",.,"A",.,"A",.,"A",.,"A",400,"D",.,"A",.,"A"
"20101",2032554,87,0,"1",.,"A",.,"A",.,"A",.,"A",.,"A",18,"D",.,"A",.,"A",.,"A",.,"A",.,"A",.,"A",300,"D",.,"A",.,"A"
"20101",2032564,34,0,"1",.,"A",.,"A",.,"A",.,"A",.,"A",.,"A",.,"A",.,"A",.,"A",.,"A",.,"A",.,"A",.,"A",.,"A",.,"A"
"20101",2032574,53,0,"1",.,"A",.,"A",.,"A",.,"A",.,"A",.,"A",.,"A",.,"A",.,"A",.,"A",.,"A",.,"A",.,"A",.,"A",.,"A"
"20101",2032584,34,0,"1",.,"A",.,"A",.,"A",.,"A",40,"F",.,"A",.,"A",.,"A",.,"A",0,"D",0,"D",54,"D",.,"A",0,"D",.,"A"
"20101",2032595,53,0,"1",.,"A",.,"A",.,"A",.,"A",.,"A",.,"A",.,"A",.,"A",.,"A",.,"A",.,"A",.,"A",.,"A",.,"A",.,"A"
"20101",2032604,51,0,"1",.,"A",.,"A",.,"A",.,"A",.,"A",.,"A",.,"A",.,"A",45,"D",.,"A",.,"A",.,"A",.,"A",.,"A",.,"A"
"20101",2032614,57,0,"1",.,"A",.,"A",2,"F",.,"A",.,"A",18,"F",.,"A",.,"A",.,"A",.,"A",.,"A",.,"A",160,"F",.,"A",.,"A"
"20101",2032624,55,0,"1",.,"A",.,"A",.,"A",.,"A",.,"A",.,"A",.,"A",.,"A",.,"A",.,"A",.,"A",.,"A",300,"D",.,"A",.,"A"
"20101",2032654,27,0,"1",.,"A",.,"A",.,"A",.,"A",.,"A",.,"A",.,"A",.,"A",.,"A",.,"A",.,"A",.,"A",55,"D",.,"A",.,"A"
"20101",2032664,50,0,"1",.,"A",.,"A",.,"A",.,"A",.,"A",20,"D",.,"A",.,"A",.,"A",.,"A",.,"A",.,"A",12,"D",.,"A",.,"A"
"20101",2032684,33,0,"1",.,"A",.,"A",.,"A",.,"A",.,"A",.,"A",.,"A",.,"A",.,"A",.,"A",.,"A",.,"A",.,"A",.,"A",.,"A"
"20101",2032704,60,0,"1",.,"A",.,"A",.,"A",.,"A",.,"A",105,"D",.,"A",.,"A",.,"A",.,"A",.,"A",.,"A",250,"D",.,"A",.,"A"
"20101",2032714,60,0,"1",.,"A",.,"A",.,"A",.,"A",.,"A",.,"A",.,"A",.,"A",.,"A",.,"A",.,"A",.,"A",150,"D",.,"A",.,"A"
"20101",2032724,49,0,"1",.,"A",.,"A",.,"A",.,"A",.,"A",.,"A",130,"D",.,"A",.,"A",.,"A",.,"A",.,"A",20,"D",.,"A",.,"A"
"20101",2032734,77,0,"1",.,"A",.,"A",.,"A",.,"A",.,"A",.,"A",.,"A",.,"A",.,"A",.,"A",.,"A",.,"A",.,"A",.,"A",.,"A"
"20101",2032744,56,0,"1",5,"D",.,"A",.,"A",.,"A",35,"D",40,"D",.,"A",.,"A",.,"A",.,"A",.,"A",.,"A",120,"D",.,"A",.,"A"
"20101",2032754,36,0,"1",.,"A",.,"A",.,"A",.,"A",100,"D",.,"A",.,"A",.,"A",.,"A",.,"A",.,"A",.,"A",50,"D",.,"A",.,"A"
"20101",2032764,47,0,"1",.,"A",.,"A",.,"A",.,"A",.,"A",.,"A",.,"A",.,"A",.,"A",.,"A",.,"A",.,"A",.,"A",.,"A",.,"A"
"20101",2032794,85,0,"1",.,"A",.,"A",.,"A",.,"A",.,"A",.,"A",.,"A",.,"A",.,"A",.,"A",.,"A",.,"A",20,"F",.,"A",.,"A"
"20101",2032804,43,0,"1",.,"A",.,"A",.,"A",.,"A",.,"A",.,"A",.,"A",.,"A",.,"A",.,"A",.,"A",.,"A",.,"A",.,"A",.,"A"
"20101",2032834,64,0,"1",.,"A",.,"A",.,"A",.,"A",.,"A",.,"A",.,"A",.,"A",.,"A",.,"A",.,"A",.,"A",348,"D",.,"A",.,"A"
"20101",2032844,78,0,"1",20,"D",.,"A",.,"A",.,"A",0,"D",.,"A",.,"A",.,"A",24,"D",.,"A",.,"A",.,"A",20,"D",.,"A",.,"A"
"20101",2032854,43,0,"1",.,"A",.,"A",.,"A",.,"A",.,"A",.,"A",390,"D",.,"A",.,"A",.,"A",.,"A",.,"A",.,"A",.,"A",.,"A"
"20101",2032864,57,0,"1",.,"A",.,"A",.,"A",.,"A",.,"A",200,"D",.,"A",.,"A",.,"A",.,"A",.,"A",.,"A",400,"D",.,"A",.,"A"
"20101",2032875,28,0,"1",.,"A",.,"A",.,"A",.,"A",.,"A",.,"A",.,"A",.,"A",.,"A",.,"A",.,"A",.,"A",.,"A",.,"A",.,"A"
"20101",2032894,59,0,"1",.,"A",.,"A",.,"A",.,"A",120,"D",.,"A",325,"D",.,"A",.,"A",.,"A",.,"A",.,"A",20,"D",.,"A",.,"A"
"20101",2032904,53,0,"1",.,"A",.,"A",.,"A",.,"A",.,"A",15,"D",.,"A",.,"A",.,"A",.,"A",.,"A",.,"A",.,"A",.,"A",.,"A"
"20101",2032924,45,0,"1",.,"A",.,"A",.,"A",.,"A",.,"A",.,"A",.,"A",.,"A",.,"A",.,"A",.,"A",.,"A",.,"A",.,"A",.,"A"
"20101",2032944,86,0,"1",.,"A",.,"A",.,"A",.,"A",.,"A",.,"A",598,"D",.,"A",.,"A",.,"A",.,"A",.,"A",197,"D",.,"A",.,"A"
"20101",2032954,31,0,"1",.,"A",.,"A",.,"A",.,"A",.,"A",.,"A",.,"A",.,"A",.,"A",.,"A",.,"A",.,"A",.,"A",.,"A",.,"A"
"20101",2032964,40,0,"1",.,"A",.,"A",.,"A",.,"A",.,"A",.,"A",.,"A",.,"A",.,"A",.,"A",.,"A",.,"A",.,"A",.,"A",.,"A"
"20101",2032984,70,0,"1",.,"A",.,"A",.,"A",.,"A",.,"A",20,"D",650,"D",.,"A",.,"A",.,"A",.,"A",.,"A",200,"D",.,"A",.,"A"
"20101",2032994,47,0,"1",.,"A",.,"A",.,"A",.,"A",.,"A",.,"A",.,"A",.,"A",.,"A",.,"A",.,"A",.,"A",15,"D",.,"A",.,"A"
"20101",2033014,25,0,"1",.,"A",.,"A",.,"A",.,"A",.,"A",.,"A",.,"A",.,"A",.,"A",.,"A",.,"A",.,"A",.,"A",.,"A",.,"A"
"20101",2033024,34,0,"1",.,"A",.,"A",25,"D",.,"A",48,"D",.,"A",.,"A",.,"A",.,"A",.,"A",.,"A",.,"A",30,"D",.,"A",.,"A"
"20101",2033034,32,0,"1",0,"F",.,"A",.,"A",.,"A",150,"F",.,"A",.,"A",.,"A",.,"A",.,"A",.,"A",.,"A",180,"D",.,"A",.,"A"
"20101",2033064,27,0,"1",.,"A",.,"A",.,"A",.,"A",.,"A",.,"A",.,"A",.,"A",.,"A",.,"A",.,"A",.,"A",.,"A",.,"A",.,"A"
"20101",2033094,47,0,"1",.,"A",.,"A",.,"A",.,"A",.,"A",.,"A",.,"A",.,"A",.,"A",.,"A",.,"A",.,"A",.,"A",.,"A",.,"A"
"20101",2033114,56,0,"1",.,"A",.,"A",21,"D",.,"A",.,"A",.,"A",.,"A",.,"A",.,"A",.,"A",.,"A",.,"A",70,"D",.,"A",.,"A"
"20101",2033134,32,0,"1",.,"A",.,"A",.,"A",.,"A",.,"A",.,"A",.,"A",.,"A",.,"A",0,"D",0,"D",9,"D",20,"D",0,"D",.,"A"
"20101",2033144,46,0,"1",.,"A",.,"A",.,"A",50,"D",30,"D",.,"A",.,"A",.,"A",.,"A",60,"D",0,"D",60,"D",50,"D",20,"D",.,"A"
"20101",2033164,57,0,"1",.,"A",.,"A",.,"A",.,"A",.,"A",.,"A",.,"A",.,"A",.,"A",.,"A",.,"A",.,"A",70,"D",.,"A",.,"A"
"20101",2033194,78,0,"1",.,"A",.,"A",.,"A",.,"A",.,"A",.,"A",.,"A",.,"A",63,"D",.,"A",.,"A",.,"A",75,"D",.,"A",.,"A"
"20101",2033204,55,0,"1",.,"A",.,"A",.,"A",.,"A",.,"A",22,"D",.,"A",.,"A",.,"A",.,"A",.,"A",.,"A",15,"D",.,"A",.,"A"
"20101",2033214,53,0,"1",.,"A",.,"A",.,"A",.,"A",.,"A",.,"A",455,"D",.,"A",.,"A",.,"A",.,"A",.,"A",12,"D",.,"A",.,"A"
"20101",2033234,34,0,"1",.,"A",.,"A",.,"A",.,"A",.,"A",.,"A",.,"A",.,"A",.,"A",.,"A",.,"A",.,"A",.,"A",.,"A",.,"A"
"20101",2033244,88,0,"1",.,"A",.,"A",.,"A",.,"A",.,"A",.,"A",.,"A",.,"A",.,"A",.,"A",.,"A",.,"A",120,"D",.,"A",.,"A"
"20101",2033264,42,0,"1",.,"A",.,"A",.,"A",.,"A",.,"A",.,"A",.,"A",.,"A",.,"A",.,"A",.,"A",.,"A",150,"D",.,"A",.,"A"
"20101",2033304,71,0,"1",.,"A",.,"A",.,"A",.,"A",.,"A",9,"D",.,"A",.,"A",.,"A",.,"A",.,"A",.,"A",.,"A",.,"A",.,"A"
"20101",2033315,35,0,"1",.,"A",.,"A",.,"A",.,"A",.,"A",.,"A",.,"A",.,"A",.,"A",.,"A",.,"A",.,"A",.,"A",.,"A",.,"A"
"20101",2033334,54,0,"1",.,"A",.,"A",.,"A",.,"A",.,"A",.,"A",.,"A",.,"A",.,"A",.,"A",.,"A",.,"A",100,"D",.,"A",.,"A"
"20101",2033354,95,0,"1",.,"A",.,"A",.,"A",.,"A",.,"A",3,"D",.,"A",.,"A",.,"A",.,"A",.,"A",.,"A",68,"D",.,"A",.,"A"
"20101",2033365,35,0,"1",.,"A",.,"A",.,"A",.,"A",.,"A",.,"A",.,"A",520,"D",90,"D",0,"D",0,"D",0,"D",.,"A",0,"D",.,"A"
"20101",2033374,87,0,"1",.,"A",.,"A",.,"A",.,"A",.,"A",32,"D",.,"A",.,"A",36,"D",.,"A",.,"A",.,"A",195,"D",.,"A",.,"A"
"20101",2033384,34,0,"1",.,"A",.,"A",.,"A",.,"A",.,"A",.,"A",.,"A",.,"A",.,"A",.,"A",.,"A",.,"A",12,"D",.,"A",.,"A"
"20101",2033404,62,0,"1",.,"A",.,"A",.,"A",.,"A",.,"A",.,"A",.,"A",.,"A",.,"A",.,"A",.,"A",.,"A",50,"D",.,"A",.,"A"
"20101",2033414,59,0,"1",.,"A",.,"A",.,"A",.,"A",.,"A",30,"D",.,"A",.,"A",.,"A",.,"A",.,"A",.,"A",375,"D",.,"A",.,"A"
"20101",2033445,52,0,"1",.,"A",.,"A",.,"A",.,"A",.,"A",.,"A",.,"A",.,"A",.,"A",.,"A",.,"A",.,"A",30,"D",.,"A",.,"A"
"20101",2033454,44,0,"1",.,"A",.,"A",.,"A",100,"D",.,"A",.,"A",.,"A",.,"A",.,"A",.,"A",.,"A",.,"A",.,"A",.,"A",.,"A"
"20101",2033465,29,0,"1",.,"A",.,"A",.,"A",.,"A",.,"A",.,"A",.,"A",.,"A",.,"A",.,"A",.,"A",.,"A",.,"A",.,"A",.,"A"
"20101",2033484,55,0,"1",.,"A",.,"A",.,"A",.,"A",.,"A",.,"A",156,"D",.,"A",.,"A",.,"A",.,"A",.,"A",150,"D",.,"A",.,"A"
"20101",2033495,23,0,"1",.,"A",.,"A",.,"A",.,"A",.,"A",.,"A",.,"A",.,"A",.,"A",.,"A",.,"A",.,"A",.,"A",.,"A",.,"A"
"20101",2033504,43,0,"1",.,"A",.,"A",.,"A",.,"A",.,"A",.,"A",.,"A",.,"A",.,"A",.,"A",.,"A",.,"A",.,"A",.,"A",.,"A"
"20101",2033514,72,0,"1",.,"A",.,"A",.,"A",.,"A",.,"A",.,"A",.,"A",.,"A",.,"A",.,"A",.,"A",.,"A",.,"A",.,"A",.,"A"
"20101",2033524,32,0,"1",.,"A",.,"A",.,"A",.,"A",.,"A",.,"A",.,"A",.,"A",.,"A",.,"A",.,"A",.,"A",40,"D",.,"A",.,"A"
"20101",2033544,34,0,"1",.,"A",.,"A",.,"A",.,"A",45,"F",.,"A",.,"A",.,"A",.,"A",.,"A",.,"A",.,"A",.,"A",.,"A",.,"A"
"20101",2033554,54,0,"1",.,"A",.,"A",.,"A",.,"A",84,"D",90,"D",.,"A",.,"A",.,"A",.,"A",.,"A",.,"A",.,"A",.,"A",.,"A"
"20101",2033574,54,0,"1",.,"A",.,"A",.,"A",.,"A",.,"A",.,"A",780,"D",65,"D",.,"A",.,"A",.,"A",.,"A",90,"D",.,"A",.,"A"
"20101",2033605,43,0,"1",.,"A",.,"A",.,"A",.,"A",120,"D",.,"A",.,"A",.,"A",.,"A",.,"A",.,"A",.,"A",80,"D",.,"A",.,"A"
"20101",2033614,37,0,"1",.,"A",.,"A",.,"A",.,"A",.,"A",.,"A",.,"A",.,"A",.,"A",.,"A",.,"A",.,"A",.,"A",.,"A",.,"A"
"20101",2033624,60,0,"1",.,"A",.,"A",.,"A",20,"D",.,"A",300,"D",.,"A",.,"A",.,"A",180,"D",0,"D",0,"D",300,"D",60,"D",.,"A"
"20101",2033634,45,0,"1",.,"A",.,"A",.,"A",.,"A",.,"A",360,"D",.,"A",.,"A",.,"A",.,"A",.,"A",.,"A",150,"D",.,"A",.,"A"
"20101",2033644,39,0,"1",.,"A",.,"A",.,"A",.,"A",160,"D",.,"A",.,"A",.,"A",.,"A",.,"A",.,"A",.,"A",.,"A",.,"A",.,"A"
"20101",2033654,46,0,"1",.,"A",.,"A",.,"A",.,"A",.,"A",30,"D",.,"A",.,"A",.,"A",.,"A",.,"A",.,"A",30,"D",.,"A",.,"A"
"20101",2033674,77,0,"1",.,"A",.,"A",.,"A",.,"A",.,"A",.,"A",.,"A",.,"A",.,"A",.,"A",.,"A",.,"A",.,"A",.,"A",.,"A"
"20101",2033685,32,0,"1",.,"A",.,"A",.,"A",.,"A",.,"A",75,"D",.,"A",104,"D",.,"A",.,"A",.,"A",.,"A",.,"A",.,"A",.,"A"
"20101",2033694,76,0,"1",.,"A",.,"A",.,"A",.,"A",.,"A",.,"A",1170,"D",.,"A",.,"A",.,"A",.,"A",.,"A",.,"A",.,"A",.,"A"
"20101",2033704,43,0,"1",.,"A",.,"A",.,"A",.,"A",.,"A",.,"A",.,"A",.,"A",.,"A",.,"A",.,"A",.,"A",140,"D",.,"A",.,"A"
"20101",2033724,68,0,"1",.,"A",.,"A",50,"D",.,"A",.,"A",90,"D",.,"A",.,"A",.,"A",.,"A",.,"A",.,"A",400,"D",.,"A",.,"A"
"20101",2033734,53,0,"1",.,"A",.,"A",.,"A",.,"A",.,"A",.,"A",.,"A",.,"A",.,"A",.,"A",.,"A",.,"A",50,"D",.,"A",.,"A"
"20101",2033744,56,0,"1",.,"A",.,"A",.,"A",100,"D",.,"A",480,"D",.,"A",.,"A",.,"A",.,"A",.,"A",.,"A",200,"D",.,"A",.,"A"
"20101",2033754,36,0,"1",.,"A",.,"A",.,"A",.,"A",90,"D",.,"A",.,"A",.,"A",.,"A",.,"A",.,"A",.,"A",40,"D",.,"A",.,"A"
"20101",2033764,59,0,"1",.,"A",.,"A",.,"A",.,"A",.,"A",.,"A",52,"D",.,"A",.,"A",.,"A",.,"A",.,"A",35,"D",.,"A",.,"A"
"20101",2033784,44,0,"1",.,"A",.,"A",.,"A",.,"A",.,"A",.,"A",.,"A",.,"A",.,"A",.,"A",.,"A",.,"A",12,"D",.,"A",.,"A"
"20101",2033794,34,0,"1",.,"A",.,"A",.,"A",.,"A",.,"A",.,"A",.,"A",.,"A",.,"A",.,"A",.,"A",.,"A",.,"A",.,"A",.,"A"
"20101",2033805,43,0,"1",.,"A",.,"A",.,"A",.,"A",.,"A",.,"A",.,"A",.,"A",.,"A",.,"A",.,"A",.,"A",20,"D",.,"A",.,"A"
"20101",2033814,42,0,"1",30,"D",.,"A",.,"A",.,"A",45,"D",.,"A",.,"A",.,"A",.,"A",.,"A",.,"A",.,"A",60,"D",.,"A",.,"A"
"20101",2033844,45,0,"1",.,"A",.,"A",.,"A",.,"A",.,"A",.,"A",.,"A",.,"A",.,"A",.,"A",.,"A",.,"A",.,"A",.,"A",.,"A"
"20101",2033855,33,0,"1",50,"D",.,"A",.,"A",.,"A",100,"D",.,"A",.,"A",.,"A",.,"A",.,"A",.,"A",.,"A",.,"A",.,"A",.,"A"
"20101",2033864,57,0,"1",.,"A",.,"A",.,"A",.,"A",.,"A",.,"A",780,"D",.,"A",.,"A",.,"A",.,"A",.,"A",50,"D",.,"A",.,"A"
"20101",2033904,51,0,"1",.,"A",.,"A",.,"A",.,"A",.,"A",.,"A",.,"A",.,"A",.,"A",.,"A",.,"A",.,"A",.,"A",.,"A",.,"A"
"20101",2033924,48,0,"1",.,"A",.,"A",.,"A",.,"A",.,"A",.,"A",.,"A",.,"A",.,"A",.,"A",.,"A",.,"A",75,"D",.,"A",.,"A"
"20101",2033944,46,0,"1",.,"A",.,"A",.,"A",.,"A",.,"A",13,"D",325,"D",.,"A",.,"A",.,"A",.,"A",.,"A",45,"D",.,"A",.,"A"
"20101",2033954,60,0,"1",.,"A",.,"A",.,"A",.,"A",.,"A",.,"A",.,"A",.,"A",.,"A",.,"A",.,"A",.,"A",.,"A",.,"A",.,"A"
"20101",2033974,76,0,"1",.,"A",.,"A",.,"A",.,"A",.,"A",.,"A",.,"A",.,"A",72,"D",.,"A",.,"A",.,"A",10,"D",.,"A",.,"A"
"20101",2033984,64,0,"1",.,"A",.,"A",.,"A",.,"A",.,"A",.,"A",.,"A",.,"A",.,"A",.,"A",.,"A",.,"A",.,"A",.,"A",.,"A"
"20101",2034014,42,0,"1",.,"A",.,"A",.,"A",.,"A",.,"A",.,"A",.,"A",.,"A",.,"A",.,"A",.,"A",.,"A",.,"A",.,"A",.,"A"
"20101",2034024,46,0,"1",.,"A",.,"A",.,"A",.,"A",.,"A",.,"A",.,"A",.,"A",.,"A",.,"A",.,"A",.,"A",.,"A",.,"A",.,"A"
"20101",2034034,80,0,"1",12,"D",.,"A",.,"A",.,"A",0,"D",30,"D",.,"A",.,"A",.,"A",0,"D",0,"D",117,"D",180,"D",0,"D",.,"A"
"20101",2034054,87,0,"1",.,"A",.,"A",25,"D",.,"A",.,"A",.,"A",.,"A",.,"A",990,"D",.,"A",.,"A",.,"A",45,"D",.,"A",.,"A"
"20101",2034084,47,0,"1",.,"A",.,"A",.,"A",.,"A",.,"A",.,"A",520,"D",.,"A",.,"A",.,"A",.,"A",.,"A",125,"D",.,"A",.,"A"
"20101",2034094,74,0,"1",.,"A",.,"A",.,"A",.,"A",17,"D",25,"D",.,"A",.,"A",.,"A",.,"A",.,"A",.,"A",.,"A",.,"A",.,"A"
"20101",2034124,37,0,"1",.,"A",.,"A",.,"A",.,"A",.,"A",.,"A",.,"A",.,"A",.,"A",.,"A",.,"A",.,"A",44,"D",.,"A",.,"A"
"20101",2034134,59,0,"1",.,"A",.,"A",.,"A",.,"A",.,"A",.,"A",.,"A",.,"A",.,"A",.,"A",.,"A",.,"A",30,"D",.,"A",.,"A"
"20101",2034144,38,0,"1",.,"A",.,"A",.,"A",.,"A",.,"A",.,"A",.,"A",91,"D",.,"A",.,"A",.,"A",.,"A",.,"A",.,"A",.,"A"
"20101",2034155,58,0,"1",.,"A",.,"A",.,"A",.,"A",.,"A",30,"D",.,"A",.,"A",.,"A",.,"A",.,"A",.,"A",60,"D",.,"A",.,"A"
"20101",2034164,54,0,"1",.,"A",.,"A",.,"A",.,"A",.,"A",.,"A",195,"D",.,"A",.,"A",.,"A",.,"A",.,"A",50,"D",.,"A",.,"A"
"20101",2034174,31,0,"1",.,"A",.,"A",.,"A",.,"A",.,"A",.,"A",455,"D",.,"A",.,"A",.,"A",.,"A",.,"A",.,"A",.,"A",.,"A"
"20101",2034184,38,0,"1",.,"A",.,"A",.,"A",.,"A",.,"A",.,"A",.,"A",.,"A",.,"A",.,"A",.,"A",.,"A",200,"D",.,"A",.,"A"
"20101",2034194,45,0,"1",.,"A",.,"A",.,"A",.,"A",.,"A",.,"A",.,"A",.,"A",.,"A",.,"A",.,"A",.,"A",50,"D",.,"A",.,"A"
"20101",2034224,37,0,"1",.,"A",.,"A",.,"A",.,"A",.,"A",.,"A",.,"A",.,"A",.,"A",.,"A",.,"A",.,"A",.,"A",.,"A",.,"A"
"20101",2034234,42,0,"1",.,"A",.,"A",.,"A",.,"A",.,"A",.,"A",273,"D",.,"A",.,"A",.,"A",.,"A",.,"A",.,"A",.,"A",.,"A"
"20101",2034244,38,0,"1",.,"A",.,"A",.,"A",.,"A",.,"A",.,"A",546,"D",.,"A",.,"A",.,"A",.,"A",.,"A",33,"D",.,"A",.,"A"
"20101",2034254,49,0,"1",.,"A",.,"A",.,"A",.,"A",.,"A",.,"A",.,"A",.,"A",.,"A",.,"A",.,"A",.,"A",20,"D",.,"A",.,"A"
"20101",2034264,74,0,"1",.,"A",.,"A",.,"A",.,"A",.,"A",90,"D",.,"A",.,"A",.,"A",.,"A",.,"A",.,"A",228,"D",.,"A",.,"A"
"20101",2034274,27,0,"1",.,"A",.,"A",.,"A",.,"A",.,"A",.,"A",.,"A",.,"A",.,"A",.,"A",.,"A",.,"A",.,"A",.,"A",.,"A"
"20101",2034324,57,0,"1",.,"A",.,"A",.,"A",.,"A",.,"A",.,"A",.,"A",.,"A",.,"A",.,"A",.,"A",.,"A",210,"D",.,"A",.,"A"
"20101",2034344,48,0,"1",.,"A",.,"A",.,"A",.,"A",.,"A",.,"A",.,"A",.,"A",.,"A",.,"A",.,"A",.,"A",144,"D",.,"A",.,"A"
"20101",2034354,26,0,"1",.,"A",.,"A",.,"A",.,"A",.,"A",.,"A",.,"A",.,"A",.,"A",600,"D",0,"D",0,"D",.,"A",200,"D",.,"A"
"20101",2034364,52,0,"1",.,"A",.,"A",.,"A",.,"A",.,"A",.,"A",.,"A",.,"A",.,"A",.,"A",.,"A",.,"A",.,"A",.,"A",.,"A"
"20101",2034374,60,0,"1",.,"A",.,"A",.,"A",.,"A",.,"A",50,"D",.,"A",.,"A",150,"D",.,"A",.,"A",.,"A",.,"A",.,"A",.,"A"
"20101",2034384,41,0,"1",.,"A",.,"A",.,"A",.,"A",.,"A",75,"D",.,"A",.,"A",.,"A",.,"A",.,"A",.,"A",40,"D",.,"A",.,"A"
"20101",2034394,56,0,"1",.,"A",.,"A",.,"A",.,"A",.,"A",190,"D",.,"A",.,"A",.,"A",.,"A",.,"A",.,"A",190,"D",.,"A",.,"A"
"20101",2034404,66,0,"1",.,"A",.,"A",.,"A",.,"A",.,"A",50,"D",.,"A",.,"A",.,"A",.,"A",.,"A",.,"A",50,"D",.,"A",.,"A"
"20101",2034415,35,0,"1",.,"A",.,"A",.,"A",.,"A",.,"A",.,"A",.,"A",.,"A",.,"A",.,"A",.,"A",.,"A",.,"A",.,"A",.,"A"
"20101",2034424,39,0,"1",.,"A",.,"A",.,"A",.,"A",.,"A",.,"A",.,"A",.,"A",.,"A",.,"A",.,"A",.,"A",.,"A",.,"A",.,"A"
"20101",2034434,59,0,"1",.,"A",.,"A",.,"A",.,"A",.,"A",.,"A",.,"A",.,"A",.,"A",.,"A",.,"A",.,"A",80,"D",.,"A",.,"A"
"20101",2034444,43,0,"1",30,"D",.,"A",.,"A",.,"A",330,"D",.,"A",.,"A",.,"A",.,"A",204,"D",0,"D",0,"D",45,"D",68,"D",.,"A"
"20101",2034464,57,0,"1",.,"A",.,"A",.,"A",.,"A",.,"A",.,"A",.,"A",.,"A",.,"A",.,"A",.,"A",.,"A",35,"D",.,"A",.,"A"
"20101",2034474,80,0,"1",.,"A",.,"A",.,"A",.,"A",.,"A",.,"A",.,"A",.,"A",.,"A",.,"A",.,"A",.,"A",100,"D",.,"A",.,"A"
"20101",2034484,41,0,"1",.,"A",.,"A",.,"A",.,"A",.,"A",.,"A",390,"D",.,"A",.,"A",.,"A",.,"A",.,"A",50,"D",.,"A",.,"A"
"20101",2034504,50,0,"1",.,"A",.,"A",.,"A",.,"A",.,"A",.,"A",.,"A",.,"A",.,"A",.,"A",.,"A",.,"A",.,"A",.,"A",.,"A"
"20101",2034514,54,0,"1",.,"A",.,"A",.,"A",.,"A",.,"A",.,"A",78,"F",.,"A",.,"A",.,"A",.,"A",.,"A",300,"F",.,"A",.,"A"
"20101",2034544,49,0,"1",.,"A",.,"A",.,"A",.,"A",.,"A",.,"A",.,"A",.,"A",.,"A",.,"A",.,"A",.,"A",40,"D",.,"A",.,"A"
"20101",2034564,64,0,"1",.,"A",.,"A",.,"A",.,"A",.,"A",.,"A",.,"A",.,"A",.,"A",.,"A",.,"A",.,"A",50,"D",.,"A",.,"A"
"20101",2034584,36,0,"1",.,"A",.,"A",.,"A",.,"A",.,"A",.,"A",.,"A",.,"A",.,"A",.,"A",.,"A",.,"A",.,"A",.,"A",.,"A"
"20101",2034594,36,0,"1",.,"A",.,"A",.,"A",.,"A",.,"A",.,"A",.,"A",.,"A",.,"A",.,"A",.,"A",.,"A",90,"D",.,"A",.,"A"
"20101",2034605,52,0,"1",.,"A",.,"A",.,"A",.,"A",.,"A",.,"A",.,"A",.,"A",.,"A",.,"A",.,"A",.,"A",200,"D",.,"A",.,"A"
"20101",2034624,44,0,"1",.,"A",.,"A",.,"A",.,"A",.,"A",.,"A",455,"D",.,"A",.,"A",.,"A",.,"A",.,"A",20,"D",.,"A",.,"A"
"20101",2034654,42,0,"1",.,"A",.,"A",.,"A",.,"A",.,"A",100,"D",.,"A",.,"A",.,"A",.,"A",.,"A",.,"A",100,"D",.,"A",.,"A"
"20101",2034674,54,0,"1",.,"A",.,"A",.,"A",.,"A",.,"A",.,"A",520,"D",.,"A",.,"A",.,"A",.,"A",.,"A",60,"D",.,"A",.,"A"
"20101",2034704,49,0,"1",.,"A",.,"A",.,"A",.,"A",.,"A",50,"D",1040,"D",.,"A",.,"A",.,"A",.,"A",.,"A",110,"D",.,"A",.,"A"
"20101",2034714,39,0,"1",.,"A",.,"A",.,"A",.,"A",.,"A",.,"A",.,"A",.,"A",.,"A",.,"A",.,"A",.,"A",.,"A",.,"A",.,"A"
"20101",2034734,54,0,"1",.,"A",.,"A",.,"A",.,"A",.,"A",.,"A",.,"A",.,"A",.,"A",.,"A",.,"A",.,"A",.,"A",.,"A",.,"A"
"20101",2034744,44,0,"1",25,"D",.,"A",.,"A",.,"A",65,"D",80,"D",.,"A",.,"A",.,"A",750,"D",0,"D",0,"D",150,"D",250,"D",.,"A"
"20101",2034754,67,0,"1",.,"A",.,"A",.,"A",.,"A",.,"A",40,"D",.,"A",.,"A",.,"A",.,"A",.,"A",.,"A",40,"D",.,"A",.,"A"
"20101",2034764,68,0,"1",.,"A",.,"A",.,"A",.,"A",.,"A",25,"D",.,"A",.,"A",.,"A",.,"A",.,"A",.,"A",180,"D",.,"A",.,"A"
"20101",2034785,34,0,"1",0,"F",.,"A",.,"A",.,"A",150,"F",.,"A",.,"A",.,"A",.,"A",.,"A",.,"A",.,"A",.,"A",.,"A",.,"A"
"20101",2034794,42,0,"1",.,"A",.,"A",.,"A",.,"A",.,"A",.,"A",.,"A",.,"A",.,"A",.,"A",.,"A",.,"A",600,"D",.,"A",.,"A"
"20101",2034804,88,0,"1",.,"A",.,"A",.,"A",.,"A",.,"A",.,"A",.,"A",.,"A",.,"A",.,"A",.,"A",.,"A",105,"D",.,"A",.,"A"
"20101",2034814,50,0,"1",.,"A",.,"A",.,"A",.,"A",.,"A",.,"A",.,"A",.,"A",.,"A",.,"A",.,"A",.,"A",34,"D",.,"A",.,"A"
"20101",2034825,106,0,"1",.,"A",.,"A",.,"A",.,"A",.,"A",150,"D",130,"D",234,"D",.,"A",.,"A",.,"A",.,"A",136,"D",.,"A",.,"A"
"20101",2034835,85,0,"1",.,"A",.,"A",.,"A",.,"A",15,"D",38,"D",.,"A",.,"A",.,"A",.,"A",.,"A",.,"A",35,"D",.,"A",.,"A"
"20101",2034844,24,0,"1",.,"A",.,"A",.,"A",.,"A",.,"A",.,"A",.,"A",.,"A",.,"A",0,"D",0,"D",63,"D",.,"A",0,"D",.,"A"
"20101",2034854,56,0,"1",.,"A",.,"A",.,"A",.,"A",.,"A",45,"D",.,"A",.,"A",.,"A",.,"A",.,"A",.,"A",.,"A",.,"A",.,"A"
"20101",2034864,71,0,"1",.,"A",.,"A",.,"A",.,"A",.,"A",.,"A",325,"D",.,"A",.,"A",.,"A",.,"A",.,"A",150,"D",.,"A",.,"A"
"20101",2034874,48,0,"1",.,"A",.,"A",.,"A",.,"A",.,"A",.,"A",.,"A",.,"A",.,"A",.,"A",.,"A",.,"A",.,"A",.,"A",.,"A"
"20101",2034894,42,0,"1",.,"A",.,"A",.,"A",.,"A",.,"A",.,"A",.,"A",.,"A",.,"A",.,"A",.,"A",.,"A",67,"D",.,"A",.,"A"
"20101",2034904,42,0,"1",.,"A",.,"A",.,"A",.,"A",.,"A",.,"A",.,"A",390,"D",.,"A",.,"A",.,"A",.,"A",30,"D",.,"A",.,"A"
"20101",2034915,50,0,"1",.,"A",.,"A",.,"A",.,"A",.,"A",180,"D",.,"A",.,"A",.,"A",.,"A",.,"A",.,"A",180,"D",.,"A",.,"A"
"20101",2034924,51,0,"1",.,"A",.,"A",.,"A",.,"A",.,"A",.,"A",.,"A",.,"A",30,"D",.,"A",.,"A",.,"A",.,"A",.,"A",.,"A"
"20101",2034934,34,0,"1",.,"A",.,"A",.,"A",.,"A",60,"D",.,"A",130,"D",.,"A",.,"A",.,"A",.,"A",.,"A",.,"A",.,"A",.,"A"
"20101",2034944,37,0,"1",.,"A",.,"A",.,"A",.,"A",.,"A",.,"A",.,"A",234,"D",.,"A",.,"A",.,"A",.,"A",.,"A",.,"A",.,"A"
"20101",2034974,110,0,"1",.,"A",.,"A",.,"A",.,"A",.,"A",.,"A",.,"A",13,"D",3,"D",.,"A",.,"A",.,"A",60,"D",.,"A",.,"A"
"20101",2034994,38,0,"1",.,"A",.,"A",.,"A",.,"A",.,"A",.,"A",.,"A",.,"A",.,"A",.,"A",.,"A",.,"A",.,"A",.,"A",.,"A"
"20101",2035004,46,0,"1",.,"A",.,"A",.,"A",.,"A",.,"A",.,"A",520,"D",.,"A",30,"D",.,"A",.,"A",.,"A",80,"D",.,"A",.,"A"
"20101",2035024,30,0,"1",.,"A",.,"A",.,"A",.,"A",.,"A",.,"A",.,"A",.,"A",.,"A",.,"A",.,"A",.,"A",20,"D",.,"A",.,"A"
"20101",2035034,28,0,"1",.,"A",.,"A",.,"A",.,"A",.,"A",.,"A",130,"D",.,"A",.,"A",.,"A",.,"A",.,"A",30,"D",.,"A",.,"A"
"20101",2035044,55,0,"1",.,"A",.,"A",.,"A",.,"A",.,"A",.,"A",.,"A",.,"A",.,"A",.,"A",.,"A",.,"A",.,"A",.,"A",.,"A"
"20101",2035054,38,0,"1",.,"A",.,"A",.,"A",.,"A",.,"A",.,"A",325,"D",.,"A",.,"A",.,"A",.,"A",.,"A",.,"A",.,"A",.,"A"
"20101",2035065,56,0,"1",.,"A",.,"A",.,"A",.,"A",.,"A",.,"A",.,"A",.,"A",.,"A",.,"A",.,"A",.,"A",25,"D",.,"A",.,"A"
"20101",2035074,40,0,"1",.,"A",.,"A",.,"A",.,"A",.,"A",.,"A",.,"A",.,"A",.,"A",.,"A",.,"A",.,"A",.,"A",.,"A",.,"A"
"20101",2035084,43,0,"1",.,"A",.,"A",.,"A",.,"A",.,"A",120,"D",.,"A",.,"A",.,"A",.,"A",.,"A",.,"A",160,"D",.,"A",.,"A"
"20101",2035105,47,0,"1",.,"A",.,"A",.,"A",.,"A",80,"D",4,"D",78,"D",.,"A",18,"D",.,"A",.,"A",.,"A",36,"D",.,"A",.,"A"
"20101",2035114,52,0,"1",.,"A",.,"A",.,"A",.,"A",.,"A",150,"D",.,"A",.,"A",.,"A",.,"A",.,"A",.,"A",.,"A",.,"A",.,"A"
"20101",2035124,21,0,"1",.,"A",.,"A",.,"A",.,"A",.,"A",.,"A",.,"A",.,"A",.,"A",.,"A",.,"A",.,"A",.,"A",.,"A",.,"A"
"20101",2035134,36,0,"1",.,"A",.,"A",.,"A",.,"A",.,"A",.,"A",.,"A",.,"A",.,"A",.,"A",.,"A",.,"A",200,"D",.,"A",.,"A"
"20101",2035144,34,0,"1",.,"A",.,"A",.,"A",.,"A",.,"A",.,"A",.,"A",.,"A",.,"A",.,"A",.,"A",.,"A",.,"A",.,"A",.,"A"
"20101",2035154,30,0,"1",.,"A",.,"A",.,"A",.,"A",.,"A",.,"A",.,"A",.,"A",.,"A",.,"A",.,"A",.,"A",.,"A",.,"A",.,"A"
"20101",2035164,32,0,"1",.,"A",.,"A",.,"A",.,"A",.,"A",.,"A",.,"A",.,"A",.,"A",.,"A",.,"A",.,"A",.,"A",.,"A",.,"A"
"20101",2035185,58,0,"1",.,"A",.,"A",.,"A",.,"A",.,"A",.,"A",.,"A",.,"A",.,"A",.,"A",.,"A",.,"A",.,"A",.,"A",.,"A"
"20101",2035204,68,0,"1",.,"A",.,"A",.,"A",.,"A",.,"A",.,"A",.,"A",.,"A",.,"A",.,"A",.,"A",.,"A",.,"A",.,"A",.,"A"
"20101",2035224,64,0,"1",.,"A",.,"A",.,"A",.,"A",.,"A",.,"A",.,"A",.,"A",0,"D",.,"A",.,"A",.,"A",.,"A",.,"A",.,"A"
"20101",2035244,36,0,"1",.,"A",.,"A",.,"A",.,"A",.,"A",.,"A",.,"A",.,"A",.,"A",.,"A",.,"A",.,"A",130,"D",.,"A",.,"A"
"20101",2035254,72,0,"1",.,"A",.,"A",.,"A",.,"A",.,"A",.,"A",.,"A",.,"A",.,"A",.,"A",.,"A",.,"A",75,"D",.,"A",.,"A"
"20101",2035274,27,0,"1",2,"D",.,"A",.,"A",.,"A",14,"D",.,"A",520,"D",.,"A",.,"A",.,"A",.,"A",.,"A",.,"A",.,"A",.,"A"
"20101",2035284,56,0,"1",.,"A",.,"A",.,"A",.,"A",.,"A",.,"A",.,"A",.,"A",.,"A",.,"A",.,"A",.,"A",30,"D",.,"A",.,"A"
"20101",2035294,45,0,"1",.,"A",.,"A",.,"A",.,"A",.,"A",.,"A",.,"A",.,"A",.,"A",.,"A",.,"A",.,"A",142,"D",.,"A",.,"A"
"20101",2035314,26,0,"1",.,"A",.,"A",.,"A",.,"A",120,"D",.,"A",.,"A",.,"A",.,"A",15,"D",15,"D",15,"D",50,"D",5,"D",.,"A"
"20101",2035324,33,0,"1",.,"A",.,"A",.,"A",.,"A",.,"A",.,"A",.,"A",.,"A",.,"A",.,"A",.,"A",.,"A",.,"A",.,"A",.,"A"
"20101",2035344,73,0,"1",.,"A",.,"A",.,"A",.,"A",.,"A",.,"A",.,"A",.,"A",36,"D",.,"A",.,"A",.,"A",.,"A",.,"A",.,"A"
"20101",2035354,86,0,"1",.,"A",.,"A",.,"A",.,"A",.,"A",.,"A",.,"A",.,"A",15,"D",.,"A",.,"A",.,"A",75,"D",.,"A",.,"A"
"20101",2035375,34,0,"1",.,"A",.,"A",.,"A",.,"A",.,"A",.,"A",.,"A",.,"A",.,"A",.,"A",.,"A",.,"A",.,"A",.,"A",.,"A"
"20101",2035384,47,0,"1",.,"A",.,"A",.,"A",.,"A",.,"A",.,"A",.,"A",.,"A",.,"A",.,"A",.,"A",.,"A",180,"D",.,"A",.,"A"
"20101",2035394,52,0,"1",.,"A",.,"A",.,"A",.,"A",.,"A",.,"A",260,"D",.,"A",.,"A",.,"A",.,"A",.,"A",95,"D",.,"A",.,"A"
"20101",2035404,43,0,"1",.,"A",.,"A",.,"A",5,"F",.,"A",35,"D",.,"A",.,"A",45,"F",300,"D",0,"D",0,"D",250,"D",100,"D",.,"A"
"20101",2035414,75,0,"1",.,"A",.,"A",.,"A",.,"A",.,"A",.,"A",780,"D",.,"A",.,"A",.,"A",.,"A",.,"A",60,"D",.,"A",.,"A"
"20101",2035424,93,0,"1",.,"A",.,"A",.,"A",.,"A",.,"A",.,"A",260,"D",91,"D",.,"A",.,"A",.,"A",.,"A",40,"D",.,"A",.,"A"
"20101",2035434,59,0,"1",.,"A",.,"A",.,"A",.,"A",.,"A",.,"A",.,"A",.,"A",.,"A",0,"D",45,"D",0,"D",150,"D",0,"D",.,"A"
"20101",2035444,61,0,"1",.,"A",.,"A",.,"A",.,"A",.,"A",.,"A",.,"A",.,"A",.,"A",.,"A",.,"A",.,"A",150,"D",.,"A",.,"A"
"20101",2035454,42,0,"1",.,"A",.,"A",.,"A",.,"A",.,"A",.,"A",.,"A",.,"A",.,"A",240,"D",0,"D",0,"D",200,"D",80,"D",.,"A"
"20101",2035464,22,0,"1",.,"A",.,"A",.,"A",.,"A",.,"A",.,"A",.,"A",.,"A",.,"A",.,"A",.,"A",.,"A",75,"D",.,"A",.,"A"
"20101",2035475,28,0,"1",.,"A",.,"A",.,"A",.,"A",.,"A",.,"A",.,"A",.,"A",.,"A",.,"A",.,"A",.,"A",90,"D",.,"A",.,"A"
"20101",2035484,75,0,"1",.,"A",.,"A",.,"A",.,"A",.,"A",.,"A",.,"A",195,"D",30,"D",.,"A",.,"A",.,"A",60,"D",.,"A",.,"A"
"20101",2035494,62,0,"1",.,"A",.,"A",.,"A",.,"A",.,"A",.,"A",.,"A",.,"A",15,"D",.,"A",.,"A",.,"A",200,"D",.,"A",.,"A"
"20101",2035504,37,0,"1",.,"A",.,"A",.,"A",.,"A",.,"A",.,"A",.,"A",.,"A",.,"A",.,"A",.,"A",.,"A",100,"D",.,"A",.,"A"
"20101",2035514,42,0,"1",.,"A",.,"A",.,"A",.,"A",.,"A",.,"A",.,"A",.,"A",3,"D",.,"A",.,"A",.,"A",61,"D",.,"A",.,"A"
"20101",2035525,76,0,"1",.,"A",.,"A",.,"A",.,"A",.,"A",.,"A",.,"A",.,"A",.,"A",.,"A",.,"A",.,"A",.,"A",.,"A",.,"A"
"20101",2035544,52,0,"1",.,"A",.,"A",.,"A",.,"A",.,"A",.,"A",.,"A",.,"A",.,"A",.,"A",.,"A",.,"A",15,"D",.,"A",.,"A"
"20101",2035554,49,0,"1",.,"A",.,"A",.,"A",.,"A",.,"A",.,"A",.,"A",.,"A",60,"D",.,"A",.,"A",.,"A",.,"A",.,"A",.,"A"
"20101",2035564,53,0,"1",.,"A",.,"A",.,"A",.,"A",.,"A",45,"D",.,"A",.,"A",18,"D",240,"D",0,"D",0,"D",360,"D",80,"D",.,"A"
"20101",2035574,68,0,"1",.,"A",.,"A",.,"A",.,"A",.,"A",.,"A",.,"A",.,"A",.,"A",.,"A",.,"A",.,"A",175,"D",.,"A",.,"A"
"20101",2035584,42,0,"1",.,"A",.,"A",.,"A",.,"A",.,"A",.,"A",.,"A",.,"A",150,"D",.,"A",.,"A",.,"A",50,"D",.,"A",.,"A"
"20101",2035594,54,0,"1",.,"A",.,"A",.,"A",.,"A",.,"A",.,"A",.,"A",.,"A",9,"D",.,"A",.,"A",.,"A",225,"D",.,"A",.,"A"
"20101",2035604,55,0,"1",18,"D",.,"A",.,"A",.,"A",72,"D",.,"A",.,"A",.,"A",.,"A",.,"A",.,"A",.,"A",30,"D",.,"A",.,"A"
"20101",2035614,45,0,"1",.,"A",.,"A",38,"D",.,"A",.,"A",.,"A",.,"A",.,"A",.,"A",.,"A",.,"A",.,"A",35,"D",.,"A",.,"A"
"20101",2035625,42,0,"1",.,"A",.,"A",.,"A",.,"A",.,"A",.,"A",.,"A",.,"A",.,"A",.,"A",.,"A",.,"A",180,"D",.,"A",.,"A"
"20101",2035644,30,0,"1",.,"A",.,"A",.,"A",.,"A",.,"A",.,"A",325,"D",.,"A",.,"A",.,"A",.,"A",.,"A",60,"D",.,"A",.,"A"
"20101",2035654,41,0,"1",.,"A",.,"A",.,"A",.,"A",.,"A",.,"A",.,"A",.,"A",.,"A",0,"D",360,"D",0,"D",50,"D",0,"D",.,"A"
"20101",2035665,36,0,"1",.,"A",.,"A",.,"A",.,"A",.,"A",.,"A",.,"A",.,"A",.,"A",.,"A",.,"A",.,"A",.,"A",.,"A",.,"A"
"20101",2035674,51,0,"1",.,"A",.,"A",.,"A",.,"A",.,"A",.,"A",325,"D",130,"D",.,"A",.,"A",.,"A",.,"A",24,"D",.,"A",.,"A"
"20101",2035684,49,0,"1",.,"A",.,"A",.,"A",.,"A",.,"A",18,"D",.,"A",.,"A",.,"A",.,"A",.,"A",.,"A",126,"D",.,"A",.,"A"
"20101",2035694,57,0,"1",.,"A",.,"A",56,"D",.,"A",.,"A",.,"A",.,"A",.,"A",.,"A",.,"A",.,"A",.,"A",120,"D",.,"A",.,"A"
"20101",2035744,42,0,"1",.,"A",.,"A",.,"A",.,"A",.,"A",.,"A",.,"A",.,"A",.,"A",.,"A",.,"A",.,"A",30,"D",.,"A",.,"A"
"20101",2035754,33,0,"1",30,"D",.,"A",.,"A",.,"A",50,"D",.,"A",.,"A",.,"A",.,"A",.,"A",.,"A",.,"A",125,"D",.,"A",.,"A"
"20101",2035764,42,0,"1",.,"A",.,"A",.,"A",.,"A",.,"A",.,"A",.,"A",.,"A",.,"A",.,"A",.,"A",.,"A",250,"D",.,"A",.,"A"
"20101",2035775,63,0,"1",.,"A",.,"A",.,"A",.,"A",.,"A",.,"A",.,"A",.,"A",.,"A",.,"A",.,"A",.,"A",150,"D",.,"A",.,"A"
"20101",2035794,43,0,"1",.,"A",.,"A",.,"A",.,"A",.,"A",.,"A",.,"A",.,"A",.,"A",.,"A",.,"A",.,"A",270,"D",.,"A",.,"A"
"20101",2035814,42,0,"1",.,"A",.,"A",.,"A",.,"A",.,"A",390,"D",.,"A",.,"A",.,"A",.,"A",.,"A",.,"A",.,"A",.,"A",.,"A"
"20101",2035834,55,0,"1",.,"A",.,"A",.,"A",.,"A",.,"A",20,"D",.,"A",.,"A",9,"D",.,"A",.,"A",.,"A",55,"D",.,"A",.,"A"
"20101",2035844,37,0,"1",.,"A",.,"A",.,"A",.,"A",.,"A",.,"A",.,"A",.,"A",.,"A",.,"A",.,"A",.,"A",40,"D",.,"A",.,"A"
"20101",2035884,35,0,"1",.,"A",.,"A",.,"A",.,"A",25,"D",.,"A",.,"A",.,"A",.,"A",.,"A",.,"A",.,"A",.,"A",.,"A",.,"A"
"20101",2035894,61,0,"1",.,"A",.,"A",.,"A",.,"A",.,"A",16,"D",.,"A",.,"A",54,"D",.,"A",.,"A",.,"A",33,"D",.,"A",.,"A"
"20101",2035904,103,0,"1",25,"D",.,"A",.,"A",.,"A",0,"D",.,"A",.,"A",156,"D",.,"A",.,"A",.,"A",.,"A",255,"D",.,"A",.,"A"
"20101",2035914,53,0,"1",.,"A",.,"A",.,"A",.,"A",.,"A",.,"A",.,"A",.,"A",.,"A",.,"A",.,"A",.,"A",40,"D",.,"A",.,"A"
"20101",2035934,48,0,"1",.,"A",.,"A",.,"A",.,"A",.,"A",.,"A",.,"A",.,"A",.,"A",.,"A",.,"A",.,"A",25,"D",.,"A",.,"A"
"20101",2035944,76,0,"1",.,"A",.,"A",.,"A",.,"A",.,"A",.,"A",.,"A",.,"A",.,"A",.,"A",.,"A",.,"A",140,"D",.,"A",.,"A"
"20101",2035955,45,0,"1",.,"A",.,"A",.,"A",.,"A",.,"A",.,"A",.,"A",.,"A",.,"A",.,"A",.,"A",.,"A",300,"D",.,"A",.,"A"
"20101",2035974,23,0,"1",.,"A",.,"A",.,"A",.,"A",.,"A",.,"A",.,"A",.,"A",.,"A",.,"A",.,"A",.,"A",.,"A",.,"A",.,"A"
"20101",2035984,55,0,"1",.,"A",.,"A",.,"A",.,"A",.,"A",.,"A",.,"A",.,"A",.,"A",.,"A",.,"A",.,"A",30,"D",.,"A",.,"A"
"20101",2035994,40,0,"1",.,"A",.,"A",43,"D",.,"A",.,"A",.,"A",.,"A",.,"A",.,"A",.,"A",.,"A",.,"A",105,"D",.,"A",.,"A"
"20101",2036004,48,0,"1",.,"A",.,"A",.,"A",.,"A",.,"A",.,"A",1300,"D",.,"A",72,"D",.,"A",.,"A",.,"A",60,"D",.,"A",.,"A"
"20101",2036034,53,0,"1",.,"A",.,"A",.,"A",.,"A",.,"A",.,"A",.,"A",.,"A",.,"A",.,"A",.,"A",.,"A",100,"F",.,"A",.,"A"
"20101",2036044,57,0,"1",.,"A",.,"A",.,"A",.,"A",.,"A",.,"A",.,"A",.,"A",.,"A",.,"A",.,"A",.,"A",.,"A",.,"A",.,"A"
"20101",2036064,37,0,"1",.,"A",.,"A",.,"A",.,"A",.,"A",.,"A",.,"A",.,"A",.,"A",.,"A",.,"A",.,"A",.,"A",.,"A",.,"A"
"20101",2036084,32,0,"1",.,"A",.,"A",.,"A",.,"A",.,"A",.,"A",.,"A",.,"A",.,"A",.,"A",.,"A",.,"A",.,"A",.,"A",.,"A"
"20101",2036094,61,0,"1",.,"A",.,"A",.,"A",.,"A",.,"A",30,"D",.,"A",.,"A",60,"D",.,"A",.,"A",.,"A",105,"D",.,"A",.,"A"
"20101",2036114,54,0,"1",.,"A",.,"A",.,"A",.,"A",.,"A",.,"A",.,"A",.,"A",.,"A",.,"A",.,"A",.,"A",.,"A",.,"A",.,"A"
"20101",2036154,40,0,"1",.,"A",.,"A",.,"A",.,"A",.,"A",.,"A",.,"A",.,"A",.,"A",.,"A",.,"A",.,"A",.,"A",.,"A",.,"A"
"20101",2036174,28,0,"1",.,"A",.,"A",.,"A",.,"A",.,"A",.,"A",.,"A",.,"A",.,"A",.,"A",.,"A",.,"A",.,"A",.,"A",.,"A"
"20101",2036184,70,0,"1",.,"A",.,"A",.,"A",.,"A",.,"A",.,"A",.,"A",.,"A",30,"D",.,"A",.,"A",.,"A",45,"D",.,"A",.,"A"
"20101",2036214,82,0,"1",.,"A",.,"A",.,"A",.,"A",.,"A",.,"A",.,"A",.,"A",.,"A",.,"A",.,"A",.,"A",28,"D",.,"A",.,"A"
"20101",2036234,58,0,"1",.,"A",.,"A",.,"A",.,"A",.,"A",.,"A",130,"D",.,"A",.,"A",.,"A",.,"A",.,"A",240,"D",.,"A",.,"A"
"20101",2036254,42,0,"1",.,"A",.,"A",.,"A",.,"A",.,"A",.,"A",.,"A",.,"A",.,"A",.,"A",.,"A",.,"A",45,"D",.,"A",.,"A"
"20101",2036264,43,0,"1",.,"A",.,"A",.,"A",.,"A",.,"A",.,"A",.,"A",.,"A",.,"A",180,"D",0,"D",0,"D",300,"D",60,"D",.,"A"
"20101",2036274,54,0,"1",.,"A",.,"A",.,"A",.,"A",.,"A",.,"A",.,"A",.,"A",.,"A",.,"A",.,"A",.,"A",90,"D",.,"A",.,"A"
"20101",2036284,25,0,"1",.,"A",.,"A",.,"A",.,"A",.,"A",.,"A",.,"A",.,"A",.,"A",.,"A",.,"A",.,"A",30,"D",.,"A",.,"A"
"20101",2036304,60,0,"1",.,"A",.,"A",.,"A",.,"A",.,"A",.,"A",.,"A",.,"A",.,"A",.,"A",.,"A",.,"A",75,"D",.,"A",.,"A"
"20101",2036315,57,0,"1",.,"A",.,"A",.,"A",.,"A",.,"A",.,"A",390,"D",.,"A",.,"A",.,"A",.,"A",.,"A",150,"D",.,"A",.,"A"
"20101",2036324,50,0,"1",.,"A",.,"A",.,"A",.,"A",.,"A",.,"A",.,"A",.,"A",.,"A",.,"A",.,"A",.,"A",200,"D",.,"A",.,"A"
"20101",2036354,57,0,"1",.,"A",.,"A",.,"A",.,"A",.,"A",.,"A",.,"A",.,"A",.,"A",.,"A",.,"A",.,"A",.,"A",.,"A",.,"A"
"20101",2036374,32,0,"1",.,"A",.,"A",.,"A",.,"A",.,"A",.,"A",.,"A",.,"A",.,"A",.,"A",.,"A",.,"A",.,"A",.,"A",.,"A"
"20101",2036384,84,0,"1",.,"A",.,"A",.,"A",.,"A",.,"A",.,"A",.,"A",.,"A",.,"A",.,"A",.,"A",.,"A",.,"A",.,"A",.,"A"
"20101",2036414,48,0,"1",.,"A",.,"A",.,"A",.,"A",.,"A",60,"D",.,"A",.,"A",45,"D",.,"A",.,"A",.,"A",50,"D",.,"A",.,"A"
"20101",2036424,45,0,"1",.,"A",.,"A",.,"A",.,"A",.,"A",.,"A",.,"A",.,"A",45,"D",.,"A",.,"A",.,"A",220,"D",.,"A",.,"A"
"20101",2036444,100,0,"1",.,"A",.,"A",.,"A",.,"A",.,"A",.,"A",.,"A",.,"A",.,"A",105,"D",0,"D",105,"D",250,"D",35,"D",.,"A"
"20101",2036494,43,0,"1",.,"A",.,"A",.,"A",.,"A",.,"A",.,"A",.,"A",.,"A",.,"A",.,"A",.,"A",.,"A",.,"A",.,"A",.,"A"
"20101",2036504,56,0,"1",.,"A",.,"A",.,"A",.,"A",.,"A",50,"D",.,"A",.,"A",.,"A",0,"D",0,"D",120,"D",405,"D",0,"D",.,"A"
"20101",2036514,47,0,"1",.,"A",.,"A",.,"A",.,"A",.,"A",.,"A",.,"A",.,"A",.,"A",.,"A",.,"A",.,"A",25,"D",.,"A",.,"A"
"20101",2036544,50,0,"1",.,"A",.,"A",.,"A",.,"A",.,"A",.,"A",.,"A",.,"A",30,"D",.,"A",.,"A",.,"A",.,"A",.,"A",.,"A"
"20101",2036554,37,0,"1",.,"A",.,"A",.,"A",.,"A",.,"A",.,"A",455,"D",.,"A",.,"A",.,"A",.,"A",.,"A",.,"A",.,"A",.,"A"
"20101",2036564,46,0,"1",.,"A",.,"A",.,"A",.,"A",.,"A",.,"A",.,"A",.,"A",.,"A",.,"A",.,"A",.,"A",.,"A",.,"A",.,"A"
"20101",2036594,59,0,"1",.,"A",.,"A",.,"A",.,"A",.,"A",.,"A",.,"A",.,"A",.,"A",.,"A",.,"A",.,"A",.,"A",.,"A",.,"A"
"20101",2036614,54,0,"1",.,"A",.,"A",.,"A",.,"A",.,"A",.,"A",325,"D",.,"A",.,"A",.,"A",.,"A",.,"A",130,"D",.,"A",.,"A"
"20101",2036624,25,0,"1",.,"A",.,"A",.,"A",.,"A",.,"A",.,"A",390,"D",.,"A",30,"D",.,"A",.,"A",.,"A",18,"D",.,"A",.,"A"
"20101",2036644,52,0,"1",.,"A",.,"A",.,"A",.,"A",.,"A",.,"A",728,"D",.,"A",.,"A",.,"A",.,"A",.,"A",90,"D",.,"A",.,"A"
"20101",2036655,44,0,"1",21,"D",.,"A",.,"A",.,"A",151,"D",.,"A",.,"A",.,"A",.,"A",.,"A",.,"A",.,"A",54,"D",.,"A",.,"A"
"20101",2036664,50,0,"1",.,"A",.,"A",.,"A",.,"A",.,"A",.,"A",.,"A",.,"A",.,"A",.,"A",.,"A",.,"A",.,"A",.,"A",.,"A"
"20101",2036684,64,0,"1",.,"A",.,"A",.,"A",.,"A",160,"D",.,"A",455,"D",.,"A",.,"A",.,"A",.,"A",.,"A",400,"D",.,"A",.,"A"
"20101",2036694,38,0,"1",.,"A",.,"A",.,"A",.,"A",.,"A",.,"A",.,"A",.,"A",.,"A",.,"A",.,"A",.,"A",120,"D",.,"A",.,"A"
"20101",2036704,51,0,"1",.,"A",.,"A",.,"A",.,"A",.,"A",.,"A",.,"A",195,"D",.,"A",.,"A",.,"A",.,"A",10,"D",.,"A",.,"A"
"20101",2036714,65,0,"1",.,"A",.,"A",.,"A",.,"A",.,"A",.,"A",.,"A",.,"A",.,"A",.,"A",.,"A",.,"A",468,"D",.,"A",.,"A"
"20101",2036724,48,0,"1",.,"A",.,"A",.,"A",.,"A",.,"A",.,"A",.,"A",.,"A",.,"A",.,"A",.,"A",.,"A",40,"D",.,"A",.,"A"
"20101",2036734,85,0,"1",.,"A",.,"A",.,"A",.,"A",.,"A",60,"D",.,"A",.,"A",.,"A",.,"A",.,"A",.,"A",195,"D",.,"A",.,"A"
"20101",2036744,65,0,"1",.,"A",.,"A",.,"A",.,"A",.,"A",15,"D",.,"A",.,"A",.,"A",.,"A",.,"A",.,"A",220,"D",.,"A",.,"A"
"20101",2036755,29,0,"1",.,"A",.,"A",.,"A",.,"A",80,"D",.,"A",.,"A",.,"A",.,"A",0,"D",0,"D",315,"D",.,"A",0,"D",.,"A"
"20101",2036764,52,0,"1",.,"A",.,"A",.,"A",.,"A",30,"D",.,"A",390,"D",.,"A",72,"F",.,"A",.,"A",.,"A",60,"D",.,"A",.,"A"
"20101",2036774,56,0,"1",.,"A",.,"A",.,"A",.,"A",.,"A",.,"A",.,"A",.,"A",.,"A",.,"A",.,"A",.,"A",40,"D",.,"A",.,"A"
"20101",2036794,107,0,"1",.,"A",.,"A",.,"A",.,"A",.,"A",1200,"D",.,"A",.,"A",.,"A",.,"A",.,"A",.,"A",250,"D",.,"A",.,"A"
"20101",2036814,101,0,"1",.,"A",.,"A",.,"A",.,"A",.,"A",60,"D",.,"A",.,"A",.,"A",.,"A",.,"A",.,"A",250,"D",.,"A",.,"A"
"20101",2036834,40,0,"1",.,"A",.,"A",.,"A",.,"A",.,"A",.,"A",.,"A",.,"A",.,"A",.,"A",.,"A",.,"A",.,"A",.,"A",.,"A"
"20101",2036844,50,0,"1",.,"A",.,"A",.,"A",.,"A",.,"A",.,"A",.,"A",.,"A",.,"A",.,"A",.,"A",.,"A",.,"A",.,"A",.,"A"
"20101",2036854,42,0,"1",.,"A",.,"A",.,"A",.,"A",.,"A",.,"A",.,"A",.,"A",.,"A",.,"A",.,"A",.,"A",.,"A",.,"A",.,"A"
"20101",2036874,42,0,"1",.,"A",.,"A",.,"A",.,"A",.,"A",.,"A",.,"A",.,"A",.,"A",.,"A",.,"A",.,"A",30,"D",.,"A",.,"A"
"20101",2036935,58,0,"1",.,"A",.,"A",.,"A",.,"A",.,"A",.,"A",.,"A",.,"A",.,"A",.,"A",.,"A",.,"A",.,"A",.,"A",.,"A"
"20101",2036944,60,0,"1",.,"A",.,"A",.,"A",.,"A",.,"A",.,"A",.,"A",.,"A",.,"A",.,"A",.,"A",.,"A",100,"D",.,"A",.,"A"
"20101",2036964,46,0,"1",.,"A",.,"A",.,"A",.,"A",.,"A",.,"A",.,"A",.,"A",.,"A",.,"A",.,"A",.,"A",.,"A",.,"A",.,"A"
"20101",2036985,58,0,"1",.,"A",.,"A",.,"A",.,"A",1,"D",90,"D",585,"D",.,"A",.,"A",.,"A",.,"A",.,"A",135,"D",.,"A",.,"A"
"20101",2037004,32,0,"1",.,"A",.,"A",.,"A",.,"A",5,"D",.,"A",.,"A",.,"A",.,"A",.,"A",.,"A",.,"A",64,"D",.,"A",.,"A"
"20101",2037014,27,0,"1",.,"A",.,"A",.,"A",.,"A",30,"D",.,"A",.,"A",.,"A",.,"A",.,"A",.,"A",.,"A",.,"A",.,"A",.,"A"
"20101",2037024,48,0,"1",.,"A",.,"A",.,"A",.,"A",.,"A",.,"A",.,"A",.,"A",.,"A",.,"A",.,"A",.,"A",60,"D",.,"A",.,"A"
"20101",2037034,62,0,"1",.,"A",.,"A",.,"A",.,"A",.,"A",.,"A",.,"A",.,"A",.,"A",.,"A",.,"A",.,"A",100,"F",.,"A",.,"A"
"20101",2037055,37,0,"1",.,"A",.,"A",.,"A",.,"A",30,"D",.,"A",.,"A",.,"A",.,"A",.,"A",.,"A",.,"A",17,"D",.,"A",.,"A"
"20101",2037074,29,0,"1",.,"A",.,"A",.,"A",.,"A",.,"A",.,"A",494,"D",.,"A",.,"A",.,"A",.,"A",.,"A",.,"A",.,"A",.,"A"
"20101",2037085,53,0,"1",.,"A",.,"A",.,"A",.,"A",.,"A",.,"A",.,"A",.,"A",30,"D",.,"A",.,"A",.,"A",45,"D",.,"A",.,"A"
"20101",2037094,46,0,"1",.,"A",.,"A",.,"A",.,"A",.,"A",.,"A",.,"A",.,"A",30,"D",.,"A",.,"A",.,"A",100,"D",.,"A",.,"A"
"20101",2037104,71,0,"1",.,"A",.,"A",.,"A",.,"A",.,"A",.,"A",.,"A",.,"A",.,"A",.,"A",.,"A",.,"A",250,"D",.,"A",.,"A"
"20101",2037114,32,0,"1",.,"A",.,"A",.,"A",.,"A",.,"A",.,"A",.,"A",.,"A",.,"A",.,"A",.,"A",.,"A",.,"A",.,"A",.,"A"
"20101",2037124,28,0,"1",.,"A",.,"A",.,"A",.,"A",300,"D",.,"A",910,"D",.,"A",.,"A",.,"A",.,"A",.,"A",42,"D",.,"A",.,"A"
"20101",2037134,35,0,"1",.,"A",.,"A",.,"A",.,"A",45,"D",.,"A",.,"A",.,"A",.,"A",.,"A",.,"A",.,"A",35,"D",.,"A",.,"A"
"20101",2037155,48,0,"1",.,"A",.,"A",.,"A",.,"A",.,"A",.,"A",.,"A",.,"A",.,"A",.,"A",.,"A",.,"A",.,"A",.,"A",.,"A"
"20101",2037164,71,0,"1",.,"A",.,"A",.,"A",.,"A",.,"A",.,"A",.,"A",.,"A",.,"A",.,"A",.,"A",.,"A",40,"D",.,"A",.,"A"
"20101",2037174,51,0,"1",.,"A",.,"A",.,"A",.,"A",.,"A",150,"D",.,"A",.,"A",.,"A",570,"D",0,"D",0,"D",150,"D",190,"D",.,"A"
"20101",2037184,39,0,"1",.,"A",.,"A",.,"A",.,"A",.,"A",.,"A",.,"A",.,"A",.,"A",.,"A",.,"A",.,"A",.,"A",.,"A",.,"A"
"20101",2037194,24,0,"1",.,"A",.,"A",.,"A",.,"A",30,"D",.,"A",.,"A",.,"A",.,"A",0,"D",0,"D",9,"D",.,"A",0,"D",.,"A"
"20101",2037215,53,0,"1",.,"A",.,"A",.,"A",.,"A",.,"A",90,"D",.,"A",.,"A",.,"A",.,"A",.,"A",.,"A",150,"D",.,"A",.,"A"
"20101",2037224,26,0,"1",.,"A",.,"A",.,"A",.,"A",.,"A",.,"A",.,"A",.,"A",.,"A",.,"A",.,"A",.,"A",.,"A",.,"A",.,"A"
"20101",2037244,41,0,"1",.,"A",.,"A",.,"A",.,"A",60,"D",7,"D",.,"A",.,"A",.,"A",.,"A",.,"A",.,"A",50,"D",.,"A",.,"A"
"20101",2037254,68,0,"1",.,"A",.,"A",.,"A",.,"A",.,"A",.,"A",.,"A",.,"A",.,"A",.,"A",.,"A",.,"A",115,"D",.,"A",.,"A"
"20101",2037284,22,0,"1",.,"A",.,"A",.,"A",.,"A",.,"A",.,"A",.,"A",.,"A",.,"A",.,"A",.,"A",.,"A",.,"A",.,"A",.,"A"
"20101",2037294,33,0,"1",10,"D",.,"A",.,"A",.,"A",80,"D",.,"A",.,"A",.,"A",.,"A",.,"A",.,"A",.,"A",26,"D",.,"A",.,"A"
"20101",2037304,25,0,"1",.,"A",.,"A",.,"A",.,"A",.,"A",.,"A",.,"A",.,"A",.,"A",.,"A",.,"A",.,"A",.,"A",.,"A",.,"A"
"20101",2037324,71,0,"1",.,"A",.,"A",100,"D",.,"A",.,"A",20,"D",546,"D",.,"A",.,"A",.,"A",.,"A",.,"A",25,"D",.,"A",.,"A"
"20101",2037344,40,0,"1",.,"A",.,"A",.,"A",.,"A",.,"A",.,"A",.,"A",.,"A",.,"A",.,"A",.,"A",.,"A",30,"D",.,"A",.,"A"
"20101",2037354,36,0,"1",.,"A",.,"A",.,"A",.,"A",.,"A",.,"A",364,"D",.,"A",15,"D",54,"D",0,"D",0,"D",15,"D",18,"D",.,"A"
"20101",2037374,51,0,"1",.,"A",.,"A",.,"A",.,"A",.,"A",.,"A",.,"A",.,"A",.,"A",.,"A",.,"A",.,"A",.,"A",.,"A",.,"A"
"20101",2037384,78,0,"1",.,"A",.,"A",.,"A",.,"A",.,"A",25,"D",.,"A",.,"A",.,"A",.,"A",.,"A",.,"A",160,"D",.,"A",.,"A"
"20101",2037414,75,0,"1",.,"A",.,"A",.,"A",.,"A",.,"A",.,"A",377,"D",.,"A",.,"A",.,"A",.,"A",.,"A",140,"D",.,"A",.,"A"
"20101",2037424,38,0,"1",.,"A",.,"A",.,"A",.,"A",120,"D",.,"A",.,"A",.,"A",.,"A",.,"A",.,"A",.,"A",40,"D",.,"A",.,"A"
"20101",2037454,46,0,"1",.,"A",.,"A",.,"A",.,"A",.,"A",.,"A",.,"A",.,"A",.,"A",.,"A",.,"A",.,"A",.,"A",.,"A",.,"A"
"20101",2037464,51,0,"1",.,"A",.,"A",.,"A",.,"A",.,"A",.,"A",.,"A",.,"A",.,"A",.,"A",.,"A",.,"A",.,"A",.,"A",.,"A"
"20101",2037474,21,0,"1",.,"A",.,"A",.,"A",.,"A",.,"A",.,"A",.,"A",.,"A",.,"A",.,"A",.,"A",.,"A",.,"A",.,"A",.,"A"
"20101",2037494,23,0,"1",.,"A",.,"A",.,"A",.,"A",.,"A",.,"A",.,"A",.,"A",.,"A",.,"A",.,"A",.,"A",.,"A",.,"A",.,"A"
"20101",2037504,66,0,"1",.,"A",.,"A",.,"A",.,"A",.,"A",.,"A",.,"A",.,"A",.,"A",.,"A",.,"A",.,"A",180,"D",.,"A",.,"A"
"20101",2037514,47,0,"1",.,"A",.,"A",.,"A",.,"A",.,"A",.,"A",.,"A",52,"D",.,"A",.,"A",.,"A",.,"A",.,"A",.,"A",.,"A"
"20101",2037534,104,0,"1",.,"A",.,"A",.,"A",.,"A",.,"A",10,"D",.,"A",.,"A",.,"A",.,"A",.,"A",.,"A",.,"A",.,"A",.,"A"
"20101",2037544,57,0,"1",.,"A",.,"A",.,"A",20,"D",.,"A",50,"D",.,"A",.,"A",.,"A",0,"D",0,"D",150,"D",22,"D",0,"D",.,"A"
"20101",2037554,46,0,"1",.,"A",.,"A",.,"A",.,"A",.,"A",.,"A",.,"A",.,"A",.,"A",.,"A",.,"A",.,"A",62,"D",.,"A",.,"A"
"20101",2037564,86,0,"1",.,"A",.,"A",.,"A",.,"A",.,"A",.,"A",.,"A",.,"A",.,"A",.,"A",.,"A",.,"A",80,"D",.,"A",.,"A"
"20101",2037574,69,0,"1",.,"A",.,"A",.,"A",.,"A",.,"A",.,"A",.,"A",.,"A",.,"A",.,"A",.,"A",.,"A",455,"D",.,"A",.,"A"
"20101",2037594,56,0,"1",.,"A",.,"A",.,"A",.,"A",.,"A",.,"A",.,"A",.,"A",.,"A",.,"A",.,"A",.,"A",17,"D",.,"A",.,"A"
"20101",2037614,41,0,"1",.,"A",.,"A",.,"A",.,"A",.,"A",.,"A",182,"D",.,"A",30,"D",.,"A",.,"A",.,"A",15,"D",.,"A",.,"A"
"20101",2037625,61,0,"1",.,"A",.,"A",.,"A",.,"A",.,"A",.,"A",.,"A",.,"A",.,"A",.,"A",.,"A",.,"A",30,"D",.,"A",.,"A"
"20101",2037654,51,0,"1",.,"A",.,"A",.,"A",.,"A",.,"A",.,"A",.,"A",.,"A",.,"A",.,"A",.,"A",.,"A",.,"A",.,"A",.,"A"
"20101",2037664,36,0,"1",.,"A",.,"A",.,"A",.,"A",.,"A",.,"A",.,"A",.,"A",.,"A",.,"A",.,"A",.,"A",15,"D",.,"A",.,"A"
"20101",2037674,60,0,"1",.,"A",.,"A",.,"A",.,"A",.,"A",.,"A",65,"D",.,"A",.,"A",378,"D",0,"D",0,"D",65,"D",126,"D",.,"A"
"20101",2037684,45,0,"1",.,"A",.,"A",.,"A",.,"A",.,"A",.,"A",.,"A",.,"A",.,"A",.,"A",.,"A",.,"A",.,"A",.,"A",.,"A"
"20101",2037704,38,0,"1",.,"A",.,"A",.,"A",.,"A",.,"A",.,"A",.,"A",.,"A",.,"A",.,"A",.,"A",.,"A",.,"A",.,"A",.,"A"
"20101",2037715,58,0,"1",20,"D",.,"A",.,"A",.,"A",60,"D",.,"A",.,"A",.,"A",.,"A",.,"A",.,"A",.,"A",.,"A",.,"A",.,"A"
"20101",2037734,46,0,"1",.,"A",.,"A",.,"A",.,"A",.,"A",.,"A",.,"A",.,"A",.,"A",.,"A",.,"A",.,"A",.,"A",.,"A",.,"A"
"20101",2037744,86,0,"1",.,"A",.,"A",.,"A",.,"A",.,"A",.,"A",.,"A",.,"A",.,"A",.,"A",.,"A",.,"A",130,"D",.,"A",.,"A"
"20101",2037764,66,0,"1",.,"A",.,"A",.,"A",.,"A",.,"A",.,"A",.,"A",.,"A",75,"D",.,"A",.,"A",.,"A",355,"D",.,"A",.,"A"
"20101",2037784,71,0,"1",.,"A",.,"A",.,"A",.,"A",.,"A",90,"D",.,"A",.,"A",.,"A",.,"A",.,"A",.,"A",130,"D",.,"A",.,"A"
"20101",2037794,47,0,"1",.,"A",.,"A",.,"A",.,"A",.,"A",100,"D",.,"A",.,"A",.,"A",.,"A",.,"A",.,"A",.,"A",.,"A",.,"A"
"20101",2037814,124,0,"1",.,"A",.,"A",.,"A",.,"A",.,"A",.,"A",.,"A",.,"A",.,"A",0,"D",0,"D",0,"D",350,"D",0,"D",.,"A"
"20101",2037824,61,0,"1",.,"A",.,"A",16,"D",.,"A",.,"A",.,"A",.,"A",.,"A",.,"A",.,"A",.,"A",.,"A",57,"D",.,"A",.,"A"
"20101",2037844,36,0,"1",.,"A",.,"A",.,"A",.,"A",.,"A",.,"A",.,"A",.,"A",.,"A",.,"A",.,"A",.,"A",.,"A",.,"A",.,"A"
"20101",2037864,85,0,"1",.,"A",.,"A",.,"A",.,"A",.,"A",.,"A",.,"A",195,"D",.,"A",.,"A",.,"A",.,"A",236,"D",.,"A",.,"A"
"20101",2037874,68,0,"1",.,"A",.,"A",.,"A",.,"A",.,"A",90,"D",1040,"D",.,"A",.,"A",.,"A",.,"A",.,"A",150,"D",.,"A",.,"A"
"20101",2037884,53,0,"1",.,"A",.,"A",.,"A",.,"A",.,"A",.,"A",1820,"D",.,"A",.,"A",.,"A",.,"A",.,"A",.,"A",.,"A",.,"A"
"20101",2037914,64,0,"1",.,"A",.,"A",.,"A",.,"A",.,"A",10,"D",.,"A",156,"D",.,"A",.,"A",.,"A",.,"A",8,"D",.,"A",.,"A"
"20101",2037934,81,0,"1",.,"A",.,"A",.,"A",.,"A",.,"A",.,"A",.,"A",.,"A",.,"A",.,"A",.,"A",.,"A",200,"D",.,"A",.,"A"
"20101",2037944,60,0,"1",.,"A",.,"A",.,"A",.,"A",.,"A",.,"A",.,"A",.,"A",15,"D",.,"A",.,"A",.,"A",30,"D",.,"A",.,"A"
"20101",2037954,54,0,"1",.,"A",.,"A",.,"A",.,"A",.,"A",.,"A",.,"A",.,"A",.,"A",.,"A",.,"A",.,"A",105,"D",.,"A",.,"A"
"20101",2037964,54,0,"1",.,"A",.,"A",.,"A",.,"A",.,"A",.,"A",.,"A",.,"A",21,"D",.,"A",.,"A",.,"A",15,"D",.,"A",.,"A"
"20101",2037974,41,0,"1",.,"A",.,"A",.,"A",.,"A",.,"A",.,"A",.,"A",.,"A",.,"A",.,"A",.,"A",.,"A",.,"A",.,"A",.,"A"
"20101",2037984,68,0,"1",.,"A",.,"A",12,"D",.,"A",.,"A",.,"A",.,"A",.,"A",.,"A",.,"A",.,"A",.,"A",.,"A",.,"A",.,"A"
"20101",2037994,28,0,"1",.,"A",.,"A",.,"A",.,"A",.,"A",.,"A",.,"A",130,"D",.,"A",.,"A",.,"A",.,"A",.,"A",.,"A",.,"A"
"20101",2038014,55,0,"1",.,"A",.,"A",.,"A",.,"A",.,"A",.,"A",.,"A",.,"A",.,"A",.,"A",.,"A",.,"A",36,"D",.,"A",.,"A"
"20101",2038044,60,0,"1",.,"A",.,"A",.,"A",.,"A",.,"A",60,"D",.,"A",.,"A",.,"A",.,"A",.,"A",.,"A",100,"D",.,"A",.,"A"
"20101",2038054,68,0,"1",.,"A",.,"A",.,"A",.,"A",.,"A",30,"D",234,"D",.,"A",.,"A",.,"A",.,"A",.,"A",60,"D",.,"A",.,"A"
"20101",2038084,37,0,"1",.,"A",.,"A",.,"A",.,"A",156,"D",.,"A",.,"A",.,"A",.,"A",.,"A",.,"A",.,"A",.,"A",.,"A",.,"A"
"20101",2038094,47,0,"1",.,"A",.,"A",.,"A",.,"A",.,"A",.,"A",.,"A",.,"A",.,"A",.,"A",.,"A",.,"A",.,"A",.,"A",.,"A"
"20101",2038105,61,0,"1",.,"A",.,"A",.,"A",.,"A",.,"A",.,"A",.,"A",.,"A",.,"A",0,"D",0,"D",216,"D",60,"D",0,"D",.,"A"
"20101",2038114,56,0,"1",.,"A",.,"A",.,"A",.,"A",.,"A",.,"A",.,"A",377,"D",.,"A",.,"A",.,"A",.,"A",30,"D",.,"A",.,"A"
"20101",2038124,32,0,"1",.,"A",.,"A",.,"A",.,"A",240,"D",.,"A",.,"A",.,"A",.,"A",585,"D",108,"F",195,"D",.,"A",195,"D",.,"A"
"20101",2038144,42,0,"1",.,"A",.,"A",.,"A",.,"A",.,"A",.,"A",.,"A",.,"A",.,"A",.,"A",.,"A",.,"A",.,"A",.,"A",.,"A"
"20101",2038154,37,0,"1",.,"A",.,"A",.,"A",.,"A",.,"A",.,"A",689,"D",.,"A",.,"A",.,"A",.,"A",.,"A",.,"A",.,"A",.,"A"
"20101",2038175,40,0,"1",.,"A",.,"A",.,"A",.,"A",10,"D",.,"A",.,"A",.,"A",.,"A",.,"A",.,"A",.,"A",.,"A",.,"A",.,"A"
"20101",2038184,45,0,"1",.,"A",.,"A",.,"A",.,"A",.,"A",.,"A",.,"A",.,"A",.,"A",.,"A",.,"A",.,"A",.,"A",.,"A",.,"A"
"20101",2038194,48,0,"1",.,"A",.,"A",.,"A",.,"A",.,"A",.,"A",.,"A",.,"A",.,"A",.,"A",.,"A",.,"A",190,"D",.,"A",.,"A"
"20101",2038205,33,0,"1",.,"A",.,"A",.,"A",.,"A",30,"D",.,"A",.,"A",.,"A",.,"A",.,"A",.,"A",.,"A",15,"D",.,"A",.,"A"
"20101",2038224,47,0,"1",.,"A",.,"A",.,"A",.,"A",.,"A",100,"D",.,"A",.,"A",.,"A",.,"A",.,"A",.,"A",.,"A",.,"A",.,"A"
"20101",2038244,31,0,"1",.,"A",.,"A",.,"A",.,"A",.,"A",.,"A",.,"A",.,"A",.,"A",.,"A",.,"A",.,"A",.,"A",.,"A",.,"A"
"20101",2038264,44,0,"1",.,"A",.,"A",.,"A",.,"A",.,"A",.,"A",.,"A",.,"A",.,"A",.,"A",.,"A",.,"A",.,"A",.,"A",.,"A"
"20101",2038274,46,0,"1",.,"A",.,"A",.,"A",.,"A",.,"A",.,"A",.,"A",.,"A",.,"A",.,"A",.,"A",.,"A",12,"D",.,"A",.,"A"
"20101",2038304,44,0,"1",.,"A",.,"A",.,"A",.,"A",.,"A",.,"A",.,"A",.,"A",.,"A",.,"A",.,"A",.,"A",20,"D",.,"A",.,"A"
"20101",2038324,65,0,"1",.,"A",.,"A",.,"A",20,"D",.,"A",.,"A",.,"A",.,"A",.,"A",0,"D",0,"D",6,"D",34,"D",0,"D",.,"A"
"20101",2038334,68,0,"1",.,"A",.,"A",.,"A",.,"A",.,"A",.,"A",.,"A",.,"A",.,"A",.,"A",.,"A",.,"A",30,"D",.,"A",.,"A"
"20101",2038344,53,0,"1",.,"A",.,"A",.,"A",.,"A",10,"D",.,"A",.,"A",.,"A",60,"D",.,"A",.,"A",.,"A",24,"D",.,"A",.,"A"
"20101",2038354,37,0,"1",.,"A",.,"A",.,"A",.,"A",30,"D",.,"A",.,"A",.,"A",.,"A",.,"A",.,"A",.,"A",30,"D",.,"A",.,"A"
"20101",2038364,32,0,"1",.,"A",.,"A",.,"A",.,"A",24,"D",.,"A",.,"A",.,"A",18,"D",.,"A",.,"A",.,"A",1,"D",.,"A",.,"A"
"20101",2038374,42,0,"1",.,"A",.,"A",.,"A",.,"A",.,"A",.,"A",.,"A",.,"A",.,"A",.,"A",.,"A",.,"A",.,"A",.,"A",.,"A"
"20101",2038384,59,0,"1",.,"A",.,"A",.,"A",.,"A",.,"A",.,"A",.,"A",.,"A",.,"A",.,"A",.,"A",.,"A",.,"A",.,"A",.,"A"
"20101",2038394,28,0,"1",.,"A",.,"A",.,"A",.,"A",.,"A",.,"A",.,"A",.,"A",.,"A",.,"A",.,"A",.,"A",32,"D",.,"A",.,"A"
"20101",2038404,35,0,"1",40,"D",.,"A",.,"A",.,"A",25,"D",.,"A",455,"D",.,"A",.,"A",.,"A",.,"A",.,"A",15,"D",.,"A",.,"A"
"20101",2038414,72,0,"1",.,"A",.,"A",.,"A",.,"A",60,"D",.,"A",.,"A",.,"A",45,"D",.,"A",.,"A",.,"A",50,"D",.,"A",.,"A"
"20101",2038434,77,0,"1",.,"A",.,"A",.,"A",.,"A",.,"A",.,"A",.,"A",.,"A",.,"A",.,"A",.,"A",.,"A",255,"D",.,"A",.,"A"
"20101",2038444,39,0,"1",.,"A",.,"A",.,"A",.,"A",.,"A",.,"A",.,"A",.,"A",.,"A",.,"A",.,"A",.,"A",.,"A",.,"A",.,"A"
"20101",2038454,42,0,"1",.,"A",.,"A",.,"A",.,"A",.,"A",.,"A",.,"A",.,"A",.,"A",.,"A",.,"A",.,"A",9,"D",.,"A",.,"A"
"20101",2038464,38,0,"1",.,"A",.,"A",.,"A",.,"A",.,"A",.,"A",.,"A",.,"A",.,"A",.,"A",.,"A",.,"A",.,"A",.,"A",.,"A"
"20101",2038474,57,0,"1",.,"A",.,"A",.,"A",.,"A",.,"A",.,"A",.,"A",52,"D",.,"A",.,"A",.,"A",.,"A",.,"A",.,"A",.,"A"
"20101",2038494,51,0,"1",.,"A",.,"A",.,"A",.,"A",.,"A",.,"A",.,"A",.,"A",.,"A",.,"A",.,"A",.,"A",.,"A",.,"A",.,"A"
"20101",2038504,65,0,"1",.,"A",.,"A",.,"A",.,"A",.,"A",.,"A",.,"A",.,"A",.,"A",.,"A",.,"A",.,"A",75,"D",.,"A",.,"A"
"20101",2038514,72,0,"1",.,"A",.,"A",.,"A",.,"A",.,"A",.,"A",.,"A",.,"A",.,"A",.,"A",.,"A",.,"A",12,"D",.,"A",.,"A"
"20101",2038524,65,0,"1",.,"A",.,"A",.,"A",.,"A",.,"A",.,"A",.,"A",.,"A",24,"D",.,"A",.,"A",.,"A",.,"A",.,"A",.,"A"
"20101",2038545,61,0,"1",.,"A",.,"A",.,"A",.,"A",.,"A",.,"A",.,"A",.,"A",.,"A",.,"A",.,"A",.,"A",.,"A",.,"A",.,"A"
"20101",2038554,28,0,"1",.,"A",.,"A",.,"A",.,"A",50,"D",.,"A",.,"A",.,"A",.,"A",.,"A",.,"A",.,"A",100,"D",.,"A",.,"A"
"20101",2038564,40,0,"1",.,"A",.,"A",.,"A",.,"A",.,"A",.,"A",.,"A",.,"A",.,"A",.,"A",.,"A",.,"A",.,"A",.,"A",.,"A"
"20101",2038574,64,0,"1",.,"A",100,"D",.,"A",.,"A",.,"A",0,"D",.,"A",.,"A",.,"A",.,"A",.,"A",.,"A",100,"D",.,"A",.,"A"
"20101",2038594,56,0,"1",.,"A",.,"A",.,"A",.,"A",.,"A",.,"A",.,"A",.,"A",.,"A",.,"A",.,"A",.,"A",.,"A",.,"A",.,"A"
"20101",2038614,77,0,"1",.,"A",.,"A",.,"A",.,"A",.,"A",.,"A",260,"D",104,"D",.,"A",.,"A",.,"A",.,"A",80,"D",.,"A",.,"A"
"20101",2038654,67,0,"1",.,"A",.,"A",.,"A",.,"A",.,"A",.,"A",.,"A",.,"A",.,"A",.,"A",.,"A",.,"A",.,"A",.,"A",.,"A"
"20101",2038664,56,0,"1",.,"A",.,"A",.,"A",.,"A",.,"A",.,"A",.,"A",.,"A",.,"A",.,"A",.,"A",.,"A",70,"D",.,"A",.,"A"
"20101",2038694,42,0,"1",.,"A",.,"A",.,"A",.,"A",.,"A",.,"A",520,"D",.,"A",.,"A",.,"A",.,"A",.,"A",.,"A",.,"A",.,"A"
"20101",2038704,54,0,"1",.,"A",.,"A",.,"A",.,"A",.,"A",.,"A",.,"A",.,"A",.,"A",.,"A",.,"A",.,"A",98,"D",.,"A",.,"A"
"20101",2038714,58,0,"1",.,"A",.,"A",.,"A",.,"A",.,"A",40,"D",.,"A",.,"A",.,"A",.,"A",.,"A",.,"A",75,"D",.,"A",.,"A"
"20101",2038724,36,0,"1",30,"D",.,"A",.,"A",.,"A",70,"D",100,"D",.,"A",.,"A",.,"A",258,"D",0,"D",60,"D",140,"D",86,"D",.,"A"
"20101",2038734,54,0,"1",.,"A",.,"A",.,"A",.,"A",.,"A",.,"A",.,"A",.,"A",.,"A",.,"A",.,"A",.,"A",300,"D",.,"A",.,"A"
"20101",2038754,55,0,"1",.,"A",.,"A",.,"A",.,"A",.,"A",.,"A",.,"A",.,"A",.,"A",.,"A",.,"A",.,"A",.,"A",.,"A",.,"A"
"20101",2038764,58,0,"1",.,"A",.,"A",15,"D",.,"A",.,"A",.,"A",.,"A",.,"A",.,"A",.,"A",.,"A",.,"A",340,"D",.,"A",.,"A"
"20101",2038774,97,0,"1",.,"A",.,"A",.,"A",.,"A",.,"A",18,"D",.,"A",.,"A",.,"A",.,"A",.,"A",.,"A",95,"D",.,"A",.,"A"
"20101",2038795,31,0,"1",.,"A",.,"A",.,"A",.,"A",.,"A",.,"A",195,"D",.,"A",.,"A",.,"A",.,"A",.,"A",.,"A",.,"A",.,"A"
"20101",2038854,26,0,"1",.,"A",.,"A",.,"A",.,"A",15,"D",.,"A",.,"A",.,"A",.,"A",267,"D",0,"D",0,"D",15,"D",89,"D",.,"A"
"20101",2038864,80,0,"1",.,"A",.,"A",.,"A",.,"A",.,"A",.,"A",130,"D",.,"A",.,"A",.,"A",.,"A",.,"A",225,"D",.,"A",.,"A"
"20101",2038874,52,0,"1",.,"A",.,"A",.,"A",.,"A",.,"A",.,"A",.,"A",.,"A",.,"A",.,"A",.,"A",.,"A",40,"D",.,"A",.,"A"
"20101",2038884,62,0,"1",.,"A",.,"A",.,"A",300,"D",.,"A",240,"D",.,"A",.,"A",.,"A",.,"A",.,"A",.,"A",200,"D",.,"A",.,"A"
"20101",2038934,47,0,"1",.,"A",.,"A",.,"A",.,"A",.,"A",.,"A",.,"A",.,"A",15,"D",.,"A",.,"A",.,"A",.,"A",.,"A",.,"A"
"20101",2038944,87,0,"1",.,"A",.,"A",.,"A",.,"A",.,"A",.,"A",.,"A",.,"A",.,"A",.,"A",.,"A",.,"A",20,"D",.,"A",.,"A"
"20101",2038954,59,0,"1",.,"A",.,"A",.,"A",.,"A",.,"A",.,"A",.,"A",.,"A",.,"A",.,"A",.,"A",.,"A",250,"D",.,"A",.,"A"
"20101",2038964,57,0,"1",.,"A",.,"A",.,"A",.,"A",.,"A",.,"A",.,"A",.,"A",.,"A",.,"A",.,"A",.,"A",50,"D",.,"A",.,"A"
"20101",2038984,47,0,"1",20,"D",.,"A",.,"A",.,"A",130,"D",.,"A",.,"A",.,"A",.,"A",.,"A",.,"A",.,"A",.,"A",.,"A",.,"A"
"20101",2038994,75,0,"1",.,"A",.,"A",.,"A",.,"A",.,"A",.,"A",260,"D",.,"A",.,"A",.,"A",.,"A",.,"A",30,"F",.,"A",.,"A"
"20101",2039014,91,0,"1",.,"A",.,"A",.,"A",.,"A",.,"A",.,"A",.,"A",.,"A",6,"D",.,"A",.,"A",.,"A",.,"A",.,"A",.,"A"
"20101",2039024,31,0,"1",.,"A",.,"A",.,"A",.,"A",.,"A",.,"A",.,"A",.,"A",.,"A",.,"A",.,"A",.,"A",.,"A",.,"A",.,"A"
"20101",2039054,46,0,"1",.,"A",.,"A",.,"A",.,"A",.,"A",450,"D",.,"A",.,"A",.,"A",.,"A",.,"A",.,"A",750,"D",.,"A",.,"A"
"20101",2039064,30,0,"1",.,"A",.,"A",.,"A",.,"A",.,"A",.,"A",.,"A",.,"A",.,"A",.,"A",.,"A",.,"A",.,"A",.,"A",.,"A"
"20101",2039084,39,0,"1",.,"A",.,"A",.,"A",.,"A",.,"A",.,"A",.,"A",.,"A",.,"A",.,"A",.,"A",.,"A",.,"A",.,"A",.,"A"
"20101",2039094,49,0,"1",.,"A",.,"A",.,"A",.,"A",.,"A",.,"A",.,"A",.,"A",.,"A",.,"A",.,"A",.,"A",.,"A",.,"A",.,"A"
"20101",2039105,72,0,"1",.,"A",.,"A",.,"A",.,"A",.,"A",.,"A",910,"D",.,"A",.,"A",.,"A",.,"A",.,"A",20,"D",.,"A",.,"A"
"20101",2039114,64,0,"1",.,"A",.,"A",.,"A",.,"A",.,"A",.,"A",.,"A",.,"A",.,"A",.,"A",.,"A",.,"A",200,"D",.,"A",.,"A"
"20101",2039124,75,0,"1",.,"A",.,"A",.,"A",.,"A",.,"A",40,"D",.,"A",.,"A",.,"A",.,"A",.,"A",.,"A",60,"D",.,"A",.,"A"
"20101",2039144,56,0,"1",.,"A",.,"A",.,"A",.,"A",240,"D",.,"A",.,"A",.,"A",.,"A",.,"A",.,"A",.,"A",15,"D",.,"A",.,"A"
"20101",2039164,79,0,"1",.,"A",.,"A",.,"A",.,"A",.,"A",.,"A",.,"A",.,"A",30,"D",180,"D",0,"D",0,"D",77,"D",60,"D",.,"A"
"20101",2039174,42,0,"1",.,"A",.,"A",.,"A",.,"A",.,"A",.,"A",.,"A",.,"A",.,"A",.,"A",.,"A",.,"A",400,"D",.,"A",.,"A"
"20101",2039184,30,0,"1",.,"A",.,"A",.,"A",.,"A",.,"A",.,"A",455,"D",.,"A",.,"A",.,"A",.,"A",.,"A",.,"A",.,"A",.,"A"
"20101",2039214,46,0,"1",.,"A",.,"A",.,"A",.,"A",.,"A",.,"A",.,"A",.,"A",.,"A",.,"A",.,"A",.,"A",21,"D",.,"A",.,"A"
"20101",2039224,65,0,"1",.,"A",.,"A",.,"A",.,"A",.,"A",.,"A",.,"A",.,"A",.,"A",.,"A",.,"A",.,"A",10,"D",.,"A",.,"A"
"20101",2039234,27,0,"1",.,"A",.,"A",.,"A",.,"A",60,"D",.,"A",130,"D",.,"A",.,"A",.,"A",.,"A",.,"A",.,"A",.,"A",.,"A"
"20101",2039244,47,0,"1",21,"D",.,"A",.,"A",.,"A",72,"D",.,"A",.,"A",.,"A",.,"A",.,"A",.,"A",.,"A",135,"D",.,"A",.,"A"
"20101",2039254,47,0,"1",.,"A",.,"A",.,"A",.,"A",.,"A",.,"A",.,"A",.,"A",.,"A",.,"A",.,"A",.,"A",75,"D",.,"A",.,"A"
"20101",2039264,41,0,"1",.,"A",.,"A",.,"A",.,"A",.,"A",.,"A",.,"A",.,"A",.,"A",.,"A",.,"A",.,"A",.,"A",.,"A",.,"A"
"20101",2039274,40,0,"1",.,"A",.,"A",.,"A",.,"A",300,"D",.,"A",91,"D",.,"A",.,"A",0,"D",156,"D",0,"D",35,"D",0,"D",.,"A"
"20101",2039294,58,0,"1",.,"A",.,"A",.,"A",.,"A",.,"A",.,"A",130,"D",.,"A",.,"A",.,"A",.,"A",.,"A",.,"A",.,"A",.,"A"
"20101",2039304,47,0,"1",.,"A",.,"A",.,"A",.,"A",.,"A",.,"A",.,"A",.,"A",.,"A",.,"A",.,"A",.,"A",30,"D",.,"A",.,"A"
"20101",2039314,37,0,"1",.,"A",.,"A",.,"A",.,"A",.,"A",.,"A",.,"A",.,"A",.,"A",.,"A",.,"A",.,"A",26,"D",.,"A",.,"A"
"20101",2039324,46,0,"1",.,"A",.,"A",.,"A",.,"A",.,"A",.,"A",.,"A",.,"A",.,"A",.,"A",.,"A",.,"A",.,"A",.,"A",.,"A"
"20101",2039334,38,0,"1",.,"A",.,"A",.,"A",.,"A",.,"A",.,"A",.,"A",.,"A",.,"A",.,"A",.,"A",.,"A",240,"D",.,"A",.,"A"
"20101",2039364,31,0,"1",.,"A",.,"A",.,"A",15,"D",.,"A",.,"A",.,"A",.,"A",.,"A",.,"A",.,"A",.,"A",.,"A",.,"A",.,"A"
"20101",2039375,44,0,"1",.,"A",.,"A",.,"A",.,"A",540,"D",.,"A",.,"A",.,"A",.,"A",.,"A",.,"A",.,"A",.,"A",.,"A",.,"A"
"20101",2039404,93,0,"1",.,"A",.,"A",.,"A",.,"A",.,"A",.,"A",.,"A",.,"A",.,"A",.,"A",.,"A",.,"A",108,"D",.,"A",.,"A"
"20101",2039415,46,0,"1",.,"A",.,"A",.,"A",.,"A",.,"A",.,"A",104,"F",.,"A",.,"A",.,"A",.,"A",.,"A",.,"A",.,"A",.,"A"
"20101",2039424,38,0,"1",.,"A",.,"A",.,"A",.,"A",96,"D",.,"A",.,"A",.,"A",.,"A",.,"A",.,"A",.,"A",90,"D",.,"A",.,"A"
"20101",2039434,49,0,"1",.,"A",.,"A",.,"A",.,"A",.,"A",78,"D",.,"A",.,"A",.,"A",.,"A",.,"A",.,"A",300,"D",.,"A",.,"A"
"20101",2039444,34,0,"1",.,"A",.,"A",.,"A",.,"A",.,"A",.,"A",.,"A",.,"A",.,"A",.,"A",.,"A",.,"A",.,"A",.,"A",.,"A"
"20101",2039454,54,0,"1",.,"A",.,"A",.,"A",.,"A",.,"A",.,"A",.,"A",.,"A",.,"A",.,"A",.,"A",.,"A",221,"D",.,"A",.,"A"
"20101",2039494,61,0,"1",.,"A",.,"A",.,"A",.,"A",.,"A",5,"D",.,"A",.,"A",.,"A",.,"A",.,"A",.,"A",32,"D",.,"A",.,"A"
"20101",2039505,34,0,"1",.,"A",.,"A",.,"A",.,"A",20,"D",.,"A",.,"A",.,"A",.,"A",.,"A",.,"A",.,"A",50,"D",.,"A",.,"A"
"20101",2039514,33,0,"1",.,"A",.,"A",.,"A",.,"A",.,"A",.,"A",.,"A",.,"A",.,"A",.,"A",.,"A",.,"A",.,"A",.,"A",.,"A"
"20101",2039534,40,0,"1",.,"A",.,"A",.,"A",.,"A",.,"A",.,"A",.,"A",.,"A",.,"A",.,"A",.,"A",.,"A",25,"D",.,"A",.,"A"
"20101",2039544,28,0,"1",.,"A",.,"A",.,"A",.,"A",.,"A",.,"A",.,"A",.,"A",.,"A",.,"A",.,"A",.,"A",12,"D",.,"A",.,"A"
"20101",2039574,33,0,"1",.,"A",.,"A",.,"A",.,"A",.,"A",.,"A",.,"A",.,"A",.,"A",60,"D",0,"D",0,"D",.,"A",20,"D",.,"A"
"20101",2039594,28,0,"1",.,"A",.,"A",.,"A",.,"A",60,"D",.,"A",273,"D",.,"A",.,"A",.,"A",.,"A",.,"A",.,"A",.,"A",.,"A"
"20101",2039604,47,0,"1",.,"A",.,"A",.,"A",.,"A",.,"A",.,"A",.,"A",.,"A",.,"A",.,"A",.,"A",.,"A",120,"D",.,"A",.,"A"
"20101",2039614,41,0,"1",.,"A",.,"A",.,"A",.,"A",.,"A",.,"A",.,"A",.,"A",.,"A",.,"A",.,"A",.,"A",.,"A",.,"A",.,"A"
"20101",2039644,42,0,"1",.,"A",.,"A",.,"A",.,"A",.,"A",.,"A",.,"A",.,"A",.,"A",.,"A",.,"A",.,"A",580,"D",.,"A",.,"A"
"20101",2039664,69,0,"1",.,"A",.,"A",.,"A",.,"A",.,"A",.,"A",1040,"D",.,"A",.,"A",.,"A",.,"A",.,"A",60,"D",.,"A",.,"A"
"20101",2039694,45,0,"1",.,"A",.,"A",.,"A",.,"A",.,"A",.,"A",390,"D",.,"A",.,"A",.,"A",.,"A",.,"A",24,"D",.,"A",.,"A"
"20101",2039704,54,0,"1",.,"A",.,"A",.,"A",.,"A",.,"A",.,"A",.,"A",.,"A",.,"A",.,"A",.,"A",.,"A",150,"D",.,"A",.,"A"
"20101",2039714,36,0,"1",.,"A",.,"A",.,"A",.,"A",.,"A",.,"A",.,"A",.,"A",.,"A",.,"A",.,"A",.,"A",.,"A",.,"A",.,"A"
"20101",2039734,45,0,"1",.,"A",.,"A",.,"A",.,"A",.,"A",.,"A",91,"D",.,"A",.,"A",.,"A",.,"A",.,"A",.,"A",.,"A",.,"A"
"20101",2039744,46,0,"1",.,"A",.,"A",.,"A",.,"A",.,"A",.,"A",.,"A",.,"A",.,"A",.,"A",.,"A",.,"A",.,"A",.,"A",.,"A"
"20101",2039755,59,0,"1",.,"A",.,"A",.,"A",.,"A",.,"A",90,"D",.,"A",.,"A",.,"A",.,"A",.,"A",.,"A",300,"D",.,"A",.,"A"
"20101",2039764,62,0,"1",.,"A",.,"A",.,"A",.,"A",.,"A",.,"A",.,"A",.,"A",.,"A",.,"A",.,"A",.,"A",226,"D",.,"A",.,"A"
"20101",2039774,66,0,"1",.,"A",.,"A",.,"A",.,"A",.,"A",8,"D",754,"D",.,"A",.,"A",0,"D",0,"D",0,"D",120,"D",0,"D",.,"A"
"20101",2039784,69,0,"1",10,"D",.,"A",.,"A",.,"A",0,"D",.,"A",.,"A",.,"A",.,"A",.,"A",.,"A",.,"A",110,"D",.,"A",.,"A"
"20101",2039794,39,0,"1",.,"A",.,"A",.,"A",60,"D",.,"A",75,"D",.,"A",.,"A",.,"A",.,"A",.,"A",.,"A",60,"D",.,"A",.,"A"
"20101",2039804,46,0,"1",.,"A",.,"A",.,"A",.,"A",.,"A",.,"A",.,"A",.,"A",.,"A",.,"A",.,"A",.,"A",20,"D",.,"A",.,"A"
"20101",2039824,43,0,"1",.,"A",.,"A",.,"A",.,"A",4,"D",.,"A",156,"D",.,"A",.,"A",.,"A",.,"A",.,"A",.,"A",.,"A",.,"A"
"20101",2039844,61,0,"1",.,"A",.,"A",.,"A",.,"A",.,"A",.,"A",.,"A",.,"A",.,"A",.,"A",.,"A",.,"A",135,"D",.,"A",.,"A"
"20101",2039875,38,0,"1",.,"A",.,"A",.,"A",.,"A",.,"A",.,"A",.,"A",.,"A",.,"A",.,"A",.,"A",.,"A",30,"D",.,"A",.,"A"
"20101",2039884,34,0,"1",.,"A",.,"A",.,"A",.,"A",90,"D",.,"A",.,"A",.,"A",.,"A",.,"A",.,"A",.,"A",.,"A",.,"A",.,"A"
"20101",2039894,43,0,"1",.,"A",.,"A",.,"A",.,"A",250,"D",.,"A",390,"D",.,"A",.,"A",.,"A",.,"A",.,"A",.,"A",.,"A",.,"A"
"20101",2039904,85,0,"1",.,"A",.,"A",.,"A",.,"A",.,"A",.,"A",.,"A",.,"A",.,"A",.,"A",.,"A",.,"A",250,"D",.,"A",.,"A"
"20101",2039924,58,0,"1",.,"A",.,"A",.,"A",.,"A",.,"A",.,"A",.,"A",.,"A",.,"A",.,"A",.,"A",.,"A",.,"A",.,"A",.,"A"
"20101",2039934,47,0,"1",.,"A",.,"A",.,"A",.,"A",.,"A",.,"A",.,"A",.,"A",.,"A",.,"A",.,"A",.,"A",60,"D",.,"A",.,"A"
"20101",2039944,32,0,"1",.,"A",.,"A",.,"A",.,"A",.,"A",.,"A",.,"A",.,"A",.,"A",.,"A",.,"A",.,"A",.,"A",.,"A",.,"A"
"20101",2039954,29,0,"1",.,"A",.,"A",.,"A",.,"A",.,"A",.,"A",.,"A",.,"A",9,"D",.,"A",.,"A",.,"A",21,"D",.,"A",.,"A"
"20101",2039964,32,0,"1",.,"A",.,"A",.,"A",.,"A",.,"A",.,"A",.,"A",.,"A",.,"A",.,"A",.,"A",.,"A",.,"A",.,"A",.,"A"
"20101",2039984,37,0,"1",.,"A",.,"A",.,"A",.,"A",.,"A",.,"A",.,"A",.,"A",.,"A",.,"A",.,"A",.,"A",.,"A",.,"A",.,"A"
"20101",2039994,40,0,"1",.,"A",.,"A",.,"A",.,"A",245,"D",.,"A",.,"A",.,"A",.,"A",.,"A",.,"A",.,"A",.,"A",.,"A",.,"A"
"20101",2040005,36,0,"1",.,"A",.,"A",.,"A",.,"A",.,"A",.,"A",.,"A",.,"A",.,"A",.,"A",.,"A",.,"A",.,"A",.,"A",.,"A"
"20101",2040024,65,0,"1",.,"A",.,"A",.,"A",.,"A",.,"A",.,"A",.,"A",.,"A",.,"A",.,"A",.,"A",.,"A",150,"D",.,"A",.,"A"
"20101",2040034,53,0,"1",.,"A",.,"A",.,"A",.,"A",.,"A",.,"A",780,"D",.,"A",.,"A",.,"A",.,"A",.,"A",.,"A",.,"A",.,"A"
"20101",2040044,41,0,"1",.,"A",.,"A",.,"A",.,"A",.,"A",.,"A",260,"D",.,"A",.,"A",.,"A",.,"A",.,"A",.,"A",.,"A",.,"A"
"20101",2040064,82,0,"1",.,"A",.,"A",.,"A",.,"A",.,"A",.,"A",.,"A",.,"A",.,"A",.,"A",.,"A",.,"A",.,"A",.,"A",.,"A"
"20101",2040075,38,0,"1",.,"A",.,"A",.,"A",.,"A",.,"A",.,"A",.,"A",.,"A",.,"A",.,"A",.,"A",.,"A",.,"A",.,"A",.,"A"
"20101",2040094,59,0,"1",.,"A",.,"A",.,"A",.,"A",.,"A",.,"A",.,"A",.,"A",.,"A",.,"A",.,"A",.,"A",16,"D",.,"A",.,"A"
"20101",2040114,60,0,"1",.,"A",.,"A",.,"A",100,"D",.,"A",60,"D",.,"A",.,"A",.,"A",.,"A",.,"A",.,"A",600,"D",.,"A",.,"A"
"20101",2040124,56,0,"1",.,"A",.,"A",.,"A",.,"A",.,"A",.,"A",.,"A",.,"A",.,"A",.,"A",.,"A",.,"A",25,"D",.,"A",.,"A"
"20101",2040154,93,0,"1",.,"A",.,"A",.,"A",.,"A",.,"A",30,"D",.,"A",.,"A",30,"D",.,"A",.,"A",.,"A",20,"D",.,"A",.,"A"
"20101",2040174,50,0,"1",.,"A",.,"A",.,"A",.,"A",.,"A",.,"A",.,"A",.,"A",.,"A",.,"A",.,"A",.,"A",210,"D",.,"A",.,"A"
"20101",2040194,22,0,"1",.,"A",.,"A",.,"A",.,"A",30,"D",.,"A",.,"A",.,"A",.,"A",.,"A",.,"A",.,"A",.,"A",.,"A",.,"A"
"20101",2040204,39,0,"1",.,"A",.,"A",.,"A",.,"A",.,"A",40,"D",.,"A",.,"A",.,"A",.,"A",.,"A",.,"A",200,"D",.,"A",.,"A"
"20101",2040224,43,0,"1",.,"A",.,"A",.,"A",.,"A",.,"A",100,"D",.,"A",.,"A",.,"A",.,"A",.,"A",.,"A",300,"D",.,"A",.,"A"
"20101",2040244,49,0,"1",.,"A",.,"A",.,"A",.,"A",.,"A",.,"A",.,"A",.,"A",.,"A",0,"D",60,"D",0,"D",80,"D",0,"D",.,"A"
"20101",2040254,58,0,"1",.,"A",.,"A",.,"A",.,"A",.,"A",.,"A",.,"A",.,"A",.,"A",.,"A",.,"A",.,"A",150,"D",.,"A",.,"A"
"20101",2040264,27,0,"1",.,"A",.,"A",.,"A",.,"A",.,"A",.,"A",.,"A",.,"A",.,"A",.,"A",.,"A",.,"A",.,"A",.,"A",.,"A"
"20101",2040274,30,0,"1",.,"A",.,"A",.,"A",.,"A",25,"D",20,"D",.,"A",.,"A",.,"A",0,"D",0,"D",30,"D",20,"D",0,"D",.,"A"
"20101",2040284,48,0,"1",.,"A",.,"A",.,"A",.,"A",.,"A",.,"A",455,"D",78,"D",15,"D",.,"A",.,"A",.,"A",100,"D",.,"A",.,"A"
"20101",2040294,50,0,"1",.,"A",.,"A",.,"A",.,"A",.,"A",.,"A",.,"A",.,"A",.,"A",.,"A",.,"A",.,"A",40,"D",.,"A",.,"A"
"20101",2040304,60,0,"1",.,"A",.,"A",.,"A",.,"A",.,"A",150,"D",.,"A",.,"A",.,"A",.,"A",.,"A",.,"A",80,"D",.,"A",.,"A"
"20101",2040314,51,0,"1",.,"A",.,"A",.,"A",.,"A",40,"D",.,"A",.,"A",.,"A",.,"A",.,"A",.,"A",.,"A",.,"A",.,"A",.,"A"
"20101",2040324,56,0,"1",.,"A",.,"A",.,"A",.,"A",.,"A",.,"A",.,"A",.,"A",.,"A",.,"A",.,"A",.,"A",.,"A",.,"A",.,"A"
"20101",2040334,55,0,"1",.,"A",.,"A",.,"A",.,"A",.,"A",.,"A",182,"D",.,"A",.,"A",.,"A",.,"A",.,"A",375,"D",.,"A",.,"A"
"20101",2040344,43,0,"1",.,"A",.,"A",.,"A",.,"A",.,"A",.,"A",.,"A",.,"A",.,"A",.,"A",.,"A",.,"A",15,"D",.,"A",.,"A"
"20101",2040364,69,0,"1",.,"A",.,"A",.,"A",.,"A",.,"A",.,"A",.,"A",.,"A",.,"A",.,"A",.,"A",.,"A",25,"D",.,"A",.,"A"
"20101",2040374,30,0,"1",.,"A",.,"A",.,"A",.,"A",.,"A",.,"A",.,"A",.,"A",.,"A",.,"A",.,"A",.,"A",.,"A",.,"A",.,"A"
"20101",2040384,53,0,"1",.,"A",.,"A",.,"A",.,"A",.,"A",.,"A",.,"A",.,"A",.,"A",.,"A",.,"A",.,"A",165,"D",.,"A",.,"A"
"20101",2040395,48,0,"1",.,"A",.,"A",.,"A",.,"A",.,"A",.,"A",.,"A",.,"A",.,"A",960,"D",6,"D",6,"D",.,"A",320,"D",.,"A"
"20101",2040404,47,0,"1",.,"A",.,"A",.,"A",.,"A",.,"A",55,"D",.,"A",.,"A",.,"A",.,"A",.,"A",.,"A",175,"D",.,"A",.,"A"
"20101",2040414,47,0,"1",.,"A",.,"A",.,"A",.,"A",.,"A",.,"A",.,"A",.,"A",.,"A",.,"A",.,"A",.,"A",100,"D",.,"A",.,"A"
"20101",2040424,56,0,"1",.,"A",.,"A",.,"A",.,"A",.,"A",.,"A",.,"A",.,"A",.,"A",.,"A",.,"A",.,"A",.,"A",.,"A",.,"A"
"20101",2040435,72,0,"1",.,"A",.,"A",.,"A",.,"A",.,"A",.,"A",.,"A",.,"A",.,"A",.,"A",.,"A",.,"A",60,"D",.,"A",.,"A"
"20101",2040445,67,0,"1",.,"A",.,"A",.,"A",.,"A",.,"A",.,"A",.,"A",.,"A",.,"A",.,"A",.,"A",.,"A",150,"D",.,"A",.,"A"
"20101",2040464,50,0,"1",.,"A",.,"A",.,"A",.,"A",.,"A",.,"A",845,"D",.,"A",.,"A",.,"A",.,"A",.,"A",200,"D",.,"A",.,"A"
"20101",2040484,41,0,"1",.,"A",.,"A",.,"A",.,"A",.,"A",.,"A",.,"A",.,"A",.,"A",.,"A",.,"A",.,"A",60,"D",.,"A",.,"A"
"20101",2040524,47,0,"1",.,"A",.,"A",.,"A",.,"A",.,"A",90,"D",.,"A",.,"A",.,"A",.,"A",.,"A",.,"A",.,"A",.,"A",.,"A"
"20101",2040534,61,0,"1",.,"A",.,"A",.,"A",.,"A",.,"A",.,"A",.,"A",.,"A",.,"A",.,"A",.,"A",.,"A",.,"A",.,"A",.,"A"
"20101",2040554,50,0,"1",40,"D",.,"A",.,"A",.,"A",120,"D",.,"A",.,"A",.,"A",.,"A",.,"A",.,"A",.,"A",450,"D",.,"A",.,"A"
"20101",2040564,32,0,"1",.,"A",.,"A",.,"A",10,"D",15,"D",.,"A",.,"A",.,"A",15,"D",.,"A",.,"A",.,"A",10,"D",.,"A",.,"A"
"20101",2040574,49,0,"1",.,"A",.,"A",.,"A",.,"A",.,"A",.,"A",.,"A",.,"A",.,"A",.,"A",.,"A",.,"A",.,"A",.,"A",.,"A"
"20101",2040584,52,0,"1",.,"A",.,"A",.,"A",.,"A",120,"D",.,"A",.,"A",.,"A",.,"A",.,"A",.,"A",.,"A",.,"A",.,"A",.,"A"
"20101",2040594,66,0,"1",.,"A",.,"A",.,"A",.,"A",.,"A",.,"A",.,"A",.,"A",.,"A",.,"A",.,"A",.,"A",60,"D",.,"A",.,"A"
"20101",2040604,50,0,"1",.,"A",.,"A",1,"D",.,"A",.,"A",.,"A",.,"A",.,"A",.,"A",.,"A",.,"A",.,"A",84,"D",.,"A",.,"A"
"20101",2040614,37,0,"1",.,"A",.,"A",.,"A",.,"A",21,"D",.,"A",.,"A",.,"A",.,"A",.,"A",.,"A",.,"A",10,"F",.,"A",.,"A"
"20101",2040624,41,0,"1",.,"A",.,"A",.,"A",.,"A",.,"A",.,"A",.,"A",.,"A",.,"A",.,"A",.,"A",.,"A",.,"A",.,"A",.,"A"
"20101",2040644,39,0,"1",.,"A",.,"A",.,"A",.,"A",.,"A",.,"A",.,"A",.,"A",.,"A",.,"A",.,"A",.,"A",.,"A",.,"A",.,"A"
"20101",2040654,49,0,"1",.,"A",.,"A",.,"A",.,"A",.,"A",.,"A",.,"A",.,"A",12,"D",.,"A",.,"A",.,"A",16,"D",.,"A",.,"A"
"20101",2040674,49,0,"1",.,"A",.,"A",.,"A",.,"A",.,"A",.,"A",.,"A",.,"A",.,"A",.,"A",.,"A",.,"A",132,"D",.,"A",.,"A"
"20101",2040684,47,0,"1",.,"A",.,"A",.,"A",.,"A",.,"A",.,"A",.,"A",.,"A",.,"A",.,"A",.,"A",.,"A",.,"A",.,"A",.,"A"
"20101",2040694,47,0,"1",.,"A",.,"A",.,"A",.,"A",54,"D",.,"A",.,"A",.,"A",180,"D",.,"A",.,"A",.,"A",.,"A",.,"A",.,"A"
"20101",2040704,58,0,"1",.,"A",.,"A",8,"D",.,"A",.,"A",.,"A",130,"D",.,"A",.,"A",240,"D",6,"D",6,"D",105,"D",80,"D",.,"A"
"20101",2040714,60,0,"1",.,"A",.,"A",.,"A",.,"A",.,"A",.,"A",.,"A",.,"A",.,"A",.,"A",.,"A",.,"A",150,"D",.,"A",.,"A"
"20101",2040724,45,0,"1",.,"A",.,"A",.,"A",.,"A",.,"A",.,"A",325,"D",.,"A",.,"A",.,"A",.,"A",.,"A",.,"A",.,"A",.,"A"
"20101",2040734,67,0,"1",.,"A",.,"A",.,"A",.,"A",.,"A",40,"D",.,"A",.,"A",.,"A",1110,"D",0,"D",45,"D",.,"A",370,"D",.,"A"
"20101",2040744,58,0,"1",.,"A",.,"A",.,"A",.,"A",.,"A",.,"A",.,"A",.,"A",.,"A",.,"A",.,"A",.,"A",70,"D",.,"A",.,"A"
"20101",2040754,43,0,"1",.,"A",.,"A",.,"A",.,"A",.,"A",.,"A",.,"A",.,"A",.,"A",.,"A",.,"A",.,"A",115,"D",.,"A",.,"A"
"20101",2040764,53,0,"1",.,"A",.,"A",.,"A",.,"A",.,"A",.,"A",.,"A",.,"A",.,"A",.,"A",.,"A",.,"A",18,"D",.,"A",.,"A"
"20101",2040774,31,0,"1",.,"A",.,"A",.,"A",.,"A",70,"D",.,"A",.,"A",.,"A",.,"A",.,"A",.,"A",.,"A",45,"D",.,"A",.,"A"
"20101",2040784,45,0,"1",.,"A",.,"A",.,"A",.,"A",.,"A",.,"A",.,"A",.,"A",.,"A",.,"A",.,"A",.,"A",.,"A",.,"A",.,"A"
"20101",2040794,41,0,"1",.,"A",.,"A",.,"A",.,"A",.,"A",.,"A",.,"A",.,"A",45,"D",.,"A",.,"A",.,"A",35,"D",.,"A",.,"A"
"20101",2040804,62,0,"1",.,"A",.,"A",.,"A",.,"A",.,"A",.,"A",.,"A",.,"A",.,"A",.,"A",.,"A",.,"A",80,"D",.,"A",.,"A"
"20101",2040814,83,0,"1",.,"A",.,"A",.,"A",.,"A",.,"A",170,"D",.,"A",.,"A",.,"A",.,"A",.,"A",.,"A",800,"D",.,"A",.,"A"
"20101",2040824,34,0,"1",.,"A",.,"A",.,"A",.,"A",.,"A",.,"A",260,"D",78,"D",9,"D",.,"A",.,"A",.,"A",.,"A",.,"A",.,"A"
"20101",2040835,77,0,"1",.,"A",.,"A",.,"A",.,"A",.,"A",.,"A",.,"A",.,"A",.,"A",.,"A",.,"A",.,"A",15,"D",.,"A",.,"A"
"20101",2040844,107,0,"1",.,"A",.,"A",.,"A",.,"A",19,"D",.,"A",.,"A",.,"A",.,"A",.,"A",.,"A",.,"A",70,"D",.,"A",.,"A"
"20101",2040854,66,0,"1",.,"A",.,"A",.,"A",.,"A",.,"A",.,"A",.,"A",.,"A",.,"A",.,"A",.,"A",.,"A",75,"D",.,"A",.,"A"
"20101",2040864,60,0,"1",.,"A",.,"A",.,"A",.,"A",.,"A",.,"A",.,"A",.,"A",.,"A",.,"A",.,"A",.,"A",.,"A",.,"A",.,"A"
"20101",2040884,46,0,"1",.,"A",.,"A",.,"A",.,"A",.,"A",.,"A",.,"A",.,"A",.,"A",.,"A",.,"A",.,"A",32,"D",.,"A",.,"A"
"20101",2040895,48,0,"1",.,"A",.,"A",.,"A",.,"A",.,"A",25,"D",.,"A",.,"A",.,"A",.,"A",.,"A",.,"A",.,"A",.,"A",.,"A"
"20101",2040914,44,0,"1",.,"A",.,"A",.,"A",.,"A",300,"D",.,"A",455,"D",.,"A",.,"A",.,"A",.,"A",.,"A",30,"D",.,"A",.,"A"
"20101",2040964,41,0,"1",.,"A",.,"A",.,"A",150,"D",.,"A",.,"A",.,"A",.,"A",.,"A",.,"A",.,"A",.,"A",.,"A",.,"A",.,"A"
"20101",2040974,36,0,"1",.,"A",.,"A",.,"A",.,"A",5,"D",.,"A",.,"A",.,"A",.,"A",.,"A",.,"A",.,"A",10,"D",.,"A",.,"A"
"20101",2040984,33,0,"1",.,"A",.,"A",.,"A",.,"A",.,"A",4,"D",.,"A",.,"A",18,"D",0,"D",0,"D",15,"D",30,"D",0,"D",.,"A"
"20101",2040994,26,0,"1",.,"A",.,"A",.,"A",.,"A",.,"A",.,"A",.,"A",.,"A",.,"A",.,"A",.,"A",.,"A",.,"A",.,"A",.,"A"
"20101",2041004,58,0,"1",.,"A",.,"A",.,"A",.,"A",.,"A",.,"A",.,"A",.,"A",.,"A",282,"D",0,"D",30,"D",27,"D",94,"D",.,"A"
"20101",2041014,42,0,"1",.,"A",.,"A",.,"A",.,"A",.,"A",.,"A",455,"D",.,"A",.,"A",.,"A",.,"A",.,"A",13,"D",.,"A",.,"A"
"20101",2041024,31,0,"1",.,"A",.,"A",.,"A",.,"A",40,"D",.,"A",.,"A",.,"A",.,"A",.,"A",.,"A",.,"A",.,"A",.,"A",.,"A"
"20101",2041054,26,0,"1",.,"A",.,"A",.,"A",.,"A",20,"D",.,"A",.,"A",.,"A",.,"A",.,"A",.,"A",.,"A",.,"A",.,"A",.,"A"
"20101",2041064,43,0,"1",.,"A",.,"A",.,"A",.,"A",.,"A",.,"A",.,"A",.,"A",.,"A",.,"A",.,"A",.,"A",18,"D",.,"A",.,"A"
"20101",2041074,26,0,"1",.,"A",.,"A",.,"A",.,"A",.,"A",.,"A",.,"A",.,"A",.,"A",.,"A",.,"A",.,"A",50,"D",.,"A",.,"A"
"20101",2041084,52,0,"1",.,"A",.,"A",.,"A",.,"A",70,"D",.,"A",.,"A",.,"A",.,"A",.,"A",.,"A",.,"A",.,"A",.,"A",.,"A"
"20101",2041094,56,0,"1",.,"A",.,"A",.,"A",.,"A",.,"A",.,"A",.,"A",.,"A",.,"A",.,"A",.,"A",.,"A",.,"A",.,"A",.,"A"
"20101",2041124,102,0,"1",.,"A",.,"A",20,"D",.,"A",.,"A",20,"D",.,"A",.,"A",.,"A",0,"D",0,"D",60,"D",50,"D",0,"D",.,"A"
"20101",2041134,49,0,"1",.,"A",.,"A",.,"A",.,"A",.,"A",.,"A",.,"A",.,"A",.,"A",.,"A",.,"A",.,"A",.,"A",.,"A",.,"A"
"20101",2041154,62,0,"1",.,"A",.,"A",.,"A",.,"A",.,"A",.,"A",.,"A",.,"A",.,"A",.,"A",.,"A",.,"A",15,"D",.,"A",.,"A"
"20101",2041174,42,0,"1",.,"A",.,"A",.,"A",.,"A",.,"A",.,"A",1040,"D",.,"A",.,"A",.,"A",.,"A",.,"A",.,"A",.,"A",.,"A"
"20101",2041184,40,0,"1",.,"A",.,"A",.,"A",.,"A",.,"A",.,"A",.,"A",.,"A",.,"A",.,"A",.,"A",.,"A",.,"A",.,"A",.,"A"
"20101",2041204,65,0,"1",.,"A",.,"A",.,"A",.,"A",.,"A",30,"D",325,"D",.,"A",30,"D",.,"A",.,"A",.,"A",185,"D",.,"A",.,"A"
"20101",2041215,47,0,"1",.,"A",.,"A",.,"A",.,"A",.,"A",.,"A",.,"A",.,"A",.,"A",.,"A",.,"A",.,"A",.,"A",.,"A",.,"A"
"20101",2041224,80,0,"1",30,"D",.,"A",.,"A",.,"A",0,"D",.,"A",.,"A",.,"A",.,"A",.,"A",.,"A",.,"A",180,"D",.,"A",.,"A"
"20101",2041254,80,0,"1",.,"A",20,"D",.,"A",.,"A",.,"A",20,"D",156,"D",.,"A",45,"D",.,"A",.,"A",.,"A",400,"D",.,"A",.,"A"
"20101",2041284,50,0,"1",10,"D",.,"A",.,"A",.,"A",15,"D",225,"D",.,"A",.,"A",.,"A",105,"D",0,"D",105,"D",600,"D",35,"D",30,"D"
"20101",2041294,34,0,"1",30,"D",.,"A",.,"A",.,"A",90,"D",.,"A",.,"A",.,"A",27,"D",.,"A",.,"A",.,"A",.,"A",.,"A",.,"A"
"20101",2041304,45,0,"1",.,"A",.,"A",.,"A",.,"A",.,"A",.,"A",.,"A",.,"A",.,"A",.,"A",.,"A",.,"A",.,"A",.,"A",.,"A"
"20101",2041324,56,0,"1",.,"A",.,"A",.,"A",.,"A",.,"A",.,"A",.,"A",.,"A",.,"A",.,"A",.,"A",.,"A",66,"D",.,"A",.,"A"
"20101",2041334,33,0,"1",.,"A",.,"A",.,"A",.,"A",.,"A",.,"A",.,"A",.,"A",.,"A",.,"A",.,"A",.,"A",.,"A",.,"A",.,"A"
"20101",2041354,64,0,"1",.,"A",.,"A",.,"A",.,"A",.,"A",.,"A",.,"A",.,"A",.,"A",.,"A",.,"A",.,"A",70,"D",.,"A",.,"A"
"20101",2041364,52,0,"1",.,"A",.,"A",.,"A",.,"A",.,"A",.,"A",.,"A",.,"A",.,"A",.,"A",.,"A",.,"A",.,"A",.,"A",.,"A"
"20101",2041384,48,0,"1",.,"A",.,"A",.,"A",.,"A",.,"A",.,"A",.,"A",.,"A",.,"A",.,"A",.,"A",.,"A",.,"A",.,"A",.,"A"
"20101",2041404,23,0,"1",.,"A",.,"A",.,"A",.,"A",66,"F",.,"A",.,"A",.,"A",.,"A",0,"D",0,"D",60,"F",.,"A",0,"D",.,"A"
"20101",2155135,39,0,"1",.,"A",.,"A",.,"A",.,"A",.,"A",.,"A",.,"A",.,"A",.,"A",.,"A",.,"A",.,"A",60,"D",.,"A",.,"A"
"20101",2155285,90,0,"1",.,"A",.,"A",.,"A",.,"A",.,"A",.,"A",481,"D",.,"A",15,"D",.,"A",.,"A",.,"A",182,"D",.,"A",.,"A"
"20101",2155315,45,0,"1",.,"A",.,"A",.,"A",.,"A",75,"D",90,"D",.,"A",.,"A",.,"A",0,"D",243,"D",0,"D",150,"D",0,"D",.,"A"
"20101",2155355,70,0,"1",.,"A",.,"A",.,"A",.,"A",.,"A",.,"A",.,"A",.,"A",.,"A",.,"A",.,"A",.,"A",.,"A",.,"A",.,"A"
"20101",2155365,34,0,"1",.,"A",.,"A",.,"A",.,"A",.,"A",.,"A",.,"A",.,"A",.,"A",.,"A",.,"A",.,"A",100,"D",.,"A",.,"A"
"20101",2155395,39,0,"1",.,"A",.,"A",.,"A",.,"A",.,"A",.,"A",.,"A",.,"A",.,"A",.,"A",.,"A",.,"A",36,"D",.,"A",.,"A"
"20101",2155405,42,0,"1",.,"A",.,"A",.,"A",.,"A",.,"A",.,"A",.,"A",.,"A",.,"A",.,"A",.,"A",.,"A",.,"A",.,"A",.,"A"
"20101",2155495,50,0,"1",.,"A",.,"A",.,"A",.,"A",.,"A",.,"A",.,"A",.,"A",.,"A",.,"A",.,"A",.,"A",.,"A",.,"A",.,"A"
"20101",2155635,78,0,"1",.,"A",.,"A",.,"A",.,"A",.,"A",120,"D",.,"A",.,"A",450,"D",.,"A",.,"A",.,"A",550,"D",.,"A",.,"A"
"20101",2155705,55,0,"1",.,"A",.,"A",.,"A",.,"A",.,"A",.,"A",.,"A",.,"A",.,"A",.,"A",.,"A",.,"A",380,"D",.,"A",.,"A"
"20101",2155785,90,0,"1",.,"A",.,"A",.,"A",.,"A",.,"A",.,"A",260,"D",.,"A",.,"A",.,"A",.,"A",.,"A",140,"D",.,"A",.,"A"
"20101",2155795,33,0,"1",.,"A",.,"A",.,"A",.,"A",.,"A",.,"A",.,"A",.,"A",.,"A",.,"A",.,"A",.,"A",.,"A",.,"A",.,"A"
"20101",2155805,30,0,"1",5,"D",.,"A",.,"A",.,"A",15,"D",.,"A",.,"A",.,"A",.,"A",.,"A",.,"A",.,"A",.,"A",.,"A",.,"A"
"20101",2155825,60,0,"1",.,"A",.,"A",.,"A",.,"A",.,"A",100,"D",.,"A",.,"A",.,"A",.,"A",.,"A",.,"A",200,"D",.,"A",.,"A"
"20101",2155845,36,0,"1",.,"A",.,"A",.,"A",.,"A",.,"A",.,"A",.,"A",.,"A",.,"A",.,"A",.,"A",.,"A",.,"A",.,"A",.,"A"
"20101",2156035,97,0,"1",.,"A",.,"A",.,"A",.,"A",.,"A",.,"A",1170,"D",130,"D",.,"A",.,"A",.,"A",.,"A",.,"A",.,"A",.,"A"
"20101",2156185,61,0,"1",.,"A",.,"A",.,"A",.,"A",.,"A",.,"A",.,"A",65,"D",54,"D",.,"A",.,"A",.,"A",100,"D",.,"A",.,"A"
"20101",2156195,27,0,"1",.,"A",.,"A",.,"A",.,"A",.,"A",.,"A",.,"A",.,"A",.,"A",42,"D",0,"D",0,"D",.,"A",14,"D",.,"A"
"20101",2156245,31,0,"1",.,"A",.,"A",.,"A",.,"A",.,"A",.,"A",.,"A",.,"A",.,"A",0,"D",0,"D",60,"D",.,"A",0,"D",.,"A"
"20101",2156315,102,0,"1",.,"A",.,"A",.,"A",.,"A",.,"A",150,"D",390,"D",.,"A",90,"D",.,"A",.,"A",.,"A",250,"D",.,"A",.,"A"
"20101",2156325,53,0,"1",.,"A",50,"D",.,"A",.,"A",.,"A",0,"D",.,"A",.,"A",.,"A",.,"A",.,"A",.,"A",300,"D",.,"A",.,"A"
"20101",2156385,32,0,"1",.,"A",.,"A",.,"A",.,"A",.,"A",.,"A",.,"A",.,"A",.,"A",.,"A",.,"A",.,"A",45,"D",.,"A",.,"A"
"20101",2156545,27,0,"1",.,"A",.,"A",.,"A",.,"A",.,"A",.,"A",.,"A",.,"A",.,"A",.,"A",.,"A",.,"A",48,"D",.,"A",.,"A"
"20101",2156625,30,0,"1",.,"A",.,"A",.,"A",.,"A",.,"A",.,"A",.,"A",.,"A",.,"A",.,"A",.,"A",.,"A",.,"A",.,"A",.,"A"
"20101",2156655,41,0,"1",.,"A",.,"A",.,"A",.,"A",150,"D",.,"A",.,"A",.,"A",.,"A",.,"A",.,"A",.,"A",60,"D",.,"A",.,"A"
"20101",2156665,43,0,"1",.,"A",.,"A",.,"A",.,"A",.,"A",.,"A",.,"A",.,"A",.,"A",.,"A",.,"A",.,"A",300,"D",.,"A",.,"A"
"20101",2156735,54,0,"1",.,"A",.,"A",.,"A",.,"A",.,"A",.,"A",.,"A",.,"A",.,"A",.,"A",.,"A",.,"A",280,"D",.,"A",.,"A"
"20101",2156765,47,0,"1",.,"A",.,"A",.,"A",.,"A",.,"A",30,"D",130,"D",.,"A",.,"A",.,"A",.,"A",.,"A",60,"D",.,"A",.,"A"
"20101",2156875,27,0,"1",.,"A",.,"A",.,"A",.,"A",20,"D",.,"A",.,"A",.,"A",.,"A",36,"D",0,"D",0,"D",30,"D",12,"D",.,"A"
"20101",2156935,43,0,"1",.,"A",.,"A",.,"A",.,"A",.,"A",.,"A",520,"D",.,"A",.,"A",.,"A",.,"A",.,"A",180,"D",.,"A",.,"A"
"20101",2156955,84,0,"1",.,"A",.,"A",.,"A",.,"A",.,"A",200,"D",.,"A",.,"A",.,"A",.,"A",.,"A",.,"A",600,"D",.,"A",.,"A"
"20101",2157025,76,0,"1",.,"A",.,"A",.,"A",.,"A",.,"A",.,"A",.,"A",.,"A",.,"A",.,"A",.,"A",.,"A",140,"D",.,"A",.,"A"
"20101",2157145,35,0,"1",10,"D",.,"A",.,"A",.,"A",70,"D",.,"A",156,"D",.,"A",.,"A",.,"A",.,"A",.,"A",.,"A",.,"A",.,"A"
"20101",2157295,51,0,"1",.,"A",.,"A",.,"A",.,"A",.,"A",80,"D",.,"A",.,"A",.,"A",.,"A",.,"A",.,"A",34,"D",.,"A",.,"A"
"20101",2157315,44,0,"1",.,"A",.,"A",.,"A",.,"A",.,"A",.,"A",.,"A",.,"A",.,"A",.,"A",.,"A",.,"A",60,"D",.,"A",.,"A"
"20101",2157365,23,0,"1",.,"A",.,"A",.,"A",.,"A",.,"A",.,"A",.,"A",.,"A",.,"A",.,"A",.,"A",.,"A",.,"A",.,"A",.,"A"
"20101",2157375,35,0,"1",.,"A",.,"A",38,"F",.,"A",.,"A",.,"A",.,"A",.,"A",.,"A",.,"A",.,"A",.,"A",.,"A",.,"A",.,"A"
"20101",2157425,46,0,"1",.,"A",.,"A",.,"A",.,"A",.,"A",.,"A",.,"A",.,"A",.,"A",.,"A",.,"A",.,"A",90,"F",.,"A",.,"A"
"20101",2157695,28,0,"1",.,"A",.,"A",.,"A",.,"A",.,"A",.,"A",.,"A",.,"A",.,"A",0,"D",0,"D",12,"D",.,"A",0,"D",.,"A"
"20101",2157745,75,0,"1",.,"A",.,"A",.,"A",.,"A",.,"A",.,"A",390,"D",.,"A",.,"A",.,"A",.,"A",.,"A",150,"D",.,"A",.,"A"
"20101",2157755,34,0,"1",.,"A",.,"A",.,"A",.,"A",.,"A",.,"A",.,"A",.,"A",.,"A",.,"A",.,"A",.,"A",.,"A",.,"A",.,"A"
"20101",2157805,52,0,"1",.,"A",.,"A",.,"A",.,"A",.,"A",.,"A",.,"A",.,"A",.,"A",.,"A",.,"A",.,"A",.,"A",.,"A",.,"A"
"20101",2157915,34,0,"1",.,"A",.,"A",.,"A",.,"A",.,"A",.,"A",.,"A",.,"A",.,"A",.,"A",.,"A",.,"A",30,"D",.,"A",.,"A"
"20101",2157935,45,0,"1",.,"A",.,"A",.,"A",.,"A",.,"A",.,"A",.,"A",.,"A",.,"A",.,"A",.,"A",.,"A",75,"D",.,"A",.,"A"
"20101",2157985,35,0,"1",.,"A",.,"A",.,"A",.,"A",.,"A",.,"A",.,"A",.,"A",.,"A",.,"A",.,"A",.,"A",.,"A",.,"A",.,"A"
"20101",2158065,46,0,"1",.,"A",.,"A",.,"A",.,"A",.,"A",126,"D",.,"A",.,"A",.,"A",.,"A",.,"A",.,"A",12,"D",.,"A",.,"A"
"20101",2158165,42,0,"1",.,"A",.,"A",.,"A",.,"A",.,"A",.,"A",.,"A",.,"A",.,"A",.,"A",.,"A",.,"A",.,"A",.,"A",.,"A"
"20101",2158235,40,0,"1",.,"A",.,"A",.,"A",.,"A",.,"A",10,"D",780,"D",.,"A",.,"A",0,"D",0,"D",108,"D",70,"D",0,"D",.,"A"
"20101",2158265,25,0,"1",.,"A",.,"A",.,"A",.,"A",15,"D",.,"A",.,"A",.,"A",.,"A",.,"A",.,"A",.,"A",.,"A",.,"A",.,"A"
"20101",2158395,55,0,"1",.,"A",.,"A",.,"A",.,"A",.,"A",.,"A",.,"A",.,"A",.,"A",.,"A",.,"A",.,"A",.,"A",.,"A",.,"A"
"20101",2158455,62,0,"1",.,"A",.,"A",.,"A",.,"A",.,"A",.,"A",.,"A",.,"A",.,"A",.,"A",.,"A",.,"A",300,"D",.,"A",.,"A"
"20101",2158475,44,0,"1",.,"A",.,"A",.,"A",.,"A",.,"A",.,"A",.,"A",.,"A",.,"A",.,"A",.,"A",.,"A",66,"D",.,"A",.,"A"
"20101",2158705,58,0,"1",.,"A",.,"A",.,"A",.,"A",.,"A",.,"A",.,"A",.,"A",.,"A",.,"A",.,"A",.,"A",.,"A",.,"A",.,"A"
"20101",2158775,66,0,"1",.,"A",.,"A",.,"A",.,"A",.,"A",.,"A",.,"A",.,"A",30,"D",.,"A",.,"A",.,"A",170,"D",.,"A",.,"A"
"20101",2158825,22,0,"1",.,"A",.,"A",.,"A",.,"A",.,"A",.,"A",.,"A",.,"A",.,"A",.,"A",.,"A",.,"A",.,"A",.,"A",.,"A"
"20101",2158905,73,0,"1",.,"A",.,"A",.,"A",.,"A",.,"A",20,"D",.,"A",.,"A",.,"A",.,"A",.,"A",.,"A",150,"D",.,"A",.,"A"
"20101",2159025,30,0,"1",0,"F",.,"A",.,"A",30,"D",74,"F",.,"A",.,"A",.,"A",24,"D",0,"D",0,"D",0,"D",20,"D",0,"D",.,"A"
"20101",2159145,25,0,"1",.,"A",.,"A",.,"A",.,"A",.,"A",.,"A",.,"A",.,"A",.,"A",.,"A",.,"A",.,"A",.,"A",.,"A",.,"A"
"20101",2159185,25,0,"1",.,"A",.,"A",.,"A",.,"A",.,"A",.,"A",.,"A",.,"A",.,"A",.,"A",.,"A",.,"A",25,"D",.,"A",.,"A"
"20101",2159195,59,0,"1",.,"A",.,"A",.,"A",.,"A",.,"A",.,"A",377,"D",.,"A",.,"A",.,"A",.,"A",.,"A",64,"D",.,"A",.,"A"
"20101",2159325,23,0,"1",.,"A",.,"A",.,"A",.,"A",.,"A",.,"A",.,"A",.,"A",.,"A",.,"A",.,"A",.,"A",.,"A",.,"A",.,"A"
"20101",2159495,36,0,"1",.,"A",.,"A",.,"A",.,"A",.,"A",.,"A",.,"A",.,"A",.,"A",0,"D",0,"D",0,"D",.,"A",0,"D",.,"A"
"20101",2159565,23,0,"1",.,"A",.,"A",.,"A",.,"A",30,"D",.,"A",.,"A",.,"A",.,"A",150,"F",0,"D",360,"F",.,"A",.,"C",.,"A"
"20101",2159615,39,0,"1",.,"A",.,"A",.,"A",.,"A",.,"A",.,"A",.,"A",.,"A",.,"A",.,"A",.,"A",.,"A",100,"D",.,"A",.,"A"
"20101",2159625,44,0,"1",.,"A",.,"A",.,"A",.,"A",.,"A",.,"A",.,"A",.,"A",.,"A",.,"A",.,"A",.,"A",450,"D",.,"A",.,"A"
"20101",2159745,79,0,"1",.,"A",.,"A",.,"A",.,"A",.,"A",.,"A",.,"A",.,"A",.,"A",.,"A",.,"A",.,"A",150,"D",.,"A",.,"A"
"20101",2159795,41,0,"1",.,"A",.,"A",.,"A",.,"A",.,"A",.,"A",.,"A",.,"A",.,"A",.,"A",.,"A",.,"A",30,"D",.,"A",.,"A"
"20101",2159835,62,0,"1",.,"A",.,"A",.,"A",.,"A",.,"A",.,"A",130,"D",.,"A",.,"A",.,"A",.,"A",.,"A",.,"A",.,"A",.,"A"
"20101",2159965,57,0,"1",.,"A",.,"A",.,"A",.,"A",.,"A",.,"A",.,"A",.,"A",.,"A",.,"A",.,"A",.,"A",.,"A",.,"A",.,"A"
"20101",2159975,24,0,"1",.,"A",.,"A",.,"A",.,"A",.,"A",.,"A",.,"A",.,"A",.,"A",.,"A",.,"A",.,"A",.,"A",.,"A",.,"A"
"20101",2159995,96,0,"1",.,"A",.,"A",.,"A",.,"A",.,"A",50,"D",.,"A",.,"A",.,"A",.,"A",.,"A",.,"A",500,"D",.,"A",.,"A"
"20101",2160225,50,0,"1",.,"A",.,"A",.,"A",.,"A",25,"D",.,"A",.,"A",.,"A",.,"A",.,"A",.,"A",.,"A",25,"D",.,"A",.,"A"
"20101",2160375,42,0,"1",.,"A",.,"A",.,"A",.,"A",.,"A",.,"A",.,"A",.,"A",.,"A",.,"A",.,"A",.,"A",20,"D",.,"A",.,"A"
"20101",2160425,41,0,"1",.,"A",.,"A",.,"A",.,"A",.,"A",.,"A",.,"A",.,"A",.,"A",.,"A",.,"A",.,"A",.,"A",.,"A",.,"A"
"20101",2160505,35,0,"1",0,"F",.,"A",.,"A",.,"A",21,"F",.,"A",260,"F",.,"A",.,"A",.,"A",.,"A",.,"A",60,"D",.,"A",.,"A"
"20101",2160525,34,0,"1",.,"A",.,"A",.,"A",.,"A",10,"D",.,"A",520,"D",.,"A",.,"A",.,"A",.,"A",.,"A",15,"D",.,"A",.,"A"
"20101",2160575,24,0,"1",.,"A",.,"A",.,"A",.,"A",.,"A",.,"A",.,"A",.,"A",.,"A",.,"A",.,"A",.,"A",.,"A",.,"A",.,"A"
"20101",2160615,72,0,"1",.,"A",.,"A",.,"A",.,"A",.,"A",150,"D",.,"A",.,"A",.,"A",1350,"D",0,"D",0,"D",500,"D",450,"D",.,"A"
"20101",2160735,54,0,"1",.,"A",.,"A",35,"D",.,"A",.,"A",.,"A",.,"A",.,"A",.,"A",.,"A",.,"A",.,"A",.,"A",.,"A",.,"A"
"20101",2160745,36,0,"1",.,"A",.,"A",.,"A",.,"A",.,"A",.,"A",.,"A",.,"A",.,"A",.,"A",.,"A",.,"A",.,"A",.,"A",.,"A"
"20101",2160935,71,0,"1",.,"A",.,"A",.,"A",.,"A",.,"A",71,"D",.,"A",.,"A",3,"D",.,"A",.,"A",.,"A",25,"D",.,"A",.,"A"
"20101",2160965,46,0,"1",.,"A",.,"A",.,"A",.,"A",.,"A",.,"A",260,"D",.,"A",.,"A",.,"A",.,"A",.,"A",.,"A",.,"A",.,"A"
"20101",2161205,43,0,"1",.,"A",.,"A",.,"A",.,"A",.,"A",.,"A",.,"A",.,"A",.,"A",.,"A",.,"A",.,"A",13,"D",.,"A",.,"A"
"20101",2161234,68,0,"1",.,"A",.,"A",.,"A",.,"A",.,"A",20,"D",.,"A",.,"A",.,"A",.,"A",.,"A",.,"A",40,"D",.,"A",.,"A"
"20101",2161264,44,0,"1",.,"A",.,"A",.,"A",.,"A",.,"A",.,"A",.,"A",.,"A",.,"A",.,"A",.,"A",.,"A",25,"D",.,"A",.,"A"
"20101",2161344,36,0,"1",.,"A",.,"A",.,"A",.,"A",.,"A",.,"A",130,"D",.,"A",.,"A",.,"A",.,"A",.,"A",35,"D",.,"A",.,"A"
"20101",2161414,62,0,"1",.,"A",.,"A",.,"A",.,"A",.,"A",.,"A",.,"A",.,"A",.,"A",.,"A",.,"A",.,"A",250,"D",.,"A",.,"A"
"20101",2161424,66,0,"1",.,"A",.,"A",.,"A",.,"A",.,"A",.,"A",.,"A",.,"A",.,"A",.,"A",.,"A",.,"A",100,"D",.,"A",.,"A"
"20101",2161444,39,0,"1",0,"F",.,"A",.,"A",.,"A",60,"F",.,"A",221,"D",.,"A",33,"D",.,"A",.,"A",.,"A",.,"A",.,"A",.,"A"
"20101",2161494,39,0,"1",.,"A",.,"A",.,"A",.,"A",.,"A",.,"A",.,"A",390,"D",.,"A",.,"A",.,"A",.,"A",.,"A",.,"A",.,"A"
"20101",2161564,36,0,"1",.,"A",.,"A",.,"A",.,"A",.,"A",.,"A",.,"A",.,"A",.,"A",.,"A",.,"A",.,"A",200,"D",.,"A",.,"A"
"20101",2161574,53,0,"1",.,"A",.,"A",.,"A",.,"A",.,"A",.,"A",.,"A",.,"A",.,"A",.,"A",.,"A",.,"A",60,"D",.,"A",.,"A"
"20101",2161644,54,0,"1",.,"A",.,"A",.,"A",.,"A",.,"A",50,"D",.,"A",.,"A",.,"A",60,"D",0,"D",0,"D",75,"D",20,"D",.,"A"
"20101",2161664,60,0,"1",.,"A",.,"A",.,"A",.,"A",.,"A",.,"A",.,"A",.,"A",.,"A",.,"A",.,"A",.,"A",110,"D",.,"A",.,"A"
"20101",2161674,31,0,"1",.,"A",.,"A",.,"A",.,"A",.,"A",.,"A",520,"D",.,"A",.,"A",.,"A",.,"A",.,"A",.,"A",.,"A",.,"A"
"20101",2161734,54,0,"1",.,"A",.,"A",.,"A",.,"A",.,"A",.,"A",585,"D",.,"A",.,"A",.,"A",.,"A",.,"A",90,"F",.,"A",.,"A"
"20101",2161744,31,0,"1",.,"A",.,"A",.,"A",.,"A",.,"A",.,"A",.,"A",.,"A",.,"A",180,"D",0,"D",0,"D",.,"A",60,"D",93,"D"
"20101",2161784,42,0,"1",.,"A",.,"A",.,"A",.,"A",60,"D",.,"A",.,"A",65,"D",.,"A",.,"A",.,"A",.,"A",.,"A",.,"A",.,"A"
"20101",2161924,37,0,"1",.,"A",.,"A",.,"A",.,"A",40,"D",.,"A",.,"A",.,"A",.,"A",.,"A",.,"A",.,"A",240,"D",.,"A",.,"A"
"20101",2162044,77,0,"1",.,"A",.,"A",.,"A",.,"A",.,"A",.,"A",.,"A",.,"A",.,"A",.,"A",.,"A",.,"A",200,"D",.,"A",.,"A"
"20101",2162074,42,0,"1",.,"A",.,"A",.,"A",.,"A",.,"A",.,"A",.,"A",.,"A",.,"A",.,"A",.,"A",.,"A",60,"D",.,"A",.,"A"
"20101",2162084,41,0,"1",.,"A",.,"A",.,"A",.,"A",.,"A",.,"A",.,"A",.,"A",.,"A",.,"A",.,"A",.,"A",150,"D",.,"A",.,"A"
"20101",2162144,70,0,"1",.,"A",.,"A",.,"A",300,"D",150,"D",100,"D",.,"A",.,"A",.,"A",.,"A",.,"A",.,"A",150,"D",.,"A",.,"A"
"20101",2162194,58,0,"1",.,"A",.,"A",.,"A",.,"A",.,"A",.,"A",975,"D",.,"A",.,"A",.,"A",.,"A",.,"A",220,"D",.,"A",.,"A"
"20101",2162294,89,0,"1",.,"A",.,"A",.,"A",.,"A",.,"A",325,"D",.,"A",.,"A",.,"A",.,"A",.,"A",.,"A",525,"D",.,"A",.,"A"
"20101",2162344,55,0,"1",.,"A",.,"A",23,"D",.,"A",.,"A",.,"A",.,"A",.,"A",.,"A",.,"A",.,"A",.,"A",24,"D",.,"A",.,"A"
"20101",2162354,32,0,"1",.,"A",.,"A",.,"A",.,"A",.,"A",.,"A",.,"A",.,"A",.,"A",.,"A",.,"A",.,"A",64,"F",.,"A",.,"A"
"20101",2162404,46,0,"1",.,"A",.,"A",.,"A",.,"A",.,"A",.,"A",.,"A",.,"A",18,"D",.,"A",.,"A",.,"A",.,"A",.,"A",.,"A"
"20101",2162414,80,0,"1",.,"A",.,"A",.,"A",.,"A",.,"A",.,"A",.,"A",.,"A",54,"D",.,"A",.,"A",.,"A",20,"D",.,"A",.,"A"
"20101",2162444,48,0,"1",.,"A",.,"A",.,"A",.,"A",.,"A",.,"A",.,"A",.,"A",.,"A",.,"A",.,"A",.,"A",90,"D",.,"A",.,"A"
"20101",2162454,44,0,"1",.,"A",.,"A",.,"A",.,"A",.,"A",.,"A",637,"D",.,"A",.,"A",.,"A",.,"A",.,"A",.,"A",.,"A",.,"A"
"20101",2162464,54,0,"1",.,"A",.,"A",.,"A",.,"A",60,"D",.,"A",.,"A",.,"A",.,"A",.,"A",.,"A",.,"A",.,"A",.,"A",.,"A"
"20101",2162494,36,0,"1",.,"A",.,"A",.,"A",.,"A",.,"A",.,"A",.,"A",.,"A",.,"A",.,"A",.,"A",.,"A",.,"A",.,"A",.,"A"
"20101",2162574,60,0,"1",.,"A",.,"A",.,"A",.,"A",.,"A",120,"D",.,"A",.,"A",.,"A",.,"A",.,"A",.,"A",200,"D",.,"A",.,"A"
"20101",2162644,47,0,"1",.,"A",.,"A",.,"A",.,"A",.,"A",.,"A",.,"A",.,"A",.,"A",.,"A",.,"A",.,"A",.,"A",.,"A",.,"A"
"20101",2162684,26,0,"1",.,"A",.,"A",.,"A",.,"A",.,"A",.,"A",.,"A",.,"A",.,"A",.,"A",.,"A",.,"A",.,"A",.,"A",.,"A"
"20101",2162724,51,0,"1",.,"A",.,"A",.,"A",.,"A",.,"A",40,"D",.,"A",130,"D",.,"A",.,"A",.,"A",.,"A",180,"D",.,"A",.,"A"
"20101",2162885,45,0,"1",.,"A",.,"A",.,"A",.,"A",.,"A",.,"A",1092,"D",.,"A",.,"A",.,"A",.,"A",.,"A",24,"D",.,"A",.,"A"
"20101",2162944,46,0,"1",.,"A",.,"A",.,"A",.,"A",.,"A",.,"A",.,"A",.,"A",.,"A",.,"A",.,"A",.,"A",25,"D",.,"A",.,"A"
"20101",2162964,22,0,"1",.,"A",.,"A",.,"A",.,"A",36,"D",.,"A",.,"A",.,"A",.,"A",399,"D",0,"D",90,"D",72,"D",133,"D",.,"A"
"20101",2162994,30,0,"1",.,"A",.,"A",.,"A",.,"A",.,"A",.,"A",.,"A",.,"A",.,"A",0,"D",0,"D",105,"D",150,"D",0,"D",.,"A"
"20101",2163014,30,0,"1",.,"A",.,"A",.,"A",39,"D",.,"A",.,"A",.,"A",.,"A",.,"A",120,"D",0,"D",0,"D",.,"A",40,"D",.,"A"
"20101",2163084,29,0,"1",.,"A",.,"A",.,"A",.,"A",.,"A",.,"A",.,"A",.,"A",.,"A",240,"D",0,"D",0,"D",.,"A",80,"D",.,"A"
"20101",2163114,44,0,"1",.,"A",.,"A",.,"A",.,"A",.,"A",.,"A",.,"A",.,"A",.,"A",.,"A",.,"A",.,"A",200,"D",.,"A",.,"A"
"20101",2163214,35,0,"1",.,"A",.,"A",.,"A",40,"D",.,"A",.,"A",.,"A",.,"A",.,"A",.,"A",.,"A",.,"A",.,"A",.,"A",.,"A"
"20101",2163234,32,0,"1",.,"A",.,"A",.,"A",.,"A",.,"A",.,"A",.,"A",.,"A",.,"A",.,"A",.,"A",.,"A",.,"A",.,"A",.,"A"
"20101",2163294,42,0,"1",.,"A",.,"A",.,"A",.,"A",.,"A",.,"A",.,"A",.,"A",.,"A",.,"A",.,"A",.,"A",.,"A",.,"A",.,"A"
"20101",2163384,45,0,"1",.,"A",.,"A",.,"A",.,"A",.,"A",.,"A",.,"A",.,"A",.,"A",.,"A",.,"A",.,"A",.,"A",.,"A",.,"A"
"20101",2163404,39,0,"1",.,"A",.,"A",.,"A",.,"A",.,"A",.,"A",.,"A",.,"A",.,"A",.,"A",.,"A",.,"A",10,"D",.,"A",.,"A"
"20101",2163414,46,0,"1",.,"A",.,"A",.,"A",.,"A",.,"A",.,"A",.,"A",.,"A",.,"A",.,"A",.,"A",.,"A",.,"A",.,"A",.,"A"
"20101",2163424,41,0,"1",.,"A",.,"A",.,"A",.,"A",120,"D",.,"A",.,"A",.,"A",.,"A",0,"D",0,"D",21,"D",42,"D",0,"D",.,"A"
"20101",2163544,32,0,"1",.,"A",.,"A",.,"A",.,"A",.,"A",.,"A",.,"A",.,"A",.,"A",.,"A",.,"A",.,"A",.,"A",.,"A",.,"A"
"20101",2163584,45,0,"1",.,"A",.,"A",.,"A",.,"A",.,"A",.,"A",325,"D",.,"A",.,"A",.,"A",.,"A",.,"A",.,"A",.,"A",.,"A"
"20101",2163634,44,0,"1",.,"A",.,"A",.,"A",.,"A",120,"D",.,"A",.,"A",.,"A",.,"A",.,"A",.,"A",.,"A",30,"D",.,"A",.,"A"
"20101",2163644,43,0,"1",.,"A",.,"A",.,"A",.,"A",.,"A",.,"A",260,"D",.,"A",.,"A",.,"A",.,"A",.,"A",.,"A",.,"A",.,"A"
"20101",2163664,28,0,"1",.,"A",.,"A",.,"A",.,"A",.,"A",.,"A",.,"A",.,"A",.,"A",0,"D",0,"D",0,"D",.,"A",0,"D",.,"A"
"20101",2163774,49,0,"1",.,"A",.,"A",.,"A",.,"A",.,"A",.,"A",.,"A",.,"A",.,"A",.,"A",.,"A",.,"A",190,"D",.,"A",.,"A"
"20101",2163864,47,0,"1",.,"A",.,"A",.,"A",.,"A",.,"A",.,"A",.,"A",.,"A",.,"A",.,"A",.,"A",.,"A",42,"D",.,"A",.,"A"
"20101",2163894,53,0,"1",.,"A",.,"A",.,"A",.,"A",.,"A",96,"D",.,"A",.,"A",.,"A",.,"A",.,"A",.,"A",.,"A",.,"A",.,"A"
"20101",2163984,45,0,"1",.,"A",.,"A",.,"A",.,"A",.,"A",.,"A",.,"A",.,"A",.,"A",.,"A",.,"A",.,"A",.,"A",.,"A",.,"A"
"20101",2164054,43,0,"1",.,"A",.,"A",.,"A",.,"A",.,"A",.,"A",.,"A",.,"A",.,"A",.,"A",.,"A",.,"A",.,"A",.,"A",.,"A"
"20101",2164084,24,0,"1",.,"A",.,"A",.,"A",.,"A",.,"A",.,"A",.,"A",.,"A",.,"A",.,"A",.,"A",.,"A",.,"A",.,"A",.,"A"
"20101",2164094,43,0,"1",.,"A",.,"A",.,"A",.,"A",.,"A",90,"D",.,"A",.,"A",.,"A",.,"A",.,"A",.,"A",300,"D",.,"A",.,"A"
"20101",2164284,30,0,"1",.,"A",.,"A",.,"A",.,"A",.,"A",.,"A",182,"D",.,"A",.,"A",.,"A",.,"A",.,"A",10,"D",.,"A",.,"A"
"20101",2164314,30,0,"1",.,"A",.,"A",.,"A",.,"A",.,"A",.,"A",.,"A",.,"A",.,"A",.,"A",.,"A",.,"A",25,"D",.,"A",.,"A"
"20101",2164525,40,0,"1",.,"A",.,"A",.,"A",.,"A",.,"A",100,"D",.,"A",.,"A",18,"D",.,"A",.,"A",.,"A",35,"D",.,"A",.,"A"
"20101",2164604,52,0,"1",.,"A",.,"A",.,"A",.,"A",.,"A",.,"A",.,"A",.,"A",.,"A",.,"A",.,"A",.,"A",.,"A",.,"A",.,"A"
"20101",2164614,45,0,"1",.,"A",.,"A",.,"A",.,"A",.,"A",.,"A",.,"A",.,"A",.,"A",.,"A",.,"A",.,"A",.,"A",.,"A",.,"A"
"20101",2164624,36,0,"1",.,"A",.,"A",.,"A",.,"A",.,"A",.,"A",910,"D",.,"A",.,"A",.,"A",.,"A",.,"A",.,"A",.,"A",.,"A"
"20101",2164684,35,0,"1",.,"A",.,"A",.,"A",.,"A",.,"A",.,"A",.,"A",.,"A",.,"A",.,"A",.,"A",.,"A",.,"A",.,"A",.,"A"
"20101",2164704,39,0,"1",.,"A",.,"A",.,"A",.,"A",10,"D",.,"A",.,"A",.,"A",.,"A",.,"A",.,"A",.,"A",.,"A",.,"A",.,"A"
"20101",2164754,39,0,"1",.,"A",.,"A",.,"A",.,"A",15,"D",.,"A",.,"A",.,"A",.,"A",.,"A",.,"A",.,"A",30,"D",.,"A",.,"A"
"20101",2164874,58,0,"1",.,"A",.,"A",.,"A",.,"A",.,"A",.,"A",.,"A",.,"A",.,"A",.,"A",.,"A",.,"A",.,"A",.,"A",.,"A"
"20101",2164894,53,0,"1",.,"A",.,"A",.,"A",40,"D",.,"A",90,"D",.,"A",.,"A",15,"D",.,"A",.,"A",.,"A",165,"D",.,"A",.,"A"
"20101",2164904,87,0,"1",.,"A",.,"A",.,"A",4000,"D",.,"A",.,"A",.,"A",.,"A",.,"A",.,"A",.,"A",.,"A",3500,"D",.,"A",.,"A"
"20101",2164914,30,0,"1",.,"A",.,"A",.,"A",.,"A",.,"A",.,"A",.,"A",.,"A",.,"A",.,"A",.,"A",.,"A",.,"A",.,"A",.,"A"
"20101",2165084,48,0,"1",.,"A",.,"A",.,"A",.,"A",.,"A",.,"A",.,"A",.,"A",.,"A",.,"A",.,"A",.,"A",600,"D",.,"A",.,"A"
"20101",2165124,33,0,"1",.,"A",.,"A",.,"A",.,"A",.,"A",.,"A",.,"A",.,"A",.,"A",.,"A",.,"A",.,"A",45,"D",.,"A",.,"A"
"20101",2165134,34,0,"1",.,"A",.,"A",.,"A",.,"A",.,"A",.,"A",.,"A",.,"A",.,"A",.,"A",.,"A",.,"A",5,"D",.,"A",.,"A"
"20101",2165304,32,0,"1",.,"A",.,"A",.,"A",.,"A",.,"A",.,"A",65,"D",.,"A",45,"D",.,"A",.,"A",.,"A",70,"D",.,"A",.,"A"
"20101",2165374,33,0,"1",.,"A",.,"A",.,"A",.,"A",30,"D",.,"A",.,"A",.,"A",.,"A",.,"A",.,"A",.,"A",35,"D",.,"A",.,"A"
"20101",2165404,47,0,"1",.,"A",.,"A",.,"A",.,"A",.,"A",.,"A",455,"D",.,"A",.,"A",.,"A",.,"A",.,"A",.,"A",.,"A",.,"A"
"20101",2165554,30,0,"1",.,"A",.,"A",.,"A",.,"A",.,"A",.,"A",.,"A",.,"A",.,"A",267,"D",0,"D",0,"D",.,"A",89,"D",.,"A"
"20101",2165664,44,0,"1",.,"A",.,"A",.,"A",.,"A",.,"A",.,"A",.,"A",.,"A",.,"A",.,"A",.,"A",.,"A",200,"D",.,"A",.,"A"
"20101",2165814,39,0,"1",.,"A",.,"A",.,"A",.,"A",.,"A",.,"A",.,"A",.,"A",.,"A",.,"A",.,"A",.,"A",39,"D",.,"A",.,"A"
"20101",2165854,61,0,"1",.,"A",.,"A",.,"A",.,"A",.,"A",35,"D",.,"A",.,"A",.,"A",.,"A",.,"A",.,"A",90,"D",.,"A",.,"A"
"20101",2165924,42,0,"1",.,"A",.,"A",.,"A",.,"A",.,"A",.,"A",.,"A",.,"A",9,"D",.,"A",.,"A",.,"A",.,"A",.,"A",.,"A"
"20101",2165964,54,0,"1",.,"A",.,"A",.,"A",.,"A",.,"A",50,"D",.,"A",.,"A",.,"A",.,"A",.,"A",.,"A",500,"D",.,"A",.,"A"
"20101",2166064,43,0,"1",.,"A",.,"A",.,"A",.,"A",.,"A",.,"A",.,"A",.,"A",.,"A",.,"A",.,"A",.,"A",.,"A",.,"A",.,"A"
"20101",2166084,52,0,"1",.,"A",.,"A",.,"A",.,"A",.,"A",.,"A",.,"A",.,"A",.,"A",.,"A",.,"A",.,"A",60,"D",.,"A",.,"A"
"20101",2166194,65,0,"1",.,"A",.,"A",.,"A",.,"A",.,"A",.,"A",.,"A",.,"A",.,"A",.,"A",.,"A",.,"A",30,"D",.,"A",.,"A"
"20101",2166274,38,0,"1",.,"A",.,"A",.,"A",.,"A",.,"A",.,"A",.,"A",.,"A",.,"A",.,"A",.,"A",.,"A",.,"A",.,"A",.,"A"
"20101",2166284,62,0,"1",.,"A",.,"A",.,"A",.,"A",.,"A",.,"A",.,"A",.,"A",.,"A",.,"A",.,"A",.,"A",.,"A",.,"A",.,"A"
"20101",2166324,35,0,"1",.,"A",.,"A",.,"A",.,"A",.,"A",.,"A",.,"A",.,"A",.,"A",.,"A",.,"A",.,"A",.,"A",.,"A",.,"A"
"20101",2166344,48,0,"1",.,"A",.,"A",.,"A",.,"A",.,"A",.,"A",.,"A",260,"D",.,"A",.,"A",.,"A",.,"A",.,"A",.,"A",.,"A"
"20101",2166444,34,0,"1",.,"A",.,"A",.,"A",.,"A",.,"A",50,"D",.,"A",.,"A",.,"A",.,"A",.,"A",.,"A",45,"D",.,"A",.,"A"
"20101",2166464,48,0,"1",.,"A",.,"A",.,"A",.,"A",.,"A",.,"A",.,"A",.,"A",.,"A",.,"A",.,"A",.,"A",70,"D",.,"A",.,"A"
"20101",2166494,39,0,"1",.,"A",.,"A",.,"A",15,"D",72,"D",.,"A",.,"A",.,"A",.,"A",0,"D",531,"D",0,"D",60,"D",0,"D",.,"A"
"20101",2166514,29,0,"1",.,"A",.,"A",.,"A",.,"A",.,"A",.,"A",.,"A",.,"A",.,"A",.,"A",.,"A",.,"A",.,"A",.,"A",.,"A"
"20101",2166554,36,0,"1",.,"A",.,"A",.,"A",.,"A",60,"D",.,"A",130,"D",.,"A",.,"A",.,"A",.,"A",.,"A",45,"D",.,"A",.,"A"
"20101",2166674,35,0,"1",.,"A",.,"A",5,"D",.,"A",.,"A",.,"A",.,"A",.,"A",.,"A",.,"A",.,"A",.,"A",200,"D",.,"A",.,"A"
"20101",2166684,31,0,"1",.,"A",.,"A",.,"A",.,"A",.,"A",.,"A",.,"A",.,"A",.,"A",.,"A",.,"A",.,"A",20,"D",.,"A",.,"A"
"20101",2166714,47,0,"1",.,"A",.,"A",.,"A",.,"A",.,"A",.,"A",234,"D",.,"A",.,"A",.,"A",.,"A",.,"A",105,"D",.,"A",.,"A"
"20101",2166804,102,0,"1",.,"A",.,"A",.,"A",.,"A",.,"A",10,"D",52,"D",.,"A",24,"D",.,"A",.,"A",.,"A",70,"D",.,"A",.,"A"
"20101",2166844,27,0,"1",.,"A",.,"A",.,"A",.,"A",20,"D",.,"A",.,"A",.,"A",.,"A",.,"A",.,"A",.,"A",.,"A",.,"A",.,"A"
"20101",2166904,45,0,"1",.,"A",.,"A",.,"A",.,"A",.,"A",.,"A",.,"A",.,"A",.,"A",.,"A",.,"A",.,"A",100,"D",.,"A",.,"A"
"20101",2166914,33,0,"1",.,"A",.,"A",.,"A",.,"A",.,"A",.,"A",.,"A",.,"A",.,"A",.,"A",.,"A",.,"A",.,"A",.,"A",.,"A"
"20101",2166934,31,0,"1",.,"A",.,"A",.,"A",.,"A",.,"A",.,"A",390,"D",.,"A",60,"D",.,"A",.,"A",.,"A",500,"D",.,"A",.,"A"
"20101",2166944,32,0,"1",.,"A",.,"A",.,"A",.,"A",.,"A",.,"A",.,"A",.,"A",.,"A",.,"A",.,"A",.,"A",65,"D",.,"A",.,"A"
"20101",2166954,34,0,"1",.,"A",.,"A",60,"D",.,"A",.,"A",20,"D",.,"A",.,"A",.,"A",.,"A",.,"A",.,"A",60,"D",.,"A",.,"A"
"20101",2166964,50,0,"1",.,"A",.,"A",.,"A",.,"A",.,"A",.,"A",.,"A",.,"A",.,"A",.,"A",.,"A",.,"A",.,"A",.,"A",.,"A"
"20101",2166975,53,0,"1",0,"F",.,"A",.,"A",.,"A",120,"F",.,"A",.,"A",.,"A",75,"D",.,"A",.,"A",.,"A",620,"D",.,"A",.,"A"
"20101",2167034,71,0,"1",.,"A",.,"A",.,"A",.,"A",.,"A",.,"A",.,"A",.,"A",.,"A",.,"A",.,"A",.,"A",50,"D",.,"A",.,"A"
"20101",2167144,30,0,"1",.,"A",.,"A",.,"A",.,"A",.,"A",.,"A",.,"A",.,"A",.,"A",.,"A",.,"A",.,"A",.,"A",.,"A",.,"A"
"20101",2167154,36,0,"1",.,"A",.,"A",.,"A",.,"A",30,"D",20,"D",65,"D",.,"A",.,"A",.,"A",.,"A",.,"A",84,"D",.,"A",.,"A"
"20101",2167164,49,0,"1",.,"A",.,"A",.,"A",.,"A",240,"D",.,"A",.,"A",.,"A",.,"A",.,"A",.,"A",.,"A",18,"D",.,"A",.,"A"
"20101",2167274,67,0,"1",.,"A",.,"A",.,"A",.,"A",.,"A",8,"D",.,"A",.,"A",36,"D",.,"A",.,"A",.,"A",75,"D",.,"A",.,"A"
"20101",2167284,38,0,"1",.,"A",.,"A",.,"A",.,"A",.,"A",.,"A",546,"D",.,"A",.,"A",.,"A",.,"A",.,"A",.,"A",.,"A",.,"A"
"20101",2167294,43,0,"1",.,"A",.,"A",.,"A",.,"A",.,"A",.,"A",.,"A",.,"A",.,"A",.,"A",.,"A",.,"A",.,"A",.,"A",.,"A"
"20101",2167304,42,0,"1",.,"A",.,"A",.,"A",.,"A",240,"D",60,"D",.,"A",.,"A",.,"A",.,"A",.,"A",.,"A",120,"D",.,"A",.,"A"
"20101",2167464,39,0,"1",.,"A",.,"A",.,"A",.,"A",.,"A",.,"A",.,"A",.,"A",.,"A",.,"A",.,"A",.,"A",.,"A",.,"A",.,"A"
"20101",2167494,53,0,"1",.,"A",.,"A",.,"A",.,"A",.,"A",.,"A",78,"D",.,"A",.,"A",.,"A",.,"A",.,"A",.,"A",.,"A",.,"A"
"20101",2167574,69,0,"1",.,"A",.,"A",.,"A",.,"A",.,"A",.,"A",.,"A",.,"A",.,"A",.,"A",.,"A",.,"A",70,"D",.,"A",.,"A"
"20101",2167754,21,0,"1",.,"A",.,"A",.,"A",.,"A",20,"D",.,"A",.,"A",.,"A",.,"A",.,"A",.,"A",.,"A",.,"A",.,"A",.,"A"
"20101",2167804,35,0,"1",.,"A",.,"A",.,"A",.,"A",.,"A",.,"A",.,"A",.,"A",.,"A",.,"A",.,"A",.,"A",40,"D",.,"A",.,"A"
"20101",2167834,49,0,"1",.,"A",.,"A",.,"A",.,"A",.,"A",.,"A",.,"A",.,"A",.,"A",.,"A",.,"A",.,"A",.,"A",.,"A",.,"A"
"20101",2167914,36,0,"1",.,"A",.,"A",.,"A",.,"A",.,"A",.,"A",130,"D",.,"A",69,"D",.,"A",.,"A",.,"A",.,"A",.,"A",.,"A"
"20101",2167934,28,0,"1",.,"A",.,"A",.,"A",.,"A",30,"D",.,"A",.,"A",.,"A",.,"A",.,"A",.,"A",.,"A",.,"A",.,"A",.,"A"
"20101",2167944,35,0,"1",.,"A",.,"A",.,"A",.,"A",.,"A",.,"A",910,"D",.,"A",.,"A",.,"A",.,"A",.,"A",.,"A",.,"A",.,"A"
"20101",2168074,50,0,"1",.,"A",.,"A",.,"A",.,"A",.,"A",.,"A",.,"A",.,"A",.,"A",.,"A",.,"A",.,"A",20,"D",.,"A",.,"A"
"20101",2168124,26,0,"1",.,"A",.,"A",.,"A",.,"A",.,"A",.,"A",.,"A",.,"A",.,"A",.,"A",.,"A",.,"A",.,"A",.,"A",.,"A"
"20101",2168135,37,0,"1",.,"A",.,"A",.,"A",.,"A",.,"A",.,"A",.,"A",.,"A",.,"A",.,"A",.,"A",.,"A",.,"A",.,"A",.,"A"
"20101",2168204,28,0,"1",.,"A",.,"A",.,"A",.,"A",.,"A",.,"A",.,"A",.,"A",.,"A",.,"A",.,"A",.,"A",.,"A",.,"A",.,"A"
"20101",2168224,54,0,"1",.,"A",.,"A",.,"A",.,"A",.,"A",.,"A",.,"A",.,"A",.,"A",.,"A",.,"A",.,"A",50,"D",.,"A",.,"A"
"20101",2168234,35,0,"1",.,"A",.,"A",.,"A",.,"A",.,"A",.,"A",.,"A",.,"A",.,"A",.,"A",.,"A",.,"A",48,"D",.,"A",.,"A"
"20101",2168304,36,0,"1",.,"A",.,"A",.,"A",.,"A",.,"A",.,"A",.,"A",.,"A",.,"A",.,"A",.,"A",.,"A",.,"A",.,"A",.,"A"
"20101",2168464,57,0,"1",.,"A",.,"A",.,"A",.,"A",.,"A",375,"D",.,"A",.,"A",.,"A",.,"A",.,"A",.,"A",300,"D",.,"A",.,"A"
"20101",2168544,45,0,"1",.,"A",.,"A",.,"A",.,"A",.,"A",.,"A",.,"A",.,"A",.,"A",.,"A",.,"A",.,"A",.,"A",.,"A",.,"A"
"20101",2168554,57,0,"1",.,"A",.,"A",.,"A",.,"A",.,"A",.,"A",455,"D",.,"A",.,"A",.,"A",.,"A",.,"A",35,"D",.,"A",.,"A"
"20101",2168634,42,0,"1",.,"A",.,"A",.,"A",.,"A",.,"A",.,"A",.,"A",.,"A",.,"A",.,"A",.,"A",.,"A",20,"D",.,"A",.,"A"
"20101",2168644,51,0,"1",.,"A",.,"A",.,"A",.,"A",.,"A",14,"D",.,"A",.,"A",.,"A",.,"A",.,"A",.,"A",.,"A",.,"A",.,"A"
"20101",2168694,51,0,"1",.,"A",.,"A",.,"A",.,"A",.,"A",.,"A",325,"D",.,"A",.,"A",.,"A",.,"A",.,"A",.,"A",.,"A",.,"A"
"20101",2168874,47,0,"1",.,"A",.,"A",.,"A",.,"A",.,"A",.,"A",.,"A",.,"A",.,"A",.,"A",.,"A",.,"A",30,"D",.,"A",.,"A"
"20101",2168884,59,0,"1",.,"A",.,"A",.,"A",.,"A",.,"A",75,"D",65,"D",.,"A",.,"A",.,"A",.,"A",.,"A",50,"D",.,"A",.,"A"
"20101",2168913,37,0,"1",.,"A",.,"A",.,"A",.,"A",45,"D",75,"D",.,"A",.,"A",.,"A",.,"A",.,"A",.,"A",30,"D",.,"A",.,"A"
"20101",2168953,28,0,"1",.,"A",.,"A",.,"A",.,"A",.,"A",.,"A",.,"A",.,"A",.,"A",.,"A",.,"A",.,"A",30,"D",.,"A",.,"A"
"20101",2168983,40,0,"1",.,"A",.,"A",.,"A",.,"A",.,"A",.,"A",.,"A",.,"A",.,"A",.,"A",.,"A",.,"A",.,"A",.,"A",.,"A"
"20101",2168993,43,0,"1",.,"A",.,"A",.,"A",.,"A",.,"A",10,"D",130,"D",.,"A",60,"D",.,"A",.,"A",.,"A",50,"D",.,"A",.,"A"
"20101",2169003,51,0,"1",.,"A",.,"A",.,"A",.,"A",.,"A",.,"A",.,"A",.,"A",.,"A",.,"A",.,"A",.,"A",24,"D",.,"A",.,"A"
"20101",2169023,53,0,"1",.,"A",.,"A",.,"A",.,"A",.,"A",.,"A",.,"A",.,"A",.,"A",.,"A",.,"A",.,"A",150,"D",.,"A",.,"A"
"20101",2169033,87,0,"1",.,"A",.,"A",.,"A",.,"A",.,"A",.,"A",.,"A",.,"A",.,"A",.,"A",.,"A",.,"A",.,"A",.,"A",.,"A"
"20101",2169043,91,0,"1",.,"A",.,"A",.,"A",.,"A",.,"A",195,"D",312,"D",.,"A",.,"A",.,"A",.,"A",.,"A",300,"D",.,"A",.,"A"
"20101",2169053,33,0,"1",.,"A",.,"A",.,"A",.,"A",120,"D",.,"A",.,"A",.,"A",.,"A",.,"A",.,"A",.,"A",120,"D",.,"A",.,"A"
"20101",2169063,43,0,"1",.,"A",.,"A",.,"A",.,"A",.,"A",.,"A",1170,"D",.,"A",30,"D",.,"A",.,"A",.,"A",40,"D",.,"A",.,"A"
"20101",2169083,61,0,"1",.,"A",.,"A",.,"A",.,"A",.,"A",.,"A",.,"A",.,"A",.,"A",.,"A",.,"A",.,"A",110,"D",.,"A",.,"A"
"20101",2169103,75,0,"1",.,"A",.,"A",.,"A",.,"A",.,"A",49,"D",.,"A",.,"A",.,"A",0,"D",39,"D",0,"D",430,"D",0,"D",.,"A"
"20101",2169143,47,0,"1",.,"A",.,"A",.,"A",.,"A",.,"A",.,"A",.,"A",.,"A",.,"A",.,"A",.,"A",.,"A",100,"D",.,"A",.,"A"
"20101",2169153,47,0,"1",.,"A",.,"A",.,"A",.,"A",.,"A",.,"A",1274,"D",.,"A",.,"A",.,"A",.,"A",.,"A",70,"D",.,"A",.,"A"
"20101",2169183,26,0,"1",.,"A",.,"A",.,"A",.,"A",.,"A",.,"A",.,"A",.,"A",.,"A",.,"A",.,"A",.,"A",35,"D",.,"A",.,"A"
"20101",2169193,44,0,"1",.,"A",.,"A",.,"A",.,"A",.,"A",.,"A",.,"A",.,"A",.,"A",.,"A",.,"A",.,"A",.,"A",.,"A",.,"A"
"20101",2169203,46,0,"1",.,"A",.,"A",.,"A",.,"A",.,"A",.,"A",.,"A",.,"A",48,"D",.,"A",.,"A",.,"A",20,"D",.,"A",.,"A"
"20101",2169223,64,0,"1",.,"A",.,"A",.,"A",.,"A",.,"A",.,"A",.,"A",.,"A",.,"A",.,"A",.,"A",.,"A",50,"D",.,"A",.,"A"
"20101",2169233,78,0,"1",.,"A",.,"A",.,"A",.,"A",.,"A",20,"D",.,"A",.,"A",30,"D",.,"A",.,"A",.,"A",110,"D",.,"A",.,"A"
"20101",2169243,48,0,"1",.,"A",.,"A",.,"A",.,"A",.,"A",.,"A",.,"A",.,"A",.,"A",.,"A",.,"A",.,"A",44,"D",.,"A",.,"A"
"20101",2169253,51,0,"1",.,"A",.,"A",.,"A",.,"A",.,"A",.,"A",.,"A",.,"A",.,"A",.,"A",.,"A",.,"A",20,"D",.,"A",.,"A"
"20101",2169263,42,0,"1",.,"A",.,"A",.,"A",.,"A",.,"A",.,"A",.,"A",.,"A",.,"A",.,"A",.,"A",.,"A",130,"D",.,"A",.,"A"
"20101",2169273,54,0,"1",.,"A",.,"A",.,"A",.,"A",.,"A",.,"A",.,"A",.,"A",.,"A",.,"A",.,"A",.,"A",.,"A",.,"A",.,"A"
"20101",2169283,79,0,"1",.,"A",.,"A",.,"A",.,"A",.,"A",300,"D",.,"A",.,"A",15,"D",.,"A",.,"A",.,"A",120,"D",.,"A",.,"A"
"20101",2169303,66,0,"1",.,"A",.,"A",.,"A",.,"A",.,"A",.,"A",.,"A",.,"A",.,"A",.,"A",.,"A",.,"A",33,"D",.,"A",.,"A"
"20101",2169313,50,0,"1",.,"A",.,"A",.,"A",.,"A",16,"D",100,"D",.,"A",.,"A",18,"D",.,"A",.,"A",.,"A",.,"A",.,"A",.,"A"
"20101",2169323,42,0,"1",.,"A",.,"A",.,"A",.,"A",.,"A",.,"A",.,"A",.,"A",.,"A",.,"A",.,"A",.,"A",.,"A",.,"A",.,"A"
"20101",2169343,43,0,"1",.,"A",.,"A",.,"A",.,"A",.,"A",.,"A",.,"A",.,"A",.,"A",.,"A",.,"A",.,"A",.,"A",.,"A",.,"A"
"20101",2169353,62,0,"1",.,"A",.,"A",.,"A",.,"A",.,"A",.,"A",.,"A",.,"A",.,"A",.,"A",.,"A",.,"A",70,"D",.,"A",.,"A"
"20101",2169363,33,0,"1",.,"A",.,"A",.,"A",.,"A",.,"A",.,"A",390,"D",.,"A",.,"A",.,"A",.,"A",.,"A",40,"D",.,"A",.,"A"
"20101",2169373,82,0,"1",.,"A",.,"A",.,"A",.,"A",.,"A",120,"D",.,"A",.,"A",.,"A",.,"A",.,"A",.,"A",150,"D",.,"A",.,"A"
"20101",2169383,34,0,"1",.,"A",.,"A",.,"A",.,"A",.,"A",.,"A",585,"D",.,"A",.,"A",.,"A",.,"A",.,"A",.,"A",.,"A",.,"A"
"20101",2169393,41,0,"1",.,"A",.,"A",.,"A",.,"A",.,"A",.,"A",.,"A",.,"A",.,"A",.,"A",.,"A",.,"A",.,"A",.,"A",.,"A"
"20101",2169403,41,0,"1",.,"A",.,"A",.,"A",.,"A",.,"A",180,"D",.,"A",.,"A",.,"A",.,"A",.,"A",.,"A",300,"D",.,"A",.,"A"
"20101",2169433,73,0,"1",.,"A",.,"A",.,"A",.,"A",.,"A",.,"A",.,"A",.,"A",.,"A",.,"A",.,"A",.,"A",125,"D",.,"A",.,"A"
"20101",2169443,51,0,"1",.,"A",.,"A",.,"A",.,"A",.,"A",.,"A",.,"A",.,"A",.,"A",.,"A",.,"A",.,"A",.,"A",.,"A",.,"A"
"20101",2169453,50,0,"1",.,"A",.,"A",.,"A",.,"A",.,"A",.,"A",.,"A",.,"A",.,"A",.,"A",.,"A",.,"A",150,"D",.,"A",.,"A"
"20101",2169463,46,0,"1",.,"A",.,"A",.,"A",.,"A",.,"A",.,"A",.,"A",.,"A",.,"A",.,"A",.,"A",.,"A",100,"F",.,"A",.,"A"
"20101",2169483,52,0,"1",.,"A",.,"A",.,"A",.,"A",.,"A",.,"A",.,"A",.,"A",.,"A",.,"A",.,"A",.,"A",.,"A",.,"A",.,"A"
"20101",2169513,56,0,"1",.,"A",.,"A",.,"A",.,"A",.,"A",25,"D",.,"A",.,"A",.,"A",.,"A",.,"A",.,"A",100,"D",.,"A",.,"A"
"20101",2169533,47,0,"1",.,"A",.,"A",.,"A",.,"A",.,"A",40,"D",.,"A",.,"A",.,"A",.,"A",.,"A",.,"A",320,"D",.,"A",.,"A"
"20101",2169543,49,0,"1",.,"A",.,"A",.,"A",.,"A",.,"A",.,"A",.,"A",.,"A",.,"A",.,"A",.,"A",.,"A",.,"A",.,"A",.,"A"
"20101",2169553,39,0,"1",.,"A",.,"A",.,"A",.,"A",90,"D",36,"D",.,"A",.,"A",.,"A",.,"A",.,"A",.,"A",.,"A",.,"A",.,"A"
"20101",2169563,31,0,"1",.,"A",.,"A",.,"A",.,"A",.,"A",.,"A",.,"A",.,"A",.,"A",0,"D",300,"D",267,"D",.,"A",0,"D",.,"A"
"20101",2169573,46,0,"1",.,"A",.,"A",.,"A",.,"A",.,"A",.,"A",.,"A",.,"A",.,"A",.,"A",.,"A",.,"A",60,"D",.,"A",.,"A"
"20101",2169583,102,0,"1",.,"A",.,"A",50,"D",.,"A",.,"A",225,"D",.,"A",.,"A",.,"A",.,"A",.,"A",.,"A",190,"D",.,"A",.,"A"
"20101",2169603,23,0,"1",.,"A",.,"A",.,"A",.,"A",.,"A",.,"A",.,"A",.,"A",.,"A",.,"A",.,"A",.,"A",.,"A",.,"A",.,"A"
"20101",2169615,38,0,"1",.,"A",.,"A",.,"A",35,"D",20,"D",.,"A",.,"A",.,"A",.,"A",120,"D",0,"D",60,"D",.,"A",40,"D",.,"A"
"20101",2169653,37,0,"1",.,"A",.,"A",.,"A",.,"A",20,"D",.,"A",.,"A",.,"A",.,"A",.,"A",.,"A",.,"A",.,"A",.,"A",.,"A"
"20101",2169663,46,0,"1",.,"A",.,"A",.,"A",.,"A",.,"A",.,"A",.,"A",.,"A",.,"A",.,"A",.,"A",.,"A",.,"A",.,"A",.,"A"
"20101",2169683,54,0,"1",.,"A",.,"A",50,"F",.,"A",.,"A",.,"A",.,"A",.,"A",.,"A",.,"A",.,"A",.,"A",.,"A",.,"A",.,"A"
"20101",2169703,50,0,"1",.,"A",.,"A",.,"A",.,"A",.,"A",.,"A",.,"A",.,"A",.,"A",.,"A",.,"A",.,"A",150,"D",.,"A",.,"A"
"20101",2169713,43,0,"1",.,"A",.,"A",.,"A",.,"A",.,"A",.,"A",.,"A",.,"A",.,"A",.,"A",.,"A",.,"A",25,"D",.,"A",.,"A"
"20101",2169723,33,0,"1",10,"D",.,"A",.,"A",.,"A",10,"D",.,"A",.,"A",.,"A",.,"A",.,"A",.,"A",.,"A",.,"A",.,"A",.,"A"
"20101",2169733,27,0,"1",.,"A",.,"A",.,"A",.,"A",.,"A",.,"A",52,"D",.,"A",24,"D",.,"A",.,"A",.,"A",.,"A",.,"A",.,"A"
"20101",2169743,27,0,"1",.,"A",.,"A",.,"A",.,"A",.,"A",.,"A",.,"A",.,"A",.,"A",.,"A",.,"A",.,"A",.,"A",.,"A",.,"A"
"20101",2169753,36,0,"1",.,"A",.,"A",.,"A",.,"A",.,"A",.,"A",.,"A",.,"A",.,"A",.,"A",.,"A",.,"A",.,"A",.,"A",.,"A"
"20101",2169763,54,0,"1",.,"A",.,"A",.,"A",.,"A",.,"A",.,"A",195,"D",.,"A",.,"A",.,"A",.,"A",.,"A",.,"A",.,"A",.,"A"
"20101",2169793,27,0,"1",.,"A",.,"A",.,"A",.,"A",.,"A",.,"A",390,"F",.,"A",.,"A",.,"A",.,"A",.,"A",.,"A",.,"A",.,"A"
"20101",2169803,50,0,"1",.,"A",.,"A",.,"A",.,"A",.,"A",.,"A",650,"D",.,"A",.,"A",.,"A",.,"A",.,"A",.,"A",.,"A",.,"A"
"20101",2169813,61,0,"1",.,"A",.,"A",.,"A",.,"A",.,"A",50,"D",.,"A",.,"A",.,"A",0,"D",0,"D",60,"D",.,"A",0,"D",.,"A"
"20101",2169833,73,0,"1",.,"A",.,"A",.,"A",.,"A",.,"A",.,"A",689,"D",.,"A",.,"A",.,"A",.,"A",.,"A",120,"D",.,"A",.,"A"
"20101",2169843,61,0,"1",.,"A",.,"A",.,"A",.,"A",60,"D",.,"A",.,"A",.,"A",.,"A",.,"A",.,"A",.,"A",120,"D",.,"A",.,"A"
"20101",2169855,63,0,"1",.,"A",.,"A",.,"A",.,"A",.,"A",.,"A",.,"A",.,"A",.,"A",.,"A",.,"A",.,"A",84,"D",.,"A",.,"A"
"20101",2169863,39,0,"1",.,"A",.,"A",.,"A",.,"A",.,"A",.,"A",.,"A",.,"A",.,"A",.,"A",.,"A",.,"A",.,"A",.,"A",.,"A"
"20101",2169873,43,0,"1",.,"A",.,"A",.,"A",.,"A",.,"A",.,"A",260,"D",.,"A",.,"A",.,"A",.,"A",.,"A",.,"A",.,"A",.,"A"
"20101",2169883,63,0,"1",.,"A",.,"A",.,"A",.,"A",.,"A",.,"A",91,"D",455,"D",.,"A",.,"A",.,"A",.,"A",400,"D",.,"A",.,"A"
"20101",2169893,40,0,"1",.,"A",.,"A",.,"A",.,"A",.,"A",360,"D",.,"A",.,"A",.,"A",.,"A",.,"A",.,"A",180,"D",.,"A",.,"A"
"20101",2169903,57,0,"1",.,"A",.,"A",.,"A",.,"A",.,"A",.,"A",.,"A",.,"A",.,"A",.,"A",.,"A",.,"A",80,"D",.,"A",.,"A"
"20101",2169913,53,0,"1",.,"A",.,"A",.,"A",.,"A",.,"A",.,"A",.,"A",.,"A",.,"A",.,"A",.,"A",.,"A",55,"D",.,"A",.,"A"
"20101",2169923,83,0,"1",.,"A",.,"A",.,"A",.,"A",.,"A",.,"A",.,"A",.,"A",.,"A",.,"A",.,"A",.,"A",100,"D",.,"A",.,"A"
"20101",2169933,62,0,"1",.,"A",.,"A",.,"A",.,"A",60,"D",.,"A",390,"D",.,"A",.,"A",.,"A",.,"A",.,"A",140,"D",.,"A",.,"A"
"20101",2169953,50,0,"1",.,"A",.,"A",.,"A",.,"A",.,"A",350,"D",.,"A",.,"A",.,"A",.,"A",.,"A",.,"A",1000,"D",.,"A",.,"A"
"20101",2169963,46,0,"1",.,"A",.,"A",.,"A",.,"A",.,"A",90,"D",.,"A",.,"A",.,"A",.,"A",.,"A",.,"A",60,"D",.,"A",.,"A"
"20101",2169973,145,0,"1",.,"A",.,"A",.,"A",.,"A",.,"A",.,"A",.,"A",.,"A",36,"D",0,"D",0,"D",0,"D",189,"D",0,"D",.,"A"
"20101",2169983,44,0,"1",.,"A",.,"A",.,"A",.,"A",.,"A",.,"A",.,"A",.,"A",.,"A",.,"A",.,"A",.,"A",.,"A",.,"A",.,"A"
"20101",2169993,61,0,"1",.,"A",.,"A",.,"A",.,"A",.,"A",.,"A",.,"A",.,"A",.,"A",.,"A",.,"A",.,"A",30,"D",.,"A",.,"A"
"20101",2170003,43,0,"1",.,"A",.,"A",.,"A",.,"A",.,"A",.,"A",.,"A",.,"A",.,"A",.,"A",.,"A",.,"A",.,"A",.,"A",.,"A"
"20101",2170033,43,0,"1",.,"A",.,"A",.,"A",.,"A",.,"A",.,"A",.,"A",.,"A",.,"A",.,"A",.,"A",.,"A",.,"A",.,"A",.,"A"
"20101",2170063,82,0,"1",.,"A",.,"A",.,"A",.,"A",.,"A",.,"A",.,"A",.,"A",.,"A",.,"A",.,"A",.,"A",390,"D",.,"A",.,"A"
"20101",2170073,50,0,"1",.,"A",.,"A",.,"A",.,"A",.,"A",.,"A",364,"D",.,"A",.,"A",.,"A",.,"A",.,"A",13,"D",.,"A",.,"A"
"20101",2170083,43,0,"1",.,"A",.,"A",.,"A",.,"A",.,"A",.,"A",325,"D",.,"A",.,"A",.,"A",.,"A",.,"A",100,"D",.,"A",.,"A"
"20101",2170103,36,0,"1",.,"A",.,"A",.,"A",.,"A",.,"A",.,"A",.,"A",.,"A",.,"A",.,"A",.,"A",.,"A",.,"A",.,"A",.,"A"
"20101",2170113,41,0,"1",.,"A",.,"A",.,"A",.,"A",15,"D",.,"A",.,"A",.,"A",30,"D",.,"A",.,"A",.,"A",60,"D",.,"A",.,"A"
"20101",2170123,43,0,"1",.,"A",.,"A",.,"A",.,"A",.,"A",30,"D",.,"A",.,"A",.,"A",.,"A",.,"A",.,"A",.,"A",.,"A",.,"A"
"20101",2170133,55,0,"1",.,"A",.,"A",.,"A",.,"A",.,"A",.,"A",.,"A",.,"A",.,"A",.,"A",.,"A",.,"A",135,"D",.,"A",.,"A"
"20101",2170143,41,0,"1",.,"A",.,"A",.,"A",.,"A",.,"A",.,"A",.,"A",.,"A",.,"A",.,"A",.,"A",.,"A",250,"D",.,"A",.,"A"
"20101",2170153,22,0,"1",.,"A",.,"A",.,"A",.,"A",.,"A",.,"A",390,"D",.,"A",.,"A",.,"A",.,"A",.,"A",.,"A",.,"A",.,"A"
"20101",2170163,40,0,"1",.,"A",.,"A",.,"A",.,"A",.,"A",.,"A",650,"D",.,"A",.,"A",.,"A",.,"A",.,"A",100,"D",.,"A",.,"A"
"20101",2170173,50,0,"1",.,"A",.,"A",.,"A",.,"A",.,"A",.,"A",.,"A",.,"A",.,"A",.,"A",.,"A",.,"A",150,"D",.,"A",.,"A"
"20101",2170193,38,0,"1",.,"A",.,"A",.,"A",.,"A",.,"A",.,"A",.,"A",.,"A",.,"A",.,"A",.,"A",.,"A",.,"A",.,"A",.,"A"
"20101",2170234,30,0,"1",.,"A",.,"A",.,"A",.,"A",.,"A",.,"A",.,"A",.,"A",.,"A",.,"A",.,"A",.,"A",.,"A",.,"A",.,"A"
"20101",2170243,38,0,"1",.,"A",.,"A",.,"A",.,"A",47,"D",.,"A",.,"A",.,"A",.,"A",.,"A",.,"A",.,"A",52,"D",.,"A",.,"A"
"20101",2170253,88,0,"1",.,"A",.,"A",.,"A",.,"A",.,"A",.,"A",520,"D",.,"A",60,"D",.,"A",.,"A",.,"A",.,"A",.,"A",.,"A"
"20101",2170284,52,0,"1",.,"A",.,"A",.,"A",.,"A",.,"A",.,"A",.,"A",.,"A",.,"A",.,"A",.,"A",.,"A",.,"A",.,"A",.,"A"
"20101",2170293,51,0,"1",.,"A",.,"A",.,"A",.,"A",.,"A",.,"A",.,"A",.,"A",.,"A",.,"A",.,"A",.,"A",20,"D",.,"A",.,"A"
"20101",2170313,58,0,"1",.,"A",.,"A",.,"A",.,"A",.,"A",.,"A",.,"A",.,"A",.,"A",.,"A",.,"A",.,"A",30,"D",.,"A",.,"A"
"20101",2170343,52,0,"1",.,"A",.,"A",.,"A",.,"A",30,"D",.,"A",.,"A",.,"A",54,"D",90,"D",0,"D",90,"D",100,"D",30,"D",.,"A"
"20101",2170363,48,0,"1",.,"A",.,"A",.,"A",.,"A",.,"A",.,"A",.,"A",.,"A",.,"A",.,"A",.,"A",.,"A",90,"D",.,"A",.,"A"
"20101",2170373,72,0,"1",.,"A",.,"A",.,"A",.,"A",.,"A",.,"A",130,"D",.,"A",.,"A",.,"A",.,"A",.,"A",.,"A",.,"A",.,"A"
"20101",2170393,53,0,"1",.,"A",.,"A",.,"A",.,"A",60,"D",23,"D",143,"D",.,"A",.,"A",.,"A",.,"A",.,"A",.,"A",.,"A",.,"A"
"20101",2170413,44,0,"1",.,"A",.,"A",.,"A",.,"A",84,"D",.,"A",.,"A",.,"A",.,"A",.,"A",.,"A",.,"A",15,"D",.,"A",.,"A"
"20101",2170423,48,0,"1",.,"A",.,"A",.,"A",.,"A",.,"A",.,"A",.,"A",.,"A",.,"A",.,"A",.,"A",.,"A",150,"D",.,"A",.,"A"
"20101",2170433,39,0,"1",50,"D",.,"A",.,"A",.,"A",50,"D",.,"A",.,"A",.,"A",.,"A",240,"D",0,"D",0,"D",100,"D",80,"D",.,"A"
"20101",2170463,40,0,"1",.,"A",.,"A",.,"A",.,"A",.,"A",.,"A",.,"A",1326,"D",.,"A",.,"A",.,"A",.,"A",.,"A",.,"A",.,"A"
"20101",2170493,51,0,"1",.,"A",.,"A",.,"A",.,"A",.,"A",.,"A",.,"A",.,"A",.,"A",.,"A",.,"A",.,"A",60,"D",.,"A",.,"A"
"20101",2170503,48,0,"1",.,"A",.,"A",.,"A",.,"A",30,"D",.,"A",.,"A",.,"A",.,"A",.,"A",.,"A",.,"A",15,"D",.,"A",.,"A"
"20101",2170513,88,0,"1",.,"A",.,"A",.,"A",.,"A",.,"A",.,"A",.,"A",.,"A",.,"A",.,"A",.,"A",.,"A",200,"D",.,"A",.,"A"
"20101",2170523,67,0,"1",.,"A",.,"A",.,"A",.,"A",.,"A",.,"A",.,"A",.,"A",.,"A",.,"A",.,"A",.,"A",120,"D",.,"A",.,"A"
"20101",2170543,86,0,"1",.,"A",.,"A",.,"A",.,"A",.,"A",.,"A",.,"A",.,"A",.,"A",.,"A",.,"A",.,"A",65,"D",.,"A",.,"A"
"20101",2170553,43,0,"1",.,"A",.,"A",.,"A",.,"A",.,"A",.,"A",390,"D",.,"A",.,"A",.,"A",.,"A",.,"A",.,"A",.,"A",.,"A"
"20101",2170563,55,0,"1",.,"A",.,"A",.,"A",.,"A",.,"A",.,"A",.,"A",.,"A",.,"A",.,"A",.,"A",.,"A",.,"A",.,"A",.,"A"
"20101",2170573,71,0,"1",.,"A",.,"A",.,"A",.,"A",.,"A",60,"D",.,"A",.,"A",.,"A",.,"A",.,"A",.,"A",60,"D",.,"A",.,"A"
"20101",2170593,48,0,"1",.,"A",.,"A",.,"A",.,"A",.,"A",150,"D",.,"A",.,"A",6,"F",.,"A",.,"A",.,"A",200,"D",.,"A",.,"A"
"20101",2170603,51,0,"1",.,"A",.,"A",.,"A",.,"A",.,"A",.,"A",.,"A",260,"D",.,"A",.,"A",.,"A",.,"A",20,"D",.,"A",.,"A"
"20101",2170613,52,0,"1",.,"A",.,"A",.,"A",.,"A",.,"A",.,"A",520,"D",.,"A",.,"A",.,"A",.,"A",.,"A",50,"D",.,"A",.,"A"
"20101",2170633,40,0,"1",.,"A",.,"A",.,"A",.,"A",.,"A",.,"A",910,"D",.,"A",.,"A",.,"A",.,"A",.,"A",.,"A",.,"A",.,"A"
"20101",2170643,49,0,"1",.,"A",.,"A",.,"A",.,"A",.,"A",.,"A",.,"A",.,"A",.,"A",.,"A",.,"A",.,"A",40,"D",.,"A",.,"A"
"20101",2170683,41,0,"1",.,"A",.,"A",.,"A",.,"A",.,"A",.,"A",.,"A",.,"A",.,"A",.,"A",.,"A",.,"A",120,"D",.,"A",.,"A"
"20101",2170693,33,0,"1",.,"A",.,"A",.,"A",.,"A",.,"A",.,"A",.,"A",.,"A",.,"A",.,"A",.,"A",.,"A",.,"A",.,"A",.,"A"
"20101",2170713,33,0,"1",.,"A",.,"A",.,"A",360,"D",.,"A",.,"A",.,"A",.,"A",.,"A",.,"A",.,"A",.,"A",180,"D",.,"A",.,"A"
"20101",2170723,67,0,"1",.,"A",.,"A",.,"A",.,"A",.,"A",.,"A",.,"A",.,"A",.,"A",.,"A",.,"A",.,"A",.,"A",.,"A",.,"A"
"20101",2170763,24,0,"1",.,"A",.,"A",.,"A",.,"A",.,"A",.,"A",.,"A",.,"A",.,"A",.,"A",.,"A",.,"A",.,"A",.,"A",.,"A"
"20101",2170773,41,0,"1",.,"A",.,"A",.,"A",.,"A",.,"A",.,"A",.,"A",260,"D",.,"A",.,"A",.,"A",.,"A",300,"D",.,"A",.,"A"
"20101",2170803,76,0,"1",.,"A",.,"A",.,"A",.,"A",.,"A",.,"A",.,"A",.,"A",.,"A",.,"A",.,"A",.,"A",204,"D",.,"A",.,"A"
"20101",2170813,22,0,"1",.,"A",.,"A",.,"A",.,"A",.,"A",.,"A",.,"A",.,"A",.,"A",.,"A",.,"A",.,"A",.,"A",.,"A",.,"A"
"20101",2170823,52,0,"1",.,"A",.,"A",.,"A",.,"A",.,"A",.,"A",.,"A",.,"A",.,"A",.,"A",.,"A",.,"A",150,"D",.,"A",.,"A"
"20101",2170843,37,0,"1",.,"A",.,"A",.,"A",.,"A",.,"A",.,"A",.,"A",.,"A",.,"A",.,"A",.,"A",.,"A",.,"A",.,"A",.,"A"
"20101",2170873,30,0,"1",.,"A",.,"A",.,"A",.,"A",.,"A",.,"A",273,"D",.,"A",.,"A",.,"A",.,"A",.,"A",.,"A",.,"A",.,"A"
"20101",2170883,45,0,"1",.,"A",.,"A",.,"A",.,"A",.,"A",30,"D",.,"A",.,"A",.,"A",.,"A",.,"A",.,"A",.,"A",.,"A",.,"A"
"20101",2170893,35,0,"1",.,"A",.,"A",.,"A",.,"A",.,"A",.,"A",.,"A",.,"A",.,"A",.,"A",.,"A",.,"A",.,"A",.,"A",.,"A"
"20101",2170903,54,0,"1",.,"A",.,"A",.,"A",.,"A",.,"A",.,"A",.,"A",.,"A",.,"A",.,"A",.,"A",.,"A",60,"D",.,"A",.,"A"
"20101",2170923,51,0,"1",.,"A",.,"A",.,"A",.,"A",.,"A",.,"A",.,"A",.,"A",.,"A",.,"A",.,"A",.,"A",48,"D",.,"A",.,"A"
"20101",2170933,29,0,"1",.,"A",.,"A",.,"A",.,"A",.,"A",.,"A",.,"A",.,"A",.,"A",.,"A",.,"A",.,"A",.,"A",.,"A",.,"A"
"20101",2170943,97,0,"1",.,"A",.,"A",.,"A",.,"A",.,"A",.,"A",728,"D",.,"A",.,"A",.,"A",.,"A",.,"A",150,"D",.,"A",.,"A"
"20101",2170953,50,0,"1",.,"A",.,"A",.,"A",15,"D",.,"A",.,"A",.,"A",.,"A",.,"A",0,"D",0,"D",432,"D",45,"D",0,"D",.,"A"
"20101",2170973,42,0,"1",.,"A",.,"A",.,"A",.,"A",.,"A",.,"A",.,"A",.,"A",.,"A",.,"A",.,"A",.,"A",24,"D",.,"A",.,"A"
"20101",2171003,47,0,"1",40,"D",.,"A",.,"A",.,"A",220,"D",.,"A",390,"D",.,"A",48,"D",.,"A",.,"A",.,"A",20,"D",.,"A",.,"A"
"20101",2171023,45,0,"1",.,"A",.,"A",.,"A",.,"A",.,"A",.,"A",455,"D",.,"A",.,"A",.,"A",.,"A",.,"A",.,"A",.,"A",.,"A"
"20101",2171033,75,0,"1",.,"A",.,"A",.,"A",.,"A",.,"A",.,"A",.,"A",.,"A",9,"D",.,"A",.,"A",.,"A",35,"D",.,"A",.,"A"
"20101",2171043,95,0,"1",.,"A",.,"A",.,"A",.,"A",.,"A",150,"D",.,"A",.,"A",.,"A",.,"A",.,"A",.,"A",290,"D",.,"A",.,"A"
"20101",2171054,34,0,"1",.,"A",.,"A",.,"A",20,"D",160,"D",.,"A",.,"A",.,"A",.,"A",0,"D",75,"D",60,"D",.,"A",0,"D",.,"A"
"20101",2171063,33,0,"1",.,"A",.,"A",.,"A",.,"A",.,"A",.,"A",.,"A",.,"A",.,"A",.,"A",.,"A",.,"A",.,"A",.,"A",.,"A"
"20101",2171073,70,0,"1",.,"A",.,"A",.,"A",.,"A",.,"A",.,"A",.,"A",.,"A",.,"A",.,"A",.,"A",.,"A",540,"D",.,"A",.,"A"
"20101",2171093,49,0,"1",.,"A",.,"A",20,"D",.,"A",.,"A",.,"A",.,"A",260,"D",.,"A",.,"A",.,"A",.,"A",36,"D",.,"A",.,"A"
"20101",2171103,65,0,"1",.,"A",.,"A",.,"A",.,"A",.,"A",.,"A",.,"A",.,"A",.,"A",.,"A",.,"A",.,"A",25,"D",.,"A",.,"A"
"20101",2171143,50,0,"1",.,"A",.,"A",.,"A",.,"A",59,"D",.,"A",.,"A",.,"A",.,"A",.,"A",.,"A",.,"A",45,"D",.,"A",.,"A"
"20101",2171163,79,0,"1",.,"A",.,"A",.,"A",.,"A",.,"A",.,"A",650,"D",325,"D",1800,"D",.,"A",.,"A",.,"A",100,"D",.,"A",.,"A"
"20101",2171183,34,0,"1",.,"A",.,"A",.,"A",.,"A",.,"A",.,"A",.,"A",.,"A",.,"A",.,"A",.,"A",.,"A",.,"A",.,"A",.,"A"
"20101",2171193,53,0,"1",.,"A",.,"A",.,"A",.,"A",.,"A",.,"A",260,"D",.,"A",.,"A",.,"A",.,"A",.,"A",150,"D",.,"A",.,"A"
"20101",2171203,48,0,"1",.,"A",.,"A",7,"D",.,"A",.,"A",.,"A",.,"A",.,"A",.,"A",.,"A",.,"A",.,"A",12,"D",.,"A",.,"A"
"20101",2171213,37,0,"1",.,"A",.,"A",.,"A",.,"A",.,"A",25,"D",.,"A",.,"A",.,"A",.,"A",.,"A",.,"A",85,"D",.,"A",.,"A"
"20101",2171223,56,0,"1",.,"A",.,"A",.,"A",.,"A",.,"A",60,"D",.,"A",.,"A",60,"F",.,"A",.,"A",.,"A",300,"D",.,"A",.,"A"
"20101",2171233,83,0,"1",.,"A",.,"A",.,"A",.,"A",.,"A",20,"D",.,"A",.,"A",.,"A",.,"A",.,"A",.,"A",207,"D",.,"A",.,"A"
"20101",2171243,89,0,"1",.,"A",.,"A",.,"A",.,"A",.,"A",.,"A",.,"A",.,"A",.,"A",.,"A",.,"A",.,"A",96,"D",.,"A",.,"A"
"20101",2171253,52,0,"1",.,"A",.,"A",.,"A",.,"A",.,"A",.,"A",.,"A",.,"A",.,"A",.,"A",.,"A",.,"A",150,"D",.,"A",.,"A"
"20101",2171273,42,0,"1",.,"A",.,"A",.,"A",.,"A",.,"A",.,"A",.,"A",.,"A",.,"A",.,"A",.,"A",.,"A",.,"A",.,"A",.,"A"
"20101",2171293,32,0,"1",.,"A",.,"A",.,"A",.,"A",.,"A",.,"A",.,"A",.,"A",15,"D",.,"A",.,"A",.,"A",240,"D",.,"A",.,"A"
"20101",2171313,73,0,"1",.,"A",.,"A",.,"A",.,"A",.,"A",.,"A",.,"A",.,"A",.,"A",.,"A",.,"A",.,"A",.,"A",.,"A",.,"A"
"20101",2171323,49,0,"1",.,"A",.,"A",.,"A",.,"A",.,"A",.,"A",.,"A",.,"A",.,"A",.,"A",.,"A",.,"A",80,"D",.,"A",.,"A"
"20101",2171333,48,0,"1",.,"A",.,"A",.,"A",.,"A",.,"A",35,"D",1040,"D",.,"A",18,"D",.,"A",.,"A",.,"A",.,"A",.,"A",.,"A"
"20101",2171343,37,0,"1",.,"A",.,"A",.,"A",.,"A",.,"A",.,"A",.,"A",.,"A",.,"A",.,"A",.,"A",.,"A",540,"D",.,"A",.,"A"
"20101",2171353,46,0,"1",.,"A",.,"A",.,"A",.,"A",.,"A",.,"A",.,"A",.,"A",.,"A",.,"A",.,"A",.,"A",.,"A",.,"A",.,"A"
"20101",2171363,75,0,"1",.,"A",.,"A",.,"A",.,"A",.,"A",34,"D",195,"D",.,"A",.,"A",.,"A",.,"A",.,"A",75,"D",.,"A",.,"A"
"20101",2171373,67,0,"1",.,"A",.,"A",.,"A",.,"A",.,"A",.,"A",.,"A",.,"A",.,"A",.,"A",.,"A",.,"A",105,"D",.,"A",.,"A"
"20101",2171393,29,0,"1",.,"A",.,"A",.,"A",.,"A",20,"D",.,"A",.,"A",.,"A",.,"A",.,"A",.,"A",.,"A",.,"A",.,"A",.,"A"
"20101",2171403,34,0,"1",.,"A",.,"A",.,"A",.,"A",.,"A",.,"A",.,"A",.,"A",.,"A",.,"A",.,"A",.,"A",24,"F",.,"A",.,"A"
"20101",2171463,50,0,"1",.,"A",.,"A",.,"A",.,"A",.,"A",.,"A",390,"D",.,"A",.,"A",.,"A",.,"A",.,"A",.,"A",.,"A",.,"A"
"20101",2171473,47,0,"1",.,"A",.,"A",.,"A",.,"A",.,"A",.,"A",455,"D",195,"D",180,"D",.,"A",.,"A",.,"A",.,"A",.,"A",.,"A"
"20101",2171483,49,0,"1",.,"A",.,"A",.,"A",.,"A",.,"A",60,"D",520,"D",.,"A",.,"A",.,"A",.,"A",.,"A",135,"D",.,"A",.,"A"
"20101",2171493,62,0,"1",.,"A",.,"A",.,"A",.,"A",.,"A",.,"A",78,"D",.,"A",.,"A",.,"A",.,"A",.,"A",.,"A",.,"A",.,"A"
"20101",2171503,26,0,"1",.,"A",.,"A",.,"A",.,"A",12,"D",.,"A",.,"A",.,"A",.,"A",.,"A",.,"A",.,"A",.,"A",.,"A",.,"A"
"20101",2171513,70,0,"1",.,"A",.,"A",.,"A",.,"A",.,"A",.,"A",.,"A",.,"A",.,"A",.,"A",.,"A",.,"A",85,"D",.,"A",.,"A"
"20101",2171533,56,0,"1",20,"D",.,"A",.,"A",.,"A",220,"D",.,"A",.,"A",.,"A",.,"A",135,"D",0,"D",0,"D",61,"D",45,"D",.,"A"
"20101",2171563,27,0,"1",.,"A",.,"A",.,"A",.,"A",.,"A",.,"A",.,"A",.,"A",.,"A",.,"A",.,"A",.,"A",.,"A",.,"A",.,"A"
"20101",2171583,52,0,"1",.,"A",.,"A",.,"A",.,"A",.,"A",.,"A",.,"A",.,"A",.,"A",.,"A",.,"A",.,"A",120,"D",.,"A",.,"A"
"20101",2171593,61,0,"1",0,"F",25,"D",.,"A",.,"A",240,"F",11,"D",.,"A",.,"A",21,"D",.,"A",.,"A",.,"A",25,"D",.,"A",.,"A"
"20101",2171603,32,0,"1",.,"A",.,"A",.,"A",.,"A",.,"A",.,"A",.,"A",.,"A",.,"A",.,"A",.,"A",.,"A",.,"A",.,"A",.,"A"
"20101",2171643,46,0,"1",.,"A",.,"A",.,"A",16,"D",25,"D",.,"A",.,"A",.,"A",.,"A",558,"D",0,"D",0,"D",8,"D",186,"D",.,"A"
"20101",2171653,85,0,"1",.,"A",.,"A",.,"A",.,"A",.,"A",.,"A",156,"D",.,"A",.,"A",.,"A",.,"A",.,"A",.,"A",.,"A",.,"A"
"20101",2171665,34,0,"1",.,"A",.,"A",.,"A",.,"A",.,"A",.,"A",.,"A",.,"A",.,"A",.,"A",.,"A",.,"A",.,"A",.,"A",.,"A"
"20101",2171673,36,0,"1",.,"A",.,"A",.,"A",.,"A",.,"A",.,"A",.,"A",.,"A",.,"A",.,"A",.,"A",.,"A",.,"A",.,"A",.,"A"
"20101",2171683,55,0,"1",.,"A",.,"A",.,"A",.,"A",.,"A",.,"A",.,"A",.,"A",.,"A",.,"A",.,"A",.,"A",200,"D",.,"A",.,"A"
"20101",2171703,49,0,"1",.,"A",.,"A",.,"A",.,"A",.,"A",.,"A",.,"A",.,"A",.,"A",.,"A",.,"A",.,"A",.,"A",.,"A",.,"A"
"20101",2171713,90,0,"1",.,"A",.,"A",.,"A",.,"A",.,"A",.,"A",.,"A",.,"A",.,"A",270,"D",0,"D",0,"D",120,"D",90,"D",.,"A"
"20101",2171733,44,0,"1",.,"A",.,"A",.,"A",.,"A",10,"D",.,"A",.,"A",.,"A",9,"D",.,"A",.,"A",.,"A",.,"A",.,"A",.,"A"
"20101",2171743,67,0,"1",.,"A",.,"A",.,"A",.,"A",.,"A",150,"D",.,"A",.,"A",.,"A",.,"A",.,"A",.,"A",100,"D",.,"A",.,"A"
"20101",2171753,64,0,"1",.,"A",.,"A",.,"A",.,"A",.,"A",.,"A",650,"D",.,"A",12,"D",.,"A",.,"A",.,"A",100,"D",.,"A",.,"A"
"20101",2171773,54,0,"1",.,"A",.,"A",.,"A",.,"A",.,"A",.,"A",.,"A",.,"A",.,"A",.,"A",.,"A",.,"A",.,"A",.,"A",.,"A"
"20101",2171823,24,0,"1",.,"A",.,"A",.,"A",.,"A",20,"D",.,"A",.,"A",.,"A",.,"A",.,"A",.,"A",.,"A",.,"A",.,"A",.,"A"
"20101",2171853,40,0,"1",.,"A",.,"A",.,"A",.,"A",120,"D",.,"A",195,"D",.,"A",.,"A",.,"A",.,"A",.,"A",.,"A",.,"A",.,"A"
"20101",2171863,33,0,"1",.,"A",.,"A",.,"A",.,"A",.,"A",.,"A",.,"A",.,"A",.,"A",.,"A",.,"A",.,"A",.,"A",.,"A",.,"A"
"20101",2171883,56,0,"1",.,"A",.,"A",.,"A",.,"A",.,"A",.,"A",.,"A",.,"A",.,"A",.,"A",.,"A",.,"A",.,"A",.,"A",.,"A"
"20101",2171903,52,0,"1",.,"A",.,"A",.,"A",.,"A",36,"D",.,"A",.,"A",.,"A",.,"A",6,"D",0,"D",6,"D",.,"A",2,"D",.,"A"
"20101",2171923,47,0,"1",.,"A",.,"A",.,"A",.,"A",.,"A",.,"A",.,"A",.,"A",.,"A",.,"A",.,"A",.,"A",.,"A",.,"A",.,"A"
"20101",2171933,41,0,"1",.,"A",.,"A",.,"A",.,"A",.,"A",.,"A",.,"A",.,"A",15,"D",.,"A",.,"A",.,"A",100,"D",.,"A",.,"A"
"20101",2171943,72,0,"1",.,"A",.,"A",.,"A",67,"D",.,"A",.,"A",.,"A",.,"A",15,"D",.,"A",.,"A",.,"A",302,"D",.,"A",.,"A"
"20101",2171953,43,0,"1",.,"A",.,"A",.,"A",.,"A",240,"D",.,"A",.,"A",.,"A",.,"A",0,"D",30,"D",30,"D",40,"D",0,"D",.,"A"
"20101",2171963,46,0,"1",.,"A",.,"A",.,"A",.,"A",.,"A",.,"A",650,"D",.,"A",.,"A",.,"A",.,"A",.,"A",.,"A",.,"A",.,"A"
"20101",2171973,87,0,"1",.,"A",.,"A",.,"A",.,"A",.,"A",.,"A",260,"D",.,"A",.,"A",.,"A",.,"A",.,"A",508,"D",.,"A",.,"A"
"20101",2171983,35,0,"1",.,"A",.,"A",.,"A",.,"A",.,"A",.,"A",.,"A",.,"A",.,"A",.,"A",.,"A",.,"A",60,"D",.,"A",.,"A"
"20101",2171993,50,0,"1",.,"A",.,"A",.,"A",.,"A",.,"A",30,"D",.,"A",.,"A",.,"A",.,"A",.,"A",.,"A",200,"D",.,"A",.,"A"
"20101",2172003,41,0,"1",.,"A",.,"A",.,"A",.,"A",.,"A",.,"A",.,"A",.,"A",.,"A",.,"A",.,"A",.,"A",12,"D",.,"A",.,"A"
"20101",2172013,43,0,"1",.,"A",.,"A",.,"A",.,"A",.,"A",40,"D",.,"A",.,"A",27,"D",.,"A",.,"A",.,"A",.,"A",.,"A",.,"A"
"20101",2172023,49,0,"1",.,"A",.,"A",.,"A",.,"A",.,"A",.,"A",.,"A",.,"A",.,"A",.,"A",.,"A",.,"A",10,"D",.,"A",.,"A"
"20101",2172043,56,0,"1",.,"A",.,"A",.,"A",.,"A",.,"A",.,"A",.,"A",.,"A",.,"A",.,"A",.,"A",.,"A",.,"A",.,"A",.,"A"
"20101",2172083,31,0,"1",.,"A",.,"A",.,"A",300,"D",.,"A",.,"A",.,"A",.,"A",.,"A",0,"D",0,"D",0,"D",24,"D",0,"D",.,"A"
"20101",2172104,77,0,"1",.,"A",.,"A",.,"A",.,"A",.,"A",90,"D",.,"A",.,"A",.,"A",.,"A",.,"A",.,"A",120,"D",.,"A",.,"A"
"20101",2172113,47,0,"1",.,"A",.,"A",.,"A",.,"A",140,"D",.,"A",.,"A",.,"A",.,"A",.,"A",.,"A",.,"A",.,"A",.,"A",.,"A"
"20101",2172143,39,0,"1",.,"A",.,"A",.,"A",.,"A",.,"A",.,"A",351,"D",.,"A",.,"A",.,"A",.,"A",.,"A",.,"A",.,"A",.,"A"
"20101",2172153,40,0,"1",.,"A",.,"A",.,"A",.,"A",.,"A",.,"A",.,"A",.,"A",.,"A",.,"A",.,"A",.,"A",.,"A",.,"A",.,"A"
"20101",2172163,50,0,"1",.,"A",.,"A",.,"A",.,"A",.,"A",.,"A",.,"A",.,"A",.,"A",.,"A",.,"A",.,"A",.,"A",.,"A",.,"A"
"20101",2172183,80,0,"1",.,"A",.,"A",.,"A",.,"A",.,"A",10,"D",.,"A",.,"A",.,"A",.,"A",.,"A",.,"A",35,"D",.,"A",.,"A"
"20101",2172203,27,0,"1",.,"A",.,"A",.,"A",.,"A",.,"A",.,"A",.,"A",.,"A",.,"A",.,"A",.,"A",.,"A",.,"A",.,"A",.,"A"
"20101",2172223,49,0,"1",100,"D",.,"A",.,"A",50,"D",200,"D",75,"D",.,"A",.,"A",15,"D",150,"D",0,"D",150,"D",400,"F",50,"D",.,"A"
"20101",2172253,49,0,"1",.,"A",.,"A",.,"A",.,"A",.,"A",.,"A",.,"A",.,"A",.,"A",.,"A",.,"A",.,"A",60,"D",.,"A",.,"A"
"20101",2172263,44,0,"1",.,"A",.,"A",.,"A",.,"A",.,"A",.,"A",.,"A",.,"A",.,"A",.,"A",.,"A",.,"A",.,"A",.,"A",.,"A"
"20101",2172283,60,0,"1",.,"A",.,"A",.,"A",.,"A",.,"A",15,"D",.,"A",.,"A",.,"A",.,"A",.,"A",.,"A",40,"D",.,"A",.,"A"
"20101",2172293,58,0,"1",.,"A",.,"A",.,"A",.,"A",.,"A",.,"A",.,"A",.,"A",15,"D",.,"A",.,"A",.,"A",100,"D",.,"A",.,"A"
"20101",2172303,55,0,"1",.,"A",.,"A",.,"A",.,"A",.,"A",.,"A",.,"A",.,"A",.,"A",.,"A",.,"A",.,"A",200,"D",.,"A",.,"A"
"20101",2172323,56,0,"1",.,"A",.,"A",.,"A",32,"D",.,"A",.,"A",.,"A",.,"A",.,"A",.,"A",.,"A",.,"A",48,"D",.,"A",.,"A"
"20101",2172333,30,0,"1",.,"A",.,"A",.,"A",.,"A",.,"A",.,"A",.,"A",.,"A",.,"A",.,"A",.,"A",.,"A",.,"A",.,"A",.,"A"
"20101",2172353,58,0,"1",.,"A",.,"A",.,"A",.,"A",.,"A",.,"A",.,"A",.,"A",12,"D",.,"A",.,"A",.,"A",80,"D",.,"A",.,"A"
"20101",2172363,84,0,"1",.,"A",.,"A",.,"A",.,"A",.,"A",60,"D",.,"A",.,"A",.,"A",.,"A",.,"A",.,"A",150,"D",.,"A",.,"A"
"20101",2172373,48,0,"1",.,"A",.,"A",.,"A",.,"A",96,"D",300,"D",65,"D",65,"D",.,"A",0,"D",0,"D",60,"D",100,"D",0,"D",.,"A"
"20101",2172383,32,0,"1",.,"A",.,"A",.,"A",.,"A",.,"A",.,"A",.,"A",.,"A",.,"A",.,"A",.,"A",.,"A",.,"A",.,"A",.,"A"
"20101",2172393,71,0,"1",.,"A",.,"A",.,"A",.,"A",.,"A",50,"D",.,"A",.,"A",.,"A",.,"A",.,"A",.,"A",100,"D",.,"A",.,"A"
"20101",2172403,42,0,"1",.,"A",.,"A",.,"A",.,"A",.,"A",.,"A",.,"A",.,"A",.,"A",.,"A",.,"A",.,"A",.,"A",.,"A",.,"A"
"20101",2172413,60,0,"1",.,"A",.,"A",.,"A",.,"A",.,"A",.,"A",.,"A",.,"A",.,"A",.,"A",.,"A",.,"A",48,"D",.,"A",.,"A"
"20101",2172523,48,0,"1",.,"A",.,"A",.,"A",.,"A",.,"A",.,"A",.,"A",.,"A",.,"A",.,"A",.,"A",.,"A",.,"A",.,"A",.,"A"
"20101",2172543,66,0,"1",.,"A",.,"A",.,"A",.,"A",.,"A",20,"D",.,"A",.,"A",210,"D",.,"A",.,"A",.,"A",.,"A",.,"A",.,"A"
"20101",2172563,45,0,"1",.,"A",.,"A",.,"A",.,"A",.,"A",.,"A",.,"A",.,"A",.,"A",.,"A",.,"A",.,"A",12,"D",.,"A",.,"A"
"20101",2172573,48,0,"1",.,"A",.,"A",.,"A",.,"A",.,"A",.,"A",.,"A",.,"A",.,"A",.,"A",.,"A",.,"A",.,"A",.,"A",.,"A"
"20101",2172583,39,0,"1",.,"A",.,"A",.,"A",.,"A",.,"A",.,"A",.,"A",.,"A",.,"A",.,"A",.,"A",.,"A",60,"D",.,"A",.,"A"
"20101",2172603,50,0,"1",.,"A",.,"A",.,"A",.,"A",.,"A",36,"D",.,"A",.,"A",.,"A",.,"A",.,"A",.,"A",200,"D",.,"A",.,"A"
"20101",2172613,57,0,"1",.,"A",.,"A",.,"A",.,"A",.,"A",.,"A",.,"A",156,"D",.,"A",.,"A",.,"A",.,"A",225,"D",.,"A",.,"A"
"20101",2172623,43,0,"1",.,"A",.,"A",.,"A",.,"A",.,"A",.,"A",.,"A",.,"A",.,"A",.,"A",.,"A",.,"A",30,"D",.,"A",.,"A"
"20101",2172633,42,0,"1",.,"A",.,"A",.,"A",.,"A",.,"A",150,"D",.,"A",.,"A",.,"A",.,"A",.,"A",.,"A",150,"D",.,"A",.,"A"
"20101",2172643,52,0,"1",.,"A",.,"A",.,"A",.,"A",.,"A",20,"D",.,"A",.,"A",.,"A",.,"A",.,"A",.,"A",.,"A",.,"A",.,"A"
"20101",2172653,38,0,"1",.,"A",.,"A",.,"A",.,"A",.,"A",.,"A",.,"A",.,"A",.,"A",.,"A",.,"A",.,"A",50,"D",.,"A",.,"A"
"20101",2172673,59,0,"1",.,"A",.,"A",.,"A",360,"D",280,"D",175,"D",.,"A",.,"A",.,"A",540,"D",0,"D",0,"D",.,"A",180,"D",.,"A"
"20101",2172693,29,0,"1",.,"A",.,"A",.,"A",.,"A",.,"A",.,"A",.,"A",.,"A",.,"A",.,"A",.,"A",.,"A",.,"A",.,"A",.,"A"
"20101",2172703,44,0,"1",.,"A",.,"A",.,"A",.,"A",.,"A",.,"A",156,"D",.,"A",.,"A",.,"A",.,"A",.,"A",150,"D",.,"A",.,"A"
"20101",2172723,76,0,"1",.,"A",.,"A",.,"A",.,"A",.,"A",.,"A",.,"A",.,"A",.,"A",.,"A",.,"A",.,"A",30,"D",.,"A",.,"A"
"20101",2172733,23,0,"1",.,"A",.,"A",.,"A",.,"A",.,"A",.,"A",.,"A",.,"A",.,"A",.,"A",.,"A",.,"A",.,"A",.,"A",.,"A"
"20101",2172743,68,0,"1",.,"A",.,"A",.,"A",.,"A",.,"A",15,"D",.,"A",.,"A",.,"A",.,"A",.,"A",.,"A",.,"A",.,"A",.,"A"
"20101",2172763,24,0,"1",3,"D",.,"A",.,"A",.,"A",45,"D",.,"A",.,"A",.,"A",.,"A",0,"D",0,"D",45,"D",.,"A",0,"D",.,"A"
"20101",2172773,94,0,"1",.,"A",.,"A",.,"A",.,"A",.,"A",.,"A",.,"A",.,"A",.,"A",.,"A",.,"A",.,"A",.,"A",.,"A",.,"A"
"20101",2172783,81,0,"1",.,"A",.,"A",.,"A",.,"A",.,"A",240,"D",.,"A",.,"A",.,"A",.,"A",.,"A",.,"A",300,"D",.,"A",.,"A"
"20101",2172793,32,0,"1",.,"A",.,"A",.,"A",.,"A",.,"A",.,"A",715,"D",.,"A",.,"A",.,"A",.,"A",.,"A",.,"A",.,"A",.,"A"
"20101",2172823,42,0,"1",.,"A",.,"A",.,"A",.,"A",.,"A",.,"A",.,"A",.,"A",.,"A",.,"A",.,"A",.,"A",.,"A",.,"A",.,"A"
"20101",2172833,50,0,"1",.,"A",.,"A",.,"A",.,"A",.,"A",.,"A",.,"A",.,"A",.,"A",.,"A",.,"A",.,"A",160,"D",.,"A",.,"A"
"20101",2172843,24,0,"1",.,"A",.,"A",.,"A",.,"A",.,"A",.,"A",130,"D",.,"A",.,"A",.,"A",.,"A",.,"A",60,"D",.,"A",.,"A"
"20101",2172853,59,0,"1",.,"A",.,"A",.,"A",.,"A",.,"A",.,"A",260,"D",.,"A",.,"A",.,"A",.,"A",.,"A",150,"D",.,"A",.,"A"
"20101",2172863,51,0,"1",.,"A",.,"A",.,"A",.,"A",.,"A",.,"A",.,"A",.,"A",.,"A",.,"A",.,"A",.,"A",120,"D",.,"A",.,"A"
"20101",2172873,37,0,"1",20,"D",.,"A",.,"A",.,"A",30,"D",50,"D",.,"A",.,"A",.,"A",60,"D",0,"D",0,"D",.,"A",20,"D",.,"A"
"20101",2172883,44,0,"1",.,"A",.,"A",.,"A",.,"A",.,"A",.,"A",.,"A",.,"A",.,"A",.,"A",.,"A",.,"A",120,"D",.,"A",.,"A"
"20101",2172893,46,0,"1",.,"A",.,"A",22,"D",.,"A",.,"A",.,"A",.,"A",.,"A",.,"A",.,"A",.,"A",.,"A",85,"D",.,"A",.,"A"
"20101",2172903,33,0,"1",5,"D",.,"A",.,"A",.,"A",10,"D",.,"A",1170,"D",.,"A",.,"A",.,"A",.,"A",.,"A",.,"A",.,"A",.,"A"
"20101",2172923,52,0,"1",.,"A",.,"A",.,"A",.,"A",.,"A",.,"A",.,"A",.,"A",.,"A",.,"A",.,"A",.,"A",10,"D",.,"A",.,"A"
"20101",2172933,61,0,"1",.,"A",.,"A",.,"A",.,"A",.,"A",.,"A",910,"F",.,"A",.,"A",.,"A",.,"A",.,"A",60,"D",.,"A",.,"A"
"20101",2172943,46,0,"1",.,"A",.,"A",.,"A",.,"A",.,"A",.,"A",.,"A",.,"A",.,"A",.,"A",.,"A",.,"A",36,"D",.,"A",.,"A"
"20101",2172953,49,0,"1",.,"A",.,"A",.,"A",.,"A",80,"D",.,"A",.,"A",.,"A",.,"A",.,"A",.,"A",.,"A",13,"D",.,"A",.,"A"
"20101",2172963,43,0,"1",.,"A",.,"A",.,"A",.,"A",.,"A",.,"A",.,"A",.,"A",.,"A",.,"A",.,"A",.,"A",.,"A",.,"A",.,"A"
"20101",2172973,43,0,"1",.,"A",.,"A",.,"A",.,"A",.,"A",.,"A",.,"A",.,"A",.,"A",.,"A",.,"A",.,"A",100,"D",.,"A",.,"A"
"20101",2172983,49,0,"1",.,"A",.,"A",.,"A",.,"A",.,"A",.,"A",.,"A",.,"A",.,"A",.,"A",.,"A",.,"A",140,"D",.,"A",.,"A"
"20101",2172993,38,0,"1",.,"A",.,"A",.,"A",.,"A",.,"A",.,"A",.,"A",.,"A",.,"A",.,"A",.,"A",.,"A",.,"A",.,"A",.,"A"
"20101",2173013,26,0,"1",.,"A",.,"A",.,"A",.,"A",.,"A",.,"A",.,"A",.,"A",.,"A",.,"A",.,"A",.,"A",.,"A",.,"A",.,"A"
"20101",2173023,63,0,"1",.,"A",.,"A",.,"A",.,"A",.,"A",.,"A",.,"A",.,"A",.,"A",.,"A",.,"A",.,"A",.,"A",.,"A",.,"A"
"20101",2173033,97,0,"1",.,"A",.,"A",.,"A",.,"A",.,"A",200,"D",.,"A",.,"A",.,"A",.,"A",.,"A",.,"A",350,"D",.,"A",.,"A"
"20101",2173043,38,0,"1",.,"A",.,"A",.,"A",.,"A",.,"A",.,"A",.,"A",.,"A",.,"A",.,"A",.,"A",.,"A",.,"A",.,"A",.,"A"
"20101",2173053,71,0,"1",.,"A",.,"A",.,"A",.,"A",.,"A",.,"A",169,"D",.,"A",3,"D",.,"A",.,"A",.,"A",45,"D",.,"A",.,"A"
"20101",2173073,62,0,"1",.,"A",.,"A",.,"A",.,"A",.,"A",.,"A",1456,"D",.,"A",.,"A",.,"A",.,"A",.,"A",.,"A",.,"A",.,"A"
"20101",2173083,59,0,"1",.,"A",.,"A",.,"A",.,"A",.,"A",25,"D",.,"A",.,"A",.,"A",.,"A",.,"A",.,"A",1600,"D",.,"A",.,"A"
"20101",2173093,53,0,"1",.,"A",.,"A",.,"A",.,"A",.,"A",.,"A",455,"D",.,"A",.,"A",.,"A",.,"A",.,"A",150,"D",.,"A",.,"A"
"20101",2173113,55,0,"1",.,"A",.,"A",.,"A",.,"A",.,"A",.,"A",.,"A",.,"A",.,"A",.,"A",.,"A",.,"A",.,"A",.,"A",.,"A"
"20101",2173133,60,0,"1",.,"A",.,"A",.,"A",.,"A",.,"A",.,"A",520,"D",.,"A",.,"A",.,"A",.,"A",.,"A",45,"D",.,"A",.,"A"
"20101",2173143,47,0,"1",.,"A",.,"A",60,"D",.,"A",.,"A",100,"D",.,"A",.,"A",.,"A",.,"A",.,"A",.,"A",350,"D",.,"A",.,"A"
"20101",2173153,51,0,"1",.,"A",.,"A",.,"A",.,"A",.,"A",.,"A",.,"A",.,"A",.,"A",.,"A",.,"A",.,"A",20,"D",.,"A",.,"A"
"20101",2173163,42,0,"1",.,"A",.,"A",.,"A",.,"A",.,"A",.,"A",.,"A",.,"A",24,"D",.,"A",.,"A",.,"A",50,"D",.,"A",.,"A"
"20101",2173173,35,0,"1",.,"A",.,"A",.,"A",.,"A",40,"D",.,"A",.,"A",.,"A",.,"A",.,"A",.,"A",.,"A",.,"A",.,"A",.,"A"
"20101",2173213,40,0,"1",.,"A",.,"A",.,"A",.,"A",.,"A",.,"A",.,"A",.,"A",.,"A",.,"A",.,"A",.,"A",50,"D",.,"A",.,"A"
"20101",2173233,38,0,"1",.,"A",.,"A",.,"A",.,"A",.,"A",.,"A",.,"A",.,"A",.,"A",.,"A",.,"A",.,"A",40,"D",.,"A",.,"A"
"20101",2173243,47,0,"1",.,"A",.,"A",.,"A",.,"A",.,"A",.,"A",.,"A",.,"A",.,"A",.,"A",.,"A",.,"A",.,"A",.,"A",.,"A"
"20101",2173263,42,0,"1",.,"A",.,"A",.,"A",.,"A",.,"A",.,"A",.,"A",.,"A",.,"A",.,"A",.,"A",.,"A",40,"F",.,"A",.,"A"
"20101",2173273,21,0,"1",.,"A",.,"A",.,"A",.,"A",.,"A",.,"A",.,"A",.,"A",.,"A",.,"A",.,"A",.,"A",.,"A",.,"A",.,"A"
"20101",2173283,50,0,"1",.,"A",.,"A",.,"A",.,"A",.,"A",.,"A",.,"A",.,"A",.,"A",.,"A",.,"A",.,"A",.,"A",.,"A",.,"A"
"20101",2173293,48,0,"1",100,"D",.,"A",.,"A",.,"A",200,"D",.,"A",.,"A",.,"A",.,"A",.,"A",.,"A",.,"A",75,"D",.,"A",.,"A"
"20101",2173303,81,0,"1",.,"A",.,"A",.,"A",.,"A",.,"A",20,"D",.,"A",.,"A",.,"A",.,"A",.,"A",.,"A",52,"D",.,"A",.,"A"
"20101",2173323,72,0,"1",.,"A",.,"A",75,"D",.,"A",.,"A",.,"A",.,"A",.,"A",.,"A",.,"A",.,"A",.,"A",20,"D",.,"A",.,"A"
"20101",2173333,31,0,"1",.,"A",.,"A",.,"A",.,"A",.,"A",.,"A",65,"D",.,"A",.,"A",.,"A",.,"A",.,"A",.,"A",.,"A",.,"A"
"20101",2173353,62,0,"1",.,"A",.,"A",.,"A",.,"A",.,"A",.,"A",.,"A",.,"A",.,"A",.,"A",.,"A",.,"A",14,"D",.,"A",.,"A"
"20101",2173363,35,0,"1",.,"A",.,"A",.,"A",.,"A",.,"A",.,"A",.,"A",.,"A",.,"A",.,"A",.,"A",.,"A",100,"D",.,"A",.,"A"
"20101",2173373,32,0,"1",.,"A",.,"A",.,"A",.,"A",.,"A",.,"A",182,"D",.,"A",.,"A",.,"A",.,"A",.,"A",.,"A",.,"A",.,"A"
"20101",2173403,49,0,"1",.,"A",.,"A",.,"A",.,"A",.,"A",.,"A",.,"A",.,"A",.,"A",.,"A",.,"A",.,"A",.,"A",.,"A",.,"A"
"20101",2173423,52,0,"1",.,"A",.,"A",.,"A",.,"A",.,"A",.,"A",.,"A",.,"A",.,"A",.,"A",.,"A",.,"A",14,"D",.,"A",.,"A"
"20101",2173433,51,0,"1",.,"A",.,"A",.,"A",.,"A",.,"A",.,"A",.,"A",.,"A",.,"A",.,"A",.,"A",.,"A",80,"D",.,"A",.,"A"
"20101",2173443,40,0,"1",.,"A",.,"A",.,"A",.,"A",.,"A",.,"A",.,"A",.,"A",.,"A",.,"A",.,"A",.,"A",.,"A",.,"A",.,"A"
"20101",2173463,41,0,"1",.,"A",.,"A",50,"D",.,"A",.,"A",.,"A",.,"A",.,"A",.,"A",.,"A",.,"A",.,"A",.,"A",.,"A",.,"A"
"20101",2173473,36,0,"1",.,"A",.,"A",.,"A",.,"A",.,"A",.,"A",.,"A",.,"A",.,"A",.,"A",.,"A",.,"A",.,"A",.,"A",.,"A"
"20101",2173483,57,0,"1",.,"A",.,"A",.,"A",.,"A",.,"A",.,"A",.,"A",.,"A",.,"A",.,"A",.,"A",.,"A",69,"D",.,"A",.,"A"
"20101",2173503,49,0,"1",.,"A",.,"A",.,"A",.,"A",.,"A",.,"A",.,"A",.,"A",.,"A",.,"A",.,"A",.,"A",.,"A",.,"A",.,"A"
"20101",2173513,38,0,"1",10,"D",.,"A",.,"A",.,"A",10,"D",60,"D",.,"A",.,"A",.,"A",.,"A",.,"A",.,"A",20,"D",.,"A",.,"A"
"20101",2173523,46,0,"1",.,"A",.,"A",.,"A",.,"A",.,"A",.,"A",.,"A",.,"A",.,"A",.,"A",.,"A",.,"A",290,"D",.,"A",.,"A"
"20101",2173533,63,0,"1",.,"A",.,"A",.,"A",.,"A",.,"A",.,"A",416,"D",.,"A",.,"A",.,"A",.,"A",.,"A",30,"D",.,"A",.,"A"
"20101",2173543,41,0,"1",.,"A",.,"A",.,"A",.,"A",.,"A",.,"A",325,"D",.,"A",.,"A",.,"A",.,"A",.,"A",100,"D",.,"A",.,"A"
"20101",2173563,24,0,"1",.,"A",.,"A",.,"A",.,"A",.,"A",.,"A",130,"D",.,"A",.,"A",0,"D",0,"D",75,"D",.,"A",0,"D",.,"A"
"20101",2173573,65,0,"1",.,"A",.,"A",.,"A",.,"A",.,"A",.,"A",.,"A",.,"A",30,"D",.,"A",.,"A",.,"A",.,"A",.,"A",.,"A"
"20101",2173583,42,0,"1",.,"A",.,"A",.,"A",.,"A",.,"A",.,"A",.,"A",.,"A",.,"A",.,"A",.,"A",.,"A",69,"D",.,"A",.,"A"
"20101",2173594,63,0,"1",.,"A",.,"A",.,"A",.,"A",.,"A",30,"D",78,"F",.,"A",.,"A",.,"A",.,"A",.,"A",400,"D",.,"A",.,"A"
"20101",2173603,73,0,"1",.,"A",.,"A",.,"A",.,"A",.,"A",.,"A",1235,"D",65,"D",.,"A",.,"A",.,"A",.,"A",40,"D",.,"A",.,"A"
"20101",2173613,52,0,"1",.,"A",.,"A",.,"A",.,"A",.,"A",.,"A",.,"A",.,"A",60,"D",.,"A",.,"A",.,"A",.,"A",.,"A",.,"A"
"20101",2173633,93,0,"1",.,"A",.,"A",.,"A",.,"A",.,"A",.,"A",.,"A",.,"A",.,"A",.,"A",.,"A",.,"A",72,"D",.,"A",.,"A"
"20101",2173673,28,0,"1",.,"A",.,"A",.,"A",.,"A",.,"A",.,"A",.,"A",.,"A",.,"A",.,"A",.,"A",.,"A",.,"A",.,"A",.,"A"
"20101",2173683,82,0,"1",.,"A",.,"A",.,"A",.,"A",.,"A",.,"A",.,"A",.,"A",.,"A",.,"A",.,"A",.,"A",40,"D",.,"A",.,"A"
"20101",2173693,93,0,"1",.,"A",.,"A",.,"A",.,"A",.,"A",.,"A",.,"A",.,"A",.,"A",.,"A",.,"A",.,"A",100,"D",.,"A",.,"A"
"20101",2173703,48,0,"1",.,"A",.,"A",.,"A",.,"A",.,"A",.,"A",.,"A",.,"A",.,"A",.,"A",.,"A",.,"A",45,"D",.,"A",.,"A"
"20101",2173723,35,0,"1",.,"A",.,"A",.,"A",.,"A",.,"A",.,"A",.,"A",.,"A",.,"A",.,"A",.,"A",.,"A",10,"D",.,"A",.,"A"
"20101",2173733,31,0,"1",.,"A",.,"A",.,"A",280,"D",52,"D",94,"D",.,"A",.,"A",.,"A",375,"D",0,"D",0,"D",140,"D",125,"D",.,"A"
"20101",2173743,42,0,"1",.,"A",.,"A",.,"A",.,"A",.,"A",.,"A",260,"D",.,"A",.,"A",.,"A",.,"A",.,"A",200,"D",.,"A",.,"A"
"20101",2173763,68,0,"1",.,"A",.,"A",.,"A",.,"A",.,"A",.,"A",.,"A",.,"A",.,"A",.,"A",.,"A",.,"A",60,"D",.,"A",.,"A"
"20101",2173775,51,0,"1",.,"A",.,"A",.,"A",.,"A",.,"A",10,"D",.,"A",.,"A",.,"A",.,"A",.,"A",.,"A",94,"D",.,"A",.,"A"
"20101",2173783,46,0,"1",.,"A",.,"A",.,"A",.,"A",.,"A",35,"D",.,"A",.,"A",.,"A",.,"A",.,"A",.,"A",80,"D",.,"A",.,"A"
"20101",2173793,50,0,"1",.,"A",.,"A",.,"A",.,"A",.,"A",.,"A",.,"A",.,"A",.,"A",.,"A",.,"A",.,"A",200,"D",.,"A",.,"A"
"20101",2173813,36,0,"1",.,"A",.,"A",.,"A",.,"A",.,"A",.,"A",.,"A",.,"A",.,"A",.,"A",.,"A",.,"A",150,"D",.,"A",.,"A"
"20101",2173833,64,0,"1",.,"A",.,"A",.,"A",.,"A",.,"A",.,"A",.,"A",130,"D",.,"A",.,"A",.,"A",.,"A",40,"D",.,"A",.,"A"
"20101",2173843,66,0,"1",.,"A",.,"A",.,"A",.,"A",.,"A",.,"A",260,"D",.,"A",.,"A",0,"D",0,"D",90,"D",150,"D",0,"D",.,"A"
"20101",2173853,55,0,"1",.,"A",.,"A",.,"A",.,"A",.,"A",.,"A",.,"A",.,"A",.,"A",.,"A",.,"A",.,"A",.,"A",.,"A",.,"A"
"20101",2173863,57,0,"1",.,"A",.,"A",.,"A",.,"A",.,"A",.,"A",.,"A",.,"A",.,"A",.,"A",.,"A",.,"A",120,"D",.,"A",.,"A"
"20101",2173873,52,0,"1",.,"A",.,"A",.,"A",.,"A",.,"A",.,"A",.,"A",650,"D",.,"A",.,"A",.,"A",.,"A",78,"D",.,"A",.,"A"
"20101",2173883,30,0,"1",.,"A",.,"A",.,"A",.,"A",.,"A",.,"A",.,"A",.,"A",.,"A",.,"A",.,"A",.,"A",.,"A",.,"A",.,"A"
"20101",2173903,46,0,"1",.,"A",.,"A",.,"A",.,"A",.,"A",.,"A",.,"A",.,"A",.,"A",.,"A",.,"A",.,"A",110,"D",.,"A",.,"A"
"20101",2173913,54,0,"1",.,"A",.,"A",.,"A",.,"A",.,"A",.,"A",.,"A",.,"A",90,"D",.,"A",.,"A",.,"A",100,"D",.,"A",.,"A"
"20101",2173923,36,0,"1",.,"A",.,"A",.,"A",.,"A",.,"A",180,"D",.,"A",.,"A",.,"A",.,"A",.,"A",.,"A",.,"A",.,"A",.,"A"
"20101",2173933,61,0,"1",.,"A",.,"A",.,"A",.,"A",.,"A",.,"A",.,"A",.,"A",.,"A",.,"A",.,"A",.,"A",100,"D",.,"A",.,"A"
"20101",2173943,72,0,"1",.,"A",.,"A",.,"A",.,"A",30,"D",120,"F",.,"A",.,"A",60,"D",.,"A",.,"A",.,"A",75,"D",.,"A",.,"A"
"20101",2173953,48,0,"1",.,"A",.,"A",.,"A",.,"A",.,"A",.,"A",.,"A",.,"A",.,"A",.,"A",.,"A",.,"A",40,"D",.,"A",.,"A"
"20101",2173963,35,0,"1",.,"A",.,"A",.,"A",.,"A",10,"D",.,"A",.,"A",.,"A",.,"A",.,"A",.,"A",.,"A",.,"A",.,"A",.,"A"
"20101",2173983,66,0,"1",.,"A",.,"A",.,"A",.,"A",.,"A",.,"A",130,"D",.,"A",.,"A",.,"A",.,"A",.,"A",345,"D",.,"A",.,"A"
"20101",2174003,87,0,"1",.,"A",.,"A",.,"A",5,"D",.,"A",40,"D",.,"A",.,"A",15,"D",0,"D",0,"D",180,"D",100,"D",0,"D",.,"A"
"20101",2174023,29,0,"1",.,"A",.,"A",.,"A",.,"A",.,"A",.,"A",.,"A",.,"A",.,"A",.,"A",.,"A",.,"A",.,"A",.,"A",.,"A"
"20101",2174043,44,0,"1",.,"A",.,"A",.,"A",.,"A",.,"A",.,"A",949,"D",.,"A",.,"A",.,"A",.,"A",.,"A",.,"A",.,"A",.,"A"
"20101",2174053,25,0,"1",.,"A",.,"A",.,"A",.,"A",150,"D",.,"A",.,"A",.,"A",.,"A",15,"D",0,"D",0,"D",24,"D",5,"D",.,"A"
"20101",2174063,42,0,"1",.,"A",.,"A",.,"A",.,"A",.,"A",120,"D",.,"A",.,"A",.,"A",.,"A",.,"A",.,"A",30,"D",.,"A",.,"A"
"20101",2174073,48,0,"1",.,"A",.,"A",.,"A",.,"A",.,"A",.,"A",.,"A",.,"A",.,"A",.,"A",.,"A",.,"A",.,"A",.,"A",.,"A"
"20101",2174093,54,0,"1",.,"A",.,"A",95,"F",.,"A",.,"A",6,"D",.,"A",.,"A",.,"A",0,"D",180,"D",0,"D",60,"D",0,"D",.,"A"
"20101",2174103,42,0,"1",.,"A",.,"A",.,"A",.,"A",.,"A",.,"A",.,"A",.,"A",.,"A",.,"A",.,"A",.,"A",.,"A",.,"A",.,"A"
"20101",2174123,46,0,"1",.,"A",.,"A",.,"A",.,"A",.,"A",.,"A",.,"A",.,"A",.,"A",.,"A",.,"A",.,"A",60,"D",.,"A",.,"A"
"20101",2174143,49,0,"1",.,"A",.,"A",.,"A",.,"A",.,"A",.,"A",.,"A",.,"A",.,"A",.,"A",.,"A",.,"A",.,"A",.,"A",.,"A"
"20101",2174153,24,0,"1",.,"A",.,"A",.,"A",.,"A",15,"D",.,"A",.,"A",.,"A",.,"A",0,"D",36,"D",0,"D",.,"A",0,"D",.,"A"
"20101",2174173,41,0,"1",.,"A",.,"A",.,"A",.,"A",.,"A",.,"A",.,"A",.,"A",.,"A",.,"A",.,"A",.,"A",80,"D",.,"A",.,"A"
"20101",2174203,43,0,"1",.,"A",.,"A",.,"A",.,"A",.,"A",.,"A",650,"D",.,"A",.,"A",.,"A",.,"A",.,"A",.,"A",.,"A",.,"A"
"20101",2174213,48,0,"1",.,"A",.,"A",.,"A",.,"A",.,"A",.,"A",.,"A",.,"A",.,"A",.,"A",.,"A",.,"A",120,"D",.,"A",.,"A"
"20101",2174233,57,0,"1",.,"A",.,"A",.,"A",.,"A",.,"A",.,"A",.,"A",.,"A",.,"A",.,"A",.,"A",.,"A",.,"A",.,"A",.,"A"
"20101",2174253,41,0,"1",.,"A",.,"A",.,"A",.,"A",.,"A",.,"A",.,"A",.,"A",.,"A",.,"A",.,"A",.,"A",.,"A",.,"A",.,"A"
"20101",2174263,75,0,"1",.,"A",.,"A",.,"A",.,"A",.,"A",.,"A",.,"A",.,"A",.,"A",.,"A",.,"A",.,"A",21,"D",.,"A",.,"A"
"20101",2174323,58,0,"1",.,"A",.,"A",.,"A",.,"A",45,"D",.,"A",.,"A",.,"A",30,"D",.,"A",.,"A",.,"A",25,"D",.,"A",.,"A"
"20101",2174333,66,0,"1",.,"A",.,"A",.,"A",.,"A",.,"A",.,"A",390,"D",.,"A",105,"D",.,"A",.,"A",.,"A",.,"A",.,"A",.,"A"
"20101",2174383,81,0,"1",.,"A",.,"A",.,"A",.,"A",.,"A",10,"D",.,"A",.,"A",.,"A",.,"A",.,"A",.,"A",420,"D",.,"A",.,"A"
"20101",2174413,80,0,"1",10,"D",.,"A",.,"A",.,"A",110,"D",.,"A",.,"A",.,"A",.,"A",.,"A",.,"A",.,"A",.,"A",.,"A",.,"A"
"20101",2174423,46,0,"1",.,"A",.,"A",.,"A",.,"A",.,"A",.,"A",.,"A",.,"A",.,"A",.,"A",.,"A",.,"A",.,"A",.,"A",.,"A"
"20101",2174433,28,0,"1",.,"A",.,"A",.,"A",.,"A",30,"D",.,"A",.,"A",.,"A",.,"A",300,"D",0,"D",0,"D",.,"A",100,"D",.,"A"
"20101",2174443,28,0,"1",.,"A",.,"A",.,"A",.,"A",.,"A",.,"A",.,"A",.,"A",.,"A",231,"D",0,"D",0,"D",50,"D",77,"D",.,"A"
"20101",2174463,57,0,"1",.,"A",.,"A",.,"A",.,"A",.,"A",.,"A",.,"A",.,"A",.,"A",.,"A",.,"A",.,"A",.,"A",.,"A",.,"A"
"20101",2174493,39,0,"1",.,"A",.,"A",.,"A",.,"A",65,"D",.,"A",.,"A",.,"A",.,"A",.,"A",.,"A",.,"A",.,"A",.,"A",.,"A"
"20101",2174503,64,0,"1",.,"A",.,"A",80,"D",.,"A",.,"A",.,"A",.,"A",.,"A",.,"A",.,"A",.,"A",.,"A",80,"D",.,"A",.,"A"
"20101",2174553,49,0,"1",.,"A",.,"A",145,"D",.,"A",.,"A",90,"D",.,"A",.,"A",.,"A",.,"A",.,"A",.,"A",250,"D",.,"A",.,"A"
"20101",2174573,47,0,"1",.,"A",.,"A",.,"A",.,"A",.,"A",.,"A",130,"D",.,"A",.,"A",.,"A",.,"A",.,"A",250,"D",.,"A",.,"A"
"20101",2174583,43,0,"1",.,"A",.,"A",.,"A",.,"A",.,"A",.,"A",.,"A",.,"A",.,"A",.,"A",.,"A",.,"A",.,"A",.,"A",.,"A"
"20101",2174593,23,0,"1",.,"A",.,"A",.,"A",.,"A",80,"D",.,"A",.,"A",.,"A",.,"A",240,"D",0,"D",60,"D",30,"D",80,"D",.,"A"
"20101",2174603,56,0,"1",.,"A",.,"A",.,"A",.,"A",.,"A",.,"A",130,"D",.,"A",.,"A",.,"A",.,"A",.,"A",.,"A",.,"A",.,"A"
"20101",2174613,48,0,"1",.,"A",.,"A",.,"A",.,"A",.,"A",.,"A",.,"A",.,"A",.,"A",.,"A",.,"A",.,"A",.,"A",.,"A",.,"A"
"20101",2174623,46,0,"1",.,"A",.,"A",.,"A",.,"A",.,"A",.,"A",.,"A",.,"A",24,"D",.,"A",.,"A",.,"A",120,"D",.,"A",.,"A"
"20101",2174633,86,0,"1",.,"A",.,"A",.,"A",.,"A",.,"A",.,"A",.,"A",.,"A",.,"A",.,"A",.,"A",.,"A",60,"D",.,"A",.,"A"
"20101",2174673,67,0,"1",.,"A",.,"A",.,"A",.,"A",.,"A",135,"D",.,"A",.,"A",.,"A",.,"A",.,"A",.,"A",150,"D",.,"A",.,"A"
"20101",2174683,71,0,"1",.,"A",.,"A",1,"D",.,"A",.,"A",.,"A",.,"A",.,"A",.,"A",.,"A",.,"A",.,"A",85,"D",.,"A",.,"A"
"20101",2174723,100,0,"1",.,"A",.,"A",.,"A",50,"D",.,"A",30,"D",.,"A",.,"A",.,"A",.,"A",.,"A",.,"A",200,"D",.,"A",.,"A"
"20101",2174733,43,0,"1",.,"A",.,"A",.,"A",.,"A",.,"A",.,"A",325,"D",.,"A",.,"A",.,"A",.,"A",.,"A",10,"D",.,"A",.,"A"
"20101",2174743,49,0,"1",.,"A",.,"A",.,"A",.,"A",.,"A",.,"A",.,"A",.,"A",.,"A",.,"A",.,"A",.,"A",30,"D",.,"A",.,"A"
"20101",2174764,51,0,"1",.,"A",.,"A",.,"A",.,"A",.,"A",.,"A",.,"A",.,"A",.,"A",.,"A",.,"A",.,"A",65,"D",.,"A",.,"A"
"20101",2174773,26,0,"1",40,"D",.,"A",.,"A",40,"D",60,"D",.,"A",.,"A",.,"A",.,"A",0,"D",0,"D",180,"D",85,"D",0,"D",.,"A"
"20101",2174793,34,0,"1",.,"A",.,"A",.,"A",.,"A",.,"A",.,"A",.,"A",.,"A",.,"A",.,"A",.,"A",.,"A",.,"A",.,"A",.,"A"
"20101",2174813,38,0,"1",0,"F",.,"A",.,"A",.,"A",20,"F",.,"A",325,"D",.,"A",.,"A",.,"A",.,"A",.,"A",.,"A",.,"A",.,"A"
"20101",2174823,63,0,"1",.,"A",.,"A",.,"A",.,"A",.,"A",.,"A",.,"A",.,"A",57,"D",.,"A",.,"A",.,"A",.,"A",.,"A",.,"A"
"20101",2174833,31,0,"1",80,"D",.,"A",.,"A",.,"A",400,"D",.,"A",.,"A",.,"A",.,"A",.,"A",.,"A",.,"A",.,"A",.,"A",.,"A"
"20101",2174863,50,0,"1",0,"F",.,"A",.,"A",.,"A",160,"F",.,"A",.,"A",.,"A",90,"D",.,"A",.,"A",.,"A",.,"A",.,"A",.,"A"
"20101",2174873,24,0,"1",.,"A",.,"A",.,"A",60,"D",.,"A",.,"A",.,"A",.,"A",.,"A",0,"D",0,"D",30,"D",300,"D",0,"D",.,"A"
"20101",2174883,52,0,"1",.,"A",.,"A",.,"A",.,"A",.,"A",.,"A",312,"D",.,"A",.,"A",.,"A",.,"A",.,"A",.,"A",.,"A",.,"A"
"20101",2174893,34,0,"1",.,"A",.,"A",.,"A",.,"A",.,"A",.,"A",.,"A",.,"A",.,"A",.,"A",.,"A",.,"A",.,"A",.,"A",.,"A"
"20101",2174903,45,0,"1",.,"A",.,"A",.,"A",.,"A",10,"D",.,"A",.,"A",.,"A",.,"A",.,"A",.,"A",.,"A",.,"A",.,"A",.,"A"
"20101",2174913,33,0,"1",.,"A",.,"A",.,"A",.,"A",.,"A",.,"A",.,"A",.,"A",.,"A",.,"A",.,"A",.,"A",.,"A",.,"A",.,"A"
"20101",2174923,43,0,"1",.,"A",.,"A",.,"A",.,"A",.,"A",40,"D",.,"A",.,"A",.,"A",.,"A",.,"A",.,"A",.,"A",.,"A",.,"A"
"20101",2174933,75,0,"1",.,"A",.,"A",.,"A",.,"A",.,"A",.,"A",.,"A",.,"A",.,"A",.,"A",.,"A",.,"A",95,"D",.,"A",.,"A"
"20101",2174943,45,0,"1",.,"A",.,"A",.,"A",.,"A",.,"A",.,"A",.,"A",.,"A",.,"A",.,"A",.,"A",.,"A",15,"D",.,"A",.,"A"
"20101",2174963,75,0,"1",.,"A",.,"A",40,"D",.,"A",.,"A",.,"A",.,"A",.,"A",.,"A",.,"A",.,"A",.,"A",30,"D",.,"A",.,"A"
"20101",2174983,60,0,"1",.,"A",.,"A",.,"A",.,"A",240,"D",160,"D",.,"A",.,"A",90,"D",.,"A",.,"A",.,"A",.,"A",.,"A",.,"A"
"20101",2174993,39,0,"1",.,"A",.,"A",.,"A",45,"D",24,"D",.,"A",.,"A",.,"A",.,"A",0,"D",0,"D",180,"D",40,"D",0,"D",.,"A"
"20101",2175003,29,0,"1",.,"A",.,"A",.,"A",.,"A",.,"A",.,"A",.,"A",.,"A",.,"A",.,"A",.,"A",.,"A",.,"A",.,"A",.,"A"
"20101",2175023,75,0,"1",.,"A",.,"A",.,"A",.,"A",.,"A",45,"D",.,"A",.,"A",.,"A",.,"A",.,"A",.,"A",180,"D",.,"A",.,"A"
"20101",2175033,51,0,"1",.,"A",.,"A",.,"A",.,"A",.,"A",.,"A",1001,"D",.,"A",24,"D",.,"A",.,"A",.,"A",208,"D",.,"A",.,"A"
"20101",2175063,53,0,"1",.,"A",.,"A",.,"A",.,"A",.,"A",50,"D",.,"A",.,"A",.,"A",.,"A",.,"A",.,"A",50,"D",.,"A",.,"A"
"20101",2175075,52,0,"1",.,"A",.,"A",.,"A",.,"A",.,"A",.,"A",.,"A",.,"A",30,"D",.,"A",.,"A",.,"A",100,"D",.,"A",.,"A"
"20101",2175083,37,0,"1",.,"A",.,"A",.,"A",.,"A",.,"A",.,"A",.,"A",.,"A",.,"A",.,"A",.,"A",.,"A",.,"A",.,"A",.,"A"
"20101",2175103,44,0,"1",0,"F",.,"A",.,"A",.,"A",60,"F",.,"A",.,"A",.,"A",.,"A",.,"A",.,"A",.,"A",34,"D",.,"A",.,"A"
"20101",2175133,37,0,"1",.,"A",.,"A",.,"A",.,"A",30,"D",.,"A",.,"A",.,"A",.,"A",.,"A",.,"A",.,"A",60,"D",.,"A",.,"A"
"20101",2175143,38,0,"1",.,"A",.,"A",.,"A",.,"A",.,"A",.,"A",.,"A",.,"A",.,"A",.,"A",.,"A",.,"A",300,"D",.,"A",.,"A"
"20101",2175163,56,0,"1",.,"A",.,"A",.,"A",100,"D",.,"A",50,"D",.,"A",.,"A",.,"A",.,"A",.,"A",.,"A",200,"D",.,"A",.,"A"
"20101",2175173,29,0,"1",.,"A",.,"A",.,"A",.,"A",.,"A",.,"A",.,"A",.,"A",.,"A",.,"A",.,"A",.,"A",.,"A",.,"A",.,"A"
"20101",2175193,48,0,"1",.,"A",.,"A",.,"A",.,"A",.,"A",.,"A",.,"A",.,"A",.,"A",.,"A",.,"A",.,"A",100,"D",.,"A",.,"A"
"20101",2175203,61,0,"1",.,"A",.,"A",.,"A",.,"A",.,"A",30,"D",.,"A",.,"A",.,"A",.,"A",.,"A",.,"A",432,"D",.,"A",.,"A"
"20101",2175213,57,0,"1",.,"A",.,"A",.,"A",.,"A",.,"A",18,"D",.,"A",.,"A",.,"A",.,"A",.,"A",.,"A",414,"D",.,"A",.,"A"
"20101",2175223,36,0,"1",.,"A",.,"A",.,"A",.,"A",.,"A",50,"D",.,"A",.,"A",.,"A",.,"A",.,"A",.,"A",.,"A",.,"A",.,"A"
"20101",2175233,21,0,"1",.,"A",.,"A",.,"A",.,"A",.,"A",.,"A",.,"A",.,"A",.,"A",0,"D",0,"D",42,"D",.,"A",0,"D",.,"A"
"20101",2175253,45,0,"1",.,"A",.,"A",.,"A",.,"A",.,"A",.,"A",.,"A",.,"A",33,"D",.,"A",.,"A",.,"A",.,"A",.,"A",.,"A"
"20101",2175273,42,0,"1",.,"A",.,"A",.,"A",.,"A",.,"A",.,"A",.,"A",.,"A",.,"A",.,"A",.,"A",.,"A",.,"A",.,"A",.,"A"
"20101",2175294,38,0,"1",.,"A",.,"A",.,"A",.,"A",.,"A",.,"A",.,"A",.,"A",.,"A",.,"A",.,"A",.,"A",28,"D",.,"A",.,"A"
"20101",2175303,56,0,"1",1,"D",.,"A",.,"A",.,"A",59,"D",.,"A",.,"A",.,"A",.,"A",210,"D",0,"D",0,"D",.,"A",70,"D",.,"A"
"20101",2175323,61,0,"1",.,"A",.,"A",.,"A",.,"A",.,"A",.,"A",.,"A",65,"D",.,"A",.,"A",.,"A",.,"A",100,"D",.,"A",.,"A"
"20101",2175333,47,0,"1",.,"A",.,"A",.,"A",.,"A",.,"A",.,"A",.,"A",.,"A",.,"A",.,"A",.,"A",.,"A",30,"D",.,"A",.,"A"
"20101",2175343,32,0,"1",.,"A",.,"A",.,"A",.,"A",40,"D",.,"A",260,"D",1300,"D",.,"A",.,"A",.,"A",.,"A",120,"D",.,"A",.,"A"
"20101",2175353,33,0,"1",.,"A",.,"A",.,"A",.,"A",240,"D",.,"A",390,"D",.,"A",.,"A",.,"A",.,"A",.,"A",240,"D",.,"A",.,"A"
"20101",2175363,27,0,"1",.,"A",.,"A",.,"A",102,"D",.,"A",.,"A",.,"A",.,"A",.,"A",0,"D",0,"D",45,"D",50,"D",0,"D",.,"A"
"20101",2175383,29,0,"1",45,"D",.,"A",.,"A",.,"A",45,"D",.,"A",.,"A",.,"A",.,"A",0,"D",0,"D",30,"D",.,"A",0,"D",.,"A"
"20101",2175393,70,0,"1",.,"A",.,"A",.,"A",.,"A",.,"A",.,"A",.,"A",.,"A",.,"A",.,"A",.,"A",.,"A",32,"D",.,"A",.,"A"
"20101",2175403,46,0,"1",.,"A",.,"A",.,"A",.,"A",.,"A",.,"A",.,"A",.,"A",.,"A",.,"A",.,"A",.,"A",100,"D",.,"A",.,"A"
"20101",2175413,29,0,"1",.,"A",.,"A",.,"A",.,"A",.,"A",.,"A",.,"A",.,"A",.,"A",.,"A",.,"A",.,"A",30,"D",.,"A",.,"A"
"20101",2175423,72,0,"1",.,"A",.,"A",.,"A",.,"A",.,"A",.,"A",.,"A",.,"A",.,"A",.,"A",.,"A",.,"A",94,"D",.,"A",.,"A"
"20101",2175433,44,0,"1",.,"A",.,"A",.,"A",.,"A",.,"A",50,"D",.,"A",.,"A",.,"A",.,"A",.,"A",.,"A",55,"D",.,"A",.,"A"
"20101",2175443,75,0,"1",.,"A",.,"A",.,"A",.,"A",.,"A",.,"A",.,"A",.,"A",.,"A",.,"A",.,"A",.,"A",100,"D",.,"A",.,"A"
"20101",2175453,62,0,"1",.,"A",.,"A",.,"A",.,"A",.,"A",.,"A",.,"A",.,"A",.,"A",.,"A",.,"A",.,"A",100,"D",.,"A",.,"A"
"20101",2175463,46,0,"1",.,"A",.,"A",.,"A",.,"A",.,"A",.,"A",.,"A",.,"A",.,"A",.,"A",.,"A",.,"A",70,"D",.,"A",.,"A"
"20101",2175473,50,0,"1",.,"A",.,"A",.,"A",.,"A",.,"A",.,"A",52,"D",.,"A",.,"A",.,"A",.,"A",.,"A",.,"A",.,"A",.,"A"
"20101",2175483,55,0,"1",.,"A",.,"A",.,"A",.,"A",.,"A",.,"A",.,"A",.,"A",.,"A",.,"A",.,"A",.,"A",.,"A",.,"A",.,"A"
"20101",2175493,84,0,"1",.,"A",.,"A",.,"A",.,"A",.,"A",140,"D",.,"A",.,"A",.,"A",.,"A",.,"A",.,"A",90,"D",.,"A",.,"A"
"20101",2175523,50,0,"1",.,"A",.,"A",.,"A",.,"A",.,"A",.,"A",.,"A",.,"A",.,"A",.,"A",.,"A",.,"A",.,"A",.,"A",.,"A"
"20101",2175543,54,0,"1",.,"A",.,"A",.,"A",.,"A",.,"A",15,"D",.,"A",.,"A",9,"D",.,"A",.,"A",.,"A",70,"D",.,"A",.,"A"
"20101",2175555,25,0,"1",.,"A",.,"A",.,"A",.,"A",.,"A",.,"A",.,"A",.,"A",.,"A",0,"D",0,"D",30,"D",.,"A",0,"D",.,"A"
"20101",2175563,46,0,"1",.,"A",.,"A",28,"D",.,"A",.,"A",.,"A",.,"A",.,"A",.,"A",.,"A",.,"A",.,"A",11,"D",.,"A",.,"A"
"20101",2175613,53,0,"1",.,"A",.,"A",.,"A",.,"A",.,"A",50,"D",.,"A",.,"A",.,"A",.,"A",.,"A",.,"A",600,"D",.,"A",.,"A"
"20101",2175623,62,0,"1",.,"A",.,"A",.,"A",.,"A",.,"A",.,"A",.,"A",.,"A",.,"A",.,"A",.,"A",.,"A",90,"D",.,"A",.,"A"
"20101",2175643,25,0,"1",.,"A",.,"A",.,"A",.,"A",.,"A",.,"A",.,"A",.,"A",.,"A",.,"A",.,"A",.,"A",.,"A",.,"A",.,"A"
"20101",2175653,26,0,"1",.,"A",.,"A",.,"A",.,"A",.,"A",.,"A",.,"A",.,"A",.,"A",.,"A",.,"A",.,"A",.,"A",.,"A",.,"A"
"20101",2175663,43,0,"1",.,"A",.,"A",.,"A",.,"A",.,"A",40,"D",.,"A",.,"A",.,"A",.,"A",.,"A",.,"A",35,"D",.,"A",.,"A"
"20101",2175673,111,0,"1",.,"A",.,"A",25,"D",.,"A",.,"A",.,"A",650,"D",.,"A",.,"A",.,"A",.,"A",.,"A",300,"D",.,"A",.,"A"
"20101",2175683,40,0,"1",.,"A",.,"A",.,"A",.,"A",.,"A",.,"A",91,"D",.,"A",.,"A",.,"A",.,"A",.,"A",.,"A",.,"A",.,"A"
"20101",2175693,54,0,"1",.,"A",.,"A",.,"A",.,"A",.,"A",.,"A",.,"A",.,"A",.,"A",.,"A",.,"A",.,"A",.,"A",.,"A",.,"A"
"20101",2175723,52,0,"1",.,"A",.,"A",.,"A",.,"A",.,"A",.,"A",650,"D",.,"A",.,"A",.,"A",.,"A",.,"A",150,"D",.,"A",.,"A"
"20101",2175743,42,0,"1",.,"A",.,"A",.,"A",.,"A",.,"A",.,"A",.,"A",.,"A",.,"A",.,"A",.,"A",.,"A",69,"D",.,"A",.,"A"
"20101",2175753,35,0,"1",.,"A",.,"A",.,"A",.,"A",30,"D",.,"A",728,"D",.,"A",810,"D",0,"D",0,"D",180,"D",.,"A",0,"D",.,"A"
"20101",2175774,61,0,"1",.,"A",.,"A",.,"A",.,"A",.,"A",.,"A",.,"A",.,"A",60,"D",.,"A",.,"A",.,"A",20,"D",.,"A",.,"A"
"20101",2175783,33,0,"1",.,"A",.,"A",.,"A",.,"A",5,"D",35,"D",.,"A",.,"A",.,"A",267,"D",6,"D",6,"D",120,"D",89,"D",.,"A"
"20101",2175803,60,0,"1",.,"A",.,"A",.,"A",.,"A",.,"A",.,"A",.,"A",.,"A",.,"A",.,"A",.,"A",.,"A",.,"A",.,"A",.,"A"
"20101",2175813,42,0,"1",.,"A",.,"A",.,"A",.,"A",.,"A",.,"A",.,"A",.,"A",.,"A",.,"A",.,"A",.,"A",.,"A",.,"A",.,"A"
"20101",2175823,61,0,"1",.,"A",.,"A",.,"A",.,"A",.,"A",25,"D",.,"A",.,"A",.,"A",.,"A",.,"A",.,"A",.,"A",.,"A",.,"A"
"20101",2175833,46,0,"1",.,"A",.,"A",.,"A",.,"A",.,"A",.,"A",.,"A",.,"A",.,"A",.,"A",.,"A",.,"A",12,"D",.,"A",.,"A"
"20101",2175843,38,0,"1",.,"A",.,"A",.,"A",.,"A",.,"A",.,"A",.,"A",.,"A",.,"A",.,"A",.,"A",.,"A",.,"A",.,"A",.,"A"
"20101",2175853,51,0,"1",.,"A",.,"A",.,"A",.,"A",.,"A",.,"A",.,"A",.,"A",.,"A",.,"A",.,"A",.,"A",.,"A",.,"A",.,"A"
"20101",2175873,54,0,"1",.,"A",.,"A",50,"D",.,"A",.,"A",150,"D",.,"A",.,"A",.,"A",.,"A",.,"A",.,"A",900,"D",.,"A",.,"A"
"20101",2175883,20,0,"1",.,"A",.,"A",.,"A",.,"A",.,"A",.,"A",325,"D",.,"A",.,"A",.,"A",.,"A",.,"A",.,"A",.,"A",.,"A"
"20101",2175903,57,0,"1",.,"A",.,"A",.,"A",.,"A",.,"A",.,"A",.,"A",.,"A",.,"A",.,"A",.,"A",.,"A",160,"D",.,"A",.,"A"
"20101",2175913,102,0,"1",.,"A",.,"A",.,"A",.,"A",.,"A",180,"D",.,"A",.,"A",.,"A",.,"A",.,"A",.,"A",300,"D",.,"A",.,"A"
"20101",2175923,54,0,"1",.,"A",.,"A",.,"A",.,"A",.,"A",.,"A",208,"D",.,"A",.,"A",.,"A",.,"A",.,"A",280,"D",.,"A",.,"A"
"20101",2175943,63,0,"1",.,"A",.,"A",.,"A",.,"A",.,"A",.,"A",390,"D",.,"A",.,"A",.,"A",.,"A",.,"A",.,"A",.,"A",.,"A"
"20101",2175953,58,0,"1",.,"A",.,"A",.,"A",.,"A",.,"A",.,"A",.,"A",.,"A",.,"A",.,"A",.,"A",.,"A",570,"F",.,"A",.,"A"
"20101",2175963,57,0,"1",.,"A",.,"A",.,"A",.,"A",.,"A",.,"A",.,"A",.,"A",.,"A",.,"A",.,"A",.,"A",120,"D",.,"A",.,"A"
"20101",2175983,78,0,"1",.,"A",.,"A",.,"A",.,"A",.,"A",.,"A",.,"A",.,"A",9,"D",.,"A",.,"A",.,"A",40,"D",.,"A",.,"A"
"20101",2176013,27,0,"1",.,"A",.,"A",.,"A",.,"A",.,"A",.,"A",.,"A",.,"A",.,"A",.,"A",.,"A",.,"A",.,"A",.,"A",.,"A"
"20101",2176023,67,0,"1",.,"A",.,"A",.,"A",.,"A",.,"A",.,"A",.,"A",.,"A",.,"A",.,"A",.,"A",.,"A",45,"D",.,"A",.,"A"
"20101",2176033,63,0,"1",.,"A",.,"A",.,"A",.,"A",120,"D",.,"A",1040,"D",.,"A",3,"D",.,"A",.,"A",.,"A",75,"D",.,"A",.,"A"
"20101",2176043,69,0,"1",.,"A",.,"A",.,"A",.,"A",.,"A",.,"A",520,"D",.,"A",81,"D",.,"A",.,"A",.,"A",15,"D",.,"A",.,"A"
"20101",2176073,48,0,"1",.,"A",.,"A",.,"A",.,"A",.,"A",.,"A",.,"A",.,"A",.,"A",.,"A",.,"A",.,"A",.,"A",.,"A",.,"A"
"20101",2176083,48,0,"1",.,"A",.,"A",.,"A",.,"A",.,"A",.,"A",.,"A",.,"A",.,"A",.,"A",.,"A",.,"A",240,"D",.,"A",.,"A"
"20101",2176093,43,0,"1",.,"A",.,"A",.,"A",.,"A",.,"A",.,"A",.,"A",.,"A",.,"A",.,"A",.,"A",.,"A",.,"A",.,"A",.,"A"
"20101",2176103,53,0,"1",.,"A",.,"A",.,"A",.,"A",.,"A",.,"A",.,"A",.,"A",.,"A",.,"A",.,"A",.,"A",125,"D",.,"A",.,"A"
"20101",2176113,47,0,"1",.,"A",.,"A",.,"A",.,"A",.,"A",.,"A",.,"A",.,"A",.,"A",.,"A",.,"A",.,"A",.,"A",.,"A",.,"A"
"20101",2176123,33,0,"1",.,"A",.,"A",.,"A",.,"A",.,"A",.,"A",.,"A",.,"A",.,"A",.,"A",.,"A",.,"A",.,"A",.,"A",.,"A"
"20101",2176133,67,0,"1",.,"A",.,"A",.,"A",.,"A",.,"A",.,"A",.,"A",.,"A",.,"A",.,"A",.,"A",.,"A",.,"A",.,"A",.,"A"
"20101",2176163,81,0,"1",.,"A",.,"A",.,"A",.,"A",.,"A",258,"D",.,"A",.,"A",54,"D",.,"A",.,"A",.,"A",65,"D",.,"A",.,"A"
"20101",2176173,49,0,"1",.,"A",.,"A",.,"A",10,"D",.,"A",.,"A",8190,"D",.,"A",90,"D",.,"A",.,"A",.,"A",80,"D",.,"A",.,"A"
"20101",2176183,57,0,"1",.,"A",.,"A",.,"A",.,"A",.,"A",.,"A",260,"F",.,"A",.,"A",.,"A",.,"A",.,"A",20,"D",.,"A",.,"A"
"20101",2176193,25,0,"1",.,"A",.,"A",.,"A",.,"A",25,"D",.,"A",.,"A",.,"A",.,"A",267,"D",0,"D",60,"D",.,"A",89,"D",.,"A"
"20101",2176203,35,0,"1",.,"A",.,"A",.,"A",.,"A",.,"A",.,"A",.,"A",.,"A",.,"A",.,"A",.,"A",.,"A",.,"A",.,"A",.,"A"
"20101",2176213,43,0,"1",.,"A",.,"A",.,"A",.,"A",.,"A",.,"A",.,"A",.,"A",.,"A",.,"A",.,"A",.,"A",100,"F",.,"A",.,"A"
"20101",2176223,117,0,"1",.,"A",.,"A",.,"A",.,"A",.,"A",.,"A",.,"A",.,"A",.,"A",.,"A",.,"A",.,"A",100,"D",.,"A",.,"A"
"20101",2176233,21,0,"1",.,"A",.,"A",.,"A",.,"A",.,"A",.,"A",.,"A",.,"A",.,"A",.,"A",.,"A",.,"A",.,"A",.,"A",.,"A"
"20101",2176243,32,0,"1",20,"D",.,"A",.,"A",.,"A",100,"D",.,"A",351,"D",.,"A",.,"A",267,"D",0,"D",0,"D",.,"A",89,"D",.,"A"
"20101",2176263,66,0,"1",.,"A",.,"A",.,"A",.,"A",.,"A",.,"A",1040,"D",.,"A",.,"A",.,"A",.,"A",.,"A",150,"D",.,"A",.,"A"
"20101",2176273,42,0,"1",.,"A",.,"A",.,"A",.,"A",420,"D",.,"A",.,"A",.,"A",.,"A",.,"A",.,"A",.,"A",.,"A",.,"A",.,"A"
"20101",2176283,57,0,"1",.,"A",.,"A",.,"A",.,"A",.,"A",.,"A",.,"A",.,"A",.,"A",.,"A",.,"A",.,"A",20,"D",.,"A",.,"A"
"20101",2176293,57,0,"1",.,"A",.,"A",.,"A",.,"A",.,"A",.,"A",.,"A",.,"A",.,"A",.,"A",.,"A",.,"A",450,"D",.,"A",.,"A"
"20101",2176313,77,0,"1",.,"A",.,"A",.,"A",.,"A",.,"A",180,"D",.,"A",.,"A",36,"D",285,"D",0,"D",0,"D",78,"D",95,"D",.,"A"
"20101",2176333,57,0,"1",.,"A",.,"A",.,"A",.,"A",.,"A",225,"D",.,"A",.,"A",.,"A",.,"A",.,"A",.,"A",180,"D",.,"A",.,"A"
"20101",2176353,33,0,"1",.,"A",.,"A",.,"A",.,"A",.,"A",.,"A",.,"A",.,"A",.,"A",.,"A",.,"A",.,"A",.,"A",.,"A",.,"A"
"20101",2176363,59,0,"1",.,"A",.,"A",.,"A",.,"A",40,"D",.,"A",.,"A",.,"A",.,"A",.,"A",.,"A",.,"A",225,"D",.,"A",.,"A"
"20101",2176373,57,0,"1",.,"A",20,"D",10,"D",.,"A",.,"A",0,"D",.,"A",.,"A",.,"A",.,"A",.,"A",.,"A",.,"A",.,"A",.,"A"
"20101",2176383,44,0,"1",.,"A",.,"A",.,"A",.,"A",.,"A",.,"A",.,"A",.,"A",.,"A",.,"A",.,"A",.,"A",90,"D",.,"A",.,"A"
"20101",2176393,46,0,"1",.,"A",.,"A",.,"A",.,"A",.,"A",.,"A",.,"A",.,"A",.,"A",.,"A",.,"A",.,"A",45,"D",.,"A",.,"A"
"20101",2176403,59,0,"1",.,"A",.,"A",.,"A",.,"A",.,"A",.,"A",.,"A",.,"A",.,"A",.,"A",.,"A",.,"A",80,"D",.,"A",.,"A"
"20101",2176473,77,0,"1",.,"A",.,"A",.,"A",.,"A",.,"A",.,"A",.,"A",.,"A",.,"A",.,"A",.,"A",.,"A",135,"D",.,"A",.,"A"
"20101",2176483,42,0,"1",.,"A",.,"A",.,"A",.,"A",.,"A",.,"A",.,"A",.,"A",.,"A",.,"A",.,"A",.,"A",30,"D",.,"A",.,"A"
"20101",2176493,75,0,"1",.,"A",.,"A",.,"A",.,"A",.,"A",.,"A",2210,"D",.,"A",.,"A",.,"A",.,"A",.,"A",20,"D",.,"A",.,"A"
"20101",2176503,32,0,"1",.,"A",.,"A",.,"A",.,"A",.,"A",.,"A",.,"A",.,"A",.,"A",.,"A",.,"A",.,"A",.,"A",.,"A",.,"A"
"20101",2176513,51,0,"1",.,"A",.,"A",58,"D",.,"A",300,"D",.,"A",.,"A",.,"A",.,"A",.,"A",.,"A",.,"A",.,"A",.,"A",.,"A"
"20101",2176523,43,0,"1",.,"A",.,"A",.,"A",.,"A",.,"A",.,"A",.,"A",.,"A",.,"A",.,"A",.,"A",.,"A",75,"D",.,"A",.,"A"
"20101",2176533,56,0,"1",.,"A",.,"A",.,"A",.,"A",.,"A",.,"A",.,"A",.,"A",.,"A",.,"A",.,"A",.,"A",300,"D",.,"A",.,"A"
"20101",2176553,34,0,"1",.,"A",.,"A",.,"A",120,"D",6,"D",.,"A",.,"A",.,"A",.,"A",.,"A",.,"A",.,"A",.,"A",.,"A",.,"A"
"20101",2176573,35,0,"1",.,"A",.,"A",.,"A",.,"A",.,"A",.,"A",.,"A",.,"A",.,"A",.,"A",.,"A",.,"A",18,"D",.,"A",.,"A"
"20101",2176583,23,0,"1",2,"D",.,"A",.,"A",.,"A",0,"D",.,"A",.,"A",.,"A",.,"A",.,"A",.,"A",.,"A",.,"A",.,"A",.,"A"
"20101",2176603,29,0,"1",.,"A",.,"A",.,"A",.,"A",.,"A",.,"A",.,"A",.,"A",.,"A",.,"A",.,"A",.,"A",.,"A",.,"A",.,"A"
"20101",2176613,34,0,"1",.,"A",.,"A",.,"A",.,"A",.,"A",.,"A",.,"A",.,"A",.,"A",.,"A",.,"A",.,"A",25,"D",.,"A",.,"A"
"20101",2176623,47,0,"1",.,"A",.,"A",.,"A",.,"A",.,"A",.,"A",.,"A",.,"A",.,"A",.,"A",.,"A",.,"A",.,"A",.,"A",.,"A"
"20101",2176633,47,0,"1",.,"A",.,"A",.,"A",.,"A",.,"A",.,"A",.,"A",.,"A",.,"A",.,"A",.,"A",.,"A",.,"A",.,"A",.,"A"
"20101",2176643,59,0,"1",36,"D",.,"A",.,"A",.,"A",39,"D",.,"A",546,"D",.,"A",390,"D",.,"A",.,"A",.,"A",.,"A",.,"A",.,"A"
"20101",2176663,61,0,"1",.,"A",.,"A",.,"A",.,"A",.,"A",.,"A",728,"D",.,"A",.,"A",.,"A",.,"A",.,"A",300,"D",.,"A",.,"A"
"20101",2176673,38,0,"1",.,"A",.,"A",.,"A",.,"A",.,"A",.,"A",.,"A",.,"A",.,"A",.,"A",.,"A",.,"A",.,"A",.,"A",.,"A"
"20101",2176693,59,0,"1",.,"A",.,"A",.,"A",.,"A",.,"A",20,"D",.,"A",.,"A",.,"A",.,"A",.,"A",.,"A",200,"D",.,"A",.,"A"
"20101",2176723,44,0,"1",.,"A",.,"A",.,"A",.,"A",45,"D",.,"A",.,"A",.,"A",.,"A",18,"D",0,"D",0,"D",15,"D",6,"D",.,"A"
"20101",2176733,36,0,"1",.,"A",.,"A",.,"A",.,"A",.,"A",.,"A",.,"A",.,"A",.,"A",.,"A",.,"A",.,"A",.,"A",.,"A",.,"A"
"20101",2176743,81,0,"1",.,"A",.,"A",.,"A",.,"A",.,"A",.,"A",.,"A",.,"A",.,"A",.,"A",.,"A",.,"A",42,"D",.,"A",.,"A"
"20101",2176763,42,0,"1",.,"A",.,"A",.,"A",.,"A",30,"D",.,"A",.,"A",.,"A",.,"A",.,"A",.,"A",.,"A",.,"A",.,"A",.,"A"
"20101",2176773,38,0,"1",2,"D",.,"A",.,"A",.,"A",4,"D",.,"A",.,"A",.,"A",.,"A",.,"A",.,"A",.,"A",.,"A",.,"A",.,"A"
"20101",2176793,35,0,"1",.,"A",.,"A",.,"A",.,"A",10,"D",.,"A",390,"D",.,"A",.,"A",.,"A",.,"A",.,"A",30,"D",.,"A",.,"A"
"20101",2176803,71,0,"1",.,"A",.,"A",.,"A",.,"A",.,"A",30,"D",.,"A",.,"A",6,"D",.,"A",.,"A",.,"A",150,"D",.,"A",.,"A"
"20101",2176813,106,0,"1",.,"A",.,"A",.,"A",.,"A",.,"A",15,"D",.,"A",.,"A",.,"A",.,"A",.,"A",.,"A",50,"D",.,"A",.,"A"
"20101",2176823,27,0,"1",.,"A",.,"A",.,"A",.,"A",.,"A",.,"A",455,"D",.,"A",.,"A",.,"A",.,"A",.,"A",.,"A",.,"A",.,"A"
"20101",2176853,57,0,"1",.,"A",.,"A",.,"A",.,"A",.,"A",.,"A",.,"A",.,"A",.,"A",.,"A",.,"A",.,"A",130,"D",.,"A",.,"A"
"20101",2176863,41,0,"1",.,"A",.,"A",.,"A",.,"A",.,"A",.,"A",.,"A",.,"A",.,"A",.,"A",.,"A",.,"A",160,"D",.,"A",.,"A"
"20101",2176873,83,0,"1",.,"A",.,"A",.,"A",.,"A",.,"A",.,"A",1248,"D",.,"A",.,"A",.,"A",.,"A",.,"A",205,"D",.,"A",.,"A"
"20101",2176903,86,0,"1",.,"A",.,"A",.,"A",.,"A",.,"A",.,"A",.,"A",.,"A",18,"D",.,"A",.,"A",.,"A",153,"D",.,"A",.,"A"
"20101",2176923,73,0,"1",.,"A",.,"A",.,"A",.,"A",.,"A",.,"A",.,"A",.,"A",.,"A",.,"A",.,"A",.,"A",32,"D",.,"A",.,"A"
"20101",2176963,40,0,"1",.,"A",.,"A",.,"A",.,"A",.,"A",.,"A",390,"D",.,"A",.,"A",.,"A",.,"A",.,"A",.,"A",.,"A",.,"A"
"20101",2176973,75,0,"1",.,"A",.,"A",.,"A",.,"A",.,"A",60,"D",.,"A",.,"A",.,"A",.,"A",.,"A",.,"A",420,"D",.,"A",.,"A"
"20101",2177003,30,0,"1",.,"A",.,"A",.,"A",.,"A",.,"A",.,"A",.,"A",.,"A",.,"A",.,"A",.,"A",.,"A",.,"A",.,"A",.,"A"
"20101",2177013,43,0,"1",.,"A",.,"A",.,"A",.,"A",.,"A",.,"A",.,"A",.,"A",.,"A",.,"A",.,"A",.,"A",.,"A",.,"A",.,"A"
"20101",2177033,42,0,"1",.,"A",.,"A",.,"A",.,"A",.,"A",.,"A",.,"A",.,"A",.,"A",.,"A",.,"A",.,"A",90,"D",.,"A",.,"A"
"20101",2177043,34,0,"1",.,"A",.,"A",.,"A",.,"A",.,"A",720,"F",.,"A",.,"A",.,"A",.,"A",.,"A",.,"A",50,"F",.,"A",.,"A"
"20101",2177083,31,0,"1",.,"A",.,"A",.,"A",.,"A",.,"A",.,"A",.,"A",.,"A",.,"A",.,"A",.,"A",.,"A",.,"A",.,"A",.,"A"
"20101",2177103,27,0,"1",.,"A",.,"A",.,"A",.,"A",.,"A",.,"A",.,"A",.,"A",.,"A",.,"A",.,"A",.,"A",.,"A",.,"A",.,"A"
"20101",2177123,36,0,"1",.,"A",.,"A",.,"A",.,"A",.,"A",.,"A",260,"D",.,"A",75,"D",.,"A",.,"A",.,"A",.,"A",.,"A",.,"A"
"20101",2177133,43,0,"1",.,"A",.,"A",.,"A",.,"A",90,"D",50,"D",390,"D",.,"A",36,"F",.,"A",.,"A",.,"A",120,"D",.,"A",.,"A"
"20101",2177153,91,0,"1",.,"A",.,"A",.,"A",.,"A",.,"A",.,"A",.,"A",.,"A",.,"A",.,"A",.,"A",.,"A",80,"D",.,"A",.,"A"
"20101",2177163,65,0,"1",.,"A",.,"A",.,"A",.,"A",.,"A",.,"A",.,"A",.,"A",.,"A",.,"A",.,"A",.,"A",64,"D",.,"A",.,"A"
"20101",2177184,37,0,"1",.,"A",.,"A",.,"A",.,"A",.,"A",.,"A",.,"A",.,"A",.,"A",.,"A",.,"A",.,"A",.,"A",.,"A",.,"A"
"20101",2177193,25,0,"1",.,"A",.,"A",.,"A",.,"A",30,"D",.,"A",.,"A",.,"A",.,"A",.,"A",.,"A",.,"A",.,"A",.,"A",.,"A"
"20101",2177203,34,0,"1",.,"A",.,"A",.,"A",.,"A",.,"A",.,"A",.,"A",.,"A",.,"A",.,"A",.,"A",.,"A",.,"A",.,"A",.,"A"
"20101",2177223,75,0,"1",.,"A",.,"A",15,"D",.,"A",.,"A",.,"A",.,"A",.,"A",.,"A",.,"A",.,"A",.,"A",.,"A",.,"A",.,"A"
"20101",2177233,71,0,"1",.,"A",.,"A",45,"D",50,"D",.,"A",.,"A",.,"A",.,"A",.,"A",.,"A",.,"A",.,"A",420,"D",.,"A",.,"A"
"20101",2177263,50,0,"1",.,"A",.,"A",.,"A",.,"A",.,"A",.,"A",130,"D",.,"A",.,"A",.,"A",.,"A",.,"A",325,"D",.,"A",.,"A"
"20101",2177273,52,0,"1",.,"A",.,"A",.,"A",.,"A",.,"A",90,"D",.,"A",.,"A",.,"A",.,"A",.,"A",.,"A",.,"A",.,"A",.,"A"
"20101",2177283,100,0,"1",.,"A",.,"A",.,"A",80,"D",.,"A",110,"D",.,"A",78,"D",45,"D",.,"A",.,"A",.,"A",350,"D",.,"A",.,"A"
"20101",2177293,34,0,"1",.,"A",.,"A",.,"A",.,"A",6,"D",.,"A",.,"A",.,"A",9,"D",.,"A",.,"A",.,"A",.,"A",.,"A",.,"A"
"20101",2177303,70,0,"1",.,"A",.,"A",.,"A",.,"A",.,"A",.,"A",.,"A",.,"A",90,"D",.,"A",.,"A",.,"A",90,"D",.,"A",.,"A"
"20101",2177313,50,0,"1",.,"A",.,"A",.,"A",.,"A",.,"A",.,"A",.,"A",.,"A",.,"A",.,"A",.,"A",.,"A",.,"A",.,"A",.,"A"
"20101",2177323,25,0,"1",.,"A",.,"A",.,"A",.,"A",.,"A",.,"A",.,"A",.,"A",.,"A",.,"A",.,"A",.,"A",160,"D",.,"A",.,"A"
"20101",2177333,74,0,"1",.,"A",.,"A",.,"A",.,"A",40,"D",27,"D",.,"A",.,"A",75,"D",.,"A",.,"A",.,"A",80,"D",.,"A",.,"A"
"20101",2177344,48,0,"1",.,"A",.,"A",.,"A",.,"A",.,"A",.,"A",.,"A",.,"A",.,"A",.,"A",.,"A",.,"A",15,"D",.,"A",.,"A"
"20101",2177353,33,0,"1",.,"A",.,"A",.,"A",.,"A",.,"A",.,"A",.,"A",.,"A",30,"D",120,"D",0,"D",0,"D",24,"D",40,"D",.,"A"
"20101",2177363,40,0,"1",.,"A",.,"A",.,"A",.,"A",.,"A",.,"A",.,"A",.,"A",.,"A",.,"A",.,"A",.,"A",20,"D",.,"A",.,"A"
"20101",2177383,30,0,"1",.,"A",.,"A",.,"A",.,"A",45,"D",.,"A",195,"D",.,"A",.,"A",.,"A",.,"A",.,"A",27,"D",.,"A",.,"A"
"20101",2177393,62,0,"1",.,"A",.,"A",.,"A",.,"A",.,"A",.,"A",.,"A",.,"A",.,"A",.,"A",.,"A",.,"A",.,"A",.,"A",.,"A"
"20101",2177413,96,0,"1",5,"D",.,"A",.,"A",30,"D",35,"D",.,"A",325,"D",.,"A",9,"D",387,"D",0,"D",0,"D",45,"D",129,"D",130,"D"
"20101",2177423,81,0,"1",.,"A",.,"A",.,"A",.,"A",.,"A",.,"A",.,"A",.,"A",.,"A",.,"A",.,"A",.,"A",.,"A",.,"A",.,"A"
"20101",2177443,47,0,"1",.,"A",.,"A",.,"A",.,"A",.,"A",35,"D",.,"A",.,"A",.,"A",.,"A",.,"A",.,"A",75,"D",.,"A",.,"A"
"20101",2177453,93,0,"1",.,"A",.,"A",.,"A",.,"A",.,"A",60,"D",.,"A",.,"A",.,"A",.,"A",.,"A",.,"A",250,"D",.,"A",.,"A"
"20101",2177473,78,0,"1",.,"A",.,"A",.,"A",.,"A",.,"A",.,"A",.,"A",.,"A",.,"A",.,"A",.,"A",.,"A",.,"A",.,"A",.,"A"
"20101",2177483,35,0,"1",.,"A",.,"A",.,"A",.,"A",23,"D",.,"A",.,"A",.,"A",.,"A",0,"D",0,"D",108,"D",.,"A",0,"D",.,"A"
"20101",2177493,35,0,"1",.,"A",.,"A",.,"A",.,"A",30,"D",.,"A",.,"A",.,"A",.,"A",.,"A",.,"A",.,"A",60,"D",.,"A",.,"A"
"20101",2177503,41,0,"1",.,"A",.,"A",.,"A",.,"A",.,"A",.,"A",.,"A",.,"A",.,"A",.,"A",.,"A",.,"A",39,"D",.,"A",.,"A"
"20101",2177523,79,0,"1",.,"A",.,"A",.,"A",.,"A",.,"A",180,"D",.,"A",.,"A",.,"A",.,"A",.,"A",.,"A",300,"D",.,"A",.,"A"
"20101",2177533,85,0,"1",.,"A",.,"A",.,"A",.,"A",.,"A",.,"A",.,"A",.,"A",.,"A",.,"A",.,"A",.,"A",40,"D",.,"A",.,"A"
"20101",2177543,32,0,"1",.,"A",.,"A",.,"A",.,"A",25,"D",.,"A",260,"D",.,"A",.,"A",.,"A",.,"A",.,"A",.,"A",.,"A",.,"A"
"20101",2177553,51,0,"1",.,"A",.,"A",.,"A",.,"A",.,"A",.,"A",520,"D",.,"A",.,"A",.,"A",.,"A",.,"A",36,"D",.,"A",.,"A"
"20101",2177573,30,0,"1",.,"A",.,"A",.,"A",.,"A",50,"D",.,"A",.,"A",.,"A",.,"A",.,"A",.,"A",.,"A",30,"D",.,"A",.,"A"
"20101",2177583,56,0,"1",.,"A",.,"A",.,"A",.,"A",.,"A",.,"A",.,"A",585,"D",.,"A",.,"A",.,"A",.,"A",40,"D",.,"A",.,"A"
"20101",2177603,28,0,"1",.,"A",.,"A",.,"A",.,"A",.,"A",.,"A",546,"D",.,"A",.,"A",0,"D",0,"D",90,"D",.,"A",0,"D",.,"A"
"20101",2177623,58,0,"1",.,"A",.,"A",.,"A",.,"A",.,"A",.,"A",650,"D",.,"A",30,"D",.,"A",.,"A",.,"A",.,"A",.,"A",.,"A"
"20101",2177653,48,0,"1",.,"A",.,"A",.,"A",.,"A",.,"A",.,"A",.,"A",.,"A",.,"A",.,"A",.,"A",.,"A",.,"A",.,"A",.,"A"
"20101",2177673,32,0,"1",.,"A",.,"A",.,"A",.,"A",.,"A",.,"A",.,"A",.,"A",.,"A",.,"A",.,"A",.,"A",15,"D",.,"A",.,"A"
"20101",2177683,63,0,"1",.,"A",.,"A",.,"A",.,"A",.,"A",.,"A",234,"D",.,"A",9,"D",.,"A",.,"A",.,"A",30,"D",.,"A",.,"A"
"20101",2177693,74,0,"1",.,"A",.,"A",.,"A",.,"A",.,"A",.,"A",.,"A",.,"A",39,"D",.,"A",.,"A",.,"A",20,"D",.,"A",.,"A"
"20101",2177713,46,0,"1",.,"A",.,"A",.,"A",.,"A",.,"A",.,"A",.,"A",.,"A",.,"A",.,"A",.,"A",.,"A",.,"A",.,"A",.,"A"
"20101",2177723,26,0,"1",10,"D",.,"A",.,"A",.,"A",20,"D",.,"A",260,"D",.,"A",.,"A",0,"D",0,"D",6,"D",.,"A",0,"D",.,"A"
"20101",2177733,27,0,"1",.,"A",.,"A",.,"A",.,"A",.,"A",.,"A",.,"A",.,"A",.,"A",.,"A",.,"A",.,"A",100,"D",.,"A",.,"A"
"20101",2177753,51,0,"1",.,"A",.,"A",.,"A",.,"A",.,"A",.,"A",.,"A",.,"A",.,"A",.,"A",.,"A",.,"A",.,"A",.,"A",.,"A"
"20101",2177763,48,0,"1",.,"A",.,"A",.,"A",.,"A",.,"A",.,"A",.,"A",.,"A",.,"A",.,"A",.,"A",.,"A",150,"D",.,"A",.,"A"
"20101",2177803,32,0,"1",.,"A",.,"A",.,"A",.,"A",.,"A",.,"A",130,"D",.,"A",.,"A",0,"D",0,"D",30,"D",5,"D",0,"D",.,"A"
"20101",2177843,68,0,"1",.,"A",.,"A",.,"A",.,"A",.,"A",.,"A",.,"A",.,"A",.,"A",.,"A",.,"A",.,"A",.,"A",.,"A",.,"A"
"20101",2177853,34,0,"1",.,"A",.,"A",.,"A",.,"A",18,"D",60,"D",.,"A",.,"A",.,"A",.,"A",.,"A",.,"A",40,"D",.,"A",.,"A"
"20101",2177863,44,0,"1",.,"A",.,"A",.,"A",.,"A",.,"A",.,"A",.,"A",.,"A",.,"A",.,"A",.,"A",.,"A",.,"A",.,"A",.,"A"
"20101",2177883,65,0,"1",.,"A",.,"A",.,"A",.,"A",.,"A",.,"A",.,"A",.,"A",.,"A",.,"A",.,"A",.,"A",95,"D",.,"A",.,"A"
"20101",2177893,43,0,"1",.,"A",.,"A",.,"A",.,"A",25,"D",.,"A",.,"A",.,"A",.,"A",.,"A",.,"A",.,"A",40,"D",.,"A",.,"A"
"20101",2177913,52,0,"1",.,"A",.,"A",.,"A",.,"A",36,"D",30,"D",.,"A",.,"A",.,"A",1650,"F",0,"D",75,"D",225,"D",.,"C",.,"A"
"20101",2177923,60,0,"1",.,"A",.,"A",.,"A",.,"A",.,"A",240,"D",.,"A",.,"A",.,"A",.,"A",.,"A",.,"A",400,"D",.,"A",.,"A"
"20101",2177963,53,0,"1",.,"A",.,"A",.,"A",.,"A",.,"A",.,"A",.,"A",.,"A",.,"A",.,"A",.,"A",.,"A",180,"D",.,"A",.,"A"
"20101",2177973,56,0,"1",.,"A",.,"A",.,"A",.,"A",.,"A",.,"A",390,"D",.,"A",.,"A",.,"A",.,"A",.,"A",80,"D",.,"A",.,"A"
"20101",2177993,72,0,"1",.,"A",.,"A",.,"A",.,"A",.,"A",.,"A",1170,"D",.,"A",9,"D",.,"A",.,"A",.,"A",15,"D",.,"A",.,"A"
"20101",2178023,39,0,"1",.,"A",.,"A",.,"A",.,"A",.,"A",.,"A",468,"D",.,"A",.,"A",.,"A",.,"A",.,"A",.,"A",.,"A",.,"A"
"20101",2178033,66,0,"1",.,"A",.,"A",.,"A",.,"A",.,"A",18,"D",.,"A",.,"A",42,"D",.,"A",.,"A",.,"A",175,"D",.,"A",.,"A"
"20101",2178063,37,0,"1",.,"A",.,"A",.,"A",.,"A",.,"A",120,"D",.,"A",.,"A",.,"A",.,"A",.,"A",.,"A",36,"D",.,"A",.,"A"
"20101",2178073,41,0,"1",.,"A",.,"A",.,"A",.,"A",.,"A",.,"A",.,"A",.,"A",.,"A",.,"A",.,"A",.,"A",20,"D",.,"A",.,"A"
"20101",2178083,61,0,"1",.,"A",.,"A",.,"A",.,"A",.,"A",10,"D",.,"A",.,"A",18,"D",.,"A",.,"A",.,"A",60,"D",.,"A",.,"A"
"20101",2178123,46,0,"1",15,"D",.,"A",.,"A",.,"A",24,"D",.,"A",.,"A",.,"A",.,"A",.,"A",.,"A",.,"A",12,"D",.,"A",.,"A"
"20101",2178133,51,0,"1",.,"A",.,"A",.,"A",.,"A",.,"A",.,"A",.,"A",.,"A",.,"A",.,"A",.,"A",.,"A",200,"D",.,"A",.,"A"
"20101",2178163,28,0,"1",.,"A",.,"A",.,"A",.,"A",.,"A",.,"A",.,"A",.,"A",.,"A",.,"A",.,"A",.,"A",.,"A",.,"A",.,"A"
"20101",2178173,45,0,"1",.,"A",.,"A",.,"A",.,"A",.,"A",.,"A",.,"A",.,"A",.,"A",.,"A",.,"A",.,"A",.,"A",.,"A",.,"A"
"20101",2178193,80,0,"1",.,"A",.,"A",.,"A",.,"A",.,"A",10,"D",.,"A",.,"A",.,"A",.,"A",.,"A",.,"A",84,"D",.,"A",.,"A"
"20101",2178203,29,0,"1",30,"D",.,"A",.,"A",.,"A",50,"D",.,"A",.,"A",.,"A",.,"A",255,"D",0,"D",0,"D",60,"D",85,"D",.,"A"
"20101",2178213,41,0,"1",.,"A",.,"A",.,"A",.,"A",.,"A",.,"A",.,"A",156,"D",.,"A",.,"A",.,"A",.,"A",20,"D",.,"A",.,"A"
"20101",2178233,47,0,"1",.,"A",.,"A",.,"A",.,"A",120,"D",.,"A",.,"A",.,"A",.,"A",.,"A",.,"A",.,"A",50,"D",.,"A",.,"A"
"20101",2178253,89,0,"1",.,"A",.,"A",.,"A",.,"A",.,"A",.,"A",.,"A",.,"A",45,"D",.,"A",.,"A",.,"A",180,"D",.,"A",.,"A"
"20101",2178273,35,0,"1",.,"A",.,"A",.,"A",.,"A",.,"A",.,"A",.,"A",.,"A",.,"A",.,"A",.,"A",.,"A",.,"A",.,"A",.,"A"
"20101",2178283,62,0,"1",.,"A",.,"A",.,"A",.,"A",.,"A",.,"A",.,"A",.,"A",.,"A",.,"A",.,"A",.,"A",.,"A",.,"A",.,"A"
"20101",2178293,49,0,"1",.,"A",.,"A",.,"A",50,"D",.,"A",125,"D",260,"D",.,"A",.,"A",750,"D",0,"D",225,"D",180,"D",250,"D",.,"A"
"20101",2178303,51,0,"1",.,"A",.,"A",.,"A",.,"A",.,"A",.,"A",.,"A",.,"A",.,"A",.,"A",.,"A",.,"A",.,"A",.,"A",.,"A"
"20101",2178323,38,0,"1",.,"A",.,"A",.,"A",.,"A",24,"D",.,"A",.,"A",.,"A",.,"A",.,"A",.,"A",.,"A",30,"D",.,"A",.,"A"
"20101",2178343,62,0,"1",.,"A",.,"A",.,"A",.,"A",.,"A",.,"A",.,"A",.,"A",.,"A",.,"A",.,"A",.,"A",.,"A",.,"A",.,"A"
"20101",2178353,38,0,"1",.,"A",.,"A",.,"A",.,"A",15,"D",25,"D",.,"A",.,"A",.,"A",.,"A",.,"A",.,"A",.,"A",.,"A",.,"A"
"20101",2178373,33,0,"1",.,"A",.,"A",.,"A",.,"A",.,"A",.,"A",.,"A",.,"A",.,"A",.,"A",.,"A",.,"A",.,"A",.,"A",.,"A"
"20101",2178383,25,0,"1",.,"A",.,"A",.,"A",.,"A",.,"A",.,"A",195,"D",130,"D",.,"A",0,"D",0,"D",60,"D",.,"A",0,"D",.,"A"
"20101",2178393,32,0,"1",.,"A",.,"A",.,"A",.,"A",.,"A",.,"A",.,"A",.,"A",.,"A",.,"A",.,"A",.,"A",.,"A",.,"A",.,"A"
"20101",2178403,49,0,"1",.,"A",.,"A",.,"A",.,"A",.,"A",.,"A",.,"A",.,"A",.,"A",.,"A",.,"A",.,"A",96,"D",.,"A",.,"A"
"20101",2178423,86,0,"1",.,"A",.,"A",.,"A",.,"A",.,"A",.,"A",.,"A",.,"A",9,"D",.,"A",.,"A",.,"A",300,"D",.,"A",.,"A"
"20101",2178443,55,0,"1",.,"A",.,"A",.,"A",.,"A",.,"A",.,"A",.,"A",.,"A",.,"A",.,"A",.,"A",.,"A",10,"D",.,"A",.,"A"
"20101",2178453,32,0,"1",.,"A",.,"A",.,"A",.,"A",.,"A",30,"D",.,"A",.,"A",30,"D",.,"A",.,"A",.,"A",60,"D",.,"A",.,"A"
"20101",2178484,35,0,"1",.,"A",.,"A",.,"A",.,"A",20,"D",.,"A",.,"A",.,"A",.,"A",150,"D",0,"D",30,"D",40,"D",50,"D",110,"D"
"20101",2178533,43,0,"1",.,"A",.,"A",.,"A",.,"A",.,"A",.,"A",390,"D",.,"A",.,"A",.,"A",.,"A",.,"A",24,"D",.,"A",.,"A"
"20101",2178543,75,0,"1",.,"A",.,"A",.,"A",.,"A",.,"A",.,"A",.,"A",.,"A",.,"A",.,"A",.,"A",.,"A",188,"D",.,"A",.,"A"
"20101",2178553,94,0,"1",.,"A",.,"A",.,"A",.,"A",.,"A",.,"A",.,"A",.,"A",.,"A",.,"A",.,"A",.,"A",75,"D",.,"A",.,"A"
"20101",2178563,38,0,"1",.,"A",.,"A",.,"A",.,"A",.,"A",.,"A",.,"A",.,"A",.,"A",.,"A",.,"A",.,"A",.,"A",.,"A",.,"A"
"20101",2178573,58,0,"1",.,"A",.,"A",.,"A",.,"A",.,"A",.,"A",130,"D",.,"A",.,"A",.,"A",.,"A",.,"A",.,"A",.,"A",.,"A"
"20101",2178583,56,0,"1",.,"A",.,"A",.,"A",.,"A",.,"A",.,"A",.,"A",.,"A",.,"A",.,"A",.,"A",.,"A",20,"F",.,"A",.,"A"
"20101",2178613,67,0,"1",.,"A",.,"A",.,"A",.,"A",.,"A",200,"D",.,"A",.,"A",.,"A",.,"A",.,"A",.,"A",220,"D",.,"A",.,"A"
"20101",2178623,63,0,"1",.,"A",.,"A",.,"A",.,"A",.,"A",300,"D",.,"A",.,"A",.,"A",.,"A",.,"A",.,"A",180,"D",.,"A",.,"A"
"20101",2178633,26,0,"1",.,"A",.,"A",.,"A",.,"A",30,"D",.,"A",.,"A",.,"A",.,"A",.,"A",.,"A",.,"A",.,"A",.,"A",.,"A"
"20101",2178653,50,0,"1",.,"A",.,"A",.,"A",80,"D",.,"A",.,"A",.,"A",.,"A",.,"A",.,"A",.,"A",.,"A",.,"A",.,"A",.,"A"
"20101",2178663,58,0,"1",.,"A",.,"A",.,"A",.,"A",160,"D",150,"D",.,"A",.,"A",18,"D",.,"A",.,"A",.,"A",.,"A",.,"A",.,"A"
"20101",2178693,23,0,"1",.,"A",.,"A",.,"A",.,"A",.,"A",.,"A",.,"A",.,"A",.,"A",.,"A",.,"A",.,"A",.,"A",.,"A",.,"A"
"20101",2178713,47,0,"1",.,"A",.,"A",.,"A",60,"D",.,"A",.,"A",.,"A",260,"D",.,"A",.,"A",.,"A",.,"A",140,"D",.,"A",.,"A"
"20101",2178743,52,0,"1",.,"A",.,"A",.,"A",.,"A",.,"A",.,"A",.,"A",.,"A",.,"A",.,"A",.,"A",.,"A",90,"D",.,"A",.,"A"
"20101",2178753,60,0,"1",.,"A",.,"A",.,"A",.,"A",.,"A",.,"A",663,"D",.,"A",.,"A",.,"A",.,"A",.,"A",30,"D",.,"A",.,"A"
"20101",2178763,45,0,"1",.,"A",.,"A",.,"A",.,"A",3,"D",.,"A",.,"A",.,"A",.,"A",.,"A",.,"A",.,"A",10,"D",.,"A",.,"A"
"20101",2178773,54,0,"1",.,"A",.,"A",.,"A",.,"A",.,"A",30,"D",.,"A",.,"A",.,"A",.,"A",.,"A",.,"A",180,"D",.,"A",.,"A"
"20101",2178813,49,0,"1",.,"A",.,"A",.,"A",.,"A",.,"A",.,"A",.,"A",.,"A",.,"A",.,"A",.,"A",.,"A",40,"D",.,"A",.,"A"
"20101",2178823,40,0,"1",.,"A",.,"A",.,"A",.,"A",.,"A",.,"A",.,"A",.,"A",.,"A",.,"A",.,"A",.,"A",220,"D",.,"A",.,"A"
"20101",2178833,38,0,"1",.,"A",.,"A",.,"A",.,"A",.,"A",.,"A",.,"A",650,"D",.,"A",.,"A",.,"A",.,"A",.,"A",.,"A",.,"A"
"20101",2178853,49,0,"1",.,"A",.,"A",.,"A",.,"A",.,"A",.,"A",.,"A",.,"A",.,"A",.,"A",.,"A",.,"A",.,"A",.,"A",.,"A"
"20101",2178863,81,0,"1",40,"D",.,"A",.,"A",.,"A",160,"D",.,"A",.,"A",.,"A",.,"A",.,"A",.,"A",.,"A",.,"A",.,"A",.,"A"
"20101",2178883,57,0,"1",.,"A",.,"A",.,"A",.,"A",.,"A",.,"A",546,"D",.,"A",.,"A",.,"A",.,"A",.,"A",59,"D",.,"A",.,"A"
"20101",2178913,43,0,"1",.,"A",.,"A",.,"A",.,"A",.,"A",.,"A",.,"A",.,"A",.,"A",.,"A",.,"A",.,"A",.,"A",.,"A",.,"A"
"20101",2178923,49,0,"1",.,"A",.,"A",.,"A",.,"A",30,"D",.,"A",585,"D",.,"A",6,"D",.,"A",.,"A",.,"A",20,"D",.,"A",.,"A"
"20101",2178933,38,0,"1",.,"A",.,"A",.,"A",.,"A",.,"A",50,"D",.,"A",.,"A",108,"D",.,"A",.,"A",.,"A",50,"D",.,"A",.,"A"
"20101",2178943,66,0,"1",.,"A",.,"A",.,"A",.,"A",.,"A",.,"A",.,"A",.,"A",.,"A",.,"A",.,"A",.,"A",320,"D",.,"A",.,"A"
"20101",2178973,44,0,"1",.,"A",.,"A",40,"D",.,"A",10,"D",25,"D",.,"A",.,"A",.,"A",.,"A",.,"A",.,"A",235,"D",.,"A",.,"A"
"20101",2179013,56,0,"1",.,"A",.,"A",.,"A",.,"A",.,"A",.,"A",715,"D",.,"A",.,"A",.,"A",.,"A",.,"A",.,"A",.,"A",.,"A"
"20101",2179023,25,0,"1",.,"A",.,"A",.,"A",.,"A",.,"A",.,"A",.,"A",.,"A",.,"A",.,"A",.,"A",.,"A",35,"D",.,"A",.,"A"
"20101",2179043,55,0,"1",.,"A",.,"A",.,"A",.,"A",.,"A",.,"A",65,"D",.,"A",.,"A",.,"A",.,"A",.,"A",100,"D",.,"A",.,"A"
"20101",2179063,48,0,"1",.,"A",.,"A",.,"A",.,"A",.,"A",9,"D",.,"A",.,"A",.,"A",.,"A",.,"A",.,"A",8,"D",.,"A",.,"A"
"20101",2179093,54,0,"1",.,"A",.,"A",.,"A",.,"A",.,"A",.,"A",.,"A",.,"A",.,"A",.,"A",.,"A",.,"A",400,"D",.,"A",.,"A"
"20101",2179103,43,0,"1",.,"A",.,"A",.,"A",.,"A",.,"A",.,"A",.,"A",.,"A",.,"A",.,"A",.,"A",.,"A",20,"D",.,"A",.,"A"
"20101",2179113,41,0,"1",.,"A",.,"A",.,"A",.,"A",.,"A",.,"A",.,"A",.,"A",.,"A",.,"A",.,"A",.,"A",50,"D",.,"A",.,"A"
"20101",2179123,54,0,"1",.,"A",.,"A",.,"A",.,"A",.,"A",.,"A",.,"A",.,"A",.,"A",.,"A",.,"A",.,"A",45,"D",.,"A",.,"A"
"20101",2179133,46,0,"1",.,"A",.,"A",.,"A",.,"A",.,"A",.,"A",.,"A",390,"D",.,"A",.,"A",.,"A",.,"A",.,"A",.,"A",.,"A"
"20101",2179143,68,0,"1",.,"A",.,"A",57,"D",.,"A",.,"A",.,"A",.,"A",.,"A",.,"A",.,"A",.,"A",.,"A",30,"D",.,"A",.,"A"
"20101",2179173,58,0,"1",.,"A",.,"A",.,"A",.,"A",.,"A",450,"D",.,"A",.,"A",.,"A",.,"A",.,"A",.,"A",275,"D",.,"A",.,"A"
"20101",2179213,31,0,"1",.,"A",.,"A",.,"A",.,"A",.,"A",300,"D",.,"A",.,"A",.,"A",.,"A",.,"A",.,"A",138,"F",.,"A",.,"A"
"20101",2179224,56,0,"1",.,"A",.,"A",.,"A",.,"A",.,"A",.,"A",.,"A",.,"A",.,"A",.,"A",.,"A",.,"A",150,"D",.,"A",.,"A"
"20101",2179233,63,0,"1",.,"A",.,"A",.,"A",.,"A",.,"A",.,"A",325,"D",260,"D",.,"A",.,"A",.,"A",.,"A",18,"D",.,"A",.,"A"
"20101",2179253,55,0,"1",.,"A",.,"A",.,"A",.,"A",.,"A",.,"A",.,"A",.,"A",.,"A",.,"A",.,"A",.,"A",.,"A",.,"A",.,"A"
"20101",2179283,42,0,"1",.,"A",.,"A",.,"A",.,"A",.,"A",.,"A",.,"A",.,"A",.,"A",.,"A",.,"A",.,"A",40,"D",.,"A",.,"A"
"20101",2179293,38,0,"1",.,"A",.,"A",.,"A",.,"A",.,"A",.,"A",.,"A",.,"A",.,"A",.,"A",.,"A",.,"A",.,"A",.,"A",.,"A"
"20101",2179303,27,0,"1",0,"F",.,"A",.,"A",15,"D",63,"F",.,"A",728,"D",.,"A",.,"A",0,"D",0,"D",36,"D",50,"D",0,"D",.,"A"
"20101",2179313,36,0,"1",.,"A",.,"A",.,"A",30,"D",.,"A",.,"A",.,"A",.,"A",.,"A",15,"D",0,"D",0,"D",130,"D",5,"D",.,"A"
"20101",2179353,35,0,"1",.,"A",.,"A",.,"A",.,"A",.,"A",.,"A",.,"A",.,"A",.,"A",.,"A",.,"A",.,"A",60,"F",.,"A",.,"A"
"20101",2179363,37,0,"1",.,"A",.,"A",.,"A",.,"A",.,"A",.,"A",.,"A",.,"A",.,"A",.,"A",.,"A",.,"A",10,"D",.,"A",.,"A"
"20101",2179373,36,0,"1",.,"A",.,"A",.,"A",.,"A",.,"A",.,"A",.,"A",.,"A",18,"D",.,"A",.,"A",.,"A",50,"D",.,"A",.,"A"
"20101",2179423,29,0,"1",.,"A",.,"A",.,"A",.,"A",300,"D",.,"A",.,"A",.,"A",.,"A",.,"A",.,"A",.,"A",.,"A",.,"A",.,"A"
"20101",2179433,70,0,"1",.,"A",.,"A",.,"A",.,"A",.,"A",30,"D",.,"A",.,"A",.,"A",.,"A",.,"A",.,"A",200,"D",.,"A",.,"A"
"20101",2179453,54,0,"1",.,"A",.,"A",.,"A",.,"A",.,"A",.,"A",.,"A",.,"A",.,"A",.,"A",.,"A",.,"A",150,"D",.,"A",.,"A"
"20101",2179473,68,0,"1",.,"A",.,"A",.,"A",.,"A",.,"A",35,"D",585,"D",.,"A",.,"A",.,"A",.,"A",.,"A",150,"D",.,"A",.,"A"
"20101",2179493,44,0,"1",.,"A",.,"A",.,"A",.,"A",.,"A",.,"A",650,"D",.,"A",.,"A",.,"A",.,"A",.,"A",.,"A",.,"A",.,"A"
"20101",2179523,44,0,"1",.,"A",.,"A",.,"A",.,"A",.,"A",.,"A",.,"A",.,"A",.,"A",.,"A",.,"A",.,"A",.,"A",.,"A",.,"A"
"20101",2179553,56,0,"1",.,"A",.,"A",.,"A",.,"A",.,"A",.,"A",130,"D",.,"A",.,"A",.,"A",.,"A",.,"A",.,"A",.,"A",.,"A"
"20101",2179563,60,0,"1",.,"A",.,"A",.,"A",.,"A",.,"A",.,"A",.,"A",.,"A",.,"A",.,"A",.,"A",.,"A",.,"A",.,"A",.,"A"
"20101",2179583,61,0,"1",.,"A",.,"A",.,"A",.,"A",.,"A",.,"A",.,"A",.,"A",.,"A",.,"A",.,"A",.,"A",50,"D",.,"A",.,"A"
"20101",2179593,61,0,"1",32,"D",.,"A",.,"A",.,"A",108,"D",.,"A",.,"A",.,"A",18,"D",.,"A",.,"A",.,"A",110,"D",.,"A",.,"A"
"20101",2179603,66,0,"1",.,"A",.,"A",.,"A",.,"A",.,"A",.,"A",1092,"D",.,"A",.,"A",.,"A",.,"A",.,"A",70,"D",.,"A",.,"A"
"20101",2179623,58,0,"1",.,"A",.,"A",.,"A",.,"A",.,"A",.,"A",.,"A",.,"A",.,"A",.,"A",.,"A",.,"A",15,"D",.,"A",.,"A"
"20101",2179663,55,0,"1",.,"A",.,"A",.,"A",.,"A",.,"A",.,"A",.,"A",.,"A",.,"A",.,"A",.,"A",.,"A",175,"D",.,"A",.,"A"
"20101",2179673,72,0,"1",.,"A",.,"A",.,"A",.,"A",.,"A",.,"A",.,"A",.,"A",18,"D",.,"A",.,"A",.,"A",200,"D",.,"A",.,"A"
"20101",2179683,83,0,"1",.,"A",.,"A",.,"A",.,"A",.,"A",120,"D",325,"D",.,"A",48,"D",.,"A",.,"A",.,"A",75,"D",.,"A",.,"A"
"20101",2179703,55,0,"1",.,"A",.,"A",.,"A",.,"A",.,"A",.,"A",.,"A",.,"A",.,"A",.,"A",.,"A",.,"A",.,"A",.,"A",.,"A"
"20101",2179713,142,0,"1",.,"A",.,"A",.,"A",.,"A",.,"A",.,"A",.,"A",.,"A",126,"D",.,"A",.,"A",.,"A",220,"D",.,"A",.,"A"
"20101",2179733,35,0,"1",.,"A",.,"A",.,"A",.,"A",.,"A",.,"A",.,"A",.,"A",.,"A",.,"A",.,"A",.,"A",.,"A",.,"A",.,"A"
"20101",2179763,72,0,"1",.,"A",.,"A",.,"A",.,"A",.,"A",.,"A",.,"A",.,"A",60,"D",.,"A",.,"A",.,"A",300,"D",.,"A",.,"A"
"20101",2179783,36,0,"1",.,"A",.,"A",.,"A",.,"A",.,"A",.,"A",.,"A",.,"A",.,"A",.,"A",.,"A",.,"A",35,"D",.,"A",.,"A"
"20101",2179793,49,0,"1",.,"A",.,"A",75,"D",.,"A",.,"A",.,"A",.,"A",.,"A",.,"A",.,"A",.,"A",.,"A",19,"D",.,"A",.,"A"
"20101",2179803,51,0,"1",.,"A",.,"A",.,"A",.,"A",.,"A",.,"A",.,"A",.,"A",.,"A",.,"A",.,"A",.,"A",19,"D",.,"A",.,"A"
"20101",2179813,62,0,"1",.,"A",.,"A",.,"A",.,"A",.,"A",.,"A",.,"A",.,"A",.,"A",.,"A",.,"A",.,"A",30,"D",.,"A",.,"A"
"20101",2179823,81,0,"1",.,"A",.,"A",.,"A",400,"D",.,"A",150,"D",.,"A",.,"A",.,"A",225,"D",6,"D",0,"D",1200,"D",75,"D",.,"A"
"20101",2179833,40,0,"1",.,"A",.,"A",.,"A",80,"D",30,"D",20,"D",.,"A",.,"A",.,"A",120,"D",0,"D",0,"D",150,"D",40,"D",.,"A"
"20101",2179883,41,0,"1",.,"A",.,"A",.,"A",.,"A",.,"A",.,"A",.,"A",.,"A",.,"A",.,"A",.,"A",.,"A",600,"D",.,"A",.,"A"
"20101",2179893,41,0,"1",.,"A",.,"A",.,"A",.,"A",.,"A",.,"A",.,"A",.,"A",.,"A",.,"A",.,"A",.,"A",.,"A",.,"A",.,"A"
"20101",2179903,69,0,"1",.,"A",.,"A",.,"A",.,"A",.,"A",55,"D",.,"A",.,"A",.,"A",.,"A",.,"A",.,"A",400,"D",.,"A",.,"A"
"20101",2179923,48,0,"1",.,"A",.,"A",.,"A",.,"A",.,"A",.,"A",.,"A",.,"A",315,"D",.,"A",.,"A",.,"A",.,"A",.,"A",.,"A"
"20101",2179933,49,0,"1",.,"A",.,"A",.,"A",100,"D",75,"D",40,"D",.,"A",.,"A",.,"A",0,"D",0,"D",30,"D",45,"D",0,"D",.,"A"
"20101",2179943,39,0,"1",.,"A",.,"A",.,"A",.,"A",.,"A",.,"A",.,"A",.,"A",.,"A",.,"A",.,"A",.,"A",.,"A",.,"A",.,"A"
"20101",2179953,33,0,"1",.,"A",.,"A",.,"A",.,"A",.,"A",.,"A",.,"A",.,"A",.,"A",0,"D",0,"D",90,"D",.,"A",0,"D",.,"A"
"20101",2179963,36,0,"1",.,"A",.,"A",.,"A",.,"A",.,"A",.,"A",.,"A",.,"A",.,"A",.,"A",.,"A",.,"A",.,"A",.,"A",.,"A"
"20101",2179973,44,0,"1",.,"A",.,"A",.,"A",1000,"D",.,"A",125,"D",.,"A",.,"A",.,"A",.,"A",.,"A",.,"A",300,"D",.,"A",.,"A"
"20101",2179983,40,0,"1",.,"A",.,"A",.,"A",.,"A",50,"D",.,"A",.,"A",.,"A",.,"A",.,"A",.,"A",.,"A",30,"D",.,"A",.,"A"
"20101",2180003,49,0,"1",.,"A",.,"A",25,"D",.,"A",.,"A",.,"A",260,"D",.,"A",.,"A",.,"A",.,"A",.,"A",24,"D",.,"A",.,"A"
"20101",2180013,25,0,"1",.,"A",.,"A",.,"A",.,"A",45,"D",.,"A",26,"D",.,"A",.,"A",.,"A",.,"A",.,"A",15,"D",.,"A",.,"A"
"20101",2180034,27,0,"1",.,"A",.,"A",.,"A",.,"A",.,"A",.,"A",.,"A",.,"A",.,"A",.,"A",.,"A",.,"A",.,"A",.,"A",.,"A"
"20101",2180043,62,0,"1",.,"A",.,"A",.,"A",.,"A",.,"A",.,"A",.,"A",.,"A",.,"A",.,"A",.,"A",.,"A",90,"D",.,"A",.,"A"
"20101",2180053,50,0,"1",.,"A",.,"A",.,"A",.,"A",.,"A",.,"A",702,"D",.,"A",24,"D",.,"A",.,"A",.,"A",18,"D",.,"A",.,"A"
"20101",2180083,68,0,"1",.,"A",.,"A",.,"A",.,"A",.,"A",.,"A",.,"A",.,"A",18,"D",.,"A",.,"A",.,"A",280,"D",.,"A",.,"A"
"20101",2180093,37,0,"1",.,"A",.,"A",.,"A",.,"A",.,"A",.,"A",.,"A",.,"A",.,"A",.,"A",.,"A",.,"A",.,"A",.,"A",.,"A"
"20101",2180113,46,0,"1",.,"A",.,"A",.,"A",.,"A",.,"A",.,"A",.,"A",.,"A",.,"A",.,"A",.,"A",.,"A",13,"D",.,"A",.,"A"
"20101",2180123,25,0,"1",.,"A",.,"A",.,"A",.,"A",90,"D",.,"A",.,"A",.,"A",.,"A",.,"A",.,"A",.,"A",.,"A",.,"A",.,"A"
"20101",2180133,43,0,"1",30,"D",.,"A",.,"A",900,"D",60,"D",120,"D",.,"A",.,"A",.,"A",.,"A",.,"A",.,"A",45,"D",.,"A",.,"A"
"20101",2180143,47,0,"1",.,"A",.,"A",.,"A",.,"A",.,"A",.,"A",.,"A",.,"A",.,"A",.,"A",.,"A",.,"A",19,"D",.,"A",.,"A"
"20101",2180153,48,0,"1",.,"A",.,"A",.,"A",.,"A",.,"A",.,"A",52,"D",.,"A",.,"A",.,"A",.,"A",.,"A",.,"A",.,"A",.,"A"
"20101",2180193,53,0,"1",.,"A",.,"A",.,"A",.,"A",.,"A",60,"D",.,"A",.,"A",.,"A",.,"A",.,"A",.,"A",.,"A",.,"A",.,"A"
"20101",2180203,56,0,"1",.,"A",.,"A",.,"A",.,"A",.,"A",.,"A",.,"A",.,"A",.,"A",.,"A",.,"A",.,"A",11,"D",.,"A",.,"A"
"20101",2180213,40,0,"1",.,"A",.,"A",.,"A",.,"A",.,"A",.,"A",.,"A",.,"A",.,"A",.,"A",.,"A",.,"A",100,"D",.,"A",.,"A"
"20101",2180223,50,0,"1",.,"A",.,"A",.,"A",.,"A",.,"A",.,"A",65,"D",.,"A",.,"A",.,"A",.,"A",.,"A",60,"D",.,"A",.,"A"
"20101",2180243,50,0,"1",.,"A",.,"A",.,"A",.,"A",.,"A",.,"A",.,"A",.,"A",.,"A",.,"A",.,"A",.,"A",.,"A",.,"A",.,"A"
"20101",2180253,35,0,"1",.,"A",.,"A",.,"A",.,"A",140,"D",.,"A",520,"D",.,"A",60,"D",.,"A",.,"A",.,"A",20,"D",.,"A",.,"A"
"20101",2180263,59,0,"1",.,"A",.,"A",.,"A",.,"A",.,"A",.,"A",.,"A",.,"A",.,"A",720,"D",0,"D",0,"D",.,"A",240,"D",.,"A"
"20101",2180283,53,0,"1",.,"A",.,"A",.,"A",.,"A",.,"A",.,"A",.,"A",.,"A",.,"A",.,"A",.,"A",.,"A",300,"D",.,"A",.,"A"
"20101",2180293,26,0,"1",.,"A",.,"A",.,"A",.,"A",.,"A",.,"A",.,"A",.,"A",.,"A",.,"A",.,"A",.,"A",.,"A",.,"A",.,"A"
"20101",2180303,65,0,"1",.,"A",.,"A",17,"D",.,"A",.,"A",.,"A",.,"A",.,"A",.,"A",.,"A",.,"A",.,"A",260,"D",.,"A",.,"A"
"20101",2180313,35,0,"1",.,"A",.,"A",.,"A",20,"D",.,"A",.,"A",.,"A",.,"A",45,"D",36,"D",0,"D",60,"D",75,"D",12,"D",.,"A"
"20101",2180323,45,0,"1",.,"A",.,"A",.,"A",.,"A",.,"A",.,"A",.,"A",.,"A",.,"A",.,"A",.,"A",.,"A",.,"A",.,"A",.,"A"
"20101",2180333,53,0,"1",.,"A",.,"A",15,"D",.,"A",.,"A",15,"D",.,"A",.,"A",.,"A",.,"A",.,"A",.,"A",251,"D",.,"A",.,"A"
"20101",2180353,23,0,"1",.,"A",.,"A",.,"A",.,"A",.,"A",.,"A",.,"A",.,"A",.,"A",.,"A",.,"A",.,"A",.,"A",.,"A",.,"A"
"20101",2180383,110,0,"1",.,"A",.,"A",.,"A",.,"A",.,"A",.,"A",13,"D",.,"A",.,"A",.,"A",.,"A",.,"A",15,"D",.,"A",.,"A"
"20101",2180393,72,0,"1",.,"A",.,"A",.,"A",.,"A",.,"A",.,"A",.,"A",.,"A",102,"D",.,"A",.,"A",.,"A",30,"D",.,"A",.,"A"
"20101",2180433,64,0,"1",.,"A",.,"A",.,"A",.,"A",.,"A",25,"D",.,"A",.,"A",.,"A",.,"A",.,"A",.,"A",120,"D",.,"A",.,"A"
"20101",2180443,54,0,"1",.,"A",.,"A",.,"A",.,"A",.,"A",45,"D",.,"A",.,"A",.,"A",.,"A",.,"A",.,"A",90,"D",.,"A",.,"A"
"20101",2180453,36,0,"1",.,"A",.,"A",.,"A",.,"A",.,"A",50,"D",.,"A",.,"A",.,"A",.,"A",.,"A",.,"A",300,"D",.,"A",.,"A"
"20101",2180473,25,0,"1",.,"A",.,"A",.,"A",.,"A",60,"D",.,"A",.,"A",.,"A",.,"A",0,"D",30,"D",0,"D",.,"A",0,"D",.,"A"
"20101",2180483,57,0,"1",10,"D",.,"A",.,"A",.,"A",0,"D",.,"A",.,"A",.,"A",.,"A",.,"A",.,"A",.,"A",.,"A",.,"A",.,"A"
"20101",2180493,69,0,"1",.,"A",.,"A",.,"A",.,"A",.,"A",.,"A",.,"A",.,"A",.,"A",.,"A",.,"A",.,"A",260,"D",.,"A",.,"A"
"20101",2180503,34,0,"1",10,"D",.,"A",.,"A",.,"A",23,"D",.,"A",312,"D",.,"A",33,"D",.,"A",.,"A",.,"A",.,"A",.,"A",.,"A"
"20101",2180513,29,0,"1",.,"A",.,"A",.,"A",.,"A",.,"A",.,"A",.,"A",.,"A",.,"A",.,"A",.,"A",.,"A",60,"D",.,"A",.,"A"
"20101",2180523,64,0,"1",.,"A",.,"A",.,"A",.,"A",.,"A",.,"A",.,"A",.,"A",.,"A",.,"A",.,"A",.,"A",150,"D",.,"A",.,"A"
"20101",2180543,29,0,"1",0,"F",.,"A",.,"A",300,"D",30,"F",90,"D",.,"A",.,"A",.,"A",270,"D",0,"D",60,"F",45,"D",90,"D",.,"A"
"20101",2180553,29,0,"1",.,"A",.,"A",.,"A",.,"A",.,"A",.,"A",.,"A",.,"A",.,"A",.,"A",.,"A",.,"A",.,"A",.,"A",.,"A"
"20101",2180573,44,0,"1",.,"A",.,"A",.,"A",.,"A",.,"A",.,"A",.,"A",.,"A",.,"A",.,"A",.,"A",.,"A",30,"D",.,"A",.,"A"
"20101",2180603,48,0,"1",60,"D",.,"A",.,"A",.,"A",60,"D",.,"A",130,"D",.,"A",.,"A",.,"A",.,"A",.,"A",70,"D",.,"A",.,"A"
"20101",2180613,106,0,"1",.,"A",.,"A",.,"A",.,"A",.,"A",360,"D",.,"A",.,"A",.,"A",.,"A",.,"A",.,"A",150,"D",.,"A",.,"A"
"20101",2180623,29,0,"1",.,"A",.,"A",.,"A",.,"A",.,"A",.,"A",130,"D",.,"A",.,"A",.,"A",.,"A",.,"A",.,"A",.,"A",.,"A"
"20101",2180633,44,0,"1",.,"A",.,"A",.,"A",.,"A",.,"A",.,"A",.,"A",.,"A",.,"A",.,"A",.,"A",.,"A",30,"D",.,"A",.,"A"
"20101",2180643,64,0,"1",.,"A",.,"A",.,"A",.,"A",.,"A",.,"A",650,"D",.,"A",.,"A",.,"A",.,"A",.,"A",.,"A",.,"A",.,"A"
"20101",2180653,48,0,"1",.,"A",.,"A",.,"A",.,"A",60,"D",.,"A",455,"D",.,"A",.,"A",.,"A",.,"A",.,"A",145,"D",.,"A",.,"A"
"20101",2180683,51,0,"1",.,"A",.,"A",.,"A",.,"A",.,"A",.,"A",975,"D",.,"A",45,"D",.,"A",.,"A",.,"A",108,"D",.,"A",.,"A"
"20101",2180703,65,0,"1",.,"A",.,"A",.,"A",.,"A",.,"A",120,"D",.,"A",.,"A",.,"A",.,"A",.,"A",.,"A",.,"A",.,"A",.,"A"
"20101",2180713,93,0,"1",.,"A",.,"A",.,"A",.,"A",.,"A",.,"A",.,"A",.,"A",90,"D",.,"A",.,"A",.,"A",10,"D",.,"A",.,"A"
"20101",2180723,70,0,"1",.,"A",.,"A",.,"A",.,"A",.,"A",.,"A",.,"A",.,"A",36,"D",.,"A",.,"A",.,"A",250,"D",.,"A",.,"A"
"20101",2180743,46,0,"1",.,"A",.,"A",.,"A",.,"A",.,"A",.,"A",.,"A",.,"A",.,"A",.,"A",.,"A",.,"A",70,"D",.,"A",.,"A"
"20101",2180763,50,0,"1",.,"A",.,"A",.,"A",.,"A",.,"A",.,"A",650,"D",.,"A",.,"A",.,"A",.,"A",.,"A",.,"A",.,"A",.,"A"
"20101",2180773,49,0,"1",.,"A",.,"A",.,"A",.,"A",.,"A",.,"A",.,"A",.,"A",.,"A",.,"A",.,"A",.,"A",.,"A",.,"A",.,"A"
"20101",2180803,60,0,"1",.,"A",.,"A",.,"A",.,"A",.,"A",10,"D",.,"A",.,"A",.,"A",.,"A",.,"A",.,"A",.,"A",.,"A",.,"A"
"20101",2180813,50,0,"1",.,"A",.,"A",.,"A",.,"A",.,"A",.,"A",.,"A",.,"A",.,"A",.,"A",.,"A",.,"A",30,"D",.,"A",.,"A"
"20101",2180843,34,0,"1",.,"A",.,"A",.,"A",.,"A",.,"A",.,"A",.,"A",.,"A",.,"A",.,"A",.,"A",.,"A",90,"D",.,"A",.,"A"
"20101",2180863,80,0,"1",.,"A",.,"A",.,"A",.,"A",.,"A",.,"A",65,"D",.,"A",.,"A",.,"A",.,"A",.,"A",20,"D",.,"A",.,"A"
"20101",2180873,49,0,"1",.,"A",.,"A",.,"A",.,"A",.,"A",.,"A",.,"A",.,"A",.,"A",.,"A",.,"A",.,"A",.,"A",.,"A",.,"A"
"20101",2180883,39,0,"1",.,"A",.,"A",.,"A",.,"A",.,"A",.,"A",.,"A",.,"A",.,"A",.,"A",.,"A",.,"A",.,"A",.,"A",.,"A"
"20101",2180893,56,0,"1",.,"A",.,"A",.,"A",.,"A",.,"A",.,"A",.,"A",.,"A",.,"A",.,"A",.,"A",.,"A",15,"D",.,"A",.,"A"
"20101",2180913,59,0,"1",.,"A",.,"A",.,"A",.,"A",.,"A",20,"D",.,"A",.,"A",.,"A",.,"A",.,"A",.,"A",.,"A",.,"A",.,"A"
"20101",2180923,49,0,"1",.,"A",.,"A",.,"A",.,"A",.,"A",.,"A",.,"A",.,"A",.,"A",.,"A",.,"A",.,"A",125,"D",.,"A",.,"A"
"20101",2180963,47,0,"1",.,"A",.,"A",.,"A",.,"A",.,"A",.,"A",.,"A",.,"A",.,"A",.,"A",.,"A",.,"A",.,"A",.,"A",.,"A"
"20101",2180973,22,0,"1",.,"A",.,"A",.,"A",.,"A",.,"A",.,"A",273,"D",.,"A",.,"A",36,"D",0,"D",0,"D",225,"D",12,"D",.,"A"
"20101",2180993,57,0,"1",.,"A",.,"A",28,"D",.,"A",.,"A",.,"A",.,"A",.,"A",.,"A",.,"A",.,"A",.,"A",60,"D",.,"A",.,"A"
"20101",2181013,62,0,"1",.,"A",.,"A",.,"A",.,"A",.,"A",.,"A",.,"A",.,"A",.,"A",.,"A",.,"A",.,"A",200,"D",.,"A",.,"A"
"20101",2181023,75,0,"1",.,"A",.,"A",.,"A",.,"A",.,"A",.,"A",.,"A",.,"A",.,"A",.,"A",.,"A",.,"A",60,"D",.,"A",.,"A"
"20101",2181033,74,0,"1",.,"A",.,"A",.,"A",.,"A",.,"A",.,"A",.,"A",.,"A",.,"A",.,"A",.,"A",.,"A",.,"A",.,"A",.,"A"
"20101",2181053,30,0,"1",.,"A",.,"A",.,"A",.,"A",200,"D",.,"A",.,"A",.,"A",.,"A",.,"A",.,"A",.,"A",.,"A",.,"A",.,"A"
"20101",2181063,39,0,"1",.,"A",.,"A",.,"A",.,"A",.,"A",.,"A",.,"A",.,"A",.,"A",.,"A",.,"A",.,"A",.,"A",.,"A",.,"A"
"20101",2181083,62,0,"1",.,"A",.,"A",.,"A",.,"A",.,"A",.,"A",.,"A",.,"A",.,"A",.,"A",.,"A",.,"A",40,"D",.,"A",.,"A"
"20101",2181093,31,0,"1",.,"A",.,"A",.,"A",.,"A",.,"A",.,"A",.,"A",.,"A",.,"A",.,"A",.,"A",.,"A",.,"A",.,"A",.,"A"
"20101",2181123,84,0,"1",.,"A",.,"A",.,"A",.,"A",.,"A",30,"D",.,"A",.,"A",.,"A",.,"A",.,"A",.,"A",270,"D",.,"A",.,"A"
"20101",2181153,71,0,"1",.,"A",.,"A",.,"A",.,"A",.,"A",.,"A",.,"A",.,"A",60,"D",.,"A",.,"A",.,"A",.,"A",.,"A",.,"A"
"20101",2181173,41,0,"1",.,"A",.,"A",.,"A",.,"A",.,"A",.,"A",.,"A",.,"A",.,"A",.,"A",.,"A",.,"A",.,"A",.,"A",.,"A"
"20101",2181183,49,0,"1",.,"A",.,"A",.,"A",.,"A",.,"A",.,"A",.,"A",.,"A",.,"A",.,"A",.,"A",.,"A",.,"A",.,"A",.,"A"
"20101",2181193,69,0,"1",.,"A",.,"A",.,"A",.,"A",.,"A",100,"D",.,"A",.,"A",.,"A",.,"A",.,"A",.,"A",200,"D",.,"A",.,"A"
"20101",2181203,67,0,"1",.,"A",.,"A",.,"A",.,"A",.,"A",.,"A",.,"A",.,"A",24,"D",.,"A",.,"A",.,"A",150,"D",.,"A",.,"A"
"20101",2181213,63,0,"1",.,"A",.,"A",.,"A",.,"A",.,"A",80,"D",.,"A",.,"A",255,"D",.,"A",.,"A",.,"A",50,"D",.,"A",.,"A"
"20101",2181243,55,0,"1",.,"A",.,"A",.,"A",.,"A",.,"A",.,"A",.,"A",.,"A",600,"F",.,"A",.,"A",.,"A",.,"A",.,"A",.,"A"
"20101",2181253,56,0,"1",.,"A",.,"A",.,"A",.,"A",.,"A",.,"A",1638,"D",.,"A",.,"A",.,"A",.,"A",.,"A",190,"D",.,"A",.,"A"
"20101",2181273,40,0,"1",.,"A",.,"A",.,"A",.,"A",.,"A",.,"A",.,"A",.,"A",.,"A",.,"A",.,"A",.,"A",.,"A",.,"A",.,"A"
"20101",2181294,69,0,"1",.,"A",.,"A",.,"A",.,"A",.,"A",100,"D",.,"A",104,"D",.,"A",.,"A",.,"A",.,"A",120,"D",.,"A",.,"A"
"20101",2181303,33,0,"1",.,"A",.,"A",.,"A",.,"A",.,"A",.,"A",.,"A",.,"A",.,"A",.,"A",.,"A",.,"A",.,"A",.,"A",.,"A"
"20101",2181323,47,0,"1",.,"A",.,"A",.,"A",.,"A",.,"A",.,"A",260,"D",.,"A",.,"A",.,"A",.,"A",.,"A",30,"D",.,"A",.,"A"
"20101",2181333,39,0,"1",.,"A",.,"A",.,"A",.,"A",.,"A",.,"A",.,"A",.,"A",.,"A",.,"A",.,"A",.,"A",220,"D",.,"A",.,"A"
"20101",2181343,51,0,"1",.,"A",.,"A",.,"A",.,"A",.,"A",100,"D",416,"D",.,"A",.,"A",.,"A",.,"A",.,"A",285,"D",.,"A",.,"A"
"20101",2181353,39,0,"1",.,"A",.,"A",.,"A",.,"A",.,"A",.,"A",.,"A",.,"A",.,"A",.,"A",.,"A",.,"A",.,"A",.,"A",.,"A"
"20101",2181373,24,0,"1",.,"A",.,"A",.,"A",.,"A",40,"D",.,"A",455,"D",.,"A",.,"A",.,"A",.,"A",.,"A",.,"A",.,"A",.,"A"
"20101",2181383,47,0,"1",.,"A",.,"A",.,"A",.,"A",240,"D",.,"A",.,"A",.,"A",.,"A",.,"A",.,"A",.,"A",.,"A",.,"A",.,"A"
"20101",2181403,67,0,"1",.,"A",.,"A",.,"A",.,"A",.,"A",.,"A",.,"A",.,"A",.,"A",.,"A",.,"A",.,"A",300,"D",.,"A",.,"A"
"20101",2181413,37,0,"1",.,"A",.,"A",.,"A",.,"A",.,"A",20,"D",.,"A",.,"A",.,"A",.,"A",.,"A",.,"A",60,"D",.,"A",.,"A"
"20101",2181423,66,0,"1",.,"A",.,"A",.,"A",.,"A",.,"A",60,"D",.,"A",.,"A",.,"A",.,"A",.,"A",.,"A",250,"D",.,"A",.,"A"
"20101",2181443,78,0,"1",.,"A",.,"A",.,"A",.,"A",.,"A",.,"A",.,"A",.,"A",.,"A",.,"A",.,"A",.,"A",200,"D",.,"A",.,"A"
"20101",2181453,56,0,"1",.,"A",.,"A",.,"A",.,"A",.,"A",.,"A",.,"A",.,"A",0,"D",.,"A",.,"A",.,"A",237,"D",.,"A",.,"A"
"20101",2181483,35,0,"1",.,"A",.,"A",.,"A",.,"A",.,"A",.,"A",.,"A",91,"D",.,"A",.,"A",.,"A",.,"A",.,"A",.,"A",.,"A"
"20101",2181493,43,0,"1",.,"A",.,"A",.,"A",.,"A",.,"A",.,"A",.,"A",.,"A",.,"A",.,"A",.,"A",.,"A",120,"D",.,"A",.,"A"
"20101",2181533,34,0,"1",.,"A",.,"A",.,"A",.,"A",.,"A",15,"D",.,"A",.,"A",.,"A",.,"A",.,"A",.,"A",.,"A",.,"A",.,"A"
"20101",2181543,32,0,"1",.,"A",.,"A",.,"A",.,"A",.,"A",30,"D",.,"A",.,"A",.,"A",210,"F",0,"D",0,"D",70,"D",.,"C",.,"A"
"20101",2181553,66,0,"1",.,"A",.,"A",.,"A",.,"A",.,"A",120,"D",.,"A",.,"A",.,"A",.,"A",.,"A",.,"A",160,"D",.,"A",.,"A"
"20101",2181603,63,0,"1",.,"A",.,"A",.,"A",.,"A",.,"A",.,"A",.,"A",.,"A",.,"A",.,"A",.,"A",.,"A",150,"D",.,"A",.,"A"
"20101",2181633,52,0,"1",.,"A",.,"A",.,"A",.,"A",.,"A",200,"D",.,"A",.,"A",30,"D",120,"D",0,"D",0,"D",.,"A",40,"D",.,"A"
"20101",2181653,35,0,"1",.,"A",.,"A",.,"A",.,"A",.,"A",.,"A",260,"D",.,"A",.,"A",.,"A",.,"A",.,"A",.,"A",.,"A",.,"A"
"20101",2181663,29,0,"1",.,"A",.,"A",.,"A",.,"A",240,"D",.,"A",.,"A",.,"A",.,"A",0,"D",0,"D",300,"D",.,"A",0,"D",.,"A"
"20101",2181683,47,0,"1",.,"A",.,"A",.,"A",.,"A",.,"A",.,"A",546,"D",.,"A",.,"A",.,"A",.,"A",.,"A",420,"D",.,"A",.,"A"
"20101",2181713,48,0,"1",.,"A",.,"A",.,"A",.,"A",.,"A",.,"A",.,"A",.,"A",.,"A",.,"A",.,"A",.,"A",100,"D",.,"A",.,"A"
"20101",2181733,55,0,"1",.,"A",.,"A",.,"A",.,"A",.,"A",.,"A",.,"A",.,"A",.,"A",.,"A",.,"A",.,"A",55,"D",.,"A",.,"A"
"20101",2181743,111,0,"1",.,"A",.,"A",.,"A",.,"A",.,"A",.,"A",.,"A",.,"A",.,"A",.,"A",.,"A",.,"A",.,"A",.,"A",.,"A"
"20101",2181753,68,0,"1",.,"A",.,"A",.,"A",.,"A",.,"A",.,"A",.,"A",.,"A",.,"A",.,"A",.,"A",.,"A",150,"D",.,"A",.,"A"
"20101",2181763,54,0,"1",.,"A",.,"A",59,"D",.,"A",.,"A",.,"A",.,"A",.,"A",.,"A",.,"A",.,"A",.,"A",18,"D",.,"A",.,"A"
"20101",2181773,58,0,"1",.,"A",.,"A",.,"A",.,"A",.,"A",25,"D",.,"A",.,"A",.,"A",.,"A",.,"A",.,"A",90,"D",.,"A",.,"A"
"20101",2181803,55,0,"1",.,"A",.,"A",.,"A",.,"A",.,"A",.,"A",.,"A",.,"A",.,"A",.,"A",.,"A",.,"A",.,"A",.,"A",.,"A"
"20101",2181823,71,0,"1",.,"A",.,"A",.,"A",.,"A",.,"A",.,"A",.,"A",.,"A",.,"A",.,"A",.,"A",.,"A",.,"A",.,"A",.,"A"
"20101",2181833,41,0,"1",.,"A",.,"A",.,"A",.,"A",.,"A",.,"A",.,"A",.,"A",.,"A",.,"A",.,"A",.,"A",10,"D",.,"A",.,"A"
"20101",2181863,34,0,"1",.,"A",.,"A",.,"A",.,"A",130,"D",.,"A",.,"A",.,"A",.,"A",.,"A",.,"A",.,"A",.,"A",.,"A",.,"A"
"20101",2181883,71,0,"1",.,"A",.,"A",.,"A",.,"A",.,"A",120,"D",.,"A",.,"A",.,"A",0,"D",0,"D",15,"D",77,"D",0,"D",.,"A"
"20101",2181893,51,0,"1",.,"A",.,"A",.,"A",.,"A",.,"A",30,"D",.,"A",.,"A",36,"F",.,"A",.,"A",.,"A",.,"A",.,"A",.,"A"
"20101",2181903,58,0,"1",.,"A",.,"A",.,"A",.,"A",.,"A",.,"A",.,"A",.,"A",.,"A",.,"A",.,"A",.,"A",150,"D",.,"A",.,"A"
"20101",2181913,48,0,"1",.,"A",.,"A",.,"A",.,"A",.,"A",.,"A",.,"A",.,"A",.,"A",.,"A",.,"A",.,"A",.,"A",.,"A",.,"A"
"20101",2181923,54,0,"1",.,"A",.,"A",.,"A",.,"A",.,"A",.,"A",13,"D",182,"D",27,"D",.,"A",.,"A",.,"A",15,"D",.,"A",.,"A"
"20101",2181953,71,0,"1",.,"A",.,"A",.,"A",.,"A",.,"A",20,"D",.,"A",.,"A",.,"A",.,"A",.,"A",.,"A",.,"A",.,"A",.,"A"
"20101",2181963,31,0,"1",.,"A",.,"A",.,"A",.,"A",18,"D",.,"A",.,"A",.,"A",.,"A",.,"A",.,"A",.,"A",.,"A",.,"A",.,"A"
"20101",2181983,46,0,"1",.,"A",.,"A",125,"D",.,"A",.,"A",.,"A",.,"A",.,"A",.,"A",.,"A",.,"A",.,"A",150,"D",.,"A",.,"A"
"20101",2181993,50,0,"1",.,"A",.,"A",.,"A",.,"A",55,"D",50,"D",910,"D",.,"A",.,"A",.,"A",.,"A",.,"A",200,"D",.,"A",.,"A"
"20101",2182023,52,0,"1",.,"A",.,"A",.,"A",.,"A",.,"A",.,"A",169,"D",.,"A",.,"A",.,"A",.,"A",.,"A",12,"D",.,"A",.,"A"
"20101",2182033,52,0,"1",.,"A",.,"A",.,"A",.,"A",.,"A",50,"D",.,"A",.,"A",.,"A",.,"A",.,"A",.,"A",300,"D",.,"A",.,"A"
"20101",2182043,55,0,"1",.,"A",.,"A",.,"A",.,"A",.,"A",.,"A",.,"A",.,"A",.,"A",.,"A",.,"A",.,"A",20,"D",.,"A",.,"A"
"20101",2182063,69,0,"1",.,"A",.,"A",.,"A",.,"A",.,"A",.,"A",.,"A",.,"A",.,"A",.,"A",.,"A",.,"A",75,"D",.,"A",.,"A"
"20101",2182073,67,0,"1",.,"A",.,"A",.,"A",.,"A",.,"A",120,"D",260,"D",.,"A",.,"A",.,"A",.,"A",.,"A",205,"D",.,"A",.,"A"
"20101",2182083,47,0,"1",.,"A",.,"A",.,"A",.,"A",.,"A",.,"A",195,"D",.,"A",.,"A",.,"A",.,"A",.,"A",12,"D",.,"A",.,"A"
"20101",2182133,41,0,"1",.,"A",.,"A",.,"A",.,"A",.,"A",.,"A",156,"D",130,"D",.,"A",.,"A",.,"A",.,"A",.,"A",.,"A",.,"A"
"20101",2182153,38,0,"1",.,"A",.,"A",.,"A",.,"A",140,"D",.,"A",.,"A",.,"A",.,"A",0,"D",0,"D",84,"D",60,"D",0,"D",.,"A"
"20101",2182163,33,0,"1",30,"D",.,"A",.,"A",50,"D",70,"D",100,"D",.,"A",.,"A",.,"A",270,"D",0,"D",75,"D",150,"D",90,"D",.,"A"
"20101",2182173,103,0,"1",.,"A",20,"D",.,"A",.,"A",.,"A",80,"D",.,"A",.,"A",.,"A",.,"A",.,"A",.,"A",400,"D",.,"A",.,"A"
"20101",2182183,90,0,"1",.,"A",.,"A",.,"A",.,"A",.,"A",.,"A",728,"D",.,"A",45,"D",.,"A",.,"A",.,"A",80,"D",.,"A",.,"A"
"20101",2182193,35,0,"1",.,"A",.,"A",.,"A",.,"A",.,"A",.,"A",.,"A",.,"A",.,"A",.,"A",.,"A",.,"A",.,"A",.,"A",.,"A"
"20101",2182203,33,0,"1",.,"A",.,"A",.,"A",.,"A",.,"A",.,"A",.,"A",.,"A",.,"A",.,"A",.,"A",.,"A",21,"D",.,"A",.,"A"
"20101",2182213,48,0,"1",.,"A",.,"A",.,"A",.,"A",.,"A",.,"A",.,"A",.,"A",9,"D",.,"A",.,"A",.,"A",40,"D",.,"A",.,"A"
"20101",2182223,84,0,"1",.,"A",.,"A",.,"A",.,"A",.,"A",6,"D",.,"A",.,"A",.,"A",.,"A",.,"A",.,"A",110,"D",.,"A",.,"A"
"20101",2182233,49,0,"1",.,"A",.,"A",.,"A",.,"A",.,"A",.,"A",.,"A",.,"A",.,"A",.,"A",.,"A",.,"A",70,"D",.,"A",.,"A"
"20101",2182243,40,0,"1",.,"A",.,"A",.,"A",.,"A",.,"A",.,"A",130,"D",.,"A",.,"A",.,"A",.,"A",.,"A",.,"A",.,"A",.,"A"
"20101",2182253,50,0,"1",.,"A",.,"A",.,"A",.,"A",.,"A",15,"D",.,"A",.,"A",.,"A",.,"A",.,"A",.,"A",.,"A",.,"A",.,"A"
"20101",2182293,42,0,"1",.,"A",.,"A",.,"A",.,"A",.,"A",.,"A",520,"D",.,"A",.,"A",.,"A",.,"A",.,"A",15,"D",.,"A",.,"A"
"20101",2182303,34,0,"1",.,"A",.,"A",.,"A",.,"A",.,"A",.,"A",.,"A",.,"A",.,"A",.,"A",.,"A",.,"A",.,"A",.,"A",.,"A"
"20101",2182313,69,0,"1",.,"A",.,"A",.,"A",.,"A",.,"A",.,"A",.,"A",.,"A",.,"A",.,"A",.,"A",.,"A",70,"D",.,"A",.,"A"
"20101",2182323,51,0,"1",.,"A",.,"A",.,"A",.,"A",.,"A",25,"D",.,"A",.,"A",.,"A",.,"A",.,"A",.,"A",180,"D",.,"A",.,"A"
"20101",2182373,58,0,"1",.,"A",.,"A",.,"A",.,"A",.,"A",.,"A",.,"A",.,"A",.,"A",.,"A",.,"A",.,"A",240,"D",.,"A",.,"A"
"20101",2182383,60,0,"1",.,"A",.,"A",.,"A",.,"A",.,"A",.,"A",.,"A",.,"A",.,"A",.,"A",.,"A",.,"A",50,"D",.,"A",.,"A"
"20101",2182393,85,0,"1",.,"A",.,"A",.,"A",.,"A",.,"A",75,"D",.,"A",.,"A",.,"A",.,"A",.,"A",.,"A",.,"A",.,"A",.,"A"
"20101",2182403,36,0,"1",.,"A",.,"A",.,"A",.,"A",.,"A",.,"A",.,"A",.,"A",.,"A",.,"A",.,"A",.,"A",.,"A",.,"A",.,"A"
"20101",2182423,48,0,"1",.,"A",.,"A",.,"A",.,"A",.,"A",.,"A",.,"A",.,"A",.,"A",.,"A",.,"A",.,"A",42,"D",.,"A",.,"A"
"20101",2182433,75,0,"1",.,"A",.,"A",.,"A",.,"A",.,"A",100,"D",.,"A",.,"A",.,"A",.,"A",.,"A",.,"A",75,"D",.,"A",.,"A"
"20101",2182453,31,0,"1",.,"A",.,"A",.,"A",.,"A",.,"A",17,"D",.,"A",.,"A",.,"A",.,"A",.,"A",.,"A",.,"A",.,"A",.,"A"
"20101",2182463,60,0,"1",.,"A",.,"A",.,"A",.,"A",.,"A",.,"A",819,"D",.,"A",.,"A",.,"A",.,"A",.,"A",12,"D",.,"A",.,"A"
"20101",2182473,77,0,"1",.,"A",.,"A",.,"A",.,"A",.,"A",.,"A",390,"D",.,"A",.,"A",150,"D",0,"D",0,"D",21,"D",50,"D",.,"A"
"20101",2182483,37,0,"1",.,"A",.,"A",.,"A",.,"A",.,"A",.,"A",.,"A",.,"A",.,"A",.,"A",.,"A",.,"A",.,"A",.,"A",.,"A"
"20101",2182493,74,0,"1",.,"A",.,"A",.,"A",.,"A",.,"A",.,"A",.,"A",.,"A",.,"A",.,"A",.,"A",.,"A",380,"D",.,"A",.,"A"
"20101",2182533,56,0,"1",.,"A",.,"A",.,"A",.,"A",24,"D",.,"A",.,"A",.,"A",.,"A",270,"D",0,"D",0,"D",.,"A",90,"D",.,"A"
"20101",2182553,75,0,"1",.,"A",.,"A",.,"A",.,"A",.,"A",75,"D",.,"A",.,"A",60,"D",.,"A",.,"A",.,"A",150,"D",.,"A",.,"A"
"20101",2182573,77,0,"1",.,"A",.,"A",.,"A",.,"A",.,"A",.,"A",195,"D",.,"A",.,"A",.,"A",.,"A",.,"A",276,"D",.,"A",.,"A"
"20101",2182583,35,0,"1",.,"A",.,"A",.,"A",.,"A",.,"A",.,"A",.,"A",.,"A",.,"A",.,"A",.,"A",.,"A",.,"A",.,"A",.,"A"
"20101",2182593,58,0,"1",.,"A",.,"A",.,"A",.,"A",.,"A",.,"A",.,"A",.,"A",.,"A",.,"A",.,"A",.,"A",120,"D",.,"A",.,"A"
"20101",2182603,59,0,"1",.,"A",.,"A",.,"A",30,"D",.,"A",10,"D",.,"A",.,"A",30,"D",.,"A",.,"A",.,"A",80,"D",.,"A",.,"A"
"20101",2182613,38,0,"1",.,"A",.,"A",.,"A",.,"A",60,"D",.,"A",.,"A",.,"A",.,"A",.,"A",.,"A",.,"A",.,"A",.,"A",.,"A"
"20101",2182633,49,0,"1",.,"A",.,"A",.,"A",.,"A",.,"A",.,"A",.,"A",.,"A",.,"A",.,"A",.,"A",.,"A",.,"A",.,"A",.,"A"
"20101",2182653,51,0,"1",.,"A",.,"A",.,"A",.,"A",.,"A",.,"A",.,"A",.,"A",.,"A",.,"A",.,"A",.,"A",18,"D",.,"A",.,"A"
"20101",2182663,47,0,"1",.,"A",.,"A",.,"A",.,"A",.,"A",.,"A",.,"A",.,"A",.,"A",.,"A",.,"A",.,"A",60,"D",.,"A",.,"A"
"20101",2182693,77,0,"1",.,"A",.,"A",.,"A",.,"A",.,"A",150,"D",.,"A",.,"A",.,"A",.,"A",.,"A",.,"A",.,"A",.,"A",.,"A"
"20101",2182703,61,0,"1",.,"A",.,"A",.,"A",.,"A",.,"A",.,"A",.,"A",.,"A",.,"A",.,"A",.,"A",.,"A",120,"D",.,"A",.,"A"
"20101",2182733,33,0,"1",.,"A",.,"A",.,"A",.,"A",.,"A",.,"A",.,"A",.,"A",36,"D",.,"A",.,"A",.,"A",12,"D",.,"A",.,"A"
"20101",2182743,43,0,"1",.,"A",.,"A",.,"A",.,"A",.,"A",.,"A",78,"D",.,"A",21,"D",.,"A",.,"A",.,"A",95,"D",.,"A",.,"A"
"20101",2182753,45,0,"1",.,"A",.,"A",.,"A",.,"A",.,"A",.,"A",.,"A",.,"A",.,"A",.,"A",.,"A",.,"A",425,"F",.,"A",.,"A"
"20101",2182763,35,0,"1",.,"A",.,"A",.,"A",.,"A",.,"A",360,"D",.,"A",.,"A",.,"A",.,"A",.,"A",.,"A",200,"D",.,"A",.,"A"
"20101",2182773,48,0,"1",.,"A",.,"A",.,"A",.,"A",.,"A",.,"A",.,"A",.,"A",.,"A",.,"A",.,"A",.,"A",105,"D",.,"A",.,"A"
"20101",2182783,39,0,"1",.,"A",.,"A",.,"A",.,"A",.,"A",.,"A",.,"A",.,"A",.,"A",.,"A",.,"A",.,"A",.,"A",.,"A",.,"A"
"20101",2182803,69,0,"1",.,"A",.,"A",.,"A",.,"A",.,"A",.,"A",.,"A",.,"A",48,"D",.,"A",.,"A",.,"A",40,"D",.,"A",.,"A"
"20101",2182833,47,0,"1",.,"A",.,"A",.,"A",.,"A",.,"A",600,"D",.,"A",.,"A",45,"D",.,"A",.,"A",.,"A",100,"D",.,"A",.,"A"
"20101",2182843,39,0,"1",.,"A",.,"A",.,"A",.,"A",25,"D",.,"A",.,"A",.,"A",.,"A",.,"A",.,"A",.,"A",30,"D",.,"A",.,"A"
"20101",2182853,32,0,"1",.,"A",.,"A",.,"A",.,"A",120,"D",.,"A",.,"A",.,"A",.,"A",0,"D",90,"D",0,"D",30,"D",0,"D",.,"A"
"20101",2182873,52,0,"1",.,"A",.,"A",23,"D",.,"A",.,"A",.,"A",.,"A",.,"A",.,"A",.,"A",.,"A",.,"A",100,"D",.,"A",.,"A"
"20101",2182883,39,0,"1",.,"A",.,"A",.,"A",10,"D",48,"D",.,"A",182,"D",.,"A",.,"A",60,"D",0,"D",12,"D",70,"D",20,"D",.,"A"
"20101",2182903,40,0,"1",.,"A",.,"A",.,"A",.,"A",.,"A",.,"A",130,"D",.,"A",.,"A",.,"A",.,"A",.,"A",.,"A",.,"A",.,"A"
"20101",2182923,39,0,"1",.,"A",.,"A",.,"A",.,"A",.,"A",.,"A",.,"A",.,"A",.,"A",.,"A",.,"A",.,"A",50,"F",.,"A",.,"A"
"20101",2182933,40,0,"1",.,"A",.,"A",.,"A",.,"A",.,"A",.,"A",.,"A",.,"A",.,"A",.,"A",.,"A",.,"A",50,"D",.,"A",.,"A"
"20101",2182943,60,0,"1",.,"A",.,"A",.,"A",.,"A",.,"A",.,"A",.,"A",.,"A",.,"A",.,"A",.,"A",.,"A",60,"D",.,"A",.,"A"
"20101",2182963,27,0,"1",.,"A",.,"A",.,"A",.,"A",.,"A",.,"A",.,"A",.,"A",.,"A",.,"A",.,"A",.,"A",.,"A",.,"A",.,"A"
"20101",2182973,52,0,"1",.,"A",.,"A",.,"A",.,"A",.,"A",.,"A",780,"D",.,"A",.,"A",.,"A",.,"A",.,"A",14,"D",.,"A",.,"A"
"20101",2182983,59,0,"1",.,"A",.,"A",.,"A",.,"A",.,"A",.,"A",.,"A",.,"A",.,"A",.,"A",.,"A",.,"A",.,"A",.,"A",.,"A"
"20101",2182993,45,0,"1",.,"A",.,"A",.,"A",.,"A",.,"A",.,"A",.,"A",.,"A",36,"D",.,"A",.,"A",.,"A",28,"D",.,"A",.,"A"
"20101",2183003,34,0,"1",.,"A",.,"A",.,"A",.,"A",.,"A",.,"A",78,"D",.,"A",.,"A",.,"A",.,"A",.,"A",.,"A",.,"A",.,"A"
"20101",2183013,51,0,"1",.,"A",.,"A",.,"A",.,"A",.,"A",.,"A",.,"A",.,"A",.,"A",.,"A",.,"A",.,"A",70,"D",.,"A",.,"A"
"20101",2183023,64,0,"1",.,"A",.,"A",.,"A",.,"A",25,"D",25,"D",.,"A",.,"A",72,"D",.,"A",.,"A",.,"A",240,"D",.,"A",.,"A"
"20101",2183033,29,0,"1",.,"A",.,"A",.,"A",.,"A",75,"D",.,"A",.,"A",.,"A",.,"A",324,"D",0,"D",0,"D",90,"D",108,"D",.,"A"
"20101",2183043,43,0,"1",.,"A",.,"A",.,"A",325,"D",.,"A",.,"A",.,"A",.,"A",30,"D",.,"A",.,"A",.,"A",.,"A",.,"A",.,"A"
"20101",2183053,43,0,"1",.,"A",.,"A",.,"A",.,"A",.,"A",.,"A",.,"A",.,"A",.,"A",.,"A",.,"A",.,"A",15,"D",.,"A",.,"A"
"20101",2183073,25,0,"1",20,"F",.,"A",.,"A",.,"A",80,"F",.,"A",.,"A",.,"A",.,"A",.,"A",.,"A",.,"A",.,"A",.,"A",.,"A"
"20101",2183093,40,0,"1",.,"A",.,"A",.,"A",.,"A",.,"A",.,"A",715,"D",.,"A",.,"A",.,"A",.,"A",.,"A",80,"D",.,"A",.,"A"
"20101",2183103,57,0,"1",.,"A",.,"A",.,"A",.,"A",.,"A",130,"D",.,"A",.,"A",.,"A",.,"A",.,"A",.,"A",150,"D",.,"A",.,"A"
"20101",2183113,75,0,"1",.,"A",.,"A",.,"A",.,"A",.,"A",.,"A",.,"A",195,"D",.,"A",.,"A",.,"A",.,"A",40,"D",.,"A",.,"A"
"20101",2183123,45,0,"1",.,"A",.,"A",.,"A",.,"A",.,"A",.,"A",455,"D",.,"A",9,"D",.,"A",.,"A",.,"A",175,"D",.,"A",.,"A"
"20101",2183133,34,0,"1",.,"A",.,"A",.,"A",.,"A",.,"A",.,"A",.,"A",.,"A",.,"A",.,"A",.,"A",.,"A",.,"A",.,"A",.,"A"
"20101",2183163,58,0,"1",.,"A",.,"A",.,"A",.,"A",.,"A",.,"A",.,"A",.,"A",.,"A",.,"A",.,"A",.,"A",40,"D",.,"A",.,"A"
"20101",2183173,55,0,"1",.,"A",.,"A",.,"A",.,"A",.,"A",.,"A",780,"D",.,"A",15,"D",.,"A",.,"A",.,"A",.,"A",.,"A",.,"A"
"20101",2183183,40,0,"1",.,"A",.,"A",.,"A",.,"A",5,"D",.,"A",.,"A",.,"A",27,"D",.,"A",.,"A",.,"A",80,"D",.,"A",.,"A"
"20101",2183193,51,0,"1",.,"A",.,"A",.,"A",.,"A",.,"A",.,"A",.,"A",.,"A",.,"A",.,"A",.,"A",.,"A",60,"D",.,"A",.,"A"
"20101",2183203,68,0,"1",.,"A",.,"A",.,"A",.,"A",.,"A",27,"D",.,"A",.,"A",.,"A",90,"D",0,"D",0,"D",200,"D",30,"D",75,"D"
"20101",2183223,61,0,"1",.,"A",.,"A",.,"A",.,"A",.,"A",.,"A",.,"A",.,"A",.,"A",.,"A",.,"A",.,"A",.,"A",.,"A",.,"A"
"20101",2183273,39,0,"1",.,"A",.,"A",.,"A",.,"A",.,"A",.,"A",.,"A",.,"A",.,"A",.,"A",.,"A",.,"A",55,"D",.,"A",.,"A"
"20101",2183283,30,0,"1",.,"A",.,"A",.,"A",.,"A",25,"D",25,"D",.,"A",.,"A",.,"A",360,"D",0,"D",0,"D",20,"D",120,"D",.,"A"
"20101",2183303,27,0,"1",.,"A",.,"A",.,"A",.,"A",.,"A",.,"A",.,"A",.,"A",.,"A",.,"A",.,"A",.,"A",.,"A",.,"A",.,"A"
"20101",2183343,31,0,"1",.,"A",.,"A",.,"A",.,"A",.,"A",.,"A",.,"A",.,"A",.,"A",.,"A",.,"A",.,"A",.,"A",.,"A",.,"A"
"20101",2183353,51,0,"1",.,"A",.,"A",80,"D",.,"A",.,"A",40,"D",.,"A",.,"A",.,"A",.,"A",.,"A",.,"A",340,"D",.,"A",.,"A"
"20101",2183383,72,0,"1",.,"A",.,"A",.,"A",.,"A",.,"A",.,"A",455,"D",.,"A",.,"A",.,"A",.,"A",.,"A",.,"A",.,"A",.,"A"
"20101",2183393,70,0,"1",.,"A",.,"A",.,"A",.,"A",.,"A",.,"A",559,"D",.,"A",.,"A",.,"A",.,"A",.,"A",60,"D",.,"A",.,"A"
"20101",2183403,37,0,"1",.,"A",.,"A",.,"A",.,"A",.,"A",.,"A",.,"A",.,"A",.,"A",.,"A",.,"A",.,"A",.,"A",.,"A",.,"A"
"20101",2183413,41,0,"1",.,"A",.,"A",.,"A",.,"A",.,"A",.,"A",.,"A",.,"A",.,"A",.,"A",.,"A",.,"A",30,"D",.,"A",.,"A"
"20101",2183433,44,0,"1",.,"A",.,"A",.,"A",.,"A",.,"A",.,"A",1092,"D",.,"A",117,"D",.,"A",.,"A",.,"A",18,"D",.,"A",.,"A"
"20101",2183443,30,0,"1",.,"A",.,"A",.,"A",.,"A",.,"A",300,"D",.,"A",.,"A",.,"A",.,"A",.,"A",.,"A",.,"A",.,"A",.,"A"
"20101",2183453,38,0,"1",.,"A",.,"A",.,"A",.,"A",.,"A",.,"A",.,"A",.,"A",.,"A",.,"A",.,"A",.,"A",18,"D",.,"A",.,"A"
"20101",2183463,27,0,"1",.,"A",.,"A",.,"A",.,"A",.,"A",.,"A",.,"A",.,"A",.,"A",.,"A",.,"A",.,"A",.,"A",.,"A",.,"A"
"20101",2183483,41,0,"1",.,"A",.,"A",.,"A",.,"A",320,"D",.,"A",.,"A",.,"A",.,"A",.,"A",.,"A",.,"A",.,"A",.,"A",.,"A"
"20101",2183493,113,0,"1",.,"A",.,"A",.,"A",.,"A",.,"A",210,"D",.,"A",.,"A",.,"A",.,"A",.,"A",.,"A",300,"D",.,"A",.,"A"
"20101",2183533,48,0,"1",.,"A",.,"A",.,"A",.,"A",.,"A",.,"A",.,"A",.,"A",.,"A",.,"A",.,"A",.,"A",210,"D",.,"A",.,"A"
"20101",2183553,56,0,"1",.,"A",.,"A",.,"A",.,"A",.,"A",.,"A",.,"A",.,"A",.,"A",.,"A",.,"A",.,"A",45,"D",.,"A",.,"A"
"20101",2183573,71,0,"1",.,"A",.,"A",.,"A",.,"A",.,"A",67,"D",.,"A",.,"A",.,"A",.,"A",.,"A",.,"A",300,"D",.,"A",.,"A"
"20101",2183583,19,0,"1",5,"D",.,"A",.,"A",.,"A",25,"D",.,"A",.,"A",.,"A",.,"A",.,"A",.,"A",.,"A",.,"A",.,"A",.,"A"
"20101",2183623,61,0,"1",.,"A",.,"A",.,"A",.,"A",.,"A",30,"D",585,"D",.,"A",.,"A",.,"A",.,"A",.,"A",80,"D",.,"A",.,"A"
"20101",2183643,34,0,"1",.,"A",.,"A",.,"A",.,"A",.,"A",.,"A",.,"A",.,"A",.,"A",.,"A",.,"A",.,"A",.,"A",.,"A",.,"A"
"20101",2183663,47,0,"1",.,"A",.,"A",.,"A",.,"A",.,"A",.,"A",195,"D",.,"A",60,"D",.,"A",.,"A",.,"A",100,"D",.,"A",.,"A"
"20101",2183673,55,0,"1",.,"A",.,"A",.,"A",.,"A",.,"A",.,"A",.,"A",.,"A",.,"A",.,"A",.,"A",.,"A",60,"D",.,"A",.,"A"
"20101",2183684,45,0,"1",.,"A",.,"A",.,"A",10,"D",25,"D",.,"A",.,"A",.,"A",45,"D",450,"D",0,"D",450,"D",.,"A",150,"D",.,"A"
"20101",2183703,52,0,"1",.,"A",.,"A",.,"A",.,"A",.,"A",.,"A",195,"D",.,"A",.,"A",.,"A",.,"A",.,"A",.,"A",.,"A",.,"A"
"20101",2183743,50,0,"1",.,"A",.,"A",.,"A",.,"A",.,"A",.,"A",390,"D",.,"A",.,"A",.,"A",.,"A",.,"A",40,"D",.,"A",.,"A"
"20101",2183773,79,0,"1",.,"A",.,"A",.,"A",.,"A",.,"A",.,"A",.,"A",455,"D",.,"A",.,"A",.,"A",.,"A",40,"D",.,"A",.,"A"
"20101",2183793,37,0,"1",.,"A",.,"A",.,"A",.,"A",.,"A",.,"A",.,"A",.,"A",.,"A",.,"A",.,"A",.,"A",45,"D",.,"A",.,"A"
"20101",2183803,45,0,"1",.,"A",.,"A",.,"A",.,"A",.,"A",.,"A",975,"D",.,"A",.,"A",.,"A",.,"A",.,"A",113,"D",.,"A",.,"A"
"20101",2183813,61,0,"1",.,"A",.,"A",.,"A",.,"A",.,"A",.,"A",.,"A",.,"A",.,"A",.,"A",.,"A",.,"A",15,"D",.,"A",.,"A"
"20101",2183823,45,0,"1",.,"A",.,"A",.,"A",400,"D",.,"A",.,"A",.,"A",.,"A",.,"A",.,"A",.,"A",.,"A",.,"A",.,"A",.,"A"
"20101",2183843,49,0,"1",.,"A",.,"A",.,"A",.,"A",15,"D",.,"A",676,"D",.,"A",.,"A",.,"A",.,"A",.,"A",30,"D",.,"A",.,"A"
"20101",2183853,51,0,"1",.,"A",.,"A",.,"A",.,"A",.,"A",.,"A",936,"D",.,"A",.,"A",.,"A",.,"A",.,"A",17,"D",.,"A",.,"A"
"20101",2183863,71,0,"1",.,"A",.,"A",.,"A",.,"A",.,"A",50,"D",.,"A",.,"A",.,"A",.,"A",.,"A",.,"A",200,"D",.,"A",.,"A"
"20101",2183873,55,0,"1",.,"A",.,"A",.,"A",.,"A",.,"A",.,"A",.,"A",.,"A",.,"A",.,"A",.,"A",.,"A",200,"D",.,"A",.,"A"
"20101",2183883,77,0,"1",.,"A",.,"A",.,"A",.,"A",.,"A",.,"A",.,"A",52,"D",.,"A",.,"A",.,"A",.,"A",48,"D",.,"A",.,"A"
"20101",2183893,34,0,"1",.,"A",.,"A",.,"A",.,"A",.,"A",.,"A",.,"A",.,"A",.,"A",.,"A",.,"A",.,"A",.,"A",.,"A",.,"A"
"20101",2183903,55,0,"1",.,"A",.,"A",.,"A",.,"A",.,"A",.,"A",.,"A",.,"A",.,"A",.,"A",.,"A",.,"A",.,"A",.,"A",.,"A"
"20101",2183913,54,0,"1",.,"A",0,"F",.,"A",.,"A",.,"A",20,"F",.,"A",.,"A",.,"A",0,"D",0,"D",90,"D",60,"D",0,"D",.,"A"
"20101",2183933,88,0,"1",.,"A",.,"A",.,"A",.,"A",.,"A",.,"A",.,"A",.,"A",.,"A",75,"D",0,"D",0,"D",50,"D",25,"D",.,"A"
"20101",2183953,32,0,"1",.,"A",.,"A",.,"A",.,"A",.,"A",.,"A",.,"A",.,"A",.,"A",.,"A",.,"A",.,"A",.,"A",.,"A",.,"A"
"20101",2183973,29,0,"1",5,"D",.,"A",.,"A",.,"A",25,"D",.,"A",.,"A",.,"A",.,"A",.,"A",.,"A",.,"A",180,"D",.,"A",.,"A"
"20101",2184003,54,0,"1",.,"A",.,"A",.,"A",.,"A",.,"A",.,"A",.,"A",.,"A",.,"A",.,"A",.,"A",.,"A",50,"D",.,"A",.,"A"
"20101",2184013,43,0,"1",.,"A",.,"A",.,"A",.,"A",.,"A",.,"A",.,"A",.,"A",.,"A",.,"A",.,"A",.,"A",72,"D",.,"A",.,"A"
"20101",2184023,40,0,"1",.,"A",.,"A",.,"A",.,"A",.,"A",.,"A",520,"D",.,"A",.,"A",.,"A",.,"A",.,"A",40,"D",.,"A",.,"A"
"20101",2184063,40,0,"1",.,"A",.,"A",.,"A",.,"A",.,"A",.,"A",.,"A",13,"D",.,"A",.,"A",.,"A",.,"A",.,"A",.,"A",.,"A"
"20101",2184083,38,0,"1",.,"A",.,"A",.,"A",.,"A",.,"A",.,"A",.,"A",.,"A",.,"A",.,"A",.,"A",.,"A",40,"D",.,"A",.,"A"
"20101",2184093,42,0,"1",.,"A",.,"A",.,"A",.,"A",120,"D",.,"A",26,"D",.,"A",24,"D",.,"A",.,"A",.,"A",.,"A",.,"A",.,"A"
"20101",2184123,25,0,"1",2,"D",.,"A",.,"A",.,"A",118,"D",.,"A",195,"D",.,"A",9,"F",.,"A",.,"A",.,"A",.,"A",.,"A",.,"A"
"20101",2184143,79,0,"1",.,"A",.,"A",.,"A",.,"A",.,"A",.,"A",.,"A",.,"A",45,"D",.,"A",.,"A",.,"A",.,"A",.,"A",.,"A"
"20101",2184153,39,0,"1",.,"A",.,"A",.,"A",.,"A",.,"A",.,"A",.,"A",.,"A",.,"A",.,"A",.,"A",.,"A",.,"A",.,"A",.,"A"
"20101",2184163,60,0,"1",.,"A",.,"A",.,"A",.,"A",.,"A",.,"A",.,"A",.,"A",.,"A",.,"A",.,"A",.,"A",160,"D",.,"A",.,"A"
"20101",2184183,24,0,"1",.,"A",.,"A",.,"A",.,"A",15,"D",.,"A",.,"A",.,"A",.,"A",.,"A",.,"A",.,"A",.,"A",.,"A",.,"A"
"20101",2184193,32,0,"1",.,"A",.,"A",.,"A",.,"A",100,"D",.,"A",182,"D",.,"A",.,"A",.,"A",.,"A",.,"A",.,"A",.,"A",.,"A"
"20101",2184213,46,0,"1",.,"A",.,"A",.,"A",.,"A",.,"A",.,"A",.,"A",.,"A",.,"A",.,"A",.,"A",.,"A",.,"A",.,"A",.,"A"
"20101",2184223,51,0,"1",.,"A",.,"A",.,"A",.,"A",.,"A",.,"A",.,"A",.,"A",.,"A",.,"A",.,"A",.,"A",60,"D",.,"A",.,"A"
"20101",2184253,30,0,"1",.,"A",.,"A",.,"A",.,"A",.,"A",.,"A",.,"A",.,"A",.,"A",.,"A",.,"A",.,"A",.,"A",.,"A",.,"A"
"20101",2184273,32,0,"1",6,"D",.,"A",.,"A",.,"A",20,"D",.,"A",.,"A",.,"A",.,"A",.,"A",.,"A",.,"A",15,"D",.,"A",.,"A"
"20101",2184283,45,0,"1",.,"A",.,"A",.,"A",.,"A",.,"A",.,"A",.,"A",.,"A",.,"A",.,"A",.,"A",.,"A",.,"A",.,"A",.,"A"
"20101",2184323,52,0,"1",.,"A",.,"A",.,"A",.,"A",.,"A",.,"A",.,"A",.,"A",30,"F",0,"D",0,"D",0,"D",.,"A",0,"D",.,"A"
"20101",2184333,83,0,"1",.,"A",.,"A",.,"A",.,"A",.,"A",.,"A",650,"D",.,"A",60,"D",.,"A",.,"A",.,"A",17,"D",.,"A",.,"A"
"20101",2184343,47,0,"1",.,"A",.,"A",.,"A",.,"A",.,"A",.,"A",.,"A",.,"A",.,"A",.,"A",.,"A",.,"A",120,"D",.,"A",.,"A"
"20101",2184363,45,0,"1",.,"A",.,"A",.,"A",.,"A",.,"A",.,"A",.,"A",.,"A",.,"A",.,"A",.,"A",.,"A",35,"D",.,"A",.,"A"
"20101",2184373,71,0,"1",.,"A",.,"A",45,"D",.,"A",.,"A",.,"A",.,"A",.,"A",.,"A",.,"A",.,"A",.,"A",130,"D",.,"A",.,"A"
"20101",2184383,25,0,"1",.,"A",.,"A",.,"A",.,"A",.,"A",.,"A",.,"A",.,"A",.,"A",.,"A",.,"A",.,"A",.,"A",.,"A",.,"A"
"20101",2184403,38,0,"1",.,"A",.,"A",.,"A",.,"A",.,"A",40,"D",.,"A",.,"A",.,"A",.,"A",.,"A",.,"A",70,"D",.,"A",.,"A"
"20101",2184413,37,0,"1",.,"A",.,"A",.,"A",.,"A",.,"A",.,"A",.,"A",.,"A",.,"A",.,"A",.,"A",.,"A",.,"A",.,"A",.,"A"
"20101",2184423,47,0,"1",.,"A",.,"A",.,"A",.,"A",.,"A",.,"A",234,"D",.,"A",12,"D",.,"A",.,"A",.,"A",.,"A",.,"A",.,"A"
"20101",2184443,68,0,"1",.,"A",.,"A",.,"A",.,"A",.,"A",.,"A",.,"A",.,"A",.,"A",.,"A",.,"A",.,"A",.,"A",.,"A",.,"A"
"20101",2184463,33,0,"1",.,"A",.,"A",.,"A",.,"A",.,"A",.,"A",.,"A",65,"D",.,"A",.,"A",.,"A",.,"A",30,"D",.,"A",.,"A"
"20101",2184475,52,0,"1",.,"A",.,"A",.,"A",.,"A",.,"A",.,"A",.,"A",.,"A",.,"A",.,"A",.,"A",.,"A",.,"A",.,"A",.,"A"
"20101",2184493,47,0,"1",.,"A",.,"A",15,"F",.,"A",.,"A",.,"A",1820,"D",.,"A",45,"F",.,"A",.,"A",.,"A",20,"D",.,"A",.,"A"
"20101",2184503,53,0,"1",10,"D",.,"A",.,"A",.,"A",34,"D",.,"A",.,"A",.,"A",.,"A",.,"A",.,"A",.,"A",15,"D",.,"A",.,"A"
"20101",2184523,29,0,"1",.,"A",.,"A",.,"A",.,"A",.,"A",.,"A",.,"A",.,"A",.,"A",.,"A",.,"A",.,"A",.,"A",.,"A",.,"A"
"20101",2184533,53,0,"1",.,"A",.,"A",.,"A",.,"A",.,"A",.,"A",.,"A",.,"A",.,"A",.,"A",.,"A",.,"A",.,"A",.,"A",.,"A"
"20101",2184543,59,0,"1",.,"A",.,"A",.,"A",.,"A",.,"A",.,"A",.,"A",.,"A",.,"A",.,"A",.,"A",.,"A",60,"D",.,"A",.,"A"
"20101",2184583,80,0,"1",.,"A",.,"A",.,"A",.,"A",.,"A",100,"D",1365,"D",.,"A",.,"A",.,"A",.,"A",.,"A",170,"D",.,"A",.,"A"
"20101",2184593,52,0,"1",.,"A",.,"A",.,"A",110,"D",.,"A",.,"A",.,"A",.,"A",.,"A",.,"A",.,"A",.,"A",415,"D",.,"A",.,"A"
"20101",2184605,31,0,"1",.,"A",.,"A",.,"A",.,"A",.,"A",260,"D",.,"A",.,"A",150,"D",.,"A",.,"A",.,"A",.,"A",.,"A",.,"A"
"20101",2184613,69,0,"1",.,"A",.,"A",.,"A",.,"A",.,"A",.,"A",.,"A",.,"A",.,"A",.,"A",.,"A",.,"A",12,"D",.,"A",.,"A"
"20101",2184633,31,0,"1",.,"A",.,"A",.,"A",.,"A",.,"A",.,"A",.,"A",.,"A",.,"A",.,"A",.,"A",.,"A",.,"A",.,"A",.,"A"
"20101",2184653,58,0,"1",.,"A",.,"A",.,"A",15,"D",.,"A",.,"A",.,"A",.,"A",.,"A",0,"D",0,"D",30,"D",.,"A",0,"D",.,"A"
"20101",2184693,27,0,"1",.,"A",.,"A",.,"A",.,"A",.,"A",.,"A",.,"A",.,"A",.,"A",.,"A",.,"A",.,"A",.,"A",.,"A",.,"A"
"20101",2184703,67,0,"1",.,"A",.,"A",.,"A",.,"A",.,"A",.,"A",.,"A",195,"D",24,"D",.,"A",.,"A",.,"A",22,"D",.,"A",.,"A"
"20101",2184733,32,0,"1",.,"A",.,"A",.,"A",.,"A",.,"A",.,"A",.,"A",.,"A",.,"A",.,"A",.,"A",.,"A",.,"A",.,"A",.,"A"
"20101",2184743,52,0,"1",.,"A",.,"A",.,"A",.,"A",.,"A",.,"A",.,"A",.,"A",.,"A",.,"A",.,"A",.,"A",100,"F",.,"A",.,"A"
"20101",2184753,92,0,"1",.,"A",.,"A",.,"A",.,"A",.,"A",8,"D",.,"A",195,"D",.,"A",.,"A",.,"A",.,"A",115,"D",.,"A",.,"A"
"20101",2184763,62,0,"1",.,"A",.,"A",.,"A",.,"A",.,"A",.,"A",.,"A",.,"A",.,"A",.,"A",.,"A",.,"A",96,"D",.,"A",.,"A"
"20101",2184783,24,0,"1",.,"A",.,"A",.,"A",.,"A",.,"A",.,"A",.,"A",.,"A",.,"A",.,"A",.,"A",.,"A",100,"D",.,"A",.,"A"
"20101",2184803,54,0,"1",.,"A",.,"A",.,"A",.,"A",.,"A",.,"A",.,"A",.,"A",.,"A",.,"A",.,"A",.,"A",.,"A",.,"A",.,"A"
"20101",2184813,63,0,"1",.,"A",.,"A",.,"A",.,"A",.,"A",40,"D",65,"D",.,"A",.,"A",.,"A",.,"A",.,"A",200,"D",.,"A",.,"A"
"20101",2184823,23,0,"1",.,"A",.,"A",.,"A",.,"A",.,"A",.,"A",.,"A",.,"A",.,"A",.,"A",.,"A",.,"A",.,"A",.,"A",.,"A"
"20101",2184833,54,0,"1",.,"A",.,"A",.,"A",.,"A",.,"A",.,"A",.,"A",.,"A",.,"A",.,"A",.,"A",.,"A",180,"F",.,"A",.,"A"
"20101",2184843,54,0,"1",.,"A",.,"A",.,"A",.,"A",.,"A",.,"A",.,"A",.,"A",90,"D",.,"A",.,"A",.,"A",85,"D",.,"A",.,"A"
"20101",2184853,56,0,"1",.,"A",.,"A",.,"A",.,"A",.,"A",.,"A",299,"D",.,"A",.,"A",.,"A",.,"A",.,"A",.,"A",.,"A",.,"A"
"20101",2184863,33,0,"1",.,"A",.,"A",.,"A",.,"A",.,"A",.,"A",.,"A",.,"A",.,"A",.,"A",.,"A",.,"A",.,"A",.,"A",.,"A"
"20101",2184873,36,0,"1",.,"A",.,"A",.,"A",.,"A",.,"A",.,"A",520,"D",.,"A",.,"A",.,"A",.,"A",.,"A",.,"A",.,"A",.,"A"
"20101",2184893,90,0,"1",.,"A",.,"A",.,"A",.,"A",.,"A",.,"A",.,"A",.,"A",.,"A",.,"A",.,"A",.,"A",195,"D",.,"A",.,"A"
"20101",2184903,54,0,"1",.,"A",.,"A",.,"A",.,"A",.,"A",12,"D",.,"A",.,"A",.,"A",.,"A",.,"A",.,"A",.,"A",.,"A",.,"A"
"20101",2184913,82,0,"1",.,"A",.,"A",.,"A",.,"A",.,"A",.,"A",.,"A",.,"A",.,"A",.,"A",.,"A",.,"A",50,"D",.,"A",.,"A"
"20101",2184923,38,0,"1",.,"A",.,"A",.,"A",.,"A",.,"A",.,"A",.,"A",.,"A",.,"A",.,"A",.,"A",.,"A",24,"D",.,"A",.,"A"
"20101",2184933,33,0,"1",.,"A",.,"A",.,"A",.,"A",.,"A",.,"A",.,"A",.,"A",.,"A",.,"A",.,"A",.,"A",42,"D",.,"A",.,"A"
"20101",2184953,30,0,"1",.,"A",.,"A",.,"A",.,"A",.,"A",.,"A",.,"A",.,"A",.,"A",.,"A",.,"A",.,"A",.,"A",.,"A",.,"A"
"20101",2184973,55,0,"1",.,"A",.,"A",.,"A",.,"A",.,"A",200,"D",.,"A",.,"A",.,"A",348,"D",0,"D",0,"D",.,"A",116,"D",.,"A"
"20101",2184993,51,0,"1",.,"A",.,"A",.,"A",.,"A",.,"A",.,"A",650,"D",.,"A",.,"A",.,"A",.,"A",.,"A",100,"D",.,"A",.,"A"
"20101",2185003,79,0,"1",.,"A",42,"D",.,"A",.,"A",.,"A",0,"D",.,"A",.,"A",.,"A",.,"A",.,"A",.,"A",320,"D",.,"A",.,"A"
"20101",2185013,45,0,"1",.,"A",.,"A",.,"A",.,"A",.,"A",.,"A",.,"A",.,"A",.,"A",240,"D",0,"D",0,"D",12,"D",80,"D",.,"A"
"20101",2185023,38,0,"1",.,"A",.,"A",.,"A",.,"A",180,"D",.,"A",.,"A",.,"A",.,"A",.,"A",.,"A",.,"A",150,"D",.,"A",.,"A"
"20101",2185033,34,0,"1",.,"A",.,"A",.,"A",.,"A",21,"D",.,"A",.,"A",.,"A",.,"A",.,"A",.,"A",.,"A",8,"D",.,"A",.,"A"
"20101",2185053,39,0,"1",0,"F",.,"A",.,"A",.,"A",40,"F",.,"A",.,"A",.,"A",.,"A",162,"D",0,"D",0,"D",80,"D",54,"D",.,"A"
"20101",2185063,32,0,"1",.,"A",.,"A",.,"A",.,"A",.,"A",.,"A",.,"A",.,"A",0,"D",.,"A",.,"A",.,"A",15,"D",.,"A",.,"A"
"20101",2185083,55,0,"1",.,"A",.,"A",.,"A",.,"A",.,"A",60,"D",.,"A",.,"A",.,"A",.,"A",.,"A",.,"A",225,"D",.,"A",.,"A"
"20101",2185093,30,0,"1",.,"A",.,"A",.,"A",.,"A",25,"F",.,"A",455,"F",.,"A",.,"A",.,"A",.,"A",.,"A",.,"A",.,"A",.,"A"
"20101",2185103,57,0,"1",.,"A",.,"A",40,"D",.,"A",.,"A",.,"A",.,"A",.,"A",.,"A",.,"A",.,"A",.,"A",.,"A",.,"A",.,"A"
"20101",2185113,27,0,"1",.,"A",.,"A",.,"A",.,"A",.,"A",.,"A",494,"D",.,"A",.,"A",.,"A",.,"A",.,"A",.,"A",.,"A",.,"A"
"20101",2185133,66,0,"1",.,"A",.,"A",.,"A",.,"A",.,"A",.,"A",1950,"D",.,"A",.,"A",.,"A",.,"A",.,"A",330,"D",.,"A",.,"A"
"20101",2185163,32,0,"1",.,"A",.,"A",.,"A",.,"A",.,"A",.,"A",390,"D",.,"A",.,"A",.,"A",.,"A",.,"A",.,"A",.,"A",.,"A"
"20101",2185183,51,0,"1",.,"A",.,"A",.,"A",.,"A",.,"A",.,"A",.,"A",.,"A",.,"A",.,"A",.,"A",.,"A",17,"D",.,"A",.,"A"
"20101",2185193,68,0,"1",.,"A",.,"A",.,"A",.,"A",.,"A",.,"A",.,"A",.,"A",.,"A",.,"A",.,"A",.,"A",50,"D",.,"A",.,"A"
"20101",2185203,40,0,"1",.,"A",.,"A",.,"A",.,"A",.,"A",.,"A",.,"A",.,"A",.,"A",.,"A",.,"A",.,"A",120,"D",.,"A",.,"A"
"20101",2185233,40,0,"1",.,"A",.,"A",.,"A",.,"A",.,"A",.,"A",.,"A",.,"A",.,"A",.,"A",.,"A",.,"A",.,"A",.,"A",.,"A"
"20101",2185263,71,0,"1",.,"A",.,"A",.,"A",.,"A",.,"A",.,"A",.,"A",260,"D",30,"D",.,"A",.,"A",.,"A",40,"D",.,"A",.,"A"
"20101",2185273,53,0,"1",.,"A",.,"A",.,"A",.,"A",.,"A",.,"A",260,"D",.,"A",.,"A",.,"A",.,"A",.,"A",.,"A",.,"A",.,"A"
"20101",2185283,38,0,"1",5,"D",.,"A",.,"A",.,"A",25,"D",.,"A",.,"A",.,"A",.,"A",.,"A",.,"A",.,"A",12,"D",.,"A",.,"A"
"20101",2185293,60,0,"1",.,"A",.,"A",.,"A",.,"A",.,"A",36,"D",416,"D",.,"A",24,"D",.,"A",.,"A",.,"A",240,"D",.,"A",.,"A"
"20101",2185303,58,0,"1",.,"A",.,"A",.,"A",.,"A",.,"A",.,"A",.,"A",.,"A",.,"A",.,"A",.,"A",.,"A",300,"D",.,"A",.,"A"
"20101",2185323,49,0,"1",.,"A",.,"A",.,"A",.,"A",144,"D",.,"A",.,"A",.,"A",30,"D",.,"A",.,"A",.,"A",.,"A",.,"A",.,"A"
"20101",2185333,76,0,"1",.,"A",.,"A",.,"A",.,"A",.,"A",1200,"D",.,"A",.,"A",.,"A",.,"A",.,"A",.,"A",1050,"D",.,"A",.,"A"
"20101",2185343,79,0,"1",.,"A",.,"A",.,"A",.,"A",.,"A",.,"A",.,"A",.,"A",.,"A",.,"A",.,"A",.,"A",90,"D",.,"A",.,"A"
"20101",2185353,42,0,"1",.,"A",.,"A",.,"A",.,"A",.,"A",.,"A",.,"A",.,"A",.,"A",.,"A",.,"A",.,"A",60,"D",.,"A",.,"A"
"20101",2185383,58,0,"1",.,"A",.,"A",.,"A",.,"A",.,"A",.,"A",.,"A",.,"A",.,"A",.,"A",.,"A",.,"A",90,"D",.,"A",.,"A"
"20101",2185393,91,0,"1",.,"A",.,"A",.,"A",.,"A",.,"A",.,"A",.,"A",.,"A",30,"D",.,"A",.,"A",.,"A",.,"A",.,"A",.,"A"
"20101",2185403,28,0,"1",.,"A",.,"A",.,"A",.,"A",15,"D",.,"A",.,"A",.,"A",.,"A",0,"D",120,"D",0,"D",60,"D",0,"D",.,"A"
"20101",2185433,35,0,"1",.,"A",.,"A",.,"A",.,"A",.,"A",.,"A",.,"A",.,"A",.,"A",.,"A",.,"A",.,"A",.,"A",.,"A",.,"A"
"20101",2185463,51,0,"1",.,"A",.,"A",.,"A",.,"A",.,"A",.,"A",.,"A",.,"A",.,"A",.,"A",.,"A",.,"A",.,"A",.,"A",.,"A"
"20101",2185473,48,0,"1",.,"A",.,"A",.,"A",.,"A",.,"A",.,"A",.,"A",.,"A",.,"A",.,"A",.,"A",.,"A",100,"D",.,"A",.,"A"
"20101",2185493,33,0,"1",.,"A",.,"A",.,"A",.,"A",.,"A",.,"A",.,"A",.,"A",.,"A",.,"A",.,"A",.,"A",18,"D",.,"A",.,"A"
"20101",2185513,44,0,"1",.,"A",.,"A",.,"A",.,"A",.,"A",.,"A",.,"A",.,"A",.,"A",.,"A",.,"A",.,"A",.,"A",.,"A",.,"A"
"20101",2185523,52,0,"1",.,"A",.,"A",.,"A",.,"A",.,"A",100,"D",.,"A",.,"A",.,"A",.,"A",.,"A",.,"A",120,"D",.,"A",.,"A"
"20101",2185543,48,0,"1",.,"A",.,"A",.,"A",.,"A",.,"A",.,"A",.,"A",.,"A",.,"A",.,"A",.,"A",.,"A",50,"D",.,"A",.,"A"
"20101",2185553,39,0,"1",.,"A",.,"A",.,"A",.,"A",.,"A",.,"A",.,"A",.,"A",.,"A",.,"A",.,"A",.,"A",360,"D",.,"A",.,"A"
"20101",2185573,23,0,"1",.,"A",.,"A",.,"A",.,"A",10,"D",.,"A",.,"A",.,"A",.,"A",.,"A",.,"A",.,"A",.,"A",.,"A",.,"A"
"20101",2185593,48,0,"1",.,"A",.,"A",.,"A",.,"A",.,"A",.,"A",.,"A",.,"A",.,"A",.,"A",.,"A",.,"A",10,"D",.,"A",.,"A"
"20101",2185603,70,0,"1",.,"A",.,"A",.,"A",.,"A",.,"A",250,"D",.,"A",.,"A",.,"A",.,"A",.,"A",.,"A",300,"D",.,"A",.,"A"
"20101",2185653,47,0,"1",.,"A",.,"A",.,"A",.,"A",.,"A",5,"D",.,"A",.,"A",.,"A",.,"A",.,"A",.,"A",24,"D",.,"A",.,"A"
"20101",2185663,45,0,"1",.,"A",.,"A",.,"A",.,"A",.,"A",.,"A",.,"A",.,"A",.,"A",.,"A",.,"A",.,"A",60,"D",.,"A",.,"A"
"20101",2185673,49,0,"1",.,"A",.,"A",.,"A",.,"A",40,"D",.,"A",.,"A",.,"A",.,"A",240,"D",90,"D",0,"D",60,"D",80,"D",.,"A"
"20101",2185693,68,0,"1",.,"A",.,"A",.,"A",.,"A",.,"A",.,"A",.,"A",.,"A",.,"A",.,"A",.,"A",.,"A",85,"D",.,"A",.,"A"
"20101",2185713,57,0,"1",.,"A",.,"A",25,"D",.,"A",.,"A",.,"A",910,"D",.,"A",27,"D",.,"A",.,"A",.,"A",.,"A",.,"A",.,"A"
"20101",2185733,36,0,"1",.,"A",.,"A",.,"A",.,"A",32,"D",.,"A",.,"A",.,"A",.,"A",.,"A",.,"A",.,"A",33,"D",.,"A",.,"A"
"20101",2185743,52,0,"1",.,"A",.,"A",.,"A",.,"A",.,"A",.,"A",.,"A",.,"A",.,"A",.,"A",.,"A",.,"A",40,"D",.,"A",.,"A"
"20101",2185793,32,0,"1",.,"A",.,"A",.,"A",.,"A",.,"A",.,"A",.,"A",.,"A",.,"A",.,"A",.,"A",.,"A",80,"D",.,"A",.,"A"
"20101",2185843,35,0,"1",.,"A",.,"A",.,"A",.,"A",.,"A",.,"A",.,"A",.,"A",.,"A",.,"A",.,"A",.,"A",.,"A",.,"A",.,"A"
"20101",2185853,74,0,"1",.,"A",.,"A",.,"A",.,"A",.,"A",100,"D",.,"A",.,"A",.,"A",.,"A",.,"A",.,"A",100,"D",.,"A",.,"A"
"20101",2185863,47,0,"1",.,"A",.,"A",.,"A",.,"A",150,"D",.,"A",.,"A",.,"A",.,"A",.,"A",.,"A",.,"A",200,"D",.,"A",.,"A"
"20101",2185873,31,0,"1",.,"A",.,"A",.,"A",.,"A",.,"A",.,"A",.,"A",.,"A",.,"A",.,"A",.,"A",.,"A",.,"A",.,"A",.,"A"
"20101",2185883,60,0,"1",.,"A",.,"A",.,"A",.,"A",.,"A",.,"A",1547,"D",.,"A",90,"D",.,"A",.,"A",.,"A",.,"A",.,"A",.,"A"
"20101",2185893,33,0,"1",.,"A",.,"A",.,"A",.,"A",.,"A",.,"A",.,"A",.,"A",.,"A",.,"A",.,"A",.,"A",120,"D",.,"A",.,"A"
"20101",2185923,37,0,"1",.,"A",.,"A",.,"A",.,"A",.,"A",.,"A",.,"A",.,"A",.,"A",.,"A",.,"A",.,"A",60,"D",.,"A",.,"A"
"20101",2185933,39,0,"1",0,"F",.,"A",.,"A",.,"A",260,"F",.,"A",.,"A",.,"A",.,"A",0,"D",45,"D",0,"D",.,"A",0,"D",.,"A"
"20101",2185953,84,0,"1",.,"A",12,"D",15,"D",.,"A",.,"A",168,"D",.,"A",.,"A",30,"D",.,"A",.,"A",.,"A",250,"D",.,"A",.,"A"
"20101",2185973,41,0,"1",.,"A",.,"A",.,"A",.,"A",.,"A",.,"A",.,"A",.,"A",.,"A",.,"A",.,"A",.,"A",.,"A",.,"A",.,"A"
"20101",2185993,35,0,"1",.,"A",.,"A",.,"A",.,"A",.,"A",.,"A",.,"A",.,"A",.,"A",.,"A",.,"A",.,"A",.,"A",.,"A",.,"A"
"20101",2186003,68,0,"1",.,"A",.,"A",.,"A",.,"A",.,"A",.,"A",.,"A",.,"A",.,"A",.,"A",.,"A",.,"A",120,"D",.,"A",.,"A"
"20101",2186013,36,0,"1",.,"A",.,"A",.,"A",.,"A",.,"A",.,"A",585,"D",.,"A",.,"A",.,"A",.,"A",.,"A",.,"A",.,"A",.,"A"
"20101",2186043,65,0,"1",.,"A",.,"A",.,"A",.,"A",.,"A",.,"A",.,"A",.,"A",.,"A",.,"A",.,"A",.,"A",50,"D",.,"A",.,"A"
"20101",2186083,62,0,"1",.,"A",.,"A",.,"A",.,"A",.,"A",.,"A",.,"A",.,"A",.,"A",.,"A",.,"A",.,"A",420,"D",.,"A",.,"A"
"20101",2186093,39,0,"1",.,"A",.,"A",.,"A",.,"A",90,"D",24,"D",13,"D",143,"D",.,"A",.,"A",.,"A",.,"A",60,"D",.,"A",.,"A"
"20101",2186103,34,0,"1",.,"A",.,"A",.,"A",.,"A",.,"A",.,"A",.,"A",.,"A",.,"A",.,"A",.,"A",.,"A",.,"A",.,"A",.,"A"
"20101",2186123,58,0,"1",.,"A",.,"A",.,"A",.,"A",.,"A",.,"A",.,"A",.,"A",.,"A",.,"A",.,"A",.,"A",42,"D",.,"A",.,"A"
"20101",2186133,58,0,"1",.,"A",.,"A",.,"A",.,"A",.,"A",40,"D",104,"D",.,"A",6,"D",.,"A",.,"A",.,"A",50,"D",.,"A",.,"A"
"20101",2186143,37,0,"1",.,"A",.,"A",.,"A",.,"A",.,"A",9,"D",.,"A",.,"A",.,"A",.,"A",.,"A",.,"A",.,"A",.,"A",.,"A"
"20101",2186153,79,0,"1",.,"A",.,"A",.,"A",.,"A",.,"A",60,"D",.,"A",65,"D",.,"A",.,"A",.,"A",.,"A",85,"D",.,"A",.,"A"
"20101",2186163,48,0,"1",.,"A",.,"A",.,"A",.,"A",.,"A",.,"A",.,"A",260,"D",.,"A",.,"A",.,"A",.,"A",150,"D",.,"A",.,"A"
"20101",2186173,38,0,"1",.,"A",.,"A",.,"A",.,"A",.,"A",40,"D",325,"D",.,"A",.,"A",.,"A",.,"A",.,"A",150,"D",.,"A",.,"A"
"20101",2186203,68,0,"1",.,"A",.,"A",.,"A",.,"A",.,"A",.,"A",.,"A",.,"A",.,"A",.,"A",.,"A",.,"A",80,"D",.,"A",.,"A"
"20101",2186213,30,0,"1",.,"A",.,"A",.,"A",.,"A",.,"A",.,"A",.,"A",.,"A",.,"A",.,"A",.,"A",.,"A",.,"A",.,"A",.,"A"
"20101",2186223,60,0,"1",.,"A",.,"A",.,"A",.,"A",.,"A",.,"A",.,"A",.,"A",.,"A",.,"A",.,"A",.,"A",.,"A",.,"A",.,"A"
"20101",2186233,89,0,"1",.,"A",.,"A",.,"A",.,"A",.,"A",.,"A",104,"D",.,"A",.,"A",.,"A",.,"A",.,"A",195,"D",.,"A",.,"A"
"20101",2186253,53,0,"1",.,"A",.,"A",.,"A",.,"A",.,"A",.,"A",.,"A",.,"A",.,"A",.,"A",.,"A",.,"A",300,"D",.,"A",.,"A"
"20101",2186263,34,0,"1",.,"A",.,"A",.,"A",.,"A",.,"A",.,"A",.,"A",.,"A",.,"A",.,"A",.,"A",.,"A",.,"A",.,"A",.,"A"
"20101",2186273,55,0,"1",.,"A",.,"A",.,"A",.,"A",.,"A",.,"A",.,"A",.,"A",.,"A",.,"A",.,"A",.,"A",.,"A",.,"A",.,"A"
"20101",2186283,44,0,"1",.,"A",.,"A",.,"A",.,"A",.,"A",.,"A",.,"A",.,"A",.,"A",.,"A",.,"A",.,"A",.,"A",.,"A",.,"A"
"20101",2186293,40,0,"1",.,"A",.,"A",.,"A",.,"A",.,"A",.,"A",234,"D",.,"A",.,"A",.,"A",.,"A",.,"A",190,"D",.,"A",.,"A"
"20101",2186303,28,0,"1",.,"A",.,"A",.,"A",.,"A",.,"A",.,"A",.,"A",.,"A",.,"A",.,"A",.,"A",.,"A",.,"A",.,"A",.,"A"
"20101",2186313,27,0,"1",.,"A",.,"A",.,"A",.,"A",.,"A",.,"A",.,"A",.,"A",.,"A",.,"A",.,"A",.,"A",.,"A",.,"A",.,"A"
"20101",2186343,38,0,"1",.,"A",.,"A",.,"A",.,"A",.,"A",.,"A",.,"A",.,"A",.,"A",.,"A",.,"A",.,"A",.,"A",.,"A",.,"A"
"20101",2186353,60,0,"1",.,"A",.,"A",.,"A",.,"A",.,"A",.,"A",.,"A",.,"A",.,"A",.,"A",.,"A",.,"A",20,"D",.,"A",.,"A"
"20101",2186363,50,0,"1",.,"A",.,"A",.,"A",.,"A",.,"A",.,"A",.,"A",.,"A",.,"A",.,"A",.,"A",.,"A",.,"A",.,"A",.,"A"
"20101",2186373,89,0,"1",.,"A",.,"A",.,"A",.,"A",.,"A",20,"D",.,"A",.,"A",30,"D",.,"A",.,"A",.,"A",270,"D",.,"A",.,"A"
"20101",2186383,30,0,"1",.,"A",.,"A",.,"A",.,"A",.,"A",.,"A",.,"A",.,"A",.,"A",.,"A",.,"A",.,"A",.,"A",.,"A",.,"A"
"20101",2186423,109,0,"1",.,"A",.,"A",.,"A",.,"A",.,"A",300,"D",1300,"D",.,"A",60,"D",.,"A",.,"A",.,"A",200,"D",.,"A",.,"A"
"20101",2186433,51,0,"1",.,"A",.,"A",.,"A",.,"A",.,"A",19,"D",.,"A",.,"A",.,"A",.,"A",.,"A",.,"A",225,"D",.,"A",.,"A"
"20101",2186443,37,0,"1",.,"A",.,"A",.,"A",.,"A",.,"A",.,"A",.,"A",.,"A",.,"A",.,"A",.,"A",.,"A",.,"A",.,"A",.,"A"
"20101",2186453,58,0,"1",.,"A",.,"A",.,"A",.,"A",.,"A",.,"A",.,"A",.,"A",.,"A",.,"A",.,"A",.,"A",78,"D",.,"A",.,"A"
"20101",2186483,62,0,"1",.,"A",.,"A",.,"A",.,"A",.,"A",.,"A",.,"A",.,"A",.,"A",.,"A",.,"A",.,"A",210,"D",.,"A",.,"A"
"20101",2186493,46,0,"1",.,"A",.,"A",.,"A",.,"A",.,"A",.,"A",.,"A",.,"A",6,"D",396,"D",0,"D",99,"D",212,"D",132,"D",.,"A"
"20101",2186503,46,0,"1",.,"A",.,"A",.,"A",.,"A",.,"A",.,"A",.,"A",.,"A",.,"A",.,"A",.,"A",.,"A",.,"A",.,"A",.,"A"
"20101",2186513,39,0,"1",.,"A",.,"A",.,"A",.,"A",34,"D",.,"A",.,"A",.,"A",.,"A",.,"A",.,"A",.,"A",602,"D",.,"A",.,"A"
"20101",2186573,47,0,"1",.,"A",.,"A",.,"A",.,"A",.,"A",.,"A",.,"A",.,"A",.,"A",.,"A",.,"A",.,"A",.,"A",.,"A",.,"A"
"20101",2186583,59,0,"1",.,"A",.,"A",.,"A",.,"A",.,"A",.,"A",.,"A",390,"D",.,"A",.,"A",.,"A",.,"A",150,"D",.,"A",.,"A"
"20101",2186613,59,0,"1",.,"A",.,"A",.,"A",.,"A",.,"A",.,"A",.,"A",.,"A",.,"A",.,"A",.,"A",.,"A",20,"D",.,"A",.,"A"
"20101",2186633,61,0,"1",.,"A",.,"A",.,"A",.,"A",.,"A",.,"A",.,"A",.,"A",.,"A",.,"A",.,"A",.,"A",.,"A",.,"A",.,"A"
"20101",2186643,35,0,"1",.,"A",.,"A",.,"A",.,"A",60,"D",.,"A",.,"A",.,"A",.,"A",.,"A",.,"A",.,"A",.,"A",.,"A",.,"A"
"20101",2186653,54,0,"1",.,"A",.,"A",.,"A",.,"A",.,"A",.,"A",.,"A",.,"A",.,"A",.,"A",.,"A",.,"A",.,"A",.,"A",.,"A"
"20101",2186673,66,0,"1",.,"A",.,"A",.,"A",.,"A",.,"A",.,"A",.,"A",.,"A",.,"A",.,"A",.,"A",.,"A",160,"D",.,"A",.,"A"
"20101",2186683,78,0,"1",.,"A",.,"A",.,"A",.,"A",.,"A",.,"A",.,"A",195,"D",.,"A",0,"D",0,"D",60,"D",200,"D",0,"D",.,"A"
"20101",2186693,51,0,"1",.,"A",.,"A",.,"A",.,"A",.,"A",.,"A",.,"A",.,"A",60,"D",.,"A",.,"A",.,"A",120,"D",.,"A",.,"A"
"20101",2186713,62,0,"1",.,"A",.,"A",15,"D",.,"A",.,"A",.,"A",.,"A",.,"A",.,"A",.,"A",.,"A",.,"A",25,"D",.,"A",.,"A"
"20101",2186733,66,0,"1",.,"A",.,"A",.,"A",.,"A",.,"A",200,"D",.,"A",.,"A",.,"A",.,"A",.,"A",.,"A",400,"D",.,"A",.,"A"
"20101",2186793,38,0,"1",.,"A",.,"A",.,"A",.,"A",.,"A",.,"A",325,"D",.,"A",.,"A",.,"A",.,"A",.,"A",.,"A",.,"A",.,"A"
"20101",2186813,44,0,"1",.,"A",.,"A",.,"A",.,"A",.,"A",.,"A",.,"A",.,"A",.,"A",.,"A",.,"A",.,"A",200,"D",.,"A",.,"A"
"20101",2186823,40,0,"1",.,"A",.,"A",.,"A",.,"A",.,"A",80,"D",.,"A",.,"A",.,"A",.,"A",.,"A",.,"A",130,"D",.,"A",.,"A"
"20101",2186853,47,0,"1",.,"A",.,"A",.,"A",.,"A",.,"A",.,"A",.,"A",.,"A",36,"D",.,"A",.,"A",.,"A",60,"D",.,"A",.,"A"
"20101",2186873,74,0,"1",.,"A",.,"A",.,"A",.,"A",.,"A",13,"D",.,"A",.,"A",.,"A",.,"A",.,"A",.,"A",50,"D",.,"A",.,"A"
"20101",2186903,41,0,"1",.,"A",.,"A",.,"A",.,"A",.,"A",.,"A",.,"A",.,"A",.,"A",.,"A",.,"A",.,"A",60,"D",.,"A",.,"A"
"20101",2186923,49,0,"1",.,"A",.,"A",.,"A",.,"A",.,"A",.,"A",247,"D",.,"A",36,"D",.,"A",.,"A",.,"A",.,"A",.,"A",.,"A"
"20101",2186943,87,0,"1",.,"A",.,"A",.,"A",.,"A",.,"A",24,"D",.,"A",.,"A",.,"A",.,"A",.,"A",.,"A",.,"A",.,"A",.,"A"
"20101",2186953,35,0,"1",.,"A",.,"A",.,"A",.,"A",.,"A",.,"A",.,"A",.,"A",75,"D",.,"A",.,"A",.,"A",20,"D",.,"A",.,"A"
"20101",2186963,27,0,"1",.,"A",.,"A",.,"A",.,"A",.,"A",.,"A",.,"A",.,"A",.,"A",.,"A",.,"A",.,"A",.,"A",.,"A",.,"A"
"20101",2186973,42,0,"1",0,"F",.,"A",.,"A",.,"A",2,"F",50,"D",.,"A",65,"D",150,"D",.,"A",.,"A",.,"A",260,"D",.,"A",.,"A"
"20101",2186993,69,0,"1",.,"A",.,"A",40,"D",.,"A",.,"A",.,"A",.,"A",.,"A",.,"A",.,"A",.,"A",.,"A",210,"D",.,"A",.,"A"
"20101",2187003,49,0,"1",.,"A",.,"A",.,"A",.,"A",.,"A",.,"A",.,"A",.,"A",.,"A",.,"A",.,"A",.,"A",25,"D",.,"A",.,"A"
"20101",2187013,58,0,"1",.,"A",.,"A",.,"A",.,"A",.,"A",.,"A",.,"A",.,"A",.,"A",.,"A",.,"A",.,"A",180,"D",.,"A",.,"A"
"20101",2187023,37,0,"1",.,"A",.,"A",.,"A",.,"A",.,"A",.,"A",260,"D",.,"A",.,"A",.,"A",.,"A",.,"A",.,"A",.,"A",.,"A"
"20101",2187043,59,0,"1",.,"A",.,"A",.,"A",.,"A",.,"A",.,"A",.,"A",.,"A",900,"D",.,"A",.,"A",.,"A",120,"D",.,"A",.,"A"
"20101",2187063,47,0,"1",.,"A",.,"A",.,"A",.,"A",.,"A",.,"A",.,"A",.,"A",.,"A",.,"A",.,"A",.,"A",75,"D",.,"A",.,"A"
"20101",2187073,51,0,"1",.,"A",.,"A",.,"A",.,"A",.,"A",.,"A",.,"A",.,"A",.,"A",.,"A",.,"A",.,"A",.,"A",.,"A",.,"A"
"20101",2187083,44,0,"1",.,"A",.,"A",.,"A",.,"A",.,"A",.,"A",.,"A",.,"A",.,"A",.,"A",.,"A",.,"A",.,"A",.,"A",.,"A"
"20101",2187093,25,0,"1",1,"D",.,"A",.,"A",.,"A",17,"D",.,"A",.,"A",.,"A",.,"A",0,"D",0,"D",180,"D",35,"D",0,"D",.,"A"
"20101",2187113,60,0,"1",.,"A",.,"A",.,"A",.,"A",.,"A",75,"D",.,"A",.,"A",.,"A",.,"A",.,"A",.,"A",170,"D",.,"A",.,"A"
"20101",2187123,47,0,"1",.,"A",.,"A",.,"A",.,"A",.,"A",.,"A",.,"A",.,"A",.,"A",.,"A",.,"A",.,"A",40,"D",.,"A",.,"A"
"20101",2187143,65,0,"1",.,"A",.,"A",.,"A",.,"A",.,"A",.,"A",.,"A",.,"A",.,"A",.,"A",.,"A",.,"A",20,"D",.,"A",.,"A"
"20101",2187153,46,0,"1",.,"A",.,"A",.,"A",.,"A",.,"A",.,"A",.,"A",.,"A",.,"A",.,"A",.,"A",.,"A",124,"D",.,"A",.,"A"
"20101",2187163,59,0,"1",.,"A",.,"A",.,"A",.,"A",.,"A",.,"A",.,"A",.,"A",.,"A",.,"A",.,"A",.,"A",.,"A",.,"A",.,"A"
"20101",2187193,48,0,"1",.,"A",.,"A",.,"A",.,"A",.,"A",.,"A",.,"A",.,"A",.,"A",.,"A",.,"A",.,"A",40,"D",.,"A",.,"A"
"20101",2187203,41,0,"1",.,"A",.,"A",.,"A",.,"A",.,"A",.,"A",.,"A",195,"D",30,"D",.,"A",.,"A",.,"A",20,"D",.,"A",.,"A"
"20101",2187213,77,0,"1",.,"A",.,"A",.,"A",.,"A",.,"A",75,"D",910,"D",.,"A",.,"A",.,"A",.,"A",.,"A",150,"D",.,"A",.,"A"
"20101",2187243,28,0,"1",.,"A",.,"A",.,"A",.,"A",.,"A",.,"A",.,"A",.,"A",.,"A",.,"A",.,"A",.,"A",.,"A",.,"A",.,"A"
"20101",2187253,51,0,"1",.,"A",.,"A",.,"A",60,"D",120,"D",.,"A",.,"A",.,"A",.,"A",648,"D",0,"D",0,"D",260,"D",216,"D",.,"A"
"20101",2187263,39,0,"1",.,"A",.,"A",.,"A",.,"A",20,"D",.,"A",.,"A",.,"A",.,"A",.,"A",.,"A",.,"A",40,"D",.,"A",.,"A"
"20101",2187273,40,0,"1",65,"D",.,"A",.,"A",.,"A",65,"D",.,"A",.,"A",.,"A",.,"A",.,"A",.,"A",.,"A",.,"A",.,"A",.,"A"
"20101",2187283,76,0,"1",.,"A",.,"A",.,"A",.,"A",.,"A",.,"A",975,"D",130,"D",15,"D",.,"A",.,"A",.,"A",200,"D",.,"A",.,"A"
"20101",2187293,55,0,"1",.,"A",.,"A",.,"A",.,"A",.,"A",.,"A",.,"A",.,"A",390,"D",360,"D",0,"D",0,"D",20,"D",120,"D",300,"D"
"20101",2187313,55,0,"1",.,"A",.,"A",.,"A",.,"A",.,"A",.,"A",.,"A",.,"A",.,"A",.,"A",.,"A",.,"A",.,"A",.,"A",.,"A"
"20101",2187323,64,0,"1",.,"A",.,"A",.,"A",.,"A",.,"A",.,"A",.,"A",.,"A",3,"D",.,"A",.,"A",.,"A",182,"D",.,"A",.,"A"
"20101",2187333,34,0,"1",.,"A",.,"A",.,"A",.,"A",.,"A",.,"A",.,"A",.,"A",.,"A",.,"A",.,"A",.,"A",.,"A",.,"A",.,"A"
"20101",2187343,57,0,"1",.,"A",.,"A",45,"D",.,"A",.,"A",.,"A",.,"A",.,"A",.,"A",.,"A",.,"A",.,"A",95,"D",.,"A",.,"A"
"20101",2187353,65,0,"1",.,"A",.,"A",.,"A",.,"A",.,"A",.,"A",.,"A",.,"A",.,"A",.,"A",.,"A",.,"A",130,"D",.,"A",.,"A"
"20101",2187363,79,0,"1",.,"A",.,"A",.,"A",.,"A",.,"A",.,"A",.,"A",.,"A",.,"A",.,"A",.,"A",.,"A",165,"D",.,"A",.,"A"
"20101",2187373,65,0,"1",.,"A",.,"A",.,"A",.,"A",.,"A",200,"D",.,"A",.,"A",.,"A",.,"A",.,"A",.,"A",15,"D",.,"A",.,"A"
"20101",2187384,33,0,"1",.,"A",.,"A",.,"A",.,"A",.,"A",.,"A",.,"A",.,"A",.,"A",.,"A",.,"A",.,"A",68,"D",.,"A",.,"A"
"20101",2187393,39,0,"1",.,"A",.,"A",.,"A",.,"A",.,"A",.,"A",.,"A",.,"A",.,"A",.,"A",.,"A",.,"A",5,"D",.,"A",.,"A"
"20101",2187413,33,0,"1",.,"A",.,"A",.,"A",.,"A",.,"A",.,"A",.,"A",.,"A",.,"A",.,"A",.,"A",.,"A",15,"D",.,"A",.,"A"
"20101",2187433,50,0,"1",.,"A",.,"A",.,"A",.,"A",.,"A",30,"D",.,"A",.,"A",.,"A",.,"A",.,"A",.,"A",300,"D",.,"A",.,"A"
"20101",2187453,54,0,"1",.,"A",.,"A",.,"A",.,"A",25,"D",.,"A",.,"A",.,"A",.,"A",.,"A",.,"A",.,"A",80,"D",.,"A",.,"A"
"20101",2187473,73,0,"1",.,"A",.,"A",110,"D",.,"A",.,"A",240,"D",.,"A",.,"A",.,"A",.,"A",.,"A",.,"A",400,"D",.,"A",.,"A"
"20101",2187494,27,0,"1",.,"A",.,"A",.,"A",.,"A",.,"A",.,"A",39,"D",.,"A",.,"A",.,"A",.,"A",.,"A",10,"D",.,"A",.,"A"
"20101",2187503,30,0,"1",.,"A",.,"A",.,"A",.,"A",.,"A",.,"A",.,"A",.,"A",.,"A",.,"A",.,"A",.,"A",100,"D",.,"A",.,"A"
"20101",2187513,53,0,"1",.,"A",.,"A",.,"A",.,"A",.,"A",.,"A",390,"D",.,"A",.,"A",.,"A",.,"A",.,"A",.,"A",.,"A",.,"A"
"20101",2187523,41,0,"1",.,"A",.,"A",.,"A",.,"A",.,"A",.,"A",.,"A",.,"A",.,"A",.,"A",.,"A",.,"A",42,"D",.,"A",.,"A"
"20101",2187533,122,0,"1",.,"A",.,"A",.,"A",.,"A",.,"A",.,"A",.,"A",.,"A",.,"A",.,"A",.,"A",.,"A",250,"D",.,"A",.,"A"
"20101",2187563,46,0,"1",.,"A",.,"A",.,"A",.,"A",.,"A",.,"A",.,"A",.,"A",.,"A",.,"A",.,"A",.,"A",40,"D",.,"A",.,"A"
"20101",2187583,60,0,"1",.,"A",.,"A",.,"A",.,"A",.,"A",.,"A",.,"A",.,"A",.,"A",.,"A",.,"A",.,"A",150,"D",.,"A",.,"A"
"20101",2187603,90,0,"1",.,"A",.,"A",.,"A",.,"A",.,"A",.,"A",156,"D",.,"A",.,"A",.,"A",.,"A",.,"A",104,"D",.,"A",.,"A"
"20101",2187613,62,0,"1",.,"A",.,"A",.,"A",.,"A",.,"A",.,"A",.,"A",.,"A",.,"A",.,"A",.,"A",.,"A",.,"A",.,"A",.,"A"
"20101",2187623,32,0,"1",.,"A",.,"A",.,"A",.,"A",.,"A",.,"A",.,"A",.,"A",.,"A",.,"A",.,"A",.,"A",.,"A",.,"A",.,"A"
"20101",2187633,33,0,"1",.,"A",.,"A",.,"A",50,"D",.,"A",.,"A",39,"D",.,"A",.,"A",.,"A",.,"A",.,"A",50,"D",.,"A",.,"A"
"20101",2187643,56,0,"1",.,"A",.,"A",.,"A",.,"A",.,"A",.,"A",.,"A",.,"A",.,"A",.,"A",.,"A",.,"A",135,"D",.,"A",.,"A"
"20101",2187673,34,0,"1",.,"A",.,"A",.,"A",.,"A",10,"D",.,"A",.,"A",.,"A",.,"A",.,"A",.,"A",.,"A",10,"D",.,"A",.,"A"
"20101",2187683,31,0,"1",20,"D",.,"A",.,"A",25,"D",50,"D",.,"A",.,"A",.,"A",.,"A",750,"D",0,"D",75,"D",90,"D",250,"D",.,"A"
"20101",2187713,24,0,"1",.,"A",.,"A",.,"A",.,"A",.,"A",.,"A",.,"A",.,"A",.,"A",.,"A",.,"A",.,"A",.,"A",.,"A",.,"A"
"20101",2187723,56,0,"1",.,"A",.,"A",.,"A",.,"A",.,"A",.,"A",.,"A",.,"A",.,"A",.,"A",.,"A",.,"A",.,"A",.,"A",.,"A"
"20101",2187733,33,0,"1",.,"A",.,"A",.,"A",.,"A",.,"A",.,"A",.,"A",.,"A",.,"A",.,"A",.,"A",.,"A",.,"A",.,"A",.,"A"
"20101",2187743,75,0,"1",.,"A",.,"A",.,"A",.,"A",.,"A",.,"A",.,"A",.,"A",.,"A",.,"A",.,"A",.,"A",350,"D",.,"A",.,"A"
"20101",2187753,57,0,"1",.,"A",.,"A",.,"A",.,"A",.,"A",.,"A",.,"A",.,"A",.,"A",.,"A",.,"A",.,"A",20,"D",.,"A",.,"A"
"20101",2187783,43,0,"1",.,"A",.,"A",.,"A",.,"A",.,"A",.,"A",.,"A",.,"A",.,"A",.,"A",.,"A",.,"A",10,"D",.,"A",.,"A"
"20101",2187794,29,0,"1",.,"A",.,"A",.,"A",.,"A",.,"A",.,"A",.,"A",.,"A",.,"A",.,"A",.,"A",.,"A",.,"A",.,"A",.,"A"
"20101",2187803,28,0,"1",.,"A",.,"A",.,"A",1,"D",.,"A",.,"A",390,"D",.,"A",.,"A",.,"A",.,"A",.,"A",.,"A",.,"A",.,"A"
"20101",2187813,26,0,"1",.,"A",.,"A",.,"A",50,"D",15,"D",.,"A",.,"A",.,"A",.,"A",150,"D",0,"D",0,"D",.,"A",50,"D",.,"A"
"20101",2187823,33,0,"1",20,"D",.,"A",.,"A",.,"A",100,"D",.,"A",.,"A",.,"A",.,"A",.,"A",.,"A",.,"A",.,"A",.,"A",.,"A"
"20101",2187843,44,0,"1",.,"A",.,"A",.,"A",.,"A",.,"A",.,"A",.,"A",.,"A",.,"A",.,"A",.,"A",.,"A",100,"D",.,"A",.,"A"
"20101",2187863,47,0,"1",.,"A",.,"A",400,"D",.,"A",.,"A",60,"D",.,"A",.,"A",.,"A",.,"A",.,"A",.,"A",300,"D",.,"A",.,"A"
"20101",2187883,66,0,"1",.,"A",.,"A",.,"A",.,"A",.,"A",.,"A",.,"A",.,"A",.,"A",.,"A",.,"A",.,"A",156,"D",.,"A",.,"A"
"20101",2187903,71,0,"1",.,"A",.,"A",.,"A",.,"A",.,"A",.,"A",.,"A",.,"A",.,"A",.,"A",.,"A",.,"A",120,"F",.,"A",.,"A"
"20101",2187913,44,0,"1",.,"A",.,"A",.,"A",.,"A",.,"A",.,"A",.,"A",.,"A",.,"A",.,"A",.,"A",.,"A",.,"A",.,"A",.,"A"
"20101",2187933,71,0,"1",.,"A",.,"A",.,"A",.,"A",.,"A",90,"D",520,"D",.,"A",12,"D",.,"A",.,"A",.,"A",180,"D",.,"A",.,"A"
"20101",2187943,112,0,"1",.,"A",.,"A",.,"A",.,"A",.,"A",.,"A",.,"A",.,"A",.,"A",0,"D",0,"D",0,"D",81,"D",0,"D",.,"A"
"20101",2187953,75,0,"1",.,"A",.,"A",.,"A",.,"A",160,"D",.,"A",.,"A",.,"A",.,"A",.,"A",.,"A",.,"A",.,"A",.,"A",.,"A"
"20101",2187963,41,0,"1",.,"A",.,"A",.,"A",.,"A",.,"A",.,"A",.,"A",.,"A",.,"A",.,"A",.,"A",.,"A",50,"D",.,"A",.,"A"
"20101",2187973,61,0,"1",.,"A",.,"A",.,"A",.,"A",.,"A",.,"A",.,"A",.,"A",.,"A",.,"A",.,"A",.,"A",0,"D",.,"A",.,"A"
"20101",2187993,39,0,"1",.,"A",.,"A",.,"A",.,"A",.,"A",.,"A",.,"A",.,"A",.,"A",.,"A",.,"A",.,"A",22,"D",.,"A",.,"A"
"20101",2188003,76,0,"1",.,"A",.,"A",.,"A",.,"A",.,"A",.,"A",.,"A",.,"A",.,"A",.,"A",.,"A",.,"A",40,"D",.,"A",.,"A"
"20101",2188043,30,0,"1",.,"A",.,"A",.,"A",.,"A",.,"A",.,"A",.,"A",.,"A",.,"A",.,"A",.,"A",.,"A",.,"A",.,"A",.,"A"
"20101",2188053,49,0,"1",.,"A",.,"A",.,"A",.,"A",.,"A",.,"A",260,"D",.,"A",.,"A",.,"A",.,"A",.,"A",.,"A",.,"A",.,"A"
"20101",2188063,40,0,"1",.,"A",.,"A",.,"A",.,"A",.,"A",.,"A",.,"A",.,"A",.,"A",.,"A",.,"A",.,"A",.,"A",.,"A",.,"A"
"20101",2188073,59,0,"1",.,"A",.,"A",.,"A",.,"A",.,"A",.,"A",.,"A",.,"A",.,"A",.,"A",.,"A",.,"A",90,"D",.,"A",.,"A"
"20101",2188083,35,0,"1",.,"A",.,"A",.,"A",.,"A",.,"A",.,"A",.,"A",.,"A",.,"A",.,"A",.,"A",.,"A",.,"A",.,"A",.,"A"
"20101",2188103,101,0,"1",.,"A",.,"A",.,"A",.,"A",.,"A",.,"A",.,"A",65,"D",.,"A",.,"A",.,"A",.,"A",75,"D",.,"A",.,"A"
"20101",2188133,42,0,"1",.,"A",.,"A",.,"A",.,"A",.,"A",.,"A",.,"A",.,"A",.,"A",.,"A",.,"A",.,"A",.,"A",.,"A",.,"A"
"20101",2188143,22,0,"1",.,"A",.,"A",.,"A",.,"A",.,"A",.,"A",.,"A",.,"A",.,"A",.,"A",.,"A",.,"A",60,"D",.,"A",.,"A"
"20101",2188164,23,0,"1",.,"A",.,"A",.,"A",.,"A",.,"A",.,"A",.,"A",.,"A",60,"D",.,"A",.,"A",.,"A",.,"A",.,"A",.,"A"
"20101",2188173,24,0,"1",.,"A",.,"A",.,"A",.,"A",160,"D",.,"A",.,"A",.,"A",.,"A",.,"A",.,"A",.,"A",80,"D",.,"A",.,"A"
"20101",2188183,56,0,"1",.,"A",.,"A",.,"A",.,"A",.,"A",.,"A",546,"D",.,"A",.,"A",.,"A",.,"A",.,"A",350,"D",.,"A",.,"A"
"20101",2188203,51,0,"1",.,"A",.,"A",.,"A",.,"A",.,"A",.,"A",.,"A",.,"A",.,"A",.,"A",.,"A",.,"A",.,"A",.,"A",.,"A"
"20101",2188223,86,0,"1",.,"A",.,"A",.,"A",.,"A",.,"A",.,"A",260,"D",.,"A",.,"A",.,"A",.,"A",.,"A",.,"A",.,"A",.,"A"
"20101",2188233,77,0,"1",.,"A",.,"A",.,"A",.,"A",.,"A",10,"D",.,"A",.,"A",.,"A",.,"A",.,"A",.,"A",131,"D",.,"A",.,"A"
"20101",2188243,42,0,"1",.,"A",.,"A",.,"A",.,"A",.,"A",.,"A",.,"A",.,"A",.,"A",.,"A",.,"A",.,"A",60,"D",.,"A",.,"A"
"20101",2188263,26,0,"1",.,"A",.,"A",.,"A",.,"A",.,"A",.,"A",104,"D",.,"A",.,"A",.,"A",.,"A",.,"A",80,"D",.,"A",.,"A"
"20101",2188273,52,0,"1",.,"A",.,"A",.,"A",.,"A",.,"A",.,"A",.,"A",.,"A",.,"A",.,"A",.,"A",.,"A",150,"D",.,"A",.,"A"
"20101",2188293,25,0,"1",.,"A",.,"A",.,"A",.,"A",.,"A",.,"A",.,"A",.,"A",.,"A",.,"A",.,"A",.,"A",.,"A",.,"A",.,"A"
"20101",2188313,47,0,"1",.,"A",.,"A",.,"A",.,"A",.,"A",.,"A",260,"D",.,"A",.,"A",.,"A",.,"A",.,"A",.,"A",.,"A",.,"A"
"20101",2188343,60,0,"1",.,"A",.,"A",.,"A",.,"A",.,"A",.,"A",325,"D",.,"A",.,"A",.,"A",.,"A",.,"A",140,"D",.,"A",.,"A"
"20101",2188353,45,0,"1",.,"A",.,"A",.,"A",.,"A",20,"D",.,"A",.,"A",.,"A",.,"A",6,"D",0,"D",6,"D",.,"A",2,"D",.,"A"
"20101",2188363,44,0,"1",.,"A",.,"A",.,"A",.,"A",.,"A",.,"A",.,"A",.,"A",.,"A",.,"A",.,"A",.,"A",390,"D",.,"A",.,"A"
"20101",2188373,70,0,"1",.,"A",.,"A",.,"A",.,"A",.,"A",.,"A",.,"A",390,"D",.,"A",.,"A",.,"A",.,"A",168,"D",.,"A",.,"A"
"20101",2188383,30,0,"1",.,"A",.,"A",.,"A",.,"A",.,"A",.,"A",.,"A",.,"A",.,"A",.,"A",.,"A",.,"A",45,"D",.,"A",.,"A"
"20101",2188393,36,0,"1",.,"A",.,"A",.,"A",.,"A",.,"A",.,"A",.,"A",.,"A",.,"A",.,"A",.,"A",.,"A",.,"A",.,"A",.,"A"
"20101",2188403,49,0,"1",.,"A",.,"A",.,"A",.,"A",.,"A",.,"A",.,"A",.,"A",.,"A",.,"A",.,"A",.,"A",100,"D",.,"A",.,"A"
"20101",2188433,26,0,"1",.,"A",.,"A",.,"A",.,"A",.,"A",.,"A",.,"A",.,"A",.,"A",.,"A",.,"A",.,"A",.,"A",.,"A",.,"A"
"20101",2188443,60,0,"1",.,"A",.,"A",.,"A",.,"A",.,"A",.,"A",.,"A",.,"A",.,"A",.,"A",.,"A",.,"A",67,"D",.,"A",.,"A"
"20101",2188453,75,0,"1",.,"A",.,"A",.,"A",.,"A",.,"A",.,"A",325,"D",.,"A",.,"A",.,"A",.,"A",.,"A",400,"D",.,"A",.,"A"
"20101",2188463,59,0,"1",.,"A",.,"A",.,"A",.,"A",.,"A",.,"A",195,"D",.,"A",.,"A",.,"A",.,"A",.,"A",50,"D",.,"A",.,"A"
"20101",2188473,60,0,"1",.,"A",.,"A",.,"A",.,"A",.,"A",.,"A",.,"A",.,"A",.,"A",.,"A",.,"A",.,"A",40,"D",.,"A",.,"A"
"20101",2188483,37,0,"1",60,"D",.,"A",.,"A",.,"A",60,"D",.,"A",.,"A",.,"A",.,"A",.,"A",.,"A",.,"A",15,"D",.,"A",.,"A"
"20101",2188503,39,0,"1",.,"A",.,"A",.,"A",.,"A",.,"A",.,"A",390,"D",.,"A",.,"A",.,"A",.,"A",.,"A",7,"D",.,"A",.,"A"
"20101",2188513,53,0,"1",.,"A",.,"A",.,"A",.,"A",.,"A",.,"A",.,"A",.,"A",.,"A",.,"A",.,"A",.,"A",.,"A",.,"A",.,"A"
"20101",2188523,36,0,"1",.,"A",.,"A",.,"A",.,"A",.,"A",.,"A",.,"A",.,"A",.,"A",.,"A",.,"A",.,"A",.,"A",.,"A",.,"A"
"20101",2188543,70,0,"1",.,"A",.,"A",30,"D",.,"A",.,"A",.,"A",.,"A",.,"A",.,"A",.,"A",.,"A",.,"A",10,"D",.,"A",.,"A"
"20101",2188553,53,0,"1",.,"A",.,"A",.,"A",.,"A",.,"A",.,"A",.,"A",.,"A",.,"A",.,"A",.,"A",.,"A",100,"D",.,"A",.,"A"
"20101",2188563,55,0,"1",.,"A",.,"A",.,"A",.,"A",.,"A",120,"D",.,"A",.,"A",.,"A",0,"D",0,"D",30,"D",55,"D",0,"D",.,"A"
"20101",2188573,62,0,"1",.,"A",.,"A",.,"A",.,"A",.,"A",.,"A",.,"A",.,"A",.,"A",.,"A",.,"A",.,"A",.,"A",.,"A",.,"A"
"20101",2188583,50,0,"1",.,"A",.,"A",.,"A",.,"A",180,"D",.,"A",65,"D",.,"A",.,"A",.,"A",.,"A",.,"A",.,"A",.,"A",.,"A"
"20101",2188593,35,0,"1",.,"A",.,"A",.,"A",.,"A",.,"A",.,"A",.,"A",.,"A",.,"A",.,"A",.,"A",.,"A",15,"D",.,"A",.,"A"
"20101",2188603,38,0,"1",.,"A",.,"A",.,"A",80,"D",.,"A",.,"A",.,"A",.,"A",.,"A",.,"A",.,"A",.,"A",.,"A",.,"A",.,"A"
"20101",2188613,81,0,"1",.,"A",.,"A",.,"A",.,"A",.,"A",25,"D",.,"A",.,"A",.,"A",.,"A",.,"A",.,"A",200,"D",.,"A",.,"A"
"20101",2188623,45,0,"1",.,"A",.,"A",.,"A",.,"A",.,"A",.,"A",.,"A",.,"A",.,"A",0,"D",0,"D",27,"D",29,"D",0,"D",.,"A"
"20101",2188633,63,0,"1",.,"A",.,"A",.,"A",.,"A",.,"A",.,"A",.,"A",.,"A",.,"A",.,"A",.,"A",.,"A",225,"D",.,"A",.,"A"
"20101",2188653,53,0,"1",120,"D",.,"A",.,"A",.,"A",120,"D",.,"A",.,"A",.,"A",.,"A",.,"A",.,"A",.,"A",.,"A",.,"A",.,"A"
"20101",2188663,55,0,"1",.,"A",.,"A",.,"A",.,"A",.,"A",.,"A",.,"A",.,"A",.,"A",.,"A",.,"A",.,"A",.,"A",.,"A",.,"A"
"20101",2188693,62,0,"1",.,"A",.,"A",.,"A",.,"A",.,"A",.,"A",.,"A",.,"A",60,"D",.,"A",.,"A",.,"A",100,"D",.,"A",.,"A"
"20101",2188703,75,0,"1",.,"A",.,"A",.,"A",.,"A",.,"A",150,"D",.,"A",.,"A",.,"A",0,"D",0,"D",150,"D",180,"D",0,"D",.,"A"
"20101",2188715,33,0,"1",.,"A",.,"A",.,"A",.,"A",.,"A",.,"A",494,"D",.,"A",.,"A",.,"A",.,"A",.,"A",.,"A",.,"A",.,"A"
"20101",2188723,48,0,"1",.,"A",.,"A",.,"A",.,"A",.,"A",.,"A",.,"A",.,"A",.,"A",.,"A",.,"A",.,"A",100,"D",.,"A",.,"A"
"20101",2188733,39,0,"1",.,"A",.,"A",.,"A",.,"A",.,"A",.,"A",.,"A",.,"A",.,"A",.,"A",.,"A",.,"A",.,"A",.,"A",.,"A"
"20101",2188753,43,0,"1",.,"A",.,"A",.,"A",.,"A",.,"A",.,"A",.,"A",.,"A",.,"A",.,"A",.,"A",.,"A",.,"A",.,"A",.,"A"
"20101",2188763,55,0,"1",.,"A",.,"A",.,"A",.,"A",.,"A",.,"A",728,"D",.,"A",.,"A",.,"A",.,"A",.,"A",60,"D",.,"A",.,"A"
"20101",2188773,26,0,"1",.,"A",.,"A",.,"A",.,"A",.,"A",.,"A",260,"D",.,"A",.,"A",.,"A",.,"A",.,"A",.,"A",.,"A",.,"A"
"20101",2188783,130,0,"1",.,"A",.,"A",.,"A",.,"A",120,"D",160,"D",156,"D",.,"A",27,"D",.,"A",.,"A",.,"A",140,"D",.,"A",.,"A"
"20101",2188793,69,0,"1",.,"A",.,"A",.,"A",.,"A",.,"A",.,"A",.,"A",195,"D",.,"A",.,"A",.,"A",.,"A",55,"D",.,"A",.,"A"
"20101",2188823,44,0,"1",.,"A",.,"A",.,"A",.,"A",.,"A",.,"A",.,"A",.,"A",.,"A",.,"A",.,"A",.,"A",.,"A",.,"A",.,"A"
"20101",2188843,87,0,"1",.,"A",.,"A",.,"A",.,"A",.,"A",.,"A",.,"A",.,"A",.,"A",.,"A",.,"A",.,"A",210,"D",.,"A",.,"A"
"20101",2188853,50,0,"1",.,"A",.,"A",.,"A",.,"A",.,"A",.,"A",156,"D",.,"A",.,"A",.,"A",.,"A",.,"A",50,"D",.,"A",.,"A"
"20101",2188863,39,0,"1",.,"A",.,"A",.,"A",.,"A",.,"A",.,"A",.,"A",.,"A",.,"A",.,"A",.,"A",.,"A",60,"D",.,"A",.,"A"
"20101",2188895,37,0,"1",.,"A",.,"A",.,"A",.,"A",.,"A",.,"A",.,"A",.,"A",.,"A",.,"A",.,"A",.,"A",.,"A",.,"A",.,"A"
"20101",2188913,36,0,"1",.,"A",.,"A",.,"A",.,"A",.,"A",.,"A",.,"A",.,"A",.,"A",.,"A",.,"A",.,"A",36,"D",.,"A",.,"A"
"20101",2188923,42,0,"1",.,"A",.,"A",.,"A",.,"A",.,"A",.,"A",.,"A",.,"A",.,"A",.,"A",.,"A",.,"A",.,"A",.,"A",.,"A"
"20101",2188933,97,0,"1",.,"A",.,"A",.,"A",.,"A",.,"A",.,"A",.,"A",.,"A",.,"A",.,"A",.,"A",.,"A",90,"D",.,"A",.,"A"
"20101",2188943,65,0,"1",.,"A",.,"A",.,"A",.,"A",.,"A",.,"A",.,"A",.,"A",.,"A",.,"A",.,"A",.,"A",40,"D",.,"A",.,"A"
"20101",2188973,43,0,"1",.,"A",.,"A",.,"A",.,"A",.,"A",.,"A",.,"A",.,"A",0,"D",.,"A",.,"A",.,"A",35,"D",.,"A",.,"A"
"20101",2188993,69,0,"1",.,"A",.,"A",.,"A",.,"A",.,"A",.,"A",104,"D",.,"A",.,"A",.,"A",.,"A",.,"A",.,"A",.,"A",.,"A"
"20101",2189013,62,0,"1",.,"A",.,"A",.,"A",.,"A",.,"A",.,"A",.,"A",.,"A",.,"A",.,"A",.,"A",.,"A",75,"D",.,"A",.,"A"
"20101",2189023,45,0,"1",.,"A",.,"A",.,"A",90,"D",.,"A",.,"A",299,"D",.,"A",.,"A",.,"A",.,"A",.,"A",10,"D",.,"A",.,"A"
"20101",2189033,67,0,"1",.,"A",.,"A",.,"A",.,"A",.,"A",.,"A",910,"D",.,"A",.,"A",.,"A",.,"A",.,"A",.,"A",.,"A",.,"A"
"20101",2189053,82,0,"1",.,"A",.,"A",.,"A",.,"A",.,"A",204,"D",.,"A",.,"A",150,"D",.,"A",.,"A",.,"A",85,"D",.,"A",.,"A"
"20101",2189083,33,0,"1",.,"A",.,"A",.,"A",.,"A",45,"D",.,"A",.,"A",.,"A",.,"A",.,"A",.,"A",.,"A",.,"A",.,"A",.,"A"
"20101",2189113,49,0,"1",.,"A",.,"A",.,"A",.,"A",.,"A",40,"D",.,"A",.,"A",30,"D",.,"A",.,"A",.,"A",115,"D",.,"A",.,"A"
"20101",2189123,32,0,"1",.,"A",.,"A",.,"A",.,"A",.,"A",.,"A",.,"A",.,"A",.,"A",.,"A",.,"A",.,"A",.,"A",.,"A",.,"A"
"20101",2189133,53,0,"1",.,"A",.,"A",.,"A",.,"A",.,"A",.,"A",.,"A",.,"A",.,"A",.,"A",.,"A",.,"A",.,"A",.,"A",.,"A"
"20101",2189163,90,0,"1",.,"A",.,"A",.,"A",.,"A",.,"A",87,"D",.,"A",.,"A",.,"A",.,"A",.,"A",.,"A",233,"D",.,"A",.,"A"
"20101",2189233,53,0,"1",.,"A",.,"A",.,"A",.,"A",.,"A",.,"A",.,"A",.,"A",.,"A",.,"A",.,"A",.,"A",140,"D",.,"A",.,"A"
"20101",2189273,27,0,"1",.,"A",.,"A",.,"A",200,"D",.,"A",.,"A",.,"A",.,"A",.,"A",300,"D",0,"D",240,"D",30,"D",100,"D",.,"A"
"20101",2189283,34,0,"1",0,"F",.,"A",.,"A",.,"A",45,"F",.,"A",.,"A",.,"A",.,"A",0,"D",0,"D",48,"D",.,"A",0,"D",.,"A"
"20101",2189304,39,0,"1",.,"A",.,"A",.,"A",.,"A",.,"A",.,"A",.,"A",.,"A",15,"D",.,"A",.,"A",.,"A",80,"D",.,"A",.,"A"
"20101",2189313,58,0,"1",.,"A",.,"A",.,"A",.,"A",.,"A",.,"A",.,"A",195,"D",.,"A",.,"A",.,"A",.,"A",20,"D",.,"A",.,"A"
"20101",2189323,47,0,"1",.,"A",.,"A",.,"A",.,"A",.,"A",.,"A",.,"A",.,"A",.,"A",.,"A",.,"A",.,"A",150,"D",.,"A",.,"A"
"20101",2189333,41,0,"1",.,"A",.,"A",.,"A",.,"A",.,"A",.,"A",.,"A",.,"A",36,"D",.,"A",.,"A",.,"A",.,"A",.,"A",.,"A"
"20101",2189343,58,0,"1",.,"A",.,"A",.,"A",.,"A",.,"A",.,"A",.,"A",.,"A",.,"A",.,"A",.,"A",.,"A",.,"A",.,"A",.,"A"
"20101",2189353,47,0,"1",.,"A",.,"A",.,"A",.,"A",.,"A",.,"A",.,"A",.,"A",.,"A",.,"A",.,"A",.,"A",80,"D",.,"A",.,"A"
"20101",2189383,42,0,"1",.,"A",.,"A",.,"A",.,"A",.,"A",.,"A",.,"A",.,"A",.,"A",.,"A",.,"A",.,"A",.,"A",.,"A",.,"A"
"20101",2189393,70,0,"1",.,"A",.,"A",75,"D",.,"A",.,"A",93,"D",.,"A",.,"A",.,"A",.,"A",.,"A",.,"A",182,"D",.,"A",.,"A"
"20101",2189403,41,0,"1",.,"A",.,"A",.,"A",20,"D",.,"A",.,"A",.,"A",.,"A",.,"A",.,"A",.,"A",.,"A",120,"D",.,"A",.,"A"
"20101",2189413,70,0,"1",.,"A",.,"A",.,"A",.,"A",.,"A",23,"D",.,"A",.,"A",.,"A",.,"A",.,"A",.,"A",71,"D",.,"A",.,"A"
"20101",2189423,46,0,"1",.,"A",.,"A",.,"A",.,"A",.,"A",.,"A",.,"A",.,"A",.,"A",.,"A",.,"A",.,"A",.,"A",.,"A",.,"A"
"20101",2189433,27,0,"1",.,"A",.,"A",.,"A",.,"A",.,"A",.,"A",.,"A",.,"A",.,"A",0,"D",0,"D",360,"D",.,"A",0,"D",.,"A"
"20101",2189443,29,0,"1",.,"A",.,"A",.,"A",.,"A",.,"A",.,"A",.,"A",.,"A",.,"A",.,"A",.,"A",.,"A",.,"A",.,"A",.,"A"
"20101",2189453,30,0,"1",.,"A",.,"A",.,"A",.,"A",.,"A",.,"A",910,"D",.,"A",.,"A",.,"A",.,"A",.,"A",45,"D",.,"A",.,"A"
"20101",2189463,114,0,"1",.,"A",.,"A",.,"A",.,"A",.,"A",.,"A",.,"A",.,"A",.,"A",.,"A",.,"A",.,"A",43,"D",.,"A",.,"A"
"20101",2189483,33,0,"1",.,"A",.,"A",.,"A",.,"A",360,"D",.,"A",312,"D",.,"A",.,"A",.,"A",.,"A",.,"A",.,"A",.,"A",.,"A"
"20101",2189493,32,0,"1",.,"A",.,"A",.,"A",.,"A",.,"A",.,"A",.,"A",.,"A",.,"A",.,"A",.,"A",.,"A",40,"D",.,"A",.,"A"
"20101",2189503,50,0,"1",.,"A",.,"A",.,"A",.,"A",.,"A",.,"A",.,"A",.,"A",.,"A",.,"A",.,"A",.,"A",.,"A",.,"A",.,"A"
"20101",2189513,97,0,"1",.,"A",.,"A",.,"A",.,"A",.,"A",20,"D",.,"A",.,"A",39,"D",189,"D",0,"D",0,"D",95,"D",63,"D",.,"A"
"20101",2189543,43,0,"1",.,"A",.,"A",.,"A",.,"A",.,"A",.,"A",.,"A",.,"A",.,"A",.,"A",.,"A",.,"A",24,"D",.,"A",.,"A"
"20101",2189583,28,0,"1",.,"A",.,"A",.,"A",.,"A",.,"A",36,"D",.,"A",.,"A",.,"A",240,"D",0,"D",0,"D",36,"D",80,"D",.,"A"
"20101",2189593,47,0,"1",.,"A",.,"A",.,"A",.,"A",.,"A",.,"A",.,"A",.,"A",.,"A",.,"A",.,"A",.,"A",60,"D",.,"A",.,"A"
"20101",2189603,42,0,"1",.,"A",.,"A",.,"A",.,"A",.,"A",.,"A",.,"A",.,"A",.,"A",.,"A",.,"A",.,"A",35,"D",.,"A",.,"A"
"20101",2189613,52,0,"1",.,"A",.,"A",.,"A",.,"A",.,"A",.,"A",.,"A",.,"A",.,"A",.,"A",.,"A",.,"A",30,"D",.,"A",.,"A"
"20101",2189633,61,0,"1",.,"A",.,"A",.,"A",.,"A",.,"A",.,"A",143,"D",.,"A",.,"A",.,"A",.,"A",.,"A",.,"A",.,"A",.,"A"
"20101",2189644,35,0,"1",.,"A",.,"A",.,"A",.,"A",.,"A",.,"A",.,"A",.,"A",.,"A",.,"A",.,"A",.,"A",.,"A",.,"A",.,"A"
"20101",2189663,32,0,"1",.,"A",.,"A",.,"A",.,"A",48,"D",.,"A",104,"D",.,"A",.,"A",.,"A",.,"A",.,"A",.,"A",.,"A",.,"A"
"20101",2189673,73,0,"1",63,"D",.,"A",.,"A",.,"A",63,"D",.,"A",455,"D",.,"A",.,"A",.,"A",.,"A",.,"A",249,"D",.,"A",.,"A"
"20101",2189683,60,0,"1",.,"A",.,"A",.,"A",.,"A",.,"A",.,"A",.,"A",.,"A",90,"D",.,"A",.,"A",.,"A",105,"D",.,"A",.,"A"
"20101",2189713,43,0,"1",.,"A",.,"A",.,"A",.,"A",.,"A",.,"A",.,"A",.,"A",.,"A",.,"A",.,"A",.,"A",60,"D",.,"A",.,"A"
"20101",2189733,47,0,"1",.,"A",.,"A",.,"A",.,"A",60,"D",30,"D",.,"A",.,"A",.,"A",.,"A",.,"A",.,"A",75,"D",.,"A",.,"A"
"20101",2189753,58,0,"1",.,"A",.,"A",.,"A",.,"A",.,"A",.,"A",65,"D",.,"A",.,"A",.,"A",.,"A",.,"A",90,"D",.,"A",.,"A"
"20101",2189763,60,0,"1",.,"A",.,"A",.,"A",.,"A",.,"A",.,"A",.,"A",.,"A",.,"A",.,"A",.,"A",.,"A",28,"D",.,"A",.,"A"
"20101",2189773,58,0,"1",.,"A",.,"A",.,"A",.,"A",.,"A",.,"A",.,"A",.,"A",.,"A",.,"A",.,"A",.,"A",120,"D",.,"A",.,"A"
"20101",2189783,78,0,"1",.,"A",.,"A",10,"F",.,"A",.,"A",28,"D",.,"A",.,"A",105,"F",.,"A",.,"A",.,"A",40,"D",.,"A",.,"A"
"20101",2189803,22,0,"1",.,"A",.,"A",.,"A",.,"A",.,"A",.,"A",.,"A",.,"A",.,"A",.,"A",.,"A",.,"A",.,"A",.,"A",.,"A"
"20101",2189823,74,0,"1",.,"A",.,"A",.,"A",.,"A",.,"A",45,"D",325,"D",.,"A",.,"A",240,"D",0,"D",240,"D",50,"D",80,"D",.,"A"
"20101",2189833,57,0,"1",.,"A",.,"A",.,"A",.,"A",.,"A",.,"A",.,"A",.,"A",.,"A",.,"A",.,"A",.,"A",60,"D",.,"A",.,"A"
"20101",2189843,69,0,"1",.,"A",.,"A",.,"A",.,"A",.,"A",.,"A",.,"A",.,"A",.,"A",.,"A",.,"A",.,"A",55,"D",.,"A",.,"A"
"20101",2189853,71,0,"1",.,"A",80,"D",.,"A",.,"A",.,"A",0,"D",.,"A",.,"A",.,"A",.,"A",.,"A",.,"A",70,"D",.,"A",.,"A"
"20101",2189863,42,0,"1",.,"A",.,"A",.,"A",.,"A",.,"A",.,"A",.,"A",.,"A",.,"A",.,"A",.,"A",.,"A",.,"A",.,"A",.,"A"
"20101",2189883,72,0,"1",.,"A",.,"A",5,"D",.,"A",.,"A",.,"A",.,"A",.,"A",15,"D",.,"A",.,"A",.,"A",.,"A",.,"A",.,"A"
"20101",2189893,47,0,"1",.,"A",.,"A",.,"A",.,"A",.,"A",.,"A",1300,"D",.,"A",.,"A",.,"A",.,"A",.,"A",.,"A",.,"A",.,"A"
"20101",2189903,66,0,"1",3,"D",.,"A",.,"A",.,"A",0,"D",.,"A",.,"A",.,"A",60,"F",.,"A",.,"A",.,"A",.,"A",.,"A",.,"A"
"20101",2189913,45,0,"1",.,"A",.,"A",.,"A",.,"A",.,"A",.,"A",.,"A",.,"A",.,"A",.,"A",.,"A",.,"A",15,"D",.,"A",.,"A"
"20101",2189923,46,0,"1",.,"A",.,"A",.,"A",.,"A",.,"A",90,"D",.,"A",.,"A",.,"A",.,"A",.,"A",.,"A",.,"A",.,"A",.,"A"
"20101",2189933,50,0,"1",.,"A",.,"A",.,"A",.,"A",.,"A",.,"A",.,"A",.,"A",.,"A",.,"A",.,"A",.,"A",.,"A",.,"A",.,"A"
"20101",2189943,65,0,"1",.,"A",.,"A",1,"D",.,"A",.,"A",7,"D",.,"A",.,"A",.,"A",.,"A",.,"A",.,"A",120,"D",.,"A",.,"A"
"20101",2189953,45,0,"1",6,"D",.,"A",.,"A",.,"A",84,"D",.,"A",260,"D",.,"A",.,"A",.,"A",.,"A",.,"A",.,"A",.,"A",.,"A"
"20101",2189963,31,0,"1",0,"F",.,"A",.,"A",.,"A",135,"F",.,"A",.,"A",.,"A",.,"A",270,"D",0,"D",0,"D",200,"D",90,"D",.,"A"
"20101",2189983,78,0,"1",.,"A",.,"A",.,"A",.,"A",.,"A",.,"A",.,"A",.,"A",.,"A",.,"A",.,"A",.,"A",150,"D",.,"A",.,"A"
"20101",2189993,53,0,"1",.,"A",.,"A",.,"A",.,"A",.,"A",150,"D",.,"A",.,"A",.,"A",.,"A",.,"A",.,"A",300,"D",.,"A",.,"A"
"20101",2190013,41,0,"1",60,"D",.,"A",.,"A",.,"A",60,"D",.,"A",.,"A",.,"A",.,"A",.,"A",.,"A",.,"A",.,"A",.,"A",.,"A"
"20101",2190033,33,0,"1",.,"A",.,"A",.,"A",.,"A",.,"A",.,"A",520,"F",.,"A",.,"A",.,"A",.,"A",.,"A",.,"A",.,"A",.,"A"
"20101",2190073,59,0,"1",.,"A",.,"A",.,"A",.,"A",.,"A",.,"A",.,"A",.,"A",.,"A",.,"A",.,"A",.,"A",40,"D",.,"A",.,"A"
"20101",2190083,45,0,"1",.,"A",.,"A",.,"A",.,"A",.,"A",.,"A",.,"A",.,"A",36,"D",.,"A",.,"A",.,"A",.,"A",.,"A",.,"A"
"20101",2190093,46,0,"1",.,"A",.,"A",.,"A",.,"A",.,"A",.,"A",.,"A",.,"A",.,"A",.,"A",.,"A",.,"A",.,"A",.,"A",.,"A"
"20101",2190103,44,0,"1",10,"D",.,"A",.,"A",.,"A",20,"D",.,"A",156,"D",.,"A",.,"A",.,"A",.,"A",.,"A",.,"A",.,"A",.,"A"
"20101",2190113,27,0,"1",.,"A",.,"A",.,"A",200,"D",.,"A",.,"A",.,"A",.,"A",.,"A",.,"A",.,"A",.,"A",.,"A",.,"A",.,"A"
"20101",2190123,49,0,"1",.,"A",.,"A",.,"A",.,"A",.,"A",.,"A",.,"A",.,"A",.,"A",.,"A",.,"A",.,"A",.,"A",.,"A",.,"A"
"20101",2190133,53,0,"1",.,"A",.,"A",.,"A",.,"A",.,"A",.,"A",.,"A",.,"A",.,"A",0,"D",0,"D",60,"D",150,"D",0,"D",.,"A"
"20101",2190143,47,0,"1",.,"A",.,"A",.,"A",.,"A",.,"A",.,"A",.,"A",.,"A",.,"A",.,"A",.,"A",.,"A",40,"D",.,"A",.,"A"
"20101",2190163,79,0,"1",.,"A",.,"A",.,"A",.,"A",.,"A",90,"D",.,"A",.,"A",.,"A",.,"A",.,"A",.,"A",260,"D",.,"A",.,"A"
"20101",2190173,55,0,"1",.,"A",.,"A",.,"A",.,"A",.,"A",.,"A",455,"D",.,"A",30,"D",.,"A",.,"A",.,"A",.,"A",.,"A",.,"A"
"20101",2190193,51,0,"1",.,"A",.,"A",.,"A",.,"A",.,"A",.,"A",.,"A",.,"A",.,"A",.,"A",.,"A",.,"A",.,"A",.,"A",.,"A"
"20101",2190213,41,0,"1",.,"A",.,"A",.,"A",.,"A",.,"A",.,"A",1092,"D",.,"A",.,"A",.,"A",.,"A",.,"A",.,"A",.,"A",.,"A"
"20101",2190233,61,0,"1",.,"A",.,"A",.,"A",.,"A",.,"A",.,"A",.,"A",.,"A",.,"A",.,"A",.,"A",.,"A",50,"D",.,"A",.,"A"
"20101",2190253,116,0,"1",.,"A",.,"A",.,"A",.,"A",.,"A",.,"A",.,"A",.,"A",.,"A",.,"A",.,"A",.,"A",80,"D",.,"A",.,"A"
"20101",2190273,37,0,"1",.,"A",.,"A",.,"A",.,"A",.,"A",.,"A",.,"A",.,"A",.,"A",.,"A",.,"A",.,"A",.,"A",.,"A",.,"A"
"20101",2190283,70,0,"1",.,"A",.,"A",.,"A",.,"A",.,"A",190,"D",.,"A",.,"A",.,"A",1200,"D",0,"D",0,"D",330,"D",400,"D",1200,"D"
"20101",2190293,57,0,"1",.,"A",.,"A",.,"A",.,"A",.,"A",.,"A",.,"A",.,"A",.,"A",.,"A",.,"A",.,"A",130,"D",.,"A",.,"A"
"20101",2190313,44,0,"1",.,"A",.,"A",.,"A",.,"A",.,"A",.,"A",.,"A",.,"A",.,"A",.,"A",.,"A",.,"A",.,"A",.,"A",.,"A"
"20101",2190333,66,0,"1",.,"A",.,"A",.,"A",.,"A",.,"A",.,"A",.,"A",.,"A",.,"A",.,"A",.,"A",.,"A",30,"D",.,"A",.,"A"
"20101",2190343,50,0,"1",.,"A",.,"A",.,"A",.,"A",.,"A",.,"A",.,"A",.,"A",.,"A",.,"A",.,"A",.,"A",.,"A",.,"A",.,"A"
"20101",2190363,59,0,"1",.,"A",.,"A",.,"A",.,"A",.,"A",.,"A",.,"A",.,"A",75,"D",.,"A",.,"A",.,"A",30,"D",.,"A",.,"A"
"20101",2190383,45,0,"1",.,"A",.,"A",.,"A",.,"A",.,"A",.,"A",.,"A",.,"A",.,"A",.,"A",.,"A",.,"A",40,"D",.,"A",.,"A"
"20101",2190423,46,0,"1",.,"A",.,"A",.,"A",.,"A",240,"D",.,"A",.,"A",.,"A",.,"A",.,"A",.,"A",.,"A",.,"A",.,"A",.,"A"
"20101",2190453,31,0,"1",.,"A",.,"A",.,"A",.,"A",.,"A",.,"A",.,"A",.,"A",.,"A",.,"A",.,"A",.,"A",45,"D",.,"A",.,"A"
"20101",2190473,83,0,"1",.,"A",.,"A",.,"A",.,"A",.,"A",7,"D",.,"A",.,"A",0,"D",.,"A",.,"A",.,"A",100,"D",.,"A",.,"A"
"20101",2190493,53,0,"1",.,"A",.,"A",.,"A",.,"A",.,"A",.,"A",.,"A",.,"A",.,"A",.,"A",.,"A",.,"A",.,"A",.,"A",.,"A"
"20101",2190503,26,0,"1",.,"A",.,"A",.,"A",.,"A",.,"A",.,"A",.,"A",.,"A",.,"A",.,"A",.,"A",.,"A",100,"D",.,"A",.,"A"
"20101",2190513,37,0,"1",.,"A",.,"A",.,"A",.,"A",240,"D",.,"A",.,"A",.,"A",.,"A",354,"D",0,"D",0,"D",300,"D",118,"D",.,"A"
"20101",2190523,123,0,"1",.,"A",.,"A",.,"A",120,"D",.,"A",108,"D",.,"A",.,"A",.,"A",.,"A",.,"A",.,"A",.,"A",.,"A",.,"A"
"20101",2190533,30,0,"1",.,"A",.,"A",.,"A",.,"A",.,"A",.,"A",.,"A",.,"A",.,"A",.,"A",.,"A",.,"A",.,"A",.,"A",.,"A"
"20101",2190543,46,0,"1",.,"A",.,"A",.,"A",.,"A",120,"D",.,"A",234,"D",.,"A",.,"A",.,"A",.,"A",.,"A",38,"D",.,"A",.,"A"
"20101",2190553,60,0,"1",.,"A",.,"A",.,"A",.,"A",.,"A",.,"A",.,"A",.,"A",.,"A",270,"D",0,"D",0,"D",.,"A",90,"D",.,"A"
"20101",2190573,65,0,"1",4,"D",.,"A",.,"A",30,"D",4,"D",.,"A",.,"A",.,"A",.,"A",.,"A",.,"A",.,"A",.,"A",.,"A",.,"A"
"20101",2190583,42,0,"1",.,"A",.,"A",.,"A",.,"A",180,"D",.,"A",390,"D",.,"A",.,"A",.,"A",.,"A",.,"A",.,"A",.,"A",.,"A"
"20101",2190603,35,0,"1",.,"A",.,"A",.,"A",.,"A",.,"A",.,"A",260,"D",.,"A",.,"A",.,"A",.,"A",.,"A",20,"D",.,"A",.,"A"
"20101",2190613,51,0,"1",.,"A",.,"A",.,"A",.,"A",.,"A",240,"D",.,"A",.,"A",.,"A",.,"A",.,"A",.,"A",.,"A",.,"A",.,"A"
"20101",2190643,69,0,"1",.,"A",.,"A",.,"A",.,"A",.,"A",25,"D",.,"A",.,"A",.,"A",.,"A",.,"A",.,"A",50,"D",.,"A",.,"A"
"20101",2190653,27,0,"1",.,"A",.,"A",.,"A",.,"A",.,"A",.,"A",.,"A",.,"A",.,"A",.,"A",.,"A",.,"A",.,"A",.,"A",.,"A"
"20101",2190703,38,0,"1",.,"A",.,"A",.,"A",.,"A",.,"A",.,"A",390,"D",.,"A",.,"A",.,"A",.,"A",.,"A",45,"D",.,"A",.,"A"
"20101",2190723,45,0,"1",.,"A",.,"A",.,"A",.,"A",60,"D",.,"A",.,"A",.,"A",.,"A",.,"A",.,"A",.,"A",80,"D",.,"A",.,"A"
"20101",2190733,45,0,"1",.,"A",.,"A",.,"A",.,"A",.,"A",.,"A",.,"A",.,"A",.,"A",.,"A",.,"A",.,"A",.,"A",.,"A",.,"A"
"20101",2190743,63,0,"1",.,"A",.,"A",.,"A",.,"A",.,"A",.,"A",.,"A",.,"A",.,"A",.,"A",.,"A",.,"A",240,"D",.,"A",.,"A"
"20101",2190753,63,0,"1",.,"A",.,"A",.,"A",.,"A",.,"A",.,"A",390,"D",.,"A",.,"A",.,"A",.,"A",.,"A",11,"D",.,"A",.,"A"
"20101",2190803,53,0,"1",.,"A",.,"A",.,"A",.,"A",.,"A",.,"A",585,"D",.,"A",.,"A",.,"A",.,"A",.,"A",.,"A",.,"A",.,"A"
"20101",2190843,66,0,"1",.,"A",.,"A",.,"A",.,"A",.,"A",.,"A",546,"D",.,"A",.,"A",.,"A",.,"A",.,"A",40,"D",.,"A",.,"A"
"20101",2190863,61,0,"1",.,"A",.,"A",.,"A",.,"A",.,"A",300,"D",.,"A",.,"A",.,"A",.,"A",.,"A",.,"A",120,"D",.,"A",.,"A"
"20101",2190873,76,0,"1",.,"A",.,"A",13,"D",.,"A",.,"A",.,"A",.,"A",.,"A",.,"A",.,"A",.,"A",.,"A",30,"D",.,"A",.,"A"
"20101",2190883,38,0,"1",.,"A",.,"A",.,"A",.,"A",.,"A",.,"A",546,"D",.,"A",.,"A",.,"A",.,"A",.,"A",.,"A",.,"A",.,"A"
"20101",2190903,29,0,"1",36,"D",.,"A",.,"A",.,"A",84,"D",.,"A",.,"A",.,"A",.,"A",.,"A",.,"A",.,"A",.,"A",.,"A",.,"A"
"20101",2190923,51,0,"1",.,"A",.,"A",.,"A",.,"A",.,"A",.,"A",.,"A",.,"A",.,"A",.,"A",.,"A",.,"A",144,"D",.,"A",.,"A"
"20101",2190933,56,0,"1",.,"A",.,"A",.,"A",.,"A",.,"A",.,"A",650,"D",.,"A",24,"D",.,"A",.,"A",.,"A",.,"A",.,"A",.,"A"
"20101",2190943,41,0,"1",.,"A",.,"A",.,"A",.,"A",.,"A",.,"A",.,"A",.,"A",.,"A",.,"A",.,"A",.,"A",.,"A",.,"A",.,"A"
"20101",2190963,53,0,"1",.,"A",.,"A",.,"A",.,"A",.,"A",.,"A",.,"A",.,"A",.,"A",.,"A",.,"A",.,"A",.,"A",.,"A",.,"A"
"20101",2190973,36,0,"1",.,"A",.,"A",.,"A",.,"A",300,"D",.,"A",.,"A",.,"A",.,"A",.,"A",.,"A",.,"A",200,"D",.,"A",.,"A"
"20101",2191013,26,0,"1",.,"A",.,"A",.,"A",.,"A",.,"A",.,"A",.,"A",.,"A",.,"A",.,"A",.,"A",.,"A",.,"A",.,"A",.,"A"
"20101",2191033,68,0,"1",.,"A",.,"A",.,"A",.,"A",.,"A",.,"A",.,"A",.,"A",.,"A",.,"A",.,"A",.,"A",.,"A",.,"A",.,"A"
"20101",2191043,46,0,"1",.,"A",.,"A",.,"A",.,"A",.,"A",.,"A",.,"A",.,"A",.,"A",.,"A",.,"A",.,"A",80,"D",.,"A",.,"A"
"20101",2191063,59,0,"1",.,"A",.,"A",.,"A",.,"A",.,"A",40,"D",455,"D",.,"A",.,"A",.,"A",.,"A",.,"A",40,"D",.,"A",.,"A"
"20101",2191073,77,0,"1",.,"A",.,"A",.,"A",.,"A",.,"A",96,"D",.,"A",.,"A",30,"D",.,"A",.,"A",.,"A",260,"D",.,"A",.,"A"
"20101",2191103,45,0,"1",.,"A",.,"A",.,"A",.,"A",.,"A",.,"A",650,"D",.,"A",90,"D",.,"A",.,"A",.,"A",.,"A",.,"A",.,"A"
"20101",2191123,74,0,"1",.,"A",.,"A",.,"A",.,"A",.,"A",.,"A",.,"A",.,"A",.,"A",.,"A",.,"A",.,"A",.,"A",.,"A",.,"A"
"20101",2191133,27,0,"1",.,"A",.,"A",.,"A",.,"A",.,"A",.,"A",.,"A",.,"A",.,"A",.,"A",.,"A",.,"A",.,"A",.,"A",.,"A"
"20101",2191143,33,0,"1",.,"A",.,"A",.,"A",.,"A",.,"A",.,"A",.,"A",.,"A",.,"A",.,"A",.,"A",.,"A",12,"D",.,"A",.,"A"
"20101",2191153,57,0,"1",.,"A",.,"A",.,"A",.,"A",.,"A",.,"A",.,"A",.,"A",.,"A",0,"D",0,"D",0,"D",100,"D",0,"D",.,"A"
"20101",2191163,82,0,"1",.,"A",50,"D",.,"A",.,"A",.,"A",150,"D",.,"A",.,"A",.,"A",.,"A",.,"A",.,"A",300,"D",.,"A",.,"A"
"20101",2191183,60,0,"1",.,"A",.,"A",30,"F",.,"A",.,"A",60,"D",.,"A",.,"A",.,"A",.,"A",.,"A",.,"A",150,"D",.,"A",.,"A"
"20101",2191193,65,0,"1",.,"A",.,"A",.,"A",.,"A",.,"A",.,"A",.,"A",195,"D",.,"A",.,"A",.,"A",.,"A",140,"D",.,"A",.,"A"
"20101",2191223,72,0,"1",.,"A",.,"A",.,"A",.,"A",.,"A",.,"A",260,"D",.,"A",.,"A",.,"A",.,"A",.,"A",140,"D",.,"A",.,"A"
"20101",2191233,28,0,"1",10,"D",.,"A",.,"A",.,"A",20,"D",.,"A",.,"A",.,"A",.,"A",360,"D",0,"D",45,"F",40,"D",120,"D",.,"A"
"20101",2191243,39,0,"1",.,"A",.,"A",.,"A",.,"A",.,"A",.,"A",585,"D",.,"A",.,"A",.,"A",.,"A",.,"A",.,"A",.,"A",.,"A"
"20101",2191263,37,0,"1",.,"A",.,"A",.,"A",.,"A",.,"A",.,"A",.,"A",.,"A",.,"A",.,"A",.,"A",.,"A",8,"D",.,"A",.,"A"
"20101",2191273,39,0,"1",.,"A",.,"A",.,"A",.,"A",.,"A",.,"A",.,"A",.,"A",.,"A",.,"A",.,"A",.,"A",105,"D",.,"A",.,"A"
"20101",2191283,24,0,"1",30,"F",.,"A",.,"A",.,"A",17,"F",.,"A",.,"A",.,"A",.,"A",.,"A",.,"A",.,"A",.,"A",.,"A",.,"A"
"20101",2191293,36,0,"1",.,"A",.,"A",.,"A",367,"D",.,"A",.,"A",.,"A",.,"A",.,"A",.,"A",.,"A",.,"A",.,"A",.,"A",.,"A"
"20101",2191303,40,0,"1",.,"A",.,"A",.,"A",.,"A",.,"A",.,"A",.,"A",.,"A",.,"A",.,"A",.,"A",.,"A",120,"D",.,"A",.,"A"
"20101",2191323,64,0,"1",.,"A",.,"A",.,"A",.,"A",.,"A",75,"D",.,"A",.,"A",.,"A",.,"A",.,"A",.,"A",120,"D",.,"A",.,"A"
"20101",2191335,38,0,"1",.,"A",.,"A",.,"A",.,"A",.,"A",.,"A",.,"A",.,"A",.,"A",.,"A",.,"A",.,"A",.,"A",.,"A",.,"A"
"20101",2191353,33,0,"1",.,"A",.,"A",.,"A",.,"A",.,"A",.,"A",.,"A",.,"A",.,"A",.,"A",.,"A",.,"A",.,"A",.,"A",.,"A"
"20101",2191373,39,0,"1",.,"A",300,"D",.,"A",.,"A",.,"A",0,"D",.,"A",.,"A",.,"A",.,"A",.,"A",.,"A",.,"A",.,"A",.,"A"
"20101",2191383,31,0,"1",.,"A",.,"A",.,"A",.,"A",.,"A",.,"A",715,"F",.,"A",.,"A",.,"A",.,"A",.,"A",.,"A",.,"A",.,"A"
"20101",2191393,51,0,"1",.,"A",.,"A",.,"A",.,"A",.,"A",.,"A",.,"A",.,"A",.,"A",.,"A",.,"A",.,"A",80,"D",.,"A",.,"A"
"20101",2191403,48,0,"1",.,"A",.,"A",.,"A",.,"A",.,"A",.,"A",1274,"D",.,"A",.,"A",0,"D",0,"D",60,"D",75,"D",0,"D",.,"A"
"20101",2191423,52,0,"1",.,"A",.,"A",.,"A",.,"A",.,"A",.,"A",.,"A",.,"A",.,"A",.,"A",.,"A",.,"A",.,"A",.,"A",.,"A"
"20101",2191433,37,0,"1",.,"A",.,"A",.,"A",.,"A",.,"A",.,"A",.,"A",.,"A",.,"A",.,"A",.,"A",.,"A",.,"A",.,"A",.,"A"
"20101",2191443,85,0,"1",.,"A",.,"A",.,"A",.,"A",.,"A",.,"A",.,"A",.,"A",.,"A",0,"D",0,"D",30,"D",600,"D",0,"D",.,"A"
"20101",2191453,63,0,"1",.,"A",.,"A",60,"D",.,"A",.,"A",75,"D",.,"A",.,"A",.,"A",.,"A",.,"A",.,"A",320,"D",.,"A",.,"A"
"20101",2191483,36,0,"1",.,"A",.,"A",.,"A",.,"A",40,"D",.,"A",.,"A",.,"A",.,"A",.,"A",.,"A",.,"A",25,"D",.,"A",.,"A"
"20101",2191493,27,0,"1",.,"A",.,"A",.,"A",.,"A",.,"A",.,"A",.,"A",.,"A",.,"A",.,"A",.,"A",.,"A",.,"A",.,"A",.,"A"
"20101",2191513,51,0,"1",.,"A",.,"A",.,"A",.,"A",.,"A",.,"A",.,"A",.,"A",.,"A",.,"A",.,"A",.,"A",.,"A",.,"A",.,"A"
"20101",2191523,98,0,"1",.,"A",.,"A",.,"A",.,"A",.,"A",.,"A",546,"D",.,"A",.,"A",.,"A",.,"A",.,"A",.,"A",.,"A",.,"A"
"20101",2191553,53,0,"1",.,"A",.,"A",25,"D",.,"A",.,"A",.,"A",.,"A",.,"A",.,"A",.,"A",.,"A",.,"A",180,"D",.,"A",.,"A"
"20101",2191573,43,0,"1",.,"A",.,"A",.,"A",.,"A",.,"A",.,"A",.,"A",.,"A",.,"A",.,"A",.,"A",.,"A",17,"D",.,"A",.,"A"
"20101",2191593,35,0,"1",.,"A",.,"A",.,"A",.,"A",.,"A",.,"A",.,"A",.,"A",.,"A",.,"A",.,"A",.,"A",.,"A",.,"A",.,"A"
"20101",2191603,42,0,"1",.,"A",.,"A",.,"A",.,"A",.,"A",.,"A",.,"A",.,"A",.,"A",.,"A",.,"A",.,"A",.,"A",.,"A",.,"A"
"20101",2191633,24,0,"1",.,"A",.,"A",.,"A",.,"A",.,"A",.,"A",.,"A",.,"A",.,"A",.,"A",.,"A",.,"A",.,"A",.,"A",.,"A"
"20101",2191645,24,0,"1",.,"A",.,"A",.,"A",.,"A",.,"A",.,"A",.,"A",.,"A",.,"A",.,"A",.,"A",.,"A",.,"A",.,"A",.,"A"
"20101",2191653,78,0,"1",.,"A",.,"A",.,"A",.,"A",.,"A",.,"A",.,"A",.,"A",.,"A",.,"A",.,"A",.,"A",500,"D",.,"A",.,"A"
"20101",2191673,68,0,"1",.,"A",.,"A",.,"A",.,"A",.,"A",.,"A",.,"A",.,"A",.,"A",.,"A",.,"A",.,"A",20,"D",.,"A",.,"A"
"20101",2191683,107,0,"1",.,"A",.,"A",.,"A",.,"A",360,"D",.,"A",.,"A",.,"A",.,"A",.,"A",.,"A",.,"A",200,"D",.,"A",.,"A"
"20101",2191693,23,0,"1",.,"A",.,"A",.,"A",.,"A",5,"D",.,"A",.,"A",.,"A",.,"A",.,"A",.,"A",.,"A",.,"A",.,"A",.,"A"
"20101",2191703,38,0,"1",.,"A",.,"A",.,"A",.,"A",25,"D",.,"A",.,"A",.,"A",.,"A",.,"A",.,"A",.,"A",.,"A",.,"A",.,"A"
"20101",2191713,40,0,"1",.,"A",.,"A",.,"A",.,"A",.,"A",.,"A",.,"A",.,"A",.,"A",.,"A",.,"A",.,"A",.,"A",.,"A",.,"A"
"20101",2191723,35,0,"1",.,"A",.,"A",.,"A",.,"A",.,"A",.,"A",.,"A",.,"A",.,"A",.,"A",.,"A",.,"A",.,"A",.,"A",.,"A"
"20101",2191733,82,0,"1",.,"A",.,"A",.,"A",.,"A",.,"A",520,"D",.,"A",.,"A",.,"A",.,"A",.,"A",.,"A",90,"D",.,"A",.,"A"
"20101",2191753,72,0,"1",.,"A",.,"A",.,"A",.,"A",.,"A",20,"D",.,"A",.,"A",.,"A",.,"A",.,"A",.,"A",300,"D",.,"A",.,"A"
"20101",2191763,48,0,"1",.,"A",.,"A",.,"A",.,"A",.,"A",.,"A",.,"A",.,"A",.,"A",.,"A",.,"A",.,"A",300,"D",.,"A",.,"A"
"20101",2191773,71,0,"1",.,"A",.,"A",30,"D",.,"A",.,"A",.,"A",.,"A",.,"A",.,"A",.,"A",.,"A",.,"A",40,"D",.,"A",.,"A"
"20101",2191783,71,0,"1",.,"A",.,"A",.,"A",.,"A",.,"A",.,"A",.,"A",.,"A",.,"A",.,"A",.,"A",.,"A",90,"D",.,"A",.,"A"
"20101",2191795,25,0,"1",.,"A",.,"A",.,"A",.,"A",.,"A",.,"A",.,"A",.,"A",.,"A",.,"A",.,"A",.,"A",.,"A",.,"A",.,"A"
"20101",2191803,32,0,"1",.,"A",.,"A",.,"A",.,"A",.,"A",.,"A",.,"A",.,"A",.,"A",.,"A",.,"A",.,"A",.,"A",.,"A",.,"A"
"20101",2191813,36,0,"1",.,"A",.,"A",.,"A",.,"A",.,"A",.,"A",.,"A",.,"A",.,"A",.,"A",.,"A",.,"A",.,"A",.,"A",.,"A"
"20101",2191833,61,0,"1",.,"A",.,"A",.,"A",.,"A",.,"A",.,"A",.,"A",.,"A",15,"D",.,"A",.,"A",.,"A",90,"D",.,"A",.,"A"
"20101",2191843,54,0,"1",.,"A",.,"A",.,"A",.,"A",.,"A",45,"D",.,"A",.,"A",.,"A",.,"A",.,"A",.,"A",15,"D",.,"A",.,"A"
"20101",2191853,49,0,"1",.,"A",.,"A",.,"A",.,"A",.,"A",.,"A",.,"A",.,"A",.,"A",.,"A",.,"A",.,"A",28,"D",.,"A",.,"A"
"20101",2191863,70,0,"1",.,"A",.,"A",.,"A",.,"A",.,"A",.,"A",390,"D",26,"D",.,"A",.,"A",.,"A",.,"A",120,"D",.,"A",.,"A"
"20101",2191904,32,0,"1",.,"A",.,"A",.,"A",.,"A",60,"F",.,"A",.,"A",.,"A",.,"A",.,"A",.,"A",.,"A",.,"A",.,"A",.,"A"
"20101",2191913,68,0,"1",.,"A",.,"A",.,"A",.,"A",.,"A",.,"A",.,"A",.,"A",15,"D",.,"A",.,"A",.,"A",20,"D",.,"A",.,"A"
"20101",2191933,46,0,"1",.,"A",.,"A",.,"A",.,"A",120,"D",.,"A",.,"A",.,"A",.,"A",.,"A",.,"A",.,"A",300,"D",.,"A",.,"A"
"20101",2191943,48,0,"1",.,"A",.,"A",.,"A",.,"A",60,"D",.,"A",.,"A",.,"A",.,"A",.,"A",.,"A",.,"A",.,"A",.,"A",.,"A"
"20101",2191953,32,0,"1",.,"A",.,"A",.,"A",.,"A",.,"A",.,"A",.,"A",.,"A",.,"A",.,"A",.,"A",.,"A",.,"A",.,"A",.,"A"
"20101",2191983,41,0,"1",.,"A",.,"A",.,"A",.,"A",.,"A",.,"A",.,"A",.,"A",.,"A",.,"A",.,"A",.,"A",13,"D",.,"A",.,"A"
"20101",2191993,48,0,"1",.,"A",.,"A",.,"A",.,"A",.,"A",.,"A",.,"A",.,"A",.,"A",.,"A",.,"A",.,"A",10,"D",.,"A",.,"A"
"20101",2192003,69,0,"1",.,"A",.,"A",.,"A",.,"A",.,"A",.,"A",.,"A",.,"A",.,"A",.,"A",.,"A",.,"A",60,"D",.,"A",.,"A"
"20101",2192013,51,0,"1",.,"A",.,"A",.,"A",.,"A",.,"A",.,"A",.,"A",.,"A",.,"A",.,"A",.,"A",.,"A",.,"A",.,"A",.,"A"
"20101",2192033,36,0,"1",.,"A",.,"A",.,"A",.,"A",300,"D",.,"A",.,"A",.,"A",.,"A",.,"A",.,"A",.,"A",.,"A",.,"A",.,"A"
"20101",2192053,41,0,"1",.,"A",.,"A",.,"A",.,"A",.,"A",.,"A",.,"A",.,"A",.,"A",.,"A",.,"A",.,"A",.,"A",.,"A",.,"A"
"20101",2192063,57,0,"1",.,"A",.,"A",.,"A",.,"A",.,"A",100,"D",.,"A",.,"A",.,"A",.,"A",.,"A",.,"A",765,"D",.,"A",.,"A"
"20101",2192073,37,0,"1",.,"A",.,"A",.,"A",.,"A",50,"D",30,"D",.,"A",.,"A",.,"A",.,"A",.,"A",.,"A",80,"D",.,"A",.,"A"
"20101",2192083,35,0,"1",.,"A",.,"A",.,"A",.,"A",.,"A",.,"A",585,"D",.,"A",.,"A",.,"A",.,"A",.,"A",.,"A",.,"A",.,"A"
"20101",2192093,57,0,"1",.,"A",.,"A",.,"A",.,"A",.,"A",300,"D",390,"D",.,"A",.,"A",.,"A",.,"A",.,"A",850,"D",.,"A",.,"A"
"20101",2192103,66,0,"1",.,"A",.,"A",.,"A",.,"A",.,"A",18,"D",.,"A",.,"A",30,"D",.,"A",.,"A",.,"A",100,"D",.,"A",.,"A"
"20101",2192123,38,0,"1",.,"A",.,"A",.,"A",.,"A",.,"A",.,"A",.,"A",195,"D",.,"A",.,"A",.,"A",.,"A",.,"A",.,"A",.,"A"
"20101",2192133,70,0,"1",.,"A",.,"A",.,"A",.,"A",.,"A",600,"D",455,"D",.,"A",.,"A",.,"A",.,"A",.,"A",195,"D",.,"A",.,"A"
"20101",2192143,61,0,"1",.,"A",.,"A",.,"A",.,"A",.,"A",.,"A",546,"D",.,"A",.,"A",.,"A",.,"A",.,"A",12,"D",.,"A",.,"A"
"20101",2192153,47,0,"1",.,"A",.,"A",.,"A",.,"A",.,"A",.,"A",.,"A",.,"A",.,"A",.,"A",.,"A",.,"A",120,"D",.,"A",.,"A"
"20101",2192163,48,0,"1",.,"A",.,"A",.,"A",.,"A",.,"A",.,"A",.,"A",.,"A",.,"A",.,"A",.,"A",.,"A",80,"D",.,"A",.,"A"
"20101",2192203,32,0,"1",.,"A",.,"A",.,"A",.,"A",.,"A",.,"A",.,"A",.,"A",.,"A",.,"A",.,"A",.,"A",.,"A",.,"A",.,"A"
"20101",2192213,38,0,"1",.,"A",.,"A",.,"A",.,"A",.,"A",.,"A",.,"A",.,"A",.,"A",.,"A",.,"A",.,"A",36,"D",.,"A",.,"A"
"20101",2192233,51,0,"1",.,"A",.,"A",.,"A",.,"A",.,"A",.,"A",.,"A",.,"A",.,"A",.,"A",.,"A",.,"A",210,"D",.,"A",.,"A"
"20101",2192263,61,0,"1",.,"A",.,"A",.,"A",.,"A",.,"A",.,"A",.,"A",.,"A",.,"A",.,"A",.,"A",.,"A",200,"D",.,"A",.,"A"
"20101",2192293,27,0,"1",.,"A",.,"A",.,"A",.,"A",700,"D",.,"A",.,"A",.,"A",.,"A",.,"A",.,"A",.,"A",150,"D",.,"A",.,"A"
"20101",2192305,44,0,"1",.,"A",.,"A",.,"A",.,"A",.,"A",.,"A",.,"A",.,"A",.,"A",.,"A",.,"A",.,"A",.,"A",.,"A",.,"A"
"20101",2192333,44,0,"1",.,"A",.,"A",.,"A",.,"A",.,"A",.,"A",.,"A",.,"A",.,"A",.,"A",.,"A",.,"A",.,"A",.,"A",.,"A"
"20101",2192343,50,0,"1",.,"A",.,"A",.,"A",.,"A",.,"A",36,"D",.,"A",.,"A",.,"A",.,"A",.,"A",.,"A",295,"D",.,"A",.,"A"
"20101",2192353,53,0,"1",.,"A",.,"A",.,"A",.,"A",.,"A",180,"D",.,"A",.,"A",.,"A",.,"A",.,"A",.,"A",370,"D",.,"A",.,"A"
"20101",2192373,61,0,"1",.,"A",.,"A",.,"A",.,"A",.,"A",.,"A",.,"A",.,"A",.,"A",.,"A",.,"A",.,"A",150,"D",.,"A",.,"A"
"20101",2192383,63,0,"1",.,"A",.,"A",.,"A",.,"A",.,"A",.,"A",650,"D",.,"A",.,"A",.,"A",.,"A",.,"A",45,"D",.,"A",.,"A"
"20101",2192393,69,0,"1",.,"A",.,"A",.,"A",.,"A",.,"A",.,"A",.,"A",.,"A",.,"A",.,"A",.,"A",.,"A",390,"D",.,"A",.,"A"
"20101",2192413,39,0,"1",.,"A",.,"A",.,"A",.,"A",.,"A",.,"A",455,"D",.,"A",.,"A",.,"A",.,"A",.,"A",.,"A",.,"A",.,"A"
"20101",2192423,37,0,"1",.,"A",.,"A",.,"A",.,"A",.,"A",.,"A",.,"A",.,"A",.,"A",.,"A",.,"A",.,"A",.,"A",.,"A",.,"A"
"20101",2192433,34,0,"1",.,"A",.,"A",.,"A",.,"A",.,"A",.,"A",.,"A",.,"A",.,"A",.,"A",.,"A",.,"A",.,"A",.,"A",.,"A"
"20101",2192453,60,0,"1",.,"A",.,"A",.,"A",.,"A",.,"A",155,"D",260,"D",.,"A",180,"D",.,"A",.,"A",.,"A",.,"A",.,"A",.,"A"
"20101",2192463,30,0,"1",.,"A",.,"A",.,"A",.,"A",.,"A",.,"A",.,"A",.,"A",.,"A",.,"A",.,"A",.,"A",.,"A",.,"A",.,"A"
"20101",2192483,51,0,"1",.,"A",.,"A",.,"A",.,"A",.,"A",.,"A",.,"A",.,"A",.,"A",.,"A",.,"A",.,"A",45,"D",.,"A",.,"A"
"20101",2192503,50,0,"1",.,"A",.,"A",.,"A",50,"D",.,"A",360,"D",.,"A",.,"A",.,"A",.,"A",.,"A",.,"A",510,"D",.,"A",.,"A"
"20101",2192523,47,0,"1",.,"A",.,"A",.,"A",.,"A",.,"A",.,"A",.,"A",.,"A",.,"A",.,"A",.,"A",.,"A",.,"A",.,"A",.,"A"
"20101",2192544,67,0,"1",.,"A",.,"A",.,"A",.,"A",.,"A",.,"A",520,"D",.,"A",.,"A",.,"A",.,"A",.,"A",80,"D",.,"A",.,"A"
"20101",2192563,50,0,"1",.,"A",.,"A",.,"A",.,"A",.,"A",210,"D",.,"A",.,"A",.,"A",.,"A",.,"A",.,"A",260,"D",.,"A",.,"A"
"20101",2192573,22,0,"1",2,"D",.,"A",.,"A",.,"A",28,"D",.,"A",.,"A",.,"A",.,"A",.,"A",.,"A",.,"A",35,"D",.,"A",.,"A"
"20101",2192593,72,0,"1",.,"A",.,"A",.,"A",.,"A",.,"A",.,"A",.,"A",.,"A",.,"A",.,"A",.,"A",.,"A",.,"A",.,"A",.,"A"
"20101",2192603,105,0,"1",.,"A",.,"A",.,"A",.,"A",.,"A",.,"A",.,"A",.,"A",.,"A",.,"A",.,"A",.,"A",170,"D",.,"A",.,"A"
"20101",2192613,43,0,"1",.,"A",.,"A",.,"A",.,"A",.,"A",.,"A",.,"A",.,"A",.,"A",.,"A",.,"A",.,"A",60,"D",.,"A",.,"A"
"20101",2192643,52,0,"1",.,"A",.,"A",.,"A",.,"A",.,"A",.,"A",.,"A",195,"D",.,"A",.,"A",.,"A",.,"A",.,"A",.,"A",.,"A"
"20101",2192663,53,0,"1",.,"A",20,"D",.,"A",.,"A",.,"A",10,"D",.,"A",.,"A",.,"A",.,"A",.,"A",.,"A",400,"D",.,"A",.,"A"
"20101",2192673,26,0,"1",.,"A",.,"A",.,"A",.,"A",.,"A",.,"A",.,"A",.,"A",.,"A",45,"D",0,"D",0,"D",.,"A",15,"D",.,"A"
"20101",2192683,63,0,"1",.,"A",.,"A",.,"A",.,"A",.,"A",.,"A",.,"A",.,"A",.,"A",.,"A",.,"A",.,"A",80,"D",.,"A",.,"A"
"20101",2192693,37,0,"1",.,"A",.,"A",.,"A",.,"A",.,"A",.,"A",325,"D",.,"A",.,"A",.,"A",.,"A",.,"A",.,"A",.,"A",.,"A"
"20101",2192713,37,0,"1",15,"D",.,"A",.,"A",.,"A",45,"D",.,"A",.,"A",.,"A",24,"D",.,"A",.,"A",.,"A",.,"A",.,"A",.,"A"
"20101",2192723,55,0,"1",4,"D",.,"A",.,"A",.,"A",38,"D",.,"A",598,"D",.,"A",15,"D",.,"A",.,"A",.,"A",.,"A",.,"A",.,"A"
"20101",2192743,43,0,"1",.,"A",.,"A",.,"A",.,"A",.,"A",15,"D",.,"A",.,"A",.,"A",0,"D",0,"D",6,"D",24,"D",0,"D",.,"A"
"20101",2192764,65,0,"1",.,"A",.,"A",.,"A",.,"A",.,"A",.,"A",520,"D",.,"A",.,"A",.,"A",.,"A",.,"A",60,"D",.,"A",.,"A"
"20101",2192803,49,0,"1",.,"A",.,"A",.,"A",.,"A",.,"A",.,"A",.,"A",.,"A",.,"A",.,"A",.,"A",.,"A",32,"D",.,"A",.,"A"
"20101",2192813,66,0,"1",.,"A",.,"A",.,"A",.,"A",.,"A",.,"A",.,"A",.,"A",.,"A",.,"A",.,"A",.,"A",20,"D",.,"A",.,"A"
"20101",2192823,37,0,"1",.,"A",.,"A",.,"A",.,"A",.,"A",.,"A",.,"A",.,"A",.,"A",.,"A",.,"A",.,"A",100,"D",.,"A",.,"A"
"20101",2192833,56,0,"1",.,"A",.,"A",.,"A",.,"A",.,"A",.,"A",390,"D",.,"A",.,"A",.,"A",.,"A",.,"A",60,"D",.,"A",.,"A"
"20101",2192843,55,0,"1",20,"D",.,"A",.,"A",60,"D",100,"D",.,"A",104,"D",.,"A",18,"D",90,"D",0,"D",30,"D",270,"D",30,"D",.,"A"
"20101",2192893,44,0,"1",.,"A",.,"A",.,"A",.,"A",.,"A",.,"A",260,"D",.,"A",.,"A",.,"A",.,"A",.,"A",.,"A",.,"A",.,"A"
"20101",2192923,46,0,"1",.,"A",.,"A",.,"A",.,"A",.,"A",.,"A",.,"A",.,"A",.,"A",.,"A",.,"A",.,"A",.,"A",.,"A",.,"A"
"20101",2192933,58,0,"1",.,"A",.,"A",.,"A",.,"A",.,"A",60,"D",.,"A",.,"A",.,"A",.,"A",.,"A",.,"A",70,"D",.,"A",.,"A"
"20101",2192963,65,0,"1",.,"A",.,"A",.,"A",.,"A",.,"A",150,"D",.,"A",.,"A",.,"A",.,"A",.,"A",.,"A",.,"A",.,"A",.,"A"
"20101",2192973,71,0,"1",.,"A",.,"A",.,"A",.,"A",.,"A",.,"A",.,"A",.,"A",21,"D",.,"A",.,"A",.,"A",117,"D",.,"A",.,"A"
"20101",2192993,33,0,"1",.,"A",.,"A",.,"A",.,"A",10,"D",30,"D",.,"A",.,"A",.,"A",0,"D",0,"D",135,"D",65,"D",0,"D",.,"A"
"20101",2193013,60,0,"1",.,"A",.,"A",.,"A",.,"A",.,"A",.,"A",.,"A",.,"A",.,"A",.,"A",.,"A",.,"A",50,"D",.,"A",.,"A"
"20101",2193023,27,0,"1",.,"A",.,"A",.,"A",15,"D",.,"A",.,"A",.,"A",.,"A",.,"A",.,"A",.,"A",.,"A",.,"A",.,"A",.,"A"
"20101",2193053,46,0,"1",.,"A",.,"A",.,"A",.,"A",.,"A",.,"A",520,"D",.,"A",90,"D",.,"A",.,"A",.,"A",30,"D",.,"A",.,"A"
"20101",2193063,37,0,"1",.,"A",.,"A",.,"A",.,"A",.,"A",.,"A",.,"A",.,"A",.,"A",.,"A",.,"A",.,"A",.,"A",.,"A",.,"A"
"20101",2193083,62,0,"1",.,"A",.,"A",.,"A",.,"A",.,"A",.,"A",.,"A",.,"A",.,"A",.,"A",.,"A",.,"A",40,"D",.,"A",.,"A"
"20101",2193093,50,0,"1",.,"A",.,"A",.,"A",.,"A",.,"A",.,"A",.,"A",.,"A",.,"A",.,"A",.,"A",.,"A",22,"D",.,"A",.,"A"
"20101",2193103,39,0,"1",.,"A",.,"A",.,"A",.,"A",.,"A",.,"A",.,"A",.,"A",.,"A",.,"A",.,"A",.,"A",28,"D",.,"A",.,"A"
"20101",2193113,50,0,"1",.,"A",.,"A",.,"A",.,"A",.,"A",.,"A",.,"A",.,"A",.,"A",.,"A",.,"A",.,"A",41,"D",.,"A",.,"A"
"20101",2193123,48,0,"1",.,"A",.,"A",.,"A",.,"A",.,"A",.,"A",.,"A",.,"A",.,"A",.,"A",.,"A",.,"A",14,"D",.,"A",.,"A"
"20101",2193153,31,0,"1",.,"A",.,"A",.,"A",.,"A",70,"D",60,"D",.,"A",.,"A",21,"D",.,"A",.,"A",.,"A",90,"D",.,"A",.,"A"
"20101",2193163,41,0,"1",.,"A",.,"A",.,"A",.,"A",41,"D",.,"A",.,"A",.,"A",.,"A",.,"A",.,"A",.,"A",130,"D",.,"A",.,"A"
"20101",2193173,43,0,"1",10,"D",.,"A",.,"A",.,"A",110,"D",.,"A",.,"A",.,"A",.,"A",.,"A",.,"A",.,"A",180,"D",.,"A",.,"A"
"20101",2193203,91,0,"1",.,"A",.,"A",.,"A",.,"A",.,"A",.,"A",.,"A",.,"A",.,"A",.,"A",.,"A",.,"A",32,"D",.,"A",.,"A"
"20101",2193243,61,0,"1",.,"A",.,"A",.,"A",.,"A",.,"A",.,"A",.,"A",.,"A",.,"A",.,"A",.,"A",.,"A",.,"A",.,"A",.,"A"
"20101",2193263,34,0,"1",.,"A",.,"A",.,"A",.,"A",.,"A",90,"D",.,"A",.,"A",.,"A",.,"A",.,"A",.,"A",300,"D",.,"A",.,"A"
"20101",2193273,77,0,"1",.,"A",.,"A",.,"A",.,"A",.,"A",.,"A",.,"A",.,"A",45,"D",.,"A",.,"A",.,"A",180,"D",.,"A",.,"A"
"20101",2193283,32,0,"1",.,"A",.,"A",.,"A",.,"A",30,"D",.,"A",.,"A",.,"A",.,"A",36,"D",0,"D",36,"D",11,"D",12,"D",.,"A"
"20101",2193293,73,0,"1",.,"A",.,"A",.,"A",.,"A",.,"A",.,"A",455,"D",.,"A",.,"A",.,"A",.,"A",.,"A",85,"D",.,"A",.,"A"
"20101",2193303,43,0,"1",.,"A",.,"A",.,"A",.,"A",.,"A",.,"A",.,"A",.,"A",.,"A",.,"A",.,"A",.,"A",45,"D",.,"A",.,"A"
"20101",2193323,66,0,"1",.,"A",.,"A",.,"A",.,"A",.,"A",.,"A",260,"D",.,"A",.,"A",0,"D",30,"D",0,"D",20,"D",0,"D",.,"A"
"20101",2193333,56,0,"1",.,"A",.,"A",.,"A",.,"A",.,"A",.,"A",546,"D",.,"A",.,"A",.,"A",.,"A",.,"A",.,"A",.,"A",.,"A"
"20101",2193403,93,0,"1",.,"A",.,"A",20,"D",.,"A",.,"A",.,"A",.,"A",.,"A",.,"A",.,"A",.,"A",.,"A",200,"D",.,"A",.,"A"
"20101",2193413,84,0,"1",.,"A",.,"A",10,"D",.,"A",.,"A",.,"A",.,"A",.,"A",.,"A",.,"A",.,"A",.,"A",25,"D",.,"A",.,"A"
"20101",2193423,50,0,"1",.,"A",.,"A",.,"A",.,"A",.,"A",.,"A",.,"A",.,"A",.,"A",.,"A",.,"A",.,"A",30,"D",.,"A",.,"A"
"20101",2193433,26,0,"1",.,"A",.,"A",.,"A",.,"A",24,"D",.,"A",.,"A",.,"A",.,"A",.,"A",.,"A",.,"A",.,"A",.,"A",.,"A"
"20101",2193463,46,0,"1",.,"A",.,"A",.,"A",.,"A",.,"A",.,"A",260,"D",.,"A",.,"A",.,"A",.,"A",.,"A",.,"A",.,"A",.,"A"
"20101",2193493,71,0,"1",.,"A",.,"A",.,"A",.,"A",.,"A",.,"A",.,"A",.,"A",15,"D",.,"A",.,"A",.,"A",50,"D",.,"A",.,"A"
"20101",2193513,32,0,"1",.,"A",.,"A",.,"A",.,"A",60,"D",.,"A",325,"D",.,"A",.,"A",.,"A",.,"A",.,"A",60,"D",.,"A",.,"A"
"20101",2193523,42,0,"1",.,"A",.,"A",.,"A",.,"A",210,"D",.,"A",.,"A",.,"A",.,"A",.,"A",.,"A",.,"A",.,"A",.,"A",.,"A"
"20101",2193543,47,0,"1",.,"A",.,"A",.,"A",.,"A",.,"A",.,"A",572,"D",.,"A",60,"D",.,"A",.,"A",.,"A",120,"D",.,"A",.,"A"
"20101",2193553,43,0,"1",.,"A",.,"A",.,"A",.,"A",.,"A",.,"A",.,"A",.,"A",.,"A",.,"A",.,"A",.,"A",.,"A",.,"A",.,"A"
"20101",2193573,96,0,"1",.,"A",.,"A",.,"A",60,"D",.,"A",.,"A",.,"A",.,"A",.,"A",.,"A",.,"A",.,"A",111,"D",.,"A",.,"A"
"20101",2193603,42,0,"1",.,"A",.,"A",.,"A",.,"A",.,"A",.,"A",.,"A",.,"A",.,"A",.,"A",.,"A",.,"A",100,"D",.,"A",.,"A"
"20101",2193613,82,0,"1",.,"A",.,"A",.,"A",.,"A",.,"A",.,"A",.,"A",.,"A",.,"A",.,"A",.,"A",.,"A",40,"D",.,"A",.,"A"
"20101",2193623,48,0,"1",.,"A",.,"A",.,"A",.,"A",.,"A",.,"A",.,"A",.,"A",.,"A",.,"A",.,"A",.,"A",.,"A",.,"A",.,"A"
"20101",2193633,63,0,"1",.,"A",.,"A",.,"A",.,"A",.,"A",.,"A",.,"A",.,"A",30,"D",.,"A",.,"A",.,"A",40,"D",.,"A",.,"A"
"20101",2193653,42,0,"1",.,"A",.,"A",.,"A",.,"A",.,"A",.,"A",1001,"D",.,"A",.,"A",.,"A",.,"A",.,"A",50,"D",.,"A",.,"A"
"20101",2193663,44,0,"1",.,"A",.,"A",.,"A",.,"A",.,"A",.,"A",.,"A",.,"A",.,"A",.,"A",.,"A",.,"A",.,"A",.,"A",.,"A"
"20101",2193683,36,0,"1",.,"A",.,"A",.,"A",.,"A",20,"D",.,"A",.,"A",.,"A",.,"A",45,"D",0,"D",30,"D",.,"A",15,"D",45,"D"
"20101",2193693,51,0,"1",.,"A",.,"A",.,"A",.,"A",.,"A",.,"A",.,"A",.,"A",.,"A",.,"A",.,"A",.,"A",300,"D",.,"A",.,"A"
"20101",2193703,78,0,"1",.,"A",.,"A",.,"A",.,"A",.,"A",66,"D",.,"A",.,"A",.,"A",.,"A",.,"A",.,"A",90,"D",.,"A",.,"A"
"20101",2193713,70,0,"1",.,"A",.,"A",.,"A",.,"A",.,"A",.,"A",.,"A",.,"A",.,"A",.,"A",.,"A",.,"A",140,"D",.,"A",.,"A"
"20101",2193723,45,0,"1",.,"A",.,"A",.,"A",.,"A",.,"A",.,"A",.,"A",.,"A",.,"A",.,"A",.,"A",.,"A",60,"D",.,"A",.,"A"
"20101",2193773,29,0,"1",.,"A",.,"A",.,"A",.,"A",60,"D",.,"A",.,"A",156,"D",.,"A",.,"A",.,"A",.,"A",.,"A",.,"A",.,"A"
"20101",2193783,53,0,"1",.,"A",.,"A",.,"A",.,"A",10,"D",.,"A",.,"A",.,"A",9,"D",.,"A",.,"A",.,"A",.,"A",.,"A",.,"A"
"20101",2193803,40,0,"1",.,"A",.,"A",.,"A",.,"A",.,"A",.,"A",351,"D",.,"A",.,"A",.,"A",.,"A",.,"A",.,"A",.,"A",.,"A"
"20101",2193813,57,0,"1",.,"A",.,"A",.,"A",160,"D",.,"A",360,"D",.,"A",.,"A",.,"A",0,"D",0,"D",120,"D",.,"A",0,"D",.,"A"
"20101",2193853,42,0,"1",.,"A",.,"A",.,"A",.,"A",.,"A",.,"A",.,"A",.,"A",.,"A",.,"A",.,"A",.,"A",.,"A",.,"A",.,"A"
"20101",2193883,25,0,"1",.,"A",.,"A",.,"A",.,"A",.,"A",.,"A",.,"A",.,"A",.,"A",.,"A",.,"A",.,"A",.,"A",.,"A",.,"A"
"20101",2193903,29,0,"1",.,"A",.,"A",.,"A",.,"A",.,"A",225,"D",.,"A",.,"A",.,"A",.,"A",.,"A",.,"A",.,"A",.,"A",.,"A"
"20101",2193923,30,0,"1",.,"A",.,"A",.,"A",.,"A",30,"D",60,"D",.,"A",.,"A",.,"A",.,"A",.,"A",.,"A",30,"D",.,"A",.,"A"
"20101",2193963,36,0,"1",.,"A",.,"A",.,"A",.,"A",.,"A",10,"D",.,"A",.,"A",.,"A",.,"A",.,"A",.,"A",.,"A",.,"A",.,"A"
"20101",2193975,26,0,"1",.,"A",.,"A",.,"A",.,"A",.,"A",.,"A",.,"A",.,"A",.,"A",.,"A",.,"A",.,"A",.,"A",.,"A",.,"A"
"20101",2193985,34,0,"1",.,"A",.,"A",.,"A",.,"A",.,"A",.,"A",.,"A",.,"A",.,"A",.,"A",.,"A",.,"A",30,"D",.,"A",.,"A"
"20101",2193993,29,0,"1",10,"D",.,"A",.,"A",.,"A",110,"D",.,"A",.,"A",.,"A",.,"A",.,"A",.,"A",.,"A",95,"D",.,"A",.,"A"
"20101",2194004,61,0,"1",.,"A",.,"A",.,"A",.,"A",.,"A",.,"A",.,"A",.,"A",.,"A",.,"A",.,"A",.,"A",180,"D",.,"A",.,"A"
"20101",2194013,25,0,"1",.,"A",.,"A",.,"A",.,"A",.,"A",.,"A",.,"A",.,"A",.,"A",.,"A",.,"A",.,"A",.,"A",.,"A",.,"A"
"20101",2194043,34,0,"1",.,"A",.,"A",.,"A",.,"A",.,"A",.,"A",.,"A",.,"A",.,"A",.,"A",.,"A",.,"A",.,"A",.,"A",.,"A"
"20101",2194075,39,0,"1",.,"A",.,"A",.,"A",.,"A",.,"A",.,"A",.,"A",.,"A",.,"A",0,"D",0,"D",0,"D",20,"D",0,"D",.,"A"
"20101",2194085,30,0,"1",.,"A",.,"A",.,"A",.,"A",.,"A",.,"A",.,"A",.,"A",.,"A",.,"A",.,"A",.,"A",14,"D",.,"A",.,"A"
"20101",2194094,34,0,"1",.,"A",.,"A",.,"A",.,"A",10,"D",.,"A",.,"A",.,"A",.,"A",.,"A",.,"A",.,"A",.,"A",.,"A",.,"A"
"20101",2194103,46,0,"1",.,"A",.,"A",.,"A",.,"A",.,"A",.,"A",.,"A",.,"A",.,"A",.,"A",.,"A",.,"A",.,"A",.,"A",.,"A"
"20101",2194115,48,0,"1",.,"A",.,"A",.,"A",.,"A",120,"D",.,"A",455,"D",.,"A",.,"A",.,"A",.,"A",.,"A",90,"D",.,"A",.,"A"
"20101",2194163,44,0,"1",.,"A",.,"A",.,"A",.,"A",.,"A",.,"A",.,"A",.,"A",.,"A",.,"A",.,"A",.,"A",300,"D",.,"A",.,"A"
"20101",2194194,40,0,"1",.,"A",.,"A",.,"A",.,"A",.,"A",.,"A",.,"A",.,"A",.,"A",.,"A",.,"A",.,"A",.,"A",.,"A",.,"A"
"20101",2194214,48,0,"1",.,"A",.,"A",.,"A",.,"A",.,"A",.,"A",.,"A",.,"A",.,"A",.,"A",.,"A",.,"A",.,"A",.,"A",.,"A"
"20101",2194223,44,0,"1",.,"A",.,"A",.,"A",.,"A",.,"A",.,"A",.,"A",.,"A",60,"D",.,"A",.,"A",.,"A",.,"A",.,"A",.,"A"
"20101",2194233,40,0,"1",.,"A",.,"A",.,"A",.,"A",.,"A",.,"A",.,"A",.,"A",.,"A",.,"A",.,"A",.,"A",120,"D",.,"A",.,"A"
"20101",2194255,55,0,"1",.,"A",.,"A",.,"A",.,"A",.,"A",.,"A",.,"A",.,"A",36,"D",.,"A",.,"A",.,"A",90,"D",.,"A",.,"A"
"20101",2194284,78,0,"1",.,"A",.,"A",38,"D",.,"A",50,"D",.,"A",.,"A",.,"A",.,"A",.,"A",.,"A",.,"A",130,"D",.,"A",.,"A"
"20101",2194294,25,0,"1",.,"A",.,"A",.,"A",.,"A",20,"D",.,"A",.,"A",.,"A",.,"A",.,"A",.,"A",.,"A",12,"D",.,"A",.,"A"
"20101",2194305,28,0,"1",.,"A",.,"A",.,"A",.,"A",60,"D",.,"A",.,"A",.,"A",.,"A",.,"A",.,"A",.,"A",.,"A",.,"A",.,"A"
"20101",2194325,43,0,"1",.,"A",.,"A",.,"A",.,"A",.,"A",.,"A",182,"D",.,"A",.,"A",.,"A",.,"A",.,"A",280,"D",.,"A",.,"A"
"20101",2194354,60,0,"1",.,"A",.,"A",.,"A",.,"A",.,"A",.,"A",.,"A",.,"A",.,"A",.,"A",.,"A",.,"A",.,"A",.,"A",.,"A"
"20101",2194374,68,0,"1",.,"A",.,"A",.,"A",.,"A",.,"A",.,"A",.,"A",.,"A",.,"A",.,"A",.,"A",.,"A",25,"D",.,"A",.,"A"
"20101",2194383,45,0,"1",.,"A",.,"A",.,"A",.,"A",.,"A",.,"A",.,"A",.,"A",.,"A",.,"A",.,"A",.,"A",.,"A",.,"A",.,"A"
"20101",2194393,46,0,"1",.,"A",.,"A",50,"D",.,"A",.,"A",.,"A",.,"A",.,"A",.,"A",.,"A",.,"A",.,"A",24,"D",.,"A",.,"A"
"20101",2194405,44,0,"1",.,"A",.,"A",.,"A",.,"A",.,"A",.,"A",325,"D",.,"A",.,"A",.,"A",.,"A",.,"A",.,"A",.,"A",.,"A"
"20101",2194415,42,0,"1",.,"A",.,"A",.,"A",.,"A",.,"A",.,"A",520,"D",.,"A",30,"F",.,"A",.,"A",.,"A",50,"D",.,"A",.,"A"
"20101",2194433,51,0,"1",.,"A",.,"A",.,"A",.,"A",.,"A",.,"A",.,"A",.,"A",.,"A",.,"A",.,"A",.,"A",100,"D",.,"A",.,"A"
"20101",2194453,43,0,"1",.,"A",.,"A",.,"A",.,"A",.,"A",.,"A",.,"A",.,"A",.,"A",.,"A",.,"A",.,"A",.,"A",.,"A",.,"A"
"20101",2194464,39,0,"1",.,"A",.,"A",.,"A",.,"A",.,"A",.,"A",650,"D",.,"A",.,"A",.,"A",.,"A",.,"A",.,"A",.,"A",.,"A"
"20101",2194493,34,0,"1",.,"A",.,"A",.,"A",.,"A",30,"D",.,"A",.,"A",.,"A",.,"A",0,"D",684,"D",0,"D",.,"A",0,"D",.,"A"
"20101",2194515,40,0,"1",.,"A",.,"A",.,"A",.,"A",.,"A",.,"A",.,"A",.,"A",.,"A",.,"A",.,"A",.,"A",.,"A",.,"A",.,"A"
"20101",2194524,22,0,"1",4,"D",.,"A",.,"A",.,"A",16,"D",.,"A",.,"A",.,"A",.,"A",.,"A",.,"A",.,"A",.,"A",.,"A",.,"A"
"20101",2194554,45,0,"1",.,"A",.,"A",.,"A",.,"A",.,"A",.,"A",.,"A",.,"A",.,"A",.,"A",.,"A",.,"A",.,"A",.,"A",.,"A"
"20101",2194565,58,0,"1",.,"A",.,"A",.,"A",.,"A",120,"D",.,"A",.,"A",.,"A",.,"A",.,"A",.,"A",.,"A",20,"D",.,"A",.,"A"
"20101",2194573,56,0,"1",.,"A",.,"A",.,"A",220,"D",.,"A",165,"D",.,"A",208,"D",.,"A",.,"A",.,"A",.,"A",.,"A",.,"A",.,"A"
"20101",2194583,32,0,"1",.,"A",.,"A",.,"A",.,"A",.,"A",.,"A",2600,"D",.,"A",.,"A",.,"A",.,"A",.,"A",.,"A",.,"A",.,"A"
"20101",2194594,29,0,"1",.,"A",.,"A",.,"A",.,"A",20,"D",15,"D",.,"A",.,"A",.,"A",.,"A",.,"A",.,"A",9,"D",.,"A",.,"A"
"20101",2194604,41,0,"1",.,"A",.,"A",.,"A",.,"A",.,"A",.,"A",.,"A",.,"A",.,"A",.,"A",.,"A",.,"A",.,"A",.,"A",.,"A"
"20101",2194625,47,0,"1",.,"A",.,"A",.,"A",.,"A",.,"A",.,"A",.,"A",.,"A",.,"A",.,"A",.,"A",.,"A",.,"A",.,"A",.,"A"
"20101",2194634,25,0,"1",.,"A",.,"A",30,"F",.,"A",.,"A",.,"A",.,"A",.,"A",.,"A",.,"A",.,"A",.,"A",1600,"D",.,"A",.,"A"
"20101",2194644,62,0,"1",.,"A",.,"A",.,"A",.,"A",.,"A",.,"A",.,"A",.,"A",48,"F",.,"A",.,"A",.,"A",.,"A",.,"A",.,"A"
"20101",2194685,31,0,"1",.,"A",.,"A",.,"A",.,"A",15,"D",.,"A",.,"A",.,"A",.,"A",0,"D",0,"D",30,"D",.,"A",0,"D",.,"A"
"20101",2194714,52,0,"1",.,"A",.,"A",.,"A",.,"A",.,"A",.,"A",.,"A",.,"A",.,"A",.,"A",.,"A",.,"A",10,"D",.,"A",.,"A"
"20101",2194725,40,0,"1",.,"A",.,"A",.,"A",.,"A",.,"A",.,"A",.,"A",.,"A",.,"A",.,"A",.,"A",.,"A",.,"A",.,"A",.,"A"
"20101",2194743,47,0,"1",.,"A",.,"A",.,"A",30,"D",12,"D",20,"D",.,"A",.,"A",.,"A",.,"A",.,"A",.,"A",25,"D",.,"A",.,"A"
"20101",2194764,39,0,"1",.,"A",.,"A",.,"A",.,"A",.,"A",.,"A",.,"A",.,"A",.,"A",75,"D",75,"D",0,"D",.,"A",25,"D",.,"A"
"20101",2194773,65,0,"1",.,"A",.,"A",.,"A",.,"A",.,"A",.,"A",.,"A",.,"A",.,"A",.,"A",.,"A",.,"A",.,"A",.,"A",.,"A"
"20101",2194783,29,0,"1",.,"A",.,"A",.,"A",.,"A",.,"A",.,"A",.,"A",.,"A",.,"A",.,"A",.,"A",.,"A",.,"A",.,"A",.,"A"
"20101",2194793,30,0,"1",.,"A",.,"A",.,"A",.,"A",.,"A",.,"A",.,"A",.,"A",36,"D",.,"A",.,"A",.,"A",.,"A",.,"A",.,"A"
"20101",2194814,23,0,"1",.,"A",.,"A",.,"A",.,"A",.,"A",.,"A",.,"A",.,"A",.,"A",.,"A",.,"A",.,"A",.,"A",.,"A",.,"A"
"20101",2194824,32,0,"1",.,"A",.,"A",.,"A",.,"A",12,"D",.,"A",.,"A",.,"A",.,"A",0,"D",0,"D",30,"D",.,"A",0,"D",.,"A"
"20101",2194835,65,0,"1",.,"A",.,"A",.,"A",.,"A",.,"A",300,"D",.,"A",.,"A",.,"A",.,"A",.,"A",.,"A",800,"D",.,"A",.,"A"
"20101",2194843,32,0,"1",.,"A",.,"A",.,"A",.,"A",.,"A",.,"A",520,"D",.,"A",.,"A",.,"A",.,"A",.,"A",.,"A",.,"A",.,"A"
"20101",2194864,44,0,"1",.,"A",.,"A",.,"A",.,"A",12,"D",8,"D",.,"A",.,"A",9,"D",45,"D",0,"D",0,"D",.,"A",15,"D",.,"A"
"20101",2194873,27,0,"1",.,"A",.,"A",.,"A",.,"A",40,"D",.,"A",.,"A",.,"A",.,"A",.,"A",.,"A",.,"A",12,"D",.,"A",.,"A"
"20101",2194893,30,0,"1",.,"A",.,"A",.,"A",.,"A",.,"A",.,"A",130,"D",.,"A",.,"A",.,"A",.,"A",.,"A",.,"A",.,"A",.,"A"
"20101",2194914,56,0,"1",.,"A",.,"A",.,"A",.,"A",.,"A",.,"A",.,"A",.,"A",.,"A",.,"A",.,"A",.,"A",330,"D",.,"A",.,"A"
"20101",2194923,28,0,"1",.,"A",.,"A",.,"A",6,"D",55,"D",.,"A",.,"A",.,"A",.,"A",.,"A",.,"A",.,"A",.,"A",.,"A",.,"A"
"20101",2194993,30,0,"1",12,"D",.,"A",.,"A",.,"A",108,"D",.,"A",650,"D",.,"A",.,"A",.,"A",.,"A",.,"A",.,"A",.,"A",.,"A"
"20101",2195015,39,0,"1",.,"A",.,"A",.,"A",.,"A",120,"D",.,"A",.,"A",.,"A",.,"A",.,"A",.,"A",.,"A",.,"A",.,"A",.,"A"
"20101",2195033,23,0,"1",.,"A",.,"A",.,"A",.,"A",12,"D",.,"A",.,"A",.,"A",.,"A",.,"A",.,"A",.,"A",10,"D",.,"A",.,"A"
"20101",2195074,44,0,"1",.,"A",.,"A",.,"A",.,"A",.,"A",40,"D",.,"A",.,"A",.,"A",.,"A",.,"A",.,"A",90,"D",.,"A",.,"A"
"20101",2195104,38,0,"1",.,"A",.,"A",.,"A",.,"A",120,"D",.,"A",325,"D",.,"A",.,"A",108,"D",0,"D",0,"D",.,"A",36,"D",.,"A"
"20101",2195115,32,0,"1",40,"D",.,"A",.,"A",.,"A",60,"D",.,"A",390,"D",.,"A",.,"A",.,"A",.,"A",.,"A",180,"D",.,"A",.,"A"
"20101",2195133,31,0,"1",.,"A",.,"A",.,"A",.,"A",43,"D",.,"A",.,"A",.,"A",.,"A",.,"A",.,"A",.,"A",32,"D",.,"A",.,"A"
"20101",2195144,32,0,"1",.,"A",.,"A",.,"A",.,"A",.,"A",.,"A",.,"A",.,"A",.,"A",.,"A",.,"A",.,"A",.,"A",.,"A",.,"A"
"20101",2195173,61,0,"1",.,"A",.,"A",.,"A",.,"A",.,"A",.,"A",.,"A",.,"A",.,"A",.,"A",.,"A",.,"A",85,"D",.,"A",.,"A"
"20101",2195184,68,0,"1",.,"A",.,"A",.,"A",.,"A",.,"A",.,"A",260,"D",.,"A",.,"A",.,"A",.,"A",.,"A",180,"D",.,"A",.,"A"
"20101",2195195,65,0,"1",.,"A",.,"A",.,"A",.,"A",.,"A",.,"A",.,"A",.,"A",.,"A",.,"A",.,"A",.,"A",30,"D",.,"A",.,"A"
"20101",2195205,66,0,"1",.,"A",.,"A",.,"A",.,"A",.,"A",75,"D",.,"A",.,"A",105,"D",.,"A",.,"A",.,"A",900,"D",.,"A",.,"A"
"20101",2195213,40,0,"1",.,"A",.,"A",.,"A",.,"A",.,"A",.,"A",.,"A",.,"A",.,"A",.,"A",.,"A",.,"A",240,"D",.,"A",.,"A"
"20101",2195224,53,0,"1",.,"A",.,"A",.,"A",.,"A",.,"A",.,"A",260,"D",.,"A",.,"A",.,"A",.,"A",.,"A",.,"A",.,"A",.,"A"
"20101",2195244,21,0,"1",.,"A",.,"A",.,"A",.,"A",25,"F",.,"A",.,"A",.,"A",.,"A",.,"A",.,"A",.,"A",.,"A",.,"A",.,"A"
"20101",2195253,24,0,"1",.,"A",.,"A",.,"A",.,"A",.,"A",.,"A",260,"D",.,"A",.,"A",0,"D",0,"D",120,"D",.,"A",0,"D",.,"A"
"20101",2195264,51,0,"1",.,"A",.,"A",.,"A",.,"A",.,"A",.,"A",.,"A",.,"A",.,"A",.,"A",.,"A",.,"A",50,"D",.,"A",.,"A"
"20101",2195285,31,0,"1",.,"A",.,"A",.,"A",.,"A",.,"A",.,"A",260,"D",.,"A",45,"D",.,"A",.,"A",.,"A",.,"A",.,"A",.,"A"
"20101",2195304,43,0,"1",.,"A",.,"A",.,"A",.,"A",.,"A",.,"A",.,"A",260,"D",.,"A",.,"A",.,"A",.,"A",30,"D",.,"A",.,"A"
"20101",2195313,78,0,"1",.,"A",.,"A",.,"A",.,"A",.,"A",.,"A",.,"A",.,"A",30,"D",.,"A",.,"A",.,"A",.,"A",.,"A",.,"A"
"20101",2195333,29,0,"1",.,"A",.,"A",.,"A",.,"A",.,"A",.,"A",.,"A",.,"A",.,"A",.,"A",.,"A",.,"A",30,"D",.,"A",.,"A"
"20101",2195344,43,0,"1",.,"A",.,"A",.,"A",.,"A",.,"A",.,"A",.,"A",.,"A",.,"A",.,"A",.,"A",.,"A",.,"A",.,"A",.,"A"
"20101",2195353,27,0,"1",.,"A",.,"A",.,"A",.,"A",.,"A",10,"D",.,"A",.,"A",18,"D",.,"A",.,"A",.,"A",26,"D",.,"A",.,"A"
"20101",2195364,64,0,"1",.,"A",.,"A",.,"A",.,"A",90,"D",.,"A",.,"A",.,"A",45,"D",.,"A",.,"A",.,"A",.,"A",.,"A",.,"A"
"20101",2195373,47,0,"1",.,"A",.,"A",.,"A",.,"A",.,"A",.,"A",.,"A",.,"A",.,"A",.,"A",.,"A",.,"A",25,"D",.,"A",.,"A"
"20101",2195385,55,0,"1",.,"A",.,"A",.,"A",.,"A",240,"D",.,"A",156,"D",.,"A",.,"A",.,"A",.,"A",.,"A",85,"D",.,"A",.,"A"
"20101",2195393,34,0,"1",.,"A",.,"A",.,"A",.,"A",125,"D",.,"A",.,"A",.,"A",.,"A",.,"A",.,"A",.,"A",.,"A",.,"A",.,"A"
"20101",2195405,62,0,"1",.,"A",.,"A",.,"A",.,"A",.,"A",15,"D",.,"A",.,"A",.,"A",.,"A",.,"A",.,"A",20,"D",.,"A",.,"A"
"20101",2195425,33,0,"1",.,"A",.,"A",.,"A",.,"A",.,"A",.,"A",650,"D",.,"A",.,"A",.,"A",.,"A",.,"A",.,"A",.,"A",.,"A"
"20101",2195435,27,0,"1",.,"A",.,"A",.,"A",.,"A",240,"D",.,"A",.,"A",.,"A",.,"A",270,"D",0,"D",90,"D",.,"A",90,"D",.,"A"
"20101",2195445,29,0,"1",.,"A",.,"A",.,"A",.,"A",.,"A",.,"A",.,"A",.,"A",.,"A",.,"A",.,"A",.,"A",.,"A",.,"A",.,"A"
"20101",2195453,58,0,"1",.,"A",.,"A",.,"A",.,"A",.,"A",14,"D",.,"A",.,"A",6,"D",.,"A",.,"A",.,"A",70,"D",.,"A",.,"A"
"20101",2195463,37,0,"1",.,"A",.,"A",.,"A",.,"A",30,"D",.,"A",.,"A",.,"A",.,"A",.,"A",.,"A",.,"A",.,"A",.,"A",.,"A"
"20101",2195474,30,0,"1",.,"A",.,"A",.,"A",.,"A",.,"A",.,"A",.,"A",.,"A",.,"A",.,"A",.,"A",.,"A",.,"A",.,"A",.,"A"
"20101",2195485,41,0,"1",5,"D",.,"A",.,"A",.,"A",40,"D",.,"A",.,"A",.,"A",.,"A",165,"D",6,"D",15,"D",25,"D",55,"D",.,"A"
"20101",2195495,56,0,"1",60,"D",.,"A",.,"A",.,"A",60,"D",.,"A",.,"A",.,"A",15,"D",.,"A",.,"A",.,"A",.,"A",.,"A",.,"A"
"20101",2195503,59,0,"1",.,"A",.,"A",.,"A",.,"A",120,"D",50,"D",.,"A",.,"A",60,"D",.,"A",.,"A",.,"A",90,"D",.,"A",.,"A"
"20101",2195515,37,0,"1",.,"A",.,"A",.,"A",.,"A",.,"A",.,"A",.,"A",.,"A",.,"A",.,"A",.,"A",.,"A",45,"D",.,"A",.,"A"
"20101",2195525,49,0,"1",.,"A",.,"A",.,"A",.,"A",.,"A",.,"A",.,"A",.,"A",.,"A",.,"A",.,"A",.,"A",.,"A",.,"A",.,"A"
"20101",2195535,43,0,"1",.,"A",.,"A",.,"A",7,"D",60,"D",.,"A",65,"D",.,"A",.,"A",90,"D",0,"D",0,"D",.,"A",30,"D",.,"A"
"20101",2195583,34,0,"1",.,"A",.,"A",.,"A",.,"A",.,"A",.,"A",.,"A",.,"A",.,"A",.,"A",.,"A",.,"A",.,"A",.,"A",.,"A"
"20101",2195604,54,0,"1",.,"A",.,"A",.,"A",.,"A",.,"A",90,"D",.,"A",.,"A",.,"A",90,"D",0,"D",0,"D",50,"D",30,"D",.,"A"
"20101",2195625,26,0,"1",.,"A",.,"A",.,"A",.,"A",.,"A",.,"A",650,"D",.,"A",.,"A",.,"A",.,"A",.,"A",.,"A",.,"A",.,"A"
"20101",2195634,24,0,"1",.,"A",.,"A",.,"A",.,"A",.,"A",.,"A",.,"A",.,"A",.,"A",.,"A",.,"A",.,"A",30,"D",.,"A",.,"A"
"20101",2195645,22,0,"1",.,"A",.,"A",.,"A",.,"A",20,"D",.,"A",260,"D",.,"A",.,"A",.,"A",.,"A",.,"A",15,"D",.,"A",.,"A"
"20101",2195655,80,0,"1",.,"A",.,"A",.,"A",.,"A",.,"A",10,"D",.,"A",273,"D",18,"F",.,"A",.,"A",.,"A",120,"D",.,"A",.,"A"
"20101",2195673,37,0,"1",.,"A",.,"A",.,"A",.,"A",.,"A",.,"A",468,"D",.,"A",.,"A",.,"A",.,"A",.,"A",.,"A",.,"A",.,"A"
"20101",2195694,38,0,"1",.,"A",.,"A",.,"A",.,"A",60,"D",.,"A",416,"D",.,"A",.,"A",.,"A",.,"A",.,"A",.,"A",.,"A",.,"A"
"20101",2195705,30,0,"1",.,"A",.,"A",.,"A",80,"D",60,"D",.,"A",91,"D",.,"A",36,"D",.,"A",.,"A",.,"A",.,"A",.,"A",.,"A"
"20101",2195715,28,0,"1",.,"A",.,"A",.,"A",.,"A",3,"D",.,"A",.,"A",.,"A",.,"A",.,"A",.,"A",.,"A",.,"A",.,"A",.,"A"
"20101",2195724,23,0,"1",.,"A",.,"A",.,"A",.,"A",24,"D",.,"A",.,"A",.,"A",.,"A",45,"D",0,"D",45,"D",13,"D",15,"D",.,"A"
"20101",2195733,21,0,"1",.,"A",.,"A",.,"A",.,"A",.,"A",.,"A",.,"A",.,"A",.,"A",.,"A",.,"A",.,"A",.,"A",.,"A",.,"A"
"20101",2195744,23,0,"1",.,"A",.,"A",.,"A",.,"A",.,"A",.,"A",.,"A",.,"A",.,"A",0,"D",0,"D",120,"D",.,"A",0,"D",.,"A"
"20101",2195754,28,0,"1",.,"A",.,"A",.,"A",.,"A",.,"A",.,"A",234,"D",156,"D",.,"A",.,"A",.,"A",.,"A",.,"A",.,"A",.,"A"
"20101",2195774,60,0,"1",.,"A",.,"A",.,"A",.,"A",.,"A",60,"D",.,"A",.,"A",.,"A",.,"A",.,"A",.,"A",115,"D",.,"A",.,"A"
"20101",2195785,29,0,"1",.,"A",.,"A",.,"A",200,"D",.,"A",.,"A",.,"A",.,"A",.,"A",.,"A",.,"A",.,"A",.,"A",.,"A",.,"A"
"20101",2195793,33,0,"1",.,"A",.,"A",.,"A",.,"A",.,"A",.,"A",.,"A",.,"A",.,"A",45,"D",0,"D",0,"D",.,"A",15,"D",36,"F"
"20101",2195803,31,0,"1",.,"A",.,"A",.,"A",.,"A",15,"D",.,"A",.,"A",.,"A",.,"A",.,"A",.,"A",.,"A",.,"A",.,"A",.,"A"
"20101",2195814,54,0,"1",.,"A",.,"A",.,"A",.,"A",.,"A",.,"A",.,"A",.,"A",420,"D",.,"A",.,"A",.,"A",.,"A",.,"A",.,"A"
"20101",2195825,67,0,"1",.,"A",.,"A",.,"A",.,"A",.,"A",.,"A",.,"A",.,"A",.,"A",.,"A",.,"A",.,"A",12,"D",.,"A",.,"A"
"20101",2195854,36,0,"1",.,"A",.,"A",.,"A",.,"A",.,"A",.,"A",.,"A",.,"A",.,"A",.,"A",.,"A",.,"A",20,"D",.,"A",.,"A"
"20101",2195865,29,0,"1",.,"A",.,"A",.,"A",.,"A",.,"A",.,"A",.,"A",.,"A",.,"A",.,"A",.,"A",.,"A",.,"A",.,"A",.,"A"
"20101",2195873,29,0,"1",20,"D",.,"A",.,"A",30,"D",84,"D",.,"A",.,"A",.,"A",.,"A",0,"D",0,"D",60,"D",30,"D",0,"D",.,"A"
"20101",2195895,39,0,"1",.,"A",.,"A",.,"A",.,"A",.,"A",.,"A",.,"A",.,"A",72,"D",.,"A",.,"A",.,"A",36,"D",.,"A",.,"A"
"20101",2195904,31,0,"1",.,"A",.,"A",.,"A",.,"A",65,"D",.,"A",.,"A",.,"A",.,"A",.,"A",.,"A",.,"A",.,"A",.,"A",.,"A"
"20101",2195914,37,0,"1",.,"A",.,"A",.,"A",.,"A",.,"A",.,"A",.,"A",.,"A",.,"A",.,"A",.,"A",.,"A",.,"A",.,"A",.,"A"
"20101",2195923,33,0,"1",.,"A",.,"A",.,"A",.,"A",120,"D",.,"A",299,"D",.,"A",30,"F",.,"A",.,"A",.,"A",.,"A",.,"A",.,"A"
"20101",2195933,54,0,"1",.,"A",.,"A",.,"A",.,"A",.,"A",.,"A",.,"A",.,"A",.,"A",.,"A",.,"A",.,"A",25,"D",.,"A",.,"A"
"20101",2195944,25,0,"1",.,"A",.,"A",.,"A",21,"D",.,"A",.,"A",260,"D",.,"A",.,"A",0,"D",0,"D",36,"D",.,"A",0,"D",.,"A"
"20101",2195955,50,0,"1",.,"A",.,"A",.,"A",.,"A",.,"A",.,"A",.,"A",.,"A",.,"A",.,"A",.,"A",.,"A",10,"D",.,"A",.,"A"
"20101",2195984,30,0,"1",.,"A",.,"A",.,"A",.,"A",.,"A",.,"A",.,"A",.,"A",30,"D",0,"D",0,"D",0,"D",25,"D",0,"D",.,"A"
"20101",2196013,31,0,"1",.,"A",.,"A",.,"A",.,"A",.,"A",80,"D",.,"A",.,"A",.,"A",.,"A",.,"A",.,"A",100,"D",.,"A",.,"A"
"20101",2196034,52,0,"1",0,"F",.,"A",.,"A",.,"A",120,"F",.,"A",.,"A",.,"A",.,"A",.,"A",.,"A",.,"A",9,"D",.,"A",.,"A"
"20101",2196044,28,0,"1",6,"F",.,"A",.,"A",.,"A",30,"F",.,"A",.,"A",.,"A",.,"A",.,"A",.,"A",.,"A",.,"A",.,"A",.,"A"
"20101",2196055,55,0,"1",.,"A",.,"A",.,"A",.,"A",.,"A",.,"A",.,"A",.,"A",.,"A",852,"D",0,"D",0,"D",60,"D",284,"D",.,"A"
"20101",2196064,41,0,"1",.,"A",.,"A",.,"A",.,"A",.,"A",.,"A",.,"A",.,"A",.,"A",.,"A",.,"A",.,"A",.,"A",.,"A",.,"A"
"20101",2196074,42,0,"1",.,"A",.,"A",.,"A",.,"A",.,"A",.,"A",.,"A",.,"A",.,"A",.,"A",.,"A",.,"A",.,"A",.,"A",.,"A"
"20101",2196104,42,0,"1",.,"A",.,"A",.,"A",.,"A",20,"D",.,"A",.,"A",.,"A",.,"A",.,"A",.,"A",.,"A",.,"A",.,"A",.,"A"
"20101",2196113,46,0,"1",.,"A",.,"A",.,"A",.,"A",.,"A",.,"A",.,"A",.,"A",15,"D",.,"A",.,"A",.,"A",.,"A",.,"A",.,"A"
"20101",2196123,50,0,"1",.,"A",.,"A",.,"A",.,"A",.,"A",.,"A",780,"D",.,"A",.,"A",.,"A",.,"A",.,"A",.,"A",.,"A",.,"A"
"20101",2196133,103,0,"1",.,"A",.,"A",.,"A",.,"A",.,"A",240,"D",390,"D",559,"D",105,"D",.,"A",.,"A",.,"A",75,"D",.,"A",.,"A"
"20101",2196145,36,0,"1",.,"A",.,"A",.,"A",.,"A",10,"D",.,"A",.,"A",.,"A",.,"A",.,"A",.,"A",.,"A",.,"A",.,"A",.,"A"
"20101",2196175,63,0,"1",.,"A",.,"A",.,"A",.,"A",.,"A",125,"D",.,"A",.,"A",.,"A",.,"A",.,"A",.,"A",570,"D",.,"A",.,"A"
"20101",2196184,28,0,"1",.,"A",.,"A",.,"A",.,"A",.,"A",.,"A",.,"A",.,"A",.,"A",.,"A",.,"A",.,"A",91,"D",.,"A",.,"A"
"20101",2196205,49,0,"1",.,"A",.,"A",.,"A",.,"A",.,"A",.,"A",13,"D",.,"A",.,"A",.,"A",.,"A",.,"A",150,"D",.,"A",.,"A"
"20101",2196214,23,0,"1",.,"A",.,"A",.,"A",.,"A",60,"D",.,"A",.,"A",.,"A",.,"A",240,"D",0,"D",0,"D",.,"A",80,"D",.,"A"
"20101",2196223,30,0,"1",.,"A",.,"A",.,"A",48,"D",36,"D",.,"A",.,"A",.,"A",.,"A",0,"D",0,"D",90,"D",.,"A",0,"D",.,"A"
"20101",2196233,52,0,"1",.,"A",.,"A",.,"A",.,"A",.,"A",.,"A",.,"A",.,"A",.,"A",.,"A",.,"A",.,"A",25,"D",.,"A",.,"A"
"20101",2196244,85,0,"1",.,"A",.,"A",.,"A",.,"A",.,"A",5,"D",.,"A",.,"A",.,"A",.,"A",.,"A",.,"A",22,"D",.,"A",.,"A"
"20101",2196253,68,0,"1",.,"A",.,"A",.,"A",.,"A",.,"A",.,"A",260,"D",.,"A",60,"D",.,"A",.,"A",.,"A",.,"A",.,"A",.,"A"
"20101",2196263,53,0,"1",.,"A",.,"A",.,"A",.,"A",.,"A",.,"A",104,"D",.,"A",.,"A",.,"A",.,"A",.,"A",120,"D",.,"A",.,"A"
"20101",2196274,24,0,"1",10,"F",.,"A",.,"A",.,"A",15,"F",.,"A",.,"A",.,"A",.,"A",.,"A",.,"A",.,"A",.,"A",.,"A",.,"A"
"20101",2196285,27,0,"1",.,"A",.,"A",.,"A",.,"A",.,"A",.,"A",.,"A",.,"A",.,"A",.,"A",.,"A",.,"A",.,"A",.,"A",.,"A"
"20101",2196303,25,0,"1",.,"A",.,"A",.,"A",.,"A",60,"D",.,"A",.,"A",.,"A",.,"A",.,"A",.,"A",.,"A",.,"A",.,"A",.,"A"
"20101",2196313,56,0,"1",.,"A",.,"A",.,"A",20,"D",.,"A",100,"D",.,"A",.,"A",.,"A",.,"A",.,"A",.,"A",30,"D",.,"A",.,"A"
"20101",2196335,97,0,"1",.,"A",.,"A",.,"A",.,"A",.,"A",.,"A",455,"D",.,"A",45,"D",.,"A",.,"A",.,"A",45,"D",.,"A",.,"A"
"20101",2196344,29,0,"1",.,"A",.,"A",.,"A",.,"A",.,"A",.,"A",195,"D",.,"A",.,"A",0,"D",0,"D",0,"D",.,"A",0,"D",.,"A"
"20101",2196355,33,0,"1",10,"D",.,"A",.,"A",.,"A",30,"D",.,"A",325,"D",.,"A",.,"A",.,"A",.,"A",.,"A",30,"D",.,"A",.,"A"
"20101",2196363,75,0,"1",.,"A",.,"A",.,"A",.,"A",.,"A",.,"A",.,"A",.,"A",.,"A",.,"A",.,"A",.,"A",250,"D",.,"A",.,"A"
"20101",2196385,32,0,"1",.,"A",.,"A",.,"A",.,"A",.,"A",.,"A",390,"D",.,"A",.,"A",.,"A",.,"A",.,"A",25,"D",.,"A",.,"A"
"20101",2196393,49,0,"1",.,"A",.,"A",.,"A",.,"A",.,"A",.,"A",.,"A",.,"A",.,"A",.,"A",.,"A",.,"A",.,"A",.,"A",.,"A"
"20101",2196404,39,0,"1",.,"A",.,"A",.,"A",.,"A",120,"D",.,"A",130,"D",.,"A",.,"A",90,"D",0,"D",45,"D",120,"D",30,"D",.,"A"
"20101",2196424,37,0,"1",.,"A",.,"A",.,"A",15,"D",.,"A",60,"D",.,"A",.,"A",.,"A",.,"A",.,"A",.,"A",260,"D",.,"A",.,"A"
"20101",2196443,28,0,"1",.,"A",.,"A",.,"A",.,"A",.,"A",.,"A",.,"A",.,"A",.,"A",.,"A",.,"A",.,"A",.,"A",.,"A",.,"A"
"20101",2196473,47,0,"1",.,"A",.,"A",.,"A",.,"A",.,"A",75,"D",.,"A",.,"A",.,"A",.,"A",.,"A",.,"A",13,"F",.,"A",.,"A"
"20101",2196483,26,0,"1",.,"A",.,"A",.,"A",.,"A",30,"D",.,"A",.,"A",.,"A",.,"A",.,"A",.,"A",.,"A",.,"A",.,"A",.,"A"
"20101",2196495,73,0,"1",.,"A",.,"A",.,"A",.,"A",.,"A",.,"A",.,"A",.,"A",.,"A",.,"A",.,"A",.,"A",90,"D",.,"A",.,"A"
"20101",2196505,45,0,"1",.,"A",.,"A",.,"A",.,"A",.,"A",.,"A",.,"A",.,"A",.,"A",.,"A",.,"A",.,"A",30,"D",.,"A",.,"A"
"20101",2196523,44,0,"1",.,"A",.,"A",.,"A",.,"A",.,"A",.,"A",.,"A",.,"A",30,"D",.,"A",.,"A",.,"A",40,"D",.,"A",.,"A"
"20101",2196535,90,0,"1",.,"A",.,"A",.,"A",.,"A",.,"A",.,"A",78,"D",.,"A",.,"A",.,"A",.,"A",.,"A",90,"D",.,"A",.,"A"
"20101",2196555,33,0,"1",.,"A",.,"A",.,"A",.,"A",.,"A",.,"A",.,"A",.,"A",.,"A",.,"A",.,"A",.,"A",.,"A",.,"A",.,"A"
"20101",2196563,40,0,"1",.,"A",.,"A",.,"A",.,"A",.,"A",.,"A",.,"A",.,"A",.,"A",.,"A",.,"A",.,"A",.,"A",.,"A",.,"A"
"20101",2196584,32,0,"1",.,"A",.,"A",.,"A",.,"A",.,"A",.,"A",390,"D",.,"A",.,"A",.,"A",.,"A",.,"A",.,"A",.,"A",.,"A"
"20101",2196614,26,0,"1",.,"A",.,"A",.,"A",.,"A",.,"A",.,"A",.,"A",.,"A",.,"A",.,"A",.,"A",.,"A",.,"A",.,"A",.,"A"
"20101",2196625,41,0,"1",.,"A",.,"A",.,"A",.,"A",.,"A",.,"A",.,"A",.,"A",.,"A",0,"D",0,"D",15,"D",25,"D",0,"D",.,"A"
"20101",2196635,56,0,"1",.,"A",.,"A",.,"A",.,"A",.,"A",.,"A",.,"A",.,"A",.,"A",.,"A",.,"A",.,"A",.,"A",.,"A",.,"A"
"20101",2196655,34,0,"1",.,"A",.,"A",.,"A",13,"D",50,"D",.,"A",91,"D",65,"D",3,"D",180,"D",6,"D",6,"D",40,"D",60,"D",.,"A"
"20101",2196663,44,0,"1",.,"A",.,"A",.,"A",.,"A",.,"A",.,"A",.,"A",.,"A",.,"A",15,"F",0,"D",0,"D",150,"D",.,"C",.,"A"
"20101",2196684,62,0,"1",.,"A",.,"A",.,"A",.,"A",.,"A",.,"A",.,"A",.,"A",.,"A",.,"A",.,"A",.,"A",70,"D",.,"A",.,"A"
"20101",2196695,36,0,"1",.,"A",.,"A",.,"A",.,"A",.,"A",.,"A",.,"A",.,"A",.,"A",.,"A",.,"A",.,"A",30,"D",.,"A",.,"A"
"20101",2196713,53,0,"1",.,"A",.,"A",.,"A",.,"A",.,"A",.,"A",.,"A",.,"A",27,"D",.,"A",.,"A",.,"A",85,"D",.,"A",.,"A"
"20101",2196723,92,0,"1",.,"A",.,"A",.,"A",.,"A",.,"A",.,"A",.,"A",.,"A",.,"A",.,"A",.,"A",.,"A",.,"A",.,"A",.,"A"
"20101",2196734,30,0,"1",.,"A",.,"A",.,"A",.,"A",.,"A",.,"A",260,"D",.,"A",.,"A",0,"D",0,"D",0,"D",.,"A",0,"D",.,"A"
"20101",2196765,48,0,"1",.,"A",.,"A",.,"A",.,"A",.,"A",.,"A",.,"A",.,"A",135,"D",.,"A",.,"A",.,"A",20,"D",.,"A",.,"A"
"20101",2196773,54,0,"1",.,"A",.,"A",.,"A",.,"A",.,"A",.,"A",.,"A",.,"A",30,"D",.,"A",.,"A",.,"A",390,"D",.,"A",.,"A"
"20101",2196794,54,0,"1",.,"A",.,"A",.,"A",.,"A",.,"A",.,"A",.,"A",.,"A",.,"A",.,"A",.,"A",.,"A",20,"D",.,"A",.,"A"
"20101",2196803,37,0,"1",.,"A",.,"A",.,"A",.,"A",.,"A",.,"A",.,"A",.,"A",.,"A",.,"A",.,"A",.,"A",1000,"D",.,"A",.,"A"
"20101",2196814,45,0,"1",.,"A",.,"A",.,"A",.,"A",90,"D",45,"D",.,"A",.,"A",.,"A",108,"D",0,"D",0,"D",100,"D",36,"D",.,"A"
"20101",2196823,66,0,"1",.,"A",.,"A",.,"A",.,"A",.,"A",.,"A",.,"A",.,"A",.,"A",.,"A",.,"A",.,"A",100,"D",.,"A",.,"A"
"20101",2196833,32,0,"1",.,"A",.,"A",.,"A",.,"A",.,"A",.,"A",.,"A",.,"A",.,"A",.,"A",.,"A",.,"A",200,"D",.,"A",.,"A"
"20101",2196844,68,0,"1",.,"A",.,"A",.,"A",.,"A",.,"A",.,"A",.,"A",.,"A",9,"D",.,"A",.,"A",.,"A",.,"A",.,"A",.,"A"
"20101",2196854,46,0,"1",.,"A",.,"A",.,"A",.,"A",.,"A",.,"A",.,"A",.,"A",15,"D",.,"A",.,"A",.,"A",120,"D",.,"A",.,"A"
"20101",2196863,54,0,"1",.,"A",.,"A",.,"A",.,"A",.,"A",.,"A",.,"A",.,"A",.,"A",.,"A",.,"A",.,"A",50,"D",.,"A",.,"A"
"20101",2196874,75,0,"1",.,"A",.,"A",.,"A",.,"A",.,"A",.,"A",.,"A",.,"A",.,"A",.,"A",.,"A",.,"A",.,"A",.,"A",.,"A"
"20101",2196883,64,0,"1",.,"A",.,"A",.,"A",.,"A",.,"A",300,"D",.,"A",.,"A",.,"A",.,"A",.,"A",.,"A",100,"D",.,"A",.,"A"
"20101",2196893,49,0,"1",.,"A",.,"A",.,"A",.,"A",.,"A",.,"A",.,"A",.,"A",.,"A",.,"A",.,"A",.,"A",60,"D",.,"A",.,"A"
"20101",2196904,26,0,"1",.,"A",.,"A",.,"A",.,"A",11,"D",.,"A",.,"A",.,"A",.,"A",.,"A",.,"A",.,"A",.,"A",.,"A",.,"A"
"20101",2196915,33,0,"1",5,"D",.,"A",.,"A",.,"A",25,"D",.,"A",.,"A",.,"A",.,"A",.,"A",.,"A",.,"A",.,"A",.,"A",.,"A"
"20101",2196924,52,0,"1",.,"A",.,"A",.,"A",.,"A",.,"A",.,"A",.,"A",65,"D",.,"A",.,"A",.,"A",.,"A",.,"A",.,"A",.,"A"
"20101",2196934,72,0,"1",.,"A",.,"A",.,"A",.,"A",.,"A",.,"A",.,"A",.,"A",.,"A",.,"A",.,"A",.,"A",300,"D",.,"A",.,"A"
"20101",2196944,37,0,"1",0,"F",.,"A",.,"A",450,"D",72,"F",90,"D",.,"A",.,"A",.,"A",270,"D",0,"D",21,"F",35,"D",90,"D",.,"A"
"20101",2196964,43,0,"1",.,"A",.,"A",.,"A",.,"A",.,"A",.,"A",.,"A",.,"A",.,"A",.,"A",.,"A",.,"A",56,"D",.,"A",.,"A"
"20101",2196975,63,0,"1",2,"D",.,"A",.,"A",28,"D",26,"D",.,"A",.,"A",.,"A",.,"A",30,"D",0,"D",0,"D",.,"A",10,"D",.,"A"
"20101",2196983,47,0,"1",.,"A",.,"A",.,"A",.,"A",.,"A",.,"A",.,"A",.,"A",.,"A",.,"A",.,"A",.,"A",10,"D",.,"A",.,"A"
"20101",2196994,56,0,"1",.,"A",.,"A",.,"A",.,"A",.,"A",.,"A",.,"A",.,"A",.,"A",.,"A",.,"A",.,"A",100,"D",.,"A",.,"A"
"20101",2197005,26,0,"1",.,"A",.,"A",.,"A",.,"A",.,"A",.,"A",.,"A",.,"A",.,"A",.,"A",.,"A",.,"A",.,"A",.,"A",.,"A"
"20101",2197024,40,0,"1",.,"A",.,"A",.,"A",.,"A",.,"A",.,"A",.,"A",.,"A",.,"A",.,"A",.,"A",.,"A",10,"D",.,"A",.,"A"
"20101",2197033,50,0,"1",25,"D",.,"A",.,"A",.,"A",80,"D",.,"A",234,"D",.,"A",.,"A",.,"A",.,"A",.,"A",25,"D",.,"A",.,"A"
"20101",2197044,30,0,"1",.,"A",.,"A",.,"A",.,"A",.,"A",.,"A",195,"D",.,"A",.,"A",0,"D",0,"D",0,"D",40,"D",0,"D",.,"A"
"20101",2197063,43,0,"1",.,"A",.,"A",.,"A",.,"A",60,"D",.,"A",.,"A",.,"A",60,"D",.,"A",.,"A",.,"A",130,"D",.,"A",.,"A"
"20101",2197074,39,0,"1",.,"A",.,"A",.,"A",.,"A",.,"A",.,"A",260,"D",.,"A",.,"A",.,"A",.,"A",.,"A",.,"A",.,"A",.,"A"
"20101",2197085,53,0,"1",.,"A",.,"A",.,"A",.,"A",.,"A",.,"A",.,"A",.,"A",45,"D",.,"A",.,"A",.,"A",.,"A",.,"A",.,"A"
"20101",2197093,41,0,"1",.,"A",.,"A",.,"A",.,"A",.,"A",.,"A",.,"A",.,"A",.,"A",.,"A",.,"A",.,"A",20,"D",.,"A",.,"A"
"20101",2197165,106,0,"1",.,"A",.,"A",.,"A",.,"A",.,"A",.,"A",.,"A",.,"A",60,"D",.,"A",.,"A",.,"A",300,"D",.,"A",.,"A"
"20101",2197175,51,0,"1",.,"A",.,"A",.,"A",.,"A",.,"A",.,"A",.,"A",.,"A",.,"A",.,"A",.,"A",.,"A",225,"D",.,"A",.,"A"
"20101",2197195,22,0,"1",.,"A",.,"A",.,"A",.,"A",.,"A",.,"A",.,"A",.,"A",.,"A",.,"A",.,"A",.,"A",.,"A",.,"A",.,"A"
"20101",2197223,54,0,"1",15,"D",.,"A",.,"A",.,"A",85,"D",.,"A",.,"A",.,"A",.,"A",180,"D",0,"D",0,"D",.,"A",60,"D",180,"D"
"20101",2197233,41,0,"1",.,"A",.,"A",.,"A",225,"D",.,"A",.,"A",.,"A",.,"A",.,"A",.,"A",.,"A",.,"A",300,"D",.,"A",.,"A"
"20101",2197244,26,0,"1",.,"A",.,"A",.,"A",.,"A",30,"D",.,"A",.,"A",.,"A",15,"D",.,"A",.,"A",.,"A",10,"D",.,"A",.,"A"
"20101",2197273,43,0,"1",.,"A",.,"A",.,"A",.,"A",.,"A",.,"A",.,"A",.,"A",.,"A",.,"A",.,"A",.,"A",.,"A",.,"A",.,"A"
"20101",2197295,45,0,"1",.,"A",.,"A",.,"A",.,"A",.,"A",.,"A",.,"A",.,"A",.,"A",.,"A",.,"A",.,"A",100,"D",.,"A",.,"A"
"20101",2197304,23,0,"1",.,"A",.,"A",.,"A",.,"A",120,"D",.,"A",182,"D",.,"A",.,"A",0,"D",0,"D",18,"D",.,"A",0,"D",.,"A"
"20101",2197313,37,0,"1",.,"A",.,"A",.,"A",.,"A",36,"D",.,"A",.,"A",.,"A",.,"A",.,"A",.,"A",.,"A",.,"A",.,"A",.,"A"
"20101",2197335,58,0,"1",.,"A",.,"A",.,"A",.,"A",.,"A",22,"D",.,"A",.,"A",.,"A",.,"A",.,"A",.,"A",200,"D",.,"A",.,"A"
"20101",2197344,30,0,"1",.,"A",.,"A",.,"A",.,"A",.,"A",.,"A",.,"A",.,"A",.,"A",.,"A",.,"A",.,"A",5,"D",.,"A",.,"A"
"20101",2197373,47,0,"1",.,"A",.,"A",.,"A",.,"A",.,"A",.,"A",.,"A",.,"A",.,"A",.,"A",.,"A",.,"A",15,"D",.,"A",.,"A"
"20101",2197394,52,0,"1",.,"A",.,"A",.,"A",10,"D",.,"A",.,"A",.,"A",.,"A",.,"A",.,"A",.,"A",.,"A",.,"A",.,"A",.,"A"
"20101",2197433,35,0,"1",.,"A",.,"A",.,"A",.,"A",15,"D",.,"A",.,"A",.,"A",.,"A",.,"A",.,"A",.,"A",.,"A",.,"A",.,"A"
"20101",2197465,38,0,"1",.,"A",.,"A",.,"A",.,"A",.,"A",.,"A",.,"A",.,"A",.,"A",.,"A",.,"A",.,"A",30,"D",.,"A",.,"A"
"20101",2197475,37,0,"1",.,"A",.,"A",.,"A",.,"A",10,"D",.,"A",.,"A",.,"A",.,"A",.,"A",.,"A",.,"A",.,"A",.,"A",.,"A"
"20101",2197495,39,0,"1",.,"A",.,"A",.,"A",.,"A",.,"A",.,"A",650,"D",.,"A",.,"A",.,"A",.,"A",.,"A",.,"A",.,"A",.,"A"
"20101",2197515,31,0,"1",.,"A",.,"A",.,"A",.,"A",4,"D",.,"A",104,"D",65,"D",.,"A",.,"A",.,"A",.,"A",.,"A",.,"A",.,"A"
"20101",2197524,38,0,"1",.,"A",.,"A",.,"A",.,"A",20,"D",.,"A",.,"A",.,"A",.,"A",.,"A",.,"A",.,"A",.,"A",.,"A",.,"A"
"20101",2197545,28,0,"1",.,"A",.,"A",.,"A",.,"A",.,"A",.,"A",.,"A",.,"A",.,"A",.,"A",.,"A",.,"A",.,"A",.,"A",.,"A"
"20101",2197583,21,0,"1",.,"A",.,"A",.,"A",.,"A",10,"D",.,"A",65,"D",.,"A",.,"A",.,"A",.,"A",.,"A",.,"A",.,"A",.,"A"
"20101",2197593,39,0,"1",.,"A",.,"A",.,"A",.,"A",.,"A",.,"A",.,"A",.,"A",.,"A",300,"D",0,"D",0,"D",40,"D",100,"D",.,"A"
"20101",2197615,33,0,"1",.,"A",.,"A",.,"A",.,"A",7,"D",.,"A",.,"A",.,"A",.,"A",.,"A",.,"A",.,"A",120,"D",.,"A",.,"A"
"20101",2197645,52,0,"1",6,"D",.,"A",.,"A",.,"A",0,"D",.,"A",.,"A",.,"A",21,"D",.,"A",.,"A",.,"A",.,"A",.,"A",.,"A"
"20101",2197674,30,0,"1",.,"A",.,"A",.,"A",.,"A",80,"D",.,"A",325,"D",.,"A",.,"A",.,"A",.,"A",.,"A",40,"D",.,"A",.,"A"
"20101",2197683,29,0,"1",.,"A",.,"A",.,"A",.,"A",.,"A",.,"A",.,"A",.,"A",.,"A",.,"A",.,"A",.,"A",.,"A",.,"A",.,"A"
"20101",2197695,55,0,"1",.,"A",.,"A",.,"A",650,"D",.,"A",.,"A",.,"A",.,"A",.,"A",.,"A",.,"A",.,"A",70,"F",.,"A",.,"A"
"20101",2197725,37,0,"1",.,"A",.,"A",.,"A",.,"A",.,"A",.,"A",.,"A",.,"A",.,"A",.,"A",.,"A",.,"A",.,"A",.,"A",.,"A"
"20101",2197734,40,0,"1",.,"A",.,"A",.,"A",.,"A",.,"A",.,"A",65,"F",.,"A",.,"A",.,"A",.,"A",.,"A",.,"A",.,"A",.,"A"
"20101",2197753,28,0,"1",.,"A",.,"A",.,"A",.,"A",100,"D",.,"A",117,"D",.,"A",30,"D",0,"D",0,"D",39,"D",.,"A",0,"D",.,"A"
"20101",2197765,113,0,"1",.,"A",.,"A",.,"A",1900,"D",.,"A",.,"A",.,"A",.,"A",.,"A",.,"A",.,"A",.,"A",1900,"D",.,"A",.,"A"
"20101",2197775,27,0,"1",.,"A",.,"A",.,"A",.,"A",60,"D",.,"A",.,"A",.,"A",.,"A",.,"A",.,"A",.,"A",.,"A",.,"A",.,"A"
"20101",2197783,24,0,"1",.,"A",.,"A",.,"A",.,"A",.,"A",.,"A",.,"A",.,"A",.,"A",.,"A",.,"A",.,"A",.,"A",.,"A",.,"A"
"20101",2197804,44,0,"1",.,"A",.,"A",.,"A",.,"A",.,"A",.,"A",.,"A",195,"D",.,"A",.,"A",.,"A",.,"A",.,"A",.,"A",.,"A"
"20101",2197835,28,0,"1",.,"A",.,"A",.,"A",.,"A",.,"A",.,"A",.,"A",.,"A",.,"A",.,"A",.,"A",.,"A",.,"A",.,"A",.,"A"
"20101",2197844,48,0,"1",.,"A",.,"A",.,"A",.,"A",.,"A",.,"A",.,"A",.,"A",.,"A",.,"A",.,"A",.,"A",45,"D",.,"A",.,"A"
"20101",2197855,57,0,"1",.,"A",.,"A",.,"A",.,"A",.,"A",.,"A",.,"A",.,"A",.,"A",.,"A",.,"A",.,"A",.,"A",.,"A",.,"A"
"20101",2197874,43,0,"1",.,"A",.,"A",.,"A",.,"A",70,"D",.,"A",.,"A",.,"A",.,"A",.,"A",.,"A",.,"A",120,"D",.,"A",.,"A"
"20101",2197883,53,0,"1",.,"A",.,"A",.,"A",.,"A",.,"A",78,"D",260,"F",.,"A",.,"A",.,"A",.,"A",.,"A",30,"D",.,"A",.,"A"
"20101",2197894,23,0,"1",.,"A",.,"A",.,"A",.,"A",12,"D",.,"A",.,"A",.,"A",.,"A",.,"A",.,"A",.,"A",20,"D",.,"A",.,"A"
"20101",2197913,37,0,"1",.,"A",.,"A",.,"A",.,"A",40,"D",.,"A",780,"D",.,"A",.,"A",.,"A",.,"A",.,"A",30,"D",.,"A",.,"A"
"20101",2197923,27,0,"1",.,"A",.,"A",.,"A",.,"A",.,"A",.,"A",.,"A",.,"A",24,"D",.,"A",.,"A",.,"A",.,"A",.,"A",.,"A"
"20101",2197955,30,0,"1",.,"A",.,"A",.,"A",15,"D",180,"D",.,"A",728,"D",.,"A",.,"A",648,"D",0,"D",0,"D",15,"D",216,"D",.,"A"
"20101",2197963,31,0,"1",.,"A",.,"A",.,"A",.,"A",.,"A",.,"A",.,"A",.,"A",6,"D",90,"D",0,"D",0,"D",130,"D",30,"D",.,"A"
"20101",2197985,26,0,"1",.,"A",.,"A",.,"A",.,"A",.,"A",.,"A",.,"A",.,"A",.,"A",165,"D",0,"D",48,"F",.,"A",55,"D",.,"A"
"20101",2198024,39,0,"1",.,"A",.,"A",.,"A",.,"A",.,"A",.,"A",.,"A",.,"A",.,"A",.,"A",.,"A",.,"A",60,"D",.,"A",.,"A"
"20101",2198065,26,0,"1",.,"A",.,"A",.,"A",.,"A",10,"D",.,"A",.,"A",.,"A",.,"A",240,"D",0,"D",0,"D",10,"D",80,"D",.,"A"
"20101",2198075,87,0,"1",.,"A",.,"A",.,"A",.,"A",.,"A",.,"A",.,"A",.,"A",30,"D",.,"A",.,"A",.,"A",37,"D",.,"A",.,"A"
"20101",2198172,46,0,"1",.,"A",.,"A",.,"A",.,"A",.,"A",.,"A",.,"A",.,"A",.,"A",.,"A",.,"A",.,"A",100,"D",.,"A",.,"A"
"20101",2198182,53,0,"1",.,"A",.,"A",.,"A",.,"A",.,"A",.,"A",.,"A",.,"A",.,"A",0,"D",0,"D",15,"D",60,"D",0,"D",.,"A"
"20101",2198202,44,0,"1",.,"A",.,"A",.,"A",50,"D",.,"A",.,"A",.,"A",.,"A",.,"A",0,"D",0,"D",30,"D",120,"D",0,"D",.,"A"
"20101",2198212,65,0,"1",.,"A",.,"A",.,"A",.,"A",.,"A",.,"A",.,"A",.,"A",.,"A",.,"A",.,"A",.,"A",71,"D",.,"A",.,"A"
"20101",2198222,92,0,"1",.,"A",.,"A",.,"A",.,"A",.,"A",.,"A",.,"A",.,"A",.,"A",.,"A",.,"A",.,"A",15,"D",.,"A",.,"A"
"20101",2198232,82,0,"1",.,"A",.,"A",.,"A",.,"A",.,"A",50,"D",.,"A",.,"A",21,"D",.,"A",.,"A",.,"A",50,"D",.,"A",.,"A"
"20101",2198252,37,0,"1",.,"A",.,"A",.,"A",.,"A",15,"D",.,"A",.,"A",.,"A",.,"A",90,"D",0,"D",0,"D",60,"D",30,"D",.,"A"
"20101",2198262,36,0,"1",.,"A",.,"A",.,"A",.,"A",.,"A",40,"D",.,"A",.,"A",.,"A",.,"A",.,"A",.,"A",75,"D",.,"A",.,"A"
"20101",2198272,31,0,"1",.,"A",.,"A",.,"A",.,"A",.,"A",.,"A",.,"A",.,"A",.,"A",.,"A",.,"A",.,"A",.,"A",.,"A",.,"A"
"20101",2198282,28,0,"1",.,"A",.,"A",.,"A",.,"A",10,"D",.,"A",.,"A",.,"A",732,"D",.,"A",.,"A",.,"A",.,"A",.,"A",.,"A"
"20101",2198302,53,0,"1",.,"A",.,"A",.,"A",.,"A",.,"A",.,"A",.,"A",.,"A",.,"A",.,"A",.,"A",.,"A",.,"A",.,"A",.,"A"
"20101",2198312,50,0,"1",.,"A",.,"A",.,"A",.,"A",.,"A",.,"A",.,"A",.,"A",.,"A",.,"A",.,"A",.,"A",100,"D",.,"A",.,"A"
"20101",2198342,32,0,"1",.,"A",.,"A",.,"A",.,"A",120,"D",.,"A",169,"D",.,"A",.,"A",.,"A",.,"A",.,"A",.,"A",.,"A",.,"A"
"20101",2198352,40,0,"1",.,"A",.,"A",.,"A",.,"A",.,"A",.,"A",.,"A",.,"A",.,"A",.,"A",.,"A",.,"A",.,"A",.,"A",.,"A"
"20101",2198362,52,0,"1",.,"A",.,"A",.,"A",.,"A",45,"D",.,"A",.,"A",.,"A",.,"A",.,"A",.,"A",.,"A",60,"D",.,"A",.,"A"
"20101",2198375,51,0,"1",.,"A",.,"A",.,"A",.,"A",.,"A",.,"A",.,"A",.,"A",.,"A",.,"A",.,"A",.,"A",120,"D",.,"A",.,"A"
"20101",2198382,42,0,"1",.,"A",.,"A",.,"A",.,"A",.,"A",.,"A",.,"A",.,"A",.,"A",.,"A",.,"A",.,"A",50,"D",.,"A",.,"A"
"20101",2198392,53,0,"1",.,"A",.,"A",.,"A",.,"A",10,"D",25,"D",.,"A",.,"A",15,"D",.,"A",.,"A",.,"A",75,"D",.,"A",.,"A"
"20101",2198402,37,0,"1",.,"A",.,"A",.,"A",.,"A",.,"A",.,"A",260,"D",.,"A",.,"A",.,"A",.,"A",.,"A",.,"A",.,"A",.,"A"
"20101",2198412,67,0,"1",.,"A",.,"A",.,"A",.,"A",.,"A",.,"A",.,"A",.,"A",.,"A",.,"A",.,"A",.,"A",.,"A",.,"A",.,"A"
"20101",2198422,50,0,"1",.,"A",.,"A",.,"A",.,"A",.,"A",.,"A",.,"A",.,"A",.,"A",.,"A",.,"A",.,"A",420,"D",.,"A",.,"A"
"20101",2198432,48,0,"1",.,"A",.,"A",.,"A",.,"A",.,"A",25,"D",.,"A",.,"A",.,"A",.,"A",.,"A",.,"A",120,"D",.,"A",.,"A"
"20101",2198442,49,0,"1",.,"A",.,"A",.,"A",.,"A",.,"A",100,"D",.,"A",.,"A",.,"A",.,"A",.,"A",.,"A",275,"D",.,"A",.,"A"
"20101",2198452,59,0,"1",.,"A",.,"A",.,"A",.,"A",.,"A",.,"A",.,"A",.,"A",.,"A",.,"A",.,"A",.,"A",.,"A",.,"A",.,"A"
"20101",2198462,51,0,"1",.,"A",.,"A",.,"A",.,"A",.,"A",.,"A",390,"D",.,"A",15,"D",.,"A",.,"A",.,"A",.,"A",.,"A",.,"A"
"20101",2198472,41,0,"1",.,"A",.,"A",.,"A",.,"A",.,"A",.,"A",.,"A",.,"A",.,"A",.,"A",.,"A",.,"A",100,"D",.,"A",.,"A"
"20101",2198482,30,0,"1",.,"A",.,"A",.,"A",.,"A",.,"A",.,"A",.,"A",.,"A",.,"A",.,"A",.,"A",.,"A",50,"D",.,"A",.,"A"
"20101",2198512,51,0,"1",.,"A",.,"A",.,"A",.,"A",.,"A",.,"A",.,"A",.,"A",.,"A",.,"A",.,"A",.,"A",120,"D",.,"A",.,"A"
"20101",2198522,78,0,"1",.,"A",.,"A",.,"A",.,"A",.,"A",50,"D",.,"A",.,"A",60,"D",.,"A",.,"A",.,"A",400,"D",.,"A",.,"A"
"20101",2198532,41,0,"1",.,"A",.,"A",.,"A",.,"A",.,"A",.,"A",.,"A",.,"A",.,"A",.,"A",.,"A",.,"A",68,"D",.,"A",.,"A"
"20101",2198542,45,0,"1",.,"A",.,"A",.,"A",.,"A",.,"A",.,"A",.,"A",.,"A",.,"A",.,"A",.,"A",.,"A",20,"D",.,"A",.,"A"
"20101",2198562,49,0,"1",.,"A",.,"A",.,"A",.,"A",.,"A",.,"A",.,"A",.,"A",.,"A",.,"A",.,"A",.,"A",.,"A",.,"A",.,"A"
"20101",2198572,46,0,"1",.,"A",.,"A",.,"A",.,"A",.,"A",.,"A",.,"A",.,"A",.,"A",.,"A",.,"A",.,"A",.,"A",.,"A",.,"A"
"20101",2198582,49,0,"1",.,"A",.,"A",.,"A",.,"A",.,"A",.,"A",.,"A",.,"A",.,"A",.,"A",.,"A",.,"A",60,"D",.,"A",.,"A"
"20101",2198602,34,0,"1",.,"A",.,"A",.,"A",.,"A",.,"A",.,"A",.,"A",.,"A",.,"A",.,"A",.,"A",.,"A",.,"A",.,"A",.,"A"
"20101",2198612,28,0,"1",.,"A",.,"A",.,"A",.,"A",.,"A",.,"A",.,"A",.,"A",.,"A",0,"D",0,"D",210,"D",170,"D",0,"D",.,"A"
"20101",2198623,87,0,"1",.,"A",.,"A",.,"A",.,"A",.,"A",21,"D",.,"A",.,"A",.,"A",.,"A",.,"A",.,"A",257,"D",.,"A",.,"A"
"20101",2198632,102,0,"1",.,"A",.,"A",.,"A",.,"A",.,"A",.,"A",.,"A",.,"A",.,"A",.,"A",.,"A",.,"A",21,"D",.,"A",.,"A"
"20101",2198652,55,0,"1",.,"A",.,"A",.,"A",.,"A",.,"A",.,"A",234,"D",.,"A",.,"A",.,"A",.,"A",.,"A",90,"D",.,"A",.,"A"
"20101",2198662,29,0,"1",.,"A",.,"A",.,"A",.,"A",12,"D",.,"A",.,"A",.,"A",.,"A",.,"A",.,"A",.,"A",.,"A",.,"A",.,"A"
"20101",2198682,68,0,"1",.,"A",.,"A",.,"A",.,"A",.,"A",.,"A",.,"A",.,"A",.,"A",.,"A",.,"A",.,"A",240,"D",.,"A",.,"A"
"20101",2198692,28,0,"1",.,"A",.,"A",.,"A",.,"A",.,"A",.,"A",.,"A",.,"A",.,"A",.,"A",.,"A",.,"A",.,"A",.,"A",.,"A"
"20101",2198702,27,0,"1",.,"A",.,"A",.,"A",.,"A",.,"A",.,"A",.,"A",195,"D",.,"A",.,"A",.,"A",.,"A",.,"A",.,"A",.,"A"
"20101",2198732,26,0,"1",.,"A",.,"A",.,"A",.,"A",.,"A",240,"D",.,"A",.,"A",.,"A",270,"D",0,"D",0,"D",.,"A",90,"D",.,"A"
"20101",2198742,49,0,"1",.,"A",.,"A",.,"A",.,"A",.,"A",.,"A",.,"A",.,"A",.,"A",.,"A",.,"A",.,"A",80,"D",.,"A",.,"A"
"20101",2198762,28,0,"1",.,"A",.,"A",.,"A",.,"A",.,"A",.,"A",.,"A",.,"A",.,"A",.,"A",.,"A",.,"A",.,"A",.,"A",.,"A"
"20101",2198782,75,0,"1",.,"A",.,"A",.,"A",.,"A",.,"A",.,"A",.,"A",.,"A",.,"A",0,"D",0,"D",33,"D",85,"D",0,"D",.,"A"
"20101",2198802,46,0,"1",.,"A",.,"A",.,"A",.,"A",.,"A",.,"A",130,"D",.,"A",.,"A",.,"A",.,"A",.,"A",90,"D",.,"A",.,"A"
"20101",2198812,54,0,"1",.,"A",.,"A",.,"A",.,"A",.,"A",.,"A",.,"A",.,"A",.,"A",.,"A",.,"A",.,"A",50,"D",.,"A",.,"A"
"20101",2198822,54,0,"1",.,"A",.,"A",.,"A",.,"A",.,"A",.,"A",.,"A",.,"A",.,"A",.,"A",.,"A",.,"A",.,"A",.,"A",.,"A"
"20101",2198832,40,0,"1",.,"A",.,"A",.,"A",.,"A",.,"A",.,"A",.,"A",.,"A",.,"A",.,"A",.,"A",.,"A",90,"D",.,"A",.,"A"
"20101",2198842,30,0,"1",.,"A",.,"A",.,"A",.,"A",.,"A",.,"A",.,"A",.,"A",36,"D",.,"A",.,"A",.,"A",.,"A",.,"A",.,"A"
"20101",2198872,56,0,"1",.,"A",.,"A",.,"A",.,"A",.,"A",.,"A",1300,"D",.,"A",.,"A",.,"A",.,"A",.,"A",.,"A",.,"A",.,"A"
"20101",2198882,53,0,"1",.,"A",.,"A",.,"A",.,"A",.,"A",.,"A",.,"A",.,"A",.,"A",.,"A",.,"A",.,"A",135,"D",.,"A",.,"A"
"20101",2198892,31,0,"1",.,"A",.,"A",.,"A",.,"A",.,"A",.,"A",.,"A",.,"A",.,"A",.,"A",.,"A",.,"A",.,"A",.,"A",.,"A"
"20101",2198912,26,0,"1",.,"A",.,"A",.,"A",.,"A",.,"A",.,"A",.,"A",.,"A",.,"A",.,"A",.,"A",.,"A",.,"A",.,"A",.,"A"
"20101",2198952,40,0,"1",.,"A",.,"A",.,"A",.,"A",.,"A",.,"A",.,"A",.,"A",.,"A",.,"A",.,"A",.,"A",.,"A",.,"A",.,"A"
"20101",2198962,58,0,"1",.,"A",.,"A",.,"A",.,"A",.,"A",.,"A",.,"A",.,"A",.,"A",.,"A",.,"A",.,"A",245,"D",.,"A",.,"A"
"20101",2198972,30,0,"1",.,"A",.,"A",.,"A",.,"A",.,"A",.,"A",.,"A",.,"A",.,"A",.,"A",.,"A",.,"A",.,"A",.,"A",.,"A"
"20101",2198992,51,0,"1",.,"A",.,"A",.,"A",.,"A",.,"A",.,"A",2340,"D",.,"A",.,"A",.,"A",.,"A",.,"A",10,"D",.,"A",.,"A"
"20101",2199012,46,0,"1",.,"A",.,"A",.,"A",.,"A",.,"A",.,"A",.,"A",.,"A",30,"D",.,"A",.,"A",.,"A",.,"A",.,"A",.,"A"
"20101",2199022,51,0,"1",.,"A",.,"A",.,"A",.,"A",.,"A",.,"A",.,"A",.,"A",.,"A",.,"A",.,"A",.,"A",35,"D",.,"A",.,"A"
"20101",2199032,46,0,"1",.,"A",.,"A",.,"A",.,"A",.,"A",.,"A",.,"A",.,"A",.,"A",.,"A",.,"A",.,"A",60,"D",.,"A",.,"A"
"20101",2199042,34,0,"1",.,"A",.,"A",.,"A",.,"A",120,"D",.,"A",143,"D",.,"A",.,"A",.,"A",.,"A",.,"A",.,"A",.,"A",.,"A"
"20101",2199082,57,0,"1",.,"A",.,"A",.,"A",.,"A",.,"A",.,"A",.,"A",.,"A",.,"A",.,"A",.,"A",.,"A",105,"D",.,"A",.,"A"
"20101",2199092,31,0,"1",.,"A",.,"A",.,"A",45,"D",240,"D",.,"A",.,"A",.,"A",.,"A",105,"D",0,"D",0,"D",45,"D",35,"D",.,"A"
"20101",2199122,57,0,"1",.,"A",.,"A",.,"A",.,"A",.,"A",.,"A",.,"A",.,"A",.,"A",.,"A",.,"A",.,"A",144,"D",.,"A",.,"A"
"20101",2199132,82,0,"1",.,"A",.,"A",.,"A",.,"A",.,"A",.,"A",520,"D",.,"A",.,"A",.,"A",.,"A",.,"A",55,"D",.,"A",.,"A"
"20101",2199142,35,0,"1",.,"A",.,"A",.,"A",.,"A",60,"D",.,"A",.,"A",.,"A",.,"A",.,"A",.,"A",.,"A",20,"D",.,"A",.,"A"
"20101",2199162,37,0,"1",.,"A",.,"A",.,"A",.,"A",80,"D",.,"A",.,"A",.,"A",.,"A",.,"A",.,"A",.,"A",.,"A",.,"A",.,"A"
"20101",2199202,35,0,"1",.,"A",.,"A",.,"A",.,"A",74,"D",.,"A",.,"A",.,"A",.,"A",144,"D",0,"D",0,"D",14,"D",48,"D",.,"A"
"20101",2199212,37,0,"1",.,"A",.,"A",.,"A",.,"A",.,"A",.,"A",.,"A",.,"A",.,"A",.,"A",.,"A",.,"A",.,"A",.,"A",.,"A"
"20101",2199222,33,0,"1",.,"A",.,"A",.,"A",390,"D",520,"D",.,"A",.,"A",260,"D",.,"A",.,"A",.,"A",.,"A",39,"D",.,"A",.,"A"
"20101",2199232,45,0,"1",.,"A",.,"A",.,"A",.,"A",.,"A",.,"A",.,"A",.,"A",.,"A",.,"A",.,"A",.,"A",.,"A",.,"A",.,"A"
"20101",2199242,24,0,"1",.,"A",.,"A",.,"A",.,"A",.,"A",.,"A",260,"D",.,"A",.,"A",.,"A",.,"A",.,"A",.,"A",.,"A",.,"A"
"20101",2199262,60,0,"1",.,"A",.,"A",.,"A",.,"A",.,"A",.,"A",.,"A",.,"A",.,"A",.,"A",.,"A",.,"A",254,"D",.,"A",.,"A"
"20101",2199272,57,0,"1",.,"A",.,"A",.,"A",.,"A",.,"A",19,"D",.,"A",.,"A",.,"A",.,"A",.,"A",.,"A",115,"D",.,"A",.,"A"
"20101",2199282,48,0,"1",.,"A",.,"A",.,"A",.,"A",.,"A",.,"A",.,"A",.,"A",.,"A",.,"A",.,"A",.,"A",.,"A",.,"A",.,"A"
"20101",2199292,60,0,"1",.,"A",.,"A",.,"A",.,"A",.,"A",.,"A",.,"A",.,"A",.,"A",.,"A",.,"A",.,"A",15,"D",.,"A",.,"A"
"20101",2199302,24,0,"1",.,"A",.,"A",.,"A",.,"A",.,"A",.,"A",325,"D",.,"A",.,"A",.,"A",.,"A",.,"A",.,"A",.,"A",.,"A"
"20101",2199312,42,0,"1",.,"A",.,"A",.,"A",.,"A",.,"A",.,"A",.,"A",.,"A",.,"A",.,"A",.,"A",.,"A",9,"D",.,"A",.,"A"
"20101",2199322,35,0,"1",.,"A",.,"A",.,"A",.,"A",.,"A",.,"A",52,"D",.,"A",.,"A",.,"A",.,"A",.,"A",.,"A",.,"A",.,"A"
"20101",2199342,39,0,"1",.,"A",.,"A",.,"A",.,"A",.,"A",.,"A",975,"D",.,"A",.,"A",.,"A",.,"A",.,"A",.,"A",.,"A",.,"A"
"20101",2199352,69,0,"1",.,"A",.,"A",.,"A",.,"A",.,"A",62,"D",.,"A",.,"A",.,"A",.,"A",.,"A",.,"A",24,"D",.,"A",.,"A"
"20101",2199413,72,0,"1",4,"D",.,"A",.,"A",.,"A",0,"D",.,"A",.,"A",.,"A",.,"A",.,"A",.,"A",.,"A",70,"D",.,"A",.,"A"
"20101",2199432,36,0,"1",.,"A",.,"A",.,"A",.,"A",.,"A",.,"A",.,"A",.,"A",.,"A",.,"A",.,"A",.,"A",.,"A",.,"A",.,"A"
"20101",2199462,25,0,"1",0,"F",.,"A",.,"A",.,"A",14,"F",.,"A",.,"A",.,"A",.,"A",.,"A",.,"A",.,"A",.,"A",.,"A",.,"A"
"20101",2199472,72,0,"1",.,"A",.,"A",.,"A",.,"A",.,"A",.,"A",.,"A",.,"A",.,"A",.,"A",.,"A",.,"A",60,"D",.,"A",.,"A"
"20101",2199482,69,0,"1",.,"A",.,"A",.,"A",.,"A",.,"A",.,"A",.,"A",.,"A",.,"A",.,"A",.,"A",.,"A",200,"D",.,"A",.,"A"
"20101",2199492,25,0,"1",.,"A",.,"A",.,"A",.,"A",5,"D",.,"A",.,"A",.,"A",.,"A",.,"A",.,"A",.,"A",.,"A",.,"A",.,"A"
"20101",2199502,52,0,"1",.,"A",.,"A",.,"A",.,"A",.,"A",45,"D",.,"A",.,"A",36,"D",.,"A",.,"A",.,"A",60,"D",.,"A",.,"A"
"20101",2199522,57,0,"1",.,"A",.,"A",.,"A",.,"A",.,"A",.,"A",.,"A",.,"A",.,"A",.,"A",.,"A",.,"A",.,"A",.,"A",.,"A"
"20101",2199532,77,0,"1",.,"A",.,"A",.,"A",.,"A",.,"A",.,"A",.,"A",.,"A",60,"D",.,"A",.,"A",.,"A",200,"D",.,"A",.,"A"
"20101",2199552,76,0,"1",25,"D",.,"A",.,"A",.,"A",0,"D",60,"D",.,"A",.,"A",.,"A",0,"D",0,"D",30,"D",137,"D",0,"D",.,"A"
"20101",2199562,62,0,"1",.,"A",.,"A",.,"A",.,"A",.,"A",.,"A",.,"A",.,"A",.,"A",.,"A",.,"A",.,"A",165,"D",.,"A",.,"A"
"20101",2199572,44,0,"1",.,"A",.,"A",.,"A",.,"A",.,"A",.,"A",390,"D",.,"A",.,"A",.,"A",.,"A",.,"A",35,"D",.,"A",.,"A"
"20101",2199582,85,0,"1",.,"A",.,"A",.,"A",.,"A",.,"A",.,"A",.,"A",.,"A",30,"D",.,"A",.,"A",.,"A",110,"D",.,"A",.,"A"
"20101",2199592,44,0,"1",.,"A",.,"A",.,"A",.,"A",.,"A",.,"A",.,"A",.,"A",.,"A",.,"A",.,"A",.,"A",.,"A",.,"A",.,"A"
"20101",2199602,30,0,"1",.,"A",.,"A",.,"A",.,"A",.,"A",.,"A",.,"A",.,"A",.,"A",.,"A",.,"A",.,"A",.,"A",.,"A",.,"A"
"20101",2199622,73,0,"1",.,"A",.,"A",.,"A",.,"A",.,"A",.,"A",.,"A",.,"A",.,"A",.,"A",.,"A",.,"A",206,"D",.,"A",.,"A"
"20101",2199632,33,0,"1",.,"A",.,"A",.,"A",80,"D",.,"A",.,"A",.,"A",.,"A",.,"A",0,"D",0,"D",18,"D",.,"A",0,"D",.,"A"
"20101",2199642,25,0,"1",.,"A",.,"A",.,"A",.,"A",120,"D",.,"A",.,"A",.,"A",.,"A",.,"A",.,"A",.,"A",15,"D",.,"A",.,"A"
"20101",2199652,46,0,"1",.,"A",.,"A",.,"A",.,"A",.,"A",.,"A",.,"A",.,"A",.,"A",.,"A",.,"A",.,"A",102,"D",.,"A",.,"A"
"20101",2199662,69,0,"1",.,"A",.,"A",.,"A",.,"A",.,"A",.,"A",.,"A",.,"A",.,"A",.,"A",.,"A",.,"A",.,"A",.,"A",.,"A"
"20101",2199672,76,0,"1",.,"A",.,"A",.,"A",.,"A",.,"A",.,"A",.,"A",.,"A",.,"A",.,"A",.,"A",.,"A",40,"D",.,"A",.,"A"
"20101",2199682,55,0,"1",.,"A",.,"A",.,"A",.,"A",.,"A",120,"D",.,"A",.,"A",.,"A",.,"A",.,"A",.,"A",250,"D",.,"A",.,"A"
"20101",2199722,39,0,"1",.,"A",.,"A",.,"A",.,"A",.,"A",.,"A",260,"D",.,"A",.,"A",.,"A",.,"A",.,"A",.,"A",.,"A",.,"A"
"20101",2199732,39,0,"1",.,"A",.,"A",.,"A",.,"A",.,"A",.,"A",.,"A",.,"A",.,"A",.,"A",.,"A",.,"A",85,"D",.,"A",.,"A"
"20101",2199742,51,0,"1",.,"A",.,"A",.,"A",.,"A",.,"A",.,"A",.,"A",.,"A",.,"A",.,"A",.,"A",.,"A",276,"D",.,"A",.,"A"
"20101",2199752,77,0,"1",.,"A",.,"A",65,"D",.,"A",.,"A",5,"D",.,"A",.,"A",.,"A",600,"D",0,"D",0,"D",100,"D",200,"D",210,"D"
"20101",2199765,41,0,"1",.,"A",.,"A",.,"A",.,"A",.,"A",.,"A",.,"A",.,"A",.,"A",.,"A",.,"A",.,"A",.,"A",.,"A",.,"A"
"20101",2199774,45,0,"1",.,"A",.,"A",.,"A",.,"A",.,"A",.,"A",.,"A",.,"A",.,"A",.,"A",.,"A",.,"A",75,"D",.,"A",.,"A"
"20101",2199783,51,0,"1",.,"A",.,"A",.,"A",.,"A",.,"A",40,"D",.,"A",.,"A",.,"A",540,"D",0,"D",0,"D",20,"D",180,"D",.,"A"
"20101",2199792,29,0,"1",.,"A",.,"A",.,"A",.,"A",.,"A",.,"A",.,"A",.,"A",.,"A",.,"A",.,"A",.,"A",.,"A",.,"A",.,"A"
"20101",2199812,39,0,"1",.,"A",.,"A",.,"A",.,"A",.,"A",.,"A",.,"A",.,"A",.,"A",.,"A",.,"A",.,"A",.,"A",.,"A",.,"A"
"20101",2199822,86,0,"1",.,"A",.,"A",.,"A",1330,"D",.,"A",175,"D",.,"A",.,"A",96,"D",1650,"D",0,"D",0,"D",150,"D",550,"D",.,"A"
"20101",2199832,87,0,"1",.,"A",.,"A",.,"A",.,"A",.,"A",.,"A",390,"D",.,"A",30,"D",.,"A",.,"A",.,"A",50,"D",.,"A",.,"A"
"20101",2199842,71,0,"1",.,"A",.,"A",.,"A",.,"A",130,"D",.,"A",.,"A",.,"A",.,"A",.,"A",.,"A",.,"A",.,"A",.,"A",.,"A"
"20101",2199852,49,0,"1",.,"A",.,"A",.,"A",.,"A",.,"A",9,"D",.,"A",.,"A",.,"A",.,"A",.,"A",.,"A",.,"A",.,"A",.,"A"
"20101",2199862,35,0,"1",.,"A",.,"A",.,"A",.,"A",.,"A",.,"A",.,"A",.,"A",.,"A",.,"A",.,"A",.,"A",.,"A",.,"A",.,"A"
"20101",2199872,53,0,"1",.,"A",.,"A",.,"A",.,"A",.,"A",.,"A",.,"A",.,"A",.,"A",.,"A",.,"A",.,"A",80,"D",.,"A",.,"A"
"20101",2199882,60,0,"1",.,"A",.,"A",.,"A",.,"A",.,"A",.,"A",.,"A",.,"A",.,"A",.,"A",.,"A",.,"A",.,"A",.,"A",.,"A"
"20101",2199892,72,0,"1",.,"A",.,"A",.,"A",.,"A",.,"A",.,"A",.,"A",.,"A",.,"A",.,"A",.,"A",.,"A",75,"D",.,"A",.,"A"
"20101",2199902,53,0,"1",.,"A",.,"A",.,"A",.,"A",.,"A",.,"A",.,"A",.,"A",.,"A",.,"A",.,"A",.,"A",40,"D",.,"A",.,"A"
"20101",2199912,65,0,"1",.,"A",.,"A",.,"A",.,"A",.,"A",.,"A",.,"A",.,"A",.,"A",.,"A",.,"A",.,"A",60,"D",.,"A",.,"A"
"20101",2199922,70,0,"1",.,"A",.,"A",.,"A",40,"D",.,"A",100,"D",.,"A",.,"A",.,"A",.,"A",.,"A",.,"A",345,"D",.,"A",.,"A"
"20101",2199932,45,0,"1",.,"A",.,"A",.,"A",.,"A",.,"A",.,"A",.,"A",91,"D",.,"A",.,"A",.,"A",.,"A",20,"D",.,"A",.,"A"
"20101",2199942,56,0,"1",.,"A",.,"A",.,"A",.,"A",.,"A",.,"A",.,"A",78,"D",.,"A",.,"A",.,"A",.,"A",35,"D",.,"A",.,"A"
"20101",2199962,42,0,"1",.,"A",.,"A",.,"A",.,"A",.,"A",.,"A",390,"D",.,"A",.,"A",.,"A",.,"A",.,"A",40,"D",.,"A",.,"A"
"20101",2200002,34,0,"1",.,"A",.,"A",.,"A",.,"A",.,"A",.,"A",.,"A",.,"A",.,"A",.,"A",.,"A",.,"A",.,"A",.,"A",.,"A"
"20101",2200012,78,0,"1",.,"A",.,"A",.,"A",.,"A",.,"A",.,"A",.,"A",.,"A",.,"A",.,"A",.,"A",.,"A",660,"D",.,"A",.,"A"
"20101",2200022,54,0,"1",.,"A",.,"A",.,"A",.,"A",.,"A",.,"A",.,"A",.,"A",.,"A",.,"A",.,"A",.,"A",70,"D",.,"A",.,"A"
"20101",2200032,70,0,"1",.,"A",.,"A",.,"A",.,"A",.,"A",.,"A",.,"A",.,"A",.,"A",.,"A",.,"A",.,"A",220,"D",.,"A",.,"A"
"20101",2200042,52,0,"1",.,"A",.,"A",.,"A",.,"A",.,"A",.,"A",1300,"D",.,"A",108,"D",.,"A",.,"A",.,"A",.,"A",.,"A",.,"A"
"20101",2200052,76,0,"1",.,"A",.,"A",.,"A",.,"A",.,"A",.,"A",.,"A",.,"A",27,"D",.,"A",.,"A",.,"A",43,"D",.,"A",.,"A"
"20101",2200062,29,0,"1",.,"A",.,"A",.,"A",.,"A",.,"A",.,"A",.,"A",.,"A",.,"A",.,"A",.,"A",.,"A",20,"D",.,"A",.,"A"
"20101",2200072,37,0,"1",.,"A",.,"A",.,"A",.,"A",.,"A",.,"A",.,"A",.,"A",.,"A",.,"A",.,"A",.,"A",.,"A",.,"A",.,"A"
"20101",2200082,31,0,"1",.,"A",.,"A",.,"A",.,"A",.,"A",.,"A",.,"A",.,"A",.,"A",.,"A",.,"A",.,"A",.,"A",.,"A",.,"A"
"20101",2200092,27,0,"1",.,"A",.,"A",.,"A",.,"A",.,"A",.,"A",.,"A",.,"A",.,"A",0,"D",0,"D",42,"D",30,"D",0,"D",.,"A"
"20101",2200112,64,0,"1",.,"A",.,"A",.,"A",.,"A",10,"D",.,"A",.,"A",.,"A",.,"A",.,"A",.,"A",.,"A",120,"D",.,"A",.,"A"
"20101",2200122,84,0,"1",.,"A",50,"D",10,"D",.,"A",.,"A",150,"D",.,"A",.,"A",.,"A",0,"D",0,"D",90,"D",200,"D",0,"D",.,"A"
"20101",2200132,31,0,"1",.,"A",.,"A",.,"A",.,"A",.,"A",.,"A",.,"A",.,"A",.,"A",.,"A",.,"A",.,"A",10,"D",.,"A",.,"A"
"20101",2200142,48,0,"1",.,"A",.,"A",.,"A",.,"A",.,"A",.,"A",.,"A",.,"A",.,"A",.,"A",.,"A",.,"A",8,"D",.,"A",.,"A"
"20101",2200152,29,0,"1",.,"A",.,"A",.,"A",.,"A",.,"A",.,"A",390,"D",.,"A",.,"A",.,"A",.,"A",.,"A",.,"A",.,"A",.,"A"
"20101",2200162,59,0,"1",.,"A",.,"A",.,"A",.,"A",.,"A",30,"D",.,"A",.,"A",.,"A",.,"A",.,"A",.,"A",135,"D",.,"A",.,"A"
"20101",2200182,39,0,"1",.,"A",.,"A",.,"A",.,"A",.,"A",.,"A",.,"A",.,"A",.,"A",.,"A",.,"A",.,"A",.,"A",.,"A",.,"A"
"20101",2200192,28,0,"1",.,"A",.,"A",.,"A",100,"D",60,"D",120,"D",.,"A",.,"A",.,"A",0,"D",0,"D",270,"D",80,"D",0,"D",.,"A"
"20101",2200212,52,0,"1",.,"A",.,"A",.,"A",.,"A",.,"A",.,"A",.,"A",.,"A",.,"A",420,"D",0,"D",0,"D",102,"D",140,"D",.,"A"
"20101",2200222,35,0,"1",.,"A",.,"A",.,"A",.,"A",.,"A",.,"A",.,"A",.,"A",.,"A",.,"A",.,"A",.,"A",.,"A",.,"A",.,"A"
"20101",2200232,26,0,"1",.,"A",.,"A",.,"A",.,"A",.,"A",.,"A",520,"D",.,"A",.,"A",180,"D",0,"D",0,"D",.,"A",60,"D",.,"A"
"20101",2200252,36,0,"1",.,"A",.,"A",75,"D",.,"A",.,"A",.,"A",.,"A",.,"A",.,"A",.,"A",.,"A",.,"A",30,"D",.,"A",.,"A"
"20101",2200262,30,0,"1",.,"A",.,"A",.,"A",.,"A",.,"A",.,"A",.,"A",.,"A",.,"A",.,"A",.,"A",.,"A",.,"A",.,"A",.,"A"
"20101",2200272,42,0,"1",.,"A",.,"A",.,"A",.,"A",.,"A",.,"A",.,"A",.,"A",.,"A",.,"A",.,"A",.,"A",60,"D",.,"A",.,"A"
"20101",2200302,81,0,"1",.,"A",.,"A",1,"D",.,"A",.,"A",.,"A",.,"A",.,"A",.,"A",.,"A",.,"A",.,"A",145,"D",.,"A",.,"A"
"20101",2200312,65,0,"1",.,"A",.,"A",.,"A",.,"A",.,"A",.,"A",.,"A",.,"A",.,"A",.,"A",.,"A",.,"A",60,"D",.,"A",.,"A"
"20101",2200322,59,0,"1",.,"A",.,"A",.,"A",.,"A",.,"A",.,"A",.,"A",.,"A",.,"A",.,"A",.,"A",.,"A",100,"D",.,"A",.,"A"
"20101",2200332,87,0,"1",.,"A",.,"A",.,"A",.,"A",.,"A",.,"A",.,"A",.,"A",.,"A",.,"A",.,"A",.,"A",100,"D",.,"A",.,"A"
"20101",2200342,55,0,"1",.,"A",.,"A",.,"A",.,"A",.,"A",50,"D",780,"D",.,"A",.,"A",.,"A",.,"A",.,"A",120,"D",.,"A",.,"A"
"20101",2200352,40,0,"1",.,"A",.,"A",.,"A",.,"A",70,"D",.,"A",.,"A",.,"A",.,"A",.,"A",.,"A",.,"A",60,"D",.,"A",.,"A"
"20101",2200372,49,0,"1",.,"A",.,"A",.,"A",.,"A",.,"A",.,"A",.,"A",.,"A",.,"A",.,"A",.,"A",.,"A",30,"D",.,"A",.,"A"
"20101",2200382,48,0,"1",.,"A",.,"A",.,"A",.,"A",.,"A",.,"A",130,"D",.,"A",.,"A",.,"A",.,"A",.,"A",48,"D",.,"A",.,"A"
"20101",2200392,49,0,"1",.,"A",.,"A",.,"A",.,"A",.,"A",.,"A",.,"A",.,"A",.,"A",.,"A",.,"A",.,"A",25,"D",.,"A",.,"A"
"20101",2200402,43,0,"1",.,"A",.,"A",.,"A",.,"A",.,"A",30,"D",.,"A",.,"A",.,"A",.,"A",.,"A",.,"A",50,"D",.,"A",.,"A"
"20101",2200412,32,0,"1",.,"A",.,"A",.,"A",.,"A",210,"D",.,"A",.,"A",.,"A",.,"A",.,"A",.,"A",.,"A",300,"D",.,"A",.,"A"
"20101",2200452,30,0,"1",.,"A",.,"A",.,"A",.,"A",.,"A",.,"A",.,"A",.,"A",.,"A",.,"A",.,"A",.,"A",.,"A",.,"A",.,"A"
"20101",2200462,33,0,"1",.,"A",.,"A",.,"A",.,"A",.,"A",.,"A",130,"D",.,"A",.,"A",.,"A",.,"A",.,"A",.,"A",.,"A",.,"A"
"20101",2200472,50,0,"1",.,"A",.,"A",.,"A",.,"A",.,"A",.,"A",.,"A",.,"A",.,"A",.,"A",.,"A",.,"A",60,"D",.,"A",.,"A"
"20101",2200482,67,0,"1",.,"A",.,"A",.,"A",.,"A",.,"A",.,"A",.,"A",.,"A",.,"A",.,"A",.,"A",.,"A",140,"D",.,"A",.,"A"
"20101",2200492,48,0,"1",.,"A",.,"A",.,"A",.,"A",.,"A",.,"A",.,"A",.,"A",.,"A",.,"A",.,"A",.,"A",20,"D",.,"A",.,"A"
"20101",2200502,48,0,"1",.,"A",.,"A",.,"A",.,"A",.,"A",.,"A",.,"A",.,"A",.,"A",.,"A",.,"A",.,"A",44,"D",.,"A",.,"A"
"20101",2200512,49,0,"1",.,"A",.,"A",.,"A",.,"A",.,"A",.,"A",585,"D",.,"A",.,"A",.,"A",.,"A",.,"A",.,"A",.,"A",.,"A"
"20101",2200522,53,0,"1",.,"A",.,"A",.,"A",.,"A",.,"A",.,"A",.,"A",.,"A",.,"A",.,"A",.,"A",.,"A",40,"D",.,"A",.,"A"
"20101",2200542,43,0,"1",.,"A",.,"A",.,"A",.,"A",.,"A",.,"A",.,"A",.,"A",.,"A",.,"A",.,"A",.,"A",.,"A",.,"A",.,"A"
"20101",2200552,34,0,"1",.,"A",.,"A",.,"A",.,"A",.,"A",.,"A",.,"A",.,"A",.,"A",.,"A",.,"A",.,"A",.,"A",.,"A",.,"A"
"20101",2200562,42,0,"1",.,"A",.,"A",.,"A",.,"A",.,"A",.,"A",.,"A",.,"A",.,"A",.,"A",.,"A",.,"A",.,"A",.,"A",.,"A"
"20101",2200582,51,0,"1",.,"A",.,"A",.,"A",.,"A",.,"A",.,"A",.,"A",.,"A",.,"A",.,"A",.,"A",.,"A",.,"A",.,"A",.,"A"
"20101",2200602,36,0,"1",.,"A",.,"A",.,"A",.,"A",.,"A",.,"A",.,"A",.,"A",.,"A",.,"A",.,"A",.,"A",.,"A",.,"A",.,"A"
"20101",2200612,29,0,"1",.,"A",.,"A",.,"A",.,"A",.,"A",.,"A",.,"A",.,"A",.,"A",.,"A",.,"A",.,"A",300,"D",.,"A",.,"A"
"20101",2200634,47,0,"1",.,"A",.,"A",.,"A",.,"A",.,"A",.,"A",.,"A",.,"A",.,"A",.,"A",.,"A",.,"A",.,"A",.,"A",.,"A"
"20101",2200642,51,0,"1",.,"A",.,"A",.,"A",.,"A",.,"A",.,"A",.,"A",.,"A",18,"D",.,"A",.,"A",.,"A",.,"A",.,"A",.,"A"
"20101",2200652,62,0,"1",.,"A",.,"A",.,"A",.,"A",.,"A",.,"A",364,"D",.,"A",.,"A",.,"A",.,"A",.,"A",.,"A",.,"A",.,"A"
"20101",2200682,42,0,"1",.,"A",.,"A",.,"A",.,"A",.,"A",.,"A",156,"D",.,"A",.,"A",.,"A",.,"A",.,"A",.,"A",.,"A",.,"A"
"20101",2200692,53,0,"1",.,"A",.,"A",.,"A",.,"A",.,"A",.,"A",455,"D",.,"A",.,"A",.,"A",.,"A",.,"A",300,"D",.,"A",.,"A"
"20101",2200702,43,0,"1",.,"A",.,"A",.,"A",10,"D",180,"D",80,"D",650,"D",.,"A",.,"A",.,"A",.,"A",.,"A",900,"D",.,"A",.,"A"
"20101",2200712,26,0,"1",.,"A",.,"A",.,"A",.,"A",300,"D",.,"A",.,"A",.,"A",.,"A",240,"D",0,"D",0,"D",.,"A",80,"D",.,"A"
"20101",2200722,27,0,"1",5,"D",.,"A",.,"A",.,"A",15,"D",.,"A",.,"A",.,"A",.,"A",.,"A",.,"A",.,"A",150,"D",.,"A",.,"A"
"20101",2200732,39,0,"1",.,"A",.,"A",.,"A",.,"A",.,"A",.,"A",.,"A",.,"A",.,"A",.,"A",.,"A",.,"A",.,"A",.,"A",.,"A"
"20101",2200742,23,0,"1",.,"A",.,"A",.,"A",.,"A",60,"D",.,"A",390,"D",.,"A",.,"A",.,"A",.,"A",.,"A",.,"A",.,"A",.,"A"
"20101",2200752,36,0,"1",.,"A",.,"A",.,"A",.,"A",.,"A",.,"A",.,"A",.,"A",.,"A",.,"A",.,"A",.,"A",10,"D",.,"A",.,"A"
"20101",2200772,78,0,"1",.,"A",.,"A",.,"A",.,"A",.,"A",.,"A",.,"A",.,"A",18,"D",.,"A",.,"A",.,"A",150,"D",.,"A",.,"A"
"20101",2200792,94,0,"1",.,"A",.,"A",.,"A",.,"A",.,"A",.,"A",.,"A",.,"A",.,"A",.,"A",.,"A",.,"A",280,"D",.,"A",.,"A"
"20101",2200802,86,0,"1",.,"A",.,"A",.,"A",.,"A",.,"A",900,"D",5850,"D",.,"A",30,"D",.,"A",.,"A",.,"A",140,"D",.,"A",.,"A"
"20101",2200812,32,0,"1",.,"A",.,"A",.,"A",.,"A",.,"A",.,"A",.,"A",.,"A",.,"A",.,"A",.,"A",.,"A",45,"D",.,"A",.,"A"
"20101",2200822,53,0,"1",.,"A",.,"A",.,"A",.,"A",.,"A",.,"A",.,"A",.,"A",.,"A",.,"A",.,"A",.,"A",.,"A",.,"A",.,"A"
"20101",2200832,52,0,"1",.,"A",.,"A",.,"A",.,"A",.,"A",.,"A",130,"D",.,"A",.,"A",.,"A",.,"A",.,"A",80,"D",.,"A",.,"A"
"20101",2200842,50,0,"1",.,"A",.,"A",.,"A",.,"A",.,"A",.,"A",.,"A",.,"A",.,"A",.,"A",.,"A",.,"A",50,"D",.,"A",.,"A"
"20101",2200884,77,0,"1",.,"A",.,"A",.,"A",.,"A",240,"D",.,"A",.,"A",.,"A",.,"A",.,"A",.,"A",.,"A",60,"D",.,"A",.,"A"
"20101",2200902,34,0,"1",10,"D",.,"A",.,"A",.,"A",90,"D",.,"A",.,"A",.,"A",.,"A",.,"A",.,"A",.,"A",30,"D",.,"A",.,"A"
"20101",2200912,36,0,"1",.,"A",.,"A",.,"A",.,"A",.,"A",.,"A",.,"A",.,"A",.,"A",.,"A",.,"A",.,"A",.,"A",.,"A",.,"A"
"20101",2200932,77,0,"1",.,"A",.,"A",.,"A",.,"A",.,"A",.,"A",39,"D",13,"D",.,"A",.,"A",.,"A",.,"A",300,"D",.,"A",.,"A"
"20101",2200942,40,0,"1",.,"A",.,"A",.,"A",.,"A",.,"A",.,"A",.,"A",.,"A",.,"A",.,"A",.,"A",.,"A",.,"A",.,"A",.,"A"
"20101",2200952,67,0,"1",.,"A",.,"A",.,"A",.,"A",.,"A",.,"A",.,"A",.,"A",.,"A",.,"A",.,"A",.,"A",40,"D",.,"A",.,"A"
"20101",2200963,72,0,"1",.,"A",.,"A",.,"A",.,"A",.,"A",67,"D",.,"A",.,"A",.,"A",.,"A",.,"A",.,"A",107,"D",.,"A",.,"A"
"20101",2200982,99,0,"1",.,"A",.,"A",.,"A",.,"A",.,"A",.,"A",.,"A",.,"A",.,"A",.,"A",.,"A",.,"A",45,"D",.,"A",.,"A"
"20101",2200992,60,0,"1",.,"A",.,"A",.,"A",.,"A",.,"A",.,"A",.,"A",.,"A",.,"A",.,"A",.,"A",.,"A",72,"D",.,"A",.,"A"
"20101",2201002,74,0,"1",.,"A",.,"A",.,"A",.,"A",.,"A",.,"A",.,"A",.,"A",.,"A",.,"A",.,"A",.,"A",.,"A",.,"A",.,"A"
"20101",2201012,28,0,"1",.,"A",.,"A",.,"A",.,"A",.,"A",.,"A",.,"A",.,"A",.,"A",.,"A",.,"A",.,"A",240,"F",.,"A",.,"A"
"20101",2201022,78,0,"1",.,"A",.,"A",.,"A",.,"A",.,"A",.,"A",234,"D",.,"A",.,"A",.,"A",.,"A",.,"A",120,"D",.,"A",.,"A"
"20101",2201032,49,0,"1",.,"A",.,"A",.,"A",.,"A",.,"A",.,"A",.,"A",.,"A",.,"A",.,"A",.,"A",.,"A",.,"A",.,"A",.,"A"
"20101",2201042,65,0,"1",.,"A",.,"A",.,"A",.,"A",.,"A",.,"A",.,"A",.,"A",.,"A",0,"D",0,"D",30,"D",40,"D",0,"D",.,"A"
"20101",2201062,59,0,"1",.,"A",.,"A",.,"A",.,"A",.,"A",.,"A",.,"A",.,"A",.,"A",.,"A",.,"A",.,"A",.,"A",.,"A",.,"A"
"20101",2201072,28,0,"1",20,"D",.,"A",.,"A",.,"A",100,"D",.,"A",.,"A",.,"A",.,"A",300,"D",0,"D",0,"D",100,"D",100,"D",.,"A"
"20101",2201082,23,0,"1",.,"A",.,"A",.,"A",.,"A",15,"D",.,"A",650,"D",.,"A",.,"A",.,"A",.,"A",.,"A",.,"A",.,"A",.,"A"
"20101",2201102,55,0,"1",.,"A",.,"A",.,"A",.,"A",.,"A",.,"A",.,"A",.,"A",.,"A",0,"D",0,"D",6,"D",100,"F",0,"D",.,"A"
"20101",2201142,27,0,"1",.,"A",.,"A",.,"A",.,"A",.,"A",.,"A",.,"A",.,"A",.,"A",.,"A",.,"A",.,"A",30,"D",.,"A",.,"A"
"20101",2201152,52,0,"1",.,"A",.,"A",.,"A",.,"A",.,"A",.,"A",.,"A",.,"A",.,"A",.,"A",.,"A",.,"A",.,"A",.,"A",.,"A"
"20101",2201162,67,0,"1",.,"A",.,"A",.,"A",.,"A",.,"A",.,"A",.,"A",.,"A",.,"A",.,"A",.,"A",.,"A",60,"D",.,"A",.,"A"
"20101",2201172,60,0,"1",.,"A",.,"A",.,"A",.,"A",.,"A",.,"A",.,"A",.,"A",.,"A",.,"A",.,"A",.,"A",26,"D",.,"A",.,"A"
"20101",2201182,52,0,"1",.,"A",.,"A",.,"A",.,"A",.,"A",60,"D",.,"A",.,"A",.,"A",.,"A",.,"A",.,"A",160,"D",.,"A",.,"A"
"20101",2201192,35,0,"1",.,"A",.,"A",.,"A",.,"A",.,"A",.,"A",.,"A",.,"A",.,"A",.,"A",.,"A",.,"A",.,"A",.,"A",.,"A"
"20101",2201202,33,0,"1",.,"A",.,"A",.,"A",.,"A",.,"A",.,"A",.,"A",.,"A",.,"A",.,"A",.,"A",.,"A",.,"A",.,"A",.,"A"
"20101",2201212,49,0,"1",.,"A",.,"A",.,"A",.,"A",.,"A",.,"A",.,"A",.,"A",.,"A",.,"A",.,"A",.,"A",20,"D",.,"A",.,"A"
"20101",2201222,39,0,"1",.,"A",.,"A",.,"A",.,"A",.,"A",.,"A",.,"A",.,"A",.,"A",.,"A",.,"A",.,"A",.,"A",.,"A",.,"A"
"20101",2201232,49,0,"1",.,"A",.,"A",.,"A",.,"A",.,"A",.,"A",.,"A",.,"A",.,"A",.,"A",.,"A",.,"A",40,"D",.,"A",.,"A"
"20101",2201242,79,0,"1",.,"A",.,"A",.,"A",.,"A",.,"A",45,"D",91,"D",.,"A",.,"A",.,"A",.,"A",.,"A",525,"D",.,"A",.,"A"
"20101",2201252,37,0,"1",.,"A",.,"A",.,"A",.,"A",3,"D",.,"A",.,"A",.,"A",.,"A",.,"A",.,"A",.,"A",60,"D",.,"A",.,"A"
"20101",2201292,40,0,"1",.,"A",.,"A",.,"A",.,"A",160,"D",.,"A",65,"D",.,"A",.,"A",.,"A",.,"A",.,"A",60,"D",.,"A",.,"A"
"20101",2201302,38,0,"1",.,"A",.,"A",.,"A",.,"A",.,"A",.,"A",.,"A",.,"A",.,"A",.,"A",.,"A",.,"A",50,"D",.,"A",.,"A"
"20101",2201315,37,0,"1",.,"A",.,"A",.,"A",.,"A",5,"D",.,"A",.,"A",.,"A",.,"A",.,"A",.,"A",.,"A",90,"D",.,"A",.,"A"
"20101",2201322,59,0,"1",.,"A",.,"A",.,"A",.,"A",.,"A",15,"D",.,"A",.,"A",.,"A",.,"A",.,"A",.,"A",111,"D",.,"A",.,"A"
"20101",2201332,49,0,"1",.,"A",.,"A",.,"A",.,"A",.,"A",.,"A",.,"A",.,"A",.,"A",.,"A",.,"A",.,"A",65,"D",.,"A",.,"A"
"20101",2201342,58,0,"1",.,"A",.,"A",.,"A",.,"A",.,"A",.,"A",208,"D",.,"A",36,"D",.,"A",.,"A",.,"A",.,"A",.,"A",.,"A"
"20101",2201362,38,0,"1",.,"A",.,"A",.,"A",.,"A",.,"A",.,"A",.,"A",.,"A",.,"A",.,"A",.,"A",.,"A",.,"A",.,"A",.,"A"
"20101",2201372,31,0,"1",.,"A",.,"A",.,"A",.,"A",.,"A",.,"A",.,"A",.,"A",.,"A",.,"A",.,"A",.,"A",60,"D",.,"A",.,"A"
"20101",2201392,54,0,"1",.,"A",.,"A",.,"A",.,"A",.,"A",.,"A",455,"D",.,"A",9,"D",.,"A",.,"A",.,"A",.,"A",.,"A",.,"A"
"20101",2201402,26,0,"1",.,"A",.,"A",.,"A",.,"A",.,"A",.,"A",.,"A",.,"A",.,"A",.,"A",.,"A",.,"A",30,"D",.,"A",.,"A"
"20101",2201412,29,0,"1",.,"A",.,"A",.,"A",.,"A",15,"D",.,"A",.,"A",.,"A",.,"A",.,"A",.,"A",.,"A",.,"A",.,"A",.,"A"
"20101",2201422,49,0,"1",.,"A",.,"A",.,"A",.,"A",.,"A",.,"A",390,"D",.,"A",.,"A",.,"A",.,"A",.,"A",.,"A",.,"A",.,"A"
"20101",2201452,41,0,"1",.,"A",.,"A",.,"A",.,"A",.,"A",30,"D",.,"A",.,"A",.,"A",.,"A",.,"A",.,"A",100,"D",.,"A",.,"A"
"20101",2201462,61,0,"1",.,"A",.,"A",.,"A",.,"A",.,"A",.,"A",.,"A",.,"A",.,"A",.,"A",.,"A",.,"A",.,"A",.,"A",.,"A"
"20101",2201472,40,0,"1",.,"A",.,"A",.,"A",.,"A",.,"A",.,"A",.,"A",.,"A",.,"A",.,"A",.,"A",.,"A",100,"D",.,"A",.,"A"
"20101",2201492,59,0,"1",.,"A",.,"A",.,"A",.,"A",.,"A",.,"A",.,"A",.,"A",75,"D",.,"A",.,"A",.,"A",150,"D",.,"A",.,"A"
"20101",2201502,37,0,"1",.,"A",.,"A",.,"A",.,"A",.,"A",.,"A",325,"D",.,"A",.,"A",.,"A",.,"A",.,"A",.,"A",.,"A",.,"A"
"20101",2201512,45,0,"1",.,"A",.,"A",.,"A",.,"A",.,"A",.,"A",.,"A",.,"A",.,"A",.,"A",.,"A",.,"A",300,"D",.,"A",.,"A"
"20101",2201522,44,0,"1",.,"A",.,"A",.,"A",.,"A",6,"D",90,"D",.,"A",.,"A",.,"A",.,"A",.,"A",.,"A",200,"D",.,"A",.,"A"
"20101",2201532,56,0,"1",.,"A",.,"A",.,"A",.,"A",.,"A",.,"A",702,"D",.,"A",60,"D",.,"A",.,"A",.,"A",.,"A",.,"A",.,"A"
"20101",2201552,46,0,"1",.,"A",.,"A",.,"A",.,"A",.,"A",.,"A",.,"A",.,"A",.,"A",240,"D",0,"D",0,"D",80,"D",80,"D",.,"A"
"20101",2201572,49,0,"1",.,"A",.,"A",.,"A",.,"A",.,"A",.,"A",.,"A",.,"A",.,"A",0,"D",0,"D",0,"D",.,"A",0,"D",.,"A"
"20101",2201582,48,0,"1",.,"A",.,"A",.,"A",.,"A",.,"A",.,"A",.,"A",.,"A",.,"A",.,"A",.,"A",.,"A",15,"D",.,"A",.,"A"
"20101",2201592,63,0,"1",.,"A",.,"A",.,"A",.,"A",.,"A",20,"D",.,"A",.,"A",.,"A",.,"A",.,"A",.,"A",446,"D",.,"A",.,"A"
"20101",2201602,30,0,"1",.,"A",.,"A",.,"A",.,"A",180,"D",.,"A",.,"A",.,"A",.,"A",45,"F",0,"D",0,"D",.,"A",.,"C",.,"A"
"20101",2201612,38,0,"1",.,"A",.,"A",.,"A",.,"A",.,"A",.,"A",.,"A",.,"A",.,"A",.,"A",.,"A",.,"A",30,"D",.,"A",.,"A"
"20101",2201632,98,0,"1",.,"A",.,"A",.,"A",.,"A",.,"A",180,"D",.,"A",.,"A",.,"A",.,"A",.,"A",.,"A",275,"D",.,"A",.,"A"
"20101",2201642,75,0,"1",.,"A",.,"A",.,"A",3,"D",12,"D",30,"D",.,"A",.,"A",24,"D",.,"A",.,"A",.,"A",300,"D",.,"A",.,"A"
"20101",2201662,57,0,"1",.,"A",.,"A",.,"A",.,"A",.,"A",.,"A",.,"A",208,"D",.,"A",.,"A",.,"A",.,"A",228,"D",.,"A",.,"A"
"20101",2201682,40,0,"1",.,"A",.,"A",.,"A",.,"A",.,"A",.,"A",.,"A",.,"A",.,"A",.,"A",.,"A",.,"A",.,"A",.,"A",.,"A"
"20101",2201692,63,0,"1",.,"A",.,"A",.,"A",.,"A",.,"A",.,"A",.,"A",.,"A",.,"A",.,"A",.,"A",.,"A",130,"D",.,"A",.,"A"
"20101",2201702,34,0,"1",.,"A",.,"A",.,"A",.,"A",.,"A",.,"A",.,"A",.,"A",.,"A",.,"A",.,"A",.,"A",.,"A",.,"A",.,"A"
"20101",2201712,48,0,"1",.,"A",.,"A",.,"A",.,"A",.,"A",.,"A",.,"A",.,"A",36,"D",.,"A",.,"A",.,"A",.,"A",.,"A",.,"A"
"20101",2201742,44,0,"1",.,"A",.,"A",.,"A",.,"A",.,"A",.,"A",.,"A",.,"A",.,"A",.,"A",.,"A",.,"A",30,"D",.,"A",.,"A"
"20101",2201752,33,0,"1",.,"A",.,"A",.,"A",.,"A",.,"A",.,"A",.,"A",.,"A",.,"A",.,"A",.,"A",.,"A",.,"A",.,"A",.,"A"
"20101",2201762,58,0,"1",.,"A",.,"A",.,"A",.,"A",.,"A",.,"A",.,"A",.,"A",.,"A",.,"A",.,"A",.,"A",30,"D",.,"A",.,"A"
"20101",2201772,44,0,"1",.,"A",.,"A",.,"A",.,"A",.,"A",.,"A",.,"A",.,"A",.,"A",.,"A",.,"A",.,"A",.,"A",.,"A",.,"A"
"20101",2201792,95,0,"1",.,"A",.,"A",.,"A",.,"A",.,"A",120,"D",559,"D",.,"A",.,"A",.,"A",.,"A",.,"A",375,"D",.,"A",.,"A"
"20101",2201802,28,0,"1",.,"A",.,"A",.,"A",.,"A",.,"A",.,"A",.,"A",.,"A",.,"A",.,"A",.,"A",.,"A",.,"A",.,"A",.,"A"
"20101",2201822,37,0,"1",.,"A",.,"A",.,"A",8,"D",100,"D",.,"A",260,"D",.,"A",9,"D",15,"D",0,"D",30,"D",.,"A",5,"D",.,"A"
"20101",2201845,49,0,"1",.,"A",.,"A",.,"A",.,"A",.,"A",.,"A",325,"D",.,"A",.,"A",.,"A",.,"A",.,"A",.,"A",.,"A",.,"A"
"20101",2201852,45,0,"1",.,"A",.,"A",.,"A",.,"A",.,"A",.,"A",195,"D",.,"A",.,"A",.,"A",.,"A",.,"A",50,"D",.,"A",.,"A"
"20101",2201862,101,0,"1",.,"A",.,"A",.,"A",200,"D",.,"A",500,"D",156,"D",130,"D",90,"D",.,"A",.,"A",.,"A",1000,"D",.,"A",.,"A"
"20101",2201872,47,0,"1",.,"A",.,"A",.,"A",.,"A",.,"A",.,"A",.,"A",.,"A",.,"A",.,"A",.,"A",.,"A",.,"A",.,"A",.,"A"
"20101",2201892,32,0,"1",.,"A",.,"A",.,"A",.,"A",.,"A",.,"A",.,"A",.,"A",.,"A",.,"A",.,"A",.,"A",.,"A",.,"A",.,"A"
"20101",2201902,58,0,"1",.,"A",.,"A",.,"A",.,"A",.,"A",.,"A",.,"A",.,"A",.,"A",.,"A",.,"A",.,"A",150,"D",.,"A",.,"A"
"20101",2201912,49,0,"1",.,"A",.,"A",.,"A",.,"A",.,"A",.,"A",.,"A",.,"A",.,"A",.,"A",.,"A",.,"A",.,"A",.,"A",.,"A"
"20101",2201932,81,0,"1",.,"A",.,"A",.,"A",.,"A",.,"A",150,"D",.,"A",.,"A",.,"A",.,"A",.,"A",.,"A",800,"D",.,"A",.,"A"
"20101",2201942,87,0,"1",.,"A",.,"A",.,"A",.,"A",.,"A",.,"A",.,"A",.,"A",.,"A",0,"D",300,"D",0,"D",380,"D",0,"D",.,"A"
"20101",2201952,34,0,"1",.,"A",.,"A",.,"A",.,"A",60,"D",.,"A",.,"A",.,"A",.,"A",.,"A",.,"A",.,"A",60,"D",.,"A",.,"A"
"20101",2201972,60,0,"1",.,"A",.,"A",.,"A",.,"A",.,"A",.,"A",.,"A",.,"A",.,"A",.,"A",.,"A",.,"A",160,"D",.,"A",.,"A"
"20101",2201982,42,0,"1",.,"A",.,"A",.,"A",.,"A",.,"A",.,"A",.,"A",.,"A",.,"A",.,"A",.,"A",.,"A",60,"D",.,"A",.,"A"
"20101",2201992,62,0,"1",.,"A",.,"A",.,"A",.,"A",.,"A",.,"A",.,"A",.,"A",.,"A",.,"A",.,"A",.,"A",20,"D",.,"A",.,"A"
"20101",2202002,21,0,"1",.,"A",.,"A",.,"A",.,"A",.,"A",.,"A",.,"A",.,"A",.,"A",.,"A",.,"A",.,"A",.,"A",.,"A",.,"A"
"20101",2202032,22,0,"1",.,"A",.,"A",.,"A",.,"A",20,"D",.,"A",.,"A",.,"A",.,"A",600,"D",0,"D",0,"D",.,"A",200,"D",.,"A"
"20101",2202062,46,0,"1",.,"A",.,"A",.,"A",.,"A",.,"A",.,"A",.,"A",.,"A",.,"A",.,"A",.,"A",.,"A",100,"D",.,"A",.,"A"
"20101",2202072,38,0,"1",.,"A",.,"A",.,"A",130,"D",20,"D",.,"A",.,"A",.,"A",.,"A",.,"A",.,"A",.,"A",.,"A",.,"A",.,"A"
"20101",2202092,51,0,"1",.,"A",.,"A",.,"A",20,"D",.,"A",.,"A",858,"D",.,"A",12,"D",.,"A",.,"A",.,"A",27,"D",.,"A",.,"A"
"20101",2202112,42,0,"1",.,"A",.,"A",.,"A",.,"A",.,"A",.,"A",104,"D",.,"A",.,"A",.,"A",.,"A",.,"A",.,"A",.,"A",.,"A"
"20101",2202162,54,0,"1",.,"A",.,"A",.,"A",.,"A",.,"A",.,"A",.,"A",.,"A",.,"A",.,"A",.,"A",.,"A",450,"D",.,"A",.,"A"
"20101",2202172,68,0,"1",.,"A",.,"A",.,"A",50,"D",.,"A",.,"A",.,"A",.,"A",6,"D",90,"D",0,"D",0,"D",50,"D",30,"D",.,"A"
"20101",2202183,53,0,"1",.,"A",.,"A",.,"A",.,"A",.,"A",.,"A",.,"A",.,"A",15,"D",.,"A",.,"A",.,"A",.,"A",.,"A",.,"A"
"20101",2202192,36,0,"1",23,"D",.,"A",.,"A",.,"A",22,"D",.,"A",195,"D",.,"A",12,"D",.,"A",.,"A",.,"A",.,"A",.,"A",.,"A"
"20101",2202202,33,0,"1",.,"A",.,"A",.,"A",.,"A",5,"D",.,"A",.,"A",.,"A",30,"D",267,"D",6,"D",6,"D",.,"A",89,"D",.,"A"
"20101",2202212,37,0,"1",.,"A",.,"A",.,"A",.,"A",.,"A",.,"A",494,"D",.,"A",.,"A",0,"D",0,"D",270,"D",30,"D",0,"D",.,"A"
"20101",2202222,50,0,"1",.,"A",.,"A",.,"A",.,"A",.,"A",.,"A",260,"D",.,"A",.,"A",.,"A",.,"A",.,"A",120,"D",.,"A",.,"A"
"20101",2202252,39,0,"1",.,"A",.,"A",.,"A",.,"A",.,"A",.,"A",.,"A",.,"A",.,"A",.,"A",.,"A",.,"A",.,"A",.,"A",.,"A"
"20101",2202262,63,0,"1",.,"A",.,"A",.,"A",.,"A",.,"A",.,"A",.,"A",.,"A",.,"A",.,"A",.,"A",.,"A",25,"D",.,"A",.,"A"
"20101",2202272,63,0,"1",.,"A",.,"A",.,"A",.,"A",.,"A",.,"A",.,"A",.,"A",.,"A",.,"A",.,"A",.,"A",120,"D",.,"A",.,"A"
"20101",2202283,44,0,"1",.,"A",.,"A",.,"A",.,"A",.,"A",.,"A",.,"A",.,"A",.,"A",.,"A",.,"A",.,"A",200,"D",.,"A",.,"A"
"20101",2202292,42,0,"1",.,"A",.,"A",.,"A",.,"A",.,"A",.,"A",.,"A",.,"A",.,"A",.,"A",.,"A",.,"A",6,"D",.,"A",.,"A"
"20101",2202312,35,0,"1",20,"D",.,"A",.,"A",.,"A",100,"D",.,"A",.,"A",.,"A",.,"A",.,"A",.,"A",.,"A",45,"D",.,"A",.,"A"
"20101",2202322,37,0,"1",.,"A",.,"A",.,"A",.,"A",.,"A",.,"A",.,"A",.,"A",.,"A",.,"A",.,"A",.,"A",.,"A",.,"A",.,"A"
"20101",2202332,76,0,"1",.,"A",.,"A",.,"A",.,"A",.,"A",.,"A",.,"A",.,"A",.,"A",.,"A",.,"A",.,"A",.,"A",.,"A",.,"A"
"20101",2202342,49,0,"1",.,"A",.,"A",.,"A",.,"A",.,"A",.,"A",.,"A",.,"A",.,"A",.,"A",.,"A",.,"A",150,"D",.,"A",.,"A"
"20101",2202352,43,0,"1",.,"A",.,"A",.,"A",.,"A",.,"A",.,"A",.,"A",.,"A",.,"A",.,"A",.,"A",.,"A",.,"A",.,"A",.,"A"
"20101",2202372,40,0,"1",.,"A",.,"A",.,"A",.,"A",.,"A",.,"A",.,"A",.,"A",.,"A",.,"A",.,"A",.,"A",.,"A",.,"A",.,"A"
"20101",2202382,54,0,"1",.,"A",.,"A",.,"A",.,"A",30,"D",.,"A",208,"D",.,"A",.,"A",.,"A",.,"A",.,"A",50,"D",.,"A",.,"A"
"20101",2202392,76,0,"1",.,"A",.,"A",.,"A",.,"A",.,"A",.,"A",.,"A",.,"A",.,"A",.,"A",.,"A",.,"A",40,"D",.,"A",.,"A"
"20101",2202402,41,0,"1",.,"A",.,"A",.,"A",.,"A",.,"A",.,"A",.,"A",.,"A",.,"A",.,"A",.,"A",.,"A",.,"A",.,"A",.,"A"
"20101",2202412,33,0,"1",.,"A",.,"A",.,"A",.,"A",.,"A",.,"A",.,"A",.,"A",.,"A",.,"A",.,"A",.,"A",.,"A",.,"A",.,"A"
"20101",2202422,59,0,"1",.,"A",.,"A",.,"A",.,"A",.,"A",.,"A",.,"A",.,"A",.,"A",.,"A",.,"A",.,"A",20,"D",.,"A",.,"A"
"20101",2202432,88,0,"1",.,"A",.,"A",.,"A",.,"A",.,"A",.,"A",.,"A",.,"A",.,"A",.,"A",.,"A",.,"A",.,"A",.,"A",.,"A"
"20101",2202442,35,0,"1",.,"A",.,"A",.,"A",.,"A",.,"A",.,"A",.,"A",.,"A",.,"A",.,"A",.,"A",.,"A",.,"A",.,"A",.,"A"
"20101",2202452,41,0,"1",0,"F",.,"A",.,"A",.,"A",240,"F",100,"D",.,"A",.,"A",.,"A",0,"D",0,"D",195,"F",.,"A",0,"D",.,"A"
"20101",2202462,43,0,"1",.,"A",.,"A",.,"A",.,"A",.,"A",.,"A",260,"D",.,"A",.,"A",.,"A",.,"A",.,"A",9,"D",.,"A",.,"A"
"20101",2202472,49,0,"1",.,"A",.,"A",.,"A",.,"A",.,"A",.,"A",.,"A",.,"A",.,"A",.,"A",.,"A",.,"A",80,"D",.,"A",.,"A"
"20101",2202492,56,0,"1",.,"A",.,"A",.,"A",.,"A",.,"A",.,"A",.,"A",.,"A",.,"A",.,"A",.,"A",.,"A",360,"D",.,"A",.,"A"
"20101",2202502,46,0,"1",.,"A",.,"A",.,"A",.,"A",.,"A",.,"A",195,"D",.,"A",.,"A",.,"A",.,"A",.,"A",.,"A",.,"A",.,"A"
"20101",2202512,65,0,"1",.,"A",.,"A",.,"A",.,"A",.,"A",10,"D",.,"A",39,"D",.,"A",.,"A",.,"A",.,"A",150,"D",.,"A",.,"A"
"20101",2202522,24,0,"1",.,"A",.,"A",.,"A",.,"A",.,"A",.,"A",.,"A",.,"A",.,"A",.,"A",.,"A",.,"A",.,"A",.,"A",.,"A"
"20101",2202532,77,0,"1",.,"A",.,"A",.,"A",35,"D",.,"A",.,"A",.,"A",.,"A",.,"A",.,"A",.,"A",.,"A",70,"D",.,"A",.,"A"
"20101",2202542,59,0,"1",.,"A",.,"A",.,"A",.,"A",.,"A",.,"A",325,"D",.,"A",.,"A",.,"A",.,"A",.,"A",86,"D",.,"A",.,"A"
"20101",2202572,64,0,"1",.,"A",.,"A",.,"A",.,"A",.,"A",.,"A",.,"A",.,"A",.,"A",.,"A",.,"A",.,"A",15,"D",.,"A",.,"A"
"20101",2202582,68,0,"1",.,"A",.,"A",35,"D",.,"A",.,"A",.,"A",260,"D",.,"A",.,"A",.,"A",.,"A",.,"A",75,"D",.,"A",.,"A"
"20101",2202592,54,0,"1",.,"A",.,"A",.,"A",.,"A",.,"A",.,"A",.,"A",.,"A",.,"A",.,"A",.,"A",.,"A",75,"D",.,"A",.,"A"
"20101",2202615,29,0,"1",.,"A",.,"A",.,"A",.,"A",120,"D",.,"A",.,"A",.,"A",.,"A",.,"A",.,"A",.,"A",.,"A",.,"A",.,"A"
"20101",2202622,70,0,"1",.,"A",.,"A",.,"A",.,"A",.,"A",.,"A",.,"A",.,"A",.,"A",.,"A",.,"A",.,"A",180,"D",.,"A",.,"A"
"20101",2202632,61,0,"1",.,"A",.,"A",.,"A",.,"A",.,"A",.,"A",.,"A",.,"A",.,"A",.,"A",.,"A",.,"A",65,"D",.,"A",.,"A"
"20101",2202642,39,0,"1",.,"A",.,"A",.,"A",.,"A",.,"A",.,"A",.,"A",.,"A",.,"A",.,"A",.,"A",.,"A",100,"D",.,"A",.,"A"
"20101",2202652,49,0,"1",.,"A",.,"A",.,"A",.,"A",.,"A",.,"A",.,"A",.,"A",6,"D",.,"A",.,"A",.,"A",40,"D",.,"A",.,"A"
"20101",2202682,59,0,"1",.,"A",.,"A",.,"A",.,"A",.,"A",.,"A",65,"D",.,"A",.,"A",.,"A",.,"A",.,"A",.,"A",.,"A",.,"A"
"20101",2202692,76,0,"1",.,"A",.,"A",.,"A",.,"A",.,"A",.,"A",.,"A",.,"A",.,"A",.,"A",.,"A",.,"A",170,"D",.,"A",.,"A"
"20101",2202702,66,0,"1",.,"A",.,"A",.,"A",.,"A",.,"A",.,"A",.,"A",.,"A",.,"A",.,"A",.,"A",.,"A",.,"A",.,"A",.,"A"
"20101",2202722,47,0,"1",.,"A",.,"A",.,"A",.,"A",.,"A",.,"A",.,"A",.,"A",15,"F",.,"A",.,"A",.,"A",.,"A",.,"A",.,"A"
"20101",2202732,124,0,"1",.,"A",.,"A",.,"A",.,"A",15,"D",153,"D",.,"A",.,"A",18,"D",.,"A",.,"A",.,"A",200,"D",.,"A",.,"A"
"20101",2202742,108,0,"1",.,"A",.,"A",.,"A",.,"A",.,"A",180,"D",.,"A",.,"A",.,"A",.,"A",.,"A",.,"A",330,"D",.,"A",.,"A"
"20101",2202752,33,0,"1",.,"A",.,"A",.,"A",.,"A",.,"A",.,"A",.,"A",.,"A",.,"A",.,"A",.,"A",.,"A",30,"D",.,"A",.,"A"
"20101",2202772,54,0,"1",.,"A",.,"A",.,"A",.,"A",.,"A",.,"A",.,"A",.,"A",.,"A",.,"A",.,"A",.,"A",21,"D",.,"A",.,"A"
"20101",2202782,37,0,"1",.,"A",.,"A",.,"A",.,"A",.,"A",.,"A",.,"A",.,"A",.,"A",.,"A",.,"A",.,"A",24,"D",.,"A",.,"A"
"20101",2202802,53,0,"1",.,"A",.,"A",.,"A",.,"A",.,"A",.,"A",.,"A",.,"A",.,"A",.,"A",.,"A",.,"A",.,"A",.,"A",.,"A"
"20101",2202812,36,0,"1",.,"A",.,"A",.,"A",.,"A",120,"D",.,"A",156,"D",.,"A",.,"A",.,"A",.,"A",.,"A",200,"D",.,"A",.,"A"
"20101",2202822,35,0,"1",.,"A",.,"A",.,"A",.,"A",.,"A",.,"A",.,"A",.,"A",.,"A",.,"A",.,"A",.,"A",.,"A",.,"A",.,"A"
"20101",2202833,41,0,"1",.,"A",.,"A",.,"A",.,"A",.,"A",.,"A",.,"A",.,"A",.,"A",.,"A",.,"A",.,"A",.,"A",.,"A",.,"A"
"20101",2202842,102,0,"1",.,"A",.,"A",.,"A",.,"A",.,"A",.,"A",.,"A",520,"D",.,"A",.,"A",.,"A",.,"A",75,"D",.,"A",.,"A"
"20101",2202852,43,0,"1",.,"A",.,"A",.,"A",.,"A",.,"A",.,"A",.,"A",.,"A",.,"A",.,"A",.,"A",.,"A",96,"D",.,"A",.,"A"
"20101",2202862,55,0,"1",.,"A",.,"A",.,"A",.,"A",.,"A",.,"A",.,"A",.,"A",.,"A",.,"A",.,"A",.,"A",65,"D",.,"A",.,"A"
"20101",2202872,43,0,"1",.,"A",.,"A",.,"A",.,"A",.,"A",.,"A",.,"A",.,"A",.,"A",.,"A",.,"A",.,"A",75,"D",.,"A",.,"A"
"20101",2202882,39,0,"1",.,"A",.,"A",.,"A",.,"A",.,"A",.,"A",1300,"D",.,"A",.,"A",.,"A",.,"A",.,"A",.,"A",.,"A",.,"A"
"20101",2202892,48,0,"1",.,"A",.,"A",.,"A",100,"D",.,"A",1360,"D",.,"A",.,"A",.,"A",0,"D",0,"D",180,"D",65,"D",0,"D",.,"A"
"20101",2202912,46,0,"1",.,"A",.,"A",.,"A",.,"A",.,"A",.,"A",.,"A",.,"A",.,"A",.,"A",.,"A",.,"A",.,"A",.,"A",.,"A"
"20101",2202922,37,0,"1",.,"A",.,"A",.,"A",.,"A",.,"A",.,"A",.,"A",.,"A",.,"A",.,"A",.,"A",.,"A",.,"A",.,"A",.,"A"
"20101",2202932,32,0,"1",.,"A",.,"A",.,"A",.,"A",72,"D",.,"A",.,"A",.,"A",.,"A",.,"A",.,"A",.,"A",.,"A",.,"A",.,"A"
"20101",2202952,40,0,"1",.,"A",.,"A",.,"A",.,"A",.,"A",.,"A",.,"A",.,"A",.,"A",.,"A",.,"A",.,"A",.,"A",.,"A",.,"A"
"20101",2202963,88,0,"1",.,"A",.,"A",.,"A",.,"A",.,"A",20,"D",.,"A",.,"A",.,"A",.,"A",.,"A",.,"A",90,"D",.,"A",.,"A"
"20101",2202982,79,0,"1",.,"A",.,"A",.,"A",.,"A",.,"A",60,"D",.,"A",.,"A",.,"A",.,"A",.,"A",.,"A",30,"D",.,"A",.,"A"
"20101",2202992,47,0,"1",.,"A",.,"A",.,"A",200,"D",480,"D",.,"A",.,"A",.,"A",.,"A",.,"A",.,"A",.,"A",450,"D",.,"A",.,"A"
"20101",2203002,49,0,"1",.,"A",.,"A",.,"A",.,"A",.,"A",.,"A",.,"A",.,"A",.,"A",.,"A",.,"A",.,"A",.,"A",.,"A",.,"A"
"20101",2203022,41,0,"1",0,"F",.,"A",.,"A",.,"A",70,"F",.,"A",.,"A",.,"A",.,"A",0,"D",0,"D",90,"D",.,"A",0,"D",.,"A"
"20101",2203032,55,0,"1",.,"A",.,"A",.,"A",.,"A",.,"A",.,"A",.,"A",.,"A",.,"A",.,"A",.,"A",.,"A",18,"D",.,"A",.,"A"
"20101",2203042,28,0,"1",.,"A",.,"A",.,"A",.,"A",160,"D",.,"A",156,"D",.,"A",.,"A",.,"A",.,"A",.,"A",.,"A",.,"A",.,"A"
"20101",2203052,48,0,"1",.,"A",.,"A",.,"A",.,"A",.,"A",.,"A",.,"A",.,"A",.,"A",.,"A",.,"A",.,"A",200,"D",.,"A",.,"A"
"20101",2203062,43,0,"1",.,"A",.,"A",.,"A",.,"A",.,"A",.,"A",.,"A",.,"A",.,"A",.,"A",.,"A",.,"A",100,"D",.,"A",.,"A"
"20101",2203072,23,0,"1",.,"A",.,"A",.,"A",.,"A",20,"D",.,"A",.,"A",.,"A",.,"A",.,"A",.,"A",.,"A",.,"A",.,"A",.,"A"
"20101",2203082,38,0,"1",.,"A",.,"A",.,"A",.,"A",.,"A",60,"D",.,"A",.,"A",.,"A",0,"D",0,"D",0,"D",12,"D",0,"D",.,"A"
"20101",2203112,27,0,"1",.,"A",.,"A",.,"A",.,"A",.,"A",.,"A",.,"A",.,"A",.,"A",.,"A",.,"A",.,"A",.,"A",.,"A",.,"A"
"20101",2203132,43,0,"1",.,"A",.,"A",.,"A",.,"A",.,"A",.,"A",.,"A",.,"A",105,"D",.,"A",.,"A",.,"A",48,"D",.,"A",.,"A"
"20101",2203142,39,0,"1",.,"A",.,"A",.,"A",.,"A",.,"A",.,"A",.,"A",.,"A",.,"A",.,"A",.,"A",.,"A",.,"A",.,"A",.,"A"
"20101",2203152,39,0,"1",.,"A",.,"A",.,"A",.,"A",.,"A",.,"A",.,"A",.,"A",.,"A",.,"A",.,"A",.,"A",52,"D",.,"A",.,"A"
"20101",2203162,61,0,"1",.,"A",.,"A",.,"A",.,"A",.,"A",40,"D",.,"A",.,"A",.,"A",.,"A",.,"A",.,"A",200,"D",.,"A",.,"A"
"20101",2203172,104,0,"1",.,"A",.,"A",.,"A",.,"A",.,"A",.,"A",260,"D",.,"A",45,"D",.,"A",.,"A",.,"A",180,"D",.,"A",.,"A"
"20101",2203192,69,0,"1",.,"A",.,"A",.,"A",.,"A",.,"A",.,"A",.,"A",.,"A",.,"A",.,"A",.,"A",.,"A",75,"D",.,"A",.,"A"
"20101",2203202,33,0,"1",.,"A",.,"A",.,"A",.,"A",.,"A",.,"A",260,"D",.,"A",15,"D",.,"A",.,"A",.,"A",.,"A",.,"A",.,"A"
"20101",2203212,72,0,"1",.,"A",.,"A",.,"A",.,"A",.,"A",.,"A",208,"D",.,"A",.,"A",.,"A",.,"A",.,"A",400,"D",.,"A",.,"A"
"20101",2203222,25,0,"1",.,"A",.,"A",.,"A",.,"A",.,"A",.,"A",650,"D",.,"A",.,"A",.,"A",.,"A",.,"A",.,"A",.,"A",.,"A"
"20101",2203242,50,0,"1",.,"A",.,"A",.,"A",.,"A",.,"A",.,"A",.,"A",.,"A",.,"A",.,"A",.,"A",.,"A",10,"D",.,"A",.,"A"
"20101",2203252,44,0,"1",.,"A",.,"A",.,"A",.,"A",.,"A",.,"A",.,"A",.,"A",.,"A",.,"A",.,"A",.,"A",.,"A",.,"A",.,"A"
"20101",2203265,37,0,"1",.,"A",.,"A",.,"A",.,"A",.,"A",.,"A",.,"A",.,"A",.,"A",.,"A",.,"A",.,"A",150,"D",.,"A",.,"A"
"20101",2203272,35,0,"1",.,"A",.,"A",.,"A",.,"A",.,"A",.,"A",.,"A",.,"A",.,"A",.,"A",.,"A",.,"A",.,"A",.,"A",.,"A"
"20101",2203302,42,0,"1",.,"A",.,"A",.,"A",.,"A",.,"A",.,"A",.,"A",.,"A",.,"A",.,"A",.,"A",.,"A",.,"A",.,"A",.,"A"
"20101",2203312,39,0,"1",.,"A",.,"A",.,"A",.,"A",.,"A",.,"A",.,"A",.,"A",.,"A",.,"A",.,"A",.,"A",45,"D",.,"A",.,"A"
"20101",2203322,44,0,"1",.,"A",.,"A",.,"A",.,"A",.,"A",30,"D",.,"A",.,"A",.,"A",.,"A",.,"A",.,"A",250,"D",.,"A",.,"A"
"20101",2203342,68,0,"1",.,"A",.,"A",.,"A",.,"A",.,"A",.,"A",.,"A",.,"A",.,"A",.,"A",.,"A",.,"A",138,"D",.,"A",.,"A"
"20101",2203392,54,0,"1",.,"A",.,"A",.,"A",.,"A",.,"A",.,"A",.,"A",.,"A",36,"D",.,"A",.,"A",.,"A",9,"D",.,"A",.,"A"
"20101",2203402,20,0,"1",90,"D",.,"A",.,"A",.,"A",90,"D",.,"A",.,"A",.,"A",.,"A",540,"D",0,"D",0,"D",40,"D",180,"D",.,"A"
"20101",2203422,52,0,"1",.,"A",.,"A",.,"A",.,"A",.,"A",150,"D",.,"A",.,"A",.,"A",.,"A",.,"A",.,"A",200,"D",.,"A",.,"A"
"20101",2203432,51,0,"1",.,"A",.,"A",.,"A",.,"A",.,"A",.,"A",.,"A",.,"A",.,"A",.,"A",.,"A",.,"A",.,"A",.,"A",.,"A"
"20101",2203442,42,0,"1",35,"D",.,"A",.,"A",.,"A",65,"D",70,"D",.,"A",.,"A",.,"A",510,"D",0,"D",0,"D",125,"D",170,"D",.,"A"
"20101",2203452,62,0,"1",.,"A",.,"A",.,"A",.,"A",.,"A",.,"A",.,"A",.,"A",.,"A",.,"A",.,"A",.,"A",135,"D",.,"A",.,"A"
"20101",2203472,37,0,"1",.,"A",.,"A",.,"A",.,"A",.,"A",.,"A",.,"A",.,"A",.,"A",.,"A",.,"A",.,"A",168,"D",.,"A",.,"A"
"20101",2203482,42,0,"1",.,"A",.,"A",.,"A",42,"D",.,"A",.,"A",182,"D",.,"A",75,"D",.,"A",.,"A",.,"A",.,"A",.,"A",.,"A"
"20101",2203492,54,0,"1",.,"A",.,"A",.,"A",.,"A",.,"A",.,"A",.,"A",.,"A",.,"A",.,"A",.,"A",.,"A",.,"A",.,"A",.,"A"
"20101",2203502,34,0,"1",.,"A",.,"A",.,"A",.,"A",.,"A",18,"D",182,"D",.,"A",.,"A",0,"D",0,"D",30,"D",.,"A",0,"D",.,"A"
"20101",2203522,66,0,"1",.,"A",.,"A",.,"A",.,"A",.,"A",.,"A",455,"D",.,"A",15,"D",.,"A",.,"A",.,"A",100,"D",.,"A",.,"A"
"20101",2203542,47,0,"1",.,"A",.,"A",.,"A",.,"A",.,"A",20,"D",.,"A",.,"A",.,"A",.,"A",.,"A",.,"A",.,"A",.,"A",.,"A"
"20101",2203552,71,0,"1",.,"A",.,"A",.,"A",.,"A",.,"A",.,"A",.,"A",.,"A",.,"A",.,"A",.,"A",.,"A",48,"D",.,"A",.,"A"
"20101",2203562,47,0,"1",.,"A",.,"A",.,"A",.,"A",.,"A",.,"A",260,"D",.,"A",.,"A",.,"A",.,"A",.,"A",.,"A",.,"A",.,"A"
"20101",2203572,44,0,"1",.,"A",.,"A",.,"A",.,"A",.,"A",.,"A",.,"A",.,"A",.,"A",.,"A",.,"A",.,"A",.,"A",.,"A",.,"A"
"20101",2203582,54,0,"1",.,"A",.,"A",.,"A",.,"A",.,"A",.,"A",.,"A",325,"D",.,"A",.,"A",.,"A",.,"A",.,"A",.,"A",.,"A"
"20101",2203612,31,0,"1",.,"A",.,"A",.,"A",.,"A",40,"D",.,"A",130,"D",.,"A",.,"A",.,"A",.,"A",.,"A",180,"D",.,"A",.,"A"
"20101",2203622,55,0,"1",.,"A",.,"A",.,"A",.,"A",.,"A",40,"D",.,"A",.,"A",60,"F",.,"A",.,"A",.,"A",.,"A",.,"A",.,"A"
"20101",2203632,43,0,"1",.,"A",.,"A",.,"A",.,"A",120,"D",.,"A",.,"A",.,"A",.,"A",.,"A",.,"A",.,"A",.,"A",.,"A",.,"A"
"20101",2203642,44,0,"1",.,"A",.,"A",.,"A",.,"A",.,"A",.,"A",.,"A",260,"D",.,"A",.,"A",.,"A",.,"A",105,"D",.,"A",.,"A"
"20101",2203652,60,0,"1",.,"A",.,"A",.,"A",.,"A",.,"A",70,"D",260,"D",260,"D",.,"A",.,"A",.,"A",.,"A",.,"A",.,"A",.,"A"
"20101",2203682,45,0,"1",.,"A",.,"A",.,"A",.,"A",60,"D",45,"D",.,"A",.,"A",9,"D",.,"A",.,"A",.,"A",.,"A",.,"A",.,"A"
"20101",2203702,91,0,"1",.,"A",.,"A",.,"A",.,"A",.,"A",.,"A",.,"A",.,"A",.,"A",.,"A",.,"A",.,"A",200,"D",.,"A",.,"A"
"20101",2203732,79,0,"1",.,"A",.,"A",.,"A",.,"A",.,"A",130,"D",.,"A",.,"A",18,"D",30,"D",0,"D",0,"D",210,"D",10,"D",.,"A"
"20101",2203742,29,0,"1",.,"A",.,"A",.,"A",.,"A",15,"D",.,"A",91,"D",91,"D",.,"A",.,"A",.,"A",.,"A",20,"D",.,"A",.,"A"
"20101",2203752,39,0,"1",.,"A",.,"A",.,"A",.,"A",.,"A",.,"A",.,"A",.,"A",.,"A",.,"A",.,"A",.,"A",250,"F",.,"A",.,"A"
"20101",2203762,100,0,"1",.,"A",.,"A",.,"A",.,"A",.,"A",130,"D",.,"A",.,"A",3,"D",.,"A",.,"A",.,"A",104,"D",.,"A",.,"A"
"20101",2203802,94,0,"1",.,"A",.,"A",.,"A",.,"A",.,"A",17,"D",.,"A",.,"A",.,"A",.,"A",.,"A",.,"A",15,"D",.,"A",.,"A"
"20101",2203812,38,0,"1",.,"A",.,"A",.,"A",.,"A",.,"A",.,"A",260,"F",.,"A",.,"A",.,"A",.,"A",.,"A",.,"A",.,"A",.,"A"
"20101",2203832,71,0,"1",.,"A",.,"A",.,"A",.,"A",.,"A",40,"D",.,"A",.,"A",.,"A",.,"A",.,"A",.,"A",218,"D",.,"A",.,"A"
"20101",2203842,32,0,"1",.,"A",.,"A",.,"A",.,"A",.,"A",.,"A",.,"A",.,"A",.,"A",.,"A",.,"A",.,"A",.,"A",.,"A",.,"A"
"20101",2203853,22,0,"1",0,"F",.,"A",.,"A",.,"A",35,"F",.,"A",481,"D",.,"A",.,"A",.,"A",.,"A",.,"A",.,"A",.,"A",.,"A"
"20101",2203862,31,0,"1",.,"A",.,"A",.,"A",.,"A",10,"D",.,"A",260,"D",.,"A",30,"D",0,"D",0,"D",0,"D",.,"A",0,"D",.,"A"
"20101",2203882,40,0,"1",.,"A",.,"A",.,"A",.,"A",.,"A",.,"A",.,"A",.,"A",.,"A",.,"A",.,"A",.,"A",.,"A",.,"A",.,"A"
"20101",2203912,55,0,"1",.,"A",.,"A",.,"A",.,"A",.,"A",20,"D",.,"A",.,"A",.,"A",.,"A",.,"A",.,"A",450,"D",.,"A",.,"A"
"20101",2203922,55,0,"1",.,"A",.,"A",.,"A",.,"A",.,"A",30,"D",.,"A",.,"A",30,"F",.,"A",.,"A",.,"A",.,"A",.,"A",.,"A"
"20101",2203942,38,0,"1",.,"A",.,"A",.,"A",.,"A",.,"A",.,"A",.,"A",.,"A",.,"A",.,"A",.,"A",.,"A",.,"A",.,"A",.,"A"
"20101",2203952,73,0,"1",.,"A",.,"A",.,"A",.,"A",.,"A",.,"A",.,"A",130,"D",.,"A",.,"A",.,"A",.,"A",345,"D",.,"A",.,"A"
"20101",2203962,47,0,"1",.,"A",.,"A",.,"A",.,"A",.,"A",.,"A",.,"A",.,"A",.,"A",.,"A",.,"A",.,"A",20,"D",.,"A",.,"A"
"20101",2203972,30,0,"1",.,"A",.,"A",.,"A",.,"A",.,"A",.,"A",.,"A",.,"A",.,"A",.,"A",.,"A",.,"A",.,"A",.,"A",.,"A"
"20101",2203983,78,0,"1",.,"A",.,"A",.,"A",.,"A",.,"A",.,"A",.,"A",.,"A",.,"A",.,"A",.,"A",.,"A",.,"A",.,"A",.,"A"
"20101",2203992,60,0,"1",.,"A",.,"A",.,"A",.,"A",.,"A",.,"A",.,"A",.,"A",36,"D",.,"A",.,"A",.,"A",425,"D",.,"A",.,"A"
"20101",2204002,28,0,"1",.,"A",.,"A",.,"A",.,"A",.,"A",.,"A",.,"A",.,"A",.,"A",.,"A",.,"A",.,"A",.,"A",.,"A",.,"A"
"20101",2204022,49,0,"1",.,"A",.,"A",.,"A",.,"A",.,"A",.,"A",.,"A",.,"A",1050,"D",.,"A",.,"A",.,"A",.,"A",.,"A",.,"A"
"20101",2204032,46,0,"1",.,"A",.,"A",.,"A",.,"A",.,"A",.,"A",169,"D",.,"A",.,"A",.,"A",.,"A",.,"A",.,"A",.,"A",.,"A"
"20101",2204052,40,0,"1",.,"A",.,"A",.,"A",.,"A",.,"A",.,"A",.,"A",.,"A",.,"A",210,"D",0,"D",0,"D",.,"A",70,"D",.,"A"
"20101",2204062,26,0,"1",.,"A",.,"A",.,"A",.,"A",.,"A",.,"A",.,"A",.,"A",.,"A",.,"A",.,"A",.,"A",.,"A",.,"A",.,"A"
"20101",2204092,68,0,"1",.,"A",.,"A",.,"A",.,"A",.,"A",.,"A",.,"A",.,"A",150,"D",.,"A",.,"A",.,"A",40,"D",.,"A",.,"A"
"20101",2204112,38,0,"1",.,"A",.,"A",.,"A",.,"A",.,"A",.,"A",.,"A",.,"A",.,"A",.,"A",.,"A",.,"A",140,"D",.,"A",.,"A"
"20101",2204122,84,0,"1",.,"A",.,"A",.,"A",.,"A",.,"A",.,"A",.,"A",.,"A",27,"D",.,"A",.,"A",.,"A",.,"A",.,"A",.,"A"
"20101",2204132,26,0,"1",.,"A",.,"A",.,"A",.,"A",.,"A",.,"A",91,"D",.,"A",.,"A",.,"A",.,"A",.,"A",.,"A",.,"A",.,"A"
"20101",2204142,52,0,"1",.,"A",.,"A",.,"A",.,"A",.,"A",.,"A",.,"A",.,"A",.,"A",.,"A",.,"A",.,"A",80,"D",.,"A",.,"A"
"20101",2204172,36,0,"1",.,"A",.,"A",.,"A",.,"A",.,"A",.,"A",.,"A",.,"A",.,"A",.,"A",.,"A",.,"A",.,"A",.,"A",.,"A"
"20101",2204182,37,0,"1",.,"A",.,"A",.,"A",.,"A",25,"D",.,"A",.,"A",.,"A",21,"D",.,"A",.,"A",.,"A",.,"A",.,"A",.,"A"
"20101",2204202,32,0,"1",.,"A",.,"A",.,"A",.,"A",.,"A",.,"A",.,"A",.,"A",.,"A",.,"A",.,"A",.,"A",.,"A",.,"A",.,"A"
"20101",2204222,59,0,"1",.,"A",.,"A",.,"A",.,"A",.,"A",.,"A",.,"A",.,"A",.,"A",.,"A",.,"A",.,"A",.,"A",.,"A",.,"A"
"20101",2204252,37,0,"1",.,"A",.,"A",.,"A",.,"A",.,"A",.,"A",.,"A",.,"A",.,"A",192,"D",192,"D",0,"D",30,"D",64,"D",.,"A"
"20101",2204272,47,0,"1",.,"A",.,"A",.,"A",.,"A",.,"A",10,"D",.,"A",.,"A",.,"A",.,"A",.,"A",.,"A",25,"D",.,"A",.,"A"
"20101",2204292,61,0,"1",.,"A",.,"A",.,"A",.,"A",.,"A",.,"A",.,"A",.,"A",.,"A",.,"A",.,"A",.,"A",70,"D",.,"A",.,"A"
"20101",2204302,38,0,"1",.,"A",.,"A",.,"A",.,"A",.,"A",.,"A",.,"A",.,"A",.,"A",.,"A",.,"A",.,"A",.,"A",.,"A",.,"A"
"20101",2204312,67,0,"1",.,"A",.,"A",.,"A",.,"A",.,"A",10,"F",.,"A",.,"A",.,"A",.,"A",.,"A",.,"A",.,"A",.,"A",.,"A"
"20101",2204322,72,0,"1",.,"A",.,"A",.,"A",.,"A",.,"A",.,"A",520,"D",.,"A",.,"A",.,"A",.,"A",.,"A",24,"D",.,"A",.,"A"
"20101",2204332,45,0,"1",.,"A",.,"A",.,"A",.,"A",.,"A",.,"A",650,"F",.,"A",.,"A",.,"A",.,"A",.,"A",.,"A",.,"A",.,"A"
"20101",2204362,48,0,"1",.,"A",.,"A",.,"A",.,"A",.,"A",.,"A",416,"D",.,"A",.,"A",.,"A",.,"A",.,"A",.,"A",.,"A",.,"A"
"20101",2204392,51,0,"1",.,"A",.,"A",.,"A",.,"A",.,"A",.,"A",.,"A",.,"A",.,"A",.,"A",.,"A",.,"A",100,"D",.,"A",.,"A"
"20101",2204402,73,0,"1",.,"A",.,"A",.,"A",.,"A",.,"A",.,"A",.,"A",.,"A",.,"A",.,"A",.,"A",.,"A",40,"D",.,"A",.,"A"
"20101",2204412,48,0,"1",.,"A",.,"A",.,"A",.,"A",.,"A",50,"D",.,"A",.,"A",.,"A",.,"A",.,"A",.,"A",100,"D",.,"A",.,"A"
"20101",2204422,31,0,"1",.,"A",.,"A",.,"A",.,"A",.,"A",.,"A",.,"A",.,"A",.,"A",.,"A",.,"A",.,"A",.,"A",.,"A",.,"A"
"20101",2204452,51,0,"1",.,"A",.,"A",.,"A",.,"A",.,"A",.,"A",.,"A",.,"A",.,"A",.,"A",.,"A",.,"A",45,"D",.,"A",.,"A"
"20101",2204462,107,0,"1",.,"A",.,"A",.,"A",.,"A",.,"A",.,"A",.,"A",.,"A",.,"A",.,"A",.,"A",.,"A",220,"D",.,"A",.,"A"
"20101",2204472,47,0,"1",.,"A",.,"A",.,"A",.,"A",.,"A",.,"A",.,"A",.,"A",.,"A",.,"A",.,"A",.,"A",.,"A",.,"A",.,"A"
"20101",2204482,39,0,"1",.,"A",.,"A",.,"A",.,"A",.,"A",.,"A",455,"D",.,"A",.,"A",.,"A",.,"A",.,"A",300,"D",.,"A",.,"A"
"20101",2204502,82,0,"1",.,"A",.,"A",.,"A",.,"A",.,"A",.,"A",.,"A",.,"A",.,"A",.,"A",.,"A",.,"A",220,"D",.,"A",.,"A"
"20101",2204512,42,0,"1",30,"D",.,"A",.,"A",.,"A",50,"D",.,"A",.,"A",.,"A",.,"A",.,"A",.,"A",.,"A",30,"D",.,"A",.,"A"
"20101",2204522,36,0,"1",.,"A",.,"A",.,"A",.,"A",.,"A",.,"A",.,"A",.,"A",.,"A",.,"A",.,"A",.,"A",40,"D",.,"A",.,"A"
"20101",2204542,38,0,"1",.,"A",.,"A",.,"A",.,"A",.,"A",.,"A",.,"A",.,"A",.,"A",.,"A",.,"A",.,"A",.,"A",.,"A",.,"A"
"20101",2204552,21,0,"1",.,"A",.,"A",.,"A",.,"A",.,"A",.,"A",.,"A",.,"A",.,"A",.,"A",.,"A",.,"A",.,"A",.,"A",.,"A"
"20101",2204562,64,0,"1",.,"A",.,"A",.,"A",.,"A",.,"A",35,"D",.,"A",.,"A",12,"D",0,"D",0,"D",120,"D",.,"A",0,"D",.,"A"
"20101",2204572,30,0,"1",.,"A",.,"A",.,"A",.,"A",.,"A",.,"A",520,"D",.,"A",.,"A",.,"A",.,"A",.,"A",.,"A",.,"A",.,"A"
"20101",2204592,24,0,"1",.,"A",.,"A",.,"A",.,"A",.,"A",.,"A",.,"A",13,"F",.,"A",.,"A",.,"A",.,"A",.,"A",.,"A",.,"A"
"20101",2204602,49,0,"1",.,"A",.,"A",.,"A",.,"A",.,"A",.,"A",.,"A",.,"A",.,"A",0,"D",0,"D",9,"D",100,"D",0,"D",.,"A"
"20101",2204612,58,0,"1",.,"A",.,"A",.,"A",.,"A",.,"A",.,"A",.,"A",.,"A",21,"D",.,"A",.,"A",.,"A",10,"D",.,"A",.,"A"
"20101",2204622,32,0,"1",.,"A",.,"A",.,"A",.,"A",.,"A",.,"A",.,"A",.,"A",.,"A",.,"A",.,"A",.,"A",.,"A",.,"A",.,"A"
"20101",2204632,43,0,"1",.,"A",.,"A",.,"A",.,"A",.,"A",.,"A",.,"A",.,"A",.,"A",.,"A",.,"A",.,"A",.,"A",.,"A",.,"A"
"20101",2204642,34,0,"1",.,"A",.,"A",.,"A",.,"A",.,"A",.,"A",1040,"F",.,"A",.,"A",.,"A",.,"A",.,"A",.,"A",.,"A",.,"A"
"20101",2204652,41,0,"1",.,"A",.,"A",.,"A",.,"A",.,"A",.,"A",390,"D",.,"A",.,"A",.,"A",.,"A",.,"A",.,"A",.,"A",.,"A"
"20101",2204662,33,0,"1",.,"A",.,"A",.,"A",.,"A",30,"D",.,"A",.,"A",.,"A",30,"D",.,"A",.,"A",.,"A",75,"D",.,"A",.,"A"
"20101",2204672,102,0,"1",.,"A",.,"A",.,"A",.,"A",.,"A",.,"A",.,"A",.,"A",.,"A",.,"A",.,"A",.,"A",.,"A",.,"A",.,"A"
"20101",2204712,53,0,"1",.,"A",.,"A",.,"A",.,"A",.,"A",.,"A",.,"A",.,"A",.,"A",.,"A",.,"A",.,"A",120,"D",.,"A",.,"A"
"20101",2204722,54,0,"1",.,"A",.,"A",.,"A",.,"A",.,"A",.,"A",.,"A",.,"A",.,"A",.,"A",.,"A",.,"A",.,"A",.,"A",.,"A"
"20101",2204732,49,0,"1",.,"A",.,"A",.,"A",.,"A",.,"A",.,"A",364,"D",.,"A",.,"A",0,"D",66,"D",0,"D",90,"D",0,"D",.,"A"
"20101",2204742,67,0,"1",10,"D",.,"A",.,"A",.,"A",0,"D",.,"A",.,"A",.,"A",9,"D",.,"A",.,"A",.,"A",96,"D",.,"A",.,"A"
"20101",2204764,28,0,"1",.,"A",.,"A",.,"A",.,"A",.,"A",45,"D",.,"A",.,"A",.,"A",.,"A",.,"A",.,"A",.,"A",.,"A",.,"A"
"20101",2204772,31,0,"1",.,"A",.,"A",.,"A",.,"A",.,"A",.,"A",.,"A",.,"A",.,"A",.,"A",.,"A",.,"A",.,"A",.,"A",.,"A"
"20101",2204792,91,0,"1",.,"A",.,"A",.,"A",.,"A",.,"A",50,"D",572,"D",.,"A",.,"A",.,"A",.,"A",.,"A",175,"D",.,"A",.,"A"
"20101",2204802,40,0,"1",.,"A",.,"A",.,"A",.,"A",.,"A",.,"A",.,"A",.,"A",.,"A",.,"A",.,"A",.,"A",.,"A",.,"A",.,"A"
"20101",2204812,57,0,"1",.,"A",.,"A",.,"A",.,"A",.,"A",.,"A",.,"A",.,"A",6,"D",.,"A",.,"A",.,"A",140,"D",.,"A",.,"A"
"20101",2204832,32,0,"1",.,"A",.,"A",.,"A",.,"A",.,"A",.,"A",650,"F",.,"A",.,"A",.,"A",.,"A",.,"A",.,"A",.,"A",.,"A"
"20101",2204842,60,0,"1",.,"A",.,"A",.,"A",.,"A",.,"A",60,"D",.,"A",.,"A",.,"A",.,"A",.,"A",.,"A",25,"D",.,"A",.,"A"
"20101",2204852,53,0,"1",10,"D",.,"A",.,"A",.,"A",40,"D",.,"A",.,"A",.,"A",.,"A",.,"A",.,"A",.,"A",.,"A",.,"A",.,"A"
"20101",2204862,47,0,"1",.,"A",.,"A",.,"A",.,"A",.,"A",.,"A",650,"D",.,"A",.,"A",.,"A",.,"A",.,"A",.,"A",.,"A",.,"A"
"20101",2204882,57,0,"1",.,"A",.,"A",.,"A",.,"A",.,"A",.,"A",130,"D",390,"D",.,"A",.,"A",.,"A",.,"A",.,"A",.,"A",.,"A"
"20101",2204902,71,0,"1",.,"A",.,"A",.,"A",.,"A",.,"A",.,"A",.,"A",.,"A",.,"A",.,"A",.,"A",.,"A",240,"D",.,"A",.,"A"
"20101",2204912,38,0,"1",.,"A",.,"A",.,"A",.,"A",.,"A",.,"A",.,"A",.,"A",.,"A",.,"A",.,"A",.,"A",125,"D",.,"A",.,"A"
"20101",2204942,57,0,"1",.,"A",.,"A",.,"A",.,"A",.,"A",.,"A",.,"A",.,"A",.,"A",.,"A",.,"A",.,"A",85,"D",.,"A",.,"A"
"20101",2204952,40,0,"1",.,"A",.,"A",.,"A",.,"A",240,"D",.,"A",.,"A",65,"D",.,"A",.,"A",.,"A",.,"A",36,"D",.,"A",.,"A"
"20101",2204962,52,0,"1",8,"D",.,"A",.,"A",.,"A",0,"D",6,"D",.,"A",.,"A",.,"A",.,"A",.,"A",.,"A",45,"D",.,"A",.,"A"
"20101",2204972,64,0,"1",.,"A",.,"A",.,"A",.,"A",120,"D",.,"A",390,"D",.,"A",.,"A",120,"D",0,"D",0,"D",30,"D",40,"D",.,"A"
"20101",2204982,45,0,"1",.,"A",.,"A",.,"A",.,"A",.,"A",.,"A",.,"A",.,"A",.,"A",.,"A",.,"A",.,"A",.,"A",.,"A",.,"A"
"20101",2204992,81,0,"1",.,"A",.,"A",.,"A",.,"A",.,"A",.,"A",650,"D",.,"A",.,"A",.,"A",.,"A",.,"A",100,"D",.,"A",.,"A"
"20101",2205002,52,0,"1",.,"A",.,"A",.,"A",.,"A",.,"A",40,"D",.,"A",.,"A",.,"A",.,"A",.,"A",.,"A",80,"D",.,"A",.,"A"
"20101",2205012,60,0,"1",.,"A",.,"A",.,"A",.,"A",.,"A",.,"A",.,"A",.,"A",.,"A",.,"A",.,"A",.,"A",.,"A",.,"A",.,"A"
"20101",2205022,38,0,"1",.,"A",.,"A",.,"A",.,"A",.,"A",.,"A",.,"A",.,"A",.,"A",.,"A",.,"A",.,"A",300,"D",.,"A",.,"A"
"20101",2205032,44,0,"1",.,"A",.,"A",.,"A",.,"A",.,"A",.,"A",.,"A",.,"A",.,"A",.,"A",.,"A",.,"A",.,"A",.,"A",.,"A"
"20101",2205052,38,0,"1",.,"A",.,"A",.,"A",.,"A",.,"A",.,"A",.,"A",.,"A",24,"D",.,"A",.,"A",.,"A",60,"D",.,"A",.,"A"
"20101",2205062,27,0,"1",.,"A",.,"A",.,"A",.,"A",.,"A",.,"A",.,"A",.,"A",.,"A",.,"A",.,"A",.,"A",.,"A",.,"A",.,"A"
"20101",2205082,41,0,"1",.,"A",.,"A",.,"A",.,"A",.,"A",.,"A",325,"D",195,"D",.,"A",.,"A",.,"A",.,"A",.,"A",.,"A",.,"A"
"20101",2205102,32,0,"1",.,"A",.,"A",.,"A",150,"D",.,"A",.,"A",.,"A",.,"A",.,"A",0,"D",0,"D",150,"D",60,"D",0,"D",.,"A"
"20101",2205112,50,0,"1",.,"A",.,"A",.,"A",.,"A",.,"A",.,"A",.,"A",.,"A",.,"A",.,"A",.,"A",.,"A",75,"D",.,"A",.,"A"
"20101",2205132,32,0,"1",.,"A",.,"A",.,"A",.,"A",36,"D",38,"D",.,"A",.,"A",.,"A",.,"A",.,"A",.,"A",65,"D",.,"A",.,"A"
"20101",2205142,50,0,"1",.,"A",.,"A",.,"A",.,"A",.,"A",.,"A",.,"A",.,"A",.,"A",.,"A",.,"A",.,"A",120,"D",.,"A",.,"A"
"20101",2205172,51,0,"1",.,"A",.,"A",.,"A",.,"A",.,"A",.,"A",.,"A",.,"A",.,"A",.,"A",.,"A",.,"A",.,"A",.,"A",.,"A"
"20101",2205182,41,0,"1",.,"A",.,"A",.,"A",.,"A",.,"A",.,"A",.,"A",.,"A",.,"A",0,"D",0,"D",300,"D",.,"A",0,"D",.,"A"
"20101",2205202,84,0,"1",.,"A",.,"A",.,"A",.,"A",.,"A",60,"D",.,"A",.,"A",.,"A",.,"A",.,"A",.,"A",155,"D",.,"A",.,"A"
"20101",2205212,49,0,"1",.,"A",.,"A",.,"A",.,"A",.,"A",.,"A",455,"D",.,"A",.,"A",.,"A",.,"A",.,"A",.,"A",.,"A",.,"A"
"20101",2205252,40,0,"1",.,"A",.,"A",.,"A",.,"A",.,"A",.,"A",650,"D",.,"A",.,"A",.,"A",.,"A",.,"A",150,"D",.,"A",.,"A"
"20101",2205262,61,0,"1",.,"A",.,"A",.,"A",.,"A",.,"A",45,"D",.,"A",.,"A",.,"A",.,"A",.,"A",.,"A",150,"D",.,"A",.,"A"
"20101",2205275,57,0,"1",.,"A",.,"A",.,"A",.,"A",.,"A",.,"A",273,"D",.,"A",.,"A",.,"A",.,"A",.,"A",65,"D",.,"A",.,"A"
"20101",2205282,31,0,"1",.,"A",.,"A",.,"A",.,"A",.,"A",.,"A",195,"D",.,"A",.,"A",.,"A",.,"A",.,"A",30,"D",.,"A",.,"A"
"20101",2205292,34,0,"1",.,"A",.,"A",.,"A",.,"A",.,"A",.,"A",.,"A",.,"A",.,"A",.,"A",.,"A",.,"A",35,"D",.,"A",.,"A"
"20101",2205302,36,0,"1",.,"A",.,"A",.,"A",.,"A",40,"F",.,"A",.,"A",.,"A",.,"A",.,"A",.,"A",.,"A",.,"A",.,"A",.,"A"
"20101",2205312,63,0,"1",.,"A",.,"A",.,"A",.,"A",.,"A",50,"D",.,"A",.,"A",.,"A",.,"A",.,"A",.,"A",100,"D",.,"A",.,"A"
"20101",2205322,66,0,"1",.,"A",.,"A",.,"A",.,"A",.,"A",.,"A",.,"A",.,"A",.,"A",.,"A",.,"A",.,"A",.,"A",.,"A",.,"A"
"20101",2205332,54,0,"1",.,"A",.,"A",.,"A",.,"A",.,"A",30,"D",.,"A",.,"A",.,"A",.,"A",.,"A",.,"A",51,"D",.,"A",.,"A"
"20101",2205342,44,0,"1",.,"A",.,"A",.,"A",.,"A",.,"A",.,"A",.,"A",.,"A",.,"A",.,"A",.,"A",.,"A",.,"A",.,"A",.,"A"
"20101",2205352,62,0,"1",.,"A",.,"A",.,"A",.,"A",.,"A",.,"A",.,"A",.,"A",.,"A",.,"A",.,"A",.,"A",100,"D",.,"A",.,"A"
"20101",2205362,44,0,"1",.,"A",.,"A",.,"A",.,"A",.,"A",.,"A",.,"A",.,"A",.,"A",.,"A",.,"A",.,"A",.,"A",.,"A",.,"A"
"20101",2205372,44,0,"1",.,"A",.,"A",.,"A",.,"A",.,"A",.,"A",.,"A",.,"A",.,"A",.,"A",.,"A",.,"A",.,"A",.,"A",.,"A"
"20101",2205382,38,0,"1",.,"A",.,"A",.,"A",.,"A",.,"A",.,"A",.,"A",.,"A",.,"A",.,"A",.,"A",.,"A",25,"D",.,"A",.,"A"
"20101",2205392,33,0,"1",.,"A",.,"A",.,"A",.,"A",.,"A",.,"A",.,"A",.,"A",.,"A",.,"A",.,"A",.,"A",12,"D",.,"A",.,"A"
"20101",2205402,42,0,"1",.,"A",.,"A",.,"A",.,"A",65,"D",40,"D",.,"A",.,"A",.,"A",0,"D",0,"D",18,"D",30,"D",0,"D",.,"A"
"20101",2205422,100,0,"1",.,"A",.,"A",30,"D",.,"A",.,"A",30,"D",.,"A",.,"A",108,"D",.,"A",.,"A",.,"A",325,"D",.,"A",.,"A"
"20101",2205432,43,0,"1",.,"A",.,"A",.,"A",.,"A",.,"A",.,"A",.,"A",.,"A",.,"A",0,"D",0,"D",30,"D",100,"D",0,"D",.,"A"
"20101",2205443,65,0,"1",.,"A",.,"A",.,"A",.,"A",.,"A",50,"D",.,"A",.,"A",36,"D",.,"A",.,"A",.,"A",350,"D",.,"A",.,"A"
"20101",2205452,47,0,"1",.,"A",.,"A",.,"A",.,"A",.,"A",.,"A",65,"D",.,"A",15,"D",.,"A",.,"A",.,"A",100,"D",.,"A",.,"A"
"20101",2205482,43,0,"1",.,"A",.,"A",.,"A",.,"A",.,"A",.,"A",.,"A",.,"A",.,"A",.,"A",.,"A",.,"A",.,"A",.,"A",.,"A"
"20101",2205492,45,0,"1",.,"A",.,"A",.,"A",.,"A",.,"A",75,"D",.,"A",.,"A",.,"A",.,"A",.,"A",.,"A",180,"D",.,"A",.,"A"
"20101",2205502,77,0,"1",.,"A",.,"A",.,"A",.,"A",.,"A",25,"D",.,"A",.,"A",.,"A",.,"A",.,"A",.,"A",180,"D",.,"A",.,"A"
"20101",2205522,56,0,"1",.,"A",.,"A",.,"A",.,"A",72,"D",40,"D",455,"D",.,"A",.,"A",.,"A",.,"A",.,"A",200,"D",.,"A",.,"A"
"20101",2205532,53,0,"1",.,"A",.,"A",.,"A",.,"A",.,"A",.,"A",.,"A",.,"A",.,"A",.,"A",.,"A",.,"A",200,"D",.,"A",.,"A"
"20101",2205542,40,0,"1",.,"A",.,"A",.,"A",.,"A",.,"A",.,"A",.,"A",.,"A",.,"A",.,"A",.,"A",.,"A",80,"D",.,"A",.,"A"
"20101",2205552,34,0,"1",.,"A",.,"A",.,"A",.,"A",.,"A",.,"A",.,"A",.,"A",.,"A",.,"A",.,"A",.,"A",.,"A",.,"A",.,"A"
"20101",2205565,27,0,"1",.,"A",.,"A",.,"A",.,"A",20,"D",.,"A",.,"A",.,"A",.,"A",.,"A",.,"A",.,"A",.,"A",.,"A",.,"A"
"20101",2205572,59,0,"1",.,"A",.,"A",.,"A",.,"A",.,"A",.,"A",.,"A",.,"A",.,"A",.,"A",.,"A",.,"A",280,"D",.,"A",.,"A"
"20101",2205592,63,0,"1",.,"A",.,"A",.,"A",.,"A",.,"A",.,"A",.,"A",.,"A",.,"A",.,"A",.,"A",.,"A",80,"D",.,"A",.,"A"
"20101",2205612,67,0,"1",.,"A",.,"A",.,"A",.,"A",.,"A",.,"A",325,"D",.,"A",.,"A",.,"A",.,"A",.,"A",200,"D",.,"A",.,"A"
"20101",2205622,51,0,"1",.,"A",.,"A",.,"A",.,"A",.,"A",40,"D",.,"A",.,"A",.,"A",.,"A",.,"A",.,"A",130,"D",.,"A",.,"A"
"20101",2205632,26,0,"1",.,"A",.,"A",.,"A",.,"A",90,"D",.,"A",.,"A",.,"A",.,"A",.,"A",.,"A",.,"A",24,"D",.,"A",.,"A"
"20101",2205642,47,0,"1",.,"A",.,"A",.,"A",.,"A",.,"A",.,"A",.,"A",.,"A",.,"A",.,"A",.,"A",.,"A",.,"A",.,"A",.,"A"
"20101",2205665,31,0,"1",20,"D",.,"A",.,"A",48,"D",0,"D",6,"D",.,"A",.,"A",.,"A",0,"D",0,"D",120,"D",85,"D",0,"D",.,"A"
"20101",2205672,45,0,"1",.,"A",.,"A",.,"A",.,"A",.,"A",.,"A",.,"A",.,"A",.,"A",.,"A",.,"A",.,"A",.,"A",.,"A",.,"A"
"20101",2205682,39,0,"1",.,"A",.,"A",.,"A",90,"D",.,"A",120,"D",.,"A",.,"A",.,"A",90,"D",0,"D",24,"F",.,"A",30,"D",.,"A"
"20101",2205702,51,0,"1",.,"A",.,"A",.,"A",.,"A",.,"A",.,"A",.,"A",.,"A",.,"A",.,"A",.,"A",.,"A",100,"D",.,"A",.,"A"
"20101",2205712,32,0,"1",.,"A",.,"A",.,"A",.,"A",.,"A",.,"A",.,"A",.,"A",.,"A",144,"F",240,"F",150,"D",.,"A",.,"C",.,"A"
"20101",2205722,37,0,"1",.,"A",.,"A",.,"A",.,"A",.,"A",.,"A",.,"A",.,"A",225,"D",.,"A",.,"A",.,"A",45,"D",.,"A",.,"A"
"20101",2205732,55,0,"1",.,"A",.,"A",.,"A",.,"A",60,"D",.,"A",260,"D",.,"A",.,"A",.,"A",.,"A",.,"A",60,"D",.,"A",.,"A"
"20101",2205742,40,0,"1",.,"A",.,"A",.,"A",.,"A",.,"A",.,"A",.,"A",.,"A",.,"A",.,"A",.,"A",.,"A",.,"A",.,"A",.,"A"
"20101",2205752,60,0,"1",.,"A",.,"A",.,"A",20,"D",.,"A",.,"A",.,"A",.,"A",0,"D",228,"D",300,"D",0,"D",20,"D",76,"D",.,"A"
"20101",2205762,52,0,"1",.,"A",.,"A",.,"A",.,"A",.,"A",.,"A",780,"D",.,"A",.,"A",.,"A",.,"A",.,"A",90,"D",.,"A",.,"A"
"20101",2205772,72,0,"1",.,"A",.,"A",.,"A",.,"A",.,"A",11,"D",195,"D",.,"A",.,"A",.,"A",.,"A",.,"A",100,"D",.,"A",.,"A"
"20101",2205802,41,0,"1",100,"D",.,"A",.,"A",.,"A",200,"D",.,"A",.,"A",.,"A",.,"A",.,"A",.,"A",.,"A",.,"A",.,"A",.,"A"
"20101",2205822,31,0,"1",.,"A",.,"A",.,"A",.,"A",.,"A",.,"A",.,"A",.,"A",.,"A",.,"A",.,"A",.,"A",20,"D",.,"A",.,"A"
"20101",2205832,26,0,"1",.,"A",.,"A",.,"A",.,"A",.,"A",.,"A",.,"A",.,"A",.,"A",.,"A",.,"A",.,"A",.,"A",.,"A",.,"A"
"20101",2205853,35,0,"1",.,"A",.,"A",.,"A",.,"A",.,"A",.,"A",.,"A",.,"A",.,"A",.,"A",.,"A",.,"A",.,"A",.,"A",.,"A"
"20101",2205862,31,0,"1",.,"A",.,"A",.,"A",.,"A",25,"D",.,"A",.,"A",.,"A",.,"A",.,"A",.,"A",.,"A",90,"D",.,"A",.,"A"
"20101",2205872,41,0,"1",.,"A",.,"A",.,"A",.,"A",.,"A",.,"A",780,"D",.,"A",.,"A",.,"A",.,"A",.,"A",.,"A",.,"A",.,"A"
"20101",2205882,74,0,"1",.,"A",.,"A",.,"A",.,"A",.,"A",.,"A",.,"A",.,"A",.,"A",.,"A",.,"A",.,"A",.,"A",.,"A",.,"A"
"20101",2205912,31,0,"1",.,"A",.,"A",.,"A",.,"A",.,"A",.,"A",.,"A",.,"A",.,"A",90,"D",0,"D",0,"D",.,"A",30,"D",.,"A"
"20101",2205922,62,0,"1",.,"A",.,"A",.,"A",.,"A",.,"A",100,"D",.,"A",.,"A",.,"A",.,"A",.,"A",.,"A",250,"D",.,"A",.,"A"
"20101",2205932,52,0,"1",.,"A",.,"A",.,"A",.,"A",.,"A",.,"A",.,"A",.,"A",.,"A",.,"A",.,"A",.,"A",12,"D",.,"A",.,"A"
"20101",2205942,28,0,"1",.,"A",.,"A",.,"A",.,"A",.,"A",.,"A",.,"A",.,"A",.,"A",.,"A",.,"A",.,"A",.,"A",.,"A",.,"A"
"20101",2205972,57,0,"1",.,"A",.,"A",32,"D",.,"A",.,"A",35,"D",.,"A",.,"A",.,"A",.,"A",.,"A",.,"A",60,"D",.,"A",.,"A"
"20101",2205992,45,0,"1",.,"A",.,"A",.,"A",.,"A",.,"A",.,"A",.,"A",.,"A",.,"A",.,"A",.,"A",.,"A",80,"D",.,"A",.,"A"
"20101",2206022,28,0,"1",.,"A",.,"A",.,"A",.,"A",45,"D",.,"A",.,"A",.,"A",.,"A",0,"D",234,"D",15,"D",.,"A",0,"D",.,"A"
"20101",2206045,50,0,"1",.,"A",.,"A",.,"A",.,"A",.,"A",120,"D",.,"A",.,"A",.,"A",.,"A",.,"A",.,"A",.,"A",.,"A",.,"A"
"20101",2206052,36,0,"1",.,"A",.,"A",.,"A",.,"A",.,"A",.,"A",.,"A",.,"A",3,"D",.,"A",.,"A",.,"A",20,"D",.,"A",.,"A"
"20101",2206062,40,0,"1",.,"A",.,"A",.,"A",100,"D",.,"A",.,"A",.,"A",.,"A",.,"A",.,"A",.,"A",.,"A",.,"A",.,"A",.,"A"
"20101",2206072,33,0,"1",.,"A",.,"A",.,"A",.,"A",.,"A",.,"A",.,"A",.,"A",.,"A",.,"A",.,"A",.,"A",.,"A",.,"A",.,"A"
"20101",2206082,23,0,"1",60,"F",.,"A",.,"A",.,"A",10,"F",.,"A",.,"A",.,"A",.,"A",.,"A",.,"A",.,"A",.,"A",.,"A",.,"A"
"20101",2206102,44,0,"1",.,"A",.,"A",.,"A",.,"A",.,"A",.,"A",.,"A",.,"A",.,"A",.,"A",.,"A",.,"A",90,"D",.,"A",.,"A"
"20101",2206112,28,0,"1",.,"A",.,"A",.,"A",.,"A",50,"D",.,"A",.,"A",.,"A",.,"A",.,"A",.,"A",.,"A",.,"A",.,"A",.,"A"
"20101",2206122,50,0,"1",.,"A",.,"A",.,"A",.,"A",.,"A",.,"A",.,"A",.,"A",.,"A",.,"A",.,"A",.,"A",185,"D",.,"A",.,"A"
"20101",2206132,41,0,"1",.,"A",.,"A",.,"A",.,"A",.,"A",.,"A",.,"A",.,"A",.,"A",.,"A",.,"A",.,"A",.,"A",.,"A",.,"A"
"20101",2206142,42,0,"1",.,"A",.,"A",.,"A",.,"A",.,"A",.,"A",.,"A",.,"A",30,"D",.,"A",.,"A",.,"A",.,"A",.,"A",.,"A"
"20101",2206152,48,0,"1",.,"A",.,"A",.,"A",.,"A",.,"A",.,"A",.,"A",.,"A",.,"A",.,"A",.,"A",.,"A",100,"D",.,"A",.,"A"
"20101",2206172,47,0,"1",.,"A",.,"A",.,"A",.,"A",.,"A",.,"A",390,"D",.,"A",.,"A",.,"A",.,"A",.,"A",75,"D",.,"A",.,"A"
"20101",2206182,36,0,"1",.,"A",.,"A",.,"A",.,"A",.,"A",.,"A",195,"D",.,"A",.,"A",.,"A",.,"A",.,"A",.,"A",.,"A",.,"A"
"20101",2206202,52,0,"1",.,"A",.,"A",.,"A",.,"A",.,"A",.,"A",.,"A",.,"A",.,"A",.,"A",.,"A",.,"A",20,"D",.,"A",.,"A"
"20101",2206222,42,0,"1",.,"A",.,"A",.,"A",.,"A",.,"A",.,"A",.,"A",.,"A",.,"A",.,"A",.,"A",.,"A",.,"A",.,"A",.,"A"
"20101",2206233,51,0,"1",.,"A",.,"A",.,"A",.,"A",.,"A",.,"A",.,"A",.,"A",.,"A",.,"A",.,"A",.,"A",.,"A",.,"A",.,"A"
"20101",2206242,47,0,"1",.,"A",.,"A",.,"A",.,"A",.,"A",.,"A",.,"A",.,"A",.,"A",.,"A",.,"A",.,"A",.,"A",.,"A",.,"A"
"20101",2206262,59,0,"1",.,"A",.,"A",.,"A",.,"A",.,"A",.,"A",.,"A",273,"D",.,"A",.,"A",.,"A",.,"A",21,"D",.,"A",.,"A"
"20101",2206272,54,0,"1",.,"A",.,"A",.,"A",.,"A",.,"A",.,"A",.,"A",.,"A",.,"A",.,"A",.,"A",.,"A",80,"D",.,"A",.,"A"
"20101",2206292,48,0,"1",.,"A",.,"A",.,"A",.,"A",.,"A",.,"A",390,"D",.,"A",.,"A",.,"A",.,"A",.,"A",.,"A",.,"A",.,"A"
"20101",2206312,42,0,"1",.,"A",.,"A",.,"A",.,"A",.,"A",.,"A",.,"A",.,"A",.,"A",.,"A",.,"A",.,"A",.,"A",.,"A",.,"A"
"20101",2206332,77,0,"1",.,"A",.,"A",.,"A",.,"A",.,"A",.,"A",.,"A",.,"A",.,"A",.,"A",.,"A",.,"A",20,"D",.,"A",.,"A"
"20101",2206362,63,0,"1",.,"A",.,"A",.,"A",.,"A",.,"A",.,"A",.,"A",.,"A",.,"A",.,"A",.,"A",.,"A",100,"D",.,"A",.,"A"
"20101",2206372,54,0,"1",.,"A",.,"A",.,"A",.,"A",.,"A",.,"A",.,"A",.,"A",.,"A",.,"A",.,"A",.,"A",175,"D",.,"A",.,"A"
"20101",2206392,56,0,"1",.,"A",.,"A",.,"A",.,"A",.,"A",.,"A",.,"A",.,"A",.,"A",.,"A",.,"A",.,"A",250,"D",.,"A",.,"A"
"20101",2206412,43,0,"1",.,"A",.,"A",.,"A",.,"A",.,"A",50,"D",.,"A",.,"A",.,"A",.,"A",.,"A",.,"A",75,"D",.,"A",.,"A"
"20101",2206432,38,0,"1",.,"A",.,"A",.,"A",.,"A",.,"A",.,"A",1820,"D",.,"A",.,"A",.,"A",.,"A",.,"A",.,"A",.,"A",.,"A"
"20101",2206462,27,0,"1",.,"A",.,"A",.,"A",.,"A",.,"A",.,"A",585,"D",.,"A",.,"A",.,"A",.,"A",.,"A",.,"A",.,"A",.,"A"
"20101",2206472,30,0,"1",.,"A",.,"A",.,"A",.,"A",.,"A",.,"A",.,"A",.,"A",.,"A",.,"A",.,"A",.,"A",.,"A",.,"A",.,"A"
"20101",2206482,55,0,"1",.,"A",.,"A",.,"A",.,"A",.,"A",.,"A",.,"A",.,"A",.,"A",.,"A",.,"A",.,"A",50,"D",.,"A",.,"A"
"20101",2206492,52,0,"1",.,"A",.,"A",.,"A",.,"A",.,"A",.,"A",.,"A",195,"D",.,"A",.,"A",.,"A",.,"A",120,"D",.,"A",.,"A"
"20101",2206502,33,0,"1",.,"A",.,"A",.,"A",.,"A",.,"A",.,"A",.,"A",.,"A",.,"A",.,"A",.,"A",.,"A",.,"A",.,"A",.,"A"
"20101",2206512,34,0,"1",.,"A",.,"A",.,"A",.,"A",.,"A",.,"A",455,"D",.,"A",.,"A",.,"A",.,"A",.,"A",.,"A",.,"A",.,"A"
"20101",2206532,37,0,"1",.,"A",.,"A",.,"A",.,"A",.,"A",.,"A",195,"D",.,"A",.,"A",.,"A",.,"A",.,"A",.,"A",.,"A",.,"A"
"20101",2206552,53,0,"1",.,"A",.,"A",.,"A",.,"A",.,"A",.,"A",.,"A",.,"A",.,"A",.,"A",.,"A",.,"A",20,"D",.,"A",.,"A"
"20101",2206582,53,0,"1",.,"A",.,"A",47,"D",.,"A",.,"A",.,"A",.,"A",.,"A",.,"A",.,"A",.,"A",.,"A",45,"D",.,"A",.,"A"
"20101",2206592,70,0,"1",.,"A",.,"A",.,"A",.,"A",.,"A",.,"A",.,"A",.,"A",.,"A",.,"A",.,"A",.,"A",100,"D",.,"A",.,"A"
"20101",2206602,32,0,"1",.,"A",.,"A",.,"A",.,"A",.,"A",.,"A",.,"A",.,"A",.,"A",.,"A",.,"A",.,"A",.,"A",.,"A",.,"A"
"20101",2206612,63,0,"1",.,"A",.,"A",.,"A",.,"A",.,"A",.,"A",.,"A",.,"A",.,"A",.,"A",.,"A",.,"A",50,"D",.,"A",.,"A"
"20101",2206622,31,0,"1",.,"A",.,"A",.,"A",.,"A",.,"A",.,"A",.,"A",.,"A",.,"A",.,"A",.,"A",.,"A",40,"D",.,"A",.,"A"
"20101",2206642,60,0,"1",.,"A",.,"A",.,"A",.,"A",.,"A",.,"A",104,"D",.,"A",.,"A",.,"A",.,"A",.,"A",260,"D",.,"A",.,"A"
"20101",2206662,69,0,"1",.,"A",.,"A",.,"A",.,"A",.,"A",.,"A",.,"A",91,"D",27,"D",.,"A",.,"A",.,"A",150,"D",.,"A",.,"A"
"20101",2206672,33,0,"1",.,"A",.,"A",.,"A",.,"A",60,"D",.,"A",.,"A",.,"A",.,"A",.,"A",.,"A",.,"A",.,"A",.,"A",.,"A"
"20101",2206682,40,0,"1",.,"A",.,"A",.,"A",.,"A",.,"A",.,"A",.,"A",.,"A",.,"A",.,"A",.,"A",.,"A",.,"A",.,"A",.,"A"
"20101",2206692,51,0,"1",.,"A",.,"A",.,"A",.,"A",.,"A",.,"A",.,"A",.,"A",.,"A",.,"A",.,"A",.,"A",340,"D",.,"A",.,"A"
"20101",2206732,39,0,"1",.,"A",.,"A",.,"A",.,"A",.,"A",.,"A",.,"A",.,"A",.,"A",.,"A",.,"A",.,"A",.,"A",.,"A",.,"A"
"20101",2206742,55,0,"1",.,"A",.,"A",.,"A",.,"A",.,"A",640,"D",.,"A",.,"A",15,"D",.,"A",.,"A",.,"A",100,"D",.,"A",.,"A"
"20101",2206752,69,0,"1",.,"A",.,"A",.,"A",.,"A",.,"A",.,"A",.,"A",.,"A",.,"A",.,"A",.,"A",.,"A",15,"D",.,"A",.,"A"
"20101",2206762,46,0,"1",3,"D",.,"A",.,"A",.,"A",27,"D",20,"D",.,"A",.,"A",.,"A",195,"D",0,"D",0,"D",18,"D",65,"D",.,"A"
"20101",2206772,53,0,"1",.,"A",.,"A",.,"A",.,"A",.,"A",45,"D",.,"A",.,"A",27,"D",.,"A",.,"A",.,"A",30,"D",.,"A",.,"A"
"20101",2206792,43,0,"1",.,"A",.,"A",.,"A",.,"A",.,"A",.,"A",.,"A",.,"A",.,"A",.,"A",.,"A",.,"A",.,"A",.,"A",.,"A"
"20101",2206812,52,0,"1",.,"A",.,"A",.,"A",.,"A",.,"A",130,"D",.,"A",.,"A",12,"D",.,"A",.,"A",.,"A",280,"D",.,"A",.,"A"
"20101",2206832,67,0,"1",.,"A",.,"A",.,"A",.,"A",.,"A",.,"A",.,"A",.,"A",.,"A",.,"A",.,"A",.,"A",120,"D",.,"A",.,"A"
"20101",2206842,76,0,"1",.,"A",.,"A",.,"A",.,"A",.,"A",.,"A",130,"D",.,"A",.,"A",.,"A",.,"A",.,"A",.,"A",.,"A",.,"A"
"20101",2206852,54,0,"1",.,"A",.,"A",.,"A",.,"A",.,"A",.,"A",.,"A",.,"A",.,"A",.,"A",.,"A",.,"A",100,"D",.,"A",.,"A"
"20101",2206862,69,0,"1",.,"A",.,"A",.,"A",.,"A",.,"A",.,"A",390,"F",.,"A",.,"A",.,"A",.,"A",.,"A",150,"D",.,"A",.,"A"
"20101",2206872,65,0,"1",.,"A",.,"A",.,"A",.,"A",.,"A",.,"A",585,"D",.,"A",.,"A",.,"A",.,"A",.,"A",100,"D",.,"A",.,"A"
"20101",2206882,29,0,"1",.,"A",.,"A",.,"A",.,"A",.,"A",.,"A",.,"A",.,"A",.,"A",.,"A",.,"A",.,"A",.,"A",.,"A",.,"A"
"20101",2206892,62,0,"1",.,"A",.,"A",.,"A",.,"A",.,"A",.,"A",.,"A",.,"A",.,"A",.,"A",.,"A",.,"A",300,"D",.,"A",.,"A"
"20101",2206902,28,0,"1",.,"A",.,"A",.,"A",.,"A",.,"A",.,"A",.,"A",.,"A",.,"A",.,"A",.,"A",.,"A",.,"A",.,"A",.,"A"
"20101",2206912,36,0,"1",.,"A",.,"A",.,"A",.,"A",.,"A",.,"A",.,"A",.,"A",.,"A",.,"A",.,"A",.,"A",50,"D",.,"A",.,"A"
"20101",2206922,102,0,"1",.,"A",.,"A",.,"A",.,"A",4,"D",20,"D",.,"A",.,"A",.,"A",.,"A",.,"A",.,"A",120,"D",.,"A",.,"A"
"20101",2206932,72,0,"1",.,"A",.,"A",.,"A",.,"A",.,"A",.,"A",.,"A",.,"A",.,"A",.,"A",.,"A",.,"A",300,"D",.,"A",.,"A"
"20101",2206942,57,0,"1",.,"A",.,"A",.,"A",.,"A",.,"A",.,"A",.,"A",.,"A",.,"A",.,"A",.,"A",.,"A",35,"D",.,"A",.,"A"
"20101",2206952,32,0,"1",.,"A",.,"A",.,"A",.,"A",.,"A",.,"A",2600,"D",.,"A",.,"A",.,"A",.,"A",.,"A",.,"A",.,"A",.,"A"
"20101",2206962,46,0,"1",.,"A",.,"A",.,"A",.,"A",.,"A",.,"A",.,"A",.,"A",.,"A",.,"A",.,"A",.,"A",.,"A",.,"A",.,"A"
"20101",2206972,49,0,"1",.,"A",.,"A",.,"A",.,"A",42,"D",.,"A",.,"A",.,"A",.,"A",.,"A",.,"A",.,"A",100,"D",.,"A",.,"A"
"20101",2206982,58,0,"1",.,"A",.,"A",.,"A",.,"A",.,"A",.,"A",.,"A",.,"A",.,"A",.,"A",.,"A",.,"A",.,"A",.,"A",.,"A"
"20101",2207002,42,0,"1",.,"A",.,"A",.,"A",.,"A",.,"A",.,"A",.,"A",.,"A",.,"A",.,"A",.,"A",.,"A",105,"D",.,"A",.,"A"
"20101",2207012,59,0,"1",.,"A",.,"A",.,"A",.,"A",.,"A",.,"A",.,"A",.,"A",.,"A",.,"A",.,"A",.,"A",80,"D",.,"A",.,"A"
"20101",2207022,46,0,"1",.,"A",.,"A",.,"A",.,"A",.,"A",.,"A",.,"A",.,"A",.,"A",.,"A",.,"A",.,"A",40,"D",.,"A",.,"A"
"20101",2207042,33,0,"1",10,"D",.,"A",.,"A",.,"A",50,"D",.,"A",.,"A",.,"A",.,"A",0,"D",0,"D",75,"D",60,"D",0,"D",.,"A"
"20101",2207052,51,0,"1",.,"A",.,"A",.,"A",.,"A",.,"A",.,"A",.,"A",.,"A",.,"A",.,"A",.,"A",.,"A",240,"D",.,"A",.,"A"
"20101",2207062,46,0,"1",.,"A",.,"A",.,"A",.,"A",.,"A",20,"D",.,"A",.,"A",.,"A",.,"A",.,"A",.,"A",120,"D",.,"A",.,"A"
"20101",2207082,38,0,"1",.,"A",.,"A",.,"A",.,"A",.,"A",.,"A",455,"D",260,"D",.,"A",.,"A",.,"A",.,"A",80,"D",.,"A",.,"A"
"20101",2207092,25,0,"1",.,"A",.,"A",.,"A",75,"D",.,"A",.,"A",195,"D",.,"A",.,"A",.,"A",.,"A",.,"A",.,"A",.,"A",.,"A"
"20101",2207122,46,0,"1",.,"A",.,"A",.,"A",.,"A",.,"A",.,"A",.,"A",.,"A",.,"A",.,"A",.,"A",.,"A",66,"D",.,"A",.,"A"
"20101",2207132,55,0,"1",.,"A",.,"A",.,"A",.,"A",.,"A",.,"A",.,"A",130,"D",.,"A",.,"A",.,"A",.,"A",40,"D",.,"A",.,"A"
"20101",2207142,37,0,"1",.,"A",.,"A",.,"A",.,"A",.,"A",.,"A",.,"A",.,"A",.,"A",.,"A",.,"A",.,"A",.,"A",.,"A",.,"A"
"20101",2207152,46,0,"1",.,"A",.,"A",.,"A",.,"A",120,"D",.,"A",.,"A",.,"A",.,"A",.,"A",.,"A",.,"A",.,"A",.,"A",.,"A"
"20101",2207172,54,0,"1",.,"A",.,"A",.,"A",.,"A",.,"A",.,"A",.,"A",.,"A",.,"A",.,"A",.,"A",.,"A",90,"D",.,"A",.,"A"
"20101",2207182,32,0,"1",.,"A",.,"A",.,"A",.,"A",60,"D",.,"A",.,"A",.,"A",.,"A",240,"D",0,"D",0,"D",.,"A",80,"D",.,"A"
"20101",2207192,66,0,"1",.,"A",.,"A",.,"A",.,"A",.,"A",.,"A",.,"A",.,"A",.,"A",.,"A",.,"A",.,"A",135,"D",.,"A",.,"A"
"20101",2207202,48,0,"1",.,"A",.,"A",.,"A",.,"A",.,"A",.,"A",.,"A",.,"A",.,"A",.,"A",.,"A",.,"A",67,"D",.,"A",.,"A"
"20101",2207232,63,0,"1",.,"A",.,"A",30,"D",.,"A",.,"A",.,"A",.,"A",.,"A",.,"A",.,"A",.,"A",.,"A",180,"D",.,"A",.,"A"
"20101",2207262,92,0,"1",.,"A",.,"A",.,"A",.,"A",.,"A",75,"D",.,"A",.,"A",.,"A",240,"D",0,"D",0,"D",300,"D",80,"D",240,"D"
"20101",2207282,68,0,"1",.,"A",.,"A",.,"A",.,"A",.,"A",.,"A",.,"A",.,"A",3,"D",.,"A",.,"A",.,"A",102,"D",.,"A",.,"A"
"20101",2207292,21,0,"1",.,"A",.,"A",.,"A",.,"A",10,"D",.,"A",.,"A",.,"A",.,"A",.,"A",.,"A",.,"A",30,"D",.,"A",.,"A"
"20101",2207313,26,0,"1",.,"A",.,"A",.,"A",.,"A",.,"A",.,"A",.,"A",.,"A",.,"A",.,"A",.,"A",.,"A",30,"D",.,"A",.,"A"
"20101",2207322,91,0,"1",.,"A",.,"A",.,"A",.,"A",.,"A",8,"D",.,"A",.,"A",.,"A",.,"A",.,"A",.,"A",82,"D",.,"A",.,"A"
"20101",2207352,44,0,"1",.,"A",.,"A",.,"A",.,"A",.,"A",.,"A",.,"A",.,"A",.,"A",.,"A",.,"A",.,"A",300,"D",.,"A",.,"A"
"20101",2207372,51,0,"1",.,"A",.,"A",.,"A",.,"A",.,"A",.,"A",.,"A",.,"A",.,"A",.,"A",.,"A",.,"A",6,"D",.,"A",.,"A"
"20101",2207402,38,0,"1",.,"A",.,"A",.,"A",.,"A",.,"A",.,"A",169,"D",.,"A",.,"A",.,"A",.,"A",.,"A",48,"D",.,"A",.,"A"
"20101",2207425,33,0,"1",.,"A",.,"A",.,"A",.,"A",.,"A",.,"A",.,"A",.,"A",.,"A",.,"A",.,"A",.,"A",450,"D",.,"A",.,"A"
"20101",2207432,58,0,"1",.,"A",.,"A",.,"A",.,"A",.,"A",.,"A",.,"A",.,"A",6,"D",.,"A",.,"A",.,"A",20,"D",.,"A",.,"A"
"20101",2207442,59,0,"1",.,"A",.,"A",.,"A",.,"A",.,"A",150,"D",.,"A",.,"A",.,"A",.,"A",.,"A",.,"A",100,"D",.,"A",.,"A"
"20101",2207462,32,0,"1",.,"A",.,"A",.,"A",.,"A",120,"D",120,"D",.,"A",.,"A",.,"A",.,"A",.,"A",.,"A",50,"D",.,"A",.,"A"
"20101",2207482,25,0,"1",.,"A",.,"A",.,"A",.,"A",.,"A",.,"A",.,"A",.,"A",.,"A",.,"A",.,"A",.,"A",.,"A",.,"A",.,"A"
"20101",2207502,22,0,"1",.,"A",.,"A",.,"A",.,"A",20,"D",.,"A",.,"A",.,"A",.,"A",.,"A",.,"A",.,"A",.,"A",.,"A",.,"A"
"20101",2207522,49,0,"1",.,"A",.,"A",.,"A",.,"A",.,"A",.,"A",.,"A",.,"A",.,"A",.,"A",.,"A",.,"A",.,"A",.,"A",.,"A"
"20101",2207533,38,0,"1",.,"A",.,"A",.,"A",.,"A",.,"A",.,"A",.,"A",.,"A",.,"A",.,"A",.,"A",.,"A",15,"D",.,"A",.,"A"
"20101",2207552,63,0,"1",.,"A",.,"A",.,"A",.,"A",.,"A",.,"A",.,"A",.,"A",.,"A",.,"A",.,"A",.,"A",180,"D",.,"A",.,"A"
"20101",2207572,47,0,"1",.,"A",.,"A",.,"A",.,"A",.,"A",.,"A",.,"A",.,"A",.,"A",.,"A",.,"A",.,"A",60,"D",.,"A",.,"A"
"20101",2207582,32,0,"1",.,"A",.,"A",.,"A",.,"A",.,"A",.,"A",.,"A",.,"A",.,"A",.,"A",.,"A",.,"A",.,"A",.,"A",.,"A"
"20101",2207592,68,0,"1",.,"A",.,"A",.,"A",.,"A",.,"A",.,"A",65,"D",65,"D",.,"A",.,"A",.,"A",.,"A",90,"D",.,"A",.,"A"
"20101",2207602,49,0,"1",.,"A",.,"A",.,"A",.,"A",.,"A",.,"A",.,"A",.,"A",.,"A",.,"A",.,"A",.,"A",15,"D",.,"A",.,"A"
"20101",2207612,27,0,"1",.,"A",60,"D",.,"A",.,"A",120,"D",60,"D",260,"D",.,"A",.,"A",.,"A",.,"A",.,"A",.,"A",.,"A",.,"A"
"20101",2207642,24,0,"1",.,"A",.,"A",.,"A",.,"A",.,"A",.,"A",.,"A",.,"A",.,"A",.,"A",.,"A",.,"A",.,"A",.,"A",.,"A"
"20101",2207652,48,0,"1",.,"A",.,"A",.,"A",.,"A",.,"A",.,"A",.,"A",.,"A",.,"A",.,"A",.,"A",.,"A",25,"D",.,"A",.,"A"
"20101",2207662,52,0,"1",.,"A",.,"A",.,"A",.,"A",.,"A",.,"A",.,"A",.,"A",.,"A",.,"A",.,"A",.,"A",100,"D",.,"A",.,"A"
"20101",2207672,62,0,"1",.,"A",.,"A",.,"A",.,"A",.,"A",.,"A",.,"A",.,"A",.,"A",.,"A",.,"A",.,"A",35,"D",.,"A",.,"A"
"20101",2207692,107,0,"1",.,"A",.,"A",.,"A",264,"D",.,"A",.,"A",650,"D",.,"A",.,"A",.,"A",.,"A",.,"A",8,"D",.,"A",.,"A"
"20101",2207702,33,0,"1",.,"A",.,"A",.,"A",50,"D",.,"A",100,"D",.,"A",.,"A",15,"D",.,"A",.,"A",.,"A",50,"D",.,"A",.,"A"
"20101",2207712,42,0,"1",.,"A",.,"A",.,"A",.,"A",.,"A",.,"A",.,"A",.,"A",.,"A",.,"A",.,"A",.,"A",30,"D",.,"A",.,"A"
"20101",2207762,47,0,"1",.,"A",.,"A",.,"A",.,"A",.,"A",.,"A",.,"A",.,"A",.,"A",150,"D",0,"D",0,"D",240,"D",50,"D",.,"A"
"20101",2207792,50,0,"1",.,"A",.,"A",.,"A",.,"A",.,"A",.,"A",.,"A",.,"A",.,"A",.,"A",.,"A",.,"A",.,"A",.,"A",.,"A"
"20101",2207802,88,0,"1",30,"D",.,"A",.,"A",.,"A",0,"D",.,"A",.,"A",.,"A",.,"A",.,"A",.,"A",.,"A",100,"D",.,"A",.,"A"
"20101",2207822,61,0,"1",.,"A",.,"A",.,"A",.,"A",.,"A",.,"A",.,"A",.,"A",.,"A",.,"A",.,"A",.,"A",.,"A",.,"A",.,"A"
"20101",2207842,38,0,"1",.,"A",.,"A",.,"A",.,"A",.,"A",.,"A",.,"A",.,"A",.,"A",.,"A",.,"A",.,"A",.,"A",.,"A",.,"A"
"20101",2207852,52,0,"1",.,"A",.,"A",.,"A",.,"A",.,"A",.,"A",.,"A",.,"A",.,"A",.,"A",.,"A",.,"A",15,"D",.,"A",.,"A"
"20101",2207862,25,0,"1",20,"D",.,"A",.,"A",.,"A",60,"D",.,"A",.,"A",.,"A",.,"A",120,"D",0,"D",60,"D",60,"D",40,"D",.,"A"
"20101",2207882,64,0,"1",.,"A",.,"A",.,"A",.,"A",.,"A",.,"A",.,"A",.,"A",.,"A",.,"A",.,"A",.,"A",75,"D",.,"A",.,"A"
"20101",2207912,39,0,"1",.,"A",.,"A",.,"A",.,"A",120,"D",.,"A",.,"A",260,"D",.,"A",.,"A",.,"A",.,"A",140,"D",.,"A",.,"A"
"20101",2207922,41,0,"1",.,"A",.,"A",.,"A",.,"A",.,"A",50,"D",.,"A",.,"A",.,"A",.,"A",.,"A",.,"A",600,"D",.,"A",.,"A"
"20101",2207935,35,0,"1",.,"A",.,"A",.,"A",.,"A",30,"D",.,"A",975,"D",.,"A",.,"A",.,"A",.,"A",.,"A",.,"A",.,"A",.,"A"
"20101",2207952,38,0,"1",.,"A",.,"A",.,"A",.,"A",.,"A",.,"A",.,"A",.,"A",.,"A",.,"A",.,"A",.,"A",.,"A",.,"A",.,"A"
"20101",2207972,52,0,"1",.,"A",.,"A",.,"A",.,"A",.,"A",.,"A",.,"A",.,"A",.,"A",.,"A",.,"A",.,"A",.,"A",.,"A",.,"A"
"20101",2207982,35,0,"1",.,"A",.,"A",.,"A",.,"A",.,"A",.,"A",.,"A",.,"A",.,"A",.,"A",.,"A",.,"A",.,"A",.,"A",.,"A"
"20101",2207992,48,0,"1",.,"A",.,"A",.,"A",.,"A",.,"A",.,"A",.,"A",.,"A",.,"A",.,"A",.,"A",.,"A",170,"D",.,"A",.,"A"
"20101",2208002,38,0,"1",.,"A",.,"A",.,"A",.,"A",.,"A",.,"A",.,"A",.,"A",.,"A",.,"A",.,"A",.,"A",.,"A",.,"A",.,"A"
"20101",2208012,39,0,"1",.,"A",.,"A",.,"A",.,"A",120,"D",.,"A",.,"A",.,"A",.,"A",.,"A",.,"A",.,"A",.,"A",.,"A",.,"A"
"20101",2208022,65,0,"1",.,"A",.,"A",.,"A",.,"A",.,"A",.,"A",.,"A",.,"A",.,"A",.,"A",.,"A",.,"A",300,"D",.,"A",.,"A"
"20101",2208032,30,0,"1",.,"A",.,"A",.,"A",.,"A",.,"A",.,"A",.,"A",.,"A",.,"A",.,"A",.,"A",.,"A",.,"A",.,"A",.,"A"
"20101",2208062,51,0,"1",.,"A",.,"A",.,"A",.,"A",.,"A",20,"D",520,"F",.,"A",.,"A",.,"A",.,"A",.,"A",300,"D",.,"A",.,"A"
"20101",2208072,43,0,"1",.,"A",.,"A",.,"A",.,"A",.,"A",.,"A",.,"A",.,"A",.,"A",.,"A",.,"A",.,"A",.,"A",.,"A",.,"A"
"20101",2208082,41,0,"1",10,"D",.,"A",.,"A",.,"A",120,"D",.,"A",390,"D",.,"A",.,"A",.,"A",.,"A",.,"A",66,"D",.,"A",.,"A"
"20101",2208122,64,0,"1",.,"A",.,"A",.,"A",.,"A",.,"A",.,"A",156,"D",.,"A",.,"A",.,"A",.,"A",.,"A",.,"A",.,"A",.,"A"
"20101",2208132,52,0,"1",.,"A",.,"A",.,"A",.,"A",.,"A",.,"A",546,"D",.,"A",.,"A",.,"A",.,"A",.,"A",150,"D",.,"A",.,"A"
"20101",2208142,37,0,"1",.,"A",.,"A",.,"A",.,"A",.,"A",.,"A",.,"A",.,"A",9,"D",.,"A",.,"A",.,"A",.,"A",.,"A",.,"A"
"20101",2208162,39,0,"1",.,"A",.,"A",.,"A",.,"A",.,"A",.,"A",260,"D",.,"A",.,"A",.,"A",.,"A",.,"A",.,"A",.,"A",.,"A"
"20101",2208172,34,0,"1",.,"A",.,"A",.,"A",.,"A",.,"A",.,"A",520,"D",.,"A",9,"D",.,"A",.,"A",.,"A",100,"D",.,"A",.,"A"
"20101",2208182,39,0,"1",.,"A",.,"A",.,"A",.,"A",.,"A",120,"D",.,"A",78,"D",.,"A",.,"A",.,"A",.,"A",30,"D",.,"A",.,"A"
"20101",2208192,52,0,"1",.,"A",.,"A",.,"A",.,"A",.,"A",30,"D",.,"A",.,"A",.,"A",.,"A",.,"A",.,"A",180,"D",.,"A",.,"A"
"20101",2208222,42,0,"1",.,"A",.,"A",.,"A",.,"A",.,"A",.,"A",.,"A",.,"A",.,"A",.,"A",.,"A",.,"A",25,"D",.,"A",.,"A"
"20101",2208242,41,0,"1",.,"A",.,"A",.,"A",.,"A",.,"A",.,"A",.,"A",.,"A",.,"A",.,"A",.,"A",.,"A",30,"D",.,"A",.,"A"
"20101",2208262,63,0,"1",.,"A",.,"A",.,"A",.,"A",.,"A",.,"A",.,"A",.,"A",.,"A",.,"A",.,"A",.,"A",121,"D",.,"A",.,"A"
"20101",2208292,40,0,"1",.,"A",.,"A",.,"A",55,"D",.,"A",.,"A",.,"A",.,"A",36,"D",0,"D",0,"D",15,"D",36,"D",0,"D",.,"A"
"20101",2208322,29,0,"1",.,"A",.,"A",.,"A",.,"A",.,"A",.,"A",.,"A",.,"A",.,"A",0,"D",0,"D",15,"D",.,"A",0,"D",.,"A"
"20101",2208342,55,0,"1",.,"A",.,"A",.,"A",.,"A",.,"A",.,"A",.,"A",.,"A",.,"A",.,"A",.,"A",.,"A",70,"D",.,"A",.,"A"
"20101",2208352,41,0,"1",.,"A",.,"A",.,"A",.,"A",.,"A",.,"A",.,"A",.,"A",.,"A",.,"A",.,"A",.,"A",48,"D",.,"A",.,"A"
"20101",2208372,30,0,"1",.,"A",.,"A",.,"A",.,"A",.,"A",.,"A",.,"A",.,"A",.,"A",.,"A",.,"A",.,"A",.,"A",.,"A",.,"A"
"20101",2208382,39,0,"1",.,"A",.,"A",.,"A",.,"A",.,"A",.,"A",.,"A",.,"A",.,"A",.,"A",.,"A",.,"A",.,"A",.,"A",.,"A"
"20101",2208392,32,0,"1",.,"A",.,"A",.,"A",.,"A",.,"A",.,"A",.,"A",.,"A",.,"A",.,"A",.,"A",.,"A",85,"D",.,"A",.,"A"
"20101",2208412,75,0,"1",.,"A",.,"A",.,"A",16,"D",.,"A",.,"A",.,"A",.,"A",.,"A",.,"A",.,"A",.,"A",20,"D",.,"A",.,"A"
"20101",2208422,37,0,"1",10,"F",.,"A",.,"A",.,"A",160,"F",.,"A",.,"A",.,"A",.,"A",.,"A",.,"A",.,"A",.,"A",.,"A",.,"A"
"20101",2208432,38,0,"1",.,"A",.,"A",.,"A",.,"A",.,"A",.,"A",.,"A",.,"A",.,"A",.,"A",.,"A",.,"A",100,"D",.,"A",.,"A"
"20101",2208442,38,0,"1",.,"A",.,"A",.,"A",.,"A",.,"A",.,"A",.,"A",.,"A",.,"A",.,"A",.,"A",.,"A",300,"D",.,"A",.,"A"
"20101",2208452,62,0,"1",.,"A",.,"A",.,"A",.,"A",.,"A",.,"A",.,"A",.,"A",.,"A",.,"A",.,"A",.,"A",250,"D",.,"A",.,"A"
"20101",2208462,31,0,"1",.,"A",.,"A",.,"A",.,"A",.,"A",.,"A",.,"A",.,"A",.,"A",.,"A",.,"A",.,"A",.,"A",.,"A",.,"A"
"20101",2208472,32,0,"1",.,"A",.,"A",.,"A",.,"A",40,"D",.,"A",.,"A",.,"A",.,"A",0,"D",0,"D",150,"D",.,"A",0,"D",.,"A"
"20101",2208492,65,0,"1",.,"A",.,"A",.,"A",.,"A",.,"A",.,"A",.,"A",.,"A",.,"A",.,"A",.,"A",.,"A",12,"D",.,"A",.,"A"
"20101",2208502,45,0,"1",.,"A",.,"A",.,"A",.,"A",140,"D",.,"A",.,"A",.,"A",.,"A",.,"A",.,"A",.,"A",160,"D",.,"A",.,"A"
"20101",2208512,66,0,"1",.,"A",.,"A",.,"A",.,"A",.,"A",.,"A",.,"A",.,"A",.,"A",.,"A",.,"A",.,"A",60,"D",.,"A",.,"A"
"20101",2208522,44,0,"1",.,"A",.,"A",.,"A",.,"A",.,"A",.,"A",.,"A",.,"A",.,"A",.,"A",.,"A",.,"A",.,"A",.,"A",.,"A"
"20101",2208542,54,0,"1",.,"A",.,"A",.,"A",.,"A",.,"A",.,"A",.,"A",.,"A",.,"A",0,"D",0,"D",15,"D",.,"A",0,"D",.,"A"
"20101",2208552,29,0,"1",.,"A",.,"A",.,"A",.,"A",.,"A",.,"A",.,"A",.,"A",.,"A",.,"A",.,"A",.,"A",.,"A",.,"A",.,"A"
"20101",2208562,38,0,"1",.,"A",.,"A",.,"A",.,"A",.,"A",.,"A",.,"A",.,"A",.,"A",.,"A",.,"A",.,"A",.,"A",.,"A",.,"A"
"20101",2208572,43,0,"1",.,"A",.,"A",.,"A",.,"A",.,"A",.,"A",.,"A",.,"A",27,"D",.,"A",.,"A",.,"A",75,"D",.,"A",.,"A"
"20101",2208582,37,0,"1",.,"A",.,"A",.,"A",.,"A",.,"A",.,"A",.,"A",.,"A",.,"A",.,"A",.,"A",.,"A",130,"D",.,"A",.,"A"
"20101",2208592,42,0,"1",.,"A",.,"A",.,"A",.,"A",.,"A",.,"A",.,"A",.,"A",.,"A",.,"A",.,"A",.,"A",.,"A",.,"A",.,"A"
"20101",2208612,72,0,"1",.,"A",.,"A",.,"A",.,"A",.,"A",.,"A",.,"A",.,"A",.,"A",.,"A",.,"A",.,"A",.,"A",.,"A",.,"A"
"20101",2208632,87,0,"1",.,"A",.,"A",.,"A",.,"A",.,"A",45,"D",.,"A",.,"A",15,"D",.,"A",.,"A",.,"A",30,"D",.,"A",.,"A"
"20101",2208652,27,0,"1",.,"A",.,"A",.,"A",.,"A",60,"D",.,"A",.,"A",.,"A",.,"A",.,"A",.,"A",.,"A",.,"A",.,"A",.,"A"
"20101",2208662,29,0,"1",.,"A",.,"A",.,"A",.,"A",.,"A",.,"A",.,"A",.,"A",.,"A",.,"A",.,"A",.,"A",450,"D",.,"A",.,"A"
"20101",2208672,38,0,"1",.,"A",.,"A",.,"A",.,"A",.,"A",.,"A",.,"A",.,"A",.,"A",.,"A",.,"A",.,"A",.,"A",.,"A",.,"A"
"20101",2208692,101,0,"1",15,"D",.,"A",.,"A",.,"A",57,"D",75,"D",.,"A",.,"A",.,"A",0,"D",0,"D",30,"D",175,"D",0,"D",.,"A"
"20101",2208732,51,0,"1",.,"A",.,"A",.,"A",.,"A",.,"A",.,"A",.,"A",.,"A",.,"A",.,"A",.,"A",.,"A",.,"A",.,"A",.,"A"
"20101",2208742,51,0,"1",.,"A",.,"A",.,"A",.,"A",.,"A",.,"A",.,"A",.,"A",.,"A",.,"A",.,"A",.,"A",75,"D",.,"A",.,"A"
"20101",2208772,70,0,"1",.,"A",.,"A",.,"A",.,"A",.,"A",.,"A",.,"A",.,"A",.,"A",.,"A",.,"A",.,"A",200,"D",.,"A",.,"A"
"20101",2208782,53,0,"1",.,"A",.,"A",.,"A",.,"A",.,"A",12,"D",.,"A",.,"A",.,"A",.,"A",.,"A",.,"A",190,"D",.,"A",.,"A"
"20101",2208792,38,0,"1",.,"A",.,"A",.,"A",.,"A",.,"A",20,"D",.,"A",.,"A",.,"A",.,"A",.,"A",.,"A",100,"D",.,"A",.,"A"
"20101",2208802,47,0,"1",.,"A",.,"A",.,"A",.,"A",.,"A",.,"A",390,"D",.,"A",.,"A",.,"A",.,"A",.,"A",.,"A",.,"A",.,"A"
"20101",2208812,34,0,"1",.,"A",.,"A",.,"A",.,"A",.,"A",.,"A",325,"D",.,"A",6,"D",.,"A",.,"A",.,"A",.,"A",.,"A",.,"A"
"20101",2208822,62,0,"1",30,"D",.,"A",.,"A",75,"D",30,"D",.,"A",.,"A",.,"A",.,"A",0,"D",0,"D",45,"D",180,"D",0,"D",.,"A"
"20101",2208832,39,0,"1",.,"A",.,"A",.,"A",.,"A",.,"A",.,"A",.,"A",.,"A",.,"A",.,"A",.,"A",.,"A",.,"A",.,"A",.,"A"
"20101",2208862,38,0,"1",.,"A",.,"A",.,"A",.,"A",.,"A",.,"A",390,"D",130,"D",.,"A",.,"A",.,"A",.,"A",.,"A",.,"A",.,"A"
"20101",2208872,57,0,"1",.,"A",.,"A",.,"A",.,"A",.,"A",.,"A",.,"A",.,"A",.,"A",.,"A",.,"A",.,"A",.,"A",.,"A",.,"A"
"20101",2208922,67,0,"1",.,"A",.,"A",.,"A",.,"A",.,"A",.,"A",.,"A",.,"A",.,"A",.,"A",.,"A",.,"A",.,"A",.,"A",.,"A"
"20101",2208962,38,0,"1",.,"A",.,"A",.,"A",.,"A",.,"A",.,"A",.,"A",.,"A",.,"A",.,"A",.,"A",.,"A",15,"D",.,"A",.,"A"
"20101",2208972,42,0,"1",.,"A",.,"A",.,"A",.,"A",.,"A",.,"A",.,"A",.,"A",.,"A",.,"A",.,"A",.,"A",.,"A",.,"A",.,"A"
"20101",2208982,48,0,"1",.,"A",.,"A",.,"A",.,"A",.,"A",72,"D",.,"A",.,"A",.,"A",.,"A",.,"A",.,"A",15,"D",.,"A",.,"A"
"20101",2208992,69,0,"1",.,"A",.,"A",.,"A",.,"A",.,"A",15,"D",.,"A",.,"A",.,"A",.,"A",.,"A",.,"A",80,"D",.,"A",.,"A"
"20101",2209002,54,0,"1",.,"A",.,"A",.,"A",.,"A",.,"A",50,"D",.,"A",.,"A",.,"A",.,"A",.,"A",.,"A",150,"D",.,"A",.,"A"
"20101",2209012,55,0,"1",.,"A",.,"A",.,"A",.,"A",.,"A",.,"A",.,"A",.,"A",.,"A",.,"A",.,"A",.,"A",188,"D",.,"A",.,"A"
"20101",2209032,49,0,"1",.,"A",.,"A",.,"A",.,"A",.,"A",.,"A",.,"A",.,"A",.,"A",.,"A",.,"A",.,"A",.,"A",.,"A",.,"A"
"20101",2209042,60,0,"1",.,"A",.,"A",.,"A",.,"A",.,"A",.,"A",520,"D",.,"A",.,"A",.,"A",.,"A",.,"A",50,"D",.,"A",.,"A"
"20101",2209052,39,0,"1",.,"A",.,"A",.,"A",.,"A",.,"A",.,"A",.,"A",.,"A",.,"A",.,"A",.,"A",.,"A",80,"D",.,"A",.,"A"
"20101",2209063,95,0,"1",.,"A",.,"A",40,"D",.,"A",.,"A",255,"D",.,"A",.,"A",60,"D",.,"A",.,"A",.,"A",60,"D",.,"A",.,"A"
"20101",2209072,63,0,"1",.,"A",.,"A",.,"A",.,"A",.,"A",20,"D",.,"A",.,"A",.,"A",.,"A",.,"A",.,"A",100,"D",.,"A",.,"A"
"20101",2209092,54,0,"1",.,"A",.,"A",.,"A",.,"A",.,"A",.,"A",.,"A",.,"A",.,"A",.,"A",.,"A",.,"A",15,"D",.,"A",.,"A"
"20101",2209102,38,0,"1",.,"A",.,"A",.,"A",.,"A",.,"A",.,"A",.,"A",.,"A",.,"A",.,"A",.,"A",.,"A",.,"A",.,"A",.,"A"
"20101",2209112,35,0,"1",.,"A",.,"A",.,"A",.,"A",60,"D",.,"A",.,"A",.,"A",.,"A",267,"D",6,"D",6,"D",.,"A",89,"D",.,"A"
"20101",2209142,59,0,"1",.,"A",.,"A",.,"A",.,"A",.,"A",30,"D",.,"A",.,"A",.,"A",.,"A",.,"A",.,"A",100,"D",.,"A",.,"A"
"20101",2209152,45,0,"1",.,"A",.,"A",.,"A",.,"A",.,"A",40,"D",.,"A",.,"A",.,"A",.,"A",.,"A",.,"A",150,"D",.,"A",.,"A"
"20101",2209162,56,0,"1",.,"A",.,"A",.,"A",.,"A",.,"A",.,"A",.,"A",.,"A",.,"A",.,"A",.,"A",.,"A",50,"D",.,"A",.,"A"
"20101",2209172,39,0,"1",.,"A",.,"A",.,"A",.,"A",.,"A",.,"A",.,"A",.,"A",.,"A",.,"A",.,"A",.,"A",20,"F",.,"A",.,"A"
"20101",2209183,50,0,"1",.,"A",.,"A",.,"A",.,"A",.,"A",.,"A",.,"A",.,"A",.,"A",.,"A",.,"A",.,"A",.,"A",.,"A",.,"A"
"20101",2209192,34,0,"1",.,"A",.,"A",.,"A",60,"D",96,"D",.,"A",.,"A",.,"A",18,"D",0,"D",0,"D",60,"D",.,"A",0,"D",.,"A"
"20101",2209212,42,0,"1",.,"A",.,"A",.,"A",.,"A",.,"A",.,"A",.,"A",.,"A",.,"A",.,"A",.,"A",.,"A",40,"D",.,"A",.,"A"
"20101",2209222,19,0,"1",.,"A",.,"A",.,"A",.,"A",.,"A",.,"A",.,"A",.,"A",.,"A",.,"A",.,"A",.,"A",.,"A",.,"A",.,"A"
"20101",2209232,49,0,"1",.,"A",.,"A",.,"A",.,"A",.,"A",.,"A",.,"A",.,"A",.,"A",.,"A",.,"A",.,"A",60,"D",.,"A",.,"A"
"20101",2209242,32,0,"1",.,"A",.,"A",.,"A",.,"A",.,"A",.,"A",.,"A",.,"A",.,"A",.,"A",.,"A",.,"A",.,"A",.,"A",.,"A"
"20101",2209302,31,0,"1",.,"A",.,"A",.,"A",.,"A",.,"A",.,"A",.,"A",.,"A",.,"A",.,"A",.,"A",.,"A",.,"A",.,"A",.,"A"
"20101",2209322,66,0,"1",.,"A",.,"A",.,"A",80,"D",.,"A",.,"A",.,"A",.,"A",.,"A",.,"A",.,"A",.,"A",280,"D",.,"A",.,"A"
"20101",2209332,42,0,"1",.,"A",.,"A",.,"A",.,"A",.,"A",.,"A",.,"A",.,"A",.,"A",.,"A",.,"A",.,"A",25,"D",.,"A",.,"A"
"20101",2209352,63,0,"1",.,"A",.,"A",.,"A",.,"A",.,"A",20,"D",.,"A",.,"A",.,"A",.,"A",.,"A",.,"A",60,"D",.,"A",.,"A"
"20101",2209372,30,0,"1",.,"A",.,"A",.,"A",.,"A",.,"A",.,"A",.,"A",.,"A",.,"A",.,"A",.,"A",.,"A",.,"A",.,"A",.,"A"
"20101",2209382,39,0,"1",.,"A",.,"A",.,"A",.,"A",.,"A",.,"A",390,"D",.,"A",.,"A",.,"A",.,"A",.,"A",15,"D",.,"A",.,"A"
"20101",2209392,49,0,"1",.,"A",.,"A",.,"A",.,"A",40,"D",.,"A",455,"F",.,"A",.,"A",.,"A",.,"A",.,"A",100,"D",.,"A",.,"A"
"20101",2209412,44,0,"1",.,"A",.,"A",.,"A",.,"A",60,"D",.,"A",.,"A",.,"A",.,"A",.,"A",.,"A",.,"A",.,"A",.,"A",.,"A"
"20101",2209422,59,0,"1",.,"A",.,"A",.,"A",.,"A",.,"A",80,"D",.,"A",.,"A",.,"A",.,"A",.,"A",.,"A",330,"D",.,"A",.,"A"
"20101",2209432,47,0,"1",.,"A",.,"A",.,"A",.,"A",.,"A",.,"A",.,"A",.,"A",.,"A",.,"A",.,"A",.,"A",65,"D",.,"A",.,"A"
"20101",2209442,53,0,"1",.,"A",.,"A",.,"A",.,"A",.,"A",25,"D",.,"A",.,"A",.,"A",.,"A",.,"A",.,"A",360,"D",.,"A",.,"A"
"20101",2209462,50,0,"1",.,"A",.,"A",.,"A",.,"A",.,"A",.,"A",.,"A",.,"A",.,"A",.,"A",.,"A",.,"A",.,"A",.,"A",.,"A"
"20101",2209482,41,0,"1",.,"A",.,"A",.,"A",.,"A",.,"A",.,"A",.,"A",.,"A",.,"A",0,"D",240,"D",0,"D",.,"A",0,"D",.,"A"
"20101",2209502,80,0,"1",.,"A",.,"A",.,"A",.,"A",.,"A",.,"A",.,"A",.,"A",.,"A",.,"A",.,"A",.,"A",65,"D",.,"A",.,"A"
"20101",2209532,94,0,"1",.,"A",.,"A",.,"A",.,"A",.,"A",.,"A",.,"A",.,"A",.,"A",.,"A",.,"A",.,"A",132,"D",.,"A",.,"A"
"20101",2209542,81,0,"1",.,"A",.,"A",.,"A",.,"A",.,"A",.,"A",.,"A",.,"A",.,"A",.,"A",.,"A",.,"A",40,"D",.,"A",.,"A"
"20101",2209582,105,0,"1",.,"A",.,"A",.,"A",.,"A",.,"A",.,"A",1950,"D",.,"A",12,"D",.,"A",.,"A",.,"A",340,"D",.,"A",.,"A"
"20101",2209592,56,0,"1",.,"A",.,"A",45,"D",.,"A",.,"A",.,"A",650,"D",.,"A",.,"A",.,"A",.,"A",.,"A",.,"A",.,"A",.,"A"
"20101",2209602,60,0,"1",.,"A",.,"A",.,"A",.,"A",.,"A",.,"A",260,"F",.,"A",.,"A",.,"A",.,"A",.,"A",50,"D",.,"A",.,"A"
"20101",2209612,80,0,"1",.,"A",.,"A",.,"A",.,"A",.,"A",100,"D",.,"A",.,"A",300,"D",.,"A",.,"A",.,"A",300,"D",.,"A",.,"A"
"20101",2209632,58,0,"1",.,"A",.,"A",.,"A",.,"A",.,"A",.,"A",.,"A",.,"A",.,"A",.,"A",.,"A",.,"A",12,"D",.,"A",.,"A"
"20101",2209642,48,0,"1",.,"A",.,"A",.,"A",.,"A",.,"A",.,"A",104,"D",.,"A",.,"A",.,"A",.,"A",.,"A",12,"D",.,"A",.,"A"
"20101",2209662,32,0,"1",.,"A",.,"A",18,"F",.,"A",.,"A",.,"A",.,"A",.,"A",.,"A",.,"A",.,"A",.,"A",.,"A",.,"A",.,"A"
"20101",2209672,45,0,"1",.,"A",.,"A",.,"A",.,"A",.,"A",.,"A",.,"A",.,"A",.,"A",.,"A",.,"A",.,"A",.,"A",.,"A",.,"A"
"20101",2209682,32,0,"1",.,"A",.,"A",.,"A",.,"A",.,"A",.,"A",.,"A",.,"A",30,"D",.,"A",.,"A",.,"A",.,"A",.,"A",.,"A"
"20101",2209712,64,0,"1",.,"A",.,"A",.,"A",.,"A",.,"A",.,"A",.,"A",.,"A",111,"D",.,"A",.,"A",.,"A",60,"D",.,"A",.,"A"
"20101",2209732,55,0,"1",.,"A",.,"A",.,"A",.,"A",.,"A",.,"A",.,"A",.,"A",.,"A",.,"A",.,"A",.,"A",200,"D",.,"A",.,"A"
"20101",2209742,44,0,"1",.,"A",.,"A",.,"A",.,"A",.,"A",.,"A",.,"A",.,"A",.,"A",.,"A",.,"A",.,"A",.,"A",.,"A",.,"A"
"20101",2209762,69,0,"1",.,"A",.,"A",.,"A",.,"A",.,"A",.,"A",.,"A",.,"A",.,"A",.,"A",.,"A",.,"A",.,"A",.,"A",.,"A"
"20101",2209772,66,0,"1",.,"A",.,"A",35,"D",.,"A",.,"A",.,"A",.,"A",.,"A",.,"A",.,"A",.,"A",.,"A",225,"D",.,"A",.,"A"
"20101",2209782,77,0,"1",.,"A",.,"A",.,"A",.,"A",.,"A",.,"A",.,"A",.,"A",90,"D",.,"A",.,"A",.,"A",50,"D",.,"A",.,"A"
"20101",2209802,59,0,"1",.,"A",.,"A",.,"A",.,"A",.,"A",.,"A",650,"D",455,"D",.,"A",.,"A",.,"A",.,"A",.,"A",.,"A",.,"A"
"20101",2209812,41,0,"1",.,"A",.,"A",.,"A",.,"A",.,"A",720,"D",.,"A",.,"A",.,"A",120,"D",0,"D",0,"D",100,"D",40,"D",.,"A"
"20101",2209832,43,0,"1",.,"A",.,"A",.,"A",.,"A",.,"A",.,"A",.,"A",.,"A",.,"A",60,"D",6,"D",6,"D",20,"D",20,"D",.,"A"
"20101",2209842,37,0,"1",.,"A",.,"A",.,"A",.,"A",.,"A",.,"A",.,"A",.,"A",.,"A",.,"A",.,"A",.,"A",75,"D",.,"A",.,"A"
"20101",2209852,31,0,"1",15,"D",.,"A",.,"A",60,"D",30,"D",.,"A",.,"A",.,"A",.,"A",267,"D",0,"D",180,"D",80,"D",89,"D",.,"A"
"20101",2209872,30,0,"1",.,"A",.,"A",.,"A",.,"A",.,"A",.,"A",.,"A",.,"A",.,"A",.,"A",.,"A",.,"A",600,"D",.,"A",.,"A"
"20101",2209892,91,0,"1",.,"A",.,"A",.,"A",.,"A",.,"A",50,"D",520,"F",.,"A",.,"A",.,"A",.,"A",.,"A",230,"D",.,"A",.,"A"
"20101",2209902,56,0,"1",.,"A",.,"A",30,"D",.,"A",10,"D",.,"A",.,"A",.,"A",.,"A",.,"A",.,"A",.,"A",150,"D",.,"A",.,"A"
"20101",2209922,59,0,"1",.,"A",.,"A",.,"A",.,"A",.,"A",25,"D",.,"A",.,"A",.,"A",.,"A",.,"A",.,"A",123,"D",.,"A",.,"A"
"20101",2209942,55,0,"1",.,"A",.,"A",.,"A",.,"A",.,"A",.,"A",.,"A",.,"A",.,"A",.,"A",.,"A",.,"A",40,"D",.,"A",.,"A"
"20101",2209952,65,0,"1",.,"A",.,"A",.,"A",.,"A",.,"A",.,"A",.,"A",.,"A",.,"A",.,"A",.,"A",.,"A",10,"D",.,"A",.,"A"
"20101",2209962,54,0,"1",.,"A",.,"A",.,"A",.,"A",.,"A",.,"A",78,"D",.,"A",.,"A",.,"A",.,"A",.,"A",.,"A",.,"A",.,"A"
"20101",2209972,49,0,"1",.,"A",.,"A",.,"A",.,"A",.,"A",.,"A",.,"A",.,"A",.,"A",.,"A",.,"A",.,"A",.,"A",.,"A",.,"A"
"20101",2209982,27,0,"1",.,"A",.,"A",.,"A",.,"A",.,"A",.,"A",338,"D",.,"A",.,"A",.,"A",.,"A",.,"A",.,"A",.,"A",.,"A"
"20101",2210012,32,0,"1",.,"A",.,"A",.,"A",.,"A",120,"D",.,"A",.,"A",.,"A",.,"A",60,"D",0,"D",60,"D",40,"D",20,"D",.,"A"
"20101",2210032,42,0,"1",.,"A",.,"A",.,"A",.,"A",45,"D",.,"A",156,"D",.,"A",.,"A",.,"A",.,"A",.,"A",.,"A",.,"A",.,"A"
"20101",2210042,41,0,"1",.,"A",.,"A",.,"A",.,"A",.,"A",.,"A",.,"A",.,"A",.,"A",.,"A",.,"A",.,"A",33,"D",.,"A",.,"A"
"20101",2210062,24,0,"1",.,"A",.,"A",.,"A",15,"D",.,"A",.,"A",.,"A",.,"A",.,"A",.,"A",.,"A",.,"A",.,"A",.,"A",.,"A"
"20101",2210072,35,0,"1",.,"A",.,"A",.,"A",.,"A",.,"A",.,"A",.,"A",.,"A",.,"A",.,"A",.,"A",.,"A",.,"A",.,"A",.,"A"
"20101",2210082,25,0,"1",.,"A",.,"A",.,"A",.,"A",.,"A",.,"A",.,"A",.,"A",.,"A",.,"A",.,"A",.,"A",.,"A",.,"A",.,"A"
"20101",2210092,60,0,"1",.,"A",.,"A",.,"A",.,"A",.,"A",.,"A",.,"A",.,"A",.,"A",.,"A",.,"A",.,"A",387,"D",.,"A",.,"A"
"20101",2210102,44,0,"1",.,"A",.,"A",.,"A",.,"A",.,"A",.,"A",.,"A",.,"A",.,"A",.,"A",.,"A",.,"A",12,"D",.,"A",.,"A"
"20101",2210112,54,0,"1",.,"A",.,"A",.,"A",.,"A",.,"A",.,"A",.,"A",156,"D",.,"A",.,"A",.,"A",.,"A",55,"D",.,"A",.,"A"
"20101",2210122,64,0,"1",.,"A",.,"A",.,"A",.,"A",.,"A",.,"A",.,"A",.,"A",.,"A",.,"A",.,"A",.,"A",50,"D",.,"A",.,"A"
"20101",2210132,30,0,"1",.,"A",.,"A",.,"A",.,"A",.,"A",.,"A",.,"A",.,"A",.,"A",0,"D",0,"D",36,"D",.,"A",0,"D",.,"A"
"20101",2210142,43,0,"1",.,"A",.,"A",.,"A",.,"A",.,"A",.,"A",.,"A",.,"A",.,"A",.,"A",.,"A",.,"A",.,"A",.,"A",.,"A"
"20101",2210162,34,0,"1",.,"A",.,"A",.,"A",.,"A",.,"A",.,"A",325,"D",.,"A",60,"D",.,"A",.,"A",.,"A",.,"A",.,"A",.,"A"
"20101",2210172,48,0,"1",.,"A",.,"A",.,"A",.,"A",.,"A",85,"D",.,"A",.,"A",.,"A",.,"A",.,"A",.,"A",45,"D",.,"A",.,"A"
"20101",2210182,75,0,"1",10,"D",.,"A",.,"A",.,"A",0,"D",.,"A",.,"A",.,"A",.,"A",.,"A",.,"A",.,"A",80,"D",.,"A",.,"A"
"20101",2210192,57,0,"1",.,"A",.,"A",.,"A",.,"A",.,"A",.,"A",.,"A",.,"A",.,"A",.,"A",.,"A",.,"A",29,"D",.,"A",.,"A"
"20101",2210222,59,0,"1",44,"D",.,"A",.,"A",.,"A",136,"D",60,"D",.,"A",.,"A",.,"A",.,"A",.,"A",.,"A",175,"D",.,"A",.,"A"
"20101",2210252,35,0,"1",.,"A",.,"A",.,"A",.,"A",.,"A",.,"A",.,"A",.,"A",.,"A",.,"A",.,"A",.,"A",.,"A",.,"A",.,"A"
"20101",2210262,31,0,"1",.,"A",.,"A",.,"A",.,"A",24,"D",.,"A",312,"D",.,"A",.,"A",.,"A",.,"A",.,"A",10,"D",.,"A",.,"A"
"20101",2210272,65,0,"1",.,"A",.,"A",.,"A",.,"A",.,"A",.,"A",.,"A",.,"A",60,"D",.,"A",.,"A",.,"A",180,"D",.,"A",.,"A"
"20101",2210282,67,0,"1",.,"A",.,"A",.,"A",.,"A",.,"A",120,"D",.,"A",.,"A",.,"A",.,"A",.,"A",.,"A",194,"D",.,"A",.,"A"
"20101",2210292,50,0,"1",.,"A",.,"A",.,"A",.,"A",.,"A",.,"A",.,"A",.,"A",.,"A",.,"A",.,"A",.,"A",100,"D",.,"A",.,"A"
"20101",2210302,52,0,"1",.,"A",.,"A",.,"A",.,"A",.,"A",30,"D",.,"A",.,"A",.,"A",.,"A",.,"A",.,"A",400,"D",.,"A",.,"A"
"20101",2210335,29,0,"1",.,"A",.,"A",.,"A",.,"A",.,"A",.,"A",.,"A",.,"A",.,"A",.,"A",.,"A",.,"A",.,"A",.,"A",.,"A"
"20101",2210342,37,0,"1",.,"A",.,"A",.,"A",.,"A",.,"A",.,"A",.,"A",.,"A",.,"A",.,"A",.,"A",.,"A",.,"A",.,"A",.,"A"
"20101",2210352,48,0,"1",.,"A",.,"A",.,"A",.,"A",.,"A",.,"A",.,"A",.,"A",.,"A",.,"A",.,"A",.,"A",25,"D",.,"A",.,"A"
"20101",2210382,44,0,"1",.,"A",.,"A",.,"A",.,"A",.,"A",.,"A",.,"A",.,"A",.,"A",.,"A",.,"A",.,"A",.,"A",.,"A",.,"A"
"20101",2210392,59,0,"1",.,"A",.,"A",.,"A",.,"A",.,"A",.,"A",.,"A",.,"A",.,"A",60,"D",0,"D",0,"D",.,"A",20,"D",.,"A"
"20101",2210402,83,0,"1",.,"A",.,"A",.,"A",.,"A",.,"A",80,"D",.,"A",.,"A",.,"A",.,"A",.,"A",.,"A",550,"D",.,"A",.,"A"
"20101",2210422,98,0,"1",.,"A",.,"A",.,"A",.,"A",.,"A",375,"D",.,"A",.,"A",.,"A",.,"A",.,"A",.,"A",405,"D",.,"A",.,"A"
"20101",2210432,106,0,"1",.,"A",.,"A",.,"A",.,"A",.,"A",.,"A",.,"A",.,"A",.,"A",.,"A",.,"A",.,"A",50,"D",.,"A",.,"A"
"20101",2210442,45,0,"1",.,"A",.,"A",.,"A",.,"A",.,"A",.,"A",.,"A",.,"A",.,"A",.,"A",.,"A",.,"A",.,"A",.,"A",.,"A"
"20101",2210452,68,0,"1",.,"A",.,"A",.,"A",.,"A",.,"A",.,"A",.,"A",.,"A",.,"A",.,"A",.,"A",.,"A",80,"D",.,"A",.,"A"
"20101",2210462,28,0,"1",0,"F",.,"A",.,"A",.,"A",65,"F",.,"A",221,"D",.,"A",.,"A",.,"A",.,"A",.,"A",30,"D",.,"A",.,"A"
"20101",2210472,58,0,"1",.,"A",.,"A",.,"A",.,"A",.,"A",.,"A",195,"D",.,"A",.,"A",.,"A",.,"A",.,"A",.,"A",.,"A",.,"A"
"20101",2210482,27,0,"1",.,"A",.,"A",.,"A",.,"A",.,"A",.,"A",.,"A",.,"A",.,"A",.,"A",.,"A",.,"A",45,"D",.,"A",.,"A"
"20101",2210492,44,0,"1",.,"A",.,"A",.,"A",.,"A",.,"A",.,"A",.,"A",.,"A",.,"A",0,"D",0,"D",12,"D",.,"A",0,"D",.,"A"
"20101",2210512,48,0,"1",.,"A",.,"A",.,"A",.,"A",.,"A",.,"A",.,"A",.,"A",.,"A",.,"A",.,"A",.,"A",280,"F",.,"A",.,"A"
"20101",2210532,61,0,"1",.,"A",.,"A",.,"A",.,"A",.,"A",.,"A",.,"A",.,"A",.,"A",.,"A",.,"A",.,"A",300,"D",.,"A",.,"A"
"20101",2210542,97,0,"1",.,"A",.,"A",.,"A",.,"A",.,"A",.,"A",.,"A",.,"A",.,"A",.,"A",.,"A",.,"A",200,"D",.,"A",.,"A"
"20101",2210562,30,0,"1",.,"A",.,"A",10,"D",300,"D",.,"A",.,"A",.,"A",.,"A",.,"A",.,"A",.,"A",.,"A",.,"A",.,"A",.,"A"
"20101",2210582,45,0,"1",.,"A",.,"A",.,"A",.,"A",.,"A",.,"A",.,"A",.,"A",.,"A",.,"A",.,"A",.,"A",220,"D",.,"A",.,"A"
"20101",2210592,123,0,"1",.,"A",.,"A",.,"A",.,"A",.,"A",.,"A",78,"D",13,"D",75,"D",0,"D",0,"D",240,"D",180,"D",0,"D",.,"A"
"20101",2210602,52,0,"1",.,"A",.,"A",.,"A",.,"A",.,"A",.,"A",.,"A",.,"A",.,"A",.,"A",.,"A",.,"A",.,"A",.,"A",.,"A"
"20101",2210612,71,0,"1",.,"A",.,"A",.,"A",.,"A",.,"A",.,"A",.,"A",.,"A",.,"A",.,"A",.,"A",.,"A",200,"D",.,"A",.,"A"
"20101",2210622,71,0,"1",.,"A",.,"A",.,"A",.,"A",.,"A",.,"A",.,"A",.,"A",.,"A",.,"A",.,"A",.,"A",250,"D",.,"A",.,"A"
"20101",2210642,40,0,"1",.,"A",.,"A",.,"A",.,"A",.,"A",.,"A",.,"A",.,"A",375,"D",.,"A",.,"A",.,"A",.,"A",.,"A",.,"A"
"20101",2210662,98,0,"1",.,"A",.,"A",55,"D",.,"A",.,"A",40,"D",650,"D",.,"A",.,"A",.,"A",.,"A",.,"A",300,"D",.,"A",.,"A"
"20101",2210682,33,0,"1",.,"A",.,"A",.,"A",.,"A",.,"A",.,"A",.,"A",.,"A",.,"A",.,"A",.,"A",.,"A",300,"D",.,"A",.,"A"
"20101",2210702,115,0,"1",.,"A",.,"A",.,"A",.,"A",.,"A",.,"A",.,"A",.,"A",.,"A",.,"A",.,"A",.,"A",105,"D",.,"A",.,"A"
"20101",2210712,66,0,"1",.,"A",.,"A",.,"A",20,"D",.,"A",30,"D",.,"A",.,"A",60,"D",.,"A",.,"A",.,"A",60,"D",.,"A",.,"A"
"20101",2210722,35,0,"1",.,"A",.,"A",.,"A",.,"A",.,"A",.,"A",195,"D",.,"A",.,"A",.,"A",.,"A",.,"A",.,"A",.,"A",.,"A"
"20101",2210732,55,0,"1",.,"A",.,"A",.,"A",.,"A",.,"A",.,"A",.,"A",.,"A",.,"A",.,"A",.,"A",.,"A",12,"D",.,"A",.,"A"
"20101",2210742,41,0,"1",.,"A",.,"A",.,"A",.,"A",.,"A",.,"A",.,"A",130,"D",.,"A",.,"A",.,"A",.,"A",65,"D",.,"A",.,"A"
"20101",2210752,54,0,"1",.,"A",.,"A",.,"A",.,"A",.,"A",.,"A",.,"A",.,"A",.,"A",.,"A",.,"A",.,"A",.,"A",.,"A",.,"A"
"20101",2210762,54,0,"1",.,"A",.,"A",.,"A",.,"A",.,"A",200,"F",.,"A",.,"A",.,"A",.,"A",.,"A",.,"A",100,"D",.,"A",.,"A"
"20101",2210772,44,0,"1",.,"A",.,"A",.,"A",.,"A",.,"A",.,"A",.,"A",.,"A",.,"A",.,"A",.,"A",.,"A",.,"A",.,"A",.,"A"
"20101",2210782,61,0,"1",.,"A",.,"A",.,"A",.,"A",.,"A",.,"A",.,"A",.,"A",.,"A",.,"A",.,"A",.,"A",100,"D",.,"A",.,"A"
"20101",2210792,50,0,"1",.,"A",.,"A",.,"A",.,"A",.,"A",.,"A",.,"A",.,"A",.,"A",.,"A",.,"A",.,"A",300,"D",.,"A",.,"A"
"20101",2210812,62,0,"1",.,"A",.,"A",.,"A",.,"A",.,"A",70,"D",.,"A",.,"A",.,"A",.,"A",.,"A",.,"A",50,"D",.,"A",.,"A"
"20101",2210822,51,0,"1",.,"A",.,"A",.,"A",.,"A",.,"A",.,"A",.,"A",.,"A",30,"D",.,"A",.,"A",.,"A",.,"A",.,"A",.,"A"
"20101",2210832,51,0,"1",.,"A",.,"A",.,"A",.,"A",.,"A",.,"A",.,"A",.,"A",.,"A",.,"A",.,"A",.,"A",.,"A",.,"A",.,"A"
"20101",2210852,57,0,"1",.,"A",.,"A",.,"A",.,"A",45,"D",60,"D",.,"A",.,"A",.,"A",.,"A",.,"A",.,"A",125,"D",.,"A",.,"A"
"20101",2210862,29,0,"1",.,"A",.,"A",.,"A",.,"A",100,"D",.,"A",.,"A",.,"A",.,"A",.,"A",.,"A",.,"A",.,"A",.,"A",.,"A"
"20101",2210872,56,0,"1",.,"A",.,"A",.,"A",.,"A",.,"A",.,"A",.,"A",.,"A",.,"A",.,"A",.,"A",.,"A",.,"A",.,"A",.,"A"
"20101",2210882,77,0,"1",.,"A",.,"A",.,"A",.,"A",.,"A",.,"A",.,"A",.,"A",.,"A",.,"A",.,"A",.,"A",.,"A",.,"A",.,"A"
"20101",2210892,44,0,"1",.,"A",.,"A",.,"A",.,"A",.,"A",.,"A",.,"A",.,"A",.,"A",.,"A",.,"A",.,"A",35,"D",.,"A",.,"A"
"20101",2210912,67,0,"1",.,"A",.,"A",.,"A",.,"A",.,"A",.,"A",.,"A",.,"A",.,"A",.,"A",.,"A",.,"A",.,"A",.,"A",.,"A"
"20101",2210922,52,0,"1",.,"A",.,"A",.,"A",.,"A",.,"A",.,"A",.,"A",.,"A",.,"A",.,"A",.,"A",.,"A",50,"D",.,"A",.,"A"
"20101",2210932,57,0,"1",.,"A",.,"A",.,"A",.,"A",.,"A",.,"A",.,"A",.,"A",.,"A",.,"A",.,"A",.,"A",30,"D",.,"A",.,"A"
"20101",2210952,44,0,"1",.,"A",.,"A",.,"A",.,"A",.,"A",.,"A",.,"A",.,"A",.,"A",.,"A",.,"A",.,"A",350,"D",.,"A",.,"A"
"20101",2210962,59,0,"1",.,"A",.,"A",.,"A",.,"A",.,"A",15,"D",.,"A",.,"A",.,"A",.,"A",.,"A",.,"A",130,"D",.,"A",.,"A"
"20101",2210972,53,0,"1",.,"A",.,"A",1,"D",.,"A",.,"A",60,"D",.,"A",.,"A",45,"D",12,"D",0,"D",0,"D",138,"D",4,"D",.,"A"
"20101",2210992,34,0,"1",.,"A",.,"A",.,"A",.,"A",.,"A",.,"A",260,"D",.,"A",.,"A",.,"A",.,"A",.,"A",.,"A",.,"A",.,"A"
"20101",2211002,58,0,"1",.,"A",.,"A",.,"A",.,"A",.,"A",.,"A",.,"A",.,"A",30,"D",.,"A",.,"A",.,"A",15,"D",.,"A",.,"A"
"20101",2211015,38,0,"1",.,"A",.,"A",.,"A",.,"A",.,"A",.,"A",260,"D",.,"A",.,"A",.,"A",.,"A",.,"A",75,"D",.,"A",.,"A"
"20101",2211032,93,0,"1",.,"A",.,"A",.,"A",.,"A",.,"A",.,"A",390,"D",.,"A",.,"A",.,"A",.,"A",.,"A",.,"A",.,"A",.,"A"
"20101",2211044,65,0,"1",.,"A",.,"A",.,"A",.,"A",.,"A",.,"A",.,"A",.,"A",.,"A",.,"A",.,"A",.,"A",100,"D",.,"A",.,"A"
"20101",2211052,47,0,"1",.,"A",.,"A",.,"A",.,"A",.,"A",64,"D",.,"A",.,"A",.,"A",.,"A",.,"A",.,"A",76,"D",.,"A",.,"A"
"20101",2211072,76,0,"1",.,"A",.,"A",.,"A",.,"A",.,"A",24,"D",.,"A",.,"A",.,"A",.,"A",.,"A",.,"A",306,"D",.,"A",.,"A"
"20101",2211082,54,0,"1",.,"A",.,"A",.,"A",.,"A",.,"A",.,"A",.,"A",.,"A",.,"A",.,"A",.,"A",.,"A",45,"D",.,"A",.,"A"
"20101",2211092,42,0,"1",.,"A",.,"A",.,"A",.,"A",.,"A",.,"A",.,"A",.,"A",.,"A",.,"A",.,"A",.,"A",.,"A",.,"A",.,"A"
"20101",2211122,66,0,"1",15,"D",.,"A",.,"A",.,"A",45,"D",.,"A",.,"A",.,"A",.,"A",.,"A",.,"A",.,"A",.,"A",.,"A",.,"A"
"20101",2211142,73,0,"1",.,"A",.,"A",.,"A",.,"A",.,"A",90,"F",.,"A",.,"A",.,"A",.,"A",.,"A",.,"A",400,"D",.,"A",.,"A"
"20101",2211172,29,0,"1",.,"A",.,"A",.,"A",.,"A",.,"A",.,"A",.,"A",.,"A",.,"A",.,"A",.,"A",.,"A",.,"A",.,"A",.,"A"
"20101",2211202,36,0,"1",.,"A",.,"A",.,"A",.,"A",.,"A",.,"A",.,"A",.,"A",.,"A",.,"A",.,"A",.,"A",.,"A",.,"A",.,"A"
"20101",2211212,47,0,"1",20,"D",.,"A",.,"A",.,"A",100,"D",.,"A",975,"D",.,"A",.,"A",.,"A",.,"A",.,"A",30,"D",.,"A",.,"A"
"20101",2211232,36,0,"1",.,"A",.,"A",.,"A",.,"A",.,"A",.,"A",.,"A",.,"A",.,"A",0,"D",0,"D",30,"D",85,"D",0,"D",.,"A"
"20101",2211242,31,0,"1",.,"A",.,"A",.,"A",.,"A",.,"A",.,"A",.,"A",.,"A",.,"A",.,"A",.,"A",.,"A",.,"A",.,"A",.,"A"
"20101",2211252,39,0,"1",.,"A",.,"A",.,"A",.,"A",.,"A",.,"A",.,"A",.,"A",.,"A",.,"A",.,"A",.,"A",.,"A",.,"A",.,"A"
"20101",2211272,30,0,"1",.,"A",.,"A",.,"A",.,"A",.,"A",.,"A",.,"A",.,"A",.,"A",.,"A",.,"A",.,"A",.,"A",.,"A",.,"A"
"20101",2211303,27,0,"1",40,"D",.,"A",.,"A",.,"A",90,"D",.,"A",.,"A",.,"A",.,"A",.,"A",.,"A",.,"A",.,"A",.,"A",.,"A"
"20101",2211322,51,0,"1",.,"A",.,"A",.,"A",.,"A",.,"A",.,"A",390,"D",.,"A",.,"A",.,"A",.,"A",.,"A",30,"D",.,"A",.,"A"
"20101",2211352,81,0,"1",.,"A",.,"A",.,"A",.,"A",.,"A",.,"A",.,"A",.,"A",.,"A",.,"A",.,"A",.,"A",192,"D",.,"A",.,"A"
"20101",2211362,43,0,"1",.,"A",.,"A",.,"A",.,"A",.,"A",.,"A",.,"A",.,"A",.,"A",.,"A",.,"A",.,"A",20,"D",.,"A",.,"A"
"20101",2211382,25,0,"1",.,"A",.,"A",.,"A",.,"A",.,"A",.,"A",.,"A",.,"A",.,"A",.,"A",.,"A",.,"A",.,"A",.,"A",.,"A"
"20101",2211392,51,0,"1",.,"A",.,"A",.,"A",.,"A",.,"A",.,"A",390,"D",.,"A",.,"A",.,"A",.,"A",.,"A",.,"A",.,"A",.,"A"
"20101",2211402,59,0,"1",.,"A",.,"A",.,"A",.,"A",.,"A",.,"A",.,"A",.,"A",.,"A",.,"A",.,"A",.,"A",90,"D",.,"A",.,"A"
"20101",2211412,37,0,"1",.,"A",.,"A",.,"A",.,"A",.,"A",.,"A",156,"D",.,"A",30,"D",.,"A",.,"A",.,"A",.,"A",.,"A",.,"A"
"20101",2211432,47,0,"1",.,"A",.,"A",.,"A",.,"A",29,"D",.,"A",.,"A",.,"A",.,"A",.,"A",.,"A",.,"A",26,"D",.,"A",.,"A"
"20101",2211442,59,0,"1",.,"A",.,"A",.,"A",.,"A",.,"A",.,"A",.,"A",.,"A",.,"A",.,"A",.,"A",.,"A",28,"D",.,"A",.,"A"
"20101",2211462,66,0,"1",.,"A",.,"A",.,"A",.,"A",.,"A",.,"A",910,"D",.,"A",.,"A",.,"A",.,"A",.,"A",60,"D",.,"A",.,"A"
"20101",2211472,62,0,"1",.,"A",0,"F",.,"A",.,"A",.,"A",153,"F",.,"A",.,"A",.,"A",.,"A",.,"A",.,"A",72,"D",.,"A",.,"A"
"20101",2211492,44,0,"1",.,"A",.,"A",.,"A",.,"A",.,"A",.,"A",.,"A",.,"A",.,"A",.,"A",.,"A",.,"A",216,"D",.,"A",.,"A"
"20101",2211502,71,0,"1",.,"A",.,"A",.,"A",.,"A",.,"A",30,"D",.,"A",.,"A",.,"A",.,"A",.,"A",.,"A",280,"D",.,"A",.,"A"
"20101",2211514,38,0,"1",.,"A",.,"A",.,"A",.,"A",.,"A",.,"A",.,"A",.,"A",.,"A",0,"D",0,"D",75,"D",90,"D",0,"D",.,"A"
"20101",2211522,36,0,"1",.,"A",.,"A",.,"A",.,"A",.,"A",.,"A",39,"D",.,"A",.,"A",.,"A",.,"A",.,"A",0,"D",.,"A",.,"A"
"20101",2211542,42,0,"1",.,"A",.,"A",.,"A",.,"A",.,"A",.,"A",.,"A",.,"A",.,"A",.,"A",.,"A",.,"A",20,"D",.,"A",.,"A"
"20101",2211552,47,0,"1",.,"A",.,"A",.,"A",.,"A",.,"A",.,"A",.,"A",.,"A",.,"A",.,"A",.,"A",.,"A",23,"D",.,"A",.,"A"
"20101",2211562,64,0,"1",.,"A",.,"A",50,"D",.,"A",.,"A",100,"D",.,"A",.,"A",90,"F",0,"D",0,"D",150,"D",550,"D",0,"D",.,"A"
"20101",2211572,48,0,"1",.,"A",.,"A",.,"A",.,"A",.,"A",15,"D",.,"A",.,"A",.,"A",.,"A",.,"A",.,"A",30,"D",.,"A",.,"A"
"20101",2211612,28,0,"1",.,"A",.,"A",.,"A",.,"A",.,"A",.,"A",.,"A",.,"A",.,"A",.,"A",.,"A",.,"A",.,"A",.,"A",.,"A"
"20101",2211642,56,0,"1",.,"A",.,"A",.,"A",50,"D",.,"A",.,"A",260,"D",.,"A",15,"D",.,"A",.,"A",.,"A",.,"A",.,"A",.,"A"
"20101",2211662,32,0,"1",.,"A",.,"A",.,"A",.,"A",.,"A",.,"A",.,"A",130,"D",.,"A",.,"A",.,"A",.,"A",.,"A",.,"A",.,"A"
"20101",2211672,33,0,"1",.,"A",.,"A",.,"A",.,"A",.,"A",.,"A",.,"A",.,"A",.,"A",.,"A",.,"A",.,"A",.,"A",.,"A",.,"A"
"20101",2211682,44,0,"1",.,"A",.,"A",.,"A",.,"A",.,"A",.,"A",.,"A",.,"A",.,"A",.,"A",.,"A",.,"A",300,"D",.,"A",.,"A"
"20101",2211692,37,0,"1",.,"A",.,"A",.,"A",288,"D",.,"A",.,"A",.,"A",.,"A",.,"A",0,"D",0,"D",144,"D",.,"A",0,"D",.,"A"
"20101",2211702,39,0,"1",.,"A",.,"A",.,"A",.,"A",.,"A",.,"A",.,"A",.,"A",.,"A",.,"A",.,"A",.,"A",.,"A",.,"A",.,"A"
"20101",2211712,54,0,"1",.,"A",.,"A",.,"A",.,"A",.,"A",.,"A",494,"D",.,"A",.,"A",.,"A",.,"A",.,"A",.,"A",.,"A",.,"A"
"20101",2211722,40,0,"1",150,"D",.,"A",.,"A",.,"A",300,"D",20,"D",.,"A",.,"A",.,"A",0,"D",0,"D",120,"D",50,"D",0,"D",.,"A"
"20101",2211732,43,0,"1",.,"A",.,"A",.,"A",.,"A",.,"A",.,"A",.,"A",78,"D",.,"A",.,"A",.,"A",.,"A",18,"D",.,"A",.,"A"
"20101",2211745,47,0,"1",.,"A",.,"A",.,"A",.,"A",.,"A",.,"A",.,"A",.,"A",.,"A",.,"A",.,"A",.,"A",.,"A",.,"A",.,"A"
"20101",2211772,40,0,"1",.,"A",.,"A",.,"A",.,"A",.,"A",.,"A",.,"A",.,"A",.,"A",.,"A",.,"A",.,"A",.,"A",.,"A",.,"A"
"20101",2211782,59,0,"1",.,"A",.,"A",.,"A",.,"A",32,"D",.,"A",.,"A",.,"A",9,"D",.,"A",.,"A",.,"A",45,"D",.,"A",.,"A"
"20101",2211792,47,0,"1",.,"A",.,"A",.,"A",.,"A",.,"A",60,"D",1950,"D",.,"A",.,"A",105,"D",0,"D",0,"D",.,"A",35,"D",.,"A"
"20101",2211802,22,0,"1",.,"A",.,"A",.,"A",.,"A",10,"D",.,"A",.,"A",.,"A",.,"A",.,"A",.,"A",.,"A",.,"A",.,"A",.,"A"
"20101",2211822,72,0,"1",.,"A",.,"A",.,"A",.,"A",.,"A",.,"A",.,"A",.,"A",.,"A",.,"A",.,"A",.,"A",50,"D",.,"A",.,"A"
"20101",2211832,51,0,"1",.,"A",.,"A",.,"A",.,"A",.,"A",180,"D",.,"A",.,"A",.,"A",.,"A",.,"A",.,"A",370,"D",.,"A",.,"A"
"20101",2211852,31,0,"1",.,"A",.,"A",.,"A",.,"A",20,"D",.,"A",.,"A",.,"A",.,"A",.,"A",.,"A",.,"A",25,"D",.,"A",.,"A"
"20101",2211882,49,0,"1",.,"A",.,"A",.,"A",.,"A",.,"A",.,"A",.,"A",.,"A",.,"A",.,"A",.,"A",.,"A",.,"A",.,"A",.,"A"
"20101",2211892,43,0,"1",.,"A",.,"A",.,"A",.,"A",.,"A",.,"A",.,"A",.,"A",.,"A",.,"A",.,"A",.,"A",.,"A",.,"A",.,"A"
"20101",2211912,63,0,"1",.,"A",.,"A",.,"A",.,"A",.,"A",.,"A",286,"D",.,"A",.,"A",.,"A",.,"A",.,"A",.,"A",.,"A",.,"A"
"20101",2211922,32,0,"1",.,"A",.,"A",.,"A",120,"D",.,"A",.,"A",.,"A",78,"D",.,"A",.,"A",.,"A",.,"A",45,"D",.,"A",.,"A"
"20101",2211942,53,0,"1",.,"A",.,"A",.,"A",.,"A",.,"A",.,"A",.,"A",.,"A",.,"A",.,"A",.,"A",.,"A",.,"A",.,"A",.,"A"
"20101",2211952,35,0,"1",.,"A",.,"A",.,"A",.,"A",.,"A",.,"A",.,"A",.,"A",.,"A",.,"A",.,"A",.,"A",.,"A",.,"A",.,"A"
"20101",2211962,77,0,"1",.,"A",.,"A",.,"A",.,"A",.,"A",.,"A",.,"A",.,"A",.,"A",.,"A",.,"A",.,"A",75,"D",.,"A",.,"A"
"20101",2211972,41,0,"1",.,"A",.,"A",.,"A",.,"A",.,"A",.,"A",455,"D",.,"A",.,"A",.,"A",.,"A",.,"A",40,"F",.,"A",.,"A"
"20101",2211982,55,0,"1",.,"A",.,"A",.,"A",.,"A",.,"A",.,"A",.,"A",.,"A",30,"D",.,"A",.,"A",.,"A",.,"A",.,"A",.,"A"
"20101",2211994,30,0,"1",.,"A",.,"A",.,"A",.,"A",160,"D",.,"A",.,"A",.,"A",.,"A",.,"A",.,"A",.,"A",.,"A",.,"A",.,"A"
"20101",2212002,34,0,"1",.,"A",.,"A",.,"A",.,"A",.,"A",.,"A",260,"F",.,"A",.,"A",.,"A",.,"A",.,"A",.,"A",.,"A",.,"A"
"20101",2212032,50,0,"1",.,"A",.,"A",.,"A",.,"A",.,"A",.,"A",.,"A",.,"A",.,"A",.,"A",.,"A",.,"A",.,"A",.,"A",.,"A"
"20101",2212052,67,0,"1",.,"A",.,"A",.,"A",.,"A",.,"A",.,"A",.,"A",.,"A",105,"F",.,"A",.,"A",.,"A",200,"D",.,"A",.,"A"
"20101",2212072,31,0,"1",.,"A",.,"A",.,"A",.,"A",.,"A",28,"D",.,"A",.,"A",.,"A",0,"D",0,"D",12,"D",90,"D",0,"D",.,"A"
"20101",2212082,101,0,"1",.,"A",.,"A",.,"A",.,"A",.,"A",18,"D",.,"A",.,"A",78,"D",0,"D",72,"D",24,"D",20,"D",0,"D",.,"A"
"20101",2212103,38,0,"1",.,"A",.,"A",.,"A",.,"A",10,"D",.,"A",13,"D",.,"A",.,"A",.,"A",.,"A",.,"A",60,"D",.,"A",.,"A"
"20101",2212112,76,0,"1",.,"A",.,"A",.,"A",.,"A",.,"A",.,"A",.,"A",.,"A",.,"A",.,"A",.,"A",.,"A",.,"A",.,"A",.,"A"
"20101",2212122,88,0,"1",.,"A",.,"A",.,"A",.,"A",.,"A",70,"D",.,"A",.,"A",.,"A",.,"A",.,"A",.,"A",135,"D",.,"A",.,"A"
"20101",2212132,66,0,"1",.,"A",.,"A",.,"A",.,"A",.,"A",.,"A",.,"A",.,"A",60,"D",.,"A",.,"A",.,"A",150,"D",.,"A",.,"A"
"20101",2212142,62,0,"1",.,"A",.,"A",.,"A",.,"A",.,"A",.,"A",260,"D",.,"A",.,"A",.,"A",.,"A",.,"A",30,"D",.,"A",.,"A"
"20101",2212152,53,0,"1",.,"A",.,"A",.,"A",.,"A",.,"A",.,"A",780,"D",.,"A",72,"D",.,"A",.,"A",.,"A",150,"D",.,"A",.,"A"
"20101",2212172,51,0,"1",.,"A",.,"A",.,"A",.,"A",.,"A",.,"A",.,"A",.,"A",.,"A",.,"A",.,"A",.,"A",20,"D",.,"A",.,"A"
"20101",2212192,72,0,"1",.,"A",.,"A",.,"A",.,"A",.,"A",20,"D",.,"A",.,"A",.,"A",.,"A",.,"A",.,"A",11,"D",.,"A",.,"A"
"20101",2212203,37,0,"1",10,"D",.,"A",.,"A",.,"A",70,"D",50,"D",.,"A",.,"A",.,"A",390,"D",240,"D",0,"D",200,"D",130,"D",.,"A"
"20101",2212212,53,0,"1",.,"A",.,"A",.,"A",.,"A",.,"A",10,"D",.,"A",.,"A",.,"A",.,"A",.,"A",.,"A",105,"D",.,"A",.,"A"
"20101",2212242,49,0,"1",.,"A",.,"A",.,"A",.,"A",.,"A",.,"A",.,"A",.,"A",.,"A",.,"A",.,"A",.,"A",15,"D",.,"A",.,"A"
"20101",2212252,49,0,"1",.,"A",.,"A",.,"A",.,"A",.,"A",.,"A",.,"A",.,"A",.,"A",.,"A",.,"A",.,"A",34,"D",.,"A",.,"A"
"20101",2212262,30,0,"1",.,"A",.,"A",.,"A",.,"A",.,"A",.,"A",.,"A",.,"A",.,"A",.,"A",.,"A",.,"A",.,"A",.,"A",.,"A"
"20101",2212292,46,0,"1",.,"A",.,"A",.,"A",.,"A",.,"A",.,"A",.,"A",.,"A",.,"A",0,"D",0,"D",9,"D",135,"D",0,"D",.,"A"
"20101",2212322,50,0,"1",.,"A",.,"A",.,"A",.,"A",.,"A",360,"D",.,"A",.,"A",.,"A",.,"A",.,"A",.,"A",270,"D",.,"A",.,"A"
"20101",2212332,44,0,"1",.,"A",.,"A",.,"A",.,"A",.,"A",.,"A",.,"A",.,"A",.,"A",.,"A",.,"A",.,"A",40,"D",.,"A",.,"A"
"20101",2212362,70,0,"1",.,"A",.,"A",.,"A",.,"A",.,"A",100,"D",.,"A",.,"A",.,"A",.,"A",.,"A",.,"A",330,"D",.,"A",.,"A"
"20101",2212382,46,0,"1",.,"A",.,"A",19,"D",.,"A",.,"A",.,"A",.,"A",.,"A",.,"A",.,"A",.,"A",.,"A",12,"D",.,"A",.,"A"
"20101",2212392,63,0,"1",.,"A",.,"A",.,"A",.,"A",.,"A",90,"D",.,"A",.,"A",210,"D",.,"A",.,"A",.,"A",90,"D",.,"A",.,"A"
"20101",2212422,49,0,"1",.,"A",.,"A",.,"A",.,"A",.,"A",.,"A",325,"D",.,"A",.,"A",.,"A",.,"A",.,"A",.,"A",.,"A",.,"A"
"20101",2212433,28,0,"1",.,"A",.,"A",.,"A",.,"A",.,"A",.,"A",.,"A",.,"A",.,"A",.,"A",.,"A",.,"A",.,"A",.,"A",.,"A"
"20101",2212442,53,0,"1",.,"A",.,"A",.,"A",.,"A",.,"A",.,"A",.,"A",.,"A",.,"A",.,"A",.,"A",.,"A",220,"D",.,"A",.,"A"
"20101",2212452,38,0,"1",.,"A",.,"A",.,"A",.,"A",.,"A",.,"A",.,"A",.,"A",.,"A",.,"A",.,"A",.,"A",.,"A",.,"A",.,"A"
"20101",2212462,58,0,"1",.,"A",.,"A",.,"A",.,"A",.,"A",30,"D",.,"A",.,"A",.,"A",.,"A",.,"A",.,"A",120,"D",.,"A",.,"A"
"20101",2212473,45,0,"1",.,"A",.,"A",.,"A",.,"A",.,"A",.,"A",.,"A",.,"A",.,"A",.,"A",.,"A",.,"A",50,"D",.,"A",.,"A"
"20101",2212512,59,0,"1",.,"A",.,"A",.,"A",.,"A",.,"A",75,"D",.,"A",.,"A",30,"D",.,"A",.,"A",.,"A",200,"D",.,"A",.,"A"
"20101",2212532,36,0,"1",.,"A",.,"A",.,"A",.,"A",.,"A",.,"A",.,"A",.,"A",.,"A",.,"A",.,"A",.,"A",.,"A",.,"A",.,"A"
"20101",2212552,37,0,"1",.,"A",.,"A",.,"A",65,"D",.,"A",200,"D",.,"A",.,"A",.,"A",.,"A",.,"A",.,"A",30,"D",.,"A",.,"A"
"20101",2212562,28,0,"1",5,"D",.,"A",.,"A",.,"A",45,"D",15,"D",.,"A",.,"A",.,"A",0,"D",0,"D",210,"D",.,"A",0,"D",.,"A"
"20101",2212582,38,0,"1",.,"A",.,"A",.,"A",.,"A",.,"A",.,"A",195,"D",.,"A",.,"A",.,"A",.,"A",.,"A",90,"D",.,"A",.,"A"
"20101",2212622,39,0,"1",.,"A",.,"A",.,"A",.,"A",.,"A",.,"A",.,"A",.,"A",.,"A",.,"A",.,"A",.,"A",100,"D",.,"A",.,"A"
"20101",2212635,68,0,"1",.,"A",.,"A",35,"D",.,"A",.,"A",.,"A",.,"A",.,"A",45,"D",.,"A",.,"A",.,"A",120,"D",.,"A",.,"A"
"20101",2212643,34,0,"1",.,"A",.,"A",.,"A",.,"A",240,"D",.,"A",.,"A",195,"D",.,"A",.,"A",.,"A",.,"A",.,"A",.,"A",.,"A"
"20101",2212652,81,0,"1",.,"A",.,"A",.,"A",.,"A",.,"A",.,"A",.,"A",260,"D",36,"D",.,"A",.,"A",.,"A",80,"D",.,"A",.,"A"
"20101",2212662,64,0,"1",.,"A",.,"A",.,"A",.,"A",.,"A",.,"A",.,"A",.,"A",.,"A",.,"A",.,"A",.,"A",245,"D",.,"A",.,"A"
"20101",2212672,43,0,"1",.,"A",.,"A",.,"A",.,"A",.,"A",.,"A",650,"D",.,"A",.,"A",.,"A",.,"A",.,"A",.,"A",.,"A",.,"A"
"20101",2212683,24,0,"1",3,"D",.,"A",.,"A",.,"A",117,"D",.,"A",.,"A",.,"A",.,"A",0,"D",0,"D",15,"D",54,"D",0,"D",.,"A"
"20101",2212692,59,0,"1",.,"A",.,"A",.,"A",.,"A",.,"A",.,"A",.,"A",.,"A",.,"A",.,"A",.,"A",.,"A",60,"D",.,"A",.,"A"
"20101",2212702,75,0,"1",.,"A",.,"A",.,"A",.,"A",.,"A",40,"D",.,"A",.,"A",.,"A",.,"A",.,"A",.,"A",40,"D",.,"A",.,"A"
"20101",2212712,56,0,"1",.,"A",.,"A",75,"D",.,"A",.,"A",.,"A",.,"A",.,"A",.,"A",.,"A",.,"A",.,"A",90,"D",.,"A",.,"A"
"20101",2212722,40,0,"1",.,"A",.,"A",.,"A",.,"A",.,"A",.,"A",.,"A",.,"A",.,"A",.,"A",.,"A",.,"A",75,"D",.,"A",.,"A"
"20101",2212742,29,0,"1",.,"A",.,"A",.,"A",.,"A",.,"A",.,"A",.,"A",.,"A",90,"D",138,"D",0,"D",0,"D",40,"D",46,"D",.,"A"
"20101",2212752,35,0,"1",.,"A",.,"A",.,"A",.,"A",.,"A",.,"A",.,"A",.,"A",6,"D",0,"D",0,"D",120,"D",.,"A",0,"D",.,"A"
"20101",2212762,22,0,"1",.,"A",.,"A",.,"A",.,"A",15,"D",.,"A",39,"D",.,"A",.,"A",.,"A",.,"A",.,"A",.,"A",.,"A",.,"A"
"20101",2212782,50,0,"1",36,"D",.,"A",.,"A",.,"A",144,"D",.,"A",39,"D",.,"A",75,"D",.,"A",.,"A",.,"A",.,"A",.,"A",.,"A"
"20101",2212822,56,0,"1",10,"D",.,"A",.,"A",.,"A",0,"D",.,"A",546,"D",.,"A",.,"A",.,"A",.,"A",.,"A",200,"D",.,"A",.,"A"
"20101",2212832,44,0,"1",.,"A",.,"A",.,"A",.,"A",.,"A",.,"A",195,"D",.,"A",.,"A",.,"A",.,"A",.,"A",.,"A",.,"A",.,"A"
"20101",2212852,53,0,"1",.,"A",.,"A",.,"A",.,"A",.,"A",.,"A",650,"D",.,"A",.,"A",.,"A",.,"A",.,"A",25,"D",.,"A",.,"A"
"20101",2212882,22,0,"1",.,"A",.,"A",.,"A",.,"A",.,"A",.,"A",.,"A",.,"A",.,"A",240,"D",0,"D",30,"D",.,"A",80,"D",.,"A"
"20101",2212902,71,0,"1",.,"A",.,"A",.,"A",.,"A",.,"A",50,"D",.,"A",.,"A",30,"D",.,"A",.,"A",.,"A",220,"D",.,"A",.,"A"
"20101",2212912,105,0,"1",.,"A",.,"A",.,"A",.,"A",.,"A",.,"A",.,"A",.,"A",.,"A",.,"A",.,"A",.,"A",120,"D",.,"A",.,"A"
"20101",2212932,27,0,"1",.,"A",.,"A",.,"A",.,"A",36,"D",.,"A",.,"A",.,"A",.,"A",.,"A",.,"A",.,"A",.,"A",.,"A",.,"A"
"20101",2212952,55,0,"1",.,"A",.,"A",.,"A",.,"A",.,"A",.,"A",.,"A",.,"A",30,"D",.,"A",.,"A",.,"A",120,"D",.,"A",.,"A"
"20101",2212962,47,0,"1",.,"A",.,"A",.,"A",.,"A",.,"A",.,"A",.,"A",.,"A",.,"A",.,"A",.,"A",.,"A",240,"D",.,"A",.,"A"
"20101",2212972,90,0,"1",.,"A",.,"A",.,"A",.,"A",.,"A",.,"A",.,"A",.,"A",.,"A",.,"A",.,"A",.,"A",30,"D",.,"A",.,"A"
"20101",2212993,34,0,"1",.,"A",.,"A",.,"A",.,"A",.,"A",.,"A",.,"A",.,"A",.,"A",.,"A",.,"A",.,"A",120,"D",.,"A",.,"A"
"20101",2213002,55,0,"1",.,"A",.,"A",.,"A",.,"A",.,"A",.,"A",.,"A",520,"D",.,"A",.,"A",.,"A",.,"A",65,"D",.,"A",.,"A"
"20101",2213012,52,0,"1",.,"A",.,"A",.,"A",.,"A",.,"A",.,"A",.,"A",.,"A",.,"A",.,"A",.,"A",.,"A",.,"A",.,"A",.,"A"
"20101",2213022,30,0,"1",.,"A",.,"A",.,"A",.,"A",.,"A",.,"A",546,"D",.,"A",.,"A",.,"A",.,"A",.,"A",.,"A",.,"A",.,"A"
"20101",2213042,42,0,"1",.,"A",.,"A",.,"A",.,"A",.,"A",.,"A",.,"A",.,"A",.,"A",.,"A",.,"A",.,"A",.,"A",.,"A",.,"A"
"20101",2213052,50,0,"1",.,"A",.,"A",.,"A",.,"A",.,"A",.,"A",.,"A",.,"A",.,"A",.,"A",.,"A",.,"A",.,"A",.,"A",.,"A"
"20101",2213062,55,0,"1",.,"A",.,"A",.,"A",.,"A",.,"A",.,"A",.,"A",.,"A",.,"A",.,"A",.,"A",.,"A",.,"A",.,"A",.,"A"
"20101",2213072,39,0,"1",.,"A",.,"A",.,"A",.,"A",.,"A",.,"A",.,"A",.,"A",.,"A",.,"A",.,"A",.,"A",.,"A",.,"A",.,"A"
"20101",2213082,48,0,"1",.,"A",.,"A",65,"D",.,"A",.,"A",.,"A",.,"A",.,"A",.,"A",.,"A",.,"A",.,"A",120,"D",.,"A",.,"A"
"20101",2213092,46,0,"1",.,"A",.,"A",.,"A",.,"A",10,"D",.,"A",.,"A",.,"A",.,"A",.,"A",.,"A",.,"A",.,"A",.,"A",.,"A"
"20101",2213102,39,0,"1",.,"A",.,"A",.,"A",.,"A",.,"A",.,"A",260,"D",.,"A",24,"F",.,"A",.,"A",.,"A",.,"A",.,"A",.,"A"
"20101",2213112,62,0,"1",.,"A",.,"A",.,"A",.,"A",.,"A",.,"A",.,"A",.,"A",.,"A",.,"A",.,"A",.,"A",63,"D",.,"A",.,"A"
"20101",2213125,93,0,"1",.,"A",30,"D",.,"A",.,"A",180,"D",0,"D",.,"A",.,"A",.,"A",.,"A",.,"A",.,"A",240,"D",.,"A",.,"A"
"20101",2213132,54,0,"1",.,"A",.,"A",.,"A",.,"A",.,"A",.,"A",.,"A",.,"A",.,"A",.,"A",.,"A",.,"A",600,"D",.,"A",.,"A"
"20101",2213142,71,0,"1",.,"A",.,"A",.,"A",.,"A",.,"A",90,"D",.,"A",.,"A",.,"A",.,"A",.,"A",.,"A",90,"D",.,"A",.,"A"
"20101",2213162,58,0,"1",.,"A",.,"A",.,"A",.,"A",.,"A",.,"A",.,"A",.,"A",.,"A",.,"A",.,"A",.,"A",180,"D",.,"A",.,"A"
"20101",2213172,45,0,"1",.,"A",.,"A",.,"A",.,"A",.,"A",.,"A",.,"A",.,"A",.,"A",.,"A",.,"A",.,"A",60,"D",.,"A",.,"A"
"20101",2213182,70,0,"1",.,"A",.,"A",.,"A",.,"A",.,"A",.,"A",.,"A",.,"A",.,"A",.,"A",.,"A",.,"A",90,"D",.,"A",.,"A"
"20101",2213212,36,0,"1",.,"A",.,"A",.,"A",.,"A",.,"A",.,"A",.,"A",195,"D",24,"D",.,"A",.,"A",.,"A",30,"D",.,"A",.,"A"
"20101",2213252,39,0,"1",.,"A",.,"A",.,"A",.,"A",.,"A",30,"D",.,"A",.,"A",.,"A",.,"A",.,"A",.,"A",15,"D",.,"A",.,"A"
"20101",2213272,43,0,"1",.,"A",.,"A",.,"A",.,"A",.,"A",.,"A",312,"D",.,"A",3,"D",.,"A",.,"A",.,"A",.,"A",.,"A",.,"A"
"20101",2213282,100,0,"1",.,"A",.,"A",.,"A",.,"A",.,"A",33,"D",.,"A",.,"A",15,"D",.,"A",.,"A",.,"A",191,"D",.,"A",.,"A"
"20101",2213302,58,0,"1",.,"A",.,"A",.,"A",.,"A",.,"A",.,"A",.,"A",.,"A",.,"A",.,"A",.,"A",.,"A",70,"D",.,"A",.,"A"
"20101",2213312,60,0,"1",.,"A",.,"A",.,"A",.,"A",.,"A",.,"A",.,"A",.,"A",.,"A",.,"A",.,"A",.,"A",.,"A",.,"A",.,"A"
"20101",2213322,57,0,"1",.,"A",.,"A",.,"A",.,"A",.,"A",.,"A",.,"A",.,"A",.,"A",.,"A",.,"A",.,"A",15,"D",.,"A",.,"A"
"20101",2213352,40,0,"1",.,"A",.,"A",.,"A",.,"A",.,"A",.,"A",.,"A",.,"A",.,"A",.,"A",.,"A",.,"A",.,"A",.,"A",.,"A"
"20101",2213362,42,0,"1",.,"A",.,"A",.,"A",.,"A",.,"A",.,"A",.,"A",.,"A",.,"A",.,"A",.,"A",.,"A",40,"D",.,"A",.,"A"
"20101",2213372,92,0,"1",.,"A",.,"A",.,"A",.,"A",.,"A",40,"D",130,"D",.,"A",.,"A",.,"A",.,"A",.,"A",60,"D",.,"A",.,"A"
"20101",2213392,36,0,"1",.,"A",.,"A",.,"A",.,"A",.,"A",100,"D",.,"A",.,"A",.,"A",.,"A",.,"A",.,"A",75,"D",.,"A",.,"A"
"20101",2213422,32,0,"1",.,"A",.,"A",.,"A",.,"A",.,"A",.,"A",.,"A",.,"A",.,"A",.,"A",.,"A",.,"A",93,"D",.,"A",.,"A"
"20101",2213432,56,0,"1",.,"A",.,"A",.,"A",.,"A",.,"A",.,"A",.,"A",.,"A",.,"A",.,"A",.,"A",.,"A",75,"D",.,"A",.,"A"
"20101",2213442,77,0,"1",.,"A",.,"A",16,"D",.,"A",.,"A",10,"D",.,"A",.,"A",.,"A",.,"A",.,"A",.,"A",95,"D",.,"A",.,"A"
"20101",2213453,32,0,"1",.,"A",.,"A",.,"A",.,"A",.,"A",.,"A",.,"A",.,"A",.,"A",.,"A",.,"A",.,"A",40,"D",.,"A",.,"A"
"20101",2213492,49,0,"1",.,"A",.,"A",.,"A",.,"A",.,"A",.,"A",.,"A",130,"D",.,"A",.,"A",.,"A",.,"A",45,"D",.,"A",.,"A"
"20101",2213502,65,0,"1",.,"A",.,"A",.,"A",.,"A",.,"A",.,"A",.,"A",.,"A",.,"A",.,"A",.,"A",.,"A",75,"D",.,"A",.,"A"
"20101",2213512,24,0,"1",.,"A",.,"A",.,"A",.,"A",.,"A",30,"D",.,"A",.,"A",.,"A",.,"A",.,"A",.,"A",90,"D",.,"A",.,"A"
"20101",2213522,35,0,"1",.,"A",.,"A",.,"A",.,"A",.,"A",.,"A",.,"A",.,"A",.,"A",.,"A",.,"A",.,"A",.,"A",.,"A",.,"A"
"20101",2213532,46,0,"1",.,"A",.,"A",.,"A",.,"A",.,"A",.,"A",.,"A",.,"A",.,"A",.,"A",.,"A",.,"A",.,"A",.,"A",.,"A"
"20101",2213542,73,0,"1",.,"A",.,"A",.,"A",.,"A",.,"A",105,"D",.,"A",260,"D",.,"A",.,"A",.,"A",.,"A",350,"D",.,"A",.,"A"
"20101",2213562,52,0,"1",.,"A",.,"A",.,"A",.,"A",.,"A",.,"A",.,"A",.,"A",.,"A",.,"A",.,"A",.,"A",312,"D",.,"A",.,"A"
"20101",2213572,50,0,"1",.,"A",.,"A",.,"A",.,"A",75,"D",.,"A",.,"A",.,"A",.,"A",.,"A",.,"A",.,"A",.,"A",.,"A",.,"A"
"20101",2213632,39,0,"1",.,"A",.,"A",.,"A",.,"A",.,"A",.,"A",.,"A",.,"A",30,"D",.,"A",.,"A",.,"A",.,"A",.,"A",.,"A"
"20101",2213642,36,0,"1",.,"A",.,"A",.,"A",.,"A",60,"D",.,"A",.,"A",.,"A",.,"A",.,"A",.,"A",.,"A",80,"D",.,"A",.,"A"
"20101",2213652,60,0,"1",.,"A",.,"A",.,"A",.,"A",.,"A",.,"A",.,"A",.,"A",.,"A",.,"A",.,"A",.,"A",.,"A",.,"A",.,"A"
"20101",2213662,119,0,"1",.,"A",.,"A",.,"A",.,"A",.,"A",24,"D",455,"D",.,"A",.,"A",.,"A",.,"A",.,"A",325,"D",.,"A",.,"A"
"20101",2213672,57,0,"1",.,"A",.,"A",.,"A",.,"A",.,"A",.,"A",.,"A",.,"A",.,"A",.,"A",.,"A",.,"A",300,"D",.,"A",.,"A"
"20101",2213692,28,0,"1",15,"F",.,"A",.,"A",.,"A",90,"F",.,"A",.,"A",.,"A",.,"A",.,"A",.,"A",.,"A",200,"F",.,"A",.,"A"
"20101",2213712,42,0,"1",.,"A",.,"A",.,"A",.,"A",.,"A",.,"A",.,"A",.,"A",.,"A",.,"A",.,"A",.,"A",48,"D",.,"A",.,"A"
"20101",2213722,72,0,"1",.,"A",.,"A",.,"A",.,"A",.,"A",.,"A",.,"A",.,"A",.,"A",.,"A",.,"A",.,"A",.,"A",.,"A",.,"A"
"20101",2213732,43,0,"1",.,"A",.,"A",.,"A",.,"A",.,"A",.,"A",.,"A",.,"A",.,"A",.,"A",.,"A",.,"A",.,"A",.,"A",.,"A"
"20101",2213742,45,0,"1",.,"A",.,"A",.,"A",.,"A",.,"A",.,"A",.,"A",.,"A",.,"A",.,"A",.,"A",.,"A",.,"A",.,"A",.,"A"
"20101",2213762,90,0,"1",.,"A",.,"A",.,"A",.,"A",.,"A",.,"A",.,"A",.,"A",.,"A",.,"A",.,"A",.,"A",.,"A",.,"A",.,"A"
"20101",2213772,29,0,"1",.,"A",.,"A",.,"A",.,"A",.,"A",.,"A",286,"D",.,"A",.,"A",.,"A",.,"A",.,"A",30,"D",.,"A",.,"A"
"20101",2213782,46,0,"1",.,"A",.,"A",.,"A",.,"A",.,"A",.,"A",.,"A",.,"A",.,"A",.,"A",.,"A",.,"A",30,"D",.,"A",.,"A"
"20101",2213792,40,0,"1",.,"A",.,"A",.,"A",.,"A",.,"A",.,"A",.,"A",.,"A",.,"A",.,"A",.,"A",.,"A",45,"D",.,"A",.,"A"
"20101",2213802,59,0,"1",.,"A",.,"A",.,"A",.,"A",.,"A",.,"A",.,"A",.,"A",.,"A",0,"D",0,"D",0,"D",.,"A",0,"D",.,"A"
"20101",2213824,23,0,"1",0,"F",.,"A",.,"A",.,"A",40,"F",.,"A",.,"A",.,"A",15,"D",0,"D",0,"D",30,"D",.,"A",0,"D",.,"A"
"20101",2213832,59,0,"1",.,"A",.,"A",.,"A",.,"A",.,"A",.,"A",.,"A",.,"A",30,"D",.,"A",.,"A",.,"A",300,"D",.,"A",.,"A"
"20101",2213842,28,0,"1",.,"A",.,"A",.,"A",.,"A",.,"A",.,"A",195,"D",.,"A",.,"A",.,"A",.,"A",.,"A",.,"A",.,"A",.,"A"
"20101",2213852,46,0,"1",.,"A",.,"A",.,"A",.,"A",.,"A",.,"A",.,"A",.,"A",.,"A",.,"A",.,"A",.,"A",.,"A",.,"A",.,"A"
"20101",2213862,36,0,"1",9,"D",.,"A",.,"A",30,"D",18,"D",.,"A",.,"A",.,"A",45,"D",0,"D",0,"D",30,"D",51,"D",0,"D",.,"A"
"20101",2213872,54,0,"1",.,"A",.,"A",.,"A",.,"A",.,"A",.,"A",.,"A",.,"A",.,"A",.,"A",.,"A",.,"A",15,"D",.,"A",.,"A"
"20101",2213882,70,0,"1",.,"A",.,"A",.,"A",.,"A",.,"A",.,"A",.,"A",.,"A",.,"A",.,"A",.,"A",.,"A",90,"D",.,"A",.,"A"
"20101",2213892,26,0,"1",.,"A",.,"A",.,"A",.,"A",.,"A",.,"A",.,"A",.,"A",.,"A",.,"A",.,"A",.,"A",.,"A",.,"A",.,"A"
"20101",2213902,43,0,"1",.,"A",.,"A",.,"A",.,"A",.,"A",.,"A",.,"A",.,"A",.,"A",.,"A",.,"A",.,"A",40,"D",.,"A",.,"A"
"20101",2213922,32,0,"1",.,"A",.,"A",.,"A",.,"A",240,"D",.,"A",.,"A",.,"A",.,"A",0,"D",72,"D",30,"D",180,"D",0,"D",.,"A"
"20101",2213932,40,0,"1",.,"A",.,"A",.,"A",.,"A",.,"A",.,"A",.,"A",.,"A",.,"A",.,"A",.,"A",.,"A",15,"D",.,"A",.,"A"
"20101",2213942,50,0,"1",.,"A",.,"A",.,"A",.,"A",.,"A",18,"D",.,"A",.,"A",.,"A",.,"A",.,"A",.,"A",90,"D",.,"A",.,"A"
"20101",2213962,38,0,"1",.,"A",.,"A",.,"A",42,"D",.,"A",.,"A",.,"A",.,"A",.,"A",.,"A",.,"A",.,"A",.,"A",.,"A",.,"A"
"20101",2213982,26,0,"1",.,"A",.,"A",.,"A",.,"A",60,"D",.,"A",.,"A",468,"D",.,"A",.,"A",.,"A",.,"A",.,"A",.,"A",.,"A"
"20101",2213992,57,0,"1",.,"A",.,"A",.,"A",.,"A",.,"A",.,"A",.,"A",.,"A",.,"A",.,"A",.,"A",.,"A",98,"D",.,"A",.,"A"
"20101",2214042,44,0,"1",.,"A",.,"A",.,"A",.,"A",.,"A",20,"F",.,"A",.,"A",.,"A",.,"A",.,"A",.,"A",20,"F",.,"A",.,"A"
"20101",2214062,59,0,"1",.,"A",.,"A",.,"A",.,"A",.,"A",.,"A",.,"A",.,"A",.,"A",.,"A",.,"A",.,"A",.,"A",.,"A",.,"A"
"20101",2214072,46,0,"1",.,"A",.,"A",.,"A",.,"A",.,"A",.,"A",.,"A",.,"A",.,"A",.,"A",.,"A",.,"A",.,"A",.,"A",.,"A"
"20101",2214082,42,0,"1",.,"A",.,"A",.,"A",.,"A",.,"A",.,"A",.,"A",.,"A",.,"A",.,"A",.,"A",.,"A",50,"D",.,"A",.,"A"
"20101",2214092,66,0,"1",.,"A",.,"A",.,"A",.,"A",.,"A",.,"A",195,"D",.,"A",15,"D",.,"A",.,"A",.,"A",25,"D",.,"A",.,"A"
"20101",2214102,62,0,"1",.,"A",.,"A",.,"A",.,"A",.,"A",.,"A",.,"A",.,"A",.,"A",.,"A",.,"A",.,"A",80,"D",.,"A",.,"A"
"20101",2214122,38,0,"1",.,"A",.,"A",.,"A",.,"A",120,"D",.,"A",.,"A",.,"A",.,"A",.,"A",.,"A",.,"A",.,"A",.,"A",.,"A"
"20101",2214132,33,0,"1",.,"A",.,"A",.,"A",.,"A",.,"A",.,"A",.,"A",.,"A",.,"A",.,"A",.,"A",.,"A",.,"A",.,"A",.,"A"
"20101",2214142,67,0,"1",.,"A",.,"A",.,"A",.,"A",.,"A",240,"D",.,"A",.,"A",36,"D",.,"A",.,"A",.,"A",200,"D",.,"A",.,"A"
"20101",2214152,36,0,"1",.,"A",.,"A",.,"A",.,"A",.,"A",.,"A",390,"D",.,"A",.,"A",.,"A",.,"A",.,"A",.,"A",.,"A",.,"A"
"20101",2214162,46,0,"1",.,"A",.,"A",.,"A",.,"A",.,"A",.,"A",390,"D",.,"A",9,"D",.,"A",.,"A",.,"A",15,"D",.,"A",.,"A"
"20101",2214172,45,0,"1",.,"A",.,"A",.,"A",.,"A",.,"A",.,"A",.,"A",.,"A",.,"A",.,"A",.,"A",.,"A",60,"D",.,"A",.,"A"
"20101",2214192,24,0,"1",.,"A",.,"A",.,"A",.,"A",5,"D",.,"A",.,"A",.,"A",.,"A",.,"A",.,"A",.,"A",100,"D",.,"A",.,"A"
"20101",2214202,107,0,"1",.,"A",.,"A",.,"A",.,"A",.,"A",.,"A",.,"A",.,"A",.,"A",.,"A",.,"A",.,"A",150,"D",.,"A",.,"A"
"20101",2214212,56,0,"1",.,"A",.,"A",.,"A",.,"A",.,"A",.,"A",.,"A",.,"A",.,"A",.,"A",.,"A",.,"A",30,"D",.,"A",.,"A"
"20101",2214222,85,0,"1",.,"A",.,"A",.,"A",.,"A",96,"D",.,"A",.,"A",.,"A",.,"A",.,"A",.,"A",.,"A",270,"D",.,"A",.,"A"
"20101",2214242,55,0,"1",.,"A",.,"A",.,"A",.,"A",.,"A",.,"A",.,"A",91,"D",.,"A",.,"A",.,"A",.,"A",10,"D",.,"A",.,"A"
"20101",2214262,56,0,"1",.,"A",.,"A",.,"A",.,"A",.,"A",.,"A",.,"A",.,"A",.,"A",.,"A",.,"A",.,"A",39,"D",.,"A",.,"A"
"20101",2214282,44,0,"1",.,"A",.,"A",.,"A",.,"A",.,"A",.,"A",.,"A",.,"A",.,"A",.,"A",.,"A",.,"A",120,"D",.,"A",.,"A"
"20101",2214292,52,0,"1",.,"A",.,"A",.,"A",.,"A",.,"A",10,"D",.,"A",.,"A",.,"A",.,"A",.,"A",.,"A",65,"D",.,"A",.,"A"
"20101",2214302,73,0,"1",.,"A",.,"A",.,"A",.,"A",.,"A",.,"A",.,"A",.,"A",.,"A",.,"A",.,"A",.,"A",280,"D",.,"A",.,"A"
"20101",2214312,41,0,"1",.,"A",.,"A",.,"A",.,"A",.,"A",.,"A",650,"D",.,"A",.,"A",.,"A",.,"A",.,"A",.,"A",.,"A",.,"A"
"20101",2214322,66,0,"1",.,"A",.,"A",.,"A",.,"A",.,"A",.,"A",.,"A",.,"A",.,"A",0,"D",0,"D",30,"D",.,"A",0,"D",.,"A"
"20101",2214332,49,0,"1",20,"D",.,"A",.,"A",.,"A",40,"D",30,"D",.,"A",.,"A",.,"A",.,"A",.,"A",.,"A",60,"D",.,"A",.,"A"
"20101",2214342,81,0,"1",.,"A",.,"A",.,"A",.,"A",.,"A",80,"D",.,"A",.,"A",.,"A",555,"D",0,"D",0,"D",300,"D",185,"D",.,"A"
"20101",2214352,74,0,"1",.,"A",.,"A",.,"A",.,"A",.,"A",.,"A",.,"A",.,"A",.,"A",.,"A",.,"A",.,"A",100,"D",.,"A",.,"A"
"20101",2214392,46,0,"1",.,"A",.,"A",.,"A",.,"A",.,"A",8,"D",.,"A",.,"A",.,"A",.,"A",.,"A",.,"A",100,"D",.,"A",.,"A"
"20101",2214422,52,0,"1",.,"A",.,"A",.,"A",.,"A",.,"A",50,"D",.,"A",.,"A",.,"A",.,"A",.,"A",.,"A",100,"D",.,"A",.,"A"
"20101",2214432,65,0,"1",.,"A",.,"A",.,"A",.,"A",.,"A",40,"D",.,"A",.,"A",30,"D",.,"A",.,"A",.,"A",60,"D",.,"A",.,"A"
"20101",2214442,61,0,"1",.,"A",.,"A",.,"A",.,"A",.,"A",.,"A",572,"D",.,"A",.,"A",.,"A",.,"A",.,"A",.,"A",.,"A",.,"A"
"20101",2214452,48,0,"1",.,"A",.,"A",.,"A",.,"A",.,"A",.,"A",.,"A",.,"A",.,"A",.,"A",.,"A",.,"A",75,"D",.,"A",.,"A"
"20101",2214462,28,0,"1",.,"A",.,"A",.,"A",.,"A",.,"A",.,"A",.,"A",.,"A",.,"A",.,"A",.,"A",.,"A",.,"A",.,"A",.,"A"
"20101",2214495,33,0,"1",.,"A",.,"A",.,"A",.,"A",90,"D",.,"A",260,"D",.,"A",.,"A",.,"A",.,"A",.,"A",.,"A",.,"A",.,"A"
"20101",2214502,40,0,"1",.,"A",.,"A",.,"A",.,"A",.,"A",.,"A",.,"A",.,"A",.,"A",.,"A",.,"A",.,"A",24,"D",.,"A",.,"A"
"20101",2214512,40,0,"1",.,"A",.,"A",.,"A",.,"A",.,"A",49,"D",.,"A",.,"A",.,"A",.,"A",.,"A",.,"A",240,"D",.,"A",.,"A"
"20101",2214542,46,0,"1",.,"A",.,"A",.,"A",.,"A",.,"A",.,"A",.,"A",.,"A",.,"A",.,"A",.,"A",.,"A",60,"D",.,"A",.,"A"
"20101",2214552,34,0,"1",.,"A",.,"A",.,"A",.,"A",.,"A",.,"A",.,"A",.,"A",.,"A",.,"A",.,"A",.,"A",.,"A",.,"A",.,"A"
"20101",2214562,60,0,"1",.,"A",.,"A",.,"A",.,"A",.,"A",.,"A",.,"A",.,"A",24,"D",.,"A",.,"A",.,"A",156,"D",.,"A",.,"A"
"20101",2214572,48,0,"1",.,"A",.,"A",30,"D",.,"A",.,"A",.,"A",.,"A",.,"A",.,"A",.,"A",.,"A",.,"A",.,"A",.,"A",.,"A"
"20101",2214582,89,0,"1",.,"A",.,"A",.,"A",.,"A",.,"A",.,"A",.,"A",.,"A",.,"A",.,"A",.,"A",.,"A",120,"D",.,"A",.,"A"
"20101",2214592,98,0,"1",.,"A",.,"A",.,"A",.,"A",.,"A",100,"D",.,"A",.,"A",.,"A",.,"A",.,"A",.,"A",600,"D",.,"A",.,"A"
"20101",2214602,33,0,"1",.,"A",.,"A",.,"A",.,"A",.,"A",.,"A",.,"A",.,"A",.,"A",.,"A",.,"A",.,"A",.,"A",.,"A",.,"A"
"20101",2214622,70,0,"1",.,"A",.,"A",.,"A",.,"A",.,"A",35,"D",.,"A",.,"A",.,"A",.,"A",.,"A",.,"A",150,"D",.,"A",.,"A"
"20101",2214652,38,0,"1",.,"A",.,"A",.,"A",.,"A",.,"A",.,"A",.,"A",.,"A",.,"A",.,"A",.,"A",.,"A",60,"D",.,"A",.,"A"
"20101",2214662,76,0,"1",.,"A",.,"A",.,"A",.,"A",.,"A",.,"A",.,"A",.,"A",.,"A",.,"A",.,"A",.,"A",50,"D",.,"A",.,"A"
"20101",2214682,45,0,"1",.,"A",.,"A",.,"A",.,"A",.,"A",300,"D",780,"D",.,"A",27,"D",.,"A",.,"A",.,"A",30,"D",.,"A",.,"A"
"20101",2214692,43,0,"1",.,"A",.,"A",.,"A",.,"A",.,"A",.,"A",.,"A",.,"A",.,"A",.,"A",.,"A",.,"A",50,"D",.,"A",.,"A"
"20101",2214702,38,0,"1",.,"A",.,"A",.,"A",.,"A",.,"A",.,"A",.,"A",.,"A",.,"A",.,"A",.,"A",.,"A",600,"D",.,"A",.,"A"
"20101",2214712,62,0,"1",.,"A",.,"A",.,"A",.,"A",.,"A",100,"D",.,"A",.,"A",.,"A",.,"A",.,"A",.,"A",150,"D",.,"A",.,"A"
"20101",2214722,36,0,"1",.,"A",.,"A",.,"A",.,"A",.,"A",.,"A",.,"A",.,"A",.,"A",.,"A",.,"A",.,"A",.,"A",.,"A",.,"A"
"20101",2214732,49,0,"1",.,"A",.,"A",.,"A",.,"A",.,"A",.,"A",.,"A",.,"A",.,"A",.,"A",.,"A",.,"A",.,"A",.,"A",.,"A"
"20101",2214763,47,0,"1",.,"A",.,"A",.,"A",.,"A",.,"A",.,"A",.,"A",.,"A",.,"A",.,"A",.,"A",.,"A",.,"A",.,"A",.,"A"
"20101",2214772,27,0,"1",.,"A",.,"A",.,"A",.,"A",.,"A",.,"A",.,"A",.,"A",.,"A",.,"A",.,"A",.,"A",.,"A",.,"A",.,"A"
"20101",2214782,42,0,"1",.,"A",.,"A",.,"A",.,"A",.,"A",.,"A",234,"D",.,"A",.,"A",.,"A",.,"A",.,"A",.,"A",.,"A",.,"A"
"20101",2214792,51,0,"1",.,"A",.,"A",.,"A",.,"A",.,"A",.,"A",.,"A",.,"A",.,"A",.,"A",.,"A",.,"A",30,"D",.,"A",.,"A"
"20101",2214802,25,0,"1",.,"A",.,"A",.,"A",.,"A",.,"A",.,"A",.,"A",.,"A",.,"A",.,"A",.,"A",.,"A",.,"A",.,"A",.,"A"
"20101",2214812,68,0,"1",.,"A",.,"A",.,"A",.,"A",.,"A",.,"A",.,"A",.,"A",.,"A",.,"A",.,"A",.,"A",45,"D",.,"A",.,"A"
"20101",2214822,63,0,"1",.,"A",.,"A",.,"A",.,"A",.,"A",.,"A",.,"A",.,"A",.,"A",.,"A",.,"A",.,"A",80,"D",.,"A",.,"A"
"20101",2214832,79,0,"1",.,"A",.,"A",.,"A",.,"A",.,"A",.,"A",.,"A",.,"A",45,"D",.,"A",.,"A",.,"A",145,"D",.,"A",.,"A"
"20101",2214842,83,0,"1",.,"A",.,"A",.,"A",.,"A",.,"A",10,"D",.,"A",.,"A",.,"A",.,"A",.,"A",.,"A",75,"D",.,"A",.,"A"
"20101",2214852,49,0,"1",.,"A",.,"A",.,"A",.,"A",.,"A",.,"A",.,"A",.,"A",.,"A",.,"A",.,"A",.,"A",.,"A",.,"A",.,"A"
"20101",2214862,46,0,"1",.,"A",.,"A",.,"A",.,"A",.,"A",.,"A",780,"D",.,"A",.,"A",.,"A",.,"A",.,"A",100,"D",.,"A",.,"A"
"20101",2214872,38,0,"1",.,"A",.,"A",.,"A",.,"A",.,"A",.,"A",.,"A",.,"A",.,"A",.,"A",.,"A",.,"A",.,"A",.,"A",.,"A"
"20101",2214882,40,0,"1",.,"A",.,"A",.,"A",.,"A",.,"A",.,"A",.,"A",.,"A",.,"A",.,"A",.,"A",.,"A",.,"A",.,"A",.,"A"
"20101",2214892,51,0,"1",.,"A",.,"A",.,"A",.,"A",.,"A",150,"D",.,"A",.,"A",.,"A",330,"D",0,"D",0,"D",.,"A",110,"D",330,"D"
"20101",2214902,37,0,"1",.,"A",.,"A",.,"A",.,"A",.,"A",.,"A",650,"D",.,"A",.,"A",.,"A",.,"A",.,"A",15,"D",.,"A",.,"A"
"20101",2214912,44,0,"1",.,"A",.,"A",.,"A",.,"A",.,"A",.,"A",.,"A",.,"A",.,"A",.,"A",.,"A",.,"A",100,"F",.,"A",.,"A"
"20101",2214932,50,0,"1",.,"A",.,"A",.,"A",.,"A",.,"A",.,"A",.,"A",.,"A",.,"A",.,"A",.,"A",.,"A",30,"D",.,"A",.,"A"
"20101",2214952,46,0,"1",.,"A",.,"A",.,"A",.,"A",.,"A",.,"A",.,"A",.,"A",.,"A",.,"A",.,"A",.,"A",.,"A",.,"A",.,"A"
"20101",2214962,37,0,"1",.,"A",.,"A",.,"A",.,"A",.,"A",.,"A",.,"A",.,"A",.,"A",.,"A",.,"A",.,"A",.,"A",.,"A",.,"A"
"20101",2215012,72,0,"1",.,"A",.,"A",21,"D",.,"A",5,"D",.,"A",.,"A",.,"A",18,"D",.,"A",.,"A",.,"A",40,"D",.,"A",.,"A"
"20101",2215022,59,0,"1",.,"A",.,"A",.,"A",.,"A",.,"A",.,"A",.,"A",.,"A",.,"A",.,"A",.,"A",.,"A",.,"A",.,"A",.,"A"
"20101",2215032,42,0,"1",.,"A",.,"A",.,"A",.,"A",.,"A",.,"A",.,"A",.,"A",.,"A",.,"A",.,"A",.,"A",.,"A",.,"A",.,"A"
"20101",2215062,46,0,"1",.,"A",.,"A",.,"A",.,"A",.,"A",.,"A",.,"A",.,"A",.,"A",.,"A",.,"A",.,"A",24,"D",.,"A",.,"A"
"20101",2215072,53,0,"1",.,"A",.,"A",.,"A",.,"A",.,"A",159,"D",.,"A",.,"A",.,"A",.,"A",.,"A",.,"A",60,"D",.,"A",.,"A"
"20101",2215092,55,0,"1",.,"A",.,"A",.,"A",.,"A",.,"A",.,"A",.,"A",.,"A",.,"A",.,"A",.,"A",.,"A",55,"D",.,"A",.,"A"
"20101",2215122,59,0,"1",.,"A",.,"A",.,"A",.,"A",120,"D",60,"D",.,"A",.,"A",.,"A",.,"A",.,"A",.,"A",.,"A",.,"A",.,"A"
"20101",2215132,55,0,"1",.,"A",.,"A",.,"A",.,"A",120,"D",30,"D",.,"A",.,"A",.,"A",.,"A",.,"A",.,"A",36,"D",.,"A",.,"A"
"20101",2215152,32,0,"1",.,"A",.,"A",.,"A",.,"A",.,"A",.,"A",.,"A",.,"A",.,"A",.,"A",.,"A",.,"A",.,"A",.,"A",.,"A"
"20101",2215164,64,0,"1",.,"A",.,"A",.,"A",.,"A",.,"A",.,"A",.,"A",.,"A",.,"A",.,"A",.,"A",.,"A",50,"D",.,"A",.,"A"
"20101",2215172,43,0,"1",.,"A",.,"A",.,"A",.,"A",.,"A",.,"A",.,"A",.,"A",.,"A",.,"A",.,"A",.,"A",10,"D",.,"A",.,"A"
"20101",2215182,42,0,"1",.,"A",.,"A",.,"A",.,"A",20,"D",.,"A",.,"A",.,"A",.,"A",.,"A",.,"A",.,"A",18,"D",.,"A",.,"A"
"20101",2215192,63,0,"1",13,"D",13,"D",.,"A",.,"A",14,"D",47,"D",.,"A",.,"A",27,"D",0,"D",0,"D",0,"D",90,"D",0,"D",.,"A"
"20101",2215232,75,0,"1",.,"A",.,"A",.,"A",.,"A",.,"A",360,"D",.,"A",.,"A",.,"A",660,"F",0,"D",0,"D",150,"D",.,"C",.,"A"
"20101",2215242,38,0,"1",.,"A",.,"A",.,"A",.,"A",.,"A",.,"A",.,"A",.,"A",.,"A",.,"A",.,"A",.,"A",.,"A",.,"A",.,"A"
"20101",2215252,51,0,"1",.,"A",.,"A",.,"A",.,"A",.,"A",.,"A",.,"A",.,"A",.,"A",.,"A",.,"A",.,"A",70,"D",.,"A",.,"A"
"20101",2215262,79,0,"1",.,"A",.,"A",.,"A",.,"A",.,"A",50,"D",.,"A",.,"A",.,"A",.,"A",.,"A",.,"A",165,"D",.,"A",.,"A"
"20101",2215285,31,0,"1",.,"A",.,"A",.,"A",.,"A",.,"A",.,"A",.,"A",.,"A",.,"A",.,"A",.,"A",.,"A",90,"D",.,"A",.,"A"
"20101",2215302,45,0,"1",.,"A",.,"A",.,"A",.,"A",.,"A",.,"A",.,"A",.,"A",.,"A",.,"A",.,"A",.,"A",.,"A",.,"A",.,"A"
"20101",2215322,25,0,"1",10,"D",.,"A",.,"A",.,"A",0,"D",.,"A",455,"D",.,"A",.,"A",.,"A",.,"A",.,"A",20,"D",.,"A",.,"A"
"20101",2215342,70,0,"1",.,"A",.,"A",.,"A",200,"D",.,"A",.,"A",.,"A",.,"A",.,"A",.,"A",.,"A",.,"A",155,"D",.,"A",.,"A"
"20101",2215352,67,0,"1",.,"A",.,"A",95,"D",.,"A",.,"A",.,"A",195,"D",.,"A",.,"A",0,"D",0,"D",21,"D",60,"D",0,"D",.,"A"
"20101",2215362,90,0,"1",.,"A",.,"A",.,"A",.,"A",.,"A",.,"A",.,"A",.,"A",.,"A",.,"A",.,"A",.,"A",65,"D",.,"A",.,"A"
"20101",2215372,81,0,"1",.,"A",.,"A",40,"F",.,"A",.,"A",75,"D",.,"A",.,"A",.,"A",.,"A",.,"A",.,"A",250,"D",.,"A",.,"A"
"20101",2215392,60,0,"1",.,"A",.,"A",.,"A",.,"A",.,"A",.,"A",.,"A",.,"A",.,"A",.,"A",.,"A",.,"A",150,"D",.,"A",.,"A"
"20101",2215412,42,0,"1",.,"A",.,"A",.,"A",.,"A",15,"D",.,"A",.,"A",.,"A",.,"A",.,"A",.,"A",.,"A",.,"A",.,"A",.,"A"
"20101",2215422,43,0,"1",.,"A",.,"A",.,"A",.,"A",.,"A",.,"A",.,"A",.,"A",.,"A",.,"A",.,"A",.,"A",180,"D",.,"A",.,"A"
"20101",2215432,37,0,"1",40,"D",.,"A",.,"A",.,"A",110,"D",120,"D",.,"A",.,"A",.,"A",135,"D",255,"D",0,"D",180,"D",45,"D",.,"A"
"20101",2215445,24,0,"1",.,"A",.,"A",.,"A",.,"A",.,"A",.,"A",.,"A",.,"A",.,"A",.,"A",.,"A",.,"A",.,"A",.,"A",.,"A"
"20101",2215455,30,0,"1",0,"F",.,"A",.,"A",.,"A",15,"F",.,"A",.,"A",.,"A",.,"A",0,"D",0,"D",45,"D",.,"A",0,"D",.,"A"
"20101",2215462,50,0,"1",.,"A",.,"A",.,"A",.,"A",.,"A",.,"A",.,"A",.,"A",.,"A",.,"A",.,"A",.,"A",.,"A",.,"A",.,"A"
"20101",2215482,68,0,"1",.,"A",.,"A",70,"D",120,"D",.,"A",144,"D",.,"A",.,"A",45,"D",180,"D",0,"D",0,"D",340,"D",60,"D",.,"A"
"20101",2215492,45,0,"1",.,"A",.,"A",.,"A",.,"A",20,"D",.,"A",260,"D",.,"A",30,"D",.,"A",.,"A",.,"A",210,"D",.,"A",.,"A"
"20101",2215502,109,0,"1",.,"A",.,"A",.,"A",.,"A",.,"A",.,"A",.,"A",156,"D",60,"D",.,"A",.,"A",.,"A",160,"D",.,"A",.,"A"
"20101",2215512,34,0,"1",.,"A",.,"A",.,"A",.,"A",.,"A",.,"A",.,"A",.,"A",.,"A",.,"A",.,"A",.,"A",.,"A",.,"A",.,"A"
"20101",2215522,78,0,"1",.,"A",.,"A",.,"A",.,"A",25,"D",.,"A",.,"A",.,"A",.,"A",.,"A",.,"A",.,"A",120,"D",.,"A",.,"A"
"20101",2215532,91,0,"1",.,"A",.,"A",.,"A",.,"A",.,"A",.,"A",.,"A",.,"A",60,"D",0,"D",90,"D",0,"D",90,"D",0,"D",.,"A"
"20101",2215542,30,0,"1",.,"A",.,"A",.,"A",.,"A",.,"A",.,"A",.,"A",.,"A",.,"A",.,"A",.,"A",.,"A",.,"A",.,"A",.,"A"
"20101",2215562,61,0,"1",.,"A",.,"A",.,"A",.,"A",.,"A",.,"A",.,"A",.,"A",.,"A",.,"A",.,"A",.,"A",.,"A",.,"A",.,"A"
"20101",2215592,34,0,"1",.,"A",.,"A",.,"A",.,"A",.,"A",.,"A",.,"A",.,"A",.,"A",.,"A",.,"A",.,"A",.,"A",.,"A",.,"A"
"20101",2215602,56,0,"1",.,"A",.,"A",30,"D",.,"A",.,"A",.,"A",.,"A",.,"A",.,"A",.,"A",.,"A",.,"A",.,"A",.,"A",.,"A"
"20101",2215612,55,0,"1",.,"A",.,"A",.,"A",.,"A",10,"D",10,"D",364,"D",.,"A",27,"D",.,"A",.,"A",.,"A",10,"D",.,"A",.,"A"
"20101",2215622,52,0,"1",.,"A",.,"A",.,"A",.,"A",.,"A",.,"A",260,"D",.,"A",6,"D",.,"A",.,"A",.,"A",.,"A",.,"A",.,"A"
"20101",2215632,31,0,"1",.,"A",.,"A",.,"A",.,"A",.,"A",.,"A",390,"D",.,"A",.,"A",.,"A",.,"A",.,"A",240,"D",.,"A",.,"A"
"20101",2215652,53,0,"1",.,"A",.,"A",.,"A",.,"A",.,"A",.,"A",.,"A",.,"A",.,"A",.,"A",.,"A",.,"A",36,"D",.,"A",.,"A"
"20101",2215682,34,0,"1",.,"A",.,"A",.,"A",.,"A",.,"A",.,"A",.,"A",.,"A",15,"D",.,"A",.,"A",.,"A",210,"D",.,"A",.,"A"
"20101",2215692,33,0,"1",.,"A",.,"A",.,"A",.,"A",120,"D",.,"A",.,"A",.,"A",.,"A",.,"A",.,"A",.,"A",.,"A",.,"A",.,"A"
"20101",2215702,32,0,"1",.,"A",.,"A",.,"A",.,"A",.,"A",.,"A",.,"A",.,"A",.,"A",.,"A",.,"A",.,"A",.,"A",.,"A",.,"A"
"20101",2215712,77,0,"1",.,"A",.,"A",.,"A",.,"A",.,"A",.,"A",.,"A",.,"A",.,"A",.,"A",.,"A",.,"A",175,"D",.,"A",.,"A"
"20101",2215732,40,0,"1",.,"A",.,"A",.,"A",.,"A",.,"A",.,"A",.,"A",.,"A",.,"A",.,"A",.,"A",.,"A",.,"A",.,"A",.,"A"
"20101",2215762,64,0,"1",.,"A",.,"A",.,"A",.,"A",.,"A",120,"D",.,"A",.,"A",.,"A",.,"A",.,"A",.,"A",100,"D",.,"A",.,"A"
"20101",2215772,57,0,"1",.,"A",.,"A",.,"A",.,"A",.,"A",.,"A",156,"D",.,"A",.,"A",.,"A",.,"A",.,"A",150,"D",.,"A",.,"A"
"20101",2215782,39,0,"1",.,"A",.,"A",.,"A",.,"A",.,"A",.,"A",.,"A",.,"A",.,"A",.,"A",.,"A",.,"A",600,"D",.,"A",.,"A"
"20101",2215792,25,0,"1",.,"A",.,"A",.,"A",.,"A",.,"A",.,"A",.,"A",.,"A",.,"A",.,"A",.,"A",.,"A",.,"A",.,"A",.,"A"
"20101",2215802,34,0,"1",.,"A",.,"A",.,"A",.,"A",.,"A",.,"A",.,"A",.,"A",.,"A",.,"A",.,"A",.,"A",.,"A",.,"A",.,"A"
"20101",2215812,29,0,"1",.,"A",.,"A",.,"A",.,"A",.,"A",.,"A",.,"A",.,"A",.,"A",.,"A",.,"A",.,"A",.,"A",.,"A",.,"A"
"20101",2215822,41,0,"1",.,"A",.,"A",.,"A",.,"A",.,"A",.,"A",.,"A",.,"A",.,"A",.,"A",.,"A",.,"A",45,"D",.,"A",.,"A"
"20101",2215832,52,0,"1",.,"A",.,"A",.,"A",.,"A",.,"A",.,"A",.,"A",.,"A",.,"A",.,"A",.,"A",.,"A",100,"D",.,"A",.,"A"
"20101",2215842,44,0,"1",.,"A",.,"A",.,"A",.,"A",.,"A",.,"A",.,"A",.,"A",.,"A",.,"A",.,"A",.,"A",90,"D",.,"A",.,"A"
"20101",2215862,57,0,"1",.,"A",.,"A",.,"A",.,"A",.,"A",.,"A",.,"A",.,"A",.,"A",.,"A",.,"A",.,"A",360,"D",.,"A",.,"A"
"20101",2215882,50,0,"1",.,"A",.,"A",.,"A",.,"A",.,"A",40,"D",.,"A",.,"A",.,"A",.,"A",.,"A",.,"A",100,"D",.,"A",.,"A"
"20101",2215892,40,0,"1",.,"A",.,"A",.,"A",.,"A",.,"A",.,"A",325,"D",.,"A",.,"A",.,"A",.,"A",.,"A",30,"D",.,"A",.,"A"
"20101",2215902,39,0,"1",.,"A",.,"A",.,"A",.,"A",.,"A",.,"A",.,"A",.,"A",.,"A",.,"A",.,"A",.,"A",30,"D",.,"A",.,"A"
"20101",2215912,50,0,"1",.,"A",.,"A",.,"A",.,"A",.,"A",.,"A",.,"A",.,"A",.,"A",.,"A",.,"A",.,"A",40,"D",.,"A",.,"A"
"20101",2215922,56,0,"1",.,"A",.,"A",.,"A",.,"A",.,"A",.,"A",.,"A",.,"A",.,"A",.,"A",.,"A",.,"A",20,"D",.,"A",.,"A"
"20101",2215942,101,0,"1",.,"A",.,"A",25,"D",.,"A",30,"D",65,"D",.,"A",.,"A",.,"A",.,"A",.,"A",.,"A",385,"D",.,"A",.,"A"
"20101",2215952,38,0,"1",.,"A",.,"A",.,"A",.,"A",42,"D",.,"A",.,"A",.,"A",.,"A",.,"A",.,"A",.,"A",20,"D",.,"A",.,"A"
"20101",2215962,38,0,"1",.,"A",.,"A",.,"A",.,"A",.,"A",.,"A",533,"D",.,"A",.,"A",.,"A",.,"A",.,"A",.,"A",.,"A",.,"A"
"20101",2215972,52,0,"1",.,"A",.,"A",.,"A",.,"A",.,"A",17,"F",130,"F",.,"A",.,"A",.,"A",.,"A",.,"A",61,"D",.,"A",.,"A"
"20101",2215992,67,0,"1",.,"A",.,"A",.,"A",.,"A",.,"A",40,"D",.,"A",.,"A",.,"A",.,"A",.,"A",.,"A",280,"D",.,"A",.,"A"
"20101",2216012,83,0,"1",.,"A",.,"A",.,"A",.,"A",.,"A",.,"A",.,"A",.,"A",3,"D",.,"A",.,"A",.,"A",155,"D",.,"A",.,"A"
"20101",2216022,56,0,"1",.,"A",.,"A",1,"D",.,"A",.,"A",.,"A",.,"A",.,"A",.,"A",.,"A",.,"A",.,"A",60,"D",.,"A",.,"A"
"20101",2216032,41,0,"1",.,"A",.,"A",.,"A",.,"A",.,"A",12,"D",.,"A",.,"A",.,"A",.,"A",.,"A",.,"A",36,"D",.,"A",.,"A"
"20101",2216052,80,0,"1",.,"A",.,"A",.,"A",.,"A",.,"A",25,"D",390,"D",.,"A",.,"A",.,"A",.,"A",.,"A",30,"D",.,"A",.,"A"
"20101",2216072,40,0,"1",.,"A",.,"A",.,"A",.,"A",.,"A",.,"A",.,"A",.,"A",.,"A",.,"A",.,"A",.,"A",8,"D",.,"A",.,"A"
"20101",2216082,36,0,"1",.,"A",.,"A",.,"A",.,"A",800,"D",.,"A",.,"A",.,"A",.,"A",360,"D",0,"D",0,"D",450,"D",120,"D",.,"A"
"20101",2216113,40,0,"1",.,"A",.,"A",.,"A",.,"A",.,"A",60,"D",.,"A",.,"A",.,"A",.,"A",.,"A",.,"A",20,"D",.,"A",.,"A"
"20101",2216122,43,0,"1",.,"A",.,"A",.,"A",.,"A",.,"A",.,"A",.,"A",.,"A",.,"A",.,"A",.,"A",.,"A",20,"D",.,"A",.,"A"
"20101",2216152,51,0,"1",.,"A",.,"A",.,"A",.,"A",.,"A",.,"A",260,"D",.,"A",.,"A",.,"A",.,"A",.,"A",150,"D",.,"A",.,"A"
"20101",2216162,75,0,"1",.,"A",.,"A",.,"A",.,"A",.,"A",50,"D",.,"A",.,"A",.,"A",.,"A",.,"A",.,"A",100,"D",.,"A",.,"A"
"20101",2216172,59,0,"1",12,"D",.,"A",.,"A",.,"A",10,"D",.,"A",.,"A",.,"A",.,"A",.,"A",.,"A",.,"A",12,"D",.,"A",.,"A"
"20101",2216182,36,0,"1",.,"A",.,"A",.,"A",.,"A",.,"A",.,"A",520,"D",.,"A",.,"A",45,"D",0,"D",0,"D",.,"A",15,"D",.,"A"
"20101",2216202,31,0,"1",.,"A",.,"A",.,"A",.,"A",.,"A",.,"A",.,"A",.,"A",.,"A",.,"A",.,"A",.,"A",.,"A",.,"A",.,"A"
"20101",2216222,41,0,"1",.,"A",.,"A",.,"A",.,"A",.,"A",.,"A",.,"A",.,"A",.,"A",.,"A",.,"A",.,"A",.,"A",.,"A",.,"A"
"20101",2216232,65,0,"1",.,"A",.,"A",.,"A",.,"A",.,"A",.,"A",.,"A",.,"A",.,"A",.,"A",.,"A",.,"A",30,"D",.,"A",.,"A"
"20101",2216242,38,0,"1",.,"A",.,"A",.,"A",.,"A",.,"A",.,"A",.,"A",.,"A",.,"A",.,"A",.,"A",.,"A",120,"D",.,"A",.,"A"
"20101",2216252,117,0,"1",.,"A",.,"A",.,"A",.,"A",.,"A",.,"A",780,"D",.,"A",.,"A",.,"A",.,"A",.,"A",220,"D",.,"A",.,"A"
"20101",2216282,80,0,"1",.,"A",.,"A",.,"A",.,"A",.,"A",9,"D",.,"A",.,"A",.,"A",.,"A",.,"A",.,"A",120,"D",.,"A",.,"A"
"20101",2216292,54,0,"1",.,"A",.,"A",.,"A",.,"A",.,"A",.,"A",.,"A",.,"A",.,"A",.,"A",.,"A",.,"A",55,"D",.,"A",.,"A"
"20101",2216322,42,0,"1",.,"A",.,"A",.,"A",.,"A",.,"A",.,"A",.,"A",.,"A",.,"A",.,"A",.,"A",.,"A",.,"A",.,"A",.,"A"
"20101",2216342,108,0,"1",.,"A",.,"A",.,"A",.,"A",.,"A",.,"A",.,"A",.,"A",.,"A",.,"A",.,"A",.,"A",60,"D",.,"A",.,"A"
"20101",2216352,44,0,"1",.,"A",.,"A",.,"A",.,"A",.,"A",.,"A",.,"A",.,"A",.,"A",.,"A",.,"A",.,"A",70,"D",.,"A",.,"A"
"20101",2216362,23,0,"1",.,"A",.,"A",.,"A",.,"A",60,"D",.,"A",.,"A",.,"A",.,"A",.,"A",.,"A",.,"A",.,"A",.,"A",.,"A"
"20101",2216382,51,0,"1",.,"A",.,"A",.,"A",.,"A",.,"A",.,"A",.,"A",.,"A",.,"A",.,"A",.,"A",.,"A",150,"D",.,"A",.,"A"
"20101",2216422,30,0,"1",.,"A",.,"A",.,"A",.,"A",.,"A",.,"A",.,"A",.,"A",.,"A",.,"A",.,"A",.,"A",.,"A",.,"A",.,"A"
"20101",2216442,77,0,"1",.,"A",.,"A",.,"A",.,"A",.,"A",50,"D",.,"A",.,"A",.,"A",.,"A",.,"A",.,"A",45,"D",.,"A",.,"A"
"20101",2216452,39,0,"1",.,"A",.,"A",.,"A",.,"A",.,"A",.,"A",455,"D",.,"A",.,"A",.,"A",.,"A",.,"A",.,"A",.,"A",.,"A"
"20101",2216462,57,0,"1",.,"A",.,"A",.,"A",.,"A",.,"A",.,"A",.,"A",.,"A",.,"A",.,"A",.,"A",.,"A",120,"D",.,"A",.,"A"
"20101",2216492,81,0,"1",.,"A",.,"A",60,"D",.,"A",.,"A",.,"A",.,"A",.,"A",.,"A",.,"A",.,"A",.,"A",240,"D",.,"A",.,"A"
"20101",2216502,105,0,"1",.,"A",.,"A",25,"D",.,"A",.,"A",.,"A",.,"A",.,"A",.,"A",.,"A",.,"A",.,"A",240,"D",.,"A",.,"A"
"20101",2216512,53,0,"1",.,"A",.,"A",.,"A",.,"A",.,"A",.,"A",.,"A",.,"A",.,"A",.,"A",.,"A",.,"A",30,"D",.,"A",.,"A"
"20101",2216524,39,0,"1",.,"A",.,"A",.,"A",.,"A",.,"A",.,"A",26,"D",.,"A",.,"A",.,"A",.,"A",.,"A",.,"A",.,"A",.,"A"
"20101",2216552,33,0,"1",0,"F",.,"A",.,"A",43,"D",120,"F",.,"A",.,"A",.,"A",.,"A",0,"D",0,"D",267,"F",15,"D",0,"D",.,"A"
"20101",2216562,46,0,"1",.,"A",.,"A",.,"A",.,"A",.,"A",.,"A",.,"A",.,"A",.,"A",.,"A",.,"A",.,"A",.,"A",.,"A",.,"A"
"20101",2216572,59,0,"1",.,"A",.,"A",.,"A",.,"A",.,"A",.,"A",.,"A",.,"A",15,"D",.,"A",.,"A",.,"A",.,"A",.,"A",.,"A"
"20101",2216582,71,0,"1",.,"A",.,"A",.,"A",.,"A",.,"A",500,"D",.,"A",.,"A",.,"A",.,"A",.,"A",.,"A",900,"D",.,"A",.,"A"
"20101",2216602,46,0,"1",.,"A",.,"A",.,"A",.,"A",.,"A",.,"A",6500,"D",.,"A",.,"A",.,"A",.,"A",.,"A",150,"D",.,"A",.,"A"
"20101",2216612,45,0,"1",.,"A",.,"A",.,"A",.,"A",.,"A",130,"D",.,"A",.,"A",24,"D",.,"A",.,"A",.,"A",225,"D",.,"A",.,"A"
"20101",2216622,42,0,"1",.,"A",.,"A",.,"A",.,"A",.,"A",.,"A",.,"A",.,"A",.,"A",.,"A",.,"A",.,"A",60,"D",.,"A",.,"A"
"20101",2216635,53,0,"1",.,"A",.,"A",.,"A",.,"A",.,"A",.,"A",.,"A",.,"A",.,"A",.,"A",.,"A",.,"A",47,"D",.,"A",.,"A"
"20101",2216645,49,0,"1",.,"A",.,"A",.,"A",.,"A",.,"A",.,"A",.,"A",.,"A",.,"A",.,"A",.,"A",.,"A",75,"D",.,"A",.,"A"
"20101",2216652,35,0,"1",.,"A",.,"A",.,"A",.,"A",.,"A",.,"A",.,"A",.,"A",.,"A",.,"A",.,"A",.,"A",.,"A",.,"A",.,"A"
"20101",2216672,44,0,"1",.,"A",.,"A",.,"A",.,"A",.,"A",.,"A",.,"A",.,"A",.,"A",.,"A",.,"A",.,"A",.,"A",.,"A",.,"A"
"20101",2216692,69,0,"1",.,"A",.,"A",.,"A",147,"D",.,"A",.,"A",.,"A",.,"A",.,"A",.,"A",.,"A",.,"A",.,"A",.,"A",.,"A"
"20101",2216702,70,0,"1",.,"A",.,"A",.,"A",.,"A",.,"A",50,"D",.,"A",.,"A",.,"A",.,"A",.,"A",.,"A",150,"D",.,"A",.,"A"
"20101",2216712,28,0,"1",.,"A",.,"A",.,"A",.,"A",.,"A",.,"A",.,"A",.,"A",.,"A",.,"A",.,"A",.,"A",.,"A",.,"A",.,"A"
"20101",2216722,54,0,"1",.,"A",.,"A",.,"A",.,"A",.,"A",.,"A",91,"D",.,"A",6,"D",.,"A",.,"A",.,"A",45,"D",.,"A",.,"A"
"20101",2216742,71,0,"1",.,"A",.,"A",.,"A",.,"A",.,"A",.,"A",.,"A",.,"A",.,"A",.,"A",.,"A",.,"A",.,"A",.,"A",.,"A"
"20101",2216762,33,0,"1",.,"A",.,"A",.,"A",.,"A",130,"D",.,"A",260,"D",.,"A",.,"A",0,"D",0,"D",30,"D",12,"D",0,"D",.,"A"
"20101",2216772,63,0,"1",.,"A",.,"A",.,"A",.,"A",.,"A",.,"A",.,"A",.,"A",.,"A",.,"A",.,"A",.,"A",70,"D",.,"A",.,"A"
"20101",2216782,35,0,"1",.,"A",.,"A",.,"A",.,"A",21,"D",.,"A",.,"A",.,"A",.,"A",.,"A",.,"A",.,"A",10,"D",.,"A",.,"A"
"20101",2216792,67,0,"1",.,"A",.,"A",.,"A",.,"A",.,"A",.,"A",.,"A",.,"A",.,"A",.,"A",.,"A",.,"A",200,"D",.,"A",.,"A"
"20101",2216812,46,0,"1",.,"A",.,"A",.,"A",.,"A",.,"A",.,"A",.,"A",.,"A",.,"A",.,"A",.,"A",.,"A",.,"A",.,"A",.,"A"
"20101",2216822,77,0,"1",.,"A",.,"A",.,"A",.,"A",.,"A",30,"D",.,"A",.,"A",.,"A",.,"A",.,"A",.,"A",24,"D",.,"A",.,"A"
"20101",2216832,49,0,"1",.,"A",.,"A",.,"A",.,"A",.,"A",.,"A",.,"A",.,"A",.,"A",.,"A",.,"A",.,"A",126,"D",.,"A",.,"A"
"20101",2216842,31,0,"1",.,"A",.,"A",.,"A",.,"A",60,"D",.,"A",260,"D",.,"A",.,"A",.,"A",.,"A",.,"A",.,"A",.,"A",.,"A"
"20101",2216852,43,0,"1",20,"D",.,"A",.,"A",.,"A",70,"D",.,"A",.,"A",.,"A",.,"A",.,"A",.,"A",.,"A",.,"A",.,"A",.,"A"
"20101",2216862,53,0,"1",.,"A",.,"A",.,"A",.,"A",.,"A",.,"A",.,"A",.,"A",.,"A",.,"A",.,"A",.,"A",60,"D",.,"A",.,"A"
"20101",2216902,37,0,"1",.,"A",.,"A",.,"A",.,"A",.,"A",.,"A",.,"A",.,"A",.,"A",.,"A",.,"A",.,"A",80,"D",.,"A",.,"A"
"20101",2216912,33,0,"1",.,"A",.,"A",.,"A",.,"A",.,"A",.,"A",260,"D",.,"A",.,"A",.,"A",.,"A",.,"A",.,"A",.,"A",.,"A"
"20101",2216922,59,0,"1",.,"A",.,"A",32,"D",.,"A",.,"A",30,"D",.,"A",.,"A",168,"D",.,"A",.,"A",.,"A",75,"D",.,"A",.,"A"
"20101",2216952,44,0,"1",80,"D",.,"A",.,"A",300,"D",100,"D",.,"A",.,"A",.,"A",.,"A",60,"D",0,"D",0,"D",.,"A",20,"D",.,"A"
"20101",2216962,54,0,"1",30,"D",.,"A",.,"A",.,"A",30,"D",.,"A",.,"A",.,"A",.,"A",.,"A",.,"A",.,"A",60,"D",.,"A",.,"A"
"20101",2216972,26,0,"1",.,"A",.,"A",.,"A",.,"A",.,"A",.,"A",.,"A",.,"A",.,"A",.,"A",.,"A",.,"A",.,"A",.,"A",.,"A"
"20101",2216992,38,0,"1",.,"A",.,"A",.,"A",.,"A",.,"A",25,"D",.,"A",.,"A",.,"A",.,"A",.,"A",.,"A",.,"A",.,"A",.,"A"
"20101",2217012,45,0,"1",.,"A",.,"A",.,"A",.,"A",.,"A",.,"A",.,"A",.,"A",.,"A",.,"A",.,"A",.,"A",95,"D",.,"A",.,"A"
"20101",2217042,33,0,"1",.,"A",.,"A",.,"A",.,"A",120,"D",.,"A",260,"D",.,"A",.,"A",.,"A",.,"A",.,"A",30,"D",.,"A",.,"A"
"20101",2217052,32,0,"1",.,"A",.,"A",.,"A",.,"A",.,"A",.,"A",.,"A",.,"A",.,"A",.,"A",.,"A",.,"A",75,"D",.,"A",.,"A"
"20101",2217062,59,0,"1",.,"A",.,"A",.,"A",.,"A",.,"A",.,"A",.,"A",.,"A",.,"A",.,"A",.,"A",.,"A",30,"D",.,"A",.,"A"
"20101",2217082,52,0,"1",.,"A",.,"A",.,"A",.,"A",.,"A",.,"A",.,"A",.,"A",15,"D",.,"A",.,"A",.,"A",30,"D",.,"A",.,"A"
"20101",2217092,88,0,"1",.,"A",.,"A",.,"A",.,"A",.,"A",.,"A",.,"A",.,"A",.,"A",.,"A",.,"A",.,"A",100,"D",.,"A",.,"A"
"20101",2217102,25,0,"1",.,"A",.,"A",.,"A",.,"A",.,"A",.,"A",.,"A",.,"A",.,"A",.,"A",.,"A",.,"A",.,"A",.,"A",.,"A"
"20101",2217112,37,0,"1",.,"A",.,"A",.,"A",.,"A",.,"A",.,"A",.,"A",.,"A",.,"A",.,"A",.,"A",.,"A",.,"A",.,"A",.,"A"
"20101",2217122,58,0,"1",.,"A",.,"A",.,"A",.,"A",.,"A",.,"A",.,"A",.,"A",.,"A",.,"A",.,"A",.,"A",200,"D",.,"A",.,"A"
"20101",2217132,42,0,"1",.,"A",.,"A",.,"A",.,"A",.,"A",.,"A",.,"A",.,"A",.,"A",.,"A",.,"A",.,"A",.,"A",.,"A",.,"A"
"20101",2217152,60,0,"1",.,"A",.,"A",.,"A",.,"A",.,"A",.,"A",.,"A",.,"A",30,"D",.,"A",.,"A",.,"A",125,"D",.,"A",.,"A"
"20101",2217172,31,0,"1",.,"A",.,"A",.,"A",.,"A",.,"A",.,"A",546,"D",.,"A",.,"A",.,"A",.,"A",.,"A",.,"A",.,"A",.,"A"
"20101",2217192,42,0,"1",.,"A",.,"A",.,"A",.,"A",.,"A",66,"D",.,"A",.,"A",.,"A",.,"A",.,"A",.,"A",.,"A",.,"A",.,"A"
"20101",2217202,40,0,"1",.,"A",.,"A",.,"A",.,"A",.,"A",.,"A",.,"A",.,"A",.,"A",0,"D",0,"D",0,"D",90,"D",0,"D",.,"A"
"20101",2217212,71,0,"1",.,"A",.,"A",.,"A",.,"A",.,"A",.,"A",.,"A",.,"A",.,"A",.,"A",.,"A",.,"A",120,"D",.,"A",.,"A"
"20101",2217252,51,0,"1",.,"A",.,"A",.,"A",.,"A",.,"A",.,"A",.,"A",.,"A",.,"A",.,"A",.,"A",.,"A",15,"D",.,"A",.,"A"
"20101",2217262,66,0,"1",.,"A",.,"A",.,"A",.,"A",.,"A",.,"A",.,"A",.,"A",.,"A",.,"A",.,"A",.,"A",80,"D",.,"A",.,"A"
"20101",2217272,48,0,"1",.,"A",.,"A",.,"A",.,"A",.,"A",.,"A",520,"D",.,"A",.,"A",.,"A",.,"A",.,"A",.,"A",.,"A",.,"A"
"20101",2217282,50,0,"1",.,"A",.,"A",.,"A",.,"A",.,"A",.,"A",.,"A",.,"A",.,"A",.,"A",.,"A",.,"A",30,"D",.,"A",.,"A"
"20101",2217292,36,0,"1",.,"A",.,"A",.,"A",.,"A",.,"A",.,"A",.,"A",.,"A",96,"D",.,"A",.,"A",.,"A",.,"A",.,"A",.,"A"
"20101",2217312,58,0,"1",.,"A",.,"A",.,"A",.,"A",.,"A",.,"A",.,"A",.,"A",.,"A",.,"A",.,"A",.,"A",.,"A",.,"A",.,"A"
"20101",2217322,42,0,"1",.,"A",.,"A",.,"A",.,"A",.,"A",.,"A",.,"A",.,"A",.,"A",.,"A",.,"A",.,"A",.,"A",.,"A",.,"A"
"20101",2217332,47,0,"1",.,"A",.,"A",.,"A",.,"A",.,"A",.,"A",.,"A",.,"A",12,"D",108,"D",0,"D",0,"D",130,"D",36,"D",36,"D"
"20101",2217342,62,0,"1",.,"A",.,"A",.,"A",.,"A",.,"A",.,"A",.,"A",.,"A",.,"A",.,"A",.,"A",.,"A",.,"A",.,"A",.,"A"
"20101",2217362,48,0,"1",.,"A",.,"A",.,"A",.,"A",.,"A",.,"A",.,"A",.,"A",.,"A",.,"A",.,"A",.,"A",.,"A",.,"A",.,"A"
"20101",2217372,42,0,"1",.,"A",.,"A",.,"A",.,"A",75,"D",.,"A",195,"D",.,"A",.,"A",.,"A",.,"A",.,"A",20,"D",.,"A",.,"A"
"20101",2217382,100,0,"1",.,"A",.,"A",.,"A",.,"A",.,"A",.,"A",.,"A",91,"D",24,"D",.,"A",.,"A",.,"A",125,"D",.,"A",.,"A"
"20101",2217392,54,0,"1",.,"A",.,"A",.,"A",.,"A",.,"A",.,"A",.,"A",.,"A",30,"D",.,"A",.,"A",.,"A",40,"D",.,"A",.,"A"
"20101",2217402,33,0,"1",.,"A",.,"A",.,"A",.,"A",.,"A",.,"A",.,"A",.,"A",.,"A",.,"A",.,"A",.,"A",.,"A",.,"A",.,"A"
"20101",2217412,30,0,"1",.,"A",.,"A",.,"A",.,"A",.,"A",.,"A",.,"A",.,"A",.,"A",.,"A",.,"A",.,"A",.,"A",.,"A",.,"A"
"20101",2217422,78,0,"1",.,"A",.,"A",.,"A",.,"A",.,"A",.,"A",.,"A",.,"A",.,"A",.,"A",.,"A",.,"A",120,"D",.,"A",.,"A"
"20101",2217432,33,0,"1",.,"A",.,"A",.,"A",.,"A",.,"A",.,"A",.,"A",.,"A",.,"A",.,"A",.,"A",.,"A",.,"A",.,"A",.,"A"
"20101",2217462,64,0,"1",.,"A",.,"A",.,"A",.,"A",.,"A",.,"A",.,"A",.,"A",.,"A",.,"A",.,"A",.,"A",440,"D",.,"A",.,"A"
"20101",2217472,32,0,"1",40,"D",.,"A",.,"A",.,"A",60,"D",.,"A",.,"A",.,"A",.,"A",.,"A",.,"A",.,"A",.,"A",.,"A",.,"A"
"20101",2217482,37,0,"1",.,"A",.,"A",.,"A",.,"A",.,"A",.,"A",.,"A",.,"A",.,"A",.,"A",.,"A",.,"A",.,"A",.,"A",.,"A"
"20101",2217502,64,0,"1",.,"A",.,"A",.,"A",.,"A",.,"A",70,"D",.,"A",.,"A",.,"A",.,"A",.,"A",.,"A",300,"D",.,"A",.,"A"
"20101",2217532,129,0,"1",10,"D",.,"A",.,"A",.,"A",0,"D",15,"D",.,"A",195,"D",.,"A",.,"A",.,"A",.,"A",320,"D",.,"A",.,"A"
"20101",2217542,50,0,"1",.,"A",.,"A",.,"A",.,"A",.,"A",.,"A",.,"A",.,"A",.,"A",.,"A",.,"A",.,"A",100,"D",.,"A",.,"A"
"20101",2217553,48,0,"1",.,"A",.,"A",.,"A",.,"A",.,"A",.,"A",260,"D",.,"A",.,"A",.,"A",.,"A",.,"A",15,"D",.,"A",.,"A"
"20101",2217562,72,0,"1",.,"A",.,"A",.,"A",.,"A",.,"A",.,"A",.,"A",.,"A",.,"A",.,"A",.,"A",.,"A",.,"A",.,"A",.,"A"
"20101",2217622,49,0,"1",.,"A",5,"D",.,"A",.,"A",.,"A",15,"D",.,"A",.,"A",.,"A",.,"A",.,"A",.,"A",.,"A",.,"A",.,"A"
"20101",2217682,49,0,"1",.,"A",.,"A",.,"A",.,"A",.,"A",.,"A",.,"A",.,"A",3,"D",.,"A",.,"A",.,"A",36,"D",.,"A",.,"A"
"20101",2217692,57,0,"1",.,"A",.,"A",.,"A",.,"A",150,"D",15,"D",.,"A",.,"A",.,"A",.,"A",.,"A",.,"A",120,"D",.,"A",.,"A"
"20101",2217702,67,0,"1",.,"A",.,"A",.,"A",.,"A",.,"A",.,"A",520,"D",.,"A",.,"A",.,"A",.,"A",.,"A",250,"D",.,"A",.,"A"
"20101",2217722,49,0,"1",.,"A",.,"A",.,"A",.,"A",.,"A",.,"A",65,"D",.,"A",.,"A",.,"A",.,"A",.,"A",.,"A",.,"A",.,"A"
"20101",2217732,59,0,"1",.,"A",.,"A",.,"A",.,"A",.,"A",.,"A",1430,"D",.,"A",.,"A",.,"A",.,"A",.,"A",81,"D",.,"A",.,"A"
"20101",2217742,38,0,"1",.,"A",.,"A",.,"A",.,"A",.,"A",.,"A",.,"A",.,"A",.,"A",.,"A",.,"A",.,"A",75,"D",.,"A",.,"A"
"20101",2217752,37,0,"1",.,"A",.,"A",.,"A",.,"A",.,"A",.,"A",182,"D",.,"A",.,"A",.,"A",.,"A",.,"A",42,"D",.,"A",.,"A"
"20101",2217772,62,0,"1",.,"A",.,"A",.,"A",.,"A",.,"A",.,"A",.,"A",.,"A",.,"A",.,"A",.,"A",.,"A",.,"A",.,"A",.,"A"
"20101",2217782,28,0,"1",.,"A",.,"A",.,"A",.,"A",25,"D",.,"A",.,"A",.,"A",.,"A",.,"A",.,"A",.,"A",60,"D",.,"A",.,"A"
"20101",2217792,61,0,"1",.,"A",.,"A",.,"A",.,"A",.,"A",.,"A",195,"D",.,"A",.,"A",.,"A",.,"A",.,"A",300,"D",.,"A",.,"A"
"20101",2217812,27,0,"1",.,"A",.,"A",.,"A",.,"A",.,"A",.,"A",.,"A",.,"A",.,"A",.,"A",.,"A",.,"A",.,"A",.,"A",.,"A"
"20101",2217822,45,0,"1",.,"A",.,"A",.,"A",.,"A",.,"A",.,"A",.,"A",.,"A",.,"A",.,"A",.,"A",.,"A",60,"D",.,"A",.,"A"
"20101",2217832,25,0,"1",.,"A",.,"A",.,"A",.,"A",.,"A",.,"A",.,"A",.,"A",.,"A",309,"D",0,"D",0,"D",.,"A",103,"D",.,"A"
"20101",2217852,76,0,"1",.,"A",.,"A",.,"A",.,"A",.,"A",.,"A",.,"A",.,"A",12,"D",.,"A",.,"A",.,"A",.,"A",.,"A",.,"A"
"20101",2217872,53,0,"1",.,"A",.,"A",.,"A",.,"A",.,"A",.,"A",.,"A",.,"A",.,"A",.,"A",.,"A",.,"A",310,"D",.,"A",.,"A"
"20101",2217895,58,0,"1",.,"A",.,"A",.,"A",.,"A",.,"A",.,"A",.,"A",.,"A",.,"A",.,"A",.,"A",.,"A",80,"D",.,"A",.,"A"
"20101",2217912,44,0,"1",.,"A",.,"A",.,"A",.,"A",.,"A",.,"A",26,"D",.,"A",300,"D",.,"A",.,"A",.,"A",.,"A",.,"A",.,"A"
"20101",2217922,47,0,"1",.,"A",.,"A",.,"A",.,"A",.,"A",.,"A",.,"A",.,"A",.,"A",.,"A",.,"A",.,"A",80,"D",.,"A",.,"A"
"20101",2217952,40,0,"1",.,"A",.,"A",.,"A",20,"D",.,"A",.,"A",.,"A",.,"A",.,"A",0,"D",0,"D",18,"D",15,"D",0,"D",.,"A"
"20101",2217962,60,0,"1",.,"A",.,"A",.,"A",.,"A",16,"D",.,"A",.,"A",.,"A",.,"A",.,"A",.,"A",.,"A",35,"D",.,"A",.,"A"
"20101",2217972,51,0,"1",.,"A",.,"A",.,"A",.,"A",.,"A",.,"A",.,"A",.,"A",.,"A",.,"A",.,"A",.,"A",12,"D",.,"A",.,"A"
"20101",2217982,104,0,"1",.,"A",.,"A",.,"A",.,"A",.,"A",.,"A",.,"A",.,"A",.,"A",.,"A",.,"A",.,"A",200,"D",.,"A",.,"A"
"20101",2217992,48,0,"1",.,"A",.,"A",.,"A",.,"A",36,"D",10,"D",.,"A",.,"A",.,"A",.,"A",.,"A",.,"A",200,"D",.,"A",.,"A"
"20101",2218002,51,0,"1",.,"A",.,"A",.,"A",.,"A",.,"A",.,"A",.,"A",65,"D",.,"A",.,"A",.,"A",.,"A",54,"D",.,"A",.,"A"
"20101",2218022,48,0,"1",.,"A",.,"A",.,"A",.,"A",.,"A",.,"A",260,"D",.,"A",.,"A",.,"A",.,"A",.,"A",70,"D",.,"A",.,"A"
"20101",2218052,58,0,"1",.,"A",.,"A",.,"A",.,"A",.,"A",10,"D",.,"A",.,"A",.,"A",.,"A",.,"A",.,"A",120,"D",.,"A",.,"A"
"20101",2218062,26,0,"1",.,"A",.,"A",.,"A",.,"A",.,"A",.,"A",.,"A",.,"A",.,"A",.,"A",.,"A",.,"A",.,"A",.,"A",.,"A"
"20101",2218072,43,0,"1",.,"A",.,"A",.,"A",.,"A",.,"A",.,"A",.,"A",.,"A",.,"A",.,"A",.,"A",.,"A",.,"A",.,"A",.,"A"
"20101",2218082,28,0,"1",.,"A",.,"A",.,"A",.,"A",.,"A",.,"A",.,"A",.,"A",.,"A",.,"A",.,"A",.,"A",40,"D",.,"A",.,"A"
"20101",2218092,35,0,"1",.,"A",.,"A",.,"A",.,"A",9,"D",.,"A",.,"A",.,"A",.,"A",.,"A",.,"A",.,"A",.,"A",.,"A",.,"A"
"20101",2218102,34,0,"1",.,"A",.,"A",.,"A",.,"A",.,"A",.,"A",.,"A",.,"A",.,"A",.,"A",.,"A",.,"A",.,"A",.,"A",.,"A"
"20101",2218112,45,0,"1",.,"A",.,"A",.,"A",.,"A",120,"D",.,"A",.,"A",.,"A",.,"A",.,"A",.,"A",.,"A",.,"A",.,"A",.,"A"
"20101",2218122,72,0,"1",.,"A",.,"A",.,"A",.,"A",.,"A",.,"A",260,"D",.,"A",.,"A",.,"A",.,"A",.,"A",200,"D",.,"A",.,"A"
"20101",2218132,39,0,"1",.,"A",.,"A",50,"D",.,"A",.,"A",.,"A",.,"A",.,"A",.,"A",.,"A",.,"A",.,"A",45,"D",.,"A",.,"A"
"20101",2218144,26,0,"1",.,"A",.,"A",.,"A",.,"A",.,"A",.,"A",.,"A",.,"A",.,"A",0,"D",0,"D",27,"D",35,"D",0,"D",.,"A"
"20101",2218152,33,0,"1",.,"A",.,"A",.,"A",.,"A",.,"A",.,"A",.,"A",.,"A",.,"A",.,"A",.,"A",.,"A",.,"A",.,"A",.,"A"
"20101",2218162,56,0,"1",.,"A",.,"A",.,"A",.,"A",.,"A",.,"A",.,"A",.,"A",.,"A",.,"A",.,"A",.,"A",20,"D",.,"A",.,"A"
"20101",2218172,43,0,"1",.,"A",.,"A",.,"A",.,"A",.,"A",12,"D",.,"A",.,"A",.,"A",.,"A",.,"A",.,"A",56,"D",.,"A",.,"A"
"20101",2218182,39,0,"1",.,"A",.,"A",.,"A",.,"A",.,"A",.,"A",.,"A",.,"A",.,"A",.,"A",.,"A",.,"A",30,"D",.,"A",.,"A"
"20101",2218192,36,0,"1",.,"A",.,"A",.,"A",.,"A",.,"A",.,"A",.,"A",.,"A",.,"A",.,"A",.,"A",.,"A",18,"D",.,"A",.,"A"
"20101",2218202,76,0,"1",.,"A",.,"A",.,"A",.,"A",.,"A",67,"D",.,"A",.,"A",.,"A",.,"A",.,"A",.,"A",60,"D",.,"A",.,"A"
"20101",2218212,91,0,"1",.,"A",.,"A",.,"A",.,"A",.,"A",600,"D",.,"A",.,"A",.,"A",0,"D",0,"D",30,"D",1305,"D",0,"D",.,"A"
"20101",2218222,51,0,"1",.,"A",.,"A",.,"A",.,"A",.,"A",.,"A",.,"A",.,"A",.,"A",.,"A",.,"A",.,"A",.,"A",.,"A",.,"A"
"20101",2218232,45,0,"1",.,"A",.,"A",.,"A",.,"A",.,"A",.,"A",.,"A",.,"A",.,"A",.,"A",.,"A",.,"A",31,"D",.,"A",.,"A"
"20101",2218242,31,0,"1",.,"A",.,"A",.,"A",.,"A",.,"A",.,"A",.,"A",.,"A",.,"A",.,"A",.,"A",.,"A",58,"D",.,"A",.,"A"
"20101",2218252,29,0,"1",.,"A",.,"A",.,"A",.,"A",.,"A",.,"A",.,"A",.,"A",.,"A",.,"A",.,"A",.,"A",.,"A",.,"A",.,"A"
"20101",2218272,50,0,"1",.,"A",.,"A",.,"A",.,"A",.,"A",.,"A",.,"A",.,"A",.,"A",.,"A",.,"A",.,"A",.,"A",.,"A",.,"A"
"20101",2218282,53,0,"1",.,"A",.,"A",.,"A",.,"A",.,"A",.,"A",.,"A",.,"A",.,"A",.,"A",.,"A",.,"A",10,"D",.,"A",.,"A"
"20101",2218292,28,0,"1",.,"A",.,"A",.,"A",.,"A",45,"D",.,"A",390,"D",.,"A",.,"A",.,"A",.,"A",.,"A",.,"A",.,"A",.,"A"
"20101",2218312,27,0,"1",.,"A",.,"A",.,"A",.,"A",20,"D",.,"A",.,"A",.,"A",.,"A",.,"A",.,"A",.,"A",.,"A",.,"A",.,"A"
"20101",2218332,34,0,"1",0,"F",.,"A",100,"D",.,"A",240,"F",240,"D",.,"A",.,"A",.,"A",.,"A",.,"A",.,"A",120,"D",.,"A",.,"A"
"20101",2218342,63,0,"1",.,"A",.,"A",.,"A",.,"A",.,"A",.,"A",.,"A",.,"A",.,"A",.,"A",.,"A",.,"A",20,"D",.,"A",.,"A"
"20101",2218352,30,0,"1",.,"A",.,"A",.,"A",.,"A",.,"A",.,"A",.,"A",.,"A",.,"A",.,"A",.,"A",.,"A",.,"A",.,"A",.,"A"
"20101",2218362,30,0,"1",.,"A",.,"A",.,"A",.,"A",30,"D",.,"A",.,"A",.,"A",.,"A",.,"A",.,"A",.,"A",120,"D",.,"A",.,"A"
"20101",2218372,41,0,"1",.,"A",.,"A",.,"A",.,"A",.,"A",.,"A",390,"D",.,"A",.,"A",.,"A",.,"A",.,"A",200,"D",.,"A",.,"A"
"20101",2218382,50,0,"1",.,"A",.,"A",.,"A",.,"A",.,"A",.,"A",130,"D",.,"A",.,"A",.,"A",.,"A",.,"A",.,"A",.,"A",.,"A"
"20101",2218392,60,0,"1",.,"A",.,"A",.,"A",.,"A",.,"A",.,"A",.,"A",.,"A",.,"A",.,"A",.,"A",.,"A",70,"D",.,"A",.,"A"
"20101",2218412,110,0,"1",.,"A",.,"A",.,"A",.,"A",.,"A",.,"A",.,"A",.,"A",.,"A",.,"A",.,"A",.,"A",120,"D",.,"A",.,"A"
"20101",2218422,53,0,"1",.,"A",.,"A",.,"A",.,"A",.,"A",.,"A",.,"A",.,"A",.,"A",.,"A",.,"A",.,"A",30,"D",.,"A",.,"A"
"20101",2218432,35,0,"1",.,"A",.,"A",.,"A",.,"A",.,"A",.,"A",.,"A",.,"A",.,"A",.,"A",.,"A",.,"A",10,"D",.,"A",.,"A"
"20101",2218452,60,0,"1",.,"A",.,"A",.,"A",.,"A",.,"A",.,"A",.,"A",.,"A",.,"A",.,"A",.,"A",.,"A",80,"D",.,"A",.,"A"
"20101",2218462,44,0,"1",.,"A",.,"A",.,"A",.,"A",.,"A",.,"A",.,"A",.,"A",.,"A",.,"A",.,"A",.,"A",.,"A",.,"A",.,"A"
"20101",2218492,40,0,"1",.,"A",.,"A",.,"A",.,"A",20,"D",.,"A",.,"A",.,"A",.,"A",.,"A",.,"A",.,"A",90,"D",.,"A",.,"A"
"20101",2218522,79,0,"1",.,"A",.,"A",.,"A",.,"A",.,"A",.,"A",.,"A",.,"A",.,"A",.,"A",.,"A",.,"A",70,"D",.,"A",.,"A"
"20101",2218532,29,0,"1",.,"A",.,"A",.,"A",.,"A",.,"A",.,"A",325,"D",.,"A",.,"A",.,"A",.,"A",.,"A",.,"A",.,"A",.,"A"
"20101",2218544,48,0,"1",.,"A",.,"A",.,"A",.,"A",.,"A",10,"D",.,"A",.,"A",.,"A",.,"A",.,"A",.,"A",45,"D",.,"A",.,"A"
"20101",2218562,52,0,"1",.,"A",.,"A",.,"A",.,"A",.,"A",.,"A",.,"A",.,"A",.,"A",.,"A",.,"A",.,"A",120,"D",.,"A",.,"A"
"20101",2218572,89,0,"1",.,"A",.,"A",.,"A",.,"A",.,"A",.,"A",.,"A",.,"A",.,"A",.,"A",.,"A",.,"A",.,"A",.,"A",.,"A"
"20101",2218582,47,0,"1",.,"A",.,"A",.,"A",.,"A",30,"D",.,"A",650,"D",.,"A",.,"A",.,"A",.,"A",.,"A",30,"D",.,"A",.,"A"
"20101",2218592,42,0,"1",.,"A",.,"A",.,"A",.,"A",.,"A",.,"A",.,"A",.,"A",.,"A",.,"A",.,"A",.,"A",84,"D",.,"A",.,"A"
"20101",2218602,53,0,"1",.,"A",.,"A",.,"A",.,"A",.,"A",.,"A",910,"D",.,"A",.,"A",.,"A",.,"A",.,"A",.,"A",.,"A",.,"A"
"20101",2218623,43,0,"1",0,"F",.,"A",.,"A",.,"A",98,"F",.,"A",.,"A",.,"A",.,"A",.,"A",.,"A",.,"A",.,"A",.,"A",.,"A"
"20101",2218632,52,0,"1",.,"A",.,"A",.,"A",.,"A",.,"A",60,"D",.,"A",.,"A",90,"D",120,"D",0,"D",0,"D",.,"A",40,"D",.,"A"
"20101",2218652,38,0,"1",.,"A",.,"A",.,"A",.,"A",.,"A",.,"A",286,"D",.,"A",.,"A",.,"A",.,"A",.,"A",.,"A",.,"A",.,"A"
"20101",2218672,74,0,"1",.,"A",.,"A",.,"A",.,"A",.,"A",.,"A",.,"A",.,"A",.,"A",.,"A",.,"A",.,"A",100,"D",.,"A",.,"A"
"20101",2218682,64,0,"1",.,"A",.,"A",.,"A",.,"A",.,"A",.,"A",325,"D",325,"D",.,"A",.,"A",.,"A",.,"A",15,"D",.,"A",.,"A"
"20101",2218702,31,0,"1",.,"A",.,"A",.,"A",.,"A",.,"A",.,"A",.,"A",.,"A",.,"A",.,"A",.,"A",.,"A",.,"A",.,"A",.,"A"
"20101",2218712,28,0,"1",.,"A",.,"A",.,"A",.,"A",.,"A",.,"A",.,"A",.,"A",.,"A",.,"A",.,"A",.,"A",.,"A",.,"A",.,"A"
"20101",2218732,43,0,"1",.,"A",.,"A",.,"A",.,"A",.,"A",.,"A",.,"A",.,"A",.,"A",.,"A",.,"A",.,"A",20,"D",.,"A",.,"A"
"20101",2218742,57,0,"1",.,"A",.,"A",30,"D",.,"A",.,"A",.,"A",.,"A",.,"A",.,"A",.,"A",.,"A",.,"A",130,"D",.,"A",.,"A"
"20101",2218752,48,0,"1",.,"A",.,"A",.,"A",.,"A",.,"A",.,"A",390,"D",.,"A",.,"A",.,"A",.,"A",.,"A",60,"D",.,"A",.,"A"
"20101",2218762,55,0,"1",.,"A",.,"A",.,"A",.,"A",.,"A",.,"A",.,"A",.,"A",.,"A",.,"A",.,"A",.,"A",20,"D",.,"A",.,"A"
"20101",2218772,34,0,"1",.,"A",.,"A",.,"A",.,"A",.,"A",.,"A",.,"A",.,"A",.,"A",.,"A",.,"A",.,"A",.,"A",.,"A",.,"A"
"20101",2218792,53,0,"1",.,"A",.,"A",.,"A",.,"A",.,"A",.,"A",.,"A",260,"D",.,"A",.,"A",.,"A",.,"A",310,"D",.,"A",.,"A"
"20101",2218802,62,0,"1",.,"A",.,"A",25,"D",.,"A",.,"A",.,"A",.,"A",.,"A",.,"A",.,"A",.,"A",.,"A",20,"D",.,"A",.,"A"
"20101",2218812,58,0,"1",0,"F",.,"A",.,"A",.,"A",96,"F",.,"A",.,"A",.,"A",.,"A",9,"D",0,"D",0,"D",10,"D",3,"D",.,"A"
"20101",2218823,36,0,"1",.,"A",.,"A",.,"A",.,"A",.,"A",.,"A",.,"A",.,"A",.,"A",.,"A",.,"A",.,"A",10,"D",.,"A",.,"A"
"20101",2218832,22,0,"1",.,"A",.,"A",.,"A",.,"A",.,"A",.,"A",.,"A",.,"A",.,"A",.,"A",.,"A",.,"A",.,"A",.,"A",.,"A"
"20101",2218852,58,0,"1",.,"A",.,"A",.,"A",.,"A",.,"A",.,"A",2080,"D",.,"A",30,"D",.,"A",.,"A",.,"A",36,"D",.,"A",.,"A"
"20101",2218862,52,0,"1",.,"A",.,"A",.,"A",.,"A",.,"A",.,"A",520,"D",.,"A",.,"A",.,"A",.,"A",.,"A",45,"D",.,"A",.,"A"
"20101",2218872,56,0,"1",.,"A",.,"A",.,"A",.,"A",.,"A",.,"A",.,"A",.,"A",.,"A",.,"A",.,"A",.,"A",.,"A",.,"A",.,"A"
"20101",2218882,40,0,"1",.,"A",.,"A",15,"D",.,"A",.,"A",100,"D",.,"A",.,"A",.,"A",.,"A",.,"A",.,"A",110,"D",.,"A",.,"A"
"20101",2218892,57,0,"1",.,"A",.,"A",.,"A",.,"A",.,"A",.,"A",507,"D",.,"A",.,"A",.,"A",.,"A",.,"A",85,"D",.,"A",.,"A"
"20101",2218912,28,0,"1",.,"A",.,"A",.,"A",.,"A",10,"D",.,"A",.,"A",.,"A",.,"A",.,"A",.,"A",.,"A",10,"D",.,"A",.,"A"
"20101",2218932,36,0,"1",.,"A",.,"A",.,"A",.,"A",.,"A",.,"A",.,"A",.,"A",.,"A",.,"A",.,"A",.,"A",.,"A",.,"A",.,"A"
"20101",2218942,40,0,"1",.,"A",.,"A",.,"A",.,"A",.,"A",25,"D",.,"A",.,"A",.,"A",.,"A",.,"A",.,"A",.,"A",.,"A",.,"A"
"20101",2218962,29,0,"1",10,"D",.,"A",.,"A",.,"A",80,"D",.,"A",.,"A",.,"A",.,"A",240,"D",0,"D",0,"D",.,"A",80,"D",.,"A"
"20101",2218972,63,0,"1",.,"A",.,"A",.,"A",.,"A",.,"A",20,"D",.,"A",.,"A",.,"A",.,"A",.,"A",.,"A",60,"D",.,"A",.,"A"
"20101",2218992,39,0,"1",.,"A",.,"A",.,"A",.,"A",60,"D",.,"A",390,"D",.,"A",.,"A",.,"A",.,"A",.,"A",.,"A",.,"A",.,"A"
"20101",2219002,50,0,"1",.,"A",.,"A",.,"A",.,"A",.,"A",150,"D",390,"D",.,"A",.,"A",.,"A",.,"A",.,"A",225,"D",.,"A",.,"A"
"20101",2219012,42,0,"1",.,"A",.,"A",.,"A",.,"A",.,"A",.,"A",.,"A",.,"A",.,"A",.,"A",.,"A",.,"A",180,"D",.,"A",.,"A"
"20101",2219022,55,0,"1",.,"A",.,"A",.,"A",.,"A",.,"A",.,"A",.,"A",.,"A",.,"A",0,"D",0,"D",0,"D",30,"D",0,"D",.,"A"
"20101",2219052,39,0,"1",.,"A",.,"A",.,"A",.,"A",.,"A",.,"A",.,"A",.,"A",.,"A",.,"A",.,"A",.,"A",45,"D",.,"A",.,"A"
"20101",2219062,76,0,"1",.,"A",.,"A",.,"A",.,"A",.,"A",.,"A",.,"A",.,"A",90,"D",.,"A",.,"A",.,"A",75,"D",.,"A",.,"A"
"20101",2219082,41,0,"1",.,"A",.,"A",.,"A",.,"A",.,"A",.,"A",.,"A",.,"A",.,"A",.,"A",.,"A",.,"A",.,"A",.,"A",.,"A"
"20101",2219092,46,0,"1",.,"A",.,"A",.,"A",.,"A",.,"A",.,"A",.,"A",.,"A",.,"A",.,"A",.,"A",.,"A",45,"D",.,"A",.,"A"
"20101",2219102,57,0,"1",.,"A",.,"A",.,"A",.,"A",60,"D",.,"A",390,"D",.,"A",.,"A",.,"A",.,"A",.,"A",15,"D",.,"A",.,"A"
"20101",2219115,28,0,"1",.,"A",.,"A",.,"A",.,"A",.,"A",.,"A",.,"A",.,"A",.,"A",.,"A",.,"A",.,"A",.,"A",.,"A",.,"A"
"20101",2219122,54,0,"1",.,"A",.,"A",.,"A",.,"A",.,"A",.,"A",364,"D",.,"A",.,"A",.,"A",.,"A",.,"A",.,"A",.,"A",.,"A"
"20101",2219144,28,0,"1",.,"A",.,"A",.,"A",.,"A",.,"A",.,"A",195,"D",.,"A",.,"A",.,"A",.,"A",.,"A",.,"A",.,"A",.,"A"
"20101",2219152,41,0,"1",.,"A",.,"A",.,"A",.,"A",.,"A",.,"A",.,"A",.,"A",.,"A",.,"A",.,"A",.,"A",15,"D",.,"A",.,"A"
"20101",2219162,37,0,"1",.,"A",.,"A",.,"A",.,"A",.,"A",.,"A",.,"A",.,"A",.,"A",.,"A",.,"A",.,"A",70,"D",.,"A",.,"A"
"20101",2219172,52,0,"1",.,"A",.,"A",.,"A",.,"A",.,"A",.,"A",.,"A",130,"D",.,"A",.,"A",.,"A",.,"A",15,"D",.,"A",.,"A"
"20101",2219182,53,0,"1",.,"A",.,"A",.,"A",.,"A",.,"A",40,"D",234,"D",.,"A",9,"D",.,"A",.,"A",.,"A",110,"D",.,"A",.,"A"
"20101",2219192,38,0,"1",.,"A",.,"A",.,"A",.,"A",.,"A",.,"A",364,"D",.,"A",.,"A",.,"A",.,"A",.,"A",.,"A",.,"A",.,"A"
"20101",2219222,53,0,"1",.,"A",.,"A",.,"A",.,"A",.,"A",30,"D",.,"A",.,"A",.,"A",.,"A",.,"A",.,"A",33,"D",.,"A",.,"A"
"20101",2219232,37,0,"1",.,"A",.,"A",.,"A",.,"A",.,"A",.,"A",.,"A",.,"A",.,"A",.,"A",.,"A",.,"A",.,"A",.,"A",.,"A"
"20101",2219242,49,0,"1",.,"A",.,"A",.,"A",.,"A",.,"A",.,"A",325,"F",.,"A",.,"A",.,"A",.,"A",.,"A",118,"D",.,"A",.,"A"
"20101",2219252,77,0,"1",6,"D",.,"A",.,"A",.,"A",0,"D",17,"D",.,"A",.,"A",.,"A",.,"A",.,"A",.,"A",126,"D",.,"A",.,"A"
"20101",2219262,46,0,"1",.,"A",.,"A",.,"A",.,"A",.,"A",.,"A",208,"D",.,"A",.,"A",0,"D",45,"D",0,"D",24,"D",0,"D",.,"A"
"20101",2219272,86,0,"1",.,"A",.,"A",.,"A",.,"A",.,"A",60,"D",.,"A",.,"A",.,"A",0,"D",0,"D",96,"D",400,"D",0,"D",.,"A"
"20101",2219282,23,0,"1",.,"A",.,"A",.,"A",.,"A",.,"A",.,"A",.,"A",.,"A",.,"A",0,"D",0,"D",45,"D",.,"A",0,"D",.,"A"
"20101",2219292,49,0,"1",.,"A",.,"A",.,"A",.,"A",.,"A",.,"A",.,"A",.,"A",.,"A",.,"A",.,"A",.,"A",.,"A",.,"A",.,"A"
"20101",2219312,53,0,"1",.,"A",.,"A",.,"A",.,"A",.,"A",.,"A",.,"A",.,"A",.,"A",.,"A",.,"A",.,"A",15,"D",.,"A",.,"A"
"20101",2219322,100,0,"1",.,"A",.,"A",.,"A",.,"A",.,"A",.,"A",.,"A",.,"A",.,"A",.,"A",.,"A",.,"A",160,"D",.,"A",.,"A"
"20101",2219335,39,0,"1",.,"A",.,"A",.,"A",.,"A",.,"A",.,"A",.,"A",.,"A",.,"A",.,"A",.,"A",.,"A",13,"D",.,"A",.,"A"
"20101",2219342,32,0,"1",.,"A",.,"A",.,"A",.,"A",.,"A",.,"A",.,"A",.,"A",.,"A",.,"A",.,"A",.,"A",.,"A",.,"A",.,"A"
"20101",2219352,59,0,"1",.,"A",.,"A",.,"A",.,"A",.,"A",.,"A",.,"A",.,"A",.,"A",.,"A",.,"A",.,"A",.,"A",.,"A",.,"A"
"20101",2219362,48,0,"1",.,"A",.,"A",.,"A",.,"A",.,"A",.,"A",.,"A",.,"A",.,"A",.,"A",.,"A",.,"A",120,"D",.,"A",.,"A"
"20101",2219382,84,0,"1",.,"A",200,"D",.,"A",.,"A",.,"A",90,"D",.,"A",.,"A",150,"D",.,"A",.,"A",.,"A",190,"D",.,"A",.,"A"
"20101",2219392,33,0,"1",.,"A",.,"A",.,"A",.,"A",.,"A",.,"A",.,"A",.,"A",.,"A",.,"A",.,"A",.,"A",40,"D",.,"A",.,"A"
"20101",2219402,33,0,"1",.,"A",.,"A",.,"A",.,"A",.,"A",.,"A",.,"A",.,"A",.,"A",.,"A",.,"A",.,"A",.,"A",.,"A",.,"A"
"20101",2219412,21,0,"1",.,"A",.,"A",.,"A",.,"A",.,"A",.,"A",.,"A",.,"A",.,"A",.,"A",.,"A",.,"A",.,"A",.,"A",.,"A"
"20101",2219422,57,0,"1",.,"A",.,"A",.,"A",.,"A",15,"D",.,"A",.,"A",.,"A",.,"A",.,"A",.,"A",.,"A",55,"D",.,"A",.,"A"
"20101",2219442,80,0,"1",.,"A",.,"A",.,"A",.,"A",.,"A",.,"A",455,"D",117,"D",.,"A",.,"A",.,"A",.,"A",100,"D",.,"A",.,"A"
"20101",2219452,22,0,"1",.,"A",.,"A",.,"A",.,"A",.,"A",.,"A",.,"A",.,"A",.,"A",.,"A",.,"A",.,"A",.,"A",.,"A",.,"A"
"20101",2219472,46,0,"1",.,"A",.,"A",.,"A",.,"A",.,"A",.,"A",1300,"D",.,"A",.,"A",.,"A",.,"A",.,"A",.,"A",.,"A",.,"A"
"20101",2219482,44,0,"1",.,"A",.,"A",.,"A",.,"A",.,"A",.,"A",260,"D",.,"A",.,"A",.,"A",.,"A",.,"A",.,"A",.,"A",.,"A"
"20101",2219492,55,0,"1",.,"A",.,"A",.,"A",.,"A",.,"A",.,"A",.,"A",.,"A",3,"D",.,"A",.,"A",.,"A",34,"D",.,"A",.,"A"
"20101",2219512,40,0,"1",.,"A",.,"A",.,"A",.,"A",.,"A",.,"A",.,"A",13,"D",.,"A",.,"A",.,"A",.,"A",40,"D",.,"A",.,"A"
"20101",2219522,25,0,"1",.,"A",.,"A",.,"A",.,"A",.,"A",.,"A",.,"A",.,"A",.,"A",.,"A",.,"A",.,"A",.,"A",.,"A",.,"A"
"20101",2219532,47,0,"1",.,"A",.,"A",.,"A",.,"A",.,"A",.,"A",195,"D",.,"A",.,"A",.,"A",.,"A",.,"A",45,"D",.,"A",.,"A"
"20101",2219562,46,0,"1",.,"A",.,"A",.,"A",.,"A",.,"A",.,"A",260,"D",.,"A",.,"A",.,"A",.,"A",.,"A",25,"D",.,"A",.,"A"
"20101",2219572,42,0,"1",.,"A",.,"A",.,"A",.,"A",.,"A",.,"A",.,"A",.,"A",.,"A",.,"A",.,"A",.,"A",.,"A",.,"A",.,"A"
"20101",2219582,51,0,"1",.,"A",.,"A",.,"A",.,"A",.,"A",.,"A",.,"A",.,"A",.,"A",.,"A",.,"A",.,"A",90,"D",.,"A",.,"A"
"20101",2219592,45,0,"1",.,"A",.,"A",.,"A",.,"A",.,"A",.,"A",.,"A",.,"A",.,"A",.,"A",.,"A",.,"A",.,"A",.,"A",.,"A"
"20101",2219602,37,0,"1",.,"A",.,"A",.,"A",.,"A",.,"A",.,"A",455,"D",.,"A",.,"A",.,"A",.,"A",.,"A",.,"A",.,"A",.,"A"
"20101",2219622,29,0,"1",0,"F",.,"A",.,"A",.,"A",240,"F",.,"A",.,"A",.,"A",.,"A",.,"A",.,"A",.,"A",.,"A",.,"A",.,"A"
"20101",2219642,56,0,"1",.,"A",.,"A",.,"A",.,"A",.,"A",.,"A",.,"A",.,"A",.,"A",.,"A",.,"A",.,"A",.,"A",.,"A",.,"A"
"20101",2219662,42,0,"1",.,"A",.,"A",.,"A",.,"A",.,"A",.,"A",.,"A",.,"A",.,"A",.,"A",.,"A",.,"A",85,"D",.,"A",.,"A"
"20101",2219672,58,0,"1",.,"A",.,"A",.,"A",.,"A",.,"A",15,"D",.,"A",.,"A",.,"A",.,"A",.,"A",.,"A",63,"D",.,"A",.,"A"
"20101",2219682,30,0,"1",.,"A",.,"A",.,"A",40,"D",.,"A",.,"A",.,"A",.,"A",.,"A",75,"D",0,"D",0,"D",40,"D",25,"D",30,"F"
"20101",2219692,63,0,"1",.,"A",.,"A",.,"A",.,"A",.,"A",.,"A",.,"A",.,"A",.,"A",.,"A",.,"A",.,"A",.,"A",.,"A",.,"A"
"20101",2219702,39,0,"1",.,"A",.,"A",.,"A",.,"A",.,"A",.,"A",.,"A",.,"A",.,"A",.,"A",.,"A",.,"A",31,"D",.,"A",.,"A"
"20101",2219712,47,0,"1",.,"A",.,"A",45,"D",.,"A",.,"A",.,"A",.,"A",.,"A",.,"A",.,"A",.,"A",.,"A",17,"D",.,"A",.,"A"
"20101",2219725,94,0,"1",.,"A",.,"A",.,"A",.,"A",.,"A",210,"D",195,"D",.,"A",.,"A",.,"A",.,"A",.,"A",1000,"D",.,"A",.,"A"
"20101",2219733,21,0,"1",8,"D",.,"A",.,"A",.,"A",52,"D",.,"A",.,"A",.,"A",.,"A",.,"A",.,"A",.,"A",20,"D",.,"A",.,"A"
"20101",2219752,95,0,"1",.,"A",.,"A",.,"A",.,"A",.,"A",.,"A",.,"A",.,"A",.,"A",.,"A",.,"A",.,"A",37,"D",.,"A",.,"A"
"20101",2219762,44,0,"1",.,"A",.,"A",.,"A",.,"A",.,"A",.,"A",.,"A",.,"A",.,"A",.,"A",.,"A",.,"A",15,"D",.,"A",.,"A"
"20101",2219772,44,0,"1",.,"A",.,"A",.,"A",.,"A",.,"A",.,"A",.,"A",.,"A",.,"A",.,"A",.,"A",.,"A",40,"D",.,"A",.,"A"
"20101",2219782,56,0,"1",.,"A",.,"A",.,"A",.,"A",.,"A",.,"A",.,"A",.,"A",.,"A",.,"A",.,"A",.,"A",5,"D",.,"A",.,"A"
"20101",2219792,35,0,"1",.,"A",.,"A",.,"A",.,"A",.,"A",.,"A",195,"D",39,"D",.,"A",.,"A",.,"A",.,"A",16,"D",.,"A",.,"A"
"20101",2219802,59,0,"1",.,"A",.,"A",.,"A",.,"A",.,"A",35,"D",.,"A",.,"A",.,"A",.,"A",.,"A",.,"A",200,"D",.,"A",.,"A"
"20101",2219812,49,0,"1",.,"A",.,"A",.,"A",.,"A",.,"A",80,"D",.,"A",.,"A",.,"A",.,"A",.,"A",.,"A",48,"D",.,"A",.,"A"
"20101",2219842,63,0,"1",.,"A",.,"A",.,"A",.,"A",.,"A",.,"A",.,"A",.,"A",.,"A",.,"A",.,"A",.,"A",200,"D",.,"A",.,"A"
"20101",2219862,76,0,"1",.,"A",.,"A",.,"A",.,"A",.,"A",90,"D",.,"A",.,"A",.,"A",.,"A",.,"A",.,"A",30,"D",.,"A",.,"A"
"20101",2219882,41,0,"1",.,"A",.,"A",.,"A",125,"D",.,"A",.,"A",195,"D",.,"A",.,"A",.,"A",.,"A",.,"A",.,"A",.,"A",.,"A"
"20101",2219902,40,0,"1",.,"A",.,"A",.,"A",.,"A",.,"A",.,"A",.,"A",.,"A",.,"A",.,"A",.,"A",.,"A",.,"A",.,"A",.,"A"
"20101",2219932,65,0,"1",.,"A",.,"A",.,"A",.,"A",.,"A",.,"A",.,"A",.,"A",.,"A",.,"A",.,"A",.,"A",50,"D",.,"A",.,"A"
"20101",2219942,40,0,"1",.,"A",.,"A",.,"A",.,"A",.,"A",.,"A",780,"D",52,"D",15,"D",.,"A",.,"A",.,"A",.,"A",.,"A",.,"A"
"20101",2219975,50,0,"1",.,"A",.,"A",.,"A",.,"A",.,"A",5,"D",.,"A",.,"A",.,"A",.,"A",.,"A",.,"A",130,"D",.,"A",.,"A"
"20101",2219982,74,0,"1",.,"A",.,"A",.,"A",.,"A",.,"A",21,"D",.,"A",.,"A",.,"A",.,"A",.,"A",.,"A",.,"A",.,"A",.,"A"
"20101",2220002,49,0,"1",.,"A",.,"A",18,"D",.,"A",.,"A",.,"A",.,"A",.,"A",.,"A",.,"A",.,"A",.,"A",79,"D",.,"A",.,"A"
"20101",2220012,27,0,"1",.,"A",.,"A",.,"A",.,"A",.,"A",.,"A",455,"D",.,"A",.,"A",.,"A",.,"A",.,"A",.,"A",.,"A",.,"A"
"20101",2220022,53,0,"1",.,"A",.,"A",.,"A",.,"A",.,"A",.,"A",.,"A",.,"A",.,"A",.,"A",.,"A",.,"A",100,"D",.,"A",.,"A"
"20101",2220052,66,0,"1",.,"A",.,"A",.,"A",.,"A",.,"A",.,"A",.,"A",.,"A",.,"A",.,"A",.,"A",.,"A",60,"D",.,"A",.,"A"
"20101",2220062,53,0,"1",.,"A",.,"A",.,"A",.,"A",.,"A",60,"D",.,"A",.,"A",.,"A",.,"A",.,"A",.,"A",102,"D",.,"A",.,"A"
"20101",2220072,27,0,"1",.,"A",.,"A",.,"A",.,"A",.,"A",.,"A",.,"A",.,"A",.,"A",.,"A",.,"A",.,"A",.,"A",.,"A",.,"A"
"20101",2220082,38,0,"1",.,"A",.,"A",.,"A",.,"A",.,"A",130,"D",520,"D",.,"A",12,"D",.,"A",.,"A",.,"A",40,"D",.,"A",.,"A"
"20101",2220092,47,0,"1",.,"A",.,"A",.,"A",.,"A",.,"A",.,"A",260,"D",.,"A",.,"A",.,"A",.,"A",.,"A",75,"D",.,"A",.,"A"
"20101",2220112,49,0,"1",.,"A",.,"A",.,"A",.,"A",.,"A",.,"A",.,"A",.,"A",.,"A",.,"A",.,"A",.,"A",60,"D",.,"A",.,"A"
"20101",2220132,32,0,"1",.,"A",.,"A",.,"A",.,"A",20,"D",.,"A",.,"A",.,"A",.,"A",60,"D",0,"D",0,"D",.,"A",20,"D",.,"A"
"20101",2220142,46,0,"1",.,"A",.,"A",.,"A",.,"A",.,"A",.,"A",.,"A",.,"A",.,"A",.,"A",.,"A",.,"A",.,"A",.,"A",.,"A"
"20101",2220162,82,0,"1",.,"A",.,"A",.,"A",.,"A",.,"A",.,"A",.,"A",.,"A",.,"A",.,"A",.,"A",.,"A",72,"D",.,"A",.,"A"
"20101",2220172,101,0,"1",.,"A",.,"A",.,"A",.,"A",.,"A",50,"D",.,"A",65,"D",21,"D",.,"A",.,"A",.,"A",320,"D",.,"A",.,"A"
"20101",2220202,39,0,"1",.,"A",.,"A",.,"A",.,"A",.,"A",.,"A",.,"A",.,"A",.,"A",.,"A",.,"A",.,"A",.,"A",.,"A",.,"A"
"20101",2220212,96,0,"1",.,"A",.,"A",.,"A",.,"A",.,"A",10,"D",.,"A",.,"A",30,"D",.,"A",.,"A",.,"A",150,"D",.,"A",.,"A"
"20101",2220222,88,0,"1",.,"A",.,"A",.,"A",.,"A",.,"A",60,"D",.,"A",.,"A",.,"A",.,"A",.,"A",.,"A",30,"D",.,"A",.,"A"
"20101",2220242,62,0,"1",.,"A",.,"A",.,"A",.,"A",.,"A",100,"D",.,"A",.,"A",.,"A",.,"A",.,"A",.,"A",50,"D",.,"A",.,"A"
"20101",2220252,30,0,"1",.,"A",.,"A",.,"A",.,"A",120,"D",.,"A",520,"D",.,"A",.,"A",0,"D",0,"D",54,"D",20,"D",0,"D",.,"A"
"20101",2220262,60,0,"1",.,"A",.,"A",.,"A",.,"A",.,"A",30,"D",130,"D",.,"A",.,"A",.,"A",.,"A",.,"A",400,"D",.,"A",.,"A"
"20101",2220272,52,0,"1",.,"A",.,"A",.,"A",.,"A",.,"A",.,"A",91,"D",.,"A",.,"A",.,"A",.,"A",.,"A",120,"D",.,"A",.,"A"
"20101",2220282,33,0,"1",15,"D",.,"A",.,"A",.,"A",45,"D",60,"D",390,"D",.,"A",.,"A",.,"A",.,"A",.,"A",.,"A",.,"A",.,"A"
"20101",2220292,42,0,"1",.,"A",.,"A",.,"A",.,"A",.,"A",.,"A",.,"A",.,"A",.,"A",.,"A",.,"A",.,"A",90,"D",.,"A",.,"A"
"20101",2220302,49,0,"1",.,"A",.,"A",.,"A",.,"A",.,"A",.,"A",.,"A",.,"A",.,"A",.,"A",.,"A",.,"A",100,"D",.,"A",.,"A"
"20101",2220322,37,0,"1",.,"A",.,"A",.,"A",.,"A",.,"A",.,"A",.,"A",.,"A",.,"A",.,"A",.,"A",.,"A",20,"D",.,"A",.,"A"
"20101",2220342,77,0,"1",.,"A",.,"A",.,"A",.,"A",.,"A",.,"A",.,"A",.,"A",.,"A",.,"A",.,"A",.,"A",70,"D",.,"A",.,"A"
"20101",2220362,54,0,"1",.,"A",.,"A",.,"A",.,"A",.,"A",.,"A",.,"A",.,"A",.,"A",.,"A",.,"A",.,"A",45,"D",.,"A",.,"A"
"20101",2220382,85,0,"1",.,"A",.,"A",.,"A",.,"A",.,"A",.,"A",.,"A",.,"A",.,"A",.,"A",.,"A",.,"A",80,"D",.,"A",.,"A"
"20101",2220392,46,0,"1",.,"A",.,"A",.,"A",.,"A",.,"A",.,"A",.,"A",.,"A",.,"A",.,"A",.,"A",.,"A",.,"A",.,"A",.,"A"
"20101",2220422,34,0,"1",.,"A",.,"A",.,"A",.,"A",.,"A",.,"A",.,"A",.,"A",.,"A",.,"A",.,"A",.,"A",.,"A",.,"A",.,"A"
"20101",2220432,53,0,"1",.,"A",.,"A",.,"A",.,"A",.,"A",36,"D",.,"A",.,"A",.,"A",180,"D",0,"D",0,"D",210,"D",60,"D",.,"A"
"20101",2220462,46,0,"1",.,"A",.,"A",.,"A",.,"A",.,"A",.,"A",182,"D",.,"A",.,"A",.,"A",.,"A",.,"A",.,"A",.,"A",.,"A"
"20101",2220472,38,0,"1",.,"A",.,"A",.,"A",.,"A",.,"A",.,"A",.,"A",.,"A",.,"A",.,"A",.,"A",.,"A",.,"A",.,"A",.,"A"
"20101",2220482,40,0,"1",.,"A",.,"A",.,"A",.,"A",.,"A",.,"A",.,"A",.,"A",.,"A",.,"A",.,"A",.,"A",.,"A",.,"A",.,"A"
"20101",2220502,50,0,"1",.,"A",.,"A",.,"A",.,"A",.,"A",.,"A",.,"A",.,"A",.,"A",.,"A",.,"A",.,"A",30,"D",.,"A",.,"A"
"20101",2220532,42,0,"1",.,"A",.,"A",.,"A",.,"A",.,"A",.,"A",.,"A",.,"A",.,"A",0,"D",0,"D",72,"D",30,"D",0,"D",.,"A"
"20101",2220542,59,0,"1",.,"A",.,"A",.,"A",30,"D",.,"A",.,"A",.,"A",.,"A",18,"D",900,"D",144,"D",0,"D",30,"D",300,"D",.,"A"
"20101",2220562,24,0,"1",.,"A",.,"A",.,"A",.,"A",40,"D",.,"A",.,"A",.,"A",.,"A",.,"A",.,"A",.,"A",.,"A",.,"A",.,"A"
"20101",2220572,38,0,"1",.,"A",.,"A",.,"A",.,"A",.,"A",.,"A",.,"A",.,"A",.,"A",.,"A",.,"A",.,"A",.,"A",.,"A",.,"A"
"20101",2220582,41,0,"1",.,"A",.,"A",.,"A",.,"A",180,"D",.,"A",.,"A",.,"A",.,"A",.,"A",.,"A",.,"A",60,"D",.,"A",.,"A"
"20101",2220592,50,0,"1",.,"A",.,"A",.,"A",.,"A",.,"A",.,"A",.,"A",.,"A",.,"A",.,"A",.,"A",.,"A",50,"D",.,"A",.,"A"
"20101",2220603,31,0,"1",.,"A",.,"A",.,"A",.,"A",.,"A",.,"A",.,"A",.,"A",.,"A",.,"A",.,"A",.,"A",20,"D",.,"A",.,"A"
"20101",2220612,65,0,"1",.,"A",.,"A",.,"A",.,"A",.,"A",.,"A",494,"D",.,"A",.,"A",.,"A",.,"A",.,"A",.,"A",.,"A",.,"A"
"20101",2220622,92,0,"1",20,"D",.,"A",.,"A",.,"A",0,"D",.,"A",.,"A",.,"A",.,"A",30,"D",0,"D",30,"D",80,"D",10,"D",.,"A"
"20101",2220672,39,0,"1",.,"A",.,"A",15,"D",.,"A",.,"A",.,"A",.,"A",.,"A",.,"A",.,"A",.,"A",.,"A",144,"D",.,"A",.,"A"
"20101",2220692,48,0,"1",.,"A",.,"A",.,"A",.,"A",.,"A",.,"A",.,"A",.,"A",.,"A",.,"A",.,"A",.,"A",.,"A",.,"A",.,"A"
"20101",2220712,43,0,"1",.,"A",.,"A",.,"A",.,"A",77,"D",.,"A",.,"A",.,"A",.,"A",.,"A",.,"A",.,"A",.,"A",.,"A",.,"A"
"20101",2220722,44,0,"1",9,"D",.,"A",.,"A",.,"A",30,"D",.,"A",.,"A",.,"A",0,"D",90,"D",0,"D",60,"D",13,"D",30,"D",.,"A"
"20101",2220732,56,0,"1",.,"A",.,"A",.,"A",.,"A",.,"A",.,"A",.,"A",.,"A",.,"A",.,"A",.,"A",.,"A",.,"A",.,"A",.,"A"
"20101",2220752,53,0,"1",.,"A",.,"A",.,"A",.,"A",.,"A",100,"D",.,"A",.,"A",.,"A",.,"A",.,"A",.,"A",20,"D",.,"A",.,"A"
"20101",2220772,40,0,"1",.,"A",.,"A",.,"A",.,"A",.,"A",.,"A",.,"A",.,"A",.,"A",.,"A",.,"A",.,"A",.,"A",.,"A",.,"A"
"20101",2220782,63,0,"1",.,"A",.,"A",.,"A",.,"A",.,"A",102,"D",.,"A",.,"A",30,"D",.,"A",.,"A",.,"A",15,"D",.,"A",.,"A"
"20101",2220795,27,0,"1",.,"A",.,"A",.,"A",.,"A",15,"D",.,"A",.,"A",.,"A",18,"D",144,"D",144,"D",0,"D",.,"A",48,"D",.,"A"
"20101",2220802,74,0,"1",.,"A",.,"A",.,"A",.,"A",.,"A",.,"A",.,"A",.,"A",.,"A",.,"A",.,"A",.,"A",150,"D",.,"A",.,"A"
"20101",2220814,22,0,"1",.,"A",.,"A",.,"A",.,"A",.,"A",.,"A",.,"A",.,"A",.,"A",.,"A",.,"A",.,"A",.,"A",.,"A",.,"A"
"20101",2220822,45,0,"1",.,"A",.,"A",.,"A",.,"A",.,"A",.,"A",.,"A",.,"A",.,"A",.,"A",.,"A",.,"A",36,"D",.,"A",.,"A"
"20101",2220832,45,0,"1",.,"A",.,"A",.,"A",.,"A",.,"A",.,"A",.,"A",.,"A",.,"A",.,"A",.,"A",.,"A",240,"D",.,"A",.,"A"
"20101",2220842,27,0,"1",60,"D",.,"A",.,"A",.,"A",60,"D",.,"A",520,"D",.,"A",.,"A",600,"D",0,"D",0,"D",.,"A",200,"D",.,"A"
"20101",2220852,63,0,"1",.,"A",.,"A",.,"A",.,"A",.,"A",.,"A",.,"A",.,"A",.,"A",.,"A",.,"A",.,"A",.,"A",.,"A",.,"A"
"20101",2220872,37,0,"1",.,"A",.,"A",.,"A",40,"D",60,"D",60,"D",.,"A",.,"A",24,"D",225,"D",0,"D",0,"D",60,"D",75,"D",.,"A"
"20101",2220882,45,0,"1",.,"A",.,"A",.,"A",20,"D",30,"D",.,"A",.,"A",.,"A",15,"D",.,"A",.,"A",.,"A",.,"A",.,"A",.,"A"
"20101",2220892,37,0,"1",.,"A",.,"A",.,"A",.,"A",.,"A",.,"A",.,"A",.,"A",.,"A",.,"A",.,"A",.,"A",50,"D",.,"A",.,"A"
"20101",2220902,38,0,"1",.,"A",.,"A",.,"A",.,"A",25,"D",.,"A",.,"A",.,"A",.,"A",.,"A",.,"A",.,"A",.,"A",.,"A",.,"A"
"20101",2220922,30,0,"1",.,"A",.,"A",.,"A",.,"A",.,"A",.,"A",.,"A",65,"D",.,"A",.,"A",.,"A",.,"A",.,"A",.,"A",.,"A"
"20101",2220932,51,0,"1",.,"A",.,"A",.,"A",.,"A",.,"A",.,"A",.,"A",.,"A",.,"A",.,"A",.,"A",.,"A",35,"D",.,"A",.,"A"
"20101",2220942,93,0,"1",.,"A",.,"A",.,"A",.,"A",.,"A",100,"D",.,"A",.,"A",.,"A",.,"A",.,"A",.,"A",150,"D",.,"A",.,"A"
"20101",2220972,81,0,"1",.,"A",.,"A",.,"A",.,"A",.,"A",.,"A",.,"A",.,"A",.,"A",.,"A",.,"A",.,"A",.,"A",.,"A",.,"A"
"20101",2220982,28,0,"1",.,"A",.,"A",.,"A",.,"A",.,"A",.,"A",1040,"D",.,"A",.,"A",.,"A",.,"A",.,"A",.,"A",.,"A",.,"A"
"20101",2220992,75,0,"1",.,"A",.,"A",.,"A",.,"A",.,"A",15,"D",481,"D",.,"A",.,"A",.,"A",.,"A",.,"A",345,"D",.,"A",.,"A"
"20101",2221012,79,0,"1",.,"A",.,"A",.,"A",.,"A",.,"A",.,"A",585,"D",.,"A",.,"A",.,"A",.,"A",.,"A",73,"D",.,"A",.,"A"
"20101",2221052,89,0,"1",.,"A",.,"A",.,"A",.,"A",.,"A",.,"A",.,"A",.,"A",.,"A",.,"A",.,"A",.,"A",11,"D",.,"A",.,"A"
"20101",2221062,48,0,"1",.,"A",.,"A",.,"A",.,"A",.,"A",.,"A",780,"D",.,"A",.,"A",.,"A",.,"A",.,"A",.,"A",.,"A",.,"A"
"20101",2221072,54,0,"1",.,"A",.,"A",.,"A",.,"A",.,"A",.,"A",.,"A",.,"A",.,"A",.,"A",.,"A",.,"A",200,"D",.,"A",.,"A"
"20101",2221082,88,0,"1",.,"A",.,"A",.,"A",.,"A",.,"A",.,"A",.,"A",.,"A",.,"A",.,"A",.,"A",.,"A",100,"D",.,"A",.,"A"
"20101",2221092,63,0,"1",.,"A",.,"A",.,"A",.,"A",.,"A",.,"A",.,"A",.,"A",.,"A",.,"A",.,"A",.,"A",.,"A",.,"A",.,"A"
"20101",2221112,26,0,"1",.,"A",.,"A",.,"A",60,"D",.,"A",.,"A",.,"A",.,"A",.,"A",0,"D",0,"D",75,"D",.,"A",0,"D",.,"A"
"20101",2221122,41,0,"1",.,"A",.,"A",.,"A",.,"A",.,"A",.,"A",.,"A",.,"A",.,"A",.,"A",.,"A",.,"A",150,"D",.,"A",.,"A"
"20101",2221132,36,0,"1",.,"A",.,"A",.,"A",.,"A",.,"A",.,"A",.,"A",.,"A",.,"A",.,"A",.,"A",.,"A",.,"A",.,"A",.,"A"
"20101",2221152,44,0,"1",.,"A",.,"A",.,"A",.,"A",.,"A",.,"A",.,"A",.,"A",.,"A",.,"A",.,"A",.,"A",40,"D",.,"A",.,"A"
"20101",2221162,54,0,"1",.,"A",.,"A",.,"A",.,"A",.,"A",.,"A",299,"D",.,"A",.,"A",.,"A",.,"A",.,"A",50,"D",.,"A",.,"A"
"20101",2221172,40,0,"1",.,"A",.,"A",.,"A",.,"A",.,"A",150,"D",520,"D",.,"A",.,"A",2799,"D",0,"D",0,"D",.,"A",933,"D",.,"A"
"20101",2221182,79,0,"1",.,"A",.,"A",.,"A",.,"A",.,"A",.,"A",117,"D",.,"A",18,"D",.,"A",.,"A",.,"A",.,"A",.,"A",.,"A"
"20101",2221202,26,0,"1",.,"A",.,"A",.,"A",.,"A",600,"D",.,"A",260,"D",.,"A",.,"A",120,"D",0,"D",0,"D",150,"D",40,"D",.,"A"
"20101",2221212,87,0,"1",.,"A",.,"A",39,"D",.,"A",.,"A",25,"D",.,"A",.,"A",.,"A",0,"D",0,"D",90,"D",75,"D",0,"D",.,"A"
"20101",2221242,54,0,"1",.,"A",.,"A",.,"A",.,"A",.,"A",.,"A",.,"A",.,"A",.,"A",.,"A",.,"A",.,"A",15,"D",.,"A",.,"A"
"20101",2221252,61,0,"1",.,"A",.,"A",.,"A",.,"A",.,"A",.,"A",.,"A",.,"A",81,"D",.,"A",.,"A",.,"A",170,"D",.,"A",.,"A"
"20101",2221262,38,0,"1",.,"A",.,"A",.,"A",.,"A",.,"A",.,"A",.,"A",.,"A",.,"A",.,"A",.,"A",.,"A",20,"D",.,"A",.,"A"
"20101",2221272,37,0,"1",.,"A",.,"A",.,"A",.,"A",.,"A",.,"A",.,"A",.,"A",.,"A",.,"A",.,"A",.,"A",150,"D",.,"A",.,"A"
"20101",2221292,26,0,"1",.,"A",.,"A",.,"A",.,"A",60,"D",.,"A",.,"A",.,"A",.,"A",.,"A",.,"A",.,"A",.,"A",.,"A",.,"A"
"20101",2221332,40,0,"1",90,"D",.,"A",.,"A",.,"A",90,"D",.,"A",.,"A",.,"A",.,"A",.,"A",.,"A",.,"A",.,"A",.,"A",.,"A"
"20101",2221342,54,0,"1",.,"A",.,"A",.,"A",.,"A",.,"A",.,"A",.,"A",.,"A",.,"A",.,"A",.,"A",.,"A",.,"A",.,"A",.,"A"
"20101",2221372,30,0,"1",.,"A",.,"A",.,"A",.,"A",.,"A",.,"A",.,"A",.,"A",.,"A",.,"A",.,"A",.,"A",40,"D",.,"A",.,"A"
"20101",2221382,34,0,"1",.,"A",.,"A",.,"A",.,"A",.,"A",.,"A",.,"A",.,"A",.,"A",0,"D",270,"D",0,"D",50,"D",0,"D",.,"A"
"20101",2221392,72,0,"1",.,"A",.,"A",.,"A",.,"A",.,"A",.,"A",403,"D",195,"D",.,"A",.,"A",.,"A",.,"A",.,"A",.,"A",.,"A"
"20101",2221402,42,0,"1",0,"F",.,"A",.,"A",.,"A",45,"F",.,"A",520,"D",.,"A",150,"D",.,"A",.,"A",.,"A",15,"D",.,"A",.,"A"
"20101",2221412,43,0,"1",.,"A",.,"A",.,"A",.,"A",.,"A",.,"A",.,"A",.,"A",.,"A",.,"A",.,"A",.,"A",20,"D",.,"A",.,"A"
"20101",2221432,114,0,"1",.,"A",.,"A",.,"A",.,"A",.,"A",.,"A",.,"A",.,"A",.,"A",.,"A",.,"A",.,"A",100,"D",.,"A",.,"A"
"20101",2221442,65,0,"1",.,"A",.,"A",73,"D",.,"A",.,"A",.,"A",.,"A",.,"A",.,"A",.,"A",.,"A",.,"A",.,"A",.,"A",.,"A"
"20101",2221452,70,0,"1",.,"A",.,"A",.,"A",.,"A",.,"A",.,"A",.,"A",.,"A",525,"D",.,"A",.,"A",.,"A",60,"D",.,"A",.,"A"
"20101",2221462,70,0,"1",.,"A",.,"A",.,"A",.,"A",.,"A",.,"A",.,"A",.,"A",.,"A",.,"A",.,"A",.,"A",60,"D",.,"A",.,"A"
"20101",2221472,25,0,"1",.,"A",.,"A",.,"A",.,"A",.,"A",.,"A",.,"A",.,"A",.,"A",.,"A",.,"A",.,"A",.,"A",.,"A",.,"A"
"20101",2221492,29,0,"1",.,"A",.,"A",.,"A",.,"A",12,"F",.,"A",.,"A",.,"A",.,"A",.,"A",.,"A",.,"A",.,"A",.,"A",.,"A"
"20101",2221502,37,0,"1",.,"A",.,"A",.,"A",.,"A",.,"A",.,"A",.,"A",.,"A",.,"A",.,"A",.,"A",.,"A",12,"D",.,"A",.,"A"
"20101",2221512,34,0,"1",.,"A",.,"A",.,"A",.,"A",.,"A",.,"A",.,"A",.,"A",.,"A",.,"A",.,"A",.,"A",.,"A",.,"A",.,"A"
"20101",2221522,53,0,"1",.,"A",.,"A",.,"A",.,"A",.,"A",.,"A",.,"A",.,"A",.,"A",.,"A",.,"A",.,"A",.,"A",.,"A",.,"A"
"20101",2221542,66,0,"1",.,"A",.,"A",.,"A",.,"A",.,"A",15,"D",.,"A",.,"A",.,"A",.,"A",.,"A",.,"A",60,"D",.,"A",.,"A"
"20101",2221562,25,0,"1",.,"A",.,"A",.,"A",.,"A",180,"F",.,"A",.,"A",.,"A",.,"A",.,"A",.,"A",.,"A",.,"A",.,"A",.,"A"
"20101",2221572,115,0,"1",.,"A",.,"A",.,"A",.,"A",.,"A",25,"D",.,"A",.,"A",75,"D",.,"A",.,"A",.,"A",100,"D",.,"A",.,"A"
"20101",2221593,63,0,"1",.,"A",.,"A",.,"A",.,"A",.,"A",.,"A",.,"A",.,"A",.,"A",.,"A",.,"A",.,"A",300,"D",.,"A",.,"A"
"20101",2221602,48,0,"1",.,"A",.,"A",.,"A",50,"D",.,"A",.,"A",.,"A",.,"A",90,"D",0,"D",0,"D",180,"D",.,"A",0,"D",.,"A"
"20101",2221612,33,0,"1",.,"A",.,"A",.,"A",.,"A",.,"A",.,"A",390,"D",.,"A",.,"A",.,"A",.,"A",.,"A",.,"A",.,"A",.,"A"
"20101",2221632,26,0,"1",.,"A",.,"A",.,"A",.,"A",.,"A",.,"A",.,"A",78,"D",.,"A",.,"A",.,"A",.,"A",.,"A",.,"A",.,"A"
"20101",2221642,68,0,"1",.,"A",.,"A",.,"A",.,"A",.,"A",.,"A",.,"A",.,"A",.,"A",.,"A",.,"A",.,"A",40,"D",.,"A",.,"A"
"20101",2221652,71,0,"1",.,"A",.,"A",.,"A",.,"A",.,"A",.,"A",260,"D",.,"A",.,"A",.,"A",.,"A",.,"A",80,"D",.,"A",.,"A"
"20101",2221692,55,0,"1",.,"A",.,"A",.,"A",.,"A",.,"A",.,"A",.,"A",.,"A",.,"A",450,"D",0,"D",0,"D",50,"D",150,"D",.,"A"
"20101",2221702,27,0,"1",.,"A",.,"A",.,"A",.,"A",.,"A",.,"A",.,"A",.,"A",.,"A",.,"A",.,"A",.,"A",.,"A",.,"A",.,"A"
"20101",2221722,22,0,"1",.,"A",.,"A",.,"A",.,"A",.,"A",.,"A",.,"A",.,"A",.,"A",.,"A",.,"A",.,"A",.,"A",.,"A",.,"A"
"20101",2221732,40,0,"1",.,"A",.,"A",.,"A",.,"A",.,"A",.,"A",.,"A",.,"A",.,"A",.,"A",.,"A",.,"A",63,"D",.,"A",.,"A"
"20101",2221742,33,0,"1",.,"A",.,"A",.,"A",.,"A",.,"A",.,"A",.,"A",.,"A",.,"A",.,"A",.,"A",.,"A",11,"D",.,"A",.,"A"
"20101",2221752,54,0,"1",.,"A",.,"A",.,"A",.,"A",.,"A",.,"A",.,"A",.,"A",6,"D",.,"A",.,"A",.,"A",96,"D",.,"A",.,"A"
"20101",2221772,25,0,"1",.,"A",.,"A",.,"A",.,"A",.,"A",.,"A",.,"A",.,"A",.,"A",.,"A",.,"A",.,"A",.,"A",.,"A",.,"A"
"20101",2221782,72,0,"1",.,"A",.,"A",.,"A",.,"A",.,"A",7,"D",.,"A",.,"A",.,"A",.,"A",.,"A",.,"A",85,"D",.,"A",.,"A"
"20101",2221792,40,0,"1",.,"A",.,"A",.,"A",.,"A",.,"A",.,"A",.,"A",.,"A",.,"A",.,"A",.,"A",.,"A",.,"A",.,"A",.,"A"
"20101",2221802,56,0,"1",.,"A",.,"A",.,"A",.,"A",.,"A",.,"A",.,"A",.,"A",.,"A",.,"A",.,"A",.,"A",25,"D",.,"A",.,"A"
"20101",2221843,28,0,"1",.,"A",.,"A",.,"A",.,"A",100,"D",.,"A",.,"A",.,"A",.,"A",.,"A",.,"A",.,"A",20,"D",.,"A",.,"A"
"20101",2221872,77,0,"1",.,"A",.,"A",.,"A",.,"A",.,"A",5,"D",.,"A",.,"A",.,"A",.,"A",.,"A",.,"A",200,"D",.,"A",.,"A"
"20101",2221902,93,0,"1",.,"A",.,"A",.,"A",.,"A",.,"A",.,"A",.,"A",.,"A",.,"A",.,"A",.,"A",.,"A",150,"D",.,"A",.,"A"
"20101",2221922,71,0,"1",.,"A",.,"A",.,"A",.,"A",.,"A",.,"A",.,"A",.,"A",.,"A",.,"A",.,"A",.,"A",.,"A",.,"A",.,"A"
"20101",2221932,26,0,"1",.,"A",.,"A",.,"A",.,"A",15,"D",.,"A",.,"A",.,"A",.,"A",.,"A",.,"A",.,"A",.,"A",.,"A",.,"A"
"20101",2221942,33,0,"1",.,"A",.,"A",.,"A",.,"A",.,"A",.,"A",.,"A",.,"A",.,"A",.,"A",.,"A",.,"A",.,"A",.,"A",.,"A"
"20101",2221952,43,0,"1",.,"A",.,"A",.,"A",.,"A",.,"A",.,"A",.,"A",.,"A",.,"A",.,"A",.,"A",.,"A",50,"D",.,"A",.,"A"
"20101",2221962,54,0,"1",.,"A",.,"A",.,"A",.,"A",.,"A",.,"A",.,"A",.,"A",.,"A",.,"A",.,"A",.,"A",100,"D",.,"A",.,"A"
"20101",2221972,30,0,"1",.,"A",.,"A",.,"A",.,"A",15,"D",.,"A",325,"D",.,"A",.,"A",15,"D",0,"D",0,"D",8,"D",5,"D",.,"A"
"20101",2221982,35,0,"1",.,"A",.,"A",.,"A",.,"A",.,"A",15,"D",.,"A",.,"A",30,"D",.,"A",.,"A",.,"A",.,"A",.,"A",.,"A"
"20101",2221992,59,0,"1",.,"A",.,"A",.,"A",.,"A",.,"A",.,"A",.,"A",.,"A",.,"A",.,"A",.,"A",.,"A",105,"D",.,"A",.,"A"
"20101",2222002,33,0,"1",.,"A",.,"A",90,"D",.,"A",.,"A",4,"D",.,"A",.,"A",.,"A",.,"A",.,"A",.,"A",.,"A",.,"A",.,"A"
"20101",2222012,49,0,"1",.,"A",.,"A",.,"A",.,"A",.,"A",.,"A",.,"A",.,"A",6,"D",.,"A",.,"A",.,"A",.,"A",.,"A",.,"A"
"20101",2222022,59,0,"1",.,"A",.,"A",.,"A",.,"A",.,"A",.,"A",.,"A",.,"A",.,"A",.,"A",.,"A",.,"A",105,"D",.,"A",.,"A"
"20101",2222032,39,0,"1",.,"A",.,"A",.,"A",.,"A",.,"A",.,"A",.,"A",.,"A",.,"A",.,"A",.,"A",.,"A",180,"D",.,"A",.,"A"
"20101",2222062,61,0,"1",.,"A",.,"A",.,"A",50,"D",.,"A",.,"A",.,"A",.,"A",450,"D",0,"D",0,"D",36,"D",100,"D",0,"D",.,"A"
"20101",2222072,37,0,"1",.,"A",.,"A",.,"A",.,"A",.,"A",.,"A",.,"A",65,"D",.,"A",.,"A",.,"A",.,"A",.,"A",.,"A",.,"A"
"20101",2222082,54,0,"1",.,"A",.,"A",.,"A",.,"A",.,"A",.,"A",.,"A",.,"A",.,"A",.,"A",.,"A",.,"A",120,"D",.,"A",.,"A"
"20101",2222124,35,0,"1",.,"A",.,"A",.,"A",.,"A",.,"A",.,"A",325,"D",.,"A",.,"A",.,"A",.,"A",.,"A",.,"A",.,"A",.,"A"
"20101",2222132,56,0,"1",.,"A",.,"A",.,"A",.,"A",.,"A",.,"A",.,"A",.,"A",.,"A",.,"A",.,"A",.,"A",18,"D",.,"A",.,"A"
"20101",2222152,42,0,"1",.,"A",.,"A",.,"A",.,"A",.,"A",.,"A",.,"A",.,"A",.,"A",.,"A",.,"A",.,"A",120,"D",.,"A",.,"A"
"20101",2222162,64,0,"1",.,"A",.,"A",.,"A",.,"A",.,"A",.,"A",.,"A",.,"A",.,"A",.,"A",.,"A",.,"A",.,"A",.,"A",.,"A"
"20101",2222172,34,0,"1",0,"F",.,"A",.,"A",.,"A",260,"F",.,"A",.,"A",.,"A",.,"A",165,"F",36,"D",36,"D",.,"A",.,"C",.,"A"
"20101",2222182,58,0,"1",.,"A",.,"A",.,"A",.,"A",.,"A",40,"D",.,"A",.,"A",.,"A",.,"A",.,"A",.,"A",220,"D",.,"A",.,"A"
"20101",2222192,32,0,"1",.,"A",.,"A",.,"A",.,"A",20,"D",.,"A",.,"A",.,"A",.,"A",.,"A",.,"A",.,"A",.,"A",.,"A",.,"A"
"20101",2222222,45,0,"1",.,"A",.,"A",.,"A",.,"A",.,"A",.,"A",.,"A",.,"A",.,"A",.,"A",.,"A",.,"A",.,"A",.,"A",.,"A"
"20101",2222232,73,0,"1",.,"A",.,"A",.,"A",.,"A",.,"A",.,"A",.,"A",.,"A",.,"A",.,"A",.,"A",.,"A",120,"D",.,"A",.,"A"
"20101",2222242,62,0,"1",.,"A",.,"A",.,"A",.,"A",.,"A",.,"A",.,"A",.,"A",.,"A",.,"A",.,"A",.,"A",.,"A",.,"A",.,"A"
"20101",2222252,39,0,"1",.,"A",.,"A",.,"A",.,"A",.,"A",.,"A",.,"A",.,"A",.,"A",.,"A",.,"A",.,"A",.,"A",.,"A",.,"A"
"20101",2222272,83,0,"1",.,"A",.,"A",.,"A",.,"A",.,"A",.,"A",.,"A",.,"A",.,"A",.,"A",.,"A",.,"A",83,"D",.,"A",.,"A"
"20101",2222282,38,0,"1",.,"A",.,"A",.,"A",.,"A",.,"A",.,"A",650,"D",.,"A",.,"A",.,"A",.,"A",.,"A",.,"A",.,"A",.,"A"
"20101",2222302,66,0,"1",.,"A",.,"A",.,"A",.,"A",.,"A",.,"A",.,"A",.,"A",0,"D",150,"D",0,"D",0,"D",.,"A",50,"D",.,"A"
"20101",2222312,57,0,"1",.,"A",.,"A",.,"A",.,"A",.,"A",35,"D",.,"A",.,"A",.,"A",.,"A",.,"A",.,"A",240,"D",.,"A",.,"A"
"20101",2222322,30,0,"1",.,"A",.,"A",.,"A",.,"A",90,"D",.,"A",260,"D",.,"A",.,"A",0,"D",0,"D",45,"D",.,"A",0,"D",.,"A"
"20101",2222342,26,0,"1",.,"A",.,"A",.,"A",.,"A",.,"A",.,"A",.,"A",.,"A",.,"A",.,"A",.,"A",.,"A",130,"D",.,"A",.,"A"
"20101",2222352,65,0,"1",.,"A",.,"A",.,"A",.,"A",.,"A",.,"A",.,"A",.,"A",.,"A",.,"A",.,"A",.,"A",.,"A",.,"A",.,"A"
"20101",2222372,42,0,"1",.,"A",.,"A",.,"A",.,"A",66,"D",.,"A",.,"A",.,"A",.,"A",.,"A",.,"A",.,"A",13,"D",.,"A",.,"A"
"20101",2222392,99,0,"1",.,"A",.,"A",.,"A",.,"A",.,"A",.,"A",.,"A",.,"A",.,"A",.,"A",.,"A",.,"A",.,"A",.,"A",.,"A"
"20101",2222422,69,0,"1",5,"D",.,"A",.,"A",.,"A",0,"D",.,"A",390,"D",.,"A",18,"D",6,"D",0,"D",0,"D",45,"D",2,"D",.,"A"
"20101",2222432,69,0,"1",.,"A",.,"A",.,"A",.,"A",.,"A",.,"A",.,"A",.,"A",.,"A",.,"A",.,"A",.,"A",60,"D",.,"A",.,"A"
"20101",2222442,43,0,"1",.,"A",.,"A",.,"A",60,"D",120,"D",.,"A",260,"D",.,"A",.,"A",.,"A",.,"A",.,"A",15,"D",.,"A",.,"A"
"20101",2222452,47,0,"1",.,"A",.,"A",.,"A",100,"D",70,"D",.,"A",650,"D",.,"A",60,"D",.,"A",.,"A",.,"A",85,"D",.,"A",.,"A"
"20101",2222463,54,0,"1",.,"A",.,"A",.,"A",.,"A",.,"A",.,"A",.,"A",78,"D",36,"D",132,"D",135,"D",0,"D",72,"D",44,"D",.,"A"
"20101",2222472,68,0,"1",.,"A",.,"A",.,"A",.,"A",.,"A",100,"D",.,"A",130,"D",.,"A",.,"A",.,"A",.,"A",250,"D",.,"A",.,"A"
"20101",2222482,74,0,"1",.,"A",.,"A",.,"A",.,"A",.,"A",.,"A",.,"A",.,"A",15,"D",.,"A",.,"A",.,"A",100,"D",.,"A",.,"A"
"20101",2222492,66,0,"1",.,"A",.,"A",.,"A",.,"A",.,"A",.,"A",.,"A",.,"A",.,"A",.,"A",.,"A",.,"A",12,"D",.,"A",.,"A"
"20101",2222502,68,0,"1",.,"A",.,"A",.,"A",.,"A",.,"A",.,"A",.,"A",.,"A",.,"A",.,"A",.,"A",.,"A",40,"D",.,"A",.,"A"
"20101",2222512,33,0,"1",.,"A",.,"A",.,"A",.,"A",.,"A",.,"A",.,"A",.,"A",.,"A",.,"A",.,"A",.,"A",120,"D",.,"A",.,"A"
"20101",2222522,56,0,"1",.,"A",.,"A",.,"A",.,"A",.,"A",.,"A",975,"D",.,"A",.,"A",.,"A",.,"A",.,"A",.,"A",.,"A",.,"A"
"20101",2222542,66,0,"1",.,"A",.,"A",.,"A",.,"A",.,"A",.,"A",130,"D",.,"A",.,"A",.,"A",.,"A",.,"A",.,"A",.,"A",.,"A"
"20101",2222552,25,0,"1",.,"A",.,"A",.,"A",.,"A",.,"A",.,"A",.,"A",.,"A",.,"A",.,"A",.,"A",.,"A",15,"D",.,"A",.,"A"
"20101",2222562,33,0,"1",.,"A",.,"A",.,"A",.,"A",.,"A",.,"A",650,"D",.,"A",.,"A",.,"A",.,"A",.,"A",.,"A",.,"A",.,"A"
"20101",2222572,56,0,"1",.,"A",.,"A",.,"A",.,"A",.,"A",14,"D",.,"A",.,"A",.,"A",.,"A",.,"A",.,"A",60,"D",.,"A",.,"A"
"20101",2222582,39,0,"1",.,"A",.,"A",.,"A",.,"A",.,"A",.,"A",.,"A",.,"A",.,"A",.,"A",.,"A",.,"A",.,"A",.,"A",.,"A"
"20101",2222592,37,0,"1",.,"A",.,"A",.,"A",.,"A",.,"A",.,"A",.,"A",.,"A",.,"A",.,"A",.,"A",.,"A",.,"A",.,"A",.,"A"
"20101",2222602,72,0,"1",.,"A",.,"A",.,"A",.,"A",.,"A",.,"A",689,"D",.,"A",.,"A",.,"A",.,"A",.,"A",40,"D",.,"A",.,"A"
"20101",2222612,28,0,"1",.,"A",.,"A",.,"A",.,"A",.,"A",.,"A",.,"A",.,"A",.,"A",.,"A",.,"A",.,"A",30,"D",.,"A",.,"A"
"20101",2222632,64,0,"1",.,"A",.,"A",.,"A",.,"A",.,"A",.,"A",.,"A",.,"A",.,"A",.,"A",.,"A",.,"A",25,"D",.,"A",.,"A"
"20101",2222652,36,0,"1",.,"A",.,"A",.,"A",.,"A",.,"A",.,"A",.,"A",.,"A",.,"A",.,"A",.,"A",.,"A",.,"A",.,"A",.,"A"
"20101",2222662,42,0,"1",.,"A",.,"A",.,"A",2,"D",.,"A",10,"D",.,"A",.,"A",.,"A",.,"A",.,"A",.,"A",35,"D",.,"A",.,"A"
"20101",2222672,45,0,"1",.,"A",.,"A",.,"A",.,"A",.,"A",.,"A",.,"A",.,"A",30,"D",.,"A",.,"A",.,"A",50,"D",.,"A",.,"A"
"20101",2222692,66,0,"1",.,"A",.,"A",.,"A",.,"A",.,"A",.,"A",.,"A",.,"A",.,"A",.,"A",.,"A",.,"A",120,"D",.,"A",.,"A"
"20101",2222702,62,0,"1",.,"A",.,"A",.,"A",.,"A",.,"A",.,"A",.,"A",.,"A",.,"A",.,"A",.,"A",.,"A",45,"D",.,"A",.,"A"
"20101",2222712,55,0,"1",.,"A",.,"A",.,"A",.,"A",.,"A",.,"A",1300,"D",.,"A",.,"A",.,"A",.,"A",.,"A",200,"D",.,"A",.,"A"
"20101",2222742,47,0,"1",.,"A",.,"A",.,"A",.,"A",.,"A",15,"D",.,"A",.,"A",.,"A",.,"A",.,"A",.,"A",30,"D",.,"A",.,"A"
"20101",2222752,92,0,"1",.,"A",.,"A",.,"A",.,"A",.,"A",.,"A",.,"A",.,"A",.,"A",.,"A",.,"A",.,"A",321,"D",.,"A",.,"A"
"20101",2222762,27,0,"1",.,"A",.,"A",.,"A",.,"A",.,"A",.,"A",130,"D",.,"A",.,"A",.,"A",.,"A",.,"A",.,"A",.,"A",.,"A"
"20101",2222802,37,0,"1",.,"A",.,"A",.,"A",.,"A",.,"A",.,"A",364,"D",.,"A",.,"A",.,"A",.,"A",.,"A",.,"A",.,"A",.,"A"
"20101",2222822,66,0,"1",.,"A",.,"A",.,"A",.,"A",.,"A",150,"D",.,"A",.,"A",.,"A",.,"A",.,"A",.,"A",150,"D",.,"A",.,"A"
"20101",2222832,43,0,"1",.,"A",.,"A",.,"A",.,"A",.,"A",.,"A",.,"A",.,"A",.,"A",.,"A",.,"A",.,"A",50,"D",.,"A",.,"A"
"20101",2222852,52,0,"1",.,"A",.,"A",.,"A",.,"A",.,"A",.,"A",.,"A",.,"A",.,"A",.,"A",.,"A",.,"A",140,"D",.,"A",.,"A"
"20101",2222862,47,0,"1",.,"A",.,"A",.,"A",.,"A",.,"A",.,"A",390,"D",.,"A",.,"A",.,"A",.,"A",.,"A",.,"A",.,"A",.,"A"
"20101",2222873,35,0,"1",.,"A",.,"A",.,"A",.,"A",.,"A",.,"A",.,"A",.,"A",.,"A",.,"A",.,"A",.,"A",.,"A",.,"A",.,"A"
"20101",2222882,42,0,"1",.,"A",.,"A",20,"D",.,"A",.,"A",.,"A",.,"A",.,"A",27,"D",.,"A",.,"A",.,"A",100,"D",.,"A",.,"A"
"20101",2222892,59,0,"1",.,"A",.,"A",.,"A",.,"A",.,"A",.,"A",.,"A",.,"A",.,"A",.,"A",.,"A",.,"A",.,"A",.,"A",.,"A"
"20101",2222912,101,0,"1",.,"A",.,"A",.,"A",.,"A",.,"A",.,"A",910,"D",.,"A",.,"A",.,"A",.,"A",.,"A",24,"D",.,"A",.,"A"
"20101",2222922,27,0,"1",.,"A",.,"A",.,"A",.,"A",.,"A",.,"A",.,"A",.,"A",.,"A",0,"D",0,"D",135,"D",.,"A",0,"D",.,"A"
"20101",2222932,39,0,"1",.,"A",.,"A",.,"A",.,"A",.,"A",.,"A",.,"A",.,"A",.,"A",.,"A",.,"A",.,"A",.,"A",.,"A",.,"A"
"20101",2222942,89,0,"1",.,"A",0,"F",50,"F",.,"A",.,"A",74,"F",.,"A",.,"A",.,"A",.,"A",.,"A",.,"A",300,"D",.,"A",.,"A"
"20101",2222962,66,0,"1",.,"A",.,"A",.,"A",56,"D",.,"A",.,"A",.,"A",.,"A",.,"A",.,"A",.,"A",.,"A",25,"D",.,"A",.,"A"
"20101",2222972,77,0,"1",.,"A",.,"A",.,"A",.,"A",.,"A",.,"A",.,"A",.,"A",.,"A",.,"A",.,"A",.,"A",60,"D",.,"A",.,"A"
"20101",2223002,64,0,"1",.,"A",.,"A",.,"A",.,"A",.,"A",.,"A",1092,"D",.,"A",.,"A",.,"A",.,"A",.,"A",.,"A",.,"A",.,"A"
"20101",2223012,50,0,"1",0,"F",.,"A",.,"A",.,"A",72,"F",.,"A",.,"A",.,"A",.,"A",.,"A",.,"A",.,"A",12,"D",.,"A",.,"A"
"20101",2223022,51,0,"1",.,"A",.,"A",.,"A",.,"A",.,"A",.,"A",130,"D",.,"A",.,"A",.,"A",.,"A",.,"A",.,"A",.,"A",.,"A"
"20101",2223042,59,0,"1",.,"A",.,"A",.,"A",.,"A",.,"A",.,"A",.,"A",.,"A",.,"A",.,"A",.,"A",.,"A",150,"D",.,"A",.,"A"
"20101",2223052,41,0,"1",.,"A",.,"A",.,"A",.,"A",.,"A",90,"D",65,"D",.,"A",.,"A",.,"A",.,"A",.,"A",.,"A",.,"A",.,"A"
"20101",2223062,47,0,"1",.,"A",.,"A",.,"A",.,"A",.,"A",.,"A",.,"A",.,"A",6,"D",.,"A",.,"A",.,"A",60,"D",.,"A",.,"A"
"20101",2223072,56,0,"1",.,"A",.,"A",.,"A",.,"A",10,"D",.,"A",806,"D",.,"A",.,"A",.,"A",.,"A",.,"A",10,"D",.,"A",.,"A"
"20101",2223082,36,0,"1",.,"A",.,"A",.,"A",.,"A",.,"A",.,"A",.,"A",.,"A",.,"A",.,"A",.,"A",.,"A",35,"D",.,"A",.,"A"
"20101",2223092,31,0,"1",.,"A",.,"A",.,"A",.,"A",.,"A",.,"A",.,"A",.,"A",.,"A",.,"A",.,"A",.,"A",45,"D",.,"A",.,"A"
"20101",2223112,41,0,"1",.,"A",.,"A",.,"A",.,"A",.,"A",.,"A",.,"A",.,"A",.,"A",.,"A",.,"A",.,"A",52,"D",.,"A",.,"A"
"20101",2223122,34,0,"1",.,"A",.,"A",.,"A",.,"A",.,"A",.,"A",520,"D",.,"A",.,"A",.,"A",.,"A",.,"A",40,"D",.,"A",.,"A"
"20101",2223132,74,0,"1",.,"A",.,"A",.,"A",.,"A",.,"A",150,"D",.,"A",.,"A",.,"A",.,"A",.,"A",.,"A",250,"D",.,"A",.,"A"
"20101",2223162,36,0,"1",.,"A",.,"A",.,"A",.,"A",.,"A",.,"A",.,"A",.,"A",.,"A",.,"A",.,"A",.,"A",.,"A",.,"A",.,"A"
"20101",2223202,63,0,"1",.,"A",.,"A",.,"A",.,"A",.,"A",27,"D",.,"A",.,"A",.,"A",.,"A",.,"A",.,"A",200,"D",.,"A",.,"A"
"20101",2223222,53,0,"1",.,"A",.,"A",.,"A",.,"A",.,"A",.,"A",.,"A",.,"A",.,"A",.,"A",.,"A",.,"A",30,"D",.,"A",.,"A"
"20101",2223252,36,0,"1",.,"A",.,"A",.,"A",60,"D",60,"D",.,"A",585,"D",.,"A",.,"A",0,"D",0,"D",75,"D",75,"D",0,"D",.,"A"
"20101",2223262,36,0,"1",.,"A",.,"A",.,"A",.,"A",.,"A",.,"A",325,"D",.,"A",.,"A",.,"A",.,"A",.,"A",.,"A",.,"A",.,"A"
"20101",2223282,72,0,"1",.,"A",.,"A",.,"A",.,"A",.,"A",.,"A",.,"A",.,"A",.,"A",.,"A",.,"A",.,"A",180,"D",.,"A",.,"A"
"20101",2223292,76,0,"1",.,"A",.,"A",.,"A",.,"A",.,"A",.,"A",.,"A",.,"A",.,"A",.,"A",.,"A",.,"A",105,"D",.,"A",.,"A"
"20101",2223302,63,0,"1",.,"A",.,"A",.,"A",.,"A",.,"A",12,"D",260,"D",.,"A",.,"A",.,"A",.,"A",.,"A",160,"D",.,"A",.,"A"
"20101",2223312,67,0,"1",.,"A",.,"A",.,"A",.,"A",.,"A",360,"D",.,"A",.,"A",18,"D",.,"A",.,"A",.,"A",350,"D",.,"A",.,"A"
"20101",2223322,45,0,"1",.,"A",.,"A",.,"A",.,"A",.,"A",.,"A",.,"A",.,"A",.,"A",.,"A",.,"A",.,"A",35,"D",.,"A",.,"A"
"20101",2223332,97,0,"1",.,"A",.,"A",.,"A",.,"A",.,"A",.,"A",.,"A",.,"A",.,"A",.,"A",.,"A",.,"A",210,"D",.,"A",.,"A"
"20101",2223342,26,0,"1",24,"F",.,"A",.,"A",.,"A",30,"F",.,"A",.,"A",.,"A",.,"A",.,"A",.,"A",.,"A",.,"A",.,"A",.,"A"
"20101",2223352,65,0,"1",.,"A",.,"A",.,"A",.,"A",.,"A",.,"A",.,"A",130,"F",45,"D",.,"A",.,"A",.,"A",75,"D",.,"A",.,"A"
"20101",2223372,82,0,"1",.,"A",.,"A",.,"A",.,"A",.,"A",130,"D",.,"A",.,"A",.,"A",.,"A",.,"A",.,"A",375,"D",.,"A",.,"A"
"20101",2223382,35,0,"1",.,"A",.,"A",.,"A",.,"A",120,"D",.,"A",.,"A",.,"A",.,"A",.,"A",.,"A",.,"A",.,"A",.,"A",.,"A"
"20101",2223402,31,0,"1",.,"A",.,"A",.,"A",.,"A",.,"A",.,"A",.,"A",.,"A",.,"A",.,"A",.,"A",.,"A",60,"D",.,"A",.,"A"
"20101",2223422,68,0,"1",.,"A",.,"A",40,"D",.,"A",.,"A",.,"A",.,"A",.,"A",.,"A",.,"A",.,"A",.,"A",60,"D",.,"A",.,"A"
"20101",2223432,44,0,"1",.,"A",.,"A",.,"A",.,"A",.,"A",18,"D",.,"A",.,"A",.,"A",.,"A",.,"A",.,"A",110,"D",.,"A",.,"A"
"20101",2223442,32,0,"1",.,"A",.,"A",.,"A",.,"A",.,"A",.,"A",.,"A",.,"A",.,"A",.,"A",.,"A",.,"A",150,"D",.,"A",.,"A"
"20101",2223462,46,0,"1",.,"A",200,"D",.,"A",.,"A",.,"A",160,"D",.,"A",.,"A",.,"A",.,"A",.,"A",.,"A",70,"D",.,"A",.,"A"
"20101",2223472,70,0,"1",.,"A",.,"A",.,"A",.,"A",.,"A",75,"D",.,"A",.,"A",.,"A",.,"A",.,"A",.,"A",140,"D",.,"A",.,"A"
"20101",2223482,33,0,"1",.,"A",.,"A",.,"A",.,"A",.,"A",.,"A",.,"A",.,"A",.,"A",.,"A",.,"A",.,"A",.,"A",.,"A",.,"A"
"20101",2223502,48,0,"1",.,"A",.,"A",.,"A",.,"A",.,"A",.,"A",.,"A",.,"A",.,"A",.,"A",.,"A",.,"A",20,"D",.,"A",.,"A"
"20101",2223522,45,0,"1",.,"A",.,"A",.,"A",.,"A",.,"A",.,"A",.,"A",.,"A",.,"A",.,"A",.,"A",.,"A",80,"D",.,"A",.,"A"
"20101",2223532,42,0,"1",.,"A",.,"A",.,"A",.,"A",.,"A",.,"A",.,"A",.,"A",.,"A",.,"A",.,"A",.,"A",10,"D",.,"A",.,"A"
"20101",2223552,54,0,"1",.,"A",.,"A",.,"A",.,"A",.,"A",100,"D",.,"A",.,"A",.,"A",.,"A",.,"A",.,"A",180,"D",.,"A",.,"A"
"20101",2223562,74,0,"1",.,"A",.,"A",.,"A",.,"A",.,"A",.,"A",.,"A",.,"A",.,"A",.,"A",.,"A",.,"A",.,"A",.,"A",.,"A"
"20101",2223592,31,0,"1",.,"A",.,"A",.,"A",.,"A",.,"A",.,"A",260,"D",.,"A",.,"A",.,"A",.,"A",.,"A",.,"A",.,"A",.,"A"
"20101",2223602,43,0,"1",.,"A",.,"A",.,"A",.,"A",120,"D",.,"A",.,"A",.,"A",.,"A",.,"A",.,"A",.,"A",.,"A",.,"A",.,"A"
"20101",2223622,62,0,"1",.,"A",.,"A",.,"A",.,"A",.,"A",.,"A",.,"A",.,"A",.,"A",.,"A",.,"A",.,"A",48,"D",.,"A",.,"A"
"20101",2223642,80,0,"1",.,"A",.,"A",.,"A",.,"A",.,"A",50,"D",260,"D",260,"D",60,"D",.,"A",.,"A",.,"A",300,"D",.,"A",.,"A"
"20101",2223652,46,0,"1",.,"A",.,"A",.,"A",.,"A",.,"A",.,"A",.,"A",.,"A",.,"A",.,"A",.,"A",.,"A",30,"D",.,"A",.,"A"
"20101",2223662,119,0,"1",.,"A",.,"A",.,"A",.,"A",.,"A",200,"D",.,"A",.,"A",.,"A",.,"A",.,"A",.,"A",206,"D",.,"A",.,"A"
"20101",2223672,45,0,"1",.,"A",.,"A",.,"A",.,"A",.,"A",.,"A",.,"A",.,"A",.,"A",.,"A",.,"A",.,"A",.,"A",.,"A",.,"A"
"20101",2223682,58,0,"1",.,"A",.,"A",.,"A",.,"A",.,"A",.,"A",.,"A",.,"A",.,"A",.,"A",.,"A",.,"A",.,"A",.,"A",.,"A"
"20101",2223692,65,0,"1",.,"A",.,"A",.,"A",.,"A",.,"A",.,"A",975,"D",.,"A",27,"D",.,"A",.,"A",.,"A",.,"A",.,"A",.,"A"
"20101",2223722,37,0,"1",.,"A",.,"A",.,"A",.,"A",.,"A",.,"A",234,"D",39,"D",.,"A",.,"A",.,"A",.,"A",10,"D",.,"A",.,"A"
"20101",2223742,47,0,"1",.,"A",.,"A",.,"A",.,"A",.,"A",.,"A",910,"D",.,"A",450,"D",.,"A",.,"A",.,"A",.,"A",.,"A",.,"A"
"20101",2223762,36,0,"1",.,"A",.,"A",.,"A",.,"A",.,"A",.,"A",.,"A",.,"A",.,"A",.,"A",.,"A",.,"A",.,"A",.,"A",.,"A"
"20101",2223772,47,0,"1",.,"A",.,"A",.,"A",20,"D",.,"A",.,"A",.,"A",455,"D",.,"A",.,"A",.,"A",.,"A",60,"D",.,"A",.,"A"
"20101",2223792,51,0,"1",.,"A",.,"A",.,"A",.,"A",.,"A",.,"A",.,"A",.,"A",.,"A",.,"A",.,"A",.,"A",.,"A",.,"A",.,"A"
"20101",2223812,64,0,"1",.,"A",.,"A",.,"A",.,"A",.,"A",.,"A",.,"A",260,"D",30,"D",.,"A",.,"A",.,"A",60,"D",.,"A",.,"A"
"20101",2223822,49,0,"1",.,"A",.,"A",.,"A",.,"A",.,"A",.,"A",.,"A",.,"A",.,"A",.,"A",.,"A",.,"A",100,"D",.,"A",.,"A"
"20101",2223832,22,0,"1",.,"A",.,"A",.,"A",.,"A",5,"D",.,"A",.,"A",.,"A",.,"A",.,"A",.,"A",.,"A",.,"A",.,"A",.,"A"
"20101",2223842,29,0,"1",.,"A",.,"A",.,"A",.,"A",.,"A",.,"A",650,"D",.,"A",.,"A",.,"A",.,"A",.,"A",.,"A",.,"A",.,"A"
"20101",2223852,26,0,"1",20,"D",.,"A",.,"A",.,"A",100,"D",45,"D",.,"A",.,"A",.,"A",.,"A",.,"A",.,"A",36,"D",.,"A",.,"A"
"20101",2223862,46,0,"1",.,"A",.,"A",.,"A",.,"A",.,"A",35,"D",.,"A",.,"A",.,"A",.,"A",.,"A",.,"A",60,"D",.,"A",.,"A"
"20101",2223872,42,0,"1",.,"A",.,"A",.,"A",.,"A",.,"A",.,"A",.,"A",.,"A",.,"A",.,"A",.,"A",.,"A",.,"A",.,"A",.,"A"
"20101",2223922,28,0,"1",.,"A",.,"A",.,"A",.,"A",.,"A",.,"A",.,"A",.,"A",.,"A",.,"A",.,"A",.,"A",.,"A",.,"A",.,"A"
"20101",2223942,44,0,"1",.,"A",.,"A",.,"A",60,"D",.,"A",29,"D",910,"D",.,"A",.,"A",.,"A",.,"A",.,"A",20,"D",.,"A",.,"A"
"20101",2223952,55,0,"1",.,"A",.,"A",.,"A",.,"A",.,"A",.,"A",.,"A",.,"A",.,"A",.,"A",.,"A",.,"A",100,"D",.,"A",.,"A"
"20101",2223962,65,0,"1",.,"A",.,"A",.,"A",.,"A",.,"A",.,"A",.,"A",.,"A",.,"A",.,"A",.,"A",.,"A",115,"D",.,"A",.,"A"
"20101",2223972,44,0,"1",.,"A",.,"A",.,"A",.,"A",.,"A",.,"A",325,"D",.,"A",.,"A",.,"A",.,"A",.,"A",50,"D",.,"A",.,"A"
"20101",2224002,45,0,"1",.,"A",.,"A",.,"A",.,"A",.,"A",.,"A",.,"A",.,"A",.,"A",.,"A",.,"A",.,"A",.,"A",.,"A",.,"A"
"20101",2224012,62,0,"1",.,"A",.,"A",.,"A",.,"A",.,"A",.,"A",.,"A",.,"A",.,"A",.,"A",.,"A",.,"A",12,"D",.,"A",.,"A"
"20101",2224022,37,0,"1",.,"A",.,"A",.,"A",.,"A",.,"A",.,"A",.,"A",.,"A",.,"A",.,"A",.,"A",.,"A",40,"D",.,"A",.,"A"
"20101",2224032,28,0,"1",.,"A",.,"A",.,"A",.,"A",.,"A",.,"A",.,"A",.,"A",.,"A",.,"A",.,"A",.,"A",28,"D",.,"A",.,"A"
"20101",2224042,42,0,"1",.,"A",.,"A",.,"A",.,"A",.,"A",.,"A",260,"F",.,"A",.,"A",.,"A",.,"A",.,"A",.,"A",.,"A",.,"A"
"20101",2224052,37,0,"1",.,"A",.,"A",.,"A",.,"A",.,"A",.,"A",195,"D",.,"A",30,"D",.,"A",.,"A",.,"A",.,"A",.,"A",.,"A"
"20101",2224062,31,0,"1",.,"A",.,"A",30,"F",.,"A",.,"A",.,"A",.,"A",.,"A",.,"A",.,"A",.,"A",.,"A",20,"D",.,"A",.,"A"
"20101",2224072,57,0,"1",.,"A",.,"A",.,"A",.,"A",.,"A",.,"A",.,"A",.,"A",.,"A",.,"A",.,"A",.,"A",135,"D",.,"A",.,"A"
"20101",2224082,48,0,"1",.,"A",.,"A",.,"A",.,"A",.,"A",.,"A",.,"A",.,"A",36,"D",.,"A",.,"A",.,"A",.,"A",.,"A",.,"A"
"20101",2224102,29,0,"1",.,"A",.,"A",.,"A",.,"A",.,"A",.,"A",.,"A",.,"A",.,"A",.,"A",.,"A",.,"A",80,"D",.,"A",.,"A"
"20101",2224142,32,0,"1",.,"A",.,"A",.,"A",.,"A",.,"A",.,"A",.,"A",.,"A",.,"A",.,"A",.,"A",.,"A",.,"A",.,"A",.,"A"
"20101",2224152,56,0,"1",.,"A",.,"A",.,"A",.,"A",.,"A",400,"D",.,"A",.,"A",.,"A",.,"A",.,"A",.,"A",250,"D",.,"A",.,"A"
"20101",2224162,40,0,"1",.,"A",.,"A",.,"A",.,"A",10,"D",.,"A",.,"A",.,"A",18,"D",.,"A",.,"A",.,"A",.,"A",.,"A",.,"A"
"20101",2224174,62,0,"1",.,"A",.,"A",.,"A",.,"A",.,"A",.,"A",130,"D",.,"A",15,"D",.,"A",.,"A",.,"A",.,"A",.,"A",.,"A"
"20101",2224183,23,0,"1",0,"F",.,"A",.,"A",.,"A",20,"F",.,"A",.,"A",.,"A",.,"A",.,"A",.,"A",.,"A",.,"A",.,"A",.,"A"
"20101",2224194,35,0,"1",.,"A",.,"A",.,"A",.,"A",.,"A",.,"A",.,"A",.,"A",.,"A",0,"D",27,"D",0,"D",60,"D",0,"D",.,"A"
"20101",2224202,25,0,"1",.,"A",.,"A",.,"A",.,"A",.,"A",.,"A",.,"A",169,"D",.,"A",.,"A",.,"A",.,"A",.,"A",.,"A",.,"A"
"20101",2224214,35,0,"1",.,"A",.,"A",.,"A",.,"A",.,"A",50,"D",.,"A",.,"A",.,"A",.,"A",.,"A",.,"A",100,"D",.,"A",.,"A"
"20101",2224222,32,0,"1",.,"A",.,"A",.,"A",.,"A",.,"A",.,"A",.,"A",.,"A",.,"A",.,"A",.,"A",.,"A",.,"A",.,"A",.,"A"
"20101",2224232,41,0,"1",.,"A",.,"A",.,"A",.,"A",.,"A",.,"A",.,"A",39,"D",30,"D",.,"A",.,"A",.,"A",.,"A",.,"A",.,"A"
"20101",2224245,29,0,"1",.,"A",.,"A",.,"A",.,"A",.,"A",.,"A",.,"A",.,"A",.,"A",0,"D",0,"D",0,"D",.,"A",0,"D",.,"A"
"20101",2224252,24,0,"1",.,"A",.,"A",.,"A",.,"A",.,"A",.,"A",.,"A",.,"A",.,"A",.,"A",.,"A",.,"A",.,"A",.,"A",.,"A"
"20101",2224264,25,0,"1",.,"A",.,"A",.,"A",.,"A",.,"A",.,"A",.,"A",.,"A",.,"A",.,"A",.,"A",.,"A",.,"A",.,"A",.,"A"
"20101",2224272,49,0,"1",.,"A",.,"A",.,"A",.,"A",.,"A",240,"D",.,"A",.,"A",.,"A",.,"A",.,"A",.,"A",60,"D",.,"A",.,"A"
"20101",2224284,31,0,"1",.,"A",.,"A",.,"A",.,"A",.,"A",.,"A",.,"A",.,"A",.,"A",75,"D",0,"D",75,"D",50,"D",25,"D",.,"A"
"20101",2224294,32,0,"1",1,"D",.,"A",.,"A",.,"A",79,"D",.,"A",.,"A",.,"A",30,"D",.,"A",.,"A",.,"A",40,"D",.,"A",.,"A"
"20101",2224303,22,0,"1",.,"A",.,"A",.,"A",.,"A",.,"A",.,"A",.,"A",.,"A",.,"A",.,"A",.,"A",.,"A",.,"A",.,"A",.,"A"
"20101",2224312,28,0,"1",.,"A",.,"A",.,"A",.,"A",.,"A",.,"A",.,"A",.,"A",.,"A",.,"A",.,"A",.,"A",.,"A",.,"A",.,"A"
"20101",2224322,26,0,"1",.,"A",.,"A",.,"A",.,"A",20,"D",.,"A",.,"A",.,"A",.,"A",.,"A",.,"A",.,"A",.,"A",.,"A",.,"A"
"20101",2224332,33,0,"1",.,"A",.,"A",.,"A",.,"A",.,"A",.,"A",.,"A",.,"A",.,"A",.,"A",.,"A",.,"A",20,"D",.,"A",.,"A"
"20101",2224344,24,0,"1",.,"A",.,"A",.,"A",.,"A",.,"A",.,"A",.,"A",.,"A",.,"A",.,"A",.,"A",.,"A",20,"D",.,"A",.,"A"
"20101",2224353,30,0,"1",.,"A",.,"A",.,"A",.,"A",.,"A",.,"A",.,"A",.,"A",.,"A",.,"A",.,"A",.,"A",.,"A",.,"A",.,"A"
"20101",2224362,27,0,"1",.,"A",.,"A",.,"A",.,"A",.,"A",.,"A",650,"D",.,"A",.,"A",.,"A",.,"A",.,"A",.,"A",.,"A",.,"A"
"20101",2224375,60,0,"1",.,"A",.,"A",.,"A",.,"A",.,"A",75,"D",.,"A",.,"A",.,"A",.,"A",.,"A",.,"A",13,"D",.,"A",.,"A"
"20101",2224385,37,0,"1",0,"F",.,"A",.,"A",.,"A",300,"F",.,"A",.,"A",.,"A",90,"D",.,"A",.,"A",.,"A",10,"D",.,"A",.,"A"
"20101",2224394,64,0,"1",.,"A",.,"A",.,"A",.,"A",.,"A",.,"A",.,"A",.,"A",.,"A",.,"A",.,"A",.,"A",8,"D",.,"A",.,"A"
"20101",2224403,27,0,"1",.,"A",.,"A",.,"A",.,"A",360,"D",.,"A",.,"A",.,"A",.,"A",.,"A",.,"A",.,"A",.,"A",.,"A",.,"A"
"20101",2224414,56,0,"1",.,"A",.,"A",.,"A",.,"A",.,"A",.,"A",.,"A",.,"A",.,"A",.,"A",.,"A",.,"A",45,"D",.,"A",.,"A"
"20101",2224425,21,0,"1",.,"A",.,"A",.,"A",.,"A",.,"A",.,"A",.,"A",.,"A",.,"A",.,"A",.,"A",.,"A",.,"A",.,"A",.,"A"
"20101",2224432,33,0,"1",.,"A",.,"A",.,"A",.,"A",45,"D",.,"A",.,"A",78,"D",.,"A",.,"A",.,"A",.,"A",35,"D",.,"A",.,"A"
"20101",2224444,21,0,"1",.,"A",.,"A",.,"A",.,"A",.,"A",.,"A",.,"A",.,"A",.,"A",.,"A",.,"A",.,"A",.,"A",.,"A",.,"A"
"20101",2224455,45,0,"1",.,"A",.,"A",.,"A",.,"A",.,"A",.,"A",.,"A",.,"A",105,"D",.,"A",.,"A",.,"A",.,"A",.,"A",.,"A"
"20101",2224463,31,0,"1",.,"A",.,"A",.,"A",.,"A",60,"D",.,"A",.,"A",.,"A",.,"A",.,"A",.,"A",.,"A",.,"A",.,"A",.,"A"
"20101",2224475,56,0,"1",.,"A",.,"A",.,"A",.,"A",.,"A",.,"A",.,"A",.,"A",.,"A",.,"A",.,"A",.,"A",.,"A",.,"A",.,"A"
"20101",2224483,47,0,"1",.,"A",.,"A",.,"A",.,"A",.,"A",55,"D",.,"A",.,"A",.,"A",.,"A",.,"A",.,"A",200,"D",.,"A",.,"A"
"20101",2224494,57,0,"1",.,"A",.,"A",.,"A",.,"A",.,"A",.,"A",.,"A",.,"A",.,"A",.,"A",.,"A",.,"A",.,"A",.,"A",.,"A"
"20101",2224504,27,0,"1",.,"A",.,"A",.,"A",.,"A",15,"D",.,"A",.,"A",.,"A",24,"D",0,"D",0,"D",0,"D",15,"D",0,"D",.,"A"
"20101",2224515,22,0,"1",.,"A",.,"A",.,"A",.,"A",.,"A",.,"A",.,"A",.,"A",.,"A",.,"A",.,"A",.,"A",.,"A",.,"A",.,"A"
"20101",2224522,33,0,"1",.,"A",.,"A",.,"A",.,"A",50,"D",.,"A",.,"A",.,"A",.,"A",.,"A",.,"A",.,"A",.,"A",.,"A",.,"A"
"20101",2224533,29,0,"1",.,"A",.,"A",.,"A",.,"A",2,"D",.,"A",.,"A",.,"A",.,"A",.,"A",.,"A",.,"A",15,"D",.,"A",.,"A"
"20101",2224542,58,0,"1",.,"A",.,"A",.,"A",.,"A",.,"A",.,"A",.,"A",.,"A",.,"A",.,"A",.,"A",.,"A",158,"D",.,"A",.,"A"
"20101",2224554,50,0,"1",.,"A",.,"A",.,"A",.,"A",.,"A",15,"D",.,"A",.,"A",.,"A",.,"A",.,"A",.,"A",36,"D",.,"A",.,"A"
"20101",2224564,54,0,"1",.,"A",.,"A",.,"A",.,"A",24,"D",.,"A",.,"A",130,"D",30,"D",.,"A",.,"A",.,"A",30,"D",.,"A",.,"A"
"20101",2224573,50,0,"1",.,"A",.,"A",.,"A",.,"A",.,"A",.,"A",.,"A",.,"A",.,"A",.,"A",.,"A",.,"A",.,"A",.,"A",.,"A"
"20101",2224584,35,0,"1",.,"A",.,"A",.,"A",.,"A",.,"A",.,"A",260,"D",.,"A",.,"A",.,"A",.,"A",.,"A",.,"A",.,"A",.,"A"
"20101",2224595,52,0,"1",.,"A",.,"A",.,"A",.,"A",.,"A",.,"A",.,"A",.,"A",.,"A",0,"D",0,"D",15,"D",60,"D",0,"D",.,"A"
"20101",2224603,32,0,"1",.,"A",.,"A",.,"A",.,"A",.,"A",.,"A",.,"A",.,"A",.,"A",.,"A",.,"A",.,"A",.,"A",.,"A",.,"A"
"20101",2224613,29,0,"1",20,"D",.,"A",.,"A",.,"A",40,"D",.,"A",520,"D",.,"A",.,"A",.,"A",.,"A",.,"A",.,"A",.,"A",.,"A"
"20101",2224623,57,0,"1",.,"A",.,"A",.,"A",.,"A",10,"D",.,"A",65,"D",.,"A",.,"A",.,"A",.,"A",.,"A",.,"A",.,"A",.,"A"
"20101",2224632,30,0,"1",.,"A",.,"A",.,"A",.,"A",75,"D",.,"A",325,"D",.,"A",.,"A",.,"A",.,"A",.,"A",75,"D",.,"A",.,"A"
"20101",2224644,47,0,"1",.,"A",80,"D",.,"A",.,"A",.,"A",340,"D",.,"A",.,"A",.,"A",.,"A",.,"A",.,"A",20,"D",.,"A",.,"A"
"20101",2224652,40,0,"1",.,"A",.,"A",.,"A",.,"A",.,"A",.,"A",130,"D",.,"A",.,"A",.,"A",.,"A",.,"A",.,"A",.,"A",.,"A"
"20101",2224665,51,0,"1",.,"A",.,"A",.,"A",.,"A",.,"A",.,"A",325,"D",.,"A",.,"A",.,"A",.,"A",.,"A",.,"A",.,"A",.,"A"
"20101",2224674,32,0,"1",.,"A",.,"A",.,"A",.,"A",.,"A",.,"A",.,"A",.,"A",.,"A",.,"A",.,"A",.,"A",.,"A",.,"A",.,"A"
"20101",2224684,37,0,"1",.,"A",.,"A",.,"A",.,"A",.,"A",.,"A",260,"D",.,"A",60,"D",.,"A",.,"A",.,"A",.,"A",.,"A",.,"A"
"20101",2224695,25,0,"1",.,"A",.,"A",.,"A",.,"A",.,"A",.,"A",.,"A",.,"A",.,"A",.,"A",.,"A",.,"A",.,"A",.,"A",.,"A"
"20101",2224703,56,0,"1",.,"A",.,"A",65,"D",.,"A",.,"A",90,"D",364,"D",.,"A",36,"D",.,"A",.,"A",.,"A",300,"D",.,"A",.,"A"
"20101",2224713,25,0,"1",.,"A",.,"A",.,"A",.,"A",.,"A",.,"A",.,"A",.,"A",.,"A",.,"A",.,"A",.,"A",7,"D",.,"A",.,"A"
"20101",2224722,57,0,"1",.,"A",.,"A",.,"A",.,"A",50,"D",.,"A",390,"D",.,"A",.,"A",.,"A",.,"A",.,"A",.,"A",.,"A",.,"A"
"20101",2224734,55,0,"1",.,"A",.,"A",.,"A",.,"A",.,"A",.,"A",.,"A",.,"A",.,"A",.,"A",.,"A",.,"A",.,"A",.,"A",.,"A"
"20101",2224742,57,0,"1",11,"D",.,"A",.,"A",.,"A",63,"D",.,"A",455,"D",.,"A",.,"A",.,"A",.,"A",.,"A",.,"A",.,"A",.,"A"
"20101",2224754,41,0,"1",.,"A",.,"A",.,"A",.,"A",.,"A",.,"A",.,"A",.,"A",.,"A",.,"A",.,"A",.,"A",.,"A",.,"A",.,"A"
"20101",2224763,23,0,"1",.,"A",.,"A",.,"A",.,"A",.,"A",.,"A",.,"A",.,"A",.,"A",.,"A",.,"A",.,"A",.,"A",.,"A",.,"A"
"20101",2224775,29,0,"1",.,"A",.,"A",.,"A",.,"A",.,"A",.,"A",.,"A",.,"A",.,"A",.,"A",.,"A",.,"A",.,"A",.,"A",.,"A"
"20101",2224782,48,0,"1",.,"A",.,"A",.,"A",.,"A",.,"A",.,"A",.,"A",.,"A",.,"A",.,"A",.,"A",.,"A",312,"F",.,"A",.,"A"
"20101",2224794,38,0,"1",.,"A",.,"A",.,"A",.,"A",.,"A",.,"A",195,"D",.,"A",.,"A",.,"A",.,"A",.,"A",200,"D",.,"A",.,"A"
"20101",2224803,41,0,"1",.,"A",.,"A",.,"A",.,"A",25,"D",16,"D",.,"A",.,"A",.,"A",.,"A",.,"A",.,"A",.,"A",.,"A",.,"A"
"20101",2224812,25,0,"1",.,"A",.,"A",.,"A",.,"A",20,"D",.,"A",52,"D",.,"A",.,"A",.,"A",.,"A",.,"A",.,"A",.,"A",.,"A"
"20101",2224824,33,0,"1",.,"A",.,"A",.,"A",.,"A",.,"A",.,"A",.,"A",.,"A",.,"A",.,"A",.,"A",.,"A",30,"D",.,"A",.,"A"
"20101",2224832,38,0,"1",.,"A",.,"A",.,"A",.,"A",.,"A",.,"A",26,"D",.,"A",.,"A",0,"D",3,"D",240,"D",200,"F",0,"D",.,"A"
"20101",2224842,38,0,"1",.,"A",.,"A",.,"A",.,"A",.,"A",.,"A",.,"A",.,"A",.,"A",.,"A",.,"A",.,"A",.,"A",.,"A",.,"A"
"20101",2224852,84,0,"1",.,"A",.,"A",.,"A",.,"A",.,"A",.,"A",.,"A",.,"A",.,"A",.,"A",.,"A",.,"A",36,"D",.,"A",.,"A"
"20101",2224865,34,0,"1",.,"A",.,"A",.,"A",.,"A",.,"A",.,"A",.,"A",.,"A",.,"A",.,"A",.,"A",.,"A",.,"A",.,"A",.,"A"
"20101",2224874,34,0,"1",.,"A",.,"A",.,"A",.,"A",.,"A",.,"A",.,"A",.,"A",.,"A",.,"A",.,"A",.,"A",.,"A",.,"A",.,"A"
"20101",2224884,29,0,"1",.,"A",.,"A",.,"A",.,"A",.,"A",.,"A",.,"A",.,"A",.,"A",.,"A",.,"A",.,"A",20,"D",.,"A",.,"A"
"20101",2224894,47,0,"1",.,"A",.,"A",.,"A",.,"A",.,"A",.,"A",.,"A",.,"A",.,"A",.,"A",.,"A",.,"A",.,"A",.,"A",.,"A"
"20101",2224904,48,0,"1",.,"A",.,"A",.,"A",.,"A",.,"A",.,"A",.,"A",.,"A",.,"A",.,"A",.,"A",.,"A",120,"D",.,"A",.,"A"
"20101",2224912,43,0,"1",.,"A",.,"A",.,"A",.,"A",.,"A",.,"A",455,"D",.,"A",.,"A",.,"A",.,"A",.,"A",90,"D",.,"A",.,"A"
"20101",2224923,51,0,"1",.,"A",.,"A",.,"A",.,"A",.,"A",.,"A",.,"A",.,"A",.,"A",.,"A",.,"A",.,"A",.,"A",.,"A",.,"A"
"20101",2224932,51,0,"1",.,"A",.,"A",.,"A",.,"A",.,"A",.,"A",.,"A",.,"A",.,"A",.,"A",.,"A",.,"A",150,"D",.,"A",.,"A"
"20101",2224945,60,0,"1",0,"F",.,"A",.,"A",.,"A",60,"F",.,"A",.,"A",.,"A",210,"D",0,"D",0,"D",51,"D",360,"D",0,"D",.,"A"
"20101",2224953,35,0,"1",.,"A",.,"A",.,"A",.,"A",120,"D",150,"D",156,"D",.,"A",.,"A",.,"A",.,"A",.,"A",150,"D",.,"A",.,"A"
"20101",2224964,43,0,"1",.,"A",.,"A",.,"A",.,"A",.,"A",.,"A",.,"A",.,"A",.,"A",.,"A",.,"A",.,"A",.,"A",.,"A",.,"A"
"20101",2224972,23,0,"1",.,"A",.,"A",.,"A",.,"A",.,"A",.,"A",.,"A",.,"A",.,"A",.,"A",.,"A",.,"A",.,"A",.,"A",.,"A"
"20101",2224984,43,0,"1",.,"A",.,"A",.,"A",.,"A",.,"A",.,"A",.,"A",.,"A",.,"A",.,"A",.,"A",.,"A",55,"D",.,"A",.,"A"
"20101",2224993,34,0,"1",.,"A",.,"A",.,"A",.,"A",80,"D",.,"A",182,"D",.,"A",180,"D",.,"A",.,"A",.,"A",.,"A",.,"A",.,"A"
"20101",2225002,28,0,"1",.,"A",.,"A",.,"A",.,"A",30,"D",.,"A",.,"A",.,"A",.,"A",.,"A",.,"A",.,"A",90,"D",.,"A",.,"A"
"20101",2225012,32,0,"1",.,"A",.,"A",.,"A",.,"A",240,"D",.,"A",.,"A",.,"A",.,"A",648,"D",0,"D",0,"D",.,"A",216,"D",.,"A"
"20101",2225024,101,0,"1",.,"A",.,"A",.,"A",.,"A",.,"A",.,"A",.,"A",.,"A",.,"A",.,"A",.,"A",.,"A",60,"D",.,"A",.,"A"
"20101",2225032,32,0,"1",.,"A",.,"A",.,"A",.,"A",.,"A",.,"A",.,"A",.,"A",.,"A",.,"A",.,"A",.,"A",.,"A",.,"A",.,"A"
"20101",2225045,26,0,"1",.,"A",.,"A",.,"A",50,"D",.,"A",.,"A",.,"A",.,"A",.,"A",300,"D",0,"D",300,"D",200,"D",100,"D",.,"A"
"20101",2225055,71,0,"1",15,"D",.,"A",.,"A",.,"A",245,"D",.,"A",.,"A",.,"A",75,"D",.,"A",.,"A",.,"A",150,"D",.,"A",.,"A"
"20101",2225064,30,0,"1",.,"A",.,"A",.,"A",.,"A",.,"A",.,"A",325,"D",.,"A",.,"A",.,"A",.,"A",.,"A",45,"D",.,"A",.,"A"
"20101",2225073,21,0,"1",.,"A",.,"A",.,"A",.,"A",.,"A",.,"A",.,"A",.,"A",.,"A",.,"A",.,"A",.,"A",.,"A",.,"A",.,"A"
"20101",2225082,38,0,"1",.,"A",.,"A",.,"A",.,"A",.,"A",.,"A",390,"D",.,"A",21,"D",.,"A",.,"A",.,"A",.,"A",.,"A",.,"A"
"20101",2225092,26,0,"1",.,"A",.,"A",.,"A",.,"A",.,"A",.,"A",.,"A",.,"A",.,"A",.,"A",.,"A",.,"A",.,"A",.,"A",.,"A"
"20101",2225102,30,0,"1",.,"A",.,"A",.,"A",.,"A",.,"A",.,"A",.,"A",.,"A",.,"A",.,"A",.,"A",.,"A",60,"D",.,"A",.,"A"
"20101",2225112,45,0,"1",.,"A",.,"A",.,"A",.,"A",.,"A",.,"A",.,"A",.,"A",.,"A",.,"A",.,"A",.,"A",30,"D",.,"A",.,"A"
"20101",2225124,20,0,"1",.,"A",.,"A",.,"A",.,"A",.,"A",.,"A",.,"A",.,"A",.,"A",75,"D",0,"D",0,"D",.,"A",25,"D",45,"F"
"20101",2225135,32,0,"1",.,"A",.,"A",.,"A",.,"A",65,"D",.,"A",.,"A",.,"A",.,"A",.,"A",.,"A",.,"A",.,"A",.,"A",.,"A"
"20101",2225144,38,0,"1",.,"A",.,"A",.,"A",.,"A",.,"A",.,"A",.,"A",.,"A",.,"A",.,"A",.,"A",.,"A",90,"D",.,"A",.,"A"
"20101",2225152,24,0,"1",.,"A",.,"A",.,"A",.,"A",40,"D",.,"A",.,"A",.,"A",.,"A",.,"A",.,"A",.,"A",.,"A",.,"A",.,"A"
"20101",2225165,53,0,"1",.,"A",.,"A",.,"A",.,"A",.,"A",.,"A",169,"D",.,"A",.,"A",.,"A",.,"A",.,"A",20,"D",.,"A",.,"A"
"20101",2225175,31,0,"1",.,"A",.,"A",.,"A",.,"A",20,"D",.,"A",260,"D",.,"A",.,"A",.,"A",.,"A",.,"A",.,"A",.,"A",.,"A"
"20101",2225185,64,0,"1",.,"A",.,"A",.,"A",.,"A",.,"A",.,"A",.,"A",.,"A",.,"A",.,"A",.,"A",.,"A",80,"D",.,"A",.,"A"
"20101",2225192,23,0,"1",.,"A",.,"A",.,"A",40,"D",.,"A",120,"D",.,"A",.,"A",.,"A",480,"D",0,"D",0,"D",.,"A",160,"D",.,"A"
"20101",2225205,41,0,"1",.,"A",.,"A",.,"A",.,"A",.,"A",800,"D",.,"A",.,"A",.,"A",.,"A",.,"A",.,"A",45,"D",.,"A",.,"A"
"20101",2225212,33,0,"1",.,"A",.,"A",.,"A",.,"A",.,"A",.,"A",65,"D",.,"A",.,"A",.,"A",.,"A",.,"A",.,"A",.,"A",.,"A"
"20101",2225225,29,0,"1",.,"A",.,"A",.,"A",.,"A",.,"A",.,"A",.,"A",.,"A",.,"A",.,"A",.,"A",.,"A",.,"A",.,"A",.,"A"
"20101",2225235,36,0,"1",.,"A",.,"A",.,"A",.,"A",.,"A",.,"A",.,"A",.,"A",.,"A",.,"A",.,"A",.,"A",.,"A",.,"A",.,"A"
"20101",2225243,24,0,"1",.,"A",.,"A",.,"A",.,"A",.,"A",.,"A",.,"A",.,"A",.,"A",.,"A",.,"A",.,"A",.,"A",.,"A",.,"A"
"20101",2225255,31,0,"1",.,"A",.,"A",.,"A",.,"A",25,"D",.,"A",.,"A",.,"A",.,"A",.,"A",.,"A",.,"A",.,"A",.,"A",.,"A"
"20101",2225262,49,0,"1",11,"D",.,"A",.,"A",.,"A",44,"D",.,"A",.,"A",.,"A",6,"D",.,"A",.,"A",.,"A",15,"D",.,"A",.,"A"
"20101",2225274,30,0,"1",.,"A",.,"A",.,"A",.,"A",.,"A",30,"D",.,"A",.,"A",.,"A",.,"A",.,"A",.,"A",350,"D",.,"A",.,"A"
"20101",2225283,26,0,"1",.,"A",.,"A",.,"A",.,"A",.,"A",30,"D",.,"A",.,"A",.,"A",.,"A",.,"A",.,"A",.,"A",.,"A",.,"A"
"20101",2225293,48,0,"1",.,"A",.,"A",.,"A",.,"A",.,"A",100,"D",.,"A",.,"A",.,"A",.,"A",.,"A",.,"A",.,"A",.,"A",.,"A"
"20101",2225305,29,0,"1",.,"A",.,"A",.,"A",.,"A",.,"A",.,"A",.,"A",.,"A",.,"A",.,"A",.,"A",.,"A",.,"A",.,"A",.,"A"
"20101",2225314,44,0,"1",.,"A",.,"A",.,"A",.,"A",.,"A",.,"A",.,"A",.,"A",.,"A",.,"A",.,"A",.,"A",150,"D",.,"A",.,"A"
"20101",2225322,47,0,"1",.,"A",.,"A",.,"A",.,"A",20,"D",.,"A",.,"A",.,"A",.,"A",177,"D",0,"D",0,"D",.,"A",59,"D",.,"A"
"20101",2225332,49,0,"1",.,"A",.,"A",.,"A",.,"A",75,"D",.,"A",.,"A",.,"A",.,"A",.,"A",.,"A",.,"A",27,"D",.,"A",.,"A"
"20101",2225344,24,0,"1",.,"A",.,"A",.,"A",.,"A",.,"A",.,"A",.,"A",.,"A",.,"A",.,"A",.,"A",.,"A",.,"A",.,"A",.,"A"
"20101",2225353,70,0,"1",.,"A",.,"A",.,"A",.,"A",.,"A",.,"A",.,"A",.,"A",.,"A",.,"A",.,"A",.,"A",.,"A",.,"A",.,"A"
"20101",2225364,41,0,"1",.,"A",.,"A",.,"A",.,"A",.,"A",.,"A",780,"D",.,"A",.,"A",.,"A",.,"A",.,"A",60,"D",.,"A",.,"A"
"20101",2225374,25,0,"1",.,"A",.,"A",.,"A",.,"A",.,"A",.,"A",.,"A",.,"A",.,"A",.,"A",.,"A",.,"A",.,"A",.,"A",.,"A"
"20101",2225385,50,0,"1",10,"D",.,"A",.,"A",.,"A",50,"D",.,"A",.,"A",.,"A",.,"A",.,"A",.,"A",.,"A",15,"D",.,"A",.,"A"
"20101",2225394,28,0,"1",.,"A",.,"A",.,"A",.,"A",.,"A",.,"A",.,"A",.,"A",.,"A",.,"A",.,"A",.,"A",.,"A",.,"A",.,"A"
"20101",2225405,32,0,"1",.,"A",.,"A",.,"A",.,"A",.,"A",.,"A",130,"D",.,"A",.,"A",.,"A",.,"A",.,"A",.,"A",.,"A",.,"A"
"20101",2225413,40,0,"1",.,"A",.,"A",.,"A",.,"A",.,"A",.,"A",.,"A",.,"A",.,"A",0,"D",0,"D",180,"D",120,"D",0,"D",.,"A"
"20101",2225424,47,0,"1",.,"A",.,"A",.,"A",.,"A",.,"A",.,"A",.,"A",.,"A",.,"A",.,"A",.,"A",.,"A",100,"D",.,"A",.,"A"
"20101",2225432,38,0,"1",.,"A",.,"A",.,"A",.,"A",.,"A",.,"A",.,"A",.,"A",.,"A",.,"A",.,"A",.,"A",.,"A",.,"A",.,"A"
"20101",2225442,39,0,"1",.,"A",.,"A",.,"A",.,"A",.,"A",.,"A",.,"A",.,"A",.,"A",.,"A",.,"A",.,"A",.,"A",.,"A",.,"A"
"20101",2225454,66,0,"1",.,"A",.,"A",.,"A",.,"A",.,"A",.,"A",.,"A",.,"A",.,"A",.,"A",.,"A",.,"A",100,"D",.,"A",.,"A"
"20101",2225462,51,0,"1",.,"A",.,"A",.,"A",.,"A",.,"A",.,"A",585,"D",390,"D",.,"A",.,"A",.,"A",.,"A",150,"D",.,"A",.,"A"
"20101",2225475,29,0,"1",.,"A",.,"A",.,"A",.,"A",.,"A",.,"A",.,"A",.,"A",.,"A",.,"A",.,"A",.,"A",60,"D",.,"A",.,"A"
"20101",2225483,44,0,"1",1,"D",.,"A",.,"A",.,"A",179,"D",30,"D",.,"A",.,"A",.,"A",.,"A",.,"A",.,"A",.,"A",.,"A",.,"A"
"20101",2225494,55,0,"1",.,"A",.,"A",.,"A",60,"D",.,"A",.,"A",.,"A",.,"A",18,"D",240,"D",0,"D",240,"D",.,"A",80,"D",240,"D"
"20101",2225502,41,0,"1",.,"A",.,"A",.,"A",.,"A",.,"A",.,"A",.,"A",.,"A",.,"A",.,"A",.,"A",.,"A",.,"A",.,"A",.,"A"
"20101",2225515,34,0,"1",.,"A",.,"A",.,"A",.,"A",20,"D",.,"A",.,"A",.,"A",.,"A",.,"A",.,"A",.,"A",21,"D",.,"A",.,"A"
"20101",2225525,30,0,"1",7,"D",.,"A",.,"A",.,"A",18,"D",.,"A",390,"D",.,"A",.,"A",0,"D",0,"D",30,"D",.,"A",0,"D",.,"A"
"20101",2225535,28,0,"1",.,"A",.,"A",.,"A",.,"A",.,"A",.,"A",.,"A",.,"A",30,"D",0,"D",0,"D",0,"D",.,"A",0,"D",.,"A"
"20101",2225543,27,0,"1",.,"A",.,"A",.,"A",.,"A",.,"A",.,"A",.,"A",.,"A",.,"A",45,"D",0,"D",45,"D",.,"A",15,"D",.,"A"
"20101",2225553,53,0,"1",30,"D",.,"A",.,"A",.,"A",20,"D",.,"A",.,"A",.,"A",15,"D",.,"A",.,"A",.,"A",240,"D",.,"A",.,"A"
"20101",2225564,34,0,"1",.,"A",.,"A",.,"A",.,"A",.,"A",.,"A",.,"A",.,"A",.,"A",.,"A",.,"A",.,"A",.,"A",.,"A",.,"A"
"20101",2225572,22,0,"1",.,"A",.,"A",.,"A",.,"A",240,"D",.,"A",520,"D",.,"A",.,"A",.,"A",.,"A",.,"A",.,"A",.,"A",.,"A"
"20101",2225584,24,0,"1",0,"F",.,"A",.,"A",.,"A",90,"F",.,"A",260,"D",.,"A",.,"A",276,"D",6,"D",0,"D",100,"F",92,"D",.,"A"
"20101",2225594,30,0,"1",.,"A",.,"A",.,"A",.,"A",.,"A",.,"A",.,"A",.,"A",.,"A",.,"A",.,"A",.,"A",25,"F",.,"A",.,"A"
"20101",2225603,26,0,"1",.,"A",.,"A",.,"A",.,"A",30,"D",.,"A",260,"D",.,"A",.,"A",.,"A",.,"A",.,"A",.,"A",.,"A",.,"A"
"20101",2225614,40,0,"1",.,"A",.,"A",.,"A",.,"A",.,"A",.,"A",.,"A",.,"A",.,"A",.,"A",.,"A",.,"A",.,"A",.,"A",.,"A"
"20101",2225622,65,0,"1",.,"A",.,"A",.,"A",.,"A",.,"A",.,"A",.,"A",.,"A",.,"A",.,"A",.,"A",.,"A",.,"A",.,"A",.,"A"
"20101",2225634,30,0,"1",.,"A",.,"A",.,"A",.,"A",.,"A",.,"A",.,"A",.,"A",.,"A",.,"A",.,"A",.,"A",.,"A",.,"A",.,"A"
"20101",2225642,43,0,"1",.,"A",.,"A",.,"A",.,"A",.,"A",.,"A",.,"A",.,"A",.,"A",.,"A",.,"A",.,"A",.,"A",.,"A",.,"A"
"20101",2225652,22,0,"1",.,"A",.,"A",.,"A",.,"A",40,"F",.,"A",.,"A",.,"A",.,"A",.,"A",.,"A",.,"A",.,"A",.,"A",.,"A"
"20101",2225662,35,0,"1",.,"A",.,"A",.,"A",.,"A",.,"A",.,"A",.,"A",.,"A",12,"D",.,"A",.,"A",.,"A",60,"D",.,"A",.,"A"
"20101",2225674,65,0,"1",.,"A",.,"A",.,"A",.,"A",.,"A",60,"D",.,"A",.,"A",.,"A",90,"D",0,"D",0,"D",120,"D",30,"D",90,"D"
"20101",2225682,57,0,"1",.,"A",.,"A",.,"A",.,"A",.,"A",.,"A",.,"A",.,"A",12,"D",.,"A",.,"A",.,"A",200,"D",.,"A",.,"A"
"20101",2225692,84,0,"1",.,"A",.,"A",.,"A",.,"A",.,"A",13,"D",.,"A",.,"A",18,"D",.,"A",.,"A",.,"A",135,"D",.,"A",.,"A"
"20101",2225705,33,0,"1",.,"A",.,"A",.,"A",.,"A",90,"D",.,"A",.,"A",.,"A",.,"A",.,"A",.,"A",.,"A",100,"D",.,"A",.,"A"
"20101",2225712,30,0,"1",.,"A",.,"A",.,"A",.,"A",.,"A",.,"A",.,"A",.,"A",.,"A",.,"A",.,"A",.,"A",.,"A",.,"A",.,"A"
"20101",2225724,24,0,"1",.,"A",.,"A",.,"A",.,"A",.,"A",.,"A",.,"A",.,"A",.,"A",.,"A",.,"A",.,"A",.,"A",.,"A",.,"A"
"20101",2225734,46,0,"1",.,"A",.,"A",.,"A",.,"A",.,"A",.,"A",.,"A",.,"A",.,"A",.,"A",.,"A",.,"A",162,"D",.,"A",.,"A"
"20101",2225742,26,0,"1",.,"A",.,"A",.,"A",80,"D",.,"A",60,"D",.,"A",.,"A",.,"A",480,"D",0,"D",45,"D",.,"A",160,"D",180,"D"
"20101",2225752,27,0,"1",.,"A",.,"A",.,"A",.,"A",.,"A",.,"A",.,"A",.,"A",.,"A",.,"A",.,"A",.,"A",.,"A",.,"A",.,"A"
"20101",2225765,23,0,"1",.,"A",.,"A",.,"A",.,"A",15,"D",.,"A",.,"A",.,"A",.,"A",267,"D",0,"D",0,"D",.,"A",89,"D",.,"A"
"20101",2225773,28,0,"1",.,"A",.,"A",.,"A",.,"A",.,"A",.,"A",.,"A",.,"A",.,"A",.,"A",.,"A",.,"A",.,"A",.,"A",.,"A"
"20101",2225783,28,0,"1",.,"A",.,"A",.,"A",.,"A",.,"A",.,"A",.,"A",.,"A",.,"A",.,"A",.,"A",.,"A",.,"A",.,"A",.,"A"
"20101",2225792,21,0,"1",.,"A",.,"A",.,"A",.,"A",.,"A",.,"A",.,"A",.,"A",.,"A",.,"A",.,"A",.,"A",.,"A",.,"A",.,"A"
"20101",2225803,32,0,"1",.,"A",.,"A",.,"A",.,"A",.,"A",.,"A",.,"A",.,"A",.,"A",.,"A",.,"A",.,"A",60,"D",.,"A",.,"A"
"20101",2225813,28,0,"1",.,"A",.,"A",.,"A",.,"A",.,"A",.,"A",.,"A",.,"A",.,"A",180,"D",180,"D",0,"D",65,"D",60,"D",.,"A"
"20101",2225824,30,0,"1",.,"A",.,"A",.,"A",.,"A",.,"A",.,"A",.,"A",.,"A",.,"A",.,"A",.,"A",.,"A",40,"D",.,"A",.,"A"
"20101",2225835,28,0,"1",6,"D",.,"A",.,"A",.,"A",30,"D",.,"A",.,"A",.,"A",.,"A",0,"D",0,"D",9,"D",.,"A",0,"D",.,"A"
"20101",2225844,29,0,"1",.,"A",.,"A",.,"A",.,"A",.,"A",.,"A",.,"A",.,"A",.,"A",.,"A",.,"A",.,"A",.,"A",.,"A",.,"A"
"20101",2225854,40,0,"1",.,"A",.,"A",.,"A",.,"A",.,"A",.,"A",650,"D",.,"A",.,"A",.,"A",.,"A",.,"A",60,"D",.,"A",.,"A"
"20101",2225863,26,0,"1",.,"A",.,"A",.,"A",.,"A",.,"A",.,"A",.,"A",.,"A",.,"A",.,"A",.,"A",.,"A",.,"A",.,"A",.,"A"
"20101",2225874,41,0,"1",.,"A",.,"A",35,"D",.,"A",240,"D",300,"D",975,"D",.,"A",.,"A",300,"D",0,"D",0,"D",40,"D",100,"D",.,"A"
"20101",2225883,48,0,"1",.,"A",.,"A",.,"A",.,"A",.,"A",260,"D",.,"A",.,"A",.,"A",.,"A",.,"A",.,"A",75,"D",.,"A",.,"A"
"20101",2225893,21,0,"1",.,"A",.,"A",.,"A",.,"A",.,"A",.,"A",325,"D",.,"A",.,"A",.,"A",.,"A",.,"A",8,"D",.,"A",.,"A"
"20101",2225902,25,0,"1",.,"A",.,"A",.,"A",.,"A",.,"A",.,"A",.,"A",.,"A",.,"A",.,"A",.,"A",.,"A",.,"A",.,"A",.,"A"
"20101",2225914,41,0,"1",.,"A",.,"A",.,"A",.,"A",.,"A",.,"A",104,"D",.,"A",.,"A",.,"A",.,"A",.,"A",.,"A",.,"A",.,"A"
"20101",2225924,37,0,"1",.,"A",.,"A",.,"A",.,"A",.,"A",.,"A",.,"A",.,"A",.,"A",.,"A",.,"A",.,"A",.,"A",.,"A",.,"A"
"20101",2225935,23,0,"1",10,"D",.,"A",.,"A",.,"A",30,"D",.,"A",78,"D",.,"A",.,"A",0,"D",0,"D",0,"D",.,"A",0,"D",.,"A"
"20101",2225944,34,0,"1",.,"A",.,"A",.,"A",.,"A",.,"A",.,"A",312,"D",.,"A",.,"A",.,"A",.,"A",.,"A",.,"A",.,"A",.,"A"
"20101",2225952,24,0,"1",.,"A",.,"A",.,"A",.,"A",110,"D",.,"A",.,"A",.,"A",.,"A",.,"A",.,"A",.,"A",.,"A",.,"A",.,"A"
"20101",2225963,26,0,"1",.,"A",.,"A",.,"A",.,"A",.,"A",.,"A",.,"A",.,"A",.,"A",.,"A",.,"A",.,"A",25,"D",.,"A",.,"A"
"20101",2225974,28,0,"1",.,"A",.,"A",.,"A",.,"A",.,"A",.,"A",.,"A",.,"A",.,"A",.,"A",.,"A",.,"A",.,"A",.,"A",.,"A"
"20101",2225982,40,0,"1",10,"D",.,"A",.,"A",.,"A",40,"D",.,"A",520,"D",.,"A",.,"A",0,"D",0,"D",0,"D",150,"D",0,"D",.,"A"
"20101",2225994,41,0,"1",.,"A",.,"A",.,"A",30,"D",.,"A",30,"D",.,"A",.,"A",360,"D",.,"A",.,"A",.,"A",400,"D",.,"A",.,"A"
"20101",2226004,43,0,"1",.,"A",.,"A",.,"A",.,"A",.,"A",.,"A",.,"A",.,"A",.,"A",.,"A",.,"A",.,"A",180,"D",.,"A",.,"A"
"20101",2226012,35,0,"1",.,"A",.,"A",.,"A",.,"A",300,"D",.,"A",78,"D",.,"A",.,"A",.,"A",.,"A",.,"A",60,"D",.,"A",.,"A"
"20101",2226023,31,0,"1",10,"D",.,"A",.,"A",.,"A",35,"D",51,"D",.,"A",.,"A",.,"A",0,"D",0,"D",0,"D",60,"D",0,"D",.,"A"
"20101",2226034,42,0,"1",.,"A",.,"A",.,"A",.,"A",.,"A",.,"A",.,"A",.,"A",.,"A",.,"A",.,"A",.,"A",45,"D",.,"A",.,"A"
"20101",2226044,38,0,"1",20,"D",.,"A",.,"A",.,"A",80,"D",.,"A",.,"A",.,"A",30,"D",0,"D",0,"D",0,"D",100,"D",0,"D",.,"A"
"20101",2226055,33,0,"1",.,"A",.,"A",.,"A",.,"A",.,"A",.,"A",.,"A",.,"A",.,"A",.,"A",.,"A",.,"A",.,"A",.,"A",.,"A"
"20101",2226064,40,0,"1",.,"A",.,"A",.,"A",.,"A",.,"A",.,"A",.,"A",.,"A",.,"A",.,"A",.,"A",.,"A",50,"D",.,"A",.,"A"
"20101",2226072,29,0,"1",.,"A",.,"A",.,"A",.,"A",.,"A",.,"A",.,"A",.,"A",.,"A",0,"D",0,"D",27,"D",.,"A",0,"D",.,"A"
"20101",2226085,57,0,"1",.,"A",.,"A",.,"A",.,"A",.,"A",.,"A",.,"A",.,"A",.,"A",.,"A",.,"A",.,"A",100,"D",.,"A",.,"A"
"20101",2226092,26,0,"1",.,"A",.,"A",.,"A",.,"A",.,"A",.,"A",.,"A",.,"A",.,"A",.,"A",.,"A",.,"A",.,"A",.,"A",.,"A"
"20101",2226104,28,0,"1",.,"A",.,"A",.,"A",.,"A",.,"A",.,"A",.,"A",.,"A",.,"A",.,"A",.,"A",.,"A",120,"F",.,"A",.,"A"
"20101",2226114,28,0,"1",.,"A",.,"A",.,"A",.,"A",.,"A",.,"A",.,"A",.,"A",.,"A",.,"A",.,"A",.,"A",.,"A",.,"A",.,"A"
"20101",2226123,67,0,"1",.,"A",.,"A",64,"D",.,"A",.,"A",150,"D",.,"A",.,"A",.,"A",.,"A",.,"A",.,"A",200,"D",.,"A",.,"A"
"20101",2226133,44,0,"1",.,"A",.,"A",.,"A",.,"A",.,"A",.,"A",.,"A",.,"A",.,"A",.,"A",.,"A",.,"A",.,"A",.,"A",.,"A"
"20101",2226145,33,0,"1",.,"A",.,"A",.,"A",.,"A",10,"D",.,"A",.,"A",.,"A",.,"A",.,"A",.,"A",.,"A",20,"D",.,"A",.,"A"
"20101",2226154,51,0,"1",.,"A",.,"A",.,"A",.,"A",.,"A",.,"A",260,"D",.,"A",15,"D",.,"A",.,"A",.,"A",15,"D",.,"A",.,"A"
"20101",2226163,22,0,"1",.,"A",.,"A",.,"A",.,"A",.,"A",.,"A",195,"D",.,"A",.,"A",.,"A",.,"A",.,"A",.,"A",.,"A",.,"A"
"20101",2226172,34,0,"1",.,"A",.,"A",.,"A",.,"A",.,"A",.,"A",.,"A",.,"A",.,"A",.,"A",.,"A",.,"A",.,"A",.,"A",.,"A"
"20101",2226182,34,0,"1",.,"A",.,"A",.,"A",.,"A",.,"A",.,"A",.,"A",.,"A",.,"A",.,"A",.,"A",.,"A",70,"D",.,"A",.,"A"
"20101",2226195,33,0,"1",.,"A",.,"A",.,"A",.,"A",30,"D",.,"A",.,"A",.,"A",.,"A",.,"A",.,"A",.,"A",.,"A",.,"A",.,"A"
"20101",2226202,26,0,"1",.,"A",.,"A",.,"A",.,"A",15,"D",.,"A",156,"D",.,"A",.,"A",.,"A",.,"A",.,"A",.,"A",.,"A",.,"A"
"20101",2226212,43,0,"1",.,"A",.,"A",.,"A",.,"A",.,"A",.,"A",1040,"D",.,"A",.,"A",.,"A",.,"A",.,"A",90,"D",.,"A",.,"A"
"20101",2226222,39,0,"1",.,"A",.,"A",.,"A",.,"A",.,"A",.,"A",390,"D",65,"D",.,"A",.,"A",.,"A",.,"A",.,"A",.,"A",.,"A"
"20101",2226233,31,0,"1",.,"A",.,"A",.,"A",.,"A",.,"A",.,"A",52,"D",.,"A",12,"D",.,"A",.,"A",.,"A",45,"D",.,"A",.,"A"
"20101",2226245,26,0,"1",.,"A",.,"A",.,"A",.,"A",100,"D",.,"A",.,"A",.,"A",.,"A",.,"A",.,"A",.,"A",50,"D",.,"A",.,"A"
"20101",2226255,29,0,"1",.,"A",.,"A",.,"A",.,"A",.,"A",.,"A",.,"A",.,"A",.,"A",.,"A",.,"A",.,"A",16,"D",.,"A",.,"A"
"20101",2226263,36,0,"1",.,"A",.,"A",.,"A",.,"A",.,"A",40,"D",.,"A",.,"A",.,"A",.,"A",.,"A",.,"A",.,"A",.,"A",.,"A"
"20101",2226274,37,0,"1",.,"A",.,"A",.,"A",.,"A",.,"A",.,"A",.,"A",.,"A",.,"A",.,"A",.,"A",.,"A",60,"D",.,"A",.,"A"
"20101",2226282,52,0,"1",.,"A",.,"A",.,"A",.,"A",.,"A",.,"A",156,"D",.,"A",240,"D",.,"A",.,"A",.,"A",.,"A",.,"A",.,"A"
"20101",2226294,33,0,"1",.,"A",.,"A",.,"A",.,"A",25,"D",.,"A",.,"A",.,"A",.,"A",.,"A",.,"A",.,"A",.,"A",.,"A",.,"A"
"20101",2226305,32,0,"1",.,"A",.,"A",.,"A",.,"A",40,"D",.,"A",.,"A",.,"A",.,"A",.,"A",.,"A",.,"A",20,"D",.,"A",.,"A"
"20101",2226314,55,0,"1",.,"A",.,"A",.,"A",.,"A",.,"A",420,"D",.,"A",.,"A",24,"D",.,"A",.,"A",.,"A",300,"D",.,"A",.,"A"
"20101",2226323,36,0,"1",.,"A",.,"A",.,"A",.,"A",.,"A",.,"A",.,"A",.,"A",.,"A",.,"A",.,"A",.,"A",200,"D",.,"A",.,"A"
"20101",2226332,29,0,"1",.,"A",.,"A",.,"A",.,"A",.,"A",.,"A",.,"A",.,"A",.,"A",.,"A",.,"A",.,"A",.,"A",.,"A",.,"A"
"20101",2226345,30,0,"1",.,"A",.,"A",.,"A",.,"A",.,"A",.,"A",.,"A",.,"A",.,"A",.,"A",.,"A",.,"A",70,"D",.,"A",.,"A"
"20101",2226354,45,0,"1",.,"A",.,"A",.,"A",.,"A",.,"A",.,"A",.,"A",.,"A",60,"D",.,"A",.,"A",.,"A",35,"D",.,"A",.,"A"
"20101",2226365,44,0,"1",.,"A",.,"A",.,"A",40,"D",30,"D",.,"A",.,"A",.,"A",.,"A",0,"D",0,"D",120,"D",200,"D",0,"D",.,"A"
"20101",2226373,75,0,"1",.,"A",.,"A",.,"A",.,"A",.,"A",.,"A",.,"A",.,"A",30,"D",.,"A",.,"A",.,"A",420,"D",.,"A",.,"A"
"20101",2226384,47,0,"1",.,"A",.,"A",.,"A",.,"A",.,"A",.,"A",.,"A",.,"A",.,"A",.,"A",.,"A",.,"A",.,"A",.,"A",.,"A"
"20101",2226395,50,0,"1",.,"A",.,"A",.,"A",.,"A",.,"A",.,"A",.,"A",.,"A",.,"A",.,"A",.,"A",.,"A",65,"D",.,"A",.,"A"
"20101",2226405,46,0,"1",.,"A",.,"A",.,"A",.,"A",.,"A",.,"A",.,"A",195,"D",.,"A",.,"A",.,"A",.,"A",.,"A",.,"A",.,"A"
"20101",2226412,33,0,"1",.,"A",.,"A",.,"A",.,"A",.,"A",.,"A",195,"D",.,"A",.,"A",.,"A",.,"A",.,"A",.,"A",.,"A",.,"A"
"20101",2226422,40,0,"1",9,"D",.,"A",.,"A",.,"A",0,"D",.,"A",.,"A",.,"A",.,"A",.,"A",.,"A",.,"A",48,"D",.,"A",.,"A"
"20101",2226433,41,0,"1",.,"A",.,"A",.,"A",.,"A",150,"D",.,"A",65,"D",.,"A",3,"D",.,"A",.,"A",.,"A",70,"D",.,"A",.,"A"
"20101",2226443,33,0,"1",.,"A",.,"A",.,"A",.,"A",.,"A",.,"A",.,"A",.,"A",.,"A",.,"A",.,"A",.,"A",.,"A",.,"A",.,"A"
"20101",2226454,47,0,"1",.,"A",.,"A",.,"A",.,"A",.,"A",.,"A",.,"A",.,"A",.,"A",.,"A",.,"A",.,"A",150,"D",.,"A",.,"A"
"20101",2226462,23,0,"1",.,"A",.,"A",.,"A",.,"A",.,"A",.,"A",143,"D",.,"A",.,"A",.,"A",.,"A",.,"A",.,"A",.,"A",.,"A"
"20101",2226473,29,0,"1",.,"A",.,"A",.,"A",240,"D",.,"A",.,"A",.,"A",.,"A",.,"A",.,"A",.,"A",.,"A",.,"A",.,"A",.,"A"
"20101",2226483,67,0,"1",.,"A",.,"A",.,"A",.,"A",.,"A",.,"A",65,"D",.,"A",480,"D",.,"A",.,"A",.,"A",24,"D",.,"A",.,"A"
"20101",2226492,33,0,"1",10,"D",.,"A",.,"A",.,"A",30,"D",.,"A",.,"A",.,"A",.,"A",.,"A",.,"A",.,"A",40,"D",.,"A",.,"A"
"20101",2226504,33,0,"1",0,"F",.,"A",.,"A",.,"A",150,"F",.,"A",.,"A",.,"A",.,"A",.,"A",.,"A",.,"A",.,"A",.,"A",.,"A"
"20101",2226514,38,0,"1",.,"A",.,"A",.,"A",.,"A",90,"D",.,"A",.,"A",.,"A",.,"A",.,"A",.,"A",.,"A",60,"D",.,"A",.,"A"
"20101",2226524,28,0,"1",.,"A",.,"A",.,"A",.,"A",30,"D",.,"A",.,"A",.,"A",.,"A",.,"A",.,"A",.,"A",.,"A",.,"A",.,"A"
"20101",2226535,25,0,"1",.,"A",.,"A",.,"A",.,"A",.,"A",.,"A",.,"A",.,"A",.,"A",0,"D",0,"D",0,"D",.,"A",0,"D",.,"A"
"20101",2226543,35,0,"1",.,"A",.,"A",.,"A",.,"A",.,"A",.,"A",.,"A",.,"A",.,"A",.,"A",.,"A",.,"A",.,"A",.,"A",.,"A"
"20101",2226555,36,0,"1",.,"A",.,"A",.,"A",.,"A",.,"A",.,"A",130,"D",.,"A",.,"A",.,"A",.,"A",.,"A",20,"D",.,"A",.,"A"
"20101",2226565,28,0,"1",.,"A",.,"A",.,"A",45,"F",.,"A",.,"A",780,"D",.,"A",.,"A",0,"D",0,"D",180,"F",.,"A",0,"D",.,"A"
"20101",2226574,49,0,"1",.,"A",.,"A",.,"A",.,"A",.,"A",100,"D",.,"A",.,"A",.,"A",.,"A",.,"A",.,"A",400,"D",.,"A",.,"A"
"20101",2226582,87,0,"1",.,"A",.,"A",.,"A",.,"A",.,"A",60,"D",325,"D",.,"A",30,"D",.,"A",.,"A",.,"A",250,"D",.,"A",.,"A"
"20101",2226595,29,0,"1",3,"D",.,"A",.,"A",.,"A",15,"D",30,"D",.,"A",.,"A",.,"A",.,"A",.,"A",.,"A",20,"D",.,"A",.,"A"
"20101",2226605,34,0,"1",.,"A",.,"A",.,"A",.,"A",.,"A",.,"A",325,"D",.,"A",.,"A",.,"A",.,"A",.,"A",.,"A",.,"A",.,"A"
"20101",2226612,27,0,"1",.,"A",.,"A",.,"A",.,"A",.,"A",.,"A",.,"A",.,"A",.,"A",.,"A",.,"A",.,"A",.,"A",.,"A",.,"A"
"20101",2226624,28,0,"1",.,"A",.,"A",.,"A",.,"A",.,"A",.,"A",.,"A",.,"A",.,"A",.,"A",.,"A",.,"A",.,"A",.,"A",.,"A"
"20101",2226633,25,0,"1",.,"A",.,"A",.,"A",.,"A",190,"F",.,"A",.,"A",.,"A",.,"A",.,"A",.,"A",.,"A",.,"A",.,"A",.,"A"
"20101",2226642,26,0,"1",.,"A",.,"A",.,"A",.,"A",.,"A",.,"A",.,"A",.,"A",.,"A",120,"D",0,"D",0,"D",.,"A",40,"D",.,"A"
"20101",2226652,63,0,"1",.,"A",.,"A",.,"A",.,"A",.,"A",110,"D",.,"A",.,"A",.,"A",.,"A",.,"A",.,"A",200,"D",.,"A",.,"A"
"20101",2226665,81,0,"1",.,"A",20,"D",.,"A",.,"A",.,"A",280,"D",.,"A",.,"A",.,"A",.,"A",.,"A",.,"A",300,"D",.,"A",.,"A"
"20101",2226673,56,0,"1",.,"A",.,"A",.,"A",.,"A",.,"A",100,"D",.,"A",.,"A",.,"A",0,"D",0,"D",30,"D",460,"D",0,"D",.,"A"
"20101",2226682,30,0,"1",.,"A",.,"A",.,"A",.,"A",.,"A",.,"A",195,"D",.,"A",.,"A",.,"A",.,"A",.,"A",.,"A",.,"A",.,"A"
"20101",2226693,40,0,"1",.,"A",.,"A",.,"A",.,"A",.,"A",100,"D",.,"A",.,"A",.,"A",.,"A",.,"A",.,"A",60,"D",.,"A",.,"A"
"20101",2226704,66,0,"1",.,"A",.,"A",.,"A",.,"A",.,"A",.,"A",1300,"D",.,"A",150,"D",.,"A",.,"A",.,"A",150,"D",.,"A",.,"A"
"20101",2226712,45,0,"1",30,"D",.,"A",.,"A",.,"A",90,"D",30,"D",780,"D",.,"A",.,"A",.,"A",.,"A",.,"A",120,"D",.,"A",.,"A"
"20101",2226725,58,0,"1",.,"A",.,"A",.,"A",.,"A",.,"A",70,"D",91,"D",.,"A",.,"A",.,"A",.,"A",.,"A",35,"D",.,"A",.,"A"
"20101",2226733,34,0,"1",.,"A",.,"A",.,"A",.,"A",.,"A",.,"A",.,"A",.,"A",.,"A",.,"A",.,"A",.,"A",30,"D",.,"A",.,"A"
"20101",2226743,37,0,"1",.,"A",.,"A",.,"A",.,"A",.,"A",70,"D",260,"D",.,"A",.,"A",.,"A",.,"A",.,"A",.,"A",.,"A",.,"A"
"20101",2226752,28,0,"1",.,"A",.,"A",.,"A",.,"A",20,"D",.,"A",.,"A",.,"A",.,"A",0,"D",0,"D",120,"D",60,"D",0,"D",.,"A"
"20101",2226764,50,0,"1",.,"A",.,"A",.,"A",.,"A",.,"A",20,"D",.,"A",.,"A",.,"A",.,"A",.,"A",.,"A",60,"D",.,"A",.,"A"
"20101",2226773,32,0,"1",.,"A",.,"A",.,"A",.,"A",.,"A",.,"A",.,"A",.,"A",45,"D",180,"D",0,"D",0,"D",100,"D",60,"D",.,"A"
"20101",2226784,46,0,"1",.,"A",.,"A",.,"A",.,"A",.,"A",.,"A",455,"D",.,"A",.,"A",.,"A",.,"A",.,"A",.,"A",.,"A",.,"A"
"20101",2226793,26,0,"1",.,"A",.,"A",.,"A",.,"A",.,"A",.,"A",.,"A",.,"A",.,"A",.,"A",.,"A",.,"A",40,"D",.,"A",.,"A"
"20101",2226803,56,0,"1",.,"A",.,"A",.,"A",.,"A",.,"A",.,"A",.,"A",.,"A",.,"A",.,"A",.,"A",.,"A",60,"D",.,"A",.,"A"
"20101",2226812,42,0,"1",.,"A",.,"A",.,"A",.,"A",.,"A",.,"A",.,"A",.,"A",.,"A",.,"A",.,"A",.,"A",24,"D",.,"A",.,"A"
"20101",2226822,31,0,"1",.,"A",.,"A",.,"A",.,"A",.,"A",.,"A",.,"A",.,"A",.,"A",.,"A",.,"A",.,"A",132,"D",.,"A",.,"A"
"20101",2226834,25,0,"1",.,"A",.,"A",.,"A",.,"A",.,"A",.,"A",.,"A",.,"A",.,"A",.,"A",.,"A",.,"A",.,"A",.,"A",.,"A"
"20101",2226843,31,0,"1",.,"A",.,"A",.,"A",.,"A",.,"A",.,"A",.,"A",.,"A",.,"A",.,"A",.,"A",.,"A",.,"A",.,"A",.,"A"
"20101",2226853,30,0,"1",10,"D",.,"A",.,"A",.,"A",80,"D",.,"A",.,"A",.,"A",.,"A",.,"A",.,"A",.,"A",.,"A",.,"A",.,"A"
"20101",2226865,34,0,"1",.,"A",.,"A",.,"A",.,"A",.,"A",.,"A",.,"A",.,"A",.,"A",.,"A",.,"A",.,"A",.,"A",.,"A",.,"A"
"20101",2226874,20,0,"1",.,"A",.,"A",.,"A",.,"A",.,"A",.,"A",.,"A",.,"A",.,"A",.,"A",.,"A",.,"A",.,"A",.,"A",.,"A"
"20101",2226884,28,0,"1",.,"A",.,"A",.,"A",.,"A",.,"A",.,"A",.,"A",.,"A",.,"A",.,"A",.,"A",.,"A",30,"D",.,"A",.,"A"
"20101",2226893,29,0,"1",.,"A",.,"A",.,"A",156,"D",.,"A",.,"A",390,"D",.,"A",.,"A",255,"D",0,"D",0,"D",.,"A",85,"D",.,"A"
"20101",2226904,32,0,"1",.,"A",.,"A",.,"A",.,"A",.,"A",.,"A",.,"A",.,"A",.,"A",.,"A",.,"A",.,"A",.,"A",.,"A",.,"A"
"20101",2226914,47,0,"1",.,"A",.,"A",.,"A",.,"A",70,"D",.,"A",.,"A",.,"A",.,"A",.,"A",.,"A",.,"A",165,"D",.,"A",.,"A"
"20101",2226925,30,0,"1",.,"A",.,"A",.,"A",.,"A",.,"A",.,"A",.,"A",.,"A",.,"A",.,"A",.,"A",.,"A",.,"A",.,"A",.,"A"
"20101",2226932,30,0,"1",.,"A",.,"A",.,"A",.,"A",.,"A",.,"A",728,"D",.,"A",.,"A",.,"A",.,"A",.,"A",.,"A",.,"A",.,"A"
"20101",2226942,25,0,"1",.,"A",.,"A",.,"A",.,"A",.,"A",10,"D",.,"A",.,"A",.,"A",.,"A",.,"A",.,"A",.,"A",.,"A",.,"A"
"20101",2226953,62,0,"1",.,"A",.,"A",.,"A",.,"A",120,"D",.,"A",.,"A",.,"A",.,"A",.,"A",.,"A",.,"A",.,"A",.,"A",.,"A"
"20101",2226962,27,0,"1",.,"A",.,"A",.,"A",.,"A",20,"D",.,"A",.,"A",.,"A",.,"A",0,"D",0,"D",480,"D",20,"D",0,"D",.,"A"
"20101",2226974,40,0,"1",.,"A",.,"A",.,"A",.,"A",.,"A",20,"D",.,"A",.,"A",.,"A",.,"A",.,"A",.,"A",30,"D",.,"A",.,"A"
"20101",2226985,44,0,"1",.,"A",.,"A",.,"A",60,"D",300,"D",.,"A",.,"A",.,"A",9,"D",300,"D",0,"D",30,"D",120,"D",100,"D",.,"A"
"20101",2226992,31,0,"1",.,"A",.,"A",.,"A",.,"A",.,"A",.,"A",.,"A",.,"A",.,"A",.,"A",.,"A",.,"A",.,"A",.,"A",.,"A"
"20101",2227005,36,0,"1",.,"A",.,"A",.,"A",.,"A",40,"D",.,"A",.,"A",.,"A",.,"A",.,"A",.,"A",.,"A",40,"D",.,"A",.,"A"
"20101",2227012,27,0,"1",.,"A",.,"A",.,"A",.,"A",.,"A",.,"A",.,"A",.,"A",.,"A",.,"A",.,"A",.,"A",.,"A",.,"A",.,"A"
"20101",2227024,29,0,"1",.,"A",.,"A",.,"A",.,"A",80,"D",.,"A",780,"D",.,"A",36,"D",0,"D",120,"D",0,"D",.,"A",0,"D",.,"A"
"20101",2227034,53,0,"1",.,"A",.,"A",.,"A",.,"A",.,"A",.,"A",.,"A",.,"A",.,"A",225,"D",0,"D",0,"D",60,"D",75,"D",.,"A"
"20101",2227044,28,0,"1",.,"A",.,"A",.,"A",.,"A",26,"D",.,"A",390,"D",.,"A",.,"A",60,"D",0,"D",78,"D",.,"A",20,"D",.,"A"
"20101",2227053,58,0,"1",.,"A",.,"A",.,"A",.,"A",.,"A",.,"A",910,"D",.,"A",.,"A",.,"A",.,"A",.,"A",220,"D",.,"A",.,"A"
"20101",2227064,56,0,"1",.,"A",.,"A",.,"A",.,"A",.,"A",.,"A",.,"A",.,"A",9,"D",.,"A",.,"A",.,"A",50,"D",.,"A",.,"A"
"20101",2227074,68,0,"1",.,"A",.,"A",75,"D",20,"D",.,"A",.,"A",.,"A",.,"A",.,"A",.,"A",.,"A",.,"A",131,"D",.,"A",.,"A"
"20101",2227083,49,0,"1",.,"A",.,"A",20,"D",.,"A",3,"D",.,"A",.,"A",.,"A",.,"A",.,"A",.,"A",.,"A",70,"D",.,"A",.,"A"
"20101",2227094,23,0,"1",.,"A",.,"A",.,"A",.,"A",.,"A",.,"A",.,"A",.,"A",12,"D",0,"D",0,"D",0,"D",.,"A",0,"D",.,"A"
"20101",2227104,36,0,"1",.,"A",.,"A",.,"A",.,"A",.,"A",.,"A",325,"D",.,"A",.,"A",.,"A",.,"A",.,"A",.,"A",.,"A",.,"A"
"20101",2227113,24,0,"1",.,"A",.,"A",.,"A",.,"A",.,"A",.,"A",.,"A",.,"A",24,"D",0,"D",90,"D",0,"D",.,"A",0,"D",.,"A"
"20101",2227124,23,0,"1",.,"A",.,"A",.,"A",.,"A",240,"D",.,"A",.,"A",.,"A",.,"A",300,"D",108,"D",0,"D",28,"D",100,"D",.,"A"
"20101",2227135,30,0,"1",.,"A",.,"A",.,"A",.,"A",.,"A",.,"A",.,"A",.,"A",.,"A",.,"A",.,"A",.,"A",.,"A",.,"A",.,"A"
"20101",2227144,42,0,"1",.,"A",.,"A",.,"A",.,"A",10,"D",.,"A",.,"A",.,"A",.,"A",.,"A",.,"A",.,"A",22,"D",.,"A",.,"A"
"20101",2227152,35,0,"1",.,"A",.,"A",.,"A",.,"A",.,"A",.,"A",.,"A",.,"A",.,"A",.,"A",.,"A",.,"A",.,"A",.,"A",.,"A"
"20101",2227164,51,0,"1",.,"A",.,"A",.,"A",.,"A",.,"A",.,"A",.,"A",.,"A",.,"A",.,"A",.,"A",.,"A",300,"D",.,"A",.,"A"
"20101",2227173,73,0,"1",.,"A",.,"A",.,"A",.,"A",.,"A",150,"D",65,"D",.,"A",.,"A",.,"A",.,"A",.,"A",75,"D",.,"A",.,"A"
"20101",2227185,30,0,"1",.,"A",.,"A",.,"A",.,"A",.,"A",.,"A",.,"A",.,"A",.,"A",.,"A",.,"A",.,"A",.,"A",.,"A",.,"A"
"20101",2227192,49,0,"1",.,"A",.,"A",.,"A",100,"D",96,"D",.,"A",.,"A",.,"A",.,"A",.,"A",.,"A",.,"A",120,"D",.,"A",.,"A"
"20101",2227202,24,0,"1",.,"A",.,"A",.,"A",.,"A",.,"A",.,"A",.,"A",.,"A",30,"D",.,"A",.,"A",.,"A",.,"A",.,"A",.,"A"
"20101",2227215,38,0,"1",.,"A",.,"A",.,"A",.,"A",120,"D",.,"A",260,"D",.,"A",45,"D",45,"D",0,"D",0,"D",100,"D",15,"D",.,"A"
"20101",2227222,32,0,"1",.,"A",.,"A",.,"A",.,"A",.,"A",.,"A",.,"A",.,"A",.,"A",.,"A",.,"A",.,"A",50,"D",.,"A",.,"A"
"20101",2227232,33,0,"1",.,"A",.,"A",.,"A",.,"A",120,"D",.,"A",.,"A",.,"A",.,"A",.,"A",.,"A",.,"A",.,"A",.,"A",.,"A"
"20101",2227242,34,0,"1",.,"A",.,"A",.,"A",.,"A",24,"D",.,"A",.,"A",.,"A",.,"A",.,"A",.,"A",.,"A",.,"A",.,"A",.,"A"
"20101",2227253,45,0,"1",.,"A",.,"A",.,"A",.,"A",50,"D",.,"A",.,"A",.,"A",.,"A",.,"A",.,"A",.,"A",45,"D",.,"A",.,"A"
"20101",2227264,49,0,"1",.,"A",.,"A",.,"A",30,"D",.,"A",.,"A",1040,"D",.,"A",60,"D",.,"A",.,"A",.,"A",180,"D",.,"A",.,"A"
"20101",2227275,21,0,"1",.,"A",.,"A",.,"A",.,"A",10,"D",.,"A",.,"A",.,"A",.,"A",267,"D",0,"D",0,"D",.,"A",89,"D",.,"A"
"20101",2227285,38,0,"1",.,"A",.,"A",.,"A",.,"A",.,"A",.,"A",546,"D",.,"A",300,"D",.,"A",.,"A",.,"A",60,"D",.,"A",.,"A"
"20101",2227292,30,0,"1",.,"A",.,"A",.,"A",.,"A",.,"A",.,"A",195,"D",.,"A",.,"A",.,"A",.,"A",.,"A",12,"D",.,"A",.,"A"
"20101",2227302,66,0,"1",96,"D",.,"A",.,"A",480,"D",288,"D",.,"A",.,"A",.,"A",90,"F",258,"D",258,"D",0,"D",78,"D",86,"D",.,"A"
"20101",2227314,84,0,"1",.,"A",.,"A",.,"A",.,"A",.,"A",.,"A",.,"A",.,"A",.,"A",.,"A",.,"A",.,"A",100,"D",.,"A",.,"A"
"20101",2227323,47,0,"1",.,"A",.,"A",.,"A",.,"A",.,"A",40,"D",.,"A",.,"A",.,"A",.,"A",.,"A",.,"A",.,"A",.,"A",.,"A"
"20101",2227334,45,0,"1",.,"A",.,"A",.,"A",50,"D",15,"D",.,"A",78,"D",.,"A",.,"A",0,"D",0,"D",15,"D",48,"D",0,"D",.,"A"
"20101",2227342,32,0,"1",.,"A",.,"A",.,"A",.,"A",10,"D",.,"A",.,"A",.,"A",.,"A",180,"D",0,"D",0,"D",.,"A",60,"D",.,"A"
"20101",2227353,49,0,"1",.,"A",.,"A",.,"A",.,"A",.,"A",.,"A",.,"A",.,"A",.,"A",.,"A",.,"A",.,"A",120,"D",.,"A",.,"A"
"20101",2227362,33,0,"1",.,"A",.,"A",.,"A",.,"A",.,"A",.,"A",.,"A",.,"A",.,"A",.,"A",.,"A",.,"A",.,"A",.,"A",.,"A"
"20101",2227372,23,0,"1",.,"A",.,"A",.,"A",.,"A",.,"A",.,"A",.,"A",.,"A",.,"A",0,"D",0,"D",0,"D",.,"A",0,"D",.,"A"
"20101",2227382,39,0,"1",.,"A",.,"A",.,"A",.,"A",.,"A",.,"A",130,"D",.,"A",.,"A",.,"A",.,"A",.,"A",30,"D",.,"A",.,"A"
"20101",2227393,43,0,"1",.,"A",.,"A",.,"A",.,"A",.,"A",.,"A",.,"A",.,"A",9,"D",.,"A",.,"A",.,"A",.,"A",.,"A",.,"A"
"20101",2227403,28,0,"1",.,"A",.,"A",.,"A",.,"A",.,"A",.,"A",.,"A",.,"A",.,"A",.,"A",.,"A",.,"A",.,"A",.,"A",.,"A"
"20101",2227413,23,0,"1",.,"A",.,"A",.,"A",.,"A",.,"A",.,"A",.,"A",.,"A",.,"A",.,"A",.,"A",.,"A",.,"A",.,"A",.,"A"
"20101",2227424,70,0,"1",.,"A",.,"A",.,"A",.,"A",.,"A",52,"D",.,"A",.,"A",.,"A",.,"A",.,"A",.,"A",89,"D",.,"A",.,"A"
"20101",2227434,27,0,"1",.,"A",.,"A",.,"A",.,"A",70,"D",.,"A",.,"A",.,"A",.,"A",.,"A",.,"A",.,"A",.,"A",.,"A",.,"A"
"20101",2227444,37,0,"1",.,"A",.,"A",.,"A",.,"A",130,"D",.,"A",.,"A",.,"A",.,"A",.,"A",.,"A",.,"A",57,"D",.,"A",.,"A"
"20101",2227454,31,0,"1",.,"A",.,"A",.,"A",.,"A",.,"A",.,"A",650,"D",.,"A",.,"A",.,"A",.,"A",.,"A",10,"D",.,"A",.,"A"
"20101",2227464,45,0,"1",.,"A",.,"A",.,"A",.,"A",.,"A",.,"A",.,"A",.,"A",.,"A",.,"A",.,"A",.,"A",100,"D",.,"A",.,"A"
"20101",2227474,60,0,"1",.,"A",.,"A",.,"A",.,"A",.,"A",.,"A",130,"D",.,"A",.,"A",.,"A",.,"A",.,"A",.,"A",.,"A",.,"A"
"20101",2227483,40,0,"1",.,"A",.,"A",.,"A",.,"A",.,"A",.,"A",390,"D",.,"A",.,"A",.,"A",.,"A",.,"A",80,"D",.,"A",.,"A"
"20101",2227494,39,0,"1",.,"A",.,"A",.,"A",.,"A",.,"A",.,"A",.,"A",.,"A",.,"A",.,"A",.,"A",.,"A",35,"D",.,"A",.,"A"
"20101",2227505,32,0,"1",0,"F",.,"A",.,"A",.,"A",30,"F",.,"A",.,"A",.,"A",.,"A",.,"A",.,"A",.,"A",.,"A",.,"A",.,"A"
"20101",2227515,46,0,"1",.,"A",.,"A",.,"A",.,"A",.,"A",.,"A",.,"A",.,"A",.,"A",.,"A",.,"A",.,"A",100,"D",.,"A",.,"A"
"20101",2227522,24,0,"1",.,"A",.,"A",.,"A",.,"A",.,"A",.,"A",.,"A",.,"A",9,"D",0,"D",0,"D",0,"D",.,"A",0,"D",.,"A"
"20101",2227532,67,0,"1",.,"A",.,"A",.,"A",.,"A",.,"A",.,"A",.,"A",.,"A",12,"D",.,"A",.,"A",.,"A",155,"D",.,"A",.,"A"
"20101",2227545,64,0,"1",.,"A",.,"A",.,"A",.,"A",.,"A",.,"A",.,"A",.,"A",.,"A",.,"A",.,"A",.,"A",40,"D",.,"A",.,"A"
"20101",2227555,38,0,"1",.,"A",.,"A",.,"A",.,"A",.,"A",.,"A",.,"A",.,"A",.,"A",.,"A",.,"A",.,"A",300,"D",.,"A",.,"A"
"20101",2227565,31,0,"1",.,"A",.,"A",.,"A",.,"A",.,"A",.,"A",.,"A",.,"A",.,"A",.,"A",.,"A",.,"A",.,"A",.,"A",.,"A"
"20101",2227575,68,0,"1",.,"A",.,"A",.,"A",.,"A",.,"A",.,"A",780,"D",.,"A",.,"A",.,"A",.,"A",.,"A",.,"A",.,"A",.,"A"
"20101",2227582,36,0,"1",.,"A",.,"A",.,"A",.,"A",20,"D",.,"A",.,"A",.,"A",.,"A",0,"D",0,"D",30,"D",30,"D",0,"D",.,"A"
"20101",2227595,47,0,"1",.,"A",.,"A",.,"A",.,"A",.,"A",390,"D",.,"A",.,"A",45,"D",.,"A",.,"A",.,"A",1200,"D",.,"A",.,"A"
"20101",2227604,24,0,"1",.,"A",.,"A",.,"A",.,"A",.,"A",.,"A",.,"A",.,"A",.,"A",.,"A",.,"A",.,"A",.,"A",.,"A",.,"A"
"20101",2227615,51,0,"1",10,"D",.,"A",.,"A",.,"A",30,"D",.,"A",.,"A",.,"A",.,"A",.,"A",.,"A",.,"A",.,"A",.,"A",.,"A"
"20101",2227622,32,0,"1",.,"A",.,"A",.,"A",.,"A",24,"D",.,"A",.,"A",.,"A",.,"A",.,"A",.,"A",.,"A",.,"A",.,"A",.,"A"
"20101",2227632,31,0,"1",.,"A",.,"A",.,"A",600,"D",.,"A",.,"A",455,"D",.,"A",.,"A",195,"D",6,"D",6,"D",.,"A",65,"D",.,"A"
"20102",2018195,62,0,"1",.,"A",.,"A",.,"A",.,"A",.,"A",.,"A",.,"A",.,"A",.,"A",.,"A",.,"A",.,"A",200,"D",.,"A",.,"A"
"20102",2018205,37,0,"1",.,"A",.,"A",.,"A",.,"A",.,"A",.,"A",546,"D",.,"A",.,"A",.,"A",.,"A",.,"A",13,"D",.,"A",.,"A"
"20102",2018215,89,0,"1",.,"A",.,"A",.,"A",.,"A",.,"A",.,"A",.,"A",.,"A",.,"A",.,"A",.,"A",.,"A",40,"D",.,"A",.,"A"
"20102",2018245,55,0,"1",.,"A",.,"A",.,"A",.,"A",.,"A",.,"A",234,"D",.,"A",.,"A",.,"A",.,"A",.,"A",.,"A",.,"A",.,"A"
"20102",2018265,45,0,"1",.,"A",.,"A",.,"A",.,"A",.,"A",.,"A",.,"A",260,"D",.,"A",.,"A",.,"A",.,"A",.,"A",.,"A",.,"A"
"20102",2018275,44,0,"1",.,"A",.,"A",.,"A",.,"A",.,"A",.,"A",.,"A",.,"A",.,"A",.,"A",.,"A",.,"A",150,"D",.,"A",.,"A"
"20102",2018285,33,0,"1",.,"A",.,"A",.,"A",.,"A",.,"A",.,"A",.,"A",.,"A",.,"A",.,"A",.,"A",.,"A",.,"A",.,"A",.,"A"
"20102",2018315,54,0,"1",.,"A",.,"A",.,"A",.,"A",.,"A",.,"A",.,"A",.,"A",.,"A",.,"A",.,"A",.,"A",60,"D",.,"A",.,"A"
"20102",2018325,67,0,"1",.,"A",.,"A",.,"A",.,"A",.,"A",.,"A",.,"A",.,"A",.,"A",.,"A",.,"A",.,"A",107,"D",.,"A",.,"A"
"20102",2018335,83,0,"1",.,"A",.,"A",.,"A",.,"A",.,"A",60,"D",.,"A",.,"A",.,"A",.,"A",.,"A",.,"A",110,"D",.,"A",.,"A"
"20102",2018355,22,0,"1",.,"A",.,"A",.,"A",.,"A",.,"A",.,"A",.,"A",.,"A",.,"A",0,"D",252,"D",0,"D",.,"A",0,"D",.,"A"
"20102",2018375,70,0,"1",.,"A",.,"A",.,"A",.,"A",.,"A",200,"D",.,"A",.,"A",.,"A",.,"A",.,"A",.,"A",150,"D",.,"A",.,"A"
"20102",2018395,64,0,"1",.,"A",.,"A",.,"A",.,"A",.,"A",.,"A",.,"A",.,"A",45,"D",.,"A",.,"A",.,"A",68,"D",.,"A",.,"A"
"20102",2018405,63,0,"1",.,"A",.,"A",.,"A",.,"A",.,"A",.,"A",390,"F",.,"A",.,"A",.,"A",.,"A",.,"A",45,"D",.,"A",.,"A"
"20102",2018415,63,0,"1",.,"A",.,"A",.,"A",.,"A",.,"A",20,"D",.,"A",.,"A",.,"A",.,"A",.,"A",.,"A",50,"D",.,"A",.,"A"
"20102",2018445,59,0,"1",.,"A",.,"A",.,"A",.,"A",.,"A",.,"A",.,"A",.,"A",.,"A",.,"A",.,"A",.,"A",80,"D",.,"A",.,"A"
"20102",2018455,38,0,"1",.,"A",.,"A",.,"A",.,"A",.,"A",.,"A",.,"A",.,"A",.,"A",.,"A",.,"A",.,"A",.,"A",.,"A",.,"A"
"20102",2018465,69,0,"1",.,"A",.,"A",62,"D",.,"A",.,"A",114,"D",.,"A",.,"A",24,"D",156,"D",0,"D",0,"D",175,"D",52,"D",.,"A"
"20102",2018475,60,0,"1",.,"A",.,"A",.,"A",.,"A",.,"A",.,"A",.,"A",.,"A",12,"D",.,"A",.,"A",.,"A",56,"D",.,"A",.,"A"
"20102",2018485,45,0,"1",.,"A",.,"A",.,"A",.,"A",.,"A",.,"A",.,"A",.,"A",42,"D",.,"A",.,"A",.,"A",30,"D",.,"A",.,"A"
"20102",2018495,64,0,"1",.,"A",.,"A",.,"A",.,"A",.,"A",.,"A",.,"A",.,"A",.,"A",.,"A",.,"A",.,"A",100,"D",.,"A",.,"A"
"20102",2018535,49,0,"1",.,"A",.,"A",.,"A",.,"A",.,"A",.,"A",.,"A",.,"A",.,"A",.,"A",.,"A",.,"A",180,"D",.,"A",.,"A"
"20102",2018545,51,0,"1",.,"A",.,"A",.,"A",.,"A",.,"A",.,"A",728,"D",.,"A",30,"D",.,"A",.,"A",.,"A",50,"D",.,"A",.,"A"
"20102",2018555,40,0,"1",.,"A",.,"A",.,"A",.,"A",15,"D",.,"A",130,"D",.,"A",.,"A",.,"A",.,"A",.,"A",.,"A",.,"A",.,"A"
"20102",2018575,43,0,"1",.,"A",.,"A",.,"A",.,"A",.,"A",.,"A",.,"A",.,"A",.,"A",.,"A",.,"A",.,"A",200,"D",.,"A",.,"A"
"20102",2018585,48,0,"1",.,"A",.,"A",.,"A",.,"A",.,"A",.,"A",.,"A",.,"A",15,"D",.,"A",.,"A",.,"A",.,"A",.,"A",.,"A"
"20102",2018595,55,0,"1",.,"A",.,"A",.,"A",.,"A",.,"A",.,"A",.,"A",.,"A",.,"A",.,"A",.,"A",.,"A",.,"A",.,"A",.,"A"
"20102",2018605,32,0,"1",.,"A",.,"A",.,"A",.,"A",.,"A",.,"A",.,"A",.,"A",.,"A",540,"D",0,"D",0,"D",100,"D",180,"D",.,"A"
"20102",2018625,77,0,"1",.,"A",.,"A",.,"A",.,"A",.,"A",.,"A",.,"A",.,"A",.,"A",.,"A",.,"A",.,"A",180,"D",.,"A",.,"A"
"20102",2018635,34,0,"1",.,"A",.,"A",.,"A",.,"A",.,"A",.,"A",.,"A",.,"A",.,"A",60,"D",0,"D",0,"D",40,"D",20,"D",.,"A"
"20102",2018645,36,0,"1",.,"A",.,"A",.,"A",.,"A",.,"A",.,"A",520,"D",.,"A",.,"A",.,"A",.,"A",.,"A",.,"A",.,"A",.,"A"
"20102",2018665,59,0,"1",25,"D",.,"A",.,"A",.,"A",95,"D",.,"A",260,"D",325,"D",.,"A",.,"A",.,"A",.,"A",.,"A",.,"A",.,"A"
"20102",2018675,77,0,"1",.,"A",.,"A",.,"A",.,"A",.,"A",.,"A",.,"A",.,"A",.,"A",.,"A",.,"A",.,"A",15,"D",.,"A",.,"A"
"20102",2018695,49,0,"1",.,"A",.,"A",.,"A",.,"A",.,"A",.,"A",.,"A",.,"A",.,"A",.,"A",.,"A",.,"A",60,"D",.,"A",.,"A"
"20102",2018725,64,0,"1",.,"A",.,"A",.,"A",.,"A",.,"A",.,"A",.,"A",.,"A",.,"A",.,"A",.,"A",.,"A",75,"D",.,"A",.,"A"
"20102",2018735,33,0,"1",.,"A",.,"A",.,"A",.,"A",.,"A",.,"A",.,"A",.,"A",.,"A",0,"D",240,"D",0,"D",140,"D",0,"D",.,"A"
"20102",2018755,50,0,"1",.,"A",.,"A",.,"A",.,"A",.,"A",.,"A",468,"D",.,"A",.,"A",.,"A",.,"A",.,"A",.,"A",.,"A",.,"A"
"20102",2018775,63,0,"1",.,"A",.,"A",.,"A",.,"A",.,"A",.,"A",.,"A",.,"A",.,"A",.,"A",.,"A",.,"A",60,"D",.,"A",.,"A"
"20102",2018785,95,0,"1",.,"A",.,"A",.,"A",.,"A",.,"A",18,"D",.,"A",.,"A",.,"A",.,"A",.,"A",.,"A",132,"D",.,"A",.,"A"
"20102",2018795,48,0,"1",.,"A",.,"A",.,"A",.,"A",.,"A",.,"A",.,"A",.,"A",.,"A",.,"A",.,"A",.,"A",.,"A",.,"A",.,"A"
"20102",2018805,96,0,"1",.,"A",.,"A",20,"D",.,"A",.,"A",53,"D",.,"A",.,"A",.,"A",489,"D",0,"D",0,"D",240,"D",163,"D",.,"A"
"20102",2018815,63,0,"1",.,"A",.,"A",.,"A",.,"A",.,"A",.,"A",.,"A",.,"A",.,"A",.,"A",.,"A",.,"A",55,"D",.,"A",.,"A"
"20102",2018845,70,0,"1",.,"A",.,"A",.,"A",.,"A",.,"A",.,"A",.,"A",.,"A",90,"D",.,"A",.,"A",.,"A",50,"D",.,"A",.,"A"
"20102",2018855,52,0,"1",.,"A",.,"A",.,"A",.,"A",.,"A",.,"A",.,"A",.,"A",.,"A",.,"A",.,"A",.,"A",50,"D",.,"A",.,"A"
"20102",2018865,46,0,"1",.,"A",.,"A",.,"A",.,"A",.,"A",.,"A",65,"D",.,"A",.,"A",.,"A",.,"A",.,"A",.,"A",.,"A",.,"A"
"20102",2018875,49,0,"1",.,"A",.,"A",.,"A",.,"A",.,"A",20,"D",.,"A",.,"A",.,"A",.,"A",.,"A",.,"A",.,"A",.,"A",.,"A"
"20102",2018885,55,0,"1",.,"A",.,"A",.,"A",.,"A",.,"A",.,"A",.,"A",.,"A",.,"A",.,"A",.,"A",.,"A",.,"A",.,"A",.,"A"
"20102",2018905,43,0,"1",.,"A",.,"A",65,"D",.,"A",.,"A",.,"A",.,"A",.,"A",.,"A",.,"A",.,"A",.,"A",150,"D",.,"A",.,"A"
"20102",2018915,43,0,"1",.,"A",.,"A",.,"A",.,"A",.,"A",.,"A",.,"A",.,"A",.,"A",.,"A",.,"A",.,"A",.,"A",.,"A",.,"A"
"20102",2018925,57,0,"1",.,"A",.,"A",.,"A",.,"A",.,"A",.,"A",.,"A",.,"A",.,"A",.,"A",.,"A",.,"A",45,"D",.,"A",.,"A"
"20102",2018935,50,0,"1",.,"A",.,"A",.,"A",.,"A",.,"A",.,"A",.,"A",117,"D",.,"A",15,"D",0,"D",0,"D",65,"D",5,"D",.,"A"
"20102",2018945,54,0,"1",.,"A",.,"A",.,"A",.,"A",.,"A",.,"A",.,"A",.,"A",.,"A",.,"A",.,"A",.,"A",90,"D",.,"A",.,"A"
"20102",2018955,53,0,"1",.,"A",.,"A",.,"A",.,"A",.,"A",10,"D",.,"A",.,"A",.,"A",.,"A",.,"A",.,"A",30,"D",.,"A",.,"A"
"20102",2018965,63,0,"1",.,"A",.,"A",.,"A",.,"A",.,"A",.,"A",.,"A",.,"A",.,"A",.,"A",.,"A",.,"A",360,"D",.,"A",.,"A"
"20102",2018985,62,0,"1",.,"A",.,"A",.,"A",.,"A",.,"A",.,"A",.,"A",.,"A",.,"A",.,"A",.,"A",.,"A",182,"D",.,"A",.,"A"
"20102",2018995,38,0,"1",.,"A",.,"A",.,"A",.,"A",.,"A",.,"A",.,"A",.,"A",.,"A",.,"A",.,"A",.,"A",.,"A",.,"A",.,"A"
"20102",2019025,29,0,"1",.,"A",.,"A",.,"A",.,"A",4,"D",.,"A",.,"A",.,"A",.,"A",30,"D",6,"D",6,"D",.,"A",10,"D",.,"A"
"20102",2019065,38,0,"1",120,"D",.,"A",.,"A",280,"D",100,"D",.,"A",130,"D",.,"A",.,"A",186,"D",0,"D",60,"F",215,"D",62,"D",.,"A"
"20102",2019075,54,0,"1",.,"A",.,"A",.,"A",.,"A",.,"A",32,"D",.,"A",.,"A",.,"A",.,"A",.,"A",.,"A",50,"D",.,"A",.,"A"
"20102",2019085,39,0,"1",.,"A",.,"A",.,"A",.,"A",60,"D",.,"A",.,"A",.,"A",.,"A",.,"A",.,"A",.,"A",84,"D",.,"A",.,"A"
"20102",2019095,36,0,"1",0,"F",.,"A",.,"A",.,"A",75,"F",.,"A",.,"A",.,"A",.,"A",0,"D",0,"D",75,"D",75,"D",0,"D",.,"A"
"20102",2019105,77,0,"1",.,"A",.,"A",.,"A",.,"A",.,"A",.,"A",.,"A",.,"A",.,"A",.,"A",.,"A",.,"A",75,"D",.,"A",.,"A"
"20102",2019115,62,0,"1",.,"A",.,"A",.,"A",.,"A",.,"A",50,"D",.,"A",.,"A",.,"A",.,"A",.,"A",.,"A",60,"D",.,"A",.,"A"
"20102",2019135,30,0,"1",.,"A",.,"A",.,"A",.,"A",40,"D",.,"A",.,"A",.,"A",.,"A",750,"D",0,"D",0,"D",.,"A",250,"D",240,"D"
"20102",2019145,52,0,"1",11,"D",.,"A",.,"A",.,"A",0,"D",32,"D",.,"A",.,"A",.,"A",375,"D",0,"D",0,"D",142,"D",125,"D",.,"A"
"20102",2019165,48,0,"1",.,"A",.,"A",.,"A",.,"A",100,"D",.,"A",.,"A",.,"A",.,"A",.,"A",.,"A",.,"A",80,"D",.,"A",.,"A"
"20102",2019185,34,0,"1",.,"A",.,"A",.,"A",.,"A",.,"A",.,"A",.,"A",.,"A",.,"A",.,"A",.,"A",.,"A",.,"A",.,"A",.,"A"
"20102",2019195,53,0,"1",.,"A",.,"A",.,"A",.,"A",.,"A",.,"A",.,"A",.,"A",.,"A",.,"A",.,"A",.,"A",.,"A",.,"A",.,"A"
"20102",2019205,53,0,"1",.,"A",.,"A",.,"A",.,"A",.,"A",.,"A",494,"D",52,"D",.,"A",.,"A",.,"A",.,"A",.,"A",.,"A",.,"A"
"20102",2019225,70,0,"1",.,"A",.,"A",.,"A",.,"A",.,"A",.,"A",.,"A",.,"A",.,"A",.,"A",.,"A",.,"A",135,"D",.,"A",.,"A"
"20102",2019235,116,0,"1",.,"A",.,"A",.,"A",.,"A",.,"A",180,"D",.,"A",.,"A",12,"D",.,"A",.,"A",.,"A",390,"D",.,"A",.,"A"
"20102",2019255,45,0,"1",.,"A",.,"A",.,"A",.,"A",.,"A",70,"D",.,"A",.,"A",.,"A",.,"A",.,"A",.,"A",60,"D",.,"A",.,"A"
"20102",2019265,46,0,"1",0,"F",.,"A",.,"A",.,"A",10,"F",.,"A",.,"A",.,"A",6,"D",.,"A",.,"A",.,"A",.,"A",.,"A",.,"A"
"20102",2019275,43,0,"1",.,"A",.,"A",.,"A",.,"A",.,"A",.,"A",.,"A",.,"A",.,"A",270,"D",270,"D",0,"D",.,"A",90,"D",.,"A"
"20102",2019285,74,0,"1",.,"A",.,"A",.,"A",.,"A",.,"A",.,"A",.,"A",.,"A",.,"A",.,"A",.,"A",.,"A",165,"D",.,"A",.,"A"
"20102",2019295,52,0,"1",.,"A",.,"A",.,"A",.,"A",.,"A",.,"A",.,"A",.,"A",.,"A",.,"A",.,"A",.,"A",.,"A",.,"A",.,"A"
"20102",2019305,89,0,"1",.,"A",.,"A",.,"A",.,"A",.,"A",50,"D",.,"A",.,"A",.,"A",.,"A",.,"A",.,"A",350,"D",.,"A",.,"A"
"20102",2019325,59,0,"1",.,"A",.,"A",.,"A",.,"A",.,"A",.,"A",195,"D",.,"A",.,"A",.,"A",.,"A",.,"A",35,"D",.,"A",.,"A"
"20102",2019335,69,0,"1",.,"A",.,"A",.,"A",.,"A",.,"A",.,"A",.,"A",.,"A",.,"A",.,"A",.,"A",.,"A",200,"D",.,"A",.,"A"
"20102",2019345,104,0,"1",.,"A",.,"A",.,"A",.,"A",.,"A",23,"D",.,"A",.,"A",90,"D",.,"A",.,"A",.,"A",193,"D",.,"A",.,"A"
"20102",2019375,46,0,"1",.,"A",.,"A",.,"A",.,"A",.,"A",.,"A",.,"A",.,"A",.,"A",.,"A",.,"A",.,"A",300,"D",.,"A",.,"A"
"20102",2019395,35,0,"1",.,"A",.,"A",.,"A",.,"A",.,"A",.,"A",.,"A",.,"A",.,"A",.,"A",.,"A",.,"A",50,"D",.,"A",.,"A"
"20102",2019415,87,0,"1",.,"A",.,"A",.,"A",.,"A",.,"A",.,"A",.,"A",.,"A",.,"A",.,"A",.,"A",.,"A",9,"D",.,"A",.,"A"
"20102",2019455,63,0,"1",.,"A",.,"A",.,"A",.,"A",.,"A",.,"A",.,"A",.,"A",.,"A",.,"A",.,"A",.,"A",180,"D",.,"A",.,"A"
"20102",2019475,31,0,"1",.,"A",.,"A",.,"A",.,"A",.,"A",.,"A",.,"A",.,"A",.,"A",.,"A",.,"A",.,"A",.,"A",.,"A",.,"A"
"20102",2019495,41,0,"1",.,"A",.,"A",.,"A",.,"A",20,"D",.,"A",.,"A",.,"A",.,"A",.,"A",.,"A",.,"A",.,"A",.,"A",.,"A"
"20102",2019555,55,0,"1",.,"A",.,"A",.,"A",.,"A",.,"A",.,"A",.,"A",.,"A",.,"A",.,"A",.,"A",.,"A",.,"A",.,"A",.,"A"
"20102",2019575,73,0,"1",.,"A",.,"A",.,"A",.,"A",.,"A",.,"A",.,"A",.,"A",.,"A",.,"A",.,"A",.,"A",95,"D",.,"A",.,"A"
"20102",2019585,23,0,"1",.,"A",.,"A",.,"A",.,"A",.,"A",.,"A",.,"A",.,"A",.,"A",.,"A",.,"A",.,"A",.,"A",.,"A",.,"A"
"20102",2019595,50,0,"1",.,"A",.,"A",.,"A",.,"A",.,"A",.,"A",.,"A",.,"A",.,"A",.,"A",.,"A",.,"A",.,"A",.,"A",.,"A"
"20102",2019605,45,0,"1",20,"D",.,"A",.,"A",.,"A",60,"D",.,"A",.,"A",.,"A",.,"A",0,"D",0,"D",120,"D",.,"A",0,"D",.,"A"
"20102",2019625,41,0,"1",.,"A",.,"A",.,"A",.,"A",.,"A",.,"A",312,"D",.,"A",.,"A",480,"D",0,"D",0,"D",30,"D",160,"D",.,"A"
"20102",2019635,39,0,"1",.,"A",.,"A",.,"A",.,"A",.,"A",.,"A",.,"A",.,"A",.,"A",.,"A",.,"A",.,"A",.,"A",.,"A",.,"A"
"20102",2019655,37,0,"1",.,"A",.,"A",.,"A",.,"A",120,"D",30,"D",.,"A",.,"A",.,"A",.,"A",.,"A",.,"A",45,"D",.,"A",.,"A"
"20102",2019665,74,0,"1",.,"A",.,"A",.,"A",.,"A",.,"A",60,"D",390,"D",.,"A",.,"A",.,"A",.,"A",.,"A",180,"D",.,"A",.,"A"
"20102",2019685,44,0,"1",.,"A",.,"A",.,"A",200,"D",96,"D",.,"A",.,"A",.,"A",30,"D",.,"A",.,"A",.,"A",360,"D",.,"A",.,"A"
"20102",2019725,25,0,"1",.,"A",.,"A",.,"A",.,"A",40,"D",.,"A",455,"D",.,"A",.,"A",.,"A",.,"A",.,"A",.,"A",.,"A",.,"A"
"20102",2019735,70,0,"1",.,"A",.,"A",.,"A",50,"D",.,"A",80,"D",.,"A",.,"A",.,"A",.,"A",.,"A",.,"A",250,"D",.,"A",.,"A"
"20102",2019745,79,0,"1",.,"A",.,"A",.,"A",.,"A",.,"A",55,"D",.,"A",325,"D",.,"A",.,"A",.,"A",.,"A",195,"D",.,"A",.,"A"
"20102",2019755,84,0,"1",.,"A",.,"A",.,"A",.,"A",.,"A",.,"A",.,"A",.,"A",.,"A",.,"A",.,"A",.,"A",270,"D",.,"A",.,"A"
"20102",2019765,41,0,"1",.,"A",.,"A",.,"A",.,"A",.,"A",.,"A",.,"A",.,"A",.,"A",.,"A",.,"A",.,"A",65,"D",.,"A",.,"A"
"20102",2019785,42,0,"1",.,"A",.,"A",.,"A",.,"A",.,"A",.,"A",156,"D",.,"A",.,"A",.,"A",.,"A",.,"A",.,"A",.,"A",.,"A"
"20102",2019795,48,0,"1",.,"A",.,"A",.,"A",50,"D",.,"A",.,"A",195,"D",.,"A",.,"A",.,"A",.,"A",.,"A",70,"D",.,"A",.,"A"
"20102",2019825,35,0,"1",.,"A",.,"A",.,"A",.,"A",60,"D",.,"A",.,"A",.,"A",.,"A",90,"D",0,"D",60,"D",.,"A",30,"D",.,"A"
"20102",2019855,47,0,"1",.,"A",.,"A",.,"A",.,"A",.,"A",.,"A",.,"A",.,"A",.,"A",.,"A",.,"A",.,"A",200,"D",.,"A",.,"A"
"20102",2019875,67,0,"1",.,"A",.,"A",.,"A",.,"A",.,"A",20,"D",.,"A",.,"A",.,"A",.,"A",.,"A",.,"A",200,"D",.,"A",.,"A"
"20102",2019885,36,0,"1",.,"A",.,"A",.,"A",.,"A",.,"A",.,"A",.,"A",.,"A",.,"A",.,"A",.,"A",.,"A",.,"A",.,"A",.,"A"
"20102",2019905,55,0,"1",.,"A",.,"A",.,"A",.,"A",.,"A",.,"A",.,"A",.,"A",.,"A",.,"A",.,"A",.,"A",120,"D",.,"A",.,"A"
"20102",2019925,29,0,"1",.,"A",.,"A",.,"A",.,"A",.,"A",.,"A",.,"A",.,"A",.,"A",.,"A",.,"A",.,"A",.,"A",.,"A",.,"A"
"20102",2019935,68,0,"1",0,"F",.,"A",.,"A",.,"A",130,"F",.,"A",.,"A",.,"A",.,"A",.,"A",.,"A",.,"A",.,"A",.,"A",.,"A"
"20102",2019945,65,0,"1",.,"A",.,"A",.,"A",.,"A",.,"A",.,"A",.,"A",.,"A",21,"D",.,"A",.,"A",.,"A",40,"D",.,"A",.,"A"
"20102",2019955,84,0,"1",.,"A",.,"A",.,"A",100,"D",.,"A",150,"D",.,"A",.,"A",9,"D",.,"A",.,"A",.,"A",810,"D",.,"A",.,"A"
"20102",2019965,56,0,"1",.,"A",.,"A",.,"A",.,"A",.,"A",.,"A",.,"A",.,"A",.,"A",.,"A",.,"A",.,"A",39,"D",.,"A",.,"A"
"20102",2019975,39,0,"1",.,"A",.,"A",.,"A",.,"A",.,"A",.,"A",.,"A",.,"A",.,"A",.,"A",.,"A",.,"A",.,"A",.,"A",.,"A"
"20102",2019985,47,0,"1",.,"A",.,"A",.,"A",.,"A",.,"A",.,"A",.,"A",.,"A",.,"A",.,"A",.,"A",.,"A",.,"A",.,"A",.,"A"
"20102",2020005,73,0,"1",.,"A",.,"A",.,"A",.,"A",.,"A",50,"D",.,"A",.,"A",.,"A",.,"A",.,"A",.,"A",70,"D",.,"A",.,"A"
"20102",2020015,28,0,"1",.,"A",.,"A",.,"A",40,"D",.,"A",.,"A",.,"A",.,"A",.,"A",.,"A",.,"A",.,"A",.,"A",.,"A",.,"A"
"20102",2020025,33,0,"1",.,"A",.,"A",.,"A",.,"A",.,"A",.,"A",.,"A",.,"A",.,"A",.,"A",.,"A",.,"A",30,"D",.,"A",.,"A"
"20102",2020045,50,0,"1",.,"A",.,"A",.,"A",.,"A",.,"A",120,"D",.,"A",.,"A",30,"D",.,"A",.,"A",.,"A",.,"A",.,"A",.,"A"
"20102",2020065,66,0,"1",.,"A",.,"A",.,"A",.,"A",.,"A",.,"A",.,"A",.,"A",.,"A",.,"A",.,"A",.,"A",30,"D",.,"A",.,"A"
"20102",2020075,29,0,"1",.,"A",.,"A",.,"A",30,"D",.,"A",.,"A",.,"A",.,"A",.,"A",120,"D",0,"D",0,"D",.,"A",40,"D",.,"A"
"20102",2020085,31,0,"1",120,"D",.,"A",.,"A",.,"A",120,"D",.,"A",.,"A",.,"A",15,"D",.,"A",.,"A",.,"A",.,"A",.,"A",.,"A"
"20102",2020105,64,0,"1",.,"A",.,"A",.,"A",.,"A",.,"A",.,"A",.,"A",.,"A",.,"A",.,"A",.,"A",.,"A",120,"D",.,"A",.,"A"
"20102",2020115,47,0,"1",.,"A",.,"A",.,"A",.,"A",.,"A",.,"A",.,"A",91,"D",.,"A",.,"A",.,"A",.,"A",.,"A",.,"A",.,"A"
"20102",2020155,64,0,"1",.,"A",.,"A",.,"A",.,"A",.,"A",.,"A",910,"D",.,"A",.,"A",.,"A",.,"A",.,"A",160,"D",.,"A",.,"A"
"20102",2020185,81,0,"1",.,"A",.,"A",.,"A",.,"A",.,"A",.,"A",650,"D",.,"A",.,"A",.,"A",.,"A",.,"A",295,"D",.,"A",.,"A"
"20102",2020195,83,0,"1",.,"A",.,"A",.,"A",.,"A",.,"A",.,"A",.,"A",.,"A",.,"A",.,"A",.,"A",.,"A",76,"D",.,"A",.,"A"
"20102",2020215,38,0,"1",.,"A",.,"A",.,"A",.,"A",.,"A",.,"A",195,"F",.,"A",.,"A",.,"A",.,"A",.,"A",.,"A",.,"A",.,"A"
"20102",2020225,83,0,"1",.,"A",.,"A",.,"A",.,"A",.,"A",.,"A",.,"A",.,"A",.,"A",.,"A",.,"A",.,"A",625,"D",.,"A",.,"A"
"20102",2020255,44,0,"1",.,"A",.,"A",.,"A",.,"A",.,"A",.,"A",.,"A",.,"A",.,"A",.,"A",.,"A",.,"A",.,"A",.,"A",.,"A"
"20102",2020275,59,0,"1",.,"A",.,"A",.,"A",.,"A",.,"A",.,"A",.,"A",.,"A",.,"A",.,"A",.,"A",.,"A",175,"D",.,"A",.,"A"
"20102",2020285,54,0,"1",.,"A",.,"A",.,"A",.,"A",.,"A",.,"A",.,"A",260,"D",.,"A",.,"A",.,"A",.,"A",30,"D",.,"A",.,"A"
"20102",2020295,37,0,"1",.,"A",.,"A",.,"A",.,"A",120,"D",.,"A",.,"A",.,"A",.,"A",.,"A",.,"A",.,"A",.,"A",.,"A",.,"A"
"20102",2020305,51,0,"1",.,"A",.,"A",25,"D",.,"A",.,"A",15,"D",.,"A",.,"A",.,"A",.,"A",.,"A",.,"A",250,"D",.,"A",.,"A"
"20102",2020325,58,0,"1",.,"A",.,"A",.,"A",.,"A",.,"A",.,"A",.,"A",.,"A",.,"A",.,"A",.,"A",.,"A",30,"D",.,"A",.,"A"
"20102",2020395,65,0,"1",.,"A",.,"A",.,"A",.,"A",.,"A",50,"D",.,"A",.,"A",.,"A",.,"A",.,"A",.,"A",542,"D",.,"A",.,"A"
"20102",2020405,45,0,"1",.,"A",.,"A",.,"A",.,"A",.,"A",.,"A",.,"A",.,"A",.,"A",.,"A",.,"A",.,"A",.,"A",.,"A",.,"A"
"20102",2020425,72,0,"1",.,"A",.,"A",.,"A",.,"A",.,"A",60,"D",.,"A",.,"A",.,"A",.,"A",.,"A",.,"A",105,"D",.,"A",.,"A"
"20102",2020455,29,0,"1",.,"A",.,"A",.,"A",.,"A",.,"A",.,"A",.,"A",.,"A",.,"A",.,"A",.,"A",.,"A",.,"A",.,"A",.,"A"
"20102",2020495,46,0,"1",.,"A",.,"A",.,"A",.,"A",.,"A",.,"A",.,"A",.,"A",.,"A",.,"A",.,"A",.,"A",20,"D",.,"A",.,"A"
"20102",2020515,59,0,"1",.,"A",.,"A",.,"A",.,"A",.,"A",.,"A",.,"A",.,"A",.,"A",.,"A",.,"A",.,"A",.,"A",.,"A",.,"A"
"20102",2020525,50,0,"1",.,"A",.,"A",.,"A",.,"A",.,"A",.,"A",.,"A",260,"D",.,"A",.,"A",.,"A",.,"A",.,"A",.,"A",.,"A"
"20102",2020545,31,0,"1",.,"A",.,"A",.,"A",.,"A",8,"D",.,"A",.,"A",.,"A",.,"A",.,"A",.,"A",.,"A",.,"A",.,"A",.,"A"
"20102",2020555,46,0,"1",.,"A",.,"A",.,"A",.,"A",.,"A",.,"A",520,"D",.,"A",.,"A",.,"A",.,"A",.,"A",.,"A",.,"A",.,"A"
"20102",2020575,40,0,"1",.,"A",.,"A",.,"A",.,"A",.,"A",.,"A",1586,"D",.,"A",.,"A",.,"A",.,"A",.,"A",.,"A",.,"A",.,"A"
"20102",2020585,47,0,"1",.,"A",.,"A",.,"A",40,"D",.,"A",.,"A",.,"A",.,"A",60,"D",30,"D",0,"D",30,"D",250,"D",10,"D",.,"A"
"20102",2020605,75,0,"1",.,"A",.,"A",.,"A",.,"A",.,"A",.,"A",.,"A",.,"A",.,"A",.,"A",.,"A",.,"A",130,"D",.,"A",.,"A"
"20102",2020645,34,0,"1",.,"A",.,"A",.,"A",.,"A",.,"A",.,"A",.,"A",.,"A",.,"A",.,"A",.,"A",.,"A",.,"A",.,"A",.,"A"
"20102",2020665,65,0,"1",.,"A",.,"A",.,"A",.,"A",.,"A",.,"A",.,"A",.,"A",.,"A",.,"A",.,"A",.,"A",45,"D",.,"A",.,"A"
"20102",2020675,70,0,"1",.,"A",.,"A",.,"A",.,"A",.,"A",150,"D",.,"A",.,"A",.,"A",.,"A",.,"A",.,"A",350,"D",.,"A",.,"A"
"20102",2020705,49,0,"1",.,"A",.,"A",.,"A",.,"A",.,"A",.,"A",.,"A",.,"A",.,"A",.,"A",.,"A",.,"A",75,"D",.,"A",.,"A"
"20102",2020725,29,0,"1",.,"A",.,"A",.,"A",.,"A",.,"A",.,"A",65,"D",.,"A",.,"A",.,"A",.,"A",.,"A",.,"A",.,"A",.,"A"
"20102",2020745,42,0,"1",.,"A",.,"A",.,"A",.,"A",.,"A",.,"A",.,"A",.,"A",.,"A",201,"D",0,"D",0,"D",80,"D",67,"D",.,"A"
"20102",2020785,47,0,"1",.,"A",.,"A",.,"A",.,"A",.,"A",50,"D",.,"A",.,"A",.,"A",.,"A",.,"A",.,"A",100,"D",.,"A",.,"A"
"20102",2020805,58,0,"1",.,"A",.,"A",.,"A",.,"A",.,"A",.,"A",.,"A",.,"A",.,"A",.,"A",.,"A",.,"A",.,"A",.,"A",.,"A"
"20102",2020815,25,0,"1",.,"A",.,"A",.,"A",.,"A",.,"A",.,"A",.,"A",.,"A",.,"A",.,"A",.,"A",.,"A",.,"A",.,"A",.,"A"
"20102",2020825,68,0,"1",.,"A",.,"A",.,"A",.,"A",.,"A",.,"A",.,"A",.,"A",.,"A",0,"D",435,"D",0,"D",400,"D",0,"D",.,"A"
"20102",2020845,65,0,"1",.,"A",.,"A",.,"A",.,"A",.,"A",.,"A",884,"D",.,"A",9,"D",.,"A",.,"A",.,"A",20,"D",.,"A",.,"A"
"20102",2020855,62,0,"1",.,"A",.,"A",.,"A",.,"A",.,"A",25,"D",650,"D",.,"A",.,"A",.,"A",.,"A",.,"A",70,"D",.,"A",.,"A"
"20102",2020885,46,0,"1",.,"A",.,"A",.,"A",.,"A",.,"A",.,"A",.,"A",.,"A",.,"A",.,"A",.,"A",.,"A",.,"A",.,"A",.,"A"
"20102",2020895,67,0,"1",.,"A",.,"A",.,"A",.,"A",.,"A",.,"A",364,"D",.,"A",.,"A",.,"A",.,"A",.,"A",35,"D",.,"A",.,"A"
"20102",2020905,41,0,"1",.,"A",.,"A",.,"A",.,"A",.,"A",.,"A",455,"D",.,"A",.,"A",.,"A",.,"A",.,"A",.,"A",.,"A",.,"A"
"20102",2020935,67,0,"1",.,"A",.,"A",.,"A",.,"A",.,"A",28,"D",.,"A",.,"A",.,"A",.,"A",.,"A",.,"A",80,"D",.,"A",.,"A"
"20102",2020945,43,0,"1",.,"A",.,"A",.,"A",.,"A",.,"A",.,"A",.,"A",.,"A",.,"A",.,"A",.,"A",.,"A",20,"D",.,"A",.,"A"
"20102",2020955,44,0,"1",.,"A",.,"A",.,"A",.,"A",100,"D",.,"A",.,"A",.,"A",.,"A",.,"A",.,"A",.,"A",120,"D",.,"A",.,"A"
"20102",2020975,66,0,"1",.,"A",.,"A",.,"A",.,"A",.,"A",.,"A",390,"D",.,"A",.,"A",.,"A",.,"A",.,"A",116,"D",.,"A",.,"A"
"20102",2020995,33,0,"1",.,"A",.,"A",.,"A",.,"A",20,"D",.,"A",.,"A",.,"A",.,"A",.,"A",.,"A",.,"A",20,"D",.,"A",.,"A"
"20102",2021015,67,0,"1",.,"A",.,"A",.,"A",.,"A",.,"A",20,"D",.,"A",.,"A",90,"D",.,"A",.,"A",.,"A",38,"D",.,"A",.,"A"
"20102",2021035,80,0,"1",.,"A",.,"A",.,"A",.,"A",.,"A",150,"D",.,"A",.,"A",.,"A",.,"A",.,"A",.,"A",120,"D",.,"A",.,"A"
"20102",2021075,56,0,"1",.,"A",.,"A",.,"A",.,"A",40,"D",.,"A",650,"D",.,"A",90,"D",.,"A",.,"A",.,"A",45,"D",.,"A",.,"A"
"20102",2021085,43,0,"1",.,"A",.,"A",.,"A",.,"A",.,"A",.,"A",.,"A",.,"A",.,"A",.,"A",.,"A",.,"A",.,"A",.,"A",.,"A"
"20102",2021095,35,0,"1",.,"A",.,"A",.,"A",.,"A",.,"A",.,"A",.,"A",.,"A",.,"A",.,"A",.,"A",.,"A",.,"A",.,"A",.,"A"
"20102",2021105,52,0,"1",.,"A",.,"A",.,"A",.,"A",.,"A",.,"A",.,"A",.,"A",.,"A",.,"A",.,"A",.,"A",100,"D",.,"A",.,"A"
"20102",2021125,59,0,"1",.,"A",.,"A",.,"A",.,"A",.,"A",.,"A",.,"A",.,"A",.,"A",.,"A",.,"A",.,"A",32,"D",.,"A",.,"A"
"20102",2021135,46,0,"1",.,"A",.,"A",.,"A",.,"A",.,"A",.,"A",.,"A",.,"A",.,"A",.,"A",.,"A",.,"A",.,"A",.,"A",.,"A"
"20102",2021165,51,0,"1",.,"A",.,"A",.,"A",.,"A",.,"A",.,"A",.,"A",.,"A",.,"A",.,"A",.,"A",.,"A",110,"D",.,"A",.,"A"
"20102",2021175,49,0,"1",.,"A",.,"A",.,"A",.,"A",.,"A",.,"A",260,"D",.,"A",27,"D",.,"A",.,"A",.,"A",.,"A",.,"A",.,"A"
"20102",2021185,32,0,"1",.,"A",.,"A",.,"A",.,"A",.,"A",.,"A",.,"A",.,"A",.,"A",.,"A",.,"A",.,"A",.,"A",.,"A",.,"A"
"20102",2021195,41,0,"1",.,"A",.,"A",.,"A",.,"A",.,"A",.,"A",.,"A",.,"A",.,"A",.,"A",.,"A",.,"A",100,"D",.,"A",.,"A"
"20102",2021205,49,0,"1",.,"A",.,"A",.,"A",.,"A",.,"A",.,"A",.,"A",.,"A",.,"A",.,"A",.,"A",.,"A",.,"A",.,"A",.,"A"
"20102",2021225,47,0,"1",.,"A",.,"A",.,"A",.,"A",.,"A",.,"A",325,"D",130,"D",75,"D",15,"D",0,"D",0,"D",.,"A",5,"D",.,"A"
"20102",2021235,81,0,"1",.,"A",.,"A",.,"A",.,"A",.,"A",.,"A",.,"A",.,"A",.,"A",.,"A",.,"A",.,"A",240,"D",.,"A",.,"A"
"20102",2021245,45,0,"1",.,"A",.,"A",.,"A",.,"A",12,"D",.,"A",.,"A",.,"A",9,"D",0,"D",0,"D",60,"D",140,"D",0,"D",.,"A"
"20102",2021275,36,0,"1",.,"A",.,"A",.,"A",.,"A",.,"A",.,"A",1300,"D",.,"A",.,"A",.,"A",.,"A",.,"A",.,"A",.,"A",.,"A"
"20102",2021295,126,0,"1",.,"A",.,"A",.,"A",.,"A",15,"D",30,"D",.,"A",.,"A",.,"A",.,"A",.,"A",.,"A",240,"D",.,"A",.,"A"
"20102",2021315,69,0,"1",.,"A",.,"A",.,"A",.,"A",.,"A",.,"A",650,"D",.,"A",.,"A",.,"A",.,"A",.,"A",90,"D",.,"A",.,"A"
"20102",2021325,50,0,"1",.,"A",.,"A",.,"A",.,"A",.,"A",.,"A",.,"A",.,"A",.,"A",.,"A",.,"A",.,"A",.,"A",.,"A",.,"A"
"20102",2021335,66,0,"1",.,"A",.,"A",.,"A",.,"A",.,"A",.,"A",.,"A",.,"A",.,"A",.,"A",.,"A",.,"A",95,"D",.,"A",.,"A"
"20102",2021345,55,0,"1",.,"A",.,"A",.,"A",.,"A",.,"A",.,"A",.,"A",.,"A",.,"A",.,"A",.,"A",.,"A",.,"A",.,"A",.,"A"
"20102",2021355,49,0,"1",.,"A",.,"A",.,"A",.,"A",120,"D",.,"A",.,"A",.,"A",.,"A",.,"A",.,"A",.,"A",60,"D",.,"A",.,"A"
"20102",2021365,39,0,"1",.,"A",.,"A",.,"A",.,"A",.,"A",.,"A",.,"A",.,"A",.,"A",.,"A",.,"A",.,"A",.,"A",.,"A",.,"A"
"20102",2021385,52,0,"1",.,"A",.,"A",.,"A",.,"A",.,"A",.,"A",.,"A",.,"A",.,"A",.,"A",.,"A",.,"A",.,"A",.,"A",.,"A"
"20102",2021395,35,0,"1",.,"A",.,"A",.,"A",.,"A",.,"A",.,"A",325,"D",.,"A",.,"A",.,"A",.,"A",.,"A",.,"A",.,"A",.,"A"
"20102",2021425,47,0,"1",.,"A",.,"A",.,"A",.,"A",.,"A",.,"A",.,"A",.,"A",.,"A",.,"A",.,"A",.,"A",.,"A",.,"A",.,"A"
"20102",2021435,90,0,"1",.,"A",.,"A",.,"A",.,"A",.,"A",.,"A",299,"D",.,"A",.,"A",.,"A",.,"A",.,"A",40,"D",.,"A",.,"A"
"20102",2021455,29,0,"1",.,"A",.,"A",.,"A",.,"A",.,"A",.,"A",.,"A",.,"A",.,"A",.,"A",.,"A",.,"A",.,"A",.,"A",.,"A"
"20102",2021485,40,0,"1",.,"A",.,"A",.,"A",.,"A",.,"A",.,"A",26,"D",.,"A",.,"A",.,"A",.,"A",.,"A",6,"D",.,"A",.,"A"
"20102",2021505,71,0,"1",.,"A",.,"A",.,"A",.,"A",.,"A",.,"A",.,"A",.,"A",.,"A",.,"A",.,"A",.,"A",180,"D",.,"A",.,"A"
"20102",2021525,79,0,"1",.,"A",.,"A",.,"A",.,"A",.,"A",.,"A",.,"A",.,"A",.,"A",.,"A",.,"A",.,"A",80,"D",.,"A",.,"A"
"20102",2021585,70,0,"1",.,"A",.,"A",.,"A",.,"A",.,"A",.,"A",130,"D",.,"A",.,"A",.,"A",.,"A",.,"A",60,"D",.,"A",.,"A"
"20102",2021595,29,0,"1",.,"A",.,"A",.,"A",.,"A",.,"A",.,"A",260,"D",.,"A",.,"A",.,"A",.,"A",.,"A",.,"A",.,"A",.,"A"
"20102",2021605,54,0,"1",.,"A",.,"A",.,"A",.,"A",.,"A",35,"D",.,"A",.,"A",.,"A",.,"A",.,"A",.,"A",150,"D",.,"A",.,"A"
"20102",2021615,43,0,"1",.,"A",.,"A",.,"A",.,"A",.,"A",.,"A",.,"A",.,"A",.,"A",.,"A",.,"A",.,"A",55,"D",.,"A",.,"A"
"20102",2021625,29,0,"1",.,"A",.,"A",.,"A",.,"A",.,"A",150,"D",.,"A",.,"A",.,"A",.,"A",.,"A",.,"A",100,"D",.,"A",.,"A"
"20102",2021645,48,0,"1",.,"A",.,"A",25,"D",.,"A",.,"A",.,"A",.,"A",.,"A",.,"A",.,"A",.,"A",.,"A",120,"D",.,"A",.,"A"
"20102",2021655,80,0,"1",.,"A",.,"A",.,"A",.,"A",.,"A",.,"A",.,"A",.,"A",.,"A",.,"A",.,"A",.,"A",250,"D",.,"A",.,"A"
"20102",2021665,45,0,"1",.,"A",.,"A",.,"A",.,"A",.,"A",.,"A",650,"D",.,"A",.,"A",.,"A",.,"A",.,"A",.,"A",.,"A",.,"A"
"20102",2021715,59,0,"1",.,"A",.,"A",.,"A",.,"A",.,"A",.,"A",.,"A",.,"A",.,"A",.,"A",.,"A",.,"A",25,"D",.,"A",.,"A"
"20102",2021735,46,0,"1",.,"A",.,"A",.,"A",.,"A",.,"A",45,"D",.,"A",.,"A",.,"A",.,"A",.,"A",.,"A",115,"D",.,"A",.,"A"
"20102",2021755,75,0,"1",.,"A",.,"A",.,"A",.,"A",.,"A",.,"A",260,"D",.,"A",.,"A",.,"A",.,"A",.,"A",115,"D",.,"A",.,"A"
"20102",2021775,66,0,"1",.,"A",.,"A",.,"A",.,"A",.,"A",75,"D",.,"A",260,"D",.,"A",.,"A",.,"A",.,"A",40,"D",.,"A",.,"A"
"20102",2021795,57,0,"1",.,"A",.,"A",.,"A",.,"A",.,"A",60,"D",.,"A",.,"A",.,"A",.,"A",.,"A",.,"A",180,"D",.,"A",.,"A"
"20102",2021805,56,0,"1",.,"A",.,"A",.,"A",.,"A",.,"A",.,"A",1690,"D",.,"A",.,"A",.,"A",.,"A",.,"A",217,"D",.,"A",.,"A"
"20102",2021825,41,0,"1",.,"A",.,"A",.,"A",.,"A",.,"A",.,"A",.,"A",.,"A",.,"A",.,"A",.,"A",.,"A",15,"D",.,"A",.,"A"
"20102",2021835,97,0,"1",.,"A",.,"A",1,"F",.,"A",.,"A",.,"A",.,"A",.,"A",.,"A",.,"A",.,"A",.,"A",140,"D",.,"A",.,"A"
"20102",2021845,57,0,"1",.,"A",.,"A",.,"A",.,"A",.,"A",.,"A",520,"D",.,"A",.,"A",.,"A",.,"A",.,"A",.,"A",.,"A",.,"A"
"20102",2021855,60,0,"1",.,"A",.,"A",.,"A",.,"A",.,"A",.,"A",.,"A",.,"A",.,"A",.,"A",.,"A",.,"A",85,"D",.,"A",.,"A"
"20102",2021865,43,0,"1",.,"A",.,"A",.,"A",.,"A",240,"D",.,"A",.,"A",.,"A",.,"A",.,"A",.,"A",.,"A",.,"A",.,"A",.,"A"
"20102",2021895,49,0,"1",.,"A",.,"A",75,"D",.,"A",.,"A",.,"A",.,"A",.,"A",.,"A",.,"A",.,"A",.,"A",135,"D",.,"A",.,"A"
"20102",2021905,59,0,"1",.,"A",.,"A",.,"A",.,"A",.,"A",15,"D",.,"A",.,"A",.,"A",.,"A",.,"A",.,"A",300,"D",.,"A",.,"A"
"20102",2021915,25,0,"1",.,"A",.,"A",.,"A",.,"A",.,"A",.,"A",.,"A",.,"A",.,"A",.,"A",.,"A",.,"A",.,"A",.,"A",.,"A"
"20102",2021925,81,0,"1",.,"A",.,"A",.,"A",.,"A",.,"A",.,"A",.,"A",.,"A",.,"A",.,"A",.,"A",.,"A",625,"D",.,"A",.,"A"
"20102",2021935,33,0,"1",5,"D",.,"A",.,"A",40,"D",15,"D",.,"A",.,"A",.,"A",.,"A",0,"D",0,"D",30,"D",.,"A",0,"D",.,"A"
"20102",2021965,44,0,"1",10,"D",.,"A",.,"A",20,"D",50,"D",.,"A",.,"A",.,"A",.,"A",.,"A",.,"A",.,"A",50,"D",.,"A",.,"A"
"20102",2021985,38,0,"1",.,"A",.,"A",.,"A",.,"A",26,"D",65,"D",.,"A",.,"A",.,"A",300,"D",6,"D",0,"D",160,"D",100,"D",.,"A"
"20102",2021995,78,0,"1",.,"A",.,"A",.,"A",.,"A",.,"A",.,"A",.,"A",.,"A",.,"A",.,"A",.,"A",.,"A",150,"D",.,"A",.,"A"
"20102",2022005,43,0,"1",.,"A",.,"A",.,"A",.,"A",.,"A",.,"A",.,"A",.,"A",.,"A",.,"A",.,"A",.,"A",.,"A",.,"A",.,"A"
"20102",2022015,40,0,"1",.,"A",.,"A",.,"A",.,"A",.,"A",.,"A",.,"A",.,"A",.,"A",.,"A",.,"A",.,"A",.,"A",.,"A",.,"A"
"20102",2022045,54,0,"1",.,"A",.,"A",.,"A",.,"A",.,"A",.,"A",1300,"D",.,"A",.,"A",.,"A",.,"A",.,"A",20,"D",.,"A",.,"A"
"20102",2022055,45,0,"1",.,"A",.,"A",.,"A",.,"A",.,"A",.,"A",.,"A",.,"A",.,"A",.,"A",.,"A",.,"A",40,"D",.,"A",.,"A"
"20102",2022085,79,0,"1",.,"A",.,"A",54,"D",.,"A",.,"A",6,"D",.,"A",.,"A",.,"A",.,"A",.,"A",.,"A",239,"D",.,"A",.,"A"
"20102",2022115,50,0,"1",.,"A",.,"A",.,"A",.,"A",.,"A",.,"A",.,"A",.,"A",.,"A",.,"A",.,"A",.,"A",.,"A",.,"A",.,"A"
"20102",2022135,64,0,"1",.,"A",.,"A",.,"A",.,"A",.,"A",.,"A",.,"A",.,"A",.,"A",.,"A",.,"A",.,"A",60,"D",.,"A",.,"A"
"20102",2022145,73,0,"1",.,"A",.,"A",.,"A",.,"A",.,"A",.,"A",.,"A",.,"A",.,"A",.,"A",.,"A",.,"A",264,"D",.,"A",.,"A"
"20102",2022155,54,0,"1",.,"A",.,"A",.,"A",.,"A",.,"A",.,"A",364,"D",.,"A",45,"D",.,"A",.,"A",.,"A",100,"D",.,"A",.,"A"
"20102",2022165,52,0,"1",.,"A",.,"A",.,"A",.,"A",.,"A",.,"A",.,"A",.,"A",.,"A",.,"A",.,"A",.,"A",40,"D",.,"A",.,"A"
"20102",2022175,74,0,"1",.,"A",.,"A",.,"A",.,"A",.,"A",.,"A",.,"A",.,"A",.,"A",.,"A",.,"A",.,"A",200,"D",.,"A",.,"A"
"20102",2022185,41,0,"1",.,"A",.,"A",.,"A",.,"A",.,"A",25,"D",.,"A",.,"A",.,"A",.,"A",.,"A",.,"A",50,"D",.,"A",.,"A"
"20102",2022195,60,0,"1",.,"A",.,"A",.,"A",.,"A",.,"A",.,"A",.,"A",.,"A",.,"A",.,"A",.,"A",.,"A",.,"A",.,"A",.,"A"
"20102",2022205,38,0,"1",.,"A",.,"A",.,"A",.,"A",10,"D",30,"D",.,"A",.,"A",.,"A",.,"A",.,"A",.,"A",50,"D",.,"A",.,"A"
"20102",2022215,56,0,"1",.,"A",.,"A",.,"A",.,"A",.,"A",.,"A",.,"A",.,"A",.,"A",.,"A",.,"A",.,"A",60,"D",.,"A",.,"A"
"20102",2022245,57,0,"1",.,"A",.,"A",.,"A",.,"A",.,"A",.,"A",455,"D",.,"A",30,"D",.,"A",.,"A",.,"A",20,"D",.,"A",.,"A"
"20102",2022255,43,0,"1",.,"A",.,"A",.,"A",.,"A",.,"A",.,"A",.,"A",.,"A",.,"A",.,"A",.,"A",.,"A",75,"D",.,"A",.,"A"
"20102",2022275,73,0,"1",.,"A",.,"A",.,"A",.,"A",60,"D",.,"A",.,"A",.,"A",.,"A",.,"A",.,"A",.,"A",.,"A",.,"A",.,"A"
"20102",2022285,47,0,"1",.,"A",.,"A",.,"A",.,"A",.,"A",.,"A",455,"D",.,"A",.,"A",.,"A",.,"A",.,"A",8,"D",.,"A",.,"A"
"20102",2022315,53,0,"1",.,"A",.,"A",.,"A",.,"A",.,"A",.,"A",260,"D",.,"A",.,"A",.,"A",.,"A",.,"A",50,"D",.,"A",.,"A"
"20102",2022325,86,0,"1",.,"A",.,"A",.,"A",.,"A",.,"A",20,"D",.,"A",.,"A",600,"D",.,"A",.,"A",.,"A",.,"A",.,"A",.,"A"
"20102",2022335,52,0,"1",.,"A",.,"A",.,"A",.,"A",.,"A",.,"A",.,"A",.,"A",.,"A",.,"A",.,"A",.,"A",.,"A",.,"A",.,"A"
"20102",2022345,44,0,"1",.,"A",.,"A",.,"A",.,"A",.,"A",25,"D",.,"A",.,"A",.,"A",.,"A",.,"A",.,"A",180,"D",.,"A",.,"A"
"20102",2022355,39,0,"1",.,"A",.,"A",.,"A",.,"A",.,"A",.,"A",.,"A",.,"A",.,"A",.,"A",.,"A",.,"A",72,"D",.,"A",.,"A"
"20102",2022375,59,0,"1",.,"A",.,"A",.,"A",.,"A",.,"A",.,"A",585,"D",.,"A",.,"A",.,"A",.,"A",.,"A",.,"A",.,"A",.,"A"
"20102",2022405,53,0,"1",20,"D",.,"A",.,"A",.,"A",100,"D",.,"A",.,"A",.,"A",.,"A",270,"D",0,"D",0,"D",45,"D",90,"D",.,"A"
"20102",2022425,63,0,"1",.,"A",.,"A",.,"A",.,"A",.,"A",15,"D",.,"A",.,"A",.,"A",.,"A",.,"A",.,"A",165,"D",.,"A",.,"A"
"20102",2022435,76,0,"1",.,"A",.,"A",.,"A",.,"A",.,"A",14,"D",.,"A",.,"A",.,"A",.,"A",.,"A",.,"A",120,"D",.,"A",.,"A"
"20102",2022455,62,0,"1",.,"A",.,"A",.,"A",.,"A",.,"A",.,"A",.,"A",.,"A",.,"A",.,"A",.,"A",.,"A",45,"D",.,"A",.,"A"
"20102",2022475,65,0,"1",.,"A",.,"A",.,"A",.,"A",.,"A",30,"D",325,"D",.,"A",.,"A",.,"A",.,"A",.,"A",100,"D",.,"A",.,"A"
"20102",2022495,42,0,"1",.,"A",.,"A",.,"A",.,"A",.,"A",.,"A",.,"A",.,"A",.,"A",.,"A",.,"A",.,"A",60,"D",.,"A",.,"A"
"20102",2022515,157,0,"1",.,"A",.,"A",.,"A",.,"A",.,"A",.,"A",.,"A",.,"A",.,"A",.,"A",.,"A",.,"A",535,"D",.,"A",.,"A"
"20102",2022535,76,0,"1",.,"A",.,"A",.,"A",.,"A",.,"A",.,"A",.,"A",.,"A",.,"A",.,"A",.,"A",.,"A",210,"D",.,"A",.,"A"
"20102",2022545,93,0,"1",.,"A",.,"A",.,"A",.,"A",.,"A",.,"A",.,"A",.,"A",.,"A",.,"A",.,"A",.,"A",200,"D",.,"A",.,"A"
"20102",2022565,66,0,"1",.,"A",.,"A",.,"A",.,"A",.,"A",.,"A",.,"A",.,"A",.,"A",.,"A",.,"A",.,"A",.,"A",.,"A",.,"A"
"20102",2022575,39,0,"1",.,"A",.,"A",.,"A",.,"A",.,"A",.,"A",.,"A",.,"A",.,"A",.,"A",.,"A",.,"A",.,"A",.,"A",.,"A"
"20102",2022585,92,0,"1",.,"A",.,"A",.,"A",.,"A",.,"A",.,"A",.,"A",.,"A",.,"A",.,"A",.,"A",.,"A",225,"D",.,"A",.,"A"
"20102",2022605,65,0,"1",.,"A",.,"A",.,"A",.,"A",.,"A",120,"D",.,"A",.,"A",.,"A",.,"A",.,"A",.,"A",495,"D",.,"A",.,"A"
"20102",2022615,33,0,"1",.,"A",.,"A",.,"A",.,"A",10,"D",20,"D",.,"A",.,"A",45,"D",.,"A",.,"A",.,"A",.,"A",.,"A",.,"A"
"20102",2022625,57,0,"1",.,"A",.,"A",.,"A",.,"A",.,"A",.,"A",.,"A",.,"A",.,"A",.,"A",.,"A",.,"A",.,"A",.,"A",.,"A"
"20102",2022635,38,0,"1",.,"A",.,"A",.,"A",.,"A",45,"D",.,"A",.,"A",.,"A",.,"A",.,"A",.,"A",.,"A",14,"D",.,"A",.,"A"
"20102",2022665,78,0,"1",.,"A",.,"A",.,"A",.,"A",.,"A",200,"D",.,"A",.,"A",.,"A",.,"A",.,"A",.,"A",200,"D",.,"A",.,"A"
"20102",2022685,31,0,"1",.,"A",.,"A",.,"A",.,"A",.,"A",.,"A",.,"A",.,"A",.,"A",.,"A",.,"A",.,"A",.,"A",.,"A",.,"A"
"20102",2022715,63,0,"1",.,"A",.,"A",.,"A",.,"A",.,"A",.,"A",260,"D",.,"A",.,"A",.,"A",.,"A",.,"A",55,"D",.,"A",.,"A"
"20102",2022725,51,0,"1",.,"A",.,"A",.,"A",.,"A",.,"A",.,"A",.,"A",.,"A",.,"A",.,"A",.,"A",.,"A",.,"A",.,"A",.,"A"
"20102",2022735,54,0,"1",.,"A",.,"A",20,"D",.,"A",.,"A",.,"A",.,"A",195,"D",15,"D",.,"A",.,"A",.,"A",.,"A",.,"A",.,"A"
"20102",2022745,46,0,"1",.,"A",.,"A",.,"A",.,"A",.,"A",.,"A",.,"A",.,"A",.,"A",.,"A",.,"A",.,"A",500,"D",.,"A",.,"A"
"20102",2022775,47,0,"1",.,"A",.,"A",.,"A",.,"A",80,"D",20,"D",.,"A",.,"A",.,"A",.,"A",.,"A",.,"A",.,"A",.,"A",.,"A"
"20102",2022785,70,0,"1",.,"A",.,"A",.,"A",.,"A",.,"A",.,"A",195,"D",.,"A",.,"A",.,"A",.,"A",.,"A",.,"A",.,"A",.,"A"
"20102",2022795,69,0,"1",.,"A",.,"A",.,"A",.,"A",.,"A",120,"D",.,"A",.,"A",.,"A",.,"A",.,"A",.,"A",185,"D",.,"A",.,"A"
"20102",2022825,40,0,"1",.,"A",.,"A",.,"A",.,"A",.,"A",.,"A",.,"A",.,"A",.,"A",.,"A",.,"A",.,"A",120,"D",.,"A",.,"A"
"20102",2022865,53,0,"1",.,"A",.,"A",.,"A",.,"A",.,"A",.,"A",546,"D",.,"A",.,"A",.,"A",.,"A",.,"A",.,"A",.,"A",.,"A"
"20102",2022885,76,0,"1",.,"A",.,"A",.,"A",.,"A",.,"A",150,"D",.,"A",.,"A",75,"D",.,"A",.,"A",.,"A",100,"D",.,"A",.,"A"
"20102",2022895,50,0,"1",.,"A",.,"A",.,"A",.,"A",.,"A",.,"A",260,"D",.,"A",75,"D",.,"A",.,"A",.,"A",20,"D",.,"A",.,"A"
"20102",2022925,44,0,"1",.,"A",.,"A",.,"A",.,"A",.,"A",.,"A",.,"A",.,"A",.,"A",.,"A",.,"A",.,"A",17,"D",.,"A",.,"A"
"20102",2022945,33,0,"1",.,"A",.,"A",.,"A",.,"A",.,"A",.,"A",260,"D",.,"A",.,"A",.,"A",.,"A",.,"A",.,"A",.,"A",.,"A"
"20102",2022955,29,0,"1",.,"A",.,"A",.,"A",.,"A",.,"A",.,"A",.,"A",.,"A",.,"A",.,"A",.,"A",.,"A",.,"A",.,"A",.,"A"
"20102",2022965,86,0,"1",.,"A",.,"A",.,"A",.,"A",.,"A",.,"A",.,"A",.,"A",.,"A",.,"A",.,"A",.,"A",100,"D",.,"A",.,"A"
"20102",2022975,43,0,"1",.,"A",.,"A",.,"A",.,"A",.,"A",.,"A",156,"D",.,"A",.,"A",.,"A",.,"A",.,"A",40,"D",.,"A",.,"A"
"20102",2022985,51,0,"1",.,"A",.,"A",.,"A",.,"A",.,"A",.,"A",.,"A",.,"A",.,"A",.,"A",.,"A",.,"A",.,"A",.,"A",.,"A"
"20102",2022995,51,0,"1",.,"A",.,"A",.,"A",.,"A",.,"A",.,"A",.,"A",.,"A",.,"A",.,"A",.,"A",.,"A",10,"D",.,"A",.,"A"
"20102",2023035,36,0,"1",.,"A",.,"A",.,"A",.,"A",.,"A",.,"A",.,"A",.,"A",.,"A",.,"A",.,"A",.,"A",30,"D",.,"A",.,"A"
"20102",2023045,41,0,"1",.,"A",.,"A",.,"A",.,"A",.,"A",.,"A",.,"A",.,"A",.,"A",.,"A",.,"A",.,"A",55,"D",.,"A",.,"A"
"20102",2023055,40,0,"1",.,"A",.,"A",.,"A",.,"A",.,"A",.,"A",.,"A",.,"A",.,"A",90,"D",90,"D",0,"D",150,"D",30,"D",.,"A"
"20102",2023065,34,0,"1",.,"A",.,"A",.,"A",.,"A",.,"A",.,"A",.,"A",.,"A",.,"A",.,"A",.,"A",.,"A",.,"A",.,"A",.,"A"
"20102",2023075,62,0,"1",.,"A",.,"A",.,"A",.,"A",.,"A",.,"A",.,"A",104,"D",.,"A",.,"A",.,"A",.,"A",50,"D",.,"A",.,"A"
"20102",2023095,59,0,"1",.,"A",.,"A",10,"D",.,"A",.,"A",.,"A",.,"A",.,"A",.,"A",.,"A",.,"A",.,"A",45,"D",.,"A",.,"A"
"20102",2023135,81,0,"1",.,"A",.,"A",.,"A",.,"A",39,"D",.,"A",598,"D",.,"A",0,"D",0,"D",30,"D",0,"D",22,"D",0,"D",.,"A"
"20102",2023145,30,0,"1",.,"A",.,"A",.,"A",.,"A",.,"A",.,"A",.,"A",.,"A",.,"A",.,"A",.,"A",.,"A",60,"D",.,"A",.,"A"
"20102",2023175,49,0,"1",.,"A",.,"A",.,"A",.,"A",.,"A",.,"A",234,"D",.,"A",.,"A",.,"A",.,"A",.,"A",40,"D",.,"A",.,"A"
"20102",2023185,80,0,"1",.,"A",.,"A",.,"A",.,"A",.,"A",19,"D",.,"A",.,"A",.,"A",.,"A",.,"A",.,"A",125,"D",.,"A",.,"A"
"20102",2023215,51,0,"1",.,"A",.,"A",.,"A",.,"A",.,"A",.,"A",.,"A",.,"A",.,"A",.,"A",.,"A",.,"A",.,"A",.,"A",.,"A"
"20102",2023225,99,0,"1",.,"A",.,"A",.,"A",.,"A",.,"A",.,"A",.,"A",.,"A",.,"A",.,"A",.,"A",.,"A",130,"D",.,"A",.,"A"
"20102",2023245,51,0,"1",.,"A",.,"A",.,"A",.,"A",.,"A",.,"A",.,"A",.,"A",.,"A",.,"A",.,"A",.,"A",15,"D",.,"A",.,"A"
"20102",2023255,51,0,"1",.,"A",.,"A",.,"A",.,"A",.,"A",.,"A",.,"A",.,"A",.,"A",.,"A",.,"A",.,"A",100,"D",.,"A",.,"A"
"20102",2023285,48,0,"1",.,"A",.,"A",.,"A",.,"A",.,"A",.,"A",.,"A",.,"A",.,"A",.,"A",.,"A",.,"A",375,"D",.,"A",.,"A"
"20102",2023295,41,0,"1",.,"A",.,"A",.,"A",.,"A",.,"A",.,"A",.,"A",.,"A",30,"D",.,"A",.,"A",.,"A",30,"D",.,"A",.,"A"
"20102",2023325,104,0,"1",.,"A",.,"A",.,"A",.,"A",.,"A",.,"A",.,"A",.,"A",.,"A",.,"A",.,"A",.,"A",60,"D",.,"A",.,"A"
"20102",2023355,74,0,"1",.,"A",.,"A",.,"A",.,"A",.,"A",.,"A",.,"A",.,"A",.,"A",.,"A",.,"A",.,"A",190,"D",.,"A",.,"A"
"20102",2023365,62,0,"1",.,"A",.,"A",.,"A",.,"A",.,"A",.,"A",.,"A",.,"A",.,"A",.,"A",.,"A",.,"A",200,"D",.,"A",.,"A"
"20102",2023385,40,0,"1",.,"A",.,"A",.,"A",.,"A",.,"A",15,"D",.,"A",.,"A",.,"A",0,"D",0,"D",45,"D",492,"D",0,"D",.,"A"
"20102",2023405,47,0,"1",.,"A",.,"A",.,"A",.,"A",36,"D",.,"A",.,"A",.,"A",.,"A",.,"A",.,"A",.,"A",26,"D",.,"A",.,"A"
"20102",2023415,47,0,"1",.,"A",.,"A",.,"A",.,"A",.,"A",.,"A",.,"A",.,"A",.,"A",.,"A",.,"A",.,"A",.,"A",.,"A",.,"A"
"20102",2023445,48,0,"1",100,"D",.,"A",.,"A",.,"A",140,"D",.,"A",.,"A",.,"A",.,"A",135,"D",0,"D",0,"D",60,"D",45,"D",140,"D"
"20102",2023475,58,0,"1",.,"A",.,"A",.,"A",.,"A",.,"A",.,"A",.,"A",.,"A",.,"A",.,"A",.,"A",.,"A",60,"D",.,"A",.,"A"
"20102",2023485,47,0,"1",.,"A",.,"A",.,"A",.,"A",.,"A",.,"A",.,"A",.,"A",.,"A",.,"A",.,"A",.,"A",112,"D",.,"A",.,"A"
"20102",2023505,33,0,"1",.,"A",.,"A",.,"A",.,"A",.,"A",120,"D",442,"D",.,"A",.,"A",.,"A",.,"A",.,"A",240,"D",.,"A",.,"A"
"20102",2023515,34,0,"1",.,"A",.,"A",.,"A",.,"A",.,"A",.,"A",.,"A",.,"A",.,"A",.,"A",.,"A",.,"A",.,"A",.,"A",.,"A"
"20102",2023545,38,0,"1",.,"A",.,"A",.,"A",.,"A",.,"A",.,"A",.,"A",.,"A",.,"A",.,"A",.,"A",.,"A",.,"A",.,"A",.,"A"
"20102",2023555,49,0,"1",.,"A",.,"A",.,"A",.,"A",.,"A",36,"D",.,"A",.,"A",.,"A",.,"A",.,"A",.,"A",.,"A",.,"A",.,"A"
"20102",2023565,54,0,"1",.,"A",.,"A",.,"A",.,"A",.,"A",.,"A",.,"A",.,"A",.,"A",.,"A",.,"A",.,"A",.,"A",.,"A",.,"A"
"20102",2023575,41,0,"1",.,"A",.,"A",.,"A",.,"A",.,"A",.,"A",.,"A",.,"A",.,"A",.,"A",.,"A",.,"A",5,"D",.,"A",.,"A"
"20102",2023585,77,0,"1",.,"A",.,"A",.,"A",.,"A",.,"A",.,"A",.,"A",.,"A",.,"A",.,"A",.,"A",.,"A",30,"D",.,"A",.,"A"
"20102",2023595,45,0,"1",.,"A",.,"A",.,"A",.,"A",.,"A",.,"A",.,"A",.,"A",.,"A",.,"A",.,"A",.,"A",150,"D",.,"A",.,"A"
"20102",2023615,85,0,"1",.,"A",.,"A",.,"A",.,"A",.,"A",.,"A",234,"D",.,"A",.,"A",.,"A",.,"A",.,"A",15,"D",.,"A",.,"A"
"20102",2023625,83,0,"1",.,"A",.,"A",.,"A",.,"A",30,"D",.,"A",.,"A",.,"A",.,"A",.,"A",.,"A",.,"A",40,"D",.,"A",.,"A"
"20102",2023655,32,0,"1",.,"A",.,"A",.,"A",.,"A",.,"A",.,"A",.,"A",.,"A",.,"A",.,"A",.,"A",.,"A",45,"D",.,"A",.,"A"
"20102",2023665,66,0,"1",.,"A",.,"A",.,"A",.,"A",.,"A",.,"A",.,"A",.,"A",.,"A",.,"A",.,"A",.,"A",18,"D",.,"A",.,"A"
"20102",2023695,91,0,"1",.,"A",.,"A",.,"A",.,"A",.,"A",120,"D",.,"A",.,"A",18,"D",.,"A",.,"A",.,"A",180,"D",.,"A",.,"A"
"20102",2023725,68,0,"1",.,"A",33,"D",.,"A",.,"A",.,"A",44,"D",.,"A",.,"A",.,"A",.,"A",.,"A",.,"A",100,"D",.,"A",.,"A"
"20102",2023735,43,0,"1",.,"A",.,"A",.,"A",.,"A",.,"A",.,"A",.,"A",.,"A",.,"A",.,"A",.,"A",.,"A",60,"D",.,"A",.,"A"
"20102",2023745,45,0,"1",.,"A",.,"A",.,"A",.,"A",.,"A",.,"A",.,"A",.,"A",.,"A",0,"D",0,"D",0,"D",30,"D",0,"D",.,"A"
"20102",2023785,56,0,"1",.,"A",.,"A",.,"A",.,"A",.,"A",.,"A",.,"A",.,"A",.,"A",.,"A",.,"A",.,"A",.,"A",.,"A",.,"A"
"20102",2023805,24,0,"1",.,"A",.,"A",.,"A",.,"A",.,"A",.,"A",.,"A",.,"A",.,"A",.,"A",.,"A",.,"A",.,"A",.,"A",.,"A"
"20102",2023815,40,0,"1",.,"A",.,"A",.,"A",.,"A",8,"D",39,"D",.,"A",.,"A",.,"A",.,"A",.,"A",.,"A",.,"A",.,"A",.,"A"
"20102",2023835,42,0,"1",15,"D",.,"A",.,"A",.,"A",45,"D",.,"A",455,"D",.,"A",.,"A",.,"A",.,"A",.,"A",30,"D",.,"A",.,"A"
"20102",2023845,129,0,"1",.,"A",.,"A",.,"A",.,"A",.,"A",15,"D",.,"A",.,"A",18,"D",.,"A",.,"A",.,"A",75,"D",.,"A",.,"A"
"20102",2023865,65,0,"1",.,"A",.,"A",.,"A",.,"A",.,"A",20,"D",.,"A",.,"A",.,"A",.,"A",.,"A",.,"A",50,"D",.,"A",.,"A"
"20102",2023875,73,0,"1",.,"A",.,"A",.,"A",.,"A",.,"A",40,"D",.,"A",.,"A",.,"A",.,"A",.,"A",.,"A",120,"D",.,"A",.,"A"
"20102",2023885,47,0,"1",.,"A",.,"A",.,"A",.,"A",.,"A",.,"A",.,"A",.,"A",.,"A",.,"A",.,"A",.,"A",.,"A",.,"A",.,"A"
"20102",2023895,54,0,"1",.,"A",.,"A",.,"A",.,"A",.,"A",.,"A",.,"A",.,"A",.,"A",.,"A",.,"A",.,"A",40,"D",.,"A",.,"A"
"20102",2023915,70,0,"1",.,"A",.,"A",.,"A",.,"A",.,"A",.,"A",.,"A",.,"A",.,"A",.,"A",.,"A",.,"A",66,"D",.,"A",.,"A"
"20102",2023925,46,0,"1",.,"A",.,"A",.,"A",.,"A",.,"A",.,"A",.,"A",.,"A",.,"A",.,"A",.,"A",.,"A",32,"D",.,"A",.,"A"
"20102",2023935,33,0,"1",.,"A",.,"A",.,"A",.,"A",.,"A",.,"A",.,"A",.,"A",.,"A",.,"A",.,"A",.,"A",.,"A",.,"A",.,"A"
"20102",2023945,56,0,"1",.,"A",.,"A",.,"A",.,"A",.,"A",.,"A",650,"D",26,"F",.,"A",.,"A",.,"A",.,"A",.,"A",.,"A",.,"A"
"20102",2023955,64,0,"1",.,"A",.,"A",.,"A",.,"A",.,"A",.,"A",.,"A",.,"A",3,"D",.,"A",.,"A",.,"A",20,"D",.,"A",.,"A"
"20102",2023975,39,0,"1",.,"A",.,"A",.,"A",.,"A",300,"D",.,"A",.,"A",.,"A",.,"A",.,"A",.,"A",.,"A",.,"A",.,"A",.,"A"
"20102",2024035,45,0,"1",.,"A",.,"A",.,"A",.,"A",.,"A",.,"A",104,"D",.,"A",.,"A",.,"A",.,"A",.,"A",300,"D",.,"A",.,"A"
"20102",2024045,42,0,"1",.,"A",.,"A",.,"A",.,"A",.,"A",.,"A",325,"D",.,"A",.,"A",.,"A",.,"A",.,"A",130,"D",.,"A",.,"A"
"20102",2024055,81,0,"1",.,"A",.,"A",.,"A",.,"A",.,"A",25,"D",390,"D",.,"A",.,"A",.,"A",.,"A",.,"A",190,"D",.,"A",.,"A"
"20102",2024065,30,0,"1",.,"A",.,"A",.,"A",.,"A",.,"A",.,"A",.,"A",.,"A",.,"A",.,"A",.,"A",.,"A",.,"A",.,"A",.,"A"
"20102",2024075,52,0,"1",.,"A",.,"A",.,"A",.,"A",.,"A",15,"D",.,"A",.,"A",.,"A",.,"A",.,"A",.,"A",16,"D",.,"A",.,"A"
"20102",2024085,57,0,"1",.,"A",.,"A",.,"A",.,"A",.,"A",.,"A",130,"D",260,"D",.,"A",.,"A",.,"A",.,"A",25,"D",.,"A",.,"A"
"20102",2024135,52,0,"1",.,"A",.,"A",.,"A",.,"A",.,"A",.,"A",780,"D",.,"A",.,"A",.,"A",.,"A",.,"A",.,"A",.,"A",.,"A"
"20102",2024145,31,0,"1",.,"A",.,"A",.,"A",.,"A",.,"A",.,"A",.,"A",.,"A",.,"A",0,"D",0,"D",150,"D",.,"A",0,"D",.,"A"
"20102",2024165,68,0,"1",.,"A",.,"A",.,"A",.,"A",.,"A",.,"A",.,"A",.,"A",.,"A",.,"A",.,"A",.,"A",.,"A",.,"A",.,"A"
"20102",2024195,42,0,"1",.,"A",.,"A",.,"A",.,"A",.,"A",.,"A",351,"F",.,"A",.,"A",.,"A",.,"A",.,"A",90,"D",.,"A",.,"A"
"20102",2024205,58,0,"1",.,"A",.,"A",.,"A",.,"A",.,"A",.,"A",.,"A",.,"A",.,"A",.,"A",.,"A",.,"A",30,"D",.,"A",.,"A"
"20102",2024245,53,0,"1",.,"A",.,"A",.,"A",.,"A",.,"A",24,"D",.,"A",.,"A",.,"A",.,"A",.,"A",.,"A",200,"D",.,"A",.,"A"
"20102",2024255,35,0,"1",.,"A",.,"A",.,"A",.,"A",.,"A",.,"A",.,"A",.,"A",.,"A",.,"A",.,"A",.,"A",.,"A",.,"A",.,"A"
"20102",2024295,49,0,"1",.,"A",.,"A",.,"A",.,"A",.,"A",.,"A",.,"A",.,"A",.,"A",.,"A",.,"A",.,"A",.,"A",.,"A",.,"A"
"20102",2024325,70,0,"1",.,"A",.,"A",32,"D",.,"A",.,"A",.,"A",.,"A",.,"A",.,"A",.,"A",.,"A",.,"A",54,"D",.,"A",.,"A"
"20102",2024335,62,0,"1",.,"A",.,"A",.,"A",.,"A",85,"D",.,"A",1040,"D",.,"A",.,"A",.,"A",.,"A",.,"A",.,"A",.,"A",.,"A"
"20102",2024355,37,0,"1",.,"A",.,"A",.,"A",.,"A",60,"D",.,"A",.,"A",.,"A",.,"A",.,"A",.,"A",.,"A",.,"A",.,"A",.,"A"
"20102",2024365,24,0,"1",21,"D",.,"A",.,"A",.,"A",99,"D",.,"A",.,"A",.,"A",.,"A",.,"A",.,"A",.,"A",.,"A",.,"A",.,"A"
"20102",2024405,31,0,"1",.,"A",.,"A",.,"A",.,"A",.,"A",.,"A",.,"A",.,"A",.,"A",.,"A",.,"A",.,"A",.,"A",.,"A",.,"A"
"20102",2024415,61,0,"1",.,"A",.,"A",.,"A",.,"A",.,"A",50,"D",.,"A",.,"A",.,"A",.,"A",.,"A",.,"A",455,"D",.,"A",.,"A"
"20102",2024425,54,0,"1",.,"A",.,"A",.,"A",.,"A",.,"A",.,"A",260,"D",.,"A",.,"A",.,"A",.,"A",.,"A",60,"D",.,"A",.,"A"
"20102",2024435,50,0,"1",.,"A",.,"A",.,"A",.,"A",.,"A",.,"A",585,"D",.,"A",.,"A",.,"A",.,"A",.,"A",.,"A",.,"A",.,"A"
"20102",2024455,64,0,"1",.,"A",.,"A",.,"A",.,"A",.,"A",.,"A",.,"A",.,"A",.,"A",.,"A",.,"A",.,"A",105,"D",.,"A",.,"A"
"20102",2024465,61,0,"1",.,"A",.,"A",.,"A",.,"A",.,"A",20,"D",.,"A",.,"A",.,"A",.,"A",.,"A",.,"A",30,"D",.,"A",.,"A"
"20102",2024535,44,0,"1",.,"A",.,"A",.,"A",60,"D",80,"D",.,"A",598,"D",.,"A",15,"D",.,"A",.,"A",.,"A",32,"D",.,"A",.,"A"
"20102",2024555,61,0,"1",.,"A",.,"A",.,"A",.,"A",.,"A",.,"A",.,"A",.,"A",.,"A",.,"A",.,"A",.,"A",.,"A",.,"A",.,"A"
"20102",2024575,26,0,"1",.,"A",.,"A",.,"A",.,"A",.,"A",.,"A",.,"A",.,"A",.,"A",.,"A",.,"A",.,"A",.,"A",.,"A",.,"A"
"20102",2024605,52,0,"1",.,"A",.,"A",.,"A",.,"A",.,"A",.,"A",.,"A",.,"A",.,"A",.,"A",.,"A",.,"A",16,"D",.,"A",.,"A"
"20102",2024615,72,0,"1",.,"A",.,"A",.,"A",.,"A",4,"D",.,"A",65,"D",.,"A",.,"A",.,"A",.,"A",.,"A",.,"A",.,"A",.,"A"
"20102",2024625,62,0,"1",.,"A",.,"A",.,"A",.,"A",.,"A",50,"D",.,"A",.,"A",.,"A",.,"A",.,"A",.,"A",300,"D",.,"A",.,"A"
"20102",2024665,75,0,"1",.,"A",.,"A",.,"A",.,"A",.,"A",.,"A",.,"A",.,"A",.,"A",.,"A",.,"A",.,"A",55,"D",.,"A",.,"A"
"20102",2024675,58,0,"1",.,"A",.,"A",.,"A",.,"A",.,"A",.,"A",.,"A",.,"A",.,"A",.,"A",.,"A",.,"A",20,"D",.,"A",.,"A"
"20102",2024685,42,0,"1",.,"A",.,"A",.,"A",.,"A",.,"A",.,"A",.,"A",.,"A",.,"A",.,"A",.,"A",.,"A",.,"A",.,"A",.,"A"
"20102",2024705,110,0,"1",.,"A",.,"A",.,"A",.,"A",.,"A",300,"D",.,"A",.,"A",.,"A",.,"A",.,"A",.,"A",500,"D",.,"A",.,"A"
"20102",2024725,68,0,"1",.,"A",.,"A",.,"A",.,"A",.,"A",120,"D",.,"A",.,"A",.,"A",.,"A",.,"A",.,"A",150,"D",.,"A",.,"A"
"20102",2024735,61,0,"1",.,"A",.,"A",.,"A",.,"A",10,"D",.,"A",.,"A",.,"A",.,"A",.,"A",.,"A",.,"A",55,"D",.,"A",.,"A"
"20102",2024745,36,0,"1",34,"D",.,"A",.,"A",.,"A",50,"D",.,"A",.,"A",.,"A",.,"A",0,"D",180,"D",0,"D",50,"D",0,"D",.,"A"
"20102",2024755,52,0,"1",75,"D",.,"A",.,"A",.,"A",75,"D",.,"A",.,"A",.,"A",.,"A",.,"A",.,"A",.,"A",120,"D",.,"A",.,"A"
"20102",2024765,62,0,"1",.,"A",.,"A",.,"A",.,"A",.,"A",.,"A",.,"A",.,"A",21,"D",.,"A",.,"A",.,"A",62,"D",.,"A",.,"A"
"20102",2024775,56,0,"1",.,"A",.,"A",.,"A",.,"A",.,"A",.,"A",.,"A",.,"A",.,"A",.,"A",.,"A",.,"A",24,"D",.,"A",.,"A"
"20102",2024805,57,0,"1",.,"A",.,"A",.,"A",.,"A",.,"A",.,"A",.,"A",.,"A",.,"A",.,"A",.,"A",.,"A",.,"A",.,"A",.,"A"
"20102",2024815,46,0,"1",.,"A",.,"A",.,"A",.,"A",.,"A",.,"A",.,"A",.,"A",.,"A",.,"A",.,"A",.,"A",170,"D",.,"A",.,"A"
"20102",2024855,46,0,"1",.,"A",.,"A",.,"A",.,"A",.,"A",.,"A",.,"A",.,"A",.,"A",.,"A",.,"A",.,"A",240,"D",.,"A",.,"A"
"20102",2024865,60,0,"1",.,"A",.,"A",.,"A",.,"A",.,"A",.,"A",520,"D",.,"A",.,"A",.,"A",.,"A",.,"A",100,"D",.,"A",.,"A"
"20102",2024875,28,0,"1",.,"A",.,"A",.,"A",.,"A",60,"D",.,"A",.,"A",.,"A",.,"A",.,"A",.,"A",.,"A",.,"A",.,"A",.,"A"
"20102",2024915,75,0,"1",.,"A",.,"A",.,"A",.,"A",.,"A",.,"A",.,"A",.,"A",.,"A",.,"A",.,"A",.,"A",130,"D",.,"A",.,"A"
"20102",2024925,32,0,"1",.,"A",.,"A",.,"A",.,"A",.,"A",.,"A",.,"A",.,"A",.,"A",.,"A",.,"A",.,"A",240,"D",.,"A",.,"A"
"20102",2024935,60,0,"1",.,"A",.,"A",.,"A",.,"A",35,"D",.,"A",.,"A",104,"D",.,"A",0,"D",0,"D",6,"D",39,"D",0,"D",.,"A"
"20102",2024945,54,0,"1",.,"A",.,"A",.,"A",.,"A",.,"A",.,"A",.,"A",.,"A",.,"A",.,"A",.,"A",.,"A",150,"D",.,"A",.,"A"
"20102",2024955,74,0,"1",.,"A",.,"A",.,"A",.,"A",.,"A",.,"A",.,"A",.,"A",.,"A",.,"A",.,"A",.,"A",120,"D",.,"A",.,"A"
"20102",2024965,42,0,"1",30,"D",.,"A",.,"A",80,"D",90,"D",.,"A",.,"A",.,"A",60,"D",0,"D",0,"D",15,"D",.,"A",0,"D",.,"A"
"20102",2024975,35,0,"1",.,"A",.,"A",.,"A",.,"A",.,"A",.,"A",.,"A",.,"A",.,"A",.,"A",.,"A",.,"A",.,"A",.,"A",.,"A"
"20102",2024985,29,0,"1",.,"A",.,"A",.,"A",.,"A",.,"A",.,"A",.,"A",.,"A",.,"A",.,"A",.,"A",.,"A",.,"A",.,"A",.,"A"
"20102",2025005,52,0,"1",20,"D",.,"A",.,"A",.,"A",130,"D",30,"D",.,"A",.,"A",.,"A",.,"A",.,"A",.,"A",90,"D",.,"A",.,"A"
"20102",2025025,82,0,"1",.,"A",.,"A",.,"A",.,"A",.,"A",200,"D",.,"A",.,"A",.,"A",.,"A",.,"A",.,"A",450,"D",.,"A",.,"A"
"20102",2025035,67,0,"1",.,"A",.,"A",.,"A",.,"A",.,"A",40,"D",.,"A",.,"A",.,"A",.,"A",.,"A",.,"A",125,"D",.,"A",.,"A"
"20102",2025045,52,0,"1",.,"A",.,"A",.,"A",.,"A",42,"D",.,"A",.,"A",.,"A",.,"A",0,"D",0,"D",24,"D",.,"A",0,"D",.,"A"
"20102",2025055,43,0,"1",.,"A",.,"A",.,"A",.,"A",.,"A",60,"D",.,"A",.,"A",.,"A",.,"A",.,"A",.,"A",.,"A",.,"A",.,"A"
"20102",2025085,60,0,"1",.,"A",.,"A",.,"A",.,"A",.,"A",.,"A",.,"A",.,"A",.,"A",.,"A",.,"A",.,"A",24,"D",.,"A",.,"A"
"20102",2025095,55,0,"1",.,"A",.,"A",.,"A",.,"A",.,"A",240,"D",1365,"D",.,"A",.,"A",.,"A",.,"A",.,"A",1600,"D",.,"A",.,"A"
"20102",2025105,28,0,"1",.,"A",.,"A",.,"A",.,"A",15,"D",40,"D",.,"A",.,"A",.,"A",522,"D",6,"D",6,"D",30,"D",174,"D",.,"A"
"20102",2025115,63,0,"1",.,"A",.,"A",.,"A",.,"A",.,"A",40,"D",.,"A",.,"A",.,"A",.,"A",.,"A",.,"A",33,"D",.,"A",.,"A"
"20102",2025125,52,0,"1",.,"A",.,"A",.,"A",.,"A",.,"A",.,"A",.,"A",.,"A",.,"A",.,"A",.,"A",.,"A",48,"D",.,"A",.,"A"
"20102",2025145,46,0,"1",.,"A",.,"A",.,"A",.,"A",.,"A",.,"A",.,"A",.,"A",.,"A",.,"A",.,"A",.,"A",.,"A",.,"A",.,"A"
"20102",2025155,41,0,"1",.,"A",.,"A",.,"A",.,"A",.,"A",.,"A",.,"A",.,"A",.,"A",.,"A",.,"A",.,"A",40,"D",.,"A",.,"A"
"20102",2025165,51,0,"1",.,"A",.,"A",.,"A",.,"A",.,"A",.,"A",.,"A",.,"A",.,"A",.,"A",.,"A",.,"A",127,"D",.,"A",.,"A"
"20102",2025175,70,0,"1",.,"A",.,"A",.,"A",.,"A",.,"A",100,"D",.,"A",52,"D",9,"D",.,"A",.,"A",.,"A",.,"A",.,"A",.,"A"
"20102",2025195,49,0,"1",.,"A",.,"A",.,"A",.,"A",.,"A",.,"A",.,"A",.,"A",.,"A",.,"A",.,"A",.,"A",16,"D",.,"A",.,"A"
"20102",2025225,62,0,"1",.,"A",.,"A",25,"D",.,"A",.,"A",18,"D",.,"A",.,"A",72,"D",.,"A",.,"A",.,"A",239,"D",.,"A",.,"A"
"20102",2025235,57,0,"1",.,"A",.,"A",.,"A",.,"A",.,"A",.,"A",728,"D",.,"A",.,"A",.,"A",.,"A",.,"A",60,"D",.,"A",.,"A"
"20102",2025255,63,0,"1",.,"A",.,"A",.,"A",.,"A",.,"A",.,"A",.,"A",.,"A",.,"A",.,"A",.,"A",.,"A",200,"D",.,"A",.,"A"
"20102",2025265,50,0,"1",.,"A",.,"A",.,"A",.,"A",.,"A",.,"A",.,"A",.,"A",.,"A",.,"A",.,"A",.,"A",300,"D",.,"A",.,"A"
"20102",2025275,53,0,"1",.,"A",.,"A",.,"A",.,"A",.,"A",.,"A",182,"D",.,"A",.,"A",.,"A",.,"A",.,"A",120,"D",.,"A",.,"A"
"20102",2025295,54,0,"1",.,"A",.,"A",.,"A",.,"A",.,"A",.,"A",.,"A",.,"A",.,"A",.,"A",.,"A",.,"A",570,"D",.,"A",.,"A"
"20102",2025305,51,0,"1",.,"A",.,"A",.,"A",.,"A",60,"D",.,"A",.,"A",.,"A",30,"D",.,"A",.,"A",.,"A",15,"D",.,"A",.,"A"
"20102",2025325,54,0,"1",.,"A",.,"A",.,"A",.,"A",.,"A",.,"A",390,"D",.,"A",.,"A",.,"A",.,"A",.,"A",90,"D",.,"A",.,"A"
"20102",2025335,52,0,"1",.,"A",.,"A",.,"A",.,"A",.,"A",150,"D",39,"F",.,"A",.,"A",.,"A",.,"A",.,"A",250,"D",.,"A",.,"A"
"20102",2025355,39,0,"1",.,"A",.,"A",.,"A",.,"A",.,"A",.,"A",.,"A",.,"A",.,"A",.,"A",.,"A",.,"A",40,"D",.,"A",.,"A"
"20102",2025385,28,0,"1",.,"A",.,"A",.,"A",.,"A",.,"A",.,"A",.,"A",.,"A",.,"A",.,"A",.,"A",.,"A",13,"D",.,"A",.,"A"
"20102",2025395,52,0,"1",.,"A",.,"A",.,"A",.,"A",.,"A",.,"A",.,"A",.,"A",.,"A",.,"A",.,"A",.,"A",.,"A",.,"A",.,"A"
"20102",2025405,36,0,"1",.,"A",.,"A",.,"A",.,"A",.,"A",.,"A",.,"A",.,"A",.,"A",.,"A",.,"A",.,"A",.,"A",.,"A",.,"A"
"20102",2025415,44,0,"1",.,"A",.,"A",.,"A",.,"A",120,"D",.,"A",390,"D",.,"A",3,"D",.,"A",.,"A",.,"A",35,"D",.,"A",.,"A"
"20102",2025425,42,0,"1",.,"A",.,"A",.,"A",.,"A",.,"A",.,"A",.,"A",.,"A",.,"A",.,"A",.,"A",.,"A",90,"F",.,"A",.,"A"
"20102",2025435,51,0,"1",.,"A",.,"A",.,"A",.,"A",.,"A",.,"A",455,"D",.,"A",.,"A",.,"A",.,"A",.,"A",45,"D",.,"A",.,"A"
"20102",2025445,46,0,"1",.,"A",.,"A",.,"A",.,"A",.,"A",.,"A",390,"D",.,"A",.,"A",.,"A",.,"A",.,"A",26,"D",.,"A",.,"A"
"20102",2025455,51,0,"1",.,"A",.,"A",.,"A",.,"A",.,"A",90,"D",.,"A",.,"A",.,"A",.,"A",.,"A",.,"A",75,"D",.,"A",.,"A"
"20102",2025465,40,0,"1",.,"A",.,"A",.,"A",.,"A",.,"A",.,"A",.,"A",.,"A",.,"A",.,"A",.,"A",.,"A",.,"A",.,"A",.,"A"
"20102",2025475,68,0,"1",.,"A",.,"A",.,"A",.,"A",.,"A",.,"A",494,"D",.,"A",720,"D",.,"A",.,"A",.,"A",75,"D",.,"A",.,"A"
"20102",2025495,47,0,"1",.,"A",.,"A",.,"A",.,"A",.,"A",.,"A",.,"A",.,"A",.,"A",.,"A",.,"A",.,"A",.,"A",.,"A",.,"A"
"20102",2025505,70,0,"1",.,"A",.,"A",.,"A",.,"A",.,"A",.,"A",.,"A",.,"A",45,"D",.,"A",.,"A",.,"A",300,"D",.,"A",.,"A"
"20102",2025525,29,0,"1",.,"A",.,"A",.,"A",.,"A",30,"D",.,"A",.,"A",.,"A",.,"A",267,"D",0,"D",0,"D",.,"A",89,"D",.,"A"
"20102",2025545,66,0,"1",.,"A",.,"A",.,"A",.,"A",.,"A",.,"A",.,"A",.,"A",.,"A",.,"A",.,"A",.,"A",200,"D",.,"A",.,"A"
"20102",2025575,42,0,"1",.,"A",.,"A",.,"A",.,"A",.,"A",.,"A",.,"A",.,"A",.,"A",.,"A",.,"A",.,"A",200,"D",.,"A",.,"A"
"20102",2025585,57,0,"1",.,"A",.,"A",.,"A",.,"A",.,"A",.,"A",1300,"D",.,"A",.,"A",.,"A",.,"A",.,"A",20,"D",.,"A",.,"A"
"20102",2025595,48,0,"1",.,"A",.,"A",.,"A",.,"A",.,"A",.,"A",.,"A",.,"A",.,"A",.,"A",.,"A",.,"A",30,"D",.,"A",.,"A"
"20102",2025605,46,0,"1",.,"A",.,"A",.,"A",.,"A",120,"D",.,"A",.,"A",.,"A",.,"A",.,"A",.,"A",.,"A",300,"D",.,"A",.,"A"
"20102",2025635,40,0,"1",.,"A",.,"A",.,"A",.,"A",.,"A",.,"A",.,"A",.,"A",.,"A",.,"A",.,"A",.,"A",.,"A",.,"A",.,"A"
"20102",2025645,56,0,"1",.,"A",.,"A",.,"A",30,"D",.,"A",30,"D",.,"A",.,"A",.,"A",.,"A",.,"A",.,"A",250,"D",.,"A",.,"A"
"20102",2025655,67,0,"1",.,"A",.,"A",.,"A",.,"A",.,"A",.,"A",.,"A",.,"A",.,"A",.,"A",.,"A",.,"A",45,"D",.,"A",.,"A"
"20102",2025665,63,0,"1",.,"A",.,"A",.,"A",.,"A",.,"A",25,"D",.,"A",.,"A",.,"A",.,"A",.,"A",.,"A",150,"D",.,"A",.,"A"
"20102",2025675,42,0,"1",.,"A",.,"A",.,"A",.,"A",.,"A",.,"A",.,"A",.,"A",.,"A",.,"A",.,"A",.,"A",.,"A",.,"A",.,"A"
"20102",2025715,59,0,"1",.,"A",.,"A",.,"A",.,"A",.,"A",.,"A",.,"A",.,"A",.,"A",.,"A",.,"A",.,"A",75,"D",.,"A",.,"A"
"20102",2025725,65,0,"1",.,"A",.,"A",.,"A",.,"A",.,"A",.,"A",.,"A",.,"A",.,"A",.,"A",.,"A",.,"A",50,"D",.,"A",.,"A"
"20102",2025735,42,0,"1",.,"A",.,"A",.,"A",.,"A",.,"A",.,"A",.,"A",.,"A",.,"A",.,"A",.,"A",.,"A",.,"A",.,"A",.,"A"
"20102",2025765,57,0,"1",.,"A",.,"A",.,"A",.,"A",.,"A",.,"A",.,"A",.,"A",.,"A",.,"A",.,"A",.,"A",.,"A",.,"A",.,"A"
"20102",2025775,114,0,"1",.,"A",40,"D",.,"A",.,"A",.,"A",260,"D",.,"A",130,"D",.,"A",.,"A",.,"A",.,"A",600,"D",.,"A",.,"A"
"20102",2025805,40,0,"1",.,"A",.,"A",.,"A",.,"A",.,"A",.,"A",.,"A",.,"A",.,"A",.,"A",.,"A",.,"A",.,"A",.,"A",.,"A"
"20102",2025815,32,0,"1",.,"A",.,"A",.,"A",.,"A",.,"A",.,"A",.,"A",.,"A",.,"A",.,"A",.,"A",.,"A",180,"D",.,"A",.,"A"
"20102",2025845,80,0,"1",.,"A",.,"A",.,"A",750,"D",.,"A",.,"A",.,"A",.,"A",.,"A",96,"D",0,"D",0,"D",150,"D",32,"D",.,"A"
"20102",2025855,30,0,"1",.,"A",.,"A",.,"A",.,"A",.,"A",.,"A",585,"F",.,"A",.,"A",.,"A",.,"A",.,"A",.,"A",.,"A",.,"A"
"20102",2025875,66,0,"1",.,"A",.,"A",.,"A",.,"A",.,"A",.,"A",286,"D",.,"A",.,"A",.,"A",.,"A",.,"A",.,"A",.,"A",.,"A"
"20102",2025885,67,0,"1",.,"A",.,"A",.,"A",.,"A",.,"A",.,"A",.,"A",.,"A",.,"A",.,"A",.,"A",.,"A",.,"A",.,"A",.,"A"
"20102",2025905,72,0,"1",.,"A",.,"A",.,"A",.,"A",.,"A",.,"A",.,"A",.,"A",.,"A",.,"A",.,"A",.,"A",150,"D",.,"A",.,"A"
"20102",2025925,91,0,"1",.,"A",.,"A",.,"A",.,"A",.,"A",100,"D",.,"A",.,"A",.,"A",.,"A",.,"A",.,"A",250,"D",.,"A",.,"A"
"20102",2025935,68,0,"1",.,"A",.,"A",.,"A",.,"A",.,"A",.,"A",.,"A",.,"A",60,"D",.,"A",.,"A",.,"A",300,"D",.,"A",.,"A"
"20102",2025975,71,0,"1",.,"A",.,"A",.,"A",.,"A",.,"A",60,"D",195,"D",.,"A",.,"A",.,"A",.,"A",.,"A",510,"D",.,"A",.,"A"
"20102",2026005,81,0,"1",.,"A",.,"A",.,"A",.,"A",.,"A",.,"A",780,"D",.,"A",.,"A",.,"A",.,"A",.,"A",320,"D",.,"A",.,"A"
"20102",2026025,53,0,"1",.,"A",.,"A",.,"A",.,"A",.,"A",.,"A",.,"A",.,"A",.,"A",.,"A",.,"A",.,"A",70,"D",.,"A",.,"A"
"20102",2026035,41,0,"1",.,"A",.,"A",.,"A",.,"A",.,"A",.,"A",.,"A",.,"A",.,"A",.,"A",.,"A",.,"A",.,"A",.,"A",.,"A"
"20102",2026055,45,0,"1",.,"A",.,"A",.,"A",.,"A",.,"A",.,"A",.,"A",.,"A",.,"A",.,"A",.,"A",.,"A",45,"D",.,"A",.,"A"
"20102",2026065,30,0,"1",.,"A",.,"A",.,"A",.,"A",.,"A",.,"A",.,"A",.,"A",.,"A",.,"A",.,"A",.,"A",15,"D",.,"A",.,"A"
"20102",2026075,54,0,"1",.,"A",.,"A",.,"A",.,"A",.,"A",300,"D",.,"A",.,"A",.,"A",.,"A",.,"A",.,"A",240,"D",.,"A",.,"A"
"20102",2026085,48,0,"1",.,"A",.,"A",.,"A",.,"A",.,"A",.,"A",.,"A",.,"A",.,"A",.,"A",.,"A",.,"A",45,"D",.,"A",.,"A"
"20102",2026105,48,0,"1",.,"A",.,"A",.,"A",.,"A",.,"A",.,"A",.,"A",.,"A",.,"A",.,"A",.,"A",.,"A",210,"D",.,"A",.,"A"
"20102",2026135,67,0,"1",.,"A",.,"A",.,"A",.,"A",.,"A",.,"A",130,"D",.,"A",24,"D",.,"A",.,"A",.,"A",190,"D",.,"A",.,"A"
"20102",2026145,44,0,"1",.,"A",.,"A",.,"A",.,"A",140,"D",80,"D",.,"A",.,"A",.,"A",.,"A",.,"A",.,"A",340,"D",.,"A",.,"A"
"20102",2026155,31,0,"1",10,"D",.,"A",.,"A",.,"A",50,"D",.,"A",.,"A",.,"A",.,"A",39,"D",0,"D",0,"D",20,"D",13,"D",.,"A"
"20102",2026175,97,0,"1",.,"A",.,"A",.,"A",.,"A",.,"A",.,"A",.,"A",.,"A",.,"A",.,"A",.,"A",.,"A",30,"D",.,"A",.,"A"
"20102",2026195,82,0,"1",.,"A",.,"A",.,"A",.,"A",.,"A",.,"A",.,"A",.,"A",.,"A",.,"A",.,"A",.,"A",.,"A",.,"A",.,"A"
"20102",2026205,67,0,"1",.,"A",.,"A",.,"A",.,"A",.,"A",.,"A",.,"A",.,"A",.,"A",.,"A",.,"A",.,"A",36,"D",.,"A",.,"A"
"20102",2026215,45,0,"1",.,"A",.,"A",.,"A",.,"A",.,"A",40,"D",.,"A",.,"A",.,"A",.,"A",.,"A",.,"A",.,"A",.,"A",.,"A"
"20102",2026225,48,0,"1",.,"A",.,"A",.,"A",.,"A",.,"A",.,"A",.,"A",.,"A",.,"A",.,"A",.,"A",.,"A",160,"D",.,"A",.,"A"
"20102",2026245,77,0,"1",.,"A",.,"A",30,"D",.,"A",.,"A",60,"D",.,"A",.,"A",.,"A",.,"A",.,"A",.,"A",150,"D",.,"A",.,"A"
"20102",2026255,55,0,"1",40,"D",.,"A",.,"A",.,"A",80,"D",.,"A",.,"A",.,"A",.,"A",.,"A",.,"A",.,"A",120,"D",.,"A",.,"A"
"20102",2026265,45,0,"1",.,"A",.,"A",.,"A",.,"A",.,"A",.,"A",.,"A",.,"A",.,"A",.,"A",.,"A",.,"A",18,"D",.,"A",.,"A"
"20102",2026285,33,0,"1",.,"A",.,"A",.,"A",.,"A",.,"A",.,"A",.,"A",.,"A",.,"A",.,"A",.,"A",.,"A",.,"A",.,"A",.,"A"
"20102",2026305,58,0,"1",.,"A",.,"A",.,"A",.,"A",.,"A",20,"D",.,"A",.,"A",.,"A",.,"A",.,"A",.,"A",110,"D",.,"A",.,"A"
"20102",2026325,64,0,"1",.,"A",.,"A",.,"A",.,"A",.,"A",.,"A",1300,"D",.,"A",.,"A",.,"A",.,"A",.,"A",.,"A",.,"A",.,"A"
"20102",2026335,38,0,"1",.,"A",.,"A",.,"A",.,"A",.,"A",.,"A",819,"D",.,"A",.,"A",.,"A",.,"A",.,"A",.,"A",.,"A",.,"A"
"20102",2026345,40,0,"1",.,"A",.,"A",.,"A",.,"A",.,"A",.,"A",.,"A",.,"A",.,"A",.,"A",.,"A",.,"A",.,"A",.,"A",.,"A"
"20102",2026355,51,0,"1",.,"A",.,"A",.,"A",.,"A",.,"A",.,"A",.,"A",65,"D",.,"A",.,"A",.,"A",.,"A",.,"A",.,"A",.,"A"
"20102",2026375,67,0,"1",.,"A",.,"A",.,"A",.,"A",.,"A",.,"A",.,"A",.,"A",.,"A",.,"A",.,"A",.,"A",.,"A",.,"A",.,"A"
"20102",2026405,120,0,"1",.,"A",.,"A",.,"A",.,"A",.,"A",.,"A",.,"A",.,"A",18,"D",.,"A",.,"A",.,"A",.,"A",.,"A",.,"A"
"20102",2026425,57,0,"1",.,"A",.,"A",.,"A",.,"A",.,"A",.,"A",325,"D",.,"A",.,"A",.,"A",.,"A",.,"A",35,"D",.,"A",.,"A"
"20102",2026435,74,0,"1",.,"A",.,"A",.,"A",.,"A",.,"A",60,"D",.,"A",.,"A",.,"A",.,"A",.,"A",.,"A",300,"D",.,"A",.,"A"
"20102",2026465,39,0,"1",.,"A",.,"A",.,"A",.,"A",.,"A",.,"A",.,"A",.,"A",.,"A",.,"A",.,"A",.,"A",.,"A",.,"A",.,"A"
"20102",2026485,30,0,"1",.,"A",.,"A",.,"A",.,"A",.,"A",.,"A",.,"A",.,"A",.,"A",.,"A",.,"A",.,"A",18,"D",.,"A",.,"A"
"20102",2026515,93,0,"1",.,"A",.,"A",.,"A",.,"A",.,"A",180,"D",.,"A",689,"D",.,"A",.,"A",.,"A",.,"A",120,"D",.,"A",.,"A"
"20102",2026525,37,0,"1",.,"A",.,"A",.,"A",.,"A",.,"A",.,"A",195,"D",.,"A",.,"A",.,"A",.,"A",.,"A",.,"A",.,"A",.,"A"
"20102",2026535,80,0,"1",.,"A",.,"A",.,"A",.,"A",.,"A",.,"A",325,"D",.,"A",.,"A",.,"A",.,"A",.,"A",13,"D",.,"A",.,"A"
"20102",2026555,51,0,"1",.,"A",.,"A",.,"A",.,"A",.,"A",.,"A",.,"A",.,"A",111,"D",.,"A",.,"A",.,"A",184,"D",.,"A",.,"A"
"20102",2026595,41,0,"1",.,"A",.,"A",.,"A",.,"A",.,"A",.,"A",.,"A",.,"A",.,"A",.,"A",.,"A",.,"A",.,"A",.,"A",.,"A"
"20102",2026615,46,0,"1",.,"A",.,"A",.,"A",.,"A",.,"A",.,"A",182,"D",.,"A",.,"A",.,"A",.,"A",.,"A",40,"D",.,"A",.,"A"
"20102",2026625,78,0,"1",.,"A",.,"A",.,"A",.,"A",.,"A",.,"A",.,"A",.,"A",.,"A",.,"A",.,"A",.,"A",306,"D",.,"A",.,"A"
"20102",2026665,34,0,"1",9,"D",.,"A",.,"A",.,"A",27,"D",.,"A",.,"A",.,"A",.,"A",.,"A",.,"A",.,"A",.,"A",.,"A",.,"A"
"20102",2026675,33,0,"1",.,"A",.,"A",.,"A",.,"A",.,"A",.,"A",.,"A",.,"A",.,"A",.,"A",.,"A",.,"A",13,"D",.,"A",.,"A"
"20102",2026715,76,0,"1",.,"A",.,"A",.,"A",.,"A",.,"A",68,"D",260,"D",.,"A",72,"D",.,"A",.,"A",.,"A",106,"D",.,"A",.,"A"
"20102",2026725,35,0,"1",.,"A",.,"A",.,"A",.,"A",140,"D",.,"A",.,"A",.,"A",.,"A",.,"A",.,"A",.,"A",.,"A",.,"A",.,"A"
"20102",2026745,81,0,"1",.,"A",.,"A",.,"A",.,"A",40,"D",.,"A",260,"D",.,"A",.,"A",.,"A",.,"A",.,"A",200,"D",.,"A",.,"A"
"20102",2026755,65,0,"1",.,"A",.,"A",.,"A",.,"A",.,"A",8,"D",.,"A",.,"A",.,"A",.,"A",.,"A",.,"A",51,"D",.,"A",.,"A"
"20102",2026785,57,0,"1",.,"A",.,"A",.,"A",.,"A",.,"A",159,"F",.,"A",.,"A",.,"A",.,"A",.,"A",.,"A",188,"D",.,"A",.,"A"
"20102",2026795,68,0,"1",.,"A",.,"A",.,"A",.,"A",.,"A",30,"D",.,"A",.,"A",.,"A",.,"A",.,"A",.,"A",150,"D",.,"A",.,"A"
"20102",2026825,53,0,"1",.,"A",.,"A",.,"A",75,"F",.,"A",.,"A",.,"A",.,"A",.,"A",.,"A",.,"A",.,"A",197,"D",.,"A",.,"A"
"20102",2026845,51,0,"1",.,"A",.,"A",.,"A",.,"A",.,"A",.,"A",.,"A",.,"A",.,"A",.,"A",.,"A",.,"A",.,"A",.,"A",.,"A"
"20102",2026855,36,0,"1",1,"D",.,"A",.,"A",.,"A",15,"D",.,"A",.,"A",.,"A",.,"A",.,"A",.,"A",.,"A",40,"D",.,"A",.,"A"
"20102",2026865,32,0,"1",.,"A",.,"A",.,"A",.,"A",.,"A",.,"A",.,"A",.,"A",.,"A",.,"A",.,"A",.,"A",120,"D",.,"A",.,"A"
"20102",2026895,63,0,"1",.,"A",.,"A",.,"A",.,"A",.,"A",.,"A",.,"A",.,"A",.,"A",.,"A",.,"A",.,"A",.,"A",.,"A",.,"A"
"20102",2026915,66,0,"1",.,"A",.,"A",35,"D",.,"A",.,"A",.,"A",.,"A",.,"A",.,"A",.,"A",.,"A",.,"A",60,"D",.,"A",.,"A"
"20102",2026935,53,0,"1",.,"A",.,"A",.,"A",.,"A",.,"A",.,"A",.,"A",.,"A",.,"A",.,"A",.,"A",.,"A",59,"D",.,"A",.,"A"
"20102",2026955,30,0,"1",.,"A",.,"A",.,"A",.,"A",40,"D",.,"A",.,"A",.,"A",.,"A",.,"A",.,"A",.,"A",.,"A",.,"A",.,"A"
"20102",2026965,54,0,"1",.,"A",.,"A",.,"A",360,"D",.,"A",120,"D",13,"D",78,"D",30,"D",.,"A",.,"A",.,"A",120,"D",.,"A",.,"A"
"20102",2026975,36,0,"1",.,"A",.,"A",.,"A",.,"A",.,"A",.,"A",780,"D",.,"A",.,"A",.,"A",.,"A",.,"A",.,"A",.,"A",.,"A"
"20102",2027005,65,0,"1",.,"A",.,"A",.,"A",.,"A",.,"A",.,"A",.,"A",.,"A",.,"A",.,"A",.,"A",.,"A",250,"D",.,"A",.,"A"
"20102",2027015,61,0,"1",.,"A",.,"A",.,"A",.,"A",.,"A",.,"A",.,"A",.,"A",.,"A",.,"A",.,"A",.,"A",90,"D",.,"A",.,"A"
"20102",2027055,56,0,"1",.,"A",.,"A",.,"A",.,"A",.,"A",17,"D",.,"A",.,"A",.,"A",.,"A",.,"A",.,"A",30,"D",.,"A",.,"A"
"20102",2027085,67,0,"1",.,"A",.,"A",.,"A",.,"A",.,"A",300,"D",650,"D",.,"A",.,"A",.,"A",.,"A",.,"A",240,"D",.,"A",.,"A"
"20102",2027095,44,0,"1",.,"A",.,"A",.,"A",.,"A",.,"A",.,"A",.,"A",.,"A",.,"A",.,"A",.,"A",.,"A",70,"D",.,"A",.,"A"
"20102",2027105,84,0,"1",.,"A",.,"A",.,"A",.,"A",.,"A",75,"D",.,"A",.,"A",.,"A",.,"A",.,"A",.,"A",1111,"D",.,"A",.,"A"
"20102",2027135,36,0,"1",.,"A",.,"A",.,"A",.,"A",.,"A",.,"A",.,"A",.,"A",.,"A",.,"A",.,"A",.,"A",.,"A",.,"A",.,"A"
"20102",2027145,64,0,"1",.,"A",.,"A",.,"A",.,"A",.,"A",.,"A",.,"A",.,"A",.,"A",.,"A",.,"A",.,"A",36,"D",.,"A",.,"A"
"20102",2027155,60,0,"1",.,"A",.,"A",.,"A",.,"A",.,"A",.,"A",455,"D",.,"A",.,"A",.,"A",.,"A",.,"A",.,"A",.,"A",.,"A"
"20102",2027165,60,0,"1",.,"A",.,"A",.,"A",.,"A",.,"A",80,"D",.,"A",.,"A",.,"A",.,"A",.,"A",.,"A",450,"D",.,"A",.,"A"
"20102",2027185,46,0,"1",.,"A",.,"A",.,"A",.,"A",.,"A",.,"A",.,"A",.,"A",.,"A",.,"A",.,"A",.,"A",60,"D",.,"A",.,"A"
"20102",2027195,45,0,"1",.,"A",.,"A",.,"A",.,"A",.,"A",.,"A",585,"D",.,"A",.,"A",.,"A",.,"A",.,"A",.,"A",.,"A",.,"A"
"20102",2027215,73,0,"1",.,"A",.,"A",.,"A",.,"A",.,"A",30,"D",.,"A",.,"A",.,"A",.,"A",.,"A",.,"A",100,"D",.,"A",.,"A"
"20102",2027225,62,0,"1",.,"A",.,"A",.,"A",.,"A",.,"A",2000,"D",.,"A",.,"A",.,"A",.,"A",.,"A",.,"A",900,"D",.,"A",.,"A"
"20102",2027235,66,0,"1",.,"A",.,"A",.,"A",.,"A",.,"A",.,"A",.,"A",.,"A",.,"A",.,"A",.,"A",.,"A",68,"D",.,"A",.,"A"
"20102",2027255,63,0,"1",.,"A",.,"A",.,"A",.,"A",.,"A",.,"A",.,"A",.,"A",.,"A",.,"A",.,"A",.,"A",118,"D",.,"A",.,"A"
"20102",2027265,41,0,"1",.,"A",.,"A",.,"A",.,"A",.,"A",.,"A",.,"A",.,"A",.,"A",.,"A",.,"A",.,"A",120,"D",.,"A",.,"A"
"20102",2027295,71,0,"1",.,"A",.,"A",.,"A",.,"A",.,"A",.,"A",.,"A",.,"A",.,"A",.,"A",.,"A",.,"A",30,"D",.,"A",.,"A"
"20102",2027305,88,0,"1",.,"A",.,"A",.,"A",.,"A",.,"A",.,"A",.,"A",.,"A",.,"A",.,"A",.,"A",.,"A",200,"D",.,"A",.,"A"
"20102",2027315,68,0,"1",.,"A",.,"A",.,"A",.,"A",.,"A",.,"A",.,"A",.,"A",.,"A",.,"A",.,"A",.,"A",120,"D",.,"A",.,"A"
"20102",2027335,56,0,"1",.,"A",.,"A",.,"A",.,"A",.,"A",.,"A",650,"D",.,"A",.,"A",.,"A",.,"A",.,"A",25,"D",.,"A",.,"A"
"20102",2027345,52,0,"1",.,"A",.,"A",.,"A",.,"A",60,"D",.,"A",.,"A",.,"A",30,"D",.,"A",.,"A",.,"A",.,"A",.,"A",.,"A"
"20102",2027395,55,0,"1",.,"A",.,"A",.,"A",.,"A",.,"A",.,"A",.,"A",.,"A",.,"A",.,"A",.,"A",.,"A",160,"D",.,"A",.,"A"
"20102",2027425,40,0,"1",.,"A",.,"A",.,"A",.,"A",.,"A",.,"A",.,"A",.,"A",.,"A",.,"A",.,"A",.,"A",.,"A",.,"A",.,"A"
"20102",2027445,75,0,"1",.,"A",.,"A",.,"A",.,"A",.,"A",150,"D",.,"A",.,"A",.,"A",.,"A",.,"A",.,"A",581,"D",.,"A",.,"A"
"20102",2027455,43,0,"1",.,"A",.,"A",.,"A",.,"A",.,"A",.,"A",.,"A",.,"A",.,"A",.,"A",.,"A",.,"A",55,"D",.,"A",.,"A"
"20102",2027475,91,0,"1",.,"A",.,"A",.,"A",.,"A",.,"A",45,"D",.,"A",.,"A",.,"A",.,"A",.,"A",.,"A",60,"D",.,"A",.,"A"
"20102",2027495,57,0,"1",.,"A",.,"A",.,"A",.,"A",.,"A",185,"D",.,"A",.,"A",.,"A",.,"A",.,"A",.,"A",.,"A",.,"A",.,"A"
"20102",2027515,52,0,"1",.,"A",.,"A",.,"A",.,"A",.,"A",.,"A",.,"A",.,"A",.,"A",.,"A",.,"A",.,"A",45,"D",.,"A",.,"A"
"20102",2027525,42,0,"1",.,"A",.,"A",.,"A",.,"A",.,"A",.,"A",.,"A",.,"A",.,"A",.,"A",.,"A",.,"A",80,"D",.,"A",.,"A"
"20102",2027545,46,0,"1",.,"A",.,"A",.,"A",.,"A",18,"D",.,"A",.,"A",.,"A",.,"A",.,"A",.,"A",.,"A",.,"A",.,"A",.,"A"
"20102",2027565,37,0,"1",0,"F",.,"A",.,"A",.,"A",60,"F",.,"A",.,"A",.,"A",.,"A",.,"A",.,"A",.,"A",24,"D",.,"A",.,"A"
"20102",2027575,62,0,"1",.,"A",.,"A",.,"A",60,"D",.,"A",30,"D",.,"A",.,"A",.,"A",210,"D",0,"D",0,"D",80,"D",70,"D",.,"A"
"20102",2027595,42,0,"1",10,"D",.,"A",.,"A",.,"A",40,"D",.,"A",.,"A",.,"A",.,"A",.,"A",.,"A",.,"A",.,"A",.,"A",.,"A"
"20102",2027605,62,0,"1",.,"A",.,"A",.,"A",.,"A",.,"A",.,"A",.,"A",.,"A",.,"A",.,"A",.,"A",.,"A",.,"A",.,"A",.,"A"
"20102",2027615,56,0,"1",.,"A",.,"A",.,"A",.,"A",.,"A",.,"A",.,"A",.,"A",.,"A",.,"A",.,"A",.,"A",140,"D",.,"A",.,"A"
"20102",2027625,49,0,"1",.,"A",.,"A",.,"A",.,"A",.,"A",.,"A",520,"D",.,"A",.,"A",.,"A",.,"A",.,"A",.,"A",.,"A",.,"A"
"20102",2027635,62,0,"1",.,"A",.,"A",.,"A",.,"A",.,"A",.,"A",.,"A",.,"A",.,"A",.,"A",.,"A",.,"A",300,"D",.,"A",.,"A"
"20102",2027645,68,0,"1",.,"A",.,"A",.,"A",.,"A",.,"A",.,"A",.,"A",.,"A",.,"A",.,"A",.,"A",.,"A",.,"A",.,"A",.,"A"
"20102",2027655,55,0,"1",.,"A",.,"A",.,"A",.,"A",.,"A",.,"A",.,"A",.,"A",.,"A",.,"A",.,"A",.,"A",120,"D",.,"A",.,"A"
"20102",2027665,57,0,"1",.,"A",.,"A",.,"A",.,"A",.,"A",.,"A",.,"A",.,"A",.,"A",.,"A",.,"A",.,"A",75,"D",.,"A",.,"A"
"20102",2027675,42,0,"1",.,"A",.,"A",.,"A",.,"A",.,"A",.,"A",.,"A",.,"A",.,"A",.,"A",.,"A",.,"A",.,"A",.,"A",.,"A"
"20102",2027685,63,0,"1",.,"A",.,"A",.,"A",.,"A",.,"A",.,"A",.,"A",.,"A",.,"A",.,"A",.,"A",.,"A",.,"A",.,"A",.,"A"
"20102",2027695,71,0,"1",.,"A",.,"A",.,"A",.,"A",.,"A",.,"A",468,"D",.,"A",.,"A",.,"A",.,"A",.,"A",96,"D",.,"A",.,"A"
"20102",2027715,60,0,"1",.,"A",.,"A",.,"A",.,"A",.,"A",.,"A",390,"D",.,"A",.,"A",.,"A",.,"A",.,"A",48,"D",.,"A",.,"A"
"20102",2027725,27,0,"1",.,"A",.,"A",.,"A",.,"A",120,"D",.,"A",.,"A",.,"A",.,"A",.,"A",.,"A",.,"A",30,"D",.,"A",.,"A"
"20102",2027735,44,0,"1",.,"A",.,"A",.,"A",.,"A",.,"A",.,"A",520,"D",.,"A",.,"A",.,"A",.,"A",.,"A",15,"D",.,"A",.,"A"
"20102",2027755,46,0,"1",.,"A",.,"A",.,"A",.,"A",.,"A",.,"A",.,"A",.,"A",.,"A",.,"A",.,"A",.,"A",40,"D",.,"A",.,"A"
"20102",2027775,39,0,"1",.,"A",.,"A",.,"A",.,"A",.,"A",.,"A",520,"F",.,"A",.,"A",.,"A",.,"A",.,"A",.,"A",.,"A",.,"A"
"20102",2027795,41,0,"1",.,"A",.,"A",.,"A",.,"A",.,"A",.,"A",.,"A",.,"A",.,"A",.,"A",.,"A",.,"A",.,"A",.,"A",.,"A"
"20102",2027805,29,0,"1",.,"A",.,"A",.,"A",.,"A",.,"A",.,"A",.,"A",.,"A",.,"A",.,"A",.,"A",.,"A",.,"A",.,"A",.,"A"
"20102",2027815,46,0,"1",.,"A",.,"A",.,"A",.,"A",.,"A",.,"A",.,"A",.,"A",.,"A",.,"A",.,"A",.,"A",100,"D",.,"A",.,"A"
"20102",2027845,29,0,"1",.,"A",.,"A",.,"A",.,"A",20,"D",.,"A",.,"A",.,"A",.,"A",.,"A",.,"A",.,"A",.,"A",.,"A",.,"A"
"20102",2027855,35,0,"1",.,"A",.,"A",.,"A",.,"A",90,"D",.,"A",.,"A",.,"A",.,"A",.,"A",.,"A",.,"A",170,"D",.,"A",.,"A"
"20102",2027865,53,0,"1",.,"A",.,"A",.,"A",.,"A",.,"A",.,"A",.,"A",.,"A",.,"A",.,"A",.,"A",.,"A",270,"D",.,"A",.,"A"
"20102",2027885,71,0,"1",.,"A",.,"A",.,"A",.,"A",.,"A",42,"D",.,"A",.,"A",.,"A",.,"A",.,"A",.,"A",.,"A",.,"A",.,"A"
"20102",2027895,67,0,"1",.,"A",.,"A",.,"A",.,"A",.,"A",.,"A",.,"A",.,"A",.,"A",.,"A",.,"A",.,"A",47,"D",.,"A",.,"A"
"20102",2027915,48,0,"1",.,"A",.,"A",.,"A",.,"A",.,"A",.,"A",156,"D",.,"A",.,"A",.,"A",.,"A",.,"A",50,"D",.,"A",.,"A"
"20102",2027945,48,0,"1",.,"A",.,"A",.,"A",.,"A",.,"A",.,"A",195,"D",.,"A",.,"A",.,"A",.,"A",.,"A",15,"D",.,"A",.,"A"
"20102",2027965,28,0,"1",.,"A",.,"A",.,"A",.,"A",.,"A",.,"A",130,"D",.,"A",.,"A",.,"A",.,"A",.,"A",.,"A",.,"A",.,"A"
"20102",2027985,57,0,"1",.,"A",.,"A",.,"A",.,"A",.,"A",40,"D",.,"A",.,"A",.,"A",.,"A",.,"A",.,"A",45,"D",.,"A",.,"A"
"20102",2028005,44,0,"1",.,"A",.,"A",.,"A",.,"A",.,"A",.,"A",.,"A",.,"A",.,"A",.,"A",.,"A",.,"A",100,"D",.,"A",.,"A"
"20102",2028015,50,0,"1",.,"A",.,"A",.,"A",.,"A",.,"A",70,"D",.,"A",.,"A",.,"A",.,"A",.,"A",.,"A",60,"D",.,"A",.,"A"
"20102",2028045,27,0,"1",.,"A",.,"A",.,"A",.,"A",40,"D",.,"A",.,"A",.,"A",.,"A",210,"D",210,"D",0,"D",50,"D",70,"D",.,"A"
"20102",2028055,68,0,"1",.,"A",.,"A",.,"A",.,"A",.,"A",.,"A",520,"D",.,"A",.,"A",.,"A",.,"A",.,"A",.,"A",.,"A",.,"A"
"20102",2028075,39,0,"1",.,"A",.,"A",.,"A",.,"A",60,"D",.,"A",.,"A",.,"A",.,"A",.,"A",.,"A",.,"A",.,"A",.,"A",.,"A"
"20102",2028085,44,0,"1",.,"A",.,"A",.,"A",.,"A",.,"A",20,"D",.,"A",.,"A",.,"A",.,"A",.,"A",.,"A",.,"A",.,"A",.,"A"
"20102",2028115,53,0,"1",.,"A",.,"A",.,"A",.,"A",.,"A",.,"A",.,"A",.,"A",.,"A",.,"A",.,"A",.,"A",.,"A",.,"A",.,"A"
"20102",2028125,61,0,"1",.,"A",.,"A",.,"A",.,"A",.,"A",.,"A",546,"D",.,"A",.,"A",.,"A",.,"A",.,"A",.,"A",.,"A",.,"A"
"20102",2028155,84,0,"1",42,"D",.,"A",.,"A",.,"A",228,"D",.,"A",.,"A",.,"A",.,"A",240,"D",0,"D",6,"D",150,"D",80,"D",.,"A"
"20102",2028175,68,0,"1",.,"A",.,"A",.,"A",.,"A",.,"A",.,"A",1300,"D",.,"A",30,"D",.,"A",.,"A",.,"A",.,"A",.,"A",.,"A"
"20102",2028225,73,0,"1",.,"A",.,"A",.,"A",.,"A",.,"A",60,"D",156,"D",.,"A",.,"A",.,"A",.,"A",.,"A",120,"D",.,"A",.,"A"
"20102",2028245,47,0,"1",.,"A",.,"A",40,"D",.,"A",.,"A",.,"A",.,"A",.,"A",.,"A",.,"A",.,"A",.,"A",.,"A",.,"A",.,"A"
"20102",2028265,57,0,"1",.,"A",.,"A",.,"A",.,"A",.,"A",.,"A",.,"A",.,"A",.,"A",.,"A",.,"A",.,"A",.,"A",.,"A",.,"A"
"20102",2028275,48,0,"1",.,"A",.,"A",.,"A",.,"A",.,"A",.,"A",.,"A",.,"A",.,"A",.,"A",.,"A",.,"A",.,"A",.,"A",.,"A"
"20102",2028285,46,0,"1",16,"D",.,"A",.,"A",.,"A",64,"D",.,"A",.,"A",.,"A",.,"A",.,"A",.,"A",.,"A",.,"A",.,"A",.,"A"
"20102",2028295,58,0,"1",.,"A",.,"A",.,"A",.,"A",.,"A",.,"A",.,"A",.,"A",.,"A",.,"A",.,"A",.,"A",.,"A",.,"A",.,"A"
"20102",2028315,61,0,"1",.,"A",.,"A",.,"A",.,"A",.,"A",.,"A",507,"D",.,"A",.,"A",.,"A",.,"A",.,"A",85,"D",.,"A",.,"A"
"20102",2028325,49,0,"1",.,"A",.,"A",.,"A",.,"A",.,"A",.,"A",.,"A",.,"A",.,"A",.,"A",.,"A",.,"A",.,"A",.,"A",.,"A"
"20102",2028335,36,0,"1",.,"A",.,"A",.,"A",.,"A",.,"A",.,"A",.,"A",.,"A",.,"A",.,"A",.,"A",.,"A",50,"D",.,"A",.,"A"
"20102",2028375,61,0,"1",.,"A",.,"A",.,"A",.,"A",.,"A",.,"A",.,"A",.,"A",.,"A",.,"A",.,"A",.,"A",.,"A",.,"A",.,"A"
"20102",2028385,76,0,"1",.,"A",.,"A",.,"A",.,"A",.,"A",.,"A",.,"A",.,"A",450,"D",.,"A",.,"A",.,"A",120,"D",.,"A",.,"A"
"20102",2028395,56,0,"1",.,"A",.,"A",.,"A",.,"A",.,"A",.,"A",.,"A",.,"A",.,"A",.,"A",.,"A",.,"A",.,"A",.,"A",.,"A"
"20102",2028405,58,0,"1",.,"A",.,"A",.,"A",.,"A",.,"A",.,"A",.,"A",.,"A",3,"D",.,"A",.,"A",.,"A",44,"D",.,"A",.,"A"
"20102",2028415,38,0,"1",.,"A",.,"A",.,"A",.,"A",.,"A",40,"D",.,"A",.,"A",.,"A",.,"A",.,"A",.,"A",15,"D",.,"A",.,"A"
"20102",2028425,44,0,"1",25,"D",.,"A",.,"A",.,"A",50,"D",15,"D",.,"A",.,"A",.,"A",.,"A",.,"A",.,"A",.,"A",.,"A",.,"A"
"20102",2028435,60,0,"1",.,"A",.,"A",36,"D",.,"A",.,"A",.,"A",.,"A",.,"A",36,"D",.,"A",.,"A",.,"A",24,"D",.,"A",.,"A"
"20102",2028455,32,0,"1",10,"D",.,"A",.,"A",.,"A",20,"D",.,"A",.,"A",.,"A",.,"A",.,"A",.,"A",.,"A",30,"D",.,"A",.,"A"
"20102",2028465,57,0,"1",.,"A",.,"A",.,"A",.,"A",.,"A",.,"A",.,"A",.,"A",.,"A",.,"A",.,"A",.,"A",.,"A",.,"A",.,"A"
"20102",2028475,42,0,"1",.,"A",.,"A",.,"A",.,"A",.,"A",.,"A",.,"A",.,"A",.,"A",.,"A",.,"A",.,"A",.,"A",.,"A",.,"A"
"20102",2028525,60,0,"1",.,"A",.,"A",.,"A",.,"A",.,"A",.,"A",.,"A",.,"A",.,"A",.,"A",.,"A",.,"A",.,"A",.,"A",.,"A"
"20102",2028535,81,0,"1",.,"A",.,"A",.,"A",.,"A",.,"A",.,"A",.,"A",.,"A",.,"A",.,"A",.,"A",.,"A",140,"D",.,"A",.,"A"
"20102",2028545,59,0,"1",.,"A",.,"A",.,"A",.,"A",.,"A",.,"A",.,"A",.,"A",.,"A",.,"A",.,"A",.,"A",93,"D",.,"A",.,"A"
"20102",2028595,50,0,"1",.,"A",.,"A",.,"A",.,"A",.,"A",.,"A",455,"D",.,"A",.,"A",.,"A",.,"A",.,"A",.,"A",.,"A",.,"A"
"20102",2028605,94,0,"1",.,"A",.,"A",.,"A",.,"A",.,"A",.,"A",.,"A",.,"A",.,"A",.,"A",.,"A",.,"A",70,"D",.,"A",.,"A"
"20102",2028615,36,0,"1",.,"A",.,"A",.,"A",.,"A",.,"A",.,"A",390,"D",.,"A",.,"A",.,"A",.,"A",.,"A",.,"A",.,"A",.,"A"
"20102",2028625,67,0,"1",.,"A",.,"A",.,"A",.,"A",.,"A",.,"A",.,"A",.,"A",.,"A",.,"A",.,"A",.,"A",.,"A",.,"A",.,"A"
"20102",2028635,59,0,"1",.,"A",.,"A",.,"A",.,"A",.,"A",15,"D",.,"A",.,"A",.,"A",36,"D",0,"D",0,"D",150,"D",12,"D",300,"D"
"20102",2028645,61,0,"1",.,"A",.,"A",.,"A",.,"A",.,"A",25,"D",.,"A",.,"A",15,"D",.,"A",.,"A",.,"A",250,"D",.,"A",.,"A"
"20102",2028675,50,0,"1",.,"A",.,"A",.,"A",.,"A",130,"D",.,"A",.,"A",.,"A",.,"A",.,"A",.,"A",.,"A",.,"A",.,"A",.,"A"
"20102",2028685,65,0,"1",.,"A",.,"A",.,"A",.,"A",.,"A",.,"A",.,"A",.,"A",.,"A",450,"D",0,"D",0,"D",60,"D",150,"D",.,"A"
"20102",2028695,67,0,"1",.,"A",.,"A",.,"A",.,"A",20,"D",.,"A",195,"D",.,"A",.,"A",.,"A",.,"A",.,"A",100,"D",.,"A",.,"A"
"20102",2028705,47,0,"1",.,"A",.,"A",.,"A",.,"A",.,"A",.,"A",390,"D",.,"A",.,"A",.,"A",.,"A",.,"A",25,"D",.,"A",.,"A"
"20102",2028745,27,0,"1",.,"A",.,"A",.,"A",.,"A",.,"A",.,"A",.,"A",.,"A",.,"A",.,"A",.,"A",.,"A",150,"D",.,"A",.,"A"
"20102",2028765,82,0,"1",.,"A",.,"A",.,"A",.,"A",.,"A",.,"A",663,"D",.,"A",.,"A",.,"A",.,"A",.,"A",50,"D",.,"A",.,"A"
"20102",2028775,53,0,"1",.,"A",.,"A",.,"A",.,"A",.,"A",.,"A",780,"D",.,"A",.,"A",.,"A",.,"A",.,"A",.,"A",.,"A",.,"A"
"20102",2028785,46,0,"1",.,"A",.,"A",.,"A",.,"A",.,"A",.,"A",.,"A",.,"A",.,"A",.,"A",.,"A",.,"A",75,"D",.,"A",.,"A"
"20102",2028795,28,0,"1",4,"D",.,"A",.,"A",.,"A",26,"D",.,"A",130,"D",.,"A",.,"A",.,"A",.,"A",.,"A",.,"A",.,"A",.,"A"
"20102",2028805,43,0,"1",.,"A",.,"A",.,"A",720,"D",.,"A",400,"D",.,"A",.,"A",.,"A",0,"D",0,"D",0,"D",350,"D",0,"D",.,"A"
"20102",2028815,47,0,"1",.,"A",.,"A",.,"A",.,"A",.,"A",.,"A",.,"A",.,"A",.,"A",.,"A",.,"A",.,"A",.,"A",.,"A",.,"A"
"20102",2028825,54,0,"1",.,"A",.,"A",.,"A",.,"A",.,"A",.,"A",.,"A",.,"A",.,"A",.,"A",.,"A",.,"A",.,"A",.,"A",.,"A"
"20102",2028835,43,0,"1",.,"A",.,"A",.,"A",.,"A",.,"A",.,"A",.,"A",.,"A",12,"D",.,"A",.,"A",.,"A",26,"D",.,"A",.,"A"
"20102",2028845,84,0,"1",.,"A",.,"A",.,"A",.,"A",.,"A",.,"A",221,"D",.,"A",.,"A",417,"D",0,"D",0,"D",109,"D",139,"D",.,"A"
"20102",2028855,68,0,"1",.,"A",.,"A",.,"A",.,"A",.,"A",.,"A",.,"A",.,"A",.,"A",.,"A",.,"A",.,"A",.,"A",.,"A",.,"A"
"20102",2028865,72,0,"1",.,"A",.,"A",.,"A",.,"A",.,"A",160,"D",.,"A",.,"A",.,"A",.,"A",.,"A",.,"A",136,"D",.,"A",.,"A"
"20102",2028875,105,0,"1",.,"A",.,"A",.,"A",.,"A",.,"A",.,"A",156,"D",.,"A",.,"A",.,"A",.,"A",.,"A",.,"A",.,"A",.,"A"
"20102",2028885,56,0,"1",.,"A",.,"A",40,"D",.,"A",.,"A",.,"A",260,"D",.,"A",.,"A",.,"A",.,"A",.,"A",100,"D",.,"A",.,"A"
"20102",2028895,39,0,"1",.,"A",.,"A",.,"A",.,"A",.,"A",.,"A",.,"A",.,"A",.,"A",0,"D",0,"D",30,"D",.,"A",0,"D",.,"A"
"20102",2028905,45,0,"1",.,"A",.,"A",.,"A",.,"A",.,"A",.,"A",.,"A",.,"A",.,"A",.,"A",.,"A",.,"A",.,"A",.,"A",.,"A"
"20102",2028915,39,0,"1",.,"A",.,"A",.,"A",.,"A",20,"D",.,"A",.,"A",.,"A",.,"A",.,"A",.,"A",.,"A",30,"D",.,"A",.,"A"
"20102",2028955,73,0,"1",.,"A",.,"A",.,"A",.,"A",.,"A",33,"D",.,"A",.,"A",.,"A",.,"A",.,"A",.,"A",50,"D",.,"A",.,"A"
"20102",2028965,27,0,"1",.,"A",.,"A",.,"A",.,"A",.,"A",.,"A",585,"D",.,"A",.,"A",.,"A",.,"A",.,"A",.,"A",.,"A",.,"A"
"20102",2028975,76,0,"1",.,"A",.,"A",.,"A",.,"A",.,"A",.,"A",.,"A",130,"D",.,"A",.,"A",.,"A",.,"A",30,"D",.,"A",.,"A"
"20102",2028985,25,0,"1",.,"A",.,"A",.,"A",.,"A",.,"A",.,"A",195,"D",.,"A",.,"A",.,"A",.,"A",.,"A",260,"D",.,"A",.,"A"
"20102",2029015,36,0,"1",.,"A",.,"A",.,"A",.,"A",.,"A",55,"D",455,"D",.,"A",.,"A",.,"A",.,"A",.,"A",.,"A",.,"A",.,"A"
"20102",2029025,53,0,"1",.,"A",.,"A",.,"A",.,"A",.,"A",75,"D",.,"A",.,"A",30,"D",.,"A",.,"A",.,"A",660,"D",.,"A",.,"A"
"20102",2029045,64,0,"1",.,"A",.,"A",.,"A",.,"A",.,"A",10,"D",.,"A",.,"A",.,"A",0,"D",0,"D",60,"D",200,"D",0,"D",.,"A"
"20102",2029055,45,0,"1",.,"A",.,"A",.,"A",.,"A",.,"A",.,"A",.,"A",.,"A",.,"A",.,"A",.,"A",.,"A",36,"D",.,"A",.,"A"
"20102",2029065,68,0,"1",.,"A",.,"A",.,"A",.,"A",45,"D",.,"A",.,"A",.,"A",.,"A",.,"A",.,"A",.,"A",.,"A",.,"A",.,"A"
"20102",2029075,37,0,"1",.,"A",.,"A",.,"A",15,"D",72,"D",.,"A",390,"D",.,"A",45,"D",0,"D",60,"D",60,"D",55,"D",0,"D",.,"A"
"20102",2029095,52,0,"1",.,"A",.,"A",.,"A",.,"A",.,"A",.,"A",.,"A",.,"A",.,"A",.,"A",.,"A",.,"A",400,"D",.,"A",.,"A"
"20102",2029105,85,0,"1",.,"A",.,"A",.,"A",.,"A",.,"A",90,"D",.,"A",.,"A",135,"D",15,"D",0,"D",0,"D",150,"D",5,"D",.,"A"
"20102",2029125,80,0,"1",.,"A",.,"A",.,"A",.,"A",.,"A",.,"A",.,"A",.,"A",.,"A",.,"A",.,"A",.,"A",7,"D",.,"A",.,"A"
"20102",2029135,50,0,"1",.,"A",.,"A",.,"A",.,"A",.,"A",.,"A",.,"A",.,"A",.,"A",.,"A",.,"A",.,"A",.,"A",.,"A",.,"A"
"20102",2029195,69,0,"1",.,"A",.,"A",.,"A",.,"A",.,"A",.,"A",.,"A",.,"A",.,"A",.,"A",.,"A",.,"A",84,"D",.,"A",.,"A"
"20102",2029205,62,0,"1",15,"D",.,"A",20,"D",.,"A",60,"D",.,"A",.,"A",.,"A",.,"A",.,"A",.,"A",.,"A",15,"D",.,"A",.,"A"
"20102",2029225,55,0,"1",.,"A",.,"A",.,"A",.,"A",.,"A",.,"A",.,"A",.,"A",.,"A",.,"A",.,"A",.,"A",.,"A",.,"A",.,"A"
"20102",2029255,49,0,"1",.,"A",.,"A",.,"A",.,"A",.,"A",.,"A",.,"A",.,"A",.,"A",.,"A",.,"A",.,"A",.,"A",.,"A",.,"A"
"20102",2029275,40,0,"1",.,"A",.,"A",.,"A",.,"A",.,"A",.,"A",.,"A",.,"A",.,"A",.,"A",.,"A",.,"A",10,"D",.,"A",.,"A"
"20102",2029285,29,0,"1",.,"A",.,"A",.,"A",.,"A",.,"A",.,"A",.,"A",.,"A",.,"A",.,"A",.,"A",.,"A",.,"A",.,"A",.,"A"
"20102",2029295,46,0,"1",.,"A",.,"A",.,"A",.,"A",.,"A",.,"A",.,"A",.,"A",.,"A",0,"D",0,"D",60,"D",90,"D",0,"D",.,"A"
"20102",2029305,73,0,"1",.,"A",.,"A",.,"A",.,"A",.,"A",23,"D",.,"A",.,"A",21,"D",.,"A",.,"A",.,"A",75,"D",.,"A",.,"A"
"20102",2029325,55,0,"1",.,"A",.,"A",.,"A",.,"A",.,"A",.,"A",.,"A",.,"A",.,"A",.,"A",.,"A",.,"A",.,"A",.,"A",.,"A"
"20102",2029345,67,0,"1",.,"A",.,"A",.,"A",.,"A",.,"A",.,"A",.,"A",.,"A",.,"A",.,"A",.,"A",.,"A",20,"D",.,"A",.,"A"
"20102",2029355,34,0,"1",.,"A",.,"A",.,"A",.,"A",45,"D",12,"D",.,"A",.,"A",.,"A",.,"A",.,"A",.,"A",.,"A",.,"A",.,"A"
"20102",2029375,39,0,"1",.,"A",.,"A",.,"A",.,"A",.,"A",.,"A",65,"D",.,"A",.,"A",.,"A",.,"A",.,"A",.,"A",.,"A",.,"A"
"20102",2029385,56,0,"1",.,"A",.,"A",.,"A",.,"A",.,"A",200,"D",.,"A",.,"A",.,"A",.,"A",.,"A",.,"A",160,"D",.,"A",.,"A"
"20102",2029405,30,0,"1",.,"A",.,"A",.,"A",.,"A",.,"A",.,"A",.,"A",.,"A",.,"A",120,"D",0,"D",0,"D",.,"A",40,"D",.,"A"
"20102",2029435,76,0,"1",.,"A",.,"A",.,"A",.,"A",.,"A",300,"D",.,"A",26,"D",.,"A",.,"A",.,"A",.,"A",400,"D",.,"A",.,"A"
"20102",2029445,27,0,"1",.,"A",.,"A",.,"A",.,"A",36,"D",.,"A",.,"A",.,"A",.,"A",540,"D",0,"D",45,"D",160,"D",180,"D",.,"A"
"20102",2029465,57,0,"1",8,"D",.,"A",.,"A",.,"A",28,"D",.,"A",.,"A",.,"A",.,"A",.,"A",.,"A",.,"A",100,"D",.,"A",.,"A"
"20102",2029505,61,0,"1",.,"A",.,"A",.,"A",.,"A",.,"A",.,"A",.,"A",.,"A",.,"A",.,"A",.,"A",.,"A",.,"A",.,"A",.,"A"
"20102",2029515,89,0,"1",.,"A",.,"A",.,"A",.,"A",.,"A",.,"A",.,"A",52,"F",.,"A",.,"A",.,"A",.,"A",200,"D",.,"A",.,"A"
"20102",2029525,56,0,"1",.,"A",.,"A",.,"A",.,"A",.,"A",.,"A",.,"A",.,"A",.,"A",.,"A",.,"A",.,"A",.,"A",.,"A",.,"A"
"20102",2029535,37,0,"1",.,"A",.,"A",.,"A",.,"A",.,"A",.,"A",.,"A",.,"A",.,"A",.,"A",.,"A",.,"A",20,"D",.,"A",.,"A"
"20102",2029545,101,0,"1",.,"A",.,"A",.,"A",.,"A",.,"A",.,"A",.,"A",.,"A",.,"A",.,"A",.,"A",.,"A",30,"D",.,"A",.,"A"
"20102",2029565,64,0,"1",.,"A",.,"A",.,"A",.,"A",.,"A",.,"A",.,"A",.,"A",.,"A",.,"A",.,"A",.,"A",200,"D",.,"A",.,"A"
"20102",2029605,33,0,"1",.,"A",.,"A",.,"A",.,"A",30,"D",.,"A",.,"A",.,"A",.,"A",.,"A",.,"A",.,"A",150,"D",.,"A",.,"A"
"20102",2029625,44,0,"1",.,"A",.,"A",.,"A",.,"A",.,"A",.,"A",.,"A",.,"A",.,"A",.,"A",.,"A",.,"A",85,"D",.,"A",.,"A"
"20102",2029635,63,0,"1",.,"A",.,"A",.,"A",.,"A",.,"A",30,"D",.,"A",.,"A",.,"A",.,"A",.,"A",.,"A",200,"D",.,"A",.,"A"
"20102",2029645,73,0,"1",.,"A",.,"A",.,"A",.,"A",.,"A",.,"A",.,"A",.,"A",75,"D",.,"A",.,"A",.,"A",.,"A",.,"A",.,"A"
"20102",2029655,45,0,"1",.,"A",.,"A",.,"A",.,"A",.,"A",.,"A",.,"A",.,"A",.,"A",.,"A",.,"A",.,"A",.,"A",.,"A",.,"A"
"20102",2029665,34,0,"1",.,"A",.,"A",.,"A",.,"A",.,"A",.,"A",.,"A",.,"A",.,"A",.,"A",.,"A",.,"A",.,"A",.,"A",.,"A"
"20102",2029675,52,0,"1",.,"A",.,"A",.,"A",.,"A",.,"A",.,"A",.,"A",.,"A",.,"A",.,"A",.,"A",.,"A",150,"D",.,"A",.,"A"
"20102",2029695,66,0,"1",.,"A",.,"A",26,"D",.,"A",.,"A",.,"A",.,"A",.,"A",.,"A",.,"A",.,"A",.,"A",75,"D",.,"A",.,"A"
"20102",2029715,62,0,"1",.,"A",.,"A",.,"A",.,"A",.,"A",.,"A",.,"A",.,"A",6,"D",.,"A",.,"A",.,"A",55,"D",.,"A",.,"A"
"20102",2029735,40,0,"1",.,"A",.,"A",.,"A",.,"A",240,"D",.,"A",.,"A",.,"A",45,"D",.,"A",.,"A",.,"A",60,"D",.,"A",.,"A"
"20102",2029755,65,0,"1",.,"A",.,"A",25,"D",.,"A",.,"A",.,"A",.,"A",.,"A",.,"A",.,"A",.,"A",.,"A",80,"D",.,"A",.,"A"
"20102",2029775,53,0,"1",.,"A",.,"A",.,"A",.,"A",.,"A",.,"A",.,"A",.,"A",.,"A",.,"A",.,"A",.,"A",526,"D",.,"A",.,"A"
"20102",2029785,54,0,"1",.,"A",.,"A",.,"A",.,"A",.,"A",.,"A",.,"A",.,"A",.,"A",.,"A",.,"A",.,"A",50,"D",.,"A",.,"A"
"20102",2029795,39,0,"1",.,"A",.,"A",.,"A",.,"A",.,"A",.,"A",.,"A",.,"A",.,"A",.,"A",.,"A",.,"A",.,"A",.,"A",.,"A"
"20102",2029815,52,0,"1",.,"A",.,"A",.,"A",.,"A",.,"A",.,"A",.,"A",.,"A",.,"A",.,"A",.,"A",.,"A",24,"D",.,"A",.,"A"
"20102",2029825,51,0,"1",.,"A",.,"A",.,"A",.,"A",.,"A",.,"A",.,"A",117,"D",.,"A",.,"A",.,"A",.,"A",8,"D",.,"A",.,"A"
"20102",2029835,59,0,"1",.,"A",.,"A",.,"A",.,"A",.,"A",.,"A",.,"A",.,"A",.,"A",.,"A",.,"A",.,"A",21,"D",.,"A",.,"A"
"20102",2029845,61,0,"1",.,"A",.,"A",.,"A",.,"A",.,"A",.,"A",.,"A",.,"A",.,"A",.,"A",.,"A",.,"A",95,"D",.,"A",.,"A"
"20102",2029855,37,0,"1",.,"A",.,"A",.,"A",.,"A",.,"A",.,"A",.,"A",.,"A",.,"A",.,"A",.,"A",.,"A",30,"D",.,"A",.,"A"
"20102",2029905,49,0,"1",.,"A",.,"A",.,"A",.,"A",.,"A",.,"A",.,"A",.,"A",.,"A",.,"A",.,"A",.,"A",150,"D",.,"A",.,"A"
"20102",2029915,31,0,"1",.,"A",.,"A",.,"A",.,"A",.,"A",.,"A",.,"A",.,"A",.,"A",.,"A",.,"A",.,"A",24,"D",.,"A",.,"A"
"20102",2029925,39,0,"1",.,"A",.,"A",.,"A",.,"A",.,"A",.,"A",.,"A",.,"A",.,"A",.,"A",.,"A",.,"A",.,"A",.,"A",.,"A"
"20102",2029935,67,0,"1",.,"A",.,"A",.,"A",.,"A",.,"A",.,"A",650,"D",.,"A",.,"A",.,"A",.,"A",.,"A",50,"D",.,"A",.,"A"
"20102",2029945,54,0,"1",.,"A",.,"A",.,"A",.,"A",.,"A",.,"A",.,"A",.,"A",.,"A",.,"A",.,"A",.,"A",124,"D",.,"A",.,"A"
"20102",2029965,45,0,"1",.,"A",.,"A",.,"A",.,"A",.,"A",.,"A",.,"A",.,"A",.,"A",.,"A",.,"A",.,"A",.,"A",.,"A",.,"A"
"20102",2029975,47,0,"1",.,"A",.,"A",.,"A",.,"A",.,"A",.,"A",.,"A",.,"A",.,"A",.,"A",.,"A",.,"A",.,"A",.,"A",.,"A"
"20102",2030015,42,0,"1",.,"A",.,"A",.,"A",.,"A",.,"A",.,"A",.,"A",.,"A",.,"A",.,"A",.,"A",.,"A",.,"A",.,"A",.,"A"
"20102",2030025,55,0,"1",.,"A",.,"A",.,"A",.,"A",.,"A",.,"A",325,"D",.,"A",.,"A",.,"A",.,"A",.,"A",.,"A",.,"A",.,"A"
"20102",2030035,45,0,"1",.,"A",.,"A",.,"A",.,"A",.,"A",.,"A",.,"A",.,"A",.,"A",.,"A",.,"A",.,"A",.,"A",.,"A",.,"A"
"20102",2030065,49,0,"1",.,"A",.,"A",.,"A",.,"A",.,"A",.,"A",.,"A",.,"A",.,"A",.,"A",.,"A",.,"A",100,"D",.,"A",.,"A"
"20102",2030075,49,0,"1",.,"A",.,"A",.,"A",.,"A",.,"A",30,"D",.,"A",.,"A",.,"A",.,"A",.,"A",.,"A",450,"D",.,"A",.,"A"
"20102",2030085,48,0,"1",.,"A",.,"A",.,"A",.,"A",.,"A",.,"A",.,"A",.,"A",.,"A",.,"A",.,"A",.,"A",.,"A",.,"A",.,"A"
"20102",2030105,82,0,"1",.,"A",3,"D",.,"A",.,"A",.,"A",0,"D",.,"A",195,"F",.,"A",.,"A",.,"A",.,"A",160,"D",.,"A",.,"A"
"20102",2030115,42,0,"1",.,"A",.,"A",.,"A",.,"A",.,"A",.,"A",.,"A",.,"A",.,"A",0,"D",0,"D",60,"D",350,"D",0,"D",.,"A"
"20102",2030125,58,0,"1",.,"A",.,"A",.,"A",.,"A",.,"A",15,"D",.,"A",.,"A",.,"A",.,"A",.,"A",.,"A",.,"A",.,"A",.,"A"
"20102",2030145,56,0,"1",20,"D",.,"A",.,"A",.,"A",0,"D",10,"D",.,"A",.,"A",.,"A",.,"A",.,"A",.,"A",100,"D",.,"A",.,"A"
"20102",2030155,39,0,"1",.,"A",.,"A",.,"A",.,"A",.,"A",.,"A",130,"D",.,"A",.,"A",.,"A",.,"A",.,"A",.,"A",.,"A",.,"A"
"20102",2030165,52,0,"1",.,"A",.,"A",.,"A",.,"A",.,"A",.,"A",.,"A",650,"D",.,"A",.,"A",.,"A",.,"A",50,"D",.,"A",.,"A"
"20102",2030205,40,0,"1",.,"A",.,"A",.,"A",.,"A",.,"A",.,"A",.,"A",.,"A",.,"A",.,"A",.,"A",.,"A",65,"D",.,"A",.,"A"
"20102",2030215,41,0,"1",.,"A",.,"A",.,"A",.,"A",.,"A",.,"A",78,"D",.,"A",.,"A",.,"A",.,"A",.,"A",.,"A",.,"A",.,"A"
"20102",2030225,44,0,"1",.,"A",.,"A",.,"A",.,"A",.,"A",.,"A",.,"A",.,"A",.,"A",.,"A",.,"A",.,"A",40,"D",.,"A",.,"A"
"20102",2030265,33,0,"1",.,"A",.,"A",.,"A",.,"A",.,"A",.,"A",.,"A",.,"A",.,"A",.,"A",.,"A",.,"A",.,"A",.,"A",.,"A"
"20102",2030275,65,0,"1",.,"A",.,"A",.,"A",.,"A",.,"A",900,"D",585,"D",.,"A",.,"A",.,"A",.,"A",.,"A",150,"D",.,"A",.,"A"
"20102",2030285,69,0,"1",.,"A",.,"A",.,"A",.,"A",.,"A",30,"D",455,"D",.,"A",.,"A",240,"D",0,"D",0,"D",36,"D",80,"D",.,"A"
"20102",2030305,25,0,"1",.,"A",.,"A",.,"A",60,"D",60,"D",.,"A",.,"A",.,"A",.,"A",0,"D",0,"D",24,"D",.,"A",0,"D",.,"A"
"20102",2030335,31,0,"1",.,"A",.,"A",.,"A",.,"A",.,"A",.,"A",.,"A",.,"A",.,"A",261,"D",0,"D",0,"D",15,"D",87,"D",.,"A"
"20102",2030365,45,0,"1",7,"D",.,"A",.,"A",.,"A",0,"D",.,"A",286,"D",.,"A",.,"A",.,"A",.,"A",.,"A",.,"A",.,"A",.,"A"
"20102",2030375,57,0,"1",.,"A",.,"A",.,"A",.,"A",.,"A",.,"A",.,"A",.,"A",.,"A",.,"A",.,"A",.,"A",.,"A",.,"A",.,"A"
"20102",2030395,69,0,"1",.,"A",.,"A",.,"A",.,"A",.,"A",.,"A",.,"A",.,"A",.,"A",.,"A",.,"A",.,"A",.,"A",.,"A",.,"A"
"20102",2030405,62,0,"1",.,"A",.,"A",.,"A",.,"A",.,"A",.,"A",.,"A",.,"A",18,"D",.,"A",.,"A",.,"A",608,"D",.,"A",.,"A"
"20102",2030415,51,0,"1",.,"A",.,"A",.,"A",.,"A",.,"A",.,"A",.,"A",.,"A",.,"A",.,"A",.,"A",.,"A",108,"D",.,"A",.,"A"
"20102",2030445,45,0,"1",.,"A",.,"A",.,"A",.,"A",.,"A",60,"D",.,"A",.,"A",.,"A",.,"A",.,"A",.,"A",120,"D",.,"A",.,"A"
"20102",2030455,64,0,"1",.,"A",.,"A",.,"A",.,"A",.,"A",.,"A",.,"A",.,"A",.,"A",.,"A",.,"A",.,"A",10,"D",.,"A",.,"A"
"20102",2030465,37,0,"1",.,"A",.,"A",.,"A",.,"A",.,"A",.,"A",.,"A",.,"A",.,"A",267,"D",0,"D",0,"D",.,"A",89,"D",.,"A"
"20102",2030485,59,0,"1",.,"A",.,"A",.,"A",.,"A",.,"A",.,"A",.,"A",.,"A",12,"D",.,"A",.,"A",.,"A",.,"A",.,"A",.,"A"
"20102",2030495,50,0,"1",.,"A",.,"A",.,"A",.,"A",.,"A",.,"A",195,"D",.,"A",.,"A",.,"A",.,"A",.,"A",60,"D",.,"A",.,"A"
"20102",2030505,47,0,"1",.,"A",.,"A",.,"A",.,"A",.,"A",.,"A",.,"A",.,"A",.,"A",.,"A",.,"A",.,"A",200,"D",.,"A",.,"A"
"20102",2030535,88,0,"1",.,"A",.,"A",44,"D",.,"A",.,"A",.,"A",.,"A",.,"A",.,"A",.,"A",.,"A",.,"A",120,"D",.,"A",.,"A"
"20102",2030545,82,0,"1",.,"A",.,"A",.,"A",.,"A",.,"A",.,"A",.,"A",78,"D",.,"A",.,"A",.,"A",.,"A",100,"D",.,"A",.,"A"
"20102",2030555,40,0,"1",20,"D",.,"A",.,"A",.,"A",55,"D",.,"A",520,"D",.,"A",150,"D",.,"A",.,"A",.,"A",150,"D",.,"A",.,"A"
"20102",2030575,43,0,"1",.,"A",.,"A",.,"A",.,"A",.,"A",120,"D",650,"D",.,"A",.,"A",.,"A",.,"A",.,"A",15,"D",.,"A",.,"A"
"20102",2030625,71,0,"1",.,"A",.,"A",.,"A",.,"A",.,"A",.,"A",728,"D",.,"A",.,"A",.,"A",.,"A",.,"A",.,"A",.,"A",.,"A"
"20102",2030645,43,0,"1",.,"A",.,"A",.,"A",.,"A",.,"A",.,"A",390,"D",.,"A",.,"A",.,"A",.,"A",.,"A",.,"A",.,"A",.,"A"
"20102",2030655,60,0,"1",.,"A",.,"A",.,"A",.,"A",.,"A",.,"A",1300,"D",.,"A",9,"D",.,"A",.,"A",.,"A",.,"A",.,"A",.,"A"
"20102",2030665,32,0,"1",.,"A",.,"A",.,"A",.,"A",.,"A",.,"A",.,"A",.,"A",.,"A",.,"A",.,"A",.,"A",60,"D",.,"A",.,"A"
"20102",2030675,59,0,"1",.,"A",.,"A",.,"A",.,"A",.,"A",.,"A",494,"D",494,"D",.,"A",.,"A",.,"A",.,"A",200,"D",.,"A",.,"A"
"20102",2030685,44,0,"1",.,"A",.,"A",.,"A",.,"A",.,"A",.,"A",.,"A",.,"A",.,"A",.,"A",.,"A",.,"A",15,"D",.,"A",.,"A"
"20102",2030725,29,0,"1",.,"A",.,"A",.,"A",.,"A",.,"A",.,"A",.,"A",.,"A",.,"A",.,"A",.,"A",.,"A",.,"A",.,"A",.,"A"
"20102",2030755,69,0,"1",.,"A",.,"A",.,"A",.,"A",.,"A",.,"A",325,"D",.,"A",.,"A",.,"A",.,"A",.,"A",75,"D",.,"A",.,"A"
"20102",2030775,43,0,"1",.,"A",.,"A",.,"A",.,"A",.,"A",85,"D",.,"A",.,"A",.,"A",0,"D",267,"D",75,"D",150,"D",0,"D",.,"A"
"20102",2030785,80,0,"1",.,"A",.,"A",.,"A",.,"A",.,"A",.,"A",.,"A",.,"A",.,"A",.,"A",.,"A",.,"A",30,"D",.,"A",.,"A"
"20102",2030795,63,0,"1",.,"A",.,"A",.,"A",.,"A",.,"A",.,"A",.,"A",.,"A",.,"A",.,"A",.,"A",.,"A",.,"A",.,"A",.,"A"
"20102",2030805,52,0,"1",.,"A",.,"A",.,"A",.,"A",.,"A",.,"A",.,"A",.,"A",.,"A",.,"A",.,"A",.,"A",90,"D",.,"A",.,"A"
"20102",2030815,82,0,"1",.,"A",.,"A",.,"A",.,"A",.,"A",.,"A",.,"A",.,"A",.,"A",.,"A",.,"A",.,"A",78,"D",.,"A",.,"A"
"20102",2030825,76,0,"1",.,"A",.,"A",.,"A",.,"A",.,"A",.,"A",.,"A",.,"A",.,"A",.,"A",.,"A",.,"A",110,"D",.,"A",.,"A"
"20102",2030855,57,0,"1",.,"A",.,"A",.,"A",.,"A",.,"A",.,"A",.,"A",.,"A",.,"A",.,"A",.,"A",.,"A",60,"D",.,"A",.,"A"
"20102",2030865,75,0,"1",.,"A",.,"A",.,"A",.,"A",.,"A",.,"A",.,"A",.,"A",.,"A",.,"A",.,"A",.,"A",200,"D",.,"A",.,"A"
"20102",2030875,47,0,"1",.,"A",.,"A",.,"A",.,"A",.,"A",.,"A",.,"A",.,"A",.,"A",.,"A",.,"A",.,"A",.,"A",.,"A",.,"A"
"20102",2030905,52,0,"1",.,"A",.,"A",.,"A",.,"A",.,"A",.,"A",.,"A",.,"A",.,"A",.,"A",.,"A",.,"A",50,"D",.,"A",.,"A"
"20102",2030915,35,0,"1",.,"A",.,"A",.,"A",120,"D",.,"A",85,"D",1170,"D",.,"A",.,"A",0,"D",0,"D",270,"D",230,"D",0,"D",.,"A"
"20102",2030925,61,0,"1",.,"A",.,"A",.,"A",.,"A",.,"A",.,"A",.,"A",.,"A",.,"A",.,"A",.,"A",.,"A",175,"D",.,"A",.,"A"
"20102",2030945,65,0,"1",.,"A",.,"A",14,"D",.,"A",.,"A",112,"D",455,"D",.,"A",.,"A",.,"A",.,"A",.,"A",90,"D",.,"A",.,"A"
"20102",2030975,45,0,"1",.,"A",.,"A",.,"A",.,"A",.,"A",.,"A",.,"A",.,"A",.,"A",.,"A",.,"A",.,"A",120,"D",.,"A",.,"A"
"20102",2030985,60,0,"1",.,"A",.,"A",.,"A",.,"A",.,"A",.,"A",91,"D",.,"A",.,"A",.,"A",.,"A",.,"A",.,"A",.,"A",.,"A"
"20102",2031025,135,0,"1",.,"A",.,"A",.,"A",.,"A",.,"A",240,"D",.,"A",.,"A",.,"A",.,"A",.,"A",.,"A",195,"D",.,"A",.,"A"
"20102",2031035,36,0,"1",.,"A",.,"A",.,"A",.,"A",300,"D",.,"A",.,"A",.,"A",.,"A",0,"D",6,"D",90,"D",.,"A",0,"D",.,"A"
"20102",2031045,56,0,"1",.,"A",.,"A",.,"A",.,"A",.,"A",.,"A",.,"A",.,"A",.,"A",.,"A",.,"A",.,"A",55,"D",.,"A",.,"A"
"20102",2031055,44,0,"1",.,"A",.,"A",.,"A",.,"A",.,"A",.,"A",.,"A",.,"A",.,"A",.,"A",.,"A",.,"A",.,"A",.,"A",.,"A"
"20102",2031065,67,0,"1",.,"A",.,"A",.,"A",.,"A",.,"A",.,"A",.,"A",.,"A",.,"A",.,"A",.,"A",.,"A",375,"D",.,"A",.,"A"
"20102",2031075,54,0,"1",.,"A",.,"A",.,"A",.,"A",.,"A",.,"A",.,"A",.,"A",.,"A",.,"A",.,"A",.,"A",.,"A",.,"A",.,"A"
"20102",2031085,28,0,"1",.,"A",.,"A",.,"A",.,"A",20,"D",.,"A",.,"A",.,"A",.,"A",.,"A",.,"A",.,"A",.,"A",.,"A",.,"A"
"20102",2031105,40,0,"1",.,"A",.,"A",.,"A",.,"A",.,"A",.,"A",.,"A",.,"A",.,"A",.,"A",.,"A",.,"A",.,"A",.,"A",.,"A"
"20102",2031115,66,0,"1",.,"A",.,"A",.,"A",.,"A",24,"D",.,"A",.,"A",.,"A",.,"A",.,"A",.,"A",.,"A",20,"D",.,"A",.,"A"
"20102",2031125,45,0,"1",.,"A",.,"A",.,"A",.,"A",.,"A",.,"A",.,"A",.,"A",.,"A",.,"A",.,"A",.,"A",120,"D",.,"A",.,"A"
"20102",2031135,69,0,"1",.,"A",.,"A",.,"A",.,"A",.,"A",.,"A",.,"A",.,"A",.,"A",588,"D",0,"D",0,"D",111,"D",196,"D",.,"A"
"20102",2031145,69,0,"1",.,"A",.,"A",.,"A",.,"A",.,"A",.,"A",728,"D",.,"A",.,"A",.,"A",.,"A",.,"A",98,"D",.,"A",.,"A"
"20102",2031155,33,0,"1",3,"D",.,"A",.,"A",.,"A",3,"D",.,"A",.,"A",.,"A",.,"A",.,"A",.,"A",.,"A",9,"D",.,"A",.,"A"
"20102",2031165,33,0,"1",.,"A",.,"A",.,"A",.,"A",.,"A",.,"A",.,"A",.,"A",.,"A",.,"A",.,"A",.,"A",.,"A",.,"A",.,"A"
"20102",2031185,71,0,"1",.,"A",.,"A",.,"A",.,"A",.,"A",85,"D",.,"A",.,"A",.,"A",.,"A",.,"A",.,"A",.,"A",.,"A",.,"A"
"20102",2031195,80,0,"1",.,"A",.,"A",.,"A",.,"A",.,"A",.,"A",.,"A",.,"A",.,"A",.,"A",.,"A",.,"A",220,"D",.,"A",.,"A"
"20102",2031205,54,0,"1",.,"A",.,"A",.,"A",.,"A",.,"A",10,"D",.,"A",.,"A",.,"A",.,"A",.,"A",.,"A",50,"D",.,"A",.,"A"
"20102",2031215,56,0,"1",.,"A",.,"A",.,"A",.,"A",.,"A",.,"A",.,"A",.,"A",.,"A",.,"A",.,"A",.,"A",.,"A",.,"A",.,"A"
"20102",2031225,91,0,"1",.,"A",.,"A",.,"A",.,"A",.,"A",140,"D",.,"A",.,"A",.,"A",.,"A",.,"A",.,"A",48,"D",.,"A",.,"A"
"20102",2031235,57,0,"1",.,"A",.,"A",.,"A",.,"A",.,"A",.,"A",.,"A",.,"A",.,"A",.,"A",.,"A",.,"A",35,"D",.,"A",.,"A"
"20102",2031245,51,0,"1",.,"A",.,"A",.,"A",.,"A",.,"A",.,"A",780,"D",.,"A",.,"A",.,"A",.,"A",.,"A",.,"A",.,"A",.,"A"
"20102",2031255,44,0,"1",.,"A",.,"A",.,"A",.,"A",.,"A",100,"D",.,"A",.,"A",.,"A",.,"A",.,"A",.,"A",100,"D",.,"A",.,"A"
"20102",2031265,42,0,"1",.,"A",.,"A",.,"A",.,"A",.,"A",.,"A",.,"A",.,"A",.,"A",.,"A",.,"A",.,"A",.,"A",.,"A",.,"A"
"20102",2031285,41,0,"1",.,"A",.,"A",.,"A",.,"A",.,"A",.,"A",.,"A",.,"A",.,"A",.,"A",.,"A",.,"A",30,"D",.,"A",.,"A"
"20102",2031295,37,0,"1",.,"A",.,"A",.,"A",.,"A",.,"A",.,"A",.,"A",.,"A",.,"A",.,"A",.,"A",.,"A",40,"D",.,"A",.,"A"
"20102",2031325,81,0,"1",.,"A",.,"A",.,"A",.,"A",.,"A",.,"A",.,"A",.,"A",3,"D",.,"A",.,"A",.,"A",153,"D",.,"A",.,"A"
"20102",2031335,53,0,"1",.,"A",.,"A",.,"A",.,"A",.,"A",25,"D",.,"A",.,"A",15,"D",.,"A",.,"A",.,"A",.,"A",.,"A",.,"A"
"20102",2031345,26,0,"1",.,"A",.,"A",.,"A",.,"A",100,"D",.,"A",.,"A",.,"A",.,"A",.,"A",.,"A",.,"A",30,"D",.,"A",.,"A"
"20102",2031355,31,0,"1",.,"A",.,"A",.,"A",.,"A",.,"A",.,"A",.,"A",.,"A",.,"A",.,"A",.,"A",.,"A",.,"A",.,"A",.,"A"
"20102",2031365,91,0,"1",.,"A",.,"A",.,"A",.,"A",.,"A",.,"A",.,"A",.,"A",.,"A",.,"A",.,"A",.,"A",.,"A",.,"A",.,"A"
"20102",2031385,86,0,"1",.,"A",.,"A",.,"A",.,"A",.,"A",.,"A",.,"A",.,"A",30,"D",.,"A",.,"A",.,"A",500,"D",.,"A",.,"A"
"20102",2031395,63,0,"1",.,"A",.,"A",.,"A",.,"A",.,"A",.,"A",.,"A",.,"A",.,"A",.,"A",.,"A",.,"A",.,"A",.,"A",.,"A"
"20102",2031405,50,0,"1",.,"A",.,"A",.,"A",.,"A",.,"A",.,"A",650,"D",.,"A",.,"A",.,"A",.,"A",.,"A",20,"D",.,"A",.,"A"
"20102",2031415,33,0,"1",.,"A",.,"A",.,"A",.,"A",60,"D",.,"A",.,"A",.,"A",.,"A",.,"A",.,"A",.,"A",30,"D",.,"A",.,"A"
"20102",2031435,37,0,"1",.,"A",.,"A",.,"A",.,"A",.,"A",.,"A",.,"A",.,"A",.,"A",.,"A",.,"A",.,"A",.,"A",.,"A",.,"A"
"20102",2031445,34,0,"1",.,"A",.,"A",.,"A",16,"D",.,"A",.,"A",.,"A",.,"A",.,"A",0,"D",0,"D",540,"D",.,"A",0,"D",.,"A"
"20102",2031455,41,0,"1",.,"A",.,"A",.,"A",.,"A",.,"A",.,"A",520,"D",.,"A",.,"A",.,"A",.,"A",.,"A",20,"D",.,"A",.,"A"
"20102",2031475,30,0,"1",.,"A",.,"A",.,"A",.,"A",.,"A",.,"A",.,"A",.,"A",.,"A",.,"A",.,"A",.,"A",.,"A",.,"A",.,"A"
"20102",2031545,42,0,"1",.,"A",.,"A",.,"A",.,"A",.,"A",.,"A",.,"A",.,"A",.,"A",.,"A",.,"A",.,"A",.,"A",.,"A",.,"A"
"20102",2031555,69,0,"1",.,"A",.,"A",.,"A",.,"A",.,"A",.,"A",.,"A",.,"A",6,"D",.,"A",.,"A",.,"A",20,"D",.,"A",.,"A"
"20102",2031565,57,0,"1",.,"A",.,"A",.,"A",.,"A",.,"A",.,"A",.,"A",.,"A",.,"A",.,"A",.,"A",.,"A",120,"D",.,"A",.,"A"
"20102",2031575,24,0,"1",.,"A",.,"A",.,"A",.,"A",.,"A",.,"A",.,"A",.,"A",.,"A",.,"A",.,"A",.,"A",.,"A",.,"A",.,"A"
"20102",2031585,77,0,"1",.,"A",.,"A",.,"A",.,"A",.,"A",.,"A",104,"D",.,"A",.,"A",.,"A",.,"A",.,"A",32,"D",.,"A",.,"A"
"20102",2031605,34,0,"1",.,"A",.,"A",.,"A",.,"A",.,"A",.,"A",.,"A",.,"A",.,"A",.,"A",.,"A",.,"A",.,"A",.,"A",.,"A"
"20102",2031615,49,0,"1",.,"A",.,"A",.,"A",.,"A",.,"A",.,"A",.,"A",.,"A",.,"A",.,"A",.,"A",.,"A",20,"D",.,"A",.,"A"
"20102",2031625,29,0,"1",.,"A",.,"A",.,"A",.,"A",.,"A",.,"A",.,"A",.,"A",.,"A",.,"A",.,"A",.,"A",.,"A",.,"A",.,"A"
"20102",2031655,32,0,"1",.,"A",.,"A",.,"A",.,"A",100,"D",.,"A",.,"A",.,"A",.,"A",300,"D",0,"D",0,"D",.,"A",100,"D",.,"A"
"20102",2031695,82,0,"1",.,"A",.,"A",.,"A",.,"A",.,"A",.,"A",.,"A",.,"A",.,"A",.,"A",.,"A",.,"A",.,"A",.,"A",.,"A"
"20102",2031705,33,0,"1",.,"A",.,"A",.,"A",.,"A",.,"A",.,"A",.,"A",.,"A",.,"A",.,"A",.,"A",.,"A",.,"A",.,"A",.,"A"
"20102",2031745,58,0,"1",.,"A",.,"A",.,"A",.,"A",.,"A",.,"A",.,"A",.,"A",.,"A",.,"A",.,"A",.,"A",30,"D",.,"A",.,"A"
"20102",2031755,50,0,"1",.,"A",.,"A",.,"A",.,"A",50,"D",.,"A",780,"D",.,"A",.,"A",.,"A",.,"A",.,"A",60,"D",.,"A",.,"A"
"20102",2031765,68,0,"1",.,"A",.,"A",.,"A",.,"A",.,"A",.,"A",.,"A",.,"A",30,"D",.,"A",.,"A",.,"A",20,"D",.,"A",.,"A"
"20102",2031775,78,0,"1",.,"A",.,"A",.,"A",.,"A",.,"A",10,"D",.,"A",.,"A",.,"A",.,"A",.,"A",.,"A",50,"D",.,"A",.,"A"
"20102",2031805,71,0,"1",21,"D",.,"A",.,"A",.,"A",129,"D",30,"D",.,"A",.,"A",24,"D",.,"A",.,"A",.,"A",300,"D",.,"A",.,"A"
"20102",2031825,22,0,"1",.,"A",.,"A",.,"A",.,"A",.,"A",.,"A",130,"D",.,"A",.,"A",.,"A",.,"A",.,"A",.,"A",.,"A",.,"A"
"20102",2031855,82,0,"1",.,"A",.,"A",.,"A",.,"A",.,"A",240,"D",.,"A",.,"A",15,"D",.,"A",.,"A",.,"A",280,"D",.,"A",.,"A"
"20102",2031865,48,0,"1",.,"A",.,"A",.,"A",.,"A",.,"A",.,"A",.,"A",.,"A",.,"A",.,"A",.,"A",.,"A",31,"D",.,"A",.,"A"
"20102",2031875,91,0,"1",5,"F",.,"A",.,"A",.,"A",90,"F",.,"A",520,"F",.,"A",.,"A",.,"A",.,"A",.,"A",35,"D",.,"A",.,"A"
"20102",2031905,75,0,"1",.,"A",.,"A",.,"A",.,"A",.,"A",.,"A",.,"A",.,"A",.,"A",.,"A",.,"A",.,"A",90,"D",.,"A",.,"A"
"20102",2031955,62,0,"1",.,"A",.,"A",.,"A",.,"A",.,"A",60,"D",.,"A",.,"A",.,"A",.,"A",.,"A",.,"A",80,"D",.,"A",.,"A"
"20102",2032005,26,0,"1",.,"A",.,"A",.,"A",.,"A",.,"A",.,"A",.,"A",.,"A",.,"A",.,"A",.,"A",.,"A",.,"A",.,"A",.,"A"
"20102",2032015,29,0,"1",.,"A",.,"A",.,"A",.,"A",.,"A",.,"A",.,"A",.,"A",.,"A",.,"A",.,"A",.,"A",.,"A",.,"A",.,"A"
"20102",2032025,60,0,"1",.,"A",.,"A",.,"A",.,"A",.,"A",.,"A",.,"A",.,"A",.,"A",.,"A",.,"A",.,"A",.,"A",.,"A",.,"A"
"20102",2032035,37,0,"1",.,"A",.,"A",.,"A",.,"A",.,"A",.,"A",.,"A",.,"A",.,"A",.,"A",.,"A",.,"A",96,"D",.,"A",.,"A"
"20102",2032075,51,0,"1",.,"A",.,"A",.,"A",.,"A",16,"D",.,"A",.,"A",.,"A",.,"A",.,"A",.,"A",.,"A",.,"A",.,"A",.,"A"
"20102",2032085,49,0,"1",.,"A",.,"A",.,"A",.,"A",.,"A",.,"A",.,"A",.,"A",.,"A",.,"A",.,"A",.,"A",40,"D",.,"A",.,"A"
"20102",2032095,33,0,"1",.,"A",.,"A",.,"A",.,"A",.,"A",.,"A",.,"A",.,"A",.,"A",.,"A",.,"A",.,"A",.,"A",.,"A",.,"A"
"20102",2032105,39,0,"1",.,"A",.,"A",.,"A",.,"A",.,"A",.,"A",455,"D",.,"A",.,"A",.,"A",.,"A",.,"A",.,"A",.,"A",.,"A"
"20102",2032115,109,0,"1",.,"A",.,"A",.,"A",.,"A",.,"A",.,"A",.,"A",65,"F",.,"A",.,"A",.,"A",.,"A",.,"A",.,"A",.,"A"
"20102",2032125,93,0,"1",.,"A",.,"A",.,"A",.,"A",.,"A",.,"A",.,"A",.,"A",.,"A",.,"A",.,"A",.,"A",165,"D",.,"A",.,"A"
"20102",2032185,53,0,"1",.,"A",.,"A",.,"A",.,"A",.,"A",.,"A",780,"D",.,"A",.,"A",.,"A",.,"A",.,"A",12,"D",.,"A",.,"A"
"20102",2032195,34,0,"1",.,"A",.,"A",.,"A",.,"A",.,"A",.,"A",.,"A",.,"A",.,"A",.,"A",.,"A",.,"A",58,"D",.,"A",.,"A"
"20102",2032215,92,0,"1",.,"A",.,"A",.,"A",.,"A",.,"A",25,"D",130,"D",.,"A",.,"A",.,"A",.,"A",.,"A",265,"D",.,"A",.,"A"
"20102",2032235,36,0,"1",.,"A",.,"A",.,"A",.,"A",30,"D",.,"A",.,"A",.,"A",105,"D",.,"A",.,"A",.,"A",.,"A",.,"A",.,"A"
"20102",2032255,53,0,"1",.,"A",.,"A",.,"A",.,"A",.,"A",.,"A",.,"A",.,"A",.,"A",.,"A",.,"A",.,"A",60,"D",.,"A",.,"A"
"20102",2032265,78,0,"1",.,"A",.,"A",.,"A",30,"D",.,"A",.,"A",.,"A",.,"A",.,"A",.,"A",.,"A",.,"A",.,"A",.,"A",.,"A"
"20102",2032275,51,0,"1",.,"A",.,"A",.,"A",.,"A",.,"A",.,"A",.,"A",.,"A",36,"D",.,"A",.,"A",.,"A",45,"D",.,"A",.,"A"
"20102",2032285,53,0,"1",.,"A",.,"A",.,"A",.,"A",.,"A",70,"D",.,"A",.,"A",.,"A",.,"A",.,"A",.,"A",.,"A",.,"A",.,"A"
"20102",2032305,58,0,"1",.,"A",.,"A",.,"A",.,"A",.,"A",.,"A",.,"A",.,"A",.,"A",.,"A",.,"A",.,"A",100,"D",.,"A",.,"A"
"20102",2032315,51,0,"1",.,"A",.,"A",.,"A",.,"A",.,"A",.,"A",.,"A",.,"A",.,"A",.,"A",.,"A",.,"A",90,"D",.,"A",.,"A"
"20102",2032335,46,0,"1",.,"A",.,"A",.,"A",.,"A",.,"A",.,"A",195,"D",.,"A",.,"A",.,"A",.,"A",.,"A",20,"D",.,"A",.,"A"
"20102",2032345,68,0,"1",.,"A",.,"A",.,"A",.,"A",.,"A",10,"D",.,"A",.,"A",.,"A",.,"A",.,"A",.,"A",330,"D",.,"A",.,"A"
"20102",2032385,46,0,"1",.,"A",.,"A",.,"A",.,"A",.,"A",.,"A",.,"A",.,"A",.,"A",.,"A",.,"A",.,"A",280,"D",.,"A",.,"A"
"20102",2032395,47,0,"1",.,"A",.,"A",.,"A",.,"A",120,"D",.,"A",.,"A",.,"A",.,"A",.,"A",.,"A",.,"A",60,"D",.,"A",.,"A"
"20102",2032415,46,0,"1",.,"A",.,"A",.,"A",.,"A",.,"A",.,"A",936,"D",.,"A",60,"D",.,"A",.,"A",.,"A",.,"A",.,"A",.,"A"
"20102",2032435,40,0,"1",.,"A",.,"A",.,"A",.,"A",.,"A",.,"A",.,"A",.,"A",.,"A",.,"A",.,"A",.,"A",.,"A",.,"A",.,"A"
"20102",2032495,53,0,"1",.,"A",.,"A",.,"A",.,"A",.,"A",.,"A",260,"D",.,"A",.,"A",.,"A",.,"A",.,"A",.,"A",.,"A",.,"A"
"20102",2032505,56,0,"1",.,"A",.,"A",.,"A",.,"A",.,"A",.,"A",.,"A",.,"A",.,"A",.,"A",.,"A",.,"A",110,"D",.,"A",.,"A"
"20102",2032515,77,0,"1",.,"A",.,"A",.,"A",.,"A",.,"A",.,"A",.,"A",.,"A",.,"A",.,"A",.,"A",.,"A",60,"D",.,"A",.,"A"
"20102",2032535,77,0,"1",.,"A",.,"A",.,"A",.,"A",.,"A",.,"A",.,"A",.,"A",.,"A",.,"A",.,"A",.,"A",150,"D",.,"A",.,"A"
"20102",2032555,70,0,"1",.,"A",.,"A",.,"A",.,"A",.,"A",120,"D",.,"A",.,"A",.,"A",.,"A",.,"A",.,"A",357,"D",.,"A",.,"A"
"20102",2032565,35,0,"1",.,"A",.,"A",.,"A",.,"A",.,"A",.,"A",.,"A",.,"A",.,"A",.,"A",.,"A",.,"A",.,"A",.,"A",.,"A"
"20102",2032575,46,0,"1",.,"A",.,"A",.,"A",.,"A",.,"A",.,"A",.,"A",.,"A",.,"A",.,"A",.,"A",.,"A",.,"A",.,"A",.,"A"
"20102",2032585,45,0,"1",.,"A",.,"A",.,"A",.,"A",75,"D",.,"A",.,"A",.,"A",.,"A",0,"D",0,"D",162,"D",30,"D",0,"D",.,"A"
"20102",2032605,50,0,"1",.,"A",.,"A",.,"A",.,"A",.,"A",.,"A",.,"A",.,"A",45,"D",.,"A",.,"A",.,"A",60,"D",.,"A",.,"A"
"20102",2032615,68,0,"1",.,"A",.,"A",.,"A",.,"A",.,"A",20,"D",.,"A",.,"A",144,"D",.,"A",.,"A",.,"A",169,"D",.,"A",.,"A"
"20102",2032625,56,0,"1",.,"A",.,"A",.,"A",.,"A",.,"A",.,"A",.,"A",.,"A",.,"A",.,"A",.,"A",.,"A",100,"D",.,"A",.,"A"
"20102",2032655,30,0,"1",.,"A",.,"A",.,"A",.,"A",.,"A",.,"A",.,"A",.,"A",.,"A",.,"A",.,"A",.,"A",22,"D",.,"A",.,"A"
"20102",2032665,53,0,"1",.,"A",.,"A",.,"A",.,"A",.,"A",.,"A",.,"A",.,"A",.,"A",.,"A",.,"A",.,"A",12,"D",.,"A",.,"A"
"20102",2032685,42,0,"1",.,"A",.,"A",.,"A",.,"A",.,"A",.,"A",.,"A",.,"A",.,"A",.,"A",.,"A",.,"A",.,"A",.,"A",.,"A"
"20102",2032705,70,0,"1",.,"A",.,"A",.,"A",.,"A",.,"A",.,"A",.,"A",.,"A",.,"A",.,"A",.,"A",.,"A",.,"A",.,"A",.,"A"
"20102",2032715,68,0,"1",.,"A",.,"A",.,"A",.,"A",.,"A",.,"A",.,"A",.,"A",.,"A",.,"A",.,"A",.,"A",60,"D",.,"A",.,"A"
"20102",2032725,49,0,"1",.,"A",.,"A",.,"A",.,"A",.,"A",10,"D",.,"A",.,"A",.,"A",.,"A",.,"A",.,"A",50,"D",.,"A",.,"A"
"20102",2032735,77,0,"1",.,"A",.,"A",.,"A",.,"A",.,"A",.,"A",.,"A",.,"A",.,"A",.,"A",.,"A",.,"A",.,"A",.,"A",.,"A"
"20102",2032745,61,0,"1",.,"A",.,"A",.,"A",.,"A",50,"D",100,"D",.,"A",.,"A",30,"D",.,"A",.,"A",.,"A",100,"D",.,"A",.,"A"
"20102",2032755,38,0,"1",.,"A",.,"A",.,"A",.,"A",.,"A",.,"A",.,"A",.,"A",.,"A",.,"A",.,"A",.,"A",120,"D",.,"A",.,"A"
"20102",2032765,50,0,"1",.,"A",.,"A",.,"A",.,"A",.,"A",.,"A",.,"A",.,"A",.,"A",.,"A",.,"A",.,"A",.,"A",.,"A",.,"A"
"20102",2032795,98,0,"1",.,"A",.,"A",.,"A",.,"A",.,"A",.,"A",.,"A",.,"A",.,"A",.,"A",.,"A",.,"A",60,"D",.,"A",.,"A"
"20102",2032805,44,0,"1",.,"A",.,"A",.,"A",.,"A",.,"A",.,"A",.,"A",.,"A",.,"A",.,"A",.,"A",.,"A",40,"D",.,"A",.,"A"
"20102",2032835,72,0,"1",.,"A",.,"A",.,"A",.,"A",.,"A",.,"A",.,"A",.,"A",.,"A",.,"A",.,"A",.,"A",160,"D",.,"A",.,"A"
"20102",2032845,80,0,"1",.,"A",.,"A",.,"A",.,"A",.,"A",.,"A",.,"A",.,"A",.,"A",.,"A",.,"A",.,"A",.,"A",.,"A",.,"A"
"20102",2032855,45,0,"1",.,"A",.,"A",.,"A",.,"A",.,"A",.,"A",650,"D",.,"A",.,"A",.,"A",.,"A",.,"A",30,"D",.,"A",.,"A"
"20102",2032865,54,0,"1",.,"A",.,"A",.,"A",.,"A",.,"A",200,"D",.,"A",.,"A",.,"A",.,"A",.,"A",.,"A",400,"D",.,"A",.,"A"
"20102",2032895,52,0,"1",.,"A",.,"A",.,"A",.,"A",30,"D",.,"A",650,"D",.,"A",.,"A",.,"A",.,"A",.,"A",.,"A",.,"A",.,"A"
"20102",2032905,56,0,"1",.,"A",.,"A",.,"A",.,"A",.,"A",10,"D",.,"A",.,"A",.,"A",.,"A",.,"A",.,"A",90,"D",.,"A",.,"A"
"20102",2032925,48,0,"1",.,"A",.,"A",.,"A",.,"A",.,"A",.,"A",.,"A",.,"A",.,"A",.,"A",.,"A",.,"A",.,"A",.,"A",.,"A"
"20102",2032945,93,0,"1",.,"A",.,"A",.,"A",.,"A",.,"A",.,"A",468,"D",.,"A",.,"A",.,"A",.,"A",.,"A",45,"D",.,"A",.,"A"
"20102",2032955,27,0,"1",.,"A",.,"A",.,"A",.,"A",.,"A",.,"A",130,"D",.,"A",.,"A",.,"A",.,"A",.,"A",.,"A",.,"A",.,"A"
"20102",2032965,41,0,"1",.,"A",.,"A",.,"A",.,"A",.,"A",.,"A",.,"A",.,"A",.,"A",.,"A",.,"A",.,"A",.,"A",.,"A",.,"A"
"20102",2032985,67,0,"1",.,"A",.,"A",.,"A",.,"A",.,"A",70,"D",390,"D",.,"A",.,"A",.,"A",.,"A",.,"A",195,"D",.,"A",.,"A"
"20102",2032995,50,0,"1",.,"A",.,"A",.,"A",.,"A",.,"A",.,"A",.,"A",.,"A",.,"A",.,"A",.,"A",.,"A",30,"D",.,"A",.,"A"
"20102",2033015,30,0,"1",.,"A",.,"A",.,"A",.,"A",.,"A",.,"A",.,"A",.,"A",.,"A",.,"A",.,"A",.,"A",.,"A",.,"A",.,"A"
"20102",2033025,37,0,"1",.,"A",.,"A",.,"A",.,"A",30,"D",.,"A",.,"A",.,"A",.,"A",.,"A",.,"A",.,"A",30,"D",.,"A",.,"A"
"20102",2033035,33,0,"1",.,"A",.,"A",.,"A",.,"A",100,"D",.,"A",.,"A",.,"A",.,"A",195,"D",0,"D",0,"D",48,"D",65,"D",.,"A"
"20102",2033065,27,0,"1",.,"A",.,"A",.,"A",.,"A",.,"A",.,"A",.,"A",.,"A",.,"A",.,"A",.,"A",.,"A",.,"A",.,"A",.,"A"
"20102",2033095,41,0,"1",.,"A",.,"A",.,"A",.,"A",.,"A",.,"A",.,"A",.,"A",.,"A",.,"A",.,"A",.,"A",.,"A",.,"A",.,"A"
"20102",2033115,65,0,"1",.,"A",.,"A",.,"A",.,"A",.,"A",100,"D",.,"A",.,"A",.,"A",.,"A",.,"A",.,"A",120,"D",.,"A",.,"A"
"20102",2033135,36,0,"1",.,"A",.,"A",.,"A",.,"A",.,"A",.,"A",.,"A",.,"A",.,"A",0,"D",0,"D",6,"D",.,"A",0,"D",.,"A"
"20102",2033165,63,0,"1",.,"A",.,"A",.,"A",.,"A",.,"A",.,"A",.,"A",.,"A",.,"A",.,"A",.,"A",.,"A",120,"D",.,"A",.,"A"
"20102",2033185,69,0,"1",.,"A",.,"A",.,"A",.,"A",.,"A",120,"D",.,"A",468,"D",.,"A",.,"A",.,"A",.,"A",400,"D",.,"A",.,"A"
"20102",2033195,93,0,"1",.,"A",.,"A",.,"A",.,"A",.,"A",.,"A",.,"A",.,"A",.,"A",.,"A",.,"A",.,"A",125,"D",.,"A",.,"A"
"20102",2033205,56,0,"1",.,"A",.,"A",.,"A",.,"A",.,"A",.,"A",.,"A",.,"A",.,"A",.,"A",.,"A",.,"A",.,"A",.,"A",.,"A"
"20102",2033215,48,0,"1",.,"A",.,"A",.,"A",.,"A",.,"A",.,"A",455,"D",.,"A",.,"A",.,"A",.,"A",.,"A",16,"D",.,"A",.,"A"
"20102",2033235,34,0,"1",.,"A",.,"A",.,"A",.,"A",.,"A",.,"A",.,"A",.,"A",.,"A",.,"A",.,"A",.,"A",.,"A",.,"A",.,"A"
"20102",2033245,88,0,"1",.,"A",.,"A",.,"A",.,"A",.,"A",.,"A",.,"A",.,"A",.,"A",.,"A",.,"A",.,"A",.,"A",.,"A",.,"A"
"20102",2033265,46,0,"1",.,"A",.,"A",.,"A",.,"A",.,"A",.,"A",.,"A",.,"A",.,"A",.,"A",.,"A",.,"A",156,"D",.,"A",.,"A"
"20102",2033305,65,0,"1",.,"A",.,"A",.,"A",.,"A",.,"A",.,"A",.,"A",.,"A",.,"A",.,"A",.,"A",.,"A",35,"D",.,"A",.,"A"
"20102",2033335,51,0,"1",.,"A",.,"A",.,"A",.,"A",.,"A",.,"A",.,"A",.,"A",.,"A",.,"A",.,"A",.,"A",200,"D",.,"A",.,"A"
"20102",2033355,73,0,"1",8,"D",.,"A",.,"A",.,"A",0,"D",.,"A",.,"A",.,"A",.,"A",.,"A",.,"A",.,"A",89,"D",.,"A",.,"A"
"20102",2033375,79,0,"1",.,"A",.,"A",.,"A",.,"A",.,"A",23,"D",.,"A",91,"D",174,"D",.,"A",.,"A",.,"A",352,"D",.,"A",.,"A"
"20102",2033385,40,0,"1",.,"A",.,"A",.,"A",.,"A",.,"A",.,"A",.,"A",.,"A",.,"A",.,"A",.,"A",.,"A",.,"A",.,"A",.,"A"
"20102",2033405,62,0,"1",.,"A",.,"A",35,"D",.,"A",.,"A",.,"A",.,"A",.,"A",.,"A",.,"A",.,"A",.,"A",30,"D",.,"A",.,"A"
"20102",2033415,69,0,"1",.,"A",.,"A",.,"A",.,"A",.,"A",.,"A",.,"A",.,"A",.,"A",.,"A",.,"A",.,"A",300,"D",.,"A",.,"A"
"20102",2033455,50,0,"1",.,"A",.,"A",.,"A",100,"D",.,"A",.,"A",.,"A",.,"A",.,"A",.,"A",.,"A",.,"A",.,"A",.,"A",.,"A"
"20102",2033485,60,0,"1",.,"A",.,"A",.,"A",.,"A",.,"A",.,"A",.,"A",325,"D",.,"A",.,"A",.,"A",.,"A",200,"D",.,"A",.,"A"
"20102",2033505,45,0,"1",.,"A",.,"A",.,"A",.,"A",.,"A",.,"A",195,"D",.,"A",.,"A",.,"A",.,"A",.,"A",5,"D",.,"A",.,"A"
"20102",2033515,76,0,"1",.,"A",.,"A",.,"A",.,"A",.,"A",30,"D",.,"A",.,"A",.,"A",.,"A",.,"A",.,"A",.,"A",.,"A",.,"A"
"20102",2033525,36,0,"1",.,"A",.,"A",.,"A",.,"A",.,"A",.,"A",.,"A",.,"A",.,"A",.,"A",.,"A",.,"A",.,"A",.,"A",.,"A"
"20102",2033545,37,0,"1",.,"A",.,"A",.,"A",.,"A",.,"A",.,"A",.,"A",.,"A",.,"A",.,"A",.,"A",.,"A",.,"A",.,"A",.,"A"
"20102",2033555,54,0,"1",.,"A",.,"A",.,"A",.,"A",10,"D",180,"D",.,"A",.,"A",.,"A",.,"A",.,"A",.,"A",.,"A",.,"A",.,"A"
"20102",2033575,58,0,"1",.,"A",.,"A",.,"A",.,"A",.,"A",.,"A",520,"D",.,"A",.,"A",.,"A",.,"A",.,"A",.,"A",.,"A",.,"A"
"20102",2033615,36,0,"1",.,"A",.,"A",.,"A",.,"A",.,"A",.,"A",.,"A",.,"A",.,"A",.,"A",.,"A",.,"A",.,"A",.,"A",.,"A"
"20102",2033625,62,0,"1",.,"A",.,"A",.,"A",.,"A",.,"A",100,"D",.,"A",.,"A",.,"A",156,"D",0,"D",60,"D",100,"D",52,"D",.,"A"
"20102",2033635,43,0,"1",.,"A",.,"A",.,"A",.,"A",.,"A",380,"D",.,"A",.,"A",.,"A",.,"A",.,"A",.,"A",150,"D",.,"A",.,"A"
"20102",2033655,52,0,"1",.,"A",.,"A",.,"A",15,"D",.,"A",.,"A",.,"A",.,"A",.,"A",600,"D",0,"D",600,"D",30,"D",200,"D",.,"A"
"20102",2033665,46,0,"1",.,"A",.,"A",.,"A",.,"A",15,"D",65,"D",.,"A",.,"A",.,"A",.,"A",.,"A",.,"A",120,"D",.,"A",.,"A"
"20102",2033675,88,0,"1",.,"A",.,"A",.,"A",.,"A",.,"A",.,"A",.,"A",.,"A",.,"A",.,"A",.,"A",.,"A",30,"D",.,"A",.,"A"
"20102",2033695,58,0,"1",.,"A",.,"A",.,"A",.,"A",.,"A",.,"A",910,"D",.,"A",.,"A",.,"A",.,"A",.,"A",.,"A",.,"A",.,"A"
"20102",2033705,46,0,"1",.,"A",.,"A",.,"A",.,"A",.,"A",.,"A",.,"A",.,"A",.,"A",.,"A",.,"A",.,"A",90,"D",.,"A",.,"A"
"20102",2033725,69,0,"1",.,"A",.,"A",.,"A",.,"A",.,"A",30,"D",.,"A",.,"A",.,"A",.,"A",.,"A",.,"A",475,"D",.,"A",.,"A"
"20102",2033735,50,0,"1",.,"A",.,"A",.,"A",.,"A",.,"A",.,"A",.,"A",.,"A",.,"A",.,"A",.,"A",.,"A",60,"D",.,"A",.,"A"
"20102",2033745,57,0,"1",.,"A",.,"A",.,"A",.,"A",.,"A",35,"D",.,"A",.,"A",.,"A",.,"A",.,"A",.,"A",300,"D",.,"A",.,"A"
"20102",2033755,37,0,"1",.,"A",.,"A",.,"A",.,"A",90,"D",90,"D",.,"A",.,"A",.,"A",.,"A",.,"A",.,"A",40,"D",.,"A",.,"A"
"20102",2033765,66,0,"1",.,"A",.,"A",.,"A",.,"A",.,"A",.,"A",65,"D",.,"A",.,"A",.,"A",.,"A",.,"A",50,"D",.,"A",.,"A"
"20102",2033785,41,0,"1",.,"A",.,"A",.,"A",.,"A",.,"A",.,"A",.,"A",.,"A",.,"A",.,"A",.,"A",.,"A",12,"D",.,"A",.,"A"
"20102",2033795,36,0,"1",.,"A",.,"A",.,"A",.,"A",.,"A",.,"A",.,"A",.,"A",.,"A",.,"A",.,"A",.,"A",.,"A",.,"A",.,"A"
"20102",2033815,51,0,"1",30,"D",.,"A",.,"A",.,"A",50,"D",.,"A",.,"A",.,"A",.,"A",.,"A",.,"A",.,"A",15,"D",.,"A",.,"A"
"20102",2033845,47,0,"1",.,"A",.,"A",.,"A",.,"A",.,"A",.,"A",.,"A",.,"A",.,"A",.,"A",.,"A",.,"A",.,"A",.,"A",.,"A"
"20102",2033865,58,0,"1",.,"A",.,"A",.,"A",.,"A",.,"A",.,"A",845,"D",.,"A",.,"A",.,"A",.,"A",.,"A",35,"D",.,"A",.,"A"
"20102",2033905,62,0,"1",.,"A",.,"A",.,"A",.,"A",.,"A",.,"A",.,"A",.,"A",.,"A",.,"A",.,"A",.,"A",.,"A",.,"A",.,"A"
"20102",2033925,61,0,"1",.,"A",.,"A",.,"A",.,"A",.,"A",.,"A",.,"A",.,"A",.,"A",.,"A",.,"A",.,"A",105,"D",.,"A",.,"A"
"20102",2033945,53,0,"1",.,"A",.,"A",.,"A",.,"A",.,"A",14,"D",260,"D",.,"A",.,"A",.,"A",.,"A",.,"A",.,"A",.,"A",.,"A"
"20102",2033955,62,0,"1",.,"A",.,"A",.,"A",.,"A",.,"A",.,"A",.,"A",.,"A",.,"A",.,"A",.,"A",.,"A",30,"D",.,"A",.,"A"
"20102",2033975,76,0,"1",.,"A",.,"A",.,"A",.,"A",.,"A",.,"A",.,"A",.,"A",90,"D",.,"A",.,"A",.,"A",30,"D",.,"A",.,"A"
"20102",2033985,84,0,"1",.,"A",.,"A",.,"A",.,"A",.,"A",.,"A",.,"A",.,"A",.,"A",.,"A",.,"A",.,"A",55,"D",.,"A",.,"A"
"20102",2033995,30,0,"1",.,"A",.,"A",.,"A",.,"A",.,"A",.,"A",.,"A",.,"A",150,"D",.,"A",.,"A",.,"A",60,"D",.,"A",.,"A"
"20102",2034025,50,0,"1",.,"A",.,"A",.,"A",.,"A",.,"A",.,"A",.,"A",.,"A",.,"A",.,"A",.,"A",.,"A",60,"D",.,"A",.,"A"
"20102",2034035,79,0,"1",.,"A",.,"A",.,"A",.,"A",.,"A",80,"D",.,"A",.,"A",.,"A",.,"A",.,"A",.,"A",220,"D",.,"A",.,"A"
"20102",2034055,93,0,"1",.,"A",.,"A",25,"D",.,"A",.,"A",.,"A",.,"A",.,"A",.,"A",.,"A",.,"A",.,"A",250,"D",.,"A",.,"A"
"20102",2034085,45,0,"1",.,"A",.,"A",.,"A",.,"A",.,"A",.,"A",520,"D",.,"A",.,"A",.,"A",.,"A",.,"A",155,"D",.,"A",.,"A"
"20102",2034095,60,0,"1",.,"A",.,"A",.,"A",.,"A",.,"A",72,"D",.,"A",.,"A",.,"A",.,"A",.,"A",.,"A",.,"A",.,"A",.,"A"
"20102",2034105,45,0,"1",.,"A",.,"A",.,"A",.,"A",.,"A",.,"A",585,"D",.,"A",105,"D",.,"A",.,"A",.,"A",90,"D",.,"A",.,"A"
"20102",2034125,39,0,"1",.,"A",.,"A",.,"A",.,"A",.,"A",.,"A",.,"A",.,"A",.,"A",.,"A",.,"A",.,"A",30,"D",.,"A",.,"A"
"20102",2034135,47,0,"1",.,"A",.,"A",.,"A",.,"A",.,"A",.,"A",.,"A",.,"A",.,"A",.,"A",.,"A",.,"A",.,"A",.,"A",.,"A"
"20102",2034145,32,0,"1",.,"A",.,"A",.,"A",.,"A",.,"A",.,"A",.,"A",65,"D",.,"A",.,"A",.,"A",.,"A",15,"D",.,"A",.,"A"
"20102",2034165,45,0,"1",.,"A",.,"A",.,"A",.,"A",.,"A",.,"A",195,"D",.,"A",.,"A",.,"A",.,"A",.,"A",80,"D",.,"A",.,"A"
"20102",2034185,40,0,"1",.,"A",.,"A",.,"A",.,"A",.,"A",.,"A",.,"A",.,"A",.,"A",.,"A",.,"A",.,"A",150,"D",.,"A",.,"A"
"20102",2034195,43,0,"1",.,"A",.,"A",.,"A",.,"A",6,"D",.,"A",.,"A",.,"A",.,"A",.,"A",.,"A",.,"A",50,"D",.,"A",.,"A"
"20102",2034225,37,0,"1",.,"A",.,"A",.,"A",.,"A",.,"A",.,"A",.,"A",.,"A",.,"A",.,"A",.,"A",.,"A",.,"A",.,"A",.,"A"
"20102",2034235,43,0,"1",.,"A",.,"A",.,"A",.,"A",130,"D",.,"A",390,"D",.,"A",.,"A",.,"A",.,"A",.,"A",.,"A",.,"A",.,"A"
"20102",2034245,35,0,"1",.,"A",.,"A",.,"A",.,"A",.,"A",.,"A",546,"D",.,"A",.,"A",.,"A",.,"A",.,"A",44,"D",.,"A",.,"A"
"20102",2034255,52,0,"1",.,"A",.,"A",.,"A",.,"A",.,"A",.,"A",.,"A",.,"A",.,"A",.,"A",.,"A",.,"A",20,"D",.,"A",.,"A"
"20102",2034265,79,0,"1",.,"A",.,"A",.,"A",.,"A",.,"A",60,"D",.,"A",.,"A",.,"A",.,"A",.,"A",.,"A",320,"D",.,"A",.,"A"
"20102",2034275,28,0,"1",.,"A",.,"A",.,"A",.,"A",.,"A",.,"A",.,"A",.,"A",.,"A",.,"A",.,"A",.,"A",.,"A",.,"A",.,"A"
"20102",2034325,70,0,"1",.,"A",.,"A",.,"A",.,"A",.,"A",37,"D",.,"A",.,"A",.,"A",.,"A",.,"A",.,"A",155,"D",.,"A",.,"A"
"20102",2034345,49,0,"1",.,"A",.,"A",.,"A",.,"A",.,"A",.,"A",.,"A",.,"A",.,"A",.,"A",.,"A",.,"A",237,"D",.,"A",.,"A"
"20102",2034365,50,0,"1",.,"A",.,"A",.,"A",.,"A",.,"A",21,"D",.,"A",.,"A",.,"A",.,"A",.,"A",.,"A",100,"D",.,"A",.,"A"
"20102",2034375,66,0,"1",.,"A",.,"A",.,"A",.,"A",.,"A",100,"D",.,"A",.,"A",150,"D",.,"A",.,"A",.,"A",80,"D",.,"A",.,"A"
"20102",2034385,44,0,"1",.,"A",.,"A",.,"A",.,"A",.,"A",75,"D",312,"D",.,"A",24,"D",.,"A",.,"A",.,"A",45,"D",.,"A",.,"A"
"20102",2034395,67,0,"1",.,"A",.,"A",.,"A",.,"A",.,"A",110,"D",.,"A",.,"A",.,"A",.,"A",.,"A",.,"A",120,"D",.,"A",.,"A"
"20102",2034405,75,0,"1",.,"A",.,"A",.,"A",.,"A",.,"A",90,"D",130,"D",.,"A",.,"A",.,"A",.,"A",.,"A",50,"D",.,"A",.,"A"
"20102",2034435,65,0,"1",.,"A",.,"A",.,"A",.,"A",.,"A",.,"A",.,"A",.,"A",.,"A",.,"A",.,"A",.,"A",130,"D",.,"A",.,"A"
"20102",2034445,46,0,"1",40,"D",.,"A",.,"A",.,"A",160,"D",.,"A",.,"A",.,"A",.,"A",.,"A",.,"A",.,"A",.,"A",.,"A",.,"A"
"20102",2034465,48,0,"1",.,"A",.,"A",.,"A",.,"A",.,"A",.,"A",.,"A",.,"A",.,"A",.,"A",.,"A",.,"A",22,"D",.,"A",.,"A"
"20102",2034475,83,0,"1",.,"A",.,"A",.,"A",.,"A",.,"A",.,"A",.,"A",.,"A",15,"D",.,"A",.,"A",.,"A",20,"D",.,"A",.,"A"
"20102",2034485,42,0,"1",.,"A",.,"A",.,"A",.,"A",.,"A",.,"A",325,"D",.,"A",.,"A",.,"A",.,"A",.,"A",150,"D",.,"A",.,"A"
"20102",2034505,49,0,"1",.,"A",.,"A",.,"A",.,"A",.,"A",.,"A",.,"A",.,"A",.,"A",.,"A",.,"A",.,"A",.,"A",.,"A",.,"A"
"20102",2034515,51,0,"1",.,"A",.,"A",.,"A",.,"A",.,"A",.,"A",.,"A",.,"A",.,"A",.,"A",.,"A",.,"A",.,"A",.,"A",.,"A"
"20102",2034545,52,0,"1",.,"A",.,"A",.,"A",.,"A",.,"A",.,"A",.,"A",.,"A",.,"A",.,"A",.,"A",.,"A",40,"D",.,"A",.,"A"
"20102",2034565,73,0,"1",.,"A",.,"A",.,"A",.,"A",.,"A",.,"A",.,"A",.,"A",.,"A",.,"A",.,"A",.,"A",30,"D",.,"A",.,"A"
"20102",2034585,36,0,"1",.,"A",.,"A",.,"A",.,"A",.,"A",.,"A",.,"A",.,"A",.,"A",.,"A",.,"A",.,"A",.,"A",.,"A",.,"A"
"20102",2034595,37,0,"1",.,"A",.,"A",.,"A",.,"A",.,"A",.,"A",.,"A",.,"A",.,"A",.,"A",.,"A",.,"A",25,"D",.,"A",.,"A"
"20102",2034635,41,0,"1",.,"A",.,"A",.,"A",.,"A",.,"A",.,"A",325,"D",.,"A",.,"A",.,"A",.,"A",.,"A",.,"A",.,"A",.,"A"
"20102",2034655,54,0,"1",.,"A",.,"A",.,"A",.,"A",.,"A",.,"A",.,"A",.,"A",.,"A",.,"A",.,"A",.,"A",150,"D",.,"A",.,"A"
"20102",2034675,57,0,"1",.,"A",.,"A",.,"A",.,"A",.,"A",.,"A",1040,"D",.,"A",.,"A",.,"A",.,"A",.,"A",60,"D",.,"A",.,"A"
"20102",2034705,46,0,"1",.,"A",.,"A",.,"A",.,"A",.,"A",80,"D",325,"D",.,"A",.,"A",.,"A",.,"A",.,"A",250,"D",.,"A",.,"A"
"20102",2034715,48,0,"1",.,"A",.,"A",.,"A",.,"A",.,"A",.,"A",.,"A",.,"A",.,"A",.,"A",.,"A",.,"A",.,"A",.,"A",.,"A"
"20102",2034725,34,0,"1",.,"A",.,"A",.,"A",.,"A",.,"A",.,"A",.,"A",.,"A",.,"A",.,"A",.,"A",.,"A",.,"A",.,"A",.,"A"
"20102",2034735,57,0,"1",.,"A",.,"A",.,"A",.,"A",.,"A",.,"A",.,"A",.,"A",.,"A",.,"A",.,"A",.,"A",50,"D",.,"A",.,"A"
"20102",2034745,53,0,"1",25,"D",.,"A",.,"A",.,"A",75,"D",80,"D",.,"A",.,"A",.,"A",810,"D",0,"D",0,"D",150,"D",270,"D",.,"A"
"20102",2034755,71,0,"1",.,"A",.,"A",.,"A",.,"A",.,"A",50,"D",.,"A",.,"A",.,"A",.,"A",.,"A",.,"A",20,"D",.,"A",.,"A"
"20102",2034765,65,0,"1",.,"A",.,"A",.,"A",.,"A",.,"A",50,"D",.,"A",.,"A",.,"A",.,"A",.,"A",.,"A",150,"D",.,"A",.,"A"
"20102",2034795,33,0,"1",.,"A",.,"A",.,"A",.,"A",.,"A",.,"A",.,"A",.,"A",.,"A",.,"A",.,"A",.,"A",360,"D",.,"A",.,"A"
"20102",2034805,73,0,"1",.,"A",.,"A",.,"A",.,"A",.,"A",.,"A",.,"A",.,"A",24,"D",.,"A",.,"A",.,"A",35,"D",.,"A",.,"A"
"20102",2034815,57,0,"1",.,"A",.,"A",.,"A",.,"A",.,"A",.,"A",.,"A",.,"A",.,"A",.,"A",.,"A",.,"A",34,"D",.,"A",.,"A"
"20102",2034845,24,0,"1",.,"A",.,"A",.,"A",.,"A",.,"A",.,"A",.,"A",.,"A",.,"A",0,"D",0,"D",63,"D",.,"A",0,"D",.,"A"
"20102",2034855,49,0,"1",.,"A",.,"A",.,"A",.,"A",.,"A",.,"A",.,"A",.,"A",.,"A",.,"A",.,"A",.,"A",.,"A",.,"A",.,"A"
"20102",2034865,72,0,"1",.,"A",.,"A",.,"A",.,"A",.,"A",.,"A",325,"D",.,"A",.,"A",.,"A",.,"A",.,"A",.,"A",.,"A",.,"A"
"20102",2034875,57,0,"1",.,"A",.,"A",.,"A",.,"A",.,"A",.,"A",.,"A",.,"A",.,"A",.,"A",.,"A",.,"A",200,"D",.,"A",.,"A"
"20102",2034895,45,0,"1",.,"A",.,"A",.,"A",.,"A",.,"A",.,"A",.,"A",.,"A",.,"A",.,"A",.,"A",.,"A",21,"D",.,"A",.,"A"
"20102",2034905,42,0,"1",.,"A",.,"A",.,"A",.,"A",.,"A",.,"A",.,"A",325,"D",.,"A",.,"A",.,"A",.,"A",30,"D",.,"A",.,"A"
"20102",2034925,51,0,"1",.,"A",.,"A",.,"A",.,"A",.,"A",.,"A",.,"A",.,"A",30,"D",.,"A",.,"A",.,"A",.,"A",.,"A",.,"A"
"20102",2034935,34,0,"1",.,"A",.,"A",.,"A",.,"A",.,"A",.,"A",260,"D",.,"A",.,"A",.,"A",.,"A",.,"A",.,"A",.,"A",.,"A"
"20102",2034945,42,0,"1",.,"A",.,"A",.,"A",.,"A",.,"A",.,"A",.,"A",559,"D",.,"A",.,"A",.,"A",.,"A",7,"D",.,"A",.,"A"
"20102",2034975,85,0,"1",.,"A",.,"A",45,"D",.,"A",.,"A",.,"A",.,"A",.,"A",150,"D",.,"A",.,"A",.,"A",135,"D",.,"A",.,"A"
"20102",2035025,36,0,"1",3,"D",.,"A",.,"A",.,"A",7,"D",.,"A",.,"A",.,"A",.,"A",.,"A",.,"A",.,"A",25,"D",.,"A",.,"A"
"20102",2035055,34,0,"1",.,"A",.,"A",.,"A",.,"A",.,"A",.,"A",.,"A",.,"A",.,"A",.,"A",.,"A",.,"A",.,"A",.,"A",.,"A"
"20102",2035075,44,0,"1",.,"A",.,"A",.,"A",.,"A",.,"A",.,"A",.,"A",.,"A",.,"A",.,"A",.,"A",.,"A",.,"A",.,"A",.,"A"
"20102",2035085,45,0,"1",.,"A",.,"A",.,"A",.,"A",.,"A",90,"D",.,"A",.,"A",.,"A",510,"D",0,"D",0,"D",130,"D",170,"D",.,"A"
"20102",2035115,52,0,"1",.,"A",.,"A",.,"A",.,"A",.,"A",100,"D",.,"A",.,"A",.,"A",.,"A",.,"A",.,"A",50,"D",.,"A",.,"A"
"20102",2035125,22,0,"1",.,"A",.,"A",.,"A",.,"A",.,"A",.,"A",.,"A",.,"A",.,"A",.,"A",.,"A",.,"A",.,"A",.,"A",.,"A"
"20102",2035135,37,0,"1",.,"A",.,"A",.,"A",.,"A",.,"A",.,"A",.,"A",.,"A",.,"A",.,"A",.,"A",.,"A",130,"D",.,"A",.,"A"
"20102",2035145,35,0,"1",.,"A",.,"A",.,"A",.,"A",.,"A",.,"A",845,"D",.,"A",.,"A",.,"A",.,"A",.,"A",.,"A",.,"A",.,"A"
"20102",2035165,33,0,"1",.,"A",.,"A",.,"A",.,"A",.,"A",.,"A",.,"A",.,"A",.,"A",.,"A",.,"A",.,"A",.,"A",.,"A",.,"A"
"20102",2035205,89,0,"1",.,"A",.,"A",.,"A",.,"A",.,"A",.,"A",65,"D",13,"D",.,"A",.,"A",.,"A",.,"A",220,"D",.,"A",.,"A"
"20102",2035225,54,0,"1",.,"A",.,"A",.,"A",.,"A",20,"D",.,"A",.,"A",.,"A",.,"A",.,"A",.,"A",.,"A",.,"A",.,"A",.,"A"
"20102",2035245,35,0,"1",.,"A",.,"A",.,"A",.,"A",.,"A",.,"A",.,"A",.,"A",.,"A",.,"A",.,"A",.,"A",90,"D",.,"A",.,"A"
"20102",2035255,83,0,"1",.,"A",.,"A",.,"A",.,"A",.,"A",.,"A",.,"A",.,"A",.,"A",.,"A",.,"A",.,"A",150,"D",.,"A",.,"A"
"20102",2035275,32,0,"1",20,"D",.,"A",.,"A",4,"D",40,"D",.,"A",715,"D",.,"A",.,"A",.,"A",.,"A",.,"A",22,"D",.,"A",.,"A"
"20102",2035285,60,0,"1",.,"A",.,"A",.,"A",.,"A",.,"A",.,"A",.,"A",.,"A",.,"A",.,"A",.,"A",.,"A",35,"D",.,"A",.,"A"
"20102",2035295,49,0,"1",.,"A",.,"A",.,"A",.,"A",.,"A",.,"A",.,"A",.,"A",.,"A",.,"A",.,"A",.,"A",130,"D",.,"A",.,"A"
"20102",2035315,29,0,"1",.,"A",.,"A",.,"A",.,"A",156,"D",.,"A",.,"A",.,"A",.,"A",0,"D",15,"D",15,"D",180,"D",0,"D",.,"A"
"20102",2035325,30,0,"1",.,"A",.,"A",.,"A",.,"A",.,"A",.,"A",.,"A",.,"A",.,"A",.,"A",.,"A",.,"A",.,"A",.,"A",.,"A"
"20102",2035345,69,0,"1",.,"A",.,"A",.,"A",.,"A",.,"A",.,"A",.,"A",.,"A",.,"A",0,"D",0,"D",12,"D",127,"D",0,"D",.,"A"
"20102",2035355,90,0,"1",.,"A",.,"A",.,"A",.,"A",.,"A",.,"A",.,"A",.,"A",.,"A",.,"A",.,"A",.,"A",30,"D",.,"A",.,"A"
"20102",2035385,39,0,"1",.,"A",.,"A",.,"A",.,"A",.,"A",.,"A",.,"A",.,"A",.,"A",.,"A",.,"A",.,"A",180,"D",.,"A",.,"A"
"20102",2035395,54,0,"1",.,"A",.,"A",.,"A",.,"A",.,"A",.,"A",364,"D",.,"A",.,"A",.,"A",.,"A",.,"A",42,"D",.,"A",.,"A"
"20102",2035405,48,0,"1",.,"A",.,"A",.,"A",30,"D",.,"A",.,"A",520,"D",.,"A",60,"D",291,"D",0,"D",0,"D",250,"D",97,"D",.,"A"
"20102",2035415,61,0,"1",.,"A",.,"A",.,"A",.,"A",.,"A",.,"A",650,"D",.,"A",.,"A",.,"A",.,"A",.,"A",60,"D",.,"A",.,"A"
"20102",2035425,96,0,"1",.,"A",.,"A",.,"A",.,"A",.,"A",.,"A",650,"D",.,"A",.,"A",.,"A",.,"A",.,"A",.,"A",.,"A",.,"A"
"20102",2035435,56,0,"1",.,"A",.,"A",.,"A",.,"A",.,"A",.,"A",.,"A",.,"A",.,"A",30,"D",0,"D",0,"D",.,"A",10,"D",.,"A"
"20102",2035445,76,0,"1",.,"A",.,"A",.,"A",.,"A",.,"A",.,"A",.,"A",.,"A",.,"A",.,"A",.,"A",.,"A",60,"D",.,"A",.,"A"
"20102",2035455,40,0,"1",.,"A",.,"A",.,"A",.,"A",.,"A",.,"A",.,"A",.,"A",.,"A",180,"D",0,"D",0,"D",350,"D",60,"D",.,"A"
"20102",2035465,23,0,"1",.,"A",.,"A",.,"A",.,"A",.,"A",.,"A",.,"A",.,"A",.,"A",.,"A",.,"A",.,"A",100,"D",.,"A",.,"A"
"20102",2035485,79,0,"1",.,"A",.,"A",.,"A",.,"A",.,"A",.,"A",.,"A",.,"A",.,"A",.,"A",.,"A",.,"A",50,"D",.,"A",.,"A"
"20102",2035495,68,0,"1",.,"A",.,"A",.,"A",.,"A",.,"A",.,"A",.,"A",.,"A",.,"A",.,"A",.,"A",.,"A",.,"A",.,"A",.,"A"
"20102",2035505,39,0,"1",.,"A",.,"A",.,"A",.,"A",.,"A",.,"A",.,"A",.,"A",.,"A",.,"A",.,"A",.,"A",35,"D",.,"A",.,"A"
"20102",2035545,53,0,"1",.,"A",.,"A",.,"A",.,"A",.,"A",.,"A",.,"A",.,"A",.,"A",.,"A",.,"A",.,"A",45,"D",.,"A",.,"A"
"20102",2035555,47,0,"1",.,"A",.,"A",.,"A",.,"A",.,"A",.,"A",.,"A",.,"A",.,"A",.,"A",.,"A",.,"A",.,"A",.,"A",.,"A"
"20102",2035565,63,0,"1",.,"A",.,"A",.,"A",.,"A",.,"A",14,"D",.,"A",.,"A",.,"A",240,"D",0,"D",0,"D",135,"D",80,"D",.,"A"
"20102",2035575,85,0,"1",.,"A",.,"A",.,"A",.,"A",.,"A",.,"A",.,"A",.,"A",12,"D",.,"A",.,"A",.,"A",200,"D",.,"A",.,"A"
"20102",2035585,42,0,"1",.,"A",.,"A",.,"A",.,"A",.,"A",.,"A",.,"A",.,"A",.,"A",.,"A",.,"A",.,"A",45,"D",.,"A",.,"A"
"20102",2035595,65,0,"1",.,"A",.,"A",.,"A",.,"A",.,"A",.,"A",.,"A",.,"A",.,"A",.,"A",.,"A",.,"A",252,"D",.,"A",.,"A"
"20102",2035605,60,0,"1",.,"A",.,"A",.,"A",.,"A",.,"A",.,"A",.,"A",.,"A",.,"A",.,"A",.,"A",.,"A",15,"D",.,"A",.,"A"
"20102",2035615,72,0,"1",.,"A",.,"A",38,"D",.,"A",.,"A",.,"A",.,"A",.,"A",.,"A",.,"A",.,"A",.,"A",225,"D",.,"A",.,"A"
"20102",2035645,30,0,"1",.,"A",.,"A",.,"A",.,"A",.,"A",.,"A",130,"D",.,"A",.,"A",.,"A",.,"A",.,"A",30,"D",.,"A",.,"A"
"20102",2035655,46,0,"1",.,"A",.,"A",.,"A",.,"A",.,"A",.,"A",.,"A",.,"A",.,"A",.,"A",.,"A",.,"A",.,"A",.,"A",.,"A"
"20102",2035675,50,0,"1",.,"A",.,"A",.,"A",.,"A",.,"A",.,"A",520,"D",195,"D",.,"A",.,"A",.,"A",.,"A",25,"D",.,"A",.,"A"
"20102",2035685,49,0,"1",.,"A",.,"A",.,"A",.,"A",.,"A",40,"D",.,"A",.,"A",.,"A",.,"A",.,"A",.,"A",130,"D",.,"A",.,"A"
"20102",2035695,56,0,"1",.,"A",.,"A",2,"D",.,"A",.,"A",.,"A",.,"A",.,"A",.,"A",.,"A",.,"A",.,"A",.,"A",.,"A",.,"A"
"20102",2035745,46,0,"1",.,"A",.,"A",.,"A",.,"A",.,"A",.,"A",.,"A",.,"A",.,"A",.,"A",.,"A",.,"A",135,"D",.,"A",.,"A"
"20102",2035755,35,0,"1",50,"D",.,"A",.,"A",30,"D",80,"D",.,"A",.,"A",.,"A",.,"A",.,"A",.,"A",.,"A",45,"D",.,"A",.,"A"
"20102",2035765,46,0,"1",.,"A",.,"A",.,"A",.,"A",.,"A",.,"A",.,"A",.,"A",.,"A",.,"A",.,"A",.,"A",.,"A",.,"A",.,"A"
"20102",2035795,46,0,"1",.,"A",.,"A",.,"A",90,"F",.,"A",.,"A",.,"A",.,"A",.,"A",.,"A",.,"A",.,"A",325,"D",.,"A",.,"A"
"20102",2035815,48,0,"1",.,"A",.,"A",.,"A",.,"A",.,"A",480,"D",.,"A",.,"A",.,"A",.,"A",.,"A",.,"A",60,"D",.,"A",.,"A"
"20102",2035835,67,0,"1",.,"A",.,"A",.,"A",.,"A",.,"A",.,"A",.,"A",.,"A",30,"D",.,"A",.,"A",.,"A",60,"D",.,"A",.,"A"
"20102",2035845,40,0,"1",.,"A",.,"A",.,"A",.,"A",.,"A",.,"A",.,"A",.,"A",.,"A",.,"A",.,"A",.,"A",60,"D",.,"A",.,"A"
"20102",2035855,54,0,"1",10,"D",.,"A",.,"A",.,"A",40,"D",.,"A",.,"A",.,"A",.,"A",.,"A",.,"A",.,"A",250,"D",.,"A",.,"A"
"20102",2035895,63,0,"1",.,"A",.,"A",.,"A",.,"A",.,"A",28,"D",.,"A",.,"A",.,"A",.,"A",.,"A",.,"A",40,"D",.,"A",.,"A"
"20102",2035905,109,0,"1",.,"A",.,"A",.,"A",.,"A",.,"A",.,"A",.,"A",117,"D",.,"A",.,"A",.,"A",.,"A",115,"D",.,"A",.,"A"
"20102",2035915,48,0,"1",.,"A",.,"A",.,"A",.,"A",.,"A",.,"A",.,"A",.,"A",.,"A",.,"A",.,"A",.,"A",.,"A",.,"A",.,"A"
"20102",2035935,46,0,"1",.,"A",.,"A",.,"A",.,"A",.,"A",.,"A",.,"A",.,"A",.,"A",.,"A",.,"A",.,"A",20,"D",.,"A",.,"A"
"20102",2035945,91,0,"1",.,"A",.,"A",.,"A",.,"A",.,"A",20,"D",.,"A",.,"A",.,"A",.,"A",.,"A",.,"A",190,"D",.,"A",.,"A"
"20102",2035975,24,0,"1",.,"A",.,"A",.,"A",.,"A",.,"A",.,"A",.,"A",.,"A",.,"A",.,"A",.,"A",.,"A",.,"A",.,"A",.,"A"
"20102",2035985,51,0,"1",.,"A",.,"A",.,"A",.,"A",.,"A",.,"A",.,"A",.,"A",.,"A",.,"A",.,"A",.,"A",30,"D",.,"A",.,"A"
"20102",2035995,40,0,"1",.,"A",.,"A",.,"A",.,"A",.,"A",.,"A",.,"A",.,"A",.,"A",.,"A",.,"A",.,"A",50,"D",.,"A",.,"A"
"20102",2036005,50,0,"1",.,"A",.,"A",.,"A",.,"A",.,"A",.,"A",1300,"D",.,"A",24,"D",.,"A",.,"A",.,"A",180,"D",.,"A",.,"A"
"20102",2036035,63,0,"1",.,"A",.,"A",.,"A",.,"A",.,"A",50,"D",.,"A",.,"A",.,"A",.,"A",.,"A",.,"A",60,"D",.,"A",.,"A"
"20102",2036045,68,0,"1",.,"A",.,"A",.,"A",.,"A",.,"A",.,"A",.,"A",.,"A",.,"A",.,"A",.,"A",.,"A",.,"A",.,"A",.,"A"
"20102",2036065,47,0,"1",.,"A",.,"A",75,"D",.,"A",.,"A",360,"D",.,"A",.,"A",.,"A",.,"A",.,"A",.,"A",350,"D",.,"A",.,"A"
"20102",2036085,35,0,"1",.,"A",.,"A",.,"A",.,"A",.,"A",.,"A",.,"A",.,"A",.,"A",.,"A",.,"A",.,"A",200,"D",.,"A",.,"A"
"20102",2036095,60,0,"1",.,"A",.,"A",.,"A",.,"A",.,"A",30,"D",.,"A",.,"A",.,"A",.,"A",.,"A",.,"A",100,"D",.,"A",.,"A"
"20102",2036115,72,0,"1",.,"A",.,"A",.,"A",.,"A",.,"A",.,"A",.,"A",.,"A",.,"A",.,"A",.,"A",.,"A",53,"D",.,"A",.,"A"
"20102",2036155,53,0,"1",.,"A",.,"A",.,"A",.,"A",.,"A",60,"D",.,"A",.,"A",.,"A",.,"A",.,"A",.,"A",90,"D",.,"A",.,"A"
"20102",2036175,29,0,"1",.,"A",.,"A",.,"A",.,"A",.,"A",.,"A",.,"A",.,"A",.,"A",.,"A",.,"A",.,"A",.,"A",.,"A",.,"A"
"20102",2036185,75,0,"1",.,"A",.,"A",.,"A",.,"A",.,"A",.,"A",.,"A",.,"A",30,"D",.,"A",.,"A",.,"A",15,"D",.,"A",.,"A"
"20102",2036215,87,0,"1",.,"A",.,"A",.,"A",.,"A",.,"A",.,"A",.,"A",.,"A",.,"A",.,"A",.,"A",.,"A",28,"D",.,"A",.,"A"
"20102",2036235,49,0,"1",.,"A",.,"A",.,"A",.,"A",.,"A",15,"D",130,"D",.,"A",.,"A",.,"A",.,"A",.,"A",150,"D",.,"A",.,"A"
"20102",2036255,43,0,"1",.,"A",.,"A",.,"A",.,"A",.,"A",.,"A",.,"A",.,"A",.,"A",.,"A",.,"A",.,"A",30,"D",.,"A",.,"A"
"20102",2036265,47,0,"1",.,"A",.,"A",.,"A",.,"A",.,"A",30,"D",.,"A",.,"A",.,"A",96,"D",0,"D",0,"D",120,"D",32,"D",.,"A"
"20102",2036275,55,0,"1",.,"A",.,"A",.,"A",.,"A",.,"A",.,"A",195,"D",.,"A",.,"A",.,"A",.,"A",.,"A",90,"D",.,"A",.,"A"
"20102",2036285,26,0,"1",.,"A",.,"A",.,"A",.,"A",.,"A",.,"A",.,"A",.,"A",.,"A",.,"A",.,"A",.,"A",.,"A",.,"A",.,"A"
"20102",2036305,64,0,"1",.,"A",.,"A",.,"A",.,"A",.,"A",.,"A",.,"A",.,"A",81,"D",.,"A",.,"A",.,"A",175,"D",.,"A",.,"A"
"20102",2036325,49,0,"1",.,"A",.,"A",.,"A",.,"A",.,"A",.,"A",.,"A",.,"A",.,"A",.,"A",.,"A",.,"A",92,"D",.,"A",.,"A"
"20102",2036355,71,0,"1",.,"A",.,"A",.,"A",.,"A",.,"A",.,"A",.,"A",.,"A",.,"A",.,"A",.,"A",.,"A",150,"D",.,"A",.,"A"
"20102",2036375,31,0,"1",.,"A",.,"A",.,"A",.,"A",.,"A",.,"A",.,"A",.,"A",.,"A",.,"A",.,"A",.,"A",60,"F",.,"A",.,"A"
"20102",2036385,88,0,"1",.,"A",.,"A",.,"A",.,"A",.,"A",.,"A",.,"A",.,"A",.,"A",.,"A",.,"A",.,"A",.,"A",.,"A",.,"A"
"20102",2036415,54,0,"1",.,"A",.,"A",.,"A",.,"A",.,"A",75,"D",.,"A",.,"A",.,"A",.,"A",.,"A",.,"A",100,"D",.,"A",.,"A"
"20102",2036425,50,0,"1",.,"A",.,"A",.,"A",.,"A",.,"A",.,"A",.,"A",.,"A",30,"D",.,"A",.,"A",.,"A",290,"D",.,"A",.,"A"
"20102",2036445,101,0,"1",.,"A",.,"A",.,"A",.,"A",.,"A",.,"A",.,"A",.,"A",.,"A",21,"D",0,"D",21,"D",280,"D",7,"D",.,"A"
"20102",2036465,99,0,"1",.,"A",.,"A",.,"A",.,"A",.,"A",.,"A",.,"A",.,"A",75,"D",.,"A",.,"A",.,"A",350,"D",.,"A",.,"A"
"20102",2036495,47,0,"1",.,"A",.,"A",.,"A",.,"A",.,"A",90,"D",.,"A",.,"A",.,"A",.,"A",.,"A",.,"A",250,"D",.,"A",.,"A"
"20102",2036505,52,0,"1",.,"A",.,"A",.,"A",.,"A",.,"A",.,"A",.,"A",.,"A",.,"A",.,"A",.,"A",.,"A",120,"D",.,"A",.,"A"
"20102",2036515,46,0,"1",.,"A",.,"A",.,"A",.,"A",.,"A",.,"A",.,"A",.,"A",.,"A",.,"A",.,"A",.,"A",.,"A",.,"A",.,"A"
"20102",2036535,37,0,"1",.,"A",.,"A",.,"A",.,"A",.,"A",.,"A",.,"A",.,"A",.,"A",.,"A",.,"A",.,"A",15,"D",.,"A",.,"A"
"20102",2036555,40,0,"1",.,"A",.,"A",.,"A",.,"A",.,"A",.,"A",364,"D",.,"A",.,"A",.,"A",.,"A",.,"A",7,"D",.,"A",.,"A"
"20102",2036565,46,0,"1",.,"A",.,"A",.,"A",.,"A",.,"A",.,"A",.,"A",.,"A",.,"A",.,"A",.,"A",.,"A",20,"D",.,"A",.,"A"
"20102",2036595,59,0,"1",.,"A",.,"A",.,"A",.,"A",.,"A",.,"A",.,"A",.,"A",.,"A",.,"A",.,"A",.,"A",.,"A",.,"A",.,"A"
"20102",2036615,51,0,"1",.,"A",.,"A",.,"A",.,"A",.,"A",.,"A",.,"A",.,"A",.,"A",.,"A",.,"A",.,"A",.,"A",.,"A",.,"A"
"20102",2036625,35,0,"1",.,"A",.,"A",.,"A",.,"A",.,"A",.,"A",364,"D",.,"A",15,"D",.,"A",.,"A",.,"A",60,"D",.,"A",.,"A"
"20102",2036645,41,0,"1",.,"A",.,"A",.,"A",.,"A",.,"A",.,"A",728,"D",.,"A",.,"A",.,"A",.,"A",.,"A",110,"D",.,"A",.,"A"
"20102",2036665,48,0,"1",.,"A",.,"A",.,"A",.,"A",.,"A",.,"A",.,"A",.,"A",.,"A",.,"A",.,"A",.,"A",80,"D",.,"A",.,"A"
"20102",2036685,48,0,"1",.,"A",.,"A",.,"A",.,"A",.,"A",17,"D",364,"D",.,"A",.,"A",.,"A",.,"A",.,"A",.,"A",.,"A",.,"A"
"20102",2036695,41,0,"1",.,"A",.,"A",.,"A",.,"A",.,"A",.,"A",.,"A",.,"A",.,"A",.,"A",.,"A",.,"A",100,"D",.,"A",.,"A"
"20102",2036705,55,0,"1",.,"A",.,"A",.,"A",.,"A",.,"A",.,"A",.,"A",260,"D",.,"A",.,"A",.,"A",.,"A",40,"D",.,"A",.,"A"
"20102",2036715,62,0,"1",.,"A",.,"A",.,"A",.,"A",.,"A",.,"A",.,"A",.,"A",.,"A",.,"A",.,"A",.,"A",173,"D",.,"A",.,"A"
"20102",2036725,49,0,"1",.,"A",.,"A",.,"A",.,"A",.,"A",.,"A",.,"A",.,"A",.,"A",.,"A",.,"A",.,"A",.,"A",.,"A",.,"A"
"20102",2036735,83,0,"1",.,"A",.,"A",.,"A",.,"A",.,"A",120,"D",.,"A",.,"A",.,"A",.,"A",.,"A",.,"A",240,"D",.,"A",.,"A"
"20102",2036745,69,0,"1",.,"A",.,"A",.,"A",.,"A",.,"A",10,"D",.,"A",.,"A",.,"A",45,"D",6,"D",6,"D",120,"D",15,"D",.,"A"
"20102",2036775,53,0,"1",.,"A",.,"A",.,"A",.,"A",.,"A",.,"A",.,"A",.,"A",.,"A",.,"A",.,"A",.,"A",40,"D",.,"A",.,"A"
"20102",2036795,92,0,"1",.,"A",.,"A",.,"A",.,"A",.,"A",750,"D",.,"A",.,"A",.,"A",.,"A",.,"A",.,"A",375,"D",.,"A",.,"A"
"20102",2036815,105,0,"1",.,"A",.,"A",.,"A",.,"A",.,"A",216,"D",.,"A",.,"A",.,"A",.,"A",.,"A",.,"A",250,"D",.,"A",.,"A"
"20102",2036835,35,0,"1",.,"A",.,"A",.,"A",.,"A",25,"D",.,"A",195,"D",156,"D",.,"A",.,"A",.,"A",.,"A",.,"A",.,"A",.,"A"
"20102",2036845,51,0,"1",.,"A",.,"A",.,"A",.,"A",.,"A",.,"A",.,"A",.,"A",.,"A",.,"A",.,"A",.,"A",100,"D",.,"A",.,"A"
"20102",2036855,43,0,"1",.,"A",.,"A",.,"A",.,"A",.,"A",.,"A",.,"A",.,"A",.,"A",.,"A",.,"A",.,"A",45,"D",.,"A",.,"A"
"20102",2036875,44,0,"1",.,"A",.,"A",.,"A",.,"A",.,"A",.,"A",.,"A",.,"A",.,"A",.,"A",.,"A",.,"A",.,"A",.,"A",.,"A"
"20102",2036885,36,0,"1",.,"A",.,"A",.,"A",.,"A",.,"A",.,"A",.,"A",.,"A",.,"A",.,"A",.,"A",.,"A",.,"A",.,"A",.,"A"
"20102",2036945,54,0,"1",.,"A",.,"A",.,"A",.,"A",.,"A",.,"A",.,"A",.,"A",.,"A",.,"A",.,"A",.,"A",75,"D",.,"A",.,"A"
"20102",2037025,50,0,"1",.,"A",.,"A",.,"A",.,"A",.,"A",.,"A",.,"A",.,"A",.,"A",.,"A",.,"A",.,"A",20,"D",.,"A",.,"A"
"20102",2037035,75,0,"1",.,"A",.,"A",.,"A",.,"A",.,"A",450,"D",.,"A",.,"A",.,"A",.,"A",.,"A",.,"A",250,"D",.,"A",.,"A"
"20102",2037075,34,0,"1",.,"A",.,"A",.,"A",.,"A",.,"A",.,"A",325,"D",.,"A",.,"A",.,"A",.,"A",.,"A",.,"A",.,"A",.,"A"
"20102",2037095,46,0,"1",.,"A",.,"A",.,"A",.,"A",.,"A",.,"A",.,"A",.,"A",12,"D",0,"D",0,"D",72,"D",120,"D",0,"D",.,"A"
"20102",2037105,74,0,"1",.,"A",.,"A",.,"A",.,"A",.,"A",.,"A",.,"A",.,"A",.,"A",.,"A",.,"A",.,"A",200,"D",.,"A",.,"A"
"20102",2037115,33,0,"1",.,"A",.,"A",.,"A",.,"A",.,"A",.,"A",.,"A",.,"A",.,"A",.,"A",.,"A",.,"A",60,"F",.,"A",.,"A"
"20102",2037125,29,0,"1",.,"A",.,"A",.,"A",.,"A",300,"D",.,"A",910,"D",.,"A",.,"A",105,"D",0,"D",0,"D",.,"A",35,"D",.,"A"
"20102",2037165,64,0,"1",.,"A",.,"A",.,"A",.,"A",.,"A",.,"A",.,"A",.,"A",.,"A",.,"A",.,"A",.,"A",125,"F",.,"A",.,"A"
"20102",2037175,53,0,"1",.,"A",.,"A",.,"A",.,"A",.,"A",200,"D",.,"A",.,"A",.,"A",600,"D",0,"D",0,"D",200,"D",200,"D",.,"A"
"20102",2037185,43,0,"1",.,"A",.,"A",.,"A",.,"A",.,"A",.,"A",780,"D",.,"A",.,"A",.,"A",.,"A",.,"A",17,"D",.,"A",.,"A"
"20102",2037195,25,0,"1",.,"A",.,"A",.,"A",.,"A",30,"D",.,"A",.,"A",.,"A",.,"A",0,"D",0,"D",15,"D",.,"A",0,"D",.,"A"
"20102",2037225,30,0,"1",.,"A",.,"A",.,"A",.,"A",.,"A",.,"A",.,"A",.,"A",.,"A",.,"A",.,"A",.,"A",.,"A",.,"A",.,"A"
"20102",2037245,41,0,"1",30,"D",.,"A",.,"A",.,"A",45,"D",.,"A",.,"A",.,"A",.,"A",.,"A",.,"A",.,"A",17,"D",.,"A",.,"A"
"20102",2037255,71,0,"1",.,"A",.,"A",.,"A",.,"A",.,"A",.,"A",.,"A",.,"A",.,"A",.,"A",.,"A",.,"A",80,"D",.,"A",.,"A"
"20102",2037285,23,0,"1",.,"A",.,"A",.,"A",.,"A",3,"D",.,"A",.,"A",.,"A",.,"A",.,"A",.,"A",.,"A",5,"D",.,"A",.,"A"
"20102",2037295,34,0,"1",20,"D",.,"A",.,"A",.,"A",70,"D",.,"A",.,"A",.,"A",.,"A",.,"A",.,"A",.,"A",51,"D",.,"A",.,"A"
"20102",2037305,27,0,"1",.,"A",.,"A",.,"A",.,"A",.,"A",.,"A",.,"A",.,"A",.,"A",.,"A",.,"A",.,"A",.,"A",.,"A",.,"A"
"20102",2037325,64,0,"1",.,"A",.,"A",100,"D",.,"A",.,"A",10,"D",455,"D",.,"A",.,"A",.,"A",.,"A",.,"A",.,"A",.,"A",.,"A"
"20102",2037345,40,0,"1",.,"A",.,"A",.,"A",.,"A",.,"A",.,"A",.,"A",.,"A",.,"A",.,"A",.,"A",.,"A",100,"D",.,"A",.,"A"
"20102",2037355,36,0,"1",.,"A",.,"A",.,"A",.,"A",.,"A",.,"A",390,"D",.,"A",.,"A",30,"D",0,"D",0,"D",90,"D",10,"D",.,"A"
"20102",2037375,61,0,"1",.,"A",.,"A",.,"A",.,"A",.,"A",.,"A",.,"A",.,"A",.,"A",.,"A",.,"A",.,"A",.,"A",.,"A",.,"A"
"20102",2037385,66,0,"1",.,"A",.,"A",.,"A",.,"A",.,"A",25,"D",.,"A",.,"A",.,"A",.,"A",.,"A",.,"A",150,"D",.,"A",.,"A"
"20102",2037415,77,0,"1",.,"A",.,"A",.,"A",.,"A",.,"A",.,"A",481,"D",.,"A",.,"A",.,"A",.,"A",.,"A",129,"D",.,"A",.,"A"
"20102",2037425,40,0,"1",.,"A",.,"A",75,"D",.,"A",.,"A",.,"A",.,"A",.,"A",.,"A",.,"A",.,"A",.,"A",80,"D",.,"A",.,"A"
"20102",2037455,41,0,"1",.,"A",.,"A",.,"A",.,"A",15,"D",.,"A",.,"A",.,"A",.,"A",.,"A",.,"A",.,"A",.,"A",.,"A",.,"A"
"20102",2037465,54,0,"1",.,"A",.,"A",.,"A",.,"A",.,"A",.,"A",.,"A",.,"A",.,"A",.,"A",.,"A",.,"A",.,"A",.,"A",.,"A"
"20102",2037475,26,0,"1",.,"A",.,"A",.,"A",12,"D",.,"A",.,"A",.,"A",.,"A",.,"A",.,"A",.,"A",.,"A",.,"A",.,"A",.,"A"
"20102",2037495,24,0,"1",.,"A",.,"A",.,"A",.,"A",.,"A",.,"A",.,"A",.,"A",.,"A",.,"A",.,"A",.,"A",.,"A",.,"A",.,"A"
"20102",2037505,68,0,"1",.,"A",.,"A",.,"A",.,"A",.,"A",.,"A",.,"A",.,"A",.,"A",.,"A",.,"A",.,"A",75,"D",.,"A",.,"A"
"20102",2037515,48,0,"1",.,"A",.,"A",.,"A",.,"A",.,"A",.,"A",.,"A",65,"D",.,"A",.,"A",.,"A",.,"A",.,"A",.,"A",.,"A"
"20102",2037545,62,0,"1",.,"A",.,"A",.,"A",.,"A",.,"A",10,"D",.,"A",.,"A",.,"A",.,"A",.,"A",.,"A",20,"D",.,"A",.,"A"
"20102",2037555,44,0,"1",.,"A",.,"A",.,"A",.,"A",.,"A",.,"A",.,"A",.,"A",.,"A",.,"A",.,"A",.,"A",32,"D",.,"A",.,"A"
"20102",2037565,74,0,"1",.,"A",.,"A",.,"A",.,"A",.,"A",.,"A",.,"A",.,"A",30,"D",.,"A",.,"A",.,"A",100,"D",.,"A",.,"A"
"20102",2037575,73,0,"1",.,"A",.,"A",.,"A",.,"A",.,"A",.,"A",.,"A",.,"A",.,"A",.,"A",.,"A",.,"A",605,"D",.,"A",.,"A"
"20102",2037595,58,0,"1",.,"A",.,"A",.,"A",.,"A",.,"A",.,"A",.,"A",.,"A",.,"A",.,"A",.,"A",.,"A",120,"D",.,"A",.,"A"
"20102",2037605,37,0,"1",.,"A",.,"A",.,"A",.,"A",17,"D",.,"A",390,"D",.,"A",.,"A",.,"A",.,"A",.,"A",.,"A",.,"A",.,"A"
"20102",2037615,40,0,"1",.,"A",.,"A",.,"A",.,"A",.,"A",.,"A",208,"D",.,"A",.,"A",.,"A",.,"A",.,"A",45,"D",.,"A",.,"A"
"20102",2037655,57,0,"1",.,"A",.,"A",.,"A",.,"A",.,"A",.,"A",.,"A",.,"A",.,"A",.,"A",.,"A",.,"A",.,"A",.,"A",.,"A"
"20102",2037675,60,0,"1",.,"A",.,"A",.,"A",.,"A",.,"A",.,"A",143,"D",.,"A",.,"A",138,"D",0,"D",0,"D",120,"D",46,"D",.,"A"
"20102",2037685,63,0,"1",.,"A",.,"A",.,"A",.,"A",.,"A",.,"A",.,"A",.,"A",30,"F",75,"F",189,"D",0,"D",220,"D",.,"C",.,"A"
"20102",2037705,42,0,"1",.,"A",.,"A",.,"A",.,"A",.,"A",.,"A",.,"A",.,"A",.,"A",90,"D",0,"D",0,"D",.,"A",30,"D",.,"A"
"20102",2037735,54,0,"1",.,"A",.,"A",.,"A",.,"A",.,"A",.,"A",.,"A",.,"A",.,"A",.,"A",.,"A",.,"A",.,"A",.,"A",.,"A"
"20102",2037745,79,0,"1",.,"A",.,"A",.,"A",.,"A",.,"A",.,"A",65,"D",.,"A",.,"A",.,"A",.,"A",.,"A",.,"A",.,"A",.,"A"
"20102",2037755,53,0,"1",.,"A",.,"A",.,"A",.,"A",.,"A",.,"A",585,"D",.,"A",.,"A",.,"A",.,"A",.,"A",.,"A",.,"A",.,"A"
"20102",2037765,64,0,"1",.,"A",.,"A",.,"A",.,"A",.,"A",.,"A",.,"A",.,"A",75,"D",.,"A",.,"A",.,"A",250,"D",.,"A",.,"A"
"20102",2037785,72,0,"1",.,"A",.,"A",.,"A",.,"A",.,"A",40,"D",.,"A",.,"A",.,"A",.,"A",.,"A",.,"A",110,"D",.,"A",.,"A"
"20102",2037795,47,0,"1",.,"A",.,"A",.,"A",.,"A",.,"A",60,"D",.,"A",.,"A",.,"A",.,"A",.,"A",.,"A",120,"D",.,"A",.,"A"
"20102",2037815,121,0,"1",.,"A",.,"A",.,"A",.,"A",.,"A",.,"A",.,"A",.,"A",.,"A",0,"D",0,"D",9,"D",200,"D",0,"D",.,"A"
"20102",2037825,83,0,"1",.,"A",.,"A",.,"A",.,"A",.,"A",.,"A",.,"A",.,"A",.,"A",.,"A",.,"A",.,"A",60,"D",.,"A",.,"A"
"20102",2037845,38,0,"1",.,"A",.,"A",.,"A",.,"A",.,"A",.,"A",.,"A",.,"A",.,"A",.,"A",.,"A",.,"A",125,"D",.,"A",.,"A"
"20102",2037865,87,0,"1",.,"A",.,"A",.,"A",.,"A",.,"A",.,"A",.,"A",195,"D",.,"A",.,"A",.,"A",.,"A",316,"D",.,"A",.,"A"
"20102",2037875,61,0,"1",.,"A",.,"A",.,"A",.,"A",.,"A",240,"D",650,"D",.,"A",.,"A",.,"A",.,"A",.,"A",119,"D",.,"A",.,"A"
"20102",2037885,34,0,"1",.,"A",.,"A",.,"A",.,"A",.,"A",.,"A",260,"D",.,"A",.,"A",.,"A",.,"A",.,"A",.,"A",.,"A",.,"A"
"20102",2037915,66,0,"1",.,"A",.,"A",.,"A",.,"A",.,"A",.,"A",.,"A",130,"D",.,"A",.,"A",.,"A",.,"A",9,"D",.,"A",.,"A"
"20102",2037935,79,0,"1",.,"A",.,"A",.,"A",.,"A",.,"A",.,"A",.,"A",.,"A",.,"A",.,"A",.,"A",.,"A",425,"D",.,"A",.,"A"
"20102",2037945,57,0,"1",.,"A",.,"A",.,"A",.,"A",.,"A",.,"A",.,"A",.,"A",15,"D",.,"A",.,"A",.,"A",20,"D",.,"A",.,"A"
"20102",2037955,59,0,"1",.,"A",20,"D",.,"A",.,"A",.,"A",30,"D",.,"A",.,"A",.,"A",.,"A",.,"A",.,"A",90,"D",.,"A",.,"A"
"20102",2037965,57,0,"1",.,"A",.,"A",.,"A",.,"A",.,"A",.,"A",130,"D",130,"D",30,"D",.,"A",.,"A",.,"A",15,"D",.,"A",.,"A"
"20102",2037975,46,0,"1",.,"A",.,"A",.,"A",.,"A",.,"A",.,"A",.,"A",.,"A",.,"A",.,"A",.,"A",.,"A",40,"D",.,"A",.,"A"
"20102",2037985,76,0,"1",.,"A",.,"A",.,"A",.,"A",.,"A",.,"A",.,"A",.,"A",.,"A",.,"A",.,"A",.,"A",20,"D",.,"A",.,"A"
"20102",2037995,29,0,"1",.,"A",.,"A",.,"A",.,"A",.,"A",.,"A",.,"A",130,"D",.,"A",.,"A",.,"A",.,"A",.,"A",.,"A",.,"A"
"20102",2038015,55,0,"1",.,"A",.,"A",.,"A",.,"A",.,"A",.,"A",.,"A",.,"A",.,"A",.,"A",.,"A",.,"A",35,"D",.,"A",.,"A"
"20102",2038055,69,0,"1",.,"A",.,"A",.,"A",.,"A",.,"A",.,"A",195,"D",.,"A",.,"A",.,"A",.,"A",.,"A",130,"D",.,"A",.,"A"
"20102",2038085,49,0,"1",.,"A",.,"A",.,"A",.,"A",156,"D",.,"A",.,"A",.,"A",.,"A",.,"A",.,"A",.,"A",10,"D",.,"A",.,"A"
"20102",2038095,51,0,"1",.,"A",.,"A",.,"A",.,"A",.,"A",.,"A",.,"A",.,"A",.,"A",.,"A",.,"A",.,"A",15,"D",.,"A",.,"A"
"20102",2038115,47,0,"1",.,"A",.,"A",.,"A",.,"A",.,"A",.,"A",.,"A",65,"D",.,"A",.,"A",.,"A",.,"A",.,"A",.,"A",.,"A"
"20102",2038125,34,0,"1",.,"A",.,"A",.,"A",.,"A",120,"D",.,"A",.,"A",.,"A",.,"A",195,"D",0,"D",0,"D",100,"D",65,"D",.,"A"
"20102",2038145,45,0,"1",.,"A",.,"A",.,"A",.,"A",.,"A",.,"A",.,"A",.,"A",.,"A",.,"A",.,"A",.,"A",60,"D",.,"A",.,"A"
"20102",2038155,40,0,"1",.,"A",.,"A",.,"A",.,"A",.,"A",.,"A",650,"D",.,"A",.,"A",.,"A",.,"A",.,"A",.,"A",.,"A",.,"A"
"20102",2038185,47,0,"1",.,"A",.,"A",.,"A",.,"A",.,"A",.,"A",.,"A",.,"A",.,"A",.,"A",.,"A",.,"A",.,"A",.,"A",.,"A"
"20102",2038195,64,0,"1",.,"A",.,"A",.,"A",20,"D",.,"A",.,"A",.,"A",.,"A",.,"A",.,"A",.,"A",.,"A",150,"D",.,"A",.,"A"
"20102",2038235,46,0,"1",.,"A",.,"A",.,"A",.,"A",.,"A",.,"A",.,"A",.,"A",.,"A",.,"A",.,"A",.,"A",.,"A",.,"A",.,"A"
"20102",2038245,33,0,"1",.,"A",.,"A",.,"A",.,"A",.,"A",.,"A",.,"A",.,"A",.,"A",.,"A",.,"A",.,"A",.,"A",.,"A",.,"A"
"20102",2038275,46,0,"1",.,"A",.,"A",.,"A",.,"A",.,"A",.,"A",.,"A",.,"A",.,"A",.,"A",.,"A",.,"A",12,"D",.,"A",.,"A"
"20102",2038305,48,0,"1",.,"A",.,"A",.,"A",.,"A",.,"A",.,"A",390,"D",.,"A",.,"A",.,"A",.,"A",.,"A",50,"D",.,"A",.,"A"
"20102",2038325,63,0,"1",.,"A",.,"A",.,"A",.,"A",.,"A",10,"D",.,"A",.,"A",.,"A",0,"D",0,"D",24,"D",17,"D",0,"D",.,"A"
"20102",2038335,66,0,"1",.,"A",.,"A",.,"A",.,"A",.,"A",.,"A",.,"A",.,"A",.,"A",.,"A",.,"A",.,"A",.,"A",.,"A",.,"A"
"20102",2038345,69,0,"1",.,"A",.,"A",.,"A",.,"A",.,"A",.,"A",.,"A",.,"A",30,"D",.,"A",.,"A",.,"A",60,"D",.,"A",.,"A"
"20102",2038355,39,0,"1",.,"A",.,"A",.,"A",.,"A",130,"D",.,"A",.,"A",.,"A",.,"A",.,"A",.,"A",.,"A",90,"D",.,"A",.,"A"
"20102",2038365,33,0,"1",.,"A",.,"A",.,"A",.,"A",2,"D",.,"A",.,"A",.,"A",60,"D",.,"A",.,"A",.,"A",8,"D",.,"A",.,"A"
"20102",2038375,39,0,"1",.,"A",.,"A",.,"A",.,"A",.,"A",.,"A",65,"D",.,"A",.,"A",.,"A",.,"A",.,"A",.,"A",.,"A",.,"A"
"20102",2038385,64,0,"1",.,"A",.,"A",.,"A",.,"A",.,"A",.,"A",.,"A",.,"A",.,"A",.,"A",.,"A",.,"A",.,"A",.,"A",.,"A"
"20102",2038405,31,0,"1",.,"A",.,"A",.,"A",.,"A",30,"D",.,"A",.,"A",.,"A",.,"A",.,"A",.,"A",.,"A",12,"D",.,"A",.,"A"
"20102",2038415,66,0,"1",.,"A",.,"A",.,"A",.,"A",60,"D",.,"A",.,"A",.,"A",30,"D",.,"A",.,"A",.,"A",100,"D",.,"A",.,"A"
"20102",2038435,61,0,"1",.,"A",.,"A",.,"A",.,"A",.,"A",.,"A",.,"A",.,"A",.,"A",.,"A",.,"A",.,"A",.,"A",.,"A",.,"A"
"20102",2038445,42,0,"1",.,"A",.,"A",.,"A",.,"A",.,"A",.,"A",.,"A",.,"A",.,"A",.,"A",.,"A",.,"A",.,"A",.,"A",.,"A"
"20102",2038455,45,0,"1",.,"A",.,"A",.,"A",.,"A",.,"A",.,"A",.,"A",.,"A",.,"A",.,"A",.,"A",.,"A",10,"D",.,"A",.,"A"
"20102",2038465,33,0,"1",.,"A",.,"A",.,"A",.,"A",.,"A",.,"A",.,"A",.,"A",.,"A",.,"A",.,"A",.,"A",.,"A",.,"A",.,"A"
"20102",2038475,68,0,"1",.,"A",.,"A",.,"A",.,"A",.,"A",.,"A",.,"A",78,"D",24,"D",.,"A",.,"A",.,"A",14,"D",.,"A",.,"A"
"20102",2038495,49,0,"1",.,"A",.,"A",.,"A",.,"A",.,"A",.,"A",.,"A",.,"A",.,"A",.,"A",.,"A",.,"A",.,"A",.,"A",.,"A"
"20102",2038505,66,0,"1",.,"A",.,"A",.,"A",.,"A",.,"A",.,"A",.,"A",.,"A",.,"A",.,"A",.,"A",.,"A",100,"D",.,"A",.,"A"
"20102",2038515,62,0,"1",.,"A",.,"A",.,"A",.,"A",.,"A",.,"A",.,"A",.,"A",.,"A",.,"A",.,"A",.,"A",.,"A",.,"A",.,"A"
"20102",2038525,66,0,"1",.,"A",.,"A",.,"A",.,"A",.,"A",.,"A",.,"A",.,"A",24,"D",.,"A",.,"A",.,"A",45,"D",.,"A",.,"A"
"20102",2038555,27,0,"1",.,"A",.,"A",.,"A",.,"A",.,"A",.,"A",.,"A",.,"A",.,"A",.,"A",.,"A",.,"A",.,"A",.,"A",.,"A"
"20102",2038565,43,0,"1",.,"A",.,"A",.,"A",.,"A",.,"A",.,"A",195,"D",.,"A",.,"A",.,"A",.,"A",.,"A",.,"A",.,"A",.,"A"
"20102",2038595,75,0,"1",.,"A",.,"A",.,"A",.,"A",.,"A",.,"A",.,"A",234,"D",18,"D",.,"A",.,"A",.,"A",20,"D",.,"A",.,"A"
"20102",2038615,78,0,"1",.,"A",.,"A",.,"A",.,"A",.,"A",.,"A",260,"D",.,"A",.,"A",204,"D",0,"D",0,"D",70,"D",68,"D",300,"F"
"20102",2038655,60,0,"1",.,"A",.,"A",.,"A",.,"A",.,"A",.,"A",.,"A",.,"A",.,"A",.,"A",.,"A",.,"A",.,"A",.,"A",.,"A"
"20102",2038665,56,0,"1",.,"A",.,"A",.,"A",.,"A",.,"A",.,"A",.,"A",.,"A",.,"A",.,"A",.,"A",.,"A",50,"D",.,"A",.,"A"
"20102",2038695,41,0,"1",.,"A",.,"A",.,"A",.,"A",.,"A",.,"A",442,"D",.,"A",.,"A",.,"A",.,"A",.,"A",.,"A",.,"A",.,"A"
"20102",2038705,49,0,"1",.,"A",.,"A",.,"A",.,"A",.,"A",.,"A",.,"A",.,"A",.,"A",.,"A",.,"A",.,"A",90,"D",.,"A",.,"A"
"20102",2038715,62,0,"1",.,"A",.,"A",.,"A",.,"A",.,"A",.,"A",.,"A",.,"A",.,"A",.,"A",.,"A",.,"A",180,"D",.,"A",.,"A"
"20102",2038725,33,0,"1",35,"D",.,"A",.,"A",.,"A",95,"D",90,"D",.,"A",.,"A",.,"A",267,"D",0,"D",0,"D",160,"D",89,"D",.,"A"
"20102",2038735,58,0,"1",.,"A",.,"A",50,"D",.,"A",.,"A",.,"A",.,"A",.,"A",.,"A",.,"A",.,"A",.,"A",360,"D",.,"A",.,"A"
"20102",2038755,54,0,"1",.,"A",.,"A",.,"A",.,"A",.,"A",.,"A",.,"A",.,"A",.,"A",.,"A",.,"A",.,"A",52,"D",.,"A",.,"A"
"20102",2038765,56,0,"1",.,"A",.,"A",.,"A",.,"A",.,"A",10,"D",.,"A",.,"A",.,"A",.,"A",.,"A",.,"A",208,"D",.,"A",.,"A"
"20102",2038775,82,0,"1",.,"A",.,"A",.,"A",.,"A",.,"A",.,"A",.,"A",.,"A",9,"D",.,"A",.,"A",.,"A",95,"D",.,"A",.,"A"
"20102",2038845,39,0,"1",.,"A",.,"A",.,"A",30,"D",.,"A",.,"A",.,"A",.,"A",.,"A",60,"D",0,"D",0,"D",120,"D",20,"D",.,"A"
"20102",2038855,27,0,"1",.,"A",.,"A",.,"A",.,"A",30,"D",.,"A",.,"A",.,"A",.,"A",.,"A",.,"A",.,"A",15,"D",.,"A",.,"A"
"20102",2038865,74,0,"1",.,"A",.,"A",.,"A",.,"A",.,"A",.,"A",.,"A",.,"A",6,"D",.,"A",.,"A",.,"A",120,"D",.,"A",.,"A"
"20102",2038875,52,0,"1",.,"A",.,"A",.,"A",.,"A",.,"A",.,"A",.,"A",.,"A",.,"A",.,"A",.,"A",.,"A",35,"D",.,"A",.,"A"
"20102",2038885,63,0,"1",.,"A",.,"A",.,"A",100,"D",.,"A",300,"D",.,"A",.,"A",.,"A",0,"D",0,"D",30,"D",200,"D",0,"D",.,"A"
"20102",2038935,62,0,"1",.,"A",.,"A",.,"A",.,"A",.,"A",.,"A",.,"A",.,"A",.,"A",.,"A",.,"A",.,"A",150,"D",.,"A",.,"A"
"20102",2038945,85,0,"1",.,"A",.,"A",.,"A",.,"A",.,"A",.,"A",.,"A",.,"A",.,"A",.,"A",.,"A",.,"A",20,"D",.,"A",.,"A"
"20102",2038955,53,0,"1",.,"A",.,"A",.,"A",.,"A",.,"A",.,"A",.,"A",.,"A",.,"A",.,"A",.,"A",.,"A",210,"D",.,"A",.,"A"
"20102",2038965,53,0,"1",.,"A",.,"A",.,"A",.,"A",.,"A",.,"A",.,"A",.,"A",.,"A",.,"A",.,"A",.,"A",50,"D",.,"A",.,"A"
"20102",2038985,39,0,"1",20,"D",.,"A",.,"A",.,"A",100,"D",.,"A",.,"A",.,"A",.,"A",.,"A",.,"A",.,"A",.,"A",.,"A",.,"A"
"20102",2038995,80,0,"1",.,"A",.,"A",.,"A",550,"D",.,"A",.,"A",117,"D",.,"A",.,"A",.,"A",.,"A",.,"A",75,"D",.,"A",.,"A"
"20102",2039015,62,0,"1",.,"A",.,"A",.,"A",.,"A",.,"A",.,"A",.,"A",.,"A",.,"A",.,"A",.,"A",.,"A",.,"A",.,"A",.,"A"
"20102",2039055,48,0,"1",.,"A",.,"A",.,"A",.,"A",.,"A",800,"D",.,"A",.,"A",.,"A",900,"D",0,"D",0,"D",1000,"D",300,"D",.,"A"
"20102",2039065,33,0,"1",.,"A",.,"A",.,"A",.,"A",.,"A",.,"A",.,"A",.,"A",.,"A",.,"A",.,"A",.,"A",.,"A",.,"A",.,"A"
"20102",2039085,33,0,"1",.,"A",.,"A",.,"A",.,"A",20,"D",.,"A",.,"A",.,"A",.,"A",.,"A",.,"A",.,"A",.,"A",.,"A",.,"A"
"20102",2039095,59,0,"1",.,"A",.,"A",.,"A",.,"A",.,"A",.,"A",.,"A",.,"A",.,"A",.,"A",.,"A",.,"A",35,"D",.,"A",.,"A"
"20102",2039115,63,0,"1",.,"A",.,"A",.,"A",.,"A",.,"A",.,"A",.,"A",.,"A",.,"A",.,"A",.,"A",.,"A",200,"D",.,"A",.,"A"
"20102",2039125,78,0,"1",.,"A",.,"A",.,"A",.,"A",.,"A",90,"D",.,"A",.,"A",60,"D",.,"A",.,"A",.,"A",300,"D",.,"A",.,"A"
"20102",2039135,35,0,"1",.,"A",.,"A",.,"A",.,"A",.,"A",.,"A",.,"A",.,"A",.,"A",.,"A",.,"A",.,"A",15,"D",.,"A",.,"A"
"20102",2039145,47,0,"1",.,"A",.,"A",.,"A",.,"A",360,"D",.,"A",.,"A",.,"A",.,"A",.,"A",.,"A",.,"A",40,"D",.,"A",.,"A"
"20102",2039165,72,0,"1",.,"A",.,"A",.,"A",.,"A",12,"D",.,"A",.,"A",.,"A",6,"D",30,"D",0,"D",0,"D",40,"D",10,"D",.,"A"
"20102",2039215,50,0,"1",.,"A",.,"A",.,"A",.,"A",.,"A",.,"A",715,"D",.,"A",.,"A",.,"A",.,"A",.,"A",42,"D",.,"A",.,"A"
"20102",2039225,75,0,"1",.,"A",.,"A",.,"A",.,"A",.,"A",.,"A",.,"A",.,"A",.,"A",.,"A",.,"A",.,"A",35,"D",.,"A",.,"A"
"20102",2039245,59,0,"1",.,"A",.,"A",.,"A",.,"A",108,"D",.,"A",.,"A",.,"A",.,"A",.,"A",.,"A",.,"A",45,"D",.,"A",.,"A"
"20102",2039255,45,0,"1",.,"A",.,"A",.,"A",.,"A",.,"A",.,"A",.,"A",.,"A",.,"A",.,"A",.,"A",.,"A",.,"A",.,"A",.,"A"
"20102",2039265,45,0,"1",.,"A",.,"A",.,"A",.,"A",.,"A",.,"A",.,"A",.,"A",.,"A",.,"A",.,"A",.,"A",.,"A",.,"A",.,"A"
"20102",2039275,39,0,"1",.,"A",.,"A",.,"A",.,"A",480,"D",.,"A",.,"A",.,"A",.,"A",0,"D",90,"D",0,"D",.,"A",0,"D",.,"A"
"20102",2039295,57,0,"1",.,"A",.,"A",.,"A",.,"A",.,"A",.,"A",130,"D",.,"A",.,"A",.,"A",.,"A",.,"A",.,"A",.,"A",.,"A"
"20102",2039305,42,0,"1",.,"A",.,"A",.,"A",.,"A",.,"A",.,"A",.,"A",.,"A",.,"A",.,"A",.,"A",.,"A",45,"D",.,"A",.,"A"
"20102",2039315,33,0,"1",.,"A",.,"A",.,"A",.,"A",.,"A",.,"A",.,"A",.,"A",.,"A",.,"A",.,"A",.,"A",35,"D",.,"A",.,"A"
"20102",2039325,55,0,"1",.,"A",.,"A",.,"A",.,"A",30,"D",.,"A",.,"A",.,"A",.,"A",.,"A",.,"A",.,"A",50,"D",.,"A",.,"A"
"20102",2039335,43,0,"1",.,"A",.,"A",.,"A",15,"D",.,"A",.,"A",.,"A",.,"A",.,"A",0,"D",0,"D",30,"D",.,"A",0,"D",.,"A"
"20102",2039345,44,0,"1",.,"A",.,"A",.,"A",.,"A",.,"A",.,"A",.,"A",.,"A",.,"A",.,"A",.,"A",.,"A",170,"D",.,"A",.,"A"
"20102",2039365,33,0,"1",.,"A",.,"A",.,"A",60,"D",.,"A",.,"A",.,"A",.,"A",.,"A",.,"A",.,"A",.,"A",.,"A",.,"A",.,"A"
"20102",2039405,82,0,"1",.,"A",.,"A",.,"A",.,"A",.,"A",.,"A",.,"A",.,"A",.,"A",.,"A",.,"A",.,"A",80,"D",.,"A",.,"A"
"20102",2039425,33,0,"1",0,"F",.,"A",.,"A",.,"A",112,"F",.,"A",.,"A",.,"A",.,"A",.,"A",.,"A",.,"A",135,"D",.,"A",.,"A"
"20102",2039435,42,0,"1",.,"A",.,"A",.,"A",.,"A",.,"A",90,"D",.,"A",.,"A",.,"A",.,"A",.,"A",.,"A",100,"D",.,"A",.,"A"
"20102",2039445,36,0,"1",.,"A",.,"A",.,"A",.,"A",.,"A",.,"A",.,"A",.,"A",.,"A",.,"A",.,"A",.,"A",.,"A",.,"A",.,"A"
"20102",2039455,50,0,"1",.,"A",.,"A",.,"A",.,"A",.,"A",.,"A",.,"A",.,"A",.,"A",.,"A",.,"A",.,"A",266,"D",.,"A",.,"A"
"20102",2039495,56,0,"1",.,"A",.,"A",.,"A",.,"A",.,"A",.,"A",.,"A",.,"A",.,"A",.,"A",.,"A",.,"A",28,"D",.,"A",.,"A"
"20102",2039515,36,0,"1",.,"A",.,"A",.,"A",.,"A",.,"A",.,"A",.,"A",.,"A",.,"A",.,"A",.,"A",.,"A",.,"A",.,"A",.,"A"
"20102",2039535,44,0,"1",.,"A",.,"A",.,"A",.,"A",.,"A",.,"A",.,"A",.,"A",.,"A",.,"A",.,"A",.,"A",50,"D",.,"A",.,"A"
"20102",2039545,31,0,"1",.,"A",.,"A",.,"A",.,"A",.,"A",.,"A",.,"A",.,"A",.,"A",.,"A",.,"A",.,"A",12,"D",.,"A",.,"A"
"20102",2039575,34,0,"1",.,"A",.,"A",.,"A",.,"A",.,"A",.,"A",.,"A",.,"A",.,"A",0,"D",0,"D",90,"D",.,"A",0,"D",.,"A"
"20102",2039595,29,0,"1",.,"A",.,"A",.,"A",.,"A",.,"A",.,"A",1690,"D",.,"A",.,"A",.,"A",.,"A",.,"A",.,"A",.,"A",.,"A"
"20102",2039605,53,0,"1",.,"A",.,"A",.,"A",.,"A",.,"A",.,"A",.,"A",.,"A",.,"A",.,"A",.,"A",.,"A",100,"D",.,"A",.,"A"
"20102",2039615,40,0,"1",.,"A",.,"A",.,"A",.,"A",.,"A",.,"A",.,"A",.,"A",.,"A",.,"A",.,"A",.,"A",.,"A",.,"A",.,"A"
"20102",2039645,46,0,"1",.,"A",.,"A",.,"A",.,"A",.,"A",.,"A",.,"A",.,"A",.,"A",.,"A",.,"A",.,"A",555,"D",.,"A",.,"A"
"20102",2039665,77,0,"1",.,"A",.,"A",.,"A",.,"A",.,"A",.,"A",650,"D",.,"A",.,"A",.,"A",.,"A",.,"A",.,"A",.,"A",.,"A"
"20102",2039695,50,0,"1",.,"A",.,"A",26,"F",.,"A",.,"A",30,"D",390,"D",.,"A",.,"A",.,"A",.,"A",.,"A",48,"D",.,"A",.,"A"
"20102",2039705,54,0,"1",.,"A",.,"A",.,"A",.,"A",.,"A",.,"A",455,"D",.,"A",.,"A",.,"A",.,"A",.,"A",100,"D",.,"A",.,"A"
"20102",2039715,37,0,"1",.,"A",.,"A",.,"A",.,"A",.,"A",.,"A",.,"A",.,"A",.,"A",.,"A",.,"A",.,"A",.,"A",.,"A",.,"A"
"20102",2039735,48,0,"1",.,"A",.,"A",.,"A",.,"A",.,"A",.,"A",65,"D",.,"A",.,"A",.,"A",.,"A",.,"A",.,"A",.,"A",.,"A"
"20102",2039745,48,0,"1",.,"A",.,"A",.,"A",.,"A",.,"A",.,"A",.,"A",.,"A",.,"A",.,"A",.,"A",.,"A",15,"D",.,"A",.,"A"
"20102",2039765,54,0,"1",.,"A",.,"A",.,"A",.,"A",.,"A",.,"A",.,"A",.,"A",.,"A",.,"A",.,"A",.,"A",.,"A",.,"A",.,"A"
"20102",2039775,72,0,"1",.,"A",.,"A",.,"A",.,"A",.,"A",9,"D",728,"D",.,"A",.,"A",.,"A",.,"A",.,"A",.,"A",.,"A",.,"A"
"20102",2039785,56,0,"1",.,"A",.,"A",.,"A",.,"A",.,"A",.,"A",.,"A",13,"D",3,"D",.,"A",.,"A",.,"A",226,"D",.,"A",.,"A"
"20102",2039795,46,0,"1",.,"A",.,"A",.,"A",60,"D",.,"A",100,"D",.,"A",.,"A",.,"A",.,"A",.,"A",.,"A",60,"D",.,"A",.,"A"
"20102",2039805,41,0,"1",.,"A",.,"A",.,"A",.,"A",.,"A",.,"A",.,"A",.,"A",.,"A",.,"A",.,"A",.,"A",48,"D",.,"A",.,"A"
"20102",2039825,50,0,"1",.,"A",.,"A",.,"A",.,"A",30,"D",.,"A",195,"D",.,"A",.,"A",.,"A",.,"A",.,"A",.,"A",.,"A",.,"A"
"20102",2039845,58,0,"1",.,"A",.,"A",.,"A",.,"A",.,"A",10,"D",.,"A",.,"A",.,"A",.,"A",.,"A",.,"A",114,"D",.,"A",.,"A"
"20102",2039885,34,0,"1",.,"A",.,"A",.,"A",.,"A",60,"D",.,"A",.,"A",.,"A",.,"A",.,"A",.,"A",.,"A",.,"A",.,"A",.,"A"
"20102",2039895,44,0,"1",.,"A",.,"A",.,"A",.,"A",240,"D",.,"A",390,"D",.,"A",.,"A",.,"A",.,"A",.,"A",.,"A",.,"A",.,"A"
"20102",2039905,87,0,"1",.,"A",.,"A",.,"A",.,"A",.,"A",30,"D",.,"A",.,"A",.,"A",.,"A",.,"A",.,"A",250,"D",.,"A",.,"A"
"20102",2039925,78,0,"1",.,"A",.,"A",.,"A",.,"A",.,"A",.,"A",650,"D",.,"A",.,"A",.,"A",.,"A",.,"A",40,"D",.,"A",.,"A"
"20102",2039935,45,0,"1",.,"A",.,"A",.,"A",.,"A",.,"A",.,"A",.,"A",.,"A",21,"D",.,"A",.,"A",.,"A",.,"A",.,"A",.,"A"
"20102",2039945,33,0,"1",2,"D",.,"A",.,"A",.,"A",3,"D",.,"A",.,"A",.,"A",.,"A",.,"A",.,"A",.,"A",12,"D",.,"A",.,"A"
"20102",2039955,26,0,"1",.,"A",.,"A",.,"A",.,"A",60,"D",.,"A",.,"A",.,"A",.,"A",0,"D",0,"D",45,"D",.,"A",0,"D",.,"A"
"20102",2039965,33,0,"1",.,"A",.,"A",.,"A",.,"A",.,"A",.,"A",.,"A",.,"A",.,"A",.,"A",.,"A",.,"A",.,"A",.,"A",.,"A"
"20102",2039985,37,0,"1",.,"A",.,"A",.,"A",.,"A",.,"A",.,"A",.,"A",.,"A",.,"A",.,"A",.,"A",.,"A",.,"A",.,"A",.,"A"
"20102",2039995,43,0,"1",.,"A",.,"A",.,"A",.,"A",180,"D",.,"A",.,"A",.,"A",.,"A",.,"A",.,"A",.,"A",.,"A",.,"A",.,"A"
"20102",2040015,68,0,"1",.,"A",.,"A",.,"A",.,"A",.,"A",.,"A",.,"A",.,"A",.,"A",.,"A",.,"A",.,"A",150,"D",.,"A",.,"A"
"20102",2040025,76,0,"1",.,"A",.,"A",.,"A",.,"A",.,"A",.,"A",650,"D",.,"A",.,"A",.,"A",.,"A",.,"A",120,"D",.,"A",.,"A"
"20102",2040035,46,0,"1",.,"A",.,"A",.,"A",.,"A",.,"A",.,"A",780,"D",.,"A",.,"A",.,"A",.,"A",.,"A",14,"D",.,"A",.,"A"
"20102",2040045,43,0,"1",.,"A",.,"A",.,"A",.,"A",.,"A",.,"A",260,"D",.,"A",.,"A",.,"A",.,"A",.,"A",.,"A",.,"A",.,"A"
"20102",2040065,102,0,"1",.,"A",.,"A",.,"A",.,"A",.,"A",.,"A",26,"D",.,"A",18,"D",.,"A",.,"A",.,"A",.,"A",.,"A",.,"A"
"20102",2040115,57,0,"1",.,"A",.,"A",.,"A",.,"A",.,"A",200,"D",.,"A",.,"A",.,"A",.,"A",.,"A",.,"A",200,"D",.,"A",.,"A"
"20102",2040155,79,0,"1",.,"A",.,"A",.,"A",.,"A",20,"D",20,"D",.,"A",.,"A",.,"A",.,"A",.,"A",.,"A",32,"D",.,"A",.,"A"
"20102",2040175,52,0,"1",.,"A",.,"A",.,"A",.,"A",.,"A",.,"A",.,"A",.,"A",.,"A",.,"A",.,"A",.,"A",300,"D",.,"A",.,"A"
"20102",2040195,24,0,"1",.,"A",.,"A",.,"A",.,"A",15,"D",.,"A",.,"A",.,"A",.,"A",.,"A",.,"A",.,"A",30,"D",.,"A",.,"A"
"20102",2040205,46,0,"1",5,"D",.,"A",.,"A",.,"A",5,"D",30,"D",.,"A",.,"A",.,"A",.,"A",.,"A",.,"A",400,"D",.,"A",.,"A"
"20102",2040235,43,0,"1",.,"A",.,"A",.,"A",.,"A",.,"A",.,"A",.,"A",.,"A",.,"A",.,"A",.,"A",.,"A",.,"A",.,"A",.,"A"
"20102",2040245,57,0,"1",.,"A",.,"A",.,"A",.,"A",.,"A",.,"A",.,"A",.,"A",.,"A",0,"D",60,"D",0,"D",90,"D",0,"D",.,"A"
"20102",2040255,52,0,"1",.,"A",.,"A",.,"A",.,"A",.,"A",.,"A",.,"A",.,"A",.,"A",.,"A",.,"A",.,"A",350,"D",.,"A",.,"A"
"20102",2040265,29,0,"1",.,"A",.,"A",.,"A",.,"A",.,"A",.,"A",.,"A",.,"A",.,"A",.,"A",.,"A",.,"A",.,"A",.,"A",.,"A"
"20102",2040275,30,0,"1",.,"A",.,"A",.,"A",.,"A",15,"D",30,"D",.,"A",.,"A",.,"A",.,"A",.,"A",.,"A",.,"A",.,"A",.,"A"
"20102",2040285,52,0,"1",.,"A",.,"A",.,"A",.,"A",.,"A",.,"A",455,"D",.,"A",.,"A",.,"A",.,"A",.,"A",.,"A",.,"A",.,"A"
"20102",2040295,56,0,"1",.,"A",.,"A",.,"A",.,"A",.,"A",.,"A",.,"A",.,"A",.,"A",.,"A",.,"A",.,"A",50,"D",.,"A",.,"A"
"20102",2040305,56,0,"1",.,"A",.,"A",.,"A",.,"A",.,"A",200,"D",.,"A",.,"A",.,"A",.,"A",.,"A",.,"A",130,"D",.,"A",.,"A"
"20102",2040315,54,0,"1",.,"A",.,"A",.,"A",.,"A",.,"A",.,"A",.,"A",.,"A",.,"A",.,"A",.,"A",.,"A",.,"A",.,"A",.,"A"
"20102",2040325,53,0,"1",.,"A",.,"A",.,"A",.,"A",.,"A",.,"A",.,"A",.,"A",.,"A",.,"A",.,"A",.,"A",.,"A",.,"A",.,"A"
"20102",2040335,58,0,"1",.,"A",.,"A",.,"A",.,"A",.,"A",.,"A",182,"D",.,"A",.,"A",.,"A",.,"A",.,"A",150,"D",.,"A",.,"A"
"20102",2040345,40,0,"1",.,"A",.,"A",100,"F",.,"A",.,"A",.,"A",.,"A",.,"A",.,"A",.,"A",.,"A",.,"A",.,"A",.,"A",.,"A"
"20102",2040365,66,0,"1",.,"A",.,"A",.,"A",.,"A",.,"A",.,"A",.,"A",.,"A",.,"A",.,"A",.,"A",.,"A",40,"D",.,"A",.,"A"
"20102",2040375,30,0,"1",.,"A",.,"A",.,"A",.,"A",.,"A",.,"A",.,"A",.,"A",.,"A",.,"A",.,"A",.,"A",.,"A",.,"A",.,"A"
"20102",2040385,54,0,"1",.,"A",.,"A",.,"A",.,"A",.,"A",.,"A",.,"A",.,"A",.,"A",.,"A",.,"A",.,"A",75,"D",.,"A",.,"A"
"20102",2040405,41,0,"1",.,"A",.,"A",.,"A",.,"A",.,"A",.,"A",.,"A",.,"A",.,"A",.,"A",.,"A",.,"A",80,"D",.,"A",.,"A"
"20102",2040415,44,0,"1",.,"A",.,"A",.,"A",.,"A",.,"A",.,"A",.,"A",.,"A",.,"A",.,"A",.,"A",.,"A",140,"D",.,"A",.,"A"
"20102",2040425,51,0,"1",.,"A",.,"A",.,"A",.,"A",.,"A",.,"A",.,"A",.,"A",.,"A",.,"A",.,"A",.,"A",.,"A",.,"A",.,"A"
"20102",2040465,51,0,"1",.,"A",.,"A",.,"A",.,"A",.,"A",.,"A",845,"D",.,"A",.,"A",.,"A",.,"A",.,"A",85,"D",.,"A",.,"A"
"20102",2040525,47,0,"1",.,"A",.,"A",.,"A",.,"A",.,"A",.,"A",.,"A",.,"A",.,"A",.,"A",.,"A",.,"A",.,"A",.,"A",.,"A"
"20102",2040535,68,0,"1",.,"A",.,"A",.,"A",.,"A",.,"A",.,"A",.,"A",.,"A",.,"A",.,"A",.,"A",.,"A",.,"A",.,"A",.,"A"
"20102",2040555,62,0,"1",.,"A",.,"A",.,"A",.,"A",.,"A",.,"A",.,"A",.,"A",.,"A",.,"A",.,"A",.,"A",150,"D",.,"A",.,"A"
"20102",2040575,42,0,"1",40,"D",.,"A",.,"A",.,"A",20,"D",.,"A",.,"A",.,"A",.,"A",.,"A",.,"A",.,"A",.,"A",.,"A",.,"A"
"20102",2040585,59,0,"1",.,"A",.,"A",.,"A",.,"A",100,"D",.,"A",.,"A",.,"A",.,"A",.,"A",.,"A",.,"A",.,"A",.,"A",.,"A"
"20102",2040595,68,0,"1",.,"A",.,"A",.,"A",.,"A",.,"A",.,"A",.,"A",.,"A",.,"A",.,"A",.,"A",.,"A",60,"D",.,"A",.,"A"
"20102",2040605,51,0,"1",.,"A",.,"A",.,"A",.,"A",.,"A",10,"D",.,"A",.,"A",.,"A",.,"A",.,"A",.,"A",202,"D",.,"A",.,"A"
"20102",2040615,39,0,"1",.,"A",.,"A",40,"D",.,"A",60,"D",.,"A",.,"A",.,"A",.,"A",.,"A",.,"A",.,"A",25,"D",.,"A",.,"A"
"20102",2040625,37,0,"1",.,"A",.,"A",.,"A",.,"A",.,"A",.,"A",.,"A",.,"A",.,"A",.,"A",.,"A",.,"A",75,"D",.,"A",.,"A"
"20102",2040635,71,0,"1",.,"A",.,"A",.,"A",360,"D",.,"A",280,"D",.,"A",.,"A",54,"D",240,"D",240,"D",0,"D",100,"D",80,"D",.,"A"
"20102",2040645,43,0,"1",.,"A",.,"A",.,"A",.,"A",.,"A",.,"A",.,"A",.,"A",.,"A",.,"A",.,"A",.,"A",.,"A",.,"A",.,"A"
"20102",2040655,41,0,"1",.,"A",.,"A",.,"A",.,"A",.,"A",.,"A",.,"A",.,"A",6,"D",.,"A",.,"A",.,"A",.,"A",.,"A",.,"A"
"20102",2040665,35,0,"1",.,"A",.,"A",.,"A",.,"A",.,"A",.,"A",156,"D",.,"A",.,"A",.,"A",.,"A",.,"A",.,"A",.,"A",.,"A"
"20102",2040675,44,0,"1",.,"A",.,"A",.,"A",.,"A",.,"A",.,"A",.,"A",.,"A",.,"A",.,"A",.,"A",.,"A",46,"D",.,"A",.,"A"
"20102",2040685,41,0,"1",.,"A",.,"A",.,"A",.,"A",.,"A",.,"A",.,"A",.,"A",.,"A",.,"A",.,"A",.,"A",.,"A",.,"A",.,"A"
"20102",2040695,43,0,"1",.,"A",.,"A",.,"A",.,"A",30,"D",.,"A",.,"A",.,"A",.,"A",.,"A",.,"A",.,"A",.,"A",.,"A",.,"A"
"20102",2040705,61,0,"1",.,"A",.,"A",8,"D",.,"A",.,"A",.,"A",455,"D",.,"A",.,"A",36,"D",0,"D",0,"D",60,"D",12,"D",.,"A"
"20102",2040715,55,0,"1",.,"A",.,"A",.,"A",.,"A",.,"A",.,"A",.,"A",.,"A",.,"A",.,"A",.,"A",.,"A",300,"D",.,"A",.,"A"
"20102",2040725,49,0,"1",.,"A",.,"A",.,"A",.,"A",.,"A",.,"A",780,"D",.,"A",.,"A",.,"A",.,"A",.,"A",.,"A",.,"A",.,"A"
"20102",2040735,52,0,"1",.,"A",.,"A",.,"A",30,"D",.,"A",50,"D",.,"A",.,"A",.,"A",1245,"D",0,"D",0,"D",.,"A",415,"D",.,"A"
"20102",2040745,57,0,"1",.,"A",.,"A",.,"A",.,"A",.,"A",.,"A",.,"A",.,"A",.,"A",.,"A",.,"A",.,"A",100,"D",.,"A",.,"A"
"20102",2040755,43,0,"1",.,"A",.,"A",.,"A",.,"A",.,"A",.,"A",.,"A",.,"A",.,"A",.,"A",.,"A",.,"A",.,"A",.,"A",.,"A"
"20102",2040765,55,0,"1",.,"A",.,"A",.,"A",.,"A",.,"A",.,"A",.,"A",.,"A",.,"A",.,"A",.,"A",.,"A",36,"D",.,"A",.,"A"
"20102",2040775,32,0,"1",.,"A",.,"A",.,"A",.,"A",30,"D",21,"D",.,"A",.,"A",.,"A",.,"A",.,"A",.,"A",25,"D",.,"A",.,"A"
"20102",2040785,44,0,"1",.,"A",.,"A",.,"A",.,"A",.,"A",.,"A",.,"A",.,"A",.,"A",.,"A",.,"A",.,"A",70,"D",.,"A",.,"A"
"20102",2040795,44,0,"1",.,"A",.,"A",.,"A",.,"A",.,"A",100,"D",.,"A",.,"A",.,"A",.,"A",.,"A",.,"A",50,"D",.,"A",.,"A"
"20102",2040805,59,0,"1",.,"A",.,"A",.,"A",.,"A",.,"A",.,"A",.,"A",.,"A",.,"A",.,"A",.,"A",.,"A",50,"D",.,"A",.,"A"
"20102",2040815,75,0,"1",.,"A",.,"A",.,"A",.,"A",.,"A",150,"D",.,"A",.,"A",.,"A",.,"A",.,"A",.,"A",600,"D",.,"A",.,"A"
"20102",2040845,91,0,"1",.,"A",.,"A",.,"A",.,"A",.,"A",.,"A",.,"A",.,"A",45,"D",.,"A",.,"A",.,"A",.,"A",.,"A",.,"A"
"20102",2040855,66,0,"1",.,"A",.,"A",.,"A",.,"A",.,"A",30,"D",.,"A",.,"A",.,"A",.,"A",.,"A",.,"A",80,"D",.,"A",.,"A"
"20102",2040865,69,0,"1",.,"A",.,"A",.,"A",.,"A",.,"A",.,"A",.,"A",.,"A",3,"F",.,"A",.,"A",.,"A",150,"F",.,"A",.,"A"
"20102",2040885,38,0,"1",.,"A",.,"A",.,"A",.,"A",.,"A",.,"A",.,"A",.,"A",.,"A",.,"A",.,"A",.,"A",12,"D",.,"A",.,"A"
"20102",2040915,44,0,"1",.,"A",.,"A",.,"A",.,"A",.,"A",.,"A",325,"D",.,"A",.,"A",.,"A",.,"A",.,"A",.,"A",.,"A",.,"A"
"20102",2040965,34,0,"1",.,"A",.,"A",.,"A",110,"D",.,"A",.,"A",.,"A",.,"A",.,"A",.,"A",.,"A",.,"A",.,"A",.,"A",.,"A"
"20102",2040975,36,0,"1",.,"A",.,"A",.,"A",.,"A",20,"D",.,"A",.,"A",.,"A",.,"A",.,"A",.,"A",.,"A",10,"D",.,"A",.,"A"
"20102",2040985,38,0,"1",.,"A",.,"A",.,"A",.,"A",.,"A",4,"D",.,"A",.,"A",24,"D",.,"A",.,"A",.,"A",.,"A",.,"A",.,"A"
"20102",2040995,27,0,"1",.,"A",.,"A",.,"A",.,"A",.,"A",.,"A",.,"A",.,"A",.,"A",.,"A",.,"A",.,"A",13,"D",.,"A",.,"A"
"20102",2041005,50,0,"1",.,"A",.,"A",.,"A",.,"A",.,"A",.,"A",.,"A",.,"A",.,"A",360,"D",0,"D",0,"D",.,"A",120,"D",.,"A"
"20102",2041015,38,0,"1",.,"A",.,"A",.,"A",.,"A",.,"A",.,"A",455,"D",.,"A",.,"A",.,"A",.,"A",.,"A",11,"D",.,"A",.,"A"
"20102",2041025,31,0,"1",.,"A",.,"A",.,"A",.,"A",20,"D",.,"A",.,"A",.,"A",.,"A",.,"A",.,"A",.,"A",.,"A",.,"A",.,"A"
"20102",2041055,27,0,"1",.,"A",.,"A",.,"A",.,"A",12,"D",.,"A",.,"A",.,"A",.,"A",.,"A",.,"A",.,"A",.,"A",.,"A",.,"A"
"20102",2041075,27,0,"1",.,"A",.,"A",.,"A",.,"A",.,"A",.,"A",.,"A",.,"A",.,"A",.,"A",.,"A",.,"A",85,"D",.,"A",.,"A"
"20102",2041095,62,0,"1",.,"A",.,"A",.,"A",.,"A",.,"A",.,"A",.,"A",.,"A",.,"A",.,"A",.,"A",.,"A",.,"A",.,"A",.,"A"
"20102",2041125,74,0,"1",.,"A",.,"A",.,"A",.,"A",.,"A",30,"D",.,"A",.,"A",.,"A",.,"A",.,"A",.,"A",50,"D",.,"A",.,"A"
"20102",2041135,43,0,"1",.,"A",.,"A",.,"A",.,"A",.,"A",.,"A",.,"A",.,"A",.,"A",.,"A",.,"A",.,"A",.,"A",.,"A",.,"A"
"20102",2041155,67,0,"1",.,"A",.,"A",.,"A",.,"A",.,"A",.,"A",.,"A",.,"A",.,"A",.,"A",.,"A",.,"A",.,"A",.,"A",.,"A"
"20102",2041175,49,0,"1",.,"A",.,"A",.,"A",.,"A",.,"A",.,"A",780,"D",.,"A",36,"D",.,"A",.,"A",.,"A",.,"A",.,"A",.,"A"
"20102",2041185,38,0,"1",.,"A",.,"A",.,"A",.,"A",.,"A",.,"A",.,"A",.,"A",.,"A",.,"A",.,"A",.,"A",.,"A",.,"A",.,"A"
"20102",2041205,64,0,"1",.,"A",.,"A",.,"A",.,"A",.,"A",45,"D",325,"D",.,"A",30,"D",.,"A",.,"A",.,"A",135,"D",.,"A",.,"A"
"20102",2041225,88,0,"1",.,"A",.,"A",.,"A",.,"A",.,"A",.,"A",.,"A",.,"A",.,"A",.,"A",.,"A",.,"A",175,"D",.,"A",.,"A"
"20102",2041255,74,0,"1",.,"A",.,"A",.,"A",.,"A",.,"A",.,"A",78,"D",.,"A",15,"D",.,"A",.,"A",.,"A",90,"D",.,"A",.,"A"
"20102",2041285,40,0,"1",.,"A",.,"A",.,"A",.,"A",.,"A",.,"A",.,"A",.,"A",.,"A",.,"A",.,"A",.,"A",.,"A",.,"A",.,"A"
"20102",2041295,33,0,"1",10,"D",.,"A",.,"A",.,"A",55,"D",.,"A",.,"A",.,"A",.,"A",.,"A",.,"A",.,"A",.,"A",.,"A",.,"A"
"20102",2041305,45,0,"1",.,"A",.,"A",.,"A",.,"A",.,"A",.,"A",.,"A",.,"A",.,"A",.,"A",.,"A",.,"A",.,"A",.,"A",.,"A"
"20102",2041325,70,0,"1",.,"A",.,"A",.,"A",.,"A",.,"A",.,"A",.,"A",.,"A",.,"A",.,"A",.,"A",.,"A",44,"D",.,"A",.,"A"
"20102",2041335,32,0,"1",.,"A",.,"A",.,"A",.,"A",.,"A",.,"A",.,"A",.,"A",.,"A",.,"A",.,"A",.,"A",.,"A",.,"A",.,"A"
"20102",2041345,48,0,"1",.,"A",.,"A",.,"A",.,"A",.,"A",200,"D",.,"A",.,"A",.,"A",.,"A",.,"A",.,"A",30,"D",.,"A",.,"A"
"20102",2041355,61,0,"1",.,"A",.,"A",.,"A",.,"A",.,"A",.,"A",.,"A",.,"A",.,"A",.,"A",.,"A",.,"A",100,"D",.,"A",.,"A"
"20102",2041365,49,0,"1",.,"A",.,"A",.,"A",.,"A",.,"A",.,"A",.,"A",.,"A",.,"A",.,"A",.,"A",.,"A",.,"A",.,"A",.,"A"
"20102",2041385,50,0,"1",.,"A",.,"A",.,"A",.,"A",.,"A",.,"A",.,"A",.,"A",15,"D",.,"A",.,"A",.,"A",.,"A",.,"A",.,"A"
"20102",2041395,44,0,"1",.,"A",.,"A",.,"A",.,"A",.,"A",.,"A",.,"A",.,"A",27,"D",.,"A",.,"A",.,"A",.,"A",.,"A",.,"A"
"20102",2041405,26,0,"1",.,"A",.,"A",.,"A",.,"A",50,"D",.,"A",.,"A",.,"A",.,"A",0,"D",0,"D",60,"D",.,"A",0,"D",.,"A"
"20102",2161235,62,0,"1",.,"A",.,"A",.,"A",.,"A",.,"A",.,"A",.,"A",.,"A",.,"A",.,"A",.,"A",.,"A",.,"A",.,"A",.,"A"
"20102",2161255,36,0,"1",.,"A",.,"A",.,"A",.,"A",.,"A",.,"A",.,"A",.,"A",.,"A",.,"A",.,"A",.,"A",.,"A",.,"A",.,"A"
"20102",2161265,48,0,"1",.,"A",.,"A",.,"A",.,"A",.,"A",.,"A",.,"A",.,"A",.,"A",.,"A",.,"A",.,"A",20,"D",.,"A",.,"A"
"20102",2161345,50,0,"1",.,"A",.,"A",.,"A",.,"A",.,"A",.,"A",130,"D",.,"A",30,"D",.,"A",.,"A",.,"A",150,"D",.,"A",.,"A"
"20102",2161385,38,0,"1",.,"A",.,"A",.,"A",.,"A",20,"D",.,"A",.,"A",.,"A",.,"A",.,"A",.,"A",.,"A",.,"A",.,"A",.,"A"
"20102",2161415,55,0,"1",.,"A",.,"A",.,"A",.,"A",.,"A",.,"A",.,"A",.,"A",.,"A",.,"A",.,"A",.,"A",250,"D",.,"A",.,"A"
"20102",2161425,75,0,"1",.,"A",.,"A",.,"A",.,"A",.,"A",.,"A",.,"A",.,"A",.,"A",.,"A",.,"A",.,"A",175,"D",.,"A",.,"A"
"20102",2161445,38,0,"1",.,"A",.,"A",.,"A",.,"A",60,"D",.,"A",325,"D",.,"A",30,"D",.,"A",.,"A",.,"A",20,"D",.,"A",.,"A"
"20102",2161465,36,0,"1",.,"A",.,"A",.,"A",.,"A",.,"A",.,"A",.,"A",.,"A",.,"A",.,"A",.,"A",.,"A",20,"D",.,"A",.,"A"
"20102",2161495,29,0,"1",.,"A",.,"A",.,"A",.,"A",.,"A",.,"A",650,"D",.,"A",.,"A",.,"A",.,"A",.,"A",20,"D",.,"A",.,"A"
"20102",2161545,35,0,"1",.,"A",.,"A",.,"A",.,"A",.,"A",.,"A",.,"A",.,"A",.,"A",.,"A",.,"A",.,"A",.,"A",.,"A",.,"A"
"20102",2161565,41,0,"1",.,"A",.,"A",.,"A",.,"A",.,"A",.,"A",.,"A",.,"A",.,"A",.,"A",.,"A",.,"A",320,"D",.,"A",.,"A"
"20102",2161575,56,0,"1",.,"A",.,"A",.,"A",.,"A",.,"A",.,"A",.,"A",.,"A",.,"A",.,"A",.,"A",.,"A",.,"A",.,"A",.,"A"
"20102",2161595,51,0,"1",.,"A",15,"D",.,"A",.,"A",.,"A",35,"D",.,"A",.,"A",21,"D",180,"D",6,"D",3,"D",112,"D",60,"D",.,"A"
"20102",2161645,53,0,"1",.,"A",.,"A",.,"A",.,"A",.,"A",30,"D",.,"A",.,"A",.,"A",.,"A",.,"A",.,"A",65,"D",.,"A",.,"A"
"20102",2161665,56,0,"1",.,"A",.,"A",.,"A",.,"A",.,"A",.,"A",.,"A",.,"A",.,"A",.,"A",.,"A",.,"A",30,"D",.,"A",.,"A"
"20102",2161675,42,0,"1",.,"A",.,"A",.,"A",.,"A",.,"A",.,"A",520,"D",.,"A",.,"A",.,"A",.,"A",.,"A",20,"D",.,"A",.,"A"
"20102",2161735,58,0,"1",.,"A",.,"A",.,"A",.,"A",.,"A",.,"A",.,"A",.,"A",.,"A",.,"A",.,"A",.,"A",.,"A",.,"A",.,"A"
"20102",2161785,38,0,"1",.,"A",.,"A",.,"A",.,"A",30,"D",.,"A",.,"A",39,"D",30,"D",.,"A",.,"A",.,"A",.,"A",.,"A",.,"A"
"20102",2161875,28,0,"1",.,"A",.,"A",.,"A",.,"A",.,"A",.,"A",.,"A",.,"A",.,"A",.,"A",.,"A",.,"A",.,"A",.,"A",.,"A"
"20102",2161925,45,0,"1",.,"A",.,"A",.,"A",.,"A",60,"D",.,"A",.,"A",.,"A",.,"A",.,"A",.,"A",.,"A",120,"D",.,"A",.,"A"
"20102",2162045,62,0,"1",.,"A",.,"A",.,"A",.,"A",.,"A",.,"A",.,"A",.,"A",.,"A",.,"A",.,"A",.,"A",.,"A",.,"A",.,"A"
"20102",2162075,49,0,"1",.,"A",.,"A",.,"A",.,"A",.,"A",.,"A",650,"D",.,"A",60,"D",.,"A",.,"A",.,"A",240,"D",.,"A",.,"A"
"20102",2162085,39,0,"1",.,"A",.,"A",.,"A",.,"A",.,"A",.,"A",.,"A",.,"A",.,"A",.,"A",.,"A",.,"A",.,"A",.,"A",.,"A"
"20102",2162145,43,0,"1",.,"A",80,"F",.,"A",.,"A",.,"A",80,"F",.,"A",.,"A",.,"A",.,"A",.,"A",.,"A",.,"A",.,"A",.,"A"
"20102",2162155,35,0,"1",.,"A",.,"A",.,"A",.,"A",.,"A",.,"A",.,"A",.,"A",.,"A",.,"A",.,"A",.,"A",.,"A",.,"A",.,"A"
"20102",2162195,67,0,"1",.,"A",.,"A",.,"A",.,"A",.,"A",.,"A",572,"D",.,"A",.,"A",.,"A",.,"A",.,"A",280,"D",.,"A",.,"A"
"20102",2162295,83,0,"1",.,"A",.,"A",.,"A",.,"A",.,"A",150,"D",.,"A",.,"A",.,"A",.,"A",.,"A",.,"A",600,"D",.,"A",.,"A"
"20102",2162355,32,0,"1",.,"A",.,"A",.,"A",.,"A",.,"A",120,"F",.,"A",.,"A",.,"A",.,"A",.,"A",.,"A",.,"A",.,"A",.,"A"
"20102",2162405,42,0,"1",.,"A",.,"A",.,"A",25,"D",.,"A",16,"D",.,"A",.,"A",30,"D",.,"A",.,"A",.,"A",.,"A",.,"A",.,"A"
"20102",2162415,64,0,"1",.,"A",.,"A",.,"A",.,"A",.,"A",.,"A",.,"A",.,"A",.,"A",.,"A",.,"A",.,"A",.,"A",.,"A",.,"A"
"20102",2162455,51,0,"1",.,"A",.,"A",.,"A",.,"A",.,"A",.,"A",.,"A",.,"A",.,"A",.,"A",.,"A",.,"A",.,"A",.,"A",.,"A"
"20102",2162465,73,0,"1",.,"A",.,"A",.,"A",.,"A",60,"D",.,"A",.,"A",.,"A",.,"A",.,"A",.,"A",.,"A",55,"D",.,"A",.,"A"
"20102",2162475,73,0,"1",.,"A",.,"A",.,"A",.,"A",.,"A",.,"A",325,"D",.,"A",.,"A",.,"A",.,"A",.,"A",.,"A",.,"A",.,"A"
"20102",2162495,42,0,"1",.,"A",.,"A",.,"A",.,"A",.,"A",.,"A",.,"A",.,"A",.,"A",.,"A",.,"A",.,"A",.,"A",.,"A",.,"A"
"20102",2162575,55,0,"1",.,"A",.,"A",.,"A",.,"A",.,"A",100,"D",.,"A",.,"A",.,"A",.,"A",.,"A",.,"A",400,"D",.,"A",.,"A"
"20102",2162585,34,0,"1",.,"A",.,"A",.,"A",.,"A",.,"A",.,"A",.,"A",.,"A",.,"A",.,"A",.,"A",.,"A",.,"A",.,"A",.,"A"
"20102",2162645,52,0,"1",.,"A",.,"A",.,"A",.,"A",.,"A",.,"A",.,"A",.,"A",.,"A",.,"A",.,"A",.,"A",.,"A",.,"A",.,"A"
"20102",2162685,27,0,"1",.,"A",.,"A",.,"A",.,"A",.,"A",.,"A",.,"A",.,"A",.,"A",.,"A",.,"A",.,"A",120,"F",.,"A",.,"A"
"20102",2162945,50,0,"1",.,"A",.,"A",.,"A",.,"A",.,"A",40,"D",.,"A",.,"A",.,"A",.,"A",.,"A",.,"A",25,"D",.,"A",.,"A"
"20102",2162965,23,0,"1",.,"A",.,"A",.,"A",47,"D",48,"D",.,"A",.,"A",.,"A",.,"A",480,"D",0,"D",45,"D",180,"D",160,"D",.,"A"
"20102",2163015,29,0,"1",.,"A",.,"A",.,"A",.,"A",.,"A",.,"A",.,"A",.,"A",.,"A",90,"D",6,"D",6,"D",.,"A",30,"D",.,"A"
"20102",2163085,27,0,"1",.,"A",.,"A",.,"A",.,"A",.,"A",.,"A",.,"A",.,"A",.,"A",.,"A",.,"A",.,"A",.,"A",.,"A",.,"A"
"20102",2163115,46,0,"1",.,"A",.,"A",.,"A",.,"A",.,"A",.,"A",.,"A",.,"A",.,"A",.,"A",.,"A",.,"A",240,"D",.,"A",.,"A"
"20102",2163215,32,0,"1",.,"A",.,"A",.,"A",20,"D",.,"A",.,"A",.,"A",.,"A",.,"A",.,"A",.,"A",.,"A",50,"D",.,"A",.,"A"
"20102",2163235,36,0,"1",.,"A",.,"A",.,"A",.,"A",.,"A",20,"D",91,"D",.,"A",.,"A",.,"A",.,"A",.,"A",60,"D",.,"A",.,"A"
"20102",2163295,61,0,"1",.,"A",.,"A",.,"A",.,"A",.,"A",.,"A",325,"D",.,"A",.,"A",.,"A",.,"A",.,"A",.,"A",.,"A",.,"A"
"20102",2163345,38,0,"1",.,"A",.,"A",.,"A",.,"A",.,"A",30,"D",.,"A",.,"A",.,"A",.,"A",.,"A",.,"A",60,"D",.,"A",.,"A"
"20102",2163355,48,0,"1",.,"A",.,"A",15,"D",.,"A",.,"A",40,"D",.,"A",.,"A",.,"A",.,"A",.,"A",.,"A",120,"D",.,"A",.,"A"
"20102",2163385,47,0,"1",.,"A",.,"A",.,"A",.,"A",.,"A",.,"A",.,"A",.,"A",.,"A",.,"A",.,"A",.,"A",180,"D",.,"A",.,"A"
"20102",2163395,32,0,"1",.,"A",.,"A",.,"A",.,"A",.,"A",.,"A",.,"A",.,"A",.,"A",240,"D",0,"D",0,"D",.,"A",80,"D",.,"A"
"20102",2163415,53,0,"1",.,"A",.,"A",.,"A",.,"A",.,"A",.,"A",.,"A",.,"A",.,"A",.,"A",.,"A",.,"A",60,"D",.,"A",.,"A"
"20102",2163545,28,0,"1",.,"A",.,"A",.,"A",.,"A",.,"A",.,"A",.,"A",.,"A",.,"A",.,"A",.,"A",.,"A",.,"A",.,"A",.,"A"
"20102",2163565,33,0,"1",.,"A",.,"A",.,"A",.,"A",.,"A",.,"A",.,"A",.,"A",.,"A",.,"A",.,"A",.,"A",.,"A",.,"A",.,"A"
"20102",2163585,52,0,"1",.,"A",.,"A",.,"A",.,"A",.,"A",.,"A",260,"D",.,"A",15,"D",.,"A",.,"A",.,"A",.,"A",.,"A",.,"A"
"20102",2163595,44,0,"1",.,"A",0,"F",.,"A",.,"A",.,"A",180,"F",.,"A",.,"A",.,"A",.,"A",.,"A",.,"A",300,"D",.,"A",.,"A"
"20102",2163635,36,0,"1",.,"A",.,"A",.,"A",.,"A",.,"A",.,"A",.,"A",.,"A",.,"A",.,"A",.,"A",.,"A",.,"A",.,"A",.,"A"
"20102",2163775,36,0,"1",.,"A",.,"A",.,"A",.,"A",.,"A",.,"A",.,"A",.,"A",.,"A",.,"A",.,"A",.,"A",175,"D",.,"A",.,"A"
"20102",2163785,36,0,"1",.,"A",.,"A",.,"A",.,"A",.,"A",.,"A",546,"D",.,"A",.,"A",.,"A",.,"A",.,"A",220,"D",.,"A",.,"A"
"20102",2163815,26,0,"1",.,"A",.,"A",.,"A",.,"A",.,"A",.,"A",1040,"D",.,"A",.,"A",.,"A",.,"A",.,"A",.,"A",.,"A",.,"A"
"20102",2163895,62,0,"1",.,"A",.,"A",.,"A",.,"A",.,"A",.,"A",.,"A",.,"A",.,"A",.,"A",.,"A",.,"A",480,"D",.,"A",.,"A"
"20102",2163955,31,0,"1",.,"A",.,"A",.,"A",.,"A",.,"A",.,"A",780,"D",.,"A",.,"A",.,"A",.,"A",.,"A",.,"A",.,"A",.,"A"
"20102",2164055,38,0,"1",.,"A",.,"A",.,"A",.,"A",.,"A",.,"A",.,"A",.,"A",.,"A",.,"A",.,"A",.,"A",.,"A",.,"A",.,"A"
"20102",2164075,43,0,"1",.,"A",.,"A",.,"A",.,"A",.,"A",.,"A",507,"D",.,"A",.,"A",.,"A",.,"A",.,"A",50,"D",.,"A",.,"A"
"20102",2164085,25,0,"1",.,"A",.,"A",.,"A",.,"A",.,"A",.,"A",.,"A",.,"A",.,"A",.,"A",.,"A",.,"A",.,"A",.,"A",.,"A"
"20102",2164115,42,0,"1",.,"A",.,"A",.,"A",.,"A",.,"A",.,"A",.,"A",.,"A",.,"A",.,"A",.,"A",.,"A",.,"A",.,"A",.,"A"
"20102",2164285,32,0,"1",.,"A",.,"A",.,"A",.,"A",.,"A",.,"A",.,"A",.,"A",.,"A",.,"A",.,"A",.,"A",.,"A",.,"A",.,"A"
"20102",2164315,32,0,"1",.,"A",.,"A",.,"A",.,"A",.,"A",.,"A",.,"A",.,"A",.,"A",.,"A",.,"A",.,"A",60,"D",.,"A",.,"A"
"20102",2164605,51,0,"1",.,"A",.,"A",.,"A",.,"A",.,"A",.,"A",.,"A",.,"A",.,"A",.,"A",.,"A",.,"A",.,"A",.,"A",.,"A"
"20102",2164685,37,0,"1",.,"A",.,"A",.,"A",.,"A",.,"A",.,"A",.,"A",.,"A",.,"A",.,"A",.,"A",.,"A",.,"A",.,"A",.,"A"
"20102",2164715,55,0,"1",.,"A",.,"A",.,"A",.,"A",.,"A",60,"D",.,"A",.,"A",.,"A",.,"A",.,"A",.,"A",40,"D",.,"A",.,"A"
"20102",2164725,26,0,"1",.,"A",.,"A",.,"A",.,"A",240,"D",.,"A",.,"A",.,"A",.,"A",.,"A",.,"A",.,"A",.,"A",.,"A",.,"A"
"20102",2164755,37,0,"1",.,"A",.,"A",.,"A",.,"A",.,"A",.,"A",.,"A",.,"A",.,"A",.,"A",.,"A",.,"A",30,"D",.,"A",.,"A"
"20102",2164875,56,0,"1",.,"A",.,"A",.,"A",.,"A",.,"A",.,"A",.,"A",.,"A",.,"A",.,"A",.,"A",.,"A",.,"A",.,"A",.,"A"
"20102",2164905,61,0,"1",.,"A",.,"A",.,"A",600,"D",.,"A",.,"A",.,"A",.,"A",.,"A",.,"A",.,"A",.,"A",.,"A",.,"A",.,"A"
"20102",2165025,32,0,"1",.,"A",.,"A",.,"A",.,"A",.,"A",.,"A",.,"A",.,"A",.,"A",.,"A",.,"A",.,"A",.,"A",.,"A",.,"A"
"20102",2165125,41,0,"1",.,"A",.,"A",.,"A",.,"A",.,"A",.,"A",.,"A",.,"A",.,"A",.,"A",.,"A",.,"A",30,"D",.,"A",.,"A"
"20102",2165135,38,0,"1",.,"A",.,"A",.,"A",.,"A",.,"A",.,"A",.,"A",.,"A",.,"A",.,"A",.,"A",.,"A",5,"D",.,"A",.,"A"
"20102",2165305,37,0,"1",.,"A",.,"A",.,"A",.,"A",.,"A",.,"A",26,"D",156,"D",21,"F",.,"A",.,"A",.,"A",350,"D",.,"A",.,"A"
"20102",2165405,52,0,"1",.,"A",.,"A",.,"A",.,"A",.,"A",.,"A",260,"D",.,"A",.,"A",.,"A",.,"A",.,"A",10,"D",.,"A",.,"A"
"20102",2165465,59,0,"1",.,"A",.,"A",.,"A",.,"A",.,"A",.,"A",.,"A",.,"A",.,"A",.,"A",.,"A",.,"A",40,"D",.,"A",.,"A"
"20102",2165525,43,0,"1",.,"A",.,"A",.,"A",.,"A",.,"A",.,"A",.,"A",.,"A",.,"A",.,"A",.,"A",.,"A",.,"A",.,"A",.,"A"
"20102",2165555,31,0,"1",.,"A",.,"A",.,"A",.,"A",.,"A",.,"A",.,"A",.,"A",.,"A",291,"D",0,"D",0,"D",.,"A",97,"D",.,"A"
"20102",2165665,51,0,"1",.,"A",.,"A",.,"A",.,"A",.,"A",.,"A",.,"A",.,"A",.,"A",.,"A",.,"A",.,"A",200,"D",.,"A",.,"A"
"20102",2165745,55,0,"1",.,"A",.,"A",.,"A",.,"A",.,"A",.,"A",.,"A",.,"A",30,"D",.,"A",.,"A",.,"A",115,"D",.,"A",.,"A"
"20102",2165805,52,0,"1",.,"A",.,"A",.,"A",.,"A",.,"A",.,"A",.,"A",.,"A",.,"A",.,"A",.,"A",.,"A",50,"D",.,"A",.,"A"
"20102",2165815,43,0,"1",.,"A",.,"A",.,"A",.,"A",.,"A",.,"A",.,"A",.,"A",.,"A",.,"A",.,"A",.,"A",.,"A",.,"A",.,"A"
"20102",2165855,52,0,"1",.,"A",.,"A",.,"A",.,"A",.,"A",35,"D",.,"A",.,"A",.,"A",.,"A",.,"A",.,"A",100,"D",.,"A",.,"A"
"20102",2165925,33,0,"1",.,"A",.,"A",.,"A",.,"A",.,"A",.,"A",.,"A",.,"A",.,"A",.,"A",.,"A",.,"A",.,"A",.,"A",.,"A"
"20102",2165935,75,0,"1",.,"A",.,"A",45,"D",.,"A",.,"A",.,"A",.,"A",.,"A",.,"A",0,"D",0,"D",0,"D",260,"D",0,"D",.,"A"
"20102",2165955,61,0,"1",60,"D",.,"A",.,"A",.,"A",60,"D",.,"A",390,"D",.,"A",.,"A",.,"A",.,"A",.,"A",45,"D",.,"A",.,"A"
"20102",2165965,62,0,"1",.,"A",.,"A",.,"A",.,"A",.,"A",.,"A",.,"A",.,"A",21,"F",.,"A",.,"A",.,"A",500,"D",.,"A",.,"A"
"20102",2166065,38,0,"1",.,"A",.,"A",.,"A",.,"A",.,"A",.,"A",.,"A",.,"A",.,"A",.,"A",.,"A",.,"A",.,"A",.,"A",.,"A"
"20102",2166285,84,0,"1",.,"A",.,"A",.,"A",.,"A",.,"A",.,"A",.,"A",.,"A",60,"D",.,"A",.,"A",.,"A",530,"D",.,"A",.,"A"
"20102",2166315,35,0,"1",.,"A",.,"A",.,"A",.,"A",.,"A",.,"A",325,"D",.,"A",.,"A",.,"A",.,"A",.,"A",.,"A",.,"A",.,"A"
"20102",2166325,36,0,"1",.,"A",.,"A",.,"A",.,"A",.,"A",.,"A",.,"A",.,"A",.,"A",.,"A",.,"A",.,"A",.,"A",.,"A",.,"A"
"20102",2166335,39,0,"1",.,"A",.,"A",.,"A",.,"A",.,"A",.,"A",.,"A",.,"A",9,"D",.,"A",.,"A",.,"A",30,"D",.,"A",.,"A"
"20102",2166345,47,0,"1",.,"A",.,"A",.,"A",.,"A",.,"A",.,"A",.,"A",260,"D",.,"A",.,"A",.,"A",.,"A",.,"A",.,"A",.,"A"
"20102",2166365,40,0,"1",.,"A",.,"A",.,"A",120,"D",150,"D",.,"A",975,"D",.,"A",.,"A",.,"A",.,"A",.,"A",150,"D",.,"A",.,"A"
"20102",2166415,28,0,"1",.,"A",.,"A",.,"A",.,"A",.,"A",.,"A",.,"A",.,"A",.,"A",.,"A",.,"A",.,"A",.,"A",.,"A",.,"A"
"20102",2166445,35,0,"1",.,"A",.,"A",.,"A",.,"A",.,"A",.,"A",520,"D",.,"A",.,"A",.,"A",.,"A",.,"A",.,"A",.,"A",.,"A"
"20102",2166465,53,0,"1",.,"A",.,"A",.,"A",.,"A",.,"A",.,"A",.,"A",.,"A",.,"A",.,"A",.,"A",.,"A",51,"D",.,"A",.,"A"
"20102",2166515,27,0,"1",.,"A",.,"A",.,"A",.,"A",.,"A",.,"A",.,"A",.,"A",.,"A",.,"A",.,"A",.,"A",.,"A",.,"A",.,"A"
"20102",2166635,31,0,"1",.,"A",.,"A",.,"A",17,"D",2,"D",.,"A",.,"A",.,"A",.,"A",.,"A",.,"A",.,"A",.,"A",.,"A",.,"A"
"20102",2166675,35,0,"1",.,"A",.,"A",.,"A",.,"A",.,"A",.,"A",.,"A",.,"A",.,"A",.,"A",.,"A",.,"A",180,"D",.,"A",.,"A"
"20102",2166685,39,0,"1",.,"A",.,"A",.,"A",.,"A",.,"A",.,"A",.,"A",.,"A",.,"A",.,"A",.,"A",.,"A",125,"D",.,"A",.,"A"
"20102",2166715,45,0,"1",.,"A",.,"A",.,"A",.,"A",.,"A",.,"A",234,"D",.,"A",.,"A",.,"A",.,"A",.,"A",105,"D",.,"A",.,"A"
"20102",2166805,101,0,"1",.,"A",.,"A",.,"A",.,"A",.,"A",20,"D",65,"D",.,"A",15,"D",.,"A",.,"A",.,"A",210,"D",.,"A",.,"A"
"20102",2166835,30,0,"1",.,"A",.,"A",.,"A",.,"A",.,"A",.,"A",.,"A",.,"A",.,"A",.,"A",.,"A",.,"A",80,"D",.,"A",.,"A"
"20102",2166845,34,0,"1",.,"A",.,"A",.,"A",.,"A",.,"A",.,"A",.,"A",.,"A",.,"A",.,"A",.,"A",.,"A",.,"A",.,"A",.,"A"
"20102",2166905,52,0,"1",.,"A",.,"A",.,"A",.,"A",.,"A",30,"D",.,"A",.,"A",.,"A",.,"A",.,"A",.,"A",35,"D",.,"A",.,"A"
"20102",2166915,34,0,"1",.,"A",.,"A",.,"A",.,"A",.,"A",.,"A",.,"A",.,"A",.,"A",.,"A",.,"A",.,"A",.,"A",.,"A",.,"A"
"20102",2166945,36,0,"1",.,"A",.,"A",.,"A",.,"A",.,"A",.,"A",.,"A",.,"A",.,"A",.,"A",.,"A",.,"A",.,"A",.,"A",.,"A"
"20102",2166955,36,0,"1",.,"A",.,"A",.,"A",.,"A",.,"A",.,"A",.,"A",.,"A",.,"A",.,"A",.,"A",.,"A",150,"D",.,"A",.,"A"
"20102",2166965,48,0,"1",.,"A",.,"A",.,"A",.,"A",.,"A",.,"A",.,"A",.,"A",.,"A",.,"A",.,"A",.,"A",.,"A",.,"A",.,"A"
"20102",2167145,27,0,"1",.,"A",.,"A",.,"A",.,"A",.,"A",.,"A",.,"A",.,"A",.,"A",.,"A",.,"A",.,"A",.,"A",.,"A",.,"A"
"20102",2167175,73,0,"1",.,"A",.,"A",.,"A",.,"A",.,"A",25,"D",.,"A",.,"A",.,"A",.,"A",.,"A",.,"A",100,"D",.,"A",.,"A"
"20102",2167275,61,0,"1",.,"A",.,"A",.,"A",.,"A",.,"A",.,"A",.,"A",.,"A",.,"A",.,"A",.,"A",.,"A",75,"D",.,"A",.,"A"
"20102",2167285,37,0,"1",.,"A",.,"A",.,"A",.,"A",.,"A",.,"A",546,"D",.,"A",.,"A",.,"A",.,"A",.,"A",.,"A",.,"A",.,"A"
"20102",2167295,40,0,"1",.,"A",.,"A",.,"A",.,"A",.,"A",.,"A",.,"A",.,"A",.,"A",.,"A",.,"A",.,"A",140,"D",.,"A",.,"A"
"20102",2167465,34,0,"1",.,"A",.,"A",.,"A",.,"A",.,"A",.,"A",.,"A",.,"A",.,"A",.,"A",.,"A",.,"A",.,"A",.,"A",.,"A"
"20102",2167495,48,0,"1",.,"A",.,"A",.,"A",.,"A",.,"A",.,"A",234,"D",.,"A",.,"A",.,"A",.,"A",.,"A",80,"D",.,"A",.,"A"
"20102",2167505,70,0,"1",.,"A",.,"A",.,"A",.,"A",.,"A",.,"A",195,"D",.,"A",.,"A",.,"A",.,"A",.,"A",100,"D",.,"A",.,"A"
"20102",2167575,64,0,"1",.,"A",.,"A",.,"A",.,"A",.,"A",.,"A",.,"A",.,"A",.,"A",.,"A",.,"A",.,"A",60,"D",.,"A",.,"A"
"20102",2167665,42,0,"1",.,"A",.,"A",.,"A",.,"A",.,"A",.,"A",.,"A",.,"A",.,"A",.,"A",.,"A",.,"A",120,"D",.,"A",.,"A"
"20102",2167695,35,0,"1",.,"A",.,"A",.,"A",.,"A",.,"A",.,"A",.,"A",.,"A",.,"A",.,"A",.,"A",.,"A",.,"A",.,"A",.,"A"
"20102",2167705,48,0,"1",.,"A",.,"A",.,"A",.,"A",65,"D",60,"D",.,"A",.,"A",.,"A",.,"A",.,"A",.,"A",300,"D",.,"A",.,"A"
"20102",2167715,32,0,"1",.,"A",.,"A",.,"A",.,"A",.,"A",45,"D",468,"D",.,"A",.,"A",.,"A",.,"A",.,"A",.,"A",.,"A",.,"A"
"20102",2167755,22,0,"1",.,"A",.,"A",.,"A",.,"A",15,"D",.,"A",.,"A",.,"A",.,"A",.,"A",.,"A",.,"A",.,"A",.,"A",.,"A"
"20102",2167805,38,0,"1",.,"A",.,"A",.,"A",.,"A",.,"A",.,"A",.,"A",.,"A",.,"A",.,"A",.,"A",.,"A",33,"F",.,"A",.,"A"
"20102",2167835,59,0,"1",.,"A",.,"A",.,"A",.,"A",.,"A",.,"A",.,"A",.,"A",.,"A",.,"A",.,"A",.,"A",25,"D",.,"A",.,"A"
"20102",2167855,29,0,"1",.,"A",.,"A",.,"A",.,"A",.,"A",.,"A",130,"D",.,"A",.,"A",.,"A",.,"A",.,"A",.,"A",.,"A",.,"A"
"20102",2167915,43,0,"1",.,"A",.,"A",.,"A",.,"A",.,"A",.,"A",.,"A",117,"D",.,"A",.,"A",.,"A",.,"A",12,"D",.,"A",.,"A"
"20102",2167935,27,0,"1",.,"A",.,"A",.,"A",.,"A",.,"A",.,"A",.,"A",.,"A",.,"A",.,"A",.,"A",.,"A",.,"A",.,"A",.,"A"
"20102",2167945,46,0,"1",.,"A",.,"A",.,"A",.,"A",.,"A",.,"A",1300,"D",.,"A",21,"D",.,"A",.,"A",.,"A",.,"A",.,"A",.,"A"
"20102",2168025,32,0,"1",.,"A",.,"A",.,"A",.,"A",.,"A",.,"A",.,"A",.,"A",.,"A",.,"A",.,"A",.,"A",120,"F",.,"A",.,"A"
"20102",2168075,53,0,"1",.,"A",.,"A",.,"A",.,"A",.,"A",.,"A",.,"A",.,"A",.,"A",.,"A",.,"A",.,"A",45,"D",.,"A",.,"A"
"20102",2168125,30,0,"1",.,"A",.,"A",.,"A",.,"A",.,"A",.,"A",.,"A",.,"A",.,"A",.,"A",.,"A",.,"A",.,"A",.,"A",.,"A"
"20102",2168175,58,0,"1",.,"A",.,"A",.,"A",.,"A",.,"A",.,"A",390,"D",130,"D",.,"A",.,"A",.,"A",.,"A",.,"A",.,"A",.,"A"
"20102",2168205,29,0,"1",.,"A",.,"A",.,"A",.,"A",.,"A",.,"A",.,"A",.,"A",.,"A",.,"A",.,"A",.,"A",.,"A",.,"A",.,"A"
"20102",2168225,62,0,"1",.,"A",.,"A",.,"A",.,"A",.,"A",.,"A",.,"A",.,"A",.,"A",.,"A",.,"A",.,"A",.,"A",.,"A",.,"A"
"20102",2168235,34,0,"1",.,"A",.,"A",.,"A",.,"A",.,"A",.,"A",.,"A",.,"A",.,"A",.,"A",.,"A",.,"A",132,"D",.,"A",.,"A"
"20102",2168305,40,0,"1",.,"A",.,"A",.,"A",.,"A",.,"A",.,"A",260,"D",.,"A",.,"A",.,"A",.,"A",.,"A",.,"A",.,"A",.,"A"
"20102",2168465,60,0,"1",.,"A",.,"A",.,"A",.,"A",.,"A",240,"D",.,"A",.,"A",.,"A",.,"A",.,"A",.,"A",500,"D",.,"A",.,"A"
"20102",2168555,74,0,"1",.,"A",.,"A",.,"A",.,"A",.,"A",.,"A",455,"D",.,"A",.,"A",.,"A",.,"A",.,"A",52,"D",.,"A",.,"A"
"20102",2168635,40,0,"1",.,"A",.,"A",.,"A",.,"A",.,"A",.,"A",.,"A",.,"A",.,"A",.,"A",.,"A",.,"A",25,"D",.,"A",.,"A"
"20102",2168645,45,0,"1",.,"A",.,"A",.,"A",.,"A",.,"A",20,"D",.,"A",.,"A",.,"A",189,"D",0,"D",0,"D",9,"D",63,"D",.,"A"
"20102",2168695,52,0,"1",.,"A",.,"A",.,"A",.,"A",.,"A",.,"A",130,"D",.,"A",.,"A",.,"A",.,"A",.,"A",.,"A",.,"A",.,"A"
"20102",2168745,53,0,"1",.,"A",.,"A",.,"A",.,"A",.,"A",40,"D",.,"A",.,"A",.,"A",.,"A",.,"A",.,"A",50,"D",.,"A",.,"A"
"20102",2168875,48,0,"1",.,"A",.,"A",.,"A",.,"A",.,"A",.,"A",.,"A",.,"A",.,"A",.,"A",.,"A",.,"A",40,"D",.,"A",.,"A"
"20102",2168885,53,0,"1",.,"A",.,"A",.,"A",.,"A",.,"A",.,"A",52,"D",.,"A",.,"A",.,"A",.,"A",.,"A",80,"D",.,"A",.,"A"
"20102",2168914,34,0,"1",.,"A",.,"A",.,"A",.,"A",.,"A",.,"A",.,"A",.,"A",.,"A",.,"A",.,"A",.,"A",15,"D",.,"A",.,"A"
"20102",2168954,27,0,"1",.,"A",.,"A",.,"A",.,"A",.,"A",.,"A",.,"A",.,"A",.,"A",.,"A",.,"A",.,"A",.,"A",.,"A",.,"A"
"20102",2168984,42,0,"1",.,"A",.,"A",.,"A",.,"A",.,"A",.,"A",.,"A",26,"D",.,"A",.,"A",.,"A",.,"A",.,"A",.,"A",.,"A"
"20102",2168994,38,0,"1",.,"A",.,"A",.,"A",.,"A",.,"A",.,"A",.,"A",.,"A",.,"A",.,"A",.,"A",.,"A",.,"A",.,"A",.,"A"
"20102",2169004,54,0,"1",.,"A",.,"A",.,"A",.,"A",.,"A",.,"A",.,"A",.,"A",.,"A",.,"A",.,"A",.,"A",.,"A",.,"A",.,"A"
"20102",2169014,28,0,"1",.,"A",.,"A",.,"A",.,"A",.,"A",.,"A",.,"A",.,"A",.,"A",180,"D",0,"D",0,"D",40,"D",60,"D",.,"A"
"20102",2169024,56,0,"1",.,"A",.,"A",.,"A",.,"A",.,"A",.,"A",.,"A",.,"A",.,"A",.,"A",.,"A",.,"A",110,"D",.,"A",.,"A"
"20102",2169034,72,0,"1",15,"D",.,"A",.,"A",.,"A",0,"D",.,"A",.,"A",.,"A",.,"A",.,"A",.,"A",.,"A",10,"D",.,"A",.,"A"
"20102",2169044,73,0,"1",.,"A",.,"A",.,"A",.,"A",.,"A",15,"D",520,"F",.,"A",.,"A",.,"A",.,"A",.,"A",450,"D",.,"A",.,"A"
"20102",2169054,30,0,"1",.,"A",.,"A",.,"A",.,"A",120,"D",.,"A",.,"A",.,"A",.,"A",.,"A",.,"A",.,"A",60,"D",.,"A",.,"A"
"20102",2169064,51,0,"1",.,"A",.,"A",.,"A",.,"A",.,"A",.,"A",780,"D",.,"A",30,"D",.,"A",.,"A",.,"A",30,"D",.,"A",.,"A"
"20102",2169084,62,0,"1",.,"A",.,"A",.,"A",.,"A",.,"A",.,"A",.,"A",.,"A",.,"A",.,"A",.,"A",.,"A",125,"D",.,"A",.,"A"
"20102",2169094,31,0,"1",.,"A",.,"A",.,"A",.,"A",.,"A",.,"A",.,"A",.,"A",.,"A",.,"A",.,"A",.,"A",.,"A",.,"A",.,"A"
"20102",2169104,58,0,"1",.,"A",.,"A",.,"A",.,"A",.,"A",.,"A",.,"A",.,"A",.,"A",0,"D",39,"D",0,"D",45,"D",0,"D",.,"A"
"20102",2169114,35,0,"1",.,"A",.,"A",.,"A",.,"A",.,"A",.,"A",.,"A",.,"A",36,"D",.,"A",.,"A",.,"A",.,"A",.,"A",.,"A"
"20102",2169124,66,0,"1",.,"A",.,"A",.,"A",.,"A",.,"A",.,"A",.,"A",.,"A",.,"A",.,"A",.,"A",.,"A",.,"A",.,"A",.,"A"
"20102",2169144,47,0,"1",.,"A",.,"A",.,"A",.,"A",.,"A",.,"A",.,"A",.,"A",.,"A",.,"A",.,"A",.,"A",100,"D",.,"A",.,"A"
"20102",2169154,40,0,"1",.,"A",.,"A",.,"A",.,"A",.,"A",.,"A",1092,"D",.,"A",.,"A",.,"A",.,"A",.,"A",.,"A",.,"A",.,"A"
"20102",2169184,32,0,"1",.,"A",.,"A",.,"A",.,"A",.,"A",.,"A",.,"A",.,"A",.,"A",.,"A",.,"A",.,"A",50,"D",.,"A",.,"A"
"20102",2169194,58,0,"1",.,"A",.,"A",.,"A",.,"A",.,"A",.,"A",.,"A",.,"A",.,"A",.,"A",.,"A",.,"A",.,"A",.,"A",.,"A"
"20102",2169204,43,0,"1",.,"A",.,"A",.,"A",.,"A",.,"A",.,"A",.,"A",.,"A",24,"D",.,"A",.,"A",.,"A",60,"D",.,"A",.,"A"
"20102",2169224,62,0,"1",.,"A",.,"A",.,"A",.,"A",.,"A",.,"A",.,"A",.,"A",.,"A",.,"A",.,"A",.,"A",100,"D",.,"A",.,"A"
"20102",2169234,70,0,"1",.,"A",.,"A",10,"D",.,"A",.,"A",.,"A",.,"A",.,"A",24,"D",.,"A",.,"A",.,"A",75,"D",.,"A",.,"A"
"20102",2169244,55,0,"1",.,"A",.,"A",.,"A",.,"A",.,"A",.,"A",.,"A",.,"A",.,"A",.,"A",.,"A",.,"A",44,"D",.,"A",.,"A"
"20102",2169254,48,0,"1",.,"A",.,"A",.,"A",.,"A",.,"A",.,"A",.,"A",.,"A",.,"A",.,"A",.,"A",.,"A",20,"D",.,"A",.,"A"
"20102",2169264,46,0,"1",.,"A",.,"A",.,"A",.,"A",.,"A",.,"A",.,"A",.,"A",.,"A",.,"A",.,"A",.,"A",123,"D",.,"A",.,"A"
"20102",2169274,59,0,"1",.,"A",.,"A",.,"A",.,"A",.,"A",.,"A",.,"A",.,"A",.,"A",.,"A",.,"A",.,"A",.,"A",.,"A",.,"A"
"20102",2169284,63,0,"1",.,"A",.,"A",.,"A",.,"A",.,"A",260,"D",.,"A",.,"A",.,"A",.,"A",.,"A",.,"A",335,"D",.,"A",.,"A"
"20102",2169294,50,0,"1",.,"A",18,"F",10,"F",.,"A",.,"A",225,"F",390,"D",.,"A",.,"A",.,"A",.,"A",.,"A",20,"D",.,"A",.,"A"
"20102",2169304,77,0,"1",.,"A",.,"A",.,"A",.,"A",.,"A",.,"A",.,"A",.,"A",.,"A",.,"A",.,"A",.,"A",60,"D",.,"A",.,"A"
"20102",2169314,48,0,"1",.,"A",.,"A",.,"A",.,"A",.,"A",110,"D",.,"A",.,"A",.,"A",.,"A",.,"A",.,"A",20,"D",.,"A",.,"A"
"20102",2169324,53,0,"1",.,"A",.,"A",.,"A",.,"A",.,"A",.,"A",.,"A",.,"A",.,"A",.,"A",.,"A",.,"A",60,"D",.,"A",.,"A"
"20102",2169354,67,0,"1",.,"A",.,"A",.,"A",.,"A",.,"A",.,"A",.,"A",.,"A",.,"A",.,"A",.,"A",.,"A",44,"D",.,"A",.,"A"
"20102",2169364,33,0,"1",.,"A",.,"A",.,"A",.,"A",.,"A",.,"A",130,"F",.,"A",.,"A",.,"A",.,"A",.,"A",.,"A",.,"A",.,"A"
"20102",2169374,76,0,"1",.,"A",.,"A",.,"A",.,"A",.,"A",75,"D",.,"A",.,"A",.,"A",.,"A",.,"A",.,"A",150,"D",.,"A",.,"A"
"20102",2169384,33,0,"1",.,"A",.,"A",.,"A",.,"A",.,"A",.,"A",650,"D",.,"A",.,"A",.,"A",.,"A",.,"A",.,"A",.,"A",.,"A"
"20102",2169394,41,0,"1",.,"A",.,"A",.,"A",.,"A",.,"A",.,"A",.,"A",.,"A",.,"A",.,"A",.,"A",.,"A",.,"A",.,"A",.,"A"
"20102",2169404,45,0,"1",.,"A",.,"A",.,"A",.,"A",.,"A",.,"A",.,"A",.,"A",.,"A",.,"A",.,"A",.,"A",600,"D",.,"A",.,"A"
"20102",2169434,47,0,"1",.,"A",.,"A",.,"A",.,"A",.,"A",.,"A",.,"A",.,"A",.,"A",.,"A",.,"A",.,"A",100,"D",.,"A",.,"A"
"20102",2169444,52,0,"1",.,"A",.,"A",.,"A",.,"A",.,"A",.,"A",.,"A",.,"A",.,"A",.,"A",.,"A",.,"A",.,"A",.,"A",.,"A"
"20102",2169454,60,0,"1",.,"A",.,"A",.,"A",.,"A",.,"A",.,"A",.,"A",.,"A",.,"A",.,"A",.,"A",.,"A",350,"D",.,"A",.,"A"
"20102",2169464,42,0,"1",.,"A",.,"A",.,"A",.,"A",.,"A",.,"A",.,"A",.,"A",.,"A",.,"A",.,"A",.,"A",.,"A",.,"A",.,"A"
"20102",2169484,45,0,"1",.,"A",.,"A",.,"A",.,"A",.,"A",.,"A",.,"A",.,"A",.,"A",.,"A",.,"A",.,"A",.,"A",.,"A",.,"A"
"20102",2169514,81,0,"1",.,"A",.,"A",.,"A",.,"A",.,"A",.,"A",.,"A",.,"A",.,"A",.,"A",.,"A",.,"A",150,"D",.,"A",.,"A"
"20102",2169534,42,0,"1",.,"A",.,"A",.,"A",.,"A",.,"A",30,"D",.,"A",.,"A",.,"A",150,"D",0,"D",0,"D",500,"D",50,"D",150,"D"
"20102",2169544,43,0,"1",.,"A",.,"A",.,"A",.,"A",.,"A",.,"A",.,"A",.,"A",.,"A",.,"A",.,"A",.,"A",.,"A",.,"A",.,"A"
"20102",2169554,37,0,"1",.,"A",.,"A",.,"A",.,"A",60,"D",.,"A",.,"A",.,"A",.,"A",.,"A",.,"A",.,"A",.,"A",.,"A",.,"A"
"20102",2169564,30,0,"1",.,"A",.,"A",.,"A",.,"A",.,"A",.,"A",.,"A",.,"A",.,"A",0,"D",0,"D",120,"D",.,"A",0,"D",.,"A"
"20102",2169574,45,0,"1",.,"A",.,"A",.,"A",.,"A",.,"A",.,"A",.,"A",.,"A",.,"A",.,"A",.,"A",.,"A",120,"D",.,"A",.,"A"
"20102",2169584,144,0,"1",.,"A",.,"A",.,"A",.,"A",.,"A",159,"D",.,"A",.,"A",.,"A",.,"A",.,"A",.,"A",85,"D",.,"A",.,"A"
"20102",2169654,36,0,"1",.,"A",.,"A",.,"A",.,"A",20,"D",.,"A",.,"A",.,"A",.,"A",.,"A",.,"A",.,"A",.,"A",.,"A",.,"A"
"20102",2169664,46,0,"1",.,"A",.,"A",.,"A",.,"A",.,"A",.,"A",.,"A",.,"A",.,"A",.,"A",.,"A",.,"A",.,"A",.,"A",.,"A"
"20102",2169684,57,0,"1",.,"A",.,"A",.,"A",.,"A",.,"A",.,"A",.,"A",.,"A",.,"A",.,"A",.,"A",.,"A",50,"D",.,"A",.,"A"
"20102",2169704,47,0,"1",.,"A",.,"A",.,"A",.,"A",.,"A",.,"A",.,"A",.,"A",.,"A",.,"A",.,"A",.,"A",200,"D",.,"A",.,"A"
"20102",2169724,33,0,"1",.,"A",.,"A",.,"A",.,"A",.,"A",.,"A",.,"A",.,"A",.,"A",.,"A",.,"A",.,"A",.,"A",.,"A",.,"A"
"20102",2169734,27,0,"1",.,"A",.,"A",.,"A",.,"A",.,"A",.,"A",195,"D",.,"A",.,"A",.,"A",.,"A",.,"A",.,"A",.,"A",.,"A"
"20102",2169744,23,0,"1",.,"A",23,"D",.,"A",.,"A",.,"A",0,"D",.,"A",.,"A",.,"A",.,"A",.,"A",.,"A",.,"A",.,"A",.,"A"
"20102",2169764,52,0,"1",.,"A",.,"A",.,"A",.,"A",.,"A",.,"A",195,"D",.,"A",.,"A",.,"A",.,"A",.,"A",36,"D",.,"A",.,"A"
"20102",2169784,56,0,"1",.,"A",.,"A",40,"D",.,"A",.,"A",.,"A",.,"A",.,"A",.,"A",.,"A",.,"A",.,"A",.,"A",.,"A",.,"A"
"20102",2169794,28,0,"1",.,"A",.,"A",.,"A",.,"A",.,"A",.,"A",.,"A",.,"A",.,"A",.,"A",.,"A",.,"A",170,"D",.,"A",.,"A"
"20102",2169804,48,0,"1",.,"A",.,"A",.,"A",.,"A",.,"A",.,"A",1300,"D",.,"A",21,"D",.,"A",.,"A",.,"A",.,"A",.,"A",.,"A"
"20102",2169814,70,0,"1",.,"A",.,"A",.,"A",.,"A",.,"A",50,"D",.,"A",.,"A",.,"A",0,"D",0,"D",30,"D",120,"D",0,"D",.,"A"
"20102",2169834,71,0,"1",.,"A",.,"A",.,"A",.,"A",.,"A",.,"A",702,"D",.,"A",.,"A",.,"A",.,"A",.,"A",80,"D",.,"A",.,"A"
"20102",2169844,57,0,"1",.,"A",.,"A",.,"A",.,"A",.,"A",60,"D",.,"A",.,"A",.,"A",.,"A",.,"A",.,"A",300,"D",.,"A",.,"A"
"20102",2169864,42,0,"1",.,"A",.,"A",.,"A",.,"A",.,"A",.,"A",.,"A",.,"A",.,"A",.,"A",.,"A",.,"A",.,"A",.,"A",.,"A"
"20102",2169874,43,0,"1",.,"A",.,"A",.,"A",.,"A",.,"A",.,"A",325,"D",65,"D",.,"A",.,"A",.,"A",.,"A",.,"A",.,"A",.,"A"
"20102",2169884,59,0,"1",.,"A",.,"A",.,"A",.,"A",.,"A",120,"D",156,"D",195,"D",30,"D",.,"A",.,"A",.,"A",160,"D",.,"A",.,"A"
"20102",2169914,49,0,"1",.,"A",.,"A",.,"A",.,"A",.,"A",.,"A",.,"A",.,"A",.,"A",.,"A",.,"A",.,"A",60,"D",.,"A",.,"A"
"20102",2169924,64,0,"1",.,"A",.,"A",.,"A",.,"A",.,"A",.,"A",.,"A",.,"A",.,"A",.,"A",.,"A",.,"A",28,"D",.,"A",.,"A"
"20102",2169934,61,0,"1",.,"A",.,"A",.,"A",.,"A",75,"D",.,"A",325,"D",.,"A",.,"A",.,"A",.,"A",.,"A",.,"A",.,"A",.,"A"
"20102",2169944,52,0,"1",.,"A",.,"A",.,"A",.,"A",.,"A",.,"A",91,"D",.,"A",.,"A",.,"A",.,"A",.,"A",.,"A",.,"A",.,"A"
"20102",2169954,63,0,"1",.,"A",.,"A",.,"A",.,"A",.,"A",150,"D",.,"A",.,"A",.,"A",.,"A",.,"A",.,"A",300,"D",.,"A",.,"A"
"20102",2169964,44,0,"1",.,"A",.,"A",.,"A",.,"A",.,"A",150,"D",.,"A",.,"A",.,"A",.,"A",.,"A",.,"A",30,"D",.,"A",.,"A"
"20102",2169974,133,0,"1",.,"A",.,"A",.,"A",.,"A",.,"A",20,"D",.,"A",.,"A",30,"D",0,"D",0,"D",0,"D",245,"D",0,"D",.,"A"
"20102",2169984,42,0,"1",.,"A",.,"A",.,"A",.,"A",.,"A",.,"A",.,"A",.,"A",.,"A",.,"A",.,"A",.,"A",.,"A",.,"A",.,"A"
"20102",2169994,42,0,"1",.,"A",.,"A",.,"A",.,"A",.,"A",.,"A",.,"A",.,"A",.,"A",.,"A",.,"A",.,"A",100,"D",.,"A",.,"A"
"20102",2170004,43,0,"1",.,"A",.,"A",.,"A",.,"A",.,"A",.,"A",.,"A",.,"A",.,"A",.,"A",.,"A",.,"A",.,"A",.,"A",.,"A"
"20102",2170064,84,0,"1",.,"A",.,"A",.,"A",.,"A",.,"A",.,"A",.,"A",.,"A",.,"A",.,"A",.,"A",.,"A",400,"D",.,"A",.,"A"
"20102",2170074,49,0,"1",.,"A",.,"A",.,"A",.,"A",.,"A",.,"A",273,"D",.,"A",.,"A",.,"A",.,"A",.,"A",26,"D",.,"A",.,"A"
"20102",2170084,42,0,"1",.,"A",.,"A",.,"A",.,"A",.,"A",.,"A",195,"D",.,"A",.,"A",.,"A",.,"A",.,"A",50,"D",.,"A",.,"A"
"20102",2170104,36,0,"1",.,"A",.,"A",.,"A",.,"A",.,"A",.,"A",.,"A",.,"A",.,"A",.,"A",.,"A",.,"A",.,"A",.,"A",.,"A"
"20102",2170124,43,0,"1",.,"A",.,"A",.,"A",.,"A",.,"A",.,"A",.,"A",.,"A",.,"A",.,"A",.,"A",.,"A",.,"A",.,"A",.,"A"
"20102",2170134,49,0,"1",.,"A",.,"A",.,"A",.,"A",.,"A",.,"A",.,"A",.,"A",.,"A",.,"A",.,"A",.,"A",150,"D",.,"A",.,"A"
"20102",2170144,48,0,"1",.,"A",.,"A",.,"A",.,"A",.,"A",.,"A",650,"D",.,"A",.,"A",.,"A",.,"A",.,"A",500,"D",.,"A",.,"A"
"20102",2170154,29,0,"1",.,"A",.,"A",.,"A",.,"A",.,"A",.,"A",780,"D",.,"A",.,"A",90,"D",0,"D",0,"D",.,"A",30,"D",.,"A"
"20102",2170164,45,0,"1",.,"A",.,"A",.,"A",.,"A",.,"A",.,"A",.,"A",.,"A",.,"A",.,"A",.,"A",.,"A",.,"A",.,"A",.,"A"
"20102",2170174,44,0,"1",.,"A",.,"A",.,"A",.,"A",.,"A",.,"A",.,"A",.,"A",.,"A",.,"A",.,"A",.,"A",100,"D",.,"A",.,"A"
"20102",2170235,30,0,"1",.,"A",.,"A",.,"A",.,"A",.,"A",.,"A",.,"A",.,"A",.,"A",.,"A",.,"A",.,"A",60,"F",.,"A",.,"A"
"20102",2170244,35,0,"1",.,"A",.,"A",.,"A",.,"A",48,"D",.,"A",.,"A",.,"A",.,"A",.,"A",.,"A",.,"A",52,"D",.,"A",.,"A"
"20102",2170254,87,0,"1",.,"A",.,"A",.,"A",.,"A",.,"A",.,"A",520,"D",.,"A",.,"A",.,"A",.,"A",.,"A",47,"D",.,"A",.,"A"
"20102",2170285,52,0,"1",.,"A",.,"A",.,"A",.,"A",.,"A",.,"A",.,"A",.,"A",.,"A",.,"A",.,"A",.,"A",.,"A",.,"A",.,"A"
"20102",2170294,46,0,"1",.,"A",.,"A",.,"A",.,"A",.,"A",.,"A",.,"A",.,"A",.,"A",.,"A",.,"A",.,"A",120,"D",.,"A",.,"A"
"20102",2170314,59,0,"1",.,"A",.,"A",.,"A",.,"A",.,"A",.,"A",.,"A",.,"A",.,"A",.,"A",.,"A",.,"A",22,"D",.,"A",.,"A"
"20102",2170344,58,0,"1",.,"A",.,"A",.,"A",.,"A",10,"D",.,"A",.,"A",.,"A",.,"A",.,"A",.,"A",.,"A",25,"D",.,"A",.,"A"
"20102",2170364,38,0,"1",.,"A",.,"A",.,"A",.,"A",.,"A",.,"A",.,"A",.,"A",.,"A",.,"A",.,"A",.,"A",20,"D",.,"A",.,"A"
"20102",2170414,43,0,"1",3,"D",.,"A",.,"A",.,"A",42,"D",.,"A",.,"A",.,"A",.,"A",.,"A",.,"A",.,"A",24,"D",.,"A",.,"A"
"20102",2170424,64,0,"1",.,"A",.,"A",.,"A",.,"A",.,"A",.,"A",.,"A",52,"D",.,"A",.,"A",.,"A",.,"A",120,"D",.,"A",.,"A"
"20102",2170434,42,0,"1",.,"A",.,"A",.,"A",.,"A",.,"A",150,"D",.,"A",.,"A",.,"A",.,"A",.,"A",.,"A",150,"D",.,"A",.,"A"
"20102",2170464,46,0,"1",.,"A",.,"A",.,"A",.,"A",.,"A",.,"A",.,"A",.,"A",.,"A",.,"A",.,"A",.,"A",.,"A",.,"A",.,"A"
"20102",2170504,45,0,"1",.,"A",.,"A",.,"A",.,"A",30,"D",.,"A",.,"A",.,"A",.,"A",.,"A",.,"A",.,"A",15,"D",.,"A",.,"A"
"20102",2170514,79,0,"1",.,"A",.,"A",.,"A",.,"A",.,"A",.,"A",.,"A",.,"A",.,"A",.,"A",.,"A",.,"A",120,"D",.,"A",.,"A"
"20102",2170524,84,0,"1",.,"A",.,"A",.,"A",.,"A",.,"A",.,"A",.,"A",.,"A",.,"A",.,"A",.,"A",.,"A",115,"D",.,"A",.,"A"
"20102",2170554,44,0,"1",.,"A",.,"A",.,"A",.,"A",.,"A",.,"A",520,"D",.,"A",.,"A",.,"A",.,"A",.,"A",60,"D",.,"A",.,"A"
"20102",2170564,49,0,"1",.,"A",.,"A",.,"A",.,"A",.,"A",.,"A",.,"A",.,"A",.,"A",.,"A",.,"A",.,"A",.,"A",.,"A",.,"A"
"20102",2170574,60,0,"1",.,"A",.,"A",.,"A",.,"A",.,"A",90,"D",.,"A",.,"A",.,"A",.,"A",.,"A",.,"A",62,"D",.,"A",.,"A"
"20102",2170594,46,0,"1",.,"A",.,"A",.,"A",.,"A",.,"A",.,"A",.,"A",.,"A",.,"A",.,"A",.,"A",.,"A",.,"A",.,"A",.,"A"
"20102",2170604,45,0,"1",.,"A",.,"A",.,"A",.,"A",.,"A",.,"A",.,"A",195,"D",.,"A",.,"A",.,"A",.,"A",40,"D",.,"A",.,"A"
"20102",2170614,52,0,"1",.,"A",.,"A",.,"A",.,"A",.,"A",.,"A",195,"D",.,"A",.,"A",.,"A",.,"A",.,"A",100,"D",.,"A",.,"A"
"20102",2170634,43,0,"1",.,"A",.,"A",.,"A",.,"A",.,"A",.,"A",936,"D",.,"A",.,"A",.,"A",.,"A",.,"A",.,"A",.,"A",.,"A"
"20102",2170644,45,0,"1",.,"A",.,"A",.,"A",.,"A",.,"A",.,"A",.,"A",.,"A",.,"A",.,"A",.,"A",.,"A",50,"D",.,"A",.,"A"
"20102",2170684,37,0,"1",.,"A",.,"A",.,"A",.,"A",120,"D",.,"A",.,"A",.,"A",.,"A",.,"A",.,"A",.,"A",120,"D",.,"A",.,"A"
"20102",2170694,33,0,"1",.,"A",.,"A",.,"A",.,"A",.,"A",.,"A",.,"A",.,"A",.,"A",.,"A",.,"A",.,"A",.,"A",.,"A",.,"A"
"20102",2170714,30,0,"1",.,"A",.,"A",.,"A",210,"D",.,"A",30,"D",.,"A",.,"A",.,"A",.,"A",.,"A",.,"A",220,"D",.,"A",.,"A"
"20102",2170724,70,0,"1",.,"A",.,"A",.,"A",.,"A",.,"A",.,"A",.,"A",.,"A",.,"A",.,"A",.,"A",.,"A",390,"D",.,"A",.,"A"
"20102",2170764,30,0,"1",.,"A",.,"A",.,"A",.,"A",.,"A",.,"A",.,"A",.,"A",.,"A",.,"A",.,"A",.,"A",.,"A",.,"A",.,"A"
"20102",2170804,78,0,"1",.,"A",.,"A",.,"A",.,"A",.,"A",6,"D",.,"A",.,"A",.,"A",.,"A",.,"A",.,"A",136,"D",.,"A",.,"A"
"20102",2170814,41,0,"1",.,"A",.,"A",.,"A",.,"A",.,"A",40,"D",260,"D",.,"A",.,"A",.,"A",.,"A",.,"A",.,"A",.,"A",.,"A"
"20102",2170824,53,0,"1",.,"A",.,"A",.,"A",.,"A",.,"A",8,"D",.,"A",.,"A",.,"A",.,"A",.,"A",.,"A",45,"D",.,"A",.,"A"
"20102",2170874,32,0,"1",.,"A",.,"A",.,"A",.,"A",.,"A",.,"A",364,"D",.,"A",.,"A",.,"A",.,"A",.,"A",9,"D",.,"A",.,"A"
"20102",2170884,45,0,"1",.,"A",.,"A",.,"A",.,"A",.,"A",.,"A",.,"A",.,"A",.,"A",.,"A",.,"A",.,"A",300,"D",.,"A",.,"A"
"20102",2170894,36,0,"1",.,"A",.,"A",.,"A",.,"A",.,"A",15,"D",.,"A",.,"A",.,"A",.,"A",.,"A",.,"A",.,"A",.,"A",.,"A"
"20102",2170904,46,0,"1",.,"A",.,"A",.,"A",.,"A",.,"A",.,"A",.,"A",.,"A",.,"A",.,"A",.,"A",.,"A",.,"A",.,"A",.,"A"
"20102",2170924,49,0,"1",.,"A",.,"A",.,"A",.,"A",.,"A",.,"A",.,"A",.,"A",.,"A",.,"A",.,"A",.,"A",.,"A",.,"A",.,"A"
"20102",2170934,30,0,"1",.,"A",.,"A",.,"A",.,"A",.,"A",.,"A",.,"A",.,"A",.,"A",.,"A",.,"A",.,"A",.,"A",.,"A",.,"A"
"20102",2170944,52,0,"1",.,"A",.,"A",.,"A",.,"A",.,"A",.,"A",910,"D",.,"A",.,"A",.,"A",.,"A",.,"A",340,"D",.,"A",.,"A"
"20102",2170954,58,0,"1",.,"A",.,"A",.,"A",.,"A",.,"A",.,"A",.,"A",.,"A",.,"A",0,"D",0,"D",150,"D",30,"D",0,"D",.,"A"
"20102",2170964,37,0,"1",.,"A",.,"A",.,"A",.,"A",.,"A",200,"D",.,"A",.,"A",.,"A",.,"A",.,"A",.,"A",75,"D",.,"A",.,"A"
"20102",2170974,54,0,"1",.,"A",.,"A",.,"A",.,"A",.,"A",.,"A",.,"A",.,"A",.,"A",.,"A",.,"A",.,"A",60,"D",.,"A",.,"A"
"20102",2171024,59,0,"1",.,"A",.,"A",.,"A",.,"A",.,"A",.,"A",260,"D",.,"A",.,"A",.,"A",.,"A",.,"A",30,"D",.,"A",.,"A"
"20102",2171034,67,0,"1",.,"A",.,"A",.,"A",.,"A",.,"A",.,"A",.,"A",.,"A",.,"A",.,"A",.,"A",.,"A",16,"D",.,"A",.,"A"
"20102",2171044,94,0,"1",.,"A",.,"A",.,"A",.,"A",.,"A",300,"D",.,"A",.,"A",.,"A",.,"A",.,"A",.,"A",300,"D",.,"A",.,"A"
"20102",2171055,36,0,"1",.,"A",.,"A",.,"A",.,"A",80,"D",.,"A",.,"A",.,"A",.,"A",0,"D",135,"D",120,"D",150,"D",0,"D",.,"A"
"20102",2171064,26,0,"1",.,"A",.,"A",.,"A",.,"A",.,"A",.,"A",.,"A",.,"A",36,"D",.,"A",.,"A",.,"A",100,"D",.,"A",.,"A"
"20102",2171094,48,0,"1",.,"A",.,"A",.,"A",.,"A",.,"A",.,"A",.,"A",260,"D",.,"A",.,"A",.,"A",.,"A",33,"D",.,"A",.,"A"
"20102",2171104,66,0,"1",.,"A",.,"A",.,"A",.,"A",.,"A",.,"A",.,"A",.,"A",.,"A",.,"A",.,"A",.,"A",.,"A",.,"A",.,"A"
"20102",2171144,48,0,"1",.,"A",.,"A",.,"A",.,"A",.,"A",.,"A",.,"A",.,"A",.,"A",.,"A",.,"A",.,"A",18,"D",.,"A",.,"A"
"20102",2171164,81,0,"1",.,"A",.,"A",.,"A",.,"A",.,"A",.,"A",780,"D",650,"D",.,"A",.,"A",.,"A",.,"A",.,"A",.,"A",.,"A"
"20102",2171184,35,0,"1",.,"A",.,"A",.,"A",.,"A",.,"A",.,"A",.,"A",.,"A",.,"A",.,"A",.,"A",.,"A",.,"A",.,"A",.,"A"
"20102",2171194,52,0,"1",.,"A",.,"A",.,"A",.,"A",.,"A",.,"A",260,"D",.,"A",.,"A",.,"A",.,"A",.,"A",195,"D",.,"A",.,"A"
"20102",2171204,50,0,"1",.,"A",.,"A",.,"A",.,"A",.,"A",.,"A",.,"A",.,"A",.,"A",.,"A",.,"A",.,"A",.,"A",.,"A",.,"A"
"20102",2171214,43,0,"1",.,"A",.,"A",.,"A",.,"A",20,"D",60,"D",.,"A",.,"A",.,"A",.,"A",.,"A",.,"A",.,"A",.,"A",.,"A"
"20102",2171224,59,0,"1",.,"A",.,"A",.,"A",.,"A",.,"A",.,"A",.,"A",.,"A",9,"F",.,"A",.,"A",.,"A",100,"D",.,"A",.,"A"
"20102",2171234,94,0,"1",.,"A",.,"A",40,"D",.,"A",.,"A",60,"D",.,"A",.,"A",.,"A",.,"A",.,"A",.,"A",210,"D",.,"A",.,"A"
"20102",2171244,74,0,"1",.,"A",.,"A",.,"A",.,"A",.,"A",.,"A",.,"A",.,"A",.,"A",.,"A",.,"A",.,"A",150,"D",.,"A",.,"A"
"20102",2171254,47,0,"1",.,"A",.,"A",.,"A",.,"A",.,"A",.,"A",.,"A",.,"A",.,"A",.,"A",.,"A",.,"A",200,"D",.,"A",.,"A"
"20102",2171274,39,0,"1",.,"A",.,"A",.,"A",.,"A",.,"A",.,"A",.,"A",.,"A",.,"A",.,"A",.,"A",.,"A",100,"D",.,"A",.,"A"
"20102",2171294,30,0,"1",.,"A",.,"A",.,"A",.,"A",.,"A",.,"A",.,"A",.,"A",15,"D",.,"A",.,"A",.,"A",180,"D",.,"A",.,"A"
"20102",2171314,72,0,"1",.,"A",.,"A",.,"A",.,"A",.,"A",.,"A",.,"A",.,"A",.,"A",.,"A",.,"A",.,"A",.,"A",.,"A",.,"A"
"20102",2171324,45,0,"1",.,"A",.,"A",.,"A",.,"A",.,"A",.,"A",.,"A",.,"A",.,"A",.,"A",.,"A",.,"A",.,"A",.,"A",.,"A"
"20102",2171334,54,0,"1",.,"A",.,"A",.,"A",.,"A",.,"A",.,"A",130,"D",.,"A",69,"D",.,"A",.,"A",.,"A",125,"D",.,"A",.,"A"
"20102",2171344,43,0,"1",.,"A",.,"A",.,"A",.,"A",.,"A",21,"D",.,"A",.,"A",.,"A",.,"A",.,"A",.,"A",184,"D",.,"A",.,"A"
"20102",2171354,48,0,"1",.,"A",.,"A",.,"A",.,"A",.,"A",.,"A",390,"D",.,"A",.,"A",.,"A",.,"A",.,"A",.,"A",.,"A",.,"A"
"20102",2171364,67,0,"1",.,"A",.,"A",.,"A",.,"A",.,"A",12,"D",195,"D",.,"A",.,"A",.,"A",.,"A",.,"A",109,"D",.,"A",.,"A"
"20102",2171374,59,0,"1",.,"A",.,"A",.,"A",.,"A",.,"A",.,"A",.,"A",.,"A",.,"A",.,"A",.,"A",.,"A",60,"D",.,"A",.,"A"
"20102",2171394,34,0,"1",.,"A",.,"A",.,"A",.,"A",.,"A",.,"A",.,"A",.,"A",.,"A",.,"A",.,"A",.,"A",30,"D",.,"A",.,"A"
"20102",2171404,32,0,"1",.,"A",.,"A",.,"A",.,"A",.,"A",.,"A",.,"A",.,"A",.,"A",.,"A",.,"A",.,"A",65,"F",.,"A",.,"A"
"20102",2171464,39,0,"1",.,"A",.,"A",.,"A",.,"A",.,"A",.,"A",325,"D",.,"A",.,"A",.,"A",.,"A",.,"A",300,"D",.,"A",.,"A"
"20102",2171484,53,0,"1",.,"A",.,"A",.,"A",.,"A",.,"A",90,"D",390,"D",.,"A",.,"A",.,"A",.,"A",.,"A",85,"D",.,"A",.,"A"
"20102",2171494,67,0,"1",.,"A",.,"A",.,"A",.,"A",.,"A",.,"A",65,"D",.,"A",.,"A",.,"A",.,"A",.,"A",.,"A",.,"A",.,"A"
"20102",2171514,65,0,"1",.,"A",.,"A",.,"A",.,"A",.,"A",.,"A",.,"A",.,"A",.,"A",.,"A",.,"A",.,"A",130,"D",.,"A",.,"A"
"20102",2171534,53,0,"1",0,"F",.,"A",.,"A",.,"A",240,"F",.,"A",.,"A",.,"A",.,"A",135,"D",0,"D",0,"D",60,"D",45,"D",.,"A"
"20102",2171574,26,0,"1",.,"A",.,"A",.,"A",.,"A",.,"A",.,"A",.,"A",.,"A",.,"A",.,"A",.,"A",.,"A",.,"A",.,"A",.,"A"
"20102",2171584,41,0,"1",.,"A",.,"A",.,"A",.,"A",.,"A",.,"A",.,"A",.,"A",234,"D",.,"A",.,"A",.,"A",.,"A",.,"A",.,"A"
"20102",2171594,57,0,"1",.,"A",.,"A",.,"A",.,"A",72,"D",25,"D",455,"D",.,"A",15,"D",.,"A",.,"A",.,"A",15,"D",.,"A",.,"A"
"20102",2171604,31,0,"1",.,"A",.,"A",.,"A",.,"A",.,"A",.,"A",.,"A",.,"A",.,"A",.,"A",.,"A",.,"A",.,"A",.,"A",.,"A"
"20102",2171614,64,0,"1",.,"A",.,"A",.,"A",.,"A",.,"A",.,"A",.,"A",221,"D",.,"A",.,"A",.,"A",.,"A",70,"D",.,"A",.,"A"
"20102",2171644,39,0,"1",.,"A",.,"A",40,"D",100,"D",40,"D",.,"A",.,"A",.,"A",.,"A",600,"D",0,"D",0,"D",30,"D",200,"D",.,"A"
"20102",2171654,72,0,"1",.,"A",.,"A",.,"A",.,"A",.,"A",.,"A",117,"D",273,"D",.,"A",.,"A",.,"A",.,"A",.,"A",.,"A",.,"A"
"20102",2171674,31,0,"1",.,"A",.,"A",.,"A",.,"A",.,"A",.,"A",.,"A",.,"A",.,"A",.,"A",.,"A",.,"A",.,"A",.,"A",.,"A"
"20102",2171704,50,0,"1",.,"A",.,"A",.,"A",.,"A",.,"A",.,"A",.,"A",.,"A",.,"A",.,"A",.,"A",.,"A",40,"D",.,"A",.,"A"
"20102",2171714,79,0,"1",.,"A",.,"A",.,"A",.,"A",.,"A",.,"A",.,"A",.,"A",.,"A",270,"D",0,"D",0,"D",110,"D",90,"D",.,"A"
"20102",2171744,65,0,"1",.,"A",.,"A",.,"A",.,"A",.,"A",200,"D",.,"A",.,"A",.,"A",.,"A",.,"A",.,"A",200,"D",.,"A",.,"A"
"20102",2171754,74,0,"1",.,"A",.,"A",.,"A",.,"A",.,"A",.,"A",390,"D",.,"A",.,"A",.,"A",.,"A",.,"A",350,"D",.,"A",.,"A"
"20102",2171774,57,0,"1",.,"A",.,"A",.,"A",.,"A",.,"A",.,"A",.,"A",.,"A",.,"A",.,"A",.,"A",.,"A",24,"D",.,"A",.,"A"
"20102",2171795,58,0,"1",.,"A",.,"A",.,"A",.,"A",.,"A",.,"A",.,"A",.,"A",.,"A",.,"A",.,"A",.,"A",.,"A",.,"A",.,"A"
"20102",2171824,29,0,"1",.,"A",.,"A",.,"A",.,"A",5,"D",.,"A",.,"A",.,"A",.,"A",.,"A",.,"A",.,"A",50,"D",.,"A",.,"A"
"20102",2171854,32,0,"1",.,"A",.,"A",.,"A",.,"A",45,"D",.,"A",195,"D",.,"A",24,"D",48,"D",0,"D",0,"D",.,"A",16,"D",0,"D"
"20102",2171864,29,0,"1",.,"A",.,"A",.,"A",.,"A",.,"A",.,"A",.,"A",.,"A",.,"A",.,"A",.,"A",.,"A",.,"A",.,"A",.,"A"
"20102",2171884,53,0,"1",.,"A",.,"A",.,"A",.,"A",.,"A",.,"A",.,"A",39,"D",.,"A",.,"A",.,"A",.,"A",.,"A",.,"A",.,"A"
"20102",2171904,48,0,"1",.,"A",.,"A",.,"A",.,"A",33,"D",.,"A",.,"A",.,"A",.,"A",.,"A",.,"A",.,"A",.,"A",.,"A",.,"A"
"20102",2171924,59,0,"1",.,"A",.,"A",.,"A",.,"A",.,"A",80,"D",.,"A",.,"A",.,"A",0,"D",0,"D",60,"D",100,"D",0,"D",.,"A"
"20102",2171934,54,0,"1",.,"A",.,"A",.,"A",.,"A",.,"A",.,"A",130,"D",.,"A",.,"A",.,"A",.,"A",.,"A",.,"A",.,"A",.,"A"
"20102",2171944,69,0,"1",.,"A",.,"A",.,"A",20,"D",.,"A",.,"A",.,"A",.,"A",.,"A",.,"A",.,"A",.,"A",275,"D",.,"A",.,"A"
"20102",2171954,54,0,"1",.,"A",.,"A",.,"A",.,"A",240,"D",.,"A",.,"A",.,"A",.,"A",.,"A",.,"A",.,"A",35,"D",.,"A",.,"A"
"20102",2171964,47,0,"1",.,"A",.,"A",.,"A",.,"A",.,"A",.,"A",650,"D",.,"A",.,"A",.,"A",.,"A",.,"A",125,"D",.,"A",.,"A"
"20102",2171974,87,0,"1",.,"A",.,"A",.,"A",.,"A",.,"A",.,"A",130,"D",.,"A",.,"A",.,"A",.,"A",.,"A",430,"D",.,"A",.,"A"
"20102",2171984,34,0,"1",.,"A",.,"A",.,"A",.,"A",.,"A",.,"A",.,"A",.,"A",.,"A",.,"A",.,"A",.,"A",20,"D",.,"A",.,"A"
"20102",2171994,48,0,"1",.,"A",.,"A",.,"A",.,"A",.,"A",.,"A",.,"A",.,"A",.,"A",.,"A",.,"A",.,"A",240,"D",.,"A",.,"A"
"20102",2172004,46,0,"1",.,"A",.,"A",.,"A",.,"A",.,"A",.,"A",.,"A",.,"A",.,"A",.,"A",.,"A",.,"A",30,"D",.,"A",.,"A"
"20102",2172014,46,0,"1",.,"A",.,"A",.,"A",.,"A",.,"A",9,"D",.,"A",.,"A",27,"D",.,"A",.,"A",.,"A",.,"A",.,"A",.,"A"
"20102",2172044,62,0,"1",.,"A",.,"A",.,"A",.,"A",.,"A",.,"A",.,"A",.,"A",.,"A",.,"A",.,"A",.,"A",.,"A",.,"A",.,"A"
"20102",2172084,28,0,"1",.,"A",.,"A",.,"A",300,"D",.,"A",.,"A",.,"A",.,"A",.,"A",.,"A",.,"A",.,"A",.,"A",.,"A",.,"A"
"20102",2172105,86,0,"1",10,"D",.,"A",.,"A",.,"A",0,"D",50,"D",.,"A",26,"D",.,"A",.,"A",.,"A",.,"A",75,"D",.,"A",.,"A"
"20102",2172124,42,0,"1",.,"A",.,"A",.,"A",.,"A",.,"A",.,"A",455,"D",.,"A",.,"A",.,"A",.,"A",.,"A",15,"D",.,"A",.,"A"
"20102",2172144,32,0,"1",.,"A",.,"A",.,"A",.,"A",.,"A",.,"A",208,"D",.,"A",.,"A",.,"A",.,"A",.,"A",.,"A",.,"A",.,"A"
"20102",2172154,45,0,"1",.,"A",.,"A",.,"A",.,"A",.,"A",.,"A",.,"A",.,"A",.,"A",.,"A",.,"A",.,"A",.,"A",.,"A",.,"A"
"20102",2172184,95,0,"1",.,"A",.,"A",.,"A",.,"A",.,"A",.,"A",.,"A",.,"A",.,"A",.,"A",.,"A",.,"A",10,"D",.,"A",.,"A"
"20102",2172204,25,0,"1",.,"A",.,"A",.,"A",.,"A",.,"A",.,"A",.,"A",.,"A",.,"A",.,"A",.,"A",.,"A",.,"A",.,"A",.,"A"
"20102",2172224,49,0,"1",.,"A",.,"A",.,"A",100,"D",300,"D",90,"D",.,"A",.,"A",.,"A",0,"D",240,"D",60,"D",120,"D",0,"D",.,"A"
"20102",2172254,47,0,"1",.,"A",.,"A",.,"A",.,"A",.,"A",.,"A",.,"A",.,"A",.,"A",.,"A",.,"A",.,"A",.,"A",.,"A",.,"A"
"20102",2172264,45,0,"1",.,"A",.,"A",.,"A",.,"A",.,"A",.,"A",.,"A",.,"A",.,"A",.,"A",.,"A",.,"A",.,"A",.,"A",.,"A"
"20102",2172284,58,0,"1",.,"A",.,"A",.,"A",.,"A",.,"A",.,"A",.,"A",.,"A",.,"A",.,"A",.,"A",.,"A",20,"D",.,"A",.,"A"
"20102",2172294,44,0,"1",.,"A",.,"A",.,"A",.,"A",.,"A",.,"A",.,"A",.,"A",.,"A",.,"A",.,"A",.,"A",.,"A",.,"A",.,"A"
"20102",2172304,55,0,"1",.,"A",.,"A",.,"A",.,"A",.,"A",.,"A",.,"A",.,"A",.,"A",.,"A",.,"A",.,"A",.,"A",.,"A",.,"A"
"20102",2172324,45,0,"1",.,"A",.,"A",.,"A",20,"D",20,"D",.,"A",.,"A",.,"A",.,"A",480,"D",0,"D",0,"D",.,"A",160,"D",.,"A"
"20102",2172334,29,0,"1",.,"A",.,"A",.,"A",.,"A",.,"A",.,"A",.,"A",.,"A",.,"A",.,"A",.,"A",.,"A",.,"A",.,"A",.,"A"
"20102",2172354,59,0,"1",.,"A",.,"A",.,"A",.,"A",.,"A",.,"A",.,"A",.,"A",75,"D",.,"A",.,"A",.,"A",50,"D",.,"A",.,"A"
"20102",2172364,88,0,"1",.,"A",.,"A",.,"A",.,"A",.,"A",30,"D",.,"A",.,"A",.,"A",.,"A",.,"A",.,"A",150,"D",.,"A",.,"A"
"20102",2172374,43,0,"1",.,"A",.,"A",.,"A",.,"A",30,"D",.,"A",1040,"D",.,"A",.,"A",.,"A",.,"A",.,"A",50,"D",.,"A",.,"A"
"20102",2172384,32,0,"1",.,"A",.,"A",.,"A",.,"A",.,"A",.,"A",.,"A",.,"A",.,"A",.,"A",.,"A",.,"A",.,"A",.,"A",.,"A"
"20102",2172394,54,0,"1",.,"A",.,"A",.,"A",.,"A",.,"A",.,"A",.,"A",.,"A",.,"A",.,"A",.,"A",.,"A",.,"A",.,"A",.,"A"
"20102",2172404,40,0,"1",.,"A",.,"A",.,"A",.,"A",.,"A",.,"A",.,"A",.,"A",.,"A",.,"A",.,"A",.,"A",.,"A",.,"A",.,"A"
"20102",2172414,49,0,"1",.,"A",.,"A",.,"A",.,"A",.,"A",.,"A",.,"A",.,"A",.,"A",.,"A",.,"A",.,"A",135,"D",.,"A",.,"A"
"20102",2172524,37,0,"1",.,"A",.,"A",.,"A",.,"A",.,"A",.,"A",.,"A",.,"A",.,"A",.,"A",.,"A",.,"A",.,"A",.,"A",.,"A"
"20102",2172544,69,0,"1",.,"A",.,"A",.,"A",.,"A",.,"A",65,"D",.,"A",.,"A",.,"A",.,"A",.,"A",.,"A",.,"A",.,"A",.,"A"
"20102",2172564,38,0,"1",.,"A",.,"A",.,"A",.,"A",.,"A",.,"A",.,"A",.,"A",.,"A",.,"A",.,"A",.,"A",48,"D",.,"A",.,"A"
"20102",2172574,49,0,"1",.,"A",.,"A",.,"A",.,"A",.,"A",.,"A",.,"A",.,"A",.,"A",.,"A",.,"A",.,"A",.,"A",.,"A",.,"A"
"20102",2172584,40,0,"1",.,"A",.,"A",.,"A",.,"A",.,"A",.,"A",.,"A",.,"A",.,"A",.,"A",.,"A",.,"A",50,"D",.,"A",.,"A"
"20102",2172604,57,0,"1",.,"A",.,"A",.,"A",.,"A",.,"A",28,"D",.,"A",.,"A",15,"D",.,"A",.,"A",.,"A",220,"D",.,"A",.,"A"
"20102",2172614,57,0,"1",.,"A",.,"A",.,"A",.,"A",.,"A",.,"A",.,"A",195,"D",.,"A",.,"A",.,"A",.,"A",250,"D",.,"A",.,"A"
"20102",2172624,40,0,"1",.,"A",.,"A",.,"A",.,"A",.,"A",.,"A",.,"A",.,"A",.,"A",.,"A",.,"A",.,"A",80,"D",.,"A",.,"A"
"20102",2172634,43,0,"1",.,"A",.,"A",.,"A",.,"A",.,"A",50,"D",.,"A",.,"A",.,"A",.,"A",.,"A",.,"A",50,"D",.,"A",.,"A"
"20102",2172654,40,0,"1",.,"A",.,"A",.,"A",.,"A",.,"A",.,"A",.,"A",.,"A",.,"A",.,"A",.,"A",.,"A",.,"A",.,"A",.,"A"
"20102",2172674,64,0,"1",.,"A",.,"A",.,"A",150,"F",180,"D",600,"D",.,"A",.,"A",.,"A",534,"D",0,"D",0,"D",200,"F",178,"D",.,"A"
"20102",2172684,37,0,"1",.,"A",.,"A",.,"A",.,"A",.,"A",.,"A",.,"A",.,"A",.,"A",.,"A",.,"A",.,"A",.,"A",.,"A",.,"A"
"20102",2172694,29,0,"1",.,"A",.,"A",.,"A",.,"A",.,"A",.,"A",650,"D",.,"A",.,"A",.,"A",.,"A",.,"A",45,"D",.,"A",.,"A"
"20102",2172704,44,0,"1",.,"A",.,"A",.,"A",.,"A",.,"A",.,"A",195,"D",.,"A",.,"A",.,"A",.,"A",.,"A",110,"D",.,"A",.,"A"
"20102",2172724,74,0,"1",.,"A",.,"A",.,"A",.,"A",.,"A",.,"A",.,"A",.,"A",.,"A",.,"A",.,"A",.,"A",20,"D",.,"A",.,"A"
"20102",2172734,21,0,"1",.,"A",.,"A",.,"A",.,"A",.,"A",.,"A",.,"A",.,"A",.,"A",.,"A",.,"A",.,"A",.,"A",.,"A",.,"A"
"20102",2172744,54,0,"1",.,"A",.,"A",.,"A",.,"A",.,"A",.,"A",.,"A",.,"A",.,"A",.,"A",.,"A",.,"A",.,"A",.,"A",.,"A"
"20102",2172764,24,0,"1",0,"F",.,"A",55,"D",.,"A",46,"F",.,"A",.,"A",.,"A",.,"A",0,"D",0,"D",60,"D",.,"A",0,"D",.,"A"
"20102",2172774,72,0,"1",.,"A",.,"A",.,"A",.,"A",.,"A",.,"A",.,"A",.,"A",.,"A",.,"A",.,"A",.,"A",50,"D",.,"A",.,"A"
"20102",2172784,54,0,"1",.,"A",.,"A",.,"A",.,"A",.,"A",.,"A",.,"A",.,"A",.,"A",.,"A",.,"A",.,"A",400,"D",.,"A",.,"A"
"20102",2172794,43,0,"1",.,"A",.,"A",.,"A",.,"A",.,"A",.,"A",1248,"D",.,"A",.,"A",.,"A",.,"A",.,"A",10,"D",.,"A",.,"A"
"20102",2172824,46,0,"1",.,"A",.,"A",.,"A",.,"A",.,"A",.,"A",.,"A",.,"A",.,"A",.,"A",.,"A",.,"A",18,"D",.,"A",.,"A"
"20102",2172834,43,0,"1",.,"A",.,"A",.,"A",.,"A",.,"A",.,"A",.,"A",.,"A",.,"A",.,"A",.,"A",.,"A",140,"D",.,"A",.,"A"
"20102",2172844,26,0,"1",.,"A",.,"A",.,"A",.,"A",.,"A",.,"A",.,"A",195,"D",.,"A",.,"A",.,"A",.,"A",60,"D",.,"A",.,"A"
"20102",2172864,56,0,"1",.,"A",.,"A",.,"A",.,"A",.,"A",.,"A",.,"A",.,"A",.,"A",.,"A",.,"A",.,"A",160,"D",.,"A",.,"A"
"20102",2172874,39,0,"1",40,"D",.,"A",.,"A",20,"D",80,"D",50,"D",195,"D",.,"A",.,"A",0,"D",0,"D",45,"D",.,"A",0,"D",.,"A"
"20102",2172884,43,0,"1",.,"A",.,"A",.,"A",.,"A",.,"A",.,"A",.,"A",.,"A",.,"A",.,"A",.,"A",.,"A",.,"A",.,"A",.,"A"
"20102",2172894,54,0,"1",.,"A",.,"A",.,"A",.,"A",.,"A",.,"A",.,"A",.,"A",.,"A",.,"A",.,"A",.,"A",75,"D",.,"A",.,"A"
"20102",2172904,36,0,"1",30,"D",.,"A",.,"A",.,"A",90,"D",.,"A",1040,"D",.,"A",.,"A",.,"A",.,"A",.,"A",.,"A",.,"A",.,"A"
"20102",2172924,51,0,"1",.,"A",.,"A",.,"A",.,"A",.,"A",.,"A",.,"A",.,"A",.,"A",.,"A",.,"A",.,"A",.,"A",.,"A",.,"A"
"20102",2172934,62,0,"1",.,"A",.,"A",.,"A",.,"A",.,"A",.,"A",260,"F",.,"A",.,"A",.,"A",.,"A",.,"A",.,"A",.,"A",.,"A"
"20102",2172944,50,0,"1",.,"A",.,"A",.,"A",.,"A",.,"A",.,"A",.,"A",.,"A",.,"A",.,"A",.,"A",.,"A",36,"D",.,"A",.,"A"
"20102",2172954,47,0,"1",.,"A",.,"A",.,"A",.,"A",40,"D",.,"A",.,"A",.,"A",.,"A",.,"A",.,"A",.,"A",15,"D",.,"A",.,"A"
"20102",2172964,46,0,"1",.,"A",.,"A",.,"A",.,"A",.,"A",.,"A",.,"A",.,"A",.,"A",.,"A",.,"A",.,"A",.,"A",.,"A",.,"A"
"20102",2172974,48,0,"1",.,"A",.,"A",.,"A",.,"A",.,"A",.,"A",.,"A",.,"A",.,"A",.,"A",.,"A",.,"A",135,"D",.,"A",.,"A"
"20102",2172984,61,0,"1",.,"A",.,"A",.,"A",.,"A",.,"A",.,"A",.,"A",.,"A",1200,"D",.,"A",.,"A",.,"A",50,"D",.,"A",.,"A"
"20102",2172994,32,0,"1",.,"A",.,"A",.,"A",.,"A",.,"A",.,"A",.,"A",.,"A",.,"A",.,"A",.,"A",.,"A",.,"A",.,"A",.,"A"
"20102",2173014,26,0,"1",.,"A",.,"A",.,"A",.,"A",.,"A",.,"A",.,"A",.,"A",.,"A",.,"A",.,"A",.,"A",.,"A",.,"A",.,"A"
"20102",2173024,53,0,"1",.,"A",.,"A",.,"A",.,"A",.,"A",.,"A",156,"D",.,"A",.,"A",.,"A",.,"A",.,"A",12,"D",.,"A",.,"A"
"20102",2173054,69,0,"1",.,"A",.,"A",.,"A",.,"A",.,"A",.,"A",104,"D",.,"A",.,"A",.,"A",.,"A",.,"A",45,"D",.,"A",.,"A"
"20102",2173074,58,0,"1",.,"A",.,"A",.,"A",.,"A",.,"A",.,"A",780,"D",.,"A",.,"A",.,"A",.,"A",.,"A",.,"A",.,"A",.,"A"
"20102",2173084,60,0,"1",.,"A",.,"A",.,"A",.,"A",.,"A",125,"D",.,"A",.,"A",.,"A",.,"A",.,"A",.,"A",125,"D",.,"A",.,"A"
"20102",2173094,48,0,"1",.,"A",.,"A",.,"A",.,"A",.,"A",.,"A",325,"D",.,"A",.,"A",.,"A",.,"A",.,"A",.,"A",.,"A",.,"A"
"20102",2173114,54,0,"1",.,"A",.,"A",.,"A",.,"A",.,"A",.,"A",.,"A",.,"A",.,"A",.,"A",.,"A",.,"A",75,"D",.,"A",.,"A"
"20102",2173134,57,0,"1",.,"A",.,"A",.,"A",.,"A",.,"A",.,"A",520,"D",65,"D",.,"A",.,"A",.,"A",.,"A",50,"D",.,"A",.,"A"
"20102",2173144,48,0,"1",.,"A",.,"A",18,"D",.,"A",.,"A",80,"D",.,"A",.,"A",.,"A",.,"A",.,"A",.,"A",300,"D",.,"A",.,"A"
"20102",2173154,47,0,"1",.,"A",.,"A",.,"A",.,"A",.,"A",.,"A",.,"A",.,"A",.,"A",.,"A",.,"A",.,"A",40,"D",.,"A",.,"A"
"20102",2173174,36,0,"1",.,"A",.,"A",.,"A",.,"A",40,"D",.,"A",.,"A",.,"A",.,"A",.,"A",.,"A",.,"A",20,"D",.,"A",.,"A"
"20102",2173204,27,0,"1",.,"A",.,"A",.,"A",.,"A",.,"A",.,"A",455,"D",.,"A",.,"A",.,"A",.,"A",.,"A",36,"D",.,"A",.,"A"
"20102",2173214,44,0,"1",.,"A",.,"A",.,"A",.,"A",.,"A",.,"A",.,"A",.,"A",.,"A",.,"A",.,"A",.,"A",.,"A",.,"A",.,"A"
"20102",2173234,32,0,"1",.,"A",.,"A",.,"A",.,"A",.,"A",.,"A",.,"A",.,"A",.,"A",.,"A",.,"A",.,"A",44,"D",.,"A",.,"A"
"20102",2173244,50,0,"1",.,"A",.,"A",.,"A",.,"A",.,"A",.,"A",.,"A",.,"A",.,"A",.,"A",.,"A",.,"A",30,"D",.,"A",.,"A"
"20102",2173264,44,0,"1",.,"A",.,"A",.,"A",.,"A",.,"A",.,"A",.,"A",.,"A",.,"A",.,"A",.,"A",.,"A",.,"A",.,"A",.,"A"
"20102",2173274,20,0,"1",.,"A",.,"A",.,"A",.,"A",.,"A",.,"A",.,"A",.,"A",.,"A",.,"A",.,"A",.,"A",.,"A",.,"A",.,"A"
"20102",2173284,50,0,"1",.,"A",.,"A",.,"A",.,"A",.,"A",.,"A",.,"A",.,"A",.,"A",.,"A",.,"A",.,"A",.,"A",.,"A",.,"A"
"20102",2173294,55,0,"1",20,"D",.,"A",.,"A",.,"A",80,"D",.,"A",.,"A",.,"A",.,"A",.,"A",.,"A",.,"A",180,"D",.,"A",.,"A"
"20102",2173304,89,0,"1",.,"A",.,"A",.,"A",.,"A",.,"A",19,"D",.,"A",.,"A",.,"A",.,"A",.,"A",.,"A",77,"D",.,"A",.,"A"
"20102",2173314,44,0,"1",.,"A",.,"A",.,"A",.,"A",.,"A",.,"A",.,"A",.,"A",.,"A",.,"A",.,"A",.,"A",.,"A",.,"A",.,"A"
"20102",2173324,75,0,"1",.,"A",.,"A",.,"A",.,"A",.,"A",.,"A",.,"A",.,"A",15,"D",.,"A",.,"A",.,"A",19,"D",.,"A",.,"A"
"20102",2173334,31,0,"1",.,"A",.,"A",.,"A",.,"A",.,"A",.,"A",65,"D",.,"A",.,"A",.,"A",.,"A",.,"A",.,"A",.,"A",.,"A"
"20102",2173354,58,0,"1",.,"A",.,"A",.,"A",.,"A",.,"A",.,"A",.,"A",.,"A",.,"A",.,"A",.,"A",.,"A",49,"D",.,"A",.,"A"
"20102",2173364,34,0,"1",.,"A",.,"A",.,"A",.,"A",.,"A",.,"A",.,"A",.,"A",.,"A",.,"A",.,"A",.,"A",60,"D",.,"A",.,"A"
"20102",2173374,31,0,"1",.,"A",.,"A",.,"A",.,"A",.,"A",.,"A",65,"D",.,"A",.,"A",.,"A",.,"A",.,"A",.,"A",.,"A",.,"A"
"20102",2173404,43,0,"1",.,"A",.,"A",.,"A",.,"A",.,"A",.,"A",.,"A",.,"A",.,"A",.,"A",.,"A",.,"A",.,"A",.,"A",.,"A"
"20102",2173424,58,0,"1",.,"A",.,"A",.,"A",.,"A",.,"A",.,"A",.,"A",.,"A",.,"A",.,"A",.,"A",.,"A",48,"D",.,"A",.,"A"
"20102",2173434,48,0,"1",.,"A",.,"A",.,"A",.,"A",.,"A",.,"A",.,"A",.,"A",.,"A",.,"A",.,"A",.,"A",70,"D",.,"A",.,"A"
"20102",2173444,46,0,"1",20,"D",.,"A",.,"A",.,"A",0,"D",.,"A",.,"A",.,"A",.,"A",0,"D",0,"D",15,"D",.,"A",0,"D",.,"A"
"20102",2173464,37,0,"1",.,"A",.,"A",50,"D",.,"A",.,"A",.,"A",65,"D",.,"A",.,"A",.,"A",.,"A",.,"A",.,"A",.,"A",.,"A"
"20102",2173484,63,0,"1",.,"A",.,"A",.,"A",.,"A",.,"A",.,"A",.,"A",.,"A",.,"A",.,"A",.,"A",.,"A",50,"D",.,"A",.,"A"
"20102",2173504,53,0,"1",.,"A",.,"A",.,"A",.,"A",.,"A",.,"A",.,"A",.,"A",.,"A",.,"A",.,"A",.,"A",40,"D",.,"A",.,"A"
"20102",2173514,37,0,"1",20,"D",.,"A",.,"A",.,"A",20,"D",.,"A",.,"A",.,"A",.,"A",.,"A",.,"A",.,"A",20,"D",.,"A",.,"A"
"20102",2173524,51,0,"1",.,"A",.,"A",.,"A",.,"A",.,"A",.,"A",.,"A",.,"A",.,"A",.,"A",.,"A",.,"A",300,"D",.,"A",.,"A"
"20102",2173534,59,0,"1",3,"D",.,"A",.,"A",.,"A",0,"D",.,"A",442,"D",.,"A",.,"A",.,"A",.,"A",.,"A",.,"A",.,"A",.,"A"
"20102",2173544,38,0,"1",.,"A",.,"A",.,"A",.,"A",.,"A",.,"A",325,"D",.,"A",.,"A",.,"A",.,"A",.,"A",100,"D",.,"A",.,"A"
"20102",2173564,23,0,"1",.,"A",.,"A",.,"A",.,"A",.,"A",.,"A",312,"D",.,"A",.,"A",0,"D",0,"D",90,"D",.,"A",0,"D",.,"A"
"20102",2173574,45,0,"1",.,"A",.,"A",.,"A",.,"A",.,"A",.,"A",.,"A",.,"A",21,"D",.,"A",.,"A",.,"A",15,"D",.,"A",.,"A"
"20102",2173584,41,0,"1",.,"A",.,"A",.,"A",.,"A",.,"A",.,"A",.,"A",.,"A",.,"A",.,"A",.,"A",.,"A",20,"D",.,"A",.,"A"
"20102",2173595,50,0,"1",.,"A",.,"A",.,"A",.,"A",.,"A",20,"D",.,"A",.,"A",.,"A",.,"A",.,"A",.,"A",100,"D",.,"A",.,"A"
"20102",2173604,74,0,"1",.,"A",.,"A",.,"A",.,"A",.,"A",.,"A",1131,"D",.,"A",.,"A",.,"A",.,"A",.,"A",20,"D",.,"A",.,"A"
"20102",2173614,47,0,"1",.,"A",.,"A",.,"A",.,"A",.,"A",.,"A",.,"A",.,"A",15,"D",.,"A",.,"A",.,"A",.,"A",.,"A",.,"A"
"20102",2173634,77,0,"1",.,"A",.,"A",.,"A",.,"A",.,"A",.,"A",.,"A",.,"A",.,"A",.,"A",.,"A",.,"A",80,"D",.,"A",.,"A"
"20102",2173674,31,0,"1",.,"A",.,"A",.,"A",.,"A",.,"A",.,"A",.,"A",.,"A",.,"A",.,"A",.,"A",.,"A",.,"A",.,"A",.,"A"
"20102",2173684,70,0,"1",.,"A",.,"A",.,"A",.,"A",.,"A",.,"A",.,"A",.,"A",.,"A",.,"A",.,"A",.,"A",45,"D",.,"A",.,"A"
"20102",2173694,100,0,"1",.,"A",.,"A",.,"A",.,"A",.,"A",.,"A",403,"D",.,"A",.,"A",.,"A",.,"A",.,"A",300,"D",.,"A",.,"A"
"20102",2173704,45,0,"1",.,"A",.,"A",.,"A",.,"A",.,"A",.,"A",.,"A",.,"A",.,"A",.,"A",.,"A",.,"A",120,"D",.,"A",.,"A"
"20102",2173724,33,0,"1",.,"A",.,"A",.,"A",.,"A",.,"A",.,"A",.,"A",.,"A",.,"A",.,"A",.,"A",.,"A",10,"D",.,"A",.,"A"
"20102",2173734,30,0,"1",.,"A",.,"A",.,"A",360,"D",76,"D",170,"D",.,"A",.,"A",.,"A",360,"D",0,"D",90,"D",.,"A",120,"D",.,"A"
"20102",2173744,40,0,"1",.,"A",.,"A",.,"A",.,"A",.,"A",.,"A",.,"A",.,"A",.,"A",.,"A",.,"A",.,"A",80,"D",.,"A",.,"A"
"20102",2173754,21,0,"1",.,"A",.,"A",.,"A",.,"A",.,"A",.,"A",65,"D",.,"A",.,"A",.,"A",.,"A",.,"A",36,"D",.,"A",.,"A"
"20102",2173764,61,0,"1",.,"A",.,"A",.,"A",.,"A",.,"A",.,"A",.,"A",.,"A",.,"A",.,"A",.,"A",.,"A",67,"D",.,"A",.,"A"
"20102",2173784,47,0,"1",.,"A",.,"A",.,"A",.,"A",.,"A",.,"A",.,"A",.,"A",.,"A",.,"A",.,"A",.,"A",60,"D",.,"A",.,"A"
"20102",2173794,50,0,"1",.,"A",.,"A",.,"A",.,"A",.,"A",.,"A",.,"A",.,"A",.,"A",.,"A",.,"A",.,"A",80,"D",.,"A",.,"A"
"20102",2173814,41,0,"1",.,"A",.,"A",.,"A",.,"A",.,"A",.,"A",.,"A",.,"A",.,"A",.,"A",.,"A",.,"A",30,"D",.,"A",.,"A"
"20102",2173834,67,0,"1",.,"A",.,"A",.,"A",.,"A",.,"A",30,"D",.,"A",130,"D",.,"A",.,"A",.,"A",.,"A",.,"A",.,"A",.,"A"
"20102",2173844,54,0,"1",.,"A",.,"A",.,"A",.,"A",.,"A",.,"A",520,"D",.,"A",114,"D",.,"A",.,"A",.,"A",75,"D",.,"A",.,"A"
"20102",2173854,48,0,"1",.,"A",.,"A",.,"A",.,"A",.,"A",.,"A",.,"A",.,"A",.,"A",.,"A",.,"A",.,"A",.,"A",.,"A",.,"A"
"20102",2173864,53,0,"1",.,"A",.,"A",.,"A",.,"A",.,"A",.,"A",.,"A",.,"A",.,"A",.,"A",.,"A",.,"A",30,"D",.,"A",.,"A"
"20102",2173884,28,0,"1",0,"F",.,"A",.,"A",.,"A",60,"F",.,"A",91,"D",.,"A",.,"A",.,"A",.,"A",.,"A",.,"A",.,"A",.,"A"
"20102",2173904,57,0,"1",.,"A",.,"A",.,"A",.,"A",.,"A",.,"A",.,"A",.,"A",.,"A",.,"A",.,"A",.,"A",315,"D",.,"A",.,"A"
"20102",2173914,64,0,"1",.,"A",.,"A",.,"A",.,"A",.,"A",.,"A",.,"A",.,"A",.,"A",.,"A",.,"A",.,"A",125,"D",.,"A",.,"A"
"20102",2173924,37,0,"1",.,"A",.,"A",.,"A",.,"A",.,"A",160,"D",.,"A",.,"A",.,"A",.,"A",.,"A",.,"A",260,"D",.,"A",.,"A"
"20102",2173934,60,0,"1",.,"A",.,"A",.,"A",.,"A",.,"A",.,"A",.,"A",.,"A",.,"A",12,"D",0,"D",0,"D",.,"A",4,"D",.,"A"
"20102",2173944,67,0,"1",.,"A",.,"A",.,"A",.,"A",.,"A",.,"A",.,"A",.,"A",.,"A",.,"A",.,"A",.,"A",.,"A",.,"A",.,"A"
"20102",2173954,34,0,"1",.,"A",.,"A",.,"A",.,"A",.,"A",.,"A",.,"A",.,"A",.,"A",.,"A",.,"A",.,"A",.,"A",.,"A",.,"A"
"20102",2173964,35,0,"1",.,"A",.,"A",.,"A",.,"A",.,"A",.,"A",.,"A",.,"A",.,"A",.,"A",.,"A",.,"A",.,"A",.,"A",.,"A"
"20102",2173974,41,0,"1",.,"A",.,"A",.,"A",.,"A",.,"A",.,"A",.,"A",.,"A",.,"A",.,"A",.,"A",.,"A",.,"A",.,"A",.,"A"
"20102",2173984,71,0,"1",.,"A",.,"A",.,"A",.,"A",.,"A",14,"D",78,"D",.,"A",.,"A",.,"A",.,"A",.,"A",200,"D",.,"A",.,"A"
"20102",2174004,81,0,"1",.,"A",.,"A",.,"A",.,"A",.,"A",30,"D",.,"A",.,"A",6,"D",0,"D",0,"D",60,"D",120,"D",0,"D",.,"A"
"20102",2174024,30,0,"1",.,"A",.,"A",.,"A",.,"A",.,"A",.,"A",.,"A",.,"A",.,"A",.,"A",.,"A",.,"A",.,"A",.,"A",.,"A"
"20102",2174044,32,0,"1",.,"A",.,"A",.,"A",.,"A",.,"A",.,"A",208,"D",.,"A",.,"A",.,"A",.,"A",.,"A",.,"A",.,"A",.,"A"
"20102",2174054,23,0,"1",.,"A",.,"A",.,"A",15,"D",120,"D",.,"A",.,"A",.,"A",.,"A",0,"D",0,"D",30,"D",.,"A",0,"D",.,"A"
"20102",2174064,50,0,"1",.,"A",.,"A",.,"A",.,"A",.,"A",20,"D",.,"A",.,"A",.,"A",.,"A",.,"A",.,"A",210,"D",.,"A",.,"A"
"20102",2174074,47,0,"1",.,"A",.,"A",.,"A",.,"A",.,"A",.,"A",.,"A",.,"A",.,"A",.,"A",.,"A",.,"A",.,"A",.,"A",.,"A"
"20102",2174094,55,0,"1",.,"A",.,"A",40,"F",.,"A",.,"A",.,"A",.,"A",.,"A",.,"A",0,"D",162,"D",0,"D",36,"D",0,"D",.,"A"
"20102",2174104,40,0,"1",.,"A",.,"A",.,"A",.,"A",.,"A",.,"A",.,"A",.,"A",.,"A",.,"A",.,"A",.,"A",.,"A",.,"A",.,"A"
"20102",2174124,45,0,"1",.,"A",.,"A",25,"D",.,"A",.,"A",.,"A",.,"A",.,"A",24,"D",.,"A",.,"A",.,"A",.,"A",.,"A",.,"A"
"20102",2174144,46,0,"1",.,"A",.,"A",.,"A",.,"A",.,"A",.,"A",.,"A",.,"A",.,"A",.,"A",.,"A",.,"A",20,"D",.,"A",.,"A"
"20102",2174174,39,0,"1",.,"A",.,"A",.,"A",.,"A",.,"A",.,"A",.,"A",.,"A",.,"A",.,"A",.,"A",.,"A",.,"A",.,"A",.,"A"
"20102",2174214,52,0,"1",.,"A",.,"A",.,"A",25,"D",.,"A",.,"A",.,"A",.,"A",.,"A",.,"A",.,"A",.,"A",160,"D",.,"A",.,"A"
"20102",2174234,56,0,"1",.,"A",.,"A",.,"A",.,"A",.,"A",40,"D",.,"A",.,"A",.,"A",.,"A",.,"A",.,"A",100,"D",.,"A",.,"A"
"20102",2174244,51,0,"1",.,"A",.,"A",.,"A",.,"A",.,"A",90,"D",.,"A",.,"A",.,"A",.,"A",.,"A",.,"A",.,"A",.,"A",.,"A"
"20102",2174254,43,0,"1",.,"A",.,"A",.,"A",.,"A",.,"A",18,"D",.,"A",.,"A",.,"A",.,"A",.,"A",.,"A",40,"D",.,"A",.,"A"
"20102",2174264,60,0,"1",.,"A",.,"A",30,"D",.,"A",.,"A",.,"A",.,"A",.,"A",.,"A",.,"A",.,"A",.,"A",19,"D",.,"A",.,"A"
"20102",2174324,62,0,"1",.,"A",.,"A",.,"A",.,"A",160,"D",.,"A",.,"A",.,"A",12,"D",.,"A",.,"A",.,"A",.,"A",.,"A",.,"A"
"20102",2174384,91,0,"1",.,"A",.,"A",85,"D",.,"A",.,"A",75,"D",.,"A",.,"A",.,"A",.,"A",.,"A",.,"A",240,"D",.,"A",.,"A"
"20102",2174414,82,0,"1",.,"A",.,"A",.,"A",.,"A",150,"D",.,"A",.,"A",.,"A",.,"A",.,"A",.,"A",.,"A",.,"A",.,"A",.,"A"
"20102",2174424,41,0,"1",.,"A",.,"A",.,"A",.,"A",.,"A",.,"A",.,"A",.,"A",.,"A",.,"A",.,"A",.,"A",13,"D",.,"A",.,"A"
"20102",2174434,28,0,"1",.,"A",.,"A",.,"A",.,"A",30,"D",.,"A",.,"A",.,"A",.,"A",195,"F",0,"D",0,"D",.,"A",.,"C",.,"A"
"20102",2174444,29,0,"1",.,"A",.,"A",.,"A",.,"A",.,"A",.,"A",.,"A",.,"A",.,"A",66,"D",0,"D",0,"D",35,"D",22,"D",.,"A"
"20102",2174474,31,0,"1",.,"A",.,"A",.,"A",.,"A",.,"A",.,"A",.,"A",.,"A",.,"A",.,"A",.,"A",.,"A",.,"A",.,"A",.,"A"
"20102",2174494,34,0,"1",.,"A",.,"A",.,"A",.,"A",30,"D",.,"A",.,"A",.,"A",.,"A",.,"A",.,"A",.,"A",.,"A",.,"A",.,"A"
"20102",2174504,60,0,"1",.,"A",.,"A",100,"D",.,"A",.,"A",20,"D",260,"D",.,"A",.,"A",.,"A",.,"A",.,"A",111,"D",.,"A",.,"A"
"20102",2174554,43,0,"1",.,"A",.,"A",.,"A",.,"A",.,"A",50,"D",.,"A",.,"A",.,"A",.,"A",.,"A",.,"A",200,"D",.,"A",.,"A"
"20102",2174584,43,0,"1",.,"A",.,"A",.,"A",.,"A",.,"A",.,"A",.,"A",.,"A",.,"A",.,"A",.,"A",.,"A",.,"A",.,"A",.,"A"
"20102",2174594,23,0,"1",15,"D",.,"A",.,"A",.,"A",105,"D",.,"A",.,"A",.,"A",.,"A",.,"A",.,"A",.,"A",30,"D",.,"A",.,"A"
"20102",2174604,56,0,"1",.,"A",.,"A",.,"A",.,"A",.,"A",.,"A",195,"D",.,"A",.,"A",.,"A",.,"A",.,"A",100,"D",.,"A",.,"A"
"20102",2174614,49,0,"1",.,"A",.,"A",.,"A",.,"A",.,"A",.,"A",.,"A",.,"A",.,"A",.,"A",.,"A",.,"A",120,"D",.,"A",.,"A"
"20102",2174634,65,0,"1",.,"A",.,"A",.,"A",.,"A",.,"A",.,"A",.,"A",.,"A",.,"A",.,"A",.,"A",.,"A",50,"D",.,"A",.,"A"
"20102",2174664,44,0,"1",.,"A",.,"A",.,"A",.,"A",.,"A",.,"A",.,"A",.,"A",.,"A",.,"A",.,"A",.,"A",.,"A",.,"A",.,"A"
"20102",2174674,66,0,"1",.,"A",.,"A",.,"A",.,"A",.,"A",.,"A",.,"A",.,"A",.,"A",.,"A",.,"A",.,"A",275,"D",.,"A",.,"A"
"20102",2174684,76,0,"1",.,"A",.,"A",.,"A",.,"A",.,"A",.,"A",.,"A",156,"D",.,"A",.,"A",.,"A",.,"A",122,"D",.,"A",.,"A"
"20102",2174714,62,0,"1",.,"A",.,"A",.,"A",.,"A",.,"A",.,"A",.,"A",.,"A",18,"D",.,"A",.,"A",.,"A",47,"D",.,"A",.,"A"
"20102",2174724,93,0,"1",.,"A",.,"A",.,"A",.,"A",.,"A",60,"D",.,"A",.,"A",.,"A",.,"A",.,"A",.,"A",250,"D",.,"A",.,"A"
"20102",2174734,46,0,"1",.,"A",.,"A",.,"A",.,"A",.,"A",.,"A",390,"D",.,"A",.,"A",.,"A",.,"A",.,"A",.,"A",.,"A",.,"A"
"20102",2174744,55,0,"1",.,"A",.,"A",.,"A",.,"A",.,"A",.,"A",.,"A",.,"A",.,"A",.,"A",.,"A",.,"A",.,"A",.,"A",.,"A"
"20102",2174774,25,0,"1",30,"D",.,"A",.,"A",45,"D",55,"D",.,"A",.,"A",.,"A",.,"A",0,"D",0,"D",150,"D",80,"D",0,"D",.,"A"
"20102",2174794,34,0,"1",.,"A",.,"A",.,"A",.,"A",.,"A",.,"A",.,"A",.,"A",.,"A",.,"A",.,"A",.,"A",.,"A",.,"A",.,"A"
"20102",2174814,42,0,"1",0,"F",.,"A",.,"A",.,"A",20,"F",.,"A",325,"D",.,"A",.,"A",.,"A",.,"A",.,"A",.,"A",.,"A",.,"A"
"20102",2174824,66,0,"1",.,"A",.,"A",.,"A",.,"A",.,"A",.,"A",.,"A",.,"A",39,"D",.,"A",.,"A",.,"A",20,"D",.,"A",.,"A"
"20102",2174834,32,0,"1",18,"D",.,"A",.,"A",.,"A",82,"D",.,"A",.,"A",.,"A",.,"A",.,"A",.,"A",.,"A",.,"A",.,"A",.,"A"
"20102",2174844,45,0,"1",.,"A",.,"A",.,"A",.,"A",.,"A",.,"A",65,"D",.,"A",.,"A",.,"A",.,"A",.,"A",.,"A",.,"A",.,"A"
"20102",2174864,49,0,"1",0,"F",.,"A",.,"A",.,"A",160,"F",.,"A",.,"A",.,"A",15,"D",.,"A",.,"A",.,"A",.,"A",.,"A",.,"A"
"20102",2174874,26,0,"1",10,"D",.,"A",.,"A",100,"D",50,"D",.,"A",.,"A",.,"A",.,"A",0,"D",0,"D",30,"D",370,"D",0,"D",.,"A"
"20102",2174884,64,0,"1",.,"A",.,"A",.,"A",.,"A",.,"A",30,"D",312,"D",.,"A",.,"A",.,"A",.,"A",.,"A",.,"A",.,"A",.,"A"
"20102",2174894,39,0,"1",.,"A",.,"A",.,"A",.,"A",.,"A",.,"A",.,"A",.,"A",.,"A",.,"A",.,"A",.,"A",.,"A",.,"A",.,"A"
"20102",2174914,44,0,"1",.,"A",.,"A",.,"A",.,"A",.,"A",.,"A",.,"A",.,"A",.,"A",.,"A",.,"A",.,"A",.,"A",.,"A",.,"A"
"20102",2174924,49,0,"1",.,"A",.,"A",.,"A",.,"A",.,"A",.,"A",.,"A",.,"A",.,"A",.,"A",.,"A",.,"A",20,"D",.,"A",.,"A"
"20102",2174934,62,0,"1",.,"A",.,"A",.,"A",.,"A",.,"A",.,"A",.,"A",.,"A",.,"A",.,"A",.,"A",.,"A",65,"D",.,"A",.,"A"
"20102",2174944,47,0,"1",.,"A",.,"A",.,"A",.,"A",.,"A",15,"D",.,"A",.,"A",.,"A",.,"A",.,"A",.,"A",50,"D",.,"A",.,"A"
"20102",2174964,61,0,"1",.,"A",.,"A",44,"D",.,"A",.,"A",.,"A",.,"A",.,"A",.,"A",.,"A",.,"A",.,"A",50,"D",.,"A",.,"A"
"20102",2174994,42,0,"1",.,"A",.,"A",.,"A",20,"D",78,"D",.,"A",.,"A",.,"A",.,"A",177,"D",0,"D",0,"D",25,"D",59,"D",.,"A"
"20102",2175004,29,0,"1",.,"A",.,"A",.,"A",.,"A",.,"A",.,"A",.,"A",.,"A",.,"A",.,"A",.,"A",.,"A",25,"D",.,"A",.,"A"
"20102",2175024,80,0,"1",.,"A",.,"A",.,"A",.,"A",.,"A",40,"D",.,"A",.,"A",.,"A",.,"A",.,"A",.,"A",240,"D",.,"A",.,"A"
"20102",2175034,52,0,"1",.,"A",.,"A",.,"A",.,"A",.,"A",.,"A",.,"A",.,"A",.,"A",.,"A",.,"A",.,"A",.,"A",.,"A",.,"A"
"20102",2175064,48,0,"1",.,"A",.,"A",.,"A",.,"A",.,"A",.,"A",.,"A",.,"A",.,"A",.,"A",.,"A",.,"A",50,"D",.,"A",.,"A"
"20102",2175084,39,0,"1",.,"A",.,"A",.,"A",.,"A",.,"A",.,"A",.,"A",.,"A",.,"A",.,"A",.,"A",.,"A",30,"D",.,"A",.,"A"
"20102",2175104,42,0,"1",.,"A",.,"A",.,"A",.,"A",75,"D",.,"A",.,"A",.,"A",.,"A",.,"A",.,"A",.,"A",.,"A",.,"A",.,"A"
"20102",2175134,36,0,"1",5,"D",.,"A",.,"A",.,"A",25,"D",.,"A",.,"A",.,"A",.,"A",.,"A",.,"A",.,"A",40,"D",.,"A",.,"A"
"20102",2175144,39,0,"1",.,"A",.,"A",.,"A",.,"A",.,"A",.,"A",.,"A",.,"A",.,"A",.,"A",.,"A",.,"A",.,"A",.,"A",.,"A"
"20102",2175164,45,0,"1",.,"A",.,"A",.,"A",.,"A",.,"A",150,"D",.,"A",.,"A",.,"A",.,"A",.,"A",.,"A",45,"D",.,"A",.,"A"
"20102",2175174,28,0,"1",.,"A",.,"A",.,"A",.,"A",.,"A",.,"A",.,"A",.,"A",.,"A",.,"A",.,"A",.,"A",.,"A",.,"A",.,"A"
"20102",2175194,49,0,"1",.,"A",.,"A",.,"A",.,"A",.,"A",.,"A",.,"A",.,"A",.,"A",.,"A",.,"A",.,"A",150,"D",.,"A",.,"A"
"20102",2175204,61,0,"1",.,"A",.,"A",.,"A",.,"A",.,"A",30,"D",.,"A",.,"A",.,"A",.,"A",.,"A",.,"A",250,"D",.,"A",.,"A"
"20102",2175214,50,0,"1",.,"A",.,"A",.,"A",.,"A",.,"A",.,"A",.,"A",.,"A",.,"A",.,"A",.,"A",.,"A",222,"D",.,"A",.,"A"
"20102",2175224,46,0,"1",.,"A",.,"A",15,"D",.,"A",.,"A",90,"D",.,"A",.,"A",.,"A",.,"A",.,"A",.,"A",60,"D",.,"A",.,"A"
"20102",2175234,21,0,"1",.,"A",.,"A",.,"A",.,"A",24,"D",.,"A",.,"A",.,"A",.,"A",0,"D",0,"D",168,"D",25,"D",0,"D",.,"A"
"20102",2175254,43,0,"1",.,"A",.,"A",.,"A",.,"A",.,"A",.,"A",.,"A",.,"A",.,"A",.,"A",.,"A",.,"A",.,"A",.,"A",.,"A"
"20102",2175274,46,0,"1",.,"A",.,"A",.,"A",.,"A",.,"A",.,"A",.,"A",.,"A",.,"A",.,"A",.,"A",.,"A",30,"D",.,"A",.,"A"
"20102",2175295,36,0,"1",.,"A",.,"A",.,"A",.,"A",.,"A",.,"A",.,"A",.,"A",.,"A",.,"A",.,"A",.,"A",60,"D",.,"A",.,"A"
"20102",2175304,47,0,"1",10,"D",.,"A",.,"A",.,"A",68,"D",.,"A",.,"A",.,"A",.,"A",495,"D",165,"D",330,"D",50,"D",165,"D",.,"A"
"20102",2175324,61,0,"1",.,"A",.,"A",.,"A",.,"A",.,"A",25,"D",.,"A",.,"A",.,"A",.,"A",.,"A",.,"A",30,"D",.,"A",.,"A"
"20102",2175334,48,0,"1",.,"A",.,"A",.,"A",.,"A",.,"A",.,"A",.,"A",.,"A",.,"A",.,"A",.,"A",.,"A",30,"D",.,"A",.,"A"
"20102",2175344,32,0,"1",.,"A",.,"A",.,"A",.,"A",.,"A",.,"A",.,"A",.,"A",.,"A",.,"A",.,"A",.,"A",.,"A",.,"A",.,"A"
"20102",2175354,30,0,"1",.,"A",.,"A",.,"A",.,"A",120,"D",.,"A",520,"D",.,"A",.,"A",.,"A",.,"A",.,"A",165,"D",.,"A",.,"A"
"20102",2175384,28,0,"1",20,"D",.,"A",.,"A",.,"A",40,"D",.,"A",.,"A",.,"A",.,"A",0,"D",0,"D",120,"D",.,"A",0,"D",.,"A"
"20102",2175394,90,0,"1",.,"A",.,"A",.,"A",.,"A",.,"A",.,"A",.,"A",.,"A",.,"A",.,"A",.,"A",.,"A",30,"D",.,"A",.,"A"
"20102",2175424,81,0,"1",.,"A",.,"A",.,"A",.,"A",.,"A",.,"A",.,"A",.,"A",.,"A",.,"A",.,"A",.,"A",146,"D",.,"A",.,"A"
"20102",2175434,48,0,"1",.,"A",.,"A",.,"A",.,"A",.,"A",40,"D",.,"A",.,"A",.,"A",.,"A",.,"A",.,"A",78,"D",.,"A",.,"A"
"20102",2175444,67,0,"1",.,"A",.,"A",.,"A",.,"A",.,"A",.,"A",.,"A",.,"A",.,"A",.,"A",.,"A",.,"A",60,"D",.,"A",.,"A"
"20102",2175454,57,0,"1",.,"A",.,"A",.,"A",.,"A",.,"A",.,"A",.,"A",.,"A",.,"A",.,"A",.,"A",.,"A",260,"D",.,"A",.,"A"
"20102",2175464,50,0,"1",.,"A",.,"A",.,"A",.,"A",.,"A",.,"A",.,"A",.,"A",.,"A",.,"A",.,"A",.,"A",120,"D",.,"A",.,"A"
"20102",2175474,53,0,"1",.,"A",.,"A",.,"A",.,"A",50,"D",.,"A",26,"D",.,"A",.,"A",.,"A",.,"A",.,"A",.,"A",.,"A",.,"A"
"20102",2175484,47,0,"1",.,"A",.,"A",.,"A",.,"A",.,"A",.,"A",.,"A",.,"A",.,"A",.,"A",.,"A",.,"A",.,"A",.,"A",.,"A"
"20102",2175494,87,0,"1",.,"A",.,"A",.,"A",.,"A",.,"A",225,"D",.,"A",.,"A",.,"A",.,"A",.,"A",.,"A",75,"D",.,"A",.,"A"
"20102",2175504,24,0,"1",.,"A",.,"A",.,"A",.,"A",.,"A",.,"A",.,"A",.,"A",.,"A",.,"A",.,"A",.,"A",60,"D",.,"A",.,"A"
"20102",2175524,38,0,"1",.,"A",.,"A",.,"A",.,"A",.,"A",.,"A",.,"A",.,"A",.,"A",.,"A",.,"A",.,"A",35,"D",.,"A",.,"A"
"20102",2175544,48,0,"1",.,"A",.,"A",.,"A",.,"A",.,"A",15,"D",.,"A",.,"A",6,"D",.,"A",.,"A",.,"A",.,"A",.,"A",.,"A"
"20102",2175564,47,0,"1",.,"A",.,"A",.,"A",.,"A",.,"A",.,"A",.,"A",.,"A",.,"A",.,"A",.,"A",.,"A",48,"D",.,"A",.,"A"
"20102",2175584,57,0,"1",.,"A",.,"A",.,"A",.,"A",.,"A",.,"A",.,"A",.,"A",.,"A",.,"A",.,"A",.,"A",.,"A",.,"A",.,"A"
"20102",2175614,60,0,"1",.,"A",.,"A",.,"A",.,"A",.,"A",75,"D",.,"A",.,"A",.,"A",.,"A",.,"A",.,"A",550,"D",.,"A",.,"A"
"20102",2175624,63,0,"1",.,"A",.,"A",.,"A",.,"A",.,"A",.,"A",.,"A",.,"A",.,"A",.,"A",.,"A",.,"A",90,"D",.,"A",.,"A"
"20102",2175644,29,0,"1",.,"A",.,"A",.,"A",.,"A",.,"A",.,"A",.,"A",.,"A",.,"A",.,"A",.,"A",.,"A",.,"A",.,"A",.,"A"
"20102",2175654,33,0,"1",.,"A",.,"A",.,"A",.,"A",.,"A",.,"A",325,"D",.,"A",.,"A",.,"A",.,"A",.,"A",90,"D",.,"A",.,"A"
"20102",2175674,96,0,"1",.,"A",.,"A",.,"A",.,"A",.,"A",.,"A",.,"A",.,"A",.,"A",.,"A",.,"A",.,"A",300,"D",.,"A",.,"A"
"20102",2175684,34,0,"1",.,"A",.,"A",.,"A",.,"A",.,"A",.,"A",.,"A",.,"A",.,"A",.,"A",.,"A",.,"A",.,"A",.,"A",.,"A"
"20102",2175694,60,0,"1",.,"A",.,"A",.,"A",.,"A",.,"A",.,"A",.,"A",.,"A",.,"A",.,"A",.,"A",.,"A",.,"A",.,"A",.,"A"
"20102",2175704,41,0,"1",.,"A",.,"A",.,"A",.,"A",.,"A",.,"A",.,"A",.,"A",.,"A",.,"A",.,"A",.,"A",450,"D",.,"A",.,"A"
"20102",2175724,46,0,"1",.,"A",.,"A",.,"A",.,"A",.,"A",.,"A",650,"D",.,"A",.,"A",.,"A",.,"A",.,"A",70,"D",.,"A",.,"A"
"20102",2175744,45,0,"1",.,"A",.,"A",.,"A",.,"A",.,"A",.,"A",.,"A",.,"A",.,"A",.,"A",.,"A",.,"A",138,"D",.,"A",.,"A"
"20102",2175754,33,0,"1",.,"A",.,"A",.,"A",.,"A",40,"D",.,"A",780,"D",.,"A",.,"A",0,"D",0,"D",120,"D",.,"A",0,"D",.,"A"
"20102",2175775,55,0,"1",.,"A",.,"A",.,"A",.,"A",.,"A",.,"A",.,"A",.,"A",30,"D",.,"A",.,"A",.,"A",40,"D",.,"A",.,"A"
"20102",2175784,34,0,"1",.,"A",.,"A",.,"A",.,"A",.,"A",400,"D",.,"A",.,"A",.,"A",.,"A",.,"A",.,"A",.,"A",.,"A",.,"A"
"20102",2175804,66,0,"1",.,"A",.,"A",.,"A",.,"A",.,"A",.,"A",.,"A",.,"A",.,"A",.,"A",.,"A",.,"A",.,"A",.,"A",.,"A"
"20102",2175814,40,0,"1",.,"A",.,"A",.,"A",.,"A",.,"A",.,"A",.,"A",.,"A",.,"A",.,"A",.,"A",.,"A",10,"D",.,"A",.,"A"
"20102",2175824,74,0,"1",.,"A",.,"A",.,"A",.,"A",.,"A",20,"D",.,"A",.,"A",.,"A",.,"A",.,"A",.,"A",.,"A",.,"A",.,"A"
"20102",2175834,51,0,"1",.,"A",.,"A",.,"A",.,"A",.,"A",.,"A",.,"A",.,"A",.,"A",.,"A",.,"A",.,"A",.,"A",.,"A",.,"A"
"20102",2175844,45,0,"1",.,"A",.,"A",.,"A",.,"A",.,"A",.,"A",.,"A",.,"A",30,"D",.,"A",.,"A",.,"A",120,"D",.,"A",.,"A"
"20102",2175854,59,0,"1",.,"A",.,"A",.,"A",.,"A",.,"A",.,"A",.,"A",.,"A",.,"A",.,"A",.,"A",.,"A",15,"D",.,"A",.,"A"
"20102",2175874,49,0,"1",.,"A",.,"A",.,"A",.,"A",.,"A",400,"D",.,"A",.,"A",.,"A",.,"A",.,"A",.,"A",120,"D",.,"A",.,"A"
"20102",2175884,20,0,"1",.,"A",.,"A",.,"A",.,"A",.,"A",.,"A",390,"D",.,"A",.,"A",.,"A",.,"A",.,"A",.,"A",.,"A",.,"A"
"20102",2175904,58,0,"1",.,"A",.,"A",.,"A",.,"A",.,"A",.,"A",.,"A",.,"A",.,"A",.,"A",.,"A",.,"A",100,"D",.,"A",.,"A"
"20102",2175914,99,0,"1",.,"A",.,"A",.,"A",.,"A",.,"A",120,"D",.,"A",.,"A",.,"A",.,"A",.,"A",.,"A",400,"D",.,"A",.,"A"
"20102",2175924,53,0,"1",.,"A",.,"A",.,"A",.,"A",.,"A",.,"A",260,"D",.,"A",.,"A",.,"A",.,"A",.,"A",180,"D",.,"A",.,"A"
"20102",2175934,39,0,"1",.,"A",.,"A",.,"A",.,"A",.,"A",.,"A",1040,"D",.,"A",.,"A",.,"A",.,"A",.,"A",.,"A",.,"A",.,"A"
"20102",2175944,46,0,"1",.,"A",.,"A",.,"A",.,"A",.,"A",.,"A",.,"A",.,"A",.,"A",.,"A",.,"A",.,"A",.,"A",.,"A",.,"A"
"20102",2175954,56,0,"1",.,"A",.,"A",.,"A",.,"A",.,"A",100,"F",.,"A",.,"A",36,"D",.,"A",.,"A",.,"A",400,"F",.,"A",.,"A"
"20102",2175984,74,0,"1",.,"A",.,"A",.,"A",.,"A",.,"A",.,"A",.,"A",.,"A",.,"A",.,"A",.,"A",.,"A",40,"D",.,"A",.,"A"
"20102",2176014,39,0,"1",.,"A",.,"A",.,"A",.,"A",150,"D",.,"A",.,"A",260,"D",.,"A",.,"A",.,"A",.,"A",.,"A",.,"A",.,"A"
"20102",2176024,58,0,"1",.,"A",.,"A",.,"A",.,"A",.,"A",.,"A",.,"A",.,"A",.,"A",.,"A",.,"A",.,"A",120,"D",.,"A",.,"A"
"20102",2176034,60,0,"1",.,"A",.,"A",.,"A",.,"A",75,"D",.,"A",1092,"D",.,"A",9,"D",.,"A",.,"A",.,"A",105,"D",.,"A",.,"A"
"20102",2176044,57,0,"1",.,"A",.,"A",.,"A",.,"A",.,"A",.,"A",468,"D",.,"A",.,"A",.,"A",.,"A",.,"A",.,"A",.,"A",.,"A"
"20102",2176074,43,0,"1",.,"A",.,"A",.,"A",.,"A",.,"A",.,"A",.,"A",.,"A",.,"A",.,"A",.,"A",.,"A",.,"A",.,"A",.,"A"
"20102",2176084,48,0,"1",.,"A",.,"A",.,"A",.,"A",.,"A",.,"A",.,"A",.,"A",9,"D",.,"A",.,"A",.,"A",150,"D",.,"A",.,"A"
"20102",2176094,39,0,"1",.,"A",.,"A",.,"A",.,"A",.,"A",.,"A",.,"A",.,"A",.,"A",.,"A",.,"A",.,"A",.,"A",.,"A",.,"A"
"20102",2176104,49,0,"1",.,"A",.,"A",.,"A",.,"A",.,"A",.,"A",.,"A",.,"A",.,"A",.,"A",.,"A",.,"A",125,"D",.,"A",.,"A"
"20102",2176114,54,0,"1",.,"A",.,"A",.,"A",.,"A",.,"A",.,"A",.,"A",.,"A",.,"A",.,"A",.,"A",.,"A",12,"D",.,"A",.,"A"
"20102",2176124,34,0,"1",.,"A",.,"A",.,"A",.,"A",.,"A",.,"A",.,"A",.,"A",.,"A",.,"A",.,"A",.,"A",.,"A",.,"A",.,"A"
"20102",2176134,66,0,"1",.,"A",.,"A",.,"A",.,"A",.,"A",.,"A",.,"A",65,"D",.,"A",.,"A",.,"A",.,"A",40,"D",.,"A",.,"A"
"20102",2176174,43,0,"1",.,"A",.,"A",.,"A",.,"A",.,"A",.,"A",585,"D",.,"A",.,"A",.,"A",.,"A",.,"A",60,"D",.,"A",.,"A"
"20102",2176184,61,0,"1",.,"A",.,"A",.,"A",.,"A",.,"A",.,"A",65,"F",.,"A",.,"A",.,"A",.,"A",.,"A",18,"D",.,"A",.,"A"
"20102",2176194,30,0,"1",.,"A",.,"A",.,"A",.,"A",25,"D",.,"A",.,"A",.,"A",.,"A",261,"D",0,"D",0,"D",40,"D",87,"D",.,"A"
"20102",2176204,32,0,"1",10,"D",.,"A",.,"A",.,"A",90,"D",.,"A",.,"A",.,"A",.,"A",.,"A",.,"A",.,"A",65,"D",.,"A",.,"A"
"20102",2176214,47,0,"1",.,"A",.,"A",.,"A",.,"A",.,"A",.,"A",.,"A",.,"A",150,"D",.,"A",.,"A",.,"A",85,"D",.,"A",.,"A"
"20102",2176224,98,0,"1",.,"A",.,"A",.,"A",.,"A",.,"A",.,"A",.,"A",.,"A",.,"A",.,"A",.,"A",.,"A",200,"D",.,"A",.,"A"
"20102",2176234,22,0,"1",.,"A",.,"A",.,"A",.,"A",.,"A",.,"A",.,"A",.,"A",.,"A",.,"A",.,"A",.,"A",.,"A",.,"A",.,"A"
"20102",2176264,56,0,"1",.,"A",.,"A",.,"A",.,"A",.,"A",.,"A",1170,"D",.,"A",.,"A",.,"A",.,"A",.,"A",150,"D",.,"A",.,"A"
"20102",2176274,43,0,"1",15,"F",.,"A",.,"A",.,"A",35,"F",.,"A",.,"A",.,"A",.,"A",.,"A",.,"A",.,"A",.,"A",.,"A",.,"A"
"20102",2176284,48,0,"1",.,"A",.,"A",.,"A",.,"A",.,"A",.,"A",.,"A",.,"A",.,"A",.,"A",.,"A",.,"A",30,"D",.,"A",.,"A"
"20102",2176294,61,0,"1",.,"A",.,"A",.,"A",.,"A",.,"A",.,"A",.,"A",.,"A",.,"A",.,"A",.,"A",.,"A",120,"D",.,"A",.,"A"
"20102",2176314,78,0,"1",.,"A",.,"A",.,"A",.,"A",.,"A",50,"D",.,"A",.,"A",.,"A",276,"D",0,"D",0,"D",85,"D",92,"D",.,"A"
"20102",2176354,35,0,"1",.,"A",.,"A",.,"A",.,"A",.,"A",.,"A",.,"A",.,"A",.,"A",.,"A",.,"A",.,"A",.,"A",.,"A",.,"A"
"20102",2176364,39,0,"1",.,"A",.,"A",.,"A",.,"A",.,"A",.,"A",.,"A",.,"A",.,"A",.,"A",.,"A",.,"A",210,"D",.,"A",.,"A"
"20102",2176374,52,0,"1",.,"A",.,"A",1,"D",.,"A",.,"A",.,"A",.,"A",.,"A",.,"A",.,"A",.,"A",.,"A",65,"D",.,"A",.,"A"
"20102",2176384,41,0,"1",.,"A",.,"A",.,"A",.,"A",.,"A",.,"A",.,"A",.,"A",.,"A",.,"A",.,"A",.,"A",30,"D",.,"A",.,"A"
"20102",2176394,50,0,"1",.,"A",.,"A",.,"A",.,"A",.,"A",.,"A",.,"A",.,"A",.,"A",.,"A",.,"A",.,"A",.,"A",.,"A",.,"A"
"20102",2176404,53,0,"1",.,"A",.,"A",.,"A",.,"A",.,"A",.,"A",.,"A",.,"A",.,"A",.,"A",.,"A",.,"A",85,"D",.,"A",.,"A"
"20102",2176474,91,0,"1",.,"A",.,"A",.,"A",.,"A",.,"A",.,"A",.,"A",.,"A",.,"A",.,"A",.,"A",.,"A",168,"D",.,"A",.,"A"
"20102",2176484,43,0,"1",.,"A",.,"A",.,"A",.,"A",.,"A",.,"A",.,"A",.,"A",60,"D",.,"A",.,"A",.,"A",30,"D",.,"A",.,"A"
"20102",2176494,57,0,"1",.,"A",.,"A",.,"A",.,"A",.,"A",.,"A",1248,"D",.,"A",.,"A",.,"A",.,"A",.,"A",.,"A",.,"A",.,"A"
"20102",2176514,34,0,"1",.,"A",.,"A",58,"D",.,"A",180,"D",.,"A",.,"A",.,"A",.,"A",.,"A",.,"A",.,"A",.,"A",.,"A",.,"A"
"20102",2176524,41,0,"1",.,"A",.,"A",.,"A",.,"A",.,"A",120,"D",.,"A",.,"A",.,"A",.,"A",.,"A",.,"A",105,"D",.,"A",.,"A"
"20102",2176534,54,0,"1",.,"A",.,"A",.,"A",.,"A",.,"A",40,"D",.,"A",.,"A",.,"A",.,"A",.,"A",.,"A",200,"D",.,"A",.,"A"
"20102",2176544,26,0,"1",.,"A",.,"A",.,"A",.,"A",.,"A",45,"F",.,"A",.,"A",.,"A",.,"A",.,"A",.,"A",.,"A",.,"A",.,"A"
"20102",2176554,36,0,"1",.,"A",.,"A",.,"A",100,"D",20,"D",.,"A",.,"A",.,"A",.,"A",.,"A",.,"A",.,"A",60,"D",.,"A",.,"A"
"20102",2176574,35,0,"1",.,"A",.,"A",.,"A",.,"A",.,"A",.,"A",.,"A",.,"A",.,"A",.,"A",.,"A",.,"A",17,"D",.,"A",.,"A"
"20102",2176584,24,0,"1",.,"A",.,"A",.,"A",.,"A",30,"D",.,"A",.,"A",.,"A",.,"A",.,"A",.,"A",.,"A",.,"A",.,"A",.,"A"
"20102",2176604,33,0,"1",.,"A",.,"A",.,"A",.,"A",.,"A",.,"A",.,"A",.,"A",.,"A",.,"A",.,"A",.,"A",30,"D",.,"A",.,"A"
"20102",2176614,30,0,"1",.,"A",.,"A",.,"A",.,"A",.,"A",.,"A",91,"D",.,"A",.,"A",.,"A",.,"A",.,"A",20,"D",.,"A",.,"A"
"20102",2176624,48,0,"1",.,"A",.,"A",.,"A",.,"A",.,"A",.,"A",.,"A",.,"A",.,"A",.,"A",.,"A",.,"A",.,"A",.,"A",.,"A"
"20102",2176634,49,0,"1",.,"A",.,"A",.,"A",.,"A",.,"A",.,"A",.,"A",.,"A",.,"A",.,"A",.,"A",.,"A",.,"A",.,"A",.,"A"
"20102",2176644,62,0,"1",35,"D",.,"A",.,"A",.,"A",40,"D",120,"D",546,"D",.,"A",24,"D",.,"A",.,"A",.,"A",.,"A",.,"A",.,"A"
"20102",2176664,46,0,"1",.,"A",.,"A",.,"A",.,"A",.,"A",.,"A",728,"D",.,"A",.,"A",.,"A",.,"A",.,"A",210,"D",.,"A",.,"A"
"20102",2176674,46,0,"1",.,"A",.,"A",.,"A",.,"A",.,"A",.,"A",.,"A",.,"A",.,"A",.,"A",.,"A",.,"A",50,"D",.,"A",.,"A"
"20102",2176694,59,0,"1",.,"A",.,"A",.,"A",.,"A",.,"A",.,"A",.,"A",.,"A",.,"A",.,"A",.,"A",.,"A",.,"A",.,"A",.,"A"
"20102",2176724,53,0,"1",.,"A",.,"A",.,"A",.,"A",.,"A",.,"A",.,"A",.,"A",.,"A",.,"A",.,"A",.,"A",.,"A",.,"A",.,"A"
"20102",2176734,37,0,"1",.,"A",.,"A",.,"A",.,"A",.,"A",.,"A",.,"A",.,"A",.,"A",.,"A",.,"A",.,"A",.,"A",.,"A",.,"A"
"20102",2176744,76,0,"1",.,"A",.,"A",.,"A",.,"A",.,"A",.,"A",.,"A",.,"A",.,"A",.,"A",.,"A",.,"A",44,"D",.,"A",.,"A"
"20102",2176754,39,0,"1",.,"A",.,"A",.,"A",50,"D",40,"D",.,"A",.,"A",.,"A",.,"A",0,"D",0,"D",150,"D",.,"A",0,"D",.,"A"
"20102",2176764,39,0,"1",.,"A",.,"A",.,"A",.,"A",.,"A",.,"A",.,"A",.,"A",.,"A",.,"A",.,"A",.,"A",50,"D",.,"A",.,"A"
"20102",2176774,39,0,"1",10,"D",.,"A",.,"A",.,"A",5,"D",16,"D",.,"A",.,"A",.,"A",.,"A",.,"A",.,"A",.,"A",.,"A",.,"A"
"20102",2176794,38,0,"1",.,"A",.,"A",.,"A",.,"A",36,"D",.,"A",195,"D",.,"A",.,"A",.,"A",.,"A",.,"A",60,"D",.,"A",.,"A"
"20102",2176804,61,0,"1",.,"A",.,"A",.,"A",.,"A",.,"A",.,"A",.,"A",.,"A",.,"A",.,"A",.,"A",.,"A",30,"D",.,"A",.,"A"
"20102",2176814,117,0,"1",.,"A",.,"A",.,"A",.,"A",.,"A",.,"A",.,"A",.,"A",.,"A",.,"A",.,"A",.,"A",200,"D",.,"A",.,"A"
"20102",2176824,28,0,"1",.,"A",.,"A",.,"A",.,"A",.,"A",.,"A",481,"D",.,"A",.,"A",.,"A",.,"A",.,"A",40,"D",.,"A",.,"A"
"20102",2176854,54,0,"1",.,"A",.,"A",.,"A",.,"A",.,"A",.,"A",.,"A",.,"A",.,"A",.,"A",.,"A",.,"A",130,"D",.,"A",.,"A"
"20102",2176874,76,0,"1",.,"A",.,"A",.,"A",.,"A",.,"A",.,"A",2730,"D",.,"A",.,"A",.,"A",.,"A",.,"A",30,"D",.,"A",.,"A"
"20102",2176904,70,0,"1",.,"A",.,"A",.,"A",.,"A",.,"A",20,"D",.,"A",.,"A",9,"D",.,"A",.,"A",.,"A",100,"D",.,"A",.,"A"
"20102",2176915,24,0,"1",.,"A",.,"A",.,"A",.,"A",.,"A",.,"A",.,"A",.,"A",.,"A",.,"A",.,"A",.,"A",.,"A",.,"A",.,"A"
"20102",2176924,72,0,"1",.,"A",.,"A",.,"A",.,"A",.,"A",.,"A",.,"A",.,"A",.,"A",.,"A",.,"A",.,"A",105,"D",.,"A",.,"A"
"20102",2176934,61,0,"1",.,"A",.,"A",.,"A",.,"A",.,"A",.,"A",.,"A",.,"A",.,"A",.,"A",.,"A",.,"A",75,"D",.,"A",.,"A"
"20102",2176944,55,0,"1",.,"A",.,"A",.,"A",.,"A",.,"A",30,"D",455,"D",.,"A",.,"A",.,"A",.,"A",.,"A",45,"D",.,"A",.,"A"
"20102",2176964,35,0,"1",.,"A",.,"A",.,"A",.,"A",.,"A",.,"A",650,"D",.,"A",.,"A",.,"A",.,"A",.,"A",.,"A",.,"A",.,"A"
"20102",2176974,86,0,"1",.,"A",.,"A",.,"A",.,"A",.,"A",60,"D",.,"A",.,"A",.,"A",.,"A",.,"A",.,"A",200,"D",.,"A",.,"A"
"20102",2177004,29,0,"1",.,"A",.,"A",.,"A",.,"A",.,"A",.,"A",.,"A",.,"A",.,"A",.,"A",.,"A",.,"A",40,"F",.,"A",.,"A"
"20102",2177014,56,0,"1",.,"A",.,"A",75,"D",.,"A",.,"A",.,"A",.,"A",.,"A",.,"A",.,"A",.,"A",.,"A",.,"A",.,"A",.,"A"
"20102",2177034,38,0,"1",.,"A",.,"A",.,"A",.,"A",.,"A",.,"A",.,"A",.,"A",.,"A",.,"A",.,"A",.,"A",80,"D",.,"A",.,"A"
"20102",2177084,32,0,"1",.,"A",.,"A",.,"A",.,"A",.,"A",.,"A",.,"A",.,"A",.,"A",.,"A",.,"A",.,"A",.,"A",.,"A",.,"A"
"20102",2177104,28,0,"1",.,"A",.,"A",.,"A",.,"A",45,"D",.,"A",.,"A",.,"A",.,"A",0,"D",0,"D",0,"D",.,"A",0,"D",.,"A"
"20102",2177124,46,0,"1",.,"A",.,"A",.,"A",.,"A",.,"A",.,"A",260,"D",.,"A",.,"A",.,"A",.,"A",.,"A",.,"A",.,"A",.,"A"
"20102",2177154,81,0,"1",.,"A",.,"A",.,"A",.,"A",.,"A",.,"A",.,"A",.,"A",.,"A",.,"A",.,"A",.,"A",150,"D",.,"A",.,"A"
"20102",2177164,69,0,"1",.,"A",.,"A",.,"A",.,"A",.,"A",.,"A",.,"A",.,"A",.,"A",.,"A",.,"A",.,"A",115,"D",.,"A",.,"A"
"20102",2177185,36,0,"1",.,"A",.,"A",.,"A",.,"A",.,"A",.,"A",.,"A",.,"A",.,"A",.,"A",.,"A",.,"A",.,"A",.,"A",.,"A"
"20102",2177194,26,0,"1",.,"A",.,"A",.,"A",.,"A",20,"D",.,"A",.,"A",.,"A",.,"A",.,"A",.,"A",.,"A",.,"A",.,"A",.,"A"
"20102",2177224,61,0,"1",.,"A",.,"A",.,"A",.,"A",.,"A",.,"A",.,"A",.,"A",3,"D",.,"A",.,"A",.,"A",.,"A",.,"A",.,"A"
"20102",2177234,74,0,"1",.,"A",.,"A",.,"A",50,"D",.,"A",.,"A",.,"A",.,"A",.,"A",.,"A",.,"A",.,"A",400,"D",.,"A",.,"A"
"20102",2177264,53,0,"1",.,"A",.,"A",.,"A",.,"A",.,"A",.,"A",390,"D",.,"A",.,"A",.,"A",.,"A",.,"A",120,"D",.,"A",.,"A"
"20102",2177274,57,0,"1",.,"A",.,"A",.,"A",.,"A",.,"A",115,"D",.,"A",.,"A",.,"A",.,"A",.,"A",.,"A",180,"D",.,"A",.,"A"
"20102",2177284,93,0,"1",.,"A",.,"A",.,"A",.,"A",.,"A",200,"D",.,"A",117,"D",.,"A",.,"A",.,"A",.,"A",205,"D",.,"A",.,"A"
"20102",2177304,71,0,"1",.,"A",.,"A",.,"A",.,"A",.,"A",.,"A",.,"A",.,"A",.,"A",.,"A",.,"A",.,"A",145,"D",.,"A",.,"A"
"20102",2177314,51,0,"1",.,"A",.,"A",.,"A",.,"A",.,"A",.,"A",.,"A",.,"A",15,"D",.,"A",.,"A",.,"A",.,"A",.,"A",.,"A"
"20102",2177324,26,0,"1",.,"A",.,"A",.,"A",.,"A",.,"A",.,"A",.,"A",.,"A",.,"A",.,"A",.,"A",.,"A",120,"D",.,"A",.,"A"
"20102",2177334,53,0,"1",.,"A",.,"A",.,"A",.,"A",30,"D",.,"A",.,"A",.,"A",.,"A",.,"A",.,"A",.,"A",75,"D",.,"A",.,"A"
"20102",2177345,60,0,"1",.,"A",.,"A",.,"A",.,"A",.,"A",.,"A",.,"A",.,"A",.,"A",.,"A",.,"A",.,"A",24,"D",.,"A",.,"A"
"20102",2177364,38,0,"1",.,"A",.,"A",.,"A",.,"A",.,"A",.,"A",.,"A",.,"A",.,"A",.,"A",.,"A",.,"A",10,"D",.,"A",.,"A"
"20102",2177384,29,0,"1",.,"A",.,"A",.,"A",.,"A",60,"D",48,"D",130,"D",.,"A",.,"A",.,"A",.,"A",.,"A",.,"A",.,"A",.,"A"
"20102",2177394,54,0,"1",.,"A",.,"A",.,"A",.,"A",.,"A",.,"A",.,"A",.,"A",.,"A",.,"A",.,"A",.,"A",45,"D",.,"A",.,"A"
"20102",2177424,71,0,"1",.,"A",.,"A",.,"A",.,"A",.,"A",.,"A",.,"A",.,"A",.,"A",.,"A",.,"A",.,"A",.,"A",.,"A",.,"A"
"20102",2177444,48,0,"1",.,"A",.,"A",.,"A",.,"A",.,"A",30,"D",.,"A",.,"A",.,"A",.,"A",.,"A",.,"A",60,"D",.,"A",.,"A"
"20102",2177454,70,0,"1",.,"A",.,"A",.,"A",.,"A",10,"D",90,"D",.,"A",.,"A",.,"A",.,"A",.,"A",.,"A",60,"D",.,"A",.,"A"
"20102",2177474,72,0,"1",.,"A",.,"A",.,"A",.,"A",.,"A",.,"A",.,"A",.,"A",.,"A",.,"A",.,"A",.,"A",400,"D",.,"A",.,"A"
"20102",2177484,36,0,"1",.,"A",.,"A",.,"A",.,"A",40,"D",.,"A",.,"A",.,"A",.,"A",0,"D",0,"D",108,"D",.,"A",0,"D",.,"A"
"20102",2177524,59,0,"1",.,"A",.,"A",.,"A",.,"A",.,"A",45,"D",.,"A",.,"A",.,"A",.,"A",.,"A",.,"A",330,"D",.,"A",.,"A"
"20102",2177534,75,0,"1",.,"A",.,"A",.,"A",15,"D",.,"A",.,"A",.,"A",.,"A",.,"A",.,"A",.,"A",.,"A",50,"D",.,"A",.,"A"
"20102",2177554,46,0,"1",.,"A",.,"A",.,"A",.,"A",.,"A",.,"A",520,"D",.,"A",.,"A",.,"A",.,"A",.,"A",23,"D",.,"A",.,"A"
"20102",2177584,65,0,"1",.,"A",.,"A",.,"A",.,"A",.,"A",.,"A",.,"A",390,"D",.,"A",.,"A",.,"A",.,"A",40,"D",.,"A",.,"A"
"20102",2177604,27,0,"1",.,"A",.,"A",.,"A",.,"A",.,"A",.,"A",312,"D",.,"A",.,"A",.,"A",.,"A",.,"A",.,"A",.,"A",.,"A"
"20102",2177624,53,0,"1",.,"A",.,"A",117,"D",.,"A",.,"A",.,"A",1300,"D",.,"A",120,"D",.,"A",.,"A",.,"A",.,"A",.,"A",.,"A"
"20102",2177654,48,0,"1",.,"A",.,"A",.,"A",.,"A",.,"A",.,"A",.,"A",.,"A",.,"A",.,"A",.,"A",.,"A",.,"A",.,"A",.,"A"
"20102",2177674,31,0,"1",.,"A",.,"A",.,"A",.,"A",.,"A",.,"A",.,"A",.,"A",.,"A",.,"A",.,"A",.,"A",.,"A",.,"A",.,"A"
"20102",2177684,60,0,"1",.,"A",.,"A",.,"A",.,"A",.,"A",.,"A",156,"D",.,"A",21,"D",.,"A",.,"A",.,"A",.,"A",.,"A",.,"A"
"20102",2177694,62,0,"1",.,"A",.,"A",.,"A",.,"A",.,"A",.,"A",.,"A",.,"A",39,"D",.,"A",.,"A",.,"A",25,"D",.,"A",.,"A"
"20102",2177704,40,0,"1",.,"A",.,"A",.,"A",.,"A",.,"A",.,"A",.,"A",.,"A",.,"A",.,"A",.,"A",.,"A",.,"A",.,"A",.,"A"
"20102",2177714,45,0,"1",.,"A",.,"A",.,"A",.,"A",.,"A",.,"A",.,"A",.,"A",.,"A",.,"A",.,"A",.,"A",180,"D",.,"A",.,"A"
"20102",2177724,28,0,"1",7,"D",.,"A",.,"A",.,"A",18,"D",.,"A",390,"D",.,"A",.,"A",.,"A",.,"A",.,"A",9,"D",.,"A",.,"A"
"20102",2177734,27,0,"1",.,"A",.,"A",.,"A",.,"A",.,"A",.,"A",.,"A",.,"A",.,"A",.,"A",.,"A",.,"A",75,"D",.,"A",.,"A"
"20102",2177754,54,0,"1",.,"A",.,"A",.,"A",.,"A",.,"A",.,"A",.,"A",.,"A",.,"A",.,"A",.,"A",.,"A",.,"A",.,"A",.,"A"
"20102",2177844,57,0,"1",.,"A",.,"A",.,"A",.,"A",.,"A",.,"A",.,"A",.,"A",.,"A",.,"A",.,"A",.,"A",25,"D",.,"A",.,"A"
"20102",2177854,27,0,"1",.,"A",.,"A",.,"A",20,"D",20,"D",30,"D",.,"A",.,"A",.,"A",267,"D",6,"D",0,"D",30,"D",89,"D",.,"A"
"20102",2177864,50,0,"1",.,"A",.,"A",1,"D",.,"A",.,"A",.,"A",.,"A",.,"A",.,"A",.,"A",.,"A",.,"A",.,"A",.,"A",.,"A"
"20102",2177884,60,0,"1",.,"A",.,"A",.,"A",.,"A",.,"A",45,"D",.,"A",.,"A",.,"A",.,"A",.,"A",.,"A",100,"D",.,"A",.,"A"
"20102",2177894,41,0,"1",.,"A",.,"A",.,"A",.,"A",60,"D",.,"A",.,"A",.,"A",.,"A",.,"A",.,"A",.,"A",60,"D",.,"A",.,"A"
"20102",2177924,50,0,"1",.,"A",.,"A",.,"A",.,"A",.,"A",180,"D",.,"A",.,"A",.,"A",.,"A",.,"A",.,"A",380,"D",.,"A",.,"A"
"20102",2177964,55,0,"1",.,"A",.,"A",.,"A",.,"A",.,"A",.,"A",.,"A",.,"A",.,"A",.,"A",.,"A",.,"A",182,"D",.,"A",.,"A"
"20102",2177994,74,0,"1",.,"A",.,"A",.,"A",.,"A",.,"A",.,"A",650,"D",.,"A",.,"A",.,"A",.,"A",.,"A",15,"D",.,"A",.,"A"
"20102",2178024,36,0,"1",.,"A",.,"A",.,"A",.,"A",.,"A",.,"A",299,"D",.,"A",.,"A",.,"A",.,"A",.,"A",.,"A",.,"A",.,"A"
"20102",2178034,68,0,"1",.,"A",.,"A",.,"A",.,"A",.,"A",35,"D",.,"A",.,"A",.,"A",.,"A",.,"A",.,"A",200,"D",.,"A",.,"A"
"20102",2178064,43,0,"1",.,"A",.,"A",.,"A",.,"A",.,"A",150,"D",.,"A",.,"A",.,"A",.,"A",.,"A",.,"A",50,"D",.,"A",.,"A"
"20102",2178074,47,0,"1",.,"A",.,"A",.,"A",.,"A",.,"A",.,"A",.,"A",.,"A",.,"A",.,"A",.,"A",.,"A",.,"A",.,"A",.,"A"
"20102",2178094,40,0,"1",.,"A",.,"A",.,"A",.,"A",.,"A",.,"A",.,"A",.,"A",.,"A",.,"A",.,"A",.,"A",.,"A",.,"A",.,"A"
"20102",2178124,44,0,"1",0,"F",.,"A",.,"A",.,"A",52,"F",.,"A",.,"A",.,"A",.,"A",.,"A",.,"A",.,"A",12,"D",.,"A",.,"A"
"20102",2178134,57,0,"1",.,"A",.,"A",.,"A",.,"A",.,"A",.,"A",.,"A",.,"A",.,"A",.,"A",.,"A",.,"A",300,"D",.,"A",.,"A"
"20102",2178164,27,0,"1",.,"A",.,"A",.,"A",.,"A",.,"A",.,"A",.,"A",.,"A",.,"A",.,"A",.,"A",.,"A",.,"A",.,"A",.,"A"
"20102",2178174,45,0,"1",.,"A",.,"A",.,"A",.,"A",.,"A",.,"A",.,"A",.,"A",150,"F",.,"A",.,"A",.,"A",90,"D",.,"A",.,"A"
"20102",2178204,29,0,"1",25,"D",.,"A",.,"A",.,"A",60,"D",20,"D",.,"A",.,"A",.,"A",267,"D",0,"D",0,"D",55,"D",89,"D",.,"A"
"20102",2178214,39,0,"1",.,"A",.,"A",.,"A",.,"A",.,"A",.,"A",.,"A",130,"D",.,"A",.,"A",.,"A",.,"A",30,"D",.,"A",.,"A"
"20102",2178234,45,0,"1",14,"D",.,"A",.,"A",.,"A",86,"D",.,"A",.,"A",.,"A",.,"A",30,"D",0,"D",24,"D",70,"D",10,"D",.,"A"
"20102",2178254,78,0,"1",.,"A",.,"A",.,"A",.,"A",.,"A",80,"D",325,"D",.,"A",24,"D",0,"D",0,"D",450,"D",275,"D",0,"D",.,"A"
"20102",2178274,35,0,"1",.,"A",.,"A",.,"A",.,"A",.,"A",.,"A",.,"A",.,"A",.,"A",.,"A",.,"A",.,"A",.,"A",.,"A",.,"A"
"20102",2178284,44,0,"1",.,"A",.,"A",.,"A",.,"A",.,"A",.,"A",.,"A",.,"A",.,"A",.,"A",.,"A",.,"A",.,"A",.,"A",.,"A"
"20102",2178294,47,0,"1",.,"A",.,"A",.,"A",.,"A",.,"A",50,"D",.,"A",.,"A",.,"A",300,"D",0,"D",75,"D",200,"D",100,"D",.,"A"
"20102",2178304,51,0,"1",.,"A",.,"A",.,"A",.,"A",.,"A",.,"A",.,"A",.,"A",.,"A",.,"A",.,"A",.,"A",.,"A",.,"A",.,"A"
"20102",2178324,39,0,"1",.,"A",.,"A",.,"A",.,"A",36,"D",.,"A",91,"D",.,"A",9,"D",.,"A",.,"A",.,"A",.,"A",.,"A",.,"A"
"20102",2178344,67,0,"1",.,"A",.,"A",.,"A",.,"A",.,"A",.,"A",.,"A",.,"A",.,"A",.,"A",.,"A",.,"A",.,"A",.,"A",.,"A"
"20102",2178354,36,0,"1",.,"A",.,"A",.,"A",.,"A",100,"D",20,"D",.,"A",.,"A",.,"A",.,"A",.,"A",.,"A",100,"D",.,"A",.,"A"
"20102",2178364,24,0,"1",.,"A",.,"A",.,"A",.,"A",.,"A",.,"A",.,"A",.,"A",.,"A",.,"A",.,"A",.,"A",.,"A",.,"A",.,"A"
"20102",2178374,34,0,"1",.,"A",.,"A",.,"A",.,"A",.,"A",.,"A",.,"A",.,"A",.,"A",.,"A",.,"A",.,"A",.,"A",.,"A",.,"A"
"20102",2178384,25,0,"1",.,"A",.,"A",.,"A",.,"A",.,"A",.,"A",260,"D",.,"A",.,"A",.,"A",.,"A",.,"A",.,"A",.,"A",.,"A"
"20102",2178404,53,0,"1",.,"A",.,"A",.,"A",.,"A",.,"A",.,"A",.,"A",.,"A",.,"A",.,"A",.,"A",.,"A",30,"D",.,"A",.,"A"
"20102",2178424,84,0,"1",.,"A",.,"A",.,"A",.,"A",.,"A",.,"A",.,"A",.,"A",.,"A",.,"A",.,"A",.,"A",275,"D",.,"A",.,"A"
"20102",2178444,60,0,"1",.,"A",.,"A",53,"D",.,"A",.,"A",.,"A",.,"A",.,"A",.,"A",.,"A",.,"A",.,"A",60,"D",.,"A",.,"A"
"20102",2178454,35,0,"1",.,"A",.,"A",.,"A",.,"A",.,"A",.,"A",.,"A",.,"A",.,"A",.,"A",.,"A",.,"A",.,"A",.,"A",.,"A"
"20102",2178485,25,0,"1",.,"A",.,"A",.,"A",.,"A",25,"D",10,"D",195,"D",.,"A",30,"D",120,"D",0,"D",0,"D",40,"D",40,"D",.,"A"
"20102",2178534,47,0,"1",.,"A",.,"A",.,"A",.,"A",.,"A",.,"A",754,"D",.,"A",.,"A",.,"A",.,"A",.,"A",36,"D",.,"A",.,"A"
"20102",2178544,82,0,"1",.,"A",.,"A",.,"A",.,"A",.,"A",.,"A",.,"A",.,"A",.,"A",.,"A",.,"A",.,"A",230,"D",.,"A",.,"A"
"20102",2178554,76,0,"1",.,"A",.,"A",.,"A",.,"A",.,"A",.,"A",.,"A",.,"A",.,"A",.,"A",.,"A",.,"A",79,"D",.,"A",.,"A"
"20102",2178564,44,0,"1",.,"A",.,"A",.,"A",.,"A",.,"A",.,"A",.,"A",.,"A",.,"A",.,"A",.,"A",.,"A",.,"A",.,"A",.,"A"
"20102",2178574,55,0,"1",.,"A",.,"A",.,"A",.,"A",.,"A",.,"A",.,"A",.,"A",.,"A",.,"A",.,"A",.,"A",.,"A",.,"A",.,"A"
"20102",2178584,54,0,"1",.,"A",.,"A",.,"A",.,"A",.,"A",.,"A",.,"A",.,"A",.,"A",.,"A",.,"A",.,"A",50,"D",.,"A",.,"A"
"20102",2178614,73,0,"1",.,"A",.,"A",.,"A",.,"A",.,"A",120,"D",.,"A",.,"A",.,"A",.,"A",.,"A",.,"A",200,"D",.,"A",.,"A"
"20102",2178624,59,0,"1",.,"A",.,"A",.,"A",.,"A",.,"A",225,"D",.,"A",.,"A",.,"A",.,"A",.,"A",.,"A",200,"D",.,"A",.,"A"
"20102",2178634,26,0,"1",.,"A",.,"A",.,"A",.,"A",20,"D",.,"A",.,"A",.,"A",.,"A",.,"A",.,"A",.,"A",.,"A",.,"A",.,"A"
"20102",2178654,47,0,"1",.,"A",.,"A",.,"A",120,"D",.,"A",.,"A",.,"A",.,"A",.,"A",.,"A",.,"A",.,"A",.,"A",.,"A",.,"A"
"20102",2178664,89,0,"1",.,"A",.,"A",.,"A",.,"A",75,"D",.,"A",.,"A",.,"A",114,"D",.,"A",.,"A",.,"A",.,"A",.,"A",.,"A"
"20102",2178694,24,0,"1",.,"A",.,"A",.,"A",.,"A",.,"A",.,"A",.,"A",.,"A",.,"A",.,"A",.,"A",.,"A",.,"A",.,"A",.,"A"
"20102",2178714,57,0,"1",.,"A",.,"A",.,"A",.,"A",.,"A",.,"A",.,"A",390,"D",.,"A",.,"A",.,"A",.,"A",50,"D",.,"A",.,"A"
"20102",2178724,33,0,"1",.,"A",.,"A",.,"A",.,"A",.,"A",.,"A",.,"A",.,"A",.,"A",.,"A",.,"A",.,"A",30,"D",.,"A",.,"A"
"20102",2178754,62,0,"1",.,"A",.,"A",.,"A",.,"A",.,"A",.,"A",715,"D",.,"A",.,"A",.,"A",.,"A",.,"A",235,"D",.,"A",.,"A"
"20102",2178764,42,0,"1",.,"A",.,"A",.,"A",.,"A",.,"A",4,"D",.,"A",.,"A",.,"A",.,"A",.,"A",.,"A",15,"D",.,"A",.,"A"
"20102",2178774,54,0,"1",.,"A",.,"A",.,"A",.,"A",.,"A",.,"A",.,"A",.,"A",.,"A",.,"A",.,"A",.,"A",60,"D",.,"A",.,"A"
"20102",2178834,43,0,"1",.,"A",.,"A",.,"A",.,"A",.,"A",.,"A",.,"A",260,"D",.,"A",.,"A",.,"A",.,"A",.,"A",.,"A",.,"A"
"20102",2178854,54,0,"1",.,"A",.,"A",.,"A",.,"A",.,"A",.,"A",.,"A",.,"A",.,"A",.,"A",.,"A",.,"A",75,"D",.,"A",.,"A"
"20102",2178864,61,0,"1",.,"A",.,"A",.,"A",.,"A",60,"D",.,"A",.,"A",.,"A",.,"A",.,"A",.,"A",.,"A",.,"A",.,"A",.,"A"
"20102",2178884,55,0,"1",.,"A",.,"A",40,"D",.,"A",.,"A",.,"A",494,"D",.,"A",.,"A",.,"A",.,"A",.,"A",93,"D",.,"A",.,"A"
"20102",2178914,44,0,"1",37,"D",.,"A",.,"A",.,"A",38,"D",.,"A",.,"A",.,"A",.,"A",.,"A",.,"A",.,"A",.,"A",.,"A",.,"A"
"20102",2178924,52,0,"1",.,"A",.,"A",.,"A",.,"A",.,"A",.,"A",520,"D",.,"A",.,"A",.,"A",.,"A",.,"A",45,"D",.,"A",.,"A"
"20102",2178934,44,0,"1",.,"A",.,"A",.,"A",.,"A",.,"A",130,"D",.,"A",.,"A",36,"D",.,"A",.,"A",.,"A",100,"D",.,"A",.,"A"
"20102",2178944,65,0,"1",.,"A",.,"A",.,"A",.,"A",.,"A",.,"A",.,"A",.,"A",.,"A",0,"D",0,"D",45,"D",245,"D",0,"D",.,"A"
"20102",2178974,42,0,"1",.,"A",.,"A",50,"D",.,"A",8,"D",.,"A",.,"A",.,"A",.,"A",.,"A",.,"A",.,"A",235,"D",.,"A",.,"A"
"20102",2179014,51,0,"1",.,"A",.,"A",.,"A",.,"A",.,"A",.,"A",455,"D",.,"A",.,"A",.,"A",.,"A",.,"A",.,"A",.,"A",.,"A"
"20102",2179024,34,0,"1",.,"A",.,"A",.,"A",.,"A",.,"A",.,"A",130,"D",.,"A",.,"A",30,"D",0,"D",30,"D",30,"D",10,"D",.,"A"
"20102",2179064,45,0,"1",.,"A",.,"A",.,"A",.,"A",.,"A",.,"A",.,"A",.,"A",.,"A",.,"A",.,"A",.,"A",48,"D",.,"A",.,"A"
"20102",2179094,50,0,"1",.,"A",.,"A",.,"A",.,"A",.,"A",250,"D",.,"A",.,"A",.,"A",.,"A",.,"A",.,"A",300,"D",.,"A",.,"A"
"20102",2179104,43,0,"1",.,"A",.,"A",.,"A",.,"A",.,"A",.,"A",.,"A",.,"A",.,"A",.,"A",.,"A",.,"A",60,"D",.,"A",.,"A"
"20102",2179114,42,0,"1",.,"A",.,"A",.,"A",.,"A",.,"A",.,"A",.,"A",.,"A",.,"A",.,"A",.,"A",.,"A",50,"D",.,"A",.,"A"
"20102",2179124,54,0,"1",.,"A",.,"A",.,"A",.,"A",.,"A",.,"A",.,"A",.,"A",.,"A",.,"A",.,"A",.,"A",45,"D",.,"A",.,"A"
"20102",2179134,45,0,"1",.,"A",.,"A",.,"A",.,"A",.,"A",.,"A",.,"A",130,"D",.,"A",.,"A",.,"A",.,"A",.,"A",.,"A",.,"A"
"20102",2179144,70,0,"1",.,"A",.,"A",.,"A",.,"A",.,"A",.,"A",.,"A",.,"A",.,"A",.,"A",.,"A",.,"A",30,"D",.,"A",.,"A"
"20102",2179164,53,0,"1",.,"A",.,"A",.,"A",.,"A",.,"A",.,"A",.,"A",.,"A",15,"D",.,"A",.,"A",.,"A",120,"D",.,"A",.,"A"
"20102",2179174,69,0,"1",.,"A",.,"A",.,"A",.,"A",.,"A",520,"D",.,"A",.,"A",.,"A",.,"A",.,"A",.,"A",250,"D",.,"A",.,"A"
"20102",2179185,50,0,"1",.,"A",.,"A",.,"A",.,"A",.,"A",.,"A",234,"D",.,"A",.,"A",.,"A",.,"A",.,"A",50,"D",.,"A",.,"A"
"20102",2179214,41,0,"1",.,"A",.,"A",.,"A",.,"A",.,"A",20,"F",.,"A",.,"A",.,"A",.,"A",.,"A",.,"A",.,"A",.,"A",.,"A"
"20102",2179225,61,0,"1",.,"A",.,"A",.,"A",.,"A",.,"A",25,"D",.,"A",.,"A",.,"A",.,"A",.,"A",.,"A",300,"D",.,"A",.,"A"
"20102",2179234,50,0,"1",.,"A",.,"A",.,"A",.,"A",.,"A",.,"A",.,"A",.,"A",.,"A",.,"A",.,"A",.,"A",.,"A",.,"A",.,"A"
"20102",2179294,39,0,"1",.,"A",.,"A",.,"A",.,"A",.,"A",.,"A",.,"A",.,"A",.,"A",.,"A",.,"A",.,"A",.,"A",.,"A",.,"A"
"20102",2179304,27,0,"1",0,"F",.,"A",.,"A",.,"A",30,"F",.,"A",455,"D",.,"A",.,"A",0,"D",0,"D",60,"D",.,"A",0,"D",.,"A"
"20102",2179354,38,0,"1",.,"A",.,"A",.,"A",.,"A",.,"A",.,"A",.,"A",.,"A",.,"A",.,"A",.,"A",.,"A",750,"D",.,"A",.,"A"
"20102",2179364,36,0,"1",.,"A",.,"A",.,"A",.,"A",.,"A",.,"A",.,"A",.,"A",.,"A",.,"A",.,"A",.,"A",15,"D",.,"A",.,"A"
"20102",2179374,52,0,"1",.,"A",.,"A",.,"A",.,"A",.,"A",.,"A",.,"A",.,"A",.,"A",.,"A",.,"A",.,"A",80,"D",.,"A",.,"A"
"20102",2179414,23,0,"1",.,"A",.,"A",.,"A",.,"A",.,"A",.,"A",.,"A",.,"A",.,"A",.,"A",.,"A",.,"A",65,"D",.,"A",.,"A"
"20102",2179424,26,0,"1",.,"A",.,"A",.,"A",.,"A",240,"D",.,"A",.,"A",.,"A",.,"A",.,"A",.,"A",.,"A",.,"A",.,"A",.,"A"
"20102",2179434,63,0,"1",.,"A",.,"A",.,"A",.,"A",.,"A",45,"D",.,"A",.,"A",.,"A",.,"A",.,"A",.,"A",50,"D",.,"A",.,"A"
"20102",2179454,58,0,"1",.,"A",.,"A",.,"A",.,"A",.,"A",.,"A",.,"A",.,"A",.,"A",.,"A",.,"A",.,"A",150,"D",.,"A",.,"A"
"20102",2179474,81,0,"1",.,"A",.,"A",.,"A",.,"A",.,"A",300,"D",650,"D",.,"A",9,"D",.,"A",.,"A",.,"A",700,"D",.,"A",.,"A"
"20102",2179494,43,0,"1",.,"A",.,"A",.,"A",.,"A",.,"A",.,"A",.,"A",.,"A",.,"A",.,"A",.,"A",.,"A",.,"A",.,"A",.,"A"
"20102",2179504,52,0,"1",.,"A",.,"A",.,"A",.,"A",.,"A",.,"A",.,"A",.,"A",.,"A",.,"A",.,"A",.,"A",120,"D",.,"A",.,"A"
"20102",2179524,44,0,"1",.,"A",.,"A",.,"A",.,"A",.,"A",.,"A",.,"A",.,"A",.,"A",.,"A",.,"A",.,"A",100,"D",.,"A",.,"A"
"20102",2179554,62,0,"1",.,"A",.,"A",.,"A",.,"A",.,"A",.,"A",195,"D",.,"A",.,"A",.,"A",.,"A",.,"A",50,"D",.,"A",.,"A"
"20102",2179564,63,0,"1",.,"A",.,"A",.,"A",.,"A",.,"A",.,"A",.,"A",.,"A",24,"F",.,"A",.,"A",.,"A",.,"A",.,"A",.,"A"
"20102",2179584,52,0,"1",.,"A",.,"A",.,"A",.,"A",.,"A",.,"A",.,"A",.,"A",.,"A",.,"A",.,"A",.,"A",50,"D",.,"A",.,"A"
"20102",2179594,48,0,"1",.,"A",.,"A",.,"A",.,"A",.,"A",.,"A",39,"D",.,"A",.,"A",.,"A",.,"A",.,"A",96,"D",.,"A",.,"A"
"20102",2179604,56,0,"1",.,"A",.,"A",.,"A",.,"A",.,"A",.,"A",1092,"D",.,"A",.,"A",.,"A",.,"A",.,"A",.,"A",.,"A",.,"A"
"20102",2179624,53,0,"1",.,"A",.,"A",.,"A",.,"A",.,"A",.,"A",.,"A",.,"A",.,"A",0,"D",0,"D",0,"D",20,"D",0,"D",.,"A"
"20102",2179664,67,0,"1",.,"A",.,"A",.,"A",.,"A",.,"A",.,"A",.,"A",.,"A",.,"A",.,"A",.,"A",.,"A",220,"D",.,"A",.,"A"
"20102",2179674,73,0,"1",.,"A",.,"A",.,"A",.,"A",.,"A",.,"A",130,"D",.,"A",15,"D",0,"D",120,"D",0,"D",250,"D",0,"D",.,"A"
"20102",2179684,73,0,"1",.,"A",.,"A",.,"A",.,"A",.,"A",120,"D",650,"D",.,"A",.,"A",.,"A",.,"A",.,"A",175,"D",.,"A",.,"A"
"20102",2179714,102,0,"1",.,"A",.,"A",.,"A",.,"A",.,"A",.,"A",.,"A",.,"A",21,"D",.,"A",.,"A",.,"A",295,"D",.,"A",.,"A"
"20102",2179734,35,0,"1",.,"A",.,"A",.,"A",.,"A",.,"A",.,"A",.,"A",.,"A",.,"A",.,"A",.,"A",.,"A",.,"A",.,"A",.,"A"
"20102",2179764,65,0,"1",.,"A",.,"A",.,"A",.,"A",.,"A",.,"A",.,"A",.,"A",.,"A",.,"A",.,"A",.,"A",150,"D",.,"A",.,"A"
"20102",2179784,44,0,"1",.,"A",.,"A",.,"A",.,"A",.,"A",.,"A",.,"A",.,"A",.,"A",.,"A",.,"A",.,"A",36,"D",.,"A",.,"A"
"20102",2179794,56,0,"1",.,"A",.,"A",.,"A",.,"A",.,"A",.,"A",.,"A",.,"A",.,"A",.,"A",.,"A",.,"A",18,"D",.,"A",.,"A"
"20102",2179804,51,0,"1",.,"A",.,"A",.,"A",.,"A",.,"A",.,"A",.,"A",.,"A",.,"A",.,"A",.,"A",.,"A",19,"D",.,"A",.,"A"
"20102",2179814,49,0,"1",.,"A",.,"A",.,"A",.,"A",.,"A",.,"A",.,"A",.,"A",.,"A",.,"A",.,"A",.,"A",270,"D",.,"A",.,"A"
"20102",2179824,79,0,"1",.,"A",.,"A",.,"A",500,"D",.,"A",600,"D",.,"A",.,"A",.,"A",0,"D",0,"D",600,"D",900,"D",0,"D",.,"A"
"20102",2179834,30,0,"1",.,"A",.,"A",.,"A",100,"D",20,"D",.,"A",.,"A",.,"A",210,"D",60,"D",0,"D",0,"D",200,"D",20,"D",.,"A"
"20102",2179884,39,0,"1",.,"A",.,"A",.,"A",.,"A",.,"A",.,"A",.,"A",.,"A",.,"A",.,"A",.,"A",.,"A",.,"A",.,"A",.,"A"
"20102",2179894,32,0,"1",.,"A",.,"A",.,"A",.,"A",.,"A",.,"A",.,"A",.,"A",.,"A",.,"A",.,"A",.,"A",.,"A",.,"A",.,"A"
"20102",2179904,85,0,"1",.,"A",.,"A",.,"A",.,"A",.,"A",200,"D",.,"A",.,"A",60,"D",.,"A",.,"A",.,"A",545,"D",.,"A",.,"A"
"20102",2179924,50,0,"1",.,"A",.,"A",.,"A",.,"A",.,"A",.,"A",.,"A",.,"A",180,"D",.,"A",.,"A",.,"A",.,"A",.,"A",.,"A"
"20102",2179934,40,0,"1",0,"F",.,"A",.,"A",20,"D",60,"F",30,"D",.,"A",.,"A",.,"A",0,"D",0,"D",30,"D",45,"D",0,"D",.,"A"
"20102",2179944,34,0,"1",.,"A",.,"A",.,"A",.,"A",.,"A",.,"A",.,"A",.,"A",.,"A",.,"A",.,"A",.,"A",30,"D",.,"A",.,"A"
"20102",2179954,37,0,"1",.,"A",.,"A",.,"A",.,"A",.,"A",.,"A",.,"A",.,"A",.,"A",0,"D",0,"D",60,"D",.,"A",0,"D",.,"A"
"20102",2179964,32,0,"1",.,"A",.,"A",.,"A",.,"A",.,"A",.,"A",.,"A",.,"A",.,"A",.,"A",.,"A",.,"A",.,"A",.,"A",.,"A"
"20102",2179984,42,0,"1",.,"A",.,"A",.,"A",.,"A",60,"D",.,"A",.,"A",.,"A",.,"A",.,"A",.,"A",.,"A",16,"D",.,"A",.,"A"
"20102",2180014,29,0,"1",.,"A",.,"A",.,"A",4,"D",.,"A",.,"A",.,"A",.,"A",33,"D",.,"A",.,"A",.,"A",.,"A",.,"A",.,"A"
"20102",2180035,33,0,"1",.,"A",.,"A",.,"A",.,"A",.,"A",.,"A",325,"D",.,"A",.,"A",.,"A",.,"A",.,"A",.,"A",.,"A",.,"A"
"20102",2180044,51,0,"1",.,"A",.,"A",.,"A",.,"A",.,"A",25,"D",.,"A",.,"A",.,"A",.,"A",.,"A",.,"A",.,"A",.,"A",.,"A"
"20102",2180054,44,0,"1",.,"A",.,"A",.,"A",.,"A",.,"A",.,"A",780,"D",.,"A",.,"A",.,"A",.,"A",.,"A",18,"D",.,"A",.,"A"
"20102",2180084,59,0,"1",.,"A",.,"A",.,"A",.,"A",.,"A",.,"A",.,"A",.,"A",.,"A",.,"A",.,"A",.,"A",280,"D",.,"A",.,"A"
"20102",2180114,47,0,"1",.,"A",.,"A",.,"A",.,"A",.,"A",.,"A",.,"A",.,"A",.,"A",.,"A",.,"A",.,"A",20,"D",.,"A",.,"A"
"20102",2180124,24,0,"1",.,"A",.,"A",.,"A",.,"A",150,"D",.,"A",.,"A",.,"A",.,"A",0,"D",0,"D",120,"D",.,"A",0,"D",.,"A"
"20102",2180134,37,0,"1",10,"F",.,"A",.,"A",200,"D",90,"F",360,"D",.,"A",.,"A",.,"A",.,"A",.,"A",.,"A",78,"D",.,"A",.,"A"
"20102",2180144,46,0,"1",.,"A",.,"A",.,"A",.,"A",.,"A",.,"A",.,"A",.,"A",.,"A",.,"A",.,"A",.,"A",.,"A",.,"A",.,"A"
"20102",2180154,59,0,"1",.,"A",.,"A",.,"A",.,"A",.,"A",.,"A",325,"D",.,"A",.,"A",.,"A",.,"A",.,"A",.,"A",.,"A",.,"A"
"20102",2180194,56,0,"1",.,"A",.,"A",.,"A",.,"A",.,"A",75,"D",.,"A",.,"A",.,"A",.,"A",.,"A",.,"A",.,"A",.,"A",.,"A"
"20102",2180204,51,0,"1",.,"A",.,"A",.,"A",.,"A",.,"A",.,"A",.,"A",.,"A",15,"D",.,"A",.,"A",.,"A",36,"D",.,"A",.,"A"
"20102",2180214,42,0,"1",.,"A",.,"A",.,"A",.,"A",.,"A",150,"D",780,"D",.,"A",.,"A",.,"A",.,"A",.,"A",240,"D",.,"A",.,"A"
"20102",2180224,46,0,"1",.,"A",.,"A",.,"A",.,"A",.,"A",.,"A",78,"D",.,"A",.,"A",.,"A",.,"A",.,"A",90,"D",.,"A",.,"A"
"20102",2180244,57,0,"1",.,"A",.,"A",.,"A",.,"A",.,"A",.,"A",.,"A",.,"A",30,"D",.,"A",.,"A",.,"A",.,"A",.,"A",.,"A"
"20102",2180264,57,0,"1",.,"A",.,"A",.,"A",.,"A",.,"A",.,"A",.,"A",.,"A",.,"A",750,"D",0,"D",0,"D",60,"D",250,"D",.,"A"
"20102",2180284,58,0,"1",.,"A",.,"A",.,"A",.,"A",.,"A",60,"D",.,"A",.,"A",.,"A",.,"A",.,"A",.,"A",300,"D",.,"A",.,"A"
"20102",2180294,28,0,"1",.,"A",.,"A",.,"A",.,"A",.,"A",.,"A",.,"A",.,"A",.,"A",.,"A",.,"A",.,"A",.,"A",.,"A",.,"A"
"20102",2180304,59,0,"1",.,"A",.,"A",.,"A",.,"A",.,"A",.,"A",.,"A",.,"A",.,"A",.,"A",.,"A",.,"A",285,"D",.,"A",.,"A"
"20102",2180314,37,0,"1",.,"A",.,"A",.,"A",.,"A",.,"A",.,"A",.,"A",.,"A",.,"A",666,"D",0,"D",0,"D",70,"D",222,"D",.,"A"
"20102",2180324,45,0,"1",.,"A",.,"A",.,"A",.,"A",.,"A",.,"A",.,"A",.,"A",.,"A",.,"A",.,"A",.,"A",12,"D",.,"A",.,"A"
"20102",2180334,55,0,"1",.,"A",.,"A",.,"A",.,"A",.,"A",20,"D",.,"A",.,"A",.,"A",.,"A",.,"A",.,"A",186,"D",.,"A",.,"A"
"20102",2180344,30,0,"1",.,"A",.,"A",.,"A",.,"A",.,"A",.,"A",.,"A",.,"A",.,"A",.,"A",.,"A",.,"A",.,"A",.,"A",.,"A"
"20102",2180354,23,0,"1",.,"A",.,"A",.,"A",.,"A",.,"A",.,"A",.,"A",.,"A",.,"A",.,"A",.,"A",.,"A",.,"A",.,"A",.,"A"
"20102",2180384,82,0,"1",.,"A",.,"A",.,"A",.,"A",.,"A",.,"A",.,"A",.,"A",.,"A",.,"A",.,"A",.,"A",.,"A",.,"A",.,"A"
"20102",2180394,79,0,"1",.,"A",.,"A",.,"A",.,"A",.,"A",.,"A",.,"A",.,"A",60,"D",.,"A",.,"A",.,"A",100,"D",.,"A",.,"A"
"20102",2180424,28,0,"1",.,"A",.,"A",.,"A",.,"A",.,"A",.,"A",.,"A",.,"A",.,"A",.,"A",.,"A",.,"A",.,"A",.,"A",.,"A"
"20102",2180434,63,0,"1",.,"A",20,"D",.,"A",.,"A",.,"A",40,"D",.,"A",.,"A",.,"A",.,"A",.,"A",.,"A",180,"D",.,"A",.,"A"
"20102",2180444,49,0,"1",.,"A",.,"A",.,"A",.,"A",.,"A",260,"D",.,"A",.,"A",.,"A",.,"A",.,"A",.,"A",60,"D",.,"A",.,"A"
"20102",2180454,43,0,"1",.,"A",.,"A",.,"A",.,"A",40,"D",15,"D",.,"A",.,"A",.,"A",.,"A",.,"A",.,"A",100,"D",.,"A",.,"A"
"20102",2180464,53,0,"1",.,"A",.,"A",.,"A",.,"A",.,"A",.,"A",.,"A",.,"A",.,"A",.,"A",.,"A",.,"A",.,"A",.,"A",.,"A"
"20102",2180474,27,0,"1",.,"A",.,"A",.,"A",.,"A",80,"D",11,"D",.,"A",.,"A",.,"A",.,"A",.,"A",.,"A",36,"D",.,"A",.,"A"
"20102",2180484,64,0,"1",.,"A",.,"A",.,"A",.,"A",.,"A",.,"A",.,"A",.,"A",.,"A",.,"A",.,"A",.,"A",.,"A",.,"A",.,"A"
"20102",2180494,56,0,"1",.,"A",.,"A",.,"A",.,"A",.,"A",12,"D",.,"A",.,"A",.,"A",.,"A",.,"A",.,"A",140,"D",.,"A",.,"A"
"20102",2180504,31,0,"1",4,"D",.,"A",.,"A",.,"A",11,"D",.,"A",403,"D",.,"A",.,"A",.,"A",.,"A",.,"A",.,"A",.,"A",.,"A"
"20102",2180514,26,0,"1",.,"A",.,"A",.,"A",.,"A",.,"A",.,"A",.,"A",.,"A",.,"A",.,"A",.,"A",.,"A",.,"A",.,"A",.,"A"
"20102",2180524,76,0,"1",.,"A",.,"A",.,"A",.,"A",.,"A",.,"A",.,"A",.,"A",.,"A",.,"A",.,"A",.,"A",.,"A",.,"A",.,"A"
"20102",2180534,42,0,"1",.,"A",.,"A",.,"A",.,"A",.,"A",.,"A",520,"D",.,"A",.,"A",.,"A",.,"A",.,"A",.,"A",.,"A",.,"A"
"20102",2180544,29,0,"1",.,"A",.,"A",.,"A",300,"D",60,"D",.,"A",.,"A",.,"A",.,"A",270,"D",0,"D",9,"F",60,"D",90,"D",.,"A"
"20102",2180554,29,0,"1",.,"A",.,"A",.,"A",.,"A",.,"A",.,"A",.,"A",.,"A",.,"A",.,"A",.,"A",.,"A",.,"A",.,"A",.,"A"
"20102",2180574,44,0,"1",.,"A",.,"A",.,"A",.,"A",.,"A",.,"A",195,"D",.,"A",.,"A",.,"A",.,"A",.,"A",9,"D",.,"A",.,"A"
"20102",2180604,51,0,"1",40,"D",.,"A",.,"A",.,"A",140,"D",.,"A",.,"A",.,"A",.,"A",.,"A",.,"A",.,"A",50,"D",.,"A",.,"A"
"20102",2180614,96,0,"1",.,"A",.,"A",.,"A",.,"A",.,"A",117,"D",.,"A",.,"A",.,"A",.,"A",.,"A",.,"A",175,"D",.,"A",.,"A"
"20102",2180624,29,0,"1",.,"A",.,"A",.,"A",.,"A",20,"F",.,"A",.,"A",.,"A",.,"A",.,"A",.,"A",.,"A",.,"A",.,"A",.,"A"
"20102",2180634,41,0,"1",.,"A",.,"A",.,"A",.,"A",.,"A",.,"A",.,"A",.,"A",.,"A",.,"A",.,"A",.,"A",40,"D",.,"A",.,"A"
"20102",2180644,52,0,"1",.,"A",.,"A",.,"A",.,"A",.,"A",.,"A",650,"D",.,"A",.,"A",.,"A",.,"A",.,"A",24,"D",.,"A",.,"A"
"20102",2180684,50,0,"1",.,"A",.,"A",.,"A",.,"A",.,"A",.,"A",585,"D",.,"A",.,"A",.,"A",.,"A",.,"A",.,"A",.,"A",.,"A"
"20102",2180704,58,0,"1",.,"A",.,"A",.,"A",.,"A",.,"A",75,"D",.,"A",.,"A",.,"A",.,"A",.,"A",.,"A",15,"D",.,"A",.,"A"
"20102",2180714,93,0,"1",.,"A",.,"A",.,"A",.,"A",.,"A",.,"A",.,"A",.,"A",.,"A",.,"A",.,"A",.,"A",65,"D",.,"A",.,"A"
"20102",2180724,59,0,"1",.,"A",.,"A",.,"A",.,"A",.,"A",.,"A",.,"A",.,"A",39,"D",.,"A",.,"A",.,"A",120,"D",.,"A",.,"A"
"20102",2180744,40,0,"1",.,"A",.,"A",.,"A",.,"A",.,"A",.,"A",.,"A",.,"A",.,"A",.,"A",.,"A",.,"A",.,"A",.,"A",.,"A"
"20102",2180754,77,0,"1",.,"A",.,"A",20,"D",.,"A",.,"A",.,"A",.,"A",.,"A",.,"A",.,"A",.,"A",.,"A",17,"D",.,"A",.,"A"
"20102",2180764,39,0,"1",.,"A",.,"A",.,"A",.,"A",.,"A",.,"A",676,"D",.,"A",.,"A",.,"A",.,"A",.,"A",.,"A",.,"A",.,"A"
"20102",2180774,51,0,"1",.,"A",.,"A",.,"A",.,"A",.,"A",.,"A",.,"A",.,"A",.,"A",.,"A",.,"A",.,"A",.,"A",.,"A",.,"A"
"20102",2180804,59,0,"1",.,"A",.,"A",.,"A",.,"A",.,"A",.,"A",.,"A",.,"A",.,"A",.,"A",.,"A",.,"A",.,"A",.,"A",.,"A"
"20102",2180814,49,0,"1",.,"A",.,"A",.,"A",.,"A",.,"A",.,"A",650,"D",.,"A",.,"A",.,"A",.,"A",.,"A",100,"D",.,"A",.,"A"
"20102",2180844,33,0,"1",80,"D",.,"A",.,"A",.,"A",100,"D",.,"A",.,"A",.,"A",.,"A",.,"A",.,"A",.,"A",15,"F",.,"A",.,"A"
"20102",2180874,59,0,"1",.,"A",.,"A",.,"A",.,"A",.,"A",.,"A",.,"A",.,"A",.,"A",.,"A",.,"A",.,"A",200,"D",.,"A",.,"A"
"20102",2180894,46,0,"1",.,"A",.,"A",.,"A",.,"A",.,"A",.,"A",.,"A",.,"A",.,"A",.,"A",.,"A",.,"A",.,"A",.,"A",.,"A"
"20102",2180914,53,0,"1",40,"D",.,"A",.,"A",.,"A",116,"D",12,"D",.,"A",.,"A",75,"D",210,"D",0,"D",0,"D",60,"D",70,"D",.,"A"
"20102",2180924,46,0,"1",.,"A",.,"A",.,"A",.,"A",.,"A",30,"D",.,"A",.,"A",.,"A",.,"A",.,"A",.,"A",150,"D",.,"A",.,"A"
"20102",2180954,42,0,"1",.,"A",.,"A",.,"A",.,"A",.,"A",.,"A",.,"A",.,"A",.,"A",.,"A",.,"A",.,"A",200,"D",.,"A",.,"A"
"20102",2180974,22,0,"1",.,"A",.,"A",.,"A",.,"A",.,"A",.,"A",273,"D",.,"A",.,"A",.,"A",.,"A",.,"A",225,"D",.,"A",.,"A"
"20102",2180994,52,0,"1",.,"A",.,"A",.,"A",.,"A",.,"A",.,"A",.,"A",.,"A",.,"A",.,"A",.,"A",.,"A",45,"D",.,"A",.,"A"
"20102",2181004,31,0,"1",.,"A",.,"A",.,"A",.,"A",.,"A",.,"A",728,"D",.,"A",.,"A",.,"A",.,"A",.,"A",156,"D",.,"A",.,"A"
"20102",2181014,68,0,"1",.,"A",.,"A",.,"A",.,"A",.,"A",.,"A",.,"A",.,"A",.,"A",.,"A",.,"A",.,"A",.,"A",.,"A",.,"A"
"20102",2181024,81,0,"1",.,"A",.,"A",.,"A",.,"A",.,"A",.,"A",.,"A",.,"A",.,"A",.,"A",.,"A",.,"A",220,"D",.,"A",.,"A"
"20102",2181034,67,0,"1",.,"A",.,"A",.,"A",.,"A",.,"A",.,"A",.,"A",.,"A",.,"A",.,"A",.,"A",.,"A",.,"A",.,"A",.,"A"
"20102",2181054,38,0,"1",.,"A",.,"A",.,"A",.,"A",105,"D",.,"A",.,"A",.,"A",.,"A",.,"A",.,"A",.,"A",.,"A",.,"A",.,"A"
"20102",2181064,39,0,"1",.,"A",.,"A",.,"A",.,"A",.,"A",.,"A",.,"A",.,"A",.,"A",.,"A",.,"A",.,"A",.,"A",.,"A",.,"A"
"20102",2181084,67,0,"1",.,"A",.,"A",.,"A",.,"A",.,"A",.,"A",.,"A",.,"A",.,"A",.,"A",.,"A",.,"A",12,"D",.,"A",.,"A"
"20102",2181094,32,0,"1",.,"A",.,"A",.,"A",.,"A",.,"A",.,"A",.,"A",.,"A",.,"A",.,"A",.,"A",.,"A",20,"D",.,"A",.,"A"
"20102",2181124,65,0,"1",.,"A",.,"A",.,"A",.,"A",.,"A",10,"D",.,"A",.,"A",.,"A",.,"A",.,"A",.,"A",100,"D",.,"A",.,"A"
"20102",2181154,69,0,"1",.,"A",.,"A",.,"A",.,"A",.,"A",.,"A",.,"A",.,"A",.,"A",.,"A",.,"A",.,"A",.,"A",.,"A",.,"A"
"20102",2181174,44,0,"1",.,"A",.,"A",.,"A",.,"A",.,"A",.,"A",.,"A",.,"A",.,"A",.,"A",.,"A",.,"A",.,"A",.,"A",.,"A"
"20102",2181184,47,0,"1",.,"A",.,"A",.,"A",.,"A",.,"A",.,"A",.,"A",.,"A",.,"A",.,"A",.,"A",.,"A",.,"A",.,"A",.,"A"
"20102",2181194,60,0,"1",.,"A",.,"A",.,"A",.,"A",.,"A",30,"D",.,"A",.,"A",.,"A",.,"A",.,"A",.,"A",300,"D",.,"A",.,"A"
"20102",2181204,67,0,"1",.,"A",.,"A",.,"A",.,"A",.,"A",.,"A",.,"A",.,"A",.,"A",.,"A",.,"A",.,"A",100,"D",.,"A",.,"A"
"20102",2181214,50,0,"1",.,"A",.,"A",.,"A",.,"A",.,"A",80,"D",.,"A",.,"A",30,"D",.,"A",.,"A",.,"A",80,"D",.,"A",.,"A"
"20102",2181244,49,0,"1",.,"A",.,"A",.,"A",.,"A",.,"A",.,"A",.,"A",.,"A",.,"A",.,"A",.,"A",.,"A",.,"A",.,"A",.,"A"
"20102",2181254,59,0,"1",.,"A",.,"A",.,"A",.,"A",.,"A",.,"A",1690,"D",.,"A",.,"A",.,"A",.,"A",.,"A",220,"D",.,"A",.,"A"
"20102",2181295,59,0,"1",.,"A",.,"A",.,"A",.,"A",.,"A",225,"D",.,"A",195,"D",.,"A",.,"A",.,"A",.,"A",60,"D",.,"A",.,"A"
"20102",2181334,40,0,"1",.,"A",.,"A",.,"A",.,"A",.,"A",180,"D",.,"A",.,"A",.,"A",.,"A",.,"A",.,"A",340,"D",.,"A",.,"A"
"20102",2181344,48,0,"1",.,"A",.,"A",.,"A",.,"A",50,"D",15,"D",416,"D",.,"A",.,"A",.,"A",.,"A",.,"A",300,"D",.,"A",.,"A"
"20102",2181354,34,0,"1",.,"A",.,"A",.,"A",.,"A",.,"A",.,"A",.,"A",.,"A",.,"A",.,"A",.,"A",.,"A",.,"A",.,"A",.,"A"
"20102",2181374,22,0,"1",.,"A",.,"A",.,"A",.,"A",.,"A",.,"A",650,"D",.,"A",.,"A",.,"A",.,"A",.,"A",.,"A",.,"A",.,"A"
"20102",2181384,41,0,"1",.,"A",.,"A",.,"A",.,"A",360,"D",.,"A",.,"A",.,"A",.,"A",.,"A",.,"A",.,"A",.,"A",.,"A",.,"A"
"20102",2181414,36,0,"1",.,"A",.,"A",.,"A",.,"A",.,"A",.,"A",.,"A",.,"A",.,"A",.,"A",.,"A",.,"A",.,"A",.,"A",.,"A"
"20102",2181424,68,0,"1",.,"A",.,"A",.,"A",.,"A",.,"A",25,"D",.,"A",130,"D",.,"A",.,"A",.,"A",.,"A",260,"D",.,"A",.,"A"
"20102",2181444,64,0,"1",.,"A",.,"A",.,"A",.,"A",.,"A",.,"A",.,"A",.,"A",180,"D",.,"A",.,"A",.,"A",140,"D",.,"A",.,"A"
"20102",2181454,52,0,"1",.,"A",.,"A",.,"A",.,"A",.,"A",30,"D",.,"A",.,"A",.,"A",.,"A",.,"A",.,"A",232,"D",.,"A",.,"A"
"20102",2181484,48,0,"1",.,"A",.,"A",.,"A",.,"A",.,"A",.,"A",.,"A",13,"D",.,"A",.,"A",.,"A",.,"A",10,"D",.,"A",.,"A"
"20102",2181534,38,0,"1",.,"A",.,"A",.,"A",.,"A",.,"A",15,"D",.,"A",.,"A",.,"A",.,"A",.,"A",.,"A",.,"A",.,"A",.,"A"
"20102",2181544,37,0,"1",.,"A",.,"A",.,"A",.,"A",.,"A",30,"D",.,"A",.,"A",.,"A",.,"A",.,"A",.,"A",66,"D",.,"A",.,"A"
"20102",2181554,66,0,"1",.,"A",.,"A",.,"A",.,"A",.,"A",50,"D",.,"A",.,"A",.,"A",.,"A",.,"A",.,"A",120,"D",.,"A",.,"A"
"20102",2181584,58,0,"1",.,"A",.,"A",.,"A",.,"A",.,"A",.,"A",.,"A",.,"A",.,"A",.,"A",.,"A",.,"A",30,"D",.,"A",.,"A"
"20102",2181604,58,0,"1",.,"A",.,"A",.,"A",.,"A",.,"A",.,"A",.,"A",.,"A",.,"A",0,"D",0,"D",15,"D",150,"D",0,"D",.,"A"
"20102",2181624,26,0,"1",.,"A",.,"A",.,"A",.,"A",.,"A",.,"A",.,"A",.,"A",.,"A",.,"A",.,"A",.,"A",.,"A",.,"A",.,"A"
"20102",2181634,50,0,"1",.,"A",.,"A",.,"A",.,"A",.,"A",200,"D",.,"A",.,"A",45,"D",120,"D",0,"D",0,"D",.,"A",40,"D",.,"A"
"20102",2181654,35,0,"1",.,"A",.,"A",.,"A",.,"A",.,"A",.,"A",325,"D",.,"A",.,"A",.,"A",.,"A",.,"A",.,"A",.,"A",.,"A"
"20102",2181664,27,0,"1",.,"A",.,"A",.,"A",.,"A",240,"D",.,"A",.,"A",.,"A",.,"A",300,"D",0,"D",0,"D",60,"D",100,"D",.,"A"
"20102",2181674,45,0,"1",.,"A",.,"A",.,"A",.,"A",.,"A",.,"A",195,"D",26,"D",.,"A",.,"A",.,"A",.,"A",.,"A",.,"A",.,"A"
"20102",2181684,47,0,"1",.,"A",.,"A",.,"A",.,"A",.,"A",.,"A",234,"D",.,"A",.,"A",.,"A",.,"A",.,"A",.,"A",.,"A",.,"A"
"20102",2181714,39,0,"1",.,"A",.,"A",.,"A",.,"A",.,"A",.,"A",.,"A",.,"A",.,"A",.,"A",.,"A",.,"A",10,"D",.,"A",.,"A"
"20102",2181734,54,0,"1",.,"A",.,"A",.,"A",.,"A",.,"A",.,"A",.,"A",.,"A",.,"A",.,"A",.,"A",.,"A",35,"D",.,"A",.,"A"
"20102",2181744,74,0,"1",.,"A",.,"A",.,"A",.,"A",.,"A",.,"A",.,"A",.,"A",.,"A",.,"A",.,"A",.,"A",50,"D",.,"A",.,"A"
"20102",2181754,82,0,"1",.,"A",.,"A",.,"A",.,"A",.,"A",.,"A",.,"A",.,"A",.,"A",.,"A",.,"A",.,"A",200,"D",.,"A",.,"A"
"20102",2181764,54,0,"1",.,"A",.,"A",.,"A",.,"A",.,"A",.,"A",.,"A",.,"A",.,"A",.,"A",.,"A",.,"A",18,"D",.,"A",.,"A"
"20102",2181774,52,0,"1",.,"A",.,"A",.,"A",.,"A",.,"A",.,"A",.,"A",.,"A",.,"A",.,"A",.,"A",.,"A",142,"D",.,"A",.,"A"
"20102",2181804,50,0,"1",.,"A",.,"A",.,"A",.,"A",.,"A",.,"A",.,"A",.,"A",.,"A",.,"A",.,"A",.,"A",.,"A",.,"A",.,"A"
"20102",2181824,62,0,"1",.,"A",.,"A",.,"A",.,"A",.,"A",.,"A",.,"A",.,"A",.,"A",.,"A",.,"A",.,"A",.,"A",.,"A",.,"A"
"20102",2181834,45,0,"1",.,"A",.,"A",.,"A",.,"A",.,"A",30,"D",.,"A",.,"A",.,"A",.,"A",.,"A",.,"A",12,"D",.,"A",.,"A"
"20102",2181864,37,0,"1",.,"A",.,"A",.,"A",.,"A",.,"A",.,"A",.,"A",.,"A",.,"A",.,"A",.,"A",.,"A",.,"A",.,"A",.,"A"
"20102",2181884,61,0,"1",.,"A",.,"A",.,"A",.,"A",25,"D",120,"D",.,"A",.,"A",.,"A",.,"A",.,"A",.,"A",254,"D",.,"A",.,"A"
"20102",2181894,54,0,"1",.,"A",.,"A",.,"A",.,"A",.,"A",.,"A",.,"A",.,"A",.,"A",.,"A",.,"A",.,"A",30,"D",.,"A",.,"A"
"20102",2181904,57,0,"1",.,"A",.,"A",.,"A",.,"A",.,"A",.,"A",.,"A",.,"A",.,"A",90,"D",0,"D",0,"D",60,"D",30,"D",.,"A"
"20102",2181914,43,0,"1",.,"A",.,"A",.,"A",.,"A",.,"A",.,"A",.,"A",.,"A",.,"A",.,"A",.,"A",.,"A",.,"A",.,"A",.,"A"
"20102",2181924,60,0,"1",.,"A",.,"A",.,"A",.,"A",.,"A",.,"A",13,"D",78,"D",27,"D",.,"A",.,"A",.,"A",37,"D",.,"A",.,"A"
"20102",2181954,59,0,"1",.,"A",.,"A",.,"A",.,"A",.,"A",20,"D",.,"A",.,"A",.,"A",.,"A",.,"A",.,"A",.,"A",.,"A",.,"A"
"20102",2181964,37,0,"1",.,"A",.,"A",.,"A",.,"A",120,"D",.,"A",.,"A",.,"A",.,"A",.,"A",.,"A",.,"A",.,"A",.,"A",.,"A"
"20102",2181974,54,0,"1",.,"A",.,"A",.,"A",.,"A",51,"D",.,"A",260,"D",.,"A",21,"D",.,"A",.,"A",.,"A",.,"A",.,"A",.,"A"
"20102",2181984,47,0,"1",.,"A",.,"A",.,"A",.,"A",.,"A",.,"A",.,"A",.,"A",.,"A",.,"A",.,"A",.,"A",176,"D",.,"A",.,"A"
"20102",2181994,34,0,"1",0,"F",.,"A",.,"A",.,"A",200,"F",33,"D",273,"D",.,"A",.,"A",0,"D",0,"D",24,"D",75,"D",0,"D",.,"A"
"20102",2182024,55,0,"1",.,"A",.,"A",.,"A",.,"A",.,"A",.,"A",117,"D",.,"A",.,"A",.,"A",.,"A",.,"A",.,"A",.,"A",.,"A"
"20102",2182044,53,0,"1",.,"A",.,"A",.,"A",.,"A",.,"A",.,"A",.,"A",.,"A",.,"A",.,"A",.,"A",.,"A",60,"D",.,"A",.,"A"
"20102",2182064,79,0,"1",.,"A",.,"A",.,"A",.,"A",.,"A",.,"A",.,"A",.,"A",.,"A",.,"A",.,"A",.,"A",.,"A",.,"A",.,"A"
"20102",2182074,78,0,"1",.,"A",.,"A",.,"A",.,"A",.,"A",45,"D",780,"D",.,"A",.,"A",.,"A",.,"A",.,"A",150,"D",.,"A",.,"A"
"20102",2182084,45,0,"1",.,"A",.,"A",.,"A",.,"A",.,"A",.,"A",325,"D",.,"A",.,"A",.,"A",.,"A",.,"A",22,"D",.,"A",.,"A"
"20102",2182134,37,0,"1",.,"A",.,"A",.,"A",.,"A",.,"A",.,"A",156,"D",.,"A",.,"A",.,"A",.,"A",.,"A",.,"A",.,"A",.,"A"
"20102",2182154,33,0,"1",.,"A",.,"A",.,"A",.,"A",120,"D",.,"A",.,"A",.,"A",.,"A",60,"D",0,"D",150,"D",60,"D",20,"D",.,"A"
"20102",2182164,32,0,"1",35,"D",.,"A",.,"A",40,"D",90,"D",100,"D",.,"A",.,"A",.,"A",267,"D",0,"D",90,"D",130,"D",89,"D",.,"A"
"20102",2182184,53,0,"1",.,"A",.,"A",.,"A",.,"A",.,"A",.,"A",728,"D",.,"A",45,"D",.,"A",.,"A",.,"A",60,"D",.,"A",.,"A"
"20102",2182204,35,0,"1",.,"A",.,"A",.,"A",.,"A",.,"A",.,"A",.,"A",.,"A",.,"A",.,"A",.,"A",.,"A",.,"A",.,"A",.,"A"
"20102",2182214,54,0,"1",.,"A",.,"A",.,"A",.,"A",.,"A",.,"A",.,"A",.,"A",.,"A",.,"A",.,"A",.,"A",.,"A",.,"A",.,"A"
"20102",2182224,78,0,"1",24,"D",.,"A",.,"A",20,"D",0,"D",15,"D",.,"A",.,"A",.,"A",.,"A",.,"A",.,"A",150,"D",.,"A",.,"A"
"20102",2182234,40,0,"1",.,"A",.,"A",.,"A",.,"A",.,"A",.,"A",.,"A",.,"A",.,"A",.,"A",.,"A",.,"A",.,"A",.,"A",.,"A"
"20102",2182244,39,0,"1",.,"A",.,"A",.,"A",.,"A",.,"A",.,"A",195,"D",.,"A",.,"A",.,"A",.,"A",.,"A",.,"A",.,"A",.,"A"
"20102",2182254,41,0,"1",.,"A",.,"A",.,"A",.,"A",.,"A",.,"A",.,"A",.,"A",.,"A",.,"A",.,"A",.,"A",.,"A",.,"A",.,"A"
"20102",2182294,38,0,"1",.,"A",.,"A",.,"A",.,"A",.,"A",.,"A",390,"D",.,"A",.,"A",.,"A",.,"A",.,"A",.,"A",.,"A",.,"A"
"20102",2182314,55,0,"1",.,"A",.,"A",.,"A",.,"A",.,"A",.,"A",.,"A",.,"A",.,"A",.,"A",.,"A",.,"A",100,"D",.,"A",.,"A"
"20102",2182374,59,0,"1",.,"A",.,"A",.,"A",.,"A",.,"A",75,"D",.,"A",.,"A",.,"A",.,"A",.,"A",.,"A",300,"D",.,"A",.,"A"
"20102",2182384,56,0,"1",.,"A",.,"A",.,"A",.,"A",.,"A",40,"D",.,"A",.,"A",30,"D",0,"D",0,"D",90,"D",.,"A",0,"D",.,"A"
"20102",2182394,72,0,"1",.,"A",.,"A",.,"A",.,"A",.,"A",75,"D",.,"A",.,"A",.,"A",.,"A",.,"A",.,"A",.,"A",.,"A",.,"A"
"20102",2182404,47,0,"1",.,"A",.,"A",.,"A",.,"A",.,"A",.,"A",.,"A",.,"A",.,"A",.,"A",.,"A",.,"A",.,"A",.,"A",.,"A"
"20102",2182424,52,0,"1",.,"A",.,"A",.,"A",.,"A",.,"A",.,"A",.,"A",.,"A",.,"A",.,"A",.,"A",.,"A",48,"D",.,"A",.,"A"
"20102",2182434,57,0,"1",.,"A",.,"A",.,"A",.,"A",.,"A",.,"A",.,"A",.,"A",.,"A",.,"A",.,"A",.,"A",.,"A",.,"A",.,"A"
"20102",2182454,38,0,"1",.,"A",25,"D",.,"A",.,"A",.,"A",75,"D",.,"A",.,"A",.,"A",.,"A",.,"A",.,"A",15,"D",.,"A",.,"A"
"20102",2182464,66,0,"1",.,"A",.,"A",.,"A",.,"A",.,"A",.,"A",1300,"D",.,"A",.,"A",.,"A",.,"A",.,"A",26,"D",.,"A",.,"A"
"20102",2182474,68,0,"1",.,"A",.,"A",.,"A",.,"A",.,"A",.,"A",429,"D",.,"A",.,"A",150,"D",0,"D",0,"D",21,"D",50,"D",.,"A"
"20102",2182484,32,0,"1",.,"A",.,"A",.,"A",.,"A",.,"A",.,"A",.,"A",.,"A",.,"A",.,"A",.,"A",.,"A",.,"A",.,"A",.,"A"
"20102",2182494,73,0,"1",.,"A",.,"A",.,"A",.,"A",.,"A",.,"A",.,"A",.,"A",.,"A",.,"A",.,"A",.,"A",.,"A",.,"A",.,"A"
"20102",2182524,24,0,"1",.,"A",.,"A",.,"A",.,"A",160,"D",.,"A",.,"A",.,"A",.,"A",.,"A",.,"A",.,"A",135,"D",.,"A",.,"A"
"20102",2182534,39,0,"1",.,"A",.,"A",.,"A",.,"A",.,"A",.,"A",.,"A",.,"A",.,"A",.,"A",.,"A",.,"A",.,"A",.,"A",.,"A"
"20102",2182554,73,0,"1",.,"A",.,"A",.,"A",.,"A",.,"A",60,"D",.,"A",.,"A",21,"D",.,"A",.,"A",.,"A",60,"D",.,"A",.,"A"
"20102",2182574,56,0,"1",.,"A",.,"A",.,"A",.,"A",.,"A",.,"A",650,"D",.,"A",.,"A",.,"A",.,"A",.,"A",130,"D",.,"A",.,"A"
"20102",2182594,57,0,"1",.,"A",.,"A",.,"A",.,"A",.,"A",.,"A",.,"A",.,"A",.,"A",.,"A",.,"A",.,"A",90,"D",.,"A",.,"A"
"20102",2182604,61,0,"1",.,"A",.,"A",.,"A",.,"A",.,"A",25,"D",.,"A",.,"A",30,"D",.,"A",.,"A",.,"A",120,"D",.,"A",.,"A"
"20102",2182634,58,0,"1",.,"A",.,"A",.,"A",.,"A",.,"A",30,"D",.,"A",.,"A",.,"A",.,"A",.,"A",.,"A",.,"A",.,"A",.,"A"
"20102",2182654,48,0,"1",.,"A",.,"A",.,"A",.,"A",.,"A",.,"A",.,"A",.,"A",.,"A",.,"A",.,"A",.,"A",24,"D",.,"A",.,"A"
"20102",2182664,48,0,"1",.,"A",.,"A",.,"A",.,"A",.,"A",.,"A",.,"A",.,"A",.,"A",.,"A",.,"A",.,"A",60,"D",.,"A",.,"A"
"20102",2182694,69,0,"1",.,"A",.,"A",.,"A",.,"A",.,"A",60,"D",.,"A",.,"A",.,"A",.,"A",.,"A",.,"A",.,"A",.,"A",.,"A"
"20102",2182704,63,0,"1",.,"A",.,"A",.,"A",.,"A",.,"A",.,"A",.,"A",.,"A",.,"A",.,"A",.,"A",.,"A",40,"D",.,"A",.,"A"
"20102",2182734,35,0,"1",.,"A",.,"A",.,"A",.,"A",.,"A",.,"A",.,"A",.,"A",.,"A",.,"A",.,"A",.,"A",.,"A",.,"A",.,"A"
"20102",2182744,51,0,"1",.,"A",.,"A",.,"A",.,"A",.,"A",.,"A",.,"A",.,"A",.,"A",.,"A",.,"A",.,"A",120,"D",.,"A",.,"A"
"20102",2182754,47,0,"1",.,"A",.,"A",.,"A",.,"A",.,"A",.,"A",.,"A",.,"A",.,"A",.,"A",.,"A",.,"A",.,"A",.,"A",.,"A"
"20102",2182764,52,0,"1",.,"A",.,"A",.,"A",.,"A",.,"A",.,"A",.,"A",.,"A",.,"A",.,"A",.,"A",.,"A",150,"D",.,"A",.,"A"
"20102",2182774,56,0,"1",.,"A",.,"A",.,"A",.,"A",.,"A",.,"A",.,"A",.,"A",.,"A",.,"A",.,"A",.,"A",95,"D",.,"A",.,"A"
"20102",2182784,32,0,"1",.,"A",.,"A",.,"A",.,"A",.,"A",.,"A",.,"A",.,"A",.,"A",.,"A",.,"A",.,"A",.,"A",.,"A",.,"A"
"20102",2182804,66,0,"1",.,"A",.,"A",.,"A",.,"A",.,"A",.,"A",.,"A",.,"A",.,"A",.,"A",.,"A",.,"A",.,"A",.,"A",.,"A"
"20102",2182834,54,0,"1",.,"A",.,"A",.,"A",.,"A",.,"A",200,"D",.,"A",.,"A",.,"A",.,"A",.,"A",.,"A",120,"D",.,"A",.,"A"
"20102",2182844,36,0,"1",.,"A",.,"A",.,"A",.,"A",27,"D",.,"A",.,"A",.,"A",.,"A",.,"A",.,"A",.,"A",40,"D",.,"A",.,"A"
"20102",2182854,37,0,"1",.,"A",.,"A",.,"A",.,"A",140,"D",.,"A",.,"A",.,"A",.,"A",0,"D",0,"D",18,"D",.,"A",0,"D",.,"A"
"20102",2182874,44,0,"1",.,"A",.,"A",.,"A",.,"A",.,"A",.,"A",.,"A",.,"A",.,"A",.,"A",.,"A",.,"A",100,"D",.,"A",.,"A"
"20102",2182884,33,0,"1",.,"A",.,"A",.,"A",30,"D",56,"D",.,"A",182,"D",.,"A",45,"D",24,"D",24,"D",24,"D",160,"D",8,"D",.,"A"
"20102",2182894,25,0,"1",.,"A",.,"A",.,"A",3,"D",96,"D",.,"A",.,"A",.,"A",.,"A",.,"A",.,"A",.,"A",.,"A",.,"A",.,"A"
"20102",2182904,42,0,"1",.,"A",.,"A",.,"A",.,"A",.,"A",.,"A",260,"D",.,"A",.,"A",.,"A",.,"A",.,"A",.,"A",.,"A",.,"A"
"20102",2182924,42,0,"1",.,"A",.,"A",.,"A",.,"A",.,"A",.,"A",.,"A",.,"A",.,"A",.,"A",.,"A",.,"A",.,"A",.,"A",.,"A"
"20102",2182934,41,0,"1",.,"A",.,"A",.,"A",.,"A",.,"A",.,"A",.,"A",.,"A",.,"A",.,"A",.,"A",.,"A",.,"A",.,"A",.,"A"
"20102",2182944,52,0,"1",.,"A",.,"A",.,"A",.,"A",.,"A",6,"D",.,"A",.,"A",.,"A",.,"A",.,"A",.,"A",45,"D",.,"A",.,"A"
"20102",2182964,26,0,"1",.,"A",.,"A",.,"A",.,"A",.,"A",.,"A",.,"A",.,"A",.,"A",.,"A",.,"A",.,"A",.,"A",.,"A",.,"A"
"20102",2182974,41,0,"1",30,"D",.,"A",.,"A",.,"A",90,"D",.,"A",780,"D",.,"A",.,"A",.,"A",.,"A",.,"A",.,"A",.,"A",.,"A"
"20102",2182984,51,0,"1",.,"A",.,"A",.,"A",.,"A",.,"A",.,"A",.,"A",.,"A",.,"A",.,"A",.,"A",.,"A",.,"A",.,"A",.,"A"
"20102",2182994,41,0,"1",.,"A",.,"A",.,"A",.,"A",.,"A",.,"A",.,"A",.,"A",30,"D",.,"A",.,"A",.,"A",180,"D",.,"A",.,"A"
"20102",2183004,36,0,"1",.,"A",.,"A",.,"A",.,"A",.,"A",.,"A",.,"A",.,"A",.,"A",.,"A",.,"A",.,"A",.,"A",.,"A",.,"A"
"20102",2183014,52,0,"1",.,"A",.,"A",.,"A",.,"A",.,"A",.,"A",.,"A",.,"A",.,"A",.,"A",.,"A",.,"A",75,"D",.,"A",.,"A"
"20102",2183024,58,0,"1",.,"A",.,"A",.,"A",.,"A",40,"D",.,"A",.,"A",.,"A",60,"D",.,"A",.,"A",.,"A",180,"D",.,"A",.,"A"
"20102",2183034,26,0,"1",.,"A",.,"A",.,"A",.,"A",120,"D",.,"A",.,"A",.,"A",.,"A",324,"D",0,"D",180,"D",65,"D",108,"D",.,"A"
"20102",2183044,47,0,"1",.,"A",.,"A",.,"A",350,"D",.,"A",.,"A",.,"A",.,"A",30,"D",.,"A",.,"A",.,"A",.,"A",.,"A",.,"A"
"20102",2183054,48,0,"1",.,"A",.,"A",.,"A",.,"A",.,"A",.,"A",.,"A",.,"A",.,"A",.,"A",.,"A",.,"A",26,"D",.,"A",.,"A"
"20102",2183064,25,0,"1",.,"A",.,"A",.,"A",.,"A",.,"A",.,"A",429,"D",.,"A",.,"A",.,"A",.,"A",.,"A",.,"A",.,"A",.,"A"
"20102",2183074,25,0,"1",.,"A",.,"A",.,"A",.,"A",.,"A",.,"A",.,"A",.,"A",.,"A",267,"D",0,"D",0,"D",.,"A",89,"D",.,"A"
"20102",2183094,43,0,"1",.,"A",.,"A",.,"A",.,"A",.,"A",.,"A",.,"A",.,"A",15,"D",.,"A",.,"A",.,"A",50,"D",.,"A",.,"A"
"20102",2183104,58,0,"1",.,"A",.,"A",.,"A",.,"A",.,"A",120,"D",.,"A",.,"A",.,"A",.,"A",.,"A",.,"A",145,"D",.,"A",.,"A"
"20102",2183114,67,0,"1",.,"A",.,"A",.,"A",.,"A",.,"A",.,"A",.,"A",.,"A",.,"A",.,"A",.,"A",.,"A",50,"D",.,"A",.,"A"
"20102",2183124,43,0,"1",.,"A",.,"A",.,"A",.,"A",.,"A",75,"D",650,"D",.,"A",9,"D",.,"A",.,"A",.,"A",155,"D",.,"A",.,"A"
"20102",2183134,51,0,"1",.,"A",.,"A",.,"A",.,"A",.,"A",.,"A",.,"A",.,"A",.,"A",.,"A",.,"A",.,"A",100,"D",.,"A",.,"A"
"20102",2183164,57,0,"1",.,"A",.,"A",.,"A",.,"A",.,"A",.,"A",.,"A",.,"A",.,"A",.,"A",.,"A",.,"A",.,"A",.,"A",.,"A"
"20102",2183174,52,0,"1",.,"A",.,"A",.,"A",.,"A",.,"A",.,"A",390,"D",.,"A",.,"A",0,"D",0,"D",144,"D",.,"A",0,"D",.,"A"
"20102",2183194,55,0,"1",.,"A",.,"A",.,"A",.,"A",.,"A",.,"A",.,"A",.,"A",.,"A",.,"A",.,"A",.,"A",40,"D",.,"A",.,"A"
"20102",2183204,78,0,"1",.,"A",.,"A",.,"A",.,"A",.,"A",.,"A",.,"A",.,"A",.,"A",108,"D",0,"D",0,"D",320,"D",36,"D",110,"D"
"20102",2183224,68,0,"1",.,"A",.,"A",.,"A",.,"A",.,"A",.,"A",.,"A",.,"A",96,"D",.,"A",.,"A",.,"A",.,"A",.,"A",.,"A"
"20102",2183274,42,0,"1",.,"A",.,"A",.,"A",.,"A",.,"A",.,"A",.,"A",.,"A",.,"A",.,"A",.,"A",.,"A",.,"A",.,"A",.,"A"
"20102",2183284,31,0,"1",.,"A",.,"A",.,"A",.,"A",20,"D",30,"D",.,"A",.,"A",.,"A",291,"D",6,"D",6,"D",30,"D",97,"D",.,"A"
"20102",2183304,29,0,"1",.,"A",.,"A",.,"A",.,"A",.,"A",.,"A",.,"A",.,"A",.,"A",.,"A",.,"A",.,"A",.,"A",.,"A",.,"A"
"20102",2183344,33,0,"1",.,"A",.,"A",.,"A",.,"A",40,"D",.,"A",.,"A",.,"A",.,"A",.,"A",.,"A",.,"A",.,"A",.,"A",.,"A"
"20102",2183354,52,0,"1",.,"A",.,"A",.,"A",.,"A",.,"A",25,"D",.,"A",.,"A",.,"A",.,"A",.,"A",.,"A",165,"D",.,"A",.,"A"
"20102",2183384,61,0,"1",.,"A",.,"A",.,"A",.,"A",.,"A",.,"A",455,"D",.,"A",.,"A",.,"A",.,"A",.,"A",.,"A",.,"A",.,"A"
"20102",2183394,66,0,"1",.,"A",.,"A",.,"A",.,"A",.,"A",20,"D",520,"D",.,"A",.,"A",.,"A",.,"A",.,"A",300,"D",.,"A",.,"A"
"20102",2183404,39,0,"1",.,"A",.,"A",.,"A",.,"A",.,"A",.,"A",.,"A",.,"A",.,"A",.,"A",.,"A",.,"A",10,"D",.,"A",.,"A"
"20102",2183414,38,0,"1",.,"A",.,"A",.,"A",.,"A",.,"A",.,"A",.,"A",.,"A",.,"A",.,"A",.,"A",.,"A",30,"D",.,"A",.,"A"
"20102",2183424,47,0,"1",.,"A",.,"A",.,"A",.,"A",.,"A",55,"D",.,"A",.,"A",.,"A",.,"A",.,"A",.,"A",.,"A",.,"A",.,"A"
"20102",2183434,48,0,"1",.,"A",.,"A",.,"A",.,"A",.,"A",.,"A",1092,"D",.,"A",.,"A",.,"A",.,"A",.,"A",16,"D",.,"A",.,"A"
"20102",2183444,36,0,"1",.,"A",55,"D",.,"A",.,"A",.,"A",95,"D",.,"A",.,"A",.,"A",.,"A",.,"A",.,"A",.,"A",.,"A",.,"A"
"20102",2183454,38,0,"1",.,"A",.,"A",.,"A",.,"A",.,"A",.,"A",.,"A",.,"A",.,"A",.,"A",.,"A",.,"A",.,"A",.,"A",.,"A"
"20102",2183464,28,0,"1",.,"A",.,"A",.,"A",.,"A",.,"A",.,"A",.,"A",.,"A",.,"A",.,"A",.,"A",.,"A",.,"A",.,"A",.,"A"
"20102",2183484,46,0,"1",.,"A",.,"A",.,"A",.,"A",60,"D",.,"A",.,"A",.,"A",.,"A",.,"A",.,"A",.,"A",.,"A",.,"A",.,"A"
"20102",2183494,94,0,"1",.,"A",.,"A",.,"A",.,"A",.,"A",.,"A",.,"A",.,"A",9,"D",.,"A",.,"A",.,"A",225,"D",.,"A",.,"A"
"20102",2183504,26,0,"1",.,"A",.,"A",.,"A",.,"A",75,"D",.,"A",.,"A",.,"A",.,"A",.,"A",.,"A",.,"A",80,"D",.,"A",.,"A"
"20102",2183534,45,0,"1",.,"A",.,"A",.,"A",.,"A",.,"A",.,"A",.,"A",.,"A",60,"D",.,"A",.,"A",.,"A",200,"D",.,"A",.,"A"
"20102",2183554,51,0,"1",.,"A",.,"A",.,"A",.,"A",.,"A",.,"A",.,"A",.,"A",.,"A",.,"A",.,"A",.,"A",55,"D",.,"A",.,"A"
"20102",2183574,54,0,"1",.,"A",.,"A",.,"A",.,"A",.,"A",.,"A",.,"A",.,"A",.,"A",.,"A",.,"A",.,"A",375,"D",.,"A",.,"A"
"20102",2183594,34,0,"1",.,"A",.,"A",.,"A",.,"A",.,"A",.,"A",.,"A",.,"A",.,"A",.,"A",.,"A",.,"A",.,"A",.,"A",.,"A"
"20102",2183604,30,0,"1",.,"A",.,"A",.,"A",.,"A",.,"A",.,"A",.,"A",.,"A",.,"A",.,"A",.,"A",.,"A",.,"A",.,"A",.,"A"
"20102",2183624,55,0,"1",.,"A",.,"A",.,"A",.,"A",.,"A",14,"D",455,"D",.,"A",.,"A",.,"A",.,"A",.,"A",.,"A",.,"A",.,"A"
"20102",2183644,38,0,"1",.,"A",.,"A",.,"A",.,"A",.,"A",.,"A",.,"A",.,"A",.,"A",.,"A",.,"A",.,"A",.,"A",.,"A",.,"A"
"20102",2183664,60,0,"1",.,"A",.,"A",.,"A",.,"A",.,"A",.,"A",.,"A",.,"A",30,"D",.,"A",.,"A",.,"A",150,"D",.,"A",.,"A"
"20102",2183674,50,0,"1",.,"A",.,"A",.,"A",.,"A",.,"A",.,"A",.,"A",.,"A",.,"A",.,"A",.,"A",.,"A",80,"D",.,"A",.,"A"
"20102",2183685,43,0,"1",.,"A",.,"A",.,"A",11,"D",35,"D",.,"A",.,"A",.,"A",.,"A",270,"D",0,"D",0,"D",.,"A",90,"D",.,"A"
"20102",2183774,83,0,"1",.,"A",.,"A",.,"A",.,"A",.,"A",.,"A",.,"A",390,"D",.,"A",.,"A",.,"A",.,"A",.,"A",.,"A",.,"A"
"20102",2183794,41,0,"1",.,"A",.,"A",.,"A",.,"A",.,"A",.,"A",.,"A",.,"A",.,"A",.,"A",.,"A",.,"A",40,"D",.,"A",.,"A"
"20102",2183804,48,0,"1",.,"A",.,"A",.,"A",.,"A",.,"A",.,"A",975,"D",.,"A",.,"A",.,"A",.,"A",.,"A",100,"D",.,"A",.,"A"
"20102",2183824,44,0,"1",.,"A",.,"A",.,"A",150,"D",.,"A",.,"A",.,"A",.,"A",.,"A",.,"A",.,"A",.,"A",.,"A",.,"A",.,"A"
"20102",2183834,44,0,"1",.,"A",.,"A",.,"A",.,"A",.,"A",.,"A",.,"A",.,"A",.,"A",.,"A",.,"A",.,"A",35,"D",.,"A",.,"A"
"20102",2183844,47,0,"1",.,"A",.,"A",.,"A",.,"A",.,"A",.,"A",520,"D",.,"A",.,"A",.,"A",.,"A",.,"A",40,"D",.,"A",.,"A"
"20102",2183854,47,0,"1",.,"A",.,"A",.,"A",.,"A",.,"A",.,"A",1300,"D",.,"A",.,"A",.,"A",.,"A",.,"A",35,"D",.,"A",.,"A"
"20102",2183864,59,0,"1",.,"A",.,"A",.,"A",.,"A",.,"A",80,"D",.,"A",.,"A",.,"A",.,"A",.,"A",.,"A",300,"D",.,"A",.,"A"
"20102",2183874,61,0,"1",.,"A",.,"A",.,"A",.,"A",.,"A",.,"A",.,"A",.,"A",.,"A",.,"A",.,"A",.,"A",160,"D",.,"A",.,"A"
"20102",2183884,65,0,"1",.,"A",.,"A",.,"A",.,"A",.,"A",.,"A",.,"A",.,"A",.,"A",.,"A",.,"A",.,"A",50,"D",.,"A",.,"A"
"20102",2183894,33,0,"1",.,"A",.,"A",.,"A",.,"A",.,"A",.,"A",325,"D",.,"A",.,"A",.,"A",.,"A",.,"A",.,"A",.,"A",.,"A"
"20102",2183904,55,0,"1",.,"A",.,"A",.,"A",.,"A",.,"A",.,"A",.,"A",.,"A",.,"A",.,"A",.,"A",.,"A",.,"A",.,"A",.,"A"
"20102",2183914,36,0,"1",.,"A",.,"A",.,"A",.,"A",.,"A",60,"D",.,"A",.,"A",.,"A",.,"A",.,"A",.,"A",.,"A",.,"A",.,"A"
"20102",2183934,90,0,"1",.,"A",.,"A",.,"A",.,"A",.,"A",.,"A",.,"A",.,"A",24,"D",15,"D",0,"D",0,"D",52,"D",5,"D",.,"A"
"20102",2183954,29,0,"1",.,"A",.,"A",.,"A",.,"A",.,"A",.,"A",.,"A",.,"A",.,"A",.,"A",.,"A",.,"A",.,"A",.,"A",.,"A"
"20102",2183974,32,0,"1",.,"A",.,"A",.,"A",.,"A",120,"D",.,"A",91,"D",.,"A",.,"A",.,"A",.,"A",.,"A",120,"D",.,"A",.,"A"
"20102",2184004,48,0,"1",.,"A",.,"A",.,"A",.,"A",.,"A",.,"A",.,"A",.,"A",.,"A",.,"A",.,"A",.,"A",100,"D",.,"A",.,"A"
"20102",2184014,46,0,"1",.,"A",.,"A",.,"A",.,"A",.,"A",.,"A",.,"A",.,"A",.,"A",.,"A",.,"A",.,"A",32,"D",.,"A",.,"A"
"20102",2184024,36,0,"1",.,"A",.,"A",.,"A",.,"A",.,"A",.,"A",520,"D",.,"A",.,"A",.,"A",.,"A",.,"A",40,"D",.,"A",.,"A"
"20102",2184084,38,0,"1",.,"A",.,"A",.,"A",.,"A",.,"A",.,"A",.,"A",.,"A",.,"A",.,"A",.,"A",.,"A",40,"D",.,"A",.,"A"
"20102",2184144,81,0,"1",.,"A",.,"A",.,"A",.,"A",.,"A",.,"A",.,"A",.,"A",15,"D",.,"A",.,"A",.,"A",.,"A",.,"A",.,"A"
"20102",2184164,58,0,"1",.,"A",.,"A",.,"A",.,"A",.,"A",.,"A",.,"A",.,"A",.,"A",.,"A",.,"A",.,"A",125,"D",.,"A",.,"A"
"20102",2184184,23,0,"1",.,"A",.,"A",.,"A",.,"A",30,"D",.,"A",.,"A",.,"A",.,"A",90,"D",0,"D",0,"D",.,"A",30,"D",.,"A"
"20102",2184194,31,0,"1",.,"A",.,"A",.,"A",.,"A",.,"A",.,"A",195,"D",.,"A",.,"A",.,"A",.,"A",.,"A",.,"A",.,"A",.,"A"
"20102",2184204,55,0,"1",.,"A",.,"A",.,"A",.,"A",.,"A",75,"D",.,"A",13,"D",.,"A",.,"A",.,"A",.,"A",150,"D",.,"A",.,"A"
"20102",2184214,40,0,"1",.,"A",.,"A",.,"A",.,"A",.,"A",.,"A",.,"A",.,"A",.,"A",.,"A",.,"A",.,"A",.,"A",.,"A",.,"A"
"20102",2184224,55,0,"1",.,"A",.,"A",.,"A",.,"A",.,"A",.,"A",.,"A",.,"A",.,"A",.,"A",.,"A",.,"A",40,"F",.,"A",.,"A"
"20102",2184234,47,0,"1",.,"A",.,"A",.,"A",.,"A",60,"D",.,"A",.,"A",.,"A",90,"D",.,"A",.,"A",.,"A",300,"D",.,"A",.,"A"
"20102",2184254,32,0,"1",.,"A",.,"A",.,"A",.,"A",.,"A",.,"A",.,"A",.,"A",.,"A",.,"A",.,"A",.,"A",.,"A",.,"A",.,"A"
"20102",2184274,30,0,"1",8,"D",.,"A",.,"A",.,"A",16,"D",.,"A",.,"A",.,"A",.,"A",.,"A",.,"A",.,"A",15,"D",.,"A",.,"A"
"20102",2184284,47,0,"1",.,"A",.,"A",.,"A",.,"A",.,"A",.,"A",.,"A",.,"A",30,"D",.,"A",.,"A",.,"A",100,"D",.,"A",.,"A"
"20102",2184304,37,0,"1",.,"A",.,"A",.,"A",.,"A",.,"A",.,"A",.,"A",.,"A",.,"A",.,"A",.,"A",.,"A",.,"A",.,"A",.,"A"
"20102",2184324,48,0,"1",.,"A",.,"A",.,"A",.,"A",.,"A",.,"A",.,"A",.,"A",.,"A",0,"D",0,"D",0,"D",.,"A",0,"D",.,"A"
"20102",2184334,98,0,"1",.,"A",.,"A",.,"A",.,"A",.,"A",.,"A",.,"A",.,"A",24,"F",.,"A",.,"A",.,"A",60,"D",.,"A",.,"A"
"20102",2184364,47,0,"1",.,"A",.,"A",.,"A",.,"A",.,"A",.,"A",.,"A",.,"A",.,"A",.,"A",.,"A",.,"A",50,"D",.,"A",.,"A"
"20102",2184374,75,0,"1",.,"A",.,"A",.,"A",.,"A",.,"A",6,"D",.,"A",.,"A",.,"A",.,"A",.,"A",.,"A",200,"D",.,"A",.,"A"
"20102",2184384,24,0,"1",.,"A",.,"A",.,"A",.,"A",.,"A",.,"A",.,"A",.,"A",.,"A",0,"D",0,"D",60,"D",.,"A",0,"D",.,"A"
"20102",2184395,33,0,"1",.,"A",.,"A",.,"A",.,"A",.,"A",.,"A",.,"A",.,"A",.,"A",.,"A",.,"A",.,"A",.,"A",.,"A",.,"A"
"20102",2184404,39,0,"1",.,"A",.,"A",.,"A",.,"A",.,"A",40,"D",.,"A",.,"A",.,"A",.,"A",.,"A",.,"A",60,"D",.,"A",.,"A"
"20102",2184414,37,0,"1",.,"A",.,"A",.,"A",.,"A",.,"A",.,"A",.,"A",.,"A",.,"A",.,"A",.,"A",.,"A",50,"D",.,"A",.,"A"
"20102",2184424,49,0,"1",.,"A",.,"A",.,"A",.,"A",.,"A",.,"A",260,"D",.,"A",12,"D",.,"A",.,"A",.,"A",28,"D",.,"A",.,"A"
"20102",2184444,60,0,"1",.,"A",.,"A",.,"A",.,"A",.,"A",.,"A",.,"A",.,"A",.,"A",.,"A",.,"A",.,"A",.,"A",.,"A",.,"A"
"20102",2184464,36,0,"1",.,"A",.,"A",.,"A",.,"A",.,"A",.,"A",.,"A",.,"A",.,"A",.,"A",.,"A",.,"A",20,"D",.,"A",.,"A"
"20102",2184494,53,0,"1",.,"A",.,"A",.,"A",.,"A",.,"A",.,"A",728,"D",.,"A",30,"F",.,"A",.,"A",.,"A",.,"A",.,"A",.,"A"
"20102",2184504,47,0,"1",20,"D",.,"A",.,"A",.,"A",55,"D",.,"A",.,"A",.,"A",.,"A",.,"A",.,"A",.,"A",15,"D",.,"A",.,"A"
"20102",2184524,26,0,"1",.,"A",.,"A",.,"A",.,"A",.,"A",.,"A",.,"A",.,"A",.,"A",.,"A",.,"A",.,"A",9,"D",.,"A",.,"A"
"20102",2184534,47,0,"1",.,"A",.,"A",.,"A",.,"A",.,"A",.,"A",.,"A",.,"A",15,"D",.,"A",.,"A",.,"A",.,"A",.,"A",.,"A"
"20102",2184544,56,0,"1",.,"A",.,"A",.,"A",.,"A",.,"A",.,"A",.,"A",.,"A",.,"A",.,"A",.,"A",.,"A",60,"D",.,"A",.,"A"
"20102",2184564,30,0,"1",.,"A",.,"A",.,"A",.,"A",.,"A",.,"A",.,"A",.,"A",.,"A",.,"A",.,"A",.,"A",40,"D",.,"A",.,"A"
"20102",2184584,72,0,"1",.,"A",.,"A",.,"A",.,"A",.,"A",.,"A",1950,"D",.,"A",.,"A",.,"A",.,"A",.,"A",330,"D",.,"A",.,"A"
"20102",2184594,56,0,"1",.,"A",.,"A",.,"A",110,"D",.,"A",67,"D",.,"A",.,"A",21,"D",.,"A",.,"A",.,"A",475,"D",.,"A",.,"A"
"20102",2184614,63,0,"1",.,"A",.,"A",.,"A",.,"A",.,"A",.,"A",.,"A",.,"A",.,"A",.,"A",.,"A",.,"A",.,"A",.,"A",.,"A"
"20102",2184634,33,0,"1",.,"A",.,"A",.,"A",.,"A",.,"A",.,"A",.,"A",.,"A",.,"A",.,"A",.,"A",.,"A",60,"D",.,"A",.,"A"
"20102",2184654,59,0,"1",.,"A",.,"A",.,"A",.,"A",.,"A",.,"A",.,"A",.,"A",.,"A",.,"A",.,"A",.,"A",.,"A",.,"A",.,"A"
"20102",2184694,27,0,"1",.,"A",.,"A",.,"A",.,"A",.,"A",.,"A",.,"A",.,"A",.,"A",.,"A",.,"A",.,"A",.,"A",.,"A",.,"A"
"20102",2184704,49,0,"1",.,"A",.,"A",.,"A",.,"A",.,"A",.,"A",.,"A",156,"D",.,"A",.,"A",.,"A",.,"A",25,"D",.,"A",.,"A"
"20102",2184734,30,0,"1",.,"A",.,"A",.,"A",.,"A",.,"A",.,"A",.,"A",.,"A",.,"A",.,"A",.,"A",.,"A",.,"A",.,"A",.,"A"
"20102",2184744,61,0,"1",.,"A",.,"A",.,"A",.,"A",.,"A",.,"A",.,"A",.,"A",.,"A",.,"A",.,"A",.,"A",100,"D",.,"A",.,"A"
"20102",2184754,69,0,"1",.,"A",.,"A",.,"A",.,"A",.,"A",.,"A",.,"A",260,"D",.,"A",.,"A",.,"A",.,"A",140,"D",.,"A",.,"A"
"20102",2184764,58,0,"1",.,"A",.,"A",.,"A",.,"A",.,"A",.,"A",.,"A",.,"A",.,"A",.,"A",.,"A",.,"A",120,"D",.,"A",.,"A"
"20102",2184774,50,0,"1",.,"A",.,"A",.,"A",.,"A",.,"A",.,"A",130,"D",.,"A",.,"A",.,"A",.,"A",.,"A",.,"A",.,"A",.,"A"
"20102",2184784,23,0,"1",.,"A",.,"A",.,"A",.,"A",.,"A",.,"A",.,"A",.,"A",.,"A",135,"D",0,"D",0,"D",30,"D",45,"D",.,"A"
"20102",2184814,51,0,"1",.,"A",.,"A",.,"A",.,"A",.,"A",.,"A",78,"D",.,"A",.,"A",.,"A",.,"A",.,"A",150,"D",.,"A",.,"A"
"20102",2184824,28,0,"1",.,"A",.,"A",.,"A",.,"A",.,"A",.,"A",.,"A",.,"A",30,"D",.,"A",.,"A",.,"A",.,"A",.,"A",.,"A"
"20102",2184844,62,0,"1",.,"A",.,"A",.,"A",.,"A",.,"A",.,"A",.,"A",.,"A",.,"A",.,"A",.,"A",.,"A",35,"D",.,"A",.,"A"
"20102",2184854,67,0,"1",.,"A",.,"A",.,"A",.,"A",.,"A",.,"A",325,"D",.,"A",24,"D",.,"A",.,"A",.,"A",220,"D",.,"A",.,"A"
"20102",2184864,34,0,"1",.,"A",.,"A",.,"A",.,"A",.,"A",.,"A",.,"A",.,"A",.,"A",.,"A",.,"A",.,"A",.,"A",.,"A",.,"A"
"20102",2184874,33,0,"1",.,"A",.,"A",.,"A",.,"A",.,"A",.,"A",650,"D",.,"A",.,"A",.,"A",.,"A",.,"A",.,"A",.,"A",.,"A"
"20102",2184894,86,0,"1",.,"A",.,"A",.,"A",.,"A",.,"A",20,"D",.,"A",.,"A",.,"A",.,"A",.,"A",.,"A",300,"D",.,"A",.,"A"
"20102",2184904,58,0,"1",.,"A",.,"A",.,"A",.,"A",.,"A",21,"D",.,"A",.,"A",.,"A",.,"A",.,"A",.,"A",95,"D",.,"A",.,"A"
"20102",2184914,77,0,"1",.,"A",.,"A",.,"A",.,"A",.,"A",.,"A",.,"A",.,"A",.,"A",.,"A",.,"A",.,"A",.,"A",.,"A",.,"A"
"20102",2184934,42,0,"1",.,"A",.,"A",.,"A",.,"A",.,"A",.,"A",.,"A",.,"A",.,"A",.,"A",.,"A",.,"A",16,"D",.,"A",.,"A"
"20102",2184944,56,0,"1",.,"A",.,"A",.,"A",.,"A",.,"A",.,"A",.,"A",.,"A",.,"A",.,"A",.,"A",.,"A",50,"D",.,"A",.,"A"
"20102",2184964,50,0,"1",.,"A",.,"A",.,"A",.,"A",.,"A",.,"A",.,"A",.,"A",.,"A",.,"A",.,"A",.,"A",100,"D",.,"A",.,"A"
"20102",2184974,51,0,"1",.,"A",.,"A",.,"A",.,"A",.,"A",390,"D",.,"A",.,"A",.,"A",348,"D",0,"D",0,"D",300,"D",116,"D",.,"A"
"20102",2184985,32,0,"1",.,"A",.,"A",.,"A",.,"A",.,"A",.,"A",.,"A",.,"A",.,"A",.,"A",.,"A",.,"A",.,"A",.,"A",.,"A"
"20102",2184994,56,0,"1",.,"A",.,"A",.,"A",.,"A",100,"D",.,"A",273,"D",.,"A",.,"A",.,"A",.,"A",.,"A",90,"D",.,"A",.,"A"
"20102",2185004,68,0,"1",.,"A",68,"D",.,"A",.,"A",.,"A",0,"D",897,"D",.,"A",.,"A",.,"A",.,"A",.,"A",210,"D",.,"A",.,"A"
"20102",2185014,53,0,"1",.,"A",.,"A",.,"A",.,"A",.,"A",.,"A",.,"A",.,"A",.,"A",.,"A",.,"A",.,"A",25,"D",.,"A",.,"A"
"20102",2185024,37,0,"1",.,"A",.,"A",.,"A",.,"A",320,"D",.,"A",.,"A",.,"A",.,"A",.,"A",.,"A",.,"A",240,"D",.,"A",.,"A"
"20102",2185054,48,0,"1",20,"D",.,"A",.,"A",.,"A",55,"D",.,"A",.,"A",.,"A",.,"A",162,"D",0,"D",0,"D",.,"A",54,"D",.,"A"
"20102",2185064,45,0,"1",.,"A",.,"A",.,"A",.,"A",.,"A",.,"A",.,"A",.,"A",.,"A",.,"A",.,"A",.,"A",30,"D",.,"A",.,"A"
"20102",2185074,107,0,"1",20,"D",.,"A",.,"A",.,"A",0,"D",266,"D",.,"A",.,"A",.,"A",.,"A",.,"A",.,"A",60,"D",.,"A",.,"A"
"20102",2185084,55,0,"1",.,"A",.,"A",.,"A",.,"A",.,"A",15,"D",.,"A",.,"A",.,"A",.,"A",.,"A",.,"A",180,"D",.,"A",.,"A"
"20102",2185094,31,0,"1",.,"A",.,"A",.,"A",.,"A",36,"D",.,"A",65,"D",.,"A",.,"A",.,"A",.,"A",.,"A",.,"A",.,"A",.,"A"
"20102",2185104,51,0,"1",.,"A",.,"A",.,"A",.,"A",.,"A",.,"A",.,"A",130,"D",.,"A",.,"A",.,"A",.,"A",80,"D",.,"A",.,"A"
"20102",2185114,24,0,"1",.,"A",.,"A",.,"A",.,"A",.,"A",.,"A",455,"D",.,"A",.,"A",.,"A",.,"A",.,"A",.,"A",.,"A",.,"A"
"20102",2185134,52,0,"1",.,"A",.,"A",.,"A",.,"A",.,"A",.,"A",520,"D",.,"A",.,"A",.,"A",.,"A",.,"A",.,"A",.,"A",.,"A"
"20102",2185154,34,0,"1",0,"F",.,"A",.,"A",.,"A",156,"F",.,"A",.,"A",.,"A",.,"A",0,"D",0,"D",120,"D",80,"D",0,"D",.,"A"
"20102",2185164,43,0,"1",.,"A",.,"A",.,"A",.,"A",.,"A",.,"A",312,"D",.,"A",.,"A",.,"A",.,"A",.,"A",30,"D",.,"A",.,"A"
"20102",2185184,49,0,"1",.,"A",.,"A",.,"A",.,"A",.,"A",.,"A",.,"A",.,"A",.,"A",.,"A",.,"A",.,"A",7,"D",.,"A",.,"A"
"20102",2185194,56,0,"1",.,"A",.,"A",.,"A",.,"A",.,"A",.,"A",.,"A",.,"A",.,"A",.,"A",.,"A",.,"A",21,"D",.,"A",.,"A"
"20102",2185204,38,0,"1",.,"A",.,"A",.,"A",.,"A",.,"A",.,"A",.,"A",.,"A",.,"A",.,"A",.,"A",.,"A",120,"D",.,"A",.,"A"
"20102",2185234,45,0,"1",.,"A",.,"A",.,"A",.,"A",.,"A",.,"A",.,"A",.,"A",.,"A",.,"A",.,"A",.,"A",.,"A",.,"A",.,"A"
"20102",2185264,69,0,"1",.,"A",.,"A",.,"A",.,"A",.,"A",.,"A",.,"A",.,"A",.,"A",.,"A",.,"A",.,"A",80,"D",.,"A",.,"A"
"20102",2185274,45,0,"1",.,"A",.,"A",.,"A",.,"A",.,"A",.,"A",260,"D",.,"A",.,"A",.,"A",.,"A",.,"A",.,"A",.,"A",.,"A"
"20102",2185284,44,0,"1",5,"D",.,"A",.,"A",.,"A",25,"D",.,"A",.,"A",.,"A",.,"A",.,"A",.,"A",.,"A",20,"D",.,"A",.,"A"
"20102",2185294,66,0,"1",.,"A",35,"D",.,"A",23,"D",.,"A",0,"D",468,"D",.,"A",.,"A",.,"A",.,"A",.,"A",220,"D",.,"A",.,"A"
"20102",2185324,55,0,"1",.,"A",.,"A",.,"A",.,"A",186,"D",.,"A",.,"A",.,"A",45,"D",.,"A",.,"A",.,"A",36,"D",.,"A",.,"A"
"20102",2185334,56,0,"1",.,"A",.,"A",.,"A",.,"A",.,"A",300,"D",.,"A",.,"A",.,"A",.,"A",.,"A",.,"A",600,"D",.,"A",.,"A"
"20102",2185344,87,0,"1",.,"A",.,"A",.,"A",.,"A",.,"A",.,"A",.,"A",156,"F",.,"A",.,"A",.,"A",.,"A",137,"D",.,"A",.,"A"
"20102",2185354,39,0,"1",.,"A",.,"A",.,"A",.,"A",.,"A",.,"A",.,"A",.,"A",.,"A",.,"A",.,"A",.,"A",35,"D",.,"A",.,"A"
"20102",2185384,57,0,"1",.,"A",.,"A",.,"A",.,"A",.,"A",.,"A",.,"A",.,"A",.,"A",.,"A",.,"A",.,"A",60,"D",.,"A",.,"A"
"20102",2185394,95,0,"1",.,"A",.,"A",.,"A",.,"A",.,"A",30,"D",.,"A",.,"A",30,"D",.,"A",.,"A",.,"A",130,"D",.,"A",.,"A"
"20102",2185404,29,0,"1",.,"A",.,"A",.,"A",.,"A",30,"D",.,"A",.,"A",.,"A",.,"A",300,"D",0,"D",0,"D",.,"A",100,"D",.,"A"
"20102",2185434,34,0,"1",.,"A",.,"A",.,"A",.,"A",.,"A",.,"A",.,"A",.,"A",.,"A",.,"A",.,"A",.,"A",.,"A",.,"A",.,"A"
"20102",2185444,36,0,"1",.,"A",.,"A",.,"A",.,"A",.,"A",.,"A",325,"D",.,"A",.,"A",.,"A",.,"A",.,"A",42,"D",.,"A",.,"A"
"20102",2185464,51,0,"1",.,"A",.,"A",.,"A",.,"A",.,"A",.,"A",.,"A",.,"A",.,"A",.,"A",.,"A",.,"A",22,"D",.,"A",.,"A"
"20102",2185474,53,0,"1",.,"A",.,"A",.,"A",.,"A",.,"A",45,"D",.,"A",.,"A",.,"A",.,"A",.,"A",.,"A",300,"D",.,"A",.,"A"
"20102",2185494,31,0,"1",.,"A",.,"A",.,"A",.,"A",.,"A",.,"A",.,"A",.,"A",.,"A",.,"A",.,"A",.,"A",.,"A",.,"A",.,"A"
"20102",2185524,55,0,"1",.,"A",.,"A",.,"A",.,"A",.,"A",.,"A",.,"A",.,"A",9,"D",822,"D",0,"D",0,"D",180,"D",274,"D",.,"A"
"20102",2185544,45,0,"1",.,"A",.,"A",.,"A",.,"A",.,"A",.,"A",.,"A",.,"A",.,"A",.,"A",.,"A",.,"A",100,"D",.,"A",.,"A"
"20102",2185554,42,0,"1",.,"A",.,"A",.,"A",.,"A",150,"D",120,"D",.,"A",.,"A",.,"A",.,"A",.,"A",.,"A",600,"D",.,"A",.,"A"
"20102",2185574,27,0,"1",.,"A",.,"A",.,"A",.,"A",5,"D",.,"A",.,"A",.,"A",.,"A",.,"A",.,"A",.,"A",.,"A",.,"A",.,"A"
"20102",2185584,27,0,"1",.,"A",.,"A",.,"A",.,"A",.,"A",.,"A",.,"A",.,"A",.,"A",.,"A",.,"A",.,"A",20,"D",.,"A",.,"A"
"20102",2185594,43,0,"1",.,"A",.,"A",.,"A",.,"A",.,"A",.,"A",.,"A",.,"A",.,"A",.,"A",.,"A",.,"A",10,"D",.,"A",.,"A"
"20102",2185604,57,0,"1",.,"A",.,"A",.,"A",.,"A",.,"A",240,"D",.,"A",.,"A",.,"A",.,"A",.,"A",.,"A",300,"D",.,"A",.,"A"
"20102",2185644,41,0,"1",.,"A",.,"A",.,"A",.,"A",.,"A",50,"D",.,"A",.,"A",.,"A",.,"A",.,"A",.,"A",570,"D",.,"A",.,"A"
"20102",2185654,49,0,"1",.,"A",.,"A",.,"A",.,"A",.,"A",.,"A",.,"A",.,"A",.,"A",.,"A",.,"A",.,"A",12,"D",.,"A",.,"A"
"20102",2185664,48,0,"1",.,"A",.,"A",.,"A",.,"A",.,"A",.,"A",.,"A",.,"A",.,"A",.,"A",.,"A",.,"A",60,"D",.,"A",.,"A"
"20102",2185674,46,0,"1",.,"A",.,"A",.,"A",.,"A",30,"D",.,"A",.,"A",.,"A",.,"A",.,"A",.,"A",.,"A",120,"D",.,"A",.,"A"
"20102",2185684,39,0,"1",.,"A",.,"A",.,"A",.,"A",20,"D",.,"A",520,"D",.,"A",120,"D",.,"A",.,"A",.,"A",.,"A",.,"A",.,"A"
"20102",2185694,73,0,"1",.,"A",.,"A",.,"A",.,"A",.,"A",.,"A",.,"A",.,"A",.,"A",.,"A",.,"A",.,"A",.,"A",.,"A",.,"A"
"20102",2185714,60,0,"1",.,"A",.,"A",35,"D",.,"A",.,"A",.,"A",650,"D",.,"A",27,"D",.,"A",.,"A",.,"A",.,"A",.,"A",.,"A"
"20102",2185744,47,0,"1",.,"A",.,"A",.,"A",.,"A",.,"A",25,"D",260,"D",.,"A",.,"A",.,"A",.,"A",.,"A",150,"D",.,"A",.,"A"
"20102",2185764,42,0,"1",.,"A",.,"A",.,"A",.,"A",40,"D",.,"A",494,"F",.,"A",90,"D",0,"D",0,"D",60,"D",.,"A",0,"D",.,"A"
"20102",2185794,38,0,"1",.,"A",.,"A",.,"A",.,"A",.,"A",.,"A",.,"A",.,"A",.,"A",.,"A",.,"A",.,"A",0,"D",.,"A",.,"A"
"20102",2185844,38,0,"1",.,"A",.,"A",.,"A",.,"A",.,"A",.,"A",.,"A",.,"A",.,"A",.,"A",.,"A",.,"A",.,"A",.,"A",.,"A"
"20102",2185854,64,0,"1",.,"A",.,"A",.,"A",.,"A",.,"A",.,"A",.,"A",.,"A",.,"A",.,"A",.,"A",.,"A",.,"A",.,"A",.,"A"
"20102",2185864,43,0,"1",.,"A",.,"A",.,"A",.,"A",300,"D",.,"A",.,"A",.,"A",.,"A",.,"A",.,"A",.,"A",180,"D",.,"A",.,"A"
"20102",2185874,32,0,"1",.,"A",.,"A",.,"A",.,"A",.,"A",50,"D",.,"A",.,"A",.,"A",.,"A",.,"A",.,"A",50,"D",.,"A",.,"A"
"20102",2185884,49,0,"1",.,"A",.,"A",.,"A",.,"A",.,"A",.,"A",1365,"D",.,"A",180,"D",.,"A",.,"A",.,"A",.,"A",.,"A",.,"A"
"20102",2185894,37,0,"1",.,"A",.,"A",.,"A",.,"A",.,"A",.,"A",.,"A",.,"A",.,"A",.,"A",.,"A",.,"A",75,"D",.,"A",.,"A"
"20102",2185924,35,0,"1",.,"A",.,"A",.,"A",50,"D",.,"A",.,"A",.,"A",.,"A",.,"A",.,"A",.,"A",.,"A",60,"D",.,"A",.,"A"
"20102",2185934,29,0,"1",.,"A",.,"A",.,"A",.,"A",25,"D",.,"A",.,"A",.,"A",.,"A",.,"A",.,"A",.,"A",12,"D",.,"A",.,"A"
"20102",2185944,66,0,"1",.,"A",.,"A",.,"A",.,"A",.,"A",50,"D",.,"A",.,"A",.,"A",.,"A",.,"A",.,"A",250,"D",.,"A",.,"A"
"20102",2185954,89,0,"1",.,"A",.,"A",18,"D",.,"A",.,"A",60,"D",.,"A",.,"A",24,"D",.,"A",.,"A",.,"A",500,"D",.,"A",.,"A"
"20102",2185974,45,0,"1",.,"A",.,"A",.,"A",.,"A",.,"A",.,"A",.,"A",.,"A",.,"A",.,"A",.,"A",.,"A",.,"A",.,"A",.,"A"
"20102",2186004,63,0,"1",.,"A",.,"A",.,"A",.,"A",.,"A",25,"D",.,"A",.,"A",.,"A",.,"A",.,"A",.,"A",50,"D",.,"A",.,"A"
"20102",2186014,47,0,"1",.,"A",.,"A",.,"A",.,"A",.,"A",.,"A",130,"D",.,"A",36,"F",.,"A",.,"A",.,"A",30,"D",.,"A",.,"A"
"20102",2186024,89,0,"1",25,"D",.,"A",.,"A",.,"A",0,"D",70,"D",.,"A",.,"A",18,"D",.,"A",.,"A",.,"A",100,"D",.,"A",.,"A"
"20102",2186044,57,0,"1",.,"A",.,"A",.,"A",.,"A",.,"A",.,"A",.,"A",.,"A",.,"A",.,"A",.,"A",.,"A",50,"D",.,"A",.,"A"
"20102",2186084,56,0,"1",.,"A",.,"A",.,"A",.,"A",.,"A",.,"A",.,"A",.,"A",.,"A",.,"A",.,"A",.,"A",415,"D",.,"A",.,"A"
"20102",2186104,40,0,"1",.,"A",.,"A",.,"A",.,"A",.,"A",.,"A",.,"A",.,"A",.,"A",.,"A",.,"A",.,"A",.,"A",.,"A",.,"A"
"20102",2186124,57,0,"1",.,"A",.,"A",.,"A",.,"A",.,"A",.,"A",.,"A",.,"A",.,"A",.,"A",.,"A",.,"A",68,"D",.,"A",.,"A"
"20102",2186134,68,0,"1",.,"A",.,"A",.,"A",.,"A",320,"D",120,"D",325,"D",.,"A",.,"A",.,"A",.,"A",.,"A",320,"D",.,"A",.,"A"
"20102",2186144,38,0,"1",.,"A",.,"A",.,"A",.,"A",.,"A",50,"D",.,"A",.,"A",.,"A",.,"A",.,"A",.,"A",45,"D",.,"A",.,"A"
"20102",2186154,90,0,"1",.,"A",.,"A",.,"A",.,"A",.,"A",66,"D",.,"A",195,"D",.,"A",.,"A",.,"A",.,"A",85,"D",.,"A",.,"A"
"20102",2186164,49,0,"1",.,"A",.,"A",.,"A",.,"A",.,"A",.,"A",.,"A",130,"D",.,"A",.,"A",.,"A",.,"A",60,"D",.,"A",.,"A"
"20102",2186174,29,0,"1",.,"A",.,"A",.,"A",.,"A",36,"D",80,"D",65,"D",.,"A",.,"A",.,"A",.,"A",.,"A",180,"D",.,"A",.,"A"
"20102",2186204,71,0,"1",.,"A",.,"A",.,"A",.,"A",.,"A",22,"D",.,"A",.,"A",.,"A",.,"A",.,"A",.,"A",40,"D",.,"A",.,"A"
"20102",2186224,57,0,"1",.,"A",.,"A",.,"A",.,"A",.,"A",.,"A",.,"A",.,"A",.,"A",.,"A",.,"A",.,"A",7,"D",.,"A",.,"A"
"20102",2186234,88,0,"1",.,"A",.,"A",.,"A",.,"A",.,"A",10,"D",130,"D",.,"A",.,"A",.,"A",.,"A",.,"A",123,"D",.,"A",.,"A"
"20102",2186254,49,0,"1",.,"A",.,"A",.,"A",.,"A",.,"A",16,"D",.,"A",.,"A",.,"A",.,"A",.,"A",.,"A",280,"D",.,"A",.,"A"
"20102",2186264,32,0,"1",.,"A",.,"A",.,"A",.,"A",.,"A",.,"A",.,"A",.,"A",.,"A",.,"A",.,"A",.,"A",.,"A",.,"A",.,"A"
"20102",2186274,56,0,"1",.,"A",.,"A",.,"A",.,"A",.,"A",.,"A",.,"A",.,"A",.,"A",.,"A",.,"A",.,"A",.,"A",.,"A",.,"A"
"20102",2186284,43,0,"1",.,"A",.,"A",.,"A",.,"A",.,"A",.,"A",.,"A",.,"A",.,"A",.,"A",.,"A",.,"A",.,"A",.,"A",.,"A"
"20102",2186294,38,0,"1",.,"A",.,"A",.,"A",.,"A",.,"A",.,"A",.,"A",.,"A",.,"A",.,"A",.,"A",.,"A",.,"A",.,"A",.,"A"
"20102",2186304,36,0,"1",.,"A",.,"A",.,"A",.,"A",.,"A",.,"A",.,"A",.,"A",.,"A",.,"A",.,"A",.,"A",.,"A",.,"A",.,"A"
"20102",2186314,26,0,"1",.,"A",.,"A",.,"A",.,"A",.,"A",.,"A",.,"A",.,"A",.,"A",.,"A",.,"A",.,"A",.,"A",.,"A",.,"A"
"20102",2186324,59,0,"1",.,"A",.,"A",.,"A",.,"A",.,"A",.,"A",.,"A",.,"A",.,"A",.,"A",.,"A",.,"A",60,"D",.,"A",.,"A"
"20102",2186344,42,0,"1",.,"A",.,"A",.,"A",.,"A",.,"A",.,"A",.,"A",.,"A",.,"A",.,"A",.,"A",.,"A",25,"D",.,"A",.,"A"
"20102",2186354,56,0,"1",.,"A",.,"A",.,"A",.,"A",.,"A",.,"A",.,"A",.,"A",.,"A",.,"A",.,"A",.,"A",.,"A",.,"A",.,"A"
"20102",2186364,44,0,"1",.,"A",.,"A",.,"A",.,"A",.,"A",.,"A",.,"A",.,"A",.,"A",.,"A",.,"A",.,"A",65,"D",.,"A",.,"A"
"20102",2186374,128,0,"1",.,"A",.,"A",20,"D",.,"A",.,"A",.,"A",.,"A",.,"A",.,"A",.,"A",.,"A",.,"A",215,"D",.,"A",.,"A"
"20102",2186384,30,0,"1",.,"A",.,"A",.,"A",.,"A",.,"A",.,"A",.,"A",.,"A",.,"A",.,"A",.,"A",.,"A",.,"A",.,"A",.,"A"
"20102",2186424,108,0,"1",.,"A",11,"D",.,"A",.,"A",.,"A",349,"D",520,"D",.,"A",.,"A",.,"A",.,"A",.,"A",400,"D",.,"A",.,"A"
"20102",2186434,51,0,"1",.,"A",.,"A",.,"A",.,"A",.,"A",.,"A",.,"A",.,"A",.,"A",.,"A",.,"A",.,"A",140,"D",.,"A",.,"A"
"20102",2186444,38,0,"1",.,"A",.,"A",.,"A",.,"A",.,"A",.,"A",.,"A",.,"A",.,"A",.,"A",.,"A",.,"A",.,"A",.,"A",.,"A"
"20102",2186484,68,0,"1",.,"A",.,"A",.,"A",.,"A",.,"A",30,"D",390,"D",.,"A",.,"A",.,"A",.,"A",.,"A",225,"D",.,"A",.,"A"
"20102",2186494,46,0,"1",.,"A",.,"A",.,"A",.,"A",.,"A",.,"A",.,"A",.,"A",.,"A",0,"D",0,"D",120,"D",150,"D",0,"D",.,"A"
"20102",2186504,53,0,"1",.,"A",.,"A",.,"A",.,"A",.,"A",.,"A",312,"D",156,"D",.,"A",.,"A",.,"A",.,"A",.,"A",.,"A",.,"A"
"20102",2186514,38,0,"1",.,"A",.,"A",.,"A",.,"A",30,"D",.,"A",.,"A",.,"A",.,"A",.,"A",.,"A",.,"A",500,"D",.,"A",.,"A"
"20102",2186574,42,0,"1",.,"A",10,"D",.,"A",.,"A",.,"A",15,"D",.,"A",.,"A",.,"A",.,"A",.,"A",.,"A",.,"A",.,"A",.,"A"
"20102",2186614,67,0,"1",.,"A",.,"A",.,"A",.,"A",.,"A",.,"A",.,"A",.,"A",.,"A",.,"A",.,"A",.,"A",10,"D",.,"A",.,"A"
"20102",2186624,42,0,"1",.,"A",.,"A",.,"A",.,"A",.,"A",.,"A",.,"A",.,"A",.,"A",.,"A",.,"A",.,"A",210,"D",.,"A",.,"A"
"20102",2186644,33,0,"1",.,"A",.,"A",.,"A",.,"A",50,"D",.,"A",.,"A",.,"A",.,"A",.,"A",.,"A",.,"A",26,"D",.,"A",.,"A"
"20102",2186654,37,0,"1",.,"A",.,"A",.,"A",.,"A",.,"A",25,"D",.,"A",.,"A",.,"A",.,"A",.,"A",.,"A",.,"A",.,"A",.,"A"
"20102",2186674,62,0,"1",.,"A",.,"A",.,"A",.,"A",.,"A",.,"A",.,"A",.,"A",.,"A",.,"A",.,"A",.,"A",.,"A",.,"A",.,"A"
"20102",2186684,75,0,"1",.,"A",.,"A",.,"A",.,"A",.,"A",.,"A",.,"A",.,"A",.,"A",.,"A",.,"A",.,"A",140,"D",.,"A",.,"A"
"20102",2186694,58,0,"1",.,"A",40,"D",.,"A",.,"A",.,"A",20,"D",.,"A",.,"A",.,"A",.,"A",.,"A",.,"A",75,"D",.,"A",.,"A"
"20102",2186714,47,0,"1",.,"A",.,"A",.,"A",.,"A",.,"A",.,"A",.,"A",.,"A",.,"A",.,"A",.,"A",.,"A",.,"A",.,"A",.,"A"
"20102",2186734,59,0,"1",.,"A",.,"A",.,"A",.,"A",.,"A",150,"D",.,"A",.,"A",.,"A",.,"A",.,"A",.,"A",200,"D",.,"A",.,"A"
"20102",2186764,20,0,"1",.,"A",.,"A",.,"A",.,"A",.,"A",.,"A",.,"A",.,"A",.,"A",.,"A",.,"A",.,"A",.,"A",.,"A",.,"A"
"20102",2186784,42,0,"1",.,"A",.,"A",.,"A",.,"A",.,"A",.,"A",.,"A",.,"A",.,"A",.,"A",.,"A",.,"A",.,"A",.,"A",.,"A"
"20102",2186794,31,0,"1",.,"A",.,"A",.,"A",.,"A",.,"A",.,"A",390,"D",.,"A",.,"A",.,"A",.,"A",.,"A",.,"A",.,"A",.,"A"
"20102",2186814,43,0,"1",.,"A",.,"A",.,"A",.,"A",.,"A",.,"A",.,"A",.,"A",.,"A",.,"A",.,"A",.,"A",140,"D",.,"A",.,"A"
"20102",2186824,40,0,"1",.,"A",.,"A",.,"A",.,"A",.,"A",260,"D",.,"A",.,"A",.,"A",.,"A",.,"A",.,"A",30,"D",.,"A",.,"A"
"20102",2186854,36,0,"1",.,"A",.,"A",.,"A",.,"A",.,"A",.,"A",.,"A",.,"A",45,"D",.,"A",.,"A",.,"A",.,"A",.,"A",.,"A"
"20102",2186874,67,0,"1",.,"A",.,"A",.,"A",.,"A",.,"A",.,"A",.,"A",.,"A",.,"A",.,"A",.,"A",.,"A",80,"D",.,"A",.,"A"
"20102",2186884,44,0,"1",.,"A",.,"A",.,"A",.,"A",.,"A",.,"A",.,"A",.,"A",.,"A",.,"A",.,"A",.,"A",.,"A",.,"A",.,"A"
"20102",2186904,37,0,"1",.,"A",.,"A",.,"A",.,"A",.,"A",.,"A",260,"D",.,"A",.,"A",.,"A",.,"A",.,"A",90,"D",.,"A",.,"A"
"20102",2186914,33,0,"1",.,"A",.,"A",.,"A",.,"A",240,"D",.,"A",.,"A",156,"D",.,"A",.,"A",.,"A",.,"A",.,"A",.,"A",.,"A"
"20102",2186924,41,0,"1",.,"A",.,"A",.,"A",.,"A",.,"A",.,"A",299,"D",.,"A",108,"D",.,"A",.,"A",.,"A",.,"A",.,"A",.,"A"
"20102",2186944,86,0,"1",.,"A",.,"A",.,"A",.,"A",.,"A",17,"D",.,"A",.,"A",.,"A",.,"A",.,"A",.,"A",165,"D",.,"A",.,"A"
"20102",2186954,45,0,"1",.,"A",.,"A",.,"A",.,"A",.,"A",.,"A",390,"D",.,"A",105,"D",.,"A",.,"A",.,"A",15,"D",.,"A",.,"A"
"20102",2186964,28,0,"1",.,"A",.,"A",.,"A",.,"A",.,"A",.,"A",.,"A",.,"A",.,"A",.,"A",.,"A",.,"A",.,"A",.,"A",.,"A"
"20102",2186974,47,0,"1",0,"F",.,"A",.,"A",.,"A",42,"F",120,"D",.,"A",.,"A",54,"D",.,"A",.,"A",.,"A",260,"D",.,"A",.,"A"
"20102",2186994,67,0,"1",.,"A",.,"A",.,"A",.,"A",.,"A",.,"A",.,"A",.,"A",.,"A",.,"A",.,"A",.,"A",230,"D",.,"A",.,"A"
"20102",2187004,43,0,"1",.,"A",.,"A",.,"A",.,"A",.,"A",.,"A",.,"A",.,"A",.,"A",.,"A",.,"A",.,"A",28,"D",.,"A",.,"A"
"20102",2187014,54,0,"1",.,"A",.,"A",.,"A",.,"A",.,"A",.,"A",.,"A",.,"A",.,"A",.,"A",.,"A",.,"A",25,"D",.,"A",.,"A"
"20102",2187024,42,0,"1",.,"A",.,"A",.,"A",.,"A",.,"A",.,"A",260,"D",.,"A",.,"A",.,"A",.,"A",.,"A",.,"A",.,"A",.,"A"
"20102",2187034,25,0,"1",.,"A",.,"A",.,"A",20,"D",150,"D",.,"A",.,"A",.,"A",.,"A",75,"D",0,"D",0,"D",.,"A",25,"D",.,"A"
"20102",2187044,60,0,"1",.,"A",.,"A",.,"A",.,"A",.,"A",40,"D",.,"A",.,"A",15,"D",.,"A",.,"A",.,"A",60,"D",.,"A",.,"A"
"20102",2187064,45,0,"1",.,"A",.,"A",.,"A",.,"A",.,"A",.,"A",.,"A",.,"A",.,"A",.,"A",.,"A",.,"A",200,"D",.,"A",.,"A"
"20102",2187074,55,0,"1",.,"A",.,"A",.,"A",.,"A",.,"A",.,"A",.,"A",.,"A",.,"A",.,"A",.,"A",.,"A",.,"A",.,"A",.,"A"
"20102",2187084,44,0,"1",.,"A",.,"A",.,"A",.,"A",.,"A",.,"A",195,"D",.,"A",.,"A",.,"A",.,"A",.,"A",8,"D",.,"A",.,"A"
"20102",2187094,30,0,"1",0,"F",.,"A",.,"A",10,"D",120,"F",.,"A",.,"A",.,"A",.,"A",0,"D",0,"D",6,"D",30,"D",0,"D",.,"A"
"20102",2187114,56,0,"1",.,"A",.,"A",.,"A",.,"A",.,"A",60,"D",.,"A",.,"A",.,"A",.,"A",.,"A",.,"A",160,"D",.,"A",.,"A"
"20102",2187124,48,0,"1",.,"A",.,"A",.,"A",.,"A",.,"A",.,"A",.,"A",.,"A",.,"A",.,"A",.,"A",.,"A",.,"A",.,"A",.,"A"
"20102",2187144,64,0,"1",.,"A",.,"A",.,"A",.,"A",.,"A",.,"A",.,"A",.,"A",60,"D",.,"A",.,"A",.,"A",.,"A",.,"A",.,"A"
"20102",2187154,46,0,"1",.,"A",.,"A",.,"A",.,"A",.,"A",.,"A",.,"A",.,"A",.,"A",.,"A",.,"A",.,"A",72,"D",.,"A",.,"A"
"20102",2187164,55,0,"1",.,"A",.,"A",.,"A",.,"A",.,"A",.,"A",.,"A",.,"A",.,"A",.,"A",.,"A",.,"A",100,"D",.,"A",.,"A"
"20102",2187194,48,0,"1",.,"A",.,"A",.,"A",.,"A",.,"A",.,"A",.,"A",.,"A",.,"A",.,"A",.,"A",.,"A",100,"D",.,"A",.,"A"
"20102",2187214,79,0,"1",.,"A",.,"A",.,"A",.,"A",.,"A",.,"A",1040,"D",.,"A",.,"A",.,"A",.,"A",.,"A",.,"A",.,"A",.,"A"
"20102",2187244,30,0,"1",.,"A",.,"A",.,"A",.,"A",.,"A",.,"A",.,"A",.,"A",.,"A",.,"A",.,"A",.,"A",.,"A",.,"A",.,"A"
"20102",2187254,49,0,"1",20,"D",.,"A",.,"A",120,"D",40,"D",.,"A",.,"A",.,"A",.,"A",672,"D",0,"D",0,"D",80,"D",224,"D",.,"A"
"20102",2187264,32,0,"1",21,"D",.,"A",.,"A",.,"A",49,"D",.,"A",.,"A",.,"A",.,"A",.,"A",.,"A",.,"A",42,"D",.,"A",.,"A"
"20102",2187274,40,0,"1",.,"A",.,"A",.,"A",.,"A",.,"A",.,"A",.,"A",.,"A",.,"A",.,"A",.,"A",.,"A",120,"D",.,"A",.,"A"
"20102",2187294,62,0,"1",.,"A",.,"A",.,"A",.,"A",90,"D",.,"A",.,"A",.,"A",180,"D",270,"D",0,"D",0,"D",240,"D",90,"D",300,"D"
"20102",2187314,53,0,"1",.,"A",.,"A",.,"A",.,"A",.,"A",.,"A",.,"A",.,"A",.,"A",.,"A",.,"A",.,"A",.,"A",.,"A",.,"A"
"20102",2187324,54,0,"1",.,"A",.,"A",.,"A",.,"A",.,"A",.,"A",.,"A",.,"A",.,"A",.,"A",.,"A",.,"A",232,"D",.,"A",.,"A"
"20102",2187334,38,0,"1",.,"A",.,"A",60,"D",.,"A",.,"A",.,"A",.,"A",.,"A",.,"A",.,"A",.,"A",.,"A",200,"D",.,"A",.,"A"
"20102",2187344,65,0,"1",.,"A",.,"A",.,"A",.,"A",.,"A",.,"A",.,"A",.,"A",.,"A",.,"A",.,"A",.,"A",10,"D",.,"A",.,"A"
"20102",2187354,69,0,"1",.,"A",.,"A",.,"A",.,"A",.,"A",.,"A",.,"A",.,"A",.,"A",.,"A",.,"A",.,"A",120,"D",.,"A",.,"A"
"20102",2187364,68,0,"1",.,"A",.,"A",.,"A",.,"A",.,"A",.,"A",.,"A",.,"A",.,"A",.,"A",.,"A",.,"A",250,"D",.,"A",.,"A"
"20102",2187374,64,0,"1",.,"A",.,"A",.,"A",.,"A",.,"A",80,"D",.,"A",.,"A",.,"A",.,"A",.,"A",.,"A",.,"A",.,"A",.,"A"
"20102",2187385,31,0,"1",.,"A",.,"A",.,"A",.,"A",.,"A",.,"A",.,"A",.,"A",.,"A",.,"A",.,"A",.,"A",6,"D",.,"A",.,"A"
"20102",2187394,42,0,"1",.,"A",.,"A",.,"A",.,"A",138,"D",.,"A",.,"A",.,"A",.,"A",.,"A",.,"A",.,"A",.,"A",.,"A",.,"A"
"20102",2187414,33,0,"1",.,"A",.,"A",.,"A",75,"D",.,"A",.,"A",.,"A",.,"A",.,"A",.,"A",.,"A",.,"A",13,"D",.,"A",.,"A"
"20102",2187434,48,0,"1",.,"A",.,"A",.,"A",.,"A",.,"A",.,"A",.,"A",.,"A",.,"A",.,"A",.,"A",.,"A",170,"D",.,"A",.,"A"
"20102",2187454,50,0,"1",.,"A",.,"A",.,"A",.,"A",26,"D",.,"A",.,"A",.,"A",.,"A",.,"A",.,"A",.,"A",50,"D",.,"A",.,"A"
"20102",2187474,86,0,"1",.,"A",.,"A",.,"A",.,"A",.,"A",225,"D",.,"A",.,"A",.,"A",.,"A",.,"A",.,"A",1114,"D",.,"A",.,"A"
"20102",2187495,31,0,"1",.,"A",.,"A",.,"A",.,"A",.,"A",.,"A",.,"A",52,"D",.,"A",.,"A",.,"A",.,"A",.,"A",.,"A",.,"A"
"20102",2187504,30,0,"1",.,"A",.,"A",.,"A",.,"A",.,"A",.,"A",.,"A",.,"A",.,"A",.,"A",.,"A",.,"A",50,"D",.,"A",.,"A"
"20102",2187514,54,0,"1",.,"A",.,"A",.,"A",.,"A",.,"A",.,"A",416,"D",.,"A",.,"A",.,"A",.,"A",.,"A",.,"A",.,"A",.,"A"
"20102",2187524,43,0,"1",.,"A",.,"A",.,"A",.,"A",.,"A",.,"A",.,"A",.,"A",.,"A",.,"A",.,"A",.,"A",.,"A",.,"A",.,"A"
"20102",2187534,124,0,"1",.,"A",11,"D",.,"A",.,"A",.,"A",16,"D",.,"A",.,"A",.,"A",.,"A",.,"A",.,"A",35,"D",.,"A",.,"A"
"20102",2187564,43,0,"1",.,"A",.,"A",.,"A",.,"A",.,"A",.,"A",.,"A",.,"A",.,"A",.,"A",.,"A",.,"A",45,"D",.,"A",.,"A"
"20102",2187584,57,0,"1",.,"A",.,"A",.,"A",.,"A",.,"A",.,"A",.,"A",.,"A",.,"A",.,"A",.,"A",.,"A",90,"D",.,"A",.,"A"
"20102",2187604,79,0,"1",.,"A",.,"A",.,"A",.,"A",.,"A",.,"A",91,"D",.,"A",.,"A",.,"A",.,"A",.,"A",150,"D",.,"A",.,"A"
"20102",2187624,29,0,"1",.,"A",.,"A",.,"A",.,"A",.,"A",.,"A",.,"A",.,"A",.,"A",.,"A",.,"A",.,"A",.,"A",.,"A",.,"A"
"20102",2187634,33,0,"1",.,"A",.,"A",.,"A",50,"D",.,"A",.,"A",195,"D",.,"A",.,"A",.,"A",.,"A",.,"A",25,"D",.,"A",.,"A"
"20102",2187644,56,0,"1",.,"A",.,"A",.,"A",.,"A",.,"A",15,"D",.,"A",.,"A",.,"A",.,"A",.,"A",.,"A",150,"D",.,"A",.,"A"
"20102",2187674,31,0,"1",.,"A",.,"A",.,"A",.,"A",.,"A",.,"A",.,"A",.,"A",.,"A",15,"D",0,"D",6,"D",.,"A",5,"D",.,"A"
"20102",2187684,32,0,"1",30,"D",.,"A",.,"A",25,"D",95,"D",40,"D",.,"A",.,"A",.,"A",780,"D",0,"D",120,"D",100,"D",260,"D",.,"A"
"20102",2187714,47,0,"1",.,"A",.,"A",.,"A",.,"A",.,"A",.,"A",.,"A",.,"A",.,"A",.,"A",.,"A",.,"A",.,"A",.,"A",.,"A"
"20102",2187724,46,0,"1",.,"A",.,"A",.,"A",.,"A",.,"A",.,"A",.,"A",.,"A",.,"A",.,"A",.,"A",.,"A",.,"A",.,"A",.,"A"
"20102",2187744,87,0,"1",.,"A",.,"A",.,"A",.,"A",.,"A",.,"A",.,"A",.,"A",.,"A",.,"A",.,"A",.,"A",280,"D",.,"A",.,"A"
"20102",2187754,45,0,"1",.,"A",.,"A",.,"A",.,"A",.,"A",.,"A",.,"A",.,"A",.,"A",.,"A",.,"A",.,"A",.,"A",.,"A",.,"A"
"20102",2187784,43,0,"1",.,"A",.,"A",.,"A",.,"A",.,"A",.,"A",.,"A",.,"A",.,"A",.,"A",.,"A",.,"A",.,"A",.,"A",.,"A"
"20102",2187795,35,0,"1",.,"A",.,"A",.,"A",.,"A",.,"A",.,"A",.,"A",.,"A",36,"D",.,"A",.,"A",.,"A",.,"A",.,"A",.,"A"
"20102",2187804,33,0,"1",.,"A",.,"A",.,"A",.,"A",.,"A",.,"A",260,"D",.,"A",.,"A",.,"A",.,"A",.,"A",.,"A",.,"A",.,"A"
"20102",2187824,36,0,"1",5,"D",.,"A",.,"A",.,"A",115,"D",.,"A",.,"A",.,"A",.,"A",.,"A",.,"A",.,"A",.,"A",.,"A",.,"A"
"20102",2187844,40,0,"1",.,"A",.,"A",.,"A",.,"A",.,"A",.,"A",.,"A",.,"A",.,"A",.,"A",.,"A",.,"A",120,"D",.,"A",.,"A"
"20102",2187864,55,0,"1",.,"A",.,"A",300,"D",.,"A",.,"A",50,"D",.,"A",.,"A",.,"A",.,"A",.,"A",.,"A",400,"D",.,"A",.,"A"
"20102",2187884,66,0,"1",.,"A",.,"A",70,"D",.,"A",.,"A",.,"A",.,"A",.,"A",.,"A",.,"A",.,"A",.,"A",65,"D",.,"A",.,"A"
"20102",2187904,52,0,"1",.,"A",.,"A",.,"A",.,"A",.,"A",.,"A",.,"A",.,"A",.,"A",.,"A",.,"A",.,"A",.,"A",.,"A",.,"A"
"20102",2187914,48,0,"1",.,"A",.,"A",.,"A",.,"A",.,"A",.,"A",.,"A",.,"A",.,"A",.,"A",.,"A",.,"A",.,"A",.,"A",.,"A"
"20102",2187934,61,0,"1",.,"A",.,"A",.,"A",.,"A",.,"A",30,"D",520,"D",.,"A",60,"D",.,"A",.,"A",.,"A",380,"D",.,"A",.,"A"
"20102",2187944,87,0,"1",.,"A",.,"A",.,"A",.,"A",.,"A",.,"A",.,"A",.,"A",3,"D",.,"A",.,"A",.,"A",25,"D",.,"A",.,"A"
"20102",2187954,78,0,"1",.,"A",.,"A",.,"A",.,"A",200,"D",10,"D",.,"A",.,"A",.,"A",.,"A",.,"A",.,"A",365,"D",.,"A",.,"A"
"20102",2187974,60,0,"1",.,"A",.,"A",.,"A",.,"A",.,"A",.,"A",.,"A",.,"A",.,"A",.,"A",.,"A",.,"A",.,"A",.,"A",.,"A"
"20102",2188004,47,0,"1",.,"A",.,"A",.,"A",.,"A",.,"A",.,"A",.,"A",.,"A",.,"A",.,"A",.,"A",.,"A",.,"A",.,"A",.,"A"
"20102",2188054,46,0,"1",.,"A",.,"A",.,"A",.,"A",.,"A",.,"A",520,"D",.,"A",.,"A",.,"A",.,"A",.,"A",40,"D",.,"A",.,"A"
"20102",2188064,40,0,"1",.,"A",.,"A",.,"A",.,"A",.,"A",.,"A",.,"A",.,"A",.,"A",.,"A",.,"A",.,"A",.,"A",.,"A",.,"A"
"20102",2188074,61,0,"1",.,"A",.,"A",.,"A",.,"A",.,"A",.,"A",.,"A",.,"A",.,"A",.,"A",.,"A",.,"A",100,"D",.,"A",.,"A"
"20102",2188084,33,0,"1",.,"A",.,"A",.,"A",.,"A",.,"A",.,"A",.,"A",.,"A",.,"A",.,"A",.,"A",.,"A",40,"D",.,"A",.,"A"
"20102",2188104,116,0,"1",.,"A",.,"A",75,"D",.,"A",.,"A",.,"A",.,"A",65,"D",.,"A",.,"A",.,"A",.,"A",72,"D",.,"A",.,"A"
"20102",2188124,45,0,"1",.,"A",.,"A",.,"A",.,"A",.,"A",.,"A",.,"A",.,"A",.,"A",.,"A",.,"A",.,"A",.,"A",.,"A",.,"A"
"20102",2188134,39,0,"1",.,"A",.,"A",.,"A",.,"A",.,"A",.,"A",.,"A",.,"A",.,"A",.,"A",.,"A",.,"A",30,"D",.,"A",.,"A"
"20102",2188165,36,0,"1",.,"A",.,"A",.,"A",.,"A",120,"D",.,"A",.,"A",.,"A",.,"A",.,"A",.,"A",.,"A",.,"A",.,"A",.,"A"
"20102",2188174,24,0,"1",.,"A",.,"A",.,"A",.,"A",120,"D",.,"A",.,"A",.,"A",.,"A",180,"D",0,"D",0,"D",60,"D",60,"D",.,"A"
"20102",2188184,54,0,"1",.,"A",.,"A",.,"A",.,"A",200,"D",.,"A",1950,"D",.,"A",.,"A",.,"A",.,"A",.,"A",300,"D",.,"A",.,"A"
"20102",2188224,76,0,"1",.,"A",.,"A",.,"A",.,"A",.,"A",.,"A",130,"D",.,"A",.,"A",.,"A",.,"A",.,"A",.,"A",.,"A",.,"A"
"20102",2188234,58,0,"1",.,"A",.,"A",.,"A",.,"A",.,"A",35,"D",.,"A",.,"A",.,"A",.,"A",.,"A",.,"A",200,"D",.,"A",.,"A"
"20102",2188244,41,0,"1",.,"A",.,"A",.,"A",.,"A",.,"A",.,"A",.,"A",.,"A",.,"A",.,"A",.,"A",.,"A",.,"A",.,"A",.,"A"
"20102",2188274,53,0,"1",.,"A",.,"A",.,"A",.,"A",.,"A",.,"A",.,"A",.,"A",.,"A",.,"A",.,"A",.,"A",70,"D",.,"A",.,"A"
"20102",2188284,30,0,"1",.,"A",.,"A",.,"A",.,"A",30,"D",36,"D",.,"A",.,"A",.,"A",.,"A",.,"A",.,"A",20,"F",.,"A",.,"A"
"20102",2188294,28,0,"1",.,"A",.,"A",.,"A",.,"A",.,"A",.,"A",520,"D",.,"A",.,"A",.,"A",.,"A",.,"A",.,"A",.,"A",.,"A"
"20102",2188314,72,0,"1",.,"A",.,"A",.,"A",.,"A",.,"A",.,"A",260,"D",.,"A",180,"D",.,"A",.,"A",.,"A",.,"A",.,"A",.,"A"
"20102",2188354,37,0,"1",.,"A",.,"A",.,"A",3,"D",8,"D",.,"A",.,"A",.,"A",15,"D",.,"A",.,"A",.,"A",.,"A",.,"A",.,"A"
"20102",2188374,76,0,"1",.,"A",.,"A",.,"A",.,"A",.,"A",.,"A",.,"A",195,"D",.,"A",.,"A",.,"A",.,"A",47,"D",.,"A",.,"A"
"20102",2188394,36,0,"1",.,"A",.,"A",.,"A",.,"A",.,"A",.,"A",.,"A",.,"A",.,"A",.,"A",.,"A",.,"A",.,"A",.,"A",.,"A"
"20102",2188404,51,0,"1",.,"A",.,"A",.,"A",.,"A",.,"A",.,"A",.,"A",.,"A",.,"A",.,"A",.,"A",.,"A",150,"D",.,"A",.,"A"
"20102",2188424,47,0,"1",30,"D",.,"A",.,"A",.,"A",30,"D",.,"A",1300,"D",.,"A",.,"A",.,"A",.,"A",.,"A",.,"A",.,"A",.,"A"
"20102",2188434,27,0,"1",.,"A",.,"A",.,"A",.,"A",.,"A",.,"A",.,"A",.,"A",.,"A",.,"A",.,"A",.,"A",.,"A",.,"A",.,"A"
"20102",2188444,46,0,"1",.,"A",.,"A",.,"A",.,"A",.,"A",.,"A",.,"A",.,"A",.,"A",.,"A",.,"A",.,"A",28,"D",.,"A",.,"A"
"20102",2188454,63,0,"1",.,"A",.,"A",.,"A",.,"A",.,"A",70,"D",650,"D",.,"A",.,"A",.,"A",.,"A",.,"A",400,"D",.,"A",.,"A"
"20102",2188464,57,0,"1",.,"A",.,"A",.,"A",.,"A",.,"A",.,"A",260,"D",.,"A",.,"A",.,"A",.,"A",.,"A",50,"D",.,"A",.,"A"
"20102",2188474,60,0,"1",.,"A",.,"A",.,"A",.,"A",.,"A",.,"A",.,"A",.,"A",.,"A",0,"D",0,"D",0,"D",35,"D",0,"D",.,"A"
"20102",2188484,35,0,"1",.,"A",0,"F",.,"A",.,"A",.,"A",120,"F",.,"A",.,"A",.,"A",0,"D",0,"D",30,"D",10,"D",0,"D",.,"A"
"20102",2188504,36,0,"1",.,"A",.,"A",.,"A",.,"A",.,"A",.,"A",390,"D",.,"A",.,"A",.,"A",.,"A",.,"A",7,"D",.,"A",.,"A"
"20102",2188514,48,0,"1",.,"A",.,"A",.,"A",.,"A",.,"A",.,"A",.,"A",.,"A",.,"A",.,"A",.,"A",.,"A",60,"D",.,"A",.,"A"
"20102",2188544,69,0,"1",.,"A",.,"A",.,"A",.,"A",.,"A",.,"A",.,"A",.,"A",.,"A",.,"A",.,"A",.,"A",120,"D",.,"A",.,"A"
"20102",2188554,43,0,"1",.,"A",.,"A",.,"A",.,"A",.,"A",.,"A",.,"A",.,"A",.,"A",.,"A",.,"A",.,"A",240,"D",.,"A",.,"A"
"20102",2188564,61,0,"1",.,"A",.,"A",50,"D",.,"A",.,"A",30,"D",.,"A",.,"A",.,"A",0,"D",0,"D",30,"D",100,"D",0,"D",.,"A"
"20102",2188574,52,0,"1",.,"A",.,"A",.,"A",.,"A",.,"A",.,"A",.,"A",.,"A",.,"A",.,"A",.,"A",.,"A",.,"A",.,"A",.,"A"
"20102",2188584,39,0,"1",60,"D",.,"A",.,"A",.,"A",60,"D",.,"A",65,"D",.,"A",.,"A",.,"A",.,"A",.,"A",.,"A",.,"A",.,"A"
"20102",2188604,34,0,"1",.,"A",.,"A",.,"A",.,"A",.,"A",.,"A",.,"A",.,"A",.,"A",.,"A",.,"A",.,"A",.,"A",.,"A",.,"A"
"20102",2188614,78,0,"1",.,"A",.,"A",.,"A",.,"A",.,"A",.,"A",.,"A",.,"A",.,"A",.,"A",.,"A",.,"A",60,"D",.,"A",.,"A"
"20102",2188624,51,0,"1",.,"A",.,"A",.,"A",.,"A",.,"A",.,"A",.,"A",.,"A",.,"A",.,"A",.,"A",.,"A",.,"A",.,"A",.,"A"
"20102",2188634,67,0,"1",.,"A",.,"A",.,"A",.,"A",.,"A",6,"D",.,"A",.,"A",6,"D",.,"A",.,"A",.,"A",150,"D",.,"A",.,"A"
"20102",2188654,48,0,"1",.,"A",.,"A",.,"A",.,"A",.,"A",.,"A",.,"A",.,"A",.,"A",.,"A",.,"A",.,"A",25,"D",.,"A",.,"A"
"20102",2188664,54,0,"1",.,"A",.,"A",.,"A",.,"A",.,"A",.,"A",.,"A",.,"A",.,"A",.,"A",.,"A",.,"A",.,"A",.,"A",.,"A"
"20102",2188694,38,0,"1",.,"A",.,"A",.,"A",.,"A",.,"A",.,"A",.,"A",.,"A",.,"A",.,"A",.,"A",.,"A",50,"D",.,"A",.,"A"
"20102",2188704,74,0,"1",.,"A",.,"A",.,"A",.,"A",.,"A",.,"A",.,"A",.,"A",.,"A",.,"A",.,"A",.,"A",200,"D",.,"A",.,"A"
"20102",2188734,33,0,"1",.,"A",.,"A",.,"A",.,"A",.,"A",.,"A",.,"A",.,"A",.,"A",.,"A",.,"A",.,"A",.,"A",.,"A",.,"A"
"20102",2188754,46,0,"1",.,"A",.,"A",.,"A",.,"A",.,"A",.,"A",.,"A",.,"A",.,"A",.,"A",.,"A",.,"A",.,"A",.,"A",.,"A"
"20102",2188764,56,0,"1",.,"A",.,"A",.,"A",.,"A",.,"A",.,"A",195,"D",.,"A",.,"A",.,"A",.,"A",.,"A",22,"D",.,"A",.,"A"
"20102",2188774,26,0,"1",.,"A",.,"A",.,"A",.,"A",.,"A",.,"A",.,"A",.,"A",.,"A",.,"A",.,"A",.,"A",.,"A",.,"A",.,"A"
"20102",2188784,96,0,"1",.,"A",.,"A",.,"A",.,"A",120,"D",120,"D",130,"D",.,"A",.,"A",.,"A",.,"A",.,"A",90,"D",.,"A",.,"A"
"20102",2188794,67,0,"1",.,"A",.,"A",.,"A",.,"A",.,"A",.,"A",.,"A",.,"A",.,"A",.,"A",.,"A",.,"A",.,"A",.,"A",.,"A"
"20102",2188824,63,0,"1",.,"A",.,"A",.,"A",.,"A",.,"A",.,"A",.,"A",.,"A",.,"A",.,"A",.,"A",.,"A",.,"A",.,"A",.,"A"
"20102",2188844,68,0,"1",.,"A",.,"A",.,"A",.,"A",.,"A",.,"A",.,"A",.,"A",.,"A",.,"A",.,"A",.,"A",25,"D",.,"A",.,"A"
"20102",2188854,54,0,"1",.,"A",.,"A",.,"A",.,"A",.,"A",.,"A",65,"D",.,"A",.,"A",.,"A",.,"A",.,"A",40,"D",.,"A",.,"A"
"20102",2188864,41,0,"1",.,"A",.,"A",.,"A",.,"A",.,"A",.,"A",.,"A",.,"A",.,"A",.,"A",.,"A",.,"A",100,"D",.,"A",.,"A"
"20102",2188904,35,0,"1",.,"A",.,"A",.,"A",.,"A",.,"A",17,"D",.,"A",.,"A",.,"A",.,"A",.,"A",.,"A",230,"D",.,"A",.,"A"
"20102",2188914,34,0,"1",.,"A",.,"A",.,"A",.,"A",.,"A",.,"A",.,"A",.,"A",.,"A",.,"A",.,"A",.,"A",20,"F",.,"A",.,"A"
"20102",2188924,36,0,"1",.,"A",.,"A",.,"A",.,"A",.,"A",.,"A",.,"A",.,"A",.,"A",.,"A",.,"A",.,"A",.,"A",.,"A",.,"A"
"20102",2188934,89,0,"1",.,"A",.,"A",.,"A",.,"A",.,"A",.,"A",.,"A",.,"A",.,"A",.,"A",.,"A",.,"A",.,"A",.,"A",.,"A"
"20102",2188944,66,0,"1",.,"A",.,"A",.,"A",.,"A",.,"A",.,"A",.,"A",.,"A",.,"A",.,"A",.,"A",.,"A",60,"D",.,"A",.,"A"
"20102",2188974,44,0,"1",.,"A",.,"A",.,"A",.,"A",.,"A",.,"A",.,"A",.,"A",.,"A",.,"A",.,"A",.,"A",30,"D",.,"A",.,"A"
"20102",2188994,67,0,"1",.,"A",.,"A",.,"A",.,"A",.,"A",.,"A",52,"D",.,"A",24,"D",.,"A",.,"A",.,"A",.,"A",.,"A",.,"A"
"20102",2189014,47,0,"1",.,"A",.,"A",.,"A",.,"A",.,"A",.,"A",.,"A",.,"A",.,"A",.,"A",.,"A",.,"A",120,"F",.,"A",.,"A"
"20102",2189024,52,0,"1",30,"D",.,"A",.,"A",.,"A",30,"D",.,"A",221,"D",.,"A",525,"D",0,"D",0,"D",15,"D",.,"A",0,"D",.,"A"
"20102",2189034,61,0,"1",.,"A",.,"A",.,"A",.,"A",.,"A",.,"A",910,"D",.,"A",.,"A",.,"A",.,"A",.,"A",.,"A",.,"A",.,"A"
"20102",2189054,91,0,"1",.,"A",.,"A",.,"A",.,"A",.,"A",75,"D",.,"A",.,"A",.,"A",.,"A",.,"A",.,"A",300,"D",.,"A",.,"A"
"20102",2189084,37,0,"1",.,"A",.,"A",.,"A",.,"A",30,"D",.,"A",.,"A",.,"A",.,"A",.,"A",.,"A",.,"A",.,"A",.,"A",.,"A"
"20102",2189094,49,0,"1",.,"A",.,"A",.,"A",.,"A",.,"A",20,"D",.,"A",143,"D",300,"D",.,"A",.,"A",.,"A",33,"D",.,"A",.,"A"
"20102",2189104,39,0,"1",.,"A",.,"A",.,"A",.,"A",.,"A",.,"A",520,"D",.,"A",.,"A",.,"A",.,"A",.,"A",.,"A",.,"A",.,"A"
"20102",2189114,51,0,"1",.,"A",.,"A",.,"A",.,"A",.,"A",15,"D",.,"A",.,"A",.,"A",.,"A",.,"A",.,"A",80,"D",.,"A",.,"A"
"20102",2189124,38,0,"1",.,"A",.,"A",.,"A",.,"A",.,"A",.,"A",.,"A",.,"A",.,"A",.,"A",.,"A",.,"A",45,"D",.,"A",.,"A"
"20102",2189134,47,0,"1",.,"A",.,"A",.,"A",.,"A",.,"A",.,"A",.,"A",.,"A",.,"A",.,"A",.,"A",.,"A",15,"D",.,"A",.,"A"
"20102",2189164,91,0,"1",.,"A",.,"A",.,"A",.,"A",.,"A",90,"D",.,"A",.,"A",.,"A",.,"A",.,"A",.,"A",260,"D",.,"A",.,"A"
"20102",2189204,80,0,"1",.,"A",.,"A",.,"A",.,"A",100,"D",.,"A",.,"A",.,"A",30,"D",24,"D",0,"D",0,"D",200,"D",8,"D",.,"A"
"20102",2189224,28,0,"1",.,"A",.,"A",.,"A",.,"A",.,"A",.,"A",.,"A",.,"A",.,"A",.,"A",.,"A",.,"A",.,"A",.,"A",.,"A"
"20102",2189234,48,0,"1",.,"A",.,"A",.,"A",.,"A",.,"A",.,"A",.,"A",.,"A",.,"A",.,"A",.,"A",.,"A",140,"D",.,"A",.,"A"
"20102",2189254,52,0,"1",.,"A",.,"A",.,"A",.,"A",.,"A",.,"A",.,"A",.,"A",.,"A",.,"A",.,"A",.,"A",60,"D",.,"A",.,"A"
"20102",2189274,29,0,"1",.,"A",.,"A",.,"A",480,"D",.,"A",.,"A",.,"A",.,"A",.,"A",.,"A",.,"A",.,"A",40,"D",.,"A",.,"A"
"20102",2189284,36,0,"1",0,"F",.,"A",.,"A",.,"A",75,"F",.,"A",.,"A",.,"A",.,"A",0,"D",0,"D",36,"D",.,"A",0,"D",.,"A"
"20102",2189305,47,0,"1",.,"A",.,"A",.,"A",.,"A",.,"A",20,"D",.,"A",.,"A",.,"A",.,"A",.,"A",.,"A",85,"D",.,"A",.,"A"
"20102",2189314,56,0,"1",.,"A",.,"A",.,"A",.,"A",.,"A",.,"A",.,"A",.,"A",.,"A",.,"A",.,"A",.,"A",80,"F",.,"A",.,"A"
"20102",2189324,49,0,"1",.,"A",.,"A",.,"A",.,"A",.,"A",.,"A",.,"A",.,"A",.,"A",.,"A",.,"A",.,"A",240,"D",.,"A",.,"A"
"20102",2189334,44,0,"1",.,"A",.,"A",.,"A",.,"A",.,"A",.,"A",.,"A",.,"A",.,"A",.,"A",.,"A",.,"A",.,"A",.,"A",.,"A"
"20102",2189344,58,0,"1",.,"A",.,"A",.,"A",.,"A",.,"A",.,"A",.,"A",.,"A",.,"A",0,"D",0,"D",12,"D",.,"A",0,"D",.,"A"
"20102",2189354,46,0,"1",.,"A",.,"A",.,"A",.,"A",.,"A",.,"A",.,"A",.,"A",.,"A",.,"A",.,"A",.,"A",120,"D",.,"A",.,"A"
"20102",2189384,51,0,"1",.,"A",.,"A",.,"A",.,"A",.,"A",.,"A",325,"D",.,"A",.,"A",.,"A",.,"A",.,"A",.,"A",.,"A",.,"A"
"20102",2189394,72,0,"1",.,"A",.,"A",.,"A",.,"A",.,"A",.,"A",.,"A",.,"A",.,"A",.,"A",.,"A",.,"A",316,"D",.,"A",.,"A"
"20102",2189404,40,0,"1",.,"A",.,"A",.,"A",.,"A",.,"A",.,"A",.,"A",.,"A",.,"A",.,"A",.,"A",.,"A",180,"D",.,"A",.,"A"
"20102",2189414,64,0,"1",.,"A",.,"A",.,"A",.,"A",.,"A",19,"D",.,"A",.,"A",.,"A",.,"A",.,"A",.,"A",90,"D",.,"A",.,"A"
"20102",2189424,46,0,"1",.,"A",.,"A",.,"A",.,"A",.,"A",.,"A",.,"A",.,"A",.,"A",.,"A",.,"A",.,"A",32,"D",.,"A",.,"A"
"20102",2189434,29,0,"1",.,"A",.,"A",.,"A",.,"A",.,"A",.,"A",.,"A",.,"A",.,"A",.,"A",.,"A",.,"A",.,"A",.,"A",.,"A"
"20102",2189444,30,0,"1",.,"A",.,"A",.,"A",.,"A",.,"A",.,"A",.,"A",.,"A",.,"A",.,"A",.,"A",.,"A",.,"A",.,"A",.,"A"
"20102",2189454,32,0,"1",.,"A",.,"A",.,"A",.,"A",.,"A",.,"A",910,"D",.,"A",.,"A",.,"A",.,"A",.,"A",30,"D",.,"A",.,"A"
"20102",2189464,138,0,"1",.,"A",.,"A",65,"D",.,"A",8,"D",14,"D",.,"A",.,"A",9,"D",.,"A",.,"A",.,"A",72,"D",.,"A",.,"A"
"20102",2189484,38,0,"1",.,"A",.,"A",.,"A",.,"A",120,"D",.,"A",.,"A",.,"A",.,"A",.,"A",.,"A",.,"A",.,"A",.,"A",.,"A"
"20102",2189494,30,0,"1",.,"A",.,"A",.,"A",.,"A",.,"A",.,"A",.,"A",.,"A",.,"A",.,"A",.,"A",.,"A",40,"D",.,"A",.,"A"
"20102",2189504,36,0,"1",.,"A",.,"A",.,"A",.,"A",.,"A",.,"A",325,"D",.,"A",.,"A",.,"A",.,"A",.,"A",.,"A",.,"A",.,"A"
"20102",2189514,95,0,"1",.,"A",.,"A",.,"A",61,"D",.,"A",20,"D",.,"A",.,"A",54,"D",189,"D",0,"D",0,"D",60,"D",63,"D",.,"A"
"20102",2189544,45,0,"1",.,"A",.,"A",.,"A",.,"A",.,"A",.,"A",.,"A",.,"A",.,"A",.,"A",.,"A",.,"A",24,"D",.,"A",.,"A"
"20102",2189584,26,0,"1",.,"A",.,"A",.,"A",.,"A",.,"A",100,"D",.,"A",.,"A",.,"A",.,"A",.,"A",.,"A",.,"A",.,"A",.,"A"
"20102",2189594,44,0,"1",.,"A",40,"D",.,"A",12,"D",.,"A",0,"D",.,"A",.,"A",.,"A",.,"A",.,"A",.,"A",30,"D",.,"A",.,"A"
"20102",2189604,43,0,"1",.,"A",.,"A",.,"A",.,"A",.,"A",.,"A",.,"A",.,"A",.,"A",.,"A",.,"A",.,"A",.,"A",.,"A",.,"A"
"20102",2189614,60,0,"1",.,"A",.,"A",.,"A",.,"A",.,"A",25,"D",.,"A",.,"A",.,"A",.,"A",.,"A",.,"A",40,"D",.,"A",.,"A"
"20102",2189634,74,0,"1",.,"A",.,"A",.,"A",.,"A",.,"A",.,"A",169,"D",.,"A",.,"A",.,"A",.,"A",.,"A",36,"D",.,"A",.,"A"
"20102",2189645,36,0,"1",.,"A",.,"A",.,"A",.,"A",.,"A",.,"A",.,"A",.,"A",.,"A",.,"A",.,"A",.,"A",.,"A",.,"A",.,"A"
"20102",2189664,36,0,"1",.,"A",.,"A",.,"A",.,"A",.,"A",.,"A",104,"D",.,"A",.,"A",.,"A",.,"A",.,"A",.,"A",.,"A",.,"A"
"20102",2189674,77,0,"1",5,"D",.,"A",.,"A",.,"A",121,"D",60,"D",650,"D",.,"A",.,"A",.,"A",.,"A",.,"A",180,"D",.,"A",.,"A"
"20102",2189684,59,0,"1",.,"A",.,"A",.,"A",.,"A",.,"A",.,"A",.,"A",.,"A",.,"A",.,"A",.,"A",.,"A",120,"D",.,"A",.,"A"
"20102",2189714,44,0,"1",.,"A",.,"A",.,"A",.,"A",.,"A",.,"A",.,"A",.,"A",.,"A",.,"A",.,"A",.,"A",60,"D",.,"A",.,"A"
"20102",2189734,46,0,"1",.,"A",.,"A",.,"A",.,"A",120,"D",.,"A",.,"A",.,"A",.,"A",.,"A",.,"A",.,"A",120,"D",.,"A",.,"A"
"20102",2189754,64,0,"1",.,"A",.,"A",.,"A",.,"A",.,"A",.,"A",91,"D",.,"A",.,"A",.,"A",.,"A",.,"A",120,"D",.,"A",.,"A"
"20102",2189764,60,0,"1",.,"A",.,"A",.,"A",.,"A",.,"A",.,"A",.,"A",.,"A",.,"A",.,"A",.,"A",.,"A",125,"D",.,"A",.,"A"
"20102",2189794,62,0,"1",.,"A",.,"A",.,"A",.,"A",.,"A",.,"A",.,"A",.,"A",.,"A",.,"A",.,"A",.,"A",.,"A",.,"A",.,"A"
"20102",2189804,21,0,"1",.,"A",.,"A",.,"A",.,"A",.,"A",.,"A",.,"A",.,"A",.,"A",.,"A",.,"A",.,"A",.,"A",.,"A",.,"A"
"20102",2189824,70,0,"1",.,"A",.,"A",.,"A",.,"A",.,"A",45,"D",325,"D",.,"A",.,"A",300,"D",0,"D",0,"D",60,"D",100,"D",.,"A"
"20102",2189834,55,0,"1",.,"A",.,"A",.,"A",.,"A",.,"A",.,"A",.,"A",.,"A",.,"A",.,"A",.,"A",.,"A",22,"D",.,"A",.,"A"
"20102",2189844,60,0,"1",.,"A",.,"A",.,"A",.,"A",.,"A",.,"A",13,"D",.,"A",.,"A",.,"A",.,"A",.,"A",.,"A",.,"A",.,"A"
"20102",2189854,62,0,"1",.,"A",.,"A",.,"A",.,"A",.,"A",.,"A",.,"A",.,"A",.,"A",.,"A",.,"A",.,"A",.,"A",.,"A",.,"A"
"20102",2189864,40,0,"1",.,"A",.,"A",.,"A",.,"A",.,"A",.,"A",.,"A",.,"A",.,"A",.,"A",.,"A",.,"A",.,"A",.,"A",.,"A"
"20102",2189884,76,0,"1",.,"A",.,"A",10,"D",.,"A",.,"A",.,"A",.,"A",.,"A",51,"D",.,"A",.,"A",.,"A",15,"D",.,"A",.,"A"
"20102",2189894,44,0,"1",.,"A",.,"A",.,"A",.,"A",.,"A",.,"A",1040,"D",1040,"D",.,"A",.,"A",.,"A",.,"A",60,"D",.,"A",.,"A"
"20102",2189904,58,0,"1",.,"A",.,"A",.,"A",.,"A",.,"A",.,"A",.,"A",.,"A",.,"A",.,"A",.,"A",.,"A",.,"A",.,"A",.,"A"
"20102",2189914,41,0,"1",.,"A",.,"A",.,"A",.,"A",.,"A",.,"A",.,"A",.,"A",75,"D",.,"A",.,"A",.,"A",60,"D",.,"A",.,"A"
"20102",2189924,47,0,"1",.,"A",.,"A",.,"A",.,"A",.,"A",150,"D",.,"A",.,"A",.,"A",.,"A",.,"A",.,"A",.,"A",.,"A",.,"A"
"20102",2189934,50,0,"1",.,"A",.,"A",.,"A",.,"A",.,"A",.,"A",.,"A",.,"A",.,"A",.,"A",.,"A",.,"A",.,"A",.,"A",.,"A"
"20102",2189944,60,0,"1",.,"A",50,"D",5,"D",.,"A",.,"A",0,"D",.,"A",.,"A",.,"A",.,"A",.,"A",.,"A",150,"D",.,"A",.,"A"
"20102",2189954,43,0,"1",.,"A",.,"A",.,"A",.,"A",45,"D",.,"A",260,"D",.,"A",.,"A",.,"A",.,"A",.,"A",.,"A",.,"A",.,"A"
"20102",2189964,36,0,"1",0,"F",.,"A",.,"A",.,"A",84,"F",.,"A",.,"A",.,"A",.,"A",291,"D",0,"D",0,"D",120,"D",97,"D",.,"A"
"20102",2189984,75,0,"1",.,"A",.,"A",.,"A",.,"A",.,"A",40,"D",.,"A",.,"A",.,"A",.,"A",.,"A",.,"A",105,"D",.,"A",.,"A"
"20102",2189994,63,0,"1",.,"A",.,"A",.,"A",.,"A",.,"A",60,"D",.,"A",.,"A",21,"D",.,"A",.,"A",.,"A",480,"D",.,"A",.,"A"
"20102",2190004,49,0,"1",.,"A",.,"A",.,"A",.,"A",.,"A",.,"A",.,"A",.,"A",.,"A",.,"A",.,"A",.,"A",30,"D",.,"A",.,"A"
"20102",2190014,29,0,"1",10,"D",.,"A",.,"A",100,"D",10,"D",.,"A",.,"A",.,"A",.,"A",.,"A",.,"A",.,"A",100,"D",.,"A",.,"A"
"20102",2190034,33,0,"1",.,"A",.,"A",.,"A",.,"A",.,"A",.,"A",.,"A",.,"A",.,"A",.,"A",.,"A",.,"A",.,"A",.,"A",.,"A"
"20102",2190054,50,0,"1",.,"A",.,"A",.,"A",.,"A",.,"A",.,"A",.,"A",.,"A",.,"A",.,"A",.,"A",.,"A",60,"D",.,"A",.,"A"
"20102",2190074,55,0,"1",.,"A",.,"A",.,"A",.,"A",.,"A",.,"A",.,"A",.,"A",.,"A",.,"A",.,"A",.,"A",.,"A",.,"A",.,"A"
"20102",2190084,39,0,"1",.,"A",.,"A",.,"A",.,"A",.,"A",.,"A",.,"A",.,"A",.,"A",.,"A",.,"A",.,"A",.,"A",.,"A",.,"A"
"20102",2190104,34,0,"1",.,"A",.,"A",.,"A",.,"A",.,"A",.,"A",208,"D",.,"A",.,"A",.,"A",.,"A",.,"A",.,"A",.,"A",.,"A"
"20102",2190124,50,0,"1",.,"A",.,"A",.,"A",.,"A",.,"A",.,"A",.,"A",.,"A",120,"D",.,"A",.,"A",.,"A",300,"D",.,"A",.,"A"
"20102",2190134,55,0,"1",.,"A",.,"A",.,"A",.,"A",.,"A",.,"A",.,"A",.,"A",.,"A",.,"A",.,"A",.,"A",300,"D",.,"A",.,"A"
"20102",2190144,56,0,"1",.,"A",.,"A",.,"A",.,"A",.,"A",.,"A",.,"A",.,"A",.,"A",.,"A",.,"A",.,"A",30,"D",.,"A",.,"A"
"20102",2190154,53,0,"1",.,"A",.,"A",.,"A",.,"A",.,"A",.,"A",.,"A",.,"A",.,"A",.,"A",.,"A",.,"A",100,"D",.,"A",.,"A"
"20102",2190194,49,0,"1",.,"A",.,"A",.,"A",.,"A",.,"A",.,"A",.,"A",.,"A",.,"A",.,"A",.,"A",.,"A",57,"D",.,"A",.,"A"
"20102",2190214,38,0,"1",.,"A",.,"A",.,"A",.,"A",.,"A",.,"A",2730,"D",.,"A",.,"A",.,"A",.,"A",.,"A",.,"A",.,"A",.,"A"
"20102",2190254,81,0,"1",.,"A",.,"A",.,"A",.,"A",.,"A",150,"D",.,"A",.,"A",.,"A",.,"A",.,"A",.,"A",200,"D",.,"A",.,"A"
"20102",2190274,41,0,"1",.,"A",.,"A",.,"A",.,"A",.,"A",.,"A",.,"A",.,"A",.,"A",.,"A",.,"A",.,"A",40,"D",.,"A",.,"A"
"20102",2190284,58,0,"1",.,"A",.,"A",.,"A",.,"A",.,"A",120,"D",.,"A",.,"A",.,"A",.,"A",.,"A",.,"A",90,"D",.,"A",.,"A"
"20102",2190294,54,0,"1",.,"A",.,"A",50,"D",.,"A",.,"A",.,"A",.,"A",.,"A",.,"A",.,"A",.,"A",.,"A",170,"D",.,"A",.,"A"
"20102",2190334,62,0,"1",.,"A",.,"A",.,"A",.,"A",.,"A",.,"A",.,"A",.,"A",.,"A",.,"A",.,"A",.,"A",60,"D",.,"A",.,"A"
"20102",2190344,51,0,"1",.,"A",.,"A",.,"A",.,"A",.,"A",.,"A",.,"A",.,"A",.,"A",.,"A",.,"A",.,"A",.,"A",.,"A",.,"A"
"20102",2190364,44,0,"1",.,"A",.,"A",.,"A",2,"D",.,"A",.,"A",.,"A",.,"A",30,"D",.,"A",.,"A",.,"A",20,"D",.,"A",.,"A"
"20102",2190424,50,0,"1",.,"A",.,"A",.,"A",.,"A",30,"D",.,"A",.,"A",.,"A",.,"A",0,"D",0,"D",21,"D",28,"D",0,"D",.,"A"
"20102",2190434,25,0,"1",.,"A",.,"A",.,"A",.,"A",.,"A",.,"A",.,"A",.,"A",.,"A",.,"A",.,"A",.,"A",.,"A",.,"A",.,"A"
"20102",2190454,31,0,"1",.,"A",.,"A",.,"A",.,"A",.,"A",.,"A",.,"A",.,"A",.,"A",.,"A",.,"A",.,"A",60,"D",.,"A",.,"A"
"20102",2190474,98,0,"1",.,"A",.,"A",.,"A",.,"A",15,"D",.,"A",.,"A",.,"A",.,"A",.,"A",.,"A",.,"A",100,"D",.,"A",.,"A"
"20102",2190494,52,0,"1",.,"A",.,"A",.,"A",.,"A",.,"A",.,"A",.,"A",.,"A",.,"A",.,"A",.,"A",.,"A",165,"D",.,"A",.,"A"
"20102",2190514,39,0,"1",.,"A",.,"A",.,"A",.,"A",325,"D",.,"A",.,"A",.,"A",.,"A",474,"D",0,"D",0,"D",40,"D",158,"D",.,"A"
"20102",2190524,138,0,"1",.,"A",.,"A",.,"A",120,"D",.,"A",292,"D",.,"A",.,"A",150,"D",.,"A",.,"A",.,"A",135,"D",.,"A",.,"A"
"20102",2190534,29,0,"1",.,"A",.,"A",.,"A",.,"A",.,"A",.,"A",.,"A",.,"A",.,"A",.,"A",.,"A",.,"A",.,"A",.,"A",.,"A"
"20102",2190554,57,0,"1",.,"A",.,"A",.,"A",.,"A",.,"A",.,"A",.,"A",.,"A",.,"A",225,"D",0,"D",0,"D",.,"A",75,"D",.,"A"
"20102",2190574,62,0,"1",.,"A",.,"A",.,"A",.,"A",8,"D",.,"A",.,"A",.,"A",.,"A",.,"A",.,"A",.,"A",.,"A",.,"A",.,"A"
"20102",2190584,37,0,"1",.,"A",.,"A",.,"A",.,"A",30,"D",.,"A",520,"D",.,"A",.,"A",.,"A",.,"A",.,"A",.,"A",.,"A",.,"A"
"20102",2190604,32,0,"1",.,"A",.,"A",.,"A",.,"A",.,"A",.,"A",234,"D",.,"A",.,"A",.,"A",.,"A",.,"A",20,"D",.,"A",.,"A"
"20102",2190644,66,0,"1",.,"A",.,"A",95,"D",.,"A",.,"A",.,"A",.,"A",.,"A",.,"A",.,"A",.,"A",.,"A",75,"D",.,"A",.,"A"
"20102",2190694,68,0,"1",.,"A",.,"A",.,"A",.,"A",.,"A",.,"A",.,"A",.,"A",.,"A",.,"A",.,"A",.,"A",200,"D",.,"A",.,"A"
"20102",2190704,38,0,"1",.,"A",.,"A",.,"A",.,"A",.,"A",.,"A",.,"A",.,"A",.,"A",.,"A",.,"A",.,"A",70,"D",.,"A",.,"A"
"20102",2190724,52,0,"1",.,"A",.,"A",.,"A",.,"A",.,"A",.,"A",.,"A",.,"A",.,"A",.,"A",.,"A",.,"A",60,"D",.,"A",.,"A"
"20102",2190754,63,0,"1",.,"A",.,"A",.,"A",.,"A",.,"A",.,"A",702,"D",.,"A",.,"A",.,"A",.,"A",.,"A",.,"A",.,"A",.,"A"
"20102",2190784,41,0,"1",.,"A",.,"A",.,"A",.,"A",.,"A",35,"D",.,"A",.,"A",.,"A",.,"A",.,"A",.,"A",400,"D",.,"A",.,"A"
"20102",2190804,61,0,"1",.,"A",.,"A",.,"A",.,"A",.,"A",.,"A",585,"D",.,"A",.,"A",.,"A",.,"A",.,"A",24,"D",.,"A",.,"A"
"20102",2190844,72,0,"1",.,"A",.,"A",.,"A",.,"A",.,"A",.,"A",546,"D",.,"A",.,"A",.,"A",.,"A",.,"A",40,"D",.,"A",.,"A"
"20102",2190864,60,0,"1",.,"A",.,"A",.,"A",.,"A",.,"A",300,"D",.,"A",.,"A",.,"A",.,"A",.,"A",.,"A",120,"D",.,"A",.,"A"
"20102",2190874,75,0,"1",.,"A",.,"A",.,"A",.,"A",2,"D",.,"A",.,"A",.,"A",.,"A",.,"A",.,"A",.,"A",40,"D",.,"A",.,"A"
"20102",2190884,40,0,"1",.,"A",.,"A",.,"A",.,"A",.,"A",.,"A",572,"D",.,"A",.,"A",.,"A",.,"A",.,"A",20,"D",.,"A",.,"A"
"20102",2190904,39,0,"1",15,"D",.,"A",.,"A",.,"A",45,"D",.,"A",.,"A",.,"A",.,"A",.,"A",.,"A",.,"A",.,"A",.,"A",.,"A"
"20102",2190924,44,0,"1",.,"A",.,"A",.,"A",.,"A",.,"A",.,"A",.,"A",.,"A",.,"A",.,"A",.,"A",.,"A",36,"D",.,"A",.,"A"
"20102",2190934,55,0,"1",.,"A",.,"A",.,"A",.,"A",.,"A",50,"D",650,"D",.,"A",24,"D",.,"A",.,"A",.,"A",.,"A",.,"A",.,"A"
"20102",2190944,44,0,"1",.,"A",.,"A",.,"A",.,"A",.,"A",.,"A",.,"A",.,"A",.,"A",.,"A",.,"A",.,"A",.,"A",.,"A",.,"A"
"20102",2190964,47,0,"1",.,"A",.,"A",.,"A",.,"A",.,"A",.,"A",.,"A",.,"A",.,"A",.,"A",.,"A",.,"A",35,"D",.,"A",.,"A"
"20102",2190974,44,0,"1",.,"A",.,"A",.,"A",.,"A",36,"D",.,"A",.,"A",.,"A",.,"A",.,"A",.,"A",.,"A",60,"D",.,"A",.,"A"
"20102",2191014,25,0,"1",.,"A",.,"A",.,"A",.,"A",.,"A",.,"A",.,"A",.,"A",.,"A",.,"A",.,"A",.,"A",.,"A",.,"A",.,"A"
"20102",2191024,30,0,"1",.,"A",.,"A",.,"A",.,"A",.,"A",.,"A",260,"D",.,"A",.,"A",.,"A",.,"A",.,"A",.,"A",.,"A",.,"A"
"20102",2191034,62,0,"1",.,"A",.,"A",.,"A",.,"A",.,"A",.,"A",.,"A",.,"A",.,"A",.,"A",.,"A",.,"A",.,"A",.,"A",.,"A"
"20102",2191044,50,0,"1",.,"A",.,"A",.,"A",.,"A",.,"A",.,"A",.,"A",.,"A",.,"A",.,"A",.,"A",.,"A",200,"D",.,"A",.,"A"
"20102",2191064,57,0,"1",.,"A",.,"A",100,"D",.,"A",.,"A",.,"A",2080,"D",.,"A",24,"D",.,"A",.,"A",.,"A",250,"D",.,"A",.,"A"
"20102",2191074,81,0,"1",.,"A",.,"A",.,"A",.,"A",.,"A",60,"D",.,"A",.,"A",30,"D",.,"A",.,"A",.,"A",300,"D",.,"A",.,"A"
"20102",2191084,55,0,"1",.,"A",.,"A",.,"A",.,"A",.,"A",10,"D",.,"A",.,"A",.,"A",.,"A",.,"A",.,"A",20,"D",.,"A",.,"A"
"20102",2191104,48,0,"1",.,"A",.,"A",.,"A",.,"A",.,"A",.,"A",468,"D",.,"A",.,"A",.,"A",.,"A",.,"A",.,"A",.,"A",.,"A"
"20102",2191114,38,0,"1",.,"A",.,"A",.,"A",.,"A",.,"A",.,"A",.,"A",.,"A",.,"A",.,"A",.,"A",.,"A",.,"A",.,"A",.,"A"
"20102",2191124,70,0,"1",.,"A",.,"A",.,"A",.,"A",.,"A",.,"A",.,"A",.,"A",.,"A",.,"A",.,"A",.,"A",.,"A",.,"A",.,"A"
"20102",2191134,33,0,"1",.,"A",.,"A",.,"A",.,"A",.,"A",.,"A",.,"A",.,"A",.,"A",.,"A",.,"A",.,"A",.,"A",.,"A",.,"A"
"20102",2191154,52,0,"1",.,"A",.,"A",.,"A",50,"D",.,"A",.,"A",.,"A",.,"A",.,"A",.,"A",.,"A",.,"A",170,"D",.,"A",.,"A"
"20102",2191164,85,0,"1",.,"A",100,"D",.,"A",.,"A",.,"A",150,"D",.,"A",.,"A",.,"A",.,"A",.,"A",.,"A",150,"D",.,"A",.,"A"
"20102",2191174,59,0,"1",0,"F",.,"A",.,"A",.,"A",60,"F",.,"A",.,"A",.,"A",72,"D",0,"D",0,"D",60,"D",80,"D",0,"D",.,"A"
"20102",2191184,49,0,"1",.,"A",.,"A",.,"A",.,"A",.,"A",266,"F",.,"A",.,"A",.,"A",.,"A",.,"A",.,"A",270,"D",.,"A",.,"A"
"20102",2191194,63,0,"1",.,"A",.,"A",.,"A",.,"A",.,"A",.,"A",.,"A",195,"D",18,"D",.,"A",.,"A",.,"A",120,"D",.,"A",.,"A"
"20102",2191214,28,0,"1",.,"A",.,"A",.,"A",.,"A",.,"A",.,"A",.,"A",.,"A",15,"F",60,"D",0,"D",36,"D",.,"A",20,"D",.,"A"
"20102",2191224,77,0,"1",.,"A",.,"A",.,"A",.,"A",.,"A",.,"A",.,"A",.,"A",.,"A",.,"A",.,"A",.,"A",95,"D",.,"A",.,"A"
"20102",2191234,23,0,"1",.,"A",.,"A",.,"A",.,"A",40,"D",.,"A",.,"A",.,"A",.,"A",360,"D",0,"D",0,"D",40,"D",120,"D",.,"A"
"20102",2191244,37,0,"1",5,"D",.,"A",.,"A",.,"A",235,"D",.,"A",910,"D",.,"A",.,"A",.,"A",.,"A",.,"A",.,"A",.,"A",.,"A"
"20102",2191254,35,0,"1",10,"D",.,"A",.,"A",.,"A",110,"D",.,"A",520,"D",.,"A",.,"A",.,"A",.,"A",.,"A",.,"A",.,"A",.,"A"
"20102",2191264,33,0,"1",.,"A",.,"A",.,"A",.,"A",.,"A",.,"A",.,"A",.,"A",.,"A",.,"A",.,"A",.,"A",.,"A",.,"A",.,"A"
"20102",2191274,35,0,"1",.,"A",.,"A",.,"A",.,"A",.,"A",.,"A",.,"A",.,"A",.,"A",.,"A",.,"A",.,"A",.,"A",.,"A",.,"A"
"20102",2191284,24,0,"1",8,"D",.,"A",.,"A",.,"A",22,"D",.,"A",.,"A",.,"A",.,"A",0,"D",0,"D",60,"D",.,"A",0,"D",.,"A"
"20102",2191294,46,0,"1",.,"A",.,"A",.,"A",392,"D",.,"A",.,"A",.,"A",.,"A",.,"A",.,"A",.,"A",.,"A",.,"A",.,"A",.,"A"
"20102",2191304,37,0,"1",.,"A",.,"A",.,"A",.,"A",.,"A",.,"A",.,"A",.,"A",.,"A",.,"A",.,"A",.,"A",.,"A",.,"A",.,"A"
"20102",2191324,66,0,"1",.,"A",.,"A",.,"A",.,"A",.,"A",75,"D",.,"A",.,"A",.,"A",.,"A",.,"A",.,"A",150,"D",.,"A",.,"A"
"20102",2191354,31,0,"1",.,"A",.,"A",.,"A",.,"A",.,"A",.,"A",.,"A",.,"A",.,"A",.,"A",.,"A",.,"A",.,"A",.,"A",.,"A"
"20102",2191384,36,0,"1",.,"A",.,"A",.,"A",.,"A",.,"A",.,"A",728,"D",.,"A",.,"A",.,"A",.,"A",.,"A",.,"A",.,"A",.,"A"
"20102",2191394,49,0,"1",.,"A",.,"A",.,"A",.,"A",.,"A",.,"A",.,"A",.,"A",.,"A",.,"A",.,"A",.,"A",35,"D",.,"A",.,"A"
"20102",2191404,44,0,"1",.,"A",.,"A",.,"A",.,"A",.,"A",.,"A",1274,"D",.,"A",.,"A",0,"D",0,"D",60,"D",105,"D",0,"D",.,"A"
"20102",2191424,49,0,"1",.,"A",.,"A",.,"A",.,"A",.,"A",.,"A",.,"A",.,"A",.,"A",.,"A",.,"A",.,"A",.,"A",.,"A",.,"A"
"20102",2191434,37,0,"1",.,"A",.,"A",.,"A",14,"D",75,"D",.,"A",.,"A",.,"A",.,"A",.,"A",.,"A",.,"A",75,"D",.,"A",.,"A"
"20102",2191444,105,0,"1",.,"A",.,"A",.,"A",.,"A",.,"A",.,"A",.,"A",.,"A",15,"D",0,"D",0,"D",6,"D",784,"D",0,"D",.,"A"
"20102",2191484,26,0,"1",.,"A",.,"A",.,"A",.,"A",.,"A",.,"A",.,"A",.,"A",.,"A",.,"A",.,"A",.,"A",.,"A",.,"A",.,"A"
"20102",2191494,27,0,"1",.,"A",.,"A",.,"A",.,"A",.,"A",.,"A",390,"D",.,"A",.,"A",.,"A",.,"A",.,"A",10,"D",.,"A",.,"A"
"20102",2191524,74,0,"1",.,"A",.,"A",.,"A",.,"A",.,"A",.,"A",650,"D",.,"A",.,"A",.,"A",.,"A",.,"A",.,"A",.,"A",.,"A"
"20102",2191574,49,0,"1",.,"A",8,"D",.,"A",.,"A",.,"A",20,"D",.,"A",.,"A",.,"A",.,"A",.,"A",.,"A",.,"A",.,"A",.,"A"
"20102",2191584,33,0,"1",.,"A",.,"A",.,"A",.,"A",.,"A",.,"A",.,"A",117,"D",.,"A",.,"A",.,"A",.,"A",30,"D",.,"A",.,"A"
"20102",2191594,35,0,"1",.,"A",.,"A",.,"A",.,"A",.,"A",.,"A",.,"A",.,"A",.,"A",.,"A",.,"A",.,"A",135,"F",.,"A",.,"A"
"20102",2191634,24,0,"1",.,"A",.,"A",.,"A",.,"A",.,"A",.,"A",.,"A",.,"A",.,"A",.,"A",.,"A",.,"A",.,"A",.,"A",.,"A"
"20102",2191654,78,0,"1",.,"A",.,"A",.,"A",20,"D",.,"A",.,"A",.,"A",.,"A",.,"A",0,"D",0,"D",120,"D",240,"D",0,"D",.,"A"
"20102",2191684,54,0,"1",.,"A",.,"A",.,"A",.,"A",300,"D",.,"A",.,"A",.,"A",.,"A",.,"A",.,"A",.,"A",.,"A",.,"A",.,"A"
"20102",2191704,37,0,"1",.,"A",.,"A",.,"A",.,"A",.,"A",75,"D",.,"A",195,"D",.,"A",.,"A",.,"A",.,"A",.,"A",.,"A",.,"A"
"20102",2191714,42,0,"1",.,"A",.,"A",.,"A",.,"A",.,"A",.,"A",.,"A",.,"A",.,"A",.,"A",.,"A",.,"A",.,"A",.,"A",.,"A"
"20102",2191724,32,0,"1",.,"A",.,"A",.,"A",.,"A",.,"A",.,"A",.,"A",.,"A",.,"A",.,"A",.,"A",.,"A",90,"F",.,"A",.,"A"
"20102",2191734,77,0,"1",.,"A",.,"A",.,"A",.,"A",.,"A",300,"D",.,"A",.,"A",.,"A",.,"A",.,"A",.,"A",100,"D",.,"A",.,"A"
"20102",2191754,77,0,"1",.,"A",.,"A",.,"A",.,"A",.,"A",30,"D",.,"A",.,"A",75,"D",.,"A",.,"A",.,"A",300,"D",.,"A",.,"A"
"20102",2191764,49,0,"1",.,"A",.,"A",.,"A",.,"A",.,"A",30,"D",.,"A",.,"A",.,"A",.,"A",.,"A",.,"A",50,"D",.,"A",.,"A"
"20102",2191774,71,0,"1",.,"A",.,"A",30,"D",.,"A",.,"A",.,"A",.,"A",.,"A",.,"A",.,"A",.,"A",.,"A",120,"D",.,"A",.,"A"
"20102",2191784,67,0,"1",.,"A",.,"A",.,"A",.,"A",.,"A",.,"A",.,"A",.,"A",.,"A",.,"A",.,"A",.,"A",140,"D",.,"A",.,"A"
"20102",2191804,30,0,"1",.,"A",.,"A",.,"A",.,"A",.,"A",.,"A",.,"A",.,"A",.,"A",.,"A",.,"A",.,"A",45,"D",.,"A",.,"A"
"20102",2191814,40,0,"1",.,"A",.,"A",.,"A",.,"A",.,"A",.,"A",.,"A",.,"A",.,"A",.,"A",.,"A",.,"A",20,"D",.,"A",.,"A"
"20102",2191834,58,0,"1",.,"A",.,"A",.,"A",.,"A",.,"A",.,"A",.,"A",.,"A",30,"D",.,"A",.,"A",.,"A",100,"D",.,"A",.,"A"
"20102",2191844,55,0,"1",.,"A",.,"A",.,"A",.,"A",.,"A",45,"D",.,"A",.,"A",.,"A",.,"A",.,"A",.,"A",36,"D",.,"A",.,"A"
"20102",2191854,44,0,"1",.,"A",.,"A",.,"A",.,"A",.,"A",.,"A",.,"A",.,"A",.,"A",.,"A",.,"A",.,"A",36,"D",.,"A",.,"A"
"20102",2191864,65,0,"1",.,"A",.,"A",.,"A",.,"A",.,"A",25,"D",455,"D",65,"D",.,"A",.,"A",.,"A",.,"A",.,"A",.,"A",.,"A"
"20102",2191914,66,0,"1",.,"A",.,"A",.,"A",.,"A",.,"A",.,"A",.,"A",.,"A",15,"D",.,"A",.,"A",.,"A",.,"A",.,"A",.,"A"
"20102",2191954,27,0,"1",.,"A",.,"A",.,"A",.,"A",.,"A",.,"A",.,"A",.,"A",.,"A",.,"A",.,"A",.,"A",.,"A",.,"A",.,"A"
"20102",2191994,42,0,"1",.,"A",.,"A",.,"A",.,"A",.,"A",.,"A",.,"A",.,"A",.,"A",.,"A",.,"A",.,"A",25,"D",.,"A",.,"A"
"20102",2192004,64,0,"1",.,"A",.,"A",.,"A",.,"A",.,"A",30,"D",.,"A",.,"A",30,"D",.,"A",.,"A",.,"A",75,"D",.,"A",.,"A"
"20102",2192014,48,0,"1",.,"A",.,"A",.,"A",.,"A",.,"A",.,"A",.,"A",.,"A",.,"A",.,"A",.,"A",.,"A",30,"D",.,"A",.,"A"
"20102",2192054,46,0,"1",.,"A",.,"A",.,"A",.,"A",.,"A",.,"A",.,"A",.,"A",.,"A",.,"A",.,"A",.,"A",.,"A",.,"A",.,"A"
"20102",2192064,60,0,"1",.,"A",.,"A",.,"A",.,"A",.,"A",175,"D",.,"A",.,"A",.,"A",.,"A",.,"A",.,"A",800,"D",.,"A",.,"A"
"20102",2192074,34,0,"1",.,"A",.,"A",.,"A",.,"A",40,"D",38,"D",.,"A",.,"A",.,"A",270,"D",30,"F",120,"F",40,"D",90,"D",75,"F"
"20102",2192084,35,0,"1",.,"A",.,"A",.,"A",.,"A",.,"A",.,"A",546,"D",.,"A",.,"A",.,"A",.,"A",.,"A",.,"A",.,"A",.,"A"
"20102",2192094,53,0,"1",.,"A",.,"A",.,"A",.,"A",.,"A",360,"D",910,"D",.,"A",225,"D",.,"A",.,"A",.,"A",500,"D",.,"A",.,"A"
"20102",2192104,54,0,"1",.,"A",.,"A",.,"A",.,"A",.,"A",.,"A",.,"A",.,"A",.,"A",.,"A",.,"A",.,"A",225,"D",.,"A",.,"A"
"20102",2192124,39,0,"1",.,"A",.,"A",.,"A",15,"D",.,"A",.,"A",.,"A",195,"D",.,"A",.,"A",.,"A",.,"A",.,"A",.,"A",.,"A"
"20102",2192134,50,0,"1",.,"A",.,"A",.,"A",.,"A",.,"A",540,"D",520,"D",.,"A",.,"A",.,"A",.,"A",.,"A",26,"D",.,"A",.,"A"
"20102",2192144,59,0,"1",.,"A",.,"A",.,"A",.,"A",.,"A",50,"D",533,"D",.,"A",9,"D",9,"D",0,"D",0,"D",26,"D",3,"D",.,"A"
"20102",2192154,44,0,"1",.,"A",.,"A",.,"A",.,"A",.,"A",60,"D",.,"A",.,"A",.,"A",.,"A",.,"A",.,"A",180,"D",.,"A",.,"A"
"20102",2192164,47,0,"1",.,"A",.,"A",.,"A",.,"A",.,"A",.,"A",.,"A",.,"A",.,"A",.,"A",.,"A",.,"A",125,"D",.,"A",.,"A"
"20102",2192204,32,0,"1",.,"A",.,"A",.,"A",.,"A",.,"A",.,"A",.,"A",.,"A",.,"A",.,"A",.,"A",.,"A",.,"A",.,"A",.,"A"
"20102",2192214,39,0,"1",.,"A",.,"A",.,"A",.,"A",.,"A",.,"A",.,"A",.,"A",.,"A",.,"A",.,"A",.,"A",24,"D",.,"A",.,"A"
"20102",2192234,48,0,"1",.,"A",.,"A",.,"A",.,"A",.,"A",25,"D",.,"A",.,"A",.,"A",.,"A",.,"A",.,"A",200,"D",.,"A",.,"A"
"20102",2192264,55,0,"1",.,"A",.,"A",.,"A",.,"A",.,"A",10,"D",.,"A",.,"A",30,"D",.,"A",.,"A",.,"A",200,"D",.,"A",.,"A"
"20102",2192284,95,0,"1",.,"A",.,"A",.,"A",.,"A",.,"A",60,"D",546,"D",.,"A",60,"D",300,"D",0,"D",0,"D",400,"D",100,"D",.,"A"
"20102",2192294,40,0,"1",.,"A",.,"A",.,"A",.,"A",450,"D",.,"A",.,"A",.,"A",.,"A",1296,"D",0,"D",0,"D",145,"D",432,"D",.,"A"
"20102",2192334,42,0,"1",.,"A",.,"A",.,"A",.,"A",.,"A",.,"A",.,"A",.,"A",.,"A",.,"A",.,"A",.,"A",100,"D",.,"A",.,"A"
"20102",2192344,53,0,"1",.,"A",.,"A",.,"A",20,"D",.,"A",30,"D",.,"A",.,"A",.,"A",.,"A",.,"A",.,"A",125,"D",.,"A",.,"A"
"20102",2192354,44,0,"1",.,"A",.,"A",.,"A",.,"A",.,"A",.,"A",.,"A",.,"A",.,"A",.,"A",.,"A",.,"A",.,"A",.,"A",.,"A"
"20102",2192374,65,0,"1",.,"A",.,"A",.,"A",.,"A",.,"A",.,"A",.,"A",.,"A",.,"A",.,"A",.,"A",.,"A",98,"D",.,"A",.,"A"
"20102",2192384,64,0,"1",.,"A",.,"A",.,"A",.,"A",.,"A",.,"A",650,"D",.,"A",.,"A",.,"A",.,"A",.,"A",45,"D",.,"A",.,"A"
"20102",2192394,43,0,"1",.,"A",.,"A",.,"A",.,"A",.,"A",.,"A",.,"A",.,"A",.,"A",.,"A",.,"A",.,"A",370,"D",.,"A",.,"A"
"20102",2192414,30,0,"1",.,"A",.,"A",.,"A",.,"A",.,"A",.,"A",455,"D",.,"A",.,"A",.,"A",.,"A",.,"A",.,"A",.,"A",.,"A"
"20102",2192434,37,0,"1",.,"A",.,"A",.,"A",.,"A",.,"A",.,"A",.,"A",.,"A",.,"A",.,"A",.,"A",.,"A",26,"D",.,"A",.,"A"
"20102",2192454,81,0,"1",.,"A",.,"A",.,"A",.,"A",.,"A",238,"D",455,"D",.,"A",.,"A",.,"A",.,"A",.,"A",660,"D",.,"A",.,"A"
"20102",2192464,32,0,"1",.,"A",.,"A",.,"A",.,"A",.,"A",.,"A",.,"A",.,"A",.,"A",144,"D",0,"D",144,"D",.,"A",48,"D",.,"A"
"20102",2192484,47,0,"1",.,"A",.,"A",.,"A",.,"A",.,"A",.,"A",.,"A",.,"A",.,"A",.,"A",.,"A",.,"A",80,"D",.,"A",.,"A"
"20102",2192524,49,0,"1",.,"A",.,"A",.,"A",.,"A",.,"A",12,"D",.,"A",.,"A",.,"A",.,"A",.,"A",.,"A",10,"D",.,"A",.,"A"
"20102",2192545,42,0,"1",.,"A",.,"A",.,"A",.,"A",.,"A",.,"A",650,"D",.,"A",.,"A",.,"A",.,"A",.,"A",75,"D",.,"A",.,"A"
"20102",2192564,53,0,"1",.,"A",.,"A",.,"A",.,"A",.,"A",220,"D",.,"A",.,"A",.,"A",.,"A",.,"A",.,"A",320,"D",.,"A",.,"A"
"20102",2192594,75,0,"1",.,"A",.,"A",.,"A",.,"A",.,"A",.,"A",.,"A",.,"A",24,"F",0,"D",0,"D",24,"D",.,"A",0,"D",.,"A"
"20102",2192604,53,0,"1",.,"A",.,"A",.,"A",.,"A",.,"A",.,"A",.,"A",455,"D",.,"A",.,"A",.,"A",.,"A",72,"D",.,"A",.,"A"
"20102",2192614,52,0,"1",.,"A",.,"A",.,"A",.,"A",.,"A",.,"A",.,"A",.,"A",.,"A",.,"A",.,"A",.,"A",90,"D",.,"A",.,"A"
"20102",2192634,26,0,"1",.,"A",.,"A",.,"A",.,"A",80,"D",.,"A",.,"A",.,"A",.,"A",.,"A",.,"A",.,"A",40,"D",.,"A",.,"A"
"20102",2192644,42,0,"1",.,"A",.,"A",.,"A",.,"A",.,"A",.,"A",.,"A",195,"D",36,"D",.,"A",.,"A",.,"A",.,"A",.,"A",.,"A"
"20102",2192664,49,0,"1",.,"A",.,"A",.,"A",.,"A",.,"A",.,"A",.,"A",.,"A",.,"A",.,"A",.,"A",.,"A",750,"D",.,"A",.,"A"
"20102",2192684,58,0,"1",.,"A",.,"A",.,"A",.,"A",.,"A",.,"A",.,"A",.,"A",.,"A",.,"A",.,"A",.,"A",100,"D",.,"A",.,"A"
"20102",2192694,38,0,"1",.,"A",.,"A",.,"A",.,"A",.,"A",.,"A",260,"D",.,"A",.,"A",.,"A",.,"A",.,"A",.,"A",.,"A",.,"A"
"20102",2192714,35,0,"1",.,"A",.,"A",.,"A",.,"A",.,"A",.,"A",.,"A",.,"A",.,"A",.,"A",.,"A",.,"A",30,"D",.,"A",.,"A"
"20102",2192724,68,0,"1",.,"A",.,"A",.,"A",.,"A",36,"D",.,"A",767,"D",.,"A",15,"D",.,"A",.,"A",.,"A",.,"A",.,"A",.,"A"
"20102",2192734,49,0,"1",.,"A",.,"A",.,"A",.,"A",.,"A",.,"A",.,"A",.,"A",.,"A",.,"A",.,"A",.,"A",230,"F",.,"A",.,"A"
"20102",2192744,41,0,"1",.,"A",.,"A",.,"A",.,"A",.,"A",.,"A",.,"A",.,"A",.,"A",.,"A",.,"A",.,"A",15,"D",.,"A",.,"A"
"20102",2192804,52,0,"1",.,"A",.,"A",.,"A",.,"A",.,"A",.,"A",.,"A",.,"A",.,"A",.,"A",.,"A",.,"A",32,"D",.,"A",.,"A"
"20102",2192814,72,0,"1",.,"A",.,"A",.,"A",.,"A",.,"A",.,"A",130,"D",.,"A",.,"A",.,"A",.,"A",.,"A",30,"D",.,"A",.,"A"
"20102",2192824,33,0,"1",.,"A",.,"A",.,"A",.,"A",20,"D",.,"A",.,"A",.,"A",.,"A",.,"A",.,"A",.,"A",.,"A",.,"A",.,"A"
"20102",2192844,49,0,"1",.,"A",.,"A",.,"A",80,"D",120,"D",.,"A",104,"D",.,"A",9,"D",45,"D",0,"D",18,"D",.,"A",15,"D",.,"A"
"20102",2192884,48,0,"1",.,"A",.,"A",.,"A",.,"A",.,"A",.,"A",.,"A",.,"A",.,"A",.,"A",.,"A",.,"A",70,"D",.,"A",.,"A"
"20102",2192894,47,0,"1",.,"A",.,"A",.,"A",.,"A",.,"A",.,"A",390,"D",.,"A",.,"A",.,"A",.,"A",.,"A",.,"A",.,"A",.,"A"
"20102",2192924,46,0,"1",.,"A",.,"A",.,"A",.,"A",.,"A",.,"A",.,"A",.,"A",.,"A",.,"A",.,"A",.,"A",.,"A",.,"A",.,"A"
"20102",2192934,52,0,"1",.,"A",.,"A",.,"A",.,"A",.,"A",30,"D",.,"A",.,"A",.,"A",.,"A",.,"A",.,"A",30,"D",.,"A",.,"A"
"20102",2192964,65,0,"1",.,"A",.,"A",.,"A",.,"A",.,"A",.,"A",.,"A",.,"A",.,"A",.,"A",.,"A",.,"A",.,"A",.,"A",.,"A"
"20102",2192974,61,0,"1",.,"A",.,"A",.,"A",.,"A",.,"A",.,"A",.,"A",.,"A",60,"D",.,"A",.,"A",.,"A",.,"A",.,"A",.,"A"
"20102",2192994,32,0,"1",.,"A",.,"A",.,"A",.,"A",10,"D",.,"A",.,"A",.,"A",.,"A",0,"D",0,"D",135,"D",.,"A",0,"D",.,"A"
"20102",2193014,70,0,"1",.,"A",.,"A",.,"A",.,"A",.,"A",.,"A",.,"A",.,"A",30,"D",.,"A",.,"A",.,"A",140,"D",.,"A",.,"A"
"20102",2193054,52,0,"1",.,"A",.,"A",.,"A",.,"A",.,"A",20,"D",390,"D",.,"A",.,"A",.,"A",.,"A",.,"A",.,"A",.,"A",.,"A"
"20102",2193064,34,0,"1",.,"A",.,"A",.,"A",.,"A",.,"A",.,"A",.,"A",.,"A",.,"A",.,"A",.,"A",.,"A",.,"A",.,"A",.,"A"
"20102",2193084,61,0,"1",.,"A",.,"A",.,"A",.,"A",.,"A",.,"A",.,"A",.,"A",.,"A",.,"A",.,"A",.,"A",20,"D",.,"A",.,"A"
"20102",2193094,46,0,"1",.,"A",.,"A",.,"A",.,"A",.,"A",.,"A",.,"A",.,"A",.,"A",.,"A",.,"A",.,"A",18,"D",.,"A",.,"A"
"20102",2193104,35,0,"1",.,"A",.,"A",.,"A",.,"A",.,"A",.,"A",.,"A",.,"A",.,"A",.,"A",.,"A",.,"A",21,"D",.,"A",.,"A"
"20102",2193114,60,0,"1",.,"A",.,"A",.,"A",.,"A",.,"A",.,"A",.,"A",.,"A",.,"A",.,"A",.,"A",.,"A",.,"A",.,"A",.,"A"
"20102",2193124,50,0,"1",.,"A",.,"A",.,"A",.,"A",.,"A",.,"A",.,"A",.,"A",.,"A",.,"A",.,"A",.,"A",8,"D",.,"A",.,"A"
"20102",2193154,32,0,"1",.,"A",.,"A",.,"A",.,"A",65,"D",.,"A",.,"A",.,"A",.,"A",.,"A",.,"A",.,"A",.,"A",.,"A",.,"A"
"20102",2193164,39,0,"1",.,"A",.,"A",.,"A",.,"A",44,"D",55,"D",.,"A",.,"A",.,"A",.,"A",.,"A",.,"A",150,"D",.,"A",.,"A"
"20102",2193174,40,0,"1",10,"D",.,"A",.,"A",.,"A",65,"D",.,"A",.,"A",.,"A",18,"D",.,"A",.,"A",.,"A",180,"D",.,"A",.,"A"
"20102",2193184,23,0,"1",.,"A",.,"A",.,"A",.,"A",.,"A",.,"A",.,"A",.,"A",.,"A",.,"A",.,"A",.,"A",.,"A",.,"A",.,"A"
"20102",2193204,90,0,"1",.,"A",.,"A",.,"A",.,"A",.,"A",.,"A",.,"A",.,"A",198,"D",.,"A",.,"A",.,"A",15,"D",.,"A",.,"A"
"20102",2193214,41,0,"1",.,"A",.,"A",.,"A",.,"A",30,"D",.,"A",.,"A",.,"A",.,"A",.,"A",.,"A",.,"A",60,"D",.,"A",.,"A"
"20102",2193244,60,0,"1",.,"A",.,"A",.,"A",.,"A",.,"A",.,"A",.,"A",.,"A",.,"A",.,"A",.,"A",.,"A",.,"A",.,"A",.,"A"
"20102",2193264,41,0,"1",.,"A",.,"A",.,"A",.,"A",.,"A",38,"D",.,"A",.,"A",.,"A",.,"A",.,"A",.,"A",.,"A",.,"A",.,"A"
"20102",2193274,83,0,"1",.,"A",.,"A",.,"A",.,"A",.,"A",20,"D",.,"A",.,"A",.,"A",.,"A",.,"A",.,"A",210,"D",.,"A",.,"A"
"20102",2193284,32,0,"1",.,"A",.,"A",.,"A",.,"A",30,"D",.,"A",.,"A",.,"A",.,"A",9,"D",0,"D",9,"D",10,"D",3,"D",.,"A"
"20102",2193294,64,0,"1",.,"A",.,"A",.,"A",.,"A",.,"A",.,"A",455,"D",.,"A",.,"A",.,"A",.,"A",.,"A",110,"D",.,"A",.,"A"
"20102",2193304,52,0,"1",.,"A",.,"A",.,"A",.,"A",.,"A",.,"A",.,"A",.,"A",.,"A",.,"A",.,"A",.,"A",35,"D",.,"A",.,"A"
"20102",2193324,63,0,"1",.,"A",.,"A",.,"A",.,"A",.,"A",.,"A",260,"D",.,"A",.,"A",0,"D",30,"D",0,"D",60,"D",0,"D",.,"A"
"20102",2193334,56,0,"1",.,"A",.,"A",.,"A",.,"A",.,"A",.,"A",780,"D",.,"A",150,"D",.,"A",.,"A",.,"A",.,"A",.,"A",.,"A"
"20102",2193374,53,0,"1",.,"A",.,"A",.,"A",.,"A",.,"A",.,"A",520,"D",.,"A",.,"A",.,"A",.,"A",.,"A",.,"A",.,"A",.,"A"
"20102",2193384,57,0,"1",.,"A",.,"A",.,"A",.,"A",.,"A",.,"A",.,"A",.,"A",.,"A",.,"A",.,"A",.,"A",123,"D",.,"A",.,"A"
"20102",2193404,85,0,"1",.,"A",.,"A",.,"A",.,"A",.,"A",.,"A",.,"A",.,"A",.,"A",.,"A",.,"A",.,"A",300,"D",.,"A",.,"A"
"20102",2193414,83,0,"1",.,"A",.,"A",.,"A",.,"A",.,"A",.,"A",.,"A",.,"A",.,"A",.,"A",.,"A",.,"A",44,"D",.,"A",.,"A"
"20102",2193424,48,0,"1",.,"A",.,"A",.,"A",.,"A",.,"A",.,"A",.,"A",.,"A",.,"A",.,"A",.,"A",.,"A",.,"A",.,"A",.,"A"
"20102",2193434,26,0,"1",.,"A",.,"A",.,"A",.,"A",22,"F",.,"A",.,"A",.,"A",.,"A",.,"A",.,"A",.,"A",.,"A",.,"A",.,"A"
"20102",2193464,46,0,"1",.,"A",.,"A",.,"A",.,"A",.,"A",.,"A",468,"D",.,"A",.,"A",.,"A",.,"A",.,"A",.,"A",.,"A",.,"A"
"20102",2193494,61,0,"1",.,"A",.,"A",.,"A",.,"A",.,"A",.,"A",.,"A",.,"A",.,"A",.,"A",.,"A",.,"A",54,"D",.,"A",.,"A"
"20102",2193504,60,0,"1",.,"A",.,"A",.,"A",.,"A",.,"A",.,"A",.,"A",.,"A",.,"A",.,"A",.,"A",.,"A",50,"D",.,"A",.,"A"
"20102",2193514,33,0,"1",0,"F",.,"A",.,"A",.,"A",35,"F",.,"A",520,"D",.,"A",.,"A",0,"D",0,"D",0,"D",37,"D",0,"D",.,"A"
"20102",2193544,50,0,"1",.,"A",.,"A",.,"A",.,"A",.,"A",.,"A",650,"D",.,"A",.,"A",.,"A",.,"A",.,"A",90,"D",.,"A",.,"A"
"20102",2193554,39,0,"1",.,"A",.,"A",.,"A",.,"A",.,"A",.,"A",.,"A",.,"A",.,"A",.,"A",.,"A",.,"A",.,"A",.,"A",.,"A"
"20102",2193574,87,0,"1",.,"A",.,"A",.,"A",.,"A",.,"A",26,"D",.,"A",.,"A",.,"A",.,"A",.,"A",.,"A",71,"D",.,"A",.,"A"
"20102",2193594,43,0,"1",.,"A",.,"A",.,"A",.,"A",.,"A",45,"D",.,"A",.,"A",.,"A",.,"A",.,"A",.,"A",50,"D",.,"A",.,"A"
"20102",2193604,43,0,"1",.,"A",.,"A",.,"A",.,"A",.,"A",.,"A",.,"A",.,"A",.,"A",.,"A",.,"A",.,"A",.,"A",.,"A",.,"A"
"20102",2193614,78,0,"1",.,"A",.,"A",.,"A",.,"A",.,"A",.,"A",.,"A",.,"A",.,"A",.,"A",.,"A",.,"A",35,"D",.,"A",.,"A"
"20102",2193634,66,0,"1",.,"A",.,"A",.,"A",.,"A",.,"A",.,"A",.,"A",.,"A",.,"A",.,"A",.,"A",.,"A",150,"D",.,"A",.,"A"
"20102",2193654,56,0,"1",.,"A",.,"A",.,"A",.,"A",.,"A",.,"A",1365,"D",.,"A",.,"A",.,"A",.,"A",.,"A",60,"D",.,"A",.,"A"
"20102",2193664,51,0,"1",.,"A",.,"A",.,"A",.,"A",.,"A",.,"A",.,"A",.,"A",.,"A",.,"A",.,"A",.,"A",.,"A",.,"A",.,"A"
"20102",2193684,42,0,"1",.,"A",.,"A",.,"A",.,"A",13,"D",.,"A",.,"A",.,"A",9,"D",0,"D",0,"D",45,"D",.,"A",0,"D",.,"A"
"20102",2193694,49,0,"1",.,"A",.,"A",.,"A",.,"A",.,"A",.,"A",.,"A",.,"A",.,"A",.,"A",.,"A",.,"A",500,"D",.,"A",.,"A"
"20102",2193704,82,0,"1",.,"A",.,"A",.,"A",.,"A",.,"A",.,"A",.,"A",.,"A",.,"A",.,"A",.,"A",.,"A",.,"A",.,"A",.,"A"
"20102",2193714,54,0,"1",.,"A",35,"D",.,"A",.,"A",.,"A",0,"D",.,"A",.,"A",.,"A",.,"A",.,"A",.,"A",60,"D",.,"A",.,"A"
"20102",2193724,52,0,"1",.,"A",.,"A",.,"A",.,"A",.,"A",.,"A",.,"A",.,"A",.,"A",258,"D",0,"D",0,"D",80,"D",86,"D",.,"A"
"20102",2193774,32,0,"1",.,"A",.,"A",.,"A",.,"A",150,"D",.,"A",260,"D",.,"A",.,"A",.,"A",.,"A",.,"A",.,"A",.,"A",.,"A"
"20102",2193784,44,0,"1",.,"A",.,"A",.,"A",.,"A",100,"D",.,"A",.,"A",.,"A",.,"A",.,"A",.,"A",.,"A",.,"A",.,"A",.,"A"
"20102",2193804,46,0,"1",.,"A",.,"A",.,"A",.,"A",.,"A",.,"A",364,"D",.,"A",.,"A",.,"A",.,"A",.,"A",.,"A",.,"A",.,"A"
"20102",2193814,55,0,"1",.,"A",.,"A",.,"A",.,"A",.,"A",480,"D",.,"A",.,"A",.,"A",.,"A",.,"A",.,"A",420,"D",.,"A",.,"A"
"20102",2193854,35,0,"1",.,"A",.,"A",.,"A",.,"A",.,"A",.,"A",.,"A",.,"A",.,"A",.,"A",.,"A",.,"A",200,"D",.,"A",.,"A"
"20102",2193894,23,0,"1",.,"A",.,"A",.,"A",.,"A",.,"A",.,"A",.,"A",.,"A",.,"A",.,"A",.,"A",.,"A",.,"A",.,"A",.,"A"
"20102",2193904,31,0,"1",.,"A",.,"A",.,"A",.,"A",.,"A",.,"A",.,"A",.,"A",.,"A",.,"A",.,"A",.,"A",.,"A",.,"A",.,"A"
"20102",2193924,32,0,"1",.,"A",.,"A",.,"A",.,"A",36,"D",.,"A",.,"A",.,"A",.,"A",.,"A",.,"A",.,"A",10,"D",.,"A",.,"A"
"20102",2193945,52,0,"1",.,"A",.,"A",.,"A",.,"A",.,"A",.,"A",390,"D",.,"A",.,"A",.,"A",.,"A",.,"A",75,"D",.,"A",.,"A"
"20102",2193964,35,0,"1",.,"A",.,"A",.,"A",.,"A",.,"A",.,"A",.,"A",.,"A",21,"D",.,"A",.,"A",.,"A",.,"A",.,"A",.,"A"
"20102",2193994,35,0,"1",30,"D",.,"A",.,"A",.,"A",90,"D",.,"A",.,"A",.,"A",.,"A",.,"A",.,"A",.,"A",60,"D",.,"A",.,"A"
"20102",2194005,54,0,"1",.,"A",.,"A",.,"A",.,"A",.,"A",.,"A",.,"A",.,"A",.,"A",.,"A",.,"A",.,"A",180,"D",.,"A",.,"A"
"20102",2194014,29,0,"1",.,"A",.,"A",.,"A",.,"A",.,"A",.,"A",.,"A",.,"A",.,"A",.,"A",.,"A",.,"A",.,"A",.,"A",.,"A"
"20102",2194035,31,0,"1",.,"A",.,"A",.,"A",.,"A",.,"A",.,"A",.,"A",.,"A",24,"D",.,"A",.,"A",.,"A",.,"A",.,"A",.,"A"
"20102",2194044,35,0,"1",.,"A",.,"A",.,"A",.,"A",.,"A",.,"A",325,"D",.,"A",.,"A",.,"A",.,"A",.,"A",20,"D",.,"A",.,"A"
"20102",2194095,37,0,"1",.,"A",.,"A",.,"A",.,"A",15,"D",20,"D",.,"A",.,"A",.,"A",267,"D",0,"D",0,"D",.,"A",89,"D",.,"A"
"20102",2194104,37,0,"1",.,"A",.,"A",.,"A",.,"A",.,"A",.,"A",.,"A",.,"A",.,"A",.,"A",.,"A",.,"A",.,"A",.,"A",.,"A"
"20102",2194164,46,0,"1",.,"A",.,"A",.,"A",.,"A",.,"A",.,"A",.,"A",.,"A",.,"A",.,"A",.,"A",.,"A",360,"D",.,"A",.,"A"
"20102",2194215,46,0,"1",.,"A",.,"A",.,"A",.,"A",.,"A",.,"A",.,"A",.,"A",.,"A",.,"A",.,"A",.,"A",200,"D",.,"A",.,"A"
"20102",2194224,55,0,"1",.,"A",.,"A",.,"A",.,"A",.,"A",.,"A",195,"D",.,"A",300,"D",.,"A",.,"A",.,"A",.,"A",.,"A",.,"A"
"20102",2194234,36,0,"1",.,"A",.,"A",.,"A",.,"A",.,"A",.,"A",.,"A",.,"A",.,"A",.,"A",.,"A",.,"A",.,"A",.,"A",.,"A"
"20102",2194285,71,0,"1",.,"A",.,"A",.,"A",.,"A",.,"A",150,"D",.,"A",.,"A",.,"A",.,"A",.,"A",.,"A",200,"D",.,"A",.,"A"
"20102",2194295,29,0,"1",.,"A",.,"A",.,"A",.,"A",15,"D",.,"A",.,"A",.,"A",.,"A",.,"A",.,"A",.,"A",.,"A",.,"A",.,"A"
"20102",2194355,73,0,"1",.,"A",.,"A",.,"A",.,"A",.,"A",14,"D",.,"A",.,"A",.,"A",.,"A",.,"A",.,"A",37,"D",.,"A",.,"A"
"20102",2194375,57,0,"1",.,"A",.,"A",.,"A",.,"A",.,"A",20,"D",.,"A",.,"A",.,"A",.,"A",.,"A",.,"A",.,"A",.,"A",.,"A"
"20102",2194394,47,0,"1",.,"A",.,"A",.,"A",.,"A",.,"A",.,"A",.,"A",.,"A",.,"A",.,"A",.,"A",.,"A",39,"D",.,"A",.,"A"
"20102",2194434,56,0,"1",.,"A",.,"A",.,"A",.,"A",.,"A",.,"A",.,"A",.,"A",.,"A",.,"A",.,"A",.,"A",80,"D",.,"A",.,"A"
"20102",2194454,43,0,"1",.,"A",.,"A",.,"A",.,"A",.,"A",.,"A",.,"A",.,"A",.,"A",.,"A",.,"A",.,"A",110,"D",.,"A",.,"A"
"20102",2194465,41,0,"1",.,"A",.,"A",.,"A",.,"A",.,"A",.,"A",520,"D",.,"A",.,"A",.,"A",.,"A",.,"A",.,"A",.,"A",.,"A"
"20102",2194494,35,0,"1",0,"F",.,"A",.,"A",.,"A",34,"F",.,"A",.,"A",.,"A",.,"A",.,"A",.,"A",.,"A",.,"A",.,"A",.,"A"
"20102",2194555,49,0,"1",.,"A",.,"A",.,"A",.,"A",.,"A",.,"A",.,"A",.,"A",.,"A",.,"A",.,"A",.,"A",16,"D",.,"A",.,"A"
"20102",2194574,76,0,"1",.,"A",.,"A",.,"A",.,"A",20,"D",44,"D",.,"A",325,"D",.,"A",.,"A",.,"A",.,"A",165,"D",.,"A",.,"A"
"20102",2194584,34,0,"1",.,"A",.,"A",.,"A",.,"A",.,"A",.,"A",1560,"D",.,"A",.,"A",.,"A",.,"A",.,"A",.,"A",.,"A",.,"A"
"20102",2194605,38,0,"1",.,"A",.,"A",.,"A",.,"A",.,"A",.,"A",.,"A",.,"A",.,"A",.,"A",.,"A",.,"A",.,"A",.,"A",.,"A"
"20102",2194635,31,0,"1",.,"A",.,"A",.,"A",.,"A",.,"A",.,"A",.,"A",.,"A",.,"A",.,"A",.,"A",.,"A",.,"A",.,"A",.,"A"
"20102",2194645,73,0,"1",.,"A",.,"A",.,"A",.,"A",.,"A",.,"A",.,"A",.,"A",120,"D",.,"A",.,"A",.,"A",36,"D",.,"A",.,"A"
"20102",2194694,37,0,"1",.,"A",.,"A",.,"A",.,"A",.,"A",.,"A",.,"A",.,"A",.,"A",.,"A",.,"A",.,"A",60,"D",.,"A",.,"A"
"20102",2194715,49,0,"1",.,"A",.,"A",.,"A",.,"A",.,"A",.,"A",.,"A",.,"A",.,"A",.,"A",.,"A",.,"A",20,"D",.,"A",.,"A"
"20102",2194744,48,0,"1",.,"A",.,"A",.,"A",.,"A",10,"D",.,"A",.,"A",.,"A",.,"A",.,"A",.,"A",.,"A",25,"D",.,"A",.,"A"
"20102",2194765,40,0,"1",.,"A",.,"A",.,"A",.,"A",.,"A",.,"A",.,"A",.,"A",.,"A",0,"D",150,"D",0,"D",.,"A",0,"D",.,"A"
"20102",2194774,63,0,"1",.,"A",.,"A",.,"A",.,"A",.,"A",.,"A",.,"A",.,"A",.,"A",.,"A",.,"A",.,"A",40,"D",.,"A",.,"A"
"20102",2194794,30,0,"1",.,"A",.,"A",.,"A",.,"A",.,"A",.,"A",.,"A",.,"A",.,"A",.,"A",.,"A",.,"A",60,"D",.,"A",.,"A"
"20102",2194815,28,0,"1",.,"A",.,"A",.,"A",.,"A",.,"A",.,"A",.,"A",.,"A",.,"A",.,"A",.,"A",.,"A",.,"A",.,"A",.,"A"
"20102",2194825,28,0,"1",.,"A",.,"A",.,"A",.,"A",.,"A",.,"A",.,"A",.,"A",.,"A",0,"D",0,"D",15,"D",.,"A",0,"D",.,"A"
"20102",2194844,29,0,"1",.,"A",.,"A",.,"A",.,"A",.,"A",.,"A",.,"A",.,"A",.,"A",.,"A",.,"A",.,"A",60,"F",.,"A",.,"A"
"20102",2194854,53,0,"1",.,"A",.,"A",.,"A",.,"A",.,"A",.,"A",.,"A",.,"A",.,"A",.,"A",.,"A",.,"A",150,"D",.,"A",.,"A"
"20102",2194874,29,0,"1",.,"A",.,"A",.,"A",.,"A",14,"D",.,"A",.,"A",.,"A",.,"A",.,"A",.,"A",.,"A",40,"D",.,"A",.,"A"
"20102",2194885,53,0,"1",.,"A",.,"A",.,"A",.,"A",.,"A",.,"A",.,"A",.,"A",.,"A",.,"A",.,"A",.,"A",50,"D",.,"A",.,"A"
"20102",2194894,27,0,"1",.,"A",.,"A",.,"A",.,"A",.,"A",.,"A",130,"D",.,"A",.,"A",.,"A",.,"A",.,"A",.,"A",.,"A",.,"A"
"20102",2194924,30,0,"1",.,"A",.,"A",.,"A",.,"A",60,"D",.,"A",.,"A",.,"A",.,"A",.,"A",.,"A",.,"A",.,"A",.,"A",.,"A"
"20102",2194974,37,0,"1",.,"A",.,"A",.,"A",.,"A",.,"A",.,"A",.,"A",.,"A",.,"A",.,"A",.,"A",.,"A",10,"D",.,"A",.,"A"
"20102",2195034,26,0,"1",.,"A",.,"A",.,"A",.,"A",.,"A",.,"A",.,"A",.,"A",.,"A",.,"A",.,"A",.,"A",10,"D",.,"A",.,"A"
"20102",2195075,45,0,"1",.,"A",.,"A",.,"A",.,"A",.,"A",90,"D",.,"A",.,"A",.,"A",.,"A",.,"A",.,"A",120,"D",.,"A",.,"A"
"20102",2195105,37,0,"1",.,"A",.,"A",.,"A",.,"A",60,"D",.,"A",260,"D",.,"A",15,"D",60,"D",0,"D",0,"D",.,"A",20,"D",.,"A"
"20102",2195134,34,0,"1",.,"A",.,"A",.,"A",.,"A",40,"D",.,"A",.,"A",.,"A",.,"A",0,"D",0,"D",9,"D",.,"A",0,"D",.,"A"
"20102",2195145,38,0,"1",.,"A",.,"A",.,"A",.,"A",5,"D",.,"A",.,"A",.,"A",.,"A",.,"A",.,"A",.,"A",50,"D",.,"A",.,"A"
"20102",2195174,55,0,"1",.,"A",.,"A",.,"A",.,"A",.,"A",.,"A",.,"A",.,"A",15,"D",.,"A",.,"A",.,"A",20,"D",.,"A",.,"A"
"20102",2195185,61,0,"1",.,"A",.,"A",.,"A",.,"A",.,"A",.,"A",455,"D",.,"A",.,"A",.,"A",.,"A",.,"A",156,"D",.,"A",.,"A"
"20102",2195214,43,0,"1",.,"A",.,"A",.,"A",.,"A",.,"A",.,"A",.,"A",.,"A",.,"A",.,"A",.,"A",.,"A",240,"D",.,"A",.,"A"
"20102",2195225,55,0,"1",.,"A",.,"A",.,"A",.,"A",.,"A",.,"A",.,"A",.,"A",735,"D",.,"A",.,"A",.,"A",.,"A",.,"A",.,"A"
"20102",2195265,60,0,"1",.,"A",.,"A",.,"A",.,"A",.,"A",.,"A",.,"A",.,"A",.,"A",.,"A",.,"A",.,"A",260,"D",.,"A",.,"A"
"20102",2195324,50,0,"1",.,"A",.,"A",.,"A",.,"A",.,"A",.,"A",65,"D",.,"A",.,"A",.,"A",.,"A",.,"A",.,"A",.,"A",.,"A"
"20102",2195334,29,0,"1",.,"A",.,"A",.,"A",.,"A",.,"A",.,"A",.,"A",.,"A",.,"A",.,"A",.,"A",.,"A",40,"D",.,"A",.,"A"
"20102",2195345,47,0,"1",.,"A",.,"A",.,"A",.,"A",.,"A",.,"A",.,"A",.,"A",.,"A",.,"A",.,"A",.,"A",30,"D",.,"A",.,"A"
"20102",2195354,25,0,"1",.,"A",.,"A",.,"A",.,"A",.,"A",.,"A",.,"A",.,"A",12,"D",.,"A",.,"A",.,"A",68,"D",.,"A",.,"A"
"20102",2195374,41,0,"1",.,"A",.,"A",.,"A",.,"A",.,"A",.,"A",.,"A",.,"A",.,"A",.,"A",.,"A",.,"A",12,"D",.,"A",.,"A"
"20102",2195394,42,0,"1",.,"A",.,"A",.,"A",.,"A",120,"D",.,"A",.,"A",.,"A",.,"A",.,"A",.,"A",.,"A",.,"A",.,"A",.,"A"
"20102",2195454,60,0,"1",.,"A",.,"A",.,"A",.,"A",5,"D",6,"D",.,"A",.,"A",6,"D",.,"A",.,"A",.,"A",45,"D",.,"A",.,"A"
"20102",2195464,37,0,"1",.,"A",.,"A",.,"A",.,"A",65,"D",.,"A",.,"A",.,"A",.,"A",.,"A",.,"A",.,"A",.,"A",.,"A",.,"A"
"20102",2195475,29,0,"1",.,"A",.,"A",.,"A",.,"A",100,"D",.,"A",.,"A",.,"A",.,"A",.,"A",.,"A",.,"A",.,"A",.,"A",.,"A"
"20102",2195504,52,0,"1",.,"A",.,"A",.,"A",.,"A",180,"D",.,"A",.,"A",.,"A",150,"D",.,"A",.,"A",.,"A",75,"D",.,"A",.,"A"
"20102",2195584,32,0,"1",.,"A",.,"A",.,"A",.,"A",.,"A",.,"A",.,"A",.,"A",.,"A",.,"A",.,"A",.,"A",.,"A",.,"A",.,"A"
"20102",2195605,54,0,"1",.,"A",.,"A",.,"A",.,"A",.,"A",100,"D",.,"A",.,"A",.,"A",75,"D",0,"D",0,"D",212,"D",25,"D",.,"A"
"20102",2195635,23,0,"1",.,"A",.,"A",.,"A",.,"A",.,"A",.,"A",.,"A",.,"A",.,"A",.,"A",.,"A",.,"A",15,"D",.,"A",.,"A"
"20102",2195695,34,0,"1",.,"A",.,"A",.,"A",.,"A",.,"A",.,"A",520,"D",.,"A",.,"A",.,"A",.,"A",.,"A",.,"A",.,"A",.,"A"
"20102",2195725,24,0,"1",.,"A",.,"A",.,"A",.,"A",45,"D",.,"A",.,"A",.,"A",.,"A",.,"A",.,"A",.,"A",.,"A",.,"A",.,"A"
"20102",2195745,24,0,"1",0,"F",.,"A",.,"A",.,"A",40,"F",.,"A",.,"A",.,"A",.,"A",0,"D",0,"D",180,"D",.,"A",0,"D",.,"A"
"20102",2195755,37,0,"1",.,"A",.,"A",.,"A",60,"D",10,"D",.,"A",325,"D",78,"D",.,"A",.,"A",.,"A",.,"A",30,"D",.,"A",.,"A"
"20102",2195775,58,0,"1",.,"A",.,"A",.,"A",.,"A",.,"A",20,"D",.,"A",.,"A",.,"A",.,"A",.,"A",.,"A",150,"D",.,"A",.,"A"
"20102",2195804,32,0,"1",.,"A",.,"A",.,"A",.,"A",70,"D",.,"A",.,"A",.,"A",.,"A",.,"A",.,"A",.,"A",.,"A",.,"A",.,"A"
"20102",2195815,52,0,"1",.,"A",.,"A",.,"A",10,"D",.,"A",.,"A",.,"A",.,"A",.,"A",.,"A",.,"A",.,"A",200,"D",.,"A",.,"A"
"20102",2195835,44,0,"1",.,"A",.,"A",.,"A",.,"A",.,"A",.,"A",.,"A",.,"A",90,"D",.,"A",.,"A",.,"A",60,"D",.,"A",.,"A"
"20102",2195855,36,0,"1",.,"A",.,"A",.,"A",.,"A",.,"A",.,"A",.,"A",.,"A",.,"A",.,"A",.,"A",.,"A",45,"D",.,"A",.,"A"
"20102",2195874,33,0,"1",.,"A",.,"A",.,"A",.,"A",.,"A",.,"A",.,"A",.,"A",.,"A",0,"D",0,"D",60,"D",.,"A",0,"D",.,"A"
"20102",2195905,33,0,"1",.,"A",.,"A",.,"A",.,"A",60,"D",.,"A",.,"A",.,"A",.,"A",.,"A",.,"A",.,"A",.,"A",.,"A",.,"A"
"20102",2195945,27,0,"1",.,"A",.,"A",.,"A",28,"D",.,"A",.,"A",351,"D",.,"A",.,"A",0,"D",0,"D",60,"D",.,"A",0,"D",.,"A"
"20102",2195974,36,0,"1",.,"A",.,"A",.,"A",.,"A",.,"A",.,"A",.,"A",.,"A",.,"A",.,"A",.,"A",.,"A",.,"A",.,"A",.,"A"
"20102",2195985,30,0,"1",.,"A",.,"A",.,"A",.,"A",.,"A",.,"A",195,"D",.,"A",.,"A",0,"D",0,"D",0,"D",20,"D",0,"D",.,"A"
"20102",2196035,51,0,"1",.,"A",.,"A",.,"A",10,"D",.,"A",.,"A",.,"A",.,"A",.,"A",.,"A",.,"A",.,"A",10,"D",.,"A",.,"A"
"20102",2196045,27,0,"1",.,"A",.,"A",.,"A",.,"A",.,"A",.,"A",.,"A",.,"A",.,"A",0,"D",0,"D",0,"D",.,"A",0,"D",.,"A"
"20102",2196065,44,0,"1",.,"A",.,"A",.,"A",.,"A",.,"A",.,"A",.,"A",.,"A",.,"A",.,"A",.,"A",.,"A",10,"D",.,"A",.,"A"
"20102",2196075,52,0,"1",.,"A",.,"A",.,"A",.,"A",.,"A",.,"A",.,"A",.,"A",.,"A",.,"A",.,"A",.,"A",38,"D",.,"A",.,"A"
"20102",2196105,40,0,"1",.,"A",.,"A",.,"A",.,"A",.,"A",.,"A",.,"A",.,"A",.,"A",.,"A",.,"A",.,"A",.,"A",.,"A",.,"A"
"20102",2196114,45,0,"1",.,"A",.,"A",.,"A",.,"A",.,"A",.,"A",.,"A",39,"D",.,"A",.,"A",.,"A",.,"A",150,"D",.,"A",.,"A"
"20102",2196124,40,0,"1",.,"A",.,"A",.,"A",.,"A",.,"A",.,"A",325,"D",.,"A",.,"A",.,"A",.,"A",.,"A",.,"A",.,"A",.,"A"
"20102",2196224,31,0,"1",.,"A",.,"A",.,"A",240,"D",42,"D",.,"A",.,"A",.,"A",.,"A",.,"A",.,"A",.,"A",.,"A",.,"A",.,"A"
"20102",2196234,51,0,"1",.,"A",.,"A",.,"A",.,"A",.,"A",.,"A",.,"A",.,"A",.,"A",.,"A",.,"A",.,"A",60,"D",.,"A",.,"A"
"20102",2196245,97,0,"1",.,"A",.,"A",.,"A",.,"A",.,"A",.,"A",.,"A",.,"A",.,"A",.,"A",.,"A",.,"A",57,"D",.,"A",.,"A"
"20102",2196254,54,0,"1",.,"A",.,"A",.,"A",.,"A",.,"A",240,"D",325,"D",.,"A",60,"D",.,"A",.,"A",.,"A",500,"D",.,"A",.,"A"
"20102",2196264,53,0,"1",.,"A",.,"A",.,"A",.,"A",.,"A",.,"A",91,"D",.,"A",.,"A",.,"A",.,"A",.,"A",90,"D",.,"A",.,"A"
"20102",2196275,25,0,"1",.,"A",.,"A",.,"A",.,"A",.,"A",.,"A",.,"A",.,"A",.,"A",.,"A",.,"A",.,"A",.,"A",.,"A",.,"A"
"20102",2196314,50,0,"1",.,"A",.,"A",.,"A",.,"A",.,"A",.,"A",.,"A",.,"A",.,"A",.,"A",.,"A",.,"A",40,"D",.,"A",.,"A"
"20102",2196345,35,0,"1",.,"A",.,"A",.,"A",.,"A",.,"A",.,"A",325,"D",.,"A",.,"A",0,"D",0,"D",0,"D",13,"D",0,"D",.,"A"
"20102",2196364,59,0,"1",.,"A",.,"A",.,"A",.,"A",.,"A",.,"A",.,"A",.,"A",.,"A",.,"A",.,"A",.,"A",41,"D",.,"A",.,"A"
"20102",2196375,33,0,"1",.,"A",.,"A",.,"A",.,"A",700,"D",.,"A",455,"D",.,"A",.,"A",.,"A",.,"A",.,"A",240,"D",.,"A",.,"A"
"20102",2196394,50,0,"1",.,"A",.,"A",.,"A",.,"A",40,"D",.,"A",.,"A",.,"A",.,"A",.,"A",.,"A",.,"A",.,"A",.,"A",.,"A"
"20102",2196405,39,0,"1",12,"D",.,"A",.,"A",.,"A",108,"D",.,"A",.,"A",.,"A",.,"A",0,"D",0,"D",36,"D",70,"D",0,"D",.,"A"
"20102",2196425,37,0,"1",.,"A",.,"A",.,"A",.,"A",.,"A",60,"D",.,"A",.,"A",.,"A",0,"D",0,"D",15,"D",250,"D",0,"D",.,"A"
"20102",2196444,28,0,"1",.,"A",.,"A",.,"A",.,"A",.,"A",.,"A",.,"A",.,"A",.,"A",.,"A",.,"A",.,"A",.,"A",.,"A",.,"A"
"20102",2196474,55,0,"1",.,"A",.,"A",.,"A",.,"A",.,"A",15,"D",.,"A",.,"A",.,"A",.,"A",.,"A",.,"A",125,"D",.,"A",.,"A"
"20102",2196484,25,0,"1",.,"A",.,"A",.,"A",.,"A",30,"D",.,"A",390,"D",.,"A",.,"A",0,"D",0,"D",9,"D",15,"D",0,"D",.,"A"
"20102",2196524,41,0,"1",.,"A",.,"A",.,"A",.,"A",60,"D",.,"A",.,"A",.,"A",.,"A",.,"A",.,"A",.,"A",100,"D",.,"A",.,"A"
"20102",2196594,27,0,"1",5,"D",.,"A",.,"A",.,"A",35,"D",.,"A",.,"A",.,"A",.,"A",0,"D",0,"D",0,"D",15,"D",0,"D",.,"A"
"20102",2196615,24,0,"1",.,"A",.,"A",.,"A",.,"A",.,"A",.,"A",.,"A",.,"A",.,"A",.,"A",.,"A",.,"A",.,"A",.,"A",.,"A"
"20102",2196664,38,0,"1",.,"A",.,"A",.,"A",10,"D",.,"A",.,"A",.,"A",.,"A",.,"A",0,"D",135,"F",15,"F",.,"A",0,"D",.,"A"
"20102",2196685,65,0,"1",.,"A",.,"A",.,"A",.,"A",.,"A",.,"A",.,"A",.,"A",.,"A",.,"A",.,"A",.,"A",70,"D",.,"A",.,"A"
"20102",2196714,55,0,"1",.,"A",.,"A",.,"A",.,"A",.,"A",.,"A",.,"A",.,"A",21,"D",.,"A",.,"A",.,"A",105,"D",.,"A",.,"A"
"20102",2196724,68,0,"1",.,"A",.,"A",.,"A",.,"A",.,"A",.,"A",.,"A",.,"A",.,"A",.,"A",.,"A",.,"A",.,"A",.,"A",.,"A"
"20102",2196735,32,0,"1",.,"A",.,"A",.,"A",.,"A",.,"A",.,"A",520,"D",.,"A",.,"A",0,"D",0,"D",0,"D",.,"A",0,"D",.,"A"
"20102",2196774,64,0,"1",.,"A",.,"A",.,"A",.,"A",.,"A",.,"A",130,"D",.,"A",.,"A",.,"A",.,"A",.,"A",500,"D",.,"A",.,"A"
"20102",2196795,54,0,"1",.,"A",.,"A",.,"A",.,"A",.,"A",.,"A",.,"A",.,"A",.,"A",.,"A",.,"A",.,"A",40,"D",.,"A",.,"A"
"20102",2196804,40,0,"1",.,"A",.,"A",.,"A",.,"A",.,"A",.,"A",.,"A",.,"A",.,"A",.,"A",.,"A",.,"A",.,"A",.,"A",.,"A"
"20102",2196815,41,0,"1",.,"A",.,"A",.,"A",.,"A",60,"D",30,"D",.,"A",.,"A",15,"D",150,"D",0,"D",150,"D",100,"D",50,"D",.,"A"
"20102",2196824,67,0,"1",.,"A",.,"A",.,"A",.,"A",.,"A",.,"A",.,"A",.,"A",.,"A",.,"A",.,"A",.,"A",65,"D",.,"A",.,"A"
"20102",2196834,32,0,"1",.,"A",.,"A",.,"A",.,"A",.,"A",100,"D",.,"A",.,"A",.,"A",.,"A",.,"A",.,"A",210,"D",.,"A",.,"A"
"20102",2196845,60,0,"1",.,"A",.,"A",.,"A",.,"A",.,"A",.,"A",.,"A",.,"A",.,"A",.,"A",.,"A",.,"A",20,"D",.,"A",.,"A"
"20102",2196864,49,0,"1",.,"A",.,"A",.,"A",.,"A",.,"A",.,"A",.,"A",.,"A",21,"D",.,"A",.,"A",.,"A",30,"D",.,"A",.,"A"
"20102",2196884,60,0,"1",.,"A",.,"A",4,"D",80,"D",.,"A",.,"A",.,"A",.,"A",.,"A",.,"A",.,"A",.,"A",480,"D",.,"A",.,"A"
"20102",2196894,47,0,"1",.,"A",.,"A",.,"A",.,"A",.,"A",.,"A",130,"D",.,"A",.,"A",.,"A",.,"A",.,"A",.,"A",.,"A",.,"A"
"20102",2196935,119,0,"1",.,"A",.,"A",.,"A",.,"A",.,"A",.,"A",.,"A",.,"A",.,"A",.,"A",.,"A",.,"A",600,"D",.,"A",.,"A"
"20102",2196984,53,0,"1",.,"A",.,"A",.,"A",.,"A",.,"A",.,"A",.,"A",.,"A",30,"D",.,"A",.,"A",.,"A",10,"D",.,"A",.,"A"
"20102",2196995,66,0,"1",.,"A",.,"A",.,"A",.,"A",.,"A",40,"D",.,"A",130,"D",.,"A",.,"A",.,"A",.,"A",20,"D",.,"A",.,"A"
"20102",2197025,42,0,"1",.,"A",.,"A",.,"A",.,"A",.,"A",.,"A",.,"A",.,"A",.,"A",.,"A",.,"A",.,"A",144,"D",.,"A",.,"A"
"20102",2197045,34,0,"1",.,"A",.,"A",.,"A",.,"A",.,"A",.,"A",.,"A",.,"A",30,"D",0,"D",0,"D",0,"D",21,"D",0,"D",.,"A"
"20102",2197064,43,0,"1",.,"A",.,"A",.,"A",.,"A",.,"A",.,"A",.,"A",.,"A",60,"D",.,"A",.,"A",.,"A",130,"D",.,"A",.,"A"
"20102",2197075,36,0,"1",.,"A",.,"A",.,"A",.,"A",.,"A",.,"A",260,"D",.,"A",.,"A",.,"A",.,"A",.,"A",.,"A",.,"A",.,"A"
"20102",2197094,41,0,"1",.,"A",.,"A",.,"A",.,"A",.,"A",.,"A",.,"A",.,"A",.,"A",.,"A",.,"A",.,"A",100,"D",.,"A",.,"A"
"20102",2197224,48,0,"1",8,"D",.,"A",.,"A",20,"D",96,"D",.,"A",.,"A",.,"A",15,"D",180,"D",0,"D",0,"D",.,"A",60,"D",90,"D"
"20102",2197234,30,0,"1",.,"A",.,"A",.,"A",150,"D",.,"A",.,"A",.,"A",.,"A",.,"A",.,"A",.,"A",.,"A",750,"D",.,"A",.,"A"
"20102",2197245,27,0,"1",.,"A",.,"A",.,"A",.,"A",18,"D",.,"A",.,"A",.,"A",9,"D",.,"A",.,"A",.,"A",15,"D",.,"A",.,"A"
"20102",2197305,30,0,"1",.,"A",.,"A",.,"A",.,"A",.,"A",.,"A",312,"D",.,"A",.,"A",.,"A",.,"A",.,"A",.,"A",.,"A",.,"A"
"20102",2197314,36,0,"1",.,"A",.,"A",.,"A",.,"A",15,"D",.,"A",325,"D",.,"A",.,"A",.,"A",.,"A",.,"A",12,"D",.,"A",.,"A"
"20102",2197345,27,0,"1",.,"A",.,"A",.,"A",.,"A",30,"D",.,"A",.,"A",.,"A",.,"A",.,"A",.,"A",.,"A",.,"A",.,"A",.,"A"
"20102",2197374,42,0,"1",.,"A",.,"A",.,"A",.,"A",.,"A",.,"A",.,"A",.,"A",.,"A",.,"A",.,"A",.,"A",15,"D",.,"A",.,"A"
"20102",2197385,51,0,"1",.,"A",.,"A",.,"A",.,"A",60,"D",.,"A",455,"D",.,"A",.,"A",.,"A",.,"A",.,"A",75,"D",.,"A",.,"A"
"20102",2197395,44,0,"1",.,"A",.,"A",.,"A",.,"A",.,"A",.,"A",.,"A",.,"A",.,"A",.,"A",.,"A",.,"A",75,"D",.,"A",.,"A"
"20102",2197434,32,0,"1",.,"A",.,"A",.,"A",.,"A",64,"D",.,"A",.,"A",.,"A",.,"A",.,"A",.,"A",.,"A",.,"A",.,"A",.,"A"
"20102",2197525,42,0,"1",.,"A",.,"A",.,"A",.,"A",25,"D",.,"A",.,"A",.,"A",.,"A",.,"A",.,"A",.,"A",.,"A",.,"A",.,"A"
"20102",2197584,23,0,"1",.,"A",.,"A",.,"A",.,"A",10,"D",.,"A",65,"D",.,"A",.,"A",0,"D",0,"D",27,"D",.,"A",0,"D",.,"A"
"20102",2197594,40,0,"1",.,"A",.,"A",.,"A",.,"A",.,"A",50,"D",.,"A",.,"A",.,"A",450,"D",0,"D",0,"D",40,"D",150,"D",.,"A"
"20102",2197664,19,0,"1",.,"A",.,"A",.,"A",.,"A",15,"F",.,"A",.,"A",.,"A",.,"A",.,"A",.,"A",.,"A",.,"A",.,"A",.,"A"
"20102",2197675,35,0,"1",.,"A",.,"A",.,"A",.,"A",.,"A",.,"A",455,"D",.,"A",.,"A",.,"A",.,"A",.,"A",60,"D",.,"A",.,"A"
"20102",2197684,29,0,"1",.,"A",.,"A",.,"A",.,"A",.,"A",.,"A",.,"A",.,"A",.,"A",.,"A",.,"A",.,"A",.,"A",.,"A",.,"A"
"20102",2197735,41,0,"1",.,"A",.,"A",.,"A",.,"A",.,"A",.,"A",520,"D",.,"A",.,"A",.,"A",.,"A",.,"A",.,"A",.,"A",.,"A"
"20102",2197754,25,0,"1",.,"A",.,"A",.,"A",40,"D",120,"D",.,"A",130,"D",.,"A",.,"A",0,"D",0,"D",75,"D",.,"A",0,"D",.,"A"
"20102",2197784,23,0,"1",.,"A",.,"A",.,"A",.,"A",.,"A",.,"A",.,"A",.,"A",.,"A",.,"A",.,"A",.,"A",.,"A",.,"A",.,"A"
"20102",2197805,40,0,"1",.,"A",.,"A",.,"A",.,"A",.,"A",.,"A",.,"A",104,"D",.,"A",.,"A",.,"A",.,"A",10,"D",.,"A",.,"A"
"20102",2197845,39,0,"1",.,"A",.,"A",.,"A",.,"A",.,"A",.,"A",.,"A",.,"A",.,"A",.,"A",.,"A",.,"A",45,"D",.,"A",.,"A"
"20102",2197875,44,0,"1",.,"A",.,"A",.,"A",.,"A",50,"D",.,"A",.,"A",.,"A",.,"A",.,"A",.,"A",.,"A",110,"D",.,"A",.,"A"
"20102",2197884,66,0,"1",.,"A",25,"D",.,"A",.,"A",.,"A",4,"D",195,"D",.,"A",.,"A",.,"A",.,"A",.,"A",60,"D",.,"A",.,"A"
"20102",2197914,46,0,"1",.,"A",.,"A",.,"A",8,"D",42,"D",.,"A",.,"A",.,"A",.,"A",.,"A",.,"A",.,"A",20,"D",.,"A",.,"A"
"20102",2197924,29,0,"1",.,"A",.,"A",.,"A",.,"A",.,"A",.,"A",.,"A",.,"A",.,"A",.,"A",.,"A",.,"A",.,"A",.,"A",.,"A"
"20102",2197964,33,0,"1",.,"A",.,"A",.,"A",.,"A",.,"A",.,"A",.,"A",.,"A",.,"A",90,"F",105,"F",75,"F",100,"D",.,"C",.,"A"
"20102",2198025,36,0,"1",.,"A",.,"A",.,"A",.,"A",.,"A",.,"A",.,"A",.,"A",.,"A",.,"A",.,"A",.,"A",.,"A",.,"A",.,"A"
"20102",2198173,42,0,"1",.,"A",.,"A",.,"A",.,"A",.,"A",.,"A",.,"A",.,"A",.,"A",.,"A",.,"A",.,"A",.,"A",.,"A",.,"A"
"20102",2198183,49,0,"1",.,"A",.,"A",.,"A",.,"A",.,"A",.,"A",.,"A",.,"A",36,"D",0,"D",0,"D",45,"D",72,"D",0,"D",.,"A"
"20102",2198203,36,0,"1",.,"A",.,"A",.,"A",.,"A",.,"A",.,"A",.,"A",.,"A",.,"A",.,"A",.,"A",.,"A",120,"D",.,"A",.,"A"
"20102",2198213,63,0,"1",.,"A",.,"A",.,"A",.,"A",.,"A",.,"A",.,"A",.,"A",.,"A",.,"A",.,"A",.,"A",70,"D",.,"A",.,"A"
"20102",2198223,91,0,"1",.,"A",.,"A",.,"A",.,"A",.,"A",.,"A",.,"A",.,"A",.,"A",.,"A",.,"A",.,"A",30,"D",.,"A",.,"A"
"20102",2198233,74,0,"1",.,"A",.,"A",.,"A",.,"A",.,"A",.,"A",.,"A",.,"A",21,"D",.,"A",.,"A",.,"A",125,"D",.,"A",.,"A"
"20102",2198253,34,0,"1",.,"A",.,"A",.,"A",.,"A",10,"D",.,"A",.,"A",.,"A",.,"A",90,"D",0,"D",0,"D",15,"D",30,"D",.,"A"
"20102",2198263,37,0,"1",.,"A",.,"A",.,"A",.,"A",.,"A",30,"D",.,"A",.,"A",.,"A",69,"D",0,"D",6,"D",50,"D",23,"D",.,"A"
"20102",2198273,34,0,"1",.,"A",.,"A",.,"A",.,"A",.,"A",.,"A",.,"A",.,"A",.,"A",.,"A",.,"A",.,"A",160,"D",.,"A",.,"A"
"20102",2198303,57,0,"1",.,"A",.,"A",.,"A",.,"A",.,"A",20,"D",.,"A",.,"A",.,"A",.,"A",.,"A",.,"A",175,"D",.,"A",.,"A"
"20102",2198313,56,0,"1",.,"A",.,"A",.,"A",.,"A",.,"A",.,"A",.,"A",.,"A",.,"A",.,"A",.,"A",.,"A",120,"D",.,"A",.,"A"
"20102",2198333,49,0,"1",.,"A",.,"A",.,"A",.,"A",.,"A",.,"A",.,"A",.,"A",.,"A",.,"A",.,"A",.,"A",120,"D",.,"A",.,"A"
"20102",2198343,42,0,"1",.,"A",.,"A",.,"A",.,"A",25,"D",.,"A",390,"D",.,"A",.,"A",.,"A",.,"A",.,"A",.,"A",.,"A",.,"A"
"20102",2198353,53,0,"1",.,"A",.,"A",.,"A",.,"A",.,"A",34,"D",.,"A",.,"A",.,"A",240,"D",0,"D",0,"D",276,"D",80,"D",.,"A"
"20102",2198363,57,0,"1",.,"A",.,"A",.,"A",.,"A",15,"D",.,"A",.,"A",.,"A",.,"A",6,"D",0,"D",6,"D",9,"D",2,"D",.,"A"
"20102",2198383,45,0,"1",.,"A",.,"A",.,"A",.,"A",.,"A",.,"A",.,"A",.,"A",.,"A",.,"A",.,"A",.,"A",100,"D",.,"A",.,"A"
"20102",2198413,90,0,"1",.,"A",.,"A",.,"A",.,"A",.,"A",.,"A",.,"A",.,"A",.,"A",.,"A",.,"A",.,"A",.,"A",.,"A",.,"A"
"20102",2198423,59,0,"1",.,"A",.,"A",.,"A",.,"A",.,"A",40,"D",.,"A",.,"A",.,"A",.,"A",.,"A",.,"A",120,"D",.,"A",.,"A"
"20102",2198433,48,0,"1",.,"A",.,"A",.,"A",.,"A",.,"A",150,"D",.,"A",.,"A",.,"A",.,"A",.,"A",.,"A",110,"D",.,"A",.,"A"
"20102",2198443,40,0,"1",.,"A",.,"A",.,"A",.,"A",.,"A",.,"A",.,"A",.,"A",.,"A",.,"A",.,"A",.,"A",.,"A",.,"A",.,"A"
"20102",2198453,57,0,"1",.,"A",.,"A",25,"D",.,"A",.,"A",.,"A",.,"A",.,"A",.,"A",.,"A",.,"A",.,"A",.,"A",.,"A",.,"A"
"20102",2198463,43,0,"1",.,"A",.,"A",.,"A",.,"A",.,"A",.,"A",377,"D",.,"A",.,"A",.,"A",.,"A",.,"A",20,"D",.,"A",.,"A"
"20102",2198483,36,0,"1",.,"A",.,"A",.,"A",.,"A",100,"D",.,"A",390,"D",.,"A",.,"A",.,"A",.,"A",.,"A",46,"D",.,"A",.,"A"
"20102",2198493,49,0,"1",.,"A",.,"A",.,"A",.,"A",.,"A",.,"A",.,"A",.,"A",.,"A",.,"A",.,"A",.,"A",20,"D",.,"A",.,"A"
"20102",2198503,46,0,"1",.,"A",.,"A",.,"A",.,"A",.,"A",.,"A",.,"A",.,"A",.,"A",.,"A",.,"A",.,"A",150,"D",.,"A",.,"A"
"20102",2198513,47,0,"1",.,"A",.,"A",.,"A",.,"A",.,"A",.,"A",.,"A",.,"A",.,"A",.,"A",.,"A",.,"A",120,"D",.,"A",.,"A"
"20102",2198523,77,0,"1",.,"A",25,"D",.,"A",.,"A",.,"A",100,"D",.,"A",.,"A",60,"D",.,"A",.,"A",.,"A",420,"D",.,"A",.,"A"
"20102",2198533,53,0,"1",.,"A",.,"A",.,"A",.,"A",.,"A",.,"A",.,"A",.,"A",.,"A",.,"A",.,"A",.,"A",79,"D",.,"A",.,"A"
"20102",2198543,45,0,"1",.,"A",.,"A",.,"A",.,"A",.,"A",.,"A",.,"A",.,"A",.,"A",.,"A",.,"A",.,"A",16,"D",.,"A",.,"A"
"20102",2198563,51,0,"1",.,"A",.,"A",.,"A",.,"A",.,"A",.,"A",.,"A",.,"A",.,"A",.,"A",.,"A",.,"A",10,"D",.,"A",.,"A"
"20102",2198573,38,0,"1",.,"A",.,"A",.,"A",.,"A",.,"A",.,"A",.,"A",.,"A",.,"A",.,"A",.,"A",.,"A",70,"D",.,"A",.,"A"
"20102",2198583,45,0,"1",.,"A",.,"A",.,"A",.,"A",.,"A",.,"A",.,"A",.,"A",.,"A",.,"A",.,"A",.,"A",60,"D",.,"A",.,"A"
"20102",2198593,92,0,"1",.,"A",.,"A",.,"A",.,"A",.,"A",300,"D",.,"A",.,"A",.,"A",.,"A",.,"A",.,"A",400,"D",.,"A",.,"A"
"20102",2198603,35,0,"1",.,"A",.,"A",.,"A",.,"A",.,"A",.,"A",.,"A",.,"A",.,"A",.,"A",.,"A",.,"A",.,"A",.,"A",.,"A"
"20102",2198613,31,0,"1",.,"A",.,"A",.,"A",.,"A",.,"A",120,"D",.,"A",.,"A",.,"A",.,"A",.,"A",.,"A",300,"D",.,"A",.,"A"
"20102",2198624,81,0,"1",.,"A",.,"A",.,"A",.,"A",.,"A",.,"A",.,"A",.,"A",.,"A",.,"A",.,"A",.,"A",300,"D",.,"A",.,"A"
"20102",2198633,95,0,"1",.,"A",.,"A",.,"A",.,"A",.,"A",12,"D",.,"A",.,"A",.,"A",.,"A",.,"A",.,"A",37,"D",.,"A",.,"A"
"20102",2198653,58,0,"1",.,"A",.,"A",.,"A",.,"A",.,"A",.,"A",156,"D",.,"A",.,"A",.,"A",.,"A",.,"A",.,"A",.,"A",.,"A"
"20102",2198743,50,0,"1",.,"A",.,"A",.,"A",.,"A",.,"A",.,"A",.,"A",.,"A",.,"A",.,"A",.,"A",.,"A",.,"A",.,"A",.,"A"
"20102",2198753,79,0,"1",.,"A",.,"A",.,"A",.,"A",.,"A",150,"D",.,"A",.,"A",.,"A",.,"A",.,"A",.,"A",300,"D",.,"A",.,"A"
"20102",2198763,29,0,"1",.,"A",.,"A",.,"A",.,"A",.,"A",.,"A",.,"A",.,"A",.,"A",.,"A",.,"A",.,"A",.,"A",.,"A",.,"A"
"20102",2198783,66,0,"1",.,"A",.,"A",.,"A",.,"A",.,"A",.,"A",.,"A",.,"A",.,"A",0,"D",0,"D",24,"D",25,"D",0,"D",.,"A"
"20102",2198803,37,0,"1",.,"A",.,"A",.,"A",.,"A",.,"A",.,"A",117,"D",.,"A",.,"A",.,"A",.,"A",.,"A",45,"D",.,"A",.,"A"
"20102",2198813,51,0,"1",.,"A",.,"A",.,"A",.,"A",.,"A",.,"A",.,"A",.,"A",.,"A",.,"A",.,"A",.,"A",70,"D",.,"A",.,"A"
"20102",2198823,57,0,"1",.,"A",.,"A",.,"A",.,"A",.,"A",.,"A",.,"A",.,"A",.,"A",.,"A",.,"A",.,"A",.,"A",.,"A",.,"A"
"20102",2198833,34,0,"1",.,"A",.,"A",.,"A",.,"A",.,"A",.,"A",.,"A",.,"A",.,"A",.,"A",.,"A",.,"A",.,"A",.,"A",.,"A"
"20102",2198873,52,0,"1",.,"A",.,"A",.,"A",.,"A",.,"A",.,"A",728,"D",.,"A",.,"A",.,"A",.,"A",.,"A",75,"D",.,"A",.,"A"
"20102",2198883,47,0,"1",.,"A",.,"A",.,"A",.,"A",.,"A",.,"A",.,"A",.,"A",.,"A",.,"A",.,"A",.,"A",100,"D",.,"A",.,"A"
"20102",2198893,27,0,"1",.,"A",.,"A",.,"A",.,"A",.,"A",.,"A",.,"A",.,"A",.,"A",.,"A",.,"A",.,"A",.,"A",.,"A",.,"A"
"20102",2198913,26,0,"1",.,"A",.,"A",.,"A",.,"A",.,"A",.,"A",.,"A",.,"A",.,"A",.,"A",.,"A",.,"A",.,"A",.,"A",.,"A"
"20102",2198953,40,0,"1",.,"A",.,"A",.,"A",.,"A",.,"A",.,"A",.,"A",.,"A",.,"A",.,"A",.,"A",.,"A",270,"D",.,"A",.,"A"
"20102",2198963,57,0,"1",.,"A",.,"A",.,"A",.,"A",.,"A",.,"A",.,"A",.,"A",.,"A",.,"A",.,"A",.,"A",175,"D",.,"A",.,"A"
"20102",2198993,51,0,"1",.,"A",.,"A",.,"A",.,"A",.,"A",.,"A",520,"D",.,"A",.,"A",.,"A",.,"A",.,"A",10,"D",.,"A",.,"A"
"20102",2199003,27,0,"1",.,"A",.,"A",.,"A",.,"A",.,"A",.,"A",.,"A",.,"A",.,"A",.,"A",.,"A",.,"A",30,"D",.,"A",.,"A"
"20102",2199013,53,0,"1",.,"A",.,"A",.,"A",.,"A",.,"A",.,"A",.,"A",.,"A",.,"A",.,"A",.,"A",.,"A",.,"A",.,"A",.,"A"
"20102",2199023,52,0,"1",.,"A",.,"A",.,"A",.,"A",.,"A",.,"A",.,"A",.,"A",.,"A",.,"A",.,"A",.,"A",35,"D",.,"A",.,"A"
"20102",2199033,46,0,"1",.,"A",.,"A",.,"A",.,"A",.,"A",.,"A",.,"A",.,"A",.,"A",.,"A",.,"A",.,"A",24,"D",.,"A",.,"A"
"20102",2199043,28,0,"1",.,"A",.,"A",.,"A",.,"A",30,"D",.,"A",260,"D",.,"A",.,"A",.,"A",.,"A",.,"A",.,"A",.,"A",.,"A"
"20102",2199083,53,0,"1",.,"A",.,"A",.,"A",.,"A",.,"A",.,"A",.,"A",.,"A",.,"A",.,"A",.,"A",.,"A",60,"D",.,"A",.,"A"
"20102",2199093,29,0,"1",.,"A",.,"A",.,"A",.,"A",40,"D",.,"A",.,"A",.,"A",.,"A",.,"A",.,"A",.,"A",.,"A",.,"A",.,"A"
"20102",2199113,64,0,"1",.,"A",.,"A",.,"A",.,"A",.,"A",.,"A",.,"A",104,"D",.,"A",.,"A",.,"A",.,"A",.,"A",.,"A",.,"A"
"20102",2199123,62,0,"1",.,"A",.,"A",.,"A",.,"A",.,"A",.,"A",.,"A",.,"A",.,"A",.,"A",.,"A",.,"A",145,"D",.,"A",.,"A"
"20102",2199133,70,0,"1",.,"A",.,"A",.,"A",.,"A",.,"A",9,"D",520,"D",.,"A",.,"A",.,"A",.,"A",.,"A",60,"D",.,"A",.,"A"
"20102",2199143,41,0,"1",.,"A",.,"A",.,"A",.,"A",40,"D",.,"A",.,"A",.,"A",.,"A",.,"A",.,"A",.,"A",30,"D",.,"A",.,"A"
"20102",2199163,39,0,"1",.,"A",.,"A",.,"A",.,"A",80,"D",.,"A",.,"A",.,"A",.,"A",.,"A",.,"A",.,"A",.,"A",.,"A",.,"A"
"20102",2199203,45,0,"1",.,"A",.,"A",.,"A",.,"A",90,"D",.,"A",.,"A",.,"A",.,"A",108,"D",0,"D",0,"D",15,"D",36,"D",.,"A"
"20102",2199213,41,0,"1",.,"A",.,"A",.,"A",.,"A",.,"A",.,"A",390,"D",.,"A",.,"A",.,"A",.,"A",.,"A",55,"D",.,"A",.,"A"
"20102",2199243,35,0,"1",.,"A",.,"A",.,"A",.,"A",.,"A",.,"A",.,"A",.,"A",.,"A",.,"A",.,"A",.,"A",.,"A",.,"A",.,"A"
"20102",2199253,62,0,"1",.,"A",.,"A",.,"A",350,"D",.,"A",100,"D",.,"A",.,"A",150,"D",.,"A",.,"A",.,"A",.,"A",.,"A",.,"A"
"20102",2199263,51,0,"1",.,"A",.,"A",.,"A",.,"A",.,"A",.,"A",.,"A",.,"A",.,"A",.,"A",.,"A",.,"A",192,"D",.,"A",.,"A"
"20102",2199273,81,0,"1",.,"A",.,"A",.,"A",.,"A",.,"A",.,"A",.,"A",.,"A",0,"D",.,"A",.,"A",.,"A",122,"D",.,"A",.,"A"
"20102",2199293,57,0,"1",.,"A",.,"A",.,"A",.,"A",.,"A",.,"A",.,"A",.,"A",.,"A",.,"A",.,"A",.,"A",.,"A",.,"A",.,"A"
"20102",2199303,27,0,"1",.,"A",.,"A",.,"A",.,"A",.,"A",.,"A",273,"D",.,"A",.,"A",15,"D",0,"D",15,"D",.,"A",5,"D",.,"A"
"20102",2199313,38,0,"1",.,"A",.,"A",.,"A",.,"A",.,"A",.,"A",.,"A",.,"A",.,"A",.,"A",.,"A",.,"A",.,"A",.,"A",.,"A"
"20102",2199323,31,0,"1",.,"A",.,"A",.,"A",.,"A",.,"A",.,"A",.,"A",.,"A",.,"A",.,"A",.,"A",.,"A",.,"A",.,"A",.,"A"
"20102",2199343,37,0,"1",.,"A",.,"A",.,"A",.,"A",.,"A",.,"A",130,"D",.,"A",.,"A",0,"D",0,"D",24,"D",30,"D",0,"D",.,"A"
"20102",2199353,71,0,"1",.,"A",.,"A",.,"A",.,"A",.,"A",.,"A",.,"A",.,"A",.,"A",.,"A",.,"A",.,"A",.,"A",.,"A",.,"A"
"20102",2199414,69,0,"1",.,"A",.,"A",.,"A",.,"A",.,"A",.,"A",.,"A",.,"A",.,"A",.,"A",.,"A",.,"A",17,"D",.,"A",.,"A"
"20102",2199433,31,0,"1",.,"A",.,"A",.,"A",.,"A",40,"D",.,"A",.,"A",.,"A",.,"A",.,"A",.,"A",.,"A",.,"A",.,"A",.,"A"
"20102",2199463,27,0,"1",80,"D",.,"A",.,"A",.,"A",50,"D",.,"A",.,"A",.,"A",.,"A",.,"A",.,"A",.,"A",90,"D",.,"A",.,"A"
"20102",2199473,70,0,"1",.,"A",.,"A",.,"A",.,"A",.,"A",.,"A",.,"A",.,"A",.,"A",.,"A",.,"A",.,"A",30,"D",.,"A",.,"A"
"20102",2199483,58,0,"1",.,"A",.,"A",.,"A",.,"A",.,"A",.,"A",.,"A",.,"A",.,"A",.,"A",.,"A",.,"A",80,"D",.,"A",.,"A"
"20102",2199493,24,0,"1",.,"A",.,"A",.,"A",.,"A",5,"D",.,"A",.,"A",.,"A",.,"A",.,"A",.,"A",.,"A",.,"A",.,"A",.,"A"
"20102",2199523,68,0,"1",.,"A",.,"A",.,"A",.,"A",.,"A",.,"A",.,"A",.,"A",.,"A",.,"A",.,"A",.,"A",80,"D",.,"A",.,"A"
"20102",2199533,77,0,"1",.,"A",.,"A",.,"A",.,"A",.,"A",.,"A",.,"A",.,"A",.,"A",.,"A",.,"A",.,"A",150,"D",.,"A",.,"A"
"20102",2199553,71,0,"1",25,"D",.,"A",.,"A",.,"A",0,"D",.,"A",.,"A",.,"A",.,"A",.,"A",.,"A",.,"A",51,"D",.,"A",.,"A"
"20102",2199563,55,0,"1",.,"A",.,"A",.,"A",.,"A",.,"A",.,"A",.,"A",.,"A",.,"A",.,"A",.,"A",.,"A",60,"D",.,"A",.,"A"
"20102",2199573,48,0,"1",.,"A",.,"A",.,"A",.,"A",.,"A",.,"A",494,"D",.,"A",.,"A",.,"A",.,"A",.,"A",150,"D",.,"A",.,"A"
"20102",2199583,64,0,"1",.,"A",.,"A",.,"A",.,"A",.,"A",.,"A",.,"A",.,"A",18,"D",.,"A",.,"A",.,"A",170,"D",.,"A",.,"A"
"20102",2199593,42,0,"1",.,"A",.,"A",.,"A",.,"A",.,"A",.,"A",.,"A",.,"A",.,"A",.,"A",.,"A",.,"A",.,"A",.,"A",.,"A"
"20102",2199603,31,0,"1",.,"A",.,"A",.,"A",.,"A",.,"A",.,"A",.,"A",.,"A",.,"A",.,"A",.,"A",.,"A",.,"A",.,"A",.,"A"
"20102",2199623,68,0,"1",.,"A",.,"A",.,"A",.,"A",.,"A",.,"A",.,"A",.,"A",.,"A",.,"A",.,"A",.,"A",120,"D",.,"A",.,"A"
"20102",2199633,36,0,"1",.,"A",.,"A",.,"A",.,"A",20,"D",.,"A",.,"A",.,"A",.,"A",0,"D",0,"D",36,"D",.,"A",0,"D",.,"A"
"20102",2199643,25,0,"1",.,"A",.,"A",.,"A",.,"A",.,"A",.,"A",.,"A",.,"A",.,"A",.,"A",.,"A",.,"A",.,"A",.,"A",.,"A"
"20102",2199653,45,0,"1",.,"A",.,"A",.,"A",.,"A",.,"A",.,"A",.,"A",.,"A",.,"A",.,"A",.,"A",.,"A",30,"D",.,"A",.,"A"
"20102",2199663,71,0,"1",.,"A",.,"A",.,"A",.,"A",.,"A",.,"A",.,"A",.,"A",.,"A",.,"A",.,"A",.,"A",.,"A",.,"A",.,"A"
"20102",2199673,72,0,"1",.,"A",.,"A",20,"D",.,"A",.,"A",90,"D",.,"A",.,"A",.,"A",.,"A",.,"A",.,"A",100,"D",.,"A",.,"A"
"20102",2199683,66,0,"1",.,"A",.,"A",.,"A",.,"A",.,"A",25,"D",.,"A",.,"A",.,"A",.,"A",.,"A",.,"A",210,"D",.,"A",.,"A"
"20102",2199713,44,0,"1",.,"A",.,"A",.,"A",.,"A",120,"D",.,"A",.,"A",.,"A",12,"D",.,"A",.,"A",.,"A",.,"A",.,"A",.,"A"
"20102",2199723,50,0,"1",.,"A",.,"A",.,"A",.,"A",.,"A",3,"D",195,"D",.,"A",.,"A",.,"A",.,"A",.,"A",200,"D",.,"A",.,"A"
"20102",2199733,39,0,"1",.,"A",.,"A",.,"A",.,"A",.,"A",.,"A",.,"A",.,"A",.,"A",.,"A",.,"A",.,"A",.,"A",.,"A",.,"A"
"20102",2199743,56,0,"1",.,"A",.,"A",.,"A",.,"A",.,"A",.,"A",.,"A",.,"A",.,"A",.,"A",.,"A",.,"A",430,"D",.,"A",.,"A"
"20102",2199753,81,0,"1",.,"A",.,"A",.,"A",.,"A",.,"A",31,"D",.,"A",.,"A",.,"A",111,"D",0,"D",0,"D",76,"D",37,"D",90,"F"
"20102",2199775,56,0,"1",.,"A",.,"A",.,"A",.,"A",.,"A",.,"A",.,"A",.,"A",.,"A",.,"A",.,"A",.,"A",25,"D",.,"A",.,"A"
"20102",2199784,49,0,"1",.,"A",.,"A",.,"A",.,"A",.,"A",120,"D",.,"A",.,"A",.,"A",450,"D",0,"D",0,"D",40,"D",150,"D",.,"A"
"20102",2199793,31,0,"1",.,"A",.,"A",.,"A",.,"A",.,"A",.,"A",.,"A",.,"A",.,"A",.,"A",.,"A",.,"A",30,"D",.,"A",.,"A"
"20102",2199813,41,0,"1",.,"A",.,"A",.,"A",.,"A",.,"A",.,"A",.,"A",.,"A",.,"A",.,"A",.,"A",.,"A",.,"A",.,"A",.,"A"
"20102",2199823,90,0,"1",.,"A",.,"A",.,"A",450,"D",.,"A",.,"A",.,"A",.,"A",300,"D",945,"D",0,"D",0,"D",350,"D",315,"D",.,"A"
"20102",2199843,68,0,"1",.,"A",.,"A",.,"A",.,"A",60,"D",.,"A",.,"A",.,"A",.,"A",.,"A",.,"A",.,"A",45,"D",.,"A",.,"A"
"20102",2199853,44,0,"1",.,"A",.,"A",.,"A",.,"A",.,"A",.,"A",.,"A",.,"A",.,"A",.,"A",.,"A",.,"A",15,"D",.,"A",.,"A"
"20102",2199863,32,0,"1",.,"A",.,"A",.,"A",.,"A",.,"A",.,"A",260,"D",.,"A",.,"A",.,"A",.,"A",.,"A",.,"A",.,"A",.,"A"
"20102",2199873,38,0,"1",.,"A",.,"A",.,"A",.,"A",.,"A",.,"A",.,"A",.,"A",.,"A",.,"A",.,"A",.,"A",.,"A",.,"A",.,"A"
"20102",2199883,61,0,"1",.,"A",.,"A",.,"A",.,"A",.,"A",.,"A",.,"A",.,"A",.,"A",.,"A",.,"A",.,"A",20,"D",.,"A",.,"A"
"20102",2199893,50,0,"1",.,"A",.,"A",.,"A",.,"A",.,"A",.,"A",.,"A",.,"A",.,"A",.,"A",.,"A",.,"A",100,"D",.,"A",.,"A"
"20102",2199903,52,0,"1",.,"A",.,"A",.,"A",.,"A",.,"A",.,"A",.,"A",.,"A",.,"A",.,"A",.,"A",.,"A",30,"D",.,"A",.,"A"
"20102",2199913,63,0,"1",.,"A",.,"A",30,"D",.,"A",.,"A",.,"A",.,"A",.,"A",.,"A",.,"A",.,"A",.,"A",42,"D",.,"A",.,"A"
"20102",2199923,61,0,"1",.,"A",.,"A",.,"A",.,"A",.,"A",60,"D",.,"A",.,"A",6,"D",0,"D",0,"D",0,"D",19,"D",0,"D",.,"A"
"20102",2199933,53,0,"1",.,"A",.,"A",.,"A",.,"A",.,"A",.,"A",.,"A",52,"D",.,"A",.,"A",.,"A",.,"A",28,"D",.,"A",.,"A"
"20102",2199943,54,0,"1",.,"A",.,"A",.,"A",.,"A",.,"A",.,"A",.,"A",91,"D",.,"A",.,"A",.,"A",.,"A",178,"D",.,"A",.,"A"
"20102",2200003,34,0,"1",.,"A",.,"A",.,"A",.,"A",.,"A",.,"A",.,"A",.,"A",.,"A",.,"A",.,"A",.,"A",.,"A",.,"A",.,"A"
"20102",2200013,71,0,"1",.,"A",.,"A",.,"A",.,"A",.,"A",.,"A",.,"A",.,"A",.,"A",.,"A",.,"A",.,"A",850,"D",.,"A",.,"A"
"20102",2200023,52,0,"1",.,"A",.,"A",.,"A",.,"A",.,"A",.,"A",.,"A",.,"A",.,"A",.,"A",.,"A",.,"A",30,"D",.,"A",.,"A"
"20102",2200033,53,0,"1",.,"A",.,"A",.,"A",.,"A",.,"A",.,"A",.,"A",.,"A",.,"A",.,"A",.,"A",.,"A",270,"D",.,"A",.,"A"
"20102",2200043,49,0,"1",.,"A",.,"A",.,"A",.,"A",.,"A",.,"A",858,"D",.,"A",270,"D",.,"A",.,"A",.,"A",.,"A",.,"A",.,"A"
"20102",2200053,71,0,"1",.,"A",.,"A",.,"A",.,"A",.,"A",.,"A",.,"A",.,"A",.,"A",.,"A",.,"A",.,"A",100,"D",.,"A",.,"A"
"20102",2200073,40,0,"1",.,"A",.,"A",.,"A",.,"A",.,"A",60,"D",.,"A",.,"A",.,"A",.,"A",.,"A",.,"A",90,"D",.,"A",.,"A"
"20102",2200083,35,0,"1",.,"A",.,"A",.,"A",.,"A",.,"A",.,"A",.,"A",.,"A",.,"A",.,"A",.,"A",.,"A",.,"A",.,"A",.,"A"
"20102",2200093,26,0,"1",.,"A",.,"A",.,"A",.,"A",.,"A",.,"A",.,"A",.,"A",.,"A",42,"D",0,"D",18,"D",30,"D",14,"D",.,"A"
"20102",2200113,53,0,"1",.,"A",.,"A",.,"A",.,"A",60,"D",50,"D",.,"A",.,"A",.,"A",.,"A",.,"A",.,"A",300,"D",.,"A",.,"A"
"20102",2200123,94,0,"1",.,"A",.,"A",1,"D",.,"A",.,"A",150,"D",.,"A",.,"A",.,"A",0,"D",180,"D",0,"D",200,"D",0,"D",.,"A"
"20102",2200133,30,0,"1",.,"A",.,"A",.,"A",.,"A",.,"A",.,"A",.,"A",.,"A",.,"A",.,"A",.,"A",.,"A",.,"A",.,"A",.,"A"
"20102",2200143,45,0,"1",.,"A",.,"A",.,"A",.,"A",.,"A",.,"A",.,"A",.,"A",.,"A",.,"A",.,"A",.,"A",.,"A",.,"A",.,"A"
"20102",2200153,33,0,"1",.,"A",.,"A",.,"A",.,"A",.,"A",.,"A",.,"A",.,"A",.,"A",.,"A",.,"A",.,"A",.,"A",.,"A",.,"A"
"20102",2200183,42,0,"1",.,"A",.,"A",.,"A",.,"A",.,"A",.,"A",78,"D",.,"A",.,"A",.,"A",.,"A",.,"A",.,"A",.,"A",.,"A"
"20102",2200193,32,0,"1",.,"A",.,"A",.,"A",100,"D",60,"D",60,"D",.,"A",.,"A",.,"A",0,"D",0,"D",270,"D",75,"D",0,"D",.,"A"
"20102",2200213,60,0,"1",.,"A",.,"A",.,"A",.,"A",.,"A",.,"A",.,"A",.,"A",.,"A",165,"F",0,"D",0,"D",42,"D",.,"C",.,"A"
"20102",2200223,44,0,"1",.,"A",.,"A",.,"A",.,"A",.,"A",.,"A",.,"A",.,"A",.,"A",.,"A",.,"A",.,"A",120,"D",.,"A",.,"A"
"20102",2200233,25,0,"1",.,"A",.,"A",.,"A",.,"A",.,"A",.,"A",195,"D",.,"A",.,"A",.,"A",.,"A",.,"A",.,"A",.,"A",.,"A"
"20102",2200243,44,0,"1",.,"A",.,"A",.,"A",20,"D",.,"A",.,"A",.,"A",.,"A",.,"A",258,"D",240,"D",60,"D",60,"D",86,"D",260,"D"
"20102",2200253,44,0,"1",.,"A",.,"A",.,"A",.,"A",.,"A",.,"A",.,"A",.,"A",.,"A",.,"A",.,"A",.,"A",.,"A",.,"A",.,"A"
"20102",2200263,28,0,"1",.,"A",.,"A",.,"A",.,"A",.,"A",.,"A",.,"A",.,"A",.,"A",.,"A",.,"A",.,"A",.,"A",.,"A",.,"A"
"20102",2200273,46,0,"1",.,"A",.,"A",.,"A",.,"A",.,"A",120,"D",.,"A",.,"A",.,"A",.,"A",.,"A",.,"A",70,"D",.,"A",.,"A"
"20102",2200303,69,0,"1",.,"A",.,"A",.,"A",.,"A",.,"A",.,"A",.,"A",.,"A",.,"A",.,"A",.,"A",.,"A",235,"D",.,"A",.,"A"
"20102",2200313,94,0,"1",.,"A",.,"A",.,"A",.,"A",.,"A",.,"A",.,"A",.,"A",.,"A",.,"A",.,"A",.,"A",60,"D",.,"A",.,"A"
"20102",2200323,54,0,"1",.,"A",.,"A",.,"A",.,"A",.,"A",100,"D",.,"A",.,"A",.,"A",.,"A",.,"A",.,"A",100,"D",.,"A",.,"A"
"20102",2200343,57,0,"1",15,"D",.,"A",.,"A",.,"A",0,"D",.,"A",1170,"D",.,"A",.,"A",.,"A",.,"A",.,"A",100,"D",.,"A",.,"A"
"20102",2200353,43,0,"1",.,"A",.,"A",.,"A",.,"A",48,"D",.,"A",.,"A",.,"A",30,"D",.,"A",.,"A",.,"A",60,"D",.,"A",.,"A"
"20102",2200373,41,0,"1",.,"A",.,"A",.,"A",.,"A",.,"A",10,"D",.,"A",.,"A",.,"A",.,"A",.,"A",.,"A",180,"D",.,"A",.,"A"
"20102",2200383,37,0,"1",.,"A",.,"A",.,"A",.,"A",.,"A",18,"D",.,"A",.,"A",.,"A",.,"A",.,"A",.,"A",104,"D",.,"A",.,"A"
"20102",2200393,46,0,"1",.,"A",.,"A",.,"A",.,"A",.,"A",.,"A",.,"A",.,"A",.,"A",.,"A",.,"A",.,"A",.,"A",.,"A",.,"A"
"20102",2200413,33,0,"1",.,"A",.,"A",.,"A",.,"A",270,"D",.,"A",.,"A",.,"A",.,"A",.,"A",.,"A",.,"A",300,"D",.,"A",.,"A"
"20102",2200453,30,0,"1",.,"A",.,"A",.,"A",.,"A",.,"A",.,"A",.,"A",.,"A",.,"A",.,"A",.,"A",.,"A",.,"A",.,"A",.,"A"
"20102",2200463,33,0,"1",.,"A",.,"A",.,"A",.,"A",.,"A",.,"A",130,"D",.,"A",.,"A",.,"A",.,"A",.,"A",.,"A",.,"A",.,"A"
"20102",2200473,56,0,"1",.,"A",.,"A",.,"A",.,"A",.,"A",.,"A",.,"A",.,"A",.,"A",.,"A",.,"A",.,"A",160,"D",.,"A",.,"A"
"20102",2200483,48,0,"1",.,"A",.,"A",.,"A",.,"A",.,"A",.,"A",.,"A",.,"A",.,"A",.,"A",.,"A",.,"A",240,"D",.,"A",.,"A"
"20102",2200493,43,0,"1",.,"A",.,"A",.,"A",.,"A",.,"A",.,"A",.,"A",.,"A",.,"A",.,"A",.,"A",.,"A",20,"D",.,"A",.,"A"
"20102",2200503,53,0,"1",.,"A",.,"A",.,"A",.,"A",.,"A",.,"A",.,"A",.,"A",.,"A",.,"A",.,"A",.,"A",33,"D",.,"A",.,"A"
"20102",2200513,50,0,"1",.,"A",.,"A",.,"A",.,"A",.,"A",.,"A",1950,"D",.,"A",.,"A",.,"A",.,"A",.,"A",.,"A",.,"A",.,"A"
"20102",2200523,55,0,"1",.,"A",.,"A",.,"A",.,"A",.,"A",25,"D",.,"A",.,"A",.,"A",.,"A",.,"A",.,"A",.,"A",.,"A",.,"A"
"20102",2200553,37,0,"1",.,"A",.,"A",.,"A",.,"A",.,"A",.,"A",.,"A",.,"A",.,"A",.,"A",.,"A",.,"A",15,"D",.,"A",.,"A"
"20102",2200563,39,0,"1",.,"A",.,"A",.,"A",.,"A",.,"A",.,"A",.,"A",.,"A",.,"A",.,"A",.,"A",.,"A",.,"A",.,"A",.,"A"
"20102",2200603,35,0,"1",.,"A",.,"A",.,"A",.,"A",.,"A",.,"A",.,"A",.,"A",.,"A",.,"A",.,"A",.,"A",.,"A",.,"A",.,"A"
"20102",2200613,31,0,"1",.,"A",.,"A",.,"A",.,"A",.,"A",.,"A",.,"A",.,"A",.,"A",.,"A",.,"A",.,"A",300,"D",.,"A",.,"A"
"20102",2200635,47,0,"1",.,"A",.,"A",.,"A",.,"A",.,"A",.,"A",.,"A",.,"A",.,"A",.,"A",.,"A",.,"A",170,"D",.,"A",.,"A"
"20102",2200643,49,0,"1",.,"A",.,"A",.,"A",.,"A",.,"A",.,"A",.,"A",.,"A",18,"D",.,"A",.,"A",.,"A",.,"A",.,"A",.,"A"
"20102",2200653,53,0,"1",.,"A",.,"A",.,"A",.,"A",.,"A",36,"D",702,"D",.,"A",.,"A",.,"A",.,"A",.,"A",.,"A",.,"A",.,"A"
"20102",2200673,32,0,"1",.,"A",.,"A",.,"A",.,"A",.,"A",.,"A",.,"A",.,"A",.,"A",.,"A",.,"A",.,"A",8,"D",.,"A",.,"A"
"20102",2200683,45,0,"1",.,"A",.,"A",.,"A",.,"A",.,"A",.,"A",260,"D",.,"A",.,"A",.,"A",.,"A",.,"A",70,"D",.,"A",.,"A"
"20102",2200703,31,0,"1",.,"A",.,"A",.,"A",135,"F",180,"D",100,"D",104,"F",.,"A",.,"A",.,"A",.,"A",.,"A",900,"D",.,"A",.,"A"
"20102",2200713,25,0,"1",.,"A",.,"A",.,"A",.,"A",240,"D",.,"A",.,"A",.,"A",.,"A",240,"D",0,"D",60,"D",.,"A",80,"D",.,"A"
"20102",2200733,41,0,"1",.,"A",.,"A",.,"A",.,"A",.,"A",.,"A",.,"A",.,"A",.,"A",.,"A",.,"A",.,"A",.,"A",.,"A",.,"A"
"20102",2200773,83,0,"1",.,"A",.,"A",.,"A",.,"A",.,"A",.,"A",.,"A",.,"A",15,"D",.,"A",.,"A",.,"A",260,"D",.,"A",.,"A"
"20102",2200783,26,0,"1",.,"A",.,"A",.,"A",.,"A",.,"A",20,"D",.,"A",.,"A",.,"A",.,"A",.,"A",.,"A",.,"A",.,"A",.,"A"
"20102",2200793,82,0,"1",.,"A",.,"A",.,"A",.,"A",.,"A",.,"A",.,"A",.,"A",.,"A",.,"A",.,"A",.,"A",150,"D",.,"A",.,"A"
"20102",2200803,90,0,"1",.,"A",.,"A",.,"A",.,"A",.,"A",720,"D",1560,"D",.,"A",180,"D",.,"A",.,"A",.,"A",240,"D",.,"A",.,"A"
"20102",2200813,30,0,"1",.,"A",.,"A",.,"A",.,"A",.,"A",.,"A",.,"A",.,"A",.,"A",.,"A",.,"A",.,"A",60,"D",.,"A",.,"A"
"20102",2200823,53,0,"1",.,"A",.,"A",.,"A",.,"A",.,"A",.,"A",.,"A",.,"A",.,"A",.,"A",.,"A",.,"A",.,"A",.,"A",.,"A"
"20102",2200833,48,0,"1",.,"A",.,"A",.,"A",.,"A",.,"A",.,"A",91,"D",.,"A",.,"A",.,"A",.,"A",.,"A",65,"D",.,"A",.,"A"
"20102",2200843,51,0,"1",.,"A",.,"A",.,"A",.,"A",.,"A",.,"A",.,"A",.,"A",.,"A",.,"A",.,"A",.,"A",153,"D",.,"A",.,"A"
"20102",2200885,64,0,"1",.,"A",.,"A",.,"A",.,"A",180,"D",.,"A",.,"A",.,"A",.,"A",.,"A",.,"A",.,"A",30,"D",.,"A",.,"A"
"20102",2200903,35,0,"1",.,"A",.,"A",.,"A",.,"A",40,"D",.,"A",.,"A",.,"A",.,"A",.,"A",.,"A",.,"A",100,"D",.,"A",.,"A"
"20102",2200913,38,0,"1",.,"A",.,"A",.,"A",.,"A",.,"A",.,"A",.,"A",.,"A",.,"A",.,"A",.,"A",.,"A",.,"A",.,"A",.,"A"
"20102",2200933,55,0,"1",.,"A",.,"A",.,"A",.,"A",.,"A",.,"A",390,"D",.,"A",.,"A",.,"A",.,"A",.,"A",210,"D",.,"A",.,"A"
"20102",2200953,60,0,"1",.,"A",.,"A",.,"A",.,"A",.,"A",.,"A",.,"A",.,"A",.,"A",.,"A",.,"A",.,"A",15,"D",.,"A",.,"A"
"20102",2200964,73,0,"1",.,"A",.,"A",.,"A",.,"A",.,"A",9,"D",.,"A",.,"A",12,"D",.,"A",.,"A",.,"A",50,"D",.,"A",.,"A"
"20102",2200973,63,0,"1",.,"A",.,"A",.,"A",.,"A",.,"A",.,"A",.,"A",.,"A",.,"A",.,"A",.,"A",.,"A",100,"D",.,"A",.,"A"
"20102",2200983,79,0,"1",.,"A",.,"A",.,"A",.,"A",.,"A",.,"A",.,"A",.,"A",.,"A",.,"A",.,"A",.,"A",131,"D",.,"A",.,"A"
"20102",2200993,65,0,"1",.,"A",.,"A",.,"A",.,"A",.,"A",.,"A",.,"A",.,"A",.,"A",.,"A",.,"A",.,"A",63,"D",.,"A",.,"A"
"20102",2201003,68,0,"1",.,"A",.,"A",.,"A",.,"A",.,"A",.,"A",.,"A",.,"A",.,"A",.,"A",.,"A",.,"A",20,"D",.,"A",.,"A"
"20102",2201033,49,0,"1",.,"A",.,"A",.,"A",.,"A",.,"A",.,"A",.,"A",.,"A",.,"A",.,"A",.,"A",.,"A",.,"A",.,"A",.,"A"
"20102",2201043,69,0,"1",.,"A",.,"A",40,"D",.,"A",.,"A",10,"D",.,"A",.,"A",.,"A",0,"D",0,"D",15,"D",150,"D",0,"D",.,"A"
"20102",2201063,55,0,"1",.,"A",.,"A",15,"D",.,"A",.,"A",.,"A",.,"A",.,"A",.,"A",.,"A",.,"A",.,"A",.,"A",.,"A",.,"A"
"20102",2201073,30,0,"1",20,"D",.,"A",.,"A",36,"D",70,"D",.,"A",.,"A",.,"A",.,"A",0,"D",0,"D",72,"D",.,"A",0,"D",.,"A"
"20102",2201083,23,0,"1",.,"A",.,"A",.,"A",.,"A",20,"D",.,"A",390,"D",.,"A",.,"A",.,"A",.,"A",.,"A",.,"A",.,"A",.,"A"
"20102",2201103,55,0,"1",.,"A",.,"A",.,"A",.,"A",.,"A",.,"A",.,"A",.,"A",.,"A",0,"D",0,"D",60,"D",.,"A",0,"D",.,"A"
"20102",2201143,21,0,"1",.,"A",.,"A",.,"A",.,"A",.,"A",.,"A",.,"A",.,"A",.,"A",.,"A",.,"A",.,"A",.,"A",.,"A",.,"A"
"20102",2201153,54,0,"1",.,"A",.,"A",.,"A",.,"A",.,"A",.,"A",.,"A",.,"A",.,"A",.,"A",.,"A",.,"A",.,"A",.,"A",.,"A"
"20102",2201163,66,0,"1",.,"A",.,"A",.,"A",.,"A",.,"A",.,"A",.,"A",.,"A",.,"A",.,"A",.,"A",.,"A",60,"D",.,"A",.,"A"
"20102",2201173,63,0,"1",.,"A",.,"A",.,"A",.,"A",.,"A",.,"A",.,"A",.,"A",.,"A",.,"A",.,"A",.,"A",26,"D",.,"A",.,"A"
"20102",2201183,49,0,"1",.,"A",.,"A",.,"A",.,"A",.,"A",120,"D",.,"A",.,"A",.,"A",.,"A",.,"A",.,"A",50,"D",.,"A",.,"A"
"20102",2201193,29,0,"1",.,"A",.,"A",.,"A",.,"A",.,"A",.,"A",.,"A",.,"A",.,"A",.,"A",.,"A",.,"A",.,"A",.,"A",.,"A"
"20102",2201203,33,0,"1",.,"A",.,"A",.,"A",.,"A",.,"A",.,"A",.,"A",.,"A",.,"A",.,"A",.,"A",.,"A",.,"A",.,"A",.,"A"
"20102",2201223,55,0,"1",.,"A",.,"A",.,"A",.,"A",.,"A",.,"A",.,"A",.,"A",.,"A",.,"A",.,"A",.,"A",250,"D",.,"A",.,"A"
"20102",2201233,52,0,"1",.,"A",.,"A",.,"A",.,"A",.,"A",.,"A",156,"D",.,"A",.,"A",.,"A",.,"A",.,"A",25,"D",.,"A",.,"A"
"20102",2201243,64,0,"1",.,"A",.,"A",.,"A",.,"A",.,"A",25,"D",.,"A",.,"A",.,"A",.,"A",.,"A",.,"A",125,"D",.,"A",.,"A"
"20102",2201253,37,0,"1",.,"A",.,"A",.,"A",.,"A",.,"A",.,"A",.,"A",.,"A",.,"A",.,"A",.,"A",.,"A",40,"D",.,"A",.,"A"
"20102",2201263,50,0,"1",.,"A",.,"A",.,"A",.,"A",.,"A",.,"A",.,"A",.,"A",.,"A",.,"A",.,"A",.,"A",.,"A",.,"A",.,"A"
"20102",2201284,35,0,"1",.,"A",.,"A",.,"A",.,"A",.,"A",.,"A",.,"A",.,"A",.,"A",.,"A",.,"A",.,"A",20,"D",.,"A",.,"A"
"20102",2201293,40,0,"1",.,"A",.,"A",.,"A",.,"A",45,"D",.,"A",52,"D",.,"A",.,"A",.,"A",.,"A",.,"A",40,"D",.,"A",.,"A"
"20102",2201303,43,0,"1",.,"A",.,"A",.,"A",140,"D",.,"A",.,"A",.,"A",.,"A",.,"A",.,"A",.,"A",.,"A",36,"D",.,"A",.,"A"
"20102",2201323,59,0,"1",.,"A",.,"A",.,"A",.,"A",.,"A",30,"D",.,"A",.,"A",.,"A",.,"A",.,"A",.,"A",90,"D",.,"A",.,"A"
"20102",2201333,55,0,"1",.,"A",.,"A",.,"A",.,"A",.,"A",.,"A",.,"A",.,"A",.,"A",.,"A",.,"A",.,"A",60,"D",.,"A",.,"A"
"20102",2201343,61,0,"1",.,"A",.,"A",.,"A",.,"A",.,"A",20,"D",104,"D",.,"A",.,"A",.,"A",.,"A",.,"A",.,"A",.,"A",.,"A"
"20102",2201363,34,0,"1",.,"A",.,"A",.,"A",.,"A",.,"A",8,"D",.,"A",.,"A",.,"A",.,"A",.,"A",.,"A",.,"A",.,"A",.,"A"
"20102",2201373,25,0,"1",.,"A",.,"A",.,"A",.,"A",.,"A",.,"A",91,"D",.,"A",.,"A",.,"A",.,"A",.,"A",60,"D",.,"A",.,"A"
"20102",2201393,45,0,"1",.,"A",.,"A",.,"A",.,"A",.,"A",.,"A",.,"A",65,"F",.,"A",.,"A",.,"A",.,"A",.,"A",.,"A",.,"A"
"20102",2201403,34,0,"1",.,"A",.,"A",.,"A",.,"A",.,"A",.,"A",260,"D",.,"A",.,"A",.,"A",.,"A",.,"A",60,"D",.,"A",.,"A"
"20102",2201413,28,0,"1",.,"A",.,"A",.,"A",.,"A",11,"D",.,"A",.,"A",.,"A",.,"A",.,"A",.,"A",.,"A",.,"A",.,"A",.,"A"
"20102",2201423,48,0,"1",.,"A",.,"A",.,"A",.,"A",.,"A",.,"A",455,"D",.,"A",.,"A",.,"A",.,"A",.,"A",.,"A",.,"A",.,"A"
"20102",2201453,34,0,"1",.,"A",.,"A",.,"A",.,"A",10,"D",20,"D",.,"A",.,"A",.,"A",.,"A",.,"A",.,"A",40,"D",.,"A",.,"A"
"20102",2201463,67,0,"1",13,"D",.,"A",.,"A",.,"A",2,"D",.,"A",.,"A",.,"A",.,"A",.,"A",.,"A",.,"A",.,"A",.,"A",.,"A"
"20102",2201473,39,0,"1",.,"A",.,"A",.,"A",.,"A",60,"D",.,"A",.,"A",.,"A",.,"A",.,"A",.,"A",.,"A",120,"D",.,"A",.,"A"
"20102",2201493,55,0,"1",.,"A",.,"A",.,"A",.,"A",.,"A",.,"A",.,"A",.,"A",.,"A",.,"A",.,"A",.,"A",.,"A",.,"A",.,"A"
"20102",2201503,38,0,"1",.,"A",.,"A",.,"A",.,"A",.,"A",.,"A",481,"D",.,"A",.,"A",.,"A",.,"A",.,"A",.,"A",.,"A",.,"A"
"20102",2201513,42,0,"1",.,"A",.,"A",.,"A",.,"A",.,"A",.,"A",.,"A",.,"A",.,"A",.,"A",.,"A",.,"A",120,"D",.,"A",.,"A"
"20102",2201523,41,0,"1",.,"A",.,"A",.,"A",.,"A",120,"D",120,"D",.,"A",.,"A",.,"A",.,"A",.,"A",.,"A",80,"D",.,"A",.,"A"
"20102",2201533,42,0,"1",.,"A",.,"A",.,"A",.,"A",.,"A",.,"A",832,"D",.,"A",.,"A",.,"A",.,"A",.,"A",.,"A",.,"A",.,"A"
"20102",2201543,54,0,"1",.,"A",.,"A",.,"A",.,"A",.,"A",.,"A",.,"A",.,"A",30,"D",.,"A",.,"A",.,"A",130,"D",.,"A",.,"A"
"20102",2201573,51,0,"1",.,"A",.,"A",.,"A",.,"A",.,"A",.,"A",.,"A",.,"A",.,"A",288,"D",0,"D",0,"D",12,"D",96,"D",.,"A"
"20102",2201583,33,0,"1",.,"A",.,"A",.,"A",.,"A",.,"A",.,"A",.,"A",.,"A",.,"A",.,"A",.,"A",.,"A",45,"D",.,"A",.,"A"
"20102",2201603,31,0,"1",.,"A",.,"A",.,"A",.,"A",.,"A",.,"A",.,"A",.,"A",.,"A",132,"F",0,"D",0,"D",.,"A",.,"C",.,"A"
"20102",2201613,38,0,"1",.,"A",.,"A",.,"A",.,"A",.,"A",.,"A",.,"A",.,"A",.,"A",.,"A",.,"A",.,"A",30,"D",.,"A",.,"A"
"20102",2201633,73,0,"1",.,"A",.,"A",1,"D",.,"A",.,"A",500,"D",.,"A",.,"A",.,"A",.,"A",.,"A",.,"A",200,"D",.,"A",.,"A"
"20102",2201643,69,0,"1",.,"A",.,"A",.,"A",.,"A",18,"D",15,"D",.,"A",.,"A",30,"D",.,"A",.,"A",.,"A",550,"D",.,"A",.,"A"
"20102",2201653,34,0,"1",.,"A",.,"A",.,"A",.,"A",.,"A",.,"A",.,"A",.,"A",.,"A",.,"A",.,"A",.,"A",.,"A",.,"A",.,"A"
"20102",2201663,58,0,"1",.,"A",.,"A",.,"A",.,"A",.,"A",.,"A",.,"A",234,"D",.,"A",.,"A",.,"A",.,"A",225,"D",.,"A",.,"A"
"20102",2201673,65,0,"1",.,"A",.,"A",.,"A",.,"A",.,"A",40,"D",91,"D",.,"A",30,"D",9,"D",0,"D",9,"D",.,"A",3,"D",.,"A"
"20102",2201683,42,0,"1",.,"A",.,"A",.,"A",.,"A",.,"A",.,"A",.,"A",.,"A",.,"A",.,"A",.,"A",.,"A",.,"A",.,"A",.,"A"
"20102",2201703,32,0,"1",.,"A",.,"A",.,"A",.,"A",.,"A",.,"A",.,"A",.,"A",.,"A",.,"A",.,"A",.,"A",.,"A",.,"A",.,"A"
"20102",2201713,54,0,"1",.,"A",.,"A",.,"A",.,"A",.,"A",.,"A",.,"A",.,"A",60,"D",.,"A",.,"A",.,"A",.,"A",.,"A",.,"A"
"20102",2201743,44,0,"1",.,"A",.,"A",.,"A",.,"A",.,"A",.,"A",.,"A",.,"A",.,"A",.,"A",.,"A",.,"A",.,"A",.,"A",.,"A"
"20102",2201763,55,0,"1",.,"A",.,"A",.,"A",.,"A",.,"A",.,"A",.,"A",.,"A",.,"A",.,"A",.,"A",.,"A",50,"D",.,"A",.,"A"
"20102",2201783,47,0,"1",.,"A",.,"A",35,"D",80,"D",.,"A",.,"A",.,"A",.,"A",.,"A",.,"A",.,"A",.,"A",50,"D",.,"A",.,"A"
"20102",2201793,81,0,"1",.,"A",.,"A",.,"A",.,"A",.,"A",90,"D",390,"D",.,"A",.,"A",.,"A",.,"A",.,"A",315,"D",.,"A",.,"A"
"20102",2201803,28,0,"1",.,"A",.,"A",.,"A",.,"A",.,"A",.,"A",.,"A",.,"A",.,"A",.,"A",.,"A",.,"A",.,"A",.,"A",.,"A"
"20102",2201813,40,0,"1",.,"A",.,"A",.,"A",.,"A",.,"A",.,"A",.,"A",.,"A",.,"A",.,"A",.,"A",.,"A",.,"A",.,"A",.,"A"
"20102",2201853,49,0,"1",.,"A",.,"A",.,"A",.,"A",.,"A",.,"A",130,"D",.,"A",.,"A",.,"A",.,"A",.,"A",45,"D",.,"A",.,"A"
"20102",2201863,93,0,"1",.,"A",.,"A",.,"A",500,"D",.,"A",750,"D",.,"A",.,"A",90,"D",.,"A",.,"A",.,"A",1500,"D",.,"A",.,"A"
"20102",2201873,48,0,"1",.,"A",.,"A",.,"A",.,"A",.,"A",40,"D",.,"A",.,"A",.,"A",.,"A",.,"A",.,"A",.,"A",.,"A",.,"A"
"20102",2201903,51,0,"1",.,"A",.,"A",.,"A",.,"A",.,"A",.,"A",.,"A",.,"A",.,"A",15,"D",0,"D",15,"D",120,"D",5,"D",.,"A"
"20102",2201913,41,0,"1",.,"A",.,"A",.,"A",.,"A",.,"A",.,"A",.,"A",.,"A",.,"A",.,"A",.,"A",.,"A",.,"A",.,"A",.,"A"
"20102",2201933,72,0,"1",.,"A",.,"A",.,"A",100,"D",.,"A",100,"D",.,"A",130,"D",.,"A",.,"A",.,"A",.,"A",350,"D",.,"A",.,"A"
"20102",2201943,68,0,"1",.,"A",.,"A",.,"A",.,"A",.,"A",.,"A",.,"A",.,"A",.,"A",0,"D",210,"D",0,"D",300,"D",0,"D",.,"A"
"20102",2201953,39,0,"1",.,"A",.,"A",.,"A",.,"A",60,"D",.,"A",.,"A",.,"A",.,"A",.,"A",.,"A",.,"A",75,"D",.,"A",.,"A"
"20102",2201973,73,0,"1",.,"A",.,"A",.,"A",.,"A",.,"A",.,"A",.,"A",.,"A",1500,"D",.,"A",.,"A",.,"A",90,"D",.,"A",.,"A"
"20102",2201983,43,0,"1",.,"A",.,"A",.,"A",.,"A",.,"A",.,"A",.,"A",.,"A",.,"A",.,"A",.,"A",.,"A",.,"A",.,"A",.,"A"
"20102",2201993,58,0,"1",.,"A",.,"A",.,"A",.,"A",.,"A",.,"A",.,"A",.,"A",.,"A",.,"A",.,"A",.,"A",20,"D",.,"A",.,"A"
"20102",2202033,24,0,"1",.,"A",.,"A",.,"A",.,"A",30,"D",.,"A",.,"A",.,"A",.,"A",300,"D",0,"D",0,"D",.,"A",100,"D",.,"A"
"20102",2202063,45,0,"1",.,"A",.,"A",.,"A",.,"A",.,"A",.,"A",.,"A",.,"A",.,"A",.,"A",.,"A",.,"A",100,"D",.,"A",.,"A"
"20102",2202073,34,0,"1",.,"A",.,"A",.,"A",40,"D",15,"D",.,"A",.,"A",.,"A",.,"A",.,"A",.,"A",.,"A",.,"A",.,"A",.,"A"
"20102",2202083,33,0,"1",.,"A",.,"A",.,"A",.,"A",.,"A",.,"A",.,"A",.,"A",.,"A",.,"A",.,"A",.,"A",80,"D",.,"A",.,"A"
"20102",2202113,45,0,"1",.,"A",.,"A",.,"A",.,"A",.,"A",.,"A",65,"D",.,"A",.,"A",.,"A",.,"A",.,"A",10,"D",.,"A",.,"A"
"20102",2202163,46,0,"1",.,"A",.,"A",.,"A",.,"A",.,"A",.,"A",.,"A",.,"A",.,"A",.,"A",.,"A",.,"A",450,"D",.,"A",.,"A"
"20102",2202184,56,0,"1",.,"A",.,"A",.,"A",.,"A",.,"A",.,"A",.,"A",.,"A",.,"A",.,"A",.,"A",.,"A",.,"A",.,"A",.,"A"
"20102",2202193,26,0,"1",18,"D",.,"A",.,"A",.,"A",42,"D",.,"A",.,"A",.,"A",.,"A",.,"A",.,"A",.,"A",.,"A",.,"A",.,"A"
"20102",2202203,24,0,"1",.,"A",.,"A",.,"A",.,"A",10,"D",.,"A",.,"A",.,"A",.,"A",.,"A",.,"A",.,"A",.,"A",.,"A",.,"A"
"20102",2202223,52,0,"1",.,"A",.,"A",.,"A",.,"A",.,"A",.,"A",.,"A",.,"A",.,"A",.,"A",.,"A",.,"A",200,"D",.,"A",.,"A"
"20102",2202243,33,0,"1",.,"A",.,"A",.,"A",50,"F",.,"A",.,"A",.,"A",.,"A",.,"A",.,"A",.,"A",.,"A",.,"A",.,"A",.,"A"
"20102",2202253,46,0,"1",.,"A",.,"A",.,"A",.,"A",.,"A",.,"A",.,"A",.,"A",.,"A",.,"A",.,"A",.,"A",65,"D",.,"A",.,"A"
"20102",2202263,56,0,"1",.,"A",.,"A",.,"A",.,"A",.,"A",.,"A",.,"A",.,"A",.,"A",.,"A",.,"A",.,"A",40,"D",.,"A",.,"A"
"20102",2202273,71,0,"1",.,"A",.,"A",.,"A",.,"A",.,"A",.,"A",.,"A",.,"A",.,"A",.,"A",.,"A",.,"A",300,"D",.,"A",.,"A"
"20102",2202284,37,0,"1",.,"A",.,"A",.,"A",.,"A",.,"A",.,"A",.,"A",.,"A",.,"A",.,"A",.,"A",.,"A",140,"D",.,"A",.,"A"
"20102",2202293,44,0,"1",.,"A",.,"A",.,"A",.,"A",.,"A",.,"A",.,"A",.,"A",.,"A",.,"A",.,"A",.,"A",36,"D",.,"A",.,"A"
"20102",2202313,30,0,"1",.,"A",.,"A",.,"A",.,"A",45,"D",.,"A",.,"A",.,"A",.,"A",.,"A",.,"A",.,"A",.,"A",.,"A",.,"A"
"20102",2202323,29,0,"1",.,"A",.,"A",.,"A",.,"A",.,"A",.,"A",.,"A",.,"A",.,"A",.,"A",.,"A",.,"A",.,"A",.,"A",.,"A"
"20102",2202333,61,0,"1",.,"A",.,"A",.,"A",.,"A",.,"A",.,"A",.,"A",.,"A",105,"D",.,"A",.,"A",.,"A",.,"A",.,"A",.,"A"
"20102",2202343,41,0,"1",.,"A",.,"A",.,"A",.,"A",.,"A",.,"A",.,"A",.,"A",.,"A",.,"A",.,"A",.,"A",.,"A",.,"A",.,"A"
"20102",2202353,53,0,"1",.,"A",.,"A",.,"A",.,"A",.,"A",.,"A",.,"A",.,"A",.,"A",.,"A",.,"A",.,"A",.,"A",.,"A",.,"A"
"20102",2202373,44,0,"1",.,"A",.,"A",.,"A",.,"A",.,"A",.,"A",.,"A",.,"A",.,"A",.,"A",.,"A",.,"A",75,"D",.,"A",.,"A"
"20102",2202383,54,0,"1",.,"A",.,"A",.,"A",.,"A",.,"A",.,"A",390,"D",.,"A",.,"A",.,"A",.,"A",.,"A",.,"A",.,"A",.,"A"
"20102",2202393,78,0,"1",.,"A",.,"A",.,"A",.,"A",.,"A",.,"A",.,"A",.,"A",3,"D",.,"A",.,"A",.,"A",40,"D",.,"A",.,"A"
"20102",2202413,43,0,"1",.,"A",.,"A",.,"A",.,"A",.,"A",.,"A",.,"A",.,"A",.,"A",.,"A",.,"A",.,"A",.,"A",.,"A",.,"A"
"20102",2202423,55,0,"1",.,"A",.,"A",.,"A",.,"A",.,"A",.,"A",.,"A",.,"A",.,"A",.,"A",.,"A",.,"A",.,"A",.,"A",.,"A"
"20102",2202433,81,0,"1",.,"A",.,"A",.,"A",.,"A",.,"A",.,"A",.,"A",.,"A",.,"A",.,"A",.,"A",.,"A",.,"A",.,"A",.,"A"
"20102",2202443,39,0,"1",.,"A",.,"A",.,"A",.,"A",.,"A",.,"A",.,"A",.,"A",.,"A",.,"A",.,"A",.,"A",50,"D",.,"A",.,"A"
"20102",2202453,44,0,"1",.,"A",.,"A",.,"A",.,"A",360,"D",.,"A",.,"A",.,"A",.,"A",.,"A",.,"A",.,"A",120,"D",.,"A",.,"A"
"20102",2202463,41,0,"1",.,"A",.,"A",.,"A",.,"A",.,"A",.,"A",260,"D",.,"A",.,"A",.,"A",.,"A",.,"A",.,"A",.,"A",.,"A"
"20102",2202473,51,0,"1",.,"A",.,"A",.,"A",.,"A",.,"A",.,"A",.,"A",.,"A",.,"A",.,"A",.,"A",.,"A",150,"D",.,"A",.,"A"
"20102",2202483,59,0,"1",.,"A",.,"A",.,"A",.,"A",.,"A",40,"F",.,"A",.,"A",.,"A",.,"A",.,"A",.,"A",120,"D",.,"A",.,"A"
"20102",2202493,47,0,"1",.,"A",.,"A",.,"A",.,"A",.,"A",30,"D",.,"A",.,"A",.,"A",.,"A",.,"A",.,"A",100,"D",.,"A",.,"A"
"20102",2202503,45,0,"1",.,"A",.,"A",.,"A",.,"A",.,"A",.,"A",156,"D",.,"A",.,"A",.,"A",.,"A",.,"A",40,"D",.,"A",.,"A"
"20102",2202513,64,0,"1",10,"D",.,"A",.,"A",.,"A",0,"D",.,"A",.,"A",.,"A",9,"D",.,"A",.,"A",.,"A",300,"D",.,"A",.,"A"
"20102",2202523,27,0,"1",.,"A",.,"A",.,"A",.,"A",.,"A",.,"A",.,"A",.,"A",.,"A",.,"A",.,"A",.,"A",.,"A",.,"A",.,"A"
"20102",2202533,92,0,"1",.,"A",.,"A",.,"A",.,"A",.,"A",.,"A",.,"A",.,"A",.,"A",.,"A",.,"A",.,"A",54,"D",.,"A",.,"A"
"20102",2202543,43,0,"1",.,"A",.,"A",.,"A",.,"A",.,"A",.,"A",455,"D",.,"A",.,"A",.,"A",.,"A",.,"A",.,"A",.,"A",.,"A"
"20102",2202573,50,0,"1",.,"A",.,"A",.,"A",.,"A",.,"A",.,"A",.,"A",.,"A",.,"A",0,"D",0,"D",36,"D",20,"D",0,"D",.,"A"
"20102",2202583,71,0,"1",.,"A",.,"A",35,"D",.,"A",.,"A",.,"A",260,"D",.,"A",.,"A",.,"A",.,"A",.,"A",150,"D",.,"A",.,"A"
"20102",2202593,61,0,"1",.,"A",.,"A",.,"A",.,"A",.,"A",.,"A",.,"A",.,"A",.,"A",.,"A",.,"A",.,"A",70,"D",.,"A",.,"A"
"20102",2202623,65,0,"1",.,"A",.,"A",.,"A",.,"A",.,"A",.,"A",.,"A",.,"A",.,"A",.,"A",.,"A",.,"A",154,"D",.,"A",.,"A"
"20102",2202633,46,0,"1",.,"A",.,"A",.,"A",.,"A",.,"A",.,"A",.,"A",.,"A",.,"A",.,"A",.,"A",.,"A",105,"D",.,"A",.,"A"
"20102",2202643,37,0,"1",.,"A",.,"A",.,"A",.,"A",.,"A",.,"A",.,"A",.,"A",.,"A",.,"A",.,"A",.,"A",80,"D",.,"A",.,"A"
"20102",2202653,58,0,"1",.,"A",.,"A",.,"A",.,"A",.,"A",.,"A",.,"A",.,"A",.,"A",.,"A",.,"A",.,"A",21,"D",.,"A",.,"A"
"20102",2202693,65,0,"1",.,"A",.,"A",.,"A",.,"A",.,"A",.,"A",.,"A",.,"A",.,"A",.,"A",.,"A",.,"A",.,"A",.,"A",.,"A"
"20102",2202703,60,0,"1",.,"A",.,"A",.,"A",.,"A",.,"A",.,"A",.,"A",.,"A",.,"A",.,"A",.,"A",.,"A",.,"A",.,"A",.,"A"
"20102",2202733,105,0,"1",.,"A",.,"A",.,"A",.,"A",.,"A",178,"D",.,"A",.,"A",18,"D",.,"A",.,"A",.,"A",210,"D",.,"A",.,"A"
"20102",2202743,94,0,"1",.,"A",.,"A",.,"A",.,"A",.,"A",320,"D",.,"A",.,"A",.,"A",.,"A",.,"A",.,"A",210,"D",.,"A",.,"A"
"20102",2202753,37,0,"1",.,"A",.,"A",.,"A",.,"A",.,"A",.,"A",.,"A",.,"A",.,"A",.,"A",.,"A",.,"A",40,"D",.,"A",.,"A"
"20102",2202773,64,0,"1",.,"A",.,"A",.,"A",.,"A",.,"A",.,"A",.,"A",.,"A",.,"A",.,"A",.,"A",.,"A",18,"D",.,"A",.,"A"
"20102",2202783,34,0,"1",.,"A",.,"A",.,"A",.,"A",.,"A",.,"A",.,"A",.,"A",.,"A",.,"A",.,"A",.,"A",.,"A",.,"A",.,"A"
"20102",2202793,26,0,"1",.,"A",.,"A",.,"A",.,"A",60,"D",.,"A",.,"A",.,"A",.,"A",0,"D",0,"D",45,"D",120,"D",0,"D",.,"A"
"20102",2202813,35,0,"1",.,"A",.,"A",.,"A",.,"A",.,"A",.,"A",455,"F",.,"A",.,"A",.,"A",.,"A",.,"A",.,"A",.,"A",.,"A"
"20102",2202823,34,0,"1",.,"A",.,"A",.,"A",.,"A",.,"A",.,"A",.,"A",.,"A",.,"A",.,"A",.,"A",.,"A",10,"D",.,"A",.,"A"
"20102",2202834,42,0,"1",.,"A",.,"A",.,"A",.,"A",.,"A",.,"A",.,"A",.,"A",.,"A",.,"A",.,"A",.,"A",30,"D",.,"A",.,"A"
"20102",2202843,84,0,"1",.,"A",.,"A",.,"A",.,"A",.,"A",.,"A",390,"D",.,"A",.,"A",.,"A",.,"A",.,"A",90,"D",.,"A",.,"A"
"20102",2202853,51,0,"1",.,"A",.,"A",61,"D",.,"A",.,"A",.,"A",.,"A",.,"A",.,"A",.,"A",.,"A",.,"A",80,"D",.,"A",.,"A"
"20102",2202863,57,0,"1",.,"A",.,"A",35,"D",.,"A",.,"A",.,"A",.,"A",.,"A",.,"A",.,"A",.,"A",.,"A",75,"D",.,"A",.,"A"
"20102",2202873,51,0,"1",.,"A",.,"A",.,"A",.,"A",.,"A",.,"A",.,"A",.,"A",.,"A",.,"A",.,"A",.,"A",60,"D",.,"A",.,"A"
"20102",2202883,37,0,"1",.,"A",.,"A",.,"A",.,"A",.,"A",.,"A",390,"D",.,"A",.,"A",.,"A",.,"A",.,"A",.,"A",.,"A",.,"A"
"20102",2202893,44,0,"1",.,"A",.,"A",.,"A",80,"D",.,"A",60,"D",.,"A",.,"A",.,"A",0,"D",0,"D",75,"D",150,"D",0,"D",.,"A"
"20102",2202913,43,0,"1",.,"A",.,"A",.,"A",.,"A",.,"A",.,"A",.,"A",.,"A",.,"A",.,"A",.,"A",.,"A",.,"A",.,"A",.,"A"
"20102",2202923,44,0,"1",.,"A",.,"A",.,"A",.,"A",.,"A",.,"A",.,"A",.,"A",.,"A",.,"A",.,"A",.,"A",25,"D",.,"A",.,"A"
"20102",2202933,29,0,"1",.,"A",.,"A",.,"A",.,"A",.,"A",.,"A",.,"A",.,"A",.,"A",.,"A",.,"A",.,"A",.,"A",.,"A",.,"A"
"20102",2202943,27,0,"1",.,"A",.,"A",.,"A",.,"A",.,"A",.,"A",.,"A",104,"D",.,"A",.,"A",.,"A",.,"A",.,"A",.,"A",.,"A"
"20102",2202964,81,0,"1",.,"A",.,"A",.,"A",.,"A",.,"A",.,"A",.,"A",.,"A",.,"A",.,"A",.,"A",.,"A",20,"D",.,"A",.,"A"
"20102",2202973,37,0,"1",.,"A",.,"A",.,"A",.,"A",.,"A",.,"A",.,"A",.,"A",.,"A",.,"A",.,"A",.,"A",33,"D",.,"A",.,"A"
"20102",2202983,66,0,"1",.,"A",.,"A",.,"A",.,"A",.,"A",.,"A",.,"A",.,"A",.,"A",.,"A",.,"A",.,"A",.,"A",.,"A",.,"A"
"20102",2203003,50,0,"1",.,"A",.,"A",.,"A",.,"A",.,"A",.,"A",.,"A",.,"A",.,"A",.,"A",.,"A",.,"A",.,"A",.,"A",.,"A"
"20102",2203023,36,0,"1",0,"F",.,"A",.,"A",.,"A",120,"F",.,"A",130,"D",.,"A",.,"A",.,"A",.,"A",.,"A",.,"A",.,"A",.,"A"
"20102",2203033,52,0,"1",.,"A",.,"A",.,"A",.,"A",.,"A",.,"A",.,"A",.,"A",.,"A",.,"A",.,"A",.,"A",.,"A",.,"A",.,"A"
"20102",2203053,44,0,"1",.,"A",.,"A",.,"A",.,"A",.,"A",.,"A",.,"A",.,"A",.,"A",.,"A",.,"A",.,"A",160,"D",.,"A",.,"A"
"20102",2203063,54,0,"1",.,"A",.,"A",.,"A",.,"A",.,"A",.,"A",.,"A",.,"A",.,"A",.,"A",.,"A",.,"A",.,"A",.,"A",.,"A"
"20102",2203073,24,0,"1",20,"D",.,"A",.,"A",.,"A",40,"D",.,"A",.,"A",.,"A",.,"A",.,"A",.,"A",.,"A",.,"A",.,"A",.,"A"
"20102",2203083,38,0,"1",.,"A",.,"A",.,"A",.,"A",.,"A",20,"D",.,"A",.,"A",.,"A",0,"D",0,"D",9,"D",30,"D",0,"D",.,"A"
"20102",2203133,56,0,"1",.,"A",.,"A",.,"A",.,"A",.,"A",.,"A",.,"A",.,"A",.,"A",.,"A",.,"A",.,"A",36,"D",.,"A",.,"A"
"20102",2203143,35,0,"1",.,"A",.,"A",.,"A",.,"A",.,"A",.,"A",455,"D",.,"A",.,"A",.,"A",.,"A",.,"A",.,"A",.,"A",.,"A"
"20102",2203153,40,0,"1",.,"A",.,"A",.,"A",.,"A",.,"A",.,"A",.,"A",.,"A",.,"A",.,"A",.,"A",.,"A",50,"D",.,"A",.,"A"
"20102",2203193,68,0,"1",.,"A",.,"A",.,"A",.,"A",.,"A",.,"A",.,"A",.,"A",.,"A",.,"A",.,"A",.,"A",60,"D",.,"A",.,"A"
"20102",2203203,26,0,"1",.,"A",.,"A",.,"A",.,"A",.,"A",.,"A",169,"D",.,"A",.,"A",.,"A",.,"A",.,"A",.,"A",.,"A",.,"A"
"20102",2203213,66,0,"1",.,"A",.,"A",.,"A",.,"A",.,"A",.,"A",91,"D",.,"A",.,"A",.,"A",.,"A",.,"A",120,"D",.,"A",.,"A"
"20102",2203243,51,0,"1",.,"A",.,"A",.,"A",.,"A",.,"A",.,"A",.,"A",.,"A",.,"A",.,"A",.,"A",.,"A",.,"A",.,"A",.,"A"
"20102",2203253,30,0,"1",.,"A",.,"A",.,"A",.,"A",.,"A",.,"A",260,"D",.,"A",.,"A",.,"A",.,"A",.,"A",.,"A",.,"A",.,"A"
"20102",2203273,41,0,"1",60,"D",.,"A",.,"A",.,"A",60,"D",.,"A",.,"A",.,"A",.,"A",30,"D",0,"D",0,"D",.,"A",10,"D",.,"A"
"20102",2203313,40,0,"1",.,"A",.,"A",.,"A",.,"A",.,"A",.,"A",.,"A",.,"A",.,"A",.,"A",.,"A",.,"A",85,"D",.,"A",.,"A"
"20102",2203323,48,0,"1",.,"A",.,"A",.,"A",.,"A",.,"A",60,"D",.,"A",.,"A",.,"A",.,"A",.,"A",.,"A",100,"D",.,"A",.,"A"
"20102",2203333,51,0,"1",.,"A",.,"A",.,"A",.,"A",.,"A",.,"A",.,"A",.,"A",120,"F",.,"A",.,"A",.,"A",100,"D",.,"A",.,"A"
"20102",2203343,69,0,"1",.,"A",.,"A",.,"A",.,"A",.,"A",.,"A",.,"A",.,"A",.,"A",.,"A",.,"A",.,"A",120,"D",.,"A",.,"A"
"20102",2203393,51,0,"1",.,"A",.,"A",.,"A",.,"A",.,"A",.,"A",.,"A",.,"A",.,"A",.,"A",.,"A",.,"A",12,"D",.,"A",.,"A"
"20102",2203403,21,0,"1",50,"D",.,"A",.,"A",.,"A",50,"D",.,"A",.,"A",.,"A",.,"A",840,"D",0,"D",0,"D",30,"D",280,"D",.,"A"
"20102",2203413,45,0,"1",.,"A",.,"A",.,"A",.,"A",.,"A",.,"A",.,"A",.,"A",.,"A",.,"A",.,"A",.,"A",30,"D",.,"A",.,"A"
"20102",2203433,44,0,"1",.,"A",.,"A",.,"A",.,"A",.,"A",.,"A",.,"A",.,"A",.,"A",.,"A",.,"A",.,"A",.,"A",.,"A",.,"A"
"20102",2203443,43,0,"1",15,"D",.,"A",.,"A",.,"A",75,"D",80,"D",.,"A",.,"A",.,"A",540,"D",0,"D",0,"D",140,"D",180,"D",.,"A"
"20102",2203453,58,0,"1",.,"A",.,"A",.,"A",.,"A",.,"A",.,"A",.,"A",.,"A",.,"A",.,"A",.,"A",.,"A",.,"A",.,"A",.,"A"
"20102",2203473,51,0,"1",.,"A",.,"A",.,"A",.,"A",.,"A",.,"A",.,"A",.,"A",.,"A",.,"A",.,"A",.,"A",168,"D",.,"A",.,"A"
"20102",2203483,44,0,"1",.,"A",.,"A",.,"A",.,"A",.,"A",.,"A",.,"A",.,"A",75,"D",.,"A",.,"A",.,"A",.,"A",.,"A",.,"A"
"20102",2203493,52,0,"1",.,"A",.,"A",.,"A",.,"A",.,"A",.,"A",.,"A",.,"A",.,"A",.,"A",.,"A",.,"A",.,"A",.,"A",.,"A"
"20102",2203503,36,0,"1",.,"A",.,"A",.,"A",168,"D",.,"A",.,"A",.,"A",.,"A",.,"A",0,"D",0,"D",27,"D",118,"D",0,"D",.,"A"
"20102",2203513,23,0,"1",10,"F",.,"A",.,"A",.,"A",30,"F",.,"A",.,"A",.,"A",.,"A",0,"D",0,"D",15,"F",30,"F",0,"D",.,"A"
"20102",2203523,64,0,"1",.,"A",.,"A",.,"A",.,"A",.,"A",.,"A",455,"D",.,"A",21,"D",.,"A",.,"A",.,"A",30,"D",.,"A",.,"A"
"20102",2203533,61,0,"1",.,"A",.,"A",.,"A",.,"A",.,"A",30,"D",.,"A",.,"A",.,"A",.,"A",.,"A",.,"A",150,"D",.,"A",.,"A"
"20102",2203543,41,0,"1",.,"A",.,"A",.,"A",.,"A",.,"A",.,"A",.,"A",.,"A",.,"A",.,"A",.,"A",.,"A",60,"F",.,"A",.,"A"
"20102",2203553,67,0,"1",.,"A",.,"A",.,"A",.,"A",.,"A",.,"A",.,"A",.,"A",.,"A",.,"A",.,"A",.,"A",40,"D",.,"A",.,"A"
"20102",2203563,31,0,"1",.,"A",.,"A",.,"A",.,"A",.,"A",.,"A",.,"A",.,"A",.,"A",.,"A",.,"A",.,"A",.,"A",.,"A",.,"A"
"20102",2203573,48,0,"1",.,"A",.,"A",.,"A",.,"A",.,"A",.,"A",.,"A",.,"A",.,"A",.,"A",.,"A",.,"A",.,"A",.,"A",.,"A"
"20102",2203583,59,0,"1",.,"A",.,"A",.,"A",.,"A",.,"A",.,"A",.,"A",325,"D",.,"A",.,"A",.,"A",.,"A",.,"A",.,"A",.,"A"
"20102",2203613,28,0,"1",3,"D",.,"A",.,"A",.,"A",7,"D",.,"A",312,"D",.,"A",.,"A",.,"A",.,"A",.,"A",90,"D",.,"A",.,"A"
"20102",2203623,49,0,"1",.,"A",.,"A",.,"A",.,"A",.,"A",.,"A",.,"A",.,"A",36,"F",.,"A",.,"A",.,"A",.,"A",.,"A",.,"A"
"20102",2203633,41,0,"1",.,"A",.,"A",.,"A",.,"A",150,"D",.,"A",.,"A",.,"A",.,"A",.,"A",.,"A",.,"A",85,"D",.,"A",.,"A"
"20102",2203643,58,0,"1",.,"A",.,"A",.,"A",.,"A",.,"A",.,"A",.,"A",299,"D",.,"A",.,"A",.,"A",.,"A",120,"D",.,"A",.,"A"
"20102",2203653,52,0,"1",.,"A",.,"A",.,"A",.,"A",.,"A",.,"A",260,"D",65,"D",.,"A",.,"A",.,"A",.,"A",.,"A",.,"A",.,"A"
"20102",2203683,61,0,"1",10,"D",.,"A",.,"A",.,"A",80,"D",50,"D",.,"A",.,"A",.,"A",.,"A",.,"A",.,"A",40,"D",.,"A",.,"A"
"20102",2203703,74,0,"1",.,"A",.,"A",.,"A",.,"A",.,"A",.,"A",.,"A",.,"A",.,"A",.,"A",.,"A",.,"A",200,"D",.,"A",.,"A"
"20102",2203733,61,0,"1",.,"A",.,"A",.,"A",.,"A",.,"A",.,"A",.,"A",.,"A",.,"A",270,"D",0,"D",0,"D",172,"D",90,"D",.,"A"
"20102",2203753,53,0,"1",.,"A",.,"A",.,"A",.,"A",.,"A",.,"A",.,"A",.,"A",.,"A",.,"A",.,"A",.,"A",10,"D",.,"A",.,"A"
"20102",2203763,81,0,"1",.,"A",.,"A",.,"A",.,"A",.,"A",.,"A",.,"A",.,"A",.,"A",.,"A",.,"A",.,"A",32,"D",.,"A",.,"A"
"20102",2203773,52,0,"1",.,"A",.,"A",.,"A",.,"A",.,"A",.,"A",.,"A",.,"A",.,"A",.,"A",.,"A",.,"A",.,"A",.,"A",.,"A"
"20102",2203803,77,0,"1",.,"A",.,"A",.,"A",.,"A",.,"A",.,"A",.,"A",.,"A",.,"A",.,"A",.,"A",.,"A",289,"D",.,"A",.,"A"
"20102",2203813,29,0,"1",.,"A",.,"A",.,"A",.,"A",.,"A",.,"A",.,"A",.,"A",.,"A",.,"A",.,"A",.,"A",.,"A",.,"A",.,"A"
"20102",2203833,78,0,"1",.,"A",.,"A",.,"A",.,"A",.,"A",50,"D",.,"A",.,"A",.,"A",270,"D",270,"D",0,"D",520,"D",90,"D",.,"A"
"20102",2203843,29,0,"1",.,"A",.,"A",.,"A",.,"A",84,"D",.,"A",.,"A",.,"A",.,"A",.,"A",.,"A",.,"A",.,"A",.,"A",.,"A"
"20102",2203854,23,0,"1",75,"F",.,"A",.,"A",.,"A",15,"F",.,"A",364,"D",.,"A",.,"A",.,"A",.,"A",.,"A",.,"A",.,"A",.,"A"
"20102",2203893,58,0,"1",.,"A",.,"A",.,"A",.,"A",.,"A",.,"A",.,"A",.,"A",120,"D",.,"A",.,"A",.,"A",90,"D",.,"A",.,"A"
"20102",2203913,56,0,"1",.,"A",.,"A",.,"A",.,"A",.,"A",.,"A",.,"A",.,"A",.,"A",.,"A",.,"A",.,"A",420,"D",.,"A",.,"A"
"20102",2203923,53,0,"1",.,"A",.,"A",.,"A",.,"A",.,"A",40,"D",.,"A",.,"A",.,"A",0,"D",0,"D",51,"D",17,"D",0,"D",.,"A"
"20102",2203943,34,0,"1",.,"A",.,"A",.,"A",.,"A",.,"A",.,"A",390,"D",.,"A",.,"A",213,"D",0,"D",213,"D",.,"A",71,"D",.,"A"
"20102",2203953,72,0,"1",.,"A",.,"A",.,"A",.,"A",.,"A",.,"A",.,"A",.,"A",.,"A",.,"A",.,"A",.,"A",200,"D",.,"A",.,"A"
"20102",2203963,45,0,"1",.,"A",.,"A",.,"A",.,"A",.,"A",.,"A",.,"A",.,"A",.,"A",.,"A",.,"A",.,"A",.,"A",.,"A",.,"A"
"20102",2203973,30,0,"1",.,"A",.,"A",.,"A",.,"A",.,"A",.,"A",.,"A",.,"A",.,"A",.,"A",.,"A",.,"A",.,"A",.,"A",.,"A"
"20102",2203984,78,0,"1",.,"A",.,"A",.,"A",.,"A",.,"A",.,"A",.,"A",.,"A",15,"D",.,"A",.,"A",.,"A",.,"A",.,"A",.,"A"
"20102",2203993,49,0,"1",.,"A",.,"A",.,"A",.,"A",.,"A",.,"A",.,"A",.,"A",.,"A",.,"A",.,"A",.,"A",375,"D",.,"A",.,"A"
"20102",2204003,29,0,"1",.,"A",.,"A",.,"A",.,"A",75,"D",.,"A",.,"A",.,"A",.,"A",.,"A",.,"A",.,"A",40,"D",.,"A",.,"A"
"20102",2204013,35,0,"1",.,"A",.,"A",.,"A",.,"A",.,"A",50,"D",325,"D",.,"A",.,"A",.,"A",.,"A",.,"A",84,"D",.,"A",.,"A"
"20102",2204023,59,0,"1",.,"A",.,"A",.,"A",.,"A",.,"A",.,"A",.,"A",.,"A",45,"D",.,"A",.,"A",.,"A",.,"A",.,"A",.,"A"
"20102",2204043,41,0,"1",10,"D",.,"A",.,"A",.,"A",240,"D",.,"A",.,"A",.,"A",.,"A",.,"A",.,"A",.,"A",.,"A",.,"A",.,"A"
"20102",2204053,48,0,"1",.,"A",.,"A",.,"A",.,"A",.,"A",.,"A",.,"A",.,"A",.,"A",210,"D",0,"D",0,"D",.,"A",70,"D",.,"A"
"20102",2204093,52,0,"1",.,"A",.,"A",.,"A",.,"A",.,"A",.,"A",.,"A",.,"A",.,"A",.,"A",.,"A",.,"A",30,"D",.,"A",.,"A"
"20102",2204113,47,0,"1",.,"A",.,"A",.,"A",.,"A",.,"A",30,"D",.,"A",.,"A",.,"A",.,"A",.,"A",.,"A",80,"D",.,"A",.,"A"
"20102",2204123,66,0,"1",.,"A",.,"A",.,"A",.,"A",.,"A",.,"A",.,"A",.,"A",15,"D",.,"A",.,"A",.,"A",.,"A",.,"A",.,"A"
"20102",2204133,26,0,"1",30,"D",.,"A",.,"A",.,"A",10,"D",.,"A",.,"A",.,"A",.,"A",21,"F",0,"D",0,"D",.,"A",.,"C",.,"A"
"20102",2204143,54,0,"1",.,"A",.,"A",.,"A",.,"A",.,"A",.,"A",.,"A",.,"A",.,"A",.,"A",.,"A",.,"A",.,"A",.,"A",.,"A"
"20102",2204173,36,0,"1",.,"A",.,"A",.,"A",.,"A",480,"D",115,"D",.,"A",.,"A",.,"A",.,"A",.,"A",.,"A",.,"A",.,"A",.,"A"
"20102",2204183,37,0,"1",.,"A",.,"A",.,"A",.,"A",.,"A",.,"A",.,"A",.,"A",.,"A",.,"A",.,"A",.,"A",.,"A",.,"A",.,"A"
"20102",2204203,28,0,"1",.,"A",.,"A",.,"A",.,"A",.,"A",.,"A",.,"A",.,"A",.,"A",.,"A",.,"A",.,"A",.,"A",.,"A",.,"A"
"20102",2204223,75,0,"1",.,"A",.,"A",.,"A",.,"A",.,"A",.,"A",.,"A",.,"A",.,"A",.,"A",.,"A",.,"A",.,"A",.,"A",.,"A"
"20102",2204243,61,0,"1",.,"A",.,"A",.,"A",.,"A",.,"A",.,"A",.,"A",.,"A",.,"A",0,"D",0,"D",150,"D",30,"D",0,"D",.,"A"
"20102",2204253,39,0,"1",.,"A",.,"A",.,"A",.,"A",.,"A",.,"A",.,"A",.,"A",.,"A",195,"D",72,"D",0,"D",68,"D",65,"D",.,"A"
"20102",2204273,46,0,"1",.,"A",.,"A",.,"A",.,"A",.,"A",10,"D",.,"A",.,"A",.,"A",.,"A",.,"A",.,"A",20,"D",.,"A",.,"A"
"20102",2204313,42,0,"1",.,"A",.,"A",.,"A",.,"A",.,"A",.,"A",.,"A",.,"A",.,"A",.,"A",.,"A",.,"A",45,"D",.,"A",.,"A"
"20102",2204323,65,0,"1",.,"A",.,"A",.,"A",.,"A",.,"A",.,"A",650,"D",.,"A",.,"A",.,"A",.,"A",.,"A",24,"D",.,"A",.,"A"
"20102",2204333,45,0,"1",.,"A",.,"A",.,"A",.,"A",.,"A",.,"A",.,"A",.,"A",.,"A",.,"A",.,"A",.,"A",.,"A",.,"A",.,"A"
"20102",2204355,33,0,"1",.,"A",.,"A",.,"A",.,"A",.,"A",.,"A",195,"D",.,"A",.,"A",.,"A",.,"A",.,"A",90,"D",.,"A",.,"A"
"20102",2204363,44,0,"1",.,"A",.,"A",.,"A",.,"A",.,"A",.,"A",156,"D",.,"A",.,"A",.,"A",.,"A",.,"A",.,"A",.,"A",.,"A"
"20102",2204383,77,0,"1",.,"A",.,"A",.,"A",.,"A",.,"A",.,"A",130,"D",.,"A",.,"A",.,"A",.,"A",.,"A",240,"D",.,"A",.,"A"
"20102",2204393,49,0,"1",.,"A",.,"A",.,"A",.,"A",.,"A",20,"D",.,"A",.,"A",.,"A",.,"A",.,"A",.,"A",200,"D",.,"A",.,"A"
"20102",2204403,61,0,"1",.,"A",.,"A",.,"A",.,"A",.,"A",.,"A",.,"A",.,"A",.,"A",.,"A",.,"A",.,"A",60,"D",.,"A",.,"A"
"20102",2204413,43,0,"1",.,"A",.,"A",.,"A",.,"A",.,"A",40,"D",.,"A",.,"A",.,"A",.,"A",.,"A",.,"A",150,"D",.,"A",.,"A"
"20102",2204423,29,0,"1",.,"A",.,"A",.,"A",.,"A",.,"A",.,"A",.,"A",.,"A",.,"A",0,"D",0,"D",60,"D",.,"A",0,"D",.,"A"
"20102",2204453,54,0,"1",.,"A",.,"A",.,"A",.,"A",.,"A",.,"A",.,"A",.,"A",.,"A",.,"A",.,"A",.,"A",85,"D",.,"A",.,"A"
"20102",2204463,112,0,"1",.,"A",.,"A",.,"A",.,"A",.,"A",87,"D",.,"A",.,"A",.,"A",.,"A",.,"A",.,"A",167,"D",.,"A",.,"A"
"20102",2204473,46,0,"1",.,"A",.,"A",.,"A",.,"A",.,"A",.,"A",.,"A",.,"A",.,"A",.,"A",.,"A",.,"A",.,"A",.,"A",.,"A"
"20102",2204503,64,0,"1",.,"A",.,"A",.,"A",.,"A",.,"A",.,"A",.,"A",.,"A",.,"A",.,"A",.,"A",.,"A",75,"D",.,"A",.,"A"
"20102",2204513,40,0,"1",25,"D",.,"A",.,"A",.,"A",35,"D",.,"A",.,"A",.,"A",.,"A",.,"A",.,"A",.,"A",30,"D",.,"A",.,"A"
"20102",2204523,36,0,"1",.,"A",.,"A",.,"A",.,"A",.,"A",.,"A",.,"A",.,"A",.,"A",.,"A",.,"A",.,"A",45,"D",.,"A",.,"A"
"20102",2204543,39,0,"1",.,"A",.,"A",.,"A",.,"A",.,"A",.,"A",.,"A",.,"A",.,"A",.,"A",.,"A",.,"A",.,"A",.,"A",.,"A"
"20102",2204553,22,0,"1",.,"A",.,"A",.,"A",.,"A",.,"A",.,"A",.,"A",.,"A",.,"A",.,"A",.,"A",.,"A",.,"A",.,"A",.,"A"
"20102",2204563,65,0,"1",.,"A",.,"A",.,"A",.,"A",.,"A",.,"A",.,"A",.,"A",9,"D",.,"A",.,"A",.,"A",70,"D",.,"A",.,"A"
"20102",2204573,32,0,"1",.,"A",.,"A",.,"A",.,"A",.,"A",.,"A",520,"D",.,"A",.,"A",.,"A",.,"A",.,"A",.,"A",.,"A",.,"A"
"20102",2204603,43,0,"1",.,"A",.,"A",.,"A",.,"A",7,"D",.,"A",.,"A",.,"A",.,"A",.,"A",.,"A",.,"A",50,"D",.,"A",.,"A"
"20102",2204613,62,0,"1",.,"A",.,"A",.,"A",.,"A",.,"A",.,"A",.,"A",.,"A",45,"F",.,"A",.,"A",.,"A",20,"D",.,"A",.,"A"
"20102",2204623,31,0,"1",.,"A",.,"A",.,"A",.,"A",.,"A",.,"A",.,"A",.,"A",.,"A",.,"A",.,"A",.,"A",.,"A",.,"A",.,"A"
"20102",2204633,39,0,"1",.,"A",.,"A",.,"A",.,"A",.,"A",.,"A",.,"A",.,"A",.,"A",.,"A",.,"A",.,"A",.,"A",.,"A",.,"A"
"20102",2204653,35,0,"1",.,"A",.,"A",.,"A",.,"A",.,"A",.,"A",390,"D",.,"A",.,"A",.,"A",.,"A",.,"A",.,"A",.,"A",.,"A"
"20102",2204663,36,0,"1",.,"A",.,"A",.,"A",.,"A",30,"D",.,"A",.,"A",.,"A",210,"D",.,"A",.,"A",.,"A",50,"D",.,"A",.,"A"
"20102",2204713,54,0,"1",.,"A",.,"A",.,"A",.,"A",.,"A",.,"A",.,"A",.,"A",.,"A",.,"A",.,"A",.,"A",.,"A",.,"A",.,"A"
"20102",2204723,39,0,"1",.,"A",.,"A",.,"A",.,"A",.,"A",.,"A",.,"A",.,"A",.,"A",.,"A",.,"A",.,"A",.,"A",.,"A",.,"A"
"20102",2204743,58,0,"1",.,"A",.,"A",.,"A",.,"A",.,"A",.,"A",.,"A",.,"A",.,"A",.,"A",.,"A",.,"A",130,"D",.,"A",.,"A"
"20102",2204773,31,0,"1",.,"A",.,"A",.,"A",.,"A",.,"A",.,"A",.,"A",.,"A",.,"A",.,"A",.,"A",.,"A",.,"A",.,"A",.,"A"
"20102",2204793,99,0,"1",.,"A",.,"A",.,"A",.,"A",.,"A",358,"D",585,"D",.,"A",.,"A",.,"A",.,"A",.,"A",450,"D",.,"A",.,"A"
"20102",2204803,34,0,"1",.,"A",.,"A",.,"A",.,"A",.,"A",.,"A",.,"A",.,"A",.,"A",.,"A",.,"A",.,"A",.,"A",.,"A",.,"A"
"20102",2204813,64,0,"1",5,"D",.,"A",35,"D",.,"A",0,"D",.,"A",.,"A",.,"A",6,"D",.,"A",.,"A",.,"A",120,"D",.,"A",.,"A"
"20102",2204833,32,0,"1",.,"A",.,"A",.,"A",.,"A",.,"A",.,"A",520,"D",.,"A",.,"A",.,"A",.,"A",.,"A",.,"A",.,"A",.,"A"
"20102",2204843,59,0,"1",.,"A",.,"A",.,"A",.,"A",.,"A",20,"D",.,"A",.,"A",.,"A",.,"A",.,"A",.,"A",15,"D",.,"A",.,"A"
"20102",2204853,59,0,"1",.,"A",.,"A",.,"A",.,"A",.,"A",.,"A",.,"A",.,"A",30,"D",.,"A",.,"A",.,"A",14,"D",.,"A",.,"A"
"20102",2204863,55,0,"1",.,"A",.,"A",.,"A",.,"A",.,"A",.,"A",.,"A",.,"A",.,"A",.,"A",.,"A",.,"A",.,"A",.,"A",.,"A"
"20102",2204873,27,0,"1",0,"F",.,"A",.,"A",.,"A",60,"F",.,"A",.,"A",.,"A",.,"A",.,"A",.,"A",.,"A",75,"D",.,"A",.,"A"
"20102",2204883,56,0,"1",.,"A",.,"A",20,"F",.,"A",.,"A",.,"A",.,"A",195,"D",.,"A",.,"A",.,"A",.,"A",.,"A",.,"A",.,"A"
"20102",2204903,65,0,"1",.,"A",.,"A",.,"A",.,"A",.,"A",.,"A",.,"A",.,"A",18,"D",60,"D",0,"D",0,"D",300,"D",20,"D",.,"A"
"20102",2204943,63,0,"1",.,"A",.,"A",.,"A",.,"A",.,"A",.,"A",.,"A",.,"A",.,"A",.,"A",.,"A",.,"A",15,"D",.,"A",.,"A"
"20102",2204983,50,0,"1",.,"A",.,"A",.,"A",.,"A",.,"A",.,"A",.,"A",.,"A",.,"A",.,"A",.,"A",.,"A",15,"D",.,"A",.,"A"
"20102",2204993,81,0,"1",.,"A",.,"A",.,"A",.,"A",.,"A",.,"A",910,"D",.,"A",.,"A",.,"A",.,"A",.,"A",.,"A",.,"A",.,"A"
"20102",2205003,48,0,"1",.,"A",.,"A",.,"A",.,"A",.,"A",35,"D",.,"A",.,"A",6,"D",.,"A",.,"A",.,"A",80,"D",.,"A",.,"A"
"20102",2205013,69,0,"1",.,"A",.,"A",51,"D",.,"A",.,"A",.,"A",.,"A",.,"A",.,"A",.,"A",.,"A",.,"A",.,"A",.,"A",.,"A"
"20102",2205023,35,0,"1",.,"A",.,"A",.,"A",.,"A",.,"A",.,"A",.,"A",.,"A",.,"A",.,"A",.,"A",.,"A",150,"D",.,"A",.,"A"
"20102",2205033,42,0,"1",.,"A",.,"A",.,"A",.,"A",.,"A",.,"A",.,"A",.,"A",.,"A",.,"A",.,"A",.,"A",.,"A",.,"A",.,"A"
"20102",2205053,40,0,"1",.,"A",.,"A",.,"A",.,"A",.,"A",40,"D",.,"A",.,"A",.,"A",.,"A",.,"A",.,"A",.,"A",.,"A",.,"A"
"20102",2205063,27,0,"1",.,"A",.,"A",.,"A",.,"A",.,"A",.,"A",.,"A",.,"A",.,"A",60,"D",0,"D",0,"D",.,"A",20,"D",.,"A"
"20102",2205073,28,0,"1",.,"A",.,"A",.,"A",.,"A",.,"A",.,"A",.,"A",.,"A",.,"A",.,"A",.,"A",.,"A",80,"D",.,"A",.,"A"
"20102",2205083,37,0,"1",.,"A",.,"A",.,"A",.,"A",.,"A",.,"A",650,"D",104,"D",.,"A",.,"A",.,"A",.,"A",.,"A",.,"A",.,"A"
"20102",2205103,30,0,"1",.,"A",.,"A",.,"A",15,"D",45,"D",.,"A",.,"A",.,"A",.,"A",0,"D",0,"D",180,"D",30,"D",0,"D",.,"A"
"20102",2205113,49,0,"1",.,"A",.,"A",.,"A",.,"A",.,"A",.,"A",.,"A",.,"A",.,"A",.,"A",.,"A",.,"A",.,"A",.,"A",.,"A"
"20102",2205133,31,0,"1",.,"A",.,"A",.,"A",.,"A",67,"D",70,"D",.,"A",.,"A",.,"A",.,"A",.,"A",.,"A",140,"D",.,"A",.,"A"
"20102",2205143,58,0,"1",.,"A",.,"A",.,"A",.,"A",.,"A",.,"A",.,"A",.,"A",.,"A",.,"A",.,"A",.,"A",60,"D",.,"A",.,"A"
"20102",2205163,59,0,"1",.,"A",.,"A",.,"A",.,"A",.,"A",.,"A",.,"A",.,"A",.,"A",.,"A",.,"A",.,"A",150,"D",.,"A",.,"A"
"20102",2205203,76,0,"1",.,"A",.,"A",.,"A",60,"D",.,"A",45,"D",.,"A",.,"A",.,"A",60,"D",0,"D",0,"D",161,"D",20,"D",.,"A"
"20102",2205213,40,0,"1",.,"A",.,"A",.,"A",.,"A",.,"A",.,"A",455,"D",.,"A",.,"A",.,"A",.,"A",.,"A",.,"A",.,"A",.,"A"
"20102",2205243,47,0,"1",.,"A",.,"A",.,"A",.,"A",.,"A",.,"A",299,"D",.,"A",.,"A",.,"A",.,"A",.,"A",.,"A",.,"A",.,"A"
"20102",2205263,59,0,"1",.,"A",.,"A",35,"D",.,"A",.,"A",.,"A",.,"A",.,"A",.,"A",.,"A",.,"A",.,"A",66,"D",.,"A",.,"A"
"20102",2205283,32,0,"1",.,"A",.,"A",.,"A",.,"A",.,"A",.,"A",260,"D",.,"A",.,"A",.,"A",.,"A",.,"A",60,"D",.,"A",.,"A"
"20102",2205293,36,0,"1",.,"A",.,"A",.,"A",.,"A",.,"A",.,"A",.,"A",.,"A",.,"A",.,"A",.,"A",.,"A",25,"D",.,"A",.,"A"
"20102",2205303,43,0,"1",.,"A",.,"A",.,"A",.,"A",54,"D",.,"A",624,"F",.,"A",.,"A",.,"A",.,"A",.,"A",.,"A",.,"A",.,"A"
"20102",2205313,60,0,"1",.,"A",.,"A",.,"A",.,"A",.,"A",.,"A",.,"A",.,"A",.,"A",.,"A",.,"A",.,"A",270,"D",.,"A",.,"A"
"20102",2205323,49,0,"1",.,"A",.,"A",.,"A",.,"A",.,"A",.,"A",.,"A",.,"A",.,"A",.,"A",.,"A",.,"A",69,"D",.,"A",.,"A"
"20102",2205333,74,0,"1",.,"A",.,"A",.,"A",.,"A",.,"A",115,"D",.,"A",.,"A",.,"A",.,"A",.,"A",.,"A",29,"D",.,"A",.,"A"
"20102",2205343,46,0,"1",.,"A",.,"A",.,"A",.,"A",.,"A",.,"A",.,"A",.,"A",.,"A",.,"A",.,"A",.,"A",10,"D",.,"A",.,"A"
"20102",2205353,65,0,"1",.,"A",.,"A",.,"A",.,"A",.,"A",10,"D",.,"A",.,"A",.,"A",30,"D",0,"D",30,"D",200,"D",10,"D",.,"A"
"20102",2205363,45,0,"1",.,"A",.,"A",.,"A",.,"A",.,"A",.,"A",.,"A",.,"A",.,"A",.,"A",.,"A",.,"A",.,"A",.,"A",.,"A"
"20102",2205373,45,0,"1",.,"A",.,"A",.,"A",.,"A",.,"A",.,"A",.,"A",.,"A",.,"A",.,"A",.,"A",.,"A",.,"A",.,"A",.,"A"
"20102",2205383,36,0,"1",.,"A",.,"A",.,"A",.,"A",.,"A",.,"A",.,"A",.,"A",.,"A",.,"A",.,"A",.,"A",120,"D",.,"A",.,"A"
"20102",2205393,35,0,"1",.,"A",.,"A",.,"A",.,"A",.,"A",.,"A",.,"A",.,"A",.,"A",.,"A",.,"A",.,"A",15,"D",.,"A",.,"A"
"20102",2205403,39,0,"1",.,"A",.,"A",.,"A",.,"A",36,"D",20,"D",.,"A",.,"A",15,"D",.,"A",.,"A",.,"A",60,"D",.,"A",.,"A"
"20102",2205413,22,0,"1",.,"A",.,"A",.,"A",.,"A",.,"A",.,"A",.,"A",.,"A",.,"A",.,"A",.,"A",.,"A",.,"A",.,"A",.,"A"
"20102",2205423,94,0,"1",.,"A",.,"A",.,"A",.,"A",.,"A",10,"D",.,"A",.,"A",75,"D",.,"A",.,"A",.,"A",250,"D",.,"A",.,"A"
"20102",2205433,41,0,"1",.,"A",.,"A",.,"A",.,"A",.,"A",.,"A",.,"A",.,"A",.,"A",0,"D",0,"D",90,"D",200,"D",0,"D",.,"A"
"20102",2205444,73,0,"1",.,"A",.,"A",.,"A",.,"A",.,"A",.,"A",.,"A",.,"A",.,"A",.,"A",.,"A",.,"A",150,"D",.,"A",.,"A"
"20102",2205453,41,0,"1",.,"A",.,"A",.,"A",.,"A",.,"A",.,"A",130,"D",.,"A",.,"A",.,"A",.,"A",.,"A",.,"A",.,"A",.,"A"
"20102",2205483,44,0,"1",.,"A",.,"A",.,"A",.,"A",.,"A",.,"A",.,"A",.,"A",.,"A",.,"A",.,"A",.,"A",.,"A",.,"A",.,"A"
"20102",2205493,47,0,"1",.,"A",.,"A",.,"A",.,"A",.,"A",78,"D",.,"A",.,"A",12,"D",.,"A",.,"A",.,"A",290,"D",.,"A",.,"A"
"20102",2205503,69,0,"1",.,"A",.,"A",.,"A",.,"A",.,"A",.,"A",.,"A",.,"A",.,"A",.,"A",.,"A",.,"A",250,"D",.,"A",.,"A"
"20102",2205523,50,0,"1",.,"A",.,"A",.,"A",.,"A",72,"D",.,"A",780,"D",.,"A",45,"D",.,"A",.,"A",.,"A",290,"D",.,"A",.,"A"
"20102",2205533,68,0,"1",.,"A",.,"A",.,"A",.,"A",.,"A",.,"A",.,"A",.,"A",.,"A",.,"A",.,"A",.,"A",150,"D",.,"A",.,"A"
"20102",2205543,39,0,"1",.,"A",.,"A",.,"A",.,"A",.,"A",.,"A",.,"A",.,"A",.,"A",.,"A",.,"A",.,"A",.,"A",.,"A",.,"A"
"20102",2205553,33,0,"1",.,"A",.,"A",.,"A",.,"A",.,"A",.,"A",208,"D",.,"A",.,"A",.,"A",.,"A",.,"A",.,"A",.,"A",.,"A"
"20102",2205573,55,0,"1",.,"A",.,"A",.,"A",.,"A",.,"A",.,"A",.,"A",.,"A",.,"A",.,"A",.,"A",.,"A",300,"D",.,"A",.,"A"
"20102",2205593,76,0,"1",.,"A",.,"A",.,"A",.,"A",.,"A",.,"A",.,"A",.,"A",.,"A",.,"A",.,"A",.,"A",150,"D",.,"A",.,"A"
"20102",2205613,64,0,"1",.,"A",.,"A",.,"A",.,"A",.,"A",.,"A",260,"D",195,"D",.,"A",.,"A",.,"A",.,"A",90,"D",.,"A",.,"A"
"20102",2205623,48,0,"1",.,"A",.,"A",.,"A",.,"A",.,"A",.,"A",.,"A",.,"A",.,"A",.,"A",.,"A",.,"A",100,"D",.,"A",.,"A"
"20102",2205633,30,0,"1",.,"A",.,"A",.,"A",.,"A",60,"D",.,"A",.,"A",.,"A",.,"A",.,"A",.,"A",.,"A",24,"D",.,"A",.,"A"
"20102",2205643,56,0,"1",.,"A",.,"A",.,"A",.,"A",.,"A",.,"A",.,"A",.,"A",.,"A",.,"A",.,"A",.,"A",50,"D",.,"A",.,"A"
"20102",2205673,44,0,"1",.,"A",.,"A",.,"A",.,"A",.,"A",.,"A",.,"A",.,"A",.,"A",.,"A",.,"A",.,"A",.,"A",.,"A",.,"A"
"20102",2205683,47,0,"1",.,"A",.,"A",.,"A",.,"A",15,"D",90,"F",.,"A",.,"A",.,"A",105,"D",0,"D",0,"D",.,"A",35,"D",.,"A"
"20102",2205703,48,0,"1",.,"A",.,"A",.,"A",.,"A",.,"A",.,"A",.,"A",.,"A",.,"A",.,"A",.,"A",.,"A",12,"D",.,"A",.,"A"
"20102",2205723,39,0,"1",.,"A",.,"A",.,"A",.,"A",.,"A",.,"A",.,"A",.,"A",.,"A",.,"A",.,"A",.,"A",50,"D",.,"A",.,"A"
"20102",2205733,63,0,"1",.,"A",.,"A",.,"A",.,"A",.,"A",.,"A",260,"D",.,"A",36,"D",.,"A",.,"A",.,"A",140,"D",.,"A",.,"A"
"20102",2205743,37,0,"1",.,"A",.,"A",.,"A",.,"A",.,"A",.,"A",.,"A",.,"A",.,"A",.,"A",.,"A",.,"A",.,"A",.,"A",.,"A"
"20102",2205753,59,0,"1",.,"A",.,"A",.,"A",.,"A",.,"A",50,"D",.,"A",.,"A",.,"A",450,"D",0,"D",0,"D",250,"D",150,"D",.,"A"
"20102",2205763,54,0,"1",.,"A",.,"A",.,"A",.,"A",.,"A",.,"A",780,"D",.,"A",30,"D",.,"A",.,"A",.,"A",110,"D",.,"A",.,"A"
"20102",2205773,64,0,"1",.,"A",.,"A",.,"A",.,"A",.,"A",.,"A",195,"D",.,"A",.,"A",.,"A",.,"A",.,"A",110,"D",.,"A",.,"A"
"20102",2205803,41,0,"1",.,"A",.,"A",.,"A",.,"A",88,"D",.,"A",.,"A",.,"A",.,"A",.,"A",.,"A",.,"A",30,"D",.,"A",.,"A"
"20102",2205823,45,0,"1",.,"A",.,"A",.,"A",.,"A",.,"A",.,"A",.,"A",.,"A",.,"A",.,"A",.,"A",.,"A",60,"D",.,"A",.,"A"
"20102",2205833,26,0,"1",.,"A",.,"A",.,"A",.,"A",.,"A",.,"A",.,"A",.,"A",.,"A",.,"A",.,"A",.,"A",.,"A",.,"A",.,"A"
"20102",2205843,62,0,"1",.,"A",.,"A",.,"A",.,"A",.,"A",90,"D",.,"A",.,"A",36,"D",.,"A",.,"A",.,"A",285,"D",.,"A",.,"A"
"20102",2205854,40,0,"1",.,"A",.,"A",.,"A",.,"A",.,"A",.,"A",.,"A",.,"A",.,"A",.,"A",.,"A",.,"A",58,"D",.,"A",.,"A"
"20102",2205873,41,0,"1",.,"A",.,"A",.,"A",.,"A",.,"A",.,"A",1118,"D",.,"A",.,"A",.,"A",.,"A",.,"A",.,"A",.,"A",.,"A"
"20102",2205883,75,0,"1",.,"A",.,"A",.,"A",.,"A",.,"A",.,"A",.,"A",.,"A",.,"A",.,"A",.,"A",.,"A",120,"D",.,"A",.,"A"
"20102",2205913,34,0,"1",.,"A",.,"A",.,"A",.,"A",.,"A",.,"A",.,"A",.,"A",.,"A",36,"D",0,"D",0,"D",20,"D",12,"D",.,"A"
"20102",2205923,64,0,"1",.,"A",.,"A",.,"A",.,"A",.,"A",.,"A",.,"A",.,"A",.,"A",.,"A",.,"A",.,"A",120,"D",.,"A",.,"A"
"20102",2205943,28,0,"1",.,"A",.,"A",.,"A",.,"A",.,"A",.,"A",.,"A",.,"A",.,"A",.,"A",.,"A",.,"A",40,"D",.,"A",.,"A"
"20102",2205953,43,0,"1",.,"A",.,"A",.,"A",.,"A",.,"A",.,"A",.,"A",.,"A",30,"D",.,"A",.,"A",.,"A",.,"A",.,"A",.,"A"
"20102",2205993,47,0,"1",.,"A",.,"A",.,"A",.,"A",.,"A",.,"A",.,"A",.,"A",.,"A",.,"A",.,"A",.,"A",10,"D",.,"A",.,"A"
"20102",2206023,23,0,"1",15,"D",.,"A",.,"A",.,"A",45,"D",.,"A",.,"A",.,"A",.,"A",0,"D",120,"D",120,"D",.,"A",0,"D",.,"A"
"20102",2206063,33,0,"1",.,"A",.,"A",.,"A",90,"D",.,"A",.,"A",.,"A",.,"A",.,"A",.,"A",.,"A",.,"A",.,"A",.,"A",.,"A"
"20102",2206073,35,0,"1",.,"A",.,"A",.,"A",.,"A",.,"A",.,"A",.,"A",.,"A",.,"A",.,"A",.,"A",.,"A",20,"D",.,"A",.,"A"
"20102",2206083,27,0,"1",3,"D",.,"A",.,"A",.,"A",22,"D",.,"A",.,"A",.,"A",.,"A",.,"A",.,"A",.,"A",.,"A",.,"A",.,"A"
"20102",2206093,33,0,"1",.,"A",.,"A",.,"A",.,"A",.,"A",.,"A",455,"D",.,"A",.,"A",.,"A",.,"A",.,"A",60,"D",.,"A",.,"A"
"20102",2206103,46,0,"1",.,"A",.,"A",.,"A",.,"A",.,"A",.,"A",.,"A",.,"A",.,"A",.,"A",.,"A",.,"A",80,"D",.,"A",.,"A"
"20102",2206113,28,0,"1",.,"A",.,"A",.,"A",.,"A",10,"D",.,"A",.,"A",.,"A",.,"A",.,"A",.,"A",.,"A",.,"A",.,"A",.,"A"
"20102",2206123,49,0,"1",.,"A",.,"A",.,"A",.,"A",.,"A",.,"A",.,"A",.,"A",.,"A",.,"A",.,"A",.,"A",250,"D",.,"A",.,"A"
"20102",2206133,41,0,"1",.,"A",.,"A",.,"A",.,"A",.,"A",300,"D",.,"A",.,"A",.,"A",.,"A",.,"A",.,"A",45,"D",.,"A",.,"A"
"20102",2206143,43,0,"1",.,"A",.,"A",.,"A",.,"A",.,"A",.,"A",.,"A",.,"A",30,"D",.,"A",.,"A",.,"A",.,"A",.,"A",.,"A"
"20102",2206153,49,0,"1",.,"A",.,"A",.,"A",.,"A",.,"A",.,"A",.,"A",.,"A",.,"A",.,"A",.,"A",.,"A",.,"A",.,"A",.,"A"
"20102",2206173,47,0,"1",.,"A",.,"A",.,"A",.,"A",.,"A",.,"A",455,"D",.,"A",.,"A",.,"A",.,"A",.,"A",.,"A",.,"A",.,"A"
"20102",2206183,46,0,"1",.,"A",.,"A",.,"A",.,"A",.,"A",.,"A",182,"D",.,"A",.,"A",.,"A",.,"A",.,"A",.,"A",.,"A",.,"A"
"20102",2206193,38,0,"1",.,"A",.,"A",.,"A",.,"A",.,"A",.,"A",195,"D",.,"A",.,"A",.,"A",.,"A",.,"A",.,"A",.,"A",.,"A"
"20102",2206203,55,0,"1",.,"A",.,"A",.,"A",.,"A",.,"A",.,"A",.,"A",.,"A",.,"A",.,"A",.,"A",.,"A",75,"D",.,"A",.,"A"
"20102",2206223,42,0,"1",.,"A",.,"A",.,"A",.,"A",.,"A",.,"A",.,"A",.,"A",.,"A",.,"A",.,"A",.,"A",.,"A",.,"A",.,"A"
"20102",2206243,53,0,"1",.,"A",.,"A",.,"A",.,"A",.,"A",.,"A",.,"A",.,"A",.,"A",.,"A",.,"A",.,"A",.,"A",.,"A",.,"A"
"20102",2206263,51,0,"1",.,"A",.,"A",.,"A",.,"A",.,"A",.,"A",.,"A",260,"D",.,"A",.,"A",.,"A",.,"A",7,"D",.,"A",.,"A"
"20102",2206293,49,0,"1",.,"A",.,"A",.,"A",.,"A",.,"A",.,"A",325,"D",.,"A",.,"A",.,"A",.,"A",.,"A",.,"A",.,"A",.,"A"
"20102",2206333,73,0,"1",.,"A",.,"A",.,"A",.,"A",.,"A",40,"D",.,"A",.,"A",.,"A",.,"A",.,"A",.,"A",195,"D",.,"A",.,"A"
"20102",2206363,57,0,"1",.,"A",.,"A",.,"A",.,"A",.,"A",.,"A",.,"A",.,"A",.,"A",.,"A",.,"A",.,"A",.,"A",.,"A",.,"A"
"20102",2206373,52,0,"1",.,"A",.,"A",.,"A",.,"A",.,"A",.,"A",.,"A",.,"A",.,"A",.,"A",.,"A",.,"A",200,"D",.,"A",.,"A"
"20102",2206413,45,0,"1",.,"A",.,"A",.,"A",.,"A",.,"A",.,"A",.,"A",.,"A",.,"A",.,"A",.,"A",.,"A",.,"A",.,"A",.,"A"
"20102",2206453,41,0,"1",.,"A",.,"A",.,"A",.,"A",.,"A",.,"A",.,"A",.,"A",.,"A",.,"A",.,"A",.,"A",200,"D",.,"A",.,"A"
"20102",2206463,29,0,"1",.,"A",.,"A",.,"A",.,"A",.,"A",.,"A",.,"A",.,"A",.,"A",.,"A",.,"A",.,"A",.,"A",.,"A",.,"A"
"20102",2206473,31,0,"1",.,"A",.,"A",.,"A",.,"A",.,"A",.,"A",65,"D",.,"A",.,"A",.,"A",.,"A",.,"A",.,"A",.,"A",.,"A"
"20102",2206483,62,0,"1",.,"A",.,"A",.,"A",.,"A",.,"A",.,"A",.,"A",.,"A",.,"A",.,"A",.,"A",.,"A",62,"D",.,"A",.,"A"
"20102",2206503,35,0,"1",.,"A",.,"A",.,"A",.,"A",.,"A",.,"A",.,"A",.,"A",.,"A",.,"A",.,"A",.,"A",30,"D",.,"A",.,"A"
"20102",2206533,40,0,"1",.,"A",.,"A",.,"A",.,"A",.,"A",.,"A",.,"A",.,"A",.,"A",.,"A",.,"A",.,"A",.,"A",.,"A",.,"A"
"20102",2206583,51,0,"1",.,"A",.,"A",.,"A",.,"A",.,"A",.,"A",.,"A",.,"A",.,"A",.,"A",.,"A",.,"A",40,"D",.,"A",.,"A"
"20102",2206593,70,0,"1",.,"A",.,"A",.,"A",.,"A",.,"A",.,"A",.,"A",.,"A",.,"A",.,"A",.,"A",.,"A",86,"D",.,"A",.,"A"
"20102",2206603,33,0,"1",.,"A",.,"A",.,"A",.,"A",.,"A",.,"A",.,"A",.,"A",.,"A",.,"A",.,"A",.,"A",.,"A",.,"A",.,"A"
"20102",2206613,57,0,"1",.,"A",.,"A",.,"A",140,"D",.,"A",.,"A",.,"A",.,"A",.,"A",.,"A",.,"A",.,"A",50,"D",.,"A",.,"A"
"20102",2206643,61,0,"1",.,"A",.,"A",.,"A",.,"A",.,"A",.,"A",260,"D",.,"A",45,"D",.,"A",.,"A",.,"A",200,"D",.,"A",.,"A"
"20102",2206663,61,0,"1",.,"A",.,"A",.,"A",.,"A",.,"A",.,"A",.,"A",182,"D",.,"A",.,"A",.,"A",.,"A",144,"D",.,"A",.,"A"
"20102",2206673,36,0,"1",.,"A",.,"A",.,"A",.,"A",120,"D",.,"A",.,"A",.,"A",.,"A",.,"A",.,"A",.,"A",30,"D",.,"A",.,"A"
"20102",2206683,39,0,"1",.,"A",.,"A",.,"A",.,"A",.,"A",.,"A",.,"A",.,"A",.,"A",.,"A",.,"A",.,"A",.,"A",.,"A",.,"A"
"20102",2206693,52,0,"1",.,"A",.,"A",.,"A",.,"A",.,"A",.,"A",.,"A",.,"A",.,"A",.,"A",.,"A",.,"A",330,"D",.,"A",.,"A"
"20102",2206703,28,0,"1",.,"A",.,"A",.,"A",.,"A",.,"A",.,"A",.,"A",.,"A",.,"A",.,"A",.,"A",.,"A",.,"A",.,"A",.,"A"
"20102",2206733,43,0,"1",.,"A",.,"A",.,"A",.,"A",.,"A",.,"A",.,"A",.,"A",.,"A",.,"A",.,"A",.,"A",.,"A",.,"A",.,"A"
"20102",2206753,72,0,"1",.,"A",.,"A",.,"A",.,"A",.,"A",.,"A",.,"A",.,"A",.,"A",.,"A",.,"A",.,"A",30,"D",.,"A",.,"A"
"20102",2206763,40,0,"1",5,"D",.,"A",.,"A",.,"A",35,"D",60,"D",.,"A",.,"A",.,"A",810,"D",0,"D",0,"D",30,"D",270,"D",.,"A"
"20102",2206773,45,0,"1",.,"A",.,"A",.,"A",.,"A",.,"A",.,"A",520,"D",.,"A",.,"A",.,"A",.,"A",.,"A",60,"D",.,"A",.,"A"
"20102",2206783,35,0,"1",.,"A",.,"A",.,"A",.,"A",.,"A",.,"A",325,"D",.,"A",.,"A",.,"A",.,"A",.,"A",.,"A",.,"A",.,"A"
"20102",2206793,48,0,"1",.,"A",.,"A",.,"A",.,"A",6,"D",.,"A",.,"A",.,"A",.,"A",.,"A",.,"A",.,"A",.,"A",.,"A",.,"A"
"20102",2206813,46,0,"1",.,"A",.,"A",.,"A",.,"A",.,"A",60,"D",.,"A",.,"A",.,"A",.,"A",.,"A",.,"A",180,"D",.,"A",.,"A"
"20102",2206833,69,0,"1",.,"A",.,"A",.,"A",.,"A",.,"A",.,"A",.,"A",.,"A",.,"A",90,"D",0,"D",90,"D",220,"D",30,"D",.,"A"
"20102",2206843,68,0,"1",.,"A",.,"A",.,"A",.,"A",.,"A",.,"A",130,"D",.,"A",3,"D",.,"A",.,"A",.,"A",.,"A",.,"A",.,"A"
"20102",2206863,58,0,"1",.,"A",.,"A",.,"A",.,"A",.,"A",.,"A",.,"A",.,"A",.,"A",.,"A",.,"A",.,"A",50,"D",.,"A",.,"A"
"20102",2206873,59,0,"1",.,"A",.,"A",.,"A",.,"A",.,"A",.,"A",273,"D",.,"A",.,"A",.,"A",.,"A",.,"A",.,"A",.,"A",.,"A"
"20102",2206883,25,0,"1",.,"A",.,"A",.,"A",.,"A",.,"A",.,"A",.,"A",.,"A",.,"A",.,"A",.,"A",.,"A",.,"A",.,"A",.,"A"
"20102",2206893,54,0,"1",.,"A",.,"A",.,"A",.,"A",.,"A",.,"A",.,"A",.,"A",.,"A",.,"A",.,"A",.,"A",317,"D",.,"A",.,"A"
"20102",2206903,29,0,"1",.,"A",.,"A",.,"A",.,"A",.,"A",.,"A",.,"A",.,"A",.,"A",.,"A",.,"A",.,"A",.,"A",.,"A",.,"A"
"20102",2206913,33,0,"1",.,"A",.,"A",.,"A",.,"A",.,"A",.,"A",.,"A",.,"A",.,"A",.,"A",.,"A",.,"A",.,"A",.,"A",.,"A"
"20102",2206923,72,0,"1",.,"A",.,"A",.,"A",.,"A",.,"A",20,"D",.,"A",.,"A",.,"A",.,"A",.,"A",.,"A",96,"D",.,"A",.,"A"
"20102",2206943,63,0,"1",.,"A",.,"A",.,"A",.,"A",.,"A",.,"A",.,"A",.,"A",75,"D",.,"A",.,"A",.,"A",25,"D",.,"A",.,"A"
"20102",2206953,34,0,"1",.,"A",.,"A",.,"A",.,"A",.,"A",.,"A",325,"D",.,"A",.,"A",.,"A",.,"A",.,"A",72,"D",.,"A",.,"A"
"20102",2206963,52,0,"1",.,"A",.,"A",.,"A",.,"A",.,"A",.,"A",.,"A",.,"A",9,"D",.,"A",.,"A",.,"A",.,"A",.,"A",.,"A"
"20102",2206973,44,0,"1",.,"A",.,"A",.,"A",.,"A",.,"A",.,"A",.,"A",.,"A",.,"A",.,"A",.,"A",.,"A",.,"A",.,"A",.,"A"
"20102",2206983,68,0,"1",.,"A",.,"A",.,"A",.,"A",.,"A",.,"A",.,"A",.,"A",.,"A",.,"A",.,"A",.,"A",.,"A",.,"A",.,"A"
"20102",2206993,39,0,"1",.,"A",.,"A",.,"A",.,"A",.,"A",.,"A",.,"A",.,"A",.,"A",.,"A",.,"A",.,"A",50,"D",.,"A",.,"A"
"20102",2207003,41,0,"1",.,"A",.,"A",.,"A",.,"A",.,"A",.,"A",.,"A",.,"A",.,"A",.,"A",.,"A",.,"A",105,"D",.,"A",.,"A"
"20102",2207013,60,0,"1",.,"A",.,"A",.,"A",.,"A",.,"A",.,"A",.,"A",.,"A",.,"A",.,"A",.,"A",.,"A",50,"D",.,"A",.,"A"
"20102",2207023,51,0,"1",.,"A",.,"A",.,"A",.,"A",.,"A",.,"A",.,"A",.,"A",.,"A",.,"A",.,"A",.,"A",45,"D",.,"A",.,"A"
"20102",2207043,28,0,"1",.,"A",.,"A",.,"A",.,"A",.,"A",40,"D",.,"A",.,"A",.,"A",0,"D",0,"D",75,"D",100,"D",0,"D",.,"A"
"20102",2207053,45,0,"1",.,"A",.,"A",.,"A",.,"A",.,"A",.,"A",.,"A",.,"A",.,"A",.,"A",.,"A",.,"A",320,"D",.,"A",.,"A"
"20102",2207063,51,0,"1",.,"A",.,"A",.,"A",.,"A",.,"A",30,"D",.,"A",.,"A",.,"A",.,"A",.,"A",.,"A",280,"D",.,"A",.,"A"
"20102",2207083,36,0,"1",.,"A",.,"A",.,"A",.,"A",.,"A",.,"A",455,"D",260,"D",.,"A",.,"A",.,"A",.,"A",25,"D",.,"A",.,"A"
"20102",2207093,25,0,"1",.,"A",.,"A",.,"A",180,"D",.,"A",.,"A",.,"A",.,"A",.,"A",.,"A",.,"A",.,"A",.,"A",.,"A",.,"A"
"20102",2207123,48,0,"1",.,"A",.,"A",.,"A",.,"A",.,"A",.,"A",.,"A",.,"A",.,"A",.,"A",.,"A",.,"A",90,"D",.,"A",.,"A"
"20102",2207133,51,0,"1",.,"A",.,"A",.,"A",.,"A",.,"A",.,"A",.,"A",65,"D",.,"A",.,"A",.,"A",.,"A",18,"D",.,"A",.,"A"
"20102",2207143,40,0,"1",.,"A",.,"A",.,"A",.,"A",.,"A",.,"A",.,"A",.,"A",.,"A",.,"A",.,"A",.,"A",.,"A",.,"A",.,"A"
"20102",2207153,43,0,"1",.,"A",.,"A",.,"A",.,"A",96,"D",.,"A",.,"A",.,"A",.,"A",.,"A",.,"A",.,"A",.,"A",.,"A",.,"A"
"20102",2207173,53,0,"1",.,"A",.,"A",.,"A",.,"A",.,"A",.,"A",.,"A",.,"A",.,"A",.,"A",.,"A",.,"A",.,"A",.,"A",.,"A"
"20102",2207183,33,0,"1",.,"A",.,"A",.,"A",.,"A",90,"D",12,"D",.,"A",.,"A",.,"A",.,"A",.,"A",.,"A",.,"A",.,"A",.,"A"
"20102",2207193,56,0,"1",.,"A",.,"A",.,"A",.,"A",.,"A",.,"A",.,"A",.,"A",.,"A",.,"A",.,"A",.,"A",86,"D",.,"A",.,"A"
"20102",2207203,48,0,"1",.,"A",.,"A",.,"A",.,"A",.,"A",.,"A",.,"A",.,"A",.,"A",.,"A",.,"A",.,"A",25,"D",.,"A",.,"A"
"20102",2207233,56,0,"1",.,"A",.,"A",30,"D",.,"A",.,"A",.,"A",.,"A",.,"A",.,"A",.,"A",.,"A",.,"A",180,"D",.,"A",.,"A"
"20102",2207263,84,0,"1",.,"A",.,"A",.,"A",.,"A",.,"A",85,"D",.,"A",.,"A",.,"A",240,"D",0,"D",0,"D",300,"D",80,"D",120,"F"
"20102",2207283,65,0,"1",.,"A",.,"A",.,"A",.,"A",.,"A",.,"A",.,"A",.,"A",.,"A",.,"A",.,"A",.,"A",108,"D",.,"A",.,"A"
"20102",2207293,21,0,"1",.,"A",.,"A",.,"A",.,"A",.,"A",.,"A",.,"A",.,"A",.,"A",.,"A",.,"A",.,"A",.,"A",.,"A",.,"A"
"20102",2207323,86,0,"1",.,"A",.,"A",.,"A",.,"A",.,"A",.,"A",.,"A",.,"A",.,"A",.,"A",.,"A",.,"A",82,"D",.,"A",.,"A"
"20102",2207353,43,0,"1",.,"A",.,"A",.,"A",.,"A",.,"A",.,"A",.,"A",.,"A",.,"A",.,"A",.,"A",.,"A",.,"A",.,"A",.,"A"
"20102",2207373,55,0,"1",.,"A",.,"A",.,"A",.,"A",.,"A",.,"A",.,"A",.,"A",.,"A",.,"A",.,"A",.,"A",22,"D",.,"A",.,"A"
"20102",2207433,57,0,"1",.,"A",.,"A",.,"A",.,"A",.,"A",.,"A",.,"A",.,"A",.,"A",.,"A",.,"A",.,"A",20,"D",.,"A",.,"A"
"20102",2207443,55,0,"1",.,"A",.,"A",.,"A",.,"A",.,"A",.,"A",.,"A",.,"A",.,"A",.,"A",.,"A",.,"A",200,"D",.,"A",.,"A"
"20102",2207463,30,0,"1",.,"A",.,"A",.,"A",.,"A",40,"D",120,"D",.,"A",.,"A",.,"A",.,"A",.,"A",.,"A",50,"D",.,"A",.,"A"
"20102",2207483,25,0,"1",.,"A",.,"A",.,"A",.,"A",12,"D",.,"A",.,"A",.,"A",.,"A",0,"D",0,"D",135,"D",.,"A",0,"D",.,"A"
"20102",2207503,22,0,"1",.,"A",.,"A",.,"A",.,"A",30,"D",.,"A",.,"A",.,"A",.,"A",.,"A",.,"A",.,"A",.,"A",.,"A",.,"A"
"20102",2207523,42,0,"1",.,"A",.,"A",.,"A",.,"A",.,"A",.,"A",.,"A",.,"A",.,"A",.,"A",.,"A",.,"A",.,"A",.,"A",.,"A"
"20102",2207543,35,0,"1",0,"F",.,"A",.,"A",.,"A",90,"F",.,"A",.,"A",.,"A",.,"A",.,"A",.,"A",.,"A",30,"D",.,"A",.,"A"
"20102",2207553,63,0,"1",.,"A",.,"A",.,"A",.,"A",.,"A",.,"A",.,"A",.,"A",.,"A",.,"A",.,"A",.,"A",220,"D",.,"A",.,"A"
"20102",2207573,43,0,"1",.,"A",.,"A",.,"A",.,"A",.,"A",.,"A",.,"A",.,"A",.,"A",.,"A",.,"A",.,"A",.,"A",.,"A",.,"A"
"20102",2207583,32,0,"1",.,"A",.,"A",.,"A",.,"A",.,"A",.,"A",.,"A",.,"A",.,"A",.,"A",.,"A",.,"A",.,"A",.,"A",.,"A"
"20102",2207603,56,0,"1",.,"A",.,"A",.,"A",.,"A",.,"A",.,"A",.,"A",.,"A",.,"A",.,"A",.,"A",.,"A",200,"D",.,"A",.,"A"
"20102",2207613,29,0,"1",.,"A",.,"A",.,"A",.,"A",120,"D",.,"A",.,"A",.,"A",.,"A",.,"A",.,"A",.,"A",90,"D",.,"A",.,"A"
"20102",2207623,28,0,"1",.,"A",.,"A",.,"A",.,"A",.,"A",.,"A",.,"A",.,"A",.,"A",.,"A",.,"A",.,"A",.,"A",.,"A",.,"A"
"20102",2207633,25,0,"1",.,"A",.,"A",.,"A",.,"A",90,"D",.,"A",.,"A",.,"A",.,"A",.,"A",.,"A",.,"A",.,"A",.,"A",.,"A"
"20102",2207643,30,0,"1",.,"A",.,"A",.,"A",60,"D",108,"D",.,"A",650,"D",.,"A",.,"A",.,"A",.,"A",.,"A",200,"D",.,"A",.,"A"
"20102",2207653,50,0,"1",.,"A",.,"A",.,"A",.,"A",.,"A",.,"A",.,"A",.,"A",36,"D",.,"A",.,"A",.,"A",89,"D",.,"A",.,"A"
"20102",2207663,52,0,"1",.,"A",.,"A",.,"A",.,"A",.,"A",.,"A",.,"A",.,"A",.,"A",.,"A",.,"A",.,"A",240,"D",.,"A",.,"A"
"20102",2207673,57,0,"1",.,"A",.,"A",.,"A",.,"A",.,"A",.,"A",.,"A",.,"A",.,"A",.,"A",.,"A",.,"A",85,"D",.,"A",.,"A"
"20102",2207693,78,0,"1",.,"A",.,"A",.,"A",.,"A",.,"A",.,"A",650,"D",.,"A",42,"D",.,"A",.,"A",.,"A",90,"D",.,"A",.,"A"
"20102",2207713,56,0,"1",.,"A",.,"A",.,"A",.,"A",.,"A",.,"A",.,"A",.,"A",.,"A",.,"A",.,"A",.,"A",.,"A",.,"A",.,"A"
"20102",2207763,45,0,"1",.,"A",.,"A",.,"A",.,"A",.,"A",.,"A",.,"A",.,"A",.,"A",.,"A",.,"A",.,"A",275,"D",.,"A",.,"A"
"20102",2207793,49,0,"1",.,"A",.,"A",.,"A",.,"A",.,"A",.,"A",.,"A",.,"A",.,"A",.,"A",.,"A",.,"A",30,"D",.,"A",.,"A"
"20102",2207803,57,0,"1",.,"A",.,"A",.,"A",.,"A",.,"A",.,"A",.,"A",.,"A",.,"A",.,"A",.,"A",.,"A",.,"A",.,"A",.,"A"
"20102",2207823,53,0,"1",.,"A",.,"A",.,"A",.,"A",.,"A",.,"A",.,"A",.,"A",.,"A",.,"A",.,"A",.,"A",80,"D",.,"A",.,"A"
"20102",2207833,50,0,"1",.,"A",.,"A",.,"A",.,"A",.,"A",.,"A",.,"A",.,"A",.,"A",.,"A",.,"A",.,"A",135,"D",.,"A",.,"A"
"20102",2207843,38,0,"1",.,"A",.,"A",.,"A",.,"A",.,"A",.,"A",.,"A",.,"A",.,"A",.,"A",.,"A",.,"A",.,"A",.,"A",.,"A"
"20102",2207853,48,0,"1",.,"A",.,"A",.,"A",.,"A",.,"A",.,"A",.,"A",.,"A",.,"A",.,"A",.,"A",.,"A",90,"D",.,"A",.,"A"
"20102",2207863,25,0,"1",10,"D",.,"A",.,"A",.,"A",1490,"D",.,"A",.,"A",.,"A",.,"A",90,"D",0,"D",0,"D",30,"D",30,"D",.,"A"
"20102",2207873,68,0,"1",.,"A",.,"A",.,"A",15,"D",.,"A",.,"A",260,"D",.,"A",.,"A",.,"A",.,"A",.,"A",255,"D",.,"A",.,"A"
"20102",2207883,63,0,"1",.,"A",.,"A",.,"A",.,"A",.,"A",.,"A",.,"A",.,"A",.,"A",.,"A",.,"A",.,"A",100,"D",.,"A",.,"A"
"20102",2207893,26,0,"1",.,"A",.,"A",.,"A",.,"A",.,"A",.,"A",.,"A",.,"A",.,"A",.,"A",.,"A",.,"A",.,"A",.,"A",.,"A"
"20102",2207913,42,0,"1",.,"A",.,"A",.,"A",.,"A",60,"D",.,"A",.,"A",.,"A",.,"A",.,"A",.,"A",.,"A",300,"D",.,"A",.,"A"
"20102",2207953,39,0,"1",.,"A",.,"A",.,"A",.,"A",.,"A",.,"A",.,"A",.,"A",.,"A",.,"A",.,"A",.,"A",.,"A",.,"A",.,"A"
"20102",2207973,64,0,"1",.,"A",.,"A",.,"A",.,"A",.,"A",.,"A",780,"D",.,"A",.,"A",.,"A",.,"A",.,"A",75,"D",.,"A",.,"A"
"20102",2207983,34,0,"1",.,"A",.,"A",.,"A",.,"A",.,"A",.,"A",.,"A",.,"A",.,"A",.,"A",.,"A",.,"A",.,"A",.,"A",.,"A"
"20102",2207993,42,0,"1",.,"A",.,"A",.,"A",.,"A",.,"A",.,"A",.,"A",.,"A",.,"A",.,"A",.,"A",.,"A",145,"D",.,"A",.,"A"
"20102",2208003,38,0,"1",.,"A",.,"A",.,"A",.,"A",.,"A",.,"A",.,"A",.,"A",.,"A",.,"A",.,"A",.,"A",.,"A",.,"A",.,"A"
"20102",2208013,34,0,"1",20,"D",.,"A",.,"A",.,"A",100,"D",.,"A",.,"A",.,"A",.,"A",.,"A",.,"A",.,"A",.,"A",.,"A",.,"A"
"20102",2208033,33,0,"1",.,"A",.,"A",.,"A",.,"A",100,"D",.,"A",650,"D",.,"A",.,"A",150,"D",0,"D",0,"D",.,"A",50,"D",.,"A"
"20102",2208053,34,0,"1",0,"F",.,"A",.,"A",.,"A",36,"F",.,"A",195,"D",.,"A",.,"A",.,"A",.,"A",.,"A",.,"A",.,"A",.,"A"
"20102",2208063,56,0,"1",.,"A",.,"A",.,"A",.,"A",.,"A",.,"A",585,"D",.,"A",.,"A",.,"A",.,"A",.,"A",350,"D",.,"A",.,"A"
"20102",2208073,42,0,"1",.,"A",.,"A",.,"A",.,"A",.,"A",.,"A",.,"A",.,"A",.,"A",.,"A",.,"A",.,"A",254,"D",.,"A",.,"A"
"20102",2208083,47,0,"1",12,"D",.,"A",.,"A",.,"A",108,"D",.,"A",546,"D",.,"A",0,"D",.,"A",.,"A",.,"A",40,"D",.,"A",.,"A"
"20102",2208093,43,0,"1",.,"A",.,"A",.,"A",.,"A",45,"D",.,"A",.,"A",.,"A",18,"D",.,"A",.,"A",.,"A",65,"D",.,"A",.,"A"
"20102",2208123,49,0,"1",.,"A",.,"A",.,"A",.,"A",.,"A",.,"A",78,"D",.,"A",.,"A",.,"A",.,"A",.,"A",.,"A",.,"A",.,"A"
"20102",2208133,57,0,"1",.,"A",.,"A",.,"A",.,"A",.,"A",.,"A",546,"D",.,"A",.,"A",.,"A",.,"A",.,"A",.,"A",.,"A",.,"A"
"20102",2208143,38,0,"1",.,"A",.,"A",.,"A",.,"A",.,"A",.,"A",.,"A",.,"A",9,"D",.,"A",.,"A",.,"A",40,"D",.,"A",.,"A"
"20102",2208163,42,0,"1",.,"A",.,"A",.,"A",.,"A",.,"A",.,"A",130,"D",.,"A",.,"A",.,"A",.,"A",.,"A",.,"A",.,"A",.,"A"
"20102",2208183,37,0,"1",.,"A",.,"A",.,"A",.,"A",.,"A",120,"D",.,"A",130,"D",.,"A",.,"A",.,"A",.,"A",30,"D",.,"A",.,"A"
"20102",2208193,50,0,"1",.,"A",.,"A",.,"A",.,"A",.,"A",.,"A",.,"A",.,"A",.,"A",.,"A",.,"A",.,"A",300,"D",.,"A",.,"A"
"20102",2208213,33,0,"1",.,"A",.,"A",.,"A",.,"A",.,"A",.,"A",.,"A",.,"A",.,"A",.,"A",.,"A",.,"A",.,"A",.,"A",.,"A"
"20102",2208223,61,0,"1",.,"A",.,"A",.,"A",.,"A",.,"A",.,"A",.,"A",.,"A",.,"A",.,"A",.,"A",.,"A",22,"D",.,"A",.,"A"
"20102",2208243,43,0,"1",.,"A",.,"A",.,"A",.,"A",.,"A",.,"A",.,"A",.,"A",.,"A",.,"A",.,"A",.,"A",.,"A",.,"A",.,"A"
"20102",2208263,59,0,"1",.,"A",.,"A",.,"A",.,"A",.,"A",25,"D",.,"A",.,"A",.,"A",.,"A",.,"A",.,"A",80,"D",.,"A",.,"A"
"20102",2208313,49,0,"1",.,"A",.,"A",.,"A",.,"A",.,"A",.,"A",.,"A",.,"A",.,"A",.,"A",.,"A",.,"A",.,"A",.,"A",.,"A"
"20102",2208323,29,0,"1",.,"A",.,"A",.,"A",.,"A",.,"A",.,"A",.,"A",.,"A",.,"A",0,"D",0,"D",60,"D",.,"A",0,"D",.,"A"
"20102",2208343,61,0,"1",.,"A",.,"A",.,"A",.,"A",.,"A",.,"A",.,"A",.,"A",.,"A",.,"A",.,"A",.,"A",70,"D",.,"A",.,"A"
"20102",2208353,40,0,"1",.,"A",.,"A",.,"A",.,"A",.,"A",.,"A",.,"A",.,"A",.,"A",.,"A",.,"A",.,"A",60,"D",.,"A",.,"A"
"20102",2208373,30,0,"1",.,"A",.,"A",.,"A",.,"A",.,"A",.,"A",.,"A",.,"A",.,"A",.,"A",.,"A",.,"A",.,"A",.,"A",.,"A"
"20102",2208393,36,0,"1",.,"A",.,"A",.,"A",.,"A",.,"A",.,"A",.,"A",.,"A",.,"A",.,"A",.,"A",.,"A",60,"D",.,"A",.,"A"
"20102",2208413,62,0,"1",.,"A",.,"A",.,"A",.,"A",.,"A",.,"A",.,"A",.,"A",.,"A",.,"A",.,"A",.,"A",.,"A",.,"A",.,"A"
"20102",2208423,27,0,"1",0,"F",.,"A",.,"A",.,"A",35,"F",.,"A",.,"A",.,"A",.,"A",.,"A",.,"A",.,"A",.,"A",.,"A",.,"A"
"20102",2208433,36,0,"1",.,"A",.,"A",.,"A",.,"A",.,"A",.,"A",.,"A",.,"A",.,"A",.,"A",.,"A",.,"A",.,"A",.,"A",.,"A"
"20102",2208443,34,0,"1",.,"A",.,"A",.,"A",.,"A",.,"A",.,"A",.,"A",.,"A",.,"A",.,"A",.,"A",.,"A",90,"D",.,"A",.,"A"
"20102",2208463,25,0,"1",.,"A",.,"A",.,"A",.,"A",.,"A",.,"A",.,"A",.,"A",.,"A",.,"A",.,"A",.,"A",.,"A",.,"A",.,"A"
"20102",2208493,62,0,"1",.,"A",.,"A",.,"A",.,"A",.,"A",.,"A",.,"A",.,"A",.,"A",.,"A",.,"A",.,"A",16,"D",.,"A",.,"A"
"20102",2208503,46,0,"1",.,"A",.,"A",.,"A",.,"A",120,"D",.,"A",.,"A",.,"A",.,"A",.,"A",.,"A",.,"A",70,"D",.,"A",.,"A"
"20102",2208513,64,0,"1",.,"A",.,"A",.,"A",.,"A",.,"A",.,"A",.,"A",.,"A",.,"A",.,"A",.,"A",.,"A",40,"D",.,"A",.,"A"
"20102",2208523,51,0,"1",.,"A",.,"A",.,"A",.,"A",.,"A",.,"A",.,"A",.,"A",.,"A",.,"A",.,"A",.,"A",400,"D",.,"A",.,"A"
"20102",2208543,63,0,"1",.,"A",.,"A",.,"A",.,"A",.,"A",.,"A",.,"A",.,"A",.,"A",0,"D",0,"D",18,"D",36,"D",0,"D",.,"A"
"20102",2208553,33,0,"1",.,"A",.,"A",.,"A",.,"A",.,"A",.,"A",.,"A",.,"A",.,"A",.,"A",.,"A",.,"A",.,"A",.,"A",.,"A"
"20102",2208563,37,0,"1",.,"A",.,"A",.,"A",.,"A",.,"A",.,"A",.,"A",.,"A",.,"A",.,"A",.,"A",.,"A",30,"D",.,"A",.,"A"
"20102",2208593,46,0,"1",.,"A",.,"A",.,"A",.,"A",.,"A",.,"A",.,"A",.,"A",.,"A",.,"A",.,"A",.,"A",.,"A",.,"A",.,"A"
"20102",2208613,62,0,"1",.,"A",.,"A",.,"A",.,"A",.,"A",.,"A",.,"A",.,"A",.,"A",.,"A",.,"A",.,"A",.,"A",.,"A",.,"A"
"20102",2208633,76,0,"1",.,"A",.,"A",.,"A",.,"A",.,"A",.,"A",.,"A",.,"A",15,"D",.,"A",.,"A",.,"A",30,"D",.,"A",.,"A"
"20102",2208653,29,0,"1",.,"A",.,"A",.,"A",.,"A",80,"D",.,"A",.,"A",.,"A",.,"A",.,"A",.,"A",.,"A",75,"D",.,"A",.,"A"
"20102",2208663,44,0,"1",.,"A",.,"A",.,"A",.,"A",.,"A",30,"D",.,"A",.,"A",.,"A",.,"A",.,"A",.,"A",30,"D",.,"A",.,"A"
"20102",2208673,40,0,"1",.,"A",.,"A",.,"A",.,"A",.,"A",.,"A",.,"A",.,"A",.,"A",.,"A",.,"A",.,"A",40,"D",.,"A",.,"A"
"20102",2208683,52,0,"1",.,"A",.,"A",.,"A",.,"A",.,"A",.,"A",.,"A",.,"A",.,"A",.,"A",.,"A",.,"A",120,"D",.,"A",.,"A"
"20102",2208693,98,0,"1",.,"A",.,"A",.,"A",.,"A",15,"D",30,"D",.,"A",.,"A",.,"A",0,"D",0,"D",45,"D",350,"D",0,"D",.,"A"
"20102",2208723,37,0,"1",.,"A",.,"A",.,"A",.,"A",3,"D",.,"A",130,"D",.,"A",.,"A",.,"A",.,"A",.,"A",250,"D",.,"A",.,"A"
"20102",2208743,58,0,"1",.,"A",.,"A",.,"A",.,"A",.,"A",.,"A",.,"A",.,"A",.,"A",.,"A",.,"A",.,"A",96,"D",.,"A",.,"A"
"20102",2208773,59,0,"1",.,"A",.,"A",.,"A",.,"A",.,"A",.,"A",.,"A",.,"A",.,"A",.,"A",.,"A",.,"A",180,"D",.,"A",.,"A"
"20102",2208783,64,0,"1",.,"A",.,"A",.,"A",.,"A",.,"A",.,"A",.,"A",.,"A",.,"A",.,"A",.,"A",.,"A",135,"D",.,"A",.,"A"
"20102",2208793,48,0,"1",.,"A",.,"A",.,"A",.,"A",.,"A",.,"A",481,"D",.,"A",.,"A",.,"A",.,"A",.,"A",50,"D",.,"A",.,"A"
"20102",2208803,47,0,"1",.,"A",.,"A",.,"A",.,"A",.,"A",.,"A",455,"D",.,"A",.,"A",.,"A",.,"A",.,"A",30,"D",.,"A",.,"A"
"20102",2208813,38,0,"1",.,"A",.,"A",.,"A",.,"A",.,"A",.,"A",325,"D",.,"A",.,"A",.,"A",.,"A",.,"A",.,"A",.,"A",.,"A"
"20102",2208823,63,0,"1",32,"D",.,"A",.,"A",.,"A",64,"D",47,"D",.,"A",.,"A",.,"A",0,"D",0,"D",45,"D",170,"D",0,"D",.,"A"
"20102",2208833,35,0,"1",.,"A",.,"A",.,"A",.,"A",.,"A",.,"A",.,"A",.,"A",.,"A",.,"A",.,"A",.,"A",.,"A",.,"A",.,"A"
"20102",2208853,38,0,"1",.,"A",.,"A",.,"A",.,"A",120,"D",.,"A",.,"A",.,"A",.,"A",.,"A",.,"A",.,"A",20,"D",.,"A",.,"A"
"20102",2208863,39,0,"1",.,"A",.,"A",.,"A",.,"A",.,"A",.,"A",377,"D",.,"A",.,"A",.,"A",.,"A",.,"A",.,"A",.,"A",.,"A"
"20102",2208873,54,0,"1",.,"A",.,"A",.,"A",.,"A",.,"A",.,"A",.,"A",.,"A",.,"A",.,"A",.,"A",.,"A",30,"D",.,"A",.,"A"
"20102",2208923,68,0,"1",.,"A",.,"A",.,"A",.,"A",.,"A",.,"A",.,"A",.,"A",.,"A",.,"A",.,"A",.,"A",.,"A",.,"A",.,"A"
"20102",2208933,45,0,"1",.,"A",.,"A",.,"A",.,"A",.,"A",.,"A",.,"A",.,"A",12,"D",0,"D",60,"D",0,"D",30,"D",0,"D",.,"A"
"20102",2208983,47,0,"1",.,"A",.,"A",.,"A",.,"A",.,"A",73,"D",.,"A",.,"A",.,"A",.,"A",.,"A",.,"A",17,"D",.,"A",.,"A"
"20102",2208993,82,0,"1",.,"A",.,"A",.,"A",.,"A",.,"A",.,"A",.,"A",.,"A",.,"A",.,"A",.,"A",.,"A",85,"D",.,"A",.,"A"
"20102",2209003,67,0,"1",.,"A",.,"A",.,"A",.,"A",.,"A",30,"D",.,"A",.,"A",.,"A",.,"A",.,"A",.,"A",150,"D",.,"A",.,"A"
"20102",2209013,58,0,"1",.,"A",.,"A",.,"A",.,"A",.,"A",.,"A",.,"A",.,"A",.,"A",.,"A",.,"A",.,"A",50,"D",.,"A",.,"A"
"20102",2209023,42,0,"1",.,"A",.,"A",.,"A",.,"A",.,"A",.,"A",.,"A",.,"A",.,"A",.,"A",.,"A",.,"A",.,"A",.,"A",.,"A"
"20102",2209033,53,0,"1",.,"A",.,"A",.,"A",.,"A",.,"A",.,"A",.,"A",.,"A",.,"A",.,"A",.,"A",.,"A",.,"A",.,"A",.,"A"
"20102",2209053,41,0,"1",.,"A",.,"A",.,"A",.,"A",.,"A",.,"A",.,"A",.,"A",.,"A",.,"A",.,"A",.,"A",200,"D",.,"A",.,"A"
"20102",2209064,74,0,"1",.,"A",.,"A",.,"A",.,"A",.,"A",186,"D",.,"A",.,"A",36,"D",.,"A",.,"A",.,"A",240,"D",.,"A",.,"A"
"20102",2209073,60,0,"1",.,"A",.,"A",.,"A",.,"A",.,"A",20,"D",.,"A",.,"A",.,"A",.,"A",.,"A",.,"A",160,"D",.,"A",.,"A"
"20102",2209093,60,0,"1",.,"A",.,"A",.,"A",.,"A",.,"A",.,"A",.,"A",.,"A",.,"A",.,"A",.,"A",.,"A",15,"D",.,"A",.,"A"
"20102",2209103,37,0,"1",.,"A",.,"A",.,"A",.,"A",.,"A",.,"A",.,"A",.,"A",.,"A",.,"A",.,"A",.,"A",90,"D",.,"A",.,"A"
"20102",2209113,40,0,"1",.,"A",.,"A",.,"A",.,"A",45,"D",.,"A",.,"A",.,"A",.,"A",267,"D",0,"D",0,"D",.,"A",89,"D",.,"A"
"20102",2209133,31,0,"1",.,"A",.,"A",.,"A",.,"A",.,"A",.,"A",455,"D",.,"A",.,"A",.,"A",.,"A",.,"A",.,"A",.,"A",.,"A"
"20102",2209153,42,0,"1",.,"A",.,"A",.,"A",.,"A",.,"A",.,"A",.,"A",.,"A",.,"A",.,"A",.,"A",.,"A",320,"D",.,"A",.,"A"
"20102",2209163,66,0,"1",.,"A",.,"A",.,"A",.,"A",.,"A",.,"A",.,"A",.,"A",75,"D",.,"A",.,"A",.,"A",65,"D",.,"A",.,"A"
"20102",2209173,45,0,"1",.,"A",.,"A",.,"A",.,"A",.,"A",.,"A",.,"A",.,"A",.,"A",.,"A",.,"A",.,"A",.,"A",.,"A",.,"A"
"20102",2209184,47,0,"1",.,"A",.,"A",.,"A",.,"A",.,"A",35,"D",.,"A",.,"A",.,"A",.,"A",.,"A",.,"A",30,"D",.,"A",.,"A"
"20102",2209213,39,0,"1",.,"A",.,"A",.,"A",.,"A",.,"A",.,"A",.,"A",.,"A",.,"A",.,"A",.,"A",.,"A",25,"D",.,"A",.,"A"
"20102",2209223,21,0,"1",.,"A",.,"A",.,"A",.,"A",.,"A",.,"A",.,"A",.,"A",.,"A",.,"A",.,"A",.,"A",.,"A",.,"A",.,"A"
"20102",2209233,40,0,"1",.,"A",.,"A",.,"A",.,"A",.,"A",.,"A",.,"A",.,"A",.,"A",.,"A",.,"A",.,"A",.,"A",.,"A",.,"A"
"20102",2209243,34,0,"1",.,"A",.,"A",.,"A",.,"A",.,"A",.,"A",.,"A",.,"A",.,"A",.,"A",.,"A",.,"A",.,"A",.,"A",.,"A"
"20102",2209263,29,0,"1",.,"A",.,"A",.,"A",.,"A",.,"A",.,"A",.,"A",.,"A",.,"A",.,"A",.,"A",.,"A",.,"A",.,"A",.,"A"
"20102",2209303,31,0,"1",.,"A",.,"A",.,"A",.,"A",.,"A",.,"A",.,"A",.,"A",.,"A",.,"A",.,"A",.,"A",.,"A",.,"A",.,"A"
"20102",2209323,55,0,"1",.,"A",.,"A",.,"A",.,"A",.,"A",.,"A",.,"A",.,"A",.,"A",.,"A",.,"A",.,"A",140,"D",.,"A",.,"A"
"20102",2209333,45,0,"1",.,"A",.,"A",.,"A",.,"A",.,"A",.,"A",.,"A",.,"A",.,"A",.,"A",.,"A",.,"A",30,"D",.,"A",.,"A"
"20102",2209343,68,0,"1",.,"A",.,"A",.,"A",.,"A",.,"A",100,"D",.,"A",.,"A",.,"A",.,"A",.,"A",.,"A",450,"D",.,"A",.,"A"
"20102",2209353,69,0,"1",.,"A",.,"A",.,"A",.,"A",.,"A",.,"A",.,"A",.,"A",.,"A",.,"A",.,"A",.,"A",40,"D",.,"A",.,"A"
"20102",2209383,43,0,"1",.,"A",.,"A",.,"A",.,"A",.,"A",.,"A",455,"D",.,"A",.,"A",.,"A",.,"A",.,"A",.,"A",.,"A",.,"A"
"20102",2209393,53,0,"1",50,"D",.,"A",.,"A",.,"A",0,"D",.,"A",1300,"F",.,"A",.,"A",.,"A",.,"A",.,"A",120,"D",.,"A",.,"A"
"20102",2209403,64,0,"1",.,"A",.,"A",.,"A",.,"A",.,"A",.,"A",.,"A",.,"A",36,"D",.,"A",.,"A",.,"A",.,"A",.,"A",.,"A"
"20102",2209413,41,0,"1",.,"A",.,"A",.,"A",.,"A",160,"D",.,"A",.,"A",26,"D",.,"A",.,"A",.,"A",.,"A",20,"D",.,"A",.,"A"
"20102",2209423,59,0,"1",.,"A",.,"A",.,"A",180,"D",.,"A",60,"D",.,"A",.,"A",36,"D",15,"D",0,"D",0,"D",380,"D",5,"D",.,"A"
"20102",2209433,52,0,"1",.,"A",.,"A",.,"A",.,"A",.,"A",.,"A",.,"A",.,"A",.,"A",.,"A",.,"A",.,"A",70,"D",.,"A",.,"A"
"20102",2209443,49,0,"1",.,"A",.,"A",.,"A",.,"A",.,"A",30,"D",.,"A",.,"A",.,"A",.,"A",.,"A",.,"A",270,"D",.,"A",.,"A"
"20102",2209453,48,0,"1",.,"A",.,"A",.,"A",.,"A",.,"A",.,"A",.,"A",.,"A",.,"A",.,"A",.,"A",.,"A",400,"D",.,"A",.,"A"
"20102",2209463,50,0,"1",.,"A",.,"A",.,"A",.,"A",.,"A",.,"A",.,"A",.,"A",.,"A",.,"A",.,"A",.,"A",.,"A",.,"A",.,"A"
"20102",2209483,52,0,"1",.,"A",.,"A",.,"A",.,"A",.,"A",.,"A",.,"A",.,"A",.,"A",0,"D",240,"D",0,"D",.,"A",0,"D",.,"A"
"20102",2209503,60,0,"1",.,"A",.,"A",.,"A",.,"A",.,"A",.,"A",.,"A",.,"A",.,"A",.,"A",.,"A",.,"A",100,"D",.,"A",.,"A"
"20102",2209543,78,0,"1",.,"A",.,"A",.,"A",.,"A",.,"A",.,"A",.,"A",.,"A",.,"A",0,"D",0,"D",15,"D",50,"D",0,"D",.,"A"
"20102",2209583,92,0,"1",14,"D",.,"A",80,"D",.,"A",14,"D",.,"A",2340,"D",.,"A",12,"D",.,"A",.,"A",.,"A",20,"D",.,"A",.,"A"
"20102",2209593,48,0,"1",.,"A",.,"A",.,"A",.,"A",.,"A",.,"A",156,"D",.,"A",.,"A",.,"A",.,"A",.,"A",20,"D",.,"A",.,"A"
"20102",2209603,54,0,"1",.,"A",.,"A",.,"A",.,"A",.,"A",.,"A",910,"D",.,"A",.,"A",.,"A",.,"A",.,"A",.,"A",.,"A",.,"A"
"20102",2209613,78,0,"1",.,"A",.,"A",.,"A",.,"A",.,"A",715,"D",.,"A",.,"A",.,"A",.,"A",.,"A",.,"A",300,"D",.,"A",.,"A"
"20102",2209633,56,0,"1",.,"A",.,"A",.,"A",.,"A",.,"A",.,"A",.,"A",.,"A",.,"A",.,"A",.,"A",.,"A",.,"A",.,"A",.,"A"
"20102",2209663,38,0,"1",.,"A",.,"A",1,"F",.,"A",.,"A",.,"A",.,"A",.,"A",.,"A",.,"A",.,"A",.,"A",20,"D",.,"A",.,"A"
"20102",2209673,43,0,"1",.,"A",.,"A",.,"A",.,"A",.,"A",.,"A",.,"A",.,"A",.,"A",.,"A",.,"A",.,"A",.,"A",.,"A",.,"A"
"20102",2209683,35,0,"1",.,"A",.,"A",.,"A",.,"A",.,"A",.,"A",.,"A",.,"A",36,"D",.,"A",.,"A",.,"A",30,"D",.,"A",.,"A"
"20102",2209713,59,0,"1",.,"A",.,"A",.,"A",.,"A",.,"A",.,"A",.,"A",.,"A",.,"A",.,"A",.,"A",.,"A",90,"D",.,"A",.,"A"
"20102",2209723,56,0,"1",.,"A",.,"A",.,"A",.,"A",.,"A",300,"D",.,"A",.,"A",.,"A",.,"A",.,"A",.,"A",50,"D",.,"A",.,"A"
"20102",2209733,64,0,"1",.,"A",.,"A",.,"A",.,"A",.,"A",.,"A",.,"A",.,"A",.,"A",.,"A",.,"A",.,"A",100,"D",.,"A",.,"A"
"20102",2209763,64,0,"1",.,"A",.,"A",.,"A",.,"A",.,"A",.,"A",.,"A",.,"A",.,"A",.,"A",.,"A",.,"A",.,"A",.,"A",.,"A"
"20102",2209773,56,0,"1",.,"A",.,"A",.,"A",.,"A",.,"A",.,"A",.,"A",.,"A",.,"A",.,"A",.,"A",.,"A",250,"D",.,"A",.,"A"
"20102",2209783,67,0,"1",.,"A",.,"A",.,"A",.,"A",.,"A",80,"D",.,"A",.,"A",.,"A",.,"A",.,"A",.,"A",100,"D",.,"A",.,"A"
"20102",2209793,23,0,"1",.,"A",.,"A",.,"A",.,"A",120,"D",.,"A",91,"D",.,"A",.,"A",360,"D",0,"D",0,"D",.,"A",120,"D",.,"A"
"20102",2209803,50,0,"1",.,"A",.,"A",.,"A",.,"A",.,"A",.,"A",650,"D",195,"D",.,"A",.,"A",.,"A",.,"A",.,"A",.,"A",.,"A"
"20102",2209833,45,0,"1",.,"A",.,"A",.,"A",.,"A",.,"A",.,"A",.,"A",.,"A",.,"A",.,"A",.,"A",.,"A",35,"D",.,"A",.,"A"
"20102",2209843,35,0,"1",.,"A",.,"A",.,"A",.,"A",.,"A",.,"A",.,"A",.,"A",.,"A",.,"A",.,"A",.,"A",550,"D",.,"A",.,"A"
"20102",2209853,27,0,"1",.,"A",.,"A",.,"A",60,"D",.,"A",.,"A",.,"A",.,"A",.,"A",267,"D",0,"D",0,"D",.,"A",89,"D",.,"A"
"20102",2209893,71,0,"1",.,"A",.,"A",.,"A",.,"A",.,"A",.,"A",260,"D",.,"A",.,"A",.,"A",.,"A",.,"A",100,"D",.,"A",.,"A"
"20102",2209903,61,0,"1",.,"A",.,"A",.,"A",.,"A",.,"A",.,"A",.,"A",.,"A",.,"A",.,"A",.,"A",.,"A",80,"D",.,"A",.,"A"
"20102",2209923,71,0,"1",.,"A",.,"A",.,"A",.,"A",.,"A",.,"A",.,"A",.,"A",.,"A",.,"A",.,"A",.,"A",18,"D",.,"A",.,"A"
"20102",2209943,51,0,"1",.,"A",.,"A",.,"A",.,"A",.,"A",.,"A",.,"A",.,"A",.,"A",.,"A",.,"A",.,"A",60,"D",.,"A",.,"A"
"20102",2209953,56,0,"1",.,"A",.,"A",.,"A",.,"A",.,"A",.,"A",.,"A",.,"A",.,"A",.,"A",.,"A",.,"A",.,"A",.,"A",.,"A"
"20102",2209963,58,0,"1",.,"A",.,"A",.,"A",.,"A",.,"A",.,"A",312,"D",.,"A",.,"A",.,"A",.,"A",.,"A",25,"D",.,"A",.,"A"
"20102",2209973,43,0,"1",.,"A",.,"A",.,"A",.,"A",.,"A",.,"A",.,"A",.,"A",.,"A",.,"A",.,"A",.,"A",100,"F",.,"A",.,"A"
"20102",2210013,38,0,"1",.,"A",.,"A",.,"A",.,"A",240,"D",.,"A",.,"A",.,"A",.,"A",.,"A",.,"A",.,"A",60,"D",.,"A",.,"A"
"20102",2210073,34,0,"1",.,"A",.,"A",.,"A",.,"A",.,"A",.,"A",.,"A",.,"A",.,"A",.,"A",.,"A",.,"A",.,"A",.,"A",.,"A"
"20102",2210083,24,0,"1",.,"A",.,"A",.,"A",.,"A",.,"A",.,"A",.,"A",.,"A",.,"A",.,"A",.,"A",.,"A",.,"A",.,"A",.,"A"
"20102",2210093,65,0,"1",.,"A",.,"A",.,"A",.,"A",.,"A",.,"A",.,"A",.,"A",.,"A",.,"A",.,"A",.,"A",320,"D",.,"A",.,"A"
"20102",2210103,50,0,"1",.,"A",.,"A",.,"A",.,"A",.,"A",.,"A",.,"A",.,"A",.,"A",.,"A",.,"A",.,"A",.,"A",.,"A",.,"A"
"20102",2210113,48,0,"1",.,"A",.,"A",.,"A",.,"A",.,"A",.,"A",.,"A",.,"A",.,"A",.,"A",.,"A",.,"A",60,"D",.,"A",.,"A"
"20102",2210123,54,0,"1",.,"A",.,"A",.,"A",.,"A",.,"A",.,"A",.,"A",.,"A",.,"A",.,"A",.,"A",.,"A",8,"D",.,"A",.,"A"
"20102",2210133,29,0,"1",.,"A",.,"A",.,"A",.,"A",.,"A",.,"A",.,"A",.,"A",.,"A",0,"D",0,"D",45,"D",.,"A",0,"D",.,"A"
"20102",2210143,38,0,"1",.,"A",.,"A",.,"A",.,"A",.,"A",.,"A",.,"A",.,"A",.,"A",.,"A",.,"A",.,"A",.,"A",.,"A",.,"A"
"20102",2210183,63,0,"1",.,"A",.,"A",.,"A",.,"A",.,"A",.,"A",.,"A",.,"A",.,"A",.,"A",.,"A",.,"A",46,"D",.,"A",.,"A"
"20102",2210193,50,0,"1",.,"A",.,"A",.,"A",.,"A",.,"A",.,"A",.,"A",.,"A",.,"A",.,"A",.,"A",.,"A",25,"D",.,"A",.,"A"
"20102",2210223,64,0,"1",50,"D",.,"A",.,"A",.,"A",350,"D",180,"D",65,"D",.,"A",.,"A",.,"A",.,"A",.,"A",500,"D",.,"A",.,"A"
"20102",2210233,34,0,"1",.,"A",.,"A",.,"A",.,"A",.,"A",.,"A",.,"A",.,"A",.,"A",.,"A",.,"A",.,"A",.,"A",.,"A",.,"A"
"20102",2210253,34,0,"1",.,"A",.,"A",.,"A",.,"A",.,"A",.,"A",.,"A",.,"A",.,"A",.,"A",.,"A",.,"A",200,"D",.,"A",.,"A"
"20102",2210263,28,0,"1",.,"A",.,"A",.,"A",.,"A",24,"D",.,"A",377,"D",.,"A",.,"A",0,"D",0,"D",90,"D",10,"D",0,"D",.,"A"
"20102",2210283,66,0,"1",.,"A",.,"A",.,"A",.,"A",.,"A",20,"D",.,"A",.,"A",.,"A",.,"A",.,"A",.,"A",170,"D",.,"A",.,"A"
"20102",2210293,51,0,"1",.,"A",.,"A",.,"A",.,"A",.,"A",.,"A",.,"A",.,"A",.,"A",.,"A",.,"A",.,"A",30,"D",.,"A",.,"A"
"20102",2210303,55,0,"1",.,"A",.,"A",.,"A",.,"A",.,"A",.,"A",.,"A",.,"A",42,"F",.,"A",.,"A",.,"A",600,"D",.,"A",.,"A"
"20102",2210314,40,0,"1",.,"A",.,"A",.,"A",.,"A",.,"A",75,"D",.,"A",.,"A",.,"A",.,"A",.,"A",.,"A",260,"D",.,"A",.,"A"
"20102",2210343,41,0,"1",.,"A",.,"A",.,"A",.,"A",.,"A",.,"A",.,"A",.,"A",.,"A",.,"A",.,"A",.,"A",.,"A",.,"A",.,"A"
"20102",2210353,45,0,"1",.,"A",.,"A",.,"A",.,"A",.,"A",.,"A",.,"A",.,"A",.,"A",.,"A",.,"A",.,"A",50,"D",.,"A",.,"A"
"20102",2210373,50,0,"1",.,"A",.,"A",.,"A",.,"A",.,"A",.,"A",.,"A",.,"A",.,"A",.,"A",.,"A",.,"A",20,"D",.,"A",.,"A"
"20102",2210383,42,0,"1",.,"A",.,"A",.,"A",.,"A",.,"A",.,"A",195,"D",.,"A",.,"A",.,"A",.,"A",.,"A",.,"A",.,"A",.,"A"
"20102",2210393,67,0,"1",.,"A",.,"A",.,"A",.,"A",.,"A",.,"A",.,"A",.,"A",.,"A",60,"D",0,"D",6,"D",85,"D",20,"D",.,"A"
"20102",2210403,83,0,"1",.,"A",.,"A",.,"A",.,"A",.,"A",30,"D",.,"A",.,"A",.,"A",.,"A",.,"A",.,"A",399,"D",.,"A",.,"A"
"20102",2210413,48,0,"1",.,"A",.,"A",.,"A",.,"A",.,"A",.,"A",195,"D",.,"A",30,"D",.,"A",.,"A",.,"A",.,"A",.,"A",.,"A"
"20102",2210423,80,0,"1",.,"A",.,"A",25,"D",.,"A",.,"A",120,"D",.,"A",.,"A",.,"A",.,"A",.,"A",.,"A",255,"D",.,"A",.,"A"
"20102",2210433,92,0,"1",.,"A",.,"A",.,"A",.,"A",.,"A",.,"A",.,"A",.,"A",.,"A",.,"A",.,"A",.,"A",50,"D",.,"A",.,"A"
"20102",2210443,56,0,"1",.,"A",.,"A",.,"A",.,"A",.,"A",30,"D",.,"A",.,"A",.,"A",.,"A",.,"A",.,"A",180,"D",.,"A",.,"A"
"20102",2210453,77,0,"1",.,"A",.,"A",.,"A",.,"A",.,"A",.,"A",.,"A",.,"A",.,"A",.,"A",.,"A",.,"A",.,"A",.,"A",.,"A"
"20102",2210463,26,0,"1",0,"F",.,"A",.,"A",.,"A",60,"F",.,"A",429,"D",.,"A",.,"A",.,"A",.,"A",.,"A",.,"A",.,"A",.,"A"
"20102",2210473,65,0,"1",.,"A",.,"A",.,"A",.,"A",.,"A",.,"A",260,"D",.,"A",.,"A",.,"A",.,"A",.,"A",33,"D",.,"A",.,"A"
"20102",2210483,32,0,"1",.,"A",.,"A",.,"A",.,"A",.,"A",.,"A",.,"A",.,"A",.,"A",.,"A",.,"A",.,"A",.,"A",.,"A",.,"A"
"20102",2210493,43,0,"1",.,"A",.,"A",.,"A",.,"A",.,"A",.,"A",.,"A",.,"A",.,"A",0,"D",0,"D",15,"D",.,"A",0,"D",.,"A"
"20102",2210533,50,0,"1",.,"A",.,"A",.,"A",.,"A",.,"A",.,"A",.,"A",.,"A",18,"D",.,"A",.,"A",.,"A",.,"A",.,"A",.,"A"
"20102",2210543,85,0,"1",.,"A",.,"A",.,"A",15,"D",.,"A",.,"A",.,"A",.,"A",.,"A",.,"A",.,"A",.,"A",300,"D",.,"A",.,"A"
"20102",2210583,47,0,"1",.,"A",.,"A",.,"A",.,"A",.,"A",.,"A",520,"D",78,"D",.,"A",.,"A",.,"A",.,"A",60,"D",.,"A",.,"A"
"20102",2210603,46,0,"1",.,"A",.,"A",.,"A",.,"A",.,"A",.,"A",.,"A",.,"A",.,"A",.,"A",.,"A",.,"A",20,"D",.,"A",.,"A"
"20102",2210613,73,0,"1",.,"A",.,"A",.,"A",.,"A",.,"A",.,"A",.,"A",.,"A",30,"D",.,"A",.,"A",.,"A",300,"D",.,"A",.,"A"
"20102",2210623,70,0,"1",.,"A",.,"A",.,"A",.,"A",.,"A",.,"A",.,"A",.,"A",.,"A",.,"A",.,"A",.,"A",225,"D",.,"A",.,"A"
"20102",2210643,42,0,"1",.,"A",.,"A",.,"A",.,"A",.,"A",.,"A",.,"A",.,"A",.,"A",.,"A",.,"A",.,"A",.,"A",.,"A",.,"A"
"20102",2210663,98,0,"1",.,"A",.,"A",.,"A",.,"A",15,"D",.,"A",.,"A",130,"D",.,"A",.,"A",.,"A",.,"A",120,"D",.,"A",.,"A"
"20102",2210683,35,0,"1",.,"A",.,"A",.,"A",.,"A",.,"A",.,"A",.,"A",.,"A",.,"A",.,"A",.,"A",.,"A",300,"D",.,"A",.,"A"
"20102",2210703,80,0,"1",.,"A",.,"A",.,"A",.,"A",.,"A",.,"A",.,"A",.,"A",.,"A",.,"A",.,"A",.,"A",.,"A",.,"A",.,"A"
"20102",2210713,62,0,"1",5,"D",.,"A",.,"A",.,"A",0,"D",.,"A",.,"A",.,"A",.,"A",.,"A",.,"A",.,"A",150,"D",.,"A",.,"A"
"20102",2210723,37,0,"1",.,"A",.,"A",.,"A",.,"A",.,"A",.,"A",208,"D",.,"A",.,"A",.,"A",.,"A",.,"A",.,"A",.,"A",.,"A"
"20102",2210733,56,0,"1",.,"A",.,"A",.,"A",.,"A",.,"A",.,"A",.,"A",.,"A",.,"A",.,"A",.,"A",.,"A",12,"D",.,"A",.,"A"
"20102",2210743,35,0,"1",.,"A",.,"A",.,"A",.,"A",.,"A",.,"A",.,"A",130,"D",.,"A",.,"A",.,"A",.,"A",15,"D",.,"A",.,"A"
"20102",2210753,50,0,"1",.,"A",.,"A",.,"A",.,"A",.,"A",.,"A",130,"D",.,"A",.,"A",.,"A",.,"A",.,"A",50,"D",.,"A",.,"A"
"20102",2210763,58,0,"1",.,"A",.,"A",.,"A",.,"A",.,"A",50,"D",.,"A",.,"A",.,"A",.,"A",.,"A",.,"A",175,"D",.,"A",.,"A"
"20102",2210773,42,0,"1",.,"A",.,"A",.,"A",.,"A",.,"A",.,"A",.,"A",.,"A",.,"A",.,"A",.,"A",.,"A",.,"A",.,"A",.,"A"
"20102",2210783,41,0,"1",.,"A",.,"A",.,"A",.,"A",.,"A",.,"A",.,"A",.,"A",15,"F",.,"A",.,"A",.,"A",100,"D",.,"A",.,"A"
"20102",2210793,51,0,"1",.,"A",.,"A",.,"A",.,"A",.,"A",.,"A",.,"A",.,"A",.,"A",.,"A",.,"A",.,"A",.,"A",.,"A",.,"A"
"20102",2210823,49,0,"1",.,"A",.,"A",.,"A",.,"A",.,"A",.,"A",.,"A",.,"A",21,"D",.,"A",.,"A",.,"A",.,"A",.,"A",.,"A"
"20102",2210833,47,0,"1",.,"A",.,"A",.,"A",.,"A",.,"A",.,"A",.,"A",.,"A",15,"D",.,"A",.,"A",.,"A",.,"A",.,"A",.,"A"
"20102",2210853,48,0,"1",.,"A",.,"A",.,"A",.,"A",45,"D",60,"D",.,"A",.,"A",27,"D",.,"A",.,"A",.,"A",150,"D",.,"A",.,"A"
"20102",2210863,26,0,"1",.,"A",.,"A",.,"A",.,"A",.,"A",.,"A",.,"A",.,"A",.,"A",.,"A",.,"A",.,"A",.,"A",.,"A",.,"A"
"20102",2210883,78,0,"1",.,"A",.,"A",.,"A",.,"A",.,"A",.,"A",.,"A",.,"A",.,"A",.,"A",.,"A",.,"A",.,"A",.,"A",.,"A"
"20102",2210893,55,0,"1",.,"A",.,"A",.,"A",.,"A",.,"A",.,"A",.,"A",.,"A",.,"A",.,"A",.,"A",.,"A",53,"D",.,"A",.,"A"
"20102",2210913,58,0,"1",.,"A",.,"A",.,"A",.,"A",.,"A",.,"A",.,"A",.,"A",.,"A",.,"A",.,"A",.,"A",10,"D",.,"A",.,"A"
"20102",2210923,54,0,"1",.,"A",.,"A",.,"A",.,"A",.,"A",.,"A",.,"A",.,"A",.,"A",.,"A",.,"A",.,"A",50,"D",.,"A",.,"A"
"20102",2210933,44,0,"1",.,"A",.,"A",.,"A",.,"A",.,"A",.,"A",.,"A",.,"A",.,"A",.,"A",.,"A",.,"A",15,"D",.,"A",.,"A"
"20102",2210953,47,0,"1",.,"A",.,"A",.,"A",.,"A",.,"A",15,"D",.,"A",.,"A",.,"A",.,"A",.,"A",.,"A",555,"D",.,"A",.,"A"
"20102",2210963,67,0,"1",.,"A",.,"A",.,"A",.,"A",.,"A",.,"A",.,"A",.,"A",.,"A",.,"A",.,"A",.,"A",210,"D",.,"A",.,"A"
"20102",2210973,46,0,"1",.,"A",.,"A",.,"A",.,"A",.,"A",120,"D",.,"A",.,"A",.,"A",.,"A",.,"A",.,"A",180,"D",.,"A",.,"A"
"20102",2211003,43,0,"1",.,"A",.,"A",.,"A",.,"A",.,"A",.,"A",.,"A",.,"A",.,"A",.,"A",.,"A",.,"A",.,"A",.,"A",.,"A"
"20102",2211033,85,0,"1",.,"A",.,"A",.,"A",.,"A",.,"A",.,"A",520,"D",.,"A",.,"A",.,"A",.,"A",.,"A",.,"A",.,"A",.,"A"
"20102",2211045,60,0,"1",.,"A",.,"A",.,"A",.,"A",.,"A",.,"A",.,"A",.,"A",.,"A",.,"A",.,"A",.,"A",70,"D",.,"A",.,"A"
"20102",2211053,35,0,"1",.,"A",.,"A",.,"A",60,"D",.,"A",90,"D",.,"A",.,"A",.,"A",0,"D",0,"D",168,"D",144,"D",0,"D",.,"A"
"20102",2211063,33,0,"1",.,"A",.,"A",.,"A",.,"A",.,"A",.,"A",.,"A",.,"A",.,"A",.,"A",.,"A",.,"A",.,"A",.,"A",.,"A"
"20102",2211073,96,0,"1",.,"A",.,"A",.,"A",.,"A",.,"A",5,"D",.,"A",.,"A",.,"A",.,"A",.,"A",.,"A",262,"D",.,"A",.,"A"
"20102",2211083,50,0,"1",.,"A",.,"A",.,"A",.,"A",.,"A",.,"A",.,"A",.,"A",87,"D",.,"A",.,"A",.,"A",15,"D",.,"A",.,"A"
"20102",2211093,42,0,"1",.,"A",.,"A",.,"A",.,"A",.,"A",.,"A",325,"D",.,"A",.,"A",.,"A",.,"A",.,"A",.,"A",.,"A",.,"A"
"20102",2211143,73,0,"1",.,"A",.,"A",.,"A",.,"A",.,"A",180,"D",.,"A",.,"A",.,"A",.,"A",.,"A",.,"A",375,"D",.,"A",.,"A"
"20102",2211203,44,0,"1",.,"A",.,"A",.,"A",.,"A",.,"A",.,"A",.,"A",.,"A",.,"A",.,"A",.,"A",.,"A",.,"A",.,"A",.,"A"
"20102",2211213,57,0,"1",.,"A",.,"A",.,"A",.,"A",60,"D",.,"A",1040,"D",.,"A",.,"A",.,"A",.,"A",.,"A",40,"D",.,"A",.,"A"
"20102",2211243,31,0,"1",.,"A",.,"A",.,"A",.,"A",.,"A",.,"A",390,"D",.,"A",.,"A",.,"A",.,"A",.,"A",.,"A",.,"A",.,"A"
"20102",2211253,43,0,"1",.,"A",.,"A",.,"A",.,"A",.,"A",.,"A",.,"A",.,"A",.,"A",.,"A",.,"A",.,"A",.,"A",.,"A",.,"A"
"20102",2211263,28,0,"1",.,"A",.,"A",.,"A",.,"A",20,"D",.,"A",.,"A",.,"A",.,"A",.,"A",.,"A",.,"A",.,"A",.,"A",.,"A"
"20102",2211273,26,0,"1",.,"A",.,"A",.,"A",.,"A",.,"A",.,"A",.,"A",.,"A",.,"A",.,"A",.,"A",.,"A",.,"A",.,"A",.,"A"
"20102",2211323,51,0,"1",.,"A",.,"A",.,"A",.,"A",.,"A",.,"A",325,"D",.,"A",.,"A",.,"A",.,"A",.,"A",50,"D",.,"A",.,"A"
"20102",2211353,77,0,"1",.,"A",.,"A",.,"A",.,"A",.,"A",.,"A",.,"A",.,"A",.,"A",.,"A",.,"A",.,"A",150,"D",.,"A",.,"A"
"20102",2211363,40,0,"1",.,"A",.,"A",.,"A",.,"A",.,"A",.,"A",.,"A",.,"A",.,"A",.,"A",.,"A",.,"A",40,"D",.,"A",.,"A"
"20102",2211383,24,0,"1",.,"A",.,"A",.,"A",.,"A",.,"A",.,"A",.,"A",.,"A",.,"A",.,"A",.,"A",.,"A",.,"A",.,"A",.,"A"
"20102",2211393,62,0,"1",.,"A",.,"A",.,"A",.,"A",.,"A",.,"A",637,"D",.,"A",.,"A",.,"A",.,"A",.,"A",.,"A",.,"A",.,"A"
"20102",2211403,45,0,"1",.,"A",.,"A",.,"A",.,"A",.,"A",.,"A",.,"A",.,"A",.,"A",.,"A",.,"A",.,"A",95,"F",.,"A",.,"A"
"20102",2211443,60,0,"1",.,"A",.,"A",.,"A",.,"A",.,"A",.,"A",.,"A",.,"A",.,"A",.,"A",.,"A",.,"A",28,"D",.,"A",.,"A"
"20102",2211463,69,0,"1",.,"A",.,"A",.,"A",.,"A",.,"A",.,"A",910,"D",.,"A",60,"D",.,"A",.,"A",.,"A",20,"D",.,"A",.,"A"
"20102",2211473,64,0,"1",.,"A",.,"A",.,"A",.,"A",.,"A",.,"A",.,"A",.,"A",.,"A",.,"A",.,"A",.,"A",360,"D",.,"A",.,"A"
"20102",2211493,44,0,"1",.,"A",.,"A",.,"A",.,"A",.,"A",.,"A",.,"A",.,"A",.,"A",.,"A",.,"A",.,"A",180,"D",.,"A",.,"A"
"20102",2211503,68,0,"1",15,"D",.,"A",.,"A",.,"A",0,"D",.,"A",.,"A",.,"A",.,"A",.,"A",.,"A",.,"A",.,"A",.,"A",.,"A"
"20102",2211515,36,0,"1",.,"A",.,"A",.,"A",.,"A",.,"A",.,"A",.,"A",.,"A",.,"A",.,"A",.,"A",.,"A",160,"D",.,"A",.,"A"
"20102",2211523,39,0,"1",.,"A",.,"A",.,"A",.,"A",.,"A",.,"A",.,"A",.,"A",.,"A",.,"A",.,"A",.,"A",.,"A",.,"A",.,"A"
"20102",2211533,40,0,"1",.,"A",.,"A",.,"A",.,"A",.,"A",.,"A",.,"A",.,"A",.,"A",.,"A",.,"A",.,"A",70,"D",.,"A",.,"A"
"20102",2211543,39,0,"1",.,"A",.,"A",.,"A",.,"A",.,"A",.,"A",.,"A",.,"A",.,"A",.,"A",.,"A",.,"A",.,"A",.,"A",.,"A"
"20102",2211553,54,0,"1",.,"A",.,"A",.,"A",.,"A",.,"A",.,"A",.,"A",.,"A",.,"A",.,"A",.,"A",.,"A",22,"D",.,"A",.,"A"
"20102",2211563,66,0,"1",.,"A",.,"A",.,"A",.,"A",.,"A",.,"A",.,"A",.,"A",.,"A",.,"A",.,"A",.,"A",686,"D",.,"A",.,"A"
"20102",2211573,51,0,"1",.,"A",.,"A",.,"A",.,"A",.,"A",.,"A",.,"A",.,"A",.,"A",.,"A",.,"A",.,"A",30,"D",.,"A",.,"A"
"20102",2211613,32,0,"1",.,"A",.,"A",.,"A",.,"A",.,"A",.,"A",.,"A",.,"A",.,"A",.,"A",.,"A",.,"A",.,"A",.,"A",.,"A"
"20102",2211643,54,0,"1",.,"A",.,"A",.,"A",100,"D",.,"A",15,"D",260,"D",260,"D",.,"A",.,"A",.,"A",.,"A",.,"A",.,"A",.,"A"
"20102",2211673,34,0,"1",.,"A",.,"A",.,"A",.,"A",.,"A",.,"A",.,"A",.,"A",.,"A",.,"A",.,"A",.,"A",.,"A",.,"A",.,"A"
"20102",2211683,53,0,"1",.,"A",.,"A",.,"A",.,"A",.,"A",.,"A",.,"A",.,"A",.,"A",.,"A",.,"A",.,"A",180,"D",.,"A",.,"A"
"20102",2211693,29,0,"1",.,"A",.,"A",.,"A",180,"D",.,"A",150,"D",.,"A",.,"A",.,"A",0,"D",0,"D",54,"D",.,"A",0,"D",.,"A"
"20102",2211703,37,0,"1",.,"A",.,"A",.,"A",.,"A",.,"A",.,"A",.,"A",.,"A",.,"A",.,"A",.,"A",.,"A",.,"A",.,"A",.,"A"
"20102",2211713,55,0,"1",.,"A",.,"A",.,"A",.,"A",.,"A",.,"A",585,"D",.,"A",.,"A",.,"A",.,"A",.,"A",15,"D",.,"A",.,"A"
"20102",2211723,31,0,"1",0,"F",.,"A",.,"A",.,"A",390,"F",20,"D",.,"A",.,"A",.,"A",0,"D",0,"D",240,"D",50,"D",0,"D",.,"A"
"20102",2211733,51,0,"1",.,"A",.,"A",.,"A",.,"A",.,"A",.,"A",.,"A",.,"A",.,"A",.,"A",.,"A",.,"A",.,"A",.,"A",.,"A"
"20102",2211773,38,0,"1",.,"A",.,"A",.,"A",.,"A",.,"A",.,"A",.,"A",.,"A",.,"A",.,"A",.,"A",.,"A",10,"D",.,"A",.,"A"
"20102",2211783,56,0,"1",.,"A",.,"A",.,"A",.,"A",48,"D",19,"D",.,"A",.,"A",.,"A",.,"A",.,"A",.,"A",30,"D",.,"A",.,"A"
"20102",2211793,51,0,"1",10,"D",.,"A",.,"A",.,"A",20,"D",.,"A",2184,"D",.,"A",.,"A",72,"D",0,"D",0,"D",.,"A",24,"D",.,"A"
"20102",2211823,65,0,"1",.,"A",.,"A",.,"A",.,"A",.,"A",.,"A",.,"A",.,"A",.,"A",.,"A",.,"A",.,"A",45,"D",.,"A",.,"A"
"20102",2211833,50,0,"1",.,"A",.,"A",.,"A",20,"D",.,"A",100,"D",.,"A",.,"A",.,"A",.,"A",.,"A",.,"A",150,"D",.,"A",.,"A"
"20102",2211853,28,0,"1",.,"A",.,"A",.,"A",.,"A",25,"D",.,"A",.,"A",.,"A",.,"A",.,"A",.,"A",.,"A",.,"A",.,"A",.,"A"
"20102",2211883,43,0,"1",.,"A",.,"A",.,"A",.,"A",.,"A",.,"A",.,"A",.,"A",.,"A",.,"A",.,"A",.,"A",.,"A",.,"A",.,"A"
"20102",2211893,42,0,"1",.,"A",.,"A",.,"A",.,"A",.,"A",.,"A",.,"A",.,"A",.,"A",.,"A",.,"A",.,"A",100,"D",.,"A",.,"A"
"20102",2211913,44,0,"1",.,"A",.,"A",.,"A",.,"A",.,"A",.,"A",325,"D",.,"A",.,"A",.,"A",.,"A",.,"A",.,"A",.,"A",.,"A"
"20102",2211933,53,0,"1",.,"A",.,"A",.,"A",20,"D",.,"A",.,"A",.,"A",.,"A",.,"A",.,"A",.,"A",.,"A",45,"D",.,"A",.,"A"
"20102",2211943,48,0,"1",.,"A",.,"A",.,"A",.,"A",.,"A",.,"A",.,"A",.,"A",.,"A",.,"A",.,"A",.,"A",.,"A",.,"A",.,"A"
"20102",2211953,35,0,"1",.,"A",.,"A",.,"A",.,"A",.,"A",.,"A",.,"A",.,"A",.,"A",.,"A",.,"A",.,"A",.,"A",.,"A",.,"A"
"20102",2211963,76,0,"1",.,"A",.,"A",.,"A",.,"A",.,"A",.,"A",.,"A",.,"A",.,"A",.,"A",.,"A",.,"A",48,"D",.,"A",.,"A"
"20102",2211973,51,0,"1",.,"A",.,"A",.,"A",.,"A",.,"A",.,"A",.,"A",.,"A",.,"A",.,"A",.,"A",.,"A",170,"D",.,"A",.,"A"
"20102",2211983,37,0,"1",.,"A",.,"A",.,"A",.,"A",.,"A",.,"A",.,"A",.,"A",.,"A",.,"A",.,"A",.,"A",.,"A",.,"A",.,"A"
"20102",2211995,31,0,"1",.,"A",.,"A",.,"A",.,"A",120,"D",.,"A",.,"A",.,"A",.,"A",.,"A",.,"A",.,"A",200,"D",.,"A",.,"A"
"20102",2212003,35,0,"1",.,"A",.,"A",.,"A",.,"A",.,"A",.,"A",.,"A",.,"A",.,"A",.,"A",.,"A",.,"A",.,"A",.,"A",.,"A"
"20102",2212013,24,0,"1",.,"A",.,"A",.,"A",.,"A",.,"A",.,"A",260,"D",.,"A",.,"A",.,"A",.,"A",.,"A",.,"A",.,"A",.,"A"
"20102",2212033,38,0,"1",.,"A",.,"A",.,"A",.,"A",.,"A",25,"D",.,"A",.,"A",.,"A",.,"A",.,"A",.,"A",.,"A",.,"A",.,"A"
"20102",2212053,51,0,"1",.,"A",.,"A",.,"A",.,"A",.,"A",.,"A",.,"A",.,"A",.,"A",.,"A",.,"A",.,"A",.,"A",.,"A",.,"A"
"20102",2212073,36,0,"1",.,"A",.,"A",.,"A",.,"A",.,"A",.,"A",.,"A",.,"A",.,"A",0,"D",0,"D",12,"D",90,"D",0,"D",.,"A"
"20102",2212083,76,0,"1",.,"A",.,"A",.,"A",.,"A",.,"A",120,"D",.,"A",.,"A",60,"D",0,"D",60,"D",15,"D",300,"D",0,"D",.,"A"
"20102",2212104,33,0,"1",.,"A",.,"A",.,"A",.,"A",4,"D",.,"A",.,"A",.,"A",.,"A",.,"A",.,"A",.,"A",50,"D",.,"A",.,"A"
"20102",2212113,65,0,"1",.,"A",.,"A",.,"A",.,"A",.,"A",.,"A",.,"A",.,"A",.,"A",.,"A",.,"A",.,"A",.,"A",.,"A",.,"A"
"20102",2212123,72,0,"1",.,"A",.,"A",.,"A",.,"A",.,"A",10,"D",.,"A",.,"A",.,"A",.,"A",.,"A",.,"A",140,"D",.,"A",.,"A"
"20102",2212133,55,0,"1",.,"A",.,"A",.,"A",.,"A",.,"A",.,"A",.,"A",.,"A",.,"A",.,"A",.,"A",.,"A",100,"D",.,"A",.,"A"
"20102",2212143,56,0,"1",.,"A",.,"A",.,"A",.,"A",.,"A",.,"A",195,"D",.,"A",.,"A",.,"A",.,"A",.,"A",.,"A",.,"A",.,"A"
"20102",2212153,45,0,"1",.,"A",.,"A",.,"A",.,"A",.,"A",.,"A",.,"A",.,"A",.,"A",.,"A",.,"A",.,"A",.,"A",.,"A",.,"A"
"20102",2212173,53,0,"1",.,"A",.,"A",.,"A",.,"A",.,"A",.,"A",.,"A",.,"A",.,"A",.,"A",.,"A",.,"A",50,"D",.,"A",.,"A"
"20102",2212183,31,0,"1",.,"A",.,"A",.,"A",.,"A",26,"D",.,"A",.,"A",.,"A",.,"A",.,"A",.,"A",.,"A",15,"D",.,"A",.,"A"
"20102",2212193,76,0,"1",.,"A",.,"A",.,"A",.,"A",.,"A",.,"A",.,"A",.,"A",.,"A",.,"A",.,"A",.,"A",103,"D",.,"A",.,"A"
"20102",2212213,49,0,"1",.,"A",.,"A",.,"A",.,"A",.,"A",36,"D",.,"A",.,"A",.,"A",.,"A",.,"A",.,"A",45,"D",.,"A",.,"A"
"20102",2212223,82,0,"1",.,"A",.,"A",.,"A",.,"A",.,"A",.,"A",.,"A",.,"A",.,"A",.,"A",.,"A",.,"A",65,"D",.,"A",.,"A"
"20102",2212243,62,0,"1",.,"A",.,"A",25,"D",.,"A",.,"A",.,"A",.,"A",.,"A",12,"D",.,"A",.,"A",.,"A",40,"D",.,"A",.,"A"
"20102",2212253,48,0,"1",.,"A",.,"A",.,"A",.,"A",.,"A",.,"A",.,"A",.,"A",.,"A",.,"A",.,"A",.,"A",40,"D",.,"A",.,"A"
"20102",2212293,49,0,"1",.,"A",.,"A",.,"A",.,"A",.,"A",.,"A",.,"A",.,"A",.,"A",.,"A",.,"A",.,"A",270,"D",.,"A",.,"A"
"20102",2212323,52,0,"1",.,"A",.,"A",.,"A",.,"A",.,"A",.,"A",.,"A",.,"A",.,"A",.,"A",.,"A",.,"A",46,"D",.,"A",.,"A"
"20102",2212333,44,0,"1",.,"A",.,"A",.,"A",.,"A",.,"A",.,"A",.,"A",.,"A",.,"A",.,"A",.,"A",.,"A",.,"A",.,"A",.,"A"
"20102",2212343,44,0,"1",.,"A",.,"A",.,"A",.,"A",.,"A",.,"A",.,"A",.,"A",.,"A",.,"A",.,"A",.,"A",.,"A",.,"A",.,"A"
"20102",2212363,79,0,"1",.,"A",.,"A",.,"A",80,"D",.,"A",120,"D",.,"A",.,"A",.,"A",.,"A",.,"A",.,"A",270,"D",.,"A",.,"A"
"20102",2212373,28,0,"1",.,"A",.,"A",.,"A",.,"A",.,"A",.,"A",.,"A",.,"A",.,"A",.,"A",.,"A",.,"A",.,"A",.,"A",.,"A"
"20102",2212383,46,0,"1",.,"A",.,"A",.,"A",.,"A",.,"A",.,"A",.,"A",.,"A",.,"A",.,"A",.,"A",.,"A",12,"D",.,"A",.,"A"
"20102",2212393,60,0,"1",.,"A",.,"A",.,"A",.,"A",.,"A",25,"D",.,"A",.,"A",.,"A",.,"A",.,"A",.,"A",125,"D",.,"A",.,"A"
"20102",2212423,41,0,"1",.,"A",.,"A",.,"A",.,"A",.,"A",.,"A",325,"D",.,"A",.,"A",.,"A",.,"A",.,"A",.,"A",.,"A",.,"A"
"20102",2212434,36,0,"1",.,"A",.,"A",.,"A",.,"A",.,"A",.,"A",.,"A",.,"A",.,"A",.,"A",.,"A",.,"A",.,"A",.,"A",.,"A"
"20102",2212443,55,0,"1",.,"A",.,"A",.,"A",.,"A",.,"A",.,"A",.,"A",.,"A",.,"A",.,"A",.,"A",.,"A",240,"D",.,"A",.,"A"
"20102",2212453,37,0,"1",.,"A",.,"A",.,"A",.,"A",.,"A",.,"A",.,"A",.,"A",.,"A",.,"A",.,"A",.,"A",15,"D",.,"A",.,"A"
"20102",2212463,58,0,"1",.,"A",.,"A",.,"A",.,"A",.,"A",.,"A",.,"A",.,"A",.,"A",.,"A",.,"A",.,"A",80,"D",.,"A",.,"A"
"20102",2212513,57,0,"1",.,"A",.,"A",.,"A",.,"A",.,"A",150,"D",.,"A",.,"A",75,"D",0,"D",0,"D",30,"D",300,"D",0,"D",.,"A"
"20102",2212533,38,0,"1",.,"A",.,"A",.,"A",.,"A",.,"A",.,"A",.,"A",.,"A",.,"A",150,"D",0,"D",0,"D",.,"A",50,"D",.,"A"
"20102",2212553,47,0,"1",.,"A",.,"A",.,"A",.,"A",.,"A",30,"D",.,"A",.,"A",.,"A",.,"A",.,"A",.,"A",90,"D",.,"A",.,"A"
"20102",2212563,27,0,"1",5,"D",.,"A",.,"A",20,"D",40,"D",.,"A",.,"A",.,"A",12,"D",240,"D",0,"D",0,"D",30,"D",80,"D",.,"A"
"20102",2212583,38,0,"1",.,"A",.,"A",.,"A",.,"A",.,"A",.,"A",78,"D",.,"A",.,"A",.,"A",.,"A",.,"A",75,"D",.,"A",.,"A"
"20102",2212613,44,0,"1",.,"A",.,"A",.,"A",.,"A",.,"A",.,"A",.,"A",.,"A",60,"D",.,"A",.,"A",.,"A",.,"A",.,"A",.,"A"
"20102",2212623,34,0,"1",.,"A",.,"A",.,"A",.,"A",.,"A",.,"A",.,"A",.,"A",.,"A",.,"A",.,"A",.,"A",.,"A",.,"A",.,"A"
"20102",2212644,45,0,"1",.,"A",.,"A",.,"A",.,"A",.,"A",.,"A",650,"D",.,"A",36,"D",.,"A",.,"A",.,"A",.,"A",.,"A",.,"A"
"20102",2212653,68,0,"1",.,"A",.,"A",.,"A",.,"A",.,"A",.,"A",65,"D",650,"D",60,"D",.,"A",.,"A",.,"A",.,"A",.,"A",.,"A"
"20102",2212663,74,0,"1",.,"A",.,"A",.,"A",.,"A",.,"A",9,"D",.,"A",.,"A",87,"D",.,"A",.,"A",.,"A",120,"D",.,"A",.,"A"
"20102",2212673,53,0,"1",.,"A",.,"A",.,"A",.,"A",.,"A",.,"A",910,"D",.,"A",.,"A",.,"A",.,"A",.,"A",.,"A",.,"A",.,"A"
"20102",2212693,70,0,"1",.,"A",.,"A",.,"A",.,"A",.,"A",.,"A",.,"A",.,"A",.,"A",.,"A",.,"A",.,"A",100,"D",.,"A",.,"A"
"20102",2212703,66,0,"1",.,"A",.,"A",.,"A",.,"A",.,"A",75,"D",.,"A",.,"A",.,"A",.,"A",.,"A",.,"A",80,"D",.,"A",.,"A"
"20102",2212713,51,0,"1",.,"A",.,"A",.,"A",.,"A",.,"A",.,"A",.,"A",.,"A",.,"A",.,"A",.,"A",.,"A",80,"D",.,"A",.,"A"
"20102",2212723,41,0,"1",.,"A",.,"A",.,"A",.,"A",.,"A",.,"A",.,"A",.,"A",.,"A",.,"A",.,"A",.,"A",75,"D",.,"A",.,"A"
"20102",2212743,27,0,"1",.,"A",.,"A",.,"A",.,"A",.,"A",.,"A",.,"A",.,"A",30,"D",195,"D",0,"D",120,"F",60,"D",65,"D",.,"A"
"20102",2212753,37,0,"1",.,"A",.,"A",.,"A",.,"A",.,"A",.,"A",.,"A",.,"A",.,"A",.,"A",.,"A",.,"A",.,"A",.,"A",.,"A"
"20102",2212783,47,0,"1",30,"D",.,"A",.,"A",.,"A",90,"D",.,"A",26,"D",.,"A",.,"A",.,"A",.,"A",.,"A",.,"A",.,"A",.,"A"
"20102",2212833,46,0,"1",.,"A",.,"A",.,"A",.,"A",.,"A",.,"A",429,"D",.,"A",.,"A",.,"A",.,"A",.,"A",.,"A",.,"A",.,"A"
"20102",2212853,50,0,"1",.,"A",.,"A",.,"A",.,"A",.,"A",.,"A",650,"D",.,"A",.,"A",.,"A",.,"A",.,"A",40,"D",.,"A",.,"A"
"20102",2212903,57,0,"1",.,"A",.,"A",.,"A",.,"A",.,"A",.,"A",.,"A",.,"A",.,"A",.,"A",.,"A",.,"A",210,"D",.,"A",.,"A"
"20102",2212913,72,0,"1",.,"A",.,"A",.,"A",.,"A",.,"A",.,"A",.,"A",.,"A",.,"A",.,"A",.,"A",.,"A",225,"D",.,"A",.,"A"
"20102",2212933,27,0,"1",.,"A",.,"A",.,"A",350,"D",60,"D",.,"A",.,"A",.,"A",.,"A",.,"A",.,"A",.,"A",160,"D",.,"A",.,"A"
"20102",2212953,50,0,"1",.,"A",.,"A",.,"A",.,"A",.,"A",.,"A",.,"A",.,"A",45,"D",.,"A",.,"A",.,"A",100,"D",.,"A",.,"A"
"20102",2212963,56,0,"1",.,"A",.,"A",.,"A",.,"A",.,"A",.,"A",.,"A",.,"A",.,"A",.,"A",.,"A",.,"A",198,"D",.,"A",.,"A"
"20102",2212973,80,0,"1",.,"A",.,"A",.,"A",.,"A",.,"A",18,"D",.,"A",.,"A",.,"A",.,"A",.,"A",.,"A",32,"D",.,"A",.,"A"
"20102",2212994,37,0,"1",.,"A",.,"A",.,"A",.,"A",.,"A",.,"A",.,"A",.,"A",.,"A",.,"A",.,"A",.,"A",50,"F",.,"A",.,"A"
"20102",2213003,52,0,"1",.,"A",.,"A",.,"A",.,"A",.,"A",.,"A",.,"A",.,"A",.,"A",.,"A",.,"A",.,"A",.,"A",.,"A",.,"A"
"20102",2213013,55,0,"1",.,"A",.,"A",.,"A",.,"A",.,"A",.,"A",.,"A",.,"A",.,"A",.,"A",.,"A",.,"A",.,"A",.,"A",.,"A"
"20102",2213023,30,0,"1",.,"A",.,"A",.,"A",.,"A",.,"A",.,"A",546,"D",.,"A",.,"A",.,"A",.,"A",.,"A",.,"A",.,"A",.,"A"
"20102",2213043,42,0,"1",.,"A",.,"A",.,"A",.,"A",.,"A",.,"A",.,"A",.,"A",.,"A",.,"A",.,"A",.,"A",.,"A",.,"A",.,"A"
"20102",2213053,46,0,"1",.,"A",.,"A",.,"A",.,"A",.,"A",.,"A",.,"A",.,"A",.,"A",.,"A",.,"A",.,"A",.,"A",.,"A",.,"A"
"20102",2213063,58,0,"1",.,"A",.,"A",.,"A",50,"D",.,"A",.,"A",.,"A",.,"A",.,"A",.,"A",.,"A",.,"A",35,"D",.,"A",.,"A"
"20102",2213073,39,0,"1",.,"A",.,"A",.,"A",.,"A",.,"A",.,"A",.,"A",.,"A",.,"A",.,"A",.,"A",.,"A",.,"A",.,"A",.,"A"
"20102",2213083,54,0,"1",.,"A",.,"A",.,"A",.,"A",.,"A",.,"A",.,"A",.,"A",.,"A",.,"A",.,"A",.,"A",120,"D",.,"A",.,"A"
"20102",2213093,31,0,"1",.,"A",.,"A",.,"A",7,"D",36,"D",.,"A",.,"A",.,"A",.,"A",.,"A",.,"A",.,"A",60,"D",.,"A",.,"A"
"20102",2213103,43,0,"1",.,"A",.,"A",.,"A",.,"A",.,"A",.,"A",195,"D",.,"A",.,"A",.,"A",.,"A",.,"A",.,"A",.,"A",.,"A"
"20102",2213113,64,0,"1",.,"A",.,"A",.,"A",.,"A",.,"A",.,"A",.,"A",.,"A",.,"A",.,"A",.,"A",.,"A",75,"D",.,"A",.,"A"
"20102",2213143,66,0,"1",.,"A",.,"A",.,"A",.,"A",.,"A",20,"D",.,"A",.,"A",.,"A",.,"A",.,"A",.,"A",45,"D",.,"A",.,"A"
"20102",2213163,62,0,"1",.,"A",.,"A",.,"A",.,"A",.,"A",75,"D",.,"A",.,"A",.,"A",.,"A",.,"A",.,"A",60,"D",.,"A",.,"A"
"20102",2213173,47,0,"1",.,"A",.,"A",.,"A",.,"A",.,"A",.,"A",.,"A",.,"A",.,"A",.,"A",.,"A",.,"A",400,"D",.,"A",.,"A"
"20102",2213183,68,0,"1",.,"A",.,"A",.,"A",.,"A",.,"A",.,"A",.,"A",.,"A",.,"A",.,"A",.,"A",.,"A",155,"D",.,"A",.,"A"
"20102",2213213,34,0,"1",.,"A",.,"A",.,"A",.,"A",.,"A",.,"A",.,"A",195,"D",120,"D",.,"A",.,"A",.,"A",.,"A",.,"A",.,"A"
"20102",2213243,56,0,"1",.,"A",.,"A",.,"A",.,"A",.,"A",.,"A",.,"A",.,"A",.,"A",.,"A",.,"A",.,"A",75,"D",.,"A",.,"A"
"20102",2213273,31,0,"1",.,"A",.,"A",.,"A",.,"A",.,"A",.,"A",481,"D",.,"A",.,"A",.,"A",.,"A",.,"A",.,"A",.,"A",.,"A"
"20102",2213283,67,0,"1",4,"D",.,"A",.,"A",.,"A",0,"D",45,"D",.,"A",.,"A",30,"D",.,"A",.,"A",.,"A",120,"D",.,"A",.,"A"
"20102",2213303,49,0,"1",.,"A",.,"A",.,"A",.,"A",.,"A",.,"A",.,"A",.,"A",.,"A",.,"A",.,"A",.,"A",60,"D",.,"A",.,"A"
"20102",2213313,66,0,"1",.,"A",.,"A",.,"A",.,"A",.,"A",.,"A",.,"A",.,"A",.,"A",.,"A",.,"A",.,"A",40,"D",.,"A",.,"A"
"20102",2213323,56,0,"1",.,"A",.,"A",.,"A",.,"A",.,"A",.,"A",.,"A",.,"A",.,"A",.,"A",.,"A",.,"A",120,"D",.,"A",.,"A"
"20102",2213373,72,0,"1",.,"A",.,"A",.,"A",.,"A",.,"A",100,"D",260,"D",.,"A",.,"A",.,"A",.,"A",.,"A",200,"D",.,"A",.,"A"
"20102",2213383,26,0,"1",.,"A",.,"A",.,"A",.,"A",.,"A",.,"A",.,"A",.,"A",.,"A",.,"A",.,"A",.,"A",.,"A",.,"A",.,"A"
"20102",2213393,38,0,"1",.,"A",.,"A",.,"A",.,"A",.,"A",100,"D",.,"A",.,"A",.,"A",.,"A",.,"A",.,"A",40,"D",.,"A",.,"A"
"20102",2213423,40,0,"1",.,"A",.,"A",.,"A",.,"A",.,"A",.,"A",1300,"D",.,"A",.,"A",.,"A",.,"A",.,"A",120,"D",.,"A",.,"A"
"20102",2213433,49,0,"1",.,"A",.,"A",25,"D",.,"A",.,"A",125,"D",.,"A",91,"D",.,"A",.,"A",.,"A",.,"A",90,"D",.,"A",.,"A"
"20102",2213443,74,0,"1",.,"A",.,"A",.,"A",.,"A",.,"A",.,"A",.,"A",.,"A",.,"A",.,"A",.,"A",.,"A",51,"D",.,"A",.,"A"
"20102",2213454,36,0,"1",.,"A",.,"A",.,"A",.,"A",.,"A",.,"A",.,"A",.,"A",.,"A",.,"A",.,"A",.,"A",100,"D",.,"A",.,"A"
"20102",2213503,64,0,"1",.,"A",.,"A",.,"A",.,"A",.,"A",.,"A",.,"A",.,"A",.,"A",.,"A",.,"A",.,"A",85,"D",.,"A",.,"A"
"20102",2213513,29,0,"1",.,"A",.,"A",.,"A",.,"A",.,"A",.,"A",.,"A",.,"A",.,"A",.,"A",.,"A",.,"A",90,"D",.,"A",.,"A"
"20102",2213523,42,0,"1",.,"A",.,"A",.,"A",.,"A",.,"A",.,"A",.,"A",.,"A",.,"A",.,"A",.,"A",.,"A",.,"A",.,"A",.,"A"
"20102",2213533,50,0,"1",.,"A",.,"A",.,"A",.,"A",.,"A",.,"A",.,"A",.,"A",.,"A",.,"A",.,"A",.,"A",.,"A",.,"A",.,"A"
"20102",2213543,70,0,"1",.,"A",.,"A",.,"A",.,"A",.,"A",50,"D",.,"A",65,"D",.,"A",.,"A",.,"A",.,"A",410,"D",.,"A",.,"A"
"20102",2213563,44,0,"1",.,"A",.,"A",.,"A",.,"A",.,"A",.,"A",.,"A",.,"A",.,"A",.,"A",.,"A",.,"A",624,"D",.,"A",.,"A"
"20102",2213573,43,0,"1",9,"D",.,"A",.,"A",.,"A",66,"D",.,"A",.,"A",.,"A",.,"A",6,"D",6,"D",3,"D",.,"A",2,"D",.,"A"
"20102",2213633,50,0,"1",.,"A",.,"A",.,"A",.,"A",.,"A",.,"A",.,"A",.,"A",.,"A",.,"A",.,"A",.,"A",.,"A",.,"A",.,"A"
"20102",2213643,36,0,"1",.,"A",.,"A",.,"A",.,"A",240,"D",.,"A",.,"A",.,"A",.,"A",.,"A",.,"A",.,"A",120,"D",.,"A",.,"A"
"20102",2213653,48,0,"1",.,"A",.,"A",.,"A",.,"A",.,"A",.,"A",.,"A",.,"A",.,"A",.,"A",.,"A",.,"A",.,"A",.,"A",.,"A"
"20102",2213663,99,0,"1",.,"A",.,"A",.,"A",.,"A",.,"A",35,"D",325,"D",.,"A",.,"A",.,"A",.,"A",.,"A",265,"D",.,"A",.,"A"
"20102",2213673,56,0,"1",.,"A",.,"A",.,"A",.,"A",.,"A",.,"A",.,"A",.,"A",.,"A",.,"A",.,"A",.,"A",400,"D",.,"A",.,"A"
"20102",2213713,44,0,"1",.,"A",.,"A",.,"A",.,"A",.,"A",.,"A",.,"A",.,"A",.,"A",.,"A",.,"A",.,"A",36,"D",.,"A",.,"A"
"20102",2213733,45,0,"1",.,"A",.,"A",.,"A",.,"A",.,"A",.,"A",520,"D",.,"A",.,"A",.,"A",.,"A",.,"A",.,"A",.,"A",.,"A"
"20102",2213773,24,0,"1",3,"D",.,"A",.,"A",.,"A",6,"D",.,"A",520,"D",.,"A",.,"A",.,"A",.,"A",.,"A",10,"D",.,"A",.,"A"
"20102",2213783,46,0,"1",.,"A",.,"A",.,"A",.,"A",.,"A",.,"A",.,"A",.,"A",.,"A",.,"A",.,"A",.,"A",20,"D",.,"A",.,"A"
"20102",2213793,48,0,"1",.,"A",.,"A",.,"A",.,"A",.,"A",20,"D",.,"A",.,"A",.,"A",.,"A",.,"A",.,"A",30,"D",.,"A",.,"A"
"20102",2213803,52,0,"1",.,"A",.,"A",.,"A",.,"A",.,"A",.,"A",.,"A",.,"A",.,"A",.,"A",.,"A",.,"A",.,"A",.,"A",.,"A"
"20102",2213813,30,0,"1",.,"A",.,"A",.,"A",.,"A",80,"D",.,"A",.,"A",.,"A",.,"A",.,"A",.,"A",.,"A",.,"A",.,"A",.,"A"
"20102",2213825,28,0,"1",0,"F",.,"A",.,"A",.,"A",60,"F",.,"A",.,"A",.,"A",30,"D",.,"A",.,"A",.,"A",.,"A",.,"A",.,"A"
"20102",2213833,64,0,"1",.,"A",.,"A",.,"A",.,"A",.,"A",.,"A",.,"A",.,"A",30,"D",.,"A",.,"A",.,"A",200,"D",.,"A",.,"A"
"20102",2213843,25,0,"1",.,"A",.,"A",.,"A",.,"A",.,"A",.,"A",130,"D",.,"A",.,"A",0,"D",0,"D",0,"D",.,"A",0,"D",.,"A"
"20102",2213853,42,0,"1",.,"A",.,"A",.,"A",.,"A",.,"A",.,"A",.,"A",.,"A",.,"A",.,"A",.,"A",.,"A",.,"A",.,"A",.,"A"
"20102",2213863,37,0,"1",9,"D",.,"A",.,"A",30,"D",21,"D",.,"A",.,"A",.,"A",90,"D",180,"D",60,"D",0,"D",68,"D",60,"D",.,"A"
"20102",2213873,38,0,"1",.,"A",.,"A",.,"A",.,"A",.,"A",.,"A",.,"A",.,"A",.,"A",.,"A",.,"A",.,"A",.,"A",.,"A",.,"A"
"20102",2213903,38,0,"1",.,"A",.,"A",.,"A",.,"A",.,"A",.,"A",.,"A",.,"A",.,"A",.,"A",.,"A",.,"A",35,"D",.,"A",.,"A"
"20102",2213923,27,0,"1",.,"A",.,"A",.,"A",.,"A",120,"D",.,"A",.,"A",.,"A",.,"A",.,"A",.,"A",.,"A",.,"A",.,"A",.,"A"
"20102",2213943,66,0,"1",.,"A",.,"A",.,"A",.,"A",.,"A",.,"A",130,"D",.,"A",.,"A",.,"A",.,"A",.,"A",90,"D",.,"A",.,"A"
"20102",2213963,46,0,"1",.,"A",.,"A",.,"A",60,"D",.,"A",.,"A",.,"A",130,"D",.,"A",.,"A",.,"A",.,"A",.,"A",.,"A",.,"A"
"20102",2213983,25,0,"1",.,"A",.,"A",.,"A",.,"A",60,"F",.,"A",468,"D",.,"A",.,"A",.,"A",.,"A",.,"A",.,"A",.,"A",.,"A"
"20102",2213993,55,0,"1",.,"A",.,"A",.,"A",.,"A",.,"A",.,"A",.,"A",.,"A",.,"A",.,"A",.,"A",.,"A",202,"D",.,"A",.,"A"
"20102",2214003,46,0,"1",.,"A",.,"A",.,"A",.,"A",.,"A",.,"A",.,"A",.,"A",.,"A",.,"A",.,"A",.,"A",55,"D",.,"A",.,"A"
"20102",2214063,46,0,"1",.,"A",.,"A",.,"A",.,"A",.,"A",.,"A",.,"A",.,"A",.,"A",.,"A",.,"A",.,"A",.,"A",.,"A",.,"A"
"20102",2214073,43,0,"1",.,"A",.,"A",.,"A",.,"A",.,"A",.,"A",.,"A",.,"A",.,"A",.,"A",.,"A",.,"A",.,"A",.,"A",.,"A"
"20102",2214083,45,0,"1",.,"A",.,"A",.,"A",.,"A",.,"A",.,"A",.,"A",.,"A",.,"A",.,"A",.,"A",.,"A",.,"A",.,"A",.,"A"
"20102",2214093,76,0,"1",.,"A",.,"A",.,"A",.,"A",.,"A",.,"A",156,"D",.,"A",15,"D",.,"A",.,"A",.,"A",.,"A",.,"A",.,"A"
"20102",2214103,49,0,"1",.,"A",.,"A",25,"D",.,"A",.,"A",.,"A",.,"A",.,"A",.,"A",.,"A",.,"A",.,"A",180,"D",.,"A",.,"A"
"20102",2214113,28,0,"1",.,"A",.,"A",.,"A",.,"A",.,"A",.,"A",.,"A",.,"A",.,"A",.,"A",.,"A",.,"A",.,"A",.,"A",.,"A"
"20102",2214123,37,0,"1",.,"A",.,"A",.,"A",.,"A",.,"A",.,"A",.,"A",.,"A",.,"A",.,"A",.,"A",.,"A",.,"A",.,"A",.,"A"
"20102",2214133,34,0,"1",.,"A",.,"A",.,"A",.,"A",.,"A",.,"A",.,"A",.,"A",.,"A",.,"A",.,"A",.,"A",.,"A",.,"A",.,"A"
"20102",2214143,62,0,"1",.,"A",.,"A",.,"A",.,"A",.,"A",300,"D",.,"A",.,"A",240,"D",.,"A",.,"A",.,"A",240,"D",.,"A",.,"A"
"20102",2214153,42,0,"1",.,"A",.,"A",.,"A",.,"A",.,"A",.,"A",.,"A",.,"A",.,"A",.,"A",.,"A",.,"A",.,"A",.,"A",.,"A"
"20102",2214163,37,0,"1",.,"A",.,"A",.,"A",.,"A",.,"A",.,"A",351,"D",156,"F",30,"F",.,"A",.,"A",.,"A",.,"A",.,"A",.,"A"
"20102",2214173,50,0,"1",.,"A",.,"A",.,"A",.,"A",.,"A",110,"D",.,"A",.,"A",.,"A",.,"A",.,"A",.,"A",36,"D",.,"A",.,"A"
"20102",2214183,39,0,"1",.,"A",.,"A",.,"A",.,"A",.,"A",225,"F",.,"A",.,"A",.,"A",360,"D",0,"D",0,"D",20,"D",120,"D",.,"A"
"20102",2214193,27,0,"1",.,"A",.,"A",.,"A",.,"A",6,"D",.,"A",.,"A",.,"A",.,"A",.,"A",.,"A",.,"A",15,"D",.,"A",.,"A"
"20102",2214203,92,0,"1",.,"A",.,"A",.,"A",.,"A",.,"A",.,"A",.,"A",.,"A",.,"A",.,"A",.,"A",.,"A",150,"D",.,"A",.,"A"
"20102",2214213,44,0,"1",.,"A",.,"A",.,"A",.,"A",.,"A",.,"A",.,"A",.,"A",.,"A",.,"A",.,"A",.,"A",60,"D",.,"A",.,"A"
"20102",2214223,77,0,"1",.,"A",.,"A",.,"A",.,"A",84,"D",.,"A",.,"A",.,"A",.,"A",.,"A",.,"A",.,"A",260,"D",.,"A",.,"A"
"20102",2214243,56,0,"1",.,"A",.,"A",.,"A",.,"A",.,"A",.,"A",.,"A",65,"D",.,"A",.,"A",.,"A",.,"A",.,"A",.,"A",.,"A"
"20102",2214263,57,0,"1",.,"A",.,"A",.,"A",.,"A",.,"A",.,"A",.,"A",.,"A",.,"A",.,"A",.,"A",.,"A",45,"D",.,"A",.,"A"
"20102",2214273,47,0,"1",.,"A",.,"A",.,"A",.,"A",.,"A",.,"A",.,"A",.,"A",.,"A",.,"A",.,"A",.,"A",30,"D",.,"A",.,"A"
"20102",2214283,43,0,"1",.,"A",.,"A",.,"A",.,"A",.,"A",.,"A",.,"A",.,"A",.,"A",.,"A",.,"A",.,"A",90,"D",.,"A",.,"A"
"20102",2214293,41,0,"1",.,"A",.,"A",.,"A",.,"A",.,"A",.,"A",.,"A",.,"A",.,"A",.,"A",.,"A",.,"A",.,"A",.,"A",.,"A"
"20102",2214303,78,0,"1",.,"A",.,"A",.,"A",.,"A",.,"A",.,"A",.,"A",.,"A",.,"A",.,"A",.,"A",.,"A",95,"D",.,"A",.,"A"
"20102",2214313,37,0,"1",.,"A",.,"A",.,"A",.,"A",.,"A",.,"A",260,"D",.,"A",204,"D",.,"A",.,"A",.,"A",.,"A",.,"A",.,"A"
"20102",2214323,72,0,"1",.,"A",.,"A",.,"A",.,"A",.,"A",.,"A",.,"A",.,"A",.,"A",.,"A",.,"A",.,"A",128,"D",.,"A",.,"A"
"20102",2214333,58,0,"1",60,"D",.,"A",.,"A",.,"A",61,"D",50,"D",624,"D",.,"A",.,"A",.,"A",.,"A",.,"A",300,"D",.,"A",.,"A"
"20102",2214343,79,0,"1",.,"A",.,"A",.,"A",.,"A",.,"A",160,"D",.,"A",.,"A",.,"A",555,"D",0,"D",0,"D",360,"D",185,"D",.,"A"
"20102",2214353,58,0,"1",.,"A",.,"A",.,"A",.,"A",.,"A",.,"A",585,"D",.,"A",.,"A",.,"A",.,"A",.,"A",50,"D",.,"A",.,"A"
"20102",2214393,54,0,"1",.,"A",.,"A",.,"A",.,"A",.,"A",.,"A",.,"A",.,"A",.,"A",.,"A",.,"A",.,"A",55,"D",.,"A",.,"A"
"20102",2214413,27,0,"1",.,"A",.,"A",.,"A",.,"A",80,"D",.,"A",.,"A",.,"A",.,"A",.,"A",.,"A",.,"A",45,"D",.,"A",.,"A"
"20102",2214423,66,0,"1",.,"A",.,"A",.,"A",.,"A",.,"A",.,"A",.,"A",.,"A",.,"A",.,"A",.,"A",.,"A",.,"A",.,"A",.,"A"
"20102",2214433,71,0,"1",.,"A",.,"A",.,"A",.,"A",.,"A",51,"D",.,"A",.,"A",.,"A",.,"A",.,"A",.,"A",60,"D",.,"A",.,"A"
"20102",2214443,64,0,"1",.,"A",.,"A",.,"A",.,"A",.,"A",.,"A",325,"D",.,"A",.,"A",.,"A",.,"A",.,"A",.,"A",.,"A",.,"A"
"20102",2214453,44,0,"1",.,"A",.,"A",.,"A",.,"A",.,"A",.,"A",.,"A",.,"A",.,"A",.,"A",.,"A",.,"A",120,"D",.,"A",.,"A"
"20102",2214463,28,0,"1",.,"A",.,"A",.,"A",.,"A",.,"A",.,"A",.,"A",.,"A",.,"A",.,"A",.,"A",.,"A",.,"A",.,"A",.,"A"
"20102",2214503,38,0,"1",.,"A",.,"A",.,"A",.,"A",.,"A",.,"A",.,"A",.,"A",.,"A",.,"A",.,"A",.,"A",36,"D",.,"A",.,"A"
"20102",2214513,39,0,"1",.,"A",.,"A",.,"A",.,"A",.,"A",.,"A",.,"A",.,"A",.,"A",.,"A",.,"A",.,"A",50,"D",.,"A",.,"A"
"20102",2214543,46,0,"1",.,"A",.,"A",.,"A",.,"A",.,"A",.,"A",.,"A",.,"A",.,"A",.,"A",.,"A",.,"A",70,"D",.,"A",.,"A"
"20102",2214553,45,0,"1",.,"A",.,"A",.,"A",.,"A",.,"A",.,"A",.,"A",.,"A",.,"A",.,"A",.,"A",.,"A",.,"A",.,"A",.,"A"
"20102",2214563,68,0,"1",.,"A",.,"A",.,"A",.,"A",.,"A",.,"A",.,"A",.,"A",24,"D",.,"A",.,"A",.,"A",238,"D",.,"A",.,"A"
"20102",2214583,76,0,"1",.,"A",.,"A",.,"A",.,"A",.,"A",.,"A",.,"A",.,"A",.,"A",.,"A",.,"A",.,"A",.,"A",.,"A",.,"A"
"20102",2214593,92,0,"1",.,"A",.,"A",.,"A",.,"A",.,"A",61,"D",.,"A",.,"A",18,"D",.,"A",.,"A",.,"A",1980,"D",.,"A",.,"A"
"20102",2214603,36,0,"1",.,"A",.,"A",.,"A",.,"A",.,"A",.,"A",.,"A",.,"A",.,"A",.,"A",.,"A",.,"A",.,"A",.,"A",.,"A"
"20102",2214623,66,0,"1",.,"A",.,"A",.,"A",.,"A",.,"A",150,"D",.,"A",.,"A",.,"A",.,"A",.,"A",.,"A",350,"D",.,"A",.,"A"
"20102",2214643,41,0,"1",.,"A",.,"A",.,"A",.,"A",.,"A",.,"A",.,"A",.,"A",.,"A",.,"A",.,"A",.,"A",.,"A",.,"A",.,"A"
"20102",2214653,33,0,"1",.,"A",.,"A",.,"A",.,"A",.,"A",.,"A",.,"A",.,"A",.,"A",.,"A",.,"A",.,"A",.,"A",.,"A",.,"A"
"20102",2214663,54,0,"1",.,"A",.,"A",.,"A",.,"A",.,"A",.,"A",.,"A",.,"A",.,"A",.,"A",.,"A",.,"A",83,"D",.,"A",.,"A"
"20102",2214683,51,0,"1",.,"A",.,"A",.,"A",.,"A",129,"F",180,"D",390,"D",.,"A",.,"A",.,"A",.,"A",.,"A",8,"D",.,"A",.,"A"
"20102",2214693,44,0,"1",.,"A",.,"A",.,"A",.,"A",.,"A",.,"A",.,"A",.,"A",.,"A",.,"A",.,"A",.,"A",100,"D",.,"A",.,"A"
"20102",2214703,34,0,"1",.,"A",.,"A",.,"A",.,"A",.,"A",.,"A",.,"A",.,"A",.,"A",.,"A",.,"A",.,"A",100,"D",.,"A",.,"A"
"20102",2214713,65,0,"1",.,"A",.,"A",.,"A",204,"D",.,"A",4,"D",.,"A",.,"A",.,"A",0,"D",0,"D",150,"D",300,"F",0,"D",.,"A"
"20102",2214723,41,0,"1",.,"A",.,"A",.,"A",.,"A",.,"A",.,"A",.,"A",.,"A",.,"A",.,"A",.,"A",.,"A",.,"A",.,"A",.,"A"
"20102",2214733,63,0,"1",.,"A",.,"A",.,"A",.,"A",.,"A",.,"A",.,"A",.,"A",.,"A",.,"A",.,"A",.,"A",27,"D",.,"A",.,"A"
"20102",2214764,47,0,"1",.,"A",.,"A",.,"A",.,"A",.,"A",.,"A",.,"A",.,"A",.,"A",.,"A",.,"A",.,"A",.,"A",.,"A",.,"A"
"20102",2214773,23,0,"1",.,"A",.,"A",.,"A",.,"A",.,"A",.,"A",.,"A",.,"A",.,"A",.,"A",.,"A",.,"A",.,"A",.,"A",.,"A"
"20102",2214793,46,0,"1",.,"A",.,"A",.,"A",.,"A",.,"A",.,"A",.,"A",.,"A",.,"A",.,"A",.,"A",.,"A",75,"D",.,"A",.,"A"
"20102",2214803,20,0,"1",.,"A",.,"A",.,"A",.,"A",.,"A",.,"A",.,"A",.,"A",.,"A",.,"A",.,"A",.,"A",.,"A",.,"A",.,"A"
"20102",2214823,66,0,"1",.,"A",.,"A",.,"A",.,"A",.,"A",.,"A",.,"A",.,"A",90,"D",.,"A",.,"A",.,"A",130,"D",.,"A",.,"A"
"20102",2214833,83,0,"1",.,"A",.,"A",.,"A",.,"A",.,"A",.,"A",.,"A",.,"A",.,"A",.,"A",.,"A",.,"A",175,"D",.,"A",.,"A"
"20102",2214843,76,0,"1",.,"A",.,"A",.,"A",.,"A",.,"A",20,"D",.,"A",.,"A",6,"D",.,"A",.,"A",.,"A",150,"D",.,"A",.,"A"
"20102",2214863,47,0,"1",.,"A",.,"A",.,"A",.,"A",.,"A",.,"A",780,"D",.,"A",.,"A",.,"A",.,"A",.,"A",100,"D",.,"A",.,"A"
"20102",2214873,38,0,"1",.,"A",.,"A",.,"A",.,"A",.,"A",.,"A",.,"A",.,"A",.,"A",.,"A",.,"A",.,"A",.,"A",.,"A",.,"A"
"20102",2214883,43,0,"1",.,"A",.,"A",.,"A",.,"A",.,"A",.,"A",260,"D",.,"A",.,"A",.,"A",.,"A",.,"A",120,"D",.,"A",.,"A"
"20102",2214893,42,0,"1",.,"A",.,"A",.,"A",.,"A",.,"A",40,"D",.,"A",.,"A",.,"A",330,"D",0,"D",0,"D",.,"A",110,"D",330,"D"
"20102",2214913,59,0,"1",.,"A",.,"A",.,"A",.,"A",.,"A",.,"A",.,"A",.,"A",.,"A",.,"A",.,"A",.,"A",75,"D",.,"A",.,"A"
"20102",2214923,28,0,"1",.,"A",.,"A",.,"A",.,"A",.,"A",.,"A",.,"A",.,"A",.,"A",.,"A",.,"A",.,"A",.,"A",.,"A",.,"A"
"20102",2214933,44,0,"1",.,"A",.,"A",.,"A",.,"A",.,"A",.,"A",.,"A",.,"A",.,"A",.,"A",.,"A",.,"A",40,"D",.,"A",.,"A"
"20102",2214953,54,0,"1",.,"A",.,"A",.,"A",.,"A",.,"A",.,"A",455,"D",.,"A",.,"A",.,"A",.,"A",.,"A",.,"A",.,"A",.,"A"
"20102",2214963,41,0,"1",.,"A",.,"A",.,"A",.,"A",.,"A",15,"D",.,"A",.,"A",.,"A",.,"A",.,"A",.,"A",60,"D",.,"A",.,"A"
"20102",2215013,68,0,"1",.,"A",.,"A",.,"A",.,"A",75,"D",.,"A",.,"A",.,"A",.,"A",.,"A",.,"A",.,"A",40,"D",.,"A",.,"A"
"20102",2215033,39,0,"1",.,"A",.,"A",.,"A",.,"A",.,"A",.,"A",.,"A",.,"A",.,"A",.,"A",.,"A",.,"A",.,"A",.,"A",.,"A"
"20102",2215073,53,0,"1",.,"A",.,"A",.,"A",.,"A",.,"A",66,"D",.,"A",.,"A",.,"A",.,"A",.,"A",.,"A",.,"A",.,"A",.,"A"
"20102",2215093,59,0,"1",.,"A",.,"A",.,"A",.,"A",.,"A",.,"A",.,"A",.,"A",.,"A",.,"A",.,"A",.,"A",150,"D",.,"A",.,"A"
"20102",2215103,42,0,"1",.,"A",.,"A",.,"A",.,"A",.,"A",.,"A",.,"A",.,"A",.,"A",.,"A",.,"A",.,"A",.,"A",.,"A",.,"A"
"20102",2215133,40,0,"1",0,"F",.,"A",.,"A",.,"A",180,"F",.,"A",.,"A",.,"A",.,"A",.,"A",.,"A",.,"A",.,"A",.,"A",.,"A"
"20102",2215143,40,0,"1",.,"A",.,"A",.,"A",.,"A",.,"A",.,"A",.,"A",.,"A",.,"A",.,"A",.,"A",.,"A",60,"D",.,"A",.,"A"
"20102",2215153,38,0,"1",.,"A",.,"A",.,"A",.,"A",.,"A",.,"A",.,"A",.,"A",.,"A",.,"A",.,"A",.,"A",30,"F",.,"A",.,"A"
"20102",2215165,63,0,"1",.,"A",.,"A",.,"A",.,"A",.,"A",.,"A",.,"A",.,"A",.,"A",.,"A",.,"A",.,"A",70,"D",.,"A",.,"A"
"20102",2215173,50,0,"1",.,"A",.,"A",.,"A",.,"A",.,"A",.,"A",.,"A",.,"A",.,"A",.,"A",.,"A",.,"A",30,"D",.,"A",.,"A"
"20102",2215183,46,0,"1",.,"A",.,"A",.,"A",.,"A",.,"A",.,"A",.,"A",.,"A",.,"A",.,"A",.,"A",.,"A",75,"D",.,"A",.,"A"
"20102",2215193,60,0,"1",0,"F",.,"A",.,"A",.,"A",27,"F",75,"D",.,"A",.,"A",.,"A",0,"D",0,"D",0,"D",40,"D",0,"D",.,"A"
"20102",2215213,27,0,"1",.,"A",.,"A",.,"A",.,"A",.,"A",.,"A",.,"A",.,"A",.,"A",.,"A",.,"A",.,"A",.,"A",.,"A",.,"A"
"20102",2215233,67,0,"1",.,"A",.,"A",.,"A",.,"A",.,"A",300,"D",.,"A",.,"A",.,"A",798,"F",0,"D",0,"D",120,"D",.,"C",.,"A"
"20102",2215243,35,0,"1",.,"A",.,"A",.,"A",.,"A",.,"A",.,"A",.,"A",.,"A",.,"A",.,"A",.,"A",.,"A",40,"D",.,"A",.,"A"
"20102",2215253,56,0,"1",.,"A",.,"A",.,"A",.,"A",.,"A",.,"A",.,"A",.,"A",.,"A",.,"A",.,"A",.,"A",200,"D",.,"A",.,"A"
"20102",2215263,84,0,"1",.,"A",.,"A",.,"A",.,"A",.,"A",.,"A",.,"A",.,"A",.,"A",.,"A",.,"A",.,"A",270,"D",.,"A",.,"A"
"20102",2215313,56,0,"1",.,"A",.,"A",.,"A",.,"A",.,"A",.,"A",78,"D",.,"A",.,"A",.,"A",.,"A",.,"A",25,"D",.,"A",.,"A"
"20102",2215323,28,0,"1",.,"A",.,"A",.,"A",.,"A",.,"A",.,"A",260,"D",.,"A",.,"A",.,"A",.,"A",.,"A",20,"D",.,"A",.,"A"
"20102",2215343,62,0,"1",.,"A",.,"A",.,"A",.,"A",.,"A",50,"D",.,"A",.,"A",.,"A",.,"A",.,"A",.,"A",180,"D",.,"A",.,"A"
"20102",2215353,62,0,"1",.,"A",.,"A",.,"A",.,"A",.,"A",46,"D",.,"A",.,"A",.,"A",0,"D",0,"D",30,"D",60,"D",0,"D",.,"A"
"20102",2215363,79,0,"1",.,"A",.,"A",.,"A",.,"A",.,"A",.,"A",.,"A",.,"A",.,"A",.,"A",.,"A",.,"A",.,"A",.,"A",.,"A"
"20102",2215373,89,0,"1",.,"A",.,"A",.,"A",.,"A",.,"A",175,"D",.,"A",.,"A",.,"A",.,"A",.,"A",.,"A",325,"D",.,"A",.,"A"
"20102",2215393,45,0,"1",.,"A",.,"A",.,"A",.,"A",.,"A",.,"A",.,"A",.,"A",.,"A",0,"D",0,"D",3,"D",150,"D",0,"D",.,"A"
"20102",2215423,50,0,"1",.,"A",.,"A",.,"A",.,"A",.,"A",.,"A",.,"A",.,"A",.,"A",.,"A",.,"A",.,"A",180,"D",.,"A",.,"A"
"20102",2215433,37,0,"1",50,"D",.,"A",.,"A",.,"A",90,"D",100,"D",.,"A",.,"A",.,"A",120,"D",135,"D",0,"D",200,"D",40,"D",.,"A"
"20102",2215463,46,0,"1",.,"A",.,"A",.,"A",.,"A",.,"A",.,"A",.,"A",.,"A",.,"A",.,"A",.,"A",.,"A",200,"D",.,"A",.,"A"
"20102",2215473,80,0,"1",.,"A",.,"A",.,"A",.,"A",.,"A",30,"D",.,"A",.,"A",.,"A",45,"D",0,"D",0,"D",157,"D",15,"D",.,"A"
"20102",2215483,63,0,"1",.,"A",.,"A",.,"A",270,"D",.,"A",120,"D",.,"A",.,"A",.,"A",360,"D",0,"D",0,"D",235,"D",120,"D",.,"A"
"20102",2215493,56,0,"1",.,"A",.,"A",.,"A",.,"A",60,"D",15,"D",260,"D",.,"A",36,"D",.,"A",.,"A",.,"A",180,"D",.,"A",.,"A"
"20102",2215513,32,0,"1",.,"A",.,"A",.,"A",.,"A",.,"A",.,"A",.,"A",.,"A",.,"A",.,"A",.,"A",.,"A",65,"D",.,"A",.,"A"
"20102",2215523,74,0,"1",.,"A",.,"A",.,"A",.,"A",160,"D",.,"A",.,"A",.,"A",3,"D",.,"A",.,"A",.,"A",260,"D",.,"A",.,"A"
"20102",2215533,89,0,"1",.,"A",.,"A",1,"D",.,"A",.,"A",.,"A",.,"A",.,"A",.,"A",0,"D",105,"D",0,"D",100,"D",0,"D",.,"A"
"20102",2215543,29,0,"1",.,"A",.,"A",.,"A",.,"A",.,"A",.,"A",.,"A",.,"A",.,"A",.,"A",.,"A",.,"A",.,"A",.,"A",.,"A"
"20102",2215563,46,0,"1",.,"A",.,"A",.,"A",.,"A",.,"A",.,"A",.,"A",.,"A",.,"A",.,"A",.,"A",.,"A",.,"A",.,"A",.,"A"
"20102",2215593,31,0,"1",.,"A",.,"A",.,"A",.,"A",.,"A",.,"A",.,"A",.,"A",.,"A",.,"A",.,"A",.,"A",20,"D",.,"A",.,"A"
"20102",2215603,57,0,"1",.,"A",.,"A",30,"D",.,"A",.,"A",.,"A",.,"A",.,"A",.,"A",.,"A",.,"A",.,"A",.,"A",.,"A",.,"A"
"20102",2215613,52,0,"1",.,"A",.,"A",.,"A",.,"A",.,"A",.,"A",741,"D",.,"A",108,"D",.,"A",.,"A",.,"A",.,"A",.,"A",.,"A"
"20102",2215623,47,0,"1",.,"A",.,"A",.,"A",.,"A",.,"A",.,"A",325,"D",.,"A",.,"A",.,"A",.,"A",.,"A",120,"D",.,"A",.,"A"
"20102",2215633,35,0,"1",.,"A",.,"A",.,"A",.,"A",.,"A",.,"A",390,"D",.,"A",.,"A",.,"A",.,"A",.,"A",250,"D",.,"A",.,"A"
"20102",2215653,56,0,"1",.,"A",.,"A",.,"A",.,"A",.,"A",.,"A",.,"A",.,"A",.,"A",.,"A",.,"A",.,"A",75,"D",.,"A",.,"A"
"20102",2215683,53,0,"1",.,"A",.,"A",.,"A",.,"A",.,"A",.,"A",.,"A",.,"A",.,"A",.,"A",.,"A",.,"A",250,"D",.,"A",.,"A"
"20102",2215703,32,0,"1",.,"A",.,"A",.,"A",.,"A",.,"A",.,"A",.,"A",.,"A",.,"A",.,"A",.,"A",.,"A",.,"A",.,"A",.,"A"
"20102",2215713,101,0,"1",.,"A",.,"A",.,"A",.,"A",.,"A",.,"A",.,"A",.,"A",30,"D",.,"A",.,"A",.,"A",.,"A",.,"A",.,"A"
"20102",2215723,48,0,"1",.,"A",.,"A",.,"A",.,"A",.,"A",.,"A",.,"A",.,"A",.,"A",.,"A",.,"A",.,"A",.,"A",.,"A",.,"A"
"20102",2215733,50,0,"1",.,"A",.,"A",.,"A",.,"A",.,"A",.,"A",.,"A",.,"A",.,"A",.,"A",.,"A",.,"A",.,"A",.,"A",.,"A"
"20102",2215763,69,0,"1",.,"A",.,"A",.,"A",.,"A",.,"A",160,"D",.,"A",.,"A",.,"A",.,"A",.,"A",.,"A",.,"A",.,"A",.,"A"
"20102",2215773,51,0,"1",.,"A",.,"A",.,"A",.,"A",.,"A",.,"A",.,"A",.,"A",.,"A",.,"A",.,"A",.,"A",24,"F",.,"A",.,"A"
"20102",2215783,40,0,"1",.,"A",.,"A",.,"A",.,"A",.,"A",.,"A",.,"A",.,"A",.,"A",.,"A",.,"A",.,"A",240,"D",.,"A",.,"A"
"20102",2215793,28,0,"1",.,"A",.,"A",.,"A",80,"D",125,"D",.,"A",.,"A",.,"A",.,"A",0,"D",0,"D",15,"D",100,"D",0,"D",.,"A"
"20102",2215813,32,0,"1",.,"A",.,"A",.,"A",.,"A",.,"A",.,"A",.,"A",.,"A",.,"A",.,"A",.,"A",.,"A",.,"A",.,"A",.,"A"
"20102",2215823,40,0,"1",.,"A",.,"A",.,"A",.,"A",.,"A",.,"A",.,"A",.,"A",.,"A",.,"A",.,"A",.,"A",45,"D",.,"A",.,"A"
"20102",2215833,60,0,"1",.,"A",.,"A",.,"A",.,"A",.,"A",.,"A",.,"A",.,"A",.,"A",.,"A",.,"A",.,"A",110,"D",.,"A",.,"A"
"20102",2215843,48,0,"1",.,"A",.,"A",.,"A",.,"A",.,"A",.,"A",.,"A",.,"A",.,"A",390,"D",0,"D",0,"D",40,"D",130,"D",.,"A"
"20102",2215863,44,0,"1",.,"A",.,"A",.,"A",.,"A",.,"A",.,"A",390,"D",.,"A",.,"A",.,"A",.,"A",.,"A",220,"D",.,"A",.,"A"
"20102",2215883,56,0,"1",.,"A",.,"A",.,"A",.,"A",.,"A",.,"A",.,"A",.,"A",.,"A",.,"A",.,"A",.,"A",120,"D",.,"A",.,"A"
"20102",2215893,38,0,"1",.,"A",.,"A",.,"A",.,"A",.,"A",.,"A",520,"D",.,"A",.,"A",.,"A",.,"A",.,"A",50,"D",.,"A",.,"A"
"20102",2215903,38,0,"1",.,"A",.,"A",.,"A",.,"A",.,"A",.,"A",.,"A",.,"A",.,"A",.,"A",.,"A",.,"A",.,"A",.,"A",.,"A"
"20102",2215913,54,0,"1",.,"A",.,"A",.,"A",.,"A",.,"A",.,"A",.,"A",.,"A",.,"A",.,"A",.,"A",.,"A",60,"D",.,"A",.,"A"
"20102",2215923,58,0,"1",.,"A",.,"A",.,"A",.,"A",.,"A",.,"A",.,"A",.,"A",.,"A",.,"A",.,"A",.,"A",50,"D",.,"A",.,"A"
"20102",2215943,86,0,"1",.,"A",.,"A",.,"A",.,"A",.,"A",120,"D",.,"A",.,"A",.,"A",.,"A",.,"A",.,"A",300,"D",.,"A",.,"A"
"20102",2215953,36,0,"1",0,"F",.,"A",.,"A",.,"A",16,"F",.,"A",.,"A",.,"A",.,"A",.,"A",.,"A",.,"A",10,"D",.,"A",.,"A"
"20102",2215963,44,0,"1",.,"A",.,"A",.,"A",.,"A",.,"A",.,"A",520,"D",.,"A",.,"A",.,"A",.,"A",.,"A",.,"A",.,"A",.,"A"
"20102",2215973,56,0,"1",.,"A",.,"A",.,"A",.,"A",.,"A",.,"A",520,"F",.,"A",.,"A",.,"A",.,"A",.,"A",22,"D",.,"A",.,"A"
"20102",2215993,61,0,"1",.,"A",.,"A",.,"A",.,"A",.,"A",.,"A",.,"A",.,"A",.,"A",.,"A",.,"A",.,"A",150,"D",.,"A",.,"A"
"20102",2216013,84,0,"1",.,"A",.,"A",.,"A",.,"A",.,"A",.,"A",.,"A",.,"A",6,"D",.,"A",.,"A",.,"A",80,"D",.,"A",.,"A"
"20102",2216023,54,0,"1",.,"A",.,"A",.,"A",.,"A",.,"A",.,"A",.,"A",.,"A",.,"A",.,"A",.,"A",.,"A",120,"D",.,"A",.,"A"
"20102",2216033,32,0,"1",.,"A",.,"A",.,"A",.,"A",.,"A",.,"A",.,"A",.,"A",.,"A",.,"A",.,"A",.,"A",36,"D",.,"A",.,"A"
"20102",2216043,24,0,"1",.,"A",.,"A",.,"A",.,"A",5,"D",.,"A",195,"D",.,"A",.,"A",.,"A",.,"A",.,"A",.,"A",.,"A",.,"A"
"20102",2216053,80,0,"1",.,"A",.,"A",.,"A",.,"A",.,"A",.,"A",.,"A",.,"A",.,"A",.,"A",.,"A",.,"A",90,"D",.,"A",.,"A"
"20102",2216073,42,0,"1",.,"A",.,"A",.,"A",.,"A",.,"A",.,"A",.,"A",.,"A",.,"A",.,"A",.,"A",.,"A",36,"D",.,"A",.,"A"
"20102",2216083,51,0,"1",.,"A",.,"A",.,"A",.,"A",200,"D",.,"A",.,"A",.,"A",.,"A",240,"D",0,"D",0,"D",100,"D",80,"D",.,"A"
"20102",2216114,39,0,"1",.,"A",.,"A",.,"A",.,"A",.,"A",.,"A",.,"A",.,"A",.,"A",.,"A",.,"A",.,"A",25,"D",.,"A",.,"A"
"20102",2216123,42,0,"1",.,"A",.,"A",.,"A",.,"A",.,"A",.,"A",.,"A",.,"A",.,"A",.,"A",.,"A",.,"A",.,"A",.,"A",.,"A"
"20102",2216143,38,0,"1",.,"A",.,"A",.,"A",.,"A",.,"A",.,"A",.,"A",.,"A",.,"A",.,"A",.,"A",.,"A",85,"D",.,"A",.,"A"
"20102",2216153,46,0,"1",.,"A",.,"A",.,"A",.,"A",.,"A",.,"A",.,"A",.,"A",.,"A",.,"A",.,"A",.,"A",75,"D",.,"A",.,"A"
"20102",2216163,57,0,"1",.,"A",.,"A",.,"A",.,"A",.,"A",20,"D",.,"A",.,"A",.,"A",.,"A",.,"A",.,"A",40,"D",.,"A",.,"A"
"20102",2216173,49,0,"1",.,"A",.,"A",.,"A",.,"A",.,"A",.,"A",.,"A",.,"A",.,"A",.,"A",.,"A",.,"A",60,"D",.,"A",.,"A"
"20102",2216183,34,0,"1",.,"A",.,"A",.,"A",.,"A",.,"A",.,"A",520,"D",.,"A",.,"A",12,"D",0,"D",0,"D",15,"D",4,"D",.,"A"
"20102",2216203,30,0,"1",.,"A",.,"A",.,"A",.,"A",.,"A",.,"A",.,"A",.,"A",.,"A",.,"A",.,"A",.,"A",.,"A",.,"A",.,"A"
"20102",2216223,49,0,"1",.,"A",.,"A",.,"A",.,"A",.,"A",.,"A",.,"A",.,"A",.,"A",.,"A",.,"A",.,"A",.,"A",.,"A",.,"A"
"20102",2216233,60,0,"1",.,"A",.,"A",.,"A",.,"A",.,"A",.,"A",.,"A",.,"A",.,"A",.,"A",.,"A",.,"A",.,"A",.,"A",.,"A"
"20102",2216283,81,0,"1",.,"A",.,"A",.,"A",.,"A",.,"A",.,"A",.,"A",.,"A",.,"A",.,"A",.,"A",.,"A",120,"D",.,"A",.,"A"
"20102",2216293,56,0,"1",.,"A",.,"A",.,"A",.,"A",.,"A",.,"A",.,"A",.,"A",.,"A",0,"D",0,"D",45,"D",45,"D",0,"D",.,"A"
"20102",2216323,38,0,"1",.,"A",.,"A",.,"A",.,"A",.,"A",.,"A",.,"A",.,"A",.,"A",.,"A",.,"A",.,"A",150,"D",.,"A",.,"A"
"20102",2216343,85,0,"1",.,"A",.,"A",.,"A",.,"A",.,"A",.,"A",.,"A",.,"A",.,"A",.,"A",.,"A",.,"A",76,"D",.,"A",.,"A"
"20102",2216353,41,0,"1",.,"A",.,"A",.,"A",.,"A",.,"A",.,"A",.,"A",.,"A",.,"A",.,"A",.,"A",.,"A",190,"D",.,"A",.,"A"
"20102",2216363,25,0,"1",.,"A",.,"A",.,"A",.,"A",.,"A",.,"A",.,"A",.,"A",.,"A",.,"A",.,"A",.,"A",.,"A",.,"A",.,"A"
"20102",2216403,50,0,"1",.,"A",.,"A",.,"A",.,"A",.,"A",.,"A",.,"A",.,"A",.,"A",.,"A",.,"A",.,"A",100,"D",.,"A",.,"A"
"20102",2216423,31,0,"1",.,"A",.,"A",.,"A",.,"A",300,"D",.,"A",325,"D",.,"A",.,"A",.,"A",.,"A",.,"A",.,"A",.,"A",.,"A"
"20102",2216443,71,0,"1",.,"A",.,"A",.,"A",.,"A",.,"A",.,"A",.,"A",.,"A",.,"A",.,"A",.,"A",.,"A",400,"D",.,"A",.,"A"
"20102",2216453,36,0,"1",.,"A",.,"A",.,"A",.,"A",.,"A",.,"A",156,"D",.,"A",.,"A",.,"A",.,"A",.,"A",.,"A",.,"A",.,"A"
"20102",2216463,50,0,"1",.,"A",.,"A",.,"A",.,"A",.,"A",.,"A",.,"A",.,"A",.,"A",.,"A",.,"A",.,"A",.,"A",.,"A",.,"A"
"20102",2216493,77,0,"1",.,"A",.,"A",.,"A",.,"A",.,"A",80,"D",.,"A",.,"A",.,"A",.,"A",.,"A",.,"A",320,"D",.,"A",.,"A"
"20102",2216503,81,0,"1",.,"A",.,"A",25,"D",.,"A",.,"A",.,"A",.,"A",.,"A",18,"D",.,"A",.,"A",.,"A",300,"D",.,"A",.,"A"
"20102",2216513,53,0,"1",.,"A",.,"A",.,"A",.,"A",.,"A",.,"A",.,"A",.,"A",27,"D",.,"A",.,"A",.,"A",15,"D",.,"A",.,"A"
"20102",2216525,48,0,"1",.,"A",.,"A",.,"A",.,"A",.,"A",.,"A",.,"A",.,"A",.,"A",.,"A",.,"A",.,"A",.,"A",.,"A",.,"A"
"20102",2216563,50,0,"1",.,"A",.,"A",.,"A",.,"A",.,"A",.,"A",.,"A",.,"A",.,"A",.,"A",.,"A",.,"A",12,"D",.,"A",.,"A"
"20102",2216573,64,0,"1",.,"A",.,"A",.,"A",.,"A",.,"A",.,"A",.,"A",.,"A",15,"D",.,"A",.,"A",.,"A",.,"A",.,"A",.,"A"
"20102",2216583,67,0,"1",.,"A",.,"A",90,"D",.,"A",.,"A",180,"D",.,"A",.,"A",.,"A",.,"A",.,"A",.,"A",300,"D",.,"A",.,"A"
"20102",2216593,42,0,"1",.,"A",.,"A",.,"A",.,"A",.,"A",.,"A",520,"D",.,"A",.,"A",.,"A",.,"A",.,"A",30,"D",.,"A",.,"A"
"20102",2216603,41,0,"1",.,"A",.,"A",.,"A",.,"A",.,"A",.,"A",.,"A",.,"A",.,"A",.,"A",.,"A",.,"A",40,"D",.,"A",.,"A"
"20102",2216613,45,0,"1",.,"A",.,"A",.,"A",.,"A",.,"A",82,"D",.,"A",.,"A",.,"A",.,"A",.,"A",.,"A",.,"A",.,"A",.,"A"
"20102",2216623,43,0,"1",.,"A",.,"A",.,"A",.,"A",.,"A",.,"A",.,"A",.,"A",.,"A",.,"A",.,"A",.,"A",60,"D",.,"A",.,"A"
"20102",2216653,37,0,"1",.,"A",.,"A",.,"A",.,"A",.,"A",.,"A",.,"A",.,"A",.,"A",.,"A",.,"A",.,"A",.,"A",.,"A",.,"A"
"20102",2216673,46,0,"1",.,"A",.,"A",.,"A",.,"A",.,"A",.,"A",.,"A",.,"A",.,"A",.,"A",.,"A",.,"A",28,"D",.,"A",.,"A"
"20102",2216693,70,0,"1",.,"A",.,"A",.,"A",.,"A",.,"A",.,"A",.,"A",.,"A",.,"A",.,"A",.,"A",.,"A",.,"A",.,"A",.,"A"
"20102",2216703,77,0,"1",.,"A",.,"A",.,"A",.,"A",.,"A",20,"D",.,"A",.,"A",.,"A",.,"A",.,"A",.,"A",145,"D",.,"A",.,"A"
"20102",2216713,26,0,"1",.,"A",.,"A",.,"A",.,"A",.,"A",.,"A",.,"A",.,"A",.,"A",.,"A",.,"A",.,"A",.,"A",.,"A",.,"A"
"20102",2216723,49,0,"1",.,"A",.,"A",.,"A",.,"A",.,"A",.,"A",143,"D",.,"A",.,"A",.,"A",.,"A",.,"A",45,"D",.,"A",.,"A"
"20102",2216743,62,0,"1",.,"A",.,"A",.,"A",.,"A",.,"A",60,"D",.,"A",.,"A",.,"A",0,"D",0,"D",60,"D",55,"D",0,"D",.,"A"
"20102",2216773,62,0,"1",.,"A",.,"A",.,"A",.,"A",.,"A",.,"A",.,"A",.,"A",.,"A",.,"A",.,"A",.,"A",10,"D",.,"A",.,"A"
"20102",2216783,32,0,"1",.,"A",.,"A",.,"A",.,"A",30,"D",.,"A",.,"A",.,"A",.,"A",.,"A",.,"A",.,"A",.,"A",.,"A",.,"A"
"20102",2216793,84,0,"1",.,"A",.,"A",.,"A",.,"A",.,"A",.,"A",.,"A",.,"A",.,"A",.,"A",.,"A",.,"A",230,"D",.,"A",.,"A"
"20102",2216813,46,0,"1",.,"A",.,"A",.,"A",.,"A",.,"A",.,"A",.,"A",.,"A",.,"A",.,"A",.,"A",.,"A",.,"A",.,"A",.,"A"
"20102",2216823,67,0,"1",.,"A",.,"A",.,"A",.,"A",.,"A",20,"D",.,"A",.,"A",.,"A",.,"A",.,"A",.,"A",75,"D",.,"A",.,"A"
"20102",2216833,41,0,"1",.,"A",.,"A",.,"A",.,"A",.,"A",.,"A",.,"A",.,"A",.,"A",.,"A",.,"A",.,"A",40,"D",.,"A",.,"A"
"20102",2216843,30,0,"1",.,"A",.,"A",.,"A",.,"A",75,"D",.,"A",260,"D",.,"A",.,"A",.,"A",.,"A",.,"A",.,"A",.,"A",.,"A"
"20102",2216853,48,0,"1",15,"D",.,"A",.,"A",.,"A",75,"D",.,"A",.,"A",.,"A",.,"A",.,"A",.,"A",.,"A",.,"A",.,"A",.,"A"
"20102",2216863,52,0,"1",.,"A",.,"A",.,"A",.,"A",.,"A",.,"A",.,"A",.,"A",.,"A",.,"A",.,"A",.,"A",40,"D",.,"A",.,"A"
"20102",2216913,32,0,"1",.,"A",.,"A",.,"A",.,"A",.,"A",.,"A",325,"D",.,"A",.,"A",.,"A",.,"A",.,"A",.,"A",.,"A",.,"A"
"20102",2216923,61,0,"1",.,"A",.,"A",.,"A",.,"A",.,"A",32,"D",.,"A",.,"A",.,"A",.,"A",.,"A",.,"A",150,"D",.,"A",.,"A"
"20102",2216953,31,0,"1",.,"A",.,"A",.,"A",.,"A",.,"A",.,"A",.,"A",.,"A",.,"A",0,"D",0,"D",72,"D",.,"A",0,"D",.,"A"
"20102",2216963,46,0,"1",10,"D",.,"A",.,"A",.,"A",30,"D",.,"A",.,"A",.,"A",.,"A",.,"A",.,"A",.,"A",80,"D",.,"A",.,"A"
"20102",2216973,26,0,"1",.,"A",.,"A",.,"A",.,"A",.,"A",.,"A",.,"A",.,"A",.,"A",.,"A",.,"A",.,"A",.,"A",.,"A",.,"A"
"20102",2216993,38,0,"1",.,"A",.,"A",.,"A",.,"A",.,"A",.,"A",.,"A",.,"A",.,"A",.,"A",.,"A",.,"A",.,"A",.,"A",.,"A"
"20102",2217043,39,0,"1",.,"A",.,"A",.,"A",.,"A",120,"D",.,"A",.,"A",.,"A",15,"F",.,"A",.,"A",.,"A",12,"D",.,"A",.,"A"
"20102",2217063,58,0,"1",.,"A",.,"A",.,"A",.,"A",.,"A",.,"A",.,"A",.,"A",.,"A",.,"A",.,"A",.,"A",300,"D",.,"A",.,"A"
"20102",2217083,47,0,"1",.,"A",.,"A",.,"A",.,"A",.,"A",.,"A",.,"A",.,"A",15,"D",.,"A",.,"A",.,"A",.,"A",.,"A",.,"A"
"20102",2217093,83,0,"1",.,"A",.,"A",.,"A",.,"A",.,"A",.,"A",.,"A",.,"A",9,"D",.,"A",.,"A",.,"A",40,"D",.,"A",.,"A"
"20102",2217103,23,0,"1",.,"A",.,"A",.,"A",.,"A",.,"A",.,"A",.,"A",.,"A",.,"A",.,"A",.,"A",.,"A",.,"A",.,"A",.,"A"
"20102",2217113,44,0,"1",.,"A",.,"A",.,"A",.,"A",.,"A",.,"A",78,"D",.,"A",.,"A",.,"A",.,"A",.,"A",60,"D",.,"A",.,"A"
"20102",2217123,59,0,"1",.,"A",.,"A",.,"A",.,"A",.,"A",.,"A",.,"A",.,"A",.,"A",.,"A",.,"A",.,"A",.,"A",.,"A",.,"A"
"20102",2217133,34,0,"1",.,"A",.,"A",.,"A",.,"A",.,"A",.,"A",.,"A",.,"A",.,"A",.,"A",.,"A",.,"A",75,"D",.,"A",.,"A"
"20102",2217143,44,0,"1",.,"A",.,"A",.,"A",80,"D",.,"A",.,"A",.,"A",.,"A",15,"D",0,"D",0,"D",0,"D",70,"D",0,"D",.,"A"
"20102",2217153,48,0,"1",.,"A",.,"A",.,"A",.,"A",.,"A",.,"A",.,"A",.,"A",72,"D",.,"A",.,"A",.,"A",95,"D",.,"A",.,"A"
"20102",2217183,45,0,"1",.,"A",.,"A",.,"A",.,"A",.,"A",.,"A",.,"A",.,"A",.,"A",.,"A",.,"A",.,"A",.,"A",.,"A",.,"A"
"20102",2217193,43,0,"1",.,"A",.,"A",.,"A",.,"A",.,"A",30,"D",.,"A",.,"A",.,"A",.,"A",.,"A",.,"A",.,"A",.,"A",.,"A"
"20102",2217203,37,0,"1",.,"A",.,"A",.,"A",200,"D",.,"A",.,"A",.,"A",.,"A",.,"A",.,"A",.,"A",.,"A",.,"A",.,"A",.,"A"
"20102",2217213,64,0,"1",.,"A",.,"A",.,"A",.,"A",.,"A",.,"A",.,"A",.,"A",.,"A",.,"A",.,"A",.,"A",40,"D",.,"A",.,"A"
"20102",2217223,41,0,"1",.,"A",.,"A",.,"A",.,"A",.,"A",30,"D",.,"A",.,"A",.,"A",.,"A",.,"A",.,"A",.,"A",.,"A",.,"A"
"20102",2217263,51,0,"1",.,"A",.,"A",.,"A",.,"A",.,"A",.,"A",.,"A",.,"A",.,"A",.,"A",.,"A",.,"A",50,"D",.,"A",.,"A"
"20102",2217273,43,0,"1",.,"A",.,"A",.,"A",.,"A",.,"A",.,"A",390,"D",.,"A",.,"A",.,"A",.,"A",.,"A",.,"A",.,"A",.,"A"
"20102",2217283,55,0,"1",.,"A",.,"A",.,"A",.,"A",.,"A",.,"A",.,"A",.,"A",.,"A",.,"A",.,"A",.,"A",30,"D",.,"A",.,"A"
"20102",2217293,34,0,"1",.,"A",.,"A",.,"A",.,"A",.,"A",.,"A",.,"A",.,"A",135,"D",.,"A",.,"A",.,"A",.,"A",.,"A",.,"A"
"20102",2217313,53,0,"1",.,"A",.,"A",.,"A",.,"A",.,"A",.,"A",.,"A",.,"A",.,"A",.,"A",.,"A",.,"A",.,"A",.,"A",.,"A"
"20102",2217323,44,0,"1",.,"A",.,"A",.,"A",.,"A",.,"A",.,"A",.,"A",.,"A",.,"A",.,"A",.,"A",.,"A",50,"D",.,"A",.,"A"
"20102",2217333,43,0,"1",.,"A",.,"A",.,"A",.,"A",.,"A",.,"A",.,"A",.,"A",24,"D",.,"A",.,"A",.,"A",98,"D",.,"A",.,"A"
"20102",2217343,54,0,"1",.,"A",.,"A",.,"A",.,"A",.,"A",.,"A",.,"A",.,"A",.,"A",.,"A",.,"A",.,"A",15,"D",.,"A",.,"A"
"20102",2217363,45,0,"1",.,"A",.,"A",.,"A",.,"A",.,"A",.,"A",.,"A",.,"A",.,"A",.,"A",.,"A",.,"A",.,"A",.,"A",.,"A"
"20102",2217373,43,0,"1",.,"A",.,"A",.,"A",.,"A",.,"A",.,"A",260,"D",.,"A",.,"A",.,"A",.,"A",.,"A",25,"D",.,"A",.,"A"
"20102",2217383,91,0,"1",.,"A",.,"A",.,"A",.,"A",.,"A",.,"A",.,"A",65,"D",.,"A",.,"A",.,"A",.,"A",180,"D",.,"A",.,"A"
"20102",2217423,74,0,"1",.,"A",.,"A",.,"A",.,"A",.,"A",.,"A",.,"A",.,"A",.,"A",.,"A",.,"A",.,"A",66,"D",.,"A",.,"A"
"20102",2217433,25,0,"1",.,"A",.,"A",.,"A",.,"A",.,"A",.,"A",.,"A",.,"A",.,"A",.,"A",.,"A",.,"A",.,"A",.,"A",.,"A"
"20102",2217463,60,0,"1",.,"A",.,"A",.,"A",.,"A",.,"A",.,"A",390,"D",.,"A",.,"A",.,"A",.,"A",.,"A",.,"A",.,"A",.,"A"
"20102",2217473,33,0,"1",60,"D",.,"A",.,"A",.,"A",60,"D",.,"A",.,"A",.,"A",.,"A",.,"A",.,"A",.,"A",10,"D",.,"A",.,"A"
"20102",2217483,39,0,"1",.,"A",.,"A",.,"A",.,"A",.,"A",.,"A",.,"A",.,"A",.,"A",.,"A",.,"A",.,"A",100,"D",.,"A",.,"A"
"20102",2217503,54,0,"1",.,"A",.,"A",.,"A",.,"A",.,"A",120,"D",.,"A",.,"A",.,"A",.,"A",.,"A",.,"A",150,"D",.,"A",.,"A"
"20102",2217513,45,0,"1",.,"A",.,"A",.,"A",.,"A",.,"A",.,"A",650,"D",.,"A",.,"A",.,"A",.,"A",.,"A",30,"D",.,"A",.,"A"
"20102",2217533,93,0,"1",.,"A",.,"A",.,"A",.,"A",.,"A",.,"A",.,"A",234,"D",60,"D",.,"A",.,"A",.,"A",300,"D",.,"A",.,"A"
"20102",2217543,53,0,"1",.,"A",.,"A",.,"A",.,"A",.,"A",.,"A",.,"A",.,"A",.,"A",.,"A",.,"A",.,"A",100,"D",.,"A",.,"A"
"20102",2217563,79,0,"1",.,"A",.,"A",.,"A",.,"A",.,"A",.,"A",.,"A",.,"A",.,"A",.,"A",.,"A",.,"A",120,"D",.,"A",.,"A"
"20102",2217573,37,0,"1",.,"A",.,"A",.,"A",.,"A",.,"A",.,"A",.,"A",.,"A",.,"A",.,"A",.,"A",.,"A",300,"D",.,"A",.,"A"
"20102",2217613,37,0,"1",.,"A",.,"A",.,"A",.,"A",60,"D",.,"A",.,"A",.,"A",.,"A",.,"A",.,"A",.,"A",.,"A",.,"A",.,"A"
"20102",2217623,50,0,"1",.,"A",.,"A",.,"A",.,"A",.,"A",8,"D",.,"A",.,"A",.,"A",.,"A",.,"A",.,"A",20,"D",.,"A",.,"A"
"20102",2217683,44,0,"1",4,"D",.,"A",.,"A",.,"A",0,"D",.,"A",.,"A",.,"A",3,"D",.,"A",.,"A",.,"A",36,"D",.,"A",.,"A"
"20102",2217693,63,0,"1",.,"A",.,"A",.,"A",.,"A",140,"D",.,"A",.,"A",.,"A",.,"A",.,"A",.,"A",.,"A",150,"D",.,"A",.,"A"
"20102",2217703,63,0,"1",.,"A",.,"A",.,"A",.,"A",.,"A",.,"A",130,"D",.,"A",.,"A",.,"A",.,"A",.,"A",20,"D",.,"A",.,"A"
"20102",2217723,40,0,"1",.,"A",.,"A",.,"A",.,"A",.,"A",.,"A",.,"A",.,"A",.,"A",.,"A",.,"A",.,"A",55,"D",.,"A",.,"A"
"20102",2217733,65,0,"1",.,"A",.,"A",.,"A",.,"A",.,"A",.,"A",780,"D",.,"A",.,"A",.,"A",.,"A",.,"A",54,"D",.,"A",.,"A"
"20102",2217753,39,0,"1",.,"A",.,"A",.,"A",.,"A",.,"A",.,"A",208,"D",.,"A",.,"A",.,"A",.,"A",.,"A",13,"D",.,"A",.,"A"
"20102",2217773,52,0,"1",.,"A",.,"A",.,"A",.,"A",.,"A",.,"A",.,"A",.,"A",.,"A",.,"A",.,"A",.,"A",45,"D",.,"A",.,"A"
"20102",2217783,31,0,"1",.,"A",.,"A",.,"A",.,"A",80,"D",60,"D",.,"A",.,"A",.,"A",.,"A",.,"A",.,"A",120,"D",.,"A",.,"A"
"20102",2217793,63,0,"1",.,"A",.,"A",.,"A",.,"A",.,"A",.,"A",195,"D",.,"A",.,"A",.,"A",.,"A",.,"A",320,"D",.,"A",.,"A"
"20102",2217803,82,0,"1",.,"A",.,"A",.,"A",.,"A",.,"A",40,"D",.,"A",.,"A",.,"A",.,"A",.,"A",.,"A",.,"A",.,"A",.,"A"
"20102",2217823,50,0,"1",.,"A",.,"A",.,"A",.,"A",.,"A",.,"A",.,"A",.,"A",.,"A",.,"A",.,"A",.,"A",120,"D",.,"A",.,"A"
"20102",2217833,25,0,"1",.,"A",.,"A",.,"A",.,"A",.,"A",.,"A",.,"A",.,"A",.,"A",0,"D",0,"D",36,"D",40,"D",0,"D",.,"A"
"20102",2217853,76,0,"1",.,"A",.,"A",.,"A",.,"A",.,"A",.,"A",.,"A",.,"A",.,"A",.,"A",.,"A",.,"A",40,"D",.,"A",.,"A"
"20102",2217873,55,0,"1",.,"A",.,"A",.,"A",.,"A",.,"A",60,"D",.,"A",.,"A",.,"A",.,"A",.,"A",.,"A",350,"D",.,"A",.,"A"
"20102",2217913,39,0,"1",.,"A",.,"A",.,"A",.,"A",.,"A",.,"A",39,"D",26,"D",.,"A",.,"A",.,"A",.,"A",15,"D",.,"A",.,"A"
"20102",2217923,42,0,"1",.,"A",.,"A",.,"A",.,"A",.,"A",.,"A",.,"A",.,"A",24,"D",.,"A",.,"A",.,"A",70,"D",.,"A",.,"A"
"20102",2217953,39,0,"1",.,"A",.,"A",.,"A",.,"A",.,"A",25,"D",.,"A",.,"A",.,"A",0,"D",0,"D",30,"D",78,"D",0,"D",.,"A"
"20102",2217963,59,0,"1",.,"A",.,"A",.,"A",.,"A",.,"A",.,"A",.,"A",.,"A",.,"A",.,"A",.,"A",.,"A",62,"D",.,"A",.,"A"
"20102",2217973,39,0,"1",.,"A",.,"A",.,"A",.,"A",.,"A",.,"A",.,"A",.,"A",.,"A",.,"A",.,"A",.,"A",.,"A",.,"A",.,"A"
"20102",2217983,85,0,"1",.,"A",.,"A",.,"A",.,"A",.,"A",.,"A",.,"A",.,"A",.,"A",.,"A",.,"A",.,"A",170,"D",.,"A",.,"A"
"20102",2217993,49,0,"1",.,"A",.,"A",.,"A",.,"A",65,"D",.,"A",.,"A",.,"A",15,"D",.,"A",.,"A",.,"A",300,"D",.,"A",.,"A"
"20102",2218003,41,0,"1",.,"A",.,"A",.,"A",.,"A",.,"A",.,"A",.,"A",52,"D",.,"A",.,"A",.,"A",.,"A",60,"D",.,"A",.,"A"
"20102",2218023,56,0,"1",.,"A",.,"A",.,"A",.,"A",.,"A",.,"A",65,"F",.,"A",.,"A",.,"A",.,"A",.,"A",180,"D",.,"A",.,"A"
"20102",2218053,53,0,"1",.,"A",.,"A",.,"A",.,"A",.,"A",.,"A",.,"A",.,"A",.,"A",.,"A",.,"A",.,"A",.,"A",.,"A",.,"A"
"20102",2218073,44,0,"1",.,"A",.,"A",.,"A",.,"A",.,"A",.,"A",.,"A",.,"A",.,"A",.,"A",.,"A",.,"A",.,"A",.,"A",.,"A"
"20102",2218083,29,0,"1",.,"A",.,"A",.,"A",.,"A",.,"A",.,"A",.,"A",.,"A",.,"A",.,"A",.,"A",.,"A",40,"D",.,"A",.,"A"
"20102",2218103,37,0,"1",.,"A",.,"A",.,"A",.,"A",12,"D",.,"A",.,"A",.,"A",.,"A",.,"A",.,"A",.,"A",.,"A",.,"A",.,"A"
"20102",2218113,49,0,"1",.,"A",.,"A",.,"A",.,"A",156,"D",.,"A",.,"A",.,"A",18,"D",.,"A",.,"A",.,"A",.,"A",.,"A",.,"A"
"20102",2218123,55,0,"1",.,"A",.,"A",.,"A",.,"A",.,"A",.,"A",260,"D",.,"A",.,"A",.,"A",.,"A",.,"A",200,"D",.,"A",.,"A"
"20102",2218133,48,0,"1",.,"A",.,"A",.,"A",.,"A",.,"A",.,"A",.,"A",.,"A",.,"A",.,"A",.,"A",.,"A",60,"D",.,"A",.,"A"
"20102",2218145,28,0,"1",.,"A",.,"A",.,"A",.,"A",.,"A",.,"A",.,"A",.,"A",.,"A",.,"A",.,"A",.,"A",75,"D",.,"A",.,"A"
"20102",2218153,30,0,"1",.,"A",.,"A",.,"A",.,"A",.,"A",.,"A",.,"A",.,"A",.,"A",.,"A",.,"A",.,"A",.,"A",.,"A",.,"A"
"20102",2218163,53,0,"1",.,"A",.,"A",.,"A",.,"A",.,"A",80,"D",.,"A",.,"A",75,"D",.,"A",.,"A",.,"A",55,"D",.,"A",.,"A"
"20102",2218173,37,0,"1",.,"A",.,"A",.,"A",.,"A",.,"A",.,"A",.,"A",.,"A",.,"A",.,"A",.,"A",.,"A",125,"D",.,"A",.,"A"
"20102",2218183,36,0,"1",.,"A",.,"A",.,"A",.,"A",.,"A",.,"A",.,"A",.,"A",.,"A",.,"A",.,"A",.,"A",50,"D",.,"A",.,"A"
"20102",2218193,36,0,"1",.,"A",.,"A",.,"A",.,"A",.,"A",.,"A",.,"A",.,"A",.,"A",.,"A",.,"A",.,"A",.,"A",.,"A",.,"A"
"20102",2218203,75,0,"1",.,"A",.,"A",.,"A",.,"A",.,"A",.,"A",.,"A",.,"A",.,"A",.,"A",.,"A",.,"A",80,"D",.,"A",.,"A"
"20102",2218213,73,0,"1",.,"A",.,"A",.,"A",100,"D",.,"A",400,"D",.,"A",.,"A",.,"A",0,"D",0,"D",60,"D",590,"D",0,"D",.,"A"
"20102",2218223,52,0,"1",.,"A",.,"A",.,"A",.,"A",.,"A",.,"A",.,"A",.,"A",.,"A",.,"A",.,"A",.,"A",.,"A",.,"A",.,"A"
"20102",2218233,41,0,"1",.,"A",.,"A",.,"A",.,"A",.,"A",.,"A",.,"A",.,"A",.,"A",.,"A",.,"A",.,"A",12,"D",.,"A",.,"A"
"20102",2218243,29,0,"1",.,"A",.,"A",.,"A",.,"A",.,"A",.,"A",.,"A",.,"A",.,"A",.,"A",.,"A",.,"A",.,"A",.,"A",.,"A"
"20102",2218293,23,0,"1",.,"A",.,"A",.,"A",.,"A",45,"D",.,"A",390,"D",.,"A",.,"A",.,"A",.,"A",.,"A",.,"A",.,"A",.,"A"
"20102",2218303,30,0,"1",.,"A",.,"A",.,"A",.,"A",.,"A",.,"A",.,"A",.,"A",.,"A",.,"A",.,"A",.,"A",.,"A",.,"A",.,"A"
"20102",2218313,24,0,"1",.,"A",.,"A",.,"A",.,"A",10,"D",.,"A",.,"A",.,"A",.,"A",.,"A",.,"A",.,"A",.,"A",.,"A",.,"A"
"20102",2218343,75,0,"1",.,"A",.,"A",.,"A",.,"A",.,"A",.,"A",.,"A",.,"A",.,"A",.,"A",.,"A",.,"A",360,"D",.,"A",.,"A"
"20102",2218353,34,0,"1",.,"A",.,"A",.,"A",.,"A",.,"A",.,"A",.,"A",.,"A",.,"A",.,"A",.,"A",.,"A",.,"A",.,"A",.,"A"
"20102",2218363,36,0,"1",.,"A",.,"A",.,"A",.,"A",.,"A",.,"A",.,"A",.,"A",.,"A",.,"A",.,"A",.,"A",.,"A",.,"A",.,"A"
"20102",2218373,35,0,"1",.,"A",.,"A",.,"A",.,"A",.,"A",.,"A",130,"D",.,"A",.,"A",.,"A",.,"A",.,"A",25,"D",.,"A",.,"A"
"20102",2218383,50,0,"1",.,"A",.,"A",.,"A",.,"A",.,"A",.,"A",.,"A",.,"A",.,"A",.,"A",.,"A",.,"A",.,"A",.,"A",.,"A"
"20102",2218393,54,0,"1",.,"A",.,"A",.,"A",.,"A",.,"A",.,"A",.,"A",.,"A",.,"A",.,"A",.,"A",.,"A",60,"D",.,"A",.,"A"
"20102",2218413,84,0,"1",.,"A",.,"A",.,"A",.,"A",.,"A",.,"A",.,"A",.,"A",.,"A",.,"A",.,"A",.,"A",364,"D",.,"A",.,"A"
"20102",2218453,63,0,"1",.,"A",.,"A",.,"A",.,"A",.,"A",.,"A",.,"A",.,"A",.,"A",.,"A",.,"A",.,"A",150,"D",.,"A",.,"A"
"20102",2218463,48,0,"1",.,"A",.,"A",.,"A",.,"A",.,"A",.,"A",1638,"D",.,"A",.,"A",330,"D",0,"D",0,"D",.,"A",110,"D",75,"D"
"20102",2218493,43,0,"1",.,"A",.,"A",.,"A",.,"A",15,"D",.,"A",.,"A",.,"A",.,"A",.,"A",.,"A",.,"A",20,"D",.,"A",.,"A"
"20102",2218523,75,0,"1",.,"A",.,"A",.,"A",.,"A",.,"A",40,"D",.,"A",.,"A",.,"A",.,"A",.,"A",.,"A",50,"D",.,"A",.,"A"
"20102",2218533,35,0,"1",.,"A",.,"A",.,"A",.,"A",.,"A",.,"A",650,"D",.,"A",.,"A",.,"A",.,"A",.,"A",.,"A",.,"A",.,"A"
"20102",2218545,46,0,"1",.,"A",.,"A",.,"A",.,"A",.,"A",15,"D",.,"A",.,"A",.,"A",300,"D",0,"D",0,"D",50,"D",100,"D",.,"A"
"20102",2218563,50,0,"1",.,"A",.,"A",.,"A",.,"A",.,"A",.,"A",.,"A",.,"A",.,"A",.,"A",.,"A",.,"A",300,"D",.,"A",.,"A"
"20102",2218573,81,0,"1",.,"A",.,"A",.,"A",.,"A",.,"A",.,"A",.,"A",.,"A",.,"A",.,"A",.,"A",.,"A",100,"D",.,"A",.,"A"
"20102",2218583,48,0,"1",.,"A",.,"A",.,"A",.,"A",.,"A",.,"A",455,"D",.,"A",.,"A",.,"A",.,"A",.,"A",10,"D",.,"A",.,"A"
"20102",2218593,44,0,"1",.,"A",.,"A",.,"A",.,"A",.,"A",.,"A",.,"A",.,"A",.,"A",.,"A",.,"A",.,"A",134,"D",.,"A",.,"A"
"20102",2218603,50,0,"1",.,"A",.,"A",.,"A",.,"A",.,"A",.,"A",.,"A",.,"A",.,"A",.,"A",.,"A",.,"A",.,"A",.,"A",.,"A"
"20102",2218624,31,0,"1",.,"A",.,"A",.,"A",.,"A",.,"A",.,"A",.,"A",.,"A",.,"A",.,"A",.,"A",.,"A",.,"A",.,"A",.,"A"
"20102",2218633,60,0,"1",.,"A",.,"A",.,"A",.,"A",.,"A",75,"D",.,"A",.,"A",6,"D",120,"D",0,"D",0,"D",.,"A",40,"D",.,"A"
"20102",2218673,80,0,"1",.,"A",.,"A",.,"A",.,"A",.,"A",.,"A",.,"A",.,"A",15,"D",.,"A",.,"A",.,"A",215,"D",.,"A",.,"A"
"20102",2218683,62,0,"1",.,"A",.,"A",.,"A",.,"A",.,"A",.,"A",325,"D",.,"A",.,"A",.,"A",.,"A",.,"A",15,"D",.,"A",.,"A"
"20102",2218695,66,0,"1",.,"A",.,"A",.,"A",.,"A",.,"A",.,"A",.,"A",.,"A",.,"A",.,"A",.,"A",.,"A",15,"D",.,"A",.,"A"
"20102",2218703,31,0,"1",.,"A",.,"A",.,"A",.,"A",.,"A",.,"A",.,"A",.,"A",.,"A",.,"A",.,"A",.,"A",.,"A",.,"A",.,"A"
"20102",2218733,43,0,"1",.,"A",.,"A",.,"A",.,"A",.,"A",.,"A",.,"A",.,"A",.,"A",.,"A",.,"A",.,"A",20,"D",.,"A",.,"A"
"20102",2218743,55,0,"1",.,"A",.,"A",.,"A",.,"A",.,"A",.,"A",.,"A",.,"A",.,"A",.,"A",.,"A",.,"A",.,"A",.,"A",.,"A"
"20102",2218753,56,0,"1",.,"A",.,"A",.,"A",.,"A",.,"A",.,"A",455,"D",.,"A",.,"A",.,"A",.,"A",.,"A",160,"D",.,"A",.,"A"
"20102",2218763,64,0,"1",2,"D",.,"A",.,"A",.,"A",0,"D",.,"A",.,"A",.,"A",.,"A",.,"A",.,"A",.,"A",55,"D",.,"A",.,"A"
"20102",2218773,33,0,"1",.,"A",.,"A",.,"A",.,"A",.,"A",.,"A",.,"A",.,"A",.,"A",.,"A",.,"A",.,"A",.,"A",.,"A",.,"A"
"20102",2218793,46,0,"1",.,"A",.,"A",.,"A",.,"A",.,"A",.,"A",.,"A",.,"A",.,"A",.,"A",.,"A",.,"A",0,"D",.,"A",.,"A"
"20102",2218803,70,0,"1",.,"A",.,"A",.,"A",.,"A",.,"A",.,"A",.,"A",.,"A",.,"A",.,"A",.,"A",.,"A",.,"A",.,"A",.,"A"
"20102",2218813,42,0,"1",.,"A",.,"A",.,"A",.,"A",120,"D",.,"A",65,"D",.,"A",.,"A",.,"A",.,"A",.,"A",80,"D",.,"A",.,"A"
"20102",2218833,30,0,"1",.,"A",.,"A",.,"A",.,"A",.,"A",.,"A",.,"A",.,"A",.,"A",.,"A",.,"A",.,"A",.,"A",.,"A",.,"A"
"20102",2218863,50,0,"1",.,"A",.,"A",.,"A",.,"A",.,"A",120,"D",260,"D",.,"A",.,"A",.,"A",.,"A",.,"A",145,"D",.,"A",.,"A"
"20102",2218893,55,0,"1",.,"A",.,"A",.,"A",.,"A",.,"A",.,"A",416,"D",.,"A",.,"A",.,"A",.,"A",.,"A",.,"A",.,"A",.,"A"
"20102",2218913,28,0,"1",.,"A",.,"A",.,"A",.,"A",.,"A",.,"A",.,"A",.,"A",.,"A",.,"A",.,"A",.,"A",.,"A",.,"A",.,"A"
"20102",2218933,28,0,"1",.,"A",.,"A",.,"A",.,"A",.,"A",.,"A",.,"A",.,"A",.,"A",.,"A",.,"A",.,"A",20,"D",.,"A",.,"A"
"20102",2218943,44,0,"1",.,"A",.,"A",.,"A",.,"A",.,"A",.,"A",.,"A",.,"A",.,"A",.,"A",.,"A",.,"A",.,"A",.,"A",.,"A"
"20102",2218963,33,0,"1",10,"D",.,"A",.,"A",.,"A",30,"D",.,"A",.,"A",.,"A",.,"A",.,"A",.,"A",.,"A",40,"D",.,"A",.,"A"
"20102",2218993,46,0,"1",.,"A",.,"A",.,"A",84,"D",4,"D",.,"A",286,"D",.,"A",.,"A",.,"A",.,"A",.,"A",40,"D",.,"A",.,"A"
"20102",2219003,50,0,"1",.,"A",.,"A",.,"A",.,"A",.,"A",.,"A",.,"A",.,"A",.,"A",.,"A",.,"A",.,"A",200,"D",.,"A",.,"A"
"20102",2219013,41,0,"1",.,"A",.,"A",.,"A",.,"A",.,"A",.,"A",.,"A",.,"A",.,"A",.,"A",.,"A",.,"A",260,"D",.,"A",.,"A"
"20102",2219023,62,0,"1",.,"A",.,"A",.,"A",.,"A",.,"A",.,"A",.,"A",.,"A",30,"D",.,"A",.,"A",.,"A",35,"D",.,"A",.,"A"
"20102",2219053,38,0,"1",.,"A",.,"A",.,"A",.,"A",.,"A",.,"A",.,"A",.,"A",.,"A",.,"A",.,"A",.,"A",30,"D",.,"A",.,"A"
"20102",2219063,39,0,"1",.,"A",.,"A",.,"A",.,"A",.,"A",.,"A",.,"A",.,"A",600,"D",.,"A",.,"A",.,"A",40,"D",.,"A",.,"A"
"20102",2219083,48,0,"1",.,"A",.,"A",.,"A",.,"A",.,"A",.,"A",.,"A",.,"A",.,"A",.,"A",.,"A",.,"A",.,"A",.,"A",.,"A"
"20102",2219093,46,0,"1",.,"A",.,"A",.,"A",.,"A",.,"A",.,"A",.,"A",.,"A",.,"A",.,"A",.,"A",.,"A",.,"A",.,"A",.,"A"
"20102",2219103,47,0,"1",.,"A",.,"A",.,"A",.,"A",60,"D",.,"A",520,"D",.,"A",15,"D",.,"A",.,"A",.,"A",10,"D",.,"A",.,"A"
"20102",2219123,44,0,"1",.,"A",.,"A",.,"A",.,"A",.,"A",.,"A",1001,"D",.,"A",.,"A",.,"A",.,"A",.,"A",.,"A",.,"A",.,"A"
"20102",2219145,30,0,"1",.,"A",.,"A",.,"A",.,"A",.,"A",.,"A",117,"D",.,"A",.,"A",.,"A",.,"A",.,"A",.,"A",.,"A",.,"A"
"20102",2219153,40,0,"1",.,"A",.,"A",.,"A",.,"A",.,"A",.,"A",.,"A",.,"A",.,"A",.,"A",.,"A",.,"A",15,"D",.,"A",.,"A"
"20102",2219163,39,0,"1",.,"A",.,"A",.,"A",.,"A",.,"A",.,"A",.,"A",.,"A",.,"A",.,"A",.,"A",.,"A",30,"D",.,"A",.,"A"
"20102",2219173,55,0,"1",.,"A",.,"A",.,"A",.,"A",.,"A",.,"A",.,"A",130,"D",.,"A",.,"A",.,"A",.,"A",.,"A",.,"A",.,"A"
"20102",2219183,53,0,"1",.,"A",.,"A",.,"A",.,"A",.,"A",.,"A",325,"D",.,"A",.,"A",.,"A",.,"A",.,"A",100,"D",.,"A",.,"A"
"20102",2219193,37,0,"1",.,"A",.,"A",.,"A",.,"A",.,"A",.,"A",.,"A",.,"A",.,"A",.,"A",.,"A",.,"A",.,"A",.,"A",.,"A"
"20102",2219223,48,0,"1",.,"A",.,"A",.,"A",.,"A",.,"A",20,"D",.,"A",.,"A",.,"A",.,"A",.,"A",.,"A",35,"D",.,"A",.,"A"
"20102",2219233,32,0,"1",.,"A",.,"A",.,"A",.,"A",.,"A",.,"A",.,"A",.,"A",.,"A",.,"A",.,"A",.,"A",.,"A",.,"A",.,"A"
"20102",2219253,73,0,"1",.,"A",.,"A",.,"A",.,"A",.,"A",60,"D",.,"A",.,"A",.,"A",.,"A",.,"A",.,"A",.,"A",.,"A",.,"A"
"20102",2219263,43,0,"1",.,"A",.,"A",.,"A",.,"A",.,"A",.,"A",520,"D",.,"A",.,"A",.,"A",.,"A",.,"A",40,"D",.,"A",.,"A"
"20102",2219273,67,0,"1",.,"A",.,"A",.,"A",.,"A",.,"A",20,"D",.,"A",.,"A",.,"A",.,"A",.,"A",.,"A",210,"D",.,"A",.,"A"
"20102",2219283,25,0,"1",.,"A",.,"A",.,"A",.,"A",48,"D",.,"A",.,"A",.,"A",.,"A",.,"A",.,"A",.,"A",.,"A",.,"A",.,"A"
"20102",2219293,55,0,"1",.,"A",.,"A",.,"A",.,"A",.,"A",.,"A",.,"A",.,"A",.,"A",.,"A",.,"A",.,"A",.,"A",.,"A",.,"A"
"20102",2219313,52,0,"1",.,"A",.,"A",.,"A",.,"A",.,"A",.,"A",.,"A",.,"A",.,"A",.,"A",.,"A",.,"A",60,"D",.,"A",.,"A"
"20102",2219323,91,0,"1",.,"A",.,"A",.,"A",.,"A",.,"A",.,"A",.,"A",.,"A",.,"A",.,"A",.,"A",.,"A",428,"D",.,"A",.,"A"
"20102",2219343,47,0,"1",.,"A",.,"A",.,"A",.,"A",.,"A",120,"D",.,"A",.,"A",.,"A",.,"A",.,"A",.,"A",240,"D",.,"A",.,"A"
"20102",2219363,44,0,"1",.,"A",.,"A",.,"A",.,"A",.,"A",.,"A",.,"A",.,"A",.,"A",.,"A",.,"A",.,"A",75,"D",.,"A",.,"A"
"20102",2219383,82,0,"1",.,"A",.,"A",.,"A",.,"A",.,"A",60,"D",.,"A",.,"A",.,"A",.,"A",.,"A",.,"A",200,"D",.,"A",.,"A"
"20102",2219393,34,0,"1",.,"A",.,"A",.,"A",.,"A",.,"A",.,"A",.,"A",.,"A",.,"A",.,"A",.,"A",.,"A",.,"A",.,"A",.,"A"
"20102",2219403,31,0,"1",.,"A",.,"A",.,"A",.,"A",.,"A",.,"A",.,"A",.,"A",.,"A",.,"A",.,"A",.,"A",.,"A",.,"A",.,"A"
"20102",2219413,22,0,"1",.,"A",.,"A",.,"A",.,"A",.,"A",.,"A",.,"A",.,"A",.,"A",.,"A",.,"A",.,"A",.,"A",.,"A",.,"A"
"20102",2219423,48,0,"1",.,"A",.,"A",.,"A",.,"A",63,"D",.,"A",.,"A",.,"A",.,"A",.,"A",.,"A",.,"A",45,"D",.,"A",.,"A"
"20102",2219443,68,0,"1",.,"A",80,"D",.,"A",.,"A",.,"A",0,"D",.,"A",117,"D",.,"A",.,"A",.,"A",.,"A",60,"D",.,"A",.,"A"
"20102",2219453,21,0,"1",.,"A",.,"A",.,"A",.,"A",.,"A",.,"A",.,"A",.,"A",.,"A",.,"A",.,"A",.,"A",.,"A",.,"A",.,"A"
"20102",2219473,55,0,"1",.,"A",.,"A",.,"A",.,"A",.,"A",.,"A",780,"D",.,"A",.,"A",.,"A",.,"A",.,"A",.,"A",.,"A",.,"A"
"20102",2219483,50,0,"1",.,"A",.,"A",.,"A",.,"A",.,"A",.,"A",299,"D",.,"A",.,"A",.,"A",.,"A",.,"A",.,"A",.,"A",.,"A"
"20102",2219493,48,0,"1",.,"A",.,"A",.,"A",.,"A",.,"A",39,"D",.,"A",.,"A",9,"D",.,"A",.,"A",.,"A",32,"D",.,"A",.,"A"
"20102",2219503,21,0,"1",.,"A",.,"A",.,"A",.,"A",40,"D",.,"A",.,"A",.,"A",.,"A",.,"A",.,"A",.,"A",.,"A",.,"A",.,"A"
"20102",2219513,39,0,"1",.,"A",.,"A",.,"A",.,"A",60,"D",.,"A",.,"A",.,"A",.,"A",.,"A",.,"A",.,"A",30,"D",.,"A",.,"A"
"20102",2219523,26,0,"1",.,"A",.,"A",.,"A",.,"A",.,"A",.,"A",.,"A",.,"A",.,"A",.,"A",.,"A",.,"A",.,"A",.,"A",.,"A"
"20102",2219533,51,0,"1",.,"A",.,"A",.,"A",.,"A",.,"A",.,"A",169,"D",.,"A",.,"A",.,"A",.,"A",.,"A",65,"D",.,"A",.,"A"
"20102",2219543,45,0,"1",.,"A",.,"A",.,"A",.,"A",.,"A",.,"A",455,"D",.,"A",.,"A",.,"A",.,"A",.,"A",85,"D",.,"A",.,"A"
"20102",2219563,39,0,"1",.,"A",.,"A",.,"A",.,"A",.,"A",.,"A",.,"A",130,"D",.,"A",.,"A",.,"A",.,"A",55,"D",.,"A",.,"A"
"20102",2219573,39,0,"1",.,"A",.,"A",.,"A",.,"A",.,"A",.,"A",.,"A",.,"A",.,"A",.,"A",.,"A",.,"A",35,"D",.,"A",.,"A"
"20102",2219583,52,0,"1",.,"A",.,"A",.,"A",.,"A",.,"A",.,"A",.,"A",.,"A",.,"A",.,"A",.,"A",.,"A",30,"D",.,"A",.,"A"
"20102",2219593,39,0,"1",.,"A",.,"A",.,"A",.,"A",30,"D",.,"A",.,"A",.,"A",.,"A",.,"A",.,"A",.,"A",.,"A",.,"A",.,"A"
"20102",2219603,38,0,"1",.,"A",.,"A",.,"A",.,"A",.,"A",.,"A",195,"D",.,"A",.,"A",.,"A",.,"A",.,"A",.,"A",.,"A",.,"A"
"20102",2219643,66,0,"1",.,"A",.,"A",.,"A",.,"A",.,"A",30,"D",.,"A",.,"A",.,"A",.,"A",.,"A",.,"A",.,"A",.,"A",.,"A"
"20102",2219663,52,0,"1",.,"A",.,"A",.,"A",.,"A",.,"A",.,"A",455,"D",.,"A",.,"A",.,"A",.,"A",.,"A",100,"D",.,"A",.,"A"
"20102",2219673,59,0,"1",.,"A",.,"A",.,"A",.,"A",.,"A",.,"A",.,"A",.,"A",.,"A",.,"A",.,"A",.,"A",30,"D",.,"A",.,"A"
"20102",2219683,28,0,"1",.,"A",.,"A",.,"A",40,"D",.,"A",.,"A",.,"A",.,"A",.,"A",9,"D",0,"D",0,"D",.,"A",3,"D",.,"A"
"20102",2219693,68,0,"1",.,"A",.,"A",.,"A",.,"A",.,"A",.,"A",.,"A",.,"A",.,"A",.,"A",.,"A",.,"A",.,"A",.,"A",.,"A"
"20102",2219703,40,0,"1",.,"A",.,"A",.,"A",.,"A",.,"A",.,"A",.,"A",.,"A",.,"A",.,"A",.,"A",.,"A",.,"A",.,"A",.,"A"
"20102",2219713,44,0,"1",.,"A",.,"A",.,"A",.,"A",.,"A",.,"A",.,"A",.,"A",.,"A",.,"A",.,"A",.,"A",17,"D",.,"A",.,"A"
"20102",2219734,24,0,"1",3,"D",.,"A",.,"A",.,"A",9,"D",.,"A",.,"A",.,"A",.,"A",.,"A",.,"A",.,"A",.,"A",.,"A",.,"A"
"20102",2219753,90,0,"1",.,"A",.,"A",.,"A",.,"A",.,"A",.,"A",.,"A",.,"A",.,"A",.,"A",.,"A",.,"A",75,"D",.,"A",.,"A"
"20102",2219763,43,0,"1",.,"A",.,"A",.,"A",.,"A",.,"A",.,"A",.,"A",.,"A",.,"A",.,"A",.,"A",.,"A",60,"D",.,"A",.,"A"
"20102",2219773,45,0,"1",.,"A",.,"A",.,"A",.,"A",.,"A",.,"A",.,"A",.,"A",.,"A",.,"A",.,"A",.,"A",30,"D",.,"A",.,"A"
"20102",2219783,55,0,"1",.,"A",.,"A",.,"A",.,"A",.,"A",.,"A",.,"A",.,"A",.,"A",.,"A",.,"A",.,"A",5,"D",.,"A",.,"A"
"20102",2219803,61,0,"1",.,"A",.,"A",.,"A",.,"A",.,"A",35,"D",.,"A",.,"A",.,"A",.,"A",.,"A",.,"A",200,"D",.,"A",.,"A"
"20102",2219813,56,0,"1",.,"A",.,"A",.,"A",.,"A",.,"A",.,"A",.,"A",.,"A",.,"A",.,"A",.,"A",.,"A",45,"D",.,"A",.,"A"
"20102",2219843,65,0,"1",.,"A",.,"A",.,"A",.,"A",.,"A",.,"A",.,"A",.,"A",.,"A",.,"A",.,"A",.,"A",246,"D",.,"A",.,"A"
"20102",2219853,48,0,"1",.,"A",.,"A",.,"A",.,"A",.,"A",.,"A",78,"D",.,"A",.,"A",.,"A",.,"A",.,"A",200,"D",.,"A",.,"A"
"20102",2219863,65,0,"1",.,"A",.,"A",.,"A",.,"A",.,"A",30,"D",.,"A",.,"A",.,"A",.,"A",.,"A",.,"A",160,"D",.,"A",.,"A"
"20102",2219903,41,0,"1",.,"A",.,"A",.,"A",.,"A",.,"A",.,"A",.,"A",.,"A",.,"A",.,"A",.,"A",.,"A",.,"A",.,"A",.,"A"
"20102",2219933,55,0,"1",.,"A",.,"A",.,"A",.,"A",.,"A",.,"A",.,"A",.,"A",.,"A",.,"A",.,"A",.,"A",5,"D",.,"A",.,"A"
"20102",2219943,41,0,"1",.,"A",.,"A",.,"A",.,"A",.,"A",.,"A",780,"D",130,"D",21,"D",.,"A",.,"A",.,"A",.,"A",.,"A",.,"A"
"20102",2219983,67,0,"1",.,"A",.,"A",.,"A",.,"A",.,"A",.,"A",.,"A",.,"A",.,"A",.,"A",.,"A",.,"A",35,"D",.,"A",.,"A"
"20102",2220003,46,0,"1",.,"A",.,"A",.,"A",.,"A",.,"A",.,"A",.,"A",.,"A",.,"A",.,"A",.,"A",.,"A",30,"D",.,"A",.,"A"
"20102",2220013,28,0,"1",.,"A",.,"A",.,"A",.,"A",.,"A",.,"A",1950,"D",.,"A",.,"A",.,"A",.,"A",.,"A",.,"A",.,"A",.,"A"
"20102",2220023,62,0,"1",.,"A",.,"A",.,"A",.,"A",.,"A",.,"A",.,"A",.,"A",.,"A",.,"A",.,"A",.,"A",40,"D",.,"A",.,"A"
"20102",2220033,79,0,"1",.,"A",.,"A",.,"A",.,"A",.,"A",.,"A",.,"A",.,"A",.,"A",.,"A",.,"A",.,"A",.,"A",.,"A",.,"A"
"20102",2220053,61,0,"1",.,"A",.,"A",.,"A",.,"A",.,"A",.,"A",.,"A",.,"A",.,"A",.,"A",.,"A",.,"A",100,"D",.,"A",.,"A"
"20102",2220063,53,0,"1",.,"A",.,"A",.,"A",.,"A",.,"A",46,"D",.,"A",.,"A",.,"A",.,"A",.,"A",.,"A",102,"D",.,"A",.,"A"
"20102",2220073,28,0,"1",.,"A",.,"A",.,"A",.,"A",50,"D",.,"A",.,"A",.,"A",.,"A",.,"A",.,"A",.,"A",.,"A",.,"A",.,"A"
"20102",2220083,51,0,"1",.,"A",.,"A",.,"A",.,"A",.,"A",.,"A",546,"D",.,"A",.,"A",.,"A",.,"A",.,"A",90,"D",.,"A",.,"A"
"20102",2220093,43,0,"1",.,"A",.,"A",.,"A",.,"A",.,"A",.,"A",.,"A",.,"A",.,"A",.,"A",.,"A",.,"A",80,"D",.,"A",.,"A"
"20102",2220113,46,0,"1",.,"A",.,"A",.,"A",.,"A",.,"A",.,"A",.,"A",.,"A",.,"A",.,"A",.,"A",.,"A",100,"D",.,"A",.,"A"
"20102",2220133,29,0,"1",.,"A",.,"A",.,"A",300,"D",200,"D",.,"A",.,"A",.,"A",.,"A",.,"A",.,"A",.,"A",100,"D",.,"A",.,"A"
"20102",2220163,70,0,"1",.,"A",.,"A",.,"A",.,"A",.,"A",.,"A",.,"A",.,"A",.,"A",.,"A",.,"A",.,"A",72,"D",.,"A",.,"A"
"20102",2220173,98,0,"1",.,"A",16,"D",.,"A",.,"A",.,"A",34,"D",.,"A",.,"A",21,"D",0,"D",0,"D",24,"D",250,"D",0,"D",.,"A"
"20102",2220203,35,0,"1",.,"A",.,"A",.,"A",.,"A",.,"A",.,"A",.,"A",.,"A",.,"A",.,"A",.,"A",.,"A",.,"A",.,"A",.,"A"
"20102",2220213,95,0,"1",.,"A",.,"A",.,"A",.,"A",.,"A",.,"A",.,"A",.,"A",.,"A",.,"A",.,"A",.,"A",150,"D",.,"A",.,"A"
"20102",2220223,72,0,"1",.,"A",.,"A",.,"A",.,"A",.,"A",.,"A",.,"A",.,"A",.,"A",.,"A",.,"A",.,"A",45,"D",.,"A",.,"A"
"20102",2220233,42,0,"1",.,"A",.,"A",.,"A",.,"A",.,"A",.,"A",.,"A",.,"A",.,"A",.,"A",.,"A",.,"A",30,"D",.,"A",.,"A"
"20102",2220243,59,0,"1",.,"A",.,"A",.,"A",.,"A",.,"A",50,"D",.,"A",.,"A",.,"A",.,"A",.,"A",.,"A",40,"D",.,"A",.,"A"
"20102",2220253,32,0,"1",.,"A",.,"A",.,"A",.,"A",.,"A",.,"A",520,"D",.,"A",.,"A",.,"A",.,"A",.,"A",.,"A",.,"A",.,"A"
"20102",2220273,46,0,"1",.,"A",.,"A",.,"A",.,"A",.,"A",.,"A",156,"D",.,"A",.,"A",.,"A",.,"A",.,"A",36,"D",.,"A",.,"A"
"20102",2220283,38,0,"1",90,"D",.,"A",.,"A",.,"A",270,"D",.,"A",455,"D",.,"A",.,"A",.,"A",.,"A",.,"A",.,"A",.,"A",.,"A"
"20102",2220293,45,0,"1",.,"A",.,"A",.,"A",.,"A",.,"A",.,"A",.,"A",.,"A",.,"A",.,"A",.,"A",.,"A",51,"D",.,"A",.,"A"
"20102",2220303,51,0,"1",.,"A",.,"A",.,"A",.,"A",.,"A",.,"A",.,"A",.,"A",.,"A",.,"A",.,"A",.,"A",100,"D",.,"A",.,"A"
"20102",2220323,37,0,"1",.,"A",.,"A",.,"A",.,"A",.,"A",.,"A",.,"A",.,"A",.,"A",.,"A",.,"A",.,"A",20,"D",.,"A",.,"A"
"20102",2220333,46,0,"1",.,"A",.,"A",.,"A",.,"A",120,"D",.,"A",.,"A",.,"A",.,"A",.,"A",.,"A",.,"A",168,"D",.,"A",.,"A"
"20102",2220343,63,0,"1",.,"A",.,"A",.,"A",.,"A",.,"A",.,"A",.,"A",.,"A",.,"A",.,"A",.,"A",.,"A",70,"D",.,"A",.,"A"
"20102",2220363,61,0,"1",.,"A",.,"A",.,"A",.,"A",.,"A",.,"A",325,"D",130,"D",.,"A",.,"A",.,"A",.,"A",.,"A",.,"A",.,"A"
"20102",2220383,78,0,"1",.,"A",.,"A",.,"A",.,"A",.,"A",.,"A",.,"A",.,"A",.,"A",.,"A",.,"A",.,"A",150,"D",.,"A",.,"A"
"20102",2220393,45,0,"1",.,"A",.,"A",.,"A",.,"A",.,"A",.,"A",.,"A",.,"A",.,"A",.,"A",.,"A",.,"A",.,"A",.,"A",.,"A"
"20102",2220413,32,0,"1",35,"D",.,"A",.,"A",.,"A",35,"D",.,"A",1625,"D",.,"A",150,"D",.,"A",.,"A",.,"A",300,"D",.,"A",.,"A"
"20102",2220423,35,0,"1",.,"A",.,"A",.,"A",.,"A",.,"A",.,"A",.,"A",.,"A",.,"A",.,"A",.,"A",.,"A",.,"A",.,"A",.,"A"
"20102",2220433,48,0,"1",.,"A",.,"A",.,"A",.,"A",.,"A",10,"D",.,"A",.,"A",3,"D",.,"A",.,"A",.,"A",190,"D",.,"A",.,"A"
"20102",2220463,53,0,"1",.,"A",.,"A",.,"A",60,"D",.,"A",.,"A",221,"D",.,"A",.,"A",.,"A",.,"A",.,"A",65,"D",.,"A",.,"A"
"20102",2220473,38,0,"1",.,"A",.,"A",.,"A",.,"A",.,"A",.,"A",.,"A",.,"A",.,"A",.,"A",.,"A",.,"A",.,"A",.,"A",.,"A"
"20102",2220483,38,0,"1",.,"A",.,"A",.,"A",.,"A",.,"A",.,"A",585,"F",.,"A",.,"A",.,"A",.,"A",.,"A",.,"A",.,"A",.,"A"
"20102",2220503,51,0,"1",.,"A",.,"A",.,"A",.,"A",.,"A",.,"A",.,"A",.,"A",.,"A",.,"A",.,"A",.,"A",15,"D",.,"A",.,"A"
"20102",2220533,46,0,"1",.,"A",.,"A",.,"A",.,"A",.,"A",.,"A",.,"A",.,"A",.,"A",0,"D",0,"D",78,"D",45,"D",0,"D",.,"A"
"20102",2220543,48,0,"1",.,"A",.,"A",.,"A",15,"D",.,"A",.,"A",.,"A",.,"A",6,"D",30,"D",240,"D",30,"D",50,"D",10,"D",.,"A"
"20102",2220573,38,0,"1",.,"A",.,"A",.,"A",.,"A",.,"A",.,"A",.,"A",.,"A",.,"A",.,"A",.,"A",.,"A",.,"A",.,"A",.,"A"
"20102",2220583,30,0,"1",.,"A",.,"A",.,"A",.,"A",240,"D",.,"A",.,"A",.,"A",.,"A",.,"A",.,"A",.,"A",60,"D",.,"A",.,"A"
"20102",2220593,47,0,"1",.,"A",.,"A",.,"A",.,"A",.,"A",.,"A",.,"A",.,"A",.,"A",.,"A",.,"A",.,"A",21,"D",.,"A",.,"A"
"20102",2220604,34,0,"1",.,"A",.,"A",.,"A",.,"A",45,"D",.,"A",.,"A",.,"A",.,"A",.,"A",.,"A",.,"A",30,"D",.,"A",.,"A"
"20102",2220613,63,0,"1",.,"A",.,"A",.,"A",.,"A",.,"A",.,"A",650,"D",.,"A",.,"A",.,"A",.,"A",.,"A",.,"A",.,"A",.,"A"
"20102",2220623,75,0,"1",21,"D",.,"A",.,"A",.,"A",0,"D",.,"A",.,"A",.,"A",.,"A",.,"A",.,"A",.,"A",80,"D",.,"A",.,"A"
"20102",2220713,48,0,"1",.,"A",.,"A",.,"A",.,"A",48,"D",.,"A",.,"A",.,"A",.,"A",.,"A",.,"A",.,"A",.,"A",.,"A",.,"A"
"20102",2220723,52,0,"1",3,"D",.,"A",.,"A",.,"A",30,"D",.,"A",.,"A",.,"A",.,"A",0,"D",0,"D",45,"D",.,"A",0,"D",.,"A"
"20102",2220733,50,0,"1",.,"A",.,"A",.,"A",.,"A",.,"A",.,"A",.,"A",.,"A",.,"A",.,"A",.,"A",.,"A",.,"A",.,"A",.,"A"
"20102",2220773,48,0,"1",.,"A",.,"A",.,"A",.,"A",.,"A",.,"A",.,"A",.,"A",.,"A",.,"A",.,"A",.,"A",.,"A",.,"A",.,"A"
"20102",2220783,53,0,"1",.,"A",.,"A",.,"A",.,"A",.,"A",127,"D",.,"A",.,"A",30,"D",.,"A",.,"A",.,"A",38,"D",.,"A",.,"A"
"20102",2220803,72,0,"1",.,"A",.,"A",.,"A",.,"A",.,"A",.,"A",.,"A",.,"A",.,"A",.,"A",.,"A",.,"A",290,"D",.,"A",.,"A"
"20102",2220823,56,0,"1",.,"A",.,"A",.,"A",.,"A",.,"A",.,"A",.,"A",.,"A",.,"A",.,"A",.,"A",.,"A",75,"D",.,"A",.,"A"
"20102",2220833,49,0,"1",.,"A",.,"A",.,"A",.,"A",.,"A",120,"D",.,"A",.,"A",.,"A",.,"A",.,"A",.,"A",270,"D",.,"A",.,"A"
"20102",2220843,29,0,"1",75,"D",.,"A",.,"A",40,"D",75,"D",.,"A",.,"A",.,"A",.,"A",120,"D",0,"D",0,"D",10,"D",40,"D",.,"A"
"20102",2220853,69,0,"1",.,"A",.,"A",.,"A",.,"A",.,"A",.,"A",.,"A",.,"A",.,"A",.,"A",.,"A",.,"A",.,"A",.,"A",.,"A"
"20102",2220873,44,0,"1",.,"A",.,"A",.,"A",45,"D",80,"D",160,"D",.,"A",.,"A",.,"A",216,"D",0,"D",270,"D",90,"D",72,"D",.,"A"
"20102",2220893,39,0,"1",.,"A",.,"A",.,"A",.,"A",.,"A",.,"A",.,"A",.,"A",.,"A",.,"A",.,"A",.,"A",50,"D",.,"A",.,"A"
"20102",2220903,44,0,"1",.,"A",.,"A",.,"A",.,"A",20,"D",.,"A",650,"D",.,"A",.,"A",.,"A",.,"A",.,"A",.,"A",.,"A",.,"A"
"20102",2220923,29,0,"1",.,"A",.,"A",.,"A",.,"A",.,"A",.,"A",.,"A",.,"A",.,"A",.,"A",.,"A",.,"A",.,"A",.,"A",.,"A"
"20102",2220933,53,0,"1",.,"A",.,"A",.,"A",.,"A",.,"A",.,"A",.,"A",.,"A",.,"A",.,"A",.,"A",.,"A",15,"D",.,"A",.,"A"
"20102",2220943,83,0,"1",.,"A",.,"A",.,"A",.,"A",.,"A",.,"A",.,"A",.,"A",.,"A",.,"A",.,"A",.,"A",80,"D",.,"A",.,"A"
"20102",2220963,51,0,"1",.,"A",.,"A",.,"A",.,"A",.,"A",.,"A",.,"A",.,"A",.,"A",.,"A",.,"A",.,"A",302,"D",.,"A",.,"A"
"20102",2220973,83,0,"1",.,"A",.,"A",.,"A",.,"A",.,"A",.,"A",.,"A",.,"A",.,"A",.,"A",.,"A",.,"A",90,"D",.,"A",.,"A"
"20102",2220983,31,0,"1",.,"A",.,"A",.,"A",.,"A",.,"A",.,"A",.,"A",572,"D",.,"A",.,"A",.,"A",.,"A",.,"A",.,"A",.,"A"
"20102",2221013,78,0,"1",.,"A",.,"A",.,"A",.,"A",.,"A",.,"A",390,"D",.,"A",.,"A",.,"A",.,"A",.,"A",14,"D",.,"A",.,"A"
"20102",2221033,37,0,"1",.,"A",.,"A",.,"A",.,"A",.,"A",.,"A",.,"A",.,"A",.,"A",.,"A",.,"A",.,"A",.,"A",.,"A",.,"A"
"20102",2221043,41,0,"1",.,"A",.,"A",.,"A",.,"A",.,"A",.,"A",.,"A",.,"A",60,"D",.,"A",.,"A",.,"A",.,"A",.,"A",.,"A"
"20102",2221053,63,0,"1",.,"A",.,"A",.,"A",.,"A",.,"A",.,"A",.,"A",.,"A",.,"A",.,"A",.,"A",.,"A",30,"D",.,"A",.,"A"
"20102",2221063,58,0,"1",.,"A",.,"A",.,"A",.,"A",.,"A",320,"D",195,"D",.,"A",.,"A",.,"A",.,"A",.,"A",10,"D",.,"A",.,"A"
"20102",2221073,52,0,"1",.,"A",.,"A",.,"A",.,"A",.,"A",.,"A",.,"A",.,"A",.,"A",.,"A",.,"A",.,"A",22,"D",.,"A",.,"A"
"20102",2221083,71,0,"1",.,"A",.,"A",.,"A",.,"A",.,"A",.,"A",.,"A",.,"A",30,"D",.,"A",.,"A",.,"A",100,"D",.,"A",.,"A"
"20102",2221093,68,0,"1",.,"A",.,"A",.,"A",.,"A",.,"A",.,"A",.,"A",.,"A",.,"A",.,"A",.,"A",.,"A",.,"A",.,"A",.,"A"
"20102",2221123,41,0,"1",.,"A",.,"A",.,"A",.,"A",.,"A",.,"A",.,"A",.,"A",.,"A",126,"D",0,"D",0,"D",.,"A",42,"D",.,"A"
"20102",2221133,36,0,"1",.,"A",.,"A",.,"A",.,"A",.,"A",.,"A",.,"A",.,"A",.,"A",.,"A",.,"A",.,"A",.,"A",.,"A",.,"A"
"20102",2221153,38,0,"1",.,"A",.,"A",.,"A",.,"A",.,"A",.,"A",.,"A",.,"A",.,"A",.,"A",.,"A",.,"A",40,"D",.,"A",.,"A"
"20102",2221163,51,0,"1",.,"A",.,"A",.,"A",.,"A",.,"A",.,"A",260,"D",260,"D",.,"A",.,"A",.,"A",.,"A",.,"A",.,"A",.,"A"
"20102",2221173,41,0,"1",.,"A",.,"A",.,"A",.,"A",.,"A",200,"D",520,"D",.,"A",.,"A",.,"A",.,"A",.,"A",180,"D",.,"A",.,"A"
"20102",2221183,66,0,"1",.,"A",.,"A",.,"A",.,"A",.,"A",.,"A",117,"D",.,"A",30,"D",.,"A",.,"A",.,"A",.,"A",.,"A",.,"A"
"20102",2221203,41,0,"1",.,"A",.,"A",.,"A",.,"A",240,"D",.,"A",.,"A",.,"A",.,"A",.,"A",.,"A",.,"A",150,"D",.,"A",.,"A"
"20102",2221213,91,0,"1",.,"A",.,"A",39,"D",.,"A",.,"A",100,"F",.,"A",.,"A",.,"A",.,"A",.,"A",.,"A",127,"D",.,"A",.,"A"
"20102",2221243,46,0,"1",.,"A",.,"A",.,"A",.,"A",.,"A",.,"A",.,"A",.,"A",.,"A",.,"A",.,"A",.,"A",.,"A",.,"A",.,"A"
"20102",2221253,57,0,"1",.,"A",.,"A",.,"A",.,"A",.,"A",.,"A",.,"A",.,"A",.,"A",.,"A",.,"A",.,"A",50,"D",.,"A",.,"A"
"20102",2221273,38,0,"1",.,"A",.,"A",.,"A",.,"A",.,"A",.,"A",.,"A",.,"A",.,"A",.,"A",.,"A",.,"A",30,"D",.,"A",.,"A"
"20102",2221293,29,0,"1",.,"A",.,"A",.,"A",.,"A",.,"A",.,"A",.,"A",.,"A",.,"A",.,"A",.,"A",.,"A",12,"D",.,"A",.,"A"
"20102",2221313,26,0,"1",.,"A",.,"A",.,"A",.,"A",.,"A",.,"A",1300,"F",.,"A",.,"A",.,"A",.,"A",.,"A",.,"A",.,"A",.,"A"
"20102",2221333,47,0,"1",40,"D",.,"A",.,"A",.,"A",80,"D",.,"A",260,"D",.,"A",.,"A",.,"A",.,"A",.,"A",.,"A",.,"A",.,"A"
"20102",2221343,61,0,"1",.,"A",.,"A",.,"A",.,"A",.,"A",.,"A",.,"A",.,"A",.,"A",.,"A",.,"A",.,"A",160,"D",.,"A",.,"A"
"20102",2221353,38,0,"1",.,"A",.,"A",.,"A",.,"A",.,"A",.,"A",.,"A",.,"A",.,"A",.,"A",.,"A",.,"A",120,"D",.,"A",.,"A"
"20102",2221373,34,0,"1",.,"A",.,"A",.,"A",.,"A",15,"D",.,"A",.,"A",.,"A",.,"A",.,"A",.,"A",.,"A",45,"D",.,"A",.,"A"
"20102",2221383,35,0,"1",.,"A",.,"A",.,"A",.,"A",.,"A",.,"A",.,"A",.,"A",.,"A",.,"A",.,"A",.,"A",40,"D",.,"A",.,"A"
"20102",2221393,76,0,"1",.,"A",.,"A",.,"A",.,"A",.,"A",.,"A",.,"A",195,"D",.,"A",.,"A",.,"A",.,"A",31,"D",.,"A",.,"A"
"20102",2221403,47,0,"1",.,"A",.,"A",.,"A",.,"A",.,"A",.,"A",650,"D",.,"A",300,"D",.,"A",.,"A",.,"A",350,"D",.,"A",.,"A"
"20102",2221413,37,0,"1",.,"A",.,"A",.,"A",.,"A",.,"A",.,"A",.,"A",.,"A",.,"A",.,"A",.,"A",.,"A",70,"D",.,"A",.,"A"
"20102",2221433,127,0,"1",.,"A",.,"A",.,"A",.,"A",.,"A",.,"A",.,"A",.,"A",.,"A",.,"A",.,"A",.,"A",200,"D",.,"A",.,"A"
"20102",2221443,52,0,"1",.,"A",.,"A",.,"A",.,"A",.,"A",.,"A",.,"A",.,"A",.,"A",.,"A",.,"A",.,"A",.,"A",.,"A",.,"A"
"20102",2221453,71,0,"1",.,"A",.,"A",.,"A",.,"A",.,"A",.,"A",.,"A",.,"A",.,"A",.,"A",.,"A",.,"A",200,"D",.,"A",.,"A"
"20102",2221463,46,0,"1",.,"A",.,"A",20,"D",.,"A",.,"A",.,"A",.,"A",.,"A",.,"A",.,"A",.,"A",.,"A",60,"D",.,"A",.,"A"
"20102",2221493,38,0,"1",.,"A",.,"A",.,"A",.,"A",.,"A",.,"A",.,"A",.,"A",.,"A",.,"A",.,"A",.,"A",40,"D",.,"A",.,"A"
"20102",2221503,41,0,"1",.,"A",.,"A",.,"A",.,"A",.,"A",.,"A",.,"A",.,"A",.,"A",.,"A",.,"A",.,"A",495,"D",.,"A",.,"A"
"20102",2221513,34,0,"1",.,"A",.,"A",.,"A",.,"A",.,"A",.,"A",.,"A",.,"A",.,"A",.,"A",.,"A",.,"A",120,"D",.,"A",.,"A"
"20102",2221543,59,0,"1",.,"A",.,"A",.,"A",.,"A",.,"A",.,"A",.,"A",.,"A",.,"A",.,"A",.,"A",.,"A",70,"D",.,"A",.,"A"
"20102",2221563,24,0,"1",.,"A",.,"A",.,"A",.,"A",15,"D",.,"A",.,"A",.,"A",.,"A",240,"D",0,"D",0,"D",15,"D",80,"D",.,"A"
"20102",2221573,110,0,"1",.,"A",.,"A",.,"A",.,"A",40,"D",.,"A",.,"A",.,"A",75,"D",.,"A",.,"A",.,"A",110,"D",.,"A",.,"A"
"20102",2221594,62,0,"1",.,"A",.,"A",.,"A",.,"A",.,"A",75,"D",.,"A",.,"A",.,"A",.,"A",.,"A",.,"A",110,"D",.,"A",.,"A"
"20102",2221603,51,0,"1",.,"A",.,"A",.,"A",30,"D",.,"A",.,"A",.,"A",.,"A",108,"D",0,"D",0,"D",18,"D",200,"D",0,"D",.,"A"
"20102",2221613,33,0,"1",.,"A",.,"A",.,"A",.,"A",.,"A",.,"A",.,"A",.,"A",36,"D",.,"A",.,"A",.,"A",75,"D",.,"A",.,"A"
"20102",2221633,26,0,"1",.,"A",.,"A",.,"A",.,"A",.,"A",.,"A",.,"A",78,"D",.,"A",.,"A",.,"A",.,"A",.,"A",.,"A",.,"A"
"20102",2221643,63,0,"1",.,"A",.,"A",.,"A",.,"A",.,"A",.,"A",.,"A",.,"A",.,"A",.,"A",.,"A",.,"A",.,"A",.,"A",.,"A"
"20102",2221653,55,0,"1",.,"A",.,"A",.,"A",.,"A",.,"A",.,"A",195,"F",.,"A",.,"A",.,"A",.,"A",.,"A",59,"D",.,"A",.,"A"
"20102",2221673,22,0,"1",.,"A",.,"A",.,"A",.,"A",.,"A",.,"A",130,"D",.,"A",.,"A",.,"A",.,"A",.,"A",.,"A",.,"A",.,"A"
"20102",2221693,52,0,"1",.,"A",.,"A",.,"A",.,"A",.,"A",.,"A",.,"A",.,"A",.,"A",360,"D",0,"D",0,"D",60,"D",120,"D",.,"A"
"20102",2221703,26,0,"1",.,"A",.,"A",.,"A",.,"A",.,"A",.,"A",.,"A",.,"A",.,"A",.,"A",.,"A",.,"A",.,"A",.,"A",.,"A"
"20102",2221723,23,0,"1",.,"A",.,"A",.,"A",.,"A",.,"A",.,"A",.,"A",.,"A",.,"A",.,"A",.,"A",.,"A",.,"A",.,"A",.,"A"
"20102",2221733,50,0,"1",.,"A",.,"A",.,"A",.,"A",.,"A",.,"A",.,"A",.,"A",.,"A",.,"A",.,"A",.,"A",87,"D",.,"A",.,"A"
"20102",2221753,62,0,"1",.,"A",.,"A",.,"A",.,"A",.,"A",.,"A",.,"A",.,"A",.,"A",.,"A",.,"A",.,"A",94,"D",.,"A",.,"A"
"20102",2221773,25,0,"1",.,"A",.,"A",.,"A",.,"A",.,"A",.,"A",.,"A",.,"A",.,"A",.,"A",.,"A",.,"A",.,"A",.,"A",.,"A"
"20102",2221783,70,0,"1",.,"A",.,"A",.,"A",.,"A",.,"A",.,"A",.,"A",.,"A",.,"A",.,"A",.,"A",.,"A",80,"D",.,"A",.,"A"
"20102",2221793,43,0,"1",.,"A",.,"A",.,"A",.,"A",.,"A",.,"A",.,"A",.,"A",.,"A",.,"A",.,"A",.,"A",.,"A",.,"A",.,"A"
"20102",2221803,50,0,"1",.,"A",.,"A",.,"A",.,"A",.,"A",.,"A",.,"A",.,"A",.,"A",.,"A",.,"A",.,"A",120,"D",.,"A",.,"A"
"20102",2221823,51,0,"1",.,"A",.,"A",.,"A",.,"A",.,"A",.,"A",.,"A",65,"D",.,"A",.,"A",.,"A",.,"A",40,"D",.,"A",.,"A"
"20102",2221833,37,0,"1",.,"A",.,"A",.,"A",.,"A",.,"A",.,"A",.,"A",.,"A",.,"A",.,"A",.,"A",.,"A",.,"A",.,"A",.,"A"
"20102",2221844,33,0,"1",.,"A",.,"A",.,"A",.,"A",60,"D",.,"A",.,"A",.,"A",.,"A",.,"A",.,"A",.,"A",20,"D",.,"A",.,"A"
"20102",2221853,30,0,"1",.,"A",.,"A",.,"A",.,"A",.,"A",.,"A",.,"A",.,"A",24,"D",.,"A",.,"A",.,"A",90,"D",.,"A",.,"A"
"20102",2221873,78,0,"1",.,"A",.,"A",.,"A",.,"A",.,"A",.,"A",.,"A",.,"A",.,"A",.,"A",.,"A",.,"A",76,"D",.,"A",.,"A"
"20102",2221883,41,0,"1",.,"A",.,"A",.,"A",.,"A",.,"A",.,"A",1040,"D",.,"A",.,"A",.,"A",.,"A",.,"A",.,"A",.,"A",.,"A"
"20102",2221893,44,0,"1",.,"A",.,"A",.,"A",.,"A",.,"A",.,"A",.,"A",.,"A",.,"A",.,"A",.,"A",.,"A",250,"D",.,"A",.,"A"
"20102",2221903,103,0,"1",.,"A",.,"A",.,"A",.,"A",.,"A",.,"A",.,"A",.,"A",.,"A",.,"A",.,"A",.,"A",135,"D",.,"A",.,"A"
"20102",2221913,42,0,"1",.,"A",.,"A",.,"A",.,"A",.,"A",.,"A",.,"A",.,"A",.,"A",.,"A",.,"A",.,"A",180,"D",.,"A",.,"A"
"20102",2221923,62,0,"1",.,"A",.,"A",.,"A",.,"A",.,"A",.,"A",.,"A",.,"A",.,"A",.,"A",.,"A",.,"A",50,"D",.,"A",.,"A"
"20102",2221933,28,0,"1",.,"A",.,"A",.,"A",22,"D",.,"A",.,"A",.,"A",.,"A",.,"A",0,"D",0,"D",165,"D",.,"A",0,"D",.,"A"
"20102",2221943,32,0,"1",.,"A",.,"A",.,"A",.,"A",.,"A",.,"A",.,"A",.,"A",.,"A",.,"A",.,"A",.,"A",.,"A",.,"A",.,"A"
"20102",2221963,57,0,"1",.,"A",.,"A",.,"A",.,"A",.,"A",.,"A",.,"A",.,"A",.,"A",.,"A",.,"A",.,"A",80,"D",.,"A",.,"A"
"20102",2221973,31,0,"1",.,"A",.,"A",.,"A",.,"A",75,"D",.,"A",325,"D",.,"A",.,"A",.,"A",.,"A",.,"A",21,"D",.,"A",.,"A"
"20102",2221983,30,0,"1",.,"A",.,"A",.,"A",.,"A",.,"A",.,"A",.,"A",.,"A",.,"A",.,"A",.,"A",.,"A",.,"A",.,"A",.,"A"
"20102",2221993,77,0,"1",.,"A",.,"A",.,"A",.,"A",.,"A",.,"A",.,"A",.,"A",.,"A",.,"A",.,"A",.,"A",160,"D",.,"A",.,"A"
"20102",2222003,32,0,"1",.,"A",.,"A",.,"A",.,"A",.,"A",6,"D",.,"A",.,"A",30,"D",.,"A",.,"A",.,"A",171,"D",.,"A",.,"A"
"20102",2222013,51,0,"1",.,"A",.,"A",.,"A",.,"A",.,"A",.,"A",.,"A",.,"A",.,"A",.,"A",.,"A",.,"A",55,"D",.,"A",.,"A"
"20102",2222023,57,0,"1",.,"A",.,"A",.,"A",.,"A",.,"A",.,"A",.,"A",.,"A",.,"A",.,"A",.,"A",.,"A",105,"D",.,"A",.,"A"
"20102",2222033,41,0,"1",.,"A",.,"A",.,"A",.,"A",.,"A",.,"A",.,"A",.,"A",.,"A",.,"A",.,"A",.,"A",120,"D",.,"A",.,"A"
"20102",2222063,68,0,"1",.,"A",.,"A",.,"A",.,"A",.,"A",.,"A",.,"A",.,"A",30,"D",0,"D",18,"D",0,"D",100,"D",0,"D",.,"A"
"20102",2222073,38,0,"1",.,"A",.,"A",.,"A",.,"A",.,"A",.,"A",780,"D",.,"A",.,"A",.,"A",.,"A",.,"A",.,"A",.,"A",.,"A"
"20102",2222083,59,0,"1",.,"A",.,"A",.,"A",.,"A",.,"A",.,"A",.,"A",.,"A",.,"A",.,"A",.,"A",.,"A",280,"D",.,"A",.,"A"
"20102",2222113,26,0,"1",0,"F",.,"A",.,"A",200,"D",180,"F",.,"A",520,"D",.,"A",.,"A",150,"D",0,"D",0,"D",300,"D",50,"D",.,"A"
"20102",2222133,71,0,"1",.,"A",.,"A",.,"A",.,"A",.,"A",.,"A",.,"A",.,"A",.,"A",.,"A",.,"A",.,"A",40,"D",.,"A",.,"A"
"20102",2222153,46,0,"1",.,"A",.,"A",.,"A",.,"A",.,"A",.,"A",.,"A",.,"A",.,"A",.,"A",.,"A",.,"A",60,"D",.,"A",.,"A"
"20102",2222163,62,0,"1",.,"A",.,"A",.,"A",.,"A",.,"A",.,"A",.,"A",.,"A",.,"A",.,"A",.,"A",.,"A",24,"D",.,"A",.,"A"
"20102",2222173,35,0,"1",.,"A",.,"A",.,"A",.,"A",300,"D",.,"A",.,"A",.,"A",.,"A",.,"A",.,"A",.,"A",.,"A",.,"A",.,"A"
"20102",2222193,32,0,"1",.,"A",.,"A",.,"A",.,"A",.,"A",.,"A",.,"A",.,"A",.,"A",.,"A",.,"A",.,"A",.,"A",.,"A",.,"A"
"20102",2222223,43,0,"1",.,"A",.,"A",.,"A",.,"A",.,"A",.,"A",.,"A",.,"A",.,"A",.,"A",.,"A",.,"A",.,"A",.,"A",.,"A"
"20102",2222233,67,0,"1",.,"A",.,"A",.,"A",.,"A",.,"A",11,"D",.,"A",.,"A",.,"A",.,"A",.,"A",.,"A",135,"D",.,"A",.,"A"
"20102",2222243,62,0,"1",.,"A",.,"A",.,"A",.,"A",.,"A",.,"A",.,"A",.,"A",.,"A",.,"A",.,"A",.,"A",.,"A",.,"A",.,"A"
"20102",2222253,35,0,"1",.,"A",.,"A",.,"A",.,"A",.,"A",.,"A",.,"A",.,"A",.,"A",.,"A",.,"A",.,"A",50,"D",.,"A",.,"A"
"20102",2222273,93,0,"1",.,"A",.,"A",.,"A",.,"A",.,"A",.,"A",.,"A",.,"A",.,"A",.,"A",.,"A",.,"A",123,"D",.,"A",.,"A"
"20102",2222283,33,0,"1",.,"A",.,"A",.,"A",.,"A",.,"A",.,"A",364,"D",.,"A",.,"A",.,"A",.,"A",.,"A",.,"A",.,"A",.,"A"
"20102",2222303,54,0,"1",.,"A",.,"A",.,"A",.,"A",77,"D",.,"A",.,"A",.,"A",90,"D",135,"D",0,"D",15,"D",36,"D",45,"D",.,"A"
"20102",2222313,63,0,"1",.,"A",.,"A",.,"A",.,"A",.,"A",18,"D",.,"A",.,"A",.,"A",.,"A",.,"A",.,"A",596,"D",.,"A",.,"A"
"20102",2222343,27,0,"1",.,"A",.,"A",.,"A",.,"A",.,"A",.,"A",.,"A",.,"A",.,"A",.,"A",.,"A",.,"A",130,"D",.,"A",.,"A"
"20102",2222353,71,0,"1",.,"A",.,"A",.,"A",.,"A",.,"A",.,"A",.,"A",.,"A",.,"A",.,"A",.,"A",.,"A",.,"A",.,"A",.,"A"
"20102",2222373,39,0,"1",.,"A",.,"A",.,"A",.,"A",90,"D",.,"A",.,"A",.,"A",.,"A",.,"A",.,"A",.,"A",.,"A",.,"A",.,"A"
"20102",2222383,45,0,"1",.,"A",.,"A",.,"A",.,"A",.,"A",.,"A",39,"D",.,"A",.,"A",.,"A",.,"A",.,"A",80,"D",.,"A",.,"A"
"20102",2222393,71,0,"1",.,"A",.,"A",.,"A",.,"A",.,"A",.,"A",.,"A",.,"A",.,"A",.,"A",.,"A",.,"A",.,"A",.,"A",.,"A"
"20102",2222423,74,0,"1",8,"D",.,"A",.,"A",30,"D",0,"D",.,"A",325,"D",.,"A",18,"D",.,"A",.,"A",.,"A",45,"D",.,"A",.,"A"
"20102",2222433,74,0,"1",.,"A",.,"A",.,"A",.,"A",.,"A",.,"A",.,"A",.,"A",.,"A",.,"A",.,"A",.,"A",100,"D",.,"A",.,"A"
"20102",2222443,45,0,"1",.,"A",.,"A",.,"A",.,"A",369,"D",.,"A",260,"D",.,"A",.,"A",.,"A",.,"A",.,"A",50,"D",.,"A",.,"A"
"20102",2222464,41,0,"1",.,"A",.,"A",.,"A",.,"A",.,"A",.,"A",.,"A",52,"D",.,"A",90,"D",0,"D",15,"D",.,"A",30,"D",.,"A"
"20102",2222473,56,0,"1",.,"A",.,"A",.,"A",.,"A",.,"A",.,"A",.,"A",130,"D",.,"A",.,"A",.,"A",.,"A",110,"D",.,"A",.,"A"
"20102",2222483,83,0,"1",.,"A",.,"A",.,"A",.,"A",.,"A",.,"A",.,"A",.,"A",.,"A",.,"A",.,"A",.,"A",172,"D",.,"A",.,"A"
"20102",2222493,68,0,"1",.,"A",.,"A",.,"A",.,"A",.,"A",.,"A",.,"A",.,"A",.,"A",0,"D",0,"D",60,"D",.,"A",0,"D",.,"A"
"20102",2222503,69,0,"1",.,"A",.,"A",25,"D",.,"A",.,"A",.,"A",.,"A",.,"A",.,"A",.,"A",.,"A",.,"A",95,"D",.,"A",.,"A"
"20102",2222523,63,0,"1",.,"A",.,"A",.,"A",.,"A",.,"A",.,"A",1235,"D",.,"A",.,"A",.,"A",.,"A",.,"A",50,"D",.,"A",.,"A"
"20102",2222543,51,0,"1",.,"A",.,"A",.,"A",.,"A",.,"A",.,"A",130,"D",.,"A",.,"A",.,"A",.,"A",.,"A",.,"A",.,"A",.,"A"
"20102",2222553,26,0,"1",.,"A",.,"A",.,"A",.,"A",.,"A",.,"A",.,"A",.,"A",.,"A",.,"A",.,"A",.,"A",.,"A",.,"A",.,"A"
"20102",2222563,33,0,"1",.,"A",.,"A",.,"A",.,"A",.,"A",.,"A",156,"D",.,"A",.,"A",.,"A",.,"A",.,"A",.,"A",.,"A",.,"A"
"20102",2222573,47,0,"1",.,"A",.,"A",.,"A",.,"A",.,"A",.,"A",.,"A",.,"A",.,"A",.,"A",.,"A",.,"A",54,"D",.,"A",.,"A"
"20102",2222583,61,0,"1",.,"A",.,"A",.,"A",.,"A",.,"A",.,"A",650,"D",.,"A",.,"A",.,"A",.,"A",.,"A",9,"D",.,"A",.,"A"
"20102",2222603,66,0,"1",.,"A",.,"A",.,"A",.,"A",.,"A",.,"A",702,"D",.,"A",.,"A",.,"A",.,"A",.,"A",60,"D",.,"A",.,"A"
"20102",2222633,64,0,"1",.,"A",.,"A",.,"A",.,"A",.,"A",.,"A",.,"A",.,"A",.,"A",.,"A",.,"A",.,"A",30,"D",.,"A",.,"A"
"20102",2222653,32,0,"1",.,"A",.,"A",.,"A",.,"A",.,"A",.,"A",.,"A",.,"A",.,"A",.,"A",.,"A",.,"A",.,"A",.,"A",.,"A"
"20102",2222663,41,0,"1",.,"A",.,"A",.,"A",.,"A",.,"A",.,"A",.,"A",.,"A",.,"A",.,"A",.,"A",.,"A",50,"D",.,"A",.,"A"
"20102",2222673,54,0,"1",30,"D",.,"A",.,"A",.,"A",0,"D",.,"A",.,"A",.,"A",90,"D",.,"A",.,"A",.,"A",210,"D",.,"A",.,"A"
"20102",2222703,64,0,"1",.,"A",.,"A",.,"A",.,"A",.,"A",.,"A",.,"A",.,"A",.,"A",.,"A",.,"A",.,"A",50,"D",.,"A",.,"A"
"20102",2222743,48,0,"1",.,"A",.,"A",.,"A",.,"A",.,"A",15,"D",.,"A",.,"A",.,"A",.,"A",.,"A",.,"A",60,"D",.,"A",.,"A"
"20102",2222753,99,0,"1",.,"A",.,"A",.,"A",.,"A",.,"A",155,"D",.,"A",.,"A",.,"A",.,"A",.,"A",.,"A",500,"D",.,"A",.,"A"
"20102",2222773,46,0,"1",.,"A",.,"A",.,"A",.,"A",.,"A",.,"A",.,"A",.,"A",.,"A",.,"A",.,"A",.,"A",50,"D",.,"A",.,"A"
"20102",2222783,28,0,"1",.,"A",.,"A",.,"A",.,"A",.,"A",.,"A",.,"A",.,"A",.,"A",.,"A",.,"A",.,"A",.,"A",.,"A",.,"A"
"20102",2222803,35,0,"1",.,"A",.,"A",.,"A",.,"A",.,"A",.,"A",156,"D",.,"A",.,"A",.,"A",.,"A",.,"A",.,"A",.,"A",.,"A"
"20102",2222813,26,0,"1",.,"A",.,"A",.,"A",.,"A",60,"D",.,"A",.,"A",.,"A",.,"A",.,"A",.,"A",.,"A",100,"D",.,"A",.,"A"
"20102",2222823,68,0,"1",.,"A",.,"A",.,"A",.,"A",.,"A",60,"D",.,"A",.,"A",24,"D",.,"A",.,"A",.,"A",175,"D",.,"A",.,"A"
"20102",2222833,43,0,"1",.,"A",.,"A",.,"A",.,"A",.,"A",.,"A",.,"A",.,"A",.,"A",.,"A",.,"A",.,"A",.,"A",.,"A",.,"A"
"20102",2222853,50,0,"1",.,"A",.,"A",.,"A",.,"A",.,"A",18,"F",.,"A",.,"A",.,"A",.,"A",.,"A",.,"A",50,"F",.,"A",.,"A"
"20102",2222863,45,0,"1",.,"A",.,"A",.,"A",.,"A",.,"A",60,"D",390,"D",.,"A",12,"D",.,"A",.,"A",.,"A",75,"D",.,"A",.,"A"
"20102",2222883,47,0,"1",.,"A",.,"A",.,"A",.,"A",.,"A",.,"A",.,"A",.,"A",.,"A",.,"A",.,"A",.,"A",.,"A",.,"A",.,"A"
"20102",2222893,65,0,"1",.,"A",.,"A",50,"F",.,"A",.,"A",.,"A",.,"A",.,"A",15,"F",.,"A",.,"A",.,"A",.,"A",.,"A",.,"A"
"20102",2222913,116,0,"1",.,"A",.,"A",.,"A",.,"A",.,"A",.,"A",585,"D",.,"A",.,"A",.,"A",.,"A",.,"A",20,"D",.,"A",.,"A"
"20102",2222923,30,0,"1",.,"A",.,"A",.,"A",.,"A",.,"A",.,"A",.,"A",.,"A",.,"A",0,"D",0,"D",120,"D",.,"A",0,"D",.,"A"
"20102",2222933,37,0,"1",.,"A",.,"A",.,"A",.,"A",.,"A",.,"A",.,"A",.,"A",.,"A",.,"A",.,"A",.,"A",.,"A",.,"A",.,"A"
"20102",2222943,90,0,"1",.,"A",40,"D",40,"D",.,"A",.,"A",20,"D",.,"A",.,"A",.,"A",.,"A",.,"A",.,"A",285,"D",.,"A",.,"A"
"20102",2222963,68,0,"1",.,"A",.,"A",.,"A",.,"A",.,"A",.,"A",.,"A",.,"A",.,"A",.,"A",.,"A",.,"A",20,"D",.,"A",.,"A"
"20102",2222973,80,0,"1",.,"A",.,"A",.,"A",.,"A",.,"A",.,"A",.,"A",.,"A",15,"D",.,"A",.,"A",.,"A",80,"D",.,"A",.,"A"
"20102",2223003,52,0,"1",.,"A",.,"A",.,"A",.,"A",.,"A",.,"A",975,"D",.,"A",.,"A",.,"A",.,"A",.,"A",.,"A",.,"A",.,"A"
"20102",2223013,44,0,"1",0,"F",.,"A",.,"A",.,"A",72,"F",.,"A",.,"A",.,"A",.,"A",.,"A",.,"A",.,"A",.,"A",.,"A",.,"A"
"20102",2223023,50,0,"1",.,"A",.,"A",.,"A",.,"A",.,"A",.,"A",195,"D",.,"A",.,"A",.,"A",.,"A",.,"A",.,"A",.,"A",.,"A"
"20102",2223043,68,0,"1",.,"A",.,"A",.,"A",.,"A",.,"A",20,"D",.,"A",.,"A",.,"A",.,"A",.,"A",.,"A",150,"D",.,"A",.,"A"
"20102",2223053,42,0,"1",.,"A",.,"A",.,"A",.,"A",.,"A",.,"A",65,"D",.,"A",.,"A",.,"A",.,"A",.,"A",.,"A",.,"A",.,"A"
"20102",2223063,53,0,"1",.,"A",.,"A",.,"A",.,"A",.,"A",.,"A",.,"A",.,"A",.,"A",.,"A",.,"A",.,"A",85,"D",.,"A",.,"A"
"20102",2223083,38,0,"1",.,"A",.,"A",.,"A",.,"A",24,"D",.,"A",.,"A",.,"A",.,"A",.,"A",.,"A",.,"A",.,"A",.,"A",.,"A"
"20102",2223093,29,0,"1",.,"A",.,"A",.,"A",.,"A",.,"A",15,"D",.,"A",.,"A",.,"A",.,"A",.,"A",.,"A",.,"A",.,"A",.,"A"
"20102",2223113,37,0,"1",.,"A",.,"A",.,"A",.,"A",.,"A",.,"A",.,"A",.,"A",.,"A",.,"A",.,"A",.,"A",52,"D",.,"A",.,"A"
"20102",2223123,38,0,"1",.,"A",.,"A",.,"A",.,"A",.,"A",.,"A",.,"A",.,"A",.,"A",.,"A",.,"A",.,"A",.,"A",.,"A",.,"A"
"20102",2223133,76,0,"1",.,"A",.,"A",.,"A",.,"A",.,"A",200,"D",.,"A",.,"A",.,"A",.,"A",.,"A",.,"A",200,"D",.,"A",.,"A"
"20102",2223153,35,0,"1",.,"A",.,"A",.,"A",.,"A",20,"D",.,"A",910,"D",.,"A",1500,"D",.,"A",.,"A",.,"A",.,"A",.,"A",.,"A"
"20102",2223163,31,0,"1",.,"A",.,"A",.,"A",.,"A",.,"A",.,"A",.,"A",.,"A",.,"A",.,"A",.,"A",.,"A",.,"A",.,"A",.,"A"
"20102",2223183,43,0,"1",.,"A",.,"A",.,"A",.,"A",.,"A",.,"A",.,"A",.,"A",.,"A",.,"A",.,"A",.,"A",500,"D",.,"A",.,"A"
"20102",2223203,52,0,"1",.,"A",.,"A",.,"A",.,"A",.,"A",.,"A",.,"A",.,"A",.,"A",.,"A",.,"A",.,"A",.,"A",.,"A",.,"A"
"20102",2223213,37,0,"1",.,"A",.,"A",.,"A",.,"A",.,"A",.,"A",.,"A",.,"A",.,"A",.,"A",.,"A",.,"A",20,"D",.,"A",.,"A"
"20102",2223223,47,0,"1",.,"A",.,"A",.,"A",.,"A",.,"A",.,"A",156,"D",.,"A",24,"D",.,"A",.,"A",.,"A",.,"A",.,"A",.,"A"
"20102",2223253,23,0,"1",.,"A",.,"A",.,"A",100,"D",45,"D",.,"A",.,"A",.,"A",.,"A",0,"D",0,"D",75,"D",100,"D",0,"D",.,"A"
"20102",2223263,40,0,"1",.,"A",.,"A",.,"A",.,"A",.,"A",.,"A",195,"D",.,"A",.,"A",.,"A",.,"A",.,"A",.,"A",.,"A",.,"A"
"20102",2223283,77,0,"1",.,"A",.,"A",.,"A",.,"A",.,"A",.,"A",.,"A",.,"A",.,"A",.,"A",.,"A",.,"A",80,"D",.,"A",.,"A"
"20102",2223293,60,0,"1",.,"A",.,"A",.,"A",.,"A",.,"A",.,"A",.,"A",.,"A",.,"A",.,"A",.,"A",.,"A",150,"D",.,"A",.,"A"
"20102",2223303,66,0,"1",.,"A",.,"A",.,"A",.,"A",.,"A",.,"A",.,"A",.,"A",.,"A",.,"A",.,"A",.,"A",.,"A",.,"A",.,"A"
"20102",2223313,67,0,"1",.,"A",50,"D",.,"A",.,"A",.,"A",325,"D",650,"F",650,"F",.,"A",.,"A",.,"A",.,"A",270,"D",.,"A",.,"A"
"20102",2223323,43,0,"1",.,"A",.,"A",.,"A",.,"A",.,"A",.,"A",.,"A",.,"A",.,"A",.,"A",.,"A",.,"A",35,"D",.,"A",.,"A"
"20102",2223333,78,0,"1",.,"A",.,"A",.,"A",.,"A",.,"A",20,"D",.,"A",.,"A",.,"A",.,"A",.,"A",.,"A",350,"D",.,"A",.,"A"
"20102",2223343,27,0,"1",.,"A",.,"A",.,"A",.,"A",.,"A",.,"A",.,"A",.,"A",.,"A",.,"A",.,"A",.,"A",.,"A",.,"A",.,"A"
"20102",2223353,65,0,"1",.,"A",.,"A",.,"A",.,"A",.,"A",.,"A",.,"A",78,"F",.,"A",.,"A",.,"A",.,"A",.,"A",.,"A",.,"A"
"20102",2223373,69,0,"1",.,"A",.,"A",.,"A",.,"A",.,"A",40,"D",.,"A",.,"A",.,"A",.,"A",.,"A",.,"A",270,"D",.,"A",.,"A"
"20102",2223383,36,0,"1",9,"D",.,"A",.,"A",.,"A",21,"D",.,"A",.,"A",.,"A",.,"A",.,"A",.,"A",.,"A",60,"D",.,"A",.,"A"
"20102",2223393,42,0,"1",.,"A",.,"A",.,"A",.,"A",.,"A",.,"A",.,"A",.,"A",.,"A",.,"A",.,"A",.,"A",.,"A",.,"A",.,"A"
"20102",2223403,37,0,"1",.,"A",.,"A",.,"A",.,"A",.,"A",.,"A",.,"A",.,"A",.,"A",.,"A",.,"A",.,"A",.,"A",.,"A",.,"A"
"20102",2223443,36,0,"1",.,"A",.,"A",.,"A",.,"A",.,"A",.,"A",.,"A",.,"A",.,"A",.,"A",.,"A",.,"A",240,"D",.,"A",.,"A"
"20102",2223473,80,0,"1",.,"A",.,"A",.,"A",.,"A",.,"A",.,"A",.,"A",.,"A",.,"A",.,"A",.,"A",.,"A",132,"D",.,"A",.,"A"
"20102",2223483,40,0,"1",.,"A",.,"A",.,"A",.,"A",.,"A",.,"A",.,"A",.,"A",.,"A",.,"A",.,"A",.,"A",.,"A",.,"A",.,"A"
"20102",2223503,44,0,"1",.,"A",.,"A",.,"A",.,"A",.,"A",.,"A",.,"A",.,"A",15,"D",.,"A",.,"A",.,"A",.,"A",.,"A",.,"A"
"20102",2223523,42,0,"1",.,"A",.,"A",24,"D",.,"A",.,"A",40,"D",.,"A",.,"A",.,"A",.,"A",.,"A",.,"A",.,"A",.,"A",.,"A"
"20102",2223553,53,0,"1",.,"A",.,"A",.,"A",.,"A",.,"A",51,"D",.,"A",.,"A",.,"A",.,"A",.,"A",.,"A",150,"D",.,"A",.,"A"
"20102",2223563,53,0,"1",.,"A",.,"A",.,"A",.,"A",.,"A",.,"A",.,"A",.,"A",.,"A",.,"A",.,"A",.,"A",.,"A",.,"A",.,"A"
"20102",2223593,31,0,"1",.,"A",.,"A",.,"A",.,"A",.,"A",.,"A",182,"D",.,"A",.,"A",.,"A",.,"A",.,"A",.,"A",.,"A",.,"A"
"20102",2223603,42,0,"1",60,"D",.,"A",.,"A",.,"A",60,"D",.,"A",.,"A",.,"A",.,"A",.,"A",.,"A",.,"A",.,"A",.,"A",.,"A"
"20102",2223623,58,0,"1",.,"A",.,"A",.,"A",.,"A",.,"A",.,"A",.,"A",.,"A",.,"A",.,"A",.,"A",.,"A",60,"D",.,"A",.,"A"
"20102",2223643,59,0,"1",.,"A",.,"A",.,"A",.,"A",.,"A",60,"F",.,"A",.,"A",.,"A",.,"A",.,"A",.,"A",400,"F",.,"A",.,"A"
"20102",2223653,44,0,"1",.,"A",.,"A",.,"A",.,"A",.,"A",.,"A",.,"A",.,"A",.,"A",.,"A",.,"A",.,"A",45,"D",.,"A",.,"A"
"20102",2223663,85,0,"1",.,"A",.,"A",.,"A",.,"A",.,"A",.,"A",.,"A",.,"A",.,"A",.,"A",.,"A",.,"A",100,"D",.,"A",.,"A"
"20102",2223673,39,0,"1",.,"A",.,"A",.,"A",.,"A",.,"A",.,"A",.,"A",.,"A",.,"A",.,"A",.,"A",.,"A",.,"A",.,"A",.,"A"
"20102",2223693,77,0,"1",.,"A",18,"D",.,"A",.,"A",.,"A",0,"D",975,"D",.,"A",.,"A",.,"A",.,"A",.,"A",.,"A",.,"A",.,"A"
"20102",2223703,50,0,"1",.,"A",.,"A",.,"A",.,"A",.,"A",.,"A",.,"A",.,"A",.,"A",.,"A",.,"A",.,"A",150,"D",.,"A",.,"A"
"20102",2223713,42,0,"1",.,"A",.,"A",.,"A",.,"A",.,"A",.,"A",.,"A",.,"A",.,"A",.,"A",.,"A",.,"A",40,"D",.,"A",.,"A"
"20102",2223763,35,0,"1",.,"A",.,"A",.,"A",.,"A",.,"A",.,"A",.,"A",.,"A",.,"A",.,"A",.,"A",.,"A",.,"A",.,"A",.,"A"
"20102",2223773,56,0,"1",.,"A",.,"A",.,"A",.,"A",.,"A",.,"A",.,"A",.,"A",.,"A",.,"A",.,"A",.,"A",120,"D",.,"A",.,"A"
"20102",2223793,54,0,"1",.,"A",.,"A",.,"A",.,"A",.,"A",.,"A",.,"A",.,"A",246,"D",.,"A",.,"A",.,"A",130,"D",.,"A",.,"A"
"20102",2223813,62,0,"1",.,"A",.,"A",.,"A",.,"A",.,"A",.,"A",.,"A",195,"D",.,"A",.,"A",.,"A",.,"A",155,"D",.,"A",.,"A"
"20102",2223823,51,0,"1",.,"A",.,"A",.,"A",.,"A",.,"A",.,"A",.,"A",.,"A",.,"A",.,"A",.,"A",.,"A",120,"D",.,"A",.,"A"
"20102",2223833,22,0,"1",.,"A",.,"A",.,"A",.,"A",.,"A",.,"A",.,"A",.,"A",.,"A",.,"A",.,"A",.,"A",.,"A",.,"A",.,"A"
"20102",2223843,29,0,"1",.,"A",.,"A",.,"A",.,"A",.,"A",.,"A",494,"D",.,"A",.,"A",.,"A",.,"A",.,"A",.,"A",.,"A",.,"A"
"20102",2223853,30,0,"1",.,"A",.,"A",.,"A",.,"A",45,"D",.,"A",.,"A",.,"A",.,"A",120,"D",0,"D",0,"D",27,"D",40,"D",.,"A"
"20102",2223863,49,0,"1",.,"A",.,"A",.,"A",.,"A",.,"A",40,"D",.,"A",.,"A",.,"A",.,"A",.,"A",.,"A",75,"D",.,"A",.,"A"
"20102",2223873,41,0,"1",.,"A",.,"A",.,"A",.,"A",.,"A",.,"A",.,"A",.,"A",.,"A",.,"A",.,"A",.,"A",35,"D",.,"A",.,"A"
"20102",2223904,50,0,"1",.,"A",.,"A",.,"A",.,"A",1000,"D",.,"A",.,"A",.,"A",30,"D",.,"A",.,"A",.,"A",200,"D",.,"A",.,"A"
"20102",2223923,28,0,"1",.,"A",.,"A",.,"A",.,"A",.,"A",.,"A",.,"A",.,"A",.,"A",.,"A",.,"A",.,"A",.,"A",.,"A",.,"A"
"20102",2223943,34,0,"1",.,"A",5,"D",.,"A",30,"D",.,"A",45,"D",780,"D",.,"A",.,"A",.,"A",.,"A",.,"A",.,"A",.,"A",.,"A"
"20102",2223953,71,0,"1",.,"A",.,"A",.,"A",.,"A",.,"A",.,"A",.,"A",.,"A",.,"A",.,"A",.,"A",.,"A",17,"D",.,"A",.,"A"
"20102",2223963,61,0,"1",.,"A",.,"A",.,"A",.,"A",.,"A",.,"A",.,"A",.,"A",.,"A",.,"A",.,"A",.,"A",50,"D",.,"A",.,"A"
"20102",2223973,37,0,"1",.,"A",.,"A",.,"A",.,"A",.,"A",.,"A",481,"D",.,"A",.,"A",.,"A",.,"A",.,"A",80,"D",.,"A",.,"A"
"20102",2224003,42,0,"1",.,"A",.,"A",.,"A",.,"A",.,"A",.,"A",.,"A",.,"A",.,"A",.,"A",.,"A",.,"A",.,"A",.,"A",.,"A"
"20102",2224013,54,0,"1",.,"A",.,"A",.,"A",.,"A",.,"A",.,"A",.,"A",.,"A",.,"A",.,"A",.,"A",.,"A",30,"D",.,"A",.,"A"
"20102",2224023,49,0,"1",.,"A",.,"A",.,"A",.,"A",.,"A",.,"A",.,"A",.,"A",.,"A",.,"A",.,"A",.,"A",45,"D",.,"A",.,"A"
"20102",2224033,39,0,"1",.,"A",.,"A",.,"A",.,"A",.,"A",.,"A",.,"A",.,"A",.,"A",.,"A",.,"A",.,"A",28,"D",.,"A",.,"A"
"20102",2224043,39,0,"1",.,"A",.,"A",.,"A",.,"A",.,"A",.,"A",.,"A",.,"A",.,"A",.,"A",.,"A",.,"A",.,"A",.,"A",.,"A"
"20102",2224053,35,0,"1",.,"A",.,"A",.,"A",.,"A",.,"A",.,"A",260,"D",.,"A",.,"A",.,"A",.,"A",.,"A",.,"A",.,"A",.,"A"
"20102",2224063,34,0,"1",.,"A",.,"A",.,"A",.,"A",.,"A",.,"A",.,"A",.,"A",.,"A",.,"A",.,"A",.,"A",.,"A",.,"A",.,"A"
"20102",2224073,51,0,"1",.,"A",.,"A",.,"A",.,"A",.,"A",.,"A",.,"A",.,"A",.,"A",.,"A",.,"A",.,"A",60,"D",.,"A",.,"A"
"20102",2224103,36,0,"1",.,"A",.,"A",.,"A",.,"A",.,"A",.,"A",.,"A",.,"A",.,"A",.,"A",.,"A",.,"A",.,"A",.,"A",.,"A"
"20102",2224113,68,0,"1",.,"A",.,"A",.,"A",.,"A",.,"A",150,"D",.,"A",.,"A",.,"A",90,"D",0,"D",0,"D",75,"D",30,"D",.,"A"
"20102",2224153,62,0,"1",.,"A",.,"A",.,"A",.,"A",.,"A",150,"D",.,"A",.,"A",.,"A",.,"A",.,"A",.,"A",250,"D",.,"A",.,"A"
"20102",2224175,39,0,"1",.,"A",.,"A",.,"A",.,"A",.,"A",10,"D",91,"D",.,"A",.,"A",.,"A",.,"A",.,"A",.,"A",.,"A",.,"A"
"20102",2224195,28,0,"1",.,"A",.,"A",.,"A",.,"A",26,"D",.,"A",.,"A",.,"A",45,"F",.,"A",.,"A",.,"A",15,"D",.,"A",.,"A"
"20102",2224203,27,0,"1",.,"A",.,"A",.,"A",.,"A",.,"A",.,"A",.,"A",143,"D",.,"A",.,"A",.,"A",.,"A",.,"A",.,"A",.,"A"
"20102",2224215,43,0,"1",.,"A",.,"A",.,"A",.,"A",.,"A",40,"D",.,"A",.,"A",.,"A",.,"A",.,"A",.,"A",60,"D",.,"A",.,"A"
"20102",2224223,39,0,"1",.,"A",.,"A",.,"A",.,"A",48,"D",.,"A",195,"D",.,"A",.,"A",.,"A",.,"A",.,"A",.,"A",.,"A",.,"A"
"20102",2224233,49,0,"1",.,"A",.,"A",.,"A",.,"A",.,"A",.,"A",.,"A",.,"A",.,"A",.,"A",.,"A",.,"A",.,"A",.,"A",.,"A"
"20102",2224253,26,0,"1",.,"A",.,"A",.,"A",.,"A",.,"A",.,"A",.,"A",.,"A",.,"A",.,"A",.,"A",.,"A",.,"A",.,"A",.,"A"
"20102",2224265,26,0,"1",.,"A",.,"A",.,"A",.,"A",.,"A",.,"A",.,"A",.,"A",.,"A",.,"A",.,"A",.,"A",13,"D",.,"A",.,"A"
"20102",2224273,67,0,"1",.,"A",.,"A",.,"A",.,"A",.,"A",.,"A",.,"A",.,"A",.,"A",.,"A",.,"A",.,"A",50,"D",.,"A",.,"A"
"20102",2224295,32,0,"1",.,"A",.,"A",.,"A",.,"A",10,"D",.,"A",.,"A",.,"A",.,"A",.,"A",.,"A",.,"A",.,"A",.,"A",.,"A"
"20102",2224313,41,0,"1",.,"A",.,"A",.,"A",.,"A",.,"A",50,"D",.,"A",.,"A",.,"A",.,"A",.,"A",.,"A",275,"D",.,"A",.,"A"
"20102",2224323,27,0,"1",.,"A",.,"A",.,"A",.,"A",10,"D",.,"A",.,"A",.,"A",.,"A",.,"A",.,"A",.,"A",.,"A",.,"A",.,"A"
"20102",2224333,51,0,"1",.,"A",.,"A",.,"A",.,"A",.,"A",.,"A",.,"A",.,"A",.,"A",.,"A",.,"A",.,"A",45,"D",.,"A",.,"A"
"20102",2224345,25,0,"1",.,"A",.,"A",.,"A",.,"A",.,"A",.,"A",.,"A",.,"A",.,"A",.,"A",.,"A",.,"A",40,"D",.,"A",.,"A"
"20102",2224354,31,0,"1",.,"A",.,"A",.,"A",.,"A",.,"A",.,"A",.,"A",.,"A",.,"A",.,"A",.,"A",.,"A",.,"A",.,"A",.,"A"
"20102",2224363,29,0,"1",.,"A",.,"A",.,"A",.,"A",.,"A",.,"A",520,"D",.,"A",.,"A",.,"A",.,"A",.,"A",20,"D",.,"A",.,"A"
"20102",2224395,68,0,"1",.,"A",.,"A",.,"A",.,"A",.,"A",.,"A",.,"A",.,"A",.,"A",.,"A",.,"A",.,"A",.,"A",.,"A",.,"A"
"20102",2224404,32,0,"1",.,"A",.,"A",.,"A",.,"A",240,"D",.,"A",.,"A",.,"A",.,"A",105,"D",0,"D",0,"D",30,"D",35,"D",.,"A"
"20102",2224415,67,0,"1",.,"A",.,"A",.,"A",90,"D",.,"A",.,"A",.,"A",.,"A",45,"D",.,"A",.,"A",.,"A",90,"D",.,"A",.,"A"
"20102",2224433,41,0,"1",.,"A",.,"A",.,"A",.,"A",80,"D",80,"D",.,"A",.,"A",.,"A",.,"A",.,"A",.,"A",32,"D",.,"A",.,"A"
"20102",2224464,40,0,"1",.,"A",.,"A",.,"A",.,"A",130,"D",.,"A",.,"A",.,"A",.,"A",.,"A",.,"A",.,"A",.,"A",.,"A",.,"A"
"20102",2224484,65,0,"1",.,"A",.,"A",.,"A",.,"A",80,"D",150,"D",.,"A",.,"A",9,"D",.,"A",.,"A",.,"A",300,"D",.,"A",.,"A"
"20102",2224523,34,0,"1",.,"A",.,"A",.,"A",.,"A",.,"A",.,"A",.,"A",.,"A",.,"A",90,"D",0,"D",0,"D",60,"D",30,"D",.,"A"
"20102",2224543,67,0,"1",.,"A",.,"A",.,"A",.,"A",.,"A",.,"A",.,"A",.,"A",0,"D",.,"A",.,"A",.,"A",230,"D",.,"A",.,"A"
"20102",2224555,59,0,"1",.,"A",.,"A",.,"A",.,"A",.,"A",.,"A",.,"A",.,"A",.,"A",.,"A",.,"A",.,"A",15,"D",.,"A",.,"A"
"20102",2224574,57,0,"1",.,"A",.,"A",.,"A",.,"A",.,"A",.,"A",.,"A",.,"A",.,"A",.,"A",.,"A",.,"A",12,"D",.,"A",.,"A"
"20102",2224585,39,0,"1",.,"A",.,"A",.,"A",.,"A",.,"A",.,"A",234,"D",.,"A",.,"A",.,"A",.,"A",.,"A",.,"A",.,"A",.,"A"
"20102",2224614,35,0,"1",20,"D",.,"A",.,"A",.,"A",40,"D",.,"A",520,"D",.,"A",.,"A",.,"A",.,"A",.,"A",50,"D",.,"A",.,"A"
"20102",2224624,31,0,"1",0,"F",.,"A",.,"A",.,"A",10,"F",.,"A",130,"D",.,"A",.,"A",.,"A",.,"A",.,"A",17,"D",.,"A",.,"A"
"20102",2224653,47,0,"1",.,"A",.,"A",.,"A",.,"A",.,"A",.,"A",260,"D",117,"F",.,"A",.,"A",.,"A",.,"A",.,"A",.,"A",.,"A"
"20102",2224685,37,0,"1",.,"A",.,"A",.,"A",.,"A",.,"A",.,"A",390,"D",.,"A",.,"A",.,"A",.,"A",.,"A",.,"A",.,"A",.,"A"
"20102",2224704,64,0,"1",.,"A",.,"A",.,"A",.,"A",.,"A",.,"A",520,"D",.,"A",.,"A",.,"A",.,"A",.,"A",800,"D",.,"A",.,"A"
"20102",2224714,25,0,"1",.,"A",.,"A",.,"A",.,"A",.,"A",.,"A",.,"A",.,"A",.,"A",.,"A",.,"A",.,"A",.,"A",.,"A",.,"A"
"20102",2224735,59,0,"1",.,"A",.,"A",.,"A",.,"A",.,"A",.,"A",.,"A",.,"A",.,"A",.,"A",.,"A",.,"A",.,"A",.,"A",.,"A"
"20102",2224743,78,0,"1",.,"A",.,"A",.,"A",.,"A",90,"D",.,"A",689,"D",.,"A",.,"A",.,"A",.,"A",.,"A",.,"A",.,"A",.,"A"
"20102",2224755,47,0,"1",.,"A",.,"A",.,"A",.,"A",.,"A",.,"A",.,"A",.,"A",.,"A",.,"A",.,"A",.,"A",100,"D",.,"A",.,"A"
"20102",2224783,54,0,"1",.,"A",.,"A",.,"A",.,"A",.,"A",.,"A",.,"A",.,"A",.,"A",.,"A",.,"A",.,"A",100,"D",.,"A",.,"A"
"20102",2224795,34,0,"1",.,"A",.,"A",.,"A",.,"A",.,"A",.,"A",.,"A",.,"A",.,"A",.,"A",.,"A",.,"A",.,"A",.,"A",.,"A"
"20102",2224804,43,0,"1",.,"A",.,"A",.,"A",.,"A",.,"A",20,"D",.,"A",.,"A",15,"D",.,"A",.,"A",.,"A",14,"D",.,"A",.,"A"
"20102",2224813,33,0,"1",.,"A",.,"A",.,"A",.,"A",45,"F",.,"A",.,"A",.,"A",.,"A",.,"A",.,"A",.,"A",.,"A",.,"A",.,"A"
"20102",2224825,45,0,"1",.,"A",.,"A",.,"A",.,"A",100,"D",.,"A",.,"A",.,"A",.,"A",.,"A",.,"A",.,"A",.,"A",.,"A",.,"A"
"20102",2224833,52,0,"1",.,"A",.,"A",.,"A",.,"A",.,"A",.,"A",455,"D",.,"A",.,"A",.,"A",.,"A",.,"A",120,"D",.,"A",.,"A"
"20102",2224843,52,0,"1",.,"A",.,"A",.,"A",.,"A",.,"A",.,"A",.,"A",.,"A",.,"A",.,"A",.,"A",.,"A",174,"D",.,"A",.,"A"
"20102",2224853,109,0,"1",.,"A",.,"A",.,"A",.,"A",.,"A",.,"A",.,"A",.,"A",.,"A",0,"D",0,"D",9,"D",10,"D",0,"D",.,"A"
"20102",2224875,33,0,"1",.,"A",.,"A",.,"A",.,"A",.,"A",.,"A",.,"A",.,"A",.,"A",.,"A",.,"A",.,"A",.,"A",.,"A",.,"A"
"20102",2224885,33,0,"1",.,"A",.,"A",.,"A",.,"A",.,"A",.,"A",.,"A",.,"A",.,"A",.,"A",.,"A",.,"A",50,"D",.,"A",.,"A"
"20102",2224895,61,0,"1",.,"A",.,"A",.,"A",.,"A",.,"A",.,"A",.,"A",.,"A",.,"A",.,"A",.,"A",.,"A",.,"A",.,"A",.,"A"
"20102",2224905,61,0,"1",.,"A",.,"A",.,"A",.,"A",.,"A",.,"A",.,"A",.,"A",.,"A",.,"A",.,"A",.,"A",90,"D",.,"A",.,"A"
"20102",2224933,63,0,"1",.,"A",.,"A",.,"A",.,"A",.,"A",30,"D",.,"A",.,"A",.,"A",.,"A",.,"A",.,"A",100,"D",.,"A",.,"A"
"20102",2224954,36,0,"1",.,"A",.,"A",.,"A",.,"A",120,"D",100,"D",130,"D",.,"A",.,"A",.,"A",.,"A",.,"A",90,"D",.,"A",.,"A"
"20102",2224965,57,0,"1",.,"A",.,"A",.,"A",.,"A",.,"A",.,"A",.,"A",.,"A",.,"A",.,"A",.,"A",.,"A",30,"D",.,"A",.,"A"
"20102",2224973,26,0,"1",.,"A",.,"A",.,"A",.,"A",.,"A",.,"A",.,"A",.,"A",.,"A",.,"A",.,"A",.,"A",.,"A",.,"A",.,"A"
"20102",2224985,53,0,"1",.,"A",.,"A",.,"A",.,"A",.,"A",.,"A",.,"A",.,"A",12,"D",.,"A",.,"A",.,"A",45,"D",.,"A",.,"A"
"20102",2224994,38,0,"1",.,"A",.,"A",.,"A",.,"A",210,"D",.,"A",780,"D",.,"A",.,"A",.,"A",.,"A",.,"A",.,"A",.,"A",.,"A"
"20102",2225025,93,0,"1",.,"A",.,"A",.,"A",.,"A",.,"A",.,"A",.,"A",.,"A",.,"A",.,"A",.,"A",.,"A",50,"D",.,"A",.,"A"
"20102",2225033,62,0,"1",.,"A",.,"A",.,"A",.,"A",.,"A",.,"A",.,"A",.,"A",.,"A",.,"A",.,"A",.,"A",15,"D",.,"A",.,"A"
"20102",2225074,23,0,"1",.,"A",.,"A",.,"A",.,"A",.,"A",.,"A",.,"A",.,"A",.,"A",.,"A",.,"A",.,"A",60,"D",.,"A",.,"A"
"20102",2225083,37,0,"1",.,"A",.,"A",.,"A",.,"A",.,"A",.,"A",390,"D",.,"A",.,"A",.,"A",.,"A",.,"A",.,"A",.,"A",.,"A"
"20102",2225103,35,0,"1",.,"A",.,"A",.,"A",.,"A",.,"A",.,"A",.,"A",.,"A",.,"A",.,"A",.,"A",.,"A",.,"A",.,"A",.,"A"
"20102",2225113,37,0,"1",.,"A",.,"A",.,"A",.,"A",.,"A",.,"A",.,"A",.,"A",.,"A",.,"A",.,"A",.,"A",30,"D",.,"A",.,"A"
"20102",2225145,47,0,"1",.,"A",.,"A",.,"A",.,"A",.,"A",.,"A",.,"A",.,"A",.,"A",.,"A",.,"A",.,"A",30,"D",.,"A",.,"A"
"20102",2225153,29,0,"1",.,"A",.,"A",.,"A",.,"A",30,"D",.,"A",.,"A",.,"A",.,"A",.,"A",.,"A",.,"A",.,"A",.,"A",.,"A"
"20102",2225193,42,0,"1",.,"A",.,"A",.,"A",30,"D",90,"D",75,"D",.,"A",.,"A",.,"A",450,"D",0,"D",120,"D",300,"D",150,"D",.,"A"
"20102",2225244,30,0,"1",.,"A",.,"A",.,"A",.,"A",.,"A",.,"A",.,"A",.,"A",.,"A",.,"A",.,"A",.,"A",45,"D",.,"A",.,"A"
"20102",2225275,44,0,"1",.,"A",.,"A",.,"A",.,"A",.,"A",.,"A",.,"A",.,"A",.,"A",.,"A",.,"A",.,"A",300,"D",.,"A",.,"A"
"20102",2225284,29,0,"1",.,"A",.,"A",.,"A",.,"A",.,"A",.,"A",.,"A",.,"A",.,"A",.,"A",.,"A",.,"A",.,"A",.,"A",.,"A"
"20102",2225294,54,0,"1",.,"A",.,"A",.,"A",.,"A",.,"A",60,"D",.,"A",.,"A",.,"A",.,"A",.,"A",.,"A",240,"D",.,"A",.,"A"
"20102",2225315,33,0,"1",.,"A",.,"A",.,"A",.,"A",.,"A",.,"A",.,"A",.,"A",.,"A",.,"A",.,"A",.,"A",.,"A",.,"A",.,"A"
"20102",2225323,40,0,"1",.,"A",.,"A",.,"A",.,"A",60,"D",.,"A",.,"A",.,"A",.,"A",177,"D",0,"D",0,"D",10,"D",59,"D",.,"A"
"20102",2225345,29,0,"1",.,"A",.,"A",.,"A",.,"A",.,"A",.,"A",.,"A",.,"A",.,"A",.,"A",.,"A",.,"A",.,"A",.,"A",.,"A"
"20102",2225354,62,0,"1",.,"A",.,"A",.,"A",.,"A",.,"A",.,"A",.,"A",325,"F",.,"A",.,"A",.,"A",.,"A",.,"A",.,"A",.,"A"
"20102",2225365,50,0,"1",.,"A",.,"A",.,"A",.,"A",15,"D",.,"A",780,"D",52,"D",.,"A",.,"A",.,"A",.,"A",45,"D",.,"A",.,"A"
"20102",2225375,28,0,"1",.,"A",.,"A",.,"A",.,"A",.,"A",.,"A",.,"A",.,"A",.,"A",.,"A",.,"A",.,"A",.,"A",.,"A",.,"A"
"20102",2225395,27,0,"1",.,"A",.,"A",.,"A",.,"A",.,"A",.,"A",.,"A",.,"A",.,"A",.,"A",.,"A",.,"A",.,"A",.,"A",.,"A"
"20102",2225414,43,0,"1",.,"A",.,"A",.,"A",.,"A",.,"A",.,"A",.,"A",.,"A",.,"A",0,"D",0,"D",180,"D",120,"D",0,"D",.,"A"
"20102",2225425,47,0,"1",.,"A",.,"A",.,"A",.,"A",.,"A",.,"A",.,"A",.,"A",.,"A",738,"D",0,"D",0,"D",120,"D",246,"D",.,"A"
"20102",2225433,40,0,"1",.,"A",.,"A",.,"A",.,"A",.,"A",.,"A",.,"A",.,"A",.,"A",.,"A",.,"A",.,"A",150,"D",.,"A",.,"A"
"20102",2225443,43,0,"1",.,"A",.,"A",.,"A",.,"A",.,"A",.,"A",.,"A",.,"A",.,"A",.,"A",.,"A",.,"A",.,"A",.,"A",.,"A"
"20102",2225455,55,0,"1",.,"A",.,"A",.,"A",.,"A",.,"A",.,"A",.,"A",.,"A",.,"A",.,"A",.,"A",.,"A",.,"A",.,"A",.,"A"
"20102",2225484,38,0,"1",1,"D",.,"A",.,"A",10,"D",89,"D",.,"A",.,"A",.,"A",.,"A",.,"A",.,"A",.,"A",.,"A",.,"A",.,"A"
"20102",2225495,46,0,"1",.,"A",.,"A",.,"A",.,"A",.,"A",.,"A",.,"A",.,"A",.,"A",720,"D",0,"D",0,"D",.,"A",240,"D",720,"D"
"20102",2225503,46,0,"1",.,"A",.,"A",.,"A",.,"A",.,"A",.,"A",.,"A",.,"A",.,"A",.,"A",.,"A",.,"A",.,"A",.,"A",.,"A"
"20102",2225544,23,0,"1",.,"A",.,"A",.,"A",.,"A",.,"A",.,"A",.,"A",.,"A",.,"A",0,"D",0,"D",30,"D",30,"D",0,"D",.,"A"
"20102",2225554,35,0,"1",.,"A",.,"A",.,"A",.,"A",.,"A",.,"A",.,"A",.,"A",.,"A",.,"A",.,"A",.,"A",50,"D",.,"A",.,"A"
"20102",2225565,42,0,"1",.,"A",.,"A",.,"A",.,"A",.,"A",.,"A",.,"A",.,"A",.,"A",.,"A",.,"A",.,"A",50,"D",.,"A",.,"A"
"20102",2225573,25,0,"1",.,"A",.,"A",.,"A",.,"A",.,"A",.,"A",520,"D",.,"A",.,"A",.,"A",.,"A",.,"A",.,"A",.,"A",.,"A"
"20102",2225585,24,0,"1",.,"A",.,"A",.,"A",.,"A",54,"D",.,"A",169,"D",.,"A",.,"A",276,"D",0,"D",0,"D",.,"A",92,"D",.,"A"
"20102",2225604,24,0,"1",.,"A",.,"A",.,"A",.,"A",.,"A",.,"A",325,"D",.,"A",.,"A",.,"A",.,"A",.,"A",.,"A",.,"A",.,"A"
"20102",2225615,51,0,"1",.,"A",.,"A",.,"A",.,"A",.,"A",.,"A",.,"A",.,"A",.,"A",.,"A",.,"A",.,"A",450,"D",.,"A",.,"A"
"20102",2225623,71,0,"1",.,"A",.,"A",.,"A",35,"D",.,"A",.,"A",.,"A",.,"A",.,"A",.,"A",.,"A",.,"A",.,"A",.,"A",.,"A"
"20102",2225635,34,0,"1",.,"A",.,"A",.,"A",.,"A",.,"A",.,"A",.,"A",.,"A",.,"A",.,"A",.,"A",.,"A",.,"A",.,"A",.,"A"
"20102",2225653,29,0,"1",.,"A",.,"A",.,"A",.,"A",60,"D",.,"A",.,"A",.,"A",.,"A",.,"A",.,"A",.,"A",120,"D",.,"A",.,"A"
"20102",2225663,50,0,"1",.,"A",.,"A",.,"A",.,"A",.,"A",.,"A",.,"A",.,"A",12,"D",.,"A",.,"A",.,"A",60,"D",.,"A",.,"A"
"20102",2225675,76,0,"1",.,"A",.,"A",.,"A",.,"A",.,"A",220,"D",.,"A",.,"A",.,"A",480,"D",0,"D",120,"D",100,"D",160,"D",.,"A"
"20102",2225683,63,0,"1",.,"A",.,"A",.,"A",.,"A",.,"A",.,"A",.,"A",.,"A",24,"D",.,"A",.,"A",.,"A",350,"D",.,"A",.,"A"
"20102",2225693,80,0,"1",.,"A",.,"A",.,"A",.,"A",15,"D",.,"A",.,"A",.,"A",.,"A",.,"A",.,"A",.,"A",105,"D",.,"A",.,"A"
"20102",2225713,38,0,"1",.,"A",.,"A",.,"A",.,"A",.,"A",.,"A",.,"A",.,"A",12,"D",.,"A",.,"A",.,"A",.,"A",.,"A",.,"A"
"20102",2225725,26,0,"1",.,"A",.,"A",.,"A",.,"A",.,"A",.,"A",.,"A",.,"A",.,"A",.,"A",.,"A",.,"A",13,"D",.,"A",.,"A"
"20102",2225735,54,0,"1",.,"A",.,"A",.,"A",.,"A",.,"A",.,"A",.,"A",.,"A",300,"D",.,"A",.,"A",.,"A",177,"D",.,"A",.,"A"
"20102",2225743,29,0,"1",.,"A",.,"A",.,"A",.,"A",56,"D",100,"D",.,"A",.,"A",15,"D",480,"D",0,"D",30,"D",210,"D",160,"D",.,"A"
"20102",2225753,32,0,"1",.,"A",.,"A",.,"A",.,"A",.,"A",.,"A",.,"A",.,"A",.,"A",.,"A",.,"A",.,"A",13,"D",.,"A",.,"A"
"20102",2225784,33,0,"1",.,"A",.,"A",.,"A",.,"A",.,"A",.,"A",.,"A",.,"A",.,"A",.,"A",.,"A",.,"A",.,"A",.,"A",.,"A"
"20102",2225804,40,0,"1",.,"A",.,"A",.,"A",.,"A",.,"A",.,"A",.,"A",.,"A",.,"A",.,"A",.,"A",.,"A",60,"D",.,"A",.,"A"
"20102",2225814,42,0,"1",.,"A",.,"A",.,"A",.,"A",.,"A",.,"A",.,"A",.,"A",.,"A",180,"D",180,"D",0,"D",210,"D",60,"D",.,"A"
"20102",2225825,33,0,"1",.,"A",.,"A",.,"A",.,"A",.,"A",.,"A",.,"A",.,"A",.,"A",.,"A",.,"A",.,"A",.,"A",.,"A",.,"A"
"20102",2225845,31,0,"1",.,"A",.,"A",.,"A",.,"A",.,"A",.,"A",.,"A",.,"A",.,"A",.,"A",.,"A",.,"A",.,"A",.,"A",.,"A"
"20102",2225864,29,0,"1",.,"A",.,"A",.,"A",.,"A",.,"A",.,"A",.,"A",.,"A",.,"A",.,"A",.,"A",.,"A",.,"A",.,"A",.,"A"
"20102",2225875,48,0,"1",.,"A",.,"A",.,"A",.,"A",.,"A",225,"D",1040,"D",.,"A",.,"A",180,"D",0,"D",0,"D",20,"D",60,"D",.,"A"
"20102",2225884,59,0,"1",.,"A",.,"A",.,"A",.,"A",.,"A",135,"D",.,"A",.,"A",.,"A",.,"A",.,"A",.,"A",50,"D",.,"A",.,"A"
"20102",2225894,21,0,"1",.,"A",.,"A",.,"A",.,"A",.,"A",.,"A",260,"D",.,"A",.,"A",.,"A",.,"A",.,"A",39,"D",.,"A",.,"A"
"20102",2225915,36,0,"1",.,"A",.,"A",.,"A",.,"A",.,"A",.,"A",780,"D",.,"A",.,"A",.,"A",.,"A",.,"A",75,"D",.,"A",.,"A"
"20102",2225925,39,0,"1",.,"A",.,"A",.,"A",70,"D",20,"D",.,"A",.,"A",.,"A",.,"A",.,"A",.,"A",.,"A",.,"A",.,"A",.,"A"
"20102",2225945,49,0,"1",.,"A",.,"A",.,"A",.,"A",.,"A",.,"A",156,"D",.,"A",.,"A",.,"A",.,"A",.,"A",16,"D",.,"A",.,"A"
"20102",2225953,32,0,"1",.,"A",.,"A",.,"A",.,"A",40,"D",.,"A",.,"A",.,"A",.,"A",.,"A",.,"A",.,"A",.,"A",.,"A",.,"A"
"20102",2225964,29,0,"1",.,"A",.,"A",.,"A",.,"A",.,"A",.,"A",.,"A",.,"A",.,"A",.,"A",.,"A",.,"A",.,"A",.,"A",.,"A"
"20102",2225975,36,0,"1",.,"A",.,"A",.,"A",.,"A",.,"A",.,"A",.,"A",.,"A",.,"A",.,"A",.,"A",.,"A",60,"D",.,"A",.,"A"
"20102",2225983,35,0,"1",.,"A",.,"A",.,"A",.,"A",.,"A",15,"D",.,"A",.,"A",30,"D",0,"D",0,"D",0,"D",60,"D",0,"D",.,"A"
"20102",2225995,40,0,"1",.,"A",.,"A",.,"A",.,"A",.,"A",.,"A",.,"A",.,"A",.,"A",.,"A",.,"A",.,"A",.,"A",.,"A",.,"A"
"20102",2226013,42,0,"1",.,"A",.,"A",.,"A",.,"A",160,"D",.,"A",.,"A",.,"A",.,"A",0,"D",0,"D",60,"D",120,"D",0,"D",.,"A"
"20102",2226024,25,0,"1",.,"A",.,"A",.,"A",.,"A",180,"D",108,"D",.,"A",.,"A",.,"A",0,"D",0,"D",60,"D",78,"D",0,"D",.,"A"
"20102",2226035,38,0,"1",.,"A",.,"A",.,"A",.,"A",.,"A",.,"A",.,"A",.,"A",.,"A",.,"A",.,"A",.,"A",45,"D",.,"A",.,"A"
"20102",2226045,30,0,"1",30,"D",25,"D",.,"A",.,"A",100,"D",0,"D",.,"A",.,"A",30,"D",0,"D",0,"D",0,"D",.,"A",0,"D",.,"A"
"20102",2226065,49,0,"1",.,"A",.,"A",.,"A",.,"A",.,"A",.,"A",.,"A",.,"A",.,"A",.,"A",.,"A",.,"A",78,"D",.,"A",.,"A"
"20102",2226073,31,0,"1",.,"A",.,"A",.,"A",.,"A",.,"A",.,"A",.,"A",.,"A",.,"A",.,"A",.,"A",.,"A",.,"A",.,"A",.,"A"
"20102",2226093,25,0,"1",.,"A",.,"A",.,"A",.,"A",.,"A",.,"A",.,"A",.,"A",.,"A",.,"A",.,"A",.,"A",.,"A",.,"A",.,"A"
"20102",2226105,36,0,"1",.,"A",.,"A",.,"A",.,"A",.,"A",.,"A",.,"A",.,"A",.,"A",.,"A",.,"A",.,"A",.,"A",.,"A",.,"A"
"20102",2226115,34,0,"1",.,"A",.,"A",.,"A",.,"A",.,"A",.,"A",.,"A",.,"A",.,"A",.,"A",.,"A",.,"A",.,"A",.,"A",.,"A"
"20102",2226124,66,0,"1",.,"A",.,"A",.,"A",.,"A",.,"A",200,"D",.,"A",.,"A",.,"A",.,"A",.,"A",.,"A",500,"D",.,"A",.,"A"
"20102",2226134,41,0,"1",.,"A",.,"A",.,"A",.,"A",.,"A",.,"A",.,"A",.,"A",.,"A",.,"A",.,"A",.,"A",.,"A",.,"A",.,"A"
"20102",2226155,62,0,"1",.,"A",.,"A",.,"A",.,"A",.,"A",.,"A",195,"D",.,"A",18,"D",.,"A",.,"A",.,"A",40,"D",.,"A",.,"A"
"20102",2226164,33,0,"1",.,"A",.,"A",.,"A",.,"A",.,"A",.,"A",195,"D",.,"A",.,"A",.,"A",.,"A",.,"A",.,"A",.,"A",.,"A"
"20102",2226173,34,0,"1",.,"A",.,"A",.,"A",.,"A",.,"A",.,"A",.,"A",.,"A",.,"A",.,"A",.,"A",.,"A",.,"A",.,"A",.,"A"
"20102",2226183,40,0,"1",.,"A",.,"A",.,"A",.,"A",.,"A",.,"A",.,"A",.,"A",.,"A",.,"A",.,"A",.,"A",120,"D",.,"A",.,"A"
"20102",2226203,29,0,"1",.,"A",.,"A",.,"A",.,"A",36,"D",.,"A",455,"D",.,"A",.,"A",.,"A",.,"A",.,"A",.,"A",.,"A",.,"A"
"20102",2226213,39,0,"1",.,"A",.,"A",.,"A",.,"A",.,"A",.,"A",780,"D",.,"A",.,"A",.,"A",.,"A",.,"A",120,"D",.,"A",.,"A"
"20102",2226223,45,0,"1",.,"A",.,"A",.,"A",.,"A",.,"A",.,"A",.,"A",.,"A",.,"A",.,"A",.,"A",.,"A",.,"A",.,"A",.,"A"
"20102",2226234,30,0,"1",.,"A",.,"A",.,"A",.,"A",.,"A",.,"A",65,"D",.,"A",12,"D",.,"A",.,"A",.,"A",25,"D",.,"A",.,"A"
"20102",2226264,53,0,"1",.,"A",.,"A",.,"A",.,"A",.,"A",.,"A",.,"A",.,"A",.,"A",.,"A",.,"A",.,"A",.,"A",.,"A",.,"A"
"20102",2226275,39,0,"1",.,"A",.,"A",.,"A",.,"A",.,"A",.,"A",.,"A",.,"A",.,"A",.,"A",.,"A",.,"A",.,"A",.,"A",.,"A"
"20102",2226283,57,0,"1",.,"A",.,"A",.,"A",.,"A",.,"A",.,"A",156,"D",.,"A",489,"D",.,"A",.,"A",.,"A",.,"A",.,"A",.,"A"
"20102",2226295,31,0,"1",.,"A",.,"A",.,"A",.,"A",60,"D",.,"A",.,"A",.,"A",.,"A",.,"A",.,"A",.,"A",40,"D",.,"A",.,"A"
"20102",2226315,50,0,"1",.,"A",.,"A",.,"A",.,"A",.,"A",350,"D",.,"A",.,"A",.,"A",.,"A",.,"A",.,"A",250,"D",.,"A",.,"A"
"20102",2226324,42,0,"1",.,"A",.,"A",.,"A",.,"A",.,"A",.,"A",.,"A",.,"A",.,"A",.,"A",.,"A",.,"A",135,"D",.,"A",.,"A"
"20102",2226333,46,0,"1",10,"D",.,"A",.,"A",20,"D",20,"D",.,"A",.,"A",.,"A",.,"A",0,"D",0,"D",90,"D",.,"A",0,"D",.,"A"
"20102",2226355,44,0,"1",.,"A",.,"A",.,"A",.,"A",.,"A",.,"A",.,"A",.,"A",.,"A",.,"A",.,"A",.,"A",16,"D",.,"A",.,"A"
"20102",2226374,62,0,"1",.,"A",.,"A",.,"A",.,"A",.,"A",.,"A",.,"A",.,"A",45,"D",.,"A",.,"A",.,"A",.,"A",.,"A",.,"A"
"20102",2226385,58,0,"1",.,"A",.,"A",.,"A",.,"A",.,"A",.,"A",.,"A",.,"A",39,"D",.,"A",.,"A",.,"A",60,"D",.,"A",.,"A"
"20102",2226413,30,0,"1",.,"A",.,"A",.,"A",.,"A",20,"D",.,"A",585,"D",.,"A",.,"A",.,"A",.,"A",.,"A",.,"A",.,"A",.,"A"
"20102",2226423,43,0,"1",.,"A",.,"A",.,"A",.,"A",.,"A",.,"A",.,"A",.,"A",.,"A",.,"A",.,"A",.,"A",30,"D",.,"A",.,"A"
"20102",2226434,57,0,"1",.,"A",.,"A",.,"A",.,"A",.,"A",.,"A",65,"D",.,"A",9,"D",.,"A",.,"A",.,"A",40,"D",.,"A",.,"A"
"20102",2226444,42,0,"1",.,"A",.,"A",.,"A",.,"A",.,"A",.,"A",.,"A",325,"D",.,"A",.,"A",.,"A",.,"A",.,"A",.,"A",.,"A"
"20102",2226455,41,0,"1",.,"A",.,"A",.,"A",.,"A",.,"A",.,"A",.,"A",.,"A",.,"A",.,"A",.,"A",.,"A",60,"D",.,"A",.,"A"
"20102",2226463,22,0,"1",.,"A",.,"A",.,"A",.,"A",15,"D",.,"A",130,"D",.,"A",.,"A",.,"A",.,"A",.,"A",.,"A",.,"A",.,"A"
"20102",2226474,29,0,"1",.,"A",.,"A",.,"A",320,"D",.,"A",.,"A",.,"A",.,"A",75,"D",.,"A",.,"A",.,"A",.,"A",.,"A",.,"A"
"20102",2226484,80,0,"1",.,"A",.,"A",.,"A",.,"A",.,"A",.,"A",91,"D",.,"A",729,"D",.,"A",.,"A",.,"A",14,"D",.,"A",.,"A"
"20102",2226493,38,0,"1",.,"A",.,"A",.,"A",.,"A",20,"D",.,"A",.,"A",.,"A",.,"A",.,"A",.,"A",.,"A",40,"D",.,"A",.,"A"
"20102",2226505,40,0,"1",0,"F",.,"A",.,"A",.,"A",130,"F",.,"A",.,"A",.,"A",.,"A",.,"A",.,"A",.,"A",20,"D",.,"A",.,"A"
"20102",2226515,35,0,"1",.,"A",.,"A",.,"A",.,"A",20,"D",.,"A",.,"A",.,"A",.,"A",.,"A",.,"A",.,"A",40,"D",.,"A",.,"A"
"20102",2226525,48,0,"1",.,"A",.,"A",.,"A",.,"A",45,"D",.,"A",.,"A",.,"A",.,"A",.,"A",.,"A",.,"A",.,"A",.,"A",.,"A"
"20102",2226544,35,0,"1",.,"A",.,"A",.,"A",.,"A",.,"A",.,"A",.,"A",.,"A",.,"A",.,"A",.,"A",.,"A",240,"D",.,"A",.,"A"
"20102",2226575,65,0,"1",.,"A",.,"A",.,"A",.,"A",.,"A",100,"D",.,"A",.,"A",.,"A",.,"A",.,"A",.,"A",250,"D",.,"A",.,"A"
"20102",2226583,91,0,"1",.,"A",.,"A",.,"A",.,"A",.,"A",.,"A",.,"A",.,"A",.,"A",.,"A",.,"A",.,"A",656,"D",.,"A",.,"A"
"20102",2226613,31,0,"1",.,"A",.,"A",.,"A",.,"A",.,"A",.,"A",.,"A",.,"A",.,"A",.,"A",.,"A",.,"A",.,"A",.,"A",.,"A"
"20102",2226625,30,0,"1",.,"A",.,"A",.,"A",.,"A",.,"A",.,"A",.,"A",.,"A",.,"A",.,"A",.,"A",.,"A",.,"A",.,"A",.,"A"
"20102",2226643,36,0,"1",55,"D",.,"A",.,"A",.,"A",75,"D",.,"A",65,"D",.,"A",.,"A",60,"D",0,"D",0,"D",20,"D",20,"D",.,"A"
"20102",2226653,50,0,"1",.,"A",.,"A",.,"A",.,"A",.,"A",120,"D",.,"A",.,"A",.,"A",.,"A",.,"A",.,"A",90,"D",.,"A",.,"A"
"20102",2226674,54,0,"1",.,"A",.,"A",.,"A",.,"A",.,"A",.,"A",.,"A",.,"A",.,"A",.,"A",.,"A",.,"A",150,"D",.,"A",.,"A"
"20102",2226694,36,0,"1",.,"A",.,"A",.,"A",.,"A",.,"A",110,"D",.,"A",.,"A",.,"A",.,"A",.,"A",.,"A",70,"D",.,"A",.,"A"
"20102",2226705,71,0,"1",.,"A",.,"A",.,"A",.,"A",.,"A",.,"A",650,"D",.,"A",15,"F",.,"A",.,"A",.,"A",.,"A",.,"A",.,"A"
"20102",2226713,47,0,"1",90,"D",.,"A",.,"A",.,"A",90,"D",.,"A",455,"D",.,"A",.,"A",.,"A",.,"A",.,"A",200,"D",.,"A",.,"A"
"20102",2226734,34,0,"1",.,"A",.,"A",.,"A",.,"A",.,"A",.,"A",.,"A",.,"A",.,"A",.,"A",.,"A",.,"A",.,"A",.,"A",.,"A"
"20102",2226744,35,0,"1",.,"A",.,"A",.,"A",.,"A",.,"A",.,"A",.,"A",.,"A",60,"D",.,"A",.,"A",.,"A",.,"A",.,"A",.,"A"
"20102",2226753,23,0,"1",.,"A",.,"A",.,"A",.,"A",30,"D",.,"A",.,"A",.,"A",.,"A",0,"D",0,"D",30,"D",75,"D",0,"D",.,"A"
"20102",2226765,57,0,"1",.,"A",.,"A",.,"A",.,"A",.,"A",.,"A",.,"A",.,"A",.,"A",600,"D",0,"D",600,"D",60,"D",200,"D",.,"A"
"20102",2226774,33,0,"1",.,"A",.,"A",.,"A",.,"A",.,"A",.,"A",.,"A",.,"A",.,"A",0,"D",0,"D",30,"D",.,"A",0,"D",.,"A"
"20102",2226794,27,0,"1",.,"A",.,"A",.,"A",.,"A",.,"A",.,"A",.,"A",.,"A",.,"A",.,"A",.,"A",.,"A",.,"A",.,"A",.,"A"
"20102",2226804,68,0,"1",.,"A",.,"A",.,"A",.,"A",.,"A",.,"A",.,"A",.,"A",.,"A",.,"A",.,"A",.,"A",75,"D",.,"A",.,"A"
"20102",2226823,30,0,"1",.,"A",.,"A",.,"A",.,"A",.,"A",.,"A",.,"A",.,"A",.,"A",.,"A",.,"A",.,"A",.,"A",.,"A",.,"A"
"20102",2226835,29,0,"1",.,"A",.,"A",.,"A",.,"A",.,"A",.,"A",.,"A",.,"A",.,"A",.,"A",.,"A",.,"A",.,"A",.,"A",.,"A"
"20102",2226844,35,0,"1",.,"A",.,"A",.,"A",.,"A",.,"A",.,"A",65,"D",.,"A",.,"A",.,"A",.,"A",.,"A",.,"A",.,"A",.,"A"
"20102",2226854,30,0,"1",15,"D",.,"A",.,"A",.,"A",45,"D",.,"A",.,"A",.,"A",.,"A",.,"A",.,"A",.,"A",35,"D",.,"A",.,"A"
"20102",2226894,36,0,"1",.,"A",.,"A",.,"A",.,"A",.,"A",.,"A",78,"D",.,"A",.,"A",.,"A",.,"A",.,"A",.,"A",.,"A",.,"A"
"20102",2226905,46,0,"1",.,"A",.,"A",.,"A",.,"A",.,"A",.,"A",.,"A",.,"A",.,"A",.,"A",.,"A",.,"A",10,"D",.,"A",.,"A"
"20102",2226943,27,0,"1",.,"A",.,"A",.,"A",.,"A",10,"D",.,"A",.,"A",.,"A",.,"A",.,"A",.,"A",.,"A",100,"D",.,"A",.,"A"
"20102",2226954,53,0,"1",.,"A",.,"A",.,"A",.,"A",240,"D",120,"D",.,"A",.,"A",.,"A",.,"A",.,"A",.,"A",20,"D",.,"A",.,"A"
"20102",2226963,26,0,"1",.,"A",.,"A",.,"A",.,"A",6,"D",.,"A",.,"A",.,"A",.,"A",126,"D",0,"D",126,"D",20,"D",42,"D",.,"A"
"20102",2226975,49,0,"1",.,"A",.,"A",.,"A",.,"A",.,"A",.,"A",.,"A",.,"A",.,"A",.,"A",.,"A",.,"A",60,"D",.,"A",.,"A"
"20102",2226993,49,0,"1",.,"A",.,"A",.,"A",.,"A",.,"A",.,"A",.,"A",.,"A",.,"A",.,"A",.,"A",.,"A",40,"D",.,"A",.,"A"
"20102",2227013,26,0,"1",.,"A",.,"A",.,"A",.,"A",.,"A",.,"A",.,"A",.,"A",.,"A",.,"A",.,"A",.,"A",.,"A",.,"A",.,"A"
"20102",2227025,34,0,"1",.,"A",.,"A",.,"A",.,"A",100,"D",.,"A",195,"D",.,"A",.,"A",120,"D",105,"D",15,"D",.,"A",40,"D",.,"A"
"20102",2227035,47,0,"1",.,"A",.,"A",.,"A",120,"D",90,"D",.,"A",.,"A",.,"A",.,"A",0,"D",0,"D",300,"D",100,"D",0,"D",.,"A"
"20102",2227045,33,0,"1",0,"F",.,"A",.,"A",30,"D",30,"F",.,"A",650,"D",.,"A",.,"A",0,"D",0,"D",57,"D",.,"A",0,"D",.,"A"
"20102",2227054,73,0,"1",.,"A",.,"A",.,"A",.,"A",.,"A",.,"A",455,"D",.,"A",15,"D",.,"A",.,"A",.,"A",165,"D",.,"A",.,"A"
"20102",2227065,78,0,"1",.,"A",.,"A",.,"A",.,"A",.,"A",.,"A",.,"A",.,"A",9,"D",.,"A",.,"A",.,"A",30,"D",.,"A",.,"A"
"20102",2227075,56,0,"1",.,"A",.,"A",.,"A",20,"D",.,"A",.,"A",.,"A",.,"A",.,"A",.,"A",.,"A",.,"A",410,"D",.,"A",.,"A"
"20102",2227084,58,0,"1",.,"A",.,"A",.,"A",.,"A",8,"D",.,"A",.,"A",.,"A",.,"A",.,"A",.,"A",.,"A",50,"D",.,"A",.,"A"
"20102",2227105,39,0,"1",.,"A",.,"A",.,"A",.,"A",.,"A",.,"A",455,"D",.,"A",.,"A",.,"A",.,"A",.,"A",40,"D",.,"A",.,"A"
"20102",2227114,24,0,"1",.,"A",.,"A",.,"A",.,"A",.,"A",.,"A",.,"A",.,"A",.,"A",.,"A",.,"A",.,"A",.,"A",.,"A",.,"A"
"20102",2227125,32,0,"1",.,"A",.,"A",.,"A",.,"A",240,"D",.,"A",.,"A",.,"A",.,"A",300,"D",108,"D",0,"D",15,"D",100,"D",.,"A"
"20102",2227145,33,0,"1",.,"A",.,"A",.,"A",.,"A",30,"D",.,"A",.,"A",.,"A",.,"A",.,"A",.,"A",.,"A",22,"D",.,"A",.,"A"
"20102",2227153,35,0,"1",.,"A",.,"A",.,"A",.,"A",.,"A",.,"A",.,"A",.,"A",.,"A",.,"A",.,"A",.,"A",.,"A",.,"A",.,"A"
"20102",2227165,63,0,"1",.,"A",.,"A",.,"A",.,"A",.,"A",.,"A",.,"A",.,"A",.,"A",.,"A",.,"A",.,"A",190,"D",.,"A",.,"A"
"20102",2227193,52,0,"1",.,"A",.,"A",.,"A",.,"A",45,"D",.,"A",.,"A",.,"A",.,"A",.,"A",.,"A",.,"A",.,"A",.,"A",.,"A"
"20102",2227223,38,0,"1",.,"A",.,"A",.,"A",.,"A",.,"A",.,"A",.,"A",.,"A",.,"A",.,"A",.,"A",.,"A",.,"A",.,"A",.,"A"
"20102",2227233,32,0,"1",.,"A",.,"A",.,"A",.,"A",20,"D",.,"A",.,"A",.,"A",.,"A",.,"A",.,"A",.,"A",.,"A",.,"A",.,"A"
"20102",2227243,32,0,"1",.,"A",.,"A",.,"A",.,"A",30,"D",.,"A",.,"A",.,"A",.,"A",.,"A",.,"A",.,"A",.,"A",.,"A",.,"A"
"20102",2227254,57,0,"1",.,"A",.,"A",.,"A",50,"D",60,"D",.,"A",.,"A",.,"A",.,"A",.,"A",.,"A",.,"A",54,"D",.,"A",.,"A"
"20102",2227265,49,0,"1",.,"A",.,"A",.,"A",240,"D",60,"D",.,"A",1092,"D",.,"A",.,"A",.,"A",.,"A",.,"A",270,"D",.,"A",.,"A"
"20102",2227315,83,0,"1",.,"A",.,"A",.,"A",.,"A",.,"A",.,"A",.,"A",.,"A",.,"A",.,"A",.,"A",.,"A",90,"D",.,"A",.,"A"
"20102",2227324,54,0,"1",.,"A",.,"A",.,"A",.,"A",.,"A",.,"A",.,"A",.,"A",.,"A",.,"A",.,"A",.,"A",.,"A",.,"A",.,"A"
"20102",2227335,36,0,"1",.,"A",.,"A",.,"A",60,"D",30,"D",.,"A",.,"A",52,"D",.,"A",.,"A",.,"A",.,"A",.,"A",.,"A",.,"A"
"20102",2227343,33,0,"1",.,"A",.,"A",.,"A",.,"A",10,"D",.,"A",.,"A",.,"A",.,"A",90,"D",0,"D",0,"D",.,"A",30,"D",.,"A"
"20102",2227354,37,0,"1",.,"A",.,"A",.,"A",.,"A",.,"A",.,"A",.,"A",.,"A",.,"A",.,"A",.,"A",.,"A",75,"D",.,"A",.,"A"
"20102",2227363,37,0,"1",.,"A",.,"A",.,"A",.,"A",.,"A",.,"A",.,"A",.,"A",.,"A",.,"A",.,"A",.,"A",.,"A",.,"A",.,"A"
"20102",2227373,25,0,"1",.,"A",.,"A",.,"A",.,"A",.,"A",.,"A",.,"A",.,"A",.,"A",0,"D",0,"D",0,"D",.,"A",0,"D",.,"A"
"20102",2227383,36,0,"1",.,"A",.,"A",.,"A",.,"A",.,"A",.,"A",.,"A",.,"A",.,"A",.,"A",.,"A",.,"A",.,"A",.,"A",.,"A"
"20102",2227404,26,0,"1",4,"D",.,"A",.,"A",.,"A",6,"D",.,"A",.,"A",.,"A",.,"A",.,"A",.,"A",.,"A",.,"A",.,"A",.,"A"
"20102",2227425,63,0,"1",.,"A",.,"A",.,"A",.,"A",.,"A",.,"A",.,"A",.,"A",.,"A",.,"A",.,"A",.,"A",104,"D",.,"A",.,"A"
"20102",2227435,31,0,"1",.,"A",.,"A",.,"A",.,"A",39,"D",39,"D",390,"D",.,"A",.,"A",.,"A",.,"A",.,"A",.,"A",.,"A",.,"A"
"20102",2227445,50,0,"1",.,"A",.,"A",.,"A",.,"A",130,"D",.,"A",.,"A",.,"A",.,"A",.,"A",.,"A",.,"A",50,"D",.,"A",.,"A"
"20102",2227455,32,0,"1",.,"A",.,"A",.,"A",.,"A",180,"D",.,"A",390,"D",.,"A",.,"A",.,"A",.,"A",.,"A",.,"A",.,"A",.,"A"
"20102",2227465,78,0,"1",.,"A",.,"A",.,"A",20,"D",.,"A",84,"D",.,"A",.,"A",.,"A",.,"A",.,"A",.,"A",58,"D",.,"A",.,"A"
"20102",2227475,53,0,"1",.,"A",.,"A",.,"A",.,"A",.,"A",.,"A",650,"D",.,"A",.,"A",.,"A",.,"A",.,"A",15,"D",.,"A",.,"A"
"20102",2227484,53,0,"1",.,"A",.,"A",.,"A",.,"A",.,"A",.,"A",455,"D",.,"A",.,"A",.,"A",.,"A",.,"A",.,"A",.,"A",.,"A"
"20102",2227523,24,0,"1",.,"A",.,"A",.,"A",.,"A",10,"D",.,"A",.,"A",.,"A",15,"D",0,"D",0,"D",0,"D",.,"A",0,"D",.,"A"
"20102",2227533,81,0,"1",.,"A",.,"A",.,"A",30,"D",.,"A",.,"A",.,"A",.,"A",90,"D",.,"A",.,"A",.,"A",230,"D",.,"A",.,"A"
"20102",2227583,47,0,"1",.,"A",.,"A",.,"A",.,"A",40,"D",.,"A",.,"A",.,"A",.,"A",.,"A",.,"A",.,"A",30,"D",.,"A",.,"A"
"20102",2227605,31,0,"1",.,"A",.,"A",.,"A",.,"A",.,"A",.,"A",.,"A",.,"A",.,"A",165,"D",0,"D",0,"D",.,"A",55,"D",.,"A"
"20102",2227714,54,0,"1",.,"A",.,"A",.,"A",.,"A",.,"A",.,"A",169,"D",.,"A",.,"A",.,"A",.,"A",.,"A",24,"D",.,"A",.,"A"
"20102",2227722,32,0,"1",.,"A",.,"A",.,"A",.,"A",260,"D",.,"A",.,"A",.,"A",.,"A",.,"A",.,"A",.,"A",.,"A",.,"A",.,"A"
"20102",2227772,60,0,"1",.,"A",.,"A",.,"A",.,"A",.,"A",30,"D",.,"A",.,"A",.,"A",.,"A",.,"A",.,"A",100,"D",.,"A",.,"A"
"20102",2227782,35,0,"1",.,"A",.,"A",.,"A",.,"A",14,"D",.,"A",.,"A",.,"A",.,"A",.,"A",.,"A",.,"A",.,"A",.,"A",.,"A"
"20102",2227832,34,0,"1",.,"A",.,"A",.,"A",.,"A",15,"D",20,"D",.,"A",.,"A",.,"A",60,"D",0,"D",0,"D",.,"A",20,"D",.,"A"
"20102",2227842,66,0,"1",.,"A",.,"A",.,"A",.,"A",.,"A",.,"A",.,"A",.,"A",.,"A",.,"A",.,"A",.,"A",48,"D",.,"A",.,"A"
"20102",2227882,42,0,"1",.,"A",.,"A",.,"A",.,"A",.,"A",.,"A",.,"A",.,"A",.,"A",.,"A",.,"A",.,"A",20,"D",.,"A",.,"A"
"20102",2227972,28,0,"1",.,"A",.,"A",.,"A",.,"A",60,"D",.,"A",650,"D",.,"A",.,"A",.,"A",.,"A",.,"A",.,"A",.,"A",.,"A"
"20102",2227995,38,0,"1",.,"A",.,"A",.,"A",.,"A",.,"A",.,"A",650,"D",.,"A",.,"A",135,"D",0,"D",45,"D",100,"D",45,"D",.,"A"
"20102",2228072,39,0,"1",.,"A",.,"A",.,"A",.,"A",.,"A",.,"A",260,"D",.,"A",.,"A",.,"A",.,"A",.,"A",.,"A",.,"A",.,"A"
"20102",2228102,33,0,"1",.,"A",.,"A",.,"A",.,"A",.,"A",.,"A",.,"A",.,"A",.,"A",.,"A",.,"A",.,"A",.,"A",.,"A",.,"A"
"20102",2228112,57,0,"1",.,"A",.,"A",.,"A",.,"A",.,"A",.,"A",.,"A",.,"A",.,"A",.,"A",.,"A",.,"A",70,"D",.,"A",.,"A"
"20102",2228164,47,0,"1",.,"A",.,"A",.,"A",.,"A",.,"A",.,"A",312,"D",.,"A",.,"A",.,"A",.,"A",.,"A",24,"D",.,"A",.,"A"
"20102",2228182,43,0,"1",.,"A",.,"A",40,"D",300,"D",.,"A",200,"D",.,"A",.,"A",.,"A",120,"D",0,"D",75,"F",300,"D",40,"D",.,"A"
"20102",2228222,65,0,"1",.,"A",.,"A",.,"A",.,"A",.,"A",40,"D",.,"A",.,"A",30,"D",.,"A",.,"A",.,"A",300,"D",.,"A",.,"A"
"20102",2228322,50,0,"1",.,"A",.,"A",.,"A",.,"A",.,"A",.,"A",.,"A",.,"A",.,"A",.,"A",.,"A",.,"A",.,"A",.,"A",.,"A"
"20102",2228352,53,0,"1",.,"A",.,"A",.,"A",.,"A",.,"A",.,"A",.,"A",.,"A",.,"A",.,"A",.,"A",.,"A",45,"F",.,"A",.,"A"
"20102",2228372,78,0,"1",.,"A",.,"A",.,"A",.,"A",.,"A",.,"A",.,"A",.,"A",.,"A",.,"A",.,"A",.,"A",150,"D",.,"A",.,"A"
"20102",2228412,53,0,"1",.,"A",.,"A",.,"A",.,"A",.,"A",.,"A",.,"A",.,"A",.,"A",.,"A",.,"A",.,"A",15,"D",.,"A",.,"A"
"20102",2228442,43,0,"1",.,"A",.,"A",.,"A",.,"A",.,"A",.,"A",.,"A",.,"A",24,"D",.,"A",.,"A",.,"A",.,"A",.,"A",.,"A"
"20102",2228504,59,0,"1",.,"A",.,"A",.,"A",140,"D",30,"D",20,"D",.,"A",.,"A",.,"A",.,"A",.,"A",.,"A",85,"D",.,"A",.,"A"
"20102",2228584,38,0,"1",.,"A",.,"A",.,"A",.,"A",120,"D",.,"A",.,"A",.,"A",.,"A",.,"A",.,"A",.,"A",90,"D",.,"A",.,"A"
"20102",2228632,31,0,"1",.,"A",.,"A",.,"A",.,"A",.,"A",.,"A",.,"A",.,"A",.,"A",.,"A",.,"A",.,"A",.,"A",.,"A",.,"A"
"20102",2228702,41,0,"1",.,"A",.,"A",.,"A",.,"A",.,"A",.,"A",.,"A",.,"A",.,"A",.,"A",.,"A",.,"A",.,"A",.,"A",.,"A"
"20102",2228712,52,0,"1",.,"A",.,"A",.,"A",.,"A",.,"A",.,"A",.,"A",.,"A",.,"A",.,"A",.,"A",.,"A",60,"D",.,"A",.,"A"
"20102",2228792,38,0,"1",.,"A",.,"A",.,"A",.,"A",.,"A",.,"A",.,"A",.,"A",.,"A",.,"A",.,"A",.,"A",20,"D",.,"A",.,"A"
"20102",2228812,38,0,"1",.,"A",.,"A",.,"A",.,"A",120,"D",.,"A",.,"A",.,"A",.,"A",.,"A",.,"A",.,"A",25,"D",.,"A",.,"A"
"20102",2228822,35,0,"1",.,"A",.,"A",.,"A",.,"A",.,"A",.,"A",.,"A",.,"A",.,"A",.,"A",.,"A",.,"A",.,"A",.,"A",.,"A"
"20102",2228845,35,0,"1",.,"A",.,"A",.,"A",.,"A",120,"D",.,"A",.,"A",.,"A",.,"A",.,"A",.,"A",.,"A",60,"D",.,"A",.,"A"
"20102",2228852,44,0,"1",.,"A",.,"A",.,"A",.,"A",.,"A",.,"A",.,"A",.,"A",.,"A",.,"A",.,"A",.,"A",.,"A",.,"A",.,"A"
"20102",2228912,38,0,"1",.,"A",.,"A",.,"A",.,"A",.,"A",.,"A",.,"A",.,"A",.,"A",0,"D",60,"D",30,"D",78,"D",0,"D",.,"A"
"20102",2228932,25,0,"1",.,"A",.,"A",.,"A",.,"A",66,"D",.,"A",65,"D",.,"A",.,"A",.,"A",.,"A",.,"A",.,"A",.,"A",.,"A"
"20102",2228982,38,0,"1",.,"A",.,"A",.,"A",.,"A",.,"A",.,"A",650,"D",.,"A",.,"A",.,"A",.,"A",.,"A",.,"A",.,"A",.,"A"
"20102",2229012,54,0,"1",.,"A",.,"A",.,"A",.,"A",.,"A",35,"D",.,"A",.,"A",.,"A",.,"A",.,"A",.,"A",160,"D",.,"A",.,"A"
"20102",2229042,43,0,"1",.,"A",.,"A",.,"A",.,"A",.,"A",.,"A",.,"A",.,"A",.,"A",.,"A",.,"A",.,"A",60,"D",.,"A",.,"A"
"20102",2229162,53,0,"1",.,"A",.,"A",.,"A",.,"A",.,"A",.,"A",910,"D",.,"A",.,"A",.,"A",.,"A",.,"A",197,"D",.,"A",.,"A"
"20102",2229252,32,0,"1",.,"A",.,"A",.,"A",.,"A",.,"A",.,"A",.,"A",.,"A",.,"A",.,"A",.,"A",.,"A",.,"A",.,"A",.,"A"
"20102",2229272,56,0,"1",.,"A",.,"A",.,"A",.,"A",.,"A",.,"A",.,"A",.,"A",.,"A",.,"A",.,"A",.,"A",180,"D",.,"A",.,"A"
"20102",2229312,59,0,"1",.,"A",.,"A",.,"A",.,"A",.,"A",30,"D",.,"A",.,"A",.,"A",.,"A",.,"A",.,"A",250,"D",.,"A",.,"A"
"20102",2229333,48,0,"1",.,"A",.,"A",.,"A",.,"A",.,"A",60,"D",.,"A",.,"A",.,"A",.,"A",.,"A",.,"A",120,"D",.,"A",.,"A"
"20102",2229352,52,0,"1",.,"A",.,"A",44,"D",240,"D",.,"A",60,"D",.,"A",.,"A",.,"A",.,"A",.,"A",.,"A",45,"D",.,"A",.,"A"
"20102",2229362,67,0,"1",.,"A",.,"A",.,"A",.,"A",.,"A",.,"A",.,"A",13,"D",.,"A",.,"A",.,"A",.,"A",.,"A",.,"A",.,"A"
"20102",2229402,46,0,"1",.,"A",.,"A",.,"A",.,"A",.,"A",.,"A",.,"A",.,"A",.,"A",.,"A",.,"A",.,"A",250,"D",.,"A",.,"A"
"20102",2229432,42,0,"1",.,"A",.,"A",.,"A",.,"A",.,"A",.,"A",.,"A",.,"A",.,"A",.,"A",.,"A",.,"A",.,"A",.,"A",.,"A"
"20102",2229442,42,0,"1",.,"A",.,"A",.,"A",.,"A",.,"A",.,"A",.,"A",65,"D",.,"A",.,"A",.,"A",.,"A",.,"A",.,"A",.,"A"
"20102",2229452,38,0,"1",.,"A",.,"A",.,"A",.,"A",.,"A",160,"D",.,"A",.,"A",.,"A",.,"A",.,"A",.,"A",.,"A",.,"A",.,"A"
"20102",2229502,64,0,"1",.,"A",.,"A",.,"A",.,"A",.,"A",.,"A",.,"A",.,"A",.,"A",.,"A",.,"A",.,"A",120,"D",.,"A",.,"A"
"20102",2229552,52,0,"1",.,"A",.,"A",.,"A",.,"A",.,"A",.,"A",.,"A",.,"A",.,"A",.,"A",.,"A",.,"A",70,"D",.,"A",.,"A"
"20102",2229562,58,0,"1",.,"A",.,"A",.,"A",.,"A",.,"A",.,"A",.,"A",.,"A",.,"A",.,"A",.,"A",.,"A",130,"D",.,"A",.,"A"
"20102",2229653,74,0,"1",.,"A",.,"A",.,"A",.,"A",.,"A",112,"D",.,"A",.,"A",.,"A",.,"A",.,"A",.,"A",80,"D",.,"A",.,"A"
"20102",2229672,46,0,"1",.,"A",.,"A",.,"A",.,"A",.,"A",.,"A",.,"A",.,"A",.,"A",.,"A",.,"A",.,"A",.,"A",.,"A",.,"A"
"20102",2229812,48,0,"1",.,"A",.,"A",.,"A",.,"A",.,"A",.,"A",.,"A",.,"A",.,"A",.,"A",.,"A",.,"A",250,"D",.,"A",.,"A"
"20102",2229832,48,0,"1",.,"A",.,"A",.,"A",.,"A",.,"A",.,"A",273,"D",.,"A",.,"A",.,"A",.,"A",.,"A",400,"D",.,"A",.,"A"
"20102",2229872,54,0,"1",.,"A",.,"A",.,"A",.,"A",.,"A",.,"A",.,"A",.,"A",.,"A",.,"A",.,"A",.,"A",200,"D",.,"A",.,"A"
"20102",2229912,85,0,"1",.,"A",.,"A",.,"A",.,"A",.,"A",.,"A",195,"D",195,"D",27,"D",108,"D",0,"D",108,"D",150,"D",36,"D",.,"A"
"20102",2229952,61,0,"1",.,"A",.,"A",.,"A",.,"A",.,"A",.,"A",260,"D",156,"D",.,"A",.,"A",.,"A",.,"A",150,"D",.,"A",.,"A"
"20102",2229972,46,0,"1",.,"A",.,"A",.,"A",.,"A",.,"A",.,"A",.,"A",.,"A",.,"A",.,"A",.,"A",.,"A",50,"D",.,"A",.,"A"
"20102",2230042,30,0,"1",.,"A",.,"A",.,"A",.,"A",40,"D",.,"A",390,"D",.,"A",.,"A",.,"A",.,"A",.,"A",60,"D",.,"A",.,"A"
"20102",2230122,50,0,"1",.,"A",.,"A",.,"A",.,"A",.,"A",210,"D",520,"F",.,"A",.,"A",.,"A",.,"A",.,"A",55,"D",.,"A",.,"A"
"20102",2230162,46,0,"1",.,"A",.,"A",.,"A",.,"A",.,"A",.,"A",780,"D",.,"A",.,"A",.,"A",.,"A",.,"A",.,"A",.,"A",.,"A"
"20102",2230232,61,0,"1",.,"A",.,"A",.,"A",.,"A",.,"A",.,"A",.,"A",.,"A",15,"D",.,"A",.,"A",.,"A",120,"D",.,"A",.,"A"
"20102",2230242,28,0,"1",.,"A",.,"A",.,"A",.,"A",10,"D",.,"A",39,"D",.,"A",.,"A",.,"A",.,"A",.,"A",.,"A",.,"A",.,"A"
"20102",2230252,36,0,"1",.,"A",.,"A",.,"A",.,"A",.,"A",.,"A",390,"D",.,"A",.,"A",.,"A",.,"A",.,"A",.,"A",.,"A",.,"A"
"20102",2230282,64,0,"1",.,"A",.,"A",.,"A",.,"A",.,"A",.,"A",286,"D",.,"A",.,"A",.,"A",.,"A",.,"A",40,"D",.,"A",.,"A"
"20102",2230302,30,0,"1",.,"A",.,"A",.,"A",.,"A",.,"A",.,"A",.,"A",.,"A",.,"A",.,"A",.,"A",.,"A",.,"A",.,"A",.,"A"
"20102",2230312,58,0,"1",.,"A",.,"A",.,"A",.,"A",.,"A",.,"A",.,"A",.,"A",.,"A",0,"D",0,"D",6,"D",90,"D",0,"D",.,"A"
"20102",2230332,34,0,"1",.,"A",.,"A",.,"A",.,"A",.,"A",.,"A",.,"A",.,"A",.,"A",.,"A",.,"A",.,"A",50,"D",.,"A",.,"A"
"20102",2230362,50,0,"1",.,"A",.,"A",.,"A",40,"D",.,"A",200,"D",.,"A",.,"A",60,"D",510,"D",0,"D",0,"D",30,"D",170,"D",.,"A"
"20102",2230422,62,0,"1",.,"A",.,"A",.,"A",.,"A",.,"A",.,"A",650,"D",.,"A",.,"A",.,"A",.,"A",.,"A",.,"A",.,"A",.,"A"
"20102",2230512,44,0,"1",.,"A",.,"A",.,"A",.,"A",.,"A",.,"A",910,"D",.,"A",.,"A",.,"A",.,"A",.,"A",.,"A",.,"A",.,"A"
"20102",2230542,58,0,"1",.,"A",.,"A",53,"F",.,"A",.,"A",25,"F",.,"A",.,"A",.,"A",.,"A",.,"A",.,"A",200,"F",.,"A",.,"A"
"20102",2230562,96,0,"1",.,"A",.,"A",.,"A",.,"A",.,"A",.,"A",.,"A",.,"A",0,"D",.,"A",.,"A",.,"A",45,"D",.,"A",.,"A"
"20102",2230622,62,0,"1",.,"A",.,"A",.,"A",.,"A",.,"A",.,"A",390,"D",.,"A",.,"A",.,"A",.,"A",.,"A",65,"D",.,"A",.,"A"
"20102",2230672,48,0,"1",.,"A",.,"A",.,"A",.,"A",.,"A",.,"A",.,"A",.,"A",.,"A",.,"A",.,"A",.,"A",67,"D",.,"A",.,"A"
"20102",2230682,66,0,"1",.,"A",.,"A",.,"A",.,"A",.,"A",.,"A",65,"D",.,"A",.,"A",.,"A",.,"A",.,"A",95,"D",.,"A",.,"A"
"20102",2230715,32,0,"1",.,"A",.,"A",.,"A",.,"A",.,"A",.,"A",.,"A",.,"A",.,"A",.,"A",.,"A",.,"A",200,"D",.,"A",.,"A"
"20102",2230752,31,0,"1",.,"A",.,"A",.,"A",.,"A",.,"A",.,"A",260,"D",.,"A",.,"A",.,"A",.,"A",.,"A",.,"A",.,"A",.,"A"
"20102",2230782,63,0,"1",.,"A",.,"A",.,"A",.,"A",.,"A",150,"D",.,"A",.,"A",.,"A",.,"A",.,"A",.,"A",105,"D",.,"A",.,"A"
"20102",2230792,35,0,"1",.,"A",.,"A",.,"A",.,"A",.,"A",.,"A",442,"D",.,"A",.,"A",.,"A",.,"A",.,"A",.,"A",.,"A",.,"A"
"20102",2230862,55,0,"1",.,"A",.,"A",.,"A",.,"A",.,"A",180,"D",.,"A",.,"A",.,"A",.,"A",.,"A",.,"A",101,"D",.,"A",.,"A"
"20102",2230892,55,0,"1",.,"A",.,"A",.,"A",.,"A",.,"A",.,"A",.,"A",.,"A",.,"A",.,"A",.,"A",.,"A",.,"A",.,"A",.,"A"
"20102",2230902,34,0,"1",.,"A",.,"A",.,"A",.,"A",.,"A",.,"A",.,"A",.,"A",.,"A",.,"A",.,"A",.,"A",.,"A",.,"A",.,"A"
"20102",2230932,41,0,"1",.,"A",.,"A",.,"A",.,"A",.,"A",.,"A",.,"A",.,"A",.,"A",.,"A",.,"A",.,"A",35,"D",.,"A",.,"A"
"20102",2230943,24,0,"1",10,"D",.,"A",.,"A",.,"A",30,"D",.,"A",.,"A",.,"A",.,"A",.,"A",.,"A",.,"A",110,"D",.,"A",.,"A"
"20102",2230952,51,0,"1",.,"A",.,"A",.,"A",.,"A",.,"A",.,"A",.,"A",.,"A",.,"A",.,"A",.,"A",.,"A",.,"A",.,"A",.,"A"
"20102",2230962,48,0,"1",.,"A",.,"A",.,"A",.,"A",.,"A",.,"A",.,"A",.,"A",.,"A",.,"A",.,"A",.,"A",80,"D",.,"A",.,"A"
"20102",2230974,28,0,"1",.,"A",.,"A",.,"A",.,"A",.,"A",.,"A",650,"D",.,"A",.,"A",.,"A",.,"A",.,"A",140,"D",.,"A",.,"A"
"20102",2231012,106,0,"1",.,"A",.,"A",.,"A",.,"A",.,"A",60,"D",.,"A",.,"A",.,"A",.,"A",.,"A",.,"A",225,"D",.,"A",.,"A"
"20102",2231022,54,0,"1",.,"A",.,"A",.,"A",.,"A",.,"A",.,"A",.,"A",.,"A",.,"A",.,"A",.,"A",.,"A",100,"D",.,"A",.,"A"
"20102",2231042,36,0,"1",.,"A",.,"A",.,"A",.,"A",.,"A",.,"A",.,"A",.,"A",.,"A",.,"A",.,"A",.,"A",.,"A",.,"A",.,"A"
"20102",2231062,35,0,"1",.,"A",.,"A",.,"A",.,"A",.,"A",.,"A",.,"A",.,"A",.,"A",.,"A",.,"A",.,"A",.,"A",.,"A",.,"A"
"20102",2231072,32,0,"1",.,"A",.,"A",.,"A",.,"A",.,"A",.,"A",.,"A",.,"A",.,"A",45,"D",6,"D",3,"D",.,"A",15,"D",150,"D"
"20102",2231132,33,0,"1",.,"A",.,"A",.,"A",.,"A",.,"A",25,"D",.,"A",.,"A",.,"A",.,"A",.,"A",.,"A",200,"D",.,"A",.,"A"
"20102",2231142,44,0,"1",.,"A",.,"A",.,"A",.,"A",.,"A",.,"A",.,"A",.,"A",.,"A",.,"A",.,"A",.,"A",50,"D",.,"A",.,"A"
"20102",2231192,67,0,"1",.,"A",.,"A",.,"A",.,"A",.,"A",.,"A",.,"A",.,"A",.,"A",.,"A",.,"A",.,"A",100,"D",.,"A",.,"A"
"20102",2231222,25,0,"1",.,"A",.,"A",.,"A",.,"A",16,"D",.,"A",234,"D",.,"A",.,"A",.,"A",.,"A",.,"A",20,"D",.,"A",.,"A"
"20102",2231283,59,0,"1",.,"A",.,"A",.,"A",.,"A",.,"A",.,"A",.,"A",.,"A",.,"A",.,"A",.,"A",.,"A",40,"D",.,"A",.,"A"
"20102",2231302,55,0,"1",.,"A",.,"A",.,"A",.,"A",.,"A",.,"A",650,"D",.,"A",.,"A",.,"A",.,"A",.,"A",120,"D",.,"A",.,"A"
"20102",2231342,42,0,"1",.,"A",.,"A",.,"A",.,"A",.,"A",.,"A",.,"A",.,"A",.,"A",.,"A",.,"A",.,"A",.,"A",.,"A",.,"A"
"20102",2231362,57,0,"1",.,"A",.,"A",.,"A",.,"A",.,"A",.,"A",.,"A",.,"A",270,"D",.,"A",.,"A",.,"A",230,"D",.,"A",.,"A"
"20102",2231432,79,0,"1",.,"A",.,"A",40,"D",.,"A",.,"A",.,"A",.,"A",.,"A",.,"A",.,"A",.,"A",.,"A",.,"A",.,"A",.,"A"
"20102",2231542,35,0,"1",.,"A",.,"A",.,"A",.,"A",.,"A",.,"A",.,"A",.,"A",.,"A",.,"A",.,"A",.,"A",.,"A",.,"A",.,"A"
"20102",2231552,40,0,"1",.,"A",.,"A",.,"A",.,"A",.,"A",.,"A",.,"A",.,"A",.,"A",.,"A",.,"A",.,"A",60,"D",.,"A",.,"A"
"20102",2231562,99,0,"1",.,"A",.,"A",.,"A",.,"A",.,"A",100,"D",.,"A",.,"A",.,"A",.,"A",.,"A",.,"A",165,"D",.,"A",.,"A"
"20102",2231582,49,0,"1",6,"D",.,"A",.,"A",.,"A",254,"D",.,"A",.,"A",.,"A",.,"A",.,"A",.,"A",.,"A",72,"D",.,"A",.,"A"
"20102",2231592,41,0,"1",.,"A",.,"A",.,"A",.,"A",.,"A",.,"A",.,"A",.,"A",150,"F",.,"A",.,"A",.,"A",50,"D",.,"A",.,"A"
"20102",2231602,32,0,"1",.,"A",.,"A",.,"A",.,"A",320,"D",.,"A",.,"A",.,"A",.,"A",.,"A",.,"A",.,"A",90,"D",.,"A",.,"A"
"20102",2231622,28,0,"1",.,"A",.,"A",.,"A",.,"A",.,"A",.,"A",.,"A",.,"A",.,"A",.,"A",.,"A",.,"A",.,"A",.,"A",.,"A"
"20102",2231702,60,0,"1",.,"A",.,"A",.,"A",.,"A",.,"A",.,"A",.,"A",.,"A",.,"A",.,"A",.,"A",.,"A",80,"D",.,"A",.,"A"
"20102",2231722,74,0,"1",20,"D",.,"A",.,"A",.,"A",0,"D",.,"A",195,"D",.,"A",.,"A",.,"A",.,"A",.,"A",96,"D",.,"A",.,"A"
"20102",2231742,58,0,"1",.,"A",.,"A",.,"A",.,"A",.,"A",.,"A",.,"A",.,"A",.,"A",.,"A",.,"A",.,"A",.,"A",.,"A",.,"A"
"20102",2231792,29,0,"1",.,"A",.,"A",.,"A",.,"A",.,"A",.,"A",.,"A",.,"A",.,"A",.,"A",.,"A",.,"A",25,"D",.,"A",.,"A"
"20102",2231802,38,0,"1",.,"A",.,"A",.,"A",150,"D",.,"A",.,"A",.,"A",.,"A",.,"A",.,"A",.,"A",.,"A",.,"A",.,"A",.,"A"
"20102",2231852,28,0,"1",.,"A",.,"A",.,"A",.,"A",.,"A",.,"A",.,"A",.,"A",.,"A",.,"A",.,"A",.,"A",.,"A",.,"A",.,"A"
"20102",2231882,42,0,"1",.,"A",.,"A",.,"A",.,"A",.,"A",.,"A",.,"A",.,"A",.,"A",.,"A",.,"A",.,"A",13,"D",.,"A",.,"A"
"20102",2231922,55,0,"1",.,"A",.,"A",.,"A",.,"A",.,"A",.,"A",1365,"D",.,"A",.,"A",.,"A",.,"A",.,"A",400,"D",.,"A",.,"A"
"20102",2231962,82,0,"1",.,"A",.,"A",.,"A",.,"A",.,"A",.,"A",.,"A",13,"D",.,"A",.,"A",.,"A",.,"A",60,"D",.,"A",.,"A"
"20102",2232014,26,0,"1",.,"A",.,"A",.,"A",.,"A",.,"A",.,"A",.,"A",.,"A",.,"A",.,"A",.,"A",.,"A",.,"A",.,"A",.,"A"
"20102",2232074,29,0,"1",.,"A",.,"A",.,"A",.,"A",.,"A",.,"A",.,"A",.,"A",.,"A",0,"D",0,"D",0,"D",40,"D",0,"D",.,"A"
"20102",2232112,29,0,"1",.,"A",.,"A",.,"A",.,"A",.,"A",.,"A",260,"D",.,"A",18,"D",0,"D",105,"D",0,"D",8,"D",0,"D",.,"A"
"20102",2232332,51,0,"1",.,"A",.,"A",.,"A",.,"A",.,"A",100,"D",.,"A",.,"A",.,"A",.,"A",.,"A",.,"A",84,"D",.,"A",.,"A"
"20102",2232442,40,0,"1",.,"A",.,"A",.,"A",.,"A",.,"A",35,"D",.,"A",.,"A",.,"A",.,"A",.,"A",.,"A",75,"D",.,"A",.,"A"
"20102",2232454,22,0,"1",20,"D",.,"A",.,"A",.,"A",50,"D",.,"A",130,"D",.,"A",9,"D",0,"D",0,"D",0,"D",60,"D",0,"D",.,"A"
"20102",2232472,20,0,"1",.,"A",.,"A",.,"A",.,"A",.,"A",.,"A",.,"A",.,"A",.,"A",.,"A",.,"A",.,"A",.,"A",.,"A",.,"A"
"20102",2232552,37,0,"1",.,"A",.,"A",.,"A",.,"A",.,"A",35,"D",156,"D",.,"A",27,"D",.,"A",.,"A",.,"A",.,"A",.,"A",.,"A"
"20102",2232605,27,0,"1",.,"A",.,"A",.,"A",.,"A",.,"A",40,"D",.,"A",.,"A",.,"A",.,"A",.,"A",.,"A",.,"A",.,"A",.,"A"
"20102",2232622,46,0,"1",.,"A",.,"A",.,"A",.,"A",.,"A",.,"A",.,"A",.,"A",.,"A",.,"A",.,"A",.,"A",.,"A",.,"A",.,"A"
"20102",2232662,68,0,"1",.,"A",.,"A",.,"A",.,"A",.,"A",.,"A",.,"A",.,"A",.,"A",.,"A",.,"A",.,"A",0,"D",.,"A",.,"A"
"20102",2232672,39,0,"1",.,"A",.,"A",.,"A",.,"A",.,"A",.,"A",.,"A",.,"A",.,"A",.,"A",.,"A",.,"A",.,"A",.,"A",.,"A"
"20102",2232684,33,0,"1",.,"A",.,"A",.,"A",.,"A",.,"A",.,"A",364,"D",.,"A",90,"D",.,"A",.,"A",.,"A",60,"D",.,"A",.,"A"
"20102",2232692,58,0,"1",.,"A",.,"A",25,"D",.,"A",.,"A",.,"A",.,"A",.,"A",.,"A",.,"A",.,"A",.,"A",70,"D",.,"A",.,"A"
"20102",2232722,43,0,"1",.,"A",.,"A",.,"A",.,"A",.,"A",.,"A",.,"A",.,"A",.,"A",.,"A",.,"A",.,"A",.,"A",.,"A",.,"A"
"20102",2232752,42,0,"1",.,"A",.,"A",.,"A",.,"A",.,"A",10,"D",.,"A",.,"A",.,"A",.,"A",.,"A",.,"A",25,"D",.,"A",.,"A"
"20102",2232792,44,0,"1",.,"A",.,"A",.,"A",.,"A",224,"D",.,"A",.,"A",.,"A",21,"D",.,"A",.,"A",.,"A",156,"D",.,"A",.,"A"
"20102",2232822,54,0,"1",.,"A",.,"A",.,"A",.,"A",.,"A",.,"A",195,"D",.,"A",.,"A",.,"A",.,"A",.,"A",125,"D",.,"A",.,"A"
"20102",2232832,38,0,"1",.,"A",.,"A",.,"A",.,"A",.,"A",.,"A",.,"A",.,"A",.,"A",.,"A",.,"A",.,"A",.,"A",.,"A",.,"A"
"20102",2232852,48,0,"1",.,"A",.,"A",.,"A",.,"A",.,"A",.,"A",.,"A",.,"A",.,"A",.,"A",.,"A",.,"A",.,"A",.,"A",.,"A"
"20102",2232882,38,0,"1",.,"A",.,"A",.,"A",.,"A",.,"A",.,"A",.,"A",.,"A",.,"A",.,"A",.,"A",.,"A",.,"A",.,"A",.,"A"
"20102",2232892,42,0,"1",.,"A",.,"A",.,"A",.,"A",.,"A",.,"A",.,"A",.,"A",18,"D",.,"A",.,"A",.,"A",30,"D",.,"A",.,"A"
"20102",2232912,42,0,"1",.,"A",.,"A",.,"A",.,"A",.,"A",.,"A",.,"A",.,"A",.,"A",.,"A",.,"A",.,"A",.,"A",.,"A",.,"A"
"20102",2232932,112,0,"1",.,"A",.,"A",25,"D",.,"A",.,"A",150,"D",.,"A",.,"A",90,"D",.,"A",.,"A",.,"A",250,"D",.,"A",.,"A"
"20102",2232942,34,0,"1",.,"A",.,"A",.,"A",.,"A",.,"A",.,"A",.,"A",.,"A",.,"A",.,"A",.,"A",.,"A",.,"A",.,"A",.,"A"
"20102",2232972,68,0,"1",.,"A",.,"A",.,"A",.,"A",.,"A",320,"D",.,"A",.,"A",.,"A",.,"A",.,"A",.,"A",200,"D",.,"A",.,"A"
"20102",2233012,64,0,"1",.,"A",.,"A",.,"A",.,"A",.,"A",.,"A",.,"A",.,"A",.,"A",.,"A",.,"A",.,"A",75,"D",.,"A",.,"A"
"20102",2233032,100,0,"1",.,"A",.,"A",.,"A",150,"D",.,"A",200,"D",.,"A",.,"A",30,"D",750,"D",6,"D",270,"D",260,"D",250,"D",.,"A"
"20102",2233042,40,0,"1",.,"A",.,"A",50,"D",.,"A",.,"A",.,"A",.,"A",.,"A",.,"A",.,"A",.,"A",.,"A",20,"D",.,"A",.,"A"
"20102",2233062,36,0,"1",.,"A",.,"A",.,"A",.,"A",.,"A",.,"A",.,"A",.,"A",.,"A",.,"A",.,"A",.,"A",.,"A",.,"A",.,"A"
"20102",2233222,41,0,"1",.,"A",.,"A",.,"A",.,"A",.,"A",.,"A",.,"A",.,"A",.,"A",.,"A",.,"A",.,"A",150,"D",.,"A",.,"A"
"20102",2233242,36,0,"1",0,"F",.,"A",.,"A",.,"A",280,"F",.,"A",.,"A",.,"A",.,"A",.,"A",.,"A",.,"A",177,"D",.,"A",.,"A"
"20102",2233272,38,0,"1",.,"A",.,"A",.,"A",.,"A",.,"A",.,"A",.,"A",.,"A",.,"A",.,"A",.,"A",.,"A",0,"D",.,"A",.,"A"
"20102",2233312,51,0,"1",.,"A",.,"A",.,"A",.,"A",.,"A",.,"A",.,"A",.,"A",.,"A",.,"A",.,"A",.,"A",.,"A",.,"A",.,"A"
"20102",2233382,41,0,"1",.,"A",.,"A",.,"A",.,"A",.,"A",.,"A",.,"A",.,"A",.,"A",.,"A",.,"A",.,"A",.,"A",.,"A",.,"A"
"20102",2233392,51,0,"1",.,"A",.,"A",37,"D",.,"A",.,"A",.,"A",.,"A",.,"A",.,"A",.,"A",.,"A",.,"A",65,"D",.,"A",.,"A"
"20102",2233402,67,0,"1",.,"A",.,"A",.,"A",.,"A",.,"A",300,"D",.,"A",.,"A",.,"A",.,"A",.,"A",.,"A",300,"D",.,"A",.,"A"
"20102",2233432,46,0,"1",.,"A",.,"A",.,"A",.,"A",.,"A",.,"A",.,"A",.,"A",.,"A",18,"D",0,"D",0,"D",40,"D",6,"D",.,"A"
"20102",2233472,42,0,"1",.,"A",.,"A",.,"A",.,"A",.,"A",.,"A",.,"A",.,"A",9,"D",.,"A",.,"A",.,"A",.,"A",.,"A",.,"A"
"20102",2233502,54,0,"1",.,"A",.,"A",.,"A",.,"A",.,"A",.,"A",975,"D",.,"A",.,"A",.,"A",.,"A",.,"A",.,"A",.,"A",.,"A"
"20102",2233572,47,0,"1",.,"A",.,"A",.,"A",.,"A",.,"A",.,"A",.,"A",.,"A",.,"A",.,"A",.,"A",.,"A",45,"D",.,"A",.,"A"
"20102",2233582,38,0,"1",.,"A",.,"A",.,"A",.,"A",.,"A",.,"A",.,"A",.,"A",.,"A",.,"A",.,"A",.,"A",36,"D",.,"A",.,"A"
"20102",2233682,28,0,"1",.,"A",.,"A",.,"A",.,"A",.,"A",.,"A",.,"A",.,"A",.,"A",.,"A",.,"A",.,"A",95,"D",.,"A",.,"A"
"20102",2233752,69,0,"1",.,"A",.,"A",.,"A",.,"A",.,"A",.,"A",260,"D",.,"A",.,"A",.,"A",.,"A",.,"A",180,"D",.,"A",.,"A"
"20102",2233802,41,0,"1",.,"A",.,"A",.,"A",.,"A",.,"A",650,"D",.,"A",.,"A",.,"A",.,"A",.,"A",.,"A",200,"D",.,"A",.,"A"
"20102",2233832,47,0,"1",.,"A",.,"A",.,"A",.,"A",.,"A",.,"A",.,"A",.,"A",.,"A",.,"A",.,"A",.,"A",110,"D",.,"A",.,"A"
"20102",2233902,26,0,"1",.,"A",.,"A",.,"A",.,"A",.,"A",.,"A",65,"D",104,"D",.,"A",0,"D",0,"D",0,"D",.,"A",0,"D",.,"A"
"20102",2233912,44,0,"1",.,"A",.,"A",.,"A",.,"A",.,"A",.,"A",.,"A",.,"A",.,"A",.,"A",.,"A",.,"A",30,"D",.,"A",.,"A"
"20102",2233952,34,0,"1",.,"A",.,"A",.,"A",.,"A",.,"A",.,"A",.,"A",.,"A",.,"A",.,"A",.,"A",.,"A",600,"F",.,"A",.,"A"
"20102",2234082,83,0,"1",.,"A",.,"A",.,"A",.,"A",.,"A",25,"D",.,"A",.,"A",.,"A",.,"A",.,"A",.,"A",150,"D",.,"A",.,"A"
"20102",2234152,31,0,"1",.,"A",.,"A",.,"A",.,"A",40,"D",.,"A",.,"A",.,"A",.,"A",.,"A",.,"A",.,"A",.,"A",.,"A",.,"A"
"20102",2234183,33,0,"1",.,"A",.,"A",.,"A",.,"A",.,"A",.,"A",.,"A",.,"A",.,"A",.,"A",.,"A",.,"A",.,"A",.,"A",.,"A"
"20102",2234232,47,0,"1",.,"A",.,"A",.,"A",.,"A",.,"A",.,"A",.,"A",.,"A",30,"D",.,"A",.,"A",.,"A",35,"D",.,"A",.,"A"
"20102",2234262,87,0,"1",.,"A",.,"A",.,"A",.,"A",.,"A",150,"D",.,"A",.,"A",.,"A",.,"A",.,"A",.,"A",325,"D",.,"A",.,"A"
"20102",2234372,61,0,"1",.,"A",.,"A",.,"A",.,"A",.,"A",.,"A",.,"A",.,"A",240,"D",.,"A",.,"A",.,"A",120,"D",.,"A",.,"A"
"20102",2234392,56,0,"1",.,"A",.,"A",.,"A",40,"D",.,"A",.,"A",.,"A",.,"A",.,"A",0,"D",0,"D",90,"D",50,"D",0,"D",.,"A"
"20102",2234412,83,0,"1",.,"A",.,"A",.,"A",60,"D",.,"A",300,"D",.,"A",.,"A",105,"D",.,"A",.,"A",.,"A",225,"D",.,"A",.,"A"
"20102",2234522,57,0,"1",.,"A",.,"A",.,"A",.,"A",.,"A",.,"A",.,"A",.,"A",.,"A",.,"A",.,"A",.,"A",.,"A",.,"A",.,"A"
"20102",2234532,46,0,"1",.,"A",.,"A",.,"A",.,"A",.,"A",.,"A",.,"A",.,"A",.,"A",.,"A",.,"A",.,"A",70,"F",.,"A",.,"A"
"20102",2234622,25,0,"1",.,"A",.,"A",.,"A",.,"A",.,"A",.,"A",.,"A",.,"A",.,"A",.,"A",.,"A",.,"A",.,"A",.,"A",.,"A"
"20102",2234662,97,0,"1",.,"A",.,"A",.,"A",.,"A",.,"A",1200,"D",.,"A",.,"A",.,"A",.,"A",.,"A",.,"A",750,"D",.,"A",.,"A"
"20102",2234682,37,0,"1",.,"A",.,"A",.,"A",.,"A",96,"D",.,"A",.,"A",.,"A",.,"A",.,"A",.,"A",.,"A",.,"A",.,"A",.,"A"
"20102",2234692,38,0,"1",.,"A",.,"A",.,"A",.,"A",.,"A",.,"A",.,"A",.,"A",.,"A",.,"A",.,"A",.,"A",100,"D",.,"A",.,"A"
"20102",2234772,39,0,"1",.,"A",.,"A",.,"A",.,"A",.,"A",.,"A",.,"A",.,"A",.,"A",.,"A",.,"A",.,"A",.,"A",.,"A",.,"A"
"20102",2234782,41,0,"1",.,"A",.,"A",.,"A",.,"A",.,"A",.,"A",.,"A",.,"A",.,"A",504,"D",0,"D",72,"D",.,"A",168,"D",.,"A"
"20102",2234855,52,0,"1",.,"A",.,"A",.,"A",.,"A",.,"A",.,"A",.,"A",.,"A",.,"A",.,"A",.,"A",.,"A",245,"D",.,"A",.,"A"
"20102",2234882,68,0,"1",.,"A",.,"A",.,"A",.,"A",.,"A",20,"D",.,"A",.,"A",15,"D",.,"A",.,"A",.,"A",100,"D",.,"A",.,"A"
"20102",2235012,74,0,"1",.,"A",12,"D",.,"A",.,"A",.,"A",0,"D",.,"A",.,"A",.,"A",.,"A",.,"A",.,"A",.,"A",.,"A",.,"A"
"20102",2235022,39,0,"1",.,"A",.,"A",63,"D",.,"A",.,"A",.,"A",.,"A",.,"A",.,"A",.,"A",.,"A",.,"A",.,"A",.,"A",.,"A"
"20102",2235032,40,0,"1",.,"A",.,"A",.,"A",70,"D",.,"A",.,"A",.,"A",.,"A",.,"A",.,"A",.,"A",.,"A",.,"A",.,"A",.,"A"
"20102",2235053,45,0,"1",.,"A",.,"A",.,"A",.,"A",.,"A",.,"A",.,"A",.,"A",.,"A",.,"A",.,"A",.,"A",360,"D",.,"A",.,"A"
"20102",2235102,51,0,"1",.,"A",.,"A",.,"A",.,"A",.,"A",3600,"D",455,"F",.,"A",.,"A",.,"A",.,"A",.,"A",3000,"D",.,"A",.,"A"
"20102",2235132,45,0,"1",.,"A",.,"A",.,"A",.,"A",.,"A",.,"A",520,"D",.,"A",.,"A",0,"D",0,"D",60,"D",.,"A",0,"D",.,"A"
"20102",2235152,66,0,"1",.,"A",.,"A",.,"A",.,"A",.,"A",.,"A",.,"A",.,"A",.,"A",.,"A",.,"A",.,"A",.,"A",.,"A",.,"A"
"20102",2235192,31,0,"1",.,"A",.,"A",.,"A",.,"A",.,"A",.,"A",.,"A",.,"A",.,"A",.,"A",.,"A",.,"A",.,"A",.,"A",.,"A"
"20102",2235223,37,0,"1",.,"A",.,"A",.,"A",.,"A",200,"D",.,"A",520,"D",.,"A",.,"A",.,"A",.,"A",.,"A",.,"A",.,"A",.,"A"
"20102",2235282,48,0,"1",.,"A",.,"A",.,"A",.,"A",.,"A",40,"D",.,"A",.,"A",.,"A",.,"A",.,"A",.,"A",100,"D",.,"A",.,"A"
"20102",2235302,44,0,"1",.,"A",.,"A",.,"A",.,"A",.,"A",.,"A",.,"A",.,"A",.,"A",.,"A",.,"A",.,"A",.,"A",.,"A",.,"A"
"20102",2235332,45,0,"1",300,"D",.,"A",.,"A",.,"A",300,"D",150,"D",.,"A",.,"A",.,"A",450,"D",0,"D",0,"D",200,"D",150,"D",.,"A"
"20102",2235502,60,0,"1",.,"A",.,"A",.,"A",.,"A",.,"A",.,"A",.,"A",650,"D",.,"A",.,"A",.,"A",.,"A",90,"D",.,"A",.,"A"
"20102",2235512,33,0,"1",.,"A",.,"A",.,"A",.,"A",120,"D",.,"A",.,"A",.,"A",.,"A",.,"A",.,"A",.,"A",.,"A",.,"A",.,"A"
"20102",2235522,62,0,"1",.,"A",.,"A",.,"A",20,"D",.,"A",20,"D",.,"A",.,"A",.,"A",.,"A",.,"A",.,"A",75,"D",.,"A",.,"A"
"20102",2235552,23,0,"1",.,"A",.,"A",.,"A",.,"A",.,"A",.,"A",.,"A",.,"A",.,"A",.,"A",.,"A",.,"A",.,"A",.,"A",.,"A"
"20102",2235572,39,0,"1",.,"A",.,"A",.,"A",.,"A",.,"A",.,"A",.,"A",.,"A",.,"A",.,"A",.,"A",.,"A",.,"A",.,"A",.,"A"
"20102",2235602,34,0,"1",.,"A",.,"A",.,"A",.,"A",.,"A",.,"A",.,"A",.,"A",.,"A",.,"A",.,"A",.,"A",.,"A",.,"A",.,"A"
"20102",2235702,45,0,"1",.,"A",.,"A",.,"A",.,"A",.,"A",.,"A",.,"A",.,"A",.,"A",.,"A",.,"A",.,"A",.,"A",.,"A",.,"A"
"20102",2235722,43,0,"1",.,"A",.,"A",.,"A",.,"A",35,"D",85,"D",.,"A",.,"A",.,"A",.,"A",.,"A",.,"A",250,"D",.,"A",.,"A"
"20102",2235732,27,0,"1",.,"A",.,"A",.,"A",.,"A",.,"A",.,"A",.,"A",.,"A",.,"A",.,"A",.,"A",.,"A",.,"A",.,"A",.,"A"
"20102",2235742,60,0,"1",.,"A",.,"A",.,"A",.,"A",.,"A",150,"D",.,"A",.,"A",.,"A",.,"A",.,"A",.,"A",100,"D",.,"A",.,"A"
"20102",2235762,33,0,"1",.,"A",.,"A",.,"A",.,"A",.,"A",.,"A",.,"A",.,"A",.,"A",.,"A",.,"A",.,"A",.,"A",.,"A",.,"A"
"20102",2235772,55,0,"1",.,"A",.,"A",.,"A",.,"A",.,"A",.,"A",.,"A",.,"A",.,"A",.,"A",.,"A",.,"A",87,"D",.,"A",.,"A"
"20102",2235832,46,0,"1",.,"A",.,"A",.,"A",.,"A",.,"A",.,"A",.,"A",.,"A",.,"A",.,"A",.,"A",.,"A",60,"D",.,"A",.,"A"
"20102",2235842,48,0,"1",.,"A",.,"A",.,"A",.,"A",.,"A",16,"D",.,"A",.,"A",24,"D",.,"A",.,"A",.,"A",75,"D",.,"A",.,"A"
"20102",2235852,26,0,"1",.,"A",.,"A",.,"A",.,"A",.,"A",.,"A",78,"D",.,"A",.,"A",.,"A",.,"A",.,"A",40,"D",.,"A",.,"A"
"20102",2235862,23,0,"1",.,"A",.,"A",.,"A",.,"A",.,"A",.,"A",.,"A",.,"A",.,"A",.,"A",.,"A",.,"A",.,"A",.,"A",.,"A"
"20102",2236044,36,0,"1",.,"A",.,"A",.,"A",.,"A",.,"A",.,"A",130,"D",.,"A",.,"A",.,"A",.,"A",.,"A",200,"D",.,"A",.,"A"
"20102",2236052,40,0,"1",.,"A",.,"A",.,"A",.,"A",.,"A",.,"A",.,"A",.,"A",.,"A",.,"A",.,"A",.,"A",.,"A",.,"A",.,"A"
"20102",2236142,40,0,"1",.,"A",.,"A",.,"A",.,"A",.,"A",.,"A",.,"A",.,"A",.,"A",.,"A",.,"A",.,"A",.,"A",.,"A",.,"A"
"20102",2236182,31,0,"1",.,"A",.,"A",.,"A",.,"A",.,"A",.,"A",.,"A",.,"A",.,"A",.,"A",.,"A",.,"A",.,"A",.,"A",.,"A"
"20102",2236202,78,0,"1",.,"A",.,"A",.,"A",.,"A",.,"A",.,"A",.,"A",.,"A",.,"A",.,"A",.,"A",.,"A",.,"A",.,"A",.,"A"
"20102",2236242,67,0,"1",.,"A",.,"A",.,"A",.,"A",.,"A",.,"A",.,"A",.,"A",.,"A",.,"A",.,"A",.,"A",35,"D",.,"A",.,"A"
"20102",2236252,47,0,"1",.,"A",.,"A",.,"A",.,"A",.,"A",30,"D",.,"A",.,"A",.,"A",.,"A",.,"A",.,"A",110,"D",.,"A",.,"A"
"20102",2236272,23,0,"1",.,"A",.,"A",.,"A",.,"A",.,"A",.,"A",.,"A",.,"A",.,"A",.,"A",.,"A",.,"A",.,"A",.,"A",.,"A"
"20102",2236293,31,0,"1",.,"A",.,"A",.,"A",.,"A",100,"D",.,"A",.,"A",.,"A",.,"A",0,"D",0,"D",0,"D",.,"A",0,"D",.,"A"
"20102",2236322,85,0,"1",.,"A",.,"A",.,"A",.,"A",.,"A",.,"A",.,"A",.,"A",.,"A",.,"A",.,"A",.,"A",110,"D",.,"A",.,"A"
"20102",2236392,40,0,"1",.,"A",.,"A",.,"A",.,"A",.,"A",.,"A",.,"A",.,"A",.,"A",.,"A",.,"A",.,"A",.,"A",.,"A",.,"A"
"20102",2236403,31,0,"1",.,"A",.,"A",.,"A",.,"A",.,"A",.,"A",.,"A",65,"D",.,"A",.,"A",.,"A",.,"A",120,"D",.,"A",.,"A"
"20102",2236412,71,0,"1",.,"A",.,"A",.,"A",.,"A",.,"A",30,"D",.,"A",.,"A",30,"D",.,"A",.,"A",.,"A",180,"D",.,"A",.,"A"
"20102",2236462,57,0,"1",.,"A",.,"A",.,"A",.,"A",.,"A",.,"A",.,"A",.,"A",.,"A",.,"A",.,"A",.,"A",.,"A",.,"A",.,"A"
"20102",2236522,66,0,"1",.,"A",.,"A",.,"A",.,"A",40,"D",.,"A",.,"A",.,"A",.,"A",.,"A",.,"A",.,"A",240,"D",.,"A",.,"A"
"20102",2236542,82,0,"1",10,"D",.,"A",.,"A",450,"D",86,"D",300,"D",.,"A",.,"A",72,"D",.,"A",.,"A",.,"A",190,"D",.,"A",.,"A"
"20102",2236622,49,0,"1",.,"A",.,"A",.,"A",.,"A",.,"A",.,"A",.,"A",.,"A",.,"A",.,"A",.,"A",.,"A",.,"A",.,"A",.,"A"
"20102",2236642,30,0,"1",.,"A",.,"A",.,"A",.,"A",.,"A",.,"A",.,"A",.,"A",.,"A",.,"A",.,"A",.,"A",.,"A",.,"A",.,"A"
"20102",2236692,25,0,"1",.,"A",.,"A",.,"A",.,"A",.,"A",.,"A",.,"A",.,"A",.,"A",.,"A",.,"A",.,"A",.,"A",.,"A",.,"A"
"20102",2236782,59,0,"1",.,"A",.,"A",18,"D",.,"A",.,"A",.,"A",.,"A",.,"A",.,"A",.,"A",.,"A",.,"A",100,"D",.,"A",.,"A"
"20102",2236802,44,0,"1",.,"A",.,"A",50,"D",.,"A",.,"A",.,"A",.,"A",.,"A",.,"A",.,"A",.,"A",.,"A",60,"D",.,"A",.,"A"
"20102",2236865,42,0,"1",.,"A",.,"A",.,"A",.,"A",.,"A",.,"A",.,"A",.,"A",.,"A",.,"A",.,"A",.,"A",.,"A",.,"A",.,"A"
"20102",2236892,22,0,"1",.,"A",.,"A",.,"A",.,"A",.,"A",.,"A",.,"A",.,"A",.,"A",.,"A",.,"A",.,"A",.,"A",.,"A",.,"A"
"20102",2236922,30,0,"1",.,"A",.,"A",.,"A",.,"A",.,"A",.,"A",.,"A",.,"A",.,"A",.,"A",.,"A",.,"A",120,"D",.,"A",.,"A"
"20102",2236992,88,0,"1",.,"A",.,"A",.,"A",.,"A",.,"A",.,"A",.,"A",.,"A",3,"D",.,"A",.,"A",.,"A",.,"A",.,"A",.,"A"
"20102",2237042,55,0,"1",.,"A",.,"A",.,"A",.,"A",.,"A",.,"A",.,"A",.,"A",.,"A",.,"A",.,"A",.,"A",200,"D",.,"A",.,"A"
"20102",2237082,48,0,"1",.,"A",.,"A",.,"A",.,"A",.,"A",.,"A",260,"D",.,"A",.,"A",.,"A",.,"A",.,"A",.,"A",.,"A",.,"A"
"20102",2237112,64,0,"1",.,"A",.,"A",16,"D",.,"A",.,"A",.,"A",650,"D",.,"A",.,"A",.,"A",.,"A",.,"A",.,"A",.,"A",.,"A"
"20102",2237122,54,0,"1",.,"A",.,"A",35,"D",.,"A",.,"A",.,"A",.,"A",.,"A",24,"D",.,"A",.,"A",.,"A",35,"D",.,"A",.,"A"
"20102",2237212,80,0,"1",.,"A",.,"A",.,"A",.,"A",.,"A",.,"A",.,"A",.,"A",.,"A",.,"A",.,"A",.,"A",140,"D",.,"A",.,"A"
"20102",2237232,57,0,"1",.,"A",.,"A",.,"A",.,"A",.,"A",6,"D",.,"A",.,"A",.,"A",.,"A",.,"A",.,"A",311,"D",.,"A",.,"A"
"20102",2237372,58,0,"1",.,"A",.,"A",.,"A",.,"A",.,"A",300,"D",.,"A",.,"A",.,"A",.,"A",.,"A",.,"A",300,"D",.,"A",.,"A"
"20102",2237384,23,0,"1",.,"A",.,"A",.,"A",.,"A",.,"A",.,"A",.,"A",.,"A",.,"A",.,"A",.,"A",.,"A",.,"A",.,"A",.,"A"
"20102",2237412,42,0,"1",.,"A",.,"A",.,"A",.,"A",.,"A",.,"A",.,"A",.,"A",.,"A",0,"D",0,"D",60,"D",.,"A",0,"D",.,"A"
"20102",2237462,42,0,"1",.,"A",.,"A",.,"A",.,"A",.,"A",.,"A",.,"A",.,"A",24,"D",.,"A",.,"A",.,"A",40,"D",.,"A",.,"A"
"20102",2237512,59,0,"1",.,"A",.,"A",.,"A",.,"A",.,"A",.,"A",.,"A",.,"A",.,"A",.,"A",.,"A",.,"A",120,"D",.,"A",.,"A"
"20102",2237592,40,0,"1",.,"A",.,"A",.,"A",.,"A",.,"A",.,"A",.,"A",.,"A",.,"A",.,"A",.,"A",.,"A",.,"A",.,"A",.,"A"
"20102",2237602,29,0,"1",.,"A",.,"A",.,"A",.,"A",.,"A",.,"A",.,"A",.,"A",.,"A",.,"A",.,"A",.,"A",.,"A",.,"A",.,"A"
"20102",2237662,88,0,"1",.,"A",.,"A",.,"A",10,"D",.,"A",.,"A",.,"A",.,"A",6,"D",0,"D",0,"D",18,"D",.,"A",0,"D",.,"A"
"20102",2237702,58,0,"1",.,"A",.,"A",.,"A",.,"A",.,"A",.,"A",.,"A",.,"A",.,"A",.,"A",.,"A",.,"A",40,"D",.,"A",.,"A"
"20102",2237742,25,0,"1",.,"A",.,"A",.,"A",.,"A",.,"A",.,"A",.,"A",.,"A",.,"A",.,"A",.,"A",.,"A",40,"D",.,"A",.,"A"
"20102",2237752,80,0,"1",.,"A",.,"A",.,"A",.,"A",.,"A",.,"A",.,"A",.,"A",.,"A",.,"A",.,"A",.,"A",68,"D",.,"A",.,"A"
"20102",2237762,62,0,"1",.,"A",.,"A",.,"A",.,"A",.,"A",.,"A",1300,"D",.,"A",.,"A",.,"A",.,"A",.,"A",130,"D",.,"A",.,"A"
"20102",2237772,37,0,"1",.,"A",.,"A",.,"A",.,"A",.,"A",.,"A",.,"A",.,"A",.,"A",.,"A",.,"A",.,"A",360,"D",.,"A",.,"A"
"20102",2237832,60,0,"1",.,"A",.,"A",.,"A",.,"A",.,"A",90,"D",.,"A",.,"A",.,"A",.,"A",.,"A",.,"A",150,"D",.,"A",.,"A"
"20102",2237872,35,0,"1",.,"A",.,"A",.,"A",.,"A",62,"D",160,"D",.,"A",.,"A",.,"A",.,"A",.,"A",.,"A",440,"D",.,"A",.,"A"
"20102",2237882,25,0,"1",.,"A",.,"A",.,"A",.,"A",.,"A",.,"A",.,"A",.,"A",.,"A",.,"A",.,"A",.,"A",22,"D",.,"A",.,"A"
"20102",2237892,25,0,"1",.,"A",.,"A",.,"A",.,"A",.,"A",.,"A",.,"A",.,"A",.,"A",.,"A",.,"A",.,"A",.,"A",.,"A",.,"A"
"20102",2237922,37,0,"1",.,"A",.,"A",.,"A",.,"A",.,"A",.,"A",.,"A",.,"A",.,"A",.,"A",.,"A",.,"A",.,"A",.,"A",.,"A"
"20102",2237935,39,0,"1",.,"A",.,"A",.,"A",.,"A",.,"A",.,"A",.,"A",.,"A",.,"A",.,"A",.,"A",.,"A",120,"D",.,"A",.,"A"
"20102",2237972,49,0,"1",.,"A",.,"A",.,"A",.,"A",.,"A",.,"A",.,"A",.,"A",.,"A",.,"A",.,"A",.,"A",.,"A",.,"A",.,"A"
"20102",2238014,20,0,"1",7,"D",.,"A",.,"A",.,"A",23,"D",.,"A",.,"A",.,"A",.,"A",.,"A",.,"A",.,"A",.,"A",.,"A",.,"A"
"20102",2238052,27,0,"1",.,"A",.,"A",.,"A",10,"D",.,"A",.,"A",.,"A",.,"A",.,"A",0,"D",0,"D",105,"D",.,"A",0,"D",.,"A"
"20102",2238135,39,0,"1",.,"A",.,"A",.,"A",.,"A",.,"A",.,"A",.,"A",.,"A",.,"A",.,"A",.,"A",.,"A",30,"D",.,"A",.,"A"
"20102",2238142,28,0,"1",.,"A",.,"A",.,"A",.,"A",360,"D",.,"A",65,"D",.,"A",.,"A",258,"D",0,"D",0,"D",.,"A",86,"D",.,"A"
"20102",2238162,42,0,"1",.,"A",.,"A",.,"A",.,"A",.,"A",.,"A",.,"A",.,"A",.,"A",.,"A",.,"A",.,"A",65,"D",.,"A",.,"A"
"20102",2238192,61,0,"1",.,"A",.,"A",.,"A",.,"A",.,"A",.,"A",.,"A",.,"A",.,"A",.,"A",.,"A",.,"A",125,"D",.,"A",.,"A"
"20102",2238202,52,0,"1",.,"A",.,"A",.,"A",.,"A",.,"A",60,"D",.,"A",.,"A",60,"D",.,"A",.,"A",.,"A",100,"D",.,"A",.,"A"
"20102",2238212,58,0,"1",.,"A",.,"A",.,"A",.,"A",80,"D",.,"A",.,"A",.,"A",90,"D",.,"A",.,"A",.,"A",90,"D",.,"A",.,"A"
"20102",2238252,41,0,"1",.,"A",.,"A",.,"A",.,"A",.,"A",60,"D",.,"A",.,"A",.,"A",.,"A",.,"A",.,"A",96,"D",.,"A",.,"A"
"20102",2238262,47,0,"1",.,"A",.,"A",.,"A",.,"A",.,"A",.,"A",.,"A",.,"A",3,"D",.,"A",.,"A",.,"A",300,"D",.,"A",.,"A"
"20102",2238282,35,0,"1",.,"A",.,"A",.,"A",.,"A",.,"A",.,"A",455,"D",.,"A",.,"A",.,"A",.,"A",.,"A",16,"D",.,"A",.,"A"
"20102",2238312,55,0,"1",.,"A",.,"A",.,"A",.,"A",.,"A",.,"A",208,"D",.,"A",.,"A",.,"A",.,"A",.,"A",50,"D",.,"A",.,"A"
"20102",2238502,27,0,"1",.,"A",.,"A",.,"A",.,"A",.,"A",.,"A",.,"A",.,"A",.,"A",.,"A",.,"A",.,"A",.,"A",.,"A",.,"A"
"20102",2238542,23,0,"1",.,"A",.,"A",.,"A",.,"A",40,"D",.,"A",130,"D",.,"A",.,"A",240,"D",0,"D",0,"D",60,"D",80,"D",.,"A"
"20102",2238552,64,0,"1",.,"A",20,"D",.,"A",.,"A",.,"A",10,"D",.,"A",39,"D",.,"A",.,"A",.,"A",.,"A",50,"D",.,"A",.,"A"
"20102",2238563,50,0,"1",.,"A",.,"A",.,"A",.,"A",.,"A",.,"A",.,"A",.,"A",6,"D",.,"A",.,"A",.,"A",50,"D",.,"A",.,"A"
"20102",2238602,55,0,"1",.,"A",.,"A",.,"A",.,"A",.,"A",.,"A",.,"A",.,"A",.,"A",.,"A",.,"A",.,"A",60,"D",.,"A",.,"A"
"20102",2238632,31,0,"1",.,"A",.,"A",.,"A",.,"A",.,"A",.,"A",.,"A",.,"A",.,"A",.,"A",.,"A",.,"A",.,"A",.,"A",.,"A"
"20102",2238655,26,0,"1",.,"A",.,"A",.,"A",.,"A",60,"D",.,"A",.,"A",.,"A",.,"A",.,"A",.,"A",.,"A",60,"D",.,"A",.,"A"
"20102",2238665,41,0,"1",.,"A",.,"A",.,"A",.,"A",.,"A",.,"A",.,"A",.,"A",.,"A",72,"D",0,"D",0,"D",350,"D",24,"D",.,"A"
"20102",2238672,23,0,"1",.,"A",.,"A",.,"A",.,"A",15,"D",.,"A",.,"A",.,"A",.,"A",.,"A",.,"A",.,"A",.,"A",.,"A",.,"A"
"20102",2238702,93,0,"1",.,"A",.,"A",.,"A",.,"A",.,"A",.,"A",.,"A",.,"A",.,"A",.,"A",.,"A",.,"A",180,"D",.,"A",.,"A"
"20102",2238792,44,0,"1",.,"A",.,"A",.,"A",.,"A",.,"A",.,"A",.,"A",195,"D",.,"A",.,"A",.,"A",.,"A",10,"D",.,"A",.,"A"
"20102",2238802,43,0,"1",.,"A",.,"A",.,"A",.,"A",.,"A",.,"A",.,"A",.,"A",.,"A",.,"A",.,"A",.,"A",30,"D",.,"A",.,"A"
"20102",2238812,65,0,"1",.,"A",.,"A",.,"A",.,"A",.,"A",.,"A",.,"A",.,"A",.,"A",.,"A",.,"A",.,"A",195,"D",.,"A",.,"A"
"20102",2238842,49,0,"1",.,"A",.,"A",.,"A",.,"A",.,"A",.,"A",.,"A",.,"A",.,"A",.,"A",.,"A",.,"A",180,"D",.,"A",.,"A"
"20102",2238862,52,0,"1",.,"A",.,"A",.,"A",.,"A",.,"A",.,"A",.,"A",.,"A",.,"A",.,"A",.,"A",.,"A",.,"A",.,"A",.,"A"
"20102",2238872,64,0,"1",.,"A",.,"A",.,"A",35,"D",.,"A",60,"D",.,"A",.,"A",.,"A",0,"D",0,"D",12,"D",100,"D",0,"D",.,"A"
"20102",2238892,35,0,"1",.,"A",.,"A",.,"A",.,"A",.,"A",.,"A",.,"A",.,"A",.,"A",.,"A",.,"A",.,"A",.,"A",.,"A",.,"A"
"20102",2238922,32,0,"1",.,"A",.,"A",.,"A",.,"A",60,"D",.,"A",.,"A",.,"A",.,"A",.,"A",.,"A",.,"A",.,"A",.,"A",.,"A"
"20102",2238985,45,0,"1",.,"A",.,"A",.,"A",.,"A",.,"A",.,"A",.,"A",.,"A",.,"A",.,"A",.,"A",.,"A",105,"D",.,"A",.,"A"
"20102",2239002,82,0,"1",.,"A",.,"A",.,"A",.,"A",.,"A",.,"A",455,"D",.,"A",.,"A",.,"A",.,"A",.,"A",62,"D",.,"A",.,"A"
"20102",2239022,31,0,"1",.,"A",.,"A",.,"A",.,"A",.,"A",.,"A",.,"A",.,"A",.,"A",.,"A",.,"A",.,"A",70,"D",.,"A",.,"A"
"20102",2239102,63,0,"1",.,"A",.,"A",.,"A",.,"A",.,"A",.,"A",546,"D",.,"A",.,"A",.,"A",.,"A",.,"A",60,"D",.,"A",.,"A"
"20102",2239192,52,0,"1",.,"A",.,"A",.,"A",80,"D",.,"A",.,"A",.,"A",.,"A",.,"A",.,"A",.,"A",.,"A",.,"A",.,"A",.,"A"
"20102",2239232,54,0,"1",.,"A",.,"A",.,"A",.,"A",.,"A",.,"A",.,"A",.,"A",.,"A",.,"A",.,"A",.,"A",125,"D",.,"A",.,"A"
"20102",2239252,45,0,"1",.,"A",.,"A",.,"A",.,"A",.,"A",.,"A",.,"A",.,"A",.,"A",.,"A",.,"A",.,"A",.,"A",.,"A",.,"A"
"20102",2239262,38,0,"1",.,"A",.,"A",.,"A",.,"A",.,"A",.,"A",.,"A",65,"D",.,"A",.,"A",.,"A",.,"A",10,"D",.,"A",.,"A"
"20102",2239282,56,0,"1",.,"A",.,"A",.,"A",.,"A",.,"A",100,"D",.,"A",.,"A",.,"A",.,"A",.,"A",.,"A",160,"D",.,"A",.,"A"
"20102",2239292,22,0,"1",.,"A",.,"A",.,"A",.,"A",.,"A",.,"A",.,"A",.,"A",.,"A",.,"A",.,"A",.,"A",15,"D",.,"A",.,"A"
"20102",2239332,33,0,"1",.,"A",.,"A",.,"A",.,"A",.,"A",.,"A",.,"A",.,"A",.,"A",.,"A",.,"A",.,"A",.,"A",.,"A",.,"A"
"20102",2239342,52,0,"1",.,"A",.,"A",.,"A",.,"A",.,"A",.,"A",.,"A",.,"A",.,"A",.,"A",.,"A",.,"A",220,"D",.,"A",.,"A"
"20102",2239372,70,0,"1",.,"A",.,"A",.,"A",.,"A",.,"A",.,"A",286,"D",.,"A",33,"D",.,"A",.,"A",.,"A",.,"A",.,"A",.,"A"
"20102",2239392,29,0,"1",.,"A",.,"A",.,"A",.,"A",.,"A",.,"A",.,"A",.,"A",.,"A",.,"A",.,"A",.,"A",.,"A",.,"A",.,"A"
"20102",2239402,28,0,"1",.,"A",.,"A",.,"A",.,"A",50,"D",.,"A",91,"D",.,"A",.,"A",.,"A",.,"A",.,"A",.,"A",.,"A",.,"A"
"20102",2239432,37,0,"1",.,"A",.,"A",.,"A",.,"A",.,"A",.,"A",.,"A",.,"A",.,"A",.,"A",.,"A",.,"A",.,"A",.,"A",.,"A"
"20102",2239542,41,0,"1",.,"A",.,"A",.,"A",.,"A",.,"A",60,"D",.,"A",.,"A",.,"A",.,"A",.,"A",.,"A",300,"D",.,"A",.,"A"
"20102",2239552,75,0,"1",.,"A",.,"A",.,"A",.,"A",.,"A",170,"D",.,"A",.,"A",.,"A",.,"A",.,"A",.,"A",355,"D",.,"A",.,"A"
"20102",2239572,40,0,"1",.,"A",.,"A",.,"A",.,"A",.,"A",.,"A",.,"A",.,"A",.,"A",.,"A",.,"A",.,"A",45,"D",.,"A",.,"A"
"20102",2239582,43,0,"1",.,"A",.,"A",.,"A",.,"A",.,"A",.,"A",260,"D",.,"A",.,"A",.,"A",.,"A",.,"A",.,"A",.,"A",.,"A"
"20102",2239622,46,0,"1",.,"A",.,"A",.,"A",.,"A",.,"A",30,"D",.,"A",.,"A",.,"A",.,"A",.,"A",.,"A",160,"D",.,"A",.,"A"
"20102",2239752,49,0,"1",3,"D",.,"A",.,"A",.,"A",0,"D",.,"A",.,"A",.,"A",.,"A",.,"A",.,"A",.,"A",45,"D",.,"A",.,"A"
"20102",2239812,47,0,"1",.,"A",.,"A",.,"A",.,"A",.,"A",.,"A",.,"A",.,"A",.,"A",.,"A",.,"A",.,"A",.,"A",.,"A",.,"A"
"20102",2239872,63,0,"1",.,"A",.,"A",.,"A",.,"A",.,"A",.,"A",.,"A",.,"A",.,"A",.,"A",.,"A",.,"A",170,"D",.,"A",.,"A"
"20102",2239932,79,0,"1",.,"A",.,"A",.,"A",.,"A",.,"A",.,"A",.,"A",.,"A",.,"A",.,"A",.,"A",.,"A",100,"D",.,"A",.,"A"
"20102",2239942,35,0,"1",.,"A",.,"A",.,"A",.,"A",30,"D",.,"A",.,"A",.,"A",.,"A",.,"A",.,"A",.,"A",.,"A",.,"A",.,"A"
"20102",2240032,28,0,"1",.,"A",.,"A",.,"A",.,"A",.,"A",.,"A",.,"A",.,"A",.,"A",.,"A",.,"A",.,"A",30,"D",.,"A",.,"A"
"20102",2240042,76,0,"1",.,"A",.,"A",.,"A",.,"A",.,"A",.,"A",.,"A",.,"A",.,"A",.,"A",.,"A",.,"A",65,"D",.,"A",.,"A"
"20102",2240053,24,0,"1",.,"A",.,"A",.,"A",.,"A",.,"A",.,"A",.,"A",.,"A",.,"A",.,"A",.,"A",.,"A",.,"A",.,"A",.,"A"
"20102",2240072,40,0,"1",.,"A",.,"A",.,"A",.,"A",.,"A",.,"A",.,"A",.,"A",.,"A",.,"A",.,"A",.,"A",.,"A",.,"A",.,"A"
"20102",2240084,42,0,"1",.,"A",.,"A",.,"A",.,"A",.,"A",.,"A",195,"D",.,"A",.,"A",.,"A",.,"A",.,"A",.,"A",.,"A",.,"A"
"20102",2240112,51,0,"1",.,"A",.,"A",.,"A",.,"A",.,"A",.,"A",.,"A",.,"A",180,"D",.,"A",.,"A",.,"A",.,"A",.,"A",.,"A"
"20102",2240182,35,0,"1",.,"A",.,"A",.,"A",.,"A",.,"A",.,"A",780,"D",.,"A",15,"D",.,"A",.,"A",.,"A",60,"D",.,"A",.,"A"
"20102",2240192,32,0,"1",.,"A",.,"A",.,"A",.,"A",.,"A",.,"A",130,"D",.,"A",.,"A",.,"A",.,"A",.,"A",.,"A",.,"A",.,"A"
"20102",2240212,64,0,"1",.,"A",.,"A",.,"A",.,"A",.,"A",.,"A",.,"A",.,"A",.,"A",.,"A",.,"A",.,"A",300,"D",.,"A",.,"A"
"20102",2240292,63,0,"1",.,"A",.,"A",.,"A",.,"A",.,"A",.,"A",156,"D",.,"A",.,"A",.,"A",.,"A",.,"A",390,"D",.,"A",.,"A"
"20102",2240332,58,0,"1",.,"A",.,"A",.,"A",.,"A",.,"A",.,"A",.,"A",.,"A",.,"A",.,"A",.,"A",.,"A",.,"A",.,"A",.,"A"
"20102",2240412,31,0,"1",.,"A",.,"A",.,"A",.,"A",.,"A",.,"A",.,"A",65,"D",30,"D",.,"A",.,"A",.,"A",.,"A",.,"A",.,"A"
"20102",2240442,38,0,"1",.,"A",.,"A",.,"A",.,"A",.,"A",.,"A",.,"A",.,"A",.,"A",.,"A",.,"A",.,"A",.,"A",.,"A",.,"A"
"20102",2240492,29,0,"1",.,"A",.,"A",.,"A",.,"A",30,"D",.,"A",.,"A",.,"A",.,"A",.,"A",.,"A",.,"A",.,"A",.,"A",.,"A"
"20102",2240514,51,0,"1",.,"A",.,"A",10,"D",.,"A",.,"A",.,"A",.,"A",.,"A",.,"A",.,"A",.,"A",.,"A",30,"D",.,"A",.,"A"
"20102",2240592,81,0,"1",.,"A",.,"A",.,"A",.,"A",.,"A",.,"A",.,"A",.,"A",.,"A",.,"A",.,"A",.,"A",30,"D",.,"A",.,"A"
"20102",2240642,51,0,"1",.,"A",.,"A",.,"A",.,"A",.,"A",.,"A",.,"A",.,"A",.,"A",.,"A",.,"A",.,"A",50,"D",.,"A",.,"A"
"20102",2240702,47,0,"1",.,"A",.,"A",.,"A",.,"A",.,"A",.,"A",.,"A",.,"A",.,"A",.,"A",.,"A",.,"A",.,"A",.,"A",.,"A"
"20102",2240722,32,0,"1",.,"A",.,"A",.,"A",.,"A",50,"D",.,"A",.,"A",.,"A",.,"A",.,"A",.,"A",.,"A",.,"A",.,"A",.,"A"
"20102",2240742,46,0,"1",.,"A",.,"A",.,"A",.,"A",.,"A",.,"A",377,"D",.,"A",.,"A",.,"A",.,"A",.,"A",45,"D",.,"A",.,"A"
"20102",2240802,57,0,"1",.,"A",.,"A",.,"A",.,"A",.,"A",50,"D",.,"A",.,"A",.,"A",.,"A",.,"A",.,"A",150,"D",.,"A",.,"A"
"20102",2240812,34,0,"1",20,"D",.,"A",.,"A",.,"A",280,"D",.,"A",.,"A",.,"A",.,"A",.,"A",.,"A",.,"A",.,"A",.,"A",.,"A"
"20102",2240842,33,0,"1",.,"A",.,"A",.,"A",.,"A",.,"A",.,"A",.,"A",.,"A",.,"A",.,"A",.,"A",.,"A",.,"A",.,"A",.,"A"
"20102",2240853,33,0,"1",.,"A",.,"A",.,"A",40,"D",.,"A",30,"D",.,"A",.,"A",75,"D",.,"A",.,"A",.,"A",60,"D",.,"A",.,"A"
"20102",2240862,76,0,"1",.,"A",.,"A",.,"A",.,"A",.,"A",.,"A",.,"A",.,"A",.,"A",.,"A",.,"A",.,"A",250,"D",.,"A",.,"A"
"20102",2240902,31,0,"1",.,"A",.,"A",.,"A",.,"A",.,"A",.,"A",.,"A",.,"A",.,"A",.,"A",.,"A",.,"A",20,"D",.,"A",.,"A"
"20102",2240922,66,0,"1",.,"A",.,"A",.,"A",.,"A",.,"A",.,"A",.,"A",.,"A",.,"A",.,"A",.,"A",.,"A",75,"D",.,"A",.,"A"
"20102",2240945,42,0,"1",.,"A",.,"A",.,"A",20,"D",.,"A",.,"A",.,"A",.,"A",.,"A",.,"A",.,"A",.,"A",.,"A",.,"A",.,"A"
"20102",2240982,64,0,"1",.,"A",.,"A",.,"A",.,"A",.,"A",.,"A",.,"A",.,"A",.,"A",.,"A",.,"A",.,"A",.,"A",.,"A",.,"A"
"20102",2241042,62,0,"1",.,"A",.,"A",.,"A",.,"A",.,"A",.,"A",.,"A",.,"A",.,"A",.,"A",.,"A",.,"A",24,"D",.,"A",.,"A"
"20102",2241062,44,0,"1",.,"A",.,"A",.,"A",.,"A",10,"D",.,"A",.,"A",.,"A",.,"A",.,"A",.,"A",.,"A",.,"A",.,"A",.,"A"
"20102",2241082,29,0,"1",.,"A",.,"A",.,"A",.,"A",10,"D",.,"A",.,"A",.,"A",.,"A",60,"D",0,"D",45,"D",.,"A",20,"D",36,"D"
"20102",2241092,64,0,"1",.,"A",.,"A",.,"A",.,"A",.,"A",20,"D",.,"A",.,"A",.,"A",.,"A",.,"A",.,"A",75,"D",.,"A",.,"A"
"20102",2241102,31,0,"1",.,"A",.,"A",.,"A",.,"A",.,"A",.,"A",.,"A",.,"A",.,"A",.,"A",.,"A",.,"A",140,"D",.,"A",.,"A"
"20102",2241132,36,0,"1",.,"A",.,"A",.,"A",.,"A",.,"A",.,"A",.,"A",.,"A",.,"A",.,"A",.,"A",.,"A",.,"A",.,"A",.,"A"
"20102",2241182,32,0,"1",.,"A",.,"A",.,"A",.,"A",.,"A",.,"A",.,"A",.,"A",.,"A",.,"A",.,"A",.,"A",.,"A",.,"A",.,"A"
"20102",2241192,32,0,"1",.,"A",.,"A",.,"A",.,"A",50,"D",.,"A",.,"A",.,"A",.,"A",.,"A",.,"A",.,"A",100,"D",.,"A",.,"A"
"20102",2241232,31,0,"1",.,"A",.,"A",.,"A",.,"A",.,"A",.,"A",130,"D",.,"A",.,"A",.,"A",.,"A",.,"A",77,"D",.,"A",.,"A"
"20102",2241292,31,0,"1",.,"A",.,"A",.,"A",.,"A",240,"D",.,"A",.,"A",.,"A",.,"A",.,"A",.,"A",.,"A",100,"D",.,"A",.,"A"
"20102",2241302,54,0,"1",.,"A",.,"A",.,"A",.,"A",.,"A",20,"D",.,"A",.,"A",.,"A",.,"A",.,"A",.,"A",150,"D",.,"A",.,"A"
"20102",2241322,39,0,"1",.,"A",.,"A",.,"A",250,"D",.,"A",80,"D",65,"D",.,"A",90,"D",210,"D",0,"D",45,"D",350,"D",70,"D",.,"A"
"20102",2241362,29,0,"1",.,"A",.,"A",.,"A",.,"A",.,"A",.,"A",.,"A",.,"A",.,"A",.,"A",.,"A",.,"A",.,"A",.,"A",.,"A"
"20102",2241392,86,0,"1",.,"A",.,"A",.,"A",.,"A",.,"A",.,"A",.,"A",.,"A",75,"D",.,"A",.,"A",.,"A",70,"D",.,"A",.,"A"
"20102",2241442,52,0,"1",.,"A",.,"A",.,"A",.,"A",.,"A",.,"A",.,"A",.,"A",.,"A",.,"A",.,"A",.,"A",.,"A",.,"A",.,"A"
"20102",2241462,34,0,"1",.,"A",.,"A",.,"A",.,"A",.,"A",.,"A",.,"A",.,"A",.,"A",.,"A",.,"A",.,"A",.,"A",.,"A",.,"A"
"20102",2241552,81,0,"1",.,"A",.,"A",.,"A",.,"A",.,"A",.,"A",.,"A",.,"A",.,"A",.,"A",.,"A",.,"A",22,"D",.,"A",.,"A"
"20102",2241572,57,0,"1",.,"A",.,"A",.,"A",.,"A",.,"A",.,"A",.,"A",.,"A",.,"A",.,"A",.,"A",.,"A",78,"D",.,"A",.,"A"
"20102",2241632,60,0,"1",.,"A",.,"A",.,"A",.,"A",.,"A",32,"D",.,"A",.,"A",.,"A",.,"A",.,"A",.,"A",85,"D",.,"A",.,"A"
"20102",2241672,89,0,"1",.,"A",.,"A",.,"A",30,"D",.,"A",100,"D",.,"A",.,"A",30,"D",0,"D",0,"D",30,"D",300,"D",0,"D",.,"A"
"20102",2241682,52,0,"1",.,"A",.,"A",.,"A",.,"A",.,"A",.,"A",.,"A",.,"A",.,"A",.,"A",.,"A",.,"A",.,"A",.,"A",.,"A"
"20102",2241712,79,0,"1",.,"A",.,"A",.,"A",.,"A",.,"A",50,"D",.,"A",.,"A",45,"D",9,"D",0,"D",0,"D",750,"D",3,"D",.,"A"
"20102",2241732,63,0,"1",.,"A",.,"A",.,"A",.,"A",.,"A",.,"A",260,"D",.,"A",.,"A",.,"A",.,"A",.,"A",160,"D",.,"A",.,"A"
"20102",2241762,52,0,"1",.,"A",.,"A",.,"A",.,"A",.,"A",.,"A",104,"D",.,"A",.,"A",.,"A",.,"A",.,"A",.,"A",.,"A",.,"A"
"20102",2241832,50,0,"1",.,"A",.,"A",.,"A",.,"A",.,"A",.,"A",.,"A",.,"A",.,"A",.,"A",.,"A",.,"A",.,"A",.,"A",.,"A"
"20102",2241842,51,0,"1",.,"A",.,"A",.,"A",.,"A",.,"A",100,"D",.,"A",.,"A",45,"D",.,"A",.,"A",.,"A",500,"D",.,"A",.,"A"
"20102",2241854,42,0,"1",.,"A",.,"A",.,"A",.,"A",.,"A",.,"A",.,"A",.,"A",.,"A",.,"A",.,"A",.,"A",.,"A",.,"A",.,"A"
"20102",2241893,32,0,"1",.,"A",.,"A",.,"A",.,"A",.,"A",.,"A",.,"A",.,"A",.,"A",.,"A",.,"A",.,"A",40,"D",.,"A",.,"A"
"20102",2241922,33,0,"1",.,"A",.,"A",.,"A",.,"A",.,"A",.,"A",.,"A",.,"A",.,"A",.,"A",.,"A",.,"A",100,"D",.,"A",.,"A"
"20102",2241972,49,0,"1",.,"A",.,"A",.,"A",.,"A",.,"A",.,"A",.,"A",.,"A",.,"A",.,"A",.,"A",.,"A",50,"D",.,"A",.,"A"
"20102",2241992,43,0,"1",.,"A",.,"A",.,"A",.,"A",.,"A",.,"A",.,"A",.,"A",.,"A",.,"A",.,"A",.,"A",.,"A",.,"A",.,"A"
"20102",2242024,20,0,"1",.,"A",.,"A",.,"A",.,"A",20,"D",.,"A",.,"A",.,"A",.,"A",30,"D",0,"D",30,"D",.,"A",10,"D",.,"A"
"20102",2242032,30,0,"1",.,"A",.,"A",.,"A",.,"A",.,"A",.,"A",.,"A",.,"A",.,"A",.,"A",.,"A",.,"A",.,"A",.,"A",.,"A"
"20102",2242062,66,0,"1",.,"A",.,"A",.,"A",.,"A",.,"A",16,"D",.,"A",.,"A",0,"D",0,"D",0,"D",0,"D",46,"D",0,"D",.,"A"
"20102",2242072,32,0,"1",.,"A",.,"A",.,"A",.,"A",.,"A",.,"A",.,"A",.,"A",.,"A",.,"A",.,"A",.,"A",.,"A",.,"A",.,"A"
"20102",2242122,29,0,"1",.,"A",.,"A",.,"A",.,"A",48,"D",.,"A",.,"A",.,"A",.,"A",.,"A",.,"A",.,"A",.,"A",.,"A",.,"A"
"20102",2242152,26,0,"1",.,"A",.,"A",.,"A",.,"A",30,"D",.,"A",.,"A",.,"A",.,"A",.,"A",.,"A",.,"A",.,"A",.,"A",.,"A"
"20102",2242234,31,0,"1",.,"A",.,"A",.,"A",.,"A",.,"A",.,"A",.,"A",.,"A",.,"A",.,"A",.,"A",.,"A",.,"A",.,"A",.,"A"
"20102",2242242,39,0,"1",.,"A",.,"A",.,"A",.,"A",.,"A",.,"A",.,"A",.,"A",.,"A",.,"A",.,"A",.,"A",.,"A",.,"A",.,"A"
"20102",2242272,45,0,"1",.,"A",.,"A",.,"A",.,"A",.,"A",.,"A",.,"A",.,"A",.,"A",.,"A",.,"A",.,"A",.,"A",.,"A",.,"A"
"20102",2242342,74,0,"1",.,"A",.,"A",.,"A",.,"A",.,"A",.,"A",.,"A",.,"A",.,"A",.,"A",.,"A",.,"A",60,"D",.,"A",.,"A"
"20102",2242352,43,0,"1",.,"A",.,"A",.,"A",.,"A",.,"A",.,"A",.,"A",.,"A",.,"A",.,"A",.,"A",.,"A",80,"D",.,"A",.,"A"
"20102",2242592,53,0,"1",.,"A",.,"A",30,"D",.,"A",.,"A",.,"A",.,"A",.,"A",.,"A",.,"A",.,"A",.,"A",65,"D",.,"A",.,"A"
"20102",2242602,63,0,"1",.,"A",.,"A",.,"A",.,"A",.,"A",.,"A",.,"A",.,"A",.,"A",.,"A",.,"A",.,"A",105,"D",.,"A",.,"A"
"20102",2242774,34,0,"1",.,"A",.,"A",.,"A",.,"A",.,"A",.,"A",.,"A",.,"A",.,"A",.,"A",.,"A",.,"A",.,"A",.,"A",.,"A"
"20102",2242822,40,0,"1",.,"A",.,"A",.,"A",.,"A",.,"A",.,"A",.,"A",.,"A",.,"A",.,"A",.,"A",.,"A",12,"D",.,"A",.,"A"
"20102",2242862,48,0,"1",.,"A",.,"A",.,"A",.,"A",.,"A",.,"A",.,"A",.,"A",.,"A",.,"A",.,"A",.,"A",.,"A",.,"A",.,"A"
"20102",2242943,38,0,"1",.,"A",.,"A",.,"A",30,"D",80,"D",.,"A",260,"D",.,"A",.,"A",.,"A",.,"A",.,"A",100,"D",.,"A",.,"A"
"20102",2242962,32,0,"1",.,"A",.,"A",.,"A",.,"A",10,"D",.,"A",.,"A",.,"A",.,"A",.,"A",.,"A",.,"A",.,"A",.,"A",.,"A"
"20102",2242982,32,0,"1",.,"A",.,"A",.,"A",.,"A",.,"A",.,"A",.,"A",.,"A",.,"A",.,"A",.,"A",.,"A",.,"A",.,"A",.,"A"
"20102",2243032,29,0,"1",.,"A",.,"A",.,"A",.,"A",.,"A",.,"A",195,"D",.,"A",.,"A",.,"A",.,"A",.,"A",150,"D",.,"A",.,"A"
"20102",2243042,45,0,"1",.,"A",.,"A",.,"A",.,"A",.,"A",.,"A",.,"A",.,"A",.,"A",.,"A",.,"A",.,"A",60,"D",.,"A",.,"A"
"20102",2243102,25,0,"1",.,"A",.,"A",.,"A",.,"A",.,"A",.,"A",650,"F",.,"A",.,"A",.,"A",.,"A",.,"A",.,"A",.,"A",.,"A"
"20102",2243114,25,0,"1",.,"A",.,"A",.,"A",.,"A",.,"A",.,"A",.,"A",.,"A",.,"A",.,"A",.,"A",.,"A",.,"A",.,"A",.,"A"
"20102",2243122,67,0,"1",.,"A",.,"A",.,"A",.,"A",.,"A",150,"D",.,"A",.,"A",.,"A",.,"A",.,"A",.,"A",765,"D",.,"A",.,"A"
"20102",2243142,25,0,"1",.,"A",.,"A",.,"A",.,"A",.,"A",.,"A",.,"A",.,"A",.,"A",.,"A",.,"A",.,"A",.,"A",.,"A",.,"A"
"20102",2243202,52,0,"1",.,"A",.,"A",.,"A",.,"A",.,"A",120,"D",.,"A",.,"A",.,"A",.,"A",.,"A",.,"A",300,"D",.,"A",.,"A"
"20102",2243212,58,0,"1",.,"A",.,"A",.,"A",.,"A",.,"A",35,"D",.,"A",.,"A",.,"A",.,"A",.,"A",.,"A",300,"D",.,"A",.,"A"
"20102",2243222,35,0,"1",.,"A",.,"A",.,"A",.,"A",.,"A",.,"A",.,"A",.,"A",.,"A",.,"A",.,"A",.,"A",.,"A",.,"A",.,"A"
"20102",2243252,55,0,"1",.,"A",.,"A",.,"A",.,"A",.,"A",.,"A",.,"A",.,"A",.,"A",.,"A",.,"A",.,"A",135,"D",.,"A",.,"A"
"20102",2243262,29,0,"1",.,"A",.,"A",.,"A",.,"A",72,"D",.,"A",325,"D",.,"A",.,"A",.,"A",.,"A",.,"A",.,"A",.,"A",.,"A"
"20102",2243312,27,0,"1",.,"A",.,"A",.,"A",135,"D",.,"A",.,"A",.,"A",.,"A",.,"A",.,"A",.,"A",.,"A",.,"A",.,"A",.,"A"
"20102",2243345,37,0,"1",.,"A",.,"A",.,"A",.,"A",40,"F",18,"F",.,"A",.,"A",54,"F",.,"A",.,"A",.,"A",40,"D",.,"A",.,"A"
"20102",2243362,31,0,"1",20,"D",.,"A",.,"A",80,"D",100,"D",.,"A",.,"A",.,"A",.,"A",258,"D",0,"D",0,"D",45,"D",86,"D",.,"A"
"20102",2243372,26,0,"1",.,"A",.,"A",.,"A",.,"A",.,"A",.,"A",.,"A",.,"A",.,"A",.,"A",.,"A",.,"A",80,"D",.,"A",.,"A"
"20102",2243392,41,0,"1",.,"A",.,"A",.,"A",.,"A",.,"A",.,"A",.,"A",.,"A",.,"A",.,"A",.,"A",.,"A",.,"A",.,"A",.,"A"
"20102",2243412,47,0,"1",.,"A",.,"A",.,"A",.,"A",.,"A",.,"A",.,"A",.,"A",.,"A",.,"A",.,"A",.,"A",70,"D",.,"A",.,"A"
"20102",2243502,43,0,"1",.,"A",.,"A",.,"A",.,"A",.,"A",.,"A",.,"A",.,"A",.,"A",.,"A",.,"A",.,"A",.,"A",.,"A",.,"A"
"20102",2243532,25,0,"1",.,"A",.,"A",.,"A",.,"A",45,"D",.,"A",.,"A",.,"A",.,"A",420,"D",0,"D",0,"D",54,"D",140,"D",.,"A"
"20102",2243652,33,0,"1",.,"A",.,"A",.,"A",.,"A",.,"A",.,"A",.,"A",.,"A",.,"A",.,"A",.,"A",.,"A",300,"D",.,"A",.,"A"
"20102",2243722,98,0,"1",.,"A",.,"A",63,"D",.,"A",.,"A",170,"D",.,"A",.,"A",.,"A",.,"A",.,"A",.,"A",500,"D",.,"A",.,"A"
"20102",2243772,47,0,"1",.,"A",.,"A",.,"A",.,"A",.,"A",.,"A",.,"A",.,"A",6,"D",.,"A",.,"A",.,"A",45,"D",.,"A",.,"A"
"20102",2243783,36,0,"1",.,"A",.,"A",.,"A",.,"A",.,"A",.,"A",.,"A",.,"A",.,"A",.,"A",.,"A",.,"A",.,"A",.,"A",.,"A"
"20102",2243792,56,0,"1",.,"A",.,"A",.,"A",.,"A",.,"A",.,"A",.,"A",.,"A",.,"A",.,"A",.,"A",.,"A",40,"D",.,"A",.,"A"
"20102",2243802,56,0,"1",.,"A",.,"A",.,"A",.,"A",.,"A",.,"A",.,"A",.,"A",.,"A",.,"A",.,"A",.,"A",.,"A",.,"A",.,"A"
"20102",2243842,54,0,"1",.,"A",.,"A",.,"A",.,"A",.,"A",10,"D",.,"A",.,"A",.,"A",.,"A",.,"A",.,"A",.,"A",.,"A",.,"A"
"20102",2243862,66,0,"1",.,"A",.,"A",.,"A",.,"A",.,"A",.,"A",260,"F",.,"A",.,"A",.,"A",.,"A",.,"A",420,"D",.,"A",.,"A"
"20102",2243872,54,0,"1",.,"A",.,"A",26,"D",100,"D",.,"A",.,"A",.,"A",.,"A",.,"A",.,"A",.,"A",.,"A",75,"D",.,"A",.,"A"
"20102",2243902,60,0,"1",.,"A",.,"A",.,"A",.,"A",.,"A",.,"A",130,"D",.,"A",.,"A",.,"A",.,"A",.,"A",.,"A",.,"A",.,"A"
"20102",2243923,59,0,"1",.,"A",.,"A",.,"A",.,"A",.,"A",.,"A",.,"A",.,"A",.,"A",.,"A",.,"A",.,"A",150,"D",.,"A",.,"A"
"20102",2243965,45,0,"1",.,"A",.,"A",.,"A",.,"A",.,"A",.,"A",.,"A",.,"A",.,"A",.,"A",.,"A",.,"A",240,"D",.,"A",.,"A"
"20102",2244002,33,0,"1",.,"A",.,"A",.,"A",.,"A",.,"A",108,"F",.,"A",.,"A",.,"A",.,"A",.,"A",.,"A",60,"F",.,"A",.,"A"
"20102",2244012,60,0,"1",.,"A",.,"A",.,"A",.,"A",.,"A",.,"A",.,"A",.,"A",.,"A",.,"A",.,"A",.,"A",64,"D",.,"A",.,"A"
"20102",2244022,50,0,"1",.,"A",.,"A",.,"A",.,"A",.,"A",.,"A",.,"A",.,"A",.,"A",.,"A",.,"A",.,"A",50,"D",.,"A",.,"A"
"20102",2244042,25,0,"1",.,"A",.,"A",.,"A",.,"A",.,"A",.,"A",.,"A",.,"A",.,"A",.,"A",.,"A",.,"A",.,"A",.,"A",.,"A"
"20102",2244052,32,0,"1",.,"A",.,"A",.,"A",.,"A",.,"A",.,"A",.,"A",.,"A",.,"A",.,"A",.,"A",.,"A",50,"D",.,"A",.,"A"
"20102",2244085,61,0,"1",.,"A",.,"A",.,"A",.,"A",.,"A",.,"A",520,"D",.,"A",.,"A",.,"A",.,"A",.,"A",.,"A",.,"A",.,"A"
"20102",2244133,33,0,"1",.,"A",.,"A",.,"A",.,"A",.,"A",.,"A",130,"D",.,"A",.,"A",.,"A",.,"A",.,"A",.,"A",.,"A",.,"A"
"20102",2244142,58,0,"1",.,"A",.,"A",.,"A",.,"A",.,"A",50,"D",.,"A",.,"A",.,"A",.,"A",.,"A",.,"A",50,"D",.,"A",.,"A"
"20102",2244162,70,0,"1",.,"A",.,"A",.,"A",60,"D",.,"A",.,"A",.,"A",.,"A",.,"A",.,"A",.,"A",.,"A",200,"D",.,"A",.,"A"
"20102",2244222,58,0,"1",80,"D",.,"A",87,"D",.,"A",100,"D",13,"D",.,"A",.,"A",.,"A",.,"A",.,"A",.,"A",154,"D",.,"A",.,"A"
"20102",2244242,60,0,"1",.,"A",.,"A",.,"A",.,"A",.,"A",.,"A",.,"A",.,"A",.,"A",.,"A",.,"A",.,"A",75,"D",.,"A",.,"A"
"20102",2244282,52,0,"1",.,"A",.,"A",.,"A",.,"A",.,"A",.,"A",.,"A",.,"A",.,"A",.,"A",.,"A",.,"A",.,"A",.,"A",.,"A"
"20102",2244292,59,0,"1",.,"A",.,"A",.,"A",.,"A",.,"A",.,"A",.,"A",.,"A",.,"A",.,"A",.,"A",.,"A",65,"D",.,"A",.,"A"
"20102",2244332,41,0,"1",.,"A",.,"A",.,"A",.,"A",.,"A",.,"A",.,"A",.,"A",.,"A",.,"A",.,"A",.,"A",195,"D",.,"A",.,"A"
"20102",2244342,32,0,"1",.,"A",.,"A",.,"A",.,"A",.,"A",.,"A",.,"A",.,"A",.,"A",.,"A",.,"A",.,"A",.,"A",.,"A",.,"A"
"20102",2244362,75,0,"1",.,"A",.,"A",.,"A",.,"A",.,"A",.,"A",.,"A",.,"A",48,"D",69,"D",0,"D",0,"D",125,"D",23,"D",.,"A"
"20102",2244372,74,0,"1",.,"A",.,"A",.,"A",.,"A",.,"A",.,"A",.,"A",.,"A",.,"A",.,"A",.,"A",.,"A",155,"D",.,"A",.,"A"
"20102",2244392,43,0,"1",.,"A",.,"A",.,"A",.,"A",.,"A",.,"A",.,"A",.,"A",.,"A",.,"A",.,"A",.,"A",.,"A",.,"A",.,"A"
"20102",2244412,51,0,"1",.,"A",.,"A",.,"A",.,"A",.,"A",.,"A",.,"A",.,"A",3,"D",.,"A",.,"A",.,"A",45,"D",.,"A",.,"A"
"20102",2244422,76,0,"1",.,"A",.,"A",.,"A",.,"A",.,"A",.,"A",91,"D",.,"A",36,"D",.,"A",.,"A",.,"A",34,"D",.,"A",.,"A"
"20102",2244453,58,0,"1",.,"A",.,"A",.,"A",.,"A",.,"A",50,"D",.,"A",.,"A",.,"A",.,"A",.,"A",.,"A",130,"D",.,"A",.,"A"
"20102",2244492,32,0,"1",.,"A",.,"A",.,"A",.,"A",.,"A",.,"A",455,"D",.,"A",.,"A",.,"A",.,"A",.,"A",10,"D",.,"A",.,"A"
"20102",2244532,39,0,"1",.,"A",.,"A",.,"A",.,"A",.,"A",.,"A",.,"A",.,"A",.,"A",.,"A",.,"A",.,"A",.,"A",.,"A",.,"A"
"20102",2244582,66,0,"1",.,"A",.,"A",.,"A",.,"A",.,"A",.,"A",.,"A",.,"A",.,"A",.,"A",.,"A",.,"A",106,"D",.,"A",.,"A"
"20102",2244602,56,0,"1",.,"A",.,"A",.,"A",.,"A",.,"A",.,"A",.,"A",.,"A",.,"A",.,"A",.,"A",.,"A",60,"D",.,"A",.,"A"
"20102",2244642,39,0,"1",.,"A",.,"A",.,"A",.,"A",.,"A",.,"A",.,"A",.,"A",.,"A",.,"A",.,"A",.,"A",.,"A",.,"A",.,"A"
"20102",2244712,36,0,"1",.,"A",.,"A",.,"A",.,"A",.,"A",.,"A",520,"D",.,"A",.,"A",.,"A",.,"A",.,"A",28,"D",.,"A",.,"A"
"20102",2244812,38,0,"1",.,"A",.,"A",.,"A",.,"A",.,"A",.,"A",325,"D",.,"A",.,"A",.,"A",.,"A",.,"A",15,"D",.,"A",.,"A"
"20102",2244822,36,0,"1",.,"A",.,"A",.,"A",.,"A",.,"A",.,"A",.,"A",.,"A",.,"A",.,"A",.,"A",.,"A",40,"D",.,"A",.,"A"
"20102",2244862,30,0,"1",.,"A",.,"A",.,"A",.,"A",.,"A",.,"A",.,"A",.,"A",.,"A",.,"A",.,"A",.,"A",.,"A",.,"A",.,"A"
"20102",2244872,46,0,"1",.,"A",.,"A",.,"A",.,"A",.,"A",.,"A",.,"A",.,"A",.,"A",.,"A",.,"A",.,"A",125,"D",.,"A",.,"A"
"20102",2244922,43,0,"1",.,"A",.,"A",.,"A",.,"A",.,"A",.,"A",.,"A",.,"A",.,"A",.,"A",.,"A",.,"A",100,"D",.,"A",.,"A"
"20102",2244963,23,0,"1",.,"A",.,"A",.,"A",.,"A",240,"F",9,"F",39,"F",.,"A",.,"A",.,"A",.,"A",.,"A",.,"A",.,"A",.,"A"
"20102",2244992,38,0,"1",0,"F",.,"A",.,"A",.,"A",200,"F",.,"A",.,"A",.,"A",.,"A",.,"A",.,"A",.,"A",75,"D",.,"A",.,"A"
"20102",2245082,39,0,"1",.,"A",.,"A",.,"A",.,"A",25,"D",.,"A",.,"A",.,"A",.,"A",81,"D",0,"D",0,"D",.,"A",27,"D",.,"A"
"20102",2245095,42,0,"1",.,"A",.,"A",.,"A",69,"D",.,"A",.,"A",.,"A",.,"A",.,"A",.,"A",.,"A",.,"A",20,"D",.,"A",.,"A"
"20102",2245112,30,0,"1",10,"D",.,"A",.,"A",.,"A",38,"D",.,"A",.,"A",.,"A",.,"A",.,"A",.,"A",.,"A",.,"A",.,"A",.,"A"
"20102",2245252,50,0,"1",.,"A",.,"A",.,"A",.,"A",.,"A",.,"A",.,"A",.,"A",.,"A",.,"A",.,"A",.,"A",68,"D",.,"A",.,"A"
"20102",2245292,42,0,"1",.,"A",.,"A",.,"A",.,"A",.,"A",.,"A",260,"D",.,"A",.,"A",.,"A",.,"A",.,"A",.,"A",.,"A",.,"A"
"20102",2245372,42,0,"1",.,"A",.,"A",.,"A",.,"A",.,"A",.,"A",.,"A",.,"A",.,"A",.,"A",.,"A",.,"A",50,"D",.,"A",.,"A"
"20102",2245402,57,0,"1",.,"A",.,"A",.,"A",.,"A",.,"A",.,"A",.,"A",.,"A",.,"A",.,"A",.,"A",.,"A",.,"A",.,"A",.,"A"
"20102",2245412,38,0,"1",.,"A",.,"A",.,"A",.,"A",.,"A",.,"A",.,"A",.,"A",.,"A",.,"A",.,"A",.,"A",120,"D",.,"A",.,"A"
"20102",2245502,38,0,"1",.,"A",.,"A",.,"A",.,"A",.,"A",.,"A",130,"D",.,"A",.,"A",.,"A",.,"A",.,"A",.,"A",.,"A",.,"A"
"20102",2245512,44,0,"1",.,"A",.,"A",.,"A",.,"A",.,"A",.,"A",650,"D",.,"A",.,"A",.,"A",.,"A",.,"A",13,"D",.,"A",.,"A"
"20102",2245612,35,0,"1",.,"A",.,"A",.,"A",.,"A",.,"A",.,"A",325,"D",.,"A",.,"A",.,"A",.,"A",.,"A",.,"A",.,"A",.,"A"
"20102",2245712,52,0,"1",.,"A",.,"A",.,"A",.,"A",.,"A",60,"D",.,"A",.,"A",.,"A",.,"A",.,"A",.,"A",300,"D",.,"A",.,"A"
"20102",2245722,31,0,"1",.,"A",.,"A",.,"A",.,"A",.,"A",.,"A",.,"A",.,"A",.,"A",.,"A",.,"A",.,"A",.,"A",.,"A",.,"A"
"20102",2245742,31,0,"1",.,"A",.,"A",5,"D",40,"D",.,"A",.,"A",650,"D",.,"A",75,"D",300,"D",0,"D",60,"D",100,"D",100,"D",.,"A"
"20102",2245762,29,0,"1",.,"A",.,"A",.,"A",.,"A",.,"A",.,"A",.,"A",.,"A",.,"A",.,"A",.,"A",.,"A",.,"A",.,"A",.,"A"
"20102",2245802,56,0,"1",.,"A",.,"A",.,"A",.,"A",.,"A",.,"A",.,"A",.,"A",.,"A",.,"A",.,"A",.,"A",21,"D",.,"A",.,"A"
"20102",2245832,44,0,"1",.,"A",.,"A",.,"A",.,"A",150,"D",80,"D",.,"A",.,"A",.,"A",.,"A",.,"A",.,"A",60,"D",.,"A",.,"A"
"20102",2245882,77,0,"1",.,"A",.,"A",.,"A",.,"A",.,"A",.,"A",.,"A",.,"A",.,"A",.,"A",.,"A",.,"A",56,"D",.,"A",.,"A"
"20102",2245934,28,0,"1",.,"A",.,"A",.,"A",.,"A",.,"A",.,"A",.,"A",.,"A",.,"A",0,"D",0,"D",0,"D",.,"A",0,"D",.,"A"
"20102",2245972,21,0,"1",.,"A",.,"A",.,"A",.,"A",.,"A",.,"A",.,"A",.,"A",.,"A",.,"A",.,"A",.,"A",.,"A",.,"A",.,"A"
"20102",2246002,26,0,"1",.,"A",.,"A",.,"A",.,"A",.,"A",.,"A",.,"A",.,"A",.,"A",.,"A",.,"A",.,"A",.,"A",.,"A",.,"A"
"20102",2246052,38,0,"1",.,"A",.,"A",.,"A",.,"A",.,"A",.,"A",.,"A",.,"A",.,"A",.,"A",.,"A",.,"A",.,"A",.,"A",.,"A"
"20102",2246092,65,0,"1",.,"A",.,"A",.,"A",.,"A",.,"A",.,"A",.,"A",.,"A",.,"A",.,"A",.,"A",.,"A",.,"A",.,"A",.,"A"
"20102",2246105,25,0,"1",.,"A",.,"A",.,"A",.,"A",.,"A",.,"A",.,"A",.,"A",.,"A",.,"A",.,"A",.,"A",.,"A",.,"A",.,"A"
"20102",2246142,44,0,"1",.,"A",.,"A",.,"A",.,"A",30,"D",.,"A",.,"A",.,"A",90,"D",.,"A",.,"A",.,"A",.,"A",.,"A",.,"A"
"20102",2246153,21,0,"1",.,"A",.,"A",.,"A",.,"A",.,"A",.,"A",.,"A",.,"A",.,"A",.,"A",.,"A",.,"A",.,"A",.,"A",.,"A"
"20102",2246202,68,0,"1",.,"A",.,"A",.,"A",.,"A",.,"A",.,"A",455,"D",.,"A",.,"A",.,"A",.,"A",.,"A",120,"D",.,"A",.,"A"
"20102",2246242,99,0,"1",.,"A",.,"A",.,"A",.,"A",.,"A",.,"A",.,"A",195,"F",.,"A",.,"A",.,"A",.,"A",120,"D",.,"A",.,"A"
"20102",2246272,31,0,"1",.,"A",.,"A",.,"A",.,"A",.,"A",.,"A",.,"A",.,"A",.,"A",.,"A",.,"A",.,"A",15,"D",.,"A",.,"A"
"20102",2246302,36,0,"1",.,"A",.,"A",.,"A",.,"A",.,"A",.,"A",.,"A",.,"A",.,"A",.,"A",.,"A",.,"A",200,"D",.,"A",.,"A"
"20102",2246312,27,0,"1",.,"A",.,"A",.,"A",.,"A",.,"A",.,"A",.,"A",.,"A",.,"A",.,"A",.,"A",.,"A",.,"A",.,"A",.,"A"
"20102",2246335,24,0,"1",15,"D",.,"A",.,"A",.,"A",0,"D",.,"A",.,"A",.,"A",.,"A",0,"D",0,"D",6,"F",.,"A",0,"D",.,"A"
"20102",2246402,60,0,"1",.,"A",.,"A",.,"A",.,"A",.,"A",50,"D",.,"A",.,"A",.,"A",.,"A",.,"A",.,"A",210,"D",.,"A",.,"A"
"20102",2246482,31,0,"1",.,"A",.,"A",.,"A",.,"A",.,"A",.,"A",.,"A",.,"A",.,"A",.,"A",.,"A",.,"A",.,"A",.,"A",.,"A"
"20102",2246532,65,0,"1",.,"A",.,"A",.,"A",.,"A",.,"A",.,"A",.,"A",.,"A",36,"D",.,"A",.,"A",.,"A",60,"D",.,"A",.,"A"
"20102",2246574,24,0,"1",.,"A",.,"A",.,"A",.,"A",.,"A",.,"A",.,"A",.,"A",.,"A",0,"D",0,"D",0,"D",40,"D",0,"D",.,"A"
"20102",2246612,79,0,"1",.,"A",.,"A",.,"A",.,"A",.,"A",.,"A",130,"D",.,"A",.,"A",.,"A",.,"A",.,"A",21,"D",.,"A",.,"A"
"20102",2246742,52,0,"1",.,"A",.,"A",.,"A",.,"A",.,"A",.,"A",.,"A",.,"A",.,"A",.,"A",.,"A",.,"A",70,"D",.,"A",.,"A"
"20102",2246814,48,0,"1",10,"D",.,"A",.,"A",.,"A",50,"D",.,"A",65,"D",.,"A",15,"D",.,"A",.,"A",.,"A",.,"A",.,"A",.,"A"
"20102",2246832,60,0,"1",.,"A",.,"A",.,"A",.,"A",.,"A",.,"A",.,"A",.,"A",.,"A",.,"A",.,"A",.,"A",90,"D",.,"A",.,"A"
"20102",2246853,29,0,"1",.,"A",.,"A",.,"A",.,"A",.,"A",.,"A",.,"A",.,"A",.,"A",267,"F",0,"D",45,"F",30,"D",.,"C",.,"A"
"20102",2246942,52,0,"1",.,"A",.,"A",.,"A",.,"A",.,"A",15,"D",.,"A",.,"A",.,"A",.,"A",.,"A",.,"A",150,"D",.,"A",.,"A"
"20102",2246992,53,0,"1",.,"A",.,"A",.,"A",.,"A",.,"A",.,"A",.,"A",.,"A",.,"A",.,"A",.,"A",.,"A",30,"D",.,"A",.,"A"
"20102",2247032,53,0,"1",.,"A",.,"A",.,"A",.,"A",.,"A",.,"A",.,"A",.,"A",.,"A",.,"A",.,"A",.,"A",.,"A",.,"A",.,"A"
"20102",2247092,60,0,"1",.,"A",.,"A",.,"A",.,"A",.,"A",80,"D",.,"A",.,"A",.,"A",.,"A",.,"A",.,"A",190,"D",.,"A",.,"A"
"20102",2247172,59,0,"1",.,"A",.,"A",.,"A",.,"A",.,"A",100,"D",.,"A",.,"A",.,"A",.,"A",.,"A",.,"A",200,"D",.,"A",.,"A"
"20102",2247222,25,0,"1",20,"D",.,"A",.,"A",.,"A",100,"D",.,"A",.,"A",.,"A",.,"A",165,"D",0,"D",0,"D",40,"D",55,"D",.,"A"
"20102",2247262,60,0,"1",.,"A",.,"A",.,"A",.,"A",.,"A",.,"A",.,"A",.,"A",.,"A",.,"A",.,"A",.,"A",40,"D",.,"A",.,"A"
"20102",2247282,56,0,"1",.,"A",.,"A",.,"A",.,"A",.,"A",.,"A",.,"A",.,"A",.,"A",.,"A",.,"A",.,"A",170,"D",.,"A",.,"A"
"20102",2247312,29,0,"1",.,"A",.,"A",.,"A",.,"A",39,"D",.,"A",.,"A",.,"A",.,"A",.,"A",.,"A",.,"A",.,"A",.,"A",.,"A"
"20102",2247332,30,0,"1",.,"A",.,"A",.,"A",.,"A",20,"D",.,"A",.,"A",.,"A",.,"A",261,"D",0,"D",0,"D",20,"D",87,"D",.,"A"
"20102",2247355,35,0,"1",.,"A",.,"A",.,"A",.,"A",.,"A",150,"D",.,"A",.,"A",.,"A",.,"A",.,"A",.,"A",.,"A",.,"A",.,"A"
"20102",2247372,57,0,"1",.,"A",.,"A",.,"A",.,"A",.,"A",.,"A",.,"A",.,"A",.,"A",.,"A",.,"A",.,"A",.,"A",.,"A",.,"A"
"20102",2247472,49,0,"1",.,"A",.,"A",.,"A",.,"A",.,"A",.,"A",.,"A",.,"A",.,"A",.,"A",.,"A",.,"A",20,"D",.,"A",.,"A"
"20102",2247502,57,0,"1",.,"A",.,"A",.,"A",.,"A",.,"A",.,"A",585,"D",.,"A",.,"A",.,"A",.,"A",.,"A",.,"A",.,"A",.,"A"
"20102",2247555,28,0,"1",.,"A",.,"A",.,"A",.,"A",75,"D",.,"A",130,"D",.,"A",.,"A",.,"A",.,"A",.,"A",225,"D",.,"A",.,"A"
"20102",2247612,71,0,"1",.,"A",.,"A",.,"A",.,"A",.,"A",.,"A",.,"A",.,"A",.,"A",.,"A",.,"A",.,"A",200,"D",.,"A",.,"A"
"20102",2247652,54,0,"1",.,"A",.,"A",.,"A",.,"A",.,"A",.,"A",.,"A",1300,"D",.,"A",.,"A",.,"A",.,"A",.,"A",.,"A",.,"A"
"20102",2247672,43,0,"1",.,"A",.,"A",.,"A",.,"A",.,"A",.,"A",.,"A",.,"A",.,"A",.,"A",.,"A",.,"A",27,"D",.,"A",.,"A"
"20102",2247685,54,0,"1",.,"A",0,"F",.,"A",.,"A",.,"A",80,"F",.,"A",.,"A",.,"A",3,"D",0,"D",120,"D",.,"A",1,"D",.,"A"
"20102",2247703,46,0,"1",.,"A",.,"A",.,"A",.,"A",.,"A",.,"A",650,"D",.,"A",.,"A",.,"A",.,"A",.,"A",.,"A",.,"A",.,"A"
"20102",2247722,35,0,"1",.,"A",.,"A",.,"A",.,"A",.,"A",.,"A",.,"A",.,"A",.,"A",.,"A",.,"A",.,"A",105,"D",.,"A",.,"A"
"20102",2247812,58,0,"1",.,"A",.,"A",.,"A",.,"A",.,"A",.,"A",.,"A",.,"A",.,"A",.,"A",.,"A",.,"A",51,"D",.,"A",.,"A"
"20102",2247852,80,0,"1",.,"A",.,"A",.,"A",.,"A",.,"A",25,"D",.,"A",.,"A",.,"A",.,"A",.,"A",.,"A",150,"D",.,"A",.,"A"
"20102",2247932,48,0,"1",.,"A",.,"A",.,"A",.,"A",.,"A",.,"A",.,"A",.,"A",.,"A",.,"A",.,"A",.,"A",20,"D",.,"A",.,"A"
"20102",2247972,43,0,"1",.,"A",.,"A",.,"A",.,"A",.,"A",.,"A",195,"D",.,"A",.,"A",.,"A",.,"A",.,"A",30,"D",.,"A",.,"A"
"20102",2247995,26,0,"1",.,"A",.,"A",.,"A",.,"A",100,"F",.,"A",.,"A",.,"A",.,"A",180,"F",0,"D",0,"D",.,"A",.,"C",.,"A"
"20102",2248022,42,0,"1",.,"A",.,"A",.,"A",.,"A",.,"A",.,"A",.,"A",.,"A",.,"A",.,"A",.,"A",.,"A",50,"D",.,"A",.,"A"
"20102",2248035,62,0,"1",.,"A",.,"A",.,"A",.,"A",.,"A",30,"D",.,"A",.,"A",.,"A",.,"A",.,"A",.,"A",200,"D",.,"A",.,"A"
"20102",2248092,41,0,"1",.,"A",.,"A",.,"A",.,"A",.,"A",.,"A",.,"A",.,"A",.,"A",.,"A",.,"A",.,"A",75,"D",.,"A",.,"A"
"20102",2248102,46,0,"1",.,"A",.,"A",.,"A",.,"A",.,"A",.,"A",.,"A",.,"A",.,"A",.,"A",.,"A",.,"A",55,"D",.,"A",.,"A"
"20102",2248122,77,0,"1",.,"A",.,"A",.,"A",.,"A",.,"A",.,"A",.,"A",.,"A",.,"A",.,"A",.,"A",.,"A",.,"A",.,"A",.,"A"
"20102",2248152,67,0,"1",.,"A",.,"A",.,"A",.,"A",.,"A",.,"A",.,"A",.,"A",.,"A",.,"A",.,"A",.,"A",140,"D",.,"A",.,"A"
"20102",2248162,44,0,"1",.,"A",.,"A",.,"A",10,"D",45,"D",.,"A",.,"A",.,"A",.,"A",0,"D",0,"D",30,"D",.,"A",0,"D",.,"A"
"20102",2248254,32,0,"1",.,"A",.,"A",.,"A",.,"A",24,"D",.,"A",.,"A",.,"A",.,"A",.,"A",.,"A",.,"A",.,"A",.,"A",.,"A"
"20102",2248282,39,0,"1",.,"A",.,"A",.,"A",.,"A",.,"A",.,"A",.,"A",.,"A",.,"A",.,"A",.,"A",.,"A",30,"D",.,"A",.,"A"
"20102",2248292,31,0,"1",.,"A",.,"A",.,"A",.,"A",.,"A",.,"A",78,"D",65,"D",.,"A",.,"A",.,"A",.,"A",24,"D",.,"A",.,"A"
"20102",2248312,35,0,"1",.,"A",.,"A",.,"A",500,"D",.,"A",262,"D",1001,"D",.,"A",.,"A",.,"A",.,"A",.,"A",.,"A",.,"A",.,"A"
"20102",2248322,47,0,"1",.,"A",.,"A",.,"A",.,"A",.,"A",220,"D",.,"A",.,"A",.,"A",.,"A",.,"A",.,"A",330,"D",.,"A",.,"A"
"20102",2248332,38,0,"1",5,"D",.,"A",.,"A",.,"A",55,"D",.,"A",.,"A",.,"A",.,"A",165,"D",0,"D",0,"D",.,"A",55,"D",.,"A"
"20102",2248402,48,0,"1",.,"A",.,"A",.,"A",.,"A",.,"A",40,"D",.,"A",.,"A",.,"A",.,"A",.,"A",.,"A",.,"A",.,"A",.,"A"
"20102",2248442,47,0,"1",.,"A",.,"A",.,"A",.,"A",.,"A",.,"A",260,"D",.,"A",.,"A",.,"A",.,"A",.,"A",.,"A",.,"A",.,"A"
"20102",2248452,30,0,"1",10,"D",.,"A",.,"A",.,"A",50,"D",.,"A",.,"A",.,"A",.,"A",.,"A",.,"A",.,"A",.,"A",.,"A",.,"A"
"20102",2248522,49,0,"1",.,"A",.,"A",.,"A",.,"A",.,"A",90,"D",.,"A",.,"A",.,"A",.,"A",.,"A",.,"A",135,"D",.,"A",.,"A"
"20102",2248642,56,0,"1",.,"A",.,"A",.,"A",.,"A",.,"A",.,"A",.,"A",.,"A",.,"A",.,"A",.,"A",.,"A",175,"D",.,"A",.,"A"
"20102",2248672,54,0,"1",.,"A",.,"A",.,"A",.,"A",.,"A",.,"A",.,"A",.,"A",.,"A",.,"A",.,"A",.,"A",.,"A",.,"A",.,"A"
"20102",2248682,58,0,"1",.,"A",.,"A",.,"A",.,"A",.,"A",.,"A",195,"D",.,"A",.,"A",.,"A",.,"A",.,"A",.,"A",.,"A",.,"A"
"20102",2248702,45,0,"1",.,"A",.,"A",.,"A",.,"A",.,"A",.,"A",.,"A",.,"A",.,"A",.,"A",.,"A",.,"A",60,"D",.,"A",.,"A"
"20102",2248722,40,0,"1",.,"A",.,"A",.,"A",.,"A",.,"A",.,"A",.,"A",.,"A",.,"A",.,"A",.,"A",.,"A",40,"D",.,"A",.,"A"
"20102",2248732,30,0,"1",.,"A",.,"A",.,"A",.,"A",.,"A",.,"A",.,"A",.,"A",.,"A",135,"D",195,"D",60,"D",.,"A",45,"D",200,"D"
"20102",2248772,40,0,"1",.,"A",.,"A",.,"A",.,"A",.,"A",.,"A",.,"A",.,"A",.,"A",.,"A",.,"A",.,"A",.,"A",.,"A",.,"A"
"20102",2248792,48,0,"1",.,"A",.,"A",.,"A",.,"A",.,"A",.,"A",.,"A",.,"A",.,"A",.,"A",.,"A",.,"A",40,"D",.,"A",.,"A"
"20102",2248854,46,0,"1",3,"D",.,"A",.,"A",.,"A",37,"D",.,"A",.,"A",.,"A",15,"D",.,"A",.,"A",.,"A",75,"D",.,"A",.,"A"
"20102",2248922,49,0,"1",.,"A",.,"A",.,"A",.,"A",.,"A",.,"A",.,"A",.,"A",.,"A",.,"A",.,"A",.,"A",.,"A",.,"A",.,"A"
"20102",2248942,61,0,"1",.,"A",.,"A",.,"A",.,"A",.,"A",20,"D",.,"A",.,"A",.,"A",.,"A",.,"A",.,"A",40,"D",.,"A",.,"A"
"20102",2248972,73,0,"1",.,"A",.,"A",.,"A",.,"A",.,"A",.,"A",.,"A",.,"A",.,"A",.,"A",.,"A",.,"A",22,"D",.,"A",.,"A"
"20102",2249062,62,0,"1",.,"A",.,"A",.,"A",.,"A",.,"A",.,"A",.,"A",.,"A",.,"A",.,"A",.,"A",.,"A",.,"A",.,"A",.,"A"
"20102",2249092,28,0,"1",.,"A",.,"A",.,"A",.,"A",72,"D",.,"A",.,"A",.,"A",.,"A",.,"A",.,"A",.,"A",.,"A",.,"A",.,"A"
"20102",2249152,35,0,"1",.,"A",.,"A",.,"A",.,"A",.,"A",200,"D",.,"A",.,"A",.,"A",.,"A",.,"A",.,"A",300,"D",.,"A",.,"A"
"20102",2249192,36,0,"1",.,"A",.,"A",.,"A",.,"A",.,"A",.,"A",.,"A",.,"A",.,"A",.,"A",.,"A",.,"A",6,"D",.,"A",.,"A"
"20102",2249212,48,0,"1",.,"A",.,"A",.,"A",.,"A",.,"A",.,"A",.,"A",.,"A",.,"A",.,"A",.,"A",.,"A",.,"A",.,"A",.,"A"
"20102",2249282,50,0,"1",.,"A",.,"A",.,"A",.,"A",.,"A",.,"A",.,"A",.,"A",.,"A",.,"A",.,"A",.,"A",120,"D",.,"A",.,"A"
"20102",2249312,52,0,"1",.,"A",.,"A",.,"A",.,"A",.,"A",.,"A",260,"D",.,"A",.,"A",.,"A",.,"A",.,"A",30,"D",.,"A",.,"A"
"20102",2249322,60,0,"1",.,"A",.,"A",.,"A",.,"A",.,"A",.,"A",.,"A",.,"A",.,"A",.,"A",.,"A",.,"A",90,"D",.,"A",.,"A"
"20102",2249372,30,0,"1",.,"A",.,"A",.,"A",.,"A",.,"A",.,"A",.,"A",.,"A",.,"A",.,"A",.,"A",.,"A",.,"A",.,"A",.,"A"
"20102",2249412,33,0,"1",0,"F",.,"A",.,"A",.,"A",240,"F",.,"A",.,"A",.,"A",.,"A",135,"D",0,"D",0,"D",35,"D",45,"D",.,"A"
"20102",2249564,30,0,"1",.,"A",.,"A",.,"A",.,"A",.,"A",.,"A",.,"A",.,"A",.,"A",.,"A",.,"A",.,"A",.,"A",.,"A",.,"A"
"20102",2249582,29,0,"1",.,"A",.,"A",.,"A",40,"D",20,"D",.,"A",.,"A",.,"A",.,"A",.,"A",.,"A",.,"A",.,"A",.,"A",.,"A"
"20102",2249602,61,0,"1",.,"A",.,"A",.,"A",.,"A",.,"A",.,"A",390,"D",.,"A",.,"A",.,"A",.,"A",.,"A",150,"D",.,"A",.,"A"
"20102",2249672,59,0,"1",.,"A",.,"A",.,"A",.,"A",.,"A",.,"A",.,"A",.,"A",.,"A",.,"A",.,"A",.,"A",130,"D",.,"A",.,"A"
"20102",2249722,58,0,"1",0,"F",.,"A",.,"A",.,"A",180,"F",.,"A",.,"A",.,"A",.,"A",.,"A",.,"A",.,"A",.,"A",.,"A",.,"A"
"20102",2249742,82,0,"1",.,"A",.,"A",.,"A",.,"A",.,"A",.,"A",.,"A",.,"A",.,"A",.,"A",.,"A",.,"A",120,"D",.,"A",.,"A"
"20102",2249762,35,0,"1",.,"A",.,"A",.,"A",.,"A",.,"A",.,"A",.,"A",.,"A",.,"A",.,"A",.,"A",.,"A",300,"D",.,"A",.,"A"
"20102",2249792,41,0,"1",.,"A",.,"A",.,"A",.,"A",.,"A",.,"A",.,"A",.,"A",.,"A",.,"A",.,"A",.,"A",20,"D",.,"A",.,"A"
"20102",2249845,27,0,"1",.,"A",.,"A",.,"A",.,"A",.,"A",.,"A",.,"A",.,"A",.,"A",.,"A",.,"A",.,"A",.,"A",.,"A",.,"A"
"20102",2249913,25,0,"1",.,"A",.,"A",.,"A",11,"D",.,"A",144,"D",.,"A",.,"A",.,"A",648,"D",0,"D",216,"D",30,"D",216,"D",.,"A"
"20102",2249922,47,0,"1",.,"A",.,"A",.,"A",.,"A",.,"A",.,"A",.,"A",.,"A",.,"A",.,"A",.,"A",.,"A",20,"D",.,"A",.,"A"
"20102",2249972,60,0,"1",.,"A",.,"A",.,"A",.,"A",.,"A",.,"A",143,"D",.,"A",.,"A",.,"A",.,"A",.,"A",13,"D",.,"A",.,"A"
"20102",2250012,45,0,"1",.,"A",.,"A",.,"A",.,"A",.,"A",.,"A",.,"A",.,"A",.,"A",.,"A",.,"A",.,"A",.,"A",.,"A",.,"A"
"20102",2250042,66,0,"1",.,"A",.,"A",.,"A",.,"A",.,"A",50,"D",.,"A",.,"A",.,"A",.,"A",.,"A",.,"A",320,"D",.,"A",.,"A"
"20102",2250102,94,0,"1",.,"A",.,"A",.,"A",.,"A",.,"A",.,"A",390,"D",.,"A",12,"D",.,"A",.,"A",.,"A",50,"D",.,"A",.,"A"
"20102",2250162,68,0,"1",.,"A",.,"A",.,"A",.,"A",.,"A",100,"D",.,"A",.,"A",.,"A",.,"A",.,"A",.,"A",.,"A",.,"A",.,"A"
"20102",2250184,32,0,"1",.,"A",.,"A",.,"A",.,"A",.,"A",.,"A",1040,"D",.,"A",.,"A",.,"A",.,"A",.,"A",.,"A",.,"A",.,"A"
"20102",2250202,70,0,"1",36,"D",.,"A",.,"A",.,"A",339,"D",.,"A",.,"A",.,"A",.,"A",.,"A",.,"A",.,"A",.,"A",.,"A",.,"A"
"20102",2250214,44,0,"1",.,"A",.,"A",.,"A",.,"A",.,"A",.,"A",.,"A",.,"A",.,"A",.,"A",.,"A",.,"A",50,"D",.,"A",.,"A"
"20102",2250235,62,0,"1",.,"A",.,"A",.,"A",.,"A",.,"A",.,"A",.,"A",.,"A",.,"A",.,"A",.,"A",.,"A",20,"D",.,"A",.,"A"
"20102",2250304,29,0,"1",.,"A",.,"A",.,"A",.,"A",.,"A",.,"A",.,"A",39,"F",.,"A",.,"A",.,"A",.,"A",.,"A",.,"A",.,"A"
"20102",2250312,50,0,"1",.,"A",.,"A",.,"A",.,"A",.,"A",.,"A",.,"A",.,"A",18,"D",.,"A",.,"A",.,"A",300,"D",.,"A",.,"A"
"20102",2250322,57,0,"1",.,"A",.,"A",.,"A",.,"A",.,"A",.,"A",.,"A",.,"A",48,"D",.,"A",.,"A",.,"A",30,"D",.,"A",.,"A"
"20102",2250352,58,0,"1",.,"A",.,"A",.,"A",.,"A",.,"A",240,"D",572,"D",.,"A",.,"A",.,"A",.,"A",.,"A",120,"D",.,"A",.,"A"
"20102",2250372,47,0,"1",.,"A",.,"A",.,"A",.,"A",.,"A",.,"A",.,"A",.,"A",.,"A",.,"A",.,"A",.,"A",15,"D",.,"A",.,"A"
"20102",2250382,40,0,"1",.,"A",.,"A",.,"A",.,"A",180,"D",.,"A",.,"A",.,"A",.,"A",.,"A",.,"A",.,"A",180,"D",.,"A",.,"A"
"20102",2250502,50,0,"1",.,"A",.,"A",.,"A",.,"A",.,"A",.,"A",.,"A",.,"A",90,"D",.,"A",.,"A",.,"A",180,"D",.,"A",.,"A"
"20102",2250562,52,0,"1",.,"A",.,"A",200,"D",.,"A",.,"A",.,"A",.,"A",.,"A",.,"A",.,"A",.,"A",.,"A",20,"D",.,"A",.,"A"
"20102",2250602,25,0,"1",.,"A",.,"A",.,"A",.,"A",.,"A",.,"A",.,"A",130,"D",.,"A",0,"D",0,"D",6,"D",15,"D",0,"D",.,"A"
"20102",2250682,35,0,"1",.,"A",.,"A",.,"A",.,"A",.,"A",.,"A",.,"A",.,"A",.,"A",.,"A",.,"A",.,"A",300,"D",.,"A",.,"A"
"20102",2250695,28,0,"1",.,"A",.,"A",.,"A",.,"A",.,"A",.,"A",455,"D",.,"A",.,"A",.,"A",.,"A",.,"A",.,"A",.,"A",.,"A"
"20102",2250732,34,0,"1",.,"A",.,"A",.,"A",.,"A",.,"A",.,"A",1040,"D",.,"A",.,"A",.,"A",.,"A",.,"A",.,"A",.,"A",.,"A"
"20102",2250742,41,0,"1",.,"A",.,"A",.,"A",.,"A",.,"A",.,"A",1105,"D",.,"A",9,"D",.,"A",.,"A",.,"A",.,"A",.,"A",.,"A"
"20102",2250793,48,0,"1",.,"A",.,"A",.,"A",.,"A",.,"A",150,"D",.,"A",.,"A",.,"A",.,"A",.,"A",.,"A",130,"D",.,"A",.,"A"
"20102",2250822,89,0,"1",.,"A",.,"A",.,"A",.,"A",.,"A",380,"D",390,"D",.,"A",.,"A",.,"A",.,"A",.,"A",500,"D",.,"A",.,"A"
"20102",2250832,55,0,"1",.,"A",.,"A",.,"A",.,"A",.,"A",.,"A",.,"A",.,"A",.,"A",.,"A",.,"A",.,"A",.,"A",.,"A",.,"A"
"20102",2250852,39,0,"1",.,"A",.,"A",.,"A",.,"A",.,"A",.,"A",546,"D",.,"A",.,"A",.,"A",.,"A",.,"A",24,"D",.,"A",.,"A"
"20102",2250902,41,0,"1",.,"A",.,"A",.,"A",.,"A",.,"A",.,"A",.,"A",.,"A",.,"A",.,"A",.,"A",.,"A",.,"A",.,"A",.,"A"
"20102",2250912,60,0,"1",.,"A",.,"A",.,"A",.,"A",.,"A",.,"A",.,"A",.,"A",150,"D",.,"A",.,"A",.,"A",165,"D",.,"A",.,"A"
"20102",2250992,45,0,"1",.,"A",.,"A",.,"A",.,"A",.,"A",.,"A",.,"A",.,"A",90,"D",.,"A",.,"A",.,"A",140,"D",.,"A",.,"A"
"20102",2251022,70,0,"1",.,"A",.,"A",.,"A",.,"A",.,"A",.,"A",.,"A",.,"A",.,"A",.,"A",.,"A",.,"A",5,"D",.,"A",.,"A"
"20102",2251112,71,0,"1",.,"A",.,"A",.,"A",30,"D",.,"A",15,"D",.,"A",.,"A",.,"A",.,"A",.,"A",.,"A",300,"D",.,"A",.,"A"
"20102",2251122,71,0,"1",.,"A",.,"A",.,"A",.,"A",.,"A",.,"A",.,"A",.,"A",.,"A",.,"A",.,"A",.,"A",48,"D",.,"A",.,"A"
"20102",2251152,36,0,"1",.,"A",.,"A",.,"A",40,"D",.,"A",.,"A",.,"A",.,"A",.,"A",.,"A",.,"A",.,"A",.,"A",.,"A",.,"A"
"20102",2251192,28,0,"1",12,"D",.,"A",.,"A",.,"A",60,"D",.,"A",.,"A",.,"A",.,"A",.,"A",.,"A",.,"A",.,"A",.,"A",.,"A"
"20102",2251252,36,0,"1",.,"A",.,"A",.,"A",.,"A",.,"A",.,"A",.,"A",.,"A",.,"A",.,"A",.,"A",.,"A",100,"D",.,"A",.,"A"
"20102",2251312,28,0,"1",.,"A",.,"A",.,"A",.,"A",.,"A",.,"A",195,"F",.,"A",.,"A",.,"A",.,"A",.,"A",.,"A",.,"A",.,"A"
"20102",2251373,41,0,"1",.,"A",.,"A",.,"A",.,"A",.,"A",.,"A",.,"A",.,"A",24,"D",.,"A",.,"A",.,"A",42,"D",.,"A",.,"A"
"20102",2251474,32,0,"1",.,"A",.,"A",.,"A",.,"A",45,"D",.,"A",650,"D",.,"A",.,"A",.,"A",.,"A",.,"A",.,"A",.,"A",.,"A"
"20102",2251512,29,0,"1",.,"A",.,"A",.,"A",.,"A",.,"A",.,"A",.,"A",.,"A",.,"A",.,"A",.,"A",.,"A",.,"A",.,"A",.,"A"
"20102",2251592,34,0,"1",.,"A",.,"A",.,"A",.,"A",.,"A",.,"A",.,"A",.,"A",36,"D",.,"A",.,"A",.,"A",.,"A",.,"A",.,"A"
"20102",2251722,47,0,"1",.,"A",.,"A",.,"A",.,"A",30,"D",.,"A",.,"A",.,"A",.,"A",.,"A",.,"A",.,"A",130,"D",.,"A",.,"A"
"20102",2251743,36,0,"1",.,"A",.,"A",.,"A",30,"D",300,"D",.,"A",26,"D",.,"A",105,"D",.,"A",.,"A",.,"A",.,"A",.,"A",.,"A"
"20102",2251802,39,0,"1",.,"A",.,"A",.,"A",.,"A",.,"A",.,"A",.,"A",.,"A",30,"D",.,"A",.,"A",.,"A",75,"D",.,"A",.,"A"
"20102",2251835,42,0,"1",.,"A",.,"A",.,"A",.,"A",.,"A",.,"A",.,"A",.,"A",.,"A",.,"A",.,"A",.,"A",.,"A",.,"A",.,"A"
"20102",2251962,74,0,"1",.,"A",.,"A",.,"A",.,"A",.,"A",.,"A",.,"A",.,"A",.,"A",.,"A",.,"A",.,"A",18,"D",.,"A",.,"A"
"20102",2251992,65,0,"1",.,"A",.,"A",.,"A",20,"D",.,"A",.,"A",260,"D",.,"A",45,"D",0,"D",0,"D",75,"D",90,"D",0,"D",.,"A"
"20102",2252002,36,0,"1",.,"A",.,"A",.,"A",.,"A",.,"A",40,"D",.,"A",.,"A",.,"A",.,"A",.,"A",.,"A",60,"D",.,"A",.,"A"
"20102",2252012,64,0,"1",.,"A",.,"A",.,"A",.,"A",.,"A",.,"A",.,"A",.,"A",.,"A",.,"A",.,"A",.,"A",.,"A",.,"A",.,"A"
"20102",2252042,72,0,"1",.,"A",.,"A",.,"A",.,"A",.,"A",100,"D",.,"A",.,"A",.,"A",.,"A",.,"A",.,"A",200,"D",.,"A",.,"A"
"20102",2252112,45,0,"1",.,"A",.,"A",.,"A",.,"A",.,"A",35,"D",.,"A",.,"A",.,"A",.,"A",.,"A",.,"A",120,"D",.,"A",.,"A"
"20102",2252122,59,0,"1",.,"A",.,"A",.,"A",.,"A",.,"A",.,"A",.,"A",.,"A",.,"A",.,"A",.,"A",.,"A",40,"D",.,"A",.,"A"
"20102",2252222,53,0,"1",.,"A",.,"A",.,"A",.,"A",.,"A",40,"D",.,"A",.,"A",.,"A",.,"A",.,"A",.,"A",50,"D",.,"A",.,"A"
"20102",2252282,34,0,"1",.,"A",.,"A",.,"A",.,"A",.,"A",.,"A",.,"A",.,"A",.,"A",.,"A",.,"A",.,"A",35,"D",.,"A",.,"A"
"20102",2252312,69,0,"1",.,"A",.,"A",.,"A",.,"A",.,"A",.,"A",.,"A",.,"A",.,"A",.,"A",.,"A",.,"A",300,"D",.,"A",.,"A"
"20102",2252332,41,0,"1",.,"A",.,"A",.,"A",.,"A",.,"A",.,"A",.,"A",.,"A",.,"A",.,"A",.,"A",.,"A",120,"D",.,"A",.,"A"
"20102",2252362,42,0,"1",.,"A",.,"A",.,"A",.,"A",.,"A",.,"A",.,"A",.,"A",.,"A",.,"A",.,"A",.,"A",.,"A",.,"A",.,"A"
"20102",2252412,33,0,"1",0,"F",.,"A",.,"A",.,"A",15,"F",.,"A",.,"A",.,"A",.,"A",.,"A",.,"A",.,"A",.,"A",.,"A",.,"A"
"20102",2252492,46,0,"1",.,"A",.,"A",.,"A",.,"A",.,"A",.,"A",.,"A",.,"A",.,"A",.,"A",.,"A",.,"A",.,"A",.,"A",.,"A"
"20102",2252502,40,0,"1",.,"A",.,"A",.,"A",.,"A",.,"A",.,"A",104,"D",.,"A",.,"A",.,"A",.,"A",.,"A",.,"A",.,"A",.,"A"
"20102",2252532,60,0,"1",.,"A",.,"A",.,"A",.,"A",.,"A",50,"D",.,"A",.,"A",.,"A",.,"A",.,"A",.,"A",100,"D",.,"A",.,"A"
"20102",2252582,54,0,"1",.,"A",.,"A",.,"A",.,"A",.,"A",20,"D",.,"A",.,"A",.,"A",.,"A",.,"A",.,"A",240,"D",.,"A",.,"A"
"20102",2252662,42,0,"1",.,"A",.,"A",.,"A",.,"A",.,"A",.,"A",.,"A",.,"A",.,"A",.,"A",.,"A",.,"A",.,"A",.,"A",.,"A"
"20102",2252682,57,0,"1",.,"A",.,"A",.,"A",.,"A",.,"A",.,"A",.,"A",.,"A",.,"A",.,"A",.,"A",.,"A",250,"D",.,"A",.,"A"
"20102",2252702,62,0,"1",.,"A",.,"A",.,"A",.,"A",.,"A",.,"A",182,"D",.,"A",15,"D",.,"A",.,"A",.,"A",60,"D",.,"A",.,"A"
"20102",2252712,47,0,"1",.,"A",.,"A",.,"A",.,"A",.,"A",.,"A",.,"A",.,"A",.,"A",.,"A",.,"A",.,"A",.,"A",.,"A",.,"A"
"20102",2252752,71,0,"1",.,"A",.,"A",.,"A",.,"A",.,"A",.,"A",.,"A",13,"D",.,"A",.,"A",.,"A",.,"A",20,"D",.,"A",.,"A"
"20102",2252772,47,0,"1",.,"A",.,"A",.,"A",.,"A",.,"A",.,"A",.,"A",.,"A",.,"A",.,"A",.,"A",.,"A",.,"A",.,"A",.,"A"
"20102",2252822,99,0,"1",.,"A",.,"A",.,"A",.,"A",.,"A",40,"D",.,"A",65,"D",.,"A",.,"A",.,"A",.,"A",140,"D",.,"A",.,"A"
"20102",2252862,71,0,"1",.,"A",.,"A",.,"A",.,"A",.,"A",30,"D",130,"D",.,"A",.,"A",.,"A",.,"A",.,"A",85,"D",.,"A",.,"A"
"20102",2252902,29,0,"1",.,"A",.,"A",.,"A",8,"D",144,"D",.,"A",.,"A",.,"A",.,"A",.,"A",.,"A",.,"A",20,"D",.,"A",.,"A"
"20102",2252962,84,0,"1",.,"A",.,"A",.,"A",.,"A",.,"A",11,"D",.,"A",.,"A",.,"A",.,"A",.,"A",.,"A",102,"D",.,"A",.,"A"
"20102",2253062,57,0,"1",.,"A",.,"A",.,"A",.,"A",.,"A",.,"A",.,"A",.,"A",.,"A",.,"A",.,"A",.,"A",35,"D",.,"A",.,"A"
"20102",2253102,69,0,"1",.,"A",.,"A",.,"A",.,"A",.,"A",.,"A",.,"A",.,"A",.,"A",.,"A",.,"A",.,"A",40,"D",.,"A",.,"A"
"20102",2253142,36,0,"1",.,"A",.,"A",.,"A",.,"A",.,"A",.,"A",91,"D",.,"A",.,"A",.,"A",.,"A",.,"A",.,"A",.,"A",.,"A"
"20102",2253202,60,0,"1",.,"A",.,"A",.,"A",.,"A",.,"A",.,"A",.,"A",.,"A",.,"A",75,"D",0,"D",0,"D",100,"D",25,"D",.,"A"
"20102",2253292,80,0,"1",.,"A",.,"A",96,"D",.,"A",.,"A",.,"A",.,"A",.,"A",.,"A",.,"A",.,"A",.,"A",25,"D",.,"A",.,"A"
"20102",2253322,56,0,"1",.,"A",.,"A",.,"A",.,"A",.,"A",.,"A",.,"A",.,"A",.,"A",.,"A",.,"A",.,"A",15,"D",.,"A",.,"A"
"20102",2253352,47,0,"1",.,"A",.,"A",.,"A",.,"A",.,"A",.,"A",.,"A",.,"A",.,"A",.,"A",.,"A",.,"A",180,"D",.,"A",.,"A"
"20102",2253362,51,0,"1",.,"A",.,"A",.,"A",.,"A",23,"D",.,"A",.,"A",.,"A",.,"A",.,"A",.,"A",.,"A",70,"D",.,"A",.,"A"
"20102",2253422,32,0,"1",.,"A",.,"A",.,"A",.,"A",360,"D",.,"A",.,"A",.,"A",.,"A",201,"D",75,"D",180,"D",120,"D",67,"D",.,"A"
"20102",2253442,41,0,"1",.,"A",.,"A",.,"A",.,"A",80,"D",.,"A",.,"A",.,"A",6,"D",.,"A",.,"A",.,"A",30,"D",.,"A",.,"A"
"20102",2253532,40,0,"1",.,"A",.,"A",.,"A",.,"A",.,"A",.,"A",.,"A",.,"A",.,"A",.,"A",.,"A",.,"A",100,"D",.,"A",.,"A"
"20102",2253562,43,0,"1",.,"A",.,"A",.,"A",.,"A",.,"A",.,"A",.,"A",.,"A",21,"D",.,"A",.,"A",.,"A",55,"D",.,"A",.,"A"
"20102",2253642,36,0,"1",.,"A",.,"A",.,"A",.,"A",.,"A",.,"A",156,"D",.,"A",.,"A",.,"A",.,"A",.,"A",.,"A",.,"A",.,"A"
"20102",2253692,29,0,"1",.,"A",.,"A",.,"A",.,"A",.,"A",.,"A",.,"A",.,"A",.,"A",.,"A",.,"A",.,"A",.,"A",.,"A",.,"A"
"20102",2253742,46,0,"1",.,"A",.,"A",.,"A",.,"A",.,"A",.,"A",.,"A",.,"A",.,"A",.,"A",.,"A",.,"A",50,"D",.,"A",.,"A"
"20102",2253872,57,0,"1",.,"A",.,"A",.,"A",.,"A",.,"A",.,"A",325,"D",.,"A",.,"A",.,"A",.,"A",.,"A",36,"D",.,"A",.,"A"
"20102",2253962,31,0,"1",.,"A",.,"A",.,"A",.,"A",.,"A",.,"A",.,"A",.,"A",.,"A",.,"A",.,"A",.,"A",.,"A",.,"A",.,"A"
"20102",2254042,52,0,"1",.,"A",.,"A",.,"A",.,"A",.,"A",20,"F",.,"A",.,"A",.,"A",.,"A",.,"A",.,"A",.,"A",.,"A",.,"A"
"20102",2254072,32,0,"1",.,"A",.,"A",.,"A",.,"A",.,"A",.,"A",.,"A",.,"A",.,"A",.,"A",.,"A",.,"A",.,"A",.,"A",.,"A"
"20102",2254082,50,0,"1",.,"A",.,"A",.,"A",.,"A",.,"A",.,"A",.,"A",.,"A",.,"A",.,"A",.,"A",.,"A",.,"A",.,"A",.,"A"
"20102",2254092,38,0,"1",.,"A",.,"A",.,"A",.,"A",.,"A",.,"A",.,"A",.,"A",.,"A",.,"A",.,"A",.,"A",.,"A",.,"A",.,"A"
"20102",2254112,46,0,"1",.,"A",.,"A",.,"A",.,"A",.,"A",.,"A",.,"A",.,"A",.,"A",.,"A",.,"A",.,"A",120,"D",.,"A",.,"A"
"20102",2254262,39,0,"1",.,"A",.,"A",.,"A",.,"A",.,"A",.,"A",.,"A",.,"A",.,"A",210,"D",0,"D",60,"D",90,"D",70,"D",.,"A"
"20102",2254282,63,0,"1",.,"A",.,"A",.,"A",.,"A",.,"A",.,"A",.,"A",.,"A",.,"A",.,"A",.,"A",.,"A",100,"D",.,"A",.,"A"
"20102",2254362,36,0,"1",.,"A",.,"A",.,"A",.,"A",.,"A",.,"A",.,"A",.,"A",.,"A",.,"A",.,"A",.,"A",60,"D",.,"A",.,"A"
"20102",2254392,34,0,"1",.,"A",.,"A",.,"A",.,"A",.,"A",.,"A",455,"D",.,"A",.,"A",.,"A",.,"A",.,"A",.,"A",.,"A",.,"A"
"20102",2254512,34,0,"1",.,"A",.,"A",.,"A",.,"A",.,"A",.,"A",.,"A",.,"A",.,"A",.,"A",.,"A",.,"A",.,"A",.,"A",.,"A"
"20102",2254522,39,0,"1",.,"A",.,"A",.,"A",.,"A",.,"A",.,"A",455,"D",.,"A",.,"A",.,"A",.,"A",.,"A",72,"D",.,"A",.,"A"
"20102",2254572,61,0,"1",.,"A",.,"A",.,"A",.,"A",.,"A",100,"D",.,"A",.,"A",.,"A",.,"A",.,"A",.,"A",.,"A",.,"A",.,"A"
"20102",2254632,36,0,"1",.,"A",.,"A",.,"A",.,"A",.,"A",.,"A",.,"A",.,"A",.,"A",.,"A",.,"A",.,"A",120,"D",.,"A",.,"A"
"20102",2254692,47,0,"1",.,"A",.,"A",.,"A",.,"A",.,"A",.,"A",.,"A",.,"A",.,"A",.,"A",.,"A",.,"A",80,"D",.,"A",.,"A"
"20102",2254732,51,0,"1",.,"A",.,"A",.,"A",.,"A",.,"A",.,"A",.,"A",.,"A",24,"D",.,"A",.,"A",.,"A",17,"D",.,"A",.,"A"
"20102",2254772,47,0,"1",.,"A",.,"A",.,"A",.,"A",.,"A",.,"A",.,"A",.,"A",.,"A",.,"A",.,"A",.,"A",35,"D",.,"A",.,"A"
"20102",2254802,59,0,"1",.,"A",.,"A",70,"D",.,"A",.,"A",150,"D",.,"A",.,"A",.,"A",.,"A",.,"A",.,"A",600,"D",.,"A",.,"A"
"20102",2254942,57,0,"1",.,"A",.,"A",.,"A",.,"A",.,"A",.,"A",.,"A",.,"A",15,"D",.,"A",.,"A",.,"A",205,"D",.,"A",.,"A"
"20102",2254962,52,0,"1",.,"A",.,"A",.,"A",.,"A",.,"A",.,"A",.,"A",.,"A",.,"A",.,"A",.,"A",.,"A",.,"A",.,"A",.,"A"
"20102",2255002,52,0,"1",.,"A",.,"A",.,"A",.,"A",.,"A",.,"A",.,"A",.,"A",.,"A",.,"A",.,"A",.,"A",65,"D",.,"A",.,"A"
"20102",2255032,63,0,"1",.,"A",.,"A",.,"A",.,"A",.,"A",.,"A",195,"D",.,"A",.,"A",.,"A",.,"A",.,"A",.,"A",.,"A",.,"A"
"20102",2255182,29,0,"1",.,"A",.,"A",.,"A",.,"A",.,"A",.,"A",.,"A",.,"A",.,"A",.,"A",.,"A",.,"A",.,"A",.,"A",.,"A"
"20102",2255272,25,0,"1",.,"A",.,"A",.,"A",.,"A",.,"A",.,"A",78,"D",.,"A",.,"A",.,"A",.,"A",.,"A",.,"A",.,"A",.,"A"
"20102",2255305,27,0,"1",20,"D",.,"A",.,"A",.,"A",140,"D",.,"A",273,"D",.,"A",.,"A",.,"A",.,"A",.,"A",.,"A",.,"A",.,"A"
"20102",2255312,60,0,"1",.,"A",.,"A",.,"A",.,"A",.,"A",50,"D",.,"A",.,"A",.,"A",.,"A",.,"A",.,"A",150,"D",.,"A",.,"A"
"20102",2255342,39,0,"1",.,"A",.,"A",.,"A",.,"A",.,"A",.,"A",.,"A",.,"A",.,"A",.,"A",.,"A",.,"A",120,"D",.,"A",.,"A"
"20102",2255442,23,0,"1",.,"A",.,"A",.,"A",.,"A",40,"D",.,"A",.,"A",.,"A",.,"A",.,"A",.,"A",.,"A",.,"A",.,"A",.,"A"
"20102",2255472,46,0,"1",.,"A",.,"A",.,"A",.,"A",.,"A",.,"A",.,"A",.,"A",.,"A",.,"A",.,"A",.,"A",345,"D",.,"A",.,"A"
"20102",2255532,44,0,"1",.,"A",.,"A",.,"A",.,"A",.,"A",.,"A",650,"D",.,"A",.,"A",.,"A",.,"A",.,"A",26,"F",.,"A",.,"A"
"20102",2255542,32,0,"1",.,"A",.,"A",.,"A",.,"A",.,"A",.,"A",.,"A",.,"A",.,"A",.,"A",.,"A",.,"A",.,"A",.,"A",.,"A"
"20102",2255553,48,0,"1",.,"A",.,"A",.,"A",.,"A",80,"D",.,"A",325,"D",.,"A",.,"A",.,"A",.,"A",.,"A",120,"D",.,"A",.,"A"
"20102",2255622,70,0,"1",.,"A",.,"A",.,"A",.,"A",.,"A",.,"A",.,"A",.,"A",.,"A",.,"A",.,"A",.,"A",.,"A",.,"A",.,"A"
"20102",2255662,46,0,"1",.,"A",.,"A",.,"A",.,"A",.,"A",.,"A",650,"D",.,"A",.,"A",.,"A",.,"A",.,"A",50,"D",.,"A",.,"A"
"20102",2255672,28,0,"1",12,"D",.,"A",.,"A",.,"A",68,"D",.,"A",260,"D",.,"A",.,"A",90,"D",0,"D",0,"D",72,"D",30,"D",.,"A"
"20102",2255692,56,0,"1",.,"A",.,"A",.,"A",.,"A",.,"A",.,"A",.,"A",.,"A",.,"A",.,"A",.,"A",.,"A",150,"D",.,"A",.,"A"
"20102",2255703,21,0,"1",.,"A",.,"A",.,"A",.,"A",.,"A",.,"A",390,"D",.,"A",.,"A",.,"A",.,"A",.,"A",.,"A",.,"A",.,"A"
"20102",2255712,49,0,"1",.,"A",.,"A",.,"A",.,"A",.,"A",.,"A",.,"A",.,"A",.,"A",.,"A",.,"A",.,"A",55,"D",.,"A",.,"A"
"20102",2255802,37,0,"1",.,"A",.,"A",.,"A",130,"D",.,"A",.,"A",78,"D",.,"A",.,"A",.,"A",.,"A",.,"A",180,"D",.,"A",.,"A"
"20102",2255812,23,0,"1",.,"A",.,"A",.,"A",.,"A",.,"A",.,"A",.,"A",.,"A",.,"A",.,"A",.,"A",.,"A",.,"A",.,"A",.,"A"
"20102",2255822,24,0,"1",.,"A",.,"A",.,"A",.,"A",.,"A",.,"A",.,"A",.,"A",.,"A",.,"A",.,"A",.,"A",.,"A",.,"A",.,"A"
"20102",2255872,42,0,"1",.,"A",.,"A",.,"A",.,"A",.,"A",.,"A",.,"A",.,"A",.,"A",.,"A",.,"A",.,"A",.,"A",.,"A",.,"A"
"20102",2255882,69,0,"1",.,"A",.,"A",.,"A",.,"A",.,"A",49,"D",.,"A",.,"A",.,"A",.,"A",.,"A",.,"A",.,"A",.,"A",.,"A"
"20102",2255952,42,0,"1",.,"A",.,"A",.,"A",.,"A",.,"A",60,"D",.,"A",.,"A",.,"A",.,"A",.,"A",.,"A",250,"D",.,"A",.,"A"
"20102",2255974,27,0,"1",.,"A",.,"A",.,"A",.,"A",.,"A",.,"A",390,"D",.,"A",9,"D",.,"A",.,"A",.,"A",20,"D",.,"A",.,"A"
"20102",2255992,57,0,"1",.,"A",.,"A",.,"A",.,"A",.,"A",.,"A",325,"D",.,"A",.,"A",.,"A",.,"A",.,"A",135,"D",.,"A",.,"A"
"20102",2256002,36,0,"1",.,"A",.,"A",.,"A",.,"A",.,"A",.,"A",.,"A",.,"A",.,"A",.,"A",.,"A",.,"A",.,"A",.,"A",.,"A"
"20102",2256122,61,0,"1",.,"A",.,"A",.,"A",.,"A",.,"A",.,"A",520,"D",.,"A",.,"A",.,"A",.,"A",.,"A",115,"D",.,"A",.,"A"
"20102",2256162,30,0,"1",.,"A",.,"A",.,"A",.,"A",.,"A",.,"A",130,"D",.,"A",30,"D",0,"D",0,"D",0,"D",.,"A",0,"D",.,"A"
"20102",2256242,50,0,"1",.,"A",.,"A",.,"A",.,"A",.,"A",50,"D",.,"A",.,"A",.,"A",.,"A",.,"A",.,"A",60,"D",.,"A",.,"A"
"20102",2256252,69,0,"1",.,"A",.,"A",.,"A",.,"A",.,"A",.,"A",.,"A",.,"A",.,"A",.,"A",.,"A",.,"A",35,"D",.,"A",.,"A"
"20102",2256282,47,0,"1",.,"A",.,"A",.,"A",.,"A",.,"A",96,"D",.,"A",.,"A",.,"A",0,"D",96,"D",0,"D",72,"D",0,"D",.,"A"
"20102",2256352,50,0,"1",.,"A",.,"A",.,"A",.,"A",.,"A",.,"A",208,"D",.,"A",54,"D",.,"A",.,"A",.,"A",.,"A",.,"A",.,"A"
"20102",2256402,67,0,"1",.,"A",.,"A",.,"A",.,"A",.,"A",.,"A",.,"A",.,"A",.,"A",.,"A",.,"A",.,"A",100,"D",.,"A",.,"A"
"20102",2256462,59,0,"1",.,"A",.,"A",15,"D",.,"A",.,"A",.,"A",65,"D",.,"A",.,"A",.,"A",.,"A",.,"A",15,"D",.,"A",.,"A"
"20102",2256522,54,0,"1",.,"A",.,"A",.,"A",.,"A",.,"A",60,"D",.,"A",.,"A",.,"A",.,"A",.,"A",.,"A",30,"D",.,"A",.,"A"
"20102",2256582,44,0,"1",.,"A",.,"A",.,"A",.,"A",.,"A",.,"A",.,"A",.,"A",.,"A",.,"A",.,"A",.,"A",480,"D",.,"A",.,"A"
"20102",2256592,65,0,"1",.,"A",.,"A",.,"A",.,"A",.,"A",.,"A",1105,"D",.,"A",.,"A",.,"A",.,"A",.,"A",.,"A",.,"A",.,"A"
"20102",2256612,49,0,"1",.,"A",.,"A",.,"A",.,"A",.,"A",29,"D",.,"A",.,"A",.,"A",.,"A",.,"A",.,"A",81,"D",.,"A",.,"A"
"20102",2256692,34,0,"1",.,"A",.,"A",.,"A",.,"A",.,"A",.,"A",.,"A",.,"A",.,"A",0,"D",0,"D",180,"D",.,"A",0,"D",.,"A"
"20102",2256723,51,0,"1",.,"A",.,"A",.,"A",.,"A",.,"A",.,"A",.,"A",.,"A",.,"A",.,"A",.,"A",.,"A",85,"D",.,"A",.,"A"
"20102",2256732,50,0,"1",.,"A",.,"A",.,"A",.,"A",.,"A",.,"A",.,"A",.,"A",15,"D",.,"A",.,"A",.,"A",155,"D",.,"A",.,"A"
"20102",2256742,42,0,"1",.,"A",.,"A",.,"A",.,"A",.,"A",.,"A",.,"A",.,"A",.,"A",.,"A",.,"A",.,"A",140,"F",.,"A",.,"A"
"20102",2256792,25,0,"1",8,"D",.,"A",.,"A",.,"A",120,"D",.,"A",234,"D",.,"A",.,"A",150,"D",0,"D",0,"D",.,"A",50,"D",.,"A"
"20102",2256814,48,0,"1",.,"A",.,"A",.,"A",.,"A",.,"A",.,"A",1820,"D",.,"A",.,"A",.,"A",.,"A",.,"A",40,"D",.,"A",.,"A"
"20102",2256862,59,0,"1",.,"A",.,"A",.,"A",.,"A",.,"A",.,"A",78,"D",.,"A",.,"A",.,"A",.,"A",.,"A",120,"D",.,"A",.,"A"
"20102",2256882,60,0,"1",.,"A",.,"A",.,"A",.,"A",.,"A",80,"D",.,"A",.,"A",.,"A",.,"A",.,"A",.,"A",125,"D",.,"A",.,"A"
"20102",2256972,57,0,"1",.,"A",.,"A",.,"A",.,"A",.,"A",.,"A",.,"A",.,"A",.,"A",.,"A",.,"A",.,"A",60,"D",.,"A",.,"A"
"20102",2257002,67,0,"1",12,"D",.,"A",.,"A",.,"A",0,"D",15,"D",.,"A",.,"A",.,"A",.,"A",.,"A",.,"A",25,"D",.,"A",.,"A"
"20102",2257012,31,0,"1",.,"A",.,"A",.,"A",.,"A",10,"D",.,"A",.,"A",.,"A",.,"A",.,"A",.,"A",.,"A",.,"A",.,"A",.,"A"
"20102",2257035,30,0,"1",.,"A",.,"A",.,"A",.,"A",40,"D",.,"A",.,"A",.,"A",.,"A",195,"D",0,"D",0,"D",.,"A",65,"D",.,"A"
"20102",2257072,64,0,"1",.,"A",.,"A",.,"A",.,"A",.,"A",.,"A",.,"A",.,"A",.,"A",.,"A",.,"A",.,"A",300,"D",.,"A",.,"A"
"20102",2257102,26,0,"1",.,"A",.,"A",.,"A",.,"A",15,"D",.,"A",.,"A",.,"A",.,"A",.,"A",.,"A",.,"A",75,"D",.,"A",.,"A"
"20102",2257152,35,0,"1",.,"A",.,"A",.,"A",.,"A",.,"A",.,"A",.,"A",.,"A",6,"D",.,"A",.,"A",.,"A",15,"D",.,"A",.,"A"
"20102",2257172,59,0,"1",3,"D",.,"A",.,"A",.,"A",0,"D",.,"A",.,"A",.,"A",.,"A",36,"D",0,"D",0,"D",.,"A",12,"D",.,"A"
"20102",2257232,46,0,"1",.,"A",.,"A",.,"A",.,"A",152,"D",.,"A",.,"A",.,"A",.,"A",.,"A",.,"A",.,"A",280,"D",.,"A",.,"A"
"20102",2257242,79,0,"1",.,"A",.,"A",.,"A",.,"A",.,"A",.,"A",65,"D",.,"A",.,"A",.,"A",.,"A",.,"A",175,"D",.,"A",.,"A"
"20102",2257263,23,0,"1",.,"A",.,"A",.,"A",.,"A",.,"A",.,"A",195,"D",.,"A",.,"A",.,"A",.,"A",.,"A",.,"A",.,"A",.,"A"
"20102",2257272,46,0,"1",.,"A",.,"A",.,"A",.,"A",.,"A",.,"A",.,"A",.,"A",.,"A",.,"A",.,"A",.,"A",70,"D",.,"A",.,"A"
"20102",2257344,39,0,"1",.,"A",.,"A",.,"A",.,"A",.,"A",.,"A",65,"D",.,"A",.,"A",.,"A",.,"A",.,"A",60,"D",.,"A",.,"A"
"20102",2257362,55,0,"1",.,"A",.,"A",.,"A",.,"A",.,"A",.,"A",.,"A",.,"A",.,"A",.,"A",.,"A",.,"A",35,"D",.,"A",.,"A"
"20102",2257412,28,0,"1",.,"A",.,"A",.,"A",.,"A",.,"A",.,"A",260,"D",.,"A",.,"A",.,"A",.,"A",.,"A",.,"A",.,"A",.,"A"
"20102",2257422,51,0,"1",.,"A",.,"A",.,"A",.,"A",.,"A",.,"A",65,"D",.,"A",.,"A",.,"A",.,"A",.,"A",.,"A",.,"A",.,"A"
"20102",2257452,41,0,"1",.,"A",.,"A",.,"A",.,"A",.,"A",30,"D",.,"A",.,"A",.,"A",.,"A",.,"A",.,"A",300,"D",.,"A",.,"A"
"20102",2257552,57,0,"1",.,"A",.,"A",.,"A",.,"A",.,"A",.,"A",.,"A",.,"A",.,"A",.,"A",.,"A",.,"A",40,"D",.,"A",.,"A"
"20102",2257602,32,0,"1",.,"A",.,"A",.,"A",.,"A",.,"A",.,"A",.,"A",.,"A",.,"A",.,"A",.,"A",.,"A",50,"D",.,"A",.,"A"
"20102",2257612,26,0,"1",.,"A",.,"A",.,"A",.,"A",.,"A",.,"A",.,"A",.,"A",.,"A",.,"A",.,"A",.,"A",.,"A",.,"A",.,"A"
"20102",2257702,62,0,"1",.,"A",.,"A",.,"A",120,"D",.,"A",5,"D",.,"A",.,"A",.,"A",300,"D",0,"D",15,"F",30,"D",100,"D",.,"A"
"20102",2257742,41,0,"1",20,"D",.,"A",.,"A",.,"A",80,"D",.,"A",.,"A",.,"A",9,"D",.,"A",.,"A",.,"A",.,"A",.,"A",.,"A"
"20102",2257772,35,0,"1",.,"A",.,"A",2,"D",.,"A",.,"A",.,"A",.,"A",.,"A",.,"A",.,"A",.,"A",.,"A",120,"D",.,"A",.,"A"
"20102",2257832,57,0,"1",.,"A",.,"A",.,"A",.,"A",.,"A",.,"A",.,"A",.,"A",.,"A",.,"A",.,"A",.,"A",42,"D",.,"A",.,"A"
"20102",2257852,44,0,"1",.,"A",.,"A",.,"A",.,"A",.,"A",.,"A",.,"A",.,"A",.,"A",.,"A",.,"A",.,"A",.,"A",.,"A",.,"A"
"20102",2257862,39,0,"1",.,"A",.,"A",.,"A",.,"A",.,"A",.,"A",.,"A",.,"A",.,"A",216,"D",0,"D",0,"D",.,"A",72,"D",.,"A"
"20102",2257883,29,0,"1",.,"A",.,"A",.,"A",.,"A",100,"D",.,"A",.,"A",.,"A",.,"A",.,"A",.,"A",.,"A",.,"A",.,"A",.,"A"
"20102",2257973,26,0,"1",.,"A",.,"A",.,"A",.,"A",.,"A",.,"A",390,"D",.,"A",.,"A",.,"A",.,"A",.,"A",.,"A",.,"A",.,"A"
"20102",2258032,36,0,"1",.,"A",.,"A",.,"A",.,"A",.,"A",.,"A",.,"A",.,"A",.,"A",.,"A",.,"A",.,"A",100,"D",.,"A",.,"A"
"20102",2258042,49,0,"1",.,"A",.,"A",.,"A",.,"A",.,"A",.,"A",.,"A",.,"A",.,"A",.,"A",.,"A",.,"A",240,"D",.,"A",.,"A"
"20102",2258052,32,0,"1",.,"A",.,"A",.,"A",.,"A",30,"D",.,"A",.,"A",.,"A",.,"A",.,"A",.,"A",.,"A",60,"D",.,"A",.,"A"
"20102",2258102,41,0,"1",.,"A",.,"A",.,"A",.,"A",.,"A",.,"A",.,"A",.,"A",.,"A",.,"A",.,"A",.,"A",.,"A",.,"A",.,"A"
"20102",2258112,74,0,"1",.,"A",.,"A",.,"A",.,"A",.,"A",100,"D",.,"A",.,"A",6,"D",240,"D",0,"D",0,"D",170,"D",80,"D",.,"A"
"20102",2258202,72,0,"1",.,"A",.,"A",.,"A",.,"A",.,"A",.,"A",.,"A",.,"A",.,"A",.,"A",.,"A",.,"A",400,"D",.,"A",.,"A"
"20102",2258212,54,0,"1",.,"A",.,"A",.,"A",.,"A",.,"A",.,"A",.,"A",.,"A",.,"A",.,"A",.,"A",.,"A",20,"D",.,"A",.,"A"
"20102",2258262,51,0,"1",.,"A",.,"A",.,"A",.,"A",.,"A",.,"A",.,"A",65,"D",30,"D",.,"A",.,"A",.,"A",.,"A",.,"A",.,"A"
"20102",2258272,32,0,"1",.,"A",.,"A",.,"A",.,"A",.,"A",.,"A",.,"A",.,"A",.,"A",.,"A",.,"A",.,"A",.,"A",.,"A",.,"A"
"20102",2258312,74,0,"1",.,"A",.,"A",.,"A",.,"A",.,"A",.,"A",.,"A",.,"A",.,"A",.,"A",.,"A",.,"A",110,"D",.,"A",.,"A"
"20102",2258362,26,0,"1",.,"A",.,"A",.,"A",.,"A",.,"A",.,"A",.,"A",.,"A",.,"A",900,"D",0,"D",0,"D",.,"A",300,"D",.,"A"
"20102",2258372,43,0,"1",25,"D",.,"A",.,"A",.,"A",215,"D",25,"D",.,"A",.,"A",.,"A",.,"A",.,"A",.,"A",165,"D",.,"A",.,"A"
"20102",2258382,32,0,"1",.,"A",.,"A",.,"A",.,"A",10,"D",.,"A",.,"A",.,"A",.,"A",.,"A",.,"A",.,"A",20,"D",.,"A",.,"A"
"20102",2258392,58,0,"1",.,"A",.,"A",.,"A",.,"A",.,"A",.,"A",.,"A",.,"A",60,"D",.,"A",.,"A",.,"A",.,"A",.,"A",.,"A"
"20102",2258422,33,0,"1",.,"A",.,"A",.,"A",.,"A",30,"D",.,"A",.,"A",.,"A",.,"A",.,"A",.,"A",.,"A",.,"A",.,"A",.,"A"
"20102",2258454,38,0,"1",.,"A",.,"A",.,"A",30,"D",.,"A",.,"A",.,"A",.,"A",45,"D",.,"A",.,"A",.,"A",60,"D",.,"A",.,"A"
"20102",2258462,31,0,"1",.,"A",.,"A",.,"A",.,"A",60,"D",.,"A",.,"A",.,"A",.,"A",.,"A",.,"A",.,"A",90,"D",.,"A",.,"A"
"20102",2258502,56,0,"1",.,"A",.,"A",.,"A",.,"A",.,"A",.,"A",.,"A",.,"A",.,"A",.,"A",.,"A",.,"A",.,"A",.,"A",.,"A"
"20102",2258563,29,0,"1",.,"A",.,"A",.,"A",.,"A",.,"A",20,"D",.,"A",.,"A",.,"A",.,"A",.,"A",.,"A",.,"A",.,"A",.,"A"
"20102",2258602,53,0,"1",.,"A",.,"A",.,"A",.,"A",.,"A",200,"D",.,"A",.,"A",.,"A",.,"A",.,"A",.,"A",400,"D",.,"A",.,"A"
"20102",2258612,51,0,"1",.,"A",.,"A",.,"A",.,"A",.,"A",40,"D",.,"A",.,"A",.,"A",.,"A",.,"A",.,"A",60,"D",.,"A",.,"A"
"20102",2258663,34,0,"1",.,"A",.,"A",.,"A",.,"A",.,"A",.,"A",.,"A",.,"A",.,"A",.,"A",.,"A",.,"A",.,"A",.,"A",.,"A"
"20102",2258682,38,0,"1",.,"A",.,"A",.,"A",.,"A",.,"A",20,"D",.,"A",.,"A",.,"A",.,"A",.,"A",.,"A",75,"D",.,"A",.,"A"
"20102",2258772,38,0,"1",.,"A",.,"A",.,"A",.,"A",10,"D",.,"A",.,"A",13,"D",.,"A",.,"A",.,"A",.,"A",.,"A",.,"A",.,"A"
"20102",2258792,38,0,"1",.,"A",.,"A",.,"A",.,"A",.,"A",.,"A",.,"A",.,"A",.,"A",.,"A",.,"A",.,"A",40,"D",.,"A",.,"A"
"20102",2258822,40,0,"1",.,"A",.,"A",.,"A",.,"A",.,"A",.,"A",.,"A",.,"A",.,"A",.,"A",.,"A",.,"A",60,"D",.,"A",.,"A"
"20102",2258902,64,0,"1",.,"A",.,"A",.,"A",.,"A",.,"A",.,"A",.,"A",.,"A",.,"A",.,"A",.,"A",.,"A",125,"D",.,"A",.,"A"
"20102",2258912,34,0,"1",60,"D",.,"A",.,"A",.,"A",180,"D",.,"A",.,"A",.,"A",.,"A",.,"A",.,"A",.,"A",60,"D",.,"A",.,"A"
"20102",2258954,45,0,"1",5,"D",.,"A",.,"A",.,"A",40,"D",.,"A",.,"A",.,"A",60,"D",.,"A",.,"A",.,"A",.,"A",.,"A",.,"A"
"20102",2259012,41,0,"1",.,"A",.,"A",.,"A",.,"A",.,"A",.,"A",.,"A",.,"A",.,"A",.,"A",.,"A",.,"A",.,"A",.,"A",.,"A"
"20102",2259022,62,0,"1",.,"A",.,"A",.,"A",.,"A",.,"A",.,"A",.,"A",.,"A",.,"A",.,"A",.,"A",.,"A",40,"D",.,"A",.,"A"
"20102",2259042,61,0,"1",.,"A",.,"A",.,"A",.,"A",60,"D",.,"A",.,"A",.,"A",.,"A",.,"A",.,"A",.,"A",50,"D",.,"A",.,"A"
"20102",2259102,33,0,"1",.,"A",.,"A",.,"A",.,"A",30,"D",30,"D",.,"A",.,"A",.,"A",.,"A",.,"A",.,"A",.,"A",.,"A",.,"A"
"20102",2259142,64,0,"1",.,"A",.,"A",.,"A",.,"A",.,"A",.,"A",.,"A",.,"A",348,"D",.,"A",.,"A",.,"A",150,"D",.,"A",.,"A"
"20102",2259152,29,0,"1",.,"A",.,"A",.,"A",.,"A",.,"A",.,"A",.,"A",.,"A",.,"A",.,"A",.,"A",.,"A",60,"D",.,"A",.,"A"
"20102",2259192,55,0,"1",.,"A",.,"A",.,"A",.,"A",.,"A",.,"A",.,"A",.,"A",9,"D",.,"A",.,"A",.,"A",340,"D",.,"A",.,"A"
"20102",2259212,59,0,"1",.,"A",.,"A",.,"A",.,"A",.,"A",.,"A",.,"A",.,"A",30,"D",.,"A",.,"A",.,"A",60,"D",.,"A",.,"A"
"20102",2259282,52,0,"1",.,"A",.,"A",.,"A",.,"A",135,"D",.,"A",.,"A",.,"A",.,"A",.,"A",.,"A",.,"A",70,"D",.,"A",.,"A"
"20102",2259292,63,0,"1",.,"A",.,"A",.,"A",.,"A",.,"A",400,"D",.,"A",.,"A",.,"A",.,"A",.,"A",.,"A",.,"A",.,"A",.,"A"
"20102",2259352,52,0,"1",.,"A",.,"A",.,"A",.,"A",.,"A",.,"A",.,"A",.,"A",.,"A",.,"A",.,"A",.,"A",30,"D",.,"A",.,"A"
"20102",2259382,60,0,"1",.,"A",.,"A",.,"A",.,"A",.,"A",80,"D",.,"A",.,"A",.,"A",75,"D",0,"D",0,"D",155,"D",25,"D",.,"A"
"20102",2259442,39,0,"1",.,"A",.,"A",.,"A",.,"A",.,"A",.,"A",.,"A",.,"A",.,"A",.,"A",.,"A",.,"A",.,"A",.,"A",.,"A"
"20102",2259605,37,0,"1",.,"A",.,"A",.,"A",.,"A",20,"D",.,"A",.,"A",.,"A",.,"A",.,"A",.,"A",.,"A",40,"D",.,"A",.,"A"
"20102",2259622,28,0,"1",.,"A",.,"A",.,"A",.,"A",.,"A",.,"A",.,"A",.,"A",.,"A",.,"A",.,"A",.,"A",.,"A",.,"A",.,"A"
"20102",2259662,48,0,"1",.,"A",.,"A",.,"A",.,"A",.,"A",.,"A",.,"A",.,"A",.,"A",.,"A",.,"A",.,"A",.,"A",.,"A",.,"A"
"20102",2259672,37,0,"1",.,"A",.,"A",.,"A",.,"A",.,"A",.,"A",.,"A",.,"A",.,"A",.,"A",.,"A",.,"A",.,"A",.,"A",.,"A"
"20102",2259772,26,0,"1",.,"A",.,"A",.,"A",5,"D",60,"D",.,"A",.,"A",.,"A",.,"A",.,"A",.,"A",.,"A",30,"D",.,"A",.,"A"
"20102",2259782,33,0,"1",.,"A",.,"A",.,"A",.,"A",.,"A",.,"A",325,"F",.,"A",.,"A",.,"A",.,"A",.,"A",.,"A",.,"A",.,"A"
"20102",2259792,24,0,"1",.,"A",.,"A",.,"A",.,"A",.,"A",.,"A",.,"A",.,"A",120,"D",.,"A",.,"A",.,"A",10,"D",.,"A",.,"A"
"20102",2259812,31,0,"1",.,"A",.,"A",.,"A",.,"A",.,"A",.,"A",.,"A",.,"A",.,"A",0,"D",0,"D",105,"D",250,"D",0,"D",.,"A"
"20102",2259852,34,0,"1",.,"A",.,"A",.,"A",.,"A",.,"A",.,"A",.,"A",.,"A",.,"A",.,"A",.,"A",.,"A",.,"A",.,"A",.,"A"
"20102",2259862,44,0,"1",.,"A",.,"A",.,"A",.,"A",.,"A",.,"A",.,"A",.,"A",.,"A",.,"A",.,"A",.,"A",.,"A",.,"A",.,"A"
"20102",2259892,53,0,"1",.,"A",.,"A",.,"A",.,"A",.,"A",.,"A",.,"A",.,"A",.,"A",.,"A",.,"A",.,"A",.,"A",.,"A",.,"A"
"20102",2259902,34,0,"1",.,"A",.,"A",.,"A",.,"A",.,"A",.,"A",.,"A",.,"A",.,"A",.,"A",.,"A",.,"A",.,"A",.,"A",.,"A"
"20102",2259912,46,0,"1",0,"F",.,"A",.,"A",.,"A",24,"F",.,"A",.,"A",.,"A",36,"D",.,"A",.,"A",.,"A",.,"A",.,"A",.,"A"
"20102",2260022,22,0,"1",.,"A",.,"A",.,"A",.,"A",.,"A",.,"A",.,"A",.,"A",.,"A",.,"A",.,"A",.,"A",.,"A",.,"A",.,"A"
"20102",2260065,28,0,"1",.,"A",.,"A",.,"A",.,"A",.,"A",.,"A",.,"A",.,"A",.,"A",.,"A",.,"A",.,"A",.,"A",.,"A",.,"A"
"20102",2260172,71,0,"1",.,"A",.,"A",.,"A",.,"A",.,"A",.,"A",.,"A",.,"A",.,"A",.,"A",.,"A",.,"A",45,"D",.,"A",.,"A"
"20102",2260252,41,0,"1",.,"A",.,"A",.,"A",.,"A",36,"D",.,"A",.,"A",.,"A",.,"A",.,"A",.,"A",.,"A",.,"A",.,"A",.,"A"
"20102",2260272,52,0,"1",.,"A",.,"A",.,"A",.,"A",.,"A",.,"A",390,"D",.,"A",.,"A",.,"A",.,"A",.,"A",.,"A",.,"A",.,"A"
"20102",2260302,20,0,"1",.,"A",.,"A",.,"A",.,"A",.,"A",.,"A",.,"A",.,"A",.,"A",.,"A",.,"A",.,"A",.,"A",.,"A",.,"A"
"20102",2260322,48,0,"1",.,"A",.,"A",.,"A",.,"A",.,"A",.,"A",.,"A",.,"A",.,"A",.,"A",.,"A",.,"A",.,"A",.,"A",.,"A"
"20102",2260332,46,0,"1",.,"A",.,"A",.,"A",.,"A",.,"A",.,"A",156,"D",.,"A",.,"A",.,"A",.,"A",.,"A",50,"D",.,"A",.,"A"
"20102",2260342,69,0,"1",.,"A",.,"A",.,"A",.,"A",.,"A",17,"D",.,"A",.,"A",.,"A",.,"A",.,"A",.,"A",.,"A",.,"A",.,"A"
"20102",2260364,48,0,"1",.,"A",.,"A",.,"A",.,"A",.,"A",.,"A",.,"A",.,"A",.,"A",.,"A",.,"A",.,"A",.,"A",.,"A",.,"A"
"20102",2260412,25,0,"1",.,"A",.,"A",.,"A",90,"D",240,"D",.,"A",.,"A",.,"A",.,"A",270,"D",0,"D",270,"D",200,"D",90,"D",.,"A"
"20102",2260422,53,0,"1",.,"A",.,"A",.,"A",.,"A",.,"A",.,"A",.,"A",.,"A",.,"A",.,"A",.,"A",.,"A",90,"D",.,"A",.,"A"
"20102",2260432,33,0,"1",.,"A",.,"A",.,"A",.,"A",.,"A",.,"A",.,"A",.,"A",15,"D",.,"A",.,"A",.,"A",10,"D",.,"A",.,"A"
"20102",2260452,52,0,"1",.,"A",.,"A",.,"A",.,"A",.,"A",.,"A",.,"A",.,"A",.,"A",.,"A",.,"A",.,"A",66,"D",.,"A",.,"A"
"20102",2260482,34,0,"1",.,"A",.,"A",.,"A",.,"A",.,"A",.,"A",.,"A",.,"A",.,"A",.,"A",.,"A",.,"A",.,"A",.,"A",.,"A"
"20102",2260522,71,0,"1",.,"A",.,"A",5,"D",.,"A",.,"A",.,"A",.,"A",.,"A",45,"D",.,"A",.,"A",.,"A",50,"D",.,"A",.,"A"
"20102",2260532,44,0,"1",.,"A",.,"A",20,"D",.,"A",.,"A",90,"D",234,"D",.,"A",.,"A",.,"A",.,"A",.,"A",60,"D",.,"A",.,"A"
"20102",2260592,56,0,"1",.,"A",.,"A",.,"A",.,"A",.,"A",30,"D",.,"A",.,"A",.,"A",0,"D",0,"D",120,"D",225,"D",0,"D",.,"A"
"20102",2260652,51,0,"1",.,"A",.,"A",.,"A",.,"A",.,"A",.,"A",.,"A",.,"A",.,"A",.,"A",.,"A",.,"A",.,"A",.,"A",.,"A"
"20102",2260662,45,0,"1",.,"A",.,"A",.,"A",.,"A",.,"A",.,"A",1300,"D",.,"A",.,"A",.,"A",.,"A",.,"A",140,"D",.,"A",.,"A"
"20102",2260672,42,0,"1",.,"A",.,"A",.,"A",.,"A",.,"A",.,"A",182,"D",.,"A",.,"A",.,"A",.,"A",.,"A",40,"D",.,"A",.,"A"
"20102",2260712,39,0,"1",.,"A",.,"A",.,"A",.,"A",.,"A",.,"A",.,"A",.,"A",45,"D",.,"A",.,"A",.,"A",.,"A",.,"A",.,"A"
"20102",2260722,36,0,"1",.,"A",.,"A",.,"A",.,"A",.,"A",.,"A",.,"A",.,"A",.,"A",.,"A",.,"A",.,"A",.,"A",.,"A",.,"A"
"20102",2260743,33,0,"1",.,"A",.,"A",.,"A",.,"A",.,"A",.,"A",325,"D",.,"A",.,"A",.,"A",.,"A",.,"A",40,"D",.,"A",.,"A"
"20102",2260872,51,0,"1",.,"A",.,"A",.,"A",.,"A",.,"A",.,"A",260,"D",.,"A",.,"A",.,"A",.,"A",.,"A",.,"A",.,"A",.,"A"
"20102",2260893,28,0,"1",.,"A",.,"A",.,"A",.,"A",.,"A",.,"A",364,"D",.,"A",.,"A",.,"A",.,"A",.,"A",.,"A",.,"A",.,"A"
"20102",2260932,96,0,"1",.,"A",.,"A",.,"A",.,"A",.,"A",15,"D",.,"A",.,"A",.,"A",.,"A",.,"A",.,"A",100,"D",.,"A",.,"A"
"20102",2261002,40,0,"1",25,"D",.,"A",.,"A",.,"A",64,"D",.,"A",.,"A",.,"A",.,"A",.,"A",.,"A",.,"A",72,"D",.,"A",.,"A"
"20102",2261052,37,0,"1",.,"A",.,"A",.,"A",.,"A",.,"A",.,"A",.,"A",.,"A",.,"A",.,"A",.,"A",.,"A",35,"D",.,"A",.,"A"
"20102",2261072,50,0,"1",.,"A",.,"A",.,"A",.,"A",240,"D",.,"A",.,"A",.,"A",.,"A",.,"A",.,"A",.,"A",50,"D",.,"A",.,"A"
"20102",2261092,35,0,"1",.,"A",.,"A",.,"A",.,"A",.,"A",30,"D",.,"A",.,"A",.,"A",.,"A",.,"A",.,"A",360,"D",.,"A",.,"A"
"20102",2261162,35,0,"1",.,"A",.,"A",.,"A",.,"A",40,"D",.,"A",.,"A",.,"A",9,"D",186,"D",0,"D",0,"D",40,"D",62,"D",.,"A"
"20102",2261232,53,0,"1",.,"A",.,"A",.,"A",.,"A",.,"A",.,"A",.,"A",.,"A",12,"D",.,"A",.,"A",.,"A",.,"A",.,"A",.,"A"
"20102",2261252,71,0,"1",.,"A",.,"A",.,"A",.,"A",.,"A",20,"D",.,"A",.,"A",.,"A",.,"A",.,"A",.,"A",870,"D",.,"A",.,"A"
"20102",2261282,52,0,"1",.,"A",.,"A",.,"A",.,"A",64,"D",.,"A",.,"A",.,"A",60,"D",.,"A",.,"A",.,"A",.,"A",.,"A",.,"A"
"20102",2261462,56,0,"1",.,"A",.,"A",.,"A",.,"A",.,"A",.,"A",91,"D",52,"D",.,"A",.,"A",.,"A",.,"A",.,"A",.,"A",.,"A"
"20102",2261472,64,0,"1",.,"A",.,"A",.,"A",.,"A",.,"A",.,"A",.,"A",.,"A",.,"A",.,"A",.,"A",.,"A",120,"D",.,"A",.,"A"
"20102",2261504,66,0,"1",.,"A",.,"A",.,"A",.,"A",.,"A",130,"D",.,"A",.,"A",36,"D",.,"A",.,"A",.,"A",335,"D",.,"A",.,"A"
"20102",2261512,38,0,"1",.,"A",.,"A",.,"A",.,"A",35,"D",.,"A",.,"A",.,"A",.,"A",.,"A",.,"A",.,"A",60,"D",.,"A",.,"A"
"20102",2261522,65,0,"1",.,"A",.,"A",.,"A",.,"A",.,"A",.,"A",.,"A",.,"A",.,"A",.,"A",.,"A",.,"A",.,"A",.,"A",.,"A"
"20102",2261572,47,0,"1",.,"A",.,"A",.,"A",.,"A",.,"A",.,"A",.,"A",.,"A",.,"A",.,"A",.,"A",.,"A",12,"D",.,"A",.,"A"
"20102",2261602,47,0,"1",.,"A",.,"A",.,"A",.,"A",.,"A",.,"A",520,"D",.,"A",.,"A",.,"A",.,"A",.,"A",.,"A",.,"A",.,"A"
"20102",2261632,51,0,"1",.,"A",.,"A",.,"A",.,"A",.,"A",.,"A",.,"A",.,"A",.,"A",.,"A",.,"A",.,"A",.,"A",.,"A",.,"A"
"20102",2261642,44,0,"1",.,"A",.,"A",.,"A",.,"A",.,"A",.,"A",.,"A",.,"A",.,"A",.,"A",.,"A",.,"A",.,"A",.,"A",.,"A"
"20102",2261673,34,0,"1",.,"A",.,"A",.,"A",.,"A",30,"D",.,"A",520,"D",.,"A",.,"A",.,"A",.,"A",.,"A",.,"A",.,"A",.,"A"
"20102",2261702,47,0,"1",.,"A",.,"A",.,"A",.,"A",.,"A",.,"A",.,"A",130,"D",.,"A",.,"A",.,"A",.,"A",50,"D",.,"A",.,"A"
"20102",2261713,51,0,"1",.,"A",.,"A",.,"A",.,"A",100,"D",.,"A",.,"A",.,"A",.,"A",.,"A",.,"A",.,"A",600,"D",.,"A",.,"A"
"20102",2261772,41,0,"1",.,"A",.,"A",.,"A",.,"A",.,"A",.,"A",.,"A",.,"A",.,"A",.,"A",.,"A",.,"A",.,"A",.,"A",.,"A"
"20102",2261782,30,0,"1",.,"A",.,"A",.,"A",.,"A",.,"A",.,"A",1040,"D",.,"A",.,"A",.,"A",.,"A",.,"A",.,"A",.,"A",.,"A"
"20102",2261874,29,0,"1",.,"A",.,"A",.,"A",.,"A",.,"A",.,"A",.,"A",.,"A",.,"A",.,"A",.,"A",.,"A",.,"A",.,"A",.,"A"
"20102",2261922,53,0,"1",.,"A",.,"A",.,"A",.,"A",.,"A",.,"A",.,"A",.,"A",.,"A",.,"A",.,"A",.,"A",30,"D",.,"A",.,"A"
"20102",2261994,22,0,"1",.,"A",.,"A",.,"A",.,"A",.,"A",.,"A",.,"A",.,"A",.,"A",.,"A",.,"A",.,"A",.,"A",.,"A",.,"A"
"20102",2262002,38,0,"1",.,"A",.,"A",.,"A",.,"A",.,"A",.,"A",.,"A",.,"A",.,"A",780,"D",0,"D",0,"D",60,"D",260,"D",.,"A"
"20102",2262133,34,0,"1",.,"A",.,"A",.,"A",.,"A",.,"A",.,"A",520,"D",.,"A",.,"A",.,"A",.,"A",.,"A",.,"A",.,"A",.,"A"
"20102",2262153,45,0,"1",.,"A",.,"A",.,"A",.,"A",.,"A",20,"D",.,"A",.,"A",.,"A",.,"A",.,"A",.,"A",60,"D",.,"A",.,"A"
"20102",2262172,52,0,"1",.,"A",.,"A",.,"A",40,"D",.,"A",28,"D",.,"A",.,"A",.,"A",.,"A",.,"A",.,"A",285,"D",.,"A",.,"A"
"20102",2262194,26,0,"1",.,"A",.,"A",.,"A",.,"A",.,"A",.,"A",.,"A",.,"A",.,"A",.,"A",.,"A",.,"A",.,"A",.,"A",.,"A"
"20102",2262202,29,0,"1",.,"A",.,"A",.,"A",.,"A",30,"D",.,"A",.,"A",.,"A",.,"A",.,"A",.,"A",.,"A",20,"D",.,"A",.,"A"
"20102",2262212,48,0,"1",.,"A",.,"A",125,"D",.,"A",60,"D",720,"D",.,"A",.,"A",.,"A",.,"A",.,"A",.,"A",45,"D",.,"A",.,"A"
"20102",2262232,35,0,"1",.,"A",.,"A",.,"A",.,"A",.,"A",.,"A",65,"D",.,"A",.,"A",.,"A",.,"A",.,"A",.,"A",.,"A",.,"A"
"20102",2262282,49,0,"1",.,"A",.,"A",.,"A",.,"A",.,"A",.,"A",.,"A",.,"A",.,"A",.,"A",.,"A",.,"A",.,"A",.,"A",.,"A"
"20102",2262332,43,0,"1",.,"A",.,"A",.,"A",.,"A",.,"A",.,"A",.,"A",.,"A",.,"A",180,"D",0,"D",0,"D",50,"D",60,"D",.,"A"
"20102",2262352,56,0,"1",.,"A",.,"A",.,"A",.,"A",.,"A",250,"D",.,"A",.,"A",.,"A",.,"A",.,"A",.,"A",400,"D",.,"A",.,"A"
"20102",2262372,36,0,"1",.,"A",.,"A",.,"A",20,"D",.,"A",57,"D",260,"D",.,"A",.,"A",0,"D",0,"D",30,"D",.,"A",0,"D",.,"A"
"20102",2262382,43,0,"1",.,"A",.,"A",.,"A",.,"A",.,"A",.,"A",.,"A",.,"A",30,"F",.,"A",.,"A",.,"A",17,"D",.,"A",.,"A"
"20102",2262412,46,0,"1",.,"A",.,"A",.,"A",.,"A",.,"A",120,"D",.,"A",.,"A",.,"A",0,"D",0,"D",30,"D",150,"D",0,"D",.,"A"
"20102",2262452,90,0,"1",.,"A",.,"A",.,"A",.,"A",.,"A",120,"D",.,"A",.,"A",.,"A",.,"A",.,"A",.,"A",162,"D",.,"A",.,"A"
"20102",2262492,80,0,"1",.,"A",.,"A",16,"D",.,"A",.,"A",.,"A",780,"D",364,"D",.,"A",.,"A",.,"A",.,"A",250,"D",.,"A",.,"A"
"20102",2262522,52,0,"1",.,"A",.,"A",.,"A",.,"A",.,"A",.,"A",.,"A",.,"A",12,"D",.,"A",.,"A",.,"A",15,"D",.,"A",.,"A"
"20102",2262532,19,0,"1",.,"A",.,"A",.,"A",.,"A",.,"A",.,"A",.,"A",.,"A",.,"A",.,"A",.,"A",.,"A",.,"A",.,"A",.,"A"
"20102",2262592,53,0,"1",.,"A",.,"A",.,"A",.,"A",120,"D",.,"A",.,"A",.,"A",42,"D",.,"A",.,"A",.,"A",.,"A",.,"A",.,"A"
"20102",2262602,37,0,"1",.,"A",.,"A",.,"A",.,"A",.,"A",.,"A",91,"D",.,"A",.,"A",45,"D",0,"D",0,"D",.,"A",15,"D",.,"A"
"20102",2262635,43,0,"1",.,"A",.,"A",.,"A",.,"A",.,"A",36,"D",.,"A",.,"A",.,"A",.,"A",.,"A",.,"A",120,"D",.,"A",.,"A"
"20102",2262662,31,0,"1",.,"A",.,"A",.,"A",.,"A",.,"A",.,"A",.,"A",.,"A",.,"A",.,"A",.,"A",.,"A",.,"A",.,"A",.,"A"
"20102",2262692,61,0,"1",.,"A",.,"A",32,"D",.,"A",.,"A",.,"A",.,"A",.,"A",.,"A",.,"A",.,"A",.,"A",800,"D",.,"A",.,"A"
"20102",2262702,40,0,"1",36,"D",.,"A",.,"A",.,"A",84,"D",.,"A",.,"A",.,"A",.,"A",.,"A",.,"A",.,"A",.,"A",.,"A",.,"A"
"20102",2262782,25,0,"1",.,"A",.,"A",.,"A",.,"A",.,"A",.,"A",.,"A",.,"A",.,"A",.,"A",.,"A",.,"A",.,"A",.,"A",.,"A"
"20102",2262812,26,0,"1",.,"A",.,"A",.,"A",.,"A",.,"A",.,"A",.,"A",.,"A",.,"A",.,"A",.,"A",.,"A",.,"A",.,"A",.,"A"
"20102",2262822,49,0,"1",.,"A",.,"A",.,"A",30,"D",135,"D",.,"A",.,"A",.,"A",.,"A",387,"D",0,"D",0,"D",.,"A",129,"D",.,"A"
"20102",2262842,73,0,"1",.,"A",.,"A",.,"A",.,"A",9,"D",.,"A",.,"A",.,"A",.,"A",.,"A",.,"A",.,"A",24,"D",.,"A",.,"A"
"20102",2262855,37,0,"1",.,"A",.,"A",.,"A",.,"A",125,"F",.,"A",.,"A",.,"A",.,"A",.,"A",.,"A",.,"A",.,"A",.,"A",.,"A"
"20102",2262892,45,0,"1",.,"A",.,"A",.,"A",.,"A",.,"A",.,"A",260,"D",.,"A",.,"A",.,"A",.,"A",.,"A",30,"D",.,"A",.,"A"
"20102",2262912,50,0,"1",.,"A",.,"A",.,"A",.,"A",.,"A",.,"A",.,"A",.,"A",.,"A",.,"A",.,"A",.,"A",300,"D",.,"A",.,"A"
"20102",2262962,69,0,"1",.,"A",.,"A",.,"A",.,"A",.,"A",.,"A",1755,"D",.,"A",.,"A",.,"A",.,"A",.,"A",50,"D",.,"A",.,"A"
"20102",2263082,41,0,"1",.,"A",.,"A",.,"A",.,"A",.,"A",75,"D",.,"A",.,"A",.,"A",.,"A",.,"A",.,"A",200,"D",.,"A",.,"A"
"20102",2263102,42,0,"1",.,"A",.,"A",.,"A",.,"A",.,"A",.,"A",.,"A",.,"A",.,"A",.,"A",.,"A",.,"A",40,"D",.,"A",.,"A"
"20102",2263142,32,0,"1",.,"A",.,"A",.,"A",.,"A",.,"A",.,"A",169,"D",.,"A",.,"A",.,"A",.,"A",.,"A",27,"D",.,"A",.,"A"
"20102",2263172,45,0,"1",20,"D",.,"A",.,"A",.,"A",45,"D",.,"A",.,"A",.,"A",.,"A",.,"A",.,"A",.,"A",13,"D",.,"A",.,"A"
"20102",2263192,55,0,"1",.,"A",.,"A",.,"A",.,"A",.,"A",.,"A",.,"A",.,"A",.,"A",24,"F",0,"D",0,"D",.,"A",.,"C",.,"A"
"20102",2263232,50,0,"1",.,"A",.,"A",.,"A",.,"A",.,"A",.,"A",.,"A",.,"A",30,"D",0,"D",0,"D",120,"D",165,"D",0,"D",.,"A"
"20102",2263262,35,0,"1",.,"A",.,"A",.,"A",.,"A",48,"D",.,"A",.,"A",.,"A",.,"A",.,"A",.,"A",.,"A",60,"D",.,"A",.,"A"
"20102",2263284,68,0,"1",.,"A",.,"A",.,"A",.,"A",25,"D",.,"A",.,"A",.,"A",.,"A",.,"A",.,"A",.,"A",75,"D",.,"A",.,"A"
"20102",2263302,49,0,"1",.,"A",.,"A",.,"A",.,"A",.,"A",.,"A",.,"A",.,"A",.,"A",135,"D",0,"D",0,"D",40,"D",45,"D",75,"D"
"20102",2263322,42,0,"1",.,"A",.,"A",.,"A",.,"A",.,"A",.,"A",.,"A",.,"A",.,"A",.,"A",.,"A",.,"A",39,"D",.,"A",.,"A"
"20102",2263352,43,0,"1",.,"A",.,"A",.,"A",.,"A",.,"A",.,"A",.,"A",.,"A",.,"A",.,"A",.,"A",.,"A",.,"A",.,"A",.,"A"
"20102",2263382,70,0,"1",.,"A",.,"A",.,"A",.,"A",.,"A",18,"D",.,"A",.,"A",.,"A",.,"A",.,"A",.,"A",100,"D",.,"A",.,"A"
"20102",2263422,59,0,"1",.,"A",.,"A",.,"A",.,"A",.,"A",.,"A",520,"D",.,"A",.,"A",.,"A",.,"A",.,"A",125,"D",.,"A",.,"A"
"20102",2263482,40,0,"1",.,"A",.,"A",.,"A",.,"A",.,"A",.,"A",.,"A",.,"A",.,"A",.,"A",.,"A",.,"A",60,"D",.,"A",.,"A"
"20102",2263492,72,0,"1",.,"A",.,"A",.,"A",.,"A",.,"A",25,"D",.,"A",.,"A",.,"A",.,"A",.,"A",.,"A",300,"D",.,"A",.,"A"
"20102",2263532,47,0,"1",.,"A",.,"A",.,"A",.,"A",.,"A",.,"A",.,"A",.,"A",.,"A",.,"A",.,"A",.,"A",30,"D",.,"A",.,"A"
"20102",2263644,27,0,"1",.,"A",.,"A",.,"A",.,"A",.,"A",.,"A",.,"A",.,"A",.,"A",.,"A",.,"A",.,"A",.,"A",.,"A",.,"A"
"20102",2263672,66,0,"1",.,"A",.,"A",30,"D",.,"A",.,"A",75,"D",.,"A",117,"F",.,"A",.,"A",.,"A",.,"A",64,"D",.,"A",.,"A"
"20102",2263715,45,0,"1",.,"A",.,"A",.,"A",.,"A",.,"A",.,"A",325,"D",.,"A",.,"A",.,"A",.,"A",.,"A",300,"D",.,"A",.,"A"
"20102",2263722,45,0,"1",.,"A",.,"A",.,"A",.,"A",.,"A",.,"A",.,"A",.,"A",21,"D",750,"D",150,"D",0,"D",150,"D",250,"D",.,"A"
"20102",2263822,45,0,"1",.,"A",.,"A",.,"A",.,"A",.,"A",.,"A",.,"A",.,"A",60,"D",.,"A",.,"A",.,"A",.,"A",.,"A",.,"A"
"20102",2263842,36,0,"1",.,"A",.,"A",.,"A",.,"A",.,"A",40,"D",.,"A",.,"A",.,"A",.,"A",.,"A",.,"A",.,"A",.,"A",.,"A"
"20102",2263852,27,0,"1",.,"A",.,"A",.,"A",.,"A",.,"A",.,"A",.,"A",.,"A",.,"A",.,"A",.,"A",.,"A",.,"A",.,"A",.,"A"
"20102",2263883,35,0,"1",.,"A",.,"A",.,"A",.,"A",.,"A",.,"A",.,"A",.,"A",.,"A",.,"A",.,"A",.,"A",.,"A",.,"A",.,"A"
"20102",2263902,54,0,"1",.,"A",.,"A",.,"A",.,"A",.,"A",.,"A",.,"A",.,"A",.,"A",.,"A",.,"A",.,"A",70,"D",.,"A",.,"A"
"20102",2263952,56,0,"1",.,"A",.,"A",.,"A",.,"A",.,"A",.,"A",.,"A",.,"A",.,"A",0,"D",0,"D",18,"D",.,"A",0,"D",.,"A"
"20102",2263964,22,0,"1",.,"A",.,"A",.,"A",.,"A",75,"D",.,"A",.,"A",.,"A",.,"A",.,"A",.,"A",.,"A",.,"A",.,"A",.,"A"
"20102",2264002,40,0,"1",.,"A",.,"A",.,"A",.,"A",30,"D",.,"A",.,"A",.,"A",.,"A",0,"D",0,"D",0,"D",75,"D",0,"D",.,"A"
"20102",2264024,47,0,"1",.,"A",.,"A",.,"A",.,"A",.,"A",80,"D",.,"A",.,"A",.,"A",.,"A",.,"A",.,"A",170,"D",.,"A",.,"A"
"20102",2264032,67,0,"1",.,"A",.,"A",.,"A",.,"A",.,"A",.,"A",390,"D",.,"A",.,"A",.,"A",.,"A",.,"A",80,"D",.,"A",.,"A"
"20102",2264042,39,0,"1",.,"A",30,"D",.,"A",.,"A",.,"A",170,"D",455,"D",.,"A",.,"A",.,"A",.,"A",.,"A",.,"A",.,"A",.,"A"
"20102",2264052,38,0,"1",.,"A",.,"A",.,"A",.,"A",.,"A",.,"A",.,"A",.,"A",.,"A",.,"A",.,"A",.,"A",.,"A",.,"A",.,"A"
"20102",2264092,33,0,"1",.,"A",.,"A",.,"A",.,"A",8,"D",.,"A",.,"A",.,"A",.,"A",.,"A",.,"A",.,"A",.,"A",.,"A",.,"A"
"20102",2264202,76,0,"1",.,"A",14,"D",.,"A",.,"A",.,"A",0,"D",.,"A",.,"A",.,"A",.,"A",.,"A",.,"A",.,"A",.,"A",.,"A"
"20102",2264252,42,0,"1",.,"A",.,"A",.,"A",.,"A",.,"A",.,"A",.,"A",.,"A",.,"A",120,"D",0,"D",0,"D",.,"A",40,"D",.,"A"
"20102",2264282,59,0,"1",.,"A",.,"A",.,"A",.,"A",.,"A",.,"A",.,"A",.,"A",.,"A",.,"A",.,"A",.,"A",138,"D",.,"A",.,"A"
"20102",2264312,67,0,"1",.,"A",.,"A",.,"A",.,"A",.,"A",.,"A",.,"A",.,"A",.,"A",.,"A",.,"A",.,"A",90,"D",.,"A",.,"A"
"20102",2264322,90,0,"1",.,"A",.,"A",1,"D",.,"A",.,"A",130,"D",.,"A",.,"A",.,"A",.,"A",.,"A",.,"A",300,"D",.,"A",.,"A"
"20102",2264342,85,0,"1",.,"A",.,"A",.,"A",.,"A",.,"A",.,"A",.,"A",.,"A",.,"A",.,"A",.,"A",.,"A",.,"A",.,"A",.,"A"
"20102",2264373,36,0,"1",.,"A",.,"A",.,"A",.,"A",45,"D",20,"D",.,"A",.,"A",.,"A",.,"A",.,"A",.,"A",50,"D",.,"A",.,"A"
"20102",2264402,49,0,"1",.,"A",.,"A",75,"D",.,"A",.,"A",60,"D",.,"A",.,"A",.,"A",.,"A",.,"A",.,"A",100,"D",.,"A",.,"A"
"20102",2264492,80,0,"1",.,"A",130,"D",280,"D",.,"A",.,"A",220,"D",.,"A",.,"A",.,"A",.,"A",.,"A",.,"A",210,"D",.,"A",.,"A"
"20102",2264532,75,0,"1",.,"A",.,"A",.,"A",.,"A",.,"A",.,"A",455,"D",.,"A",.,"A",.,"A",.,"A",.,"A",.,"A",.,"A",.,"A"
"20102",2264562,26,0,"1",.,"A",.,"A",.,"A",.,"A",.,"A",.,"A",.,"A",.,"A",.,"A",.,"A",.,"A",.,"A",.,"A",.,"A",.,"A"
"20102",2264572,26,0,"1",.,"A",.,"A",.,"A",.,"A",90,"D",.,"A",.,"A",.,"A",.,"A",0,"D",0,"D",60,"D",186,"D",0,"D",.,"A"
"20102",2264612,47,0,"1",.,"A",.,"A",.,"A",.,"A",.,"A",.,"A",.,"A",.,"A",.,"A",.,"A",.,"A",.,"A",.,"A",.,"A",.,"A"
"20102",2264622,37,0,"1",.,"A",.,"A",.,"A",.,"A",.,"A",.,"A",.,"A",.,"A",.,"A",.,"A",.,"A",.,"A",45,"D",.,"A",.,"A"
"20102",2264762,80,0,"1",.,"A",.,"A",.,"A",.,"A",.,"A",.,"A",.,"A",.,"A",.,"A",.,"A",.,"A",.,"A",290,"D",.,"A",.,"A"
"20102",2264803,24,0,"1",.,"A",.,"A",.,"A",.,"A",60,"D",.,"A",260,"D",.,"A",.,"A",.,"A",.,"A",.,"A",.,"A",.,"A",.,"A"
"20102",2264862,62,0,"1",.,"A",.,"A",.,"A",.,"A",.,"A",.,"A",.,"A",.,"A",.,"A",.,"A",.,"A",.,"A",.,"A",.,"A",.,"A"
"20102",2264872,29,0,"1",.,"A",.,"A",.,"A",.,"A",.,"A",.,"A",.,"A",.,"A",.,"A",.,"A",.,"A",.,"A",.,"A",.,"A",.,"A"
"20102",2264992,36,0,"1",.,"A",.,"A",.,"A",.,"A",.,"A",.,"A",.,"A",91,"D",.,"A",.,"A",.,"A",.,"A",50,"D",.,"A",.,"A"
"20102",2265102,58,0,"1",.,"A",.,"A",.,"A",.,"A",.,"A",.,"A",.,"A",.,"A",.,"A",.,"A",.,"A",.,"A",26,"D",.,"A",.,"A"
"20102",2265172,61,0,"1",.,"A",.,"A",.,"A",.,"A",.,"A",60,"D",.,"A",.,"A",135,"D",.,"A",.,"A",.,"A",150,"D",.,"A",.,"A"
"20102",2265182,34,0,"1",.,"A",.,"A",.,"A",.,"A",.,"A",.,"A",325,"D",.,"A",.,"A",.,"A",.,"A",.,"A",.,"A",.,"A",.,"A"
"20102",2265234,31,0,"1",.,"A",.,"A",.,"A",.,"A",.,"A",.,"A",650,"D",.,"A",.,"A",.,"A",.,"A",.,"A",.,"A",.,"A",.,"A"
"20102",2265262,55,0,"1",.,"A",.,"A",.,"A",.,"A",.,"A",.,"A",.,"A",.,"A",.,"A",.,"A",.,"A",.,"A",150,"D",.,"A",.,"A"
"20102",2265312,56,0,"1",.,"A",.,"A",.,"A",.,"A",.,"A",15,"D",.,"A",.,"A",.,"A",.,"A",.,"A",.,"A",130,"D",.,"A",.,"A"
"20102",2265352,61,0,"1",.,"A",.,"A",.,"A",.,"A",10,"F",.,"A",.,"A",.,"A",.,"A",0,"D",0,"D",21,"D",.,"A",0,"D",.,"A"
"20102",2265382,108,0,"1",.,"A",.,"A",.,"A",.,"A",.,"A",.,"A",.,"A",.,"A",3,"D",.,"A",.,"A",.,"A",45,"D",.,"A",.,"A"
"20102",2265412,37,0,"1",.,"A",.,"A",.,"A",.,"A",.,"A",.,"A",.,"A",.,"A",.,"A",.,"A",.,"A",.,"A",150,"D",.,"A",.,"A"
"20102",2265432,37,0,"1",.,"A",.,"A",.,"A",.,"A",.,"A",.,"A",325,"D",.,"A",.,"A",.,"A",.,"A",.,"A",50,"D",.,"A",.,"A"
"20102",2265454,28,0,"1",.,"A",.,"A",.,"A",.,"A",.,"A",.,"A",.,"A",.,"A",.,"A",.,"A",.,"A",.,"A",.,"A",.,"A",.,"A"
"20102",2265462,37,0,"1",.,"A",.,"A",.,"A",.,"A",240,"D",.,"A",.,"A",.,"A",.,"A",0,"D",0,"D",9,"D",20,"D",0,"D",.,"A"
"20102",2265475,40,0,"1",.,"A",.,"A",.,"A",.,"A",.,"A",.,"A",.,"A",.,"A",.,"A",.,"A",.,"A",.,"A",12,"D",.,"A",.,"A"
"20102",2265563,29,0,"1",.,"A",.,"A",.,"A",.,"A",.,"A",.,"A",455,"D",.,"A",.,"A",.,"A",.,"A",.,"A",.,"A",.,"A",.,"A"
"20102",2265572,78,0,"1",.,"A",.,"A",.,"A",.,"A",.,"A",8,"D",.,"A",.,"A",.,"A",.,"A",.,"A",.,"A",75,"D",.,"A",.,"A"
"20102",2265582,46,0,"1",.,"A",.,"A",.,"A",450,"D",100,"D",180,"D",.,"A",.,"A",.,"A",0,"D",0,"D",105,"D",40,"D",0,"D",.,"A"
"20102",2265632,40,0,"1",.,"A",.,"A",.,"A",20,"D",.,"A",.,"A",.,"A",.,"A",.,"A",.,"A",.,"A",.,"A",.,"A",.,"A",.,"A"
"20102",2265662,39,0,"1",.,"A",.,"A",.,"A",.,"A",.,"A",.,"A",.,"A",.,"A",.,"A",.,"A",.,"A",.,"A",.,"A",.,"A",.,"A"
"20102",2265712,50,0,"1",.,"A",.,"A",.,"A",.,"A",.,"A",53,"D",.,"A",.,"A",3,"D",.,"A",.,"A",.,"A",.,"A",.,"A",.,"A"
"20102",2265792,44,0,"1",.,"A",.,"A",.,"A",.,"A",.,"A",.,"A",.,"A",.,"A",.,"A",.,"A",.,"A",.,"A",100,"D",.,"A",.,"A"
"20102",2265852,39,0,"1",.,"A",.,"A",.,"A",.,"A",.,"A",.,"A",.,"A",.,"A",.,"A",.,"A",.,"A",.,"A",90,"D",.,"A",.,"A"
"20102",2265872,69,0,"1",.,"A",.,"A",.,"A",.,"A",.,"A",210,"D",.,"A",130,"D",120,"D",.,"A",.,"A",.,"A",300,"D",.,"A",.,"A"
"20102",2265922,39,0,"1",.,"A",.,"A",.,"A",.,"A",.,"A",.,"A",.,"A",.,"A",.,"A",0,"D",0,"D",0,"D",21,"D",0,"D",.,"A"
"20102",2265982,45,0,"1",.,"A",.,"A",.,"A",.,"A",.,"A",.,"A",.,"A",.,"A",.,"A",.,"A",.,"A",.,"A",.,"A",.,"A",.,"A"
"20102",2266002,49,0,"1",.,"A",.,"A",.,"A",.,"A",.,"A",.,"A",.,"A",.,"A",.,"A",.,"A",.,"A",.,"A",65,"D",.,"A",.,"A"
"20102",2266112,34,0,"1",.,"A",.,"A",.,"A",.,"A",28,"D",.,"A",455,"D",26,"D",.,"A",0,"D",0,"D",6,"D",12,"D",0,"D",.,"A"
"20102",2266172,35,0,"1",15,"D",.,"A",.,"A",.,"A",20,"D",.,"A",.,"A",.,"A",.,"A",.,"A",.,"A",.,"A",.,"A",.,"A",.,"A"
"20102",2266192,38,0,"1",.,"A",.,"A",.,"A",.,"A",.,"A",.,"A",.,"A",.,"A",.,"A",.,"A",.,"A",.,"A",.,"A",.,"A",.,"A"
"20102",2266272,62,0,"1",.,"A",.,"A",.,"A",.,"A",.,"A",.,"A",.,"A",.,"A",18,"D",.,"A",.,"A",.,"A",30,"D",.,"A",.,"A"
"20102",2266282,66,0,"1",.,"A",.,"A",.,"A",.,"A",.,"A",25,"D",.,"A",.,"A",18,"D",.,"A",.,"A",.,"A",200,"D",.,"A",.,"A"
"20102",2266352,39,0,"1",.,"A",.,"A",.,"A",.,"A",.,"A",.,"A",260,"D",.,"A",.,"A",54,"D",0,"D",0,"D",48,"D",18,"D",.,"A"
"20102",2266372,37,0,"1",.,"A",.,"A",.,"A",.,"A",.,"A",.,"A",.,"A",.,"A",.,"A",.,"A",.,"A",.,"A",.,"A",.,"A",.,"A"
"20102",2266402,75,0,"1",.,"A",.,"A",.,"A",.,"A",.,"A",.,"A",338,"D",.,"A",15,"D",.,"A",.,"A",.,"A",.,"A",.,"A",.,"A"
"20102",2266472,29,0,"1",.,"A",.,"A",.,"A",.,"A",12,"D",.,"A",.,"A",.,"A",.,"A",.,"A",.,"A",.,"A",.,"A",.,"A",.,"A"
"20102",2266482,62,0,"1",.,"A",.,"A",.,"A",.,"A",.,"A",.,"A",.,"A",78,"D",9,"D",.,"A",.,"A",.,"A",45,"D",.,"A",.,"A"
"20102",2266522,70,0,"1",.,"A",.,"A",.,"A",60,"D",.,"A",70,"D",.,"A",.,"A",90,"D",180,"D",0,"D",0,"D",265,"D",60,"D",.,"A"
"20102",2266612,25,0,"1",.,"A",.,"A",.,"A",.,"A",.,"A",.,"A",.,"A",.,"A",.,"A",.,"A",.,"A",.,"A",160,"D",.,"A",.,"A"
"20102",2266772,37,0,"1",.,"A",.,"A",.,"A",.,"A",84,"D",.,"A",.,"A",.,"A",6,"F",.,"A",.,"A",.,"A",.,"A",.,"A",.,"A"
"20102",2266832,38,0,"1",.,"A",.,"A",.,"A",.,"A",.,"A",.,"A",.,"A",.,"A",.,"A",.,"A",.,"A",.,"A",120,"D",.,"A",.,"A"
"20102",2266875,40,0,"1",.,"A",.,"A",.,"A",.,"A",.,"A",.,"A",.,"A",.,"A",.,"A",.,"A",.,"A",.,"A",.,"A",.,"A",.,"A"
"20102",2266882,86,0,"1",.,"A",.,"A",.,"A",.,"A",.,"A",.,"A",.,"A",.,"A",.,"A",.,"A",.,"A",.,"A",300,"D",.,"A",.,"A"
"20102",2266932,28,0,"1",.,"A",.,"A",.,"A",.,"A",.,"A",.,"A",.,"A",.,"A",24,"D",.,"A",.,"A",.,"A",.,"A",.,"A",.,"A"
"20102",2266962,27,0,"1",.,"A",.,"A",.,"A",.,"A",20,"D",.,"A",.,"A",.,"A",.,"A",.,"A",.,"A",.,"A",10,"D",.,"A",.,"A"
"20102",2266982,40,0,"1",.,"A",.,"A",.,"A",60,"F",60,"D",240,"D",.,"A",.,"A",.,"A",.,"A",.,"A",.,"A",180,"D",.,"A",.,"A"
"20102",2266992,46,0,"1",.,"A",.,"A",.,"A",.,"A",.,"A",.,"A",.,"A",.,"A",.,"A",.,"A",.,"A",.,"A",36,"D",.,"A",.,"A"
"20102",2267002,31,0,"1",.,"A",.,"A",.,"A",.,"A",.,"A",.,"A",.,"A",.,"A",.,"A",.,"A",.,"A",.,"A",50,"D",.,"A",.,"A"
"20102",2267102,48,0,"1",.,"A",.,"A",.,"A",.,"A",.,"A",.,"A",1040,"D",.,"A",.,"A",.,"A",.,"A",.,"A",20,"D",.,"A",.,"A"
"20102",2267112,45,0,"1",.,"A",.,"A",.,"A",.,"A",.,"A",.,"A",.,"A",.,"A",.,"A",.,"A",.,"A",.,"A",.,"A",.,"A",.,"A"
"20102",2267142,62,0,"1",.,"A",.,"A",.,"A",.,"A",.,"A",.,"A",.,"A",.,"A",.,"A",.,"A",.,"A",.,"A",120,"D",.,"A",.,"A"
"20102",2267202,51,0,"1",.,"A",.,"A",.,"A",.,"A",.,"A",.,"A",65,"D",.,"A",.,"A",.,"A",.,"A",.,"A",25,"D",.,"A",.,"A"
"20102",2267233,40,0,"1",.,"A",.,"A",.,"A",.,"A",.,"A",.,"A",390,"D",.,"A",.,"A",.,"A",.,"A",.,"A",40,"D",.,"A",.,"A"
"20102",2267242,21,0,"1",.,"A",.,"A",.,"A",.,"A",.,"A",.,"A",260,"D",.,"A",.,"A",0,"D",0,"D",60,"D",.,"A",0,"D",.,"A"
"20102",2267292,63,0,"1",.,"A",.,"A",.,"A",.,"A",.,"A",.,"A",.,"A",.,"A",.,"A",.,"A",.,"A",.,"A",90,"D",.,"A",.,"A"
"20102",2267302,36,0,"1",10,"D",.,"A",.,"A",.,"A",40,"D",.,"A",.,"A",.,"A",.,"A",216,"D",0,"D",0,"D",30,"D",72,"D",.,"A"
"20102",2267324,57,0,"1",.,"A",.,"A",.,"A",.,"A",.,"A",.,"A",.,"A",.,"A",.,"A",.,"A",.,"A",.,"A",600,"D",.,"A",.,"A"
"20102",2267352,30,0,"1",.,"A",.,"A",.,"A",.,"A",.,"A",.,"A",.,"A",65,"D",.,"A",0,"D",0,"D",0,"D",.,"A",0,"D",.,"A"
"20102",2267362,51,0,"1",.,"A",.,"A",.,"A",.,"A",90,"D",.,"A",.,"A",.,"A",.,"A",.,"A",.,"A",.,"A",200,"D",.,"A",.,"A"
"20102",2267494,49,0,"1",.,"A",.,"A",.,"A",.,"A",.,"A",.,"A",208,"D",.,"A",30,"D",.,"A",.,"A",.,"A",60,"D",.,"A",.,"A"
"20102",2267592,52,0,"1",.,"A",.,"A",.,"A",.,"A",.,"A",.,"A",104,"D",.,"A",.,"A",.,"A",.,"A",.,"A",.,"A",.,"A",.,"A"
"20102",2267652,43,0,"1",90,"D",.,"A",.,"A",.,"A",54,"D",85,"D",.,"A",.,"A",48,"D",.,"A",.,"A",.,"A",.,"A",.,"A",.,"A"
"20102",2267665,25,0,"1",.,"A",.,"A",.,"A",.,"A",.,"A",.,"A",.,"A",.,"A",.,"A",.,"A",.,"A",.,"A",.,"A",.,"A",.,"A"
"20102",2267672,66,0,"1",.,"A",.,"A",31,"D",.,"A",.,"A",.,"A",.,"A",.,"A",9,"D",.,"A",.,"A",.,"A",15,"D",.,"A",.,"A"
"20102",2267712,53,0,"1",.,"A",.,"A",.,"A",.,"A",.,"A",.,"A",1560,"D",260,"D",.,"A",.,"A",.,"A",.,"A",.,"A",.,"A",.,"A"
"20102",2267772,81,0,"1",.,"A",.,"A",.,"A",.,"A",.,"A",.,"A",.,"A",.,"A",.,"A",.,"A",.,"A",.,"A",53,"D",.,"A",.,"A"
"20102",2267842,31,0,"1",.,"A",.,"A",.,"A",.,"A",.,"A",.,"A",.,"A",.,"A",.,"A",.,"A",.,"A",.,"A",.,"A",.,"A",.,"A"
"20102",2267862,70,0,"1",.,"A",.,"A",.,"A",.,"A",.,"A",.,"A",520,"D",.,"A",.,"A",.,"A",.,"A",.,"A",15,"D",.,"A",.,"A"
"20102",2267912,26,0,"1",.,"A",.,"A",.,"A",.,"A",.,"A",.,"A",325,"D",.,"A",.,"A",.,"A",.,"A",.,"A",.,"A",.,"A",.,"A"
"20102",2267922,51,0,"1",.,"A",.,"A",.,"A",.,"A",.,"A",200,"D",.,"A",.,"A",.,"A",.,"A",.,"A",.,"A",250,"D",.,"A",.,"A"
"20102",2267942,38,0,"1",.,"A",.,"A",.,"A",.,"A",.,"A",.,"A",260,"F",.,"A",.,"A",.,"A",.,"A",.,"A",.,"A",.,"A",.,"A"
"20102",2267984,39,0,"1",.,"A",.,"A",.,"A",.,"A",.,"A",.,"A",.,"A",.,"A",.,"A",.,"A",.,"A",.,"A",150,"D",.,"A",.,"A"
"20102",2268072,66,0,"1",.,"A",.,"A",.,"A",.,"A",.,"A",.,"A",390,"D",.,"A",.,"A",.,"A",.,"A",.,"A",100,"D",.,"A",.,"A"
"20102",2268122,23,0,"1",.,"A",.,"A",.,"A",.,"A",.,"A",.,"A",.,"A",.,"A",.,"A",.,"A",.,"A",.,"A",.,"A",.,"A",.,"A"
"20102",2268132,35,0,"1",.,"A",.,"A",3,"D",.,"A",.,"A",.,"A",.,"A",.,"A",.,"A",.,"A",.,"A",.,"A",40,"D",.,"A",.,"A"
"20102",2268152,43,0,"1",.,"A",.,"A",.,"A",.,"A",.,"A",9,"D",.,"A",.,"A",.,"A",.,"A",.,"A",.,"A",33,"D",.,"A",.,"A"
"20102",2268212,47,0,"1",.,"A",.,"A",.,"A",.,"A",.,"A",.,"A",.,"A",.,"A",.,"A",267,"D",0,"D",0,"D",300,"D",89,"D",.,"A"
"20102",2268222,43,0,"1",.,"A",.,"A",.,"A",.,"A",.,"A",.,"A",.,"A",.,"A",.,"A",.,"A",.,"A",.,"A",.,"A",.,"A",.,"A"
"20102",2268262,50,0,"1",.,"A",.,"A",.,"A",.,"A",.,"A",.,"A",.,"A",.,"A",.,"A",.,"A",.,"A",.,"A",.,"A",.,"A",.,"A"
"20102",2268292,79,0,"1",.,"A",.,"A",.,"A",.,"A",.,"A",.,"A",.,"A",.,"A",.,"A",.,"A",.,"A",.,"A",395,"D",.,"A",.,"A"
"20102",2268323,36,0,"1",.,"A",.,"A",.,"A",.,"A",.,"A",.,"A",.,"A",.,"A",.,"A",.,"A",.,"A",.,"A",.,"A",.,"A",.,"A"
"20102",2268352,44,0,"1",.,"A",.,"A",.,"A",.,"A",.,"A",.,"A",.,"A",.,"A",.,"A",.,"A",.,"A",.,"A",100,"D",.,"A",.,"A"
"20102",2268392,36,0,"1",.,"A",.,"A",.,"A",.,"A",.,"A",.,"A",130,"F",.,"A",.,"A",30,"D",0,"D",0,"D",.,"A",10,"D",.,"A"
"20102",2268502,53,0,"1",.,"A",.,"A",.,"A",.,"A",.,"A",.,"A",104,"D",.,"A",.,"A",.,"A",.,"A",.,"A",18,"D",.,"A",.,"A"
"20102",2268522,19,0,"1",.,"A",.,"A",.,"A",.,"A",.,"A",.,"A",.,"A",.,"A",.,"A",.,"A",.,"A",.,"A",15,"D",.,"A",.,"A"
"20102",2268542,36,0,"1",.,"A",.,"A",.,"A",.,"A",.,"A",.,"A",.,"A",.,"A",.,"A",.,"A",.,"A",.,"A",.,"A",.,"A",.,"A"
"20102",2268602,56,0,"1",.,"A",.,"A",.,"A",.,"A",.,"A",.,"A",.,"A",.,"A",.,"A",.,"A",.,"A",.,"A",90,"D",.,"A",.,"A"
"20102",2268642,35,0,"1",.,"A",.,"A",.,"A",.,"A",.,"A",.,"A",.,"A",.,"A",.,"A",.,"A",.,"A",.,"A",.,"A",.,"A",.,"A"
"20102",2268684,32,0,"1",.,"A",.,"A",.,"A",.,"A",40,"D",.,"A",.,"A",.,"A",.,"A",36,"D",0,"D",0,"D",60,"D",12,"D",.,"A"
"20102",2268752,50,0,"1",.,"A",.,"A",.,"A",.,"A",.,"A",.,"A",.,"A",.,"A",.,"A",.,"A",.,"A",.,"A",60,"D",.,"A",.,"A"
"20102",2268772,39,0,"1",.,"A",.,"A",.,"A",.,"A",.,"A",.,"A",.,"A",.,"A",.,"A",.,"A",.,"A",.,"A",.,"A",.,"A",.,"A"
"20102",2268782,25,0,"1",.,"A",.,"A",.,"A",.,"A",.,"A",.,"A",.,"A",.,"A",.,"A",450,"F",48,"D",15,"F",.,"A",.,"C",.,"A"
"20102",2268792,45,0,"1",.,"A",.,"A",.,"A",.,"A",.,"A",.,"A",.,"A",.,"A",.,"A",.,"A",.,"A",.,"A",30,"D",.,"A",.,"A"
"20102",2268842,55,0,"1",.,"A",.,"A",.,"A",.,"A",.,"A",.,"A",520,"D",.,"A",.,"A",0,"D",0,"D",15,"D",.,"A",0,"D",.,"A"
"20102",2268902,32,0,"1",.,"A",.,"A",.,"A",.,"A",20,"D",.,"A",.,"A",.,"A",.,"A",162,"D",0,"D",0,"D",20,"D",54,"D",.,"A"
"20102",2268912,57,0,"1",.,"A",.,"A",.,"A",.,"A",.,"A",.,"A",1040,"D",130,"D",.,"A",.,"A",.,"A",.,"A",.,"A",.,"A",.,"A"
"20102",2268952,45,0,"1",.,"A",.,"A",.,"A",.,"A",.,"A",.,"A",.,"A",.,"A",.,"A",.,"A",.,"A",.,"A",.,"A",.,"A",.,"A"
"20102",2268962,57,0,"1",.,"A",.,"A",.,"A",.,"A",.,"A",.,"A",.,"A",.,"A",.,"A",.,"A",.,"A",.,"A",80,"D",.,"A",.,"A"
"20102",2268972,31,0,"1",.,"A",.,"A",.,"A",.,"A",.,"A",.,"A",.,"A",.,"A",.,"A",.,"A",.,"A",.,"A",.,"A",.,"A",.,"A"
"20102",2269032,52,0,"1",.,"A",.,"A",.,"A",.,"A",.,"A",.,"A",650,"D",.,"A",.,"A",.,"A",.,"A",.,"A",120,"D",.,"A",.,"A"
"20102",2269052,24,0,"1",.,"A",.,"A",.,"A",.,"A",20,"D",.,"A",.,"A",.,"A",.,"A",261,"D",0,"D",0,"D",.,"A",87,"D",.,"A"
"20102",2269072,39,0,"1",.,"A",.,"A",.,"A",.,"A",.,"A",.,"A",.,"A",.,"A",.,"A",.,"A",.,"A",.,"A",20,"D",.,"A",.,"A"
"20102",2269112,52,0,"1",.,"A",.,"A",.,"A",.,"A",.,"A",.,"A",.,"A",.,"A",.,"A",.,"A",.,"A",.,"A",.,"A",.,"A",.,"A"
"20102",2269182,31,0,"1",.,"A",.,"A",.,"A",.,"A",.,"A",.,"A",.,"A",.,"A",.,"A",.,"A",.,"A",.,"A",.,"A",.,"A",.,"A"
"20102",2269195,26,0,"1",.,"A",.,"A",.,"A",.,"A",180,"D",.,"A",.,"A",.,"A",.,"A",0,"D",0,"D",60,"D",35,"D",0,"D",.,"A"
"20102",2269232,32,0,"1",.,"A",.,"A",.,"A",.,"A",.,"A",.,"A",.,"A",.,"A",.,"A",.,"A",.,"A",.,"A",20,"D",.,"A",.,"A"
"20102",2269242,69,0,"1",.,"A",.,"A",.,"A",.,"A",.,"A",.,"A",364,"D",.,"A",.,"A",.,"A",.,"A",.,"A",24,"D",.,"A",.,"A"
"20102",2269262,62,0,"1",.,"A",.,"A",.,"A",.,"A",.,"A",50,"D",.,"A",.,"A",.,"A",.,"A",.,"A",.,"A",50,"D",.,"A",.,"A"
"20102",2269272,31,0,"1",.,"A",.,"A",.,"A",.,"A",.,"A",.,"A",.,"A",.,"A",.,"A",.,"A",.,"A",.,"A",10,"D",.,"A",.,"A"
"20102",2269352,54,0,"1",.,"A",.,"A",.,"A",.,"A",.,"A",.,"A",.,"A",.,"A",.,"A",.,"A",.,"A",.,"A",85,"D",.,"A",.,"A"
"20102",2269382,48,0,"1",.,"A",.,"A",.,"A",.,"A",.,"A",.,"A",650,"D",.,"A",.,"A",.,"A",.,"A",.,"A",51,"D",.,"A",.,"A"
"20102",2269392,77,0,"1",.,"A",.,"A",.,"A",.,"A",.,"A",.,"A",.,"A",.,"A",.,"A",.,"A",.,"A",.,"A",20,"D",.,"A",.,"A"
"20102",2269532,54,0,"1",.,"A",.,"A",.,"A",.,"A",.,"A",.,"A",624,"D",.,"A",.,"A",.,"A",.,"A",.,"A",20,"D",.,"A",.,"A"
"20102",2269582,36,0,"1",.,"A",.,"A",.,"A",.,"A",.,"A",.,"A",.,"A",.,"A",.,"A",.,"A",.,"A",.,"A",.,"A",.,"A",.,"A"
"20102",2269612,39,0,"1",.,"A",.,"A",.,"A",.,"A",.,"A",.,"A",.,"A",.,"A",.,"A",.,"A",.,"A",.,"A",.,"A",.,"A",.,"A"
"20102",2269632,45,0,"1",.,"A",.,"A",.,"A",.,"A",.,"A",100,"D",390,"D",.,"A",.,"A",.,"A",.,"A",.,"A",.,"A",.,"A",.,"A"
"20102",2269685,30,0,"1",.,"A",.,"A",.,"A",.,"A",.,"A",.,"A",520,"D",.,"A",.,"A",.,"A",.,"A",.,"A",.,"A",.,"A",.,"A"
"20102",2269704,45,0,"1",.,"A",.,"A",.,"A",.,"A",.,"A",.,"A",.,"A",.,"A",.,"A",.,"A",.,"A",.,"A",.,"A",.,"A",.,"A"
"20102",2269735,44,0,"1",.,"A",.,"A",.,"A",.,"A",.,"A",.,"A",.,"A",.,"A",.,"A",.,"A",.,"A",.,"A",.,"A",.,"A",.,"A"
"20102",2269752,41,0,"1",.,"A",.,"A",.,"A",.,"A",.,"A",.,"A",546,"D",.,"A",.,"A",.,"A",.,"A",.,"A",.,"A",.,"A",.,"A"
"20102",2269792,47,0,"1",.,"A",.,"A",.,"A",.,"A",.,"A",.,"A",.,"A",.,"A",.,"A",.,"A",.,"A",.,"A",.,"A",.,"A",.,"A"
"20102",2269823,35,0,"1",.,"A",.,"A",.,"A",.,"A",.,"A",.,"A",.,"A",.,"A",.,"A",.,"A",.,"A",.,"A",20,"D",.,"A",.,"A"
"20102",2269842,36,0,"1",.,"A",.,"A",.,"A",.,"A",.,"A",.,"A",780,"D",.,"A",.,"A",.,"A",.,"A",.,"A",.,"A",.,"A",.,"A"
"20102",2269875,32,0,"1",.,"A",.,"A",.,"A",.,"A",60,"D",30,"D",195,"D",.,"A",.,"A",.,"A",.,"A",.,"A",.,"A",.,"A",.,"A"
"20102",2269882,41,0,"1",.,"A",.,"A",.,"A",.,"A",.,"A",.,"A",.,"A",.,"A",.,"A",.,"A",.,"A",.,"A",.,"A",.,"A",.,"A"
"20102",2269902,66,0,"1",.,"A",.,"A",.,"A",.,"A",.,"A",.,"A",.,"A",.,"A",21,"D",.,"A",.,"A",.,"A",136,"D",.,"A",.,"A"
"20102",2269962,44,0,"1",.,"A",.,"A",.,"A",.,"A",.,"A",.,"A",.,"A",.,"A",.,"A",.,"A",.,"A",.,"A",.,"A",.,"A",.,"A"
"20102",2270062,71,0,"1",.,"A",.,"A",.,"A",.,"A",.,"A",.,"A",.,"A",.,"A",54,"D",.,"A",.,"A",.,"A",120,"D",.,"A",.,"A"
"20102",2270172,56,0,"1",.,"A",.,"A",.,"A",.,"A",.,"A",.,"A",.,"A",.,"A",.,"A",.,"A",.,"A",.,"A",.,"A",.,"A",.,"A"
"20102",2270193,30,0,"1",.,"A",.,"A",.,"A",.,"A",.,"A",.,"A",1092,"D",.,"A",.,"A",.,"A",.,"A",.,"A",.,"A",.,"A",.,"A"
"20102",2270212,71,0,"1",.,"A",.,"A",.,"A",.,"A",.,"A",.,"A",.,"A",.,"A",.,"A",.,"A",.,"A",.,"A",95,"D",.,"A",.,"A"
"20102",2270242,49,0,"1",50,"D",.,"A",.,"A",20,"D",100,"D",.,"A",.,"A",.,"A",27,"D",.,"A",.,"A",.,"A",.,"A",.,"A",.,"A"
"20102",2270272,39,0,"1",.,"A",.,"A",.,"A",.,"A",60,"D",.,"A",.,"A",.,"A",90,"D",.,"A",.,"A",.,"A",.,"A",.,"A",.,"A"
"20102",2270332,34,0,"1",.,"A",.,"A",.,"A",.,"A",.,"A",.,"A",.,"A",.,"A",36,"D",.,"A",.,"A",.,"A",.,"A",.,"A",.,"A"
"20102",2270342,33,0,"1",.,"A",.,"A",.,"A",.,"A",.,"A",.,"A",.,"A",13,"D",.,"A",.,"A",.,"A",.,"A",150,"D",.,"A",.,"A"
"20102",2270362,34,0,"1",.,"A",.,"A",.,"A",.,"A",.,"A",.,"A",325,"D",.,"A",.,"A",.,"A",.,"A",.,"A",.,"A",.,"A",.,"A"
"20102",2270402,35,0,"1",.,"A",.,"A",.,"A",.,"A",.,"A",.,"A",.,"A",.,"A",.,"A",.,"A",.,"A",.,"A",200,"D",.,"A",.,"A"
"20102",2270432,34,0,"1",.,"A",.,"A",.,"A",.,"A",.,"A",.,"A",.,"A",.,"A",.,"A",.,"A",.,"A",.,"A",.,"A",.,"A",.,"A"
"20102",2270454,31,0,"1",.,"A",.,"A",.,"A",.,"A",.,"A",.,"A",.,"A",.,"A",.,"A",.,"A",.,"A",.,"A",.,"A",.,"A",.,"A"
"20102",2270464,28,0,"1",.,"A",.,"A",.,"A",.,"A",.,"A",.,"A",.,"A",.,"A",.,"A",0,"D",0,"D",195,"D",45,"D",0,"D",.,"A"
"20102",2270482,48,0,"1",.,"A",.,"A",.,"A",.,"A",.,"A",.,"A",.,"A",.,"A",.,"A",.,"A",.,"A",.,"A",20,"D",.,"A",.,"A"
"20102",2270502,43,0,"1",.,"A",.,"A",.,"A",.,"A",.,"A",.,"A",.,"A",.,"A",.,"A",.,"A",.,"A",.,"A",15,"D",.,"A",.,"A"
"20102",2270592,39,0,"1",.,"A",.,"A",.,"A",.,"A",.,"A",.,"A",.,"A",.,"A",.,"A",.,"A",.,"A",.,"A",60,"D",.,"A",.,"A"
"20102",2270602,27,0,"1",.,"A",.,"A",.,"A",.,"A",50,"D",.,"A",520,"D",.,"A",.,"A",.,"A",.,"A",.,"A",15,"D",.,"A",.,"A"
"20102",2270622,57,0,"1",.,"A",.,"A",.,"A",.,"A",.,"A",.,"A",.,"A",.,"A",.,"A",.,"A",.,"A",.,"A",30,"D",.,"A",.,"A"
"20102",2270652,29,0,"1",.,"A",.,"A",.,"A",.,"A",.,"A",.,"A",.,"A",.,"A",.,"A",.,"A",.,"A",.,"A",.,"A",.,"A",.,"A"
"20102",2270672,69,0,"1",.,"A",.,"A",.,"A",.,"A",.,"A",.,"A",.,"A",.,"A",.,"A",.,"A",.,"A",.,"A",40,"D",.,"A",.,"A"
"20102",2270692,64,0,"1",21,"D",.,"A",.,"A",.,"A",0,"D",.,"A",.,"A",.,"A",.,"A",.,"A",.,"A",.,"A",300,"D",.,"A",.,"A"
"20102",2270723,30,0,"1",.,"A",.,"A",.,"A",.,"A",.,"A",.,"A",65,"D",.,"A",.,"A",.,"A",.,"A",.,"A",.,"A",.,"A",.,"A"
"20102",2270792,48,0,"1",.,"A",.,"A",.,"A",.,"A",.,"A",.,"A",.,"A",.,"A",.,"A",.,"A",.,"A",.,"A",.,"A",.,"A",.,"A"
"20102",2270842,82,0,"1",.,"A",.,"A",.,"A",.,"A",.,"A",.,"A",.,"A",.,"A",.,"A",.,"A",.,"A",.,"A",41,"D",.,"A",.,"A"
"20102",2270862,49,0,"1",.,"A",.,"A",.,"A",400,"D",40,"D",40,"D",1300,"D",.,"A",90,"D",240,"D",0,"D",0,"D",80,"D",80,"D",.,"A"
"20102",2270895,30,0,"1",.,"A",.,"A",.,"A",.,"A",.,"A",.,"A",.,"A",.,"A",.,"A",.,"A",.,"A",.,"A",.,"A",.,"A",.,"A"
"20102",2270902,41,0,"1",120,"D",.,"A",.,"A",.,"A",600,"D",.,"A",.,"A",.,"A",.,"A",.,"A",.,"A",.,"A",10,"D",.,"A",.,"A"
"20102",2270912,64,0,"1",.,"A",.,"A",.,"A",.,"A",.,"A",.,"A",.,"A",.,"A",.,"A",.,"A",.,"A",.,"A",104,"D",.,"A",.,"A"
"20102",2270962,27,0,"1",.,"A",.,"A",.,"A",.,"A",45,"D",.,"A",.,"A",.,"A",.,"A",.,"A",.,"A",.,"A",24,"D",.,"A",.,"A"
"20102",2270982,38,0,"1",.,"A",.,"A",.,"A",.,"A",.,"A",.,"A",.,"A",.,"A",.,"A",.,"A",.,"A",.,"A",100,"D",.,"A",.,"A"
"20102",2271002,52,0,"1",.,"A",.,"A",.,"A",.,"A",.,"A",.,"A",.,"A",.,"A",.,"A",.,"A",.,"A",.,"A",28,"D",.,"A",.,"A"
"20102",2271022,52,0,"1",25,"D",.,"A",.,"A",.,"A",25,"D",150,"D",.,"A",.,"A",600,"D",0,"D",600,"D",0,"D",600,"D",0,"D",.,"A"
"20102",2271172,43,0,"1",.,"A",.,"A",.,"A",.,"A",.,"A",.,"A",1365,"D",.,"A",.,"A",840,"D",0,"D",0,"D",.,"A",280,"D",.,"A"
"20102",2271212,82,0,"1",.,"A",.,"A",.,"A",.,"A",.,"A",.,"A",.,"A",.,"A",.,"A",.,"A",.,"A",.,"A",227,"D",.,"A",.,"A"
"20102",2271252,37,0,"1",.,"A",.,"A",.,"A",.,"A",.,"A",.,"A",.,"A",.,"A",.,"A",.,"A",.,"A",.,"A",.,"A",.,"A",.,"A"
"20102",2271302,52,0,"1",.,"A",.,"A",.,"A",.,"A",.,"A",.,"A",650,"D",.,"A",.,"A",.,"A",.,"A",.,"A",.,"A",.,"A",.,"A"
"20102",2271334,60,0,"1",.,"A",.,"A",.,"A",.,"A",7,"D",.,"A",481,"D",.,"A",0,"D",.,"A",.,"A",.,"A",20,"D",.,"A",.,"A"
"20102",2271342,35,0,"1",.,"A",.,"A",.,"A",.,"A",.,"A",.,"A",.,"A",.,"A",.,"A",.,"A",.,"A",.,"A",.,"A",.,"A",.,"A"
"20102",2271352,68,0,"1",.,"A",.,"A",.,"A",.,"A",.,"A",.,"A",.,"A",.,"A",.,"A",.,"A",.,"A",.,"A",50,"D",.,"A",.,"A"
"20102",2271362,58,0,"1",.,"A",.,"A",.,"A",.,"A",.,"A",.,"A",.,"A",.,"A",.,"A",.,"A",.,"A",.,"A",30,"D",.,"A",.,"A"
"20102",2271372,50,0,"1",.,"A",.,"A",.,"A",.,"A",.,"A",.,"A",390,"D",.,"A",.,"A",.,"A",.,"A",.,"A",66,"D",.,"A",.,"A"
"20102",2271382,39,0,"1",.,"A",.,"A",.,"A",.,"A",.,"A",.,"A",.,"A",.,"A",.,"A",.,"A",.,"A",.,"A",90,"D",.,"A",.,"A"
"20102",2271392,52,0,"1",.,"A",.,"A",.,"A",.,"A",.,"A",.,"A",455,"D",.,"A",.,"A",.,"A",.,"A",.,"A",125,"D",.,"A",.,"A"
"20102",2271422,50,0,"1",.,"A",.,"A",.,"A",.,"A",.,"A",200,"D",.,"A",.,"A",.,"A",0,"D",90,"D",90,"D",120,"D",0,"D",.,"A"
"20102",2271472,55,0,"1",.,"A",.,"A",.,"A",.,"A",.,"A",.,"A",.,"A",.,"A",.,"A",.,"A",.,"A",.,"A",.,"A",.,"A",.,"A"
"20102",2271482,44,0,"1",.,"A",.,"A",.,"A",.,"A",.,"A",.,"A",364,"D",.,"A",.,"A",.,"A",.,"A",.,"A",.,"A",.,"A",.,"A"
"20102",2271572,47,0,"1",.,"A",.,"A",.,"A",.,"A",.,"A",.,"A",.,"A",.,"A",.,"A",.,"A",.,"A",.,"A",200,"D",.,"A",.,"A"
"20102",2271582,53,0,"1",.,"A",.,"A",.,"A",.,"A",.,"A",.,"A",.,"A",.,"A",.,"A",.,"A",.,"A",.,"A",60,"D",.,"A",.,"A"
"20102",2271642,54,0,"1",.,"A",.,"A",.,"A",.,"A",.,"A",100,"D",.,"A",.,"A",.,"A",.,"A",.,"A",.,"A",300,"D",.,"A",.,"A"
"20102",2271662,63,0,"1",.,"A",.,"A",.,"A",.,"A",.,"A",.,"A",.,"A",.,"A",.,"A",.,"A",.,"A",.,"A",180,"D",.,"A",.,"A"
"20102",2271692,51,0,"1",.,"A",.,"A",.,"A",.,"A",.,"A",.,"A",.,"A",.,"A",.,"A",.,"A",.,"A",.,"A",120,"D",.,"A",.,"A"
"20102",2271702,57,0,"1",.,"A",.,"A",.,"A",.,"A",.,"A",.,"A",.,"A",.,"A",.,"A",.,"A",.,"A",.,"A",60,"D",.,"A",.,"A"
"20102",2271733,45,0,"1",.,"A",.,"A",.,"A",.,"A",.,"A",.,"A",.,"A",.,"A",.,"A",.,"A",.,"A",.,"A",292,"D",.,"A",.,"A"
"20102",2271782,28,0,"1",.,"A",.,"A",.,"A",.,"A",10,"D",.,"A",130,"D",.,"A",.,"A",30,"D",6,"D",15,"D",40,"D",10,"D",.,"A"
"20102",2271882,63,0,"1",.,"A",.,"A",.,"A",80,"D",120,"D",90,"D",.,"A",.,"A",.,"A",360,"D",180,"D",60,"D",150,"D",120,"D",.,"A"
"20102",2271912,55,0,"1",.,"A",.,"A",.,"A",20,"D",.,"A",.,"A",.,"A",.,"A",12,"D",.,"A",.,"A",.,"A",65,"D",.,"A",.,"A"
"20102",2271934,25,0,"1",.,"A",.,"A",.,"A",.,"A",.,"A",.,"A",.,"A",.,"A",.,"A",.,"A",.,"A",.,"A",10,"D",.,"A",.,"A"
"20102",2271942,75,0,"1",.,"A",.,"A",.,"A",40,"D",.,"A",60,"D",.,"A",.,"A",15,"D",.,"A",.,"A",.,"A",96,"D",.,"A",.,"A"
"20102",2272032,39,0,"1",.,"A",.,"A",.,"A",.,"A",.,"A",.,"A",.,"A",.,"A",.,"A",.,"A",.,"A",.,"A",120,"D",.,"A",.,"A"
"20102",2272063,53,0,"1",.,"A",.,"A",.,"A",.,"A",.,"A",.,"A",780,"D",.,"A",.,"A",.,"A",.,"A",.,"A",108,"D",.,"A",.,"A"
"20102",2272092,42,0,"1",.,"A",.,"A",50,"D",.,"A",.,"A",.,"A",.,"A",.,"A",.,"A",.,"A",.,"A",.,"A",.,"A",.,"A",.,"A"
"20102",2272132,45,0,"1",.,"A",.,"A",.,"A",.,"A",.,"A",.,"A",910,"D",.,"A",.,"A",.,"A",.,"A",.,"A",40,"D",.,"A",.,"A"
"20102",2272182,54,0,"1",.,"A",.,"A",.,"A",.,"A",.,"A",.,"A",.,"A",.,"A",.,"A",.,"A",.,"A",.,"A",150,"D",.,"A",.,"A"
"20102",2272222,24,0,"1",.,"A",.,"A",.,"A",.,"A",26,"F",.,"A",260,"F",.,"A",.,"A",150,"F",0,"D",162,"F",.,"A",.,"C",.,"A"
"20102",2272234,53,0,"1",.,"A",.,"A",.,"A",.,"A",.,"A",.,"A",.,"A",.,"A",.,"A",.,"A",.,"A",.,"A",200,"D",.,"A",.,"A"
"20102",2272302,40,0,"1",.,"A",.,"A",.,"A",.,"A",.,"A",.,"A",130,"D",.,"A",.,"A",.,"A",.,"A",.,"A",50,"D",.,"A",.,"A"
"20102",2272322,27,0,"1",.,"A",.,"A",.,"A",.,"A",.,"A",.,"A",.,"A",.,"A",.,"A",.,"A",.,"A",.,"A",.,"A",.,"A",.,"A"
"20102",2272342,69,0,"1",.,"A",.,"A",.,"A",.,"A",.,"A",.,"A",.,"A",.,"A",.,"A",.,"A",.,"A",.,"A",68,"D",.,"A",.,"A"
"20102",2272362,70,0,"1",.,"A",.,"A",.,"A",.,"A",.,"A",.,"A",.,"A",.,"A",.,"A",.,"A",.,"A",.,"A",48,"D",.,"A",.,"A"
"20102",2272372,36,0,"1",.,"A",.,"A",.,"A",.,"A",.,"A",.,"A",520,"D",.,"A",.,"A",.,"A",.,"A",.,"A",.,"A",.,"A",.,"A"
"20102",2272382,29,0,"1",25,"D",.,"A",.,"A",.,"A",75,"D",70,"D",.,"A",.,"A",.,"A",270,"D",0,"D",60,"D",45,"D",90,"D",.,"A"
"20102",2272392,47,0,"1",.,"A",.,"A",.,"A",.,"A",.,"A",80,"D",.,"A",.,"A",.,"A",0,"D",0,"D",30,"D",150,"D",0,"D",.,"A"
"20102",2272462,41,0,"1",0,"F",.,"A",.,"A",.,"A",250,"F",.,"A",.,"A",.,"A",.,"A",.,"A",.,"A",.,"A",55,"D",.,"A",.,"A"
"20102",2272472,47,0,"1",.,"A",.,"A",.,"A",.,"A",.,"A",.,"A",390,"D",.,"A",.,"A",.,"A",.,"A",.,"A",225,"D",.,"A",.,"A"
"20102",2272502,62,0,"1",.,"A",.,"A",.,"A",.,"A",.,"A",39,"D",.,"A",.,"A",.,"A",.,"A",.,"A",.,"A",240,"D",.,"A",.,"A"
"20102",2272612,41,0,"1",.,"A",.,"A",.,"A",.,"A",.,"A",.,"A",.,"A",.,"A",.,"A",.,"A",.,"A",.,"A",120,"D",.,"A",.,"A"
"20102",2272622,47,0,"1",.,"A",.,"A",.,"A",.,"A",.,"A",.,"A",351,"D",.,"A",.,"A",.,"A",.,"A",.,"A",36,"D",.,"A",.,"A"
"20102",2272662,72,0,"1",.,"A",.,"A",.,"A",.,"A",.,"A",60,"D",.,"A",.,"A",.,"A",.,"A",.,"A",.,"A",400,"D",.,"A",.,"A"
"20102",2272672,40,0,"1",.,"A",.,"A",.,"A",.,"A",.,"A",.,"A",.,"A",.,"A",.,"A",.,"A",.,"A",.,"A",200,"D",.,"A",.,"A"
"20102",2272712,49,0,"1",.,"A",.,"A",.,"A",.,"A",.,"A",.,"A",.,"A",.,"A",.,"A",.,"A",.,"A",.,"A",150,"D",.,"A",.,"A"
"20102",2272753,24,0,"1",.,"A",.,"A",.,"A",.,"A",.,"A",.,"A",156,"D",.,"A",.,"A",.,"A",.,"A",.,"A",.,"A",.,"A",.,"A"
"20102",2272772,29,0,"1",.,"A",.,"A",.,"A",.,"A",84,"D",.,"A",546,"D",.,"A",.,"A",75,"D",0,"D",30,"D",95,"D",25,"D",.,"A"
"20102",2272842,25,0,"1",.,"A",.,"A",.,"A",.,"A",.,"A",.,"A",.,"A",.,"A",.,"A",.,"A",.,"A",.,"A",.,"A",.,"A",.,"A"
"20102",2272902,26,0,"1",.,"A",.,"A",.,"A",.,"A",.,"A",.,"A",.,"A",.,"A",.,"A",.,"A",.,"A",.,"A",.,"A",.,"A",.,"A"
"20102",2272962,37,0,"1",.,"A",.,"A",.,"A",.,"A",.,"A",.,"A",.,"A",.,"A",.,"A",.,"A",.,"A",.,"A",50,"D",.,"A",.,"A"
"20102",2273042,25,0,"1",.,"A",.,"A",.,"A",.,"A",.,"A",300,"D",.,"A",.,"A",.,"A",.,"A",.,"A",.,"A",90,"D",.,"A",.,"A"
"20102",2273103,59,0,"1",.,"A",.,"A",.,"A",.,"A",.,"A",.,"A",.,"A",.,"A",201,"D",.,"A",.,"A",.,"A",150,"D",.,"A",.,"A"
"20102",2273162,46,0,"1",.,"A",.,"A",.,"A",.,"A",.,"A",.,"A",.,"A",.,"A",.,"A",.,"A",.,"A",.,"A",125,"D",.,"A",.,"A"
"20102",2273192,25,0,"1",.,"A",.,"A",.,"A",.,"A",.,"A",.,"A",.,"A",.,"A",30,"D",261,"D",6,"D",6,"D",160,"D",87,"D",.,"A"
"20102",2273224,72,0,"1",.,"A",.,"A",.,"A",.,"A",.,"A",.,"A",.,"A",.,"A",.,"A",.,"A",.,"A",.,"A",23,"D",.,"A",.,"A"
"20102",2273272,43,0,"1",.,"A",.,"A",.,"A",.,"A",.,"A",.,"A",.,"A",.,"A",.,"A",.,"A",.,"A",.,"A",.,"A",.,"A",.,"A"
"20102",2273292,40,0,"1",.,"A",.,"A",.,"A",.,"A",44,"D",.,"A",.,"A",.,"A",.,"A",0,"D",0,"D",60,"D",.,"A",0,"D",.,"A"
"20102",2273312,40,0,"1",.,"A",.,"A",.,"A",.,"A",.,"A",10,"D",.,"A",.,"A",.,"A",.,"A",.,"A",.,"A",55,"D",.,"A",.,"A"
"20102",2273332,63,0,"1",.,"A",.,"A",.,"A",.,"A",.,"A",10,"D",.,"A",.,"A",.,"A",.,"A",.,"A",.,"A",220,"D",.,"A",.,"A"
"20102",2273342,63,0,"1",.,"A",.,"A",.,"A",.,"A",.,"A",.,"A",520,"D",.,"A",.,"A",.,"A",.,"A",.,"A",144,"D",.,"A",.,"A"
"20102",2273372,43,0,"1",.,"A",.,"A",.,"A",.,"A",.,"A",.,"A",.,"A",.,"A",.,"A",.,"A",.,"A",.,"A",40,"D",.,"A",.,"A"
"20102",2273404,24,0,"1",.,"A",.,"A",.,"A",.,"A",.,"A",.,"A",.,"A",.,"A",.,"A",.,"A",.,"A",.,"A",.,"A",.,"A",.,"A"
"20102",2273412,31,0,"1",.,"A",.,"A",.,"A",.,"A",45,"D",.,"A",.,"A",.,"A",.,"A",.,"A",.,"A",.,"A",.,"A",.,"A",.,"A"
"20102",2273462,52,0,"1",.,"A",.,"A",.,"A",.,"A",.,"A",.,"A",.,"A",.,"A",42,"D",.,"A",.,"A",.,"A",150,"D",.,"A",.,"A"
"20102",2273502,36,0,"1",.,"A",.,"A",.,"A",.,"A",.,"A",.,"A",.,"A",.,"A",75,"D",.,"A",.,"A",.,"A",20,"D",.,"A",.,"A"
"20102",2273572,57,0,"1",.,"A",.,"A",.,"A",.,"A",.,"A",.,"A",520,"D",.,"A",.,"A",.,"A",.,"A",.,"A",12,"D",.,"A",.,"A"
"20102",2273612,29,0,"1",.,"A",.,"A",.,"A",.,"A",50,"D",.,"A",.,"A",.,"A",.,"A",90,"D",90,"D",0,"D",8,"D",30,"D",.,"A"
"20102",2273652,82,0,"1",.,"A",.,"A",.,"A",.,"A",.,"A",.,"A",520,"D",.,"A",.,"A",.,"A",.,"A",.,"A",188,"D",.,"A",.,"A"
"20102",2273662,35,0,"1",.,"A",.,"A",.,"A",.,"A",120,"D",.,"A",.,"A",.,"A",.,"A",264,"D",0,"D",0,"D",90,"D",88,"D",.,"A"
"20102",2273672,69,0,"1",.,"A",.,"A",.,"A",.,"A",.,"A",.,"A",.,"A",.,"A",.,"A",.,"A",.,"A",.,"A",300,"D",.,"A",.,"A"
"20102",2273752,27,0,"1",.,"A",.,"A",.,"A",.,"A",.,"A",.,"A",.,"A",.,"A",.,"A",120,"D",120,"D",0,"D",.,"A",40,"D",.,"A"
"20102",2273782,48,0,"1",.,"A",.,"A",.,"A",.,"A",.,"A",.,"A",.,"A",.,"A",.,"A",.,"A",.,"A",.,"A",300,"D",.,"A",.,"A"
"20102",2273842,24,0,"1",.,"A",.,"A",.,"A",.,"A",.,"A",.,"A",.,"A",.,"A",.,"A",.,"A",.,"A",.,"A",.,"A",.,"A",.,"A"
"20102",2273862,49,0,"1",.,"A",.,"A",.,"A",.,"A",.,"A",.,"A",585,"D",.,"A",.,"A",.,"A",.,"A",.,"A",.,"A",.,"A",.,"A"
"20102",2273922,28,0,"1",.,"A",.,"A",.,"A",.,"A",15,"D",.,"A",.,"A",.,"A",.,"A",.,"A",.,"A",.,"A",.,"A",.,"A",.,"A"
"20102",2273942,75,0,"1",.,"A",.,"A",.,"A",.,"A",.,"A",38,"D",.,"A",.,"A",.,"A",.,"A",.,"A",.,"A",90,"D",.,"A",.,"A"
"20102",2273952,73,0,"1",.,"A",.,"A",.,"A",.,"A",.,"A",300,"D",.,"A",.,"A",.,"A",.,"A",.,"A",.,"A",130,"D",.,"A",.,"A"
"20102",2273992,68,0,"1",.,"A",.,"A",.,"A",.,"A",.,"A",.,"A",.,"A",.,"A",.,"A",.,"A",.,"A",.,"A",230,"D",.,"A",.,"A"
"20102",2274062,63,0,"1",.,"A",.,"A",.,"A",.,"A",.,"A",40,"D",.,"A",.,"A",.,"A",.,"A",.,"A",.,"A",15,"D",.,"A",.,"A"
"20102",2274122,54,0,"1",.,"A",.,"A",.,"A",.,"A",.,"A",.,"A",.,"A",.,"A",.,"A",.,"A",.,"A",.,"A",.,"A",.,"A",.,"A"
"20102",2274202,41,0,"1",.,"A",.,"A",.,"A",.,"A",.,"A",24,"D",728,"D",.,"A",.,"A",.,"A",.,"A",.,"A",285,"D",.,"A",.,"A"
"20102",2274252,31,0,"1",.,"A",.,"A",.,"A",.,"A",.,"A",.,"A",.,"A",.,"A",.,"A",.,"A",.,"A",.,"A",.,"A",.,"A",.,"A"
"20102",2274272,48,0,"1",.,"A",.,"A",.,"A",.,"A",.,"A",.,"A",.,"A",.,"A",33,"D",.,"A",.,"A",.,"A",375,"D",.,"A",.,"A"
"20102",2274282,57,0,"1",.,"A",.,"A",.,"A",.,"A",.,"A",.,"A",.,"A",.,"A",.,"A",.,"A",.,"A",.,"A",60,"D",.,"A",.,"A"
"20102",2274322,45,0,"1",.,"A",.,"A",.,"A",.,"A",.,"A",.,"A",.,"A",.,"A",.,"A",.,"A",.,"A",.,"A",150,"D",.,"A",.,"A"
"20102",2274372,40,0,"1",.,"A",.,"A",.,"A",.,"A",.,"A",.,"A",.,"A",.,"A",.,"A",.,"A",.,"A",.,"A",.,"A",.,"A",.,"A"
"20102",2274412,52,0,"1",.,"A",.,"A",.,"A",.,"A",.,"A",.,"A",936,"F",.,"A",.,"A",.,"A",.,"A",.,"A",50,"D",.,"A",.,"A"
"20102",2274462,33,0,"1",5,"D",.,"A",.,"A",.,"A",60,"D",.,"A",.,"A",.,"A",.,"A",.,"A",.,"A",.,"A",65,"D",.,"A",.,"A"
"20102",2274482,58,0,"1",.,"A",.,"A",.,"A",.,"A",.,"A",.,"A",390,"D",.,"A",.,"A",.,"A",.,"A",.,"A",.,"A",.,"A",.,"A"
"20102",2274492,34,0,"1",.,"A",.,"A",.,"A",.,"A",25,"D",.,"A",.,"A",.,"A",.,"A",.,"A",.,"A",.,"A",32,"D",.,"A",.,"A"
"20102",2274502,35,0,"1",.,"A",.,"A",.,"A",.,"A",.,"A",.,"A",.,"A",.,"A",.,"A",.,"A",.,"A",.,"A",.,"A",.,"A",.,"A"
"20102",2274512,45,0,"1",.,"A",.,"A",.,"A",.,"A",.,"A",.,"A",.,"A",.,"A",.,"A",.,"A",.,"A",.,"A",.,"A",.,"A",.,"A"
"20102",2274572,34,0,"1",.,"A",.,"A",.,"A",.,"A",.,"A",.,"A",169,"D",.,"A",.,"A",.,"A",.,"A",.,"A",90,"D",.,"A",.,"A"
"20102",2274592,35,0,"1",.,"A",.,"A",.,"A",.,"A",.,"A",.,"A",.,"A",.,"A",.,"A",.,"A",.,"A",.,"A",.,"A",.,"A",.,"A"
"20102",2274632,74,0,"1",.,"A",.,"A",.,"A",.,"A",.,"A",.,"A",.,"A",.,"A",.,"A",.,"A",.,"A",.,"A",.,"A",.,"A",.,"A"
"20102",2274662,48,0,"1",.,"A",.,"A",.,"A",.,"A",90,"D",90,"D",.,"A",.,"A",120,"D",.,"A",.,"A",.,"A",60,"D",.,"A",.,"A"
"20102",2274792,31,0,"1",.,"A",.,"A",.,"A",.,"A",20,"D",.,"A",.,"A",.,"A",.,"A",.,"A",.,"A",.,"A",.,"A",.,"A",.,"A"
"20102",2274872,48,0,"1",.,"A",.,"A",.,"A",.,"A",.,"A",30,"D",.,"A",.,"A",.,"A",.,"A",.,"A",.,"A",.,"A",.,"A",.,"A"
"20102",2274912,44,0,"1",.,"A",.,"A",.,"A",.,"A",.,"A",.,"A",.,"A",.,"A",.,"A",.,"A",.,"A",.,"A",.,"A",.,"A",.,"A"
"20102",2274953,70,0,"1",.,"A",.,"A",30,"D",.,"A",.,"A",.,"A",.,"A",.,"A",.,"A",.,"A",.,"A",.,"A",80,"D",.,"A",.,"A"
"20102",2274972,44,0,"1",.,"A",.,"A",.,"A",.,"A",.,"A",.,"A",260,"D",.,"A",.,"A",.,"A",.,"A",.,"A",100,"D",.,"A",.,"A"
"20102",2274992,31,0,"1",.,"A",.,"A",.,"A",.,"A",.,"A",.,"A",.,"A",.,"A",.,"A",.,"A",.,"A",.,"A",.,"A",.,"A",.,"A"
"20102",2275002,59,0,"1",.,"A",.,"A",.,"A",.,"A",.,"A",.,"A",.,"A",.,"A",.,"A",.,"A",.,"A",.,"A",45,"D",.,"A",.,"A"
"20102",2275042,47,0,"1",.,"A",.,"A",.,"A",.,"A",30,"D",.,"A",.,"A",.,"A",.,"A",.,"A",.,"A",.,"A",110,"D",.,"A",.,"A"
"20102",2275122,28,0,"1",.,"A",.,"A",.,"A",.,"A",50,"D",.,"A",780,"D",.,"A",.,"A",.,"A",.,"A",.,"A",.,"A",.,"A",.,"A"
"20102",2275142,28,0,"1",.,"A",.,"A",.,"A",.,"A",120,"D",.,"A",.,"A",.,"A",.,"A",.,"A",.,"A",.,"A",.,"A",.,"A",.,"A"
"20102",2275272,50,0,"1",.,"A",.,"A",.,"A",.,"A",.,"A",.,"A",.,"A",.,"A",.,"A",.,"A",.,"A",.,"A",50,"D",.,"A",.,"A"
"20102",2275312,32,0,"1",20,"D",.,"A",.,"A",.,"A",100,"D",.,"A",.,"A",.,"A",.,"A",0,"D",0,"D",60,"D",30,"D",0,"D",.,"A"
"20102",2275392,43,0,"1",.,"A",.,"A",.,"A",.,"A",.,"A",.,"A",.,"A",.,"A",.,"A",.,"A",.,"A",.,"A",220,"D",.,"A",.,"A"
"20102",2275403,23,0,"1",.,"A",.,"A",.,"A",.,"A",6,"D",.,"A",.,"A",.,"A",.,"A",.,"A",.,"A",.,"A",.,"A",.,"A",.,"A"
"20102",2275422,43,0,"1",.,"A",.,"A",.,"A",.,"A",.,"A",.,"A",.,"A",.,"A",.,"A",0,"D",0,"D",30,"D",450,"D",0,"D",.,"A"
"20102",2275462,35,0,"1",.,"A",.,"A",.,"A",.,"A",.,"A",.,"A",.,"A",.,"A",.,"A",.,"A",.,"A",.,"A",90,"D",.,"A",.,"A"
"20102",2275483,35,0,"1",.,"A",.,"A",.,"A",.,"A",.,"A",.,"A",.,"A",.,"A",.,"A",.,"A",.,"A",.,"A",.,"A",.,"A",.,"A"
"20102",2275492,43,0,"1",.,"A",.,"A",.,"A",.,"A",.,"A",.,"A",.,"A",.,"A",.,"A",.,"A",.,"A",.,"A",50,"D",.,"A",.,"A"
"20102",2275502,38,0,"1",.,"A",.,"A",.,"A",.,"A",.,"A",.,"A",.,"A",.,"A",.,"A",.,"A",.,"A",.,"A",15,"D",.,"A",.,"A"
"20102",2275512,26,0,"1",50,"D",.,"A",.,"A",7,"D",100,"D",.,"A",.,"A",.,"A",.,"A",0,"D",0,"D",15,"D",.,"A",0,"D",.,"A"
"20102",2275622,78,0,"1",.,"A",.,"A",.,"A",.,"A",.,"A",.,"A",.,"A",.,"A",.,"A",.,"A",.,"A",.,"A",110,"D",.,"A",.,"A"
"20102",2275632,66,0,"1",.,"A",.,"A",.,"A",.,"A",.,"A",50,"D",.,"A",.,"A",.,"A",.,"A",.,"A",.,"A",30,"D",.,"A",.,"A"
"20102",2275722,47,0,"1",.,"A",.,"A",.,"A",.,"A",.,"A",.,"A",.,"A",.,"A",.,"A",.,"A",.,"A",.,"A",180,"D",.,"A",.,"A"
"20102",2275752,25,0,"1",.,"A",.,"A",.,"A",.,"A",60,"D",.,"A",.,"A",.,"A",.,"A",150,"D",0,"D",0,"D",90,"D",50,"D",.,"A"
"20102",2275772,32,0,"1",.,"A",.,"A",.,"A",.,"A",.,"A",.,"A",.,"A",.,"A",.,"A",.,"A",.,"A",.,"A",.,"A",.,"A",.,"A"
"20102",2275792,43,0,"1",.,"A",.,"A",.,"A",.,"A",.,"A",.,"A",.,"A",.,"A",.,"A",.,"A",.,"A",.,"A",.,"A",.,"A",.,"A"
"20102",2275802,65,0,"1",.,"A",.,"A",.,"A",.,"A",13,"D",85,"D",.,"A",.,"A",.,"A",.,"A",.,"A",.,"A",100,"D",.,"A",.,"A"
"20102",2275832,34,0,"1",.,"A",.,"A",.,"A",.,"A",.,"A",.,"A",.,"A",.,"A",.,"A",.,"A",.,"A",.,"A",.,"A",.,"A",.,"A"
"20102",2275912,58,0,"1",.,"A",.,"A",.,"A",.,"A",.,"A",107,"D",.,"A",.,"A",.,"A",.,"A",.,"A",.,"A",170,"D",.,"A",.,"A"
"20102",2275932,64,0,"1",.,"A",.,"A",100,"D",.,"A",.,"A",.,"A",546,"D",.,"A",.,"A",.,"A",.,"A",.,"A",257,"D",.,"A",.,"A"
"20102",2275943,34,0,"1",.,"A",.,"A",.,"A",.,"A",.,"A",225,"D",.,"A",.,"A",.,"A",300,"D",0,"D",0,"D",300,"D",100,"D",.,"A"
"20102",2275992,36,0,"1",.,"A",.,"A",.,"A",.,"A",.,"A",.,"A",.,"A",.,"A",.,"A",.,"A",.,"A",.,"A",16,"D",.,"A",.,"A"
"20102",2276032,43,0,"1",.,"A",.,"A",.,"A",.,"A",.,"A",.,"A",.,"A",.,"A",.,"A",.,"A",.,"A",.,"A",.,"A",.,"A",.,"A"
"20102",2276042,43,0,"1",.,"A",.,"A",.,"A",.,"A",.,"A",.,"A",.,"A",.,"A",.,"A",.,"A",.,"A",.,"A",36,"D",.,"A",.,"A"
"20102",2276052,62,0,"1",.,"A",.,"A",.,"A",.,"A",.,"A",.,"A",.,"A",.,"A",.,"A",.,"A",.,"A",.,"A",90,"D",.,"A",.,"A"
"20102",2276072,35,0,"1",.,"A",.,"A",.,"A",.,"A",.,"A",.,"A",.,"A",.,"A",.,"A",.,"A",.,"A",.,"A",.,"A",.,"A",.,"A"
"20102",2276082,27,0,"1",.,"A",.,"A",.,"A",.,"A",.,"A",.,"A",390,"D",.,"A",24,"D",.,"A",.,"A",.,"A",.,"A",.,"A",.,"A"
"20102",2276132,52,0,"1",.,"A",.,"A",.,"A",.,"A",.,"A",20,"D",.,"A",.,"A",3,"D",.,"A",.,"A",.,"A",.,"A",.,"A",.,"A"
"20102",2276222,71,0,"1",.,"A",.,"A",.,"A",25,"D",.,"A",120,"D",.,"A",.,"A",.,"A",.,"A",.,"A",.,"A",120,"D",.,"A",.,"A"
"20102",2276232,38,0,"1",.,"A",.,"A",.,"A",.,"A",100,"D",.,"A",585,"D",.,"A",.,"A",.,"A",.,"A",.,"A",78,"D",.,"A",.,"A"
"20102",2276512,53,0,"1",.,"A",.,"A",.,"A",.,"A",.,"A",.,"A",390,"D",585,"D",60,"D",.,"A",.,"A",.,"A",.,"A",.,"A",.,"A"
"20102",2276542,81,0,"1",.,"A",.,"A",50,"D",.,"A",.,"A",.,"A",.,"A",.,"A",.,"A",.,"A",.,"A",.,"A",90,"D",.,"A",.,"A"
"20102",2276562,34,0,"1",.,"A",.,"A",.,"A",.,"A",.,"A",.,"A",.,"A",.,"A",.,"A",.,"A",.,"A",.,"A",.,"A",.,"A",.,"A"
"20102",2276603,24,0,"1",.,"A",.,"A",.,"A",.,"A",120,"D",.,"A",325,"D",.,"A",.,"A",.,"A",.,"A",.,"A",31,"D",.,"A",.,"A"
"20102",2276612,47,0,"1",.,"A",.,"A",.,"A",.,"A",.,"A",.,"A",.,"A",.,"A",.,"A",.,"A",.,"A",.,"A",.,"A",.,"A",.,"A"
"20102",2276643,35,0,"1",.,"A",.,"A",.,"A",.,"A",60,"D",.,"A",455,"D",104,"D",18,"D",.,"A",.,"A",.,"A",.,"A",.,"A",.,"A"
"20102",2276742,31,0,"1",.,"A",.,"A",.,"A",.,"A",.,"A",.,"A",260,"D",.,"A",.,"A",.,"A",.,"A",.,"A",.,"A",.,"A",.,"A"
"20102",2276752,30,0,"1",.,"A",.,"A",.,"A",.,"A",28,"D",.,"A",.,"A",.,"A",.,"A",.,"A",.,"A",.,"A",120,"D",.,"A",.,"A"
"20102",2276773,30,0,"1",15,"D",.,"A",.,"A",25,"D",15,"D",.,"A",195,"D",.,"A",.,"A",45,"D",0,"D",15,"D",.,"A",15,"D",.,"A"
"20102",2276862,30,0,"1",8,"D",.,"A",.,"A",.,"A",17,"D",.,"A",.,"A",.,"A",3,"D",.,"A",.,"A",.,"A",.,"A",.,"A",.,"A"
"20102",2276902,45,0,"1",.,"A",.,"A",40,"D",.,"A",.,"A",.,"A",234,"D",.,"A",.,"A",.,"A",.,"A",.,"A",0,"D",.,"A",.,"A"
"20102",2276955,45,0,"1",.,"A",.,"A",.,"A",.,"A",.,"A",.,"A",936,"D",.,"A",300,"D",.,"A",.,"A",.,"A",.,"A",.,"A",.,"A"
"20102",2276963,33,0,"1",.,"A",.,"A",.,"A",.,"A",.,"A",18,"D",130,"D",.,"A",.,"A",.,"A",.,"A",.,"A",90,"D",.,"A",.,"A"
"20102",2277022,37,0,"1",.,"A",.,"A",.,"A",.,"A",.,"A",.,"A",.,"A",.,"A",.,"A",75,"D",0,"D",0,"D",330,"D",25,"D",.,"A"
"20102",2277072,32,0,"1",.,"A",.,"A",.,"A",.,"A",.,"A",.,"A",.,"A",.,"A",.,"A",.,"A",.,"A",.,"A",.,"A",.,"A",.,"A"
"20102",2277112,36,0,"1",.,"A",.,"A",.,"A",.,"A",.,"A",.,"A",.,"A",.,"A",.,"A",.,"A",.,"A",.,"A",75,"D",.,"A",.,"A"
"20102",2277124,33,0,"1",.,"A",.,"A",.,"A",.,"A",.,"A",.,"A",91,"D",.,"A",48,"D",.,"A",.,"A",.,"A",.,"A",.,"A",.,"A"
"20102",2277162,51,0,"1",.,"A",.,"A",.,"A",.,"A",.,"A",.,"A",.,"A",.,"A",.,"A",.,"A",.,"A",.,"A",40,"D",.,"A",.,"A"
"20102",2277223,34,0,"1",.,"A",.,"A",.,"A",.,"A",50,"D",.,"A",.,"A",.,"A",90,"D",.,"A",.,"A",.,"A",.,"A",.,"A",.,"A"
"20102",2277272,68,0,"1",.,"A",.,"A",.,"A",.,"A",.,"A",.,"A",156,"D",.,"A",.,"A",.,"A",.,"A",.,"A",70,"D",.,"A",.,"A"
"20102",2277292,29,0,"1",.,"A",.,"A",.,"A",.,"A",.,"A",25,"D",.,"A",.,"A",.,"A",.,"A",.,"A",.,"A",45,"D",.,"A",.,"A"
"20102",2277312,45,0,"1",.,"A",.,"A",.,"A",.,"A",.,"A",.,"A",.,"A",.,"A",.,"A",.,"A",.,"A",.,"A",.,"A",.,"A",.,"A"
"20102",2277332,67,0,"1",.,"A",.,"A",.,"A",.,"A",.,"A",20,"D",.,"A",.,"A",.,"A",.,"A",.,"A",.,"A",250,"D",.,"A",.,"A"
"20102",2277362,50,0,"1",.,"A",.,"A",.,"A",.,"A",.,"A",11,"D",.,"A",.,"A",.,"A",.,"A",.,"A",.,"A",130,"D",.,"A",.,"A"
"20102",2277382,65,0,"1",.,"A",.,"A",.,"A",.,"A",.,"A",.,"A",.,"A",.,"A",.,"A",.,"A",.,"A",.,"A",30,"D",.,"A",.,"A"
"20102",2277392,68,0,"1",.,"A",.,"A",.,"A",.,"A",.,"A",100,"D",.,"A",.,"A",.,"A",.,"A",.,"A",.,"A",190,"D",.,"A",.,"A"
"20102",2277422,67,0,"1",.,"A",.,"A",.,"A",.,"A",.,"A",.,"A",.,"A",.,"A",15,"D",.,"A",.,"A",.,"A",.,"A",.,"A",.,"A"
"20102",2277432,43,0,"1",.,"A",.,"A",.,"A",.,"A",240,"D",.,"A",.,"A",.,"A",.,"A",.,"A",.,"A",.,"A",75,"D",.,"A",.,"A"
"20102",2277482,101,0,"1",.,"A",.,"A",.,"A",.,"A",.,"A",.,"A",.,"A",.,"A",.,"A",.,"A",.,"A",.,"A",15,"D",.,"A",.,"A"
"20102",2277492,25,0,"1",.,"A",.,"A",.,"A",.,"A",.,"A",.,"A",.,"A",.,"A",.,"A",.,"A",.,"A",.,"A",.,"A",.,"A",.,"A"
"20102",2277503,29,0,"1",15,"D",.,"A",.,"A",30,"D",30,"D",.,"A",.,"A",.,"A",.,"A",45,"D",0,"D",15,"D",.,"A",15,"D",.,"A"
"20102",2277512,60,0,"1",.,"A",.,"A",.,"A",20,"D",.,"A",.,"A",.,"A",.,"A",.,"A",15,"D",0,"D",15,"D",260,"D",5,"D",.,"A"
"20102",2277582,41,0,"1",.,"A",.,"A",.,"A",.,"A",.,"A",50,"D",.,"A",.,"A",18,"D",.,"A",.,"A",.,"A",200,"D",.,"A",.,"A"
"20102",2277632,59,0,"1",.,"A",.,"A",.,"A",.,"A",.,"A",.,"A",.,"A",.,"A",.,"A",.,"A",.,"A",.,"A",.,"A",.,"A",.,"A"
"20102",2277782,77,0,"1",.,"A",.,"A",.,"A",.,"A",.,"A",.,"A",.,"A",.,"A",.,"A",.,"A",.,"A",.,"A",.,"A",.,"A",.,"A"
"20102",2277792,54,0,"1",.,"A",.,"A",.,"A",.,"A",.,"A",.,"A",.,"A",.,"A",.,"A",.,"A",.,"A",.,"A",150,"D",.,"A",.,"A"
"20102",2277805,31,0,"1",.,"A",.,"A",.,"A",.,"A",.,"A",.,"A",.,"A",.,"A",.,"A",.,"A",.,"A",.,"A",.,"A",.,"A",.,"A"
"20102",2277832,27,0,"1",.,"A",.,"A",.,"A",.,"A",.,"A",.,"A",65,"D",.,"A",.,"A",.,"A",.,"A",.,"A",304,"D",.,"A",.,"A"
"20102",2277882,53,0,"1",.,"A",.,"A",.,"A",.,"A",.,"A",.,"A",.,"A",.,"A",.,"A",.,"A",.,"A",.,"A",100,"D",.,"A",.,"A"
"20102",2277914,24,0,"1",.,"A",.,"A",.,"A",.,"A",.,"A",.,"A",.,"A",.,"A",.,"A",.,"A",.,"A",.,"A",48,"D",.,"A",.,"A"
"20102",2277933,29,0,"1",.,"A",.,"A",.,"A",.,"A",20,"D",.,"A",.,"A",.,"A",.,"A",.,"A",.,"A",.,"A",.,"A",.,"A",.,"A"
"20102",2277942,41,0,"1",.,"A",.,"A",.,"A",.,"A",.,"A",.,"A",.,"A",.,"A",.,"A",.,"A",.,"A",.,"A",40,"D",.,"A",.,"A"
"20102",2277972,55,0,"1",.,"A",.,"A",.,"A",.,"A",.,"A",.,"A",650,"D",.,"A",.,"A",.,"A",.,"A",.,"A",40,"D",.,"A",.,"A"
"20102",2278032,70,0,"1",.,"A",.,"A",.,"A",.,"A",.,"A",.,"A",.,"A",.,"A",.,"A",.,"A",.,"A",.,"A",150,"D",.,"A",.,"A"
"20102",2278102,77,0,"1",.,"A",.,"A",.,"A",.,"A",.,"A",.,"A",.,"A",.,"A",9,"D",.,"A",.,"A",.,"A",20,"D",.,"A",.,"A"
"20102",2278122,85,0,"1",.,"A",.,"A",60,"D",.,"A",.,"A",.,"A",.,"A",.,"A",.,"A",.,"A",.,"A",.,"A",30,"D",.,"A",.,"A"
"20102",2278142,65,0,"1",.,"A",.,"A",.,"A",.,"A",.,"A",.,"A",.,"A",.,"A",.,"A",.,"A",.,"A",.,"A",45,"D",.,"A",.,"A"
"20102",2278172,48,0,"1",.,"A",.,"A",.,"A",.,"A",.,"A",.,"A",.,"A",.,"A",.,"A",.,"A",.,"A",.,"A",.,"A",.,"A",.,"A"
"20102",2278202,40,0,"1",.,"A",.,"A",.,"A",.,"A",.,"A",.,"A",.,"A",.,"A",.,"A",.,"A",.,"A",.,"A",15,"D",.,"A",.,"A"
"20102",2278212,58,0,"1",.,"A",.,"A",.,"A",.,"A",.,"A",120,"D",.,"A",.,"A",180,"D",.,"A",.,"A",.,"A",150,"D",.,"A",.,"A"
"20102",2278222,43,0,"1",.,"A",.,"A",.,"A",.,"A",18,"D",.,"A",.,"A",.,"A",.,"A",.,"A",.,"A",.,"A",.,"A",.,"A",.,"A"
"20102",2278322,39,0,"1",.,"A",.,"A",.,"A",.,"A",.,"A",.,"A",585,"D",.,"A",.,"A",.,"A",.,"A",.,"A",.,"A",.,"A",.,"A"
"20102",2278332,53,0,"1",.,"A",.,"A",.,"A",.,"A",.,"A",.,"A",.,"A",.,"A",.,"A",.,"A",.,"A",.,"A",.,"A",.,"A",.,"A"
"20102",2278342,39,0,"1",.,"A",.,"A",.,"A",.,"A",.,"A",.,"A",.,"A",.,"A",.,"A",.,"A",.,"A",.,"A",50,"D",.,"A",.,"A"
"20102",2278352,45,0,"1",.,"A",.,"A",.,"A",.,"A",.,"A",.,"A",325,"D",.,"A",.,"A",.,"A",.,"A",.,"A",14,"D",.,"A",.,"A"
"20102",2278382,44,0,"1",.,"A",.,"A",.,"A",.,"A",.,"A",.,"A",.,"A",.,"A",.,"A",.,"A",.,"A",.,"A",10,"D",.,"A",.,"A"
"20102",2278402,85,0,"1",.,"A",.,"A",.,"A",.,"A",.,"A",.,"A",.,"A",156,"D",.,"A",.,"A",.,"A",.,"A",56,"D",.,"A",.,"A"
"20102",2278422,52,0,"1",.,"A",.,"A",.,"A",.,"A",.,"A",.,"A",325,"D",390,"D",30,"D",.,"A",.,"A",.,"A",60,"D",.,"A",.,"A"
"20102",2278482,38,0,"1",.,"A",.,"A",.,"A",.,"A",.,"A",.,"A",.,"A",.,"A",.,"A",.,"A",.,"A",.,"A",.,"A",.,"A",.,"A"
"20102",2278572,38,0,"1",.,"A",.,"A",.,"A",.,"A",.,"A",.,"A",.,"A",.,"A",.,"A",.,"A",.,"A",.,"A",400,"D",.,"A",.,"A"
"20102",2278582,32,0,"1",.,"A",.,"A",.,"A",.,"A",.,"A",.,"A",.,"A",.,"A",.,"A",.,"A",.,"A",.,"A",10,"D",.,"A",.,"A"
"20102",2278622,42,0,"1",.,"A",.,"A",.,"A",.,"A",.,"A",.,"A",.,"A",.,"A",.,"A",.,"A",.,"A",.,"A",100,"D",.,"A",.,"A"
"20102",2278652,36,0,"1",.,"A",.,"A",.,"A",.,"A",.,"A",36,"D",520,"D",.,"A",.,"A",.,"A",.,"A",.,"A",60,"D",.,"A",.,"A"
"20102",2278662,98,0,"1",.,"A",.,"A",.,"A",.,"A",.,"A",.,"A",.,"A",.,"A",90,"D",.,"A",.,"A",.,"A",.,"A",.,"A",.,"A"
"20102",2278672,56,0,"1",.,"A",.,"A",.,"A",.,"A",.,"A",.,"A",.,"A",.,"A",30,"D",510,"D",0,"D",0,"D",110,"D",170,"D",300,"D"
"20102",2278742,25,0,"1",.,"A",.,"A",.,"A",.,"A",15,"D",.,"A",.,"A",.,"A",.,"A",.,"A",.,"A",.,"A",.,"A",.,"A",.,"A"
"20102",2278762,69,0,"1",.,"A",.,"A",.,"A",.,"A",.,"A",.,"A",.,"A",.,"A",3,"D",.,"A",.,"A",.,"A",.,"A",.,"A",.,"A"
"20102",2278892,62,0,"1",.,"A",.,"A",.,"A",150,"D",.,"A",320,"D",.,"A",.,"A",45,"D",.,"A",.,"A",.,"A",250,"D",.,"A",.,"A"
"20102",2278922,56,0,"1",.,"A",.,"A",.,"A",.,"A",.,"A",.,"A",.,"A",.,"A",.,"A",.,"A",.,"A",.,"A",.,"A",.,"A",.,"A"
"20102",2278964,25,0,"1",.,"A",.,"A",.,"A",.,"A",120,"D",.,"A",.,"A",.,"A",.,"A",.,"A",.,"A",.,"A",.,"A",.,"A",.,"A"
"20102",2278973,35,0,"1",.,"A",.,"A",.,"A",.,"A",.,"A",.,"A",.,"A",.,"A",.,"A",.,"A",.,"A",.,"A",.,"A",.,"A",.,"A"
"20102",2279012,34,0,"1",.,"A",.,"A",.,"A",60,"D",.,"A",.,"A",.,"A",.,"A",.,"A",.,"A",.,"A",.,"A",.,"A",.,"A",.,"A"
"20102",2279052,55,0,"1",.,"A",.,"A",.,"A",.,"A",.,"A",.,"A",.,"A",.,"A",.,"A",.,"A",.,"A",.,"A",.,"A",.,"A",.,"A"
"20102",2279072,41,0,"1",.,"A",.,"A",.,"A",.,"A",.,"A",.,"A",.,"A",.,"A",.,"A",.,"A",.,"A",.,"A",50,"D",.,"A",.,"A"
"20102",2279142,33,0,"1",.,"A",.,"A",.,"A",.,"A",.,"A",.,"A",221,"D",.,"A",.,"A",.,"A",.,"A",.,"A",.,"A",.,"A",.,"A"
"20102",2279192,67,0,"1",.,"A",.,"A",.,"A",.,"A",.,"A",37,"D",.,"A",.,"A",.,"A",.,"A",.,"A",.,"A",30,"D",.,"A",.,"A"
"20102",2279292,42,0,"1",.,"A",.,"A",.,"A",10,"D",.,"A",.,"A",.,"A",.,"A",.,"A",6,"D",6,"D",6,"D",200,"D",2,"D",.,"A"
"20102",2279362,34,0,"1",.,"A",.,"A",.,"A",.,"A",.,"A",.,"A",.,"A",.,"A",.,"A",.,"A",.,"A",.,"A",.,"A",.,"A",.,"A"
"20102",2279372,38,0,"1",.,"A",.,"A",.,"A",.,"A",.,"A",.,"A",143,"D",.,"A",.,"A",.,"A",.,"A",.,"A",.,"A",.,"A",.,"A"
"20102",2279382,31,0,"1",.,"A",.,"A",.,"A",.,"A",.,"A",.,"A",.,"A",.,"A",.,"A",.,"A",.,"A",.,"A",.,"A",.,"A",.,"A"
"20102",2279432,59,0,"1",.,"A",.,"A",.,"A",.,"A",.,"A",.,"A",.,"A",.,"A",.,"A",.,"A",.,"A",.,"A",288,"D",.,"A",.,"A"
"20102",2279492,63,0,"1",.,"A",.,"A",.,"A",.,"A",.,"A",.,"A",130,"D",.,"A",.,"A",.,"A",.,"A",.,"A",.,"A",.,"A",.,"A"
"20102",2279502,39,0,"1",.,"A",.,"A",.,"A",.,"A",30,"D",10,"D",.,"A",.,"A",.,"A",.,"A",.,"A",.,"A",.,"A",.,"A",.,"A"
"20102",2279552,52,0,"1",.,"A",.,"A",.,"A",.,"A",.,"A",.,"A",.,"A",.,"A",.,"A",.,"A",.,"A",.,"A",45,"D",.,"A",.,"A"
"20102",2279572,61,0,"1",.,"A",.,"A",.,"A",.,"A",.,"A",.,"A",650,"F",.,"A",.,"A",.,"A",.,"A",.,"A",.,"A",.,"A",.,"A"
"20102",2279592,34,0,"1",.,"A",.,"A",.,"A",.,"A",.,"A",.,"A",.,"A",.,"A",.,"A",.,"A",.,"A",.,"A",.,"A",.,"A",.,"A"
"20102",2279622,44,0,"1",.,"A",.,"A",.,"A",.,"A",.,"A",15,"D",.,"A",.,"A",.,"A",.,"A",.,"A",.,"A",30,"D",.,"A",.,"A"
"20102",2279662,41,0,"1",.,"A",.,"A",.,"A",.,"A",.,"A",.,"A",975,"D",.,"A",.,"A",.,"A",.,"A",.,"A",.,"A",.,"A",.,"A"
"20102",2279675,44,0,"1",.,"A",.,"A",.,"A",.,"A",.,"A",.,"A",650,"D",.,"A",.,"A",.,"A",.,"A",.,"A",120,"D",.,"A",.,"A"
"20102",2279682,41,0,"1",.,"A",.,"A",.,"A",.,"A",.,"A",.,"A",65,"D",.,"A",.,"A",.,"A",.,"A",.,"A",50,"D",.,"A",.,"A"
"20102",2279692,24,0,"1",.,"A",.,"A",.,"A",.,"A",.,"A",.,"A",.,"A",.,"A",.,"A",225,"D",0,"D",75,"D",20,"D",75,"D",.,"A"
"20102",2279752,46,0,"1",.,"A",.,"A",.,"A",.,"A",.,"A",.,"A",.,"A",130,"D",.,"A",.,"A",.,"A",.,"A",350,"D",.,"A",.,"A"
"20102",2279765,37,0,"1",.,"A",.,"A",.,"A",.,"A",.,"A",.,"A",390,"D",.,"A",.,"A",.,"A",.,"A",.,"A",.,"A",.,"A",.,"A"
"20102",2279782,36,0,"1",.,"A",.,"A",.,"A",.,"A",.,"A",.,"A",.,"A",.,"A",.,"A",.,"A",.,"A",.,"A",90,"D",.,"A",.,"A"
"20102",2279842,38,0,"1",.,"A",.,"A",.,"A",.,"A",.,"A",.,"A",.,"A",78,"D",.,"A",.,"A",.,"A",.,"A",.,"A",.,"A",.,"A"
"20102",2279904,43,0,"1",.,"A",.,"A",.,"A",.,"A",.,"A",.,"A",.,"A",.,"A",30,"D",.,"A",.,"A",.,"A",.,"A",.,"A",.,"A"
"20102",2279912,40,0,"1",.,"A",.,"A",.,"A",.,"A",.,"A",.,"A",.,"A",.,"A",.,"A",.,"A",.,"A",.,"A",.,"A",.,"A",.,"A"
"20102",2279962,40,0,"1",.,"A",.,"A",.,"A",.,"A",.,"A",.,"A",104,"D",.,"A",.,"A",.,"A",.,"A",.,"A",78,"D",.,"A",.,"A"
"20102",2280072,52,0,"1",.,"A",.,"A",.,"A",.,"A",.,"A",.,"A",260,"D",.,"A",.,"A",.,"A",.,"A",.,"A",50,"D",.,"A",.,"A"
"20102",2280123,21,0,"1",.,"A",.,"A",.,"A",.,"A",.,"A",.,"A",260,"D",.,"A",.,"A",.,"A",.,"A",.,"A",.,"A",.,"A",.,"A"
"20102",2280132,46,0,"1",.,"A",.,"A",.,"A",.,"A",.,"A",.,"A",.,"A",.,"A",.,"A",.,"A",.,"A",.,"A",.,"A",.,"A",.,"A"
"20102",2280262,85,0,"1",.,"A",.,"A",.,"A",.,"A",.,"A",.,"A",.,"A",.,"A",.,"A",.,"A",.,"A",.,"A",.,"A",.,"A",.,"A"
"20102",2280324,38,0,"1",.,"A",.,"A",.,"A",.,"A",.,"A",.,"A",.,"A",.,"A",.,"A",.,"A",.,"A",.,"A",.,"A",.,"A",.,"A"
"20102",2280352,57,0,"1",.,"A",.,"A",.,"A",.,"A",.,"A",.,"A",.,"A",.,"A",.,"A",.,"A",.,"A",.,"A",.,"A",.,"A",.,"A"
"20102",2280402,35,0,"1",.,"A",.,"A",.,"A",.,"A",.,"A",.,"A",.,"A",.,"A",.,"A",.,"A",.,"A",.,"A",.,"A",.,"A",.,"A"
"20102",2280462,55,0,"1",.,"A",.,"A",.,"A",.,"A",.,"A",.,"A",.,"A",325,"D",.,"A",.,"A",.,"A",.,"A",70,"D",.,"A",.,"A"
"20102",2280492,79,0,"1",.,"A",.,"A",.,"A",.,"A",.,"A",.,"A",.,"A",.,"A",.,"A",.,"A",.,"A",.,"A",530,"D",.,"A",.,"A"
"20102",2280502,75,0,"1",.,"A",.,"A",.,"A",.,"A",.,"A",.,"A",.,"A",.,"A",.,"A",.,"A",.,"A",.,"A",30,"D",.,"A",.,"A"
"20102",2280532,95,0,"1",.,"A",.,"A",.,"A",.,"A",.,"A",.,"A",1274,"D",.,"A",.,"A",.,"A",.,"A",.,"A",260,"D",.,"A",.,"A"
"20102",2280542,19,0,"1",.,"A",.,"A",.,"A",.,"A",.,"A",.,"A",.,"A",.,"A",.,"A",.,"A",.,"A",.,"A",15,"D",.,"A",.,"A"
"20102",2280552,40,0,"1",.,"A",.,"A",.,"A",.,"A",.,"A",.,"A",.,"A",.,"A",.,"A",.,"A",.,"A",.,"A",70,"D",.,"A",.,"A"
"20102",2280604,23,0,"1",.,"A",.,"A",.,"A",.,"A",400,"D",130,"D",.,"A",.,"A",.,"A",540,"D",0,"D",0,"D",.,"A",180,"D",.,"A"
"20102",2280622,69,0,"1",.,"A",.,"A",.,"A",.,"A",.,"A",180,"D",.,"A",.,"A",78,"D",.,"A",.,"A",.,"A",60,"D",.,"A",.,"A"
"20102",2280672,38,0,"1",.,"A",.,"A",.,"A",.,"A",.,"A",.,"A",.,"A",.,"A",.,"A",.,"A",.,"A",.,"A",120,"D",.,"A",.,"A"
"20102",2280682,61,0,"1",.,"A",.,"A",.,"A",.,"A",.,"A",.,"A",.,"A",.,"A",30,"D",.,"A",.,"A",.,"A",.,"A",.,"A",.,"A"
"20102",2280722,50,0,"1",.,"A",.,"A",.,"A",.,"A",.,"A",.,"A",.,"A",.,"A",.,"A",.,"A",.,"A",.,"A",110,"D",.,"A",.,"A"
"20102",2280802,41,0,"1",.,"A",.,"A",.,"A",.,"A",.,"A",.,"A",.,"A",.,"A",.,"A",.,"A",.,"A",.,"A",.,"A",.,"A",.,"A"
"20102",2280812,26,0,"1",.,"A",.,"A",.,"A",.,"A",15,"D",.,"A",1560,"D",.,"A",.,"A",0,"D",0,"D",30,"D",.,"A",0,"D",.,"A"
"20102",2280832,25,0,"1",.,"A",.,"A",.,"A",.,"A",.,"A",.,"A",.,"A",.,"A",.,"A",.,"A",.,"A",.,"A",.,"A",.,"A",.,"A"
"20102",2280842,69,0,"1",.,"A",.,"A",.,"A",.,"A",.,"A",.,"A",.,"A",.,"A",45,"D",.,"A",.,"A",.,"A",100,"D",.,"A",.,"A"
"20102",2280882,41,0,"1",.,"A",.,"A",.,"A",.,"A",.,"A",.,"A",.,"A",.,"A",.,"A",.,"A",.,"A",.,"A",.,"A",.,"A",.,"A"
"20102",2280962,42,0,"1",.,"A",.,"A",.,"A",.,"A",.,"A",.,"A",.,"A",.,"A",.,"A",.,"A",.,"A",.,"A",.,"A",.,"A",.,"A"
"20102",2280975,23,0,"1",0,"F",.,"A",.,"A",.,"A",20,"F",.,"A",.,"A",.,"A",.,"A",0,"D",0,"D",0,"D",12,"D",0,"D",.,"A"
"20102",2280982,26,0,"1",.,"A",.,"A",.,"A",.,"A",.,"A",.,"A",195,"D",.,"A",.,"A",.,"A",.,"A",.,"A",.,"A",.,"A",.,"A"
"20102",2281002,37,0,"1",.,"A",.,"A",.,"A",.,"A",.,"A",.,"A",.,"A",.,"A",.,"A",.,"A",.,"A",.,"A",34,"D",.,"A",.,"A"
"20102",2281052,51,0,"1",.,"A",.,"A",.,"A",.,"A",.,"A",.,"A",.,"A",.,"A",.,"A",.,"A",.,"A",.,"A",.,"A",.,"A",.,"A"
"20102",2281082,22,0,"1",.,"A",.,"A",.,"A",.,"A",.,"A",.,"A",.,"A",.,"A",.,"A",186,"D",0,"D",0,"D",.,"A",62,"D",.,"A"
"20102",2281112,50,0,"1",.,"A",.,"A",.,"A",.,"A",.,"A",50,"D",.,"A",.,"A",.,"A",.,"A",.,"A",.,"A",.,"A",.,"A",.,"A"
"20102",2281143,24,0,"1",.,"A",.,"A",.,"A",.,"A",.,"A",.,"A",.,"A",.,"A",.,"A",.,"A",.,"A",.,"A",.,"A",.,"A",.,"A"
"20102",2281202,34,0,"1",.,"A",.,"A",.,"A",.,"A",.,"A",.,"A",.,"A",.,"A",.,"A",.,"A",.,"A",.,"A",.,"A",.,"A",.,"A"
"20102",2281222,51,0,"1",.,"A",.,"A",.,"A",.,"A",.,"A",.,"A",.,"A",.,"A",.,"A",.,"A",.,"A",.,"A",96,"D",.,"A",.,"A"
"20102",2281392,45,0,"1",.,"A",.,"A",.,"A",.,"A",.,"A",.,"A",.,"A",.,"A",.,"A",.,"A",.,"A",.,"A",.,"A",.,"A",.,"A"
"20102",2281492,49,0,"1",.,"A",.,"A",.,"A",.,"A",.,"A",.,"A",.,"A",.,"A",.,"A",.,"A",.,"A",.,"A",45,"D",.,"A",.,"A"
"20102",2281542,38,0,"1",20,"D",.,"A",.,"A",.,"A",40,"D",.,"A",728,"D",.,"A",.,"A",.,"A",.,"A",.,"A",36,"D",.,"A",.,"A"
"20102",2281552,23,0,"1",.,"A",.,"A",.,"A",.,"A",.,"A",.,"A",.,"A",.,"A",.,"A",18,"D",6,"D",6,"D",28,"D",6,"D",.,"A"
"20102",2281565,24,0,"1",.,"A",.,"A",.,"A",.,"A",.,"A",.,"A",.,"A",.,"A",.,"A",180,"D",0,"D",0,"D",75,"D",60,"D",.,"A"
"20102",2281582,49,0,"1",.,"A",.,"A",.,"A",.,"A",.,"A",5,"D",.,"A",.,"A",.,"A",.,"A",.,"A",.,"A",120,"D",.,"A",.,"A"
"20102",2281622,61,0,"1",.,"A",.,"A",.,"A",.,"A",.,"A",.,"A",.,"A",.,"A",96,"D",.,"A",.,"A",.,"A",.,"A",.,"A",.,"A"
"20102",2281682,44,0,"1",.,"A",.,"A",.,"A",.,"A",.,"A",.,"A",.,"A",.,"A",.,"A",.,"A",.,"A",.,"A",.,"A",.,"A",.,"A"
"20102",2281742,54,0,"1",.,"A",.,"A",.,"A",.,"A",.,"A",.,"A",182,"D",.,"A",.,"A",.,"A",.,"A",.,"A",60,"D",.,"A",.,"A"
"20102",2281832,45,0,"1",.,"A",.,"A",.,"A",.,"A",.,"A",.,"A",.,"A",.,"A",.,"A",.,"A",.,"A",.,"A",.,"A",.,"A",.,"A"
"20102",2281872,64,0,"1",.,"A",.,"A",.,"A",.,"A",.,"A",25,"D",.,"A",.,"A",60,"F",.,"A",.,"A",.,"A",80,"D",.,"A",.,"A"
"20102",2281892,42,0,"1",.,"A",.,"A",.,"A",.,"A",.,"A",.,"A",.,"A",.,"A",.,"A",0,"D",0,"D",120,"D",60,"D",0,"D",.,"A"
"20102",2281902,90,0,"1",.,"A",.,"A",.,"A",.,"A",.,"A",.,"A",.,"A",.,"A",.,"A",.,"A",.,"A",.,"A",37,"D",.,"A",.,"A"
"20102",2281922,77,0,"1",.,"A",.,"A",.,"A",.,"A",.,"A",.,"A",.,"A",.,"A",.,"A",.,"A",.,"A",.,"A",.,"A",.,"A",.,"A"
"20102",2281933,78,0,"1",.,"A",.,"A",.,"A",.,"A",.,"A",.,"A",.,"A",.,"A",.,"A",.,"A",.,"A",.,"A",382,"D",.,"A",.,"A"
"20102",2281972,35,0,"1",.,"A",.,"A",.,"A",.,"A",.,"A",.,"A",.,"A",.,"A",.,"A",.,"A",.,"A",.,"A",30,"D",.,"A",.,"A"
"20102",2282012,44,0,"1",40,"D",.,"A",.,"A",.,"A",120,"D",.,"A",.,"A",.,"A",.,"A",.,"A",.,"A",.,"A",.,"A",.,"A",.,"A"
"20102",2282062,32,0,"1",.,"A",.,"A",.,"A",.,"A",.,"A",.,"A",.,"A",.,"A",.,"A",.,"A",.,"A",.,"A",.,"A",.,"A",.,"A"
"20102",2282102,34,0,"1",.,"A",.,"A",.,"A",.,"A",.,"A",.,"A",.,"A",.,"A",.,"A",.,"A",.,"A",.,"A",60,"F",.,"A",.,"A"
"20102",2282112,29,0,"1",.,"A",.,"A",.,"A",.,"A",120,"D",.,"A",.,"A",130,"D",.,"A",.,"A",.,"A",.,"A",.,"A",.,"A",.,"A"
"20102",2282122,36,0,"1",.,"A",.,"A",.,"A",.,"A",.,"A",.,"A",.,"A",.,"A",.,"A",.,"A",.,"A",.,"A",.,"A",.,"A",.,"A"
"20102",2282142,88,0,"1",.,"A",.,"A",.,"A",.,"A",.,"A",.,"A",.,"A",.,"A",72,"D",.,"A",.,"A",.,"A",.,"A",.,"A",.,"A"
"20102",2282332,72,0,"1",.,"A",.,"A",.,"A",.,"A",.,"A",.,"A",.,"A",.,"A",.,"A",.,"A",.,"A",.,"A",150,"D",.,"A",.,"A"
"20102",2282382,22,0,"1",.,"A",.,"A",.,"A",.,"A",120,"D",.,"A",130,"D",.,"A",.,"A",.,"A",.,"A",.,"A",.,"A",.,"A",.,"A"
"20102",2282432,41,0,"1",.,"A",.,"A",.,"A",.,"A",.,"A",.,"A",.,"A",.,"A",.,"A",.,"A",.,"A",.,"A",54,"D",.,"A",.,"A"
"20102",2282492,47,0,"1",.,"A",.,"A",.,"A",.,"A",.,"A",.,"A",.,"A",.,"A",.,"A",.,"A",.,"A",.,"A",319,"D",.,"A",.,"A"
"20102",2282522,61,0,"1",.,"A",.,"A",.,"A",.,"A",.,"A",.,"A",.,"A",.,"A",21,"D",.,"A",.,"A",.,"A",300,"D",.,"A",.,"A"
"20102",2282542,24,0,"1",.,"A",.,"A",.,"A",.,"A",.,"A",.,"A",.,"A",.,"A",.,"A",.,"A",.,"A",.,"A",.,"A",.,"A",.,"A"
"20102",2282572,62,0,"1",.,"A",.,"A",.,"A",.,"A",.,"A",100,"D",.,"A",.,"A",.,"A",1455,"D",0,"D",0,"D",85,"D",485,"D",.,"A"
"20102",2282592,65,0,"1",.,"A",.,"A",.,"A",.,"A",.,"A",90,"D",.,"A",.,"A",.,"A",.,"A",.,"A",.,"A",150,"D",.,"A",.,"A"
"20102",2282602,31,0,"1",.,"A",.,"A",.,"A",.,"A",240,"D",.,"A",546,"D",.,"A",.,"A",.,"A",.,"A",.,"A",88,"D",.,"A",.,"A"
"20102",2282622,33,0,"1",.,"A",.,"A",.,"A",.,"A",.,"A",.,"A",.,"A",.,"A",.,"A",.,"A",.,"A",.,"A",.,"A",.,"A",.,"A"
"20102",2282742,63,0,"1",.,"A",.,"A",.,"A",10,"D",.,"A",.,"A",.,"A",.,"A",.,"A",.,"A",.,"A",.,"A",20,"D",.,"A",.,"A"
"20102",2282772,53,0,"1",.,"A",.,"A",.,"A",.,"A",.,"A",.,"A",520,"D",.,"A",.,"A",.,"A",.,"A",.,"A",60,"D",.,"A",.,"A"
"20102",2282882,44,0,"1",.,"A",.,"A",.,"A",.,"A",.,"A",.,"A",.,"A",.,"A",.,"A",.,"A",.,"A",.,"A",.,"A",.,"A",.,"A"
"20102",2282892,23,0,"1",.,"A",.,"A",.,"A",.,"A",.,"A",.,"A",.,"A",.,"A",.,"A",.,"A",.,"A",.,"A",.,"A",.,"A",.,"A"
"20102",2282912,77,0,"1",.,"A",.,"A",.,"A",.,"A",.,"A",.,"A",.,"A",.,"A",18,"D",.,"A",.,"A",.,"A",.,"A",.,"A",.,"A"
"20102",2282942,55,0,"1",.,"A",.,"A",.,"A",.,"A",.,"A",.,"A",325,"D",.,"A",.,"A",.,"A",.,"A",.,"A",12,"D",.,"A",.,"A"
"20102",2283022,38,0,"1",.,"A",.,"A",.,"A",.,"A",.,"A",30,"D",.,"A",.,"A",.,"A",.,"A",.,"A",.,"A",60,"D",.,"A",.,"A"
"20102",2283072,62,0,"1",.,"A",.,"A",.,"A",.,"A",.,"A",.,"A",.,"A",.,"A",.,"A",.,"A",.,"A",.,"A",300,"D",.,"A",.,"A"
"20102",2283102,33,0,"1",.,"A",.,"A",.,"A",.,"A",.,"A",.,"A",.,"A",.,"A",.,"A",.,"A",.,"A",.,"A",.,"A",.,"A",.,"A"
"20102",2283112,54,0,"1",.,"A",.,"A",.,"A",.,"A",.,"A",.,"A",2600,"D",.,"A",.,"A",.,"A",.,"A",.,"A",50,"D",.,"A",.,"A"
"20102",2283122,48,0,"1",.,"A",.,"A",.,"A",.,"A",.,"A",.,"A",.,"A",.,"A",.,"A",.,"A",.,"A",.,"A",120,"D",.,"A",.,"A"
"20102",2283182,47,0,"1",.,"A",.,"A",.,"A",.,"A",.,"A",.,"A",650,"D",.,"A",.,"A",.,"A",.,"A",.,"A",.,"A",.,"A",.,"A"
"20102",2283245,33,0,"1",.,"A",.,"A",.,"A",.,"A",10,"D",.,"A",.,"A",.,"A",.,"A",.,"A",.,"A",.,"A",30,"D",.,"A",.,"A"
"20102",2283352,33,0,"1",.,"A",.,"A",.,"A",.,"A",.,"A",.,"A",.,"A",.,"A",.,"A",.,"A",.,"A",.,"A",60,"D",.,"A",.,"A"
"20102",2283372,51,0,"1",.,"A",.,"A",.,"A",.,"A",.,"A",.,"A",390,"D",.,"A",.,"A",.,"A",.,"A",.,"A",.,"A",.,"A",.,"A"
"20102",2283412,34,0,"1",.,"A",.,"A",.,"A",.,"A",.,"A",.,"A",.,"A",.,"A",.,"A",.,"A",.,"A",.,"A",.,"A",.,"A",.,"A"
"20102",2283422,43,0,"1",.,"A",.,"A",.,"A",.,"A",.,"A",.,"A",.,"A",.,"A",15,"D",.,"A",.,"A",.,"A",.,"A",.,"A",.,"A"
"20102",2283442,52,0,"1",.,"A",.,"A",.,"A",.,"A",.,"A",.,"A",.,"A",.,"A",.,"A",.,"A",.,"A",.,"A",60,"D",.,"A",.,"A"
"20102",2283563,35,0,"1",.,"A",.,"A",.,"A",.,"A",.,"A",.,"A",.,"A",.,"A",.,"A",.,"A",.,"A",.,"A",50,"D",.,"A",.,"A"
"20102",2283592,33,0,"1",.,"A",.,"A",.,"A",.,"A",60,"D",40,"F",.,"A",.,"A",.,"A",.,"A",.,"A",.,"A",.,"A",.,"A",.,"A"
"20102",2283682,89,0,"1",.,"A",.,"A",.,"A",.,"A",.,"A",153,"D",.,"A",.,"A",.,"A",.,"A",.,"A",.,"A",90,"D",.,"A",.,"A"
"20102",2283722,64,0,"1",.,"A",.,"A",.,"A",.,"A",.,"A",.,"A",.,"A",.,"A",.,"A",.,"A",.,"A",.,"A",222,"D",.,"A",.,"A"
"20102",2283762,37,0,"1",.,"A",.,"A",.,"A",.,"A",.,"A",.,"A",390,"D",.,"A",27,"D",.,"A",.,"A",.,"A",37,"D",.,"A",.,"A"
"20102",2283792,52,0,"1",.,"A",.,"A",.,"A",.,"A",.,"A",.,"A",.,"A",.,"A",.,"A",.,"A",.,"A",.,"A",210,"D",.,"A",.,"A"
"20102",2283812,72,0,"1",.,"A",.,"A",.,"A",.,"A",.,"A",.,"A",.,"A",.,"A",.,"A",.,"A",.,"A",.,"A",.,"A",.,"A",.,"A"
"20102",2283822,47,0,"1",.,"A",.,"A",.,"A",.,"A",.,"A",.,"A",.,"A",.,"A",.,"A",.,"A",.,"A",.,"A",15,"D",.,"A",.,"A"
"20102",2283922,67,0,"1",.,"A",.,"A",.,"A",.,"A",.,"A",75,"D",.,"A",.,"A",.,"A",.,"A",.,"A",.,"A",120,"D",.,"A",.,"A"
"20102",2283945,22,0,"1",.,"A",.,"A",.,"A",.,"A",.,"A",.,"A",.,"A",.,"A",.,"A",.,"A",.,"A",.,"A",.,"A",.,"A",.,"A"
"20102",2283972,55,0,"1",.,"A",.,"A",.,"A",.,"A",.,"A",.,"A",650,"D",.,"A",.,"A",.,"A",.,"A",.,"A",115,"D",.,"A",.,"A"
"20102",2284162,22,0,"1",.,"A",.,"A",.,"A",.,"A",.,"A",.,"A",.,"A",.,"A",.,"A",.,"A",.,"A",.,"A",.,"A",.,"A",.,"A"
"20102",2284193,33,0,"1",.,"A",.,"A",.,"A",.,"A",.,"A",140,"D",130,"D",.,"A",.,"A",.,"A",.,"A",.,"A",50,"D",.,"A",.,"A"
"20102",2284202,40,0,"1",.,"A",.,"A",.,"A",.,"A",.,"A",.,"A",.,"A",65,"D",.,"A",.,"A",.,"A",.,"A",.,"A",.,"A",.,"A"
"20102",2284232,59,0,"1",.,"A",.,"A",.,"A",.,"A",.,"A",.,"A",325,"D",78,"D",.,"A",.,"A",.,"A",.,"A",40,"D",.,"A",.,"A"
"20102",2284242,61,0,"1",.,"A",.,"A",.,"A",.,"A",.,"A",.,"A",.,"A",.,"A",.,"A",0,"D",0,"D",0,"D",.,"A",0,"D",.,"A"
"20102",2284312,101,0,"1",.,"A",80,"D",.,"A",.,"A",.,"A",90,"D",.,"A",.,"A",375,"D",0,"D",0,"D",75,"D",504,"D",0,"D",.,"A"
"20102",2284332,26,0,"1",.,"A",.,"A",.,"A",.,"A",.,"A",.,"A",.,"A",.,"A",.,"A",.,"A",.,"A",.,"A",.,"A",.,"A",.,"A"
"20102",2284355,39,0,"1",.,"A",.,"A",.,"A",.,"A",.,"A",.,"A",.,"A",.,"A",.,"A",.,"A",.,"A",.,"A",.,"A",.,"A",.,"A"
"20102",2284372,34,0,"1",6,"D",.,"A",.,"A",30,"D",26,"D",.,"A",52,"D",.,"A",45,"D",.,"A",.,"A",.,"A",12,"D",.,"A",.,"A"
"20102",2284442,31,0,"1",.,"A",.,"A",.,"A",.,"A",.,"A",.,"A",.,"A",.,"A",.,"A",.,"A",.,"A",.,"A",40,"D",.,"A",.,"A"
"20102",2284492,50,0,"1",.,"A",.,"A",.,"A",.,"A",.,"A",.,"A",.,"A",.,"A",150,"D",.,"A",.,"A",.,"A",525,"D",.,"A",.,"A"
"20102",2284642,33,0,"1",.,"A",.,"A",.,"A",.,"A",.,"A",.,"A",.,"A",.,"A",.,"A",.,"A",.,"A",.,"A",.,"A",.,"A",.,"A"
"20102",2284722,45,0,"1",.,"A",.,"A",.,"A",.,"A",.,"A",.,"A",.,"A",.,"A",.,"A",.,"A",.,"A",.,"A",15,"F",.,"A",.,"A"
"20102",2284742,50,0,"1",.,"A",.,"A",.,"A",.,"A",60,"D",.,"A",.,"A",.,"A",.,"A",0,"D",0,"D",21,"D",17,"D",0,"D",.,"A"
"20102",2284772,43,0,"1",.,"A",.,"A",.,"A",.,"A",.,"A",.,"A",390,"D",.,"A",36,"D",.,"A",.,"A",.,"A",250,"D",.,"A",.,"A"
"20102",2284802,27,0,"1",.,"A",.,"A",.,"A",.,"A",.,"A",.,"A",.,"A",.,"A",.,"A",.,"A",.,"A",.,"A",.,"A",.,"A",.,"A"
"20102",2284852,34,0,"1",.,"A",.,"A",.,"A",.,"A",.,"A",.,"A",.,"A",.,"A",.,"A",.,"A",.,"A",.,"A",70,"D",.,"A",.,"A"
"20102",2284892,29,0,"1",.,"A",.,"A",.,"A",.,"A",.,"A",.,"A",.,"A",.,"A",.,"A",.,"A",.,"A",.,"A",.,"A",.,"A",.,"A"
"20102",2284962,69,0,"1",.,"A",.,"A",.,"A",.,"A",.,"A",.,"A",.,"A",.,"A",.,"A",.,"A",.,"A",.,"A",.,"A",.,"A",.,"A"
"20102",2285012,45,0,"1",.,"A",.,"A",.,"A",60,"D",.,"A",50,"D",.,"A",.,"A",.,"A",180,"D",0,"D",0,"D",225,"D",60,"D",120,"D"
"20102",2285022,55,0,"1",.,"A",.,"A",.,"A",60,"D",.,"A",.,"A",.,"A",39,"D",18,"D",.,"A",.,"A",.,"A",160,"D",.,"A",.,"A"
"20102",2285034,24,0,"1",.,"A",.,"A",.,"A",.,"A",.,"A",.,"A",.,"A",.,"A",.,"A",.,"A",.,"A",.,"A",.,"A",.,"A",.,"A"
"20102",2285042,41,0,"1",.,"A",.,"A",.,"A",120,"D",150,"D",.,"A",.,"A",.,"A",54,"D",.,"A",.,"A",.,"A",60,"D",.,"A",.,"A"
"20102",2285054,55,0,"1",.,"A",.,"A",.,"A",.,"A",.,"A",.,"A",455,"D",.,"A",15,"D",.,"A",.,"A",.,"A",.,"A",.,"A",.,"A"
"20102",2285072,43,0,"1",.,"A",.,"A",.,"A",.,"A",.,"A",.,"A",.,"A",.,"A",.,"A",0,"D",0,"D",15,"D",.,"A",0,"D",.,"A"
"20102",2285132,46,0,"1",.,"A",.,"A",.,"A",.,"A",.,"A",.,"A",.,"A",.,"A",.,"A",.,"A",.,"A",.,"A",90,"D",.,"A",.,"A"
"20102",2285182,64,0,"1",.,"A",.,"A",.,"A",.,"A",.,"A",20,"D",.,"A",.,"A",.,"A",.,"A",.,"A",.,"A",363,"D",.,"A",.,"A"
"20102",2285202,49,0,"1",.,"A",.,"A",.,"A",.,"A",.,"A",.,"A",.,"A",.,"A",.,"A",.,"A",.,"A",.,"A",.,"A",.,"A",.,"A"
"20102",2285222,76,0,"1",.,"A",.,"A",.,"A",.,"A",.,"A",.,"A",130,"D",.,"A",.,"A",.,"A",.,"A",.,"A",.,"A",.,"A",.,"A"
"20102",2285232,37,0,"1",.,"A",.,"A",.,"A",10,"D",25,"D",.,"A",.,"A",.,"A",15,"D",60,"D",0,"D",30,"D",22,"D",20,"D",.,"A"
"20102",2285292,35,0,"1",.,"A",.,"A",.,"A",.,"A",.,"A",.,"A",.,"A",.,"A",.,"A",.,"A",.,"A",.,"A",.,"A",.,"A",.,"A"
"20102",2285302,60,0,"1",.,"A",.,"A",.,"A",.,"A",.,"A",.,"A",156,"D",.,"A",60,"D",.,"A",.,"A",.,"A",10,"D",.,"A",.,"A"
"20102",2285312,40,0,"1",.,"A",.,"A",.,"A",.,"A",7,"D",.,"A",.,"A",.,"A",.,"A",.,"A",.,"A",.,"A",.,"A",.,"A",.,"A"
"20102",2285412,43,0,"1",.,"A",.,"A",.,"A",.,"A",.,"A",.,"A",.,"A",.,"A",.,"A",.,"A",.,"A",.,"A",66,"D",.,"A",.,"A"
"20102",2285432,96,0,"1",.,"A",.,"A",.,"A",.,"A",.,"A",.,"A",.,"A",.,"A",.,"A",.,"A",.,"A",.,"A",150,"D",.,"A",.,"A"
"20102",2285445,28,0,"1",.,"A",.,"A",.,"A",.,"A",.,"A",.,"A",.,"A",.,"A",.,"A",.,"A",.,"A",.,"A",.,"A",.,"A",.,"A"
"20102",2285452,36,0,"1",.,"A",.,"A",.,"A",.,"A",.,"A",.,"A",.,"A",.,"A",.,"A",.,"A",.,"A",.,"A",.,"A",.,"A",.,"A"
"20102",2285472,48,0,"1",.,"A",.,"A",.,"A",.,"A",.,"A",.,"A",.,"A",.,"A",.,"A",.,"A",.,"A",.,"A",.,"A",.,"A",.,"A"
"20102",2285492,24,0,"1",.,"A",.,"A",.,"A",.,"A",.,"A",.,"A",.,"A",.,"A",.,"A",0,"D",0,"D",3,"D",.,"A",0,"D",.,"A"
"20102",2285552,56,0,"1",.,"A",.,"A",.,"A",.,"A",.,"A",.,"A",.,"A",.,"A",.,"A",.,"A",.,"A",.,"A",.,"A",.,"A",.,"A"
"20102",2285563,61,0,"1",.,"A",.,"A",70,"D",.,"A",.,"A",60,"D",208,"D",.,"A",.,"A",102,"D",0,"D",969,"D",240,"D",34,"D",.,"A"
"20102",2285572,57,0,"1",.,"A",.,"A",.,"A",.,"A",.,"A",.,"A",.,"A",.,"A",.,"A",.,"A",.,"A",.,"A",10,"D",.,"A",.,"A"
"20102",2285592,46,0,"1",.,"A",.,"A",.,"A",.,"A",.,"A",150,"D",390,"D",.,"A",24,"D",0,"D",0,"D",6,"D",120,"D",0,"D",.,"A"
"20102",2285702,78,0,"1",.,"A",.,"A",.,"A",.,"A",.,"A",.,"A",.,"A",.,"A",.,"A",0,"D",0,"D",30,"D",25,"D",0,"D",.,"A"
"20102",2285772,57,0,"1",.,"A",.,"A",.,"A",.,"A",.,"A",30,"D",.,"A",.,"A",.,"A",.,"A",.,"A",.,"A",.,"A",.,"A",.,"A"
"20102",2285782,38,0,"1",.,"A",.,"A",.,"A",.,"A",.,"A",.,"A",.,"A",.,"A",.,"A",.,"A",.,"A",.,"A",.,"A",.,"A",.,"A"
"20102",2285802,51,0,"1",.,"A",.,"A",.,"A",.,"A",.,"A",.,"A",.,"A",.,"A",.,"A",.,"A",.,"A",.,"A",60,"D",.,"A",.,"A"
"20102",2285832,44,0,"1",.,"A",.,"A",.,"A",.,"A",.,"A",.,"A",.,"A",.,"A",.,"A",.,"A",.,"A",.,"A",60,"D",.,"A",.,"A"
"20102",2285842,39,0,"1",.,"A",.,"A",.,"A",.,"A",.,"A",.,"A",.,"A",.,"A",30,"D",.,"A",.,"A",.,"A",.,"A",.,"A",.,"A"
"20102",2285872,53,0,"1",24,"D",.,"A",.,"A",50,"D",36,"D",.,"A",.,"A",.,"A",.,"A",510,"D",0,"D",0,"D",120,"D",170,"D",.,"A"
"20102",2285972,28,0,"1",.,"A",.,"A",.,"A",.,"A",.,"A",.,"A",.,"A",.,"A",.,"A",.,"A",.,"A",.,"A",.,"A",.,"A",.,"A"
"20102",2285982,31,0,"1",.,"A",.,"A",.,"A",.,"A",25,"D",.,"A",156,"D",.,"A",.,"A",0,"D",0,"D",0,"D",.,"A",0,"D",.,"A"
"20102",2286022,57,0,"1",.,"A",.,"A",.,"A",.,"A",.,"A",.,"A",130,"D",.,"A",.,"A",.,"A",.,"A",.,"A",22,"D",.,"A",.,"A"
"20102",2286072,30,0,"1",80,"D",.,"A",.,"A",.,"A",620,"D",.,"A",.,"A",.,"A",.,"A",.,"A",.,"A",.,"A",.,"A",.,"A",.,"A"
"20102",2286174,33,0,"1",.,"A",.,"A",.,"A",.,"A",.,"A",.,"A",.,"A",.,"A",.,"A",.,"A",.,"A",.,"A",175,"D",.,"A",.,"A"
"20102",2286222,57,0,"1",.,"A",.,"A",.,"A",.,"A",.,"A",.,"A",.,"A",.,"A",27,"D",.,"A",.,"A",.,"A",126,"D",.,"A",.,"A"
"20102",2286255,27,0,"1",.,"A",.,"A",.,"A",.,"A",360,"D",.,"A",312,"D",.,"A",.,"A",.,"A",.,"A",.,"A",25,"D",.,"A",.,"A"
"20102",2286302,47,0,"1",.,"A",.,"A",.,"A",.,"A",.,"A",.,"A",.,"A",.,"A",.,"A",.,"A",.,"A",.,"A",.,"A",.,"A",.,"A"
"20102",2286312,33,0,"1",.,"A",.,"A",.,"A",.,"A",.,"A",.,"A",.,"A",.,"A",.,"A",.,"A",.,"A",.,"A",25,"D",.,"A",.,"A"
"20102",2286342,38,0,"1",.,"A",.,"A",.,"A",.,"A",.,"A",.,"A",.,"A",.,"A",.,"A",.,"A",.,"A",.,"A",60,"D",.,"A",.,"A"
"20102",2286362,42,0,"1",150,"D",.,"A",.,"A",.,"A",0,"D",.,"A",.,"A",.,"A",.,"A",.,"A",.,"A",.,"A",30,"D",.,"A",.,"A"
"20102",2286382,71,0,"1",.,"A",.,"A",.,"A",.,"A",.,"A",.,"A",.,"A",.,"A",.,"A",.,"A",.,"A",.,"A",.,"A",.,"A",.,"A"
"20102",2286434,51,0,"1",.,"A",.,"A",.,"A",.,"A",.,"A",.,"A",195,"D",.,"A",.,"A",.,"A",.,"A",.,"A",.,"A",.,"A",.,"A"
"20102",2286442,27,0,"1",0,"F",.,"A",.,"A",.,"A",300,"F",.,"A",.,"A",.,"A",.,"A",324,"D",216,"D",0,"D",420,"D",108,"D",.,"A"
"20102",2286462,55,0,"1",.,"A",.,"A",.,"A",.,"A",.,"A",.,"A",.,"A",.,"A",.,"A",.,"A",.,"A",.,"A",.,"A",.,"A",.,"A"
"20102",2286472,41,0,"1",.,"A",.,"A",.,"A",.,"A",.,"A",.,"A",.,"A",.,"A",.,"A",.,"A",.,"A",.,"A",170,"D",.,"A",.,"A"
"20102",2286522,38,0,"1",.,"A",.,"A",.,"A",.,"A",.,"A",.,"A",.,"A",.,"A",.,"A",.,"A",.,"A",.,"A",100,"D",.,"A",.,"A"
"20102",2286532,51,0,"1",.,"A",.,"A",.,"A",.,"A",30,"D",.,"A",.,"A",910,"D",30,"D",.,"A",.,"A",.,"A",100,"D",.,"A",.,"A"
"20102",2286612,64,0,"1",.,"A",.,"A",.,"A",.,"A",.,"A",300,"D",.,"A",.,"A",.,"A",.,"A",.,"A",.,"A",400,"D",.,"A",.,"A"
"20102",2286642,23,0,"1",.,"A",.,"A",.,"A",.,"A",60,"D",.,"A",65,"D",.,"A",.,"A",.,"A",.,"A",.,"A",120,"D",.,"A",.,"A"
"20102",2286652,36,0,"1",.,"A",.,"A",.,"A",.,"A",.,"A",.,"A",.,"A",.,"A",.,"A",.,"A",.,"A",.,"A",.,"A",.,"A",.,"A"
"20102",2286702,39,0,"1",.,"A",.,"A",.,"A",.,"A",15,"D",65,"D",.,"A",.,"A",.,"A",255,"D",0,"D",0,"D",80,"D",85,"D",.,"A"
"20102",2286772,53,0,"1",.,"A",.,"A",.,"A",.,"A",.,"A",400,"D",.,"A",.,"A",.,"A",930,"D",0,"D",0,"D",400,"D",310,"D",.,"A"
"20102",2286792,76,0,"1",.,"A",.,"A",.,"A",.,"A",.,"A",90,"D",390,"D",.,"A",.,"A",.,"A",.,"A",.,"A",300,"D",.,"A",.,"A"
"20102",2286825,46,0,"1",.,"A",.,"A",.,"A",.,"A",.,"A",.,"A",104,"D",.,"A",.,"A",0,"D",0,"D",90,"D",.,"A",0,"D",.,"A"
"20102",2286832,42,0,"1",.,"A",.,"A",.,"A",.,"A",.,"A",.,"A",.,"A",.,"A",.,"A",.,"A",.,"A",.,"A",54,"D",.,"A",.,"A"
"20102",2286852,37,0,"1",.,"A",.,"A",.,"A",.,"A",.,"A",.,"A",.,"A",.,"A",.,"A",.,"A",.,"A",.,"A",.,"A",.,"A",.,"A"
"20102",2286872,81,0,"1",.,"A",.,"A",.,"A",.,"A",.,"A",.,"A",.,"A",.,"A",.,"A",.,"A",.,"A",.,"A",90,"D",.,"A",.,"A"
"20102",2286912,62,0,"1",.,"A",.,"A",.,"A",.,"A",.,"A",150,"D",.,"A",.,"A",15,"D",.,"A",.,"A",.,"A",350,"D",.,"A",.,"A"
"20102",2286962,28,0,"1",.,"A",.,"A",.,"A",.,"A",.,"A",.,"A",.,"A",.,"A",.,"A",.,"A",.,"A",.,"A",.,"A",.,"A",.,"A"
"20102",2286972,79,0,"1",.,"A",.,"A",.,"A",.,"A",.,"A",35,"D",.,"A",.,"A",6,"D",.,"A",.,"A",.,"A",200,"D",.,"A",.,"A"
"20102",2287112,51,0,"1",20,"D",.,"A",.,"A",.,"A",20,"D",.,"A",.,"A",.,"A",.,"A",.,"A",.,"A",.,"A",42,"D",.,"A",.,"A"
"20102",2287172,44,0,"1",.,"A",.,"A",.,"A",.,"A",.,"A",.,"A",910,"D",.,"A",.,"A",.,"A",.,"A",.,"A",.,"A",.,"A",.,"A"
"20102",2287222,55,0,"1",.,"A",.,"A",.,"A",.,"A",.,"A",20,"D",.,"A",.,"A",.,"A",.,"A",.,"A",.,"A",.,"A",.,"A",.,"A"
"20102",2287242,55,0,"1",.,"A",.,"A",.,"A",.,"A",.,"A",40,"D",.,"A",.,"A",.,"A",.,"A",.,"A",.,"A",210,"D",.,"A",.,"A"
"20102",2287252,40,0,"1",10,"D",.,"A",35,"D",.,"A",65,"D",10,"D",.,"A",.,"A",.,"A",.,"A",.,"A",.,"A",35,"D",.,"A",.,"A"
"20102",2287312,31,0,"1",.,"A",.,"A",.,"A",.,"A",.,"A",.,"A",.,"A",.,"A",.,"A",.,"A",.,"A",.,"A",30,"D",.,"A",.,"A"
"20102",2287332,34,0,"1",.,"A",.,"A",.,"A",.,"A",.,"A",.,"A",.,"A",.,"A",.,"A",.,"A",.,"A",.,"A",300,"D",.,"A",.,"A"
"20102",2287362,49,0,"1",.,"A",.,"A",.,"A",.,"A",.,"A",20,"D",.,"A",.,"A",90,"D",270,"D",0,"D",0,"D",.,"A",90,"D",.,"A"
"20102",2287392,33,0,"1",.,"A",.,"A",.,"A",.,"A",.,"A",.,"A",.,"A",.,"A",.,"A",24,"D",0,"D",24,"D",.,"A",8,"D",.,"A"
"20102",2287422,59,0,"1",.,"A",.,"A",.,"A",.,"A",.,"A",.,"A",.,"A",.,"A",.,"A",.,"A",.,"A",.,"A",12,"D",.,"A",.,"A"
"20102",2287462,52,0,"1",.,"A",.,"A",.,"A",.,"A",.,"A",60,"D",.,"A",.,"A",30,"D",.,"A",.,"A",.,"A",60,"D",.,"A",.,"A"
"20102",2287512,50,0,"1",.,"A",.,"A",.,"A",40,"D",.,"A",75,"D",.,"A",.,"A",.,"A",.,"A",.,"A",.,"A",60,"D",.,"A",.,"A"
"20102",2287522,42,0,"1",.,"A",.,"A",.,"A",.,"A",120,"D",.,"A",.,"A",.,"A",18,"D",.,"A",.,"A",.,"A",240,"D",.,"A",.,"A"
"20102",2287582,58,0,"1",.,"A",.,"A",.,"A",.,"A",.,"A",.,"A",.,"A",.,"A",.,"A",.,"A",.,"A",.,"A",50,"D",.,"A",.,"A"
"20102",2287692,52,0,"1",.,"A",.,"A",.,"A",.,"A",.,"A",.,"A",.,"A",.,"A",.,"A",.,"A",.,"A",.,"A",30,"D",.,"A",.,"A"
"20102",2287703,46,0,"1",.,"A",.,"A",.,"A",.,"A",.,"A",.,"A",.,"A",.,"A",.,"A",.,"A",.,"A",.,"A",.,"A",.,"A",.,"A"
"20102",2287732,67,0,"1",.,"A",.,"A",.,"A",.,"A",.,"A",.,"A",.,"A",.,"A",18,"D",.,"A",.,"A",.,"A",100,"D",.,"A",.,"A"
"20102",2287742,61,0,"1",.,"A",.,"A",.,"A",86,"D",.,"A",.,"A",.,"A",.,"A",.,"A",.,"A",.,"A",.,"A",300,"D",.,"A",.,"A"
"20102",2287862,41,0,"1",.,"A",.,"A",.,"A",.,"A",.,"A",.,"A",130,"F",.,"A",.,"A",.,"A",.,"A",.,"A",.,"A",.,"A",.,"A"
"20102",2287872,43,0,"1",.,"A",.,"A",.,"A",.,"A",.,"A",.,"A",.,"A",.,"A",.,"A",.,"A",.,"A",.,"A",63,"D",.,"A",.,"A"
"20102",2287882,57,0,"1",.,"A",.,"A",.,"A",.,"A",.,"A",.,"A",.,"A",.,"A",.,"A",.,"A",.,"A",.,"A",170,"D",.,"A",.,"A"
"20102",2287912,73,0,"1",.,"A",.,"A",75,"D",.,"A",.,"A",.,"A",.,"A",.,"A",.,"A",.,"A",.,"A",.,"A",250,"D",.,"A",.,"A"
"20102",2287952,37,0,"1",.,"A",.,"A",.,"A",.,"A",.,"A",.,"A",.,"A",.,"A",.,"A",.,"A",.,"A",.,"A",75,"D",.,"A",.,"A"
"20102",2287972,38,0,"1",.,"A",.,"A",.,"A",.,"A",.,"A",.,"A",104,"D",.,"A",.,"A",.,"A",.,"A",.,"A",.,"A",.,"A",.,"A"
"20102",2287982,48,0,"1",.,"A",.,"A",.,"A",.,"A",.,"A",.,"A",156,"F",.,"A",.,"A",.,"A",.,"A",.,"A",.,"A",.,"A",.,"A"
"20102",2288022,34,0,"1",.,"A",.,"A",.,"A",.,"A",.,"A",.,"A",.,"A",.,"A",.,"A",.,"A",.,"A",.,"A",13,"D",.,"A",.,"A"
"20102",2288045,42,0,"1",.,"A",.,"A",.,"A",.,"A",144,"D",.,"A",.,"A",.,"A",.,"A",.,"A",.,"A",.,"A",55,"D",.,"A",.,"A"
"20102",2288054,26,0,"1",.,"A",.,"A",.,"A",.,"A",.,"A",.,"A",.,"A",.,"A",.,"A",.,"A",.,"A",.,"A",.,"A",.,"A",.,"A"
"20102",2288112,61,0,"1",.,"A",.,"A",.,"A",.,"A",.,"A",.,"A",.,"A",.,"A",.,"A",.,"A",.,"A",.,"A",.,"A",.,"A",.,"A"
"20102",2288122,65,0,"1",.,"A",.,"A",.,"A",.,"A",.,"A",.,"A",.,"A",.,"A",.,"A",.,"A",.,"A",.,"A",.,"A",.,"A",.,"A"
"20102",2288162,43,0,"1",.,"A",.,"A",.,"A",.,"A",.,"A",90,"D",208,"D",.,"A",60,"D",.,"A",.,"A",.,"A",45,"D",.,"A",.,"A"
"20102",2288242,41,0,"1",.,"A",.,"A",.,"A",.,"A",.,"A",.,"A",650,"D",.,"A",.,"A",.,"A",.,"A",.,"A",.,"A",.,"A",.,"A"
"20102",2288252,37,0,"1",.,"A",.,"A",.,"A",.,"A",.,"A",.,"A",.,"A",.,"A",.,"A",.,"A",.,"A",.,"A",.,"A",.,"A",.,"A"
"20102",2288262,83,0,"1",.,"A",.,"A",.,"A",.,"A",.,"A",7,"D",.,"A",.,"A",.,"A",.,"A",.,"A",.,"A",15,"D",.,"A",.,"A"
"20102",2288312,91,0,"1",.,"A",.,"A",.,"A",.,"A",.,"A",50,"D",.,"A",.,"A",.,"A",.,"A",.,"A",.,"A",31,"D",.,"A",.,"A"
"20102",2288412,83,0,"1",.,"A",.,"A",.,"A",.,"A",.,"A",.,"A",.,"A",.,"A",36,"D",.,"A",.,"A",.,"A",120,"D",.,"A",.,"A"
"20102",2288432,54,0,"1",.,"A",.,"A",.,"A",.,"A",30,"D",.,"A",.,"A",.,"A",.,"A",.,"A",.,"A",.,"A",.,"A",.,"A",.,"A"
"20102",2288452,33,0,"1",.,"A",.,"A",.,"A",.,"A",.,"A",.,"A",78,"D",.,"A",.,"A",0,"D",0,"D",60,"D",15,"D",0,"D",.,"A"
"20102",2288462,36,0,"1",.,"A",.,"A",.,"A",.,"A",.,"A",.,"A",.,"A",.,"A",.,"A",.,"A",.,"A",.,"A",.,"A",.,"A",.,"A"
"20102",2288492,72,0,"1",.,"A",.,"A",.,"A",.,"A",.,"A",.,"A",.,"A",.,"A",.,"A",.,"A",.,"A",.,"A",310,"D",.,"A",.,"A"
"20102",2288572,54,0,"1",.,"A",.,"A",.,"A",.,"A",.,"A",.,"A",.,"A",.,"A",.,"A",.,"A",.,"A",.,"A",100,"D",.,"A",.,"A"
"20102",2288592,40,0,"1",.,"A",.,"A",.,"A",.,"A",.,"A",.,"A",.,"A",.,"A",.,"A",.,"A",.,"A",.,"A",24,"D",.,"A",.,"A"
"20102",2288622,29,0,"1",.,"A",.,"A",.,"A",.,"A",.,"A",.,"A",.,"A",.,"A",.,"A",.,"A",.,"A",.,"A",30,"D",.,"A",.,"A"
"20102",2288632,21,0,"1",.,"A",.,"A",.,"A",.,"A",360,"D",.,"A",.,"A",.,"A",.,"A",.,"A",.,"A",.,"A",.,"A",.,"A",.,"A"
"20102",2288652,27,0,"1",.,"A",.,"A",.,"A",.,"A",.,"A",.,"A",.,"A",.,"A",.,"A",.,"A",.,"A",.,"A",.,"A",.,"A",.,"A"
"20102",2288713,33,0,"1",.,"A",.,"A",.,"A",.,"A",.,"A",.,"A",.,"A",.,"A",.,"A",.,"A",.,"A",.,"A",50,"D",.,"A",.,"A"
"20102",2288732,64,0,"1",.,"A",.,"A",.,"A",.,"A",.,"A",.,"A",.,"A",.,"A",.,"A",.,"A",.,"A",.,"A",40,"D",.,"A",.,"A"
"20102",2288752,27,0,"1",.,"A",.,"A",.,"A",.,"A",.,"A",.,"A",.,"A",.,"A",.,"A",.,"A",.,"A",.,"A",100,"D",.,"A",.,"A"
"20102",2288762,35,0,"1",.,"A",.,"A",.,"A",.,"A",.,"A",.,"A",.,"A",.,"A",.,"A",.,"A",.,"A",.,"A",25,"F",.,"A",.,"A"
"20102",2288772,42,0,"1",.,"A",.,"A",.,"A",.,"A",120,"D",60,"D",.,"A",455,"D",.,"A",.,"A",.,"A",.,"A",85,"D",.,"A",.,"A"
"20102",2288782,27,0,"1",.,"A",.,"A",.,"A",.,"A",20,"D",60,"D",.,"A",.,"A",.,"A",60,"D",0,"D",0,"D",.,"A",20,"D",.,"A"
"20102",2288842,55,0,"1",.,"A",.,"A",.,"A",25,"D",4,"D",.,"A",.,"A",26,"D",60,"D",.,"A",.,"A",.,"A",75,"D",.,"A",.,"A"
"20102",2288852,48,0,"1",45,"D",.,"A",.,"A",.,"A",135,"D",.,"A",117,"D",.,"A",.,"A",.,"A",.,"A",.,"A",60,"D",.,"A",.,"A"
"20102",2288862,58,0,"1",25,"D",.,"A",.,"A",.,"A",65,"D",60,"D",.,"A",.,"A",9,"D",.,"A",.,"A",.,"A",400,"D",.,"A",.,"A"
"20102",2288902,28,0,"1",6,"D",.,"A",.,"A",.,"A",39,"D",.,"A",221,"D",.,"A",.,"A",.,"A",.,"A",.,"A",.,"A",.,"A",.,"A"
"20102",2288962,47,0,"1",.,"A",.,"A",.,"A",.,"A",.,"A",.,"A",.,"A",.,"A",.,"A",.,"A",.,"A",.,"A",110,"D",.,"A",.,"A"
"20102",2289072,38,0,"1",.,"A",.,"A",.,"A",.,"A",.,"A",.,"A",.,"A",.,"A",.,"A",.,"A",.,"A",.,"A",.,"A",.,"A",.,"A"
"20102",2289122,32,0,"1",.,"A",.,"A",.,"A",.,"A",.,"A",.,"A",.,"A",.,"A",.,"A",.,"A",.,"A",.,"A",.,"A",.,"A",.,"A"
"20102",2289142,49,0,"1",.,"A",.,"A",.,"A",.,"A",.,"A",.,"A",.,"A",.,"A",.,"A",.,"A",.,"A",.,"A",.,"A",.,"A",.,"A"
"20102",2289212,53,0,"1",.,"A",.,"A",.,"A",.,"A",.,"A",15,"D",.,"A",.,"A",.,"A",24,"D",0,"D",0,"D",62,"D",8,"D",.,"A"
"20102",2289222,68,0,"1",.,"A",.,"A",.,"A",.,"A",.,"A",30,"D",.,"A",.,"A",.,"A",.,"A",.,"A",.,"A",.,"A",.,"A",.,"A"
"20102",2289282,28,0,"1",.,"A",.,"A",.,"A",.,"A",90,"D",.,"A",390,"D",.,"A",.,"A",60,"D",0,"D",60,"D",33,"D",20,"D",.,"A"
"20102",2289295,55,0,"1",.,"A",.,"A",.,"A",.,"A",.,"A",.,"A",130,"D",65,"D",.,"A",.,"A",.,"A",.,"A",.,"A",.,"A",.,"A"
"20102",2289302,38,0,"1",.,"A",.,"A",.,"A",.,"A",.,"A",.,"A",390,"D",.,"A",.,"A",.,"A",.,"A",.,"A",20,"D",.,"A",.,"A"
"20102",2289322,61,0,"1",.,"A",.,"A",.,"A",.,"A",.,"A",.,"A",650,"D",.,"A",.,"A",.,"A",.,"A",.,"A",.,"A",.,"A",.,"A"
"20102",2289342,41,0,"1",.,"A",.,"A",.,"A",.,"A",.,"A",.,"A",.,"A",.,"A",.,"A",.,"A",.,"A",.,"A",100,"D",.,"A",.,"A"
"20102",2289375,37,0,"1",.,"A",.,"A",.,"A",.,"A",.,"A",.,"A",.,"A",.,"A",.,"A",.,"A",.,"A",.,"A",.,"A",.,"A",.,"A"
"20102",2289452,65,0,"1",.,"A",.,"A",.,"A",.,"A",.,"A",20,"F",.,"A",.,"A",.,"A",.,"A",.,"A",.,"A",684,"D",.,"A",.,"A"
"20102",2289484,23,0,"1",.,"A",.,"A",.,"A",.,"A",.,"A",.,"A",.,"A",.,"A",.,"A",.,"A",.,"A",.,"A",.,"A",.,"A",.,"A"
"20102",2289552,41,0,"1",.,"A",.,"A",.,"A",.,"A",.,"A",.,"A",.,"A",.,"A",.,"A",.,"A",.,"A",.,"A",48,"D",.,"A",.,"A"
"20102",2289604,36,0,"1",.,"A",.,"A",.,"A",.,"A",.,"A",.,"A",39,"D",.,"A",.,"A",.,"A",.,"A",.,"A",30,"D",.,"A",.,"A"
"20102",2289705,22,0,"1",.,"A",.,"A",.,"A",.,"A",.,"A",.,"A",39,"D",.,"A",.,"A",.,"A",.,"A",.,"A",.,"A",.,"A",.,"A"
"20102",2289782,25,0,"1",.,"A",.,"A",.,"A",.,"A",10,"D",.,"A",.,"A",.,"A",.,"A",.,"A",.,"A",.,"A",.,"A",.,"A",.,"A"
"20102",2289792,60,0,"1",.,"A",.,"A",.,"A",.,"A",.,"A",.,"A",.,"A",.,"A",.,"A",.,"A",.,"A",.,"A",25,"D",.,"A",.,"A"
"20102",2289822,85,0,"1",.,"A",.,"A",.,"A",.,"A",.,"A",.,"A",.,"A",.,"A",.,"A",.,"A",.,"A",.,"A",100,"D",.,"A",.,"A"
"20102",2289852,39,0,"1",.,"A",.,"A",.,"A",.,"A",300,"D",.,"A",.,"A",.,"A",.,"A",.,"A",.,"A",.,"A",.,"A",.,"A",.,"A"
"20102",2289892,26,0,"1",.,"A",.,"A",.,"A",.,"A",.,"A",.,"A",.,"A",.,"A",.,"A",.,"A",.,"A",.,"A",.,"A",.,"A",.,"A"
"20102",2289902,38,0,"1",.,"A",.,"A",.,"A",.,"A",50,"D",.,"A",.,"A",.,"A",.,"A",.,"A",.,"A",.,"A",30,"D",.,"A",.,"A"
"20102",2289912,48,0,"1",.,"A",.,"A",.,"A",.,"A",24,"D",.,"A",.,"A",.,"A",.,"A",.,"A",.,"A",.,"A",56,"D",.,"A",.,"A"
"20102",2289962,21,0,"1",.,"A",.,"A",.,"A",.,"A",.,"A",.,"A",1235,"D",.,"A",.,"A",378,"D",0,"D",0,"D",.,"A",126,"D",.,"A"
"20102",2290013,25,0,"1",.,"A",.,"A",.,"A",.,"A",120,"D",.,"A",.,"A",.,"A",.,"A",.,"A",.,"A",.,"A",120,"D",.,"A",.,"A"
"20102",2290052,64,0,"1",.,"A",.,"A",.,"A",.,"A",.,"A",.,"A",.,"A",.,"A",.,"A",.,"A",.,"A",.,"A",.,"A",.,"A",.,"A"
"20102",2290072,77,0,"1",.,"A",.,"A",1,"D",.,"A",.,"A",150,"D",.,"A",.,"A",15,"D",.,"A",.,"A",.,"A",360,"D",.,"A",.,"A"
"20102",2290193,32,0,"1",.,"A",.,"A",.,"A",.,"A",.,"A",.,"A",.,"A",.,"A",15,"D",.,"A",.,"A",.,"A",.,"A",.,"A",.,"A"
"20102",2290252,56,0,"1",.,"A",.,"A",.,"A",.,"A",.,"A",.,"A",.,"A",.,"A",3,"D",.,"A",.,"A",.,"A",15,"D",.,"A",.,"A"
"20102",2290272,28,0,"1",.,"A",.,"A",.,"A",.,"A",12,"D",.,"A",91,"D",.,"A",.,"A",.,"A",.,"A",.,"A",75,"D",.,"A",.,"A"
"20102",2290372,53,0,"1",.,"A",.,"A",.,"A",.,"A",.,"A",.,"A",416,"D",.,"A",.,"A",.,"A",.,"A",.,"A",.,"A",.,"A",.,"A"
"20102",2290432,36,0,"1",.,"A",.,"A",.,"A",.,"A",.,"A",.,"A",.,"A",.,"A",.,"A",.,"A",.,"A",.,"A",.,"A",.,"A",.,"A"
"20102",2290462,49,0,"1",.,"A",.,"A",.,"A",.,"A",.,"A",.,"A",.,"A",.,"A",45,"D",.,"A",.,"A",.,"A",40,"D",.,"A",.,"A"
"20102",2290514,23,0,"1",.,"A",.,"A",.,"A",.,"A",50,"D",.,"A",.,"A",.,"A",.,"A",120,"D",0,"D",120,"D",.,"A",40,"D",.,"A"
"20102",2290534,28,0,"1",.,"A",.,"A",.,"A",.,"A",.,"A",.,"A",390,"D",.,"A",.,"A",.,"A",.,"A",.,"A",.,"A",.,"A",.,"A"
"20102",2290652,72,0,"1",.,"A",.,"A",.,"A",.,"A",.,"A",.,"A",.,"A",.,"A",.,"A",.,"A",.,"A",.,"A",340,"D",.,"A",.,"A"
"20102",2290682,56,0,"1",.,"A",.,"A",.,"A",.,"A",.,"A",.,"A",.,"A",.,"A",.,"A",.,"A",.,"A",.,"A",20,"D",.,"A",.,"A"
"20102",2290692,74,0,"1",.,"A",.,"A",.,"A",.,"A",.,"A",.,"A",.,"A",.,"A",.,"A",.,"A",.,"A",.,"A",45,"D",.,"A",.,"A"
"20102",2290752,62,0,"1",.,"A",.,"A",.,"A",.,"A",.,"A",36,"D",.,"A",.,"A",.,"A",.,"A",.,"A",.,"A",90,"D",.,"A",.,"A"
"20102",2290782,62,0,"1",.,"A",.,"A",.,"A",.,"A",.,"A",.,"A",.,"A",.,"A",.,"A",.,"A",.,"A",.,"A",160,"D",.,"A",.,"A"
"20102",2290802,65,0,"1",.,"A",.,"A",.,"A",.,"A",.,"A",.,"A",.,"A",.,"A",.,"A",.,"A",.,"A",.,"A",40,"D",.,"A",.,"A"
"20102",2290872,38,0,"1",.,"A",.,"A",.,"A",.,"A",.,"A",15,"D",.,"A",.,"A",210,"D",.,"A",.,"A",.,"A",70,"D",.,"A",.,"A"
"20102",2290892,60,0,"1",.,"A",.,"A",.,"A",.,"A",.,"A",.,"A",1430,"D",.,"A",.,"A",.,"A",.,"A",.,"A",90,"D",.,"A",.,"A"
"20102",2290922,55,0,"1",.,"A",.,"A",.,"A",.,"A",.,"A",.,"A",.,"A",.,"A",.,"A",.,"A",.,"A",.,"A",30,"D",.,"A",.,"A"
"20102",2290982,35,0,"1",.,"A",.,"A",.,"A",.,"A",.,"A",.,"A",65,"D",.,"A",.,"A",.,"A",.,"A",.,"A",.,"A",.,"A",.,"A"
"20102",2290992,53,0,"1",.,"A",.,"A",.,"A",.,"A",.,"A",.,"A",325,"D",.,"A",90,"D",.,"A",.,"A",.,"A",.,"A",.,"A",.,"A"
"20102",2291032,49,0,"1",.,"A",.,"A",.,"A",.,"A",.,"A",.,"A",.,"A",.,"A",.,"A",.,"A",.,"A",.,"A",120,"D",.,"A",.,"A"
"20102",2291042,31,0,"1",40,"D",.,"A",.,"A",65,"D",53,"D",.,"A",.,"A",.,"A",.,"A",210,"D",0,"D",0,"D",.,"A",70,"D",.,"A"
"20102",2291072,33,0,"1",.,"A",.,"A",.,"A",.,"A",20,"D",80,"D",.,"A",.,"A",.,"A",.,"A",.,"A",.,"A",.,"A",.,"A",.,"A"
"20102",2291082,35,0,"1",.,"A",.,"A",.,"A",.,"A",.,"A",.,"A",780,"D",.,"A",.,"A",.,"A",.,"A",.,"A",150,"D",.,"A",.,"A"
"20102",2291124,46,0,"1",.,"A",.,"A",.,"A",.,"A",152,"D",.,"A",.,"A",.,"A",.,"A",.,"A",.,"A",.,"A",150,"D",.,"A",.,"A"
"20102",2291172,44,0,"1",.,"A",.,"A",.,"A",.,"A",.,"A",.,"A",130,"D",65,"D",.,"A",.,"A",.,"A",.,"A",40,"D",.,"A",.,"A"
"20102",2291192,45,0,"1",.,"A",.,"A",.,"A",.,"A",.,"A",50,"D",.,"A",.,"A",.,"A",.,"A",.,"A",.,"A",.,"A",.,"A",.,"A"
"20102",2291202,50,0,"1",.,"A",.,"A",.,"A",.,"A",.,"A",.,"A",.,"A",.,"A",.,"A",.,"A",.,"A",.,"A",.,"A",.,"A",.,"A"
"20102",2291252,47,0,"1",.,"A",.,"A",.,"A",.,"A",160,"D",.,"A",.,"A",.,"A",.,"A",.,"A",.,"A",.,"A",60,"D",.,"A",.,"A"
"20102",2291292,72,0,"1",.,"A",.,"A",.,"A",.,"A",.,"A",.,"A",.,"A",.,"A",.,"A",.,"A",.,"A",.,"A",200,"D",.,"A",.,"A"
"20102",2291302,34,0,"1",.,"A",.,"A",.,"A",.,"A",.,"A",.,"A",.,"A",.,"A",.,"A",.,"A",.,"A",.,"A",100,"D",.,"A",.,"A"
"20102",2291364,36,0,"1",.,"A",.,"A",.,"A",.,"A",.,"A",.,"A",.,"A",.,"A",.,"A",.,"A",.,"A",.,"A",.,"A",.,"A",.,"A"
"20102",2291442,47,0,"1",.,"A",.,"A",.,"A",.,"A",.,"A",.,"A",.,"A",.,"A",.,"A",.,"A",.,"A",.,"A",80,"D",.,"A",.,"A"
"20102",2291453,60,0,"1",.,"A",.,"A",.,"A",60,"D",.,"A",50,"D",.,"A",.,"A",24,"D",0,"D",0,"D",18,"D",120,"D",0,"D",.,"A"
"20102",2291472,31,0,"1",.,"A",.,"A",.,"A",.,"A",.,"A",.,"A",.,"A",.,"A",.,"A",.,"A",.,"A",.,"A",.,"A",.,"A",.,"A"
"20102",2291482,37,0,"1",.,"A",.,"A",.,"A",.,"A",.,"A",.,"A",.,"A",.,"A",.,"A",.,"A",.,"A",.,"A",80,"D",.,"A",.,"A"
"20102",2291492,47,0,"1",.,"A",.,"A",.,"A",.,"A",.,"A",.,"A",.,"A",.,"A",.,"A",.,"A",.,"A",.,"A",100,"D",.,"A",.,"A"
"20102",2291502,52,0,"1",.,"A",.,"A",.,"A",.,"A",60,"D",.,"A",.,"A",.,"A",.,"A",.,"A",.,"A",.,"A",45,"D",.,"A",.,"A"
"20102",2291552,37,0,"1",.,"A",.,"A",.,"A",.,"A",.,"A",.,"A",.,"A",.,"A",.,"A",.,"A",.,"A",.,"A",60,"D",.,"A",.,"A"
"20102",2291642,32,0,"1",.,"A",.,"A",.,"A",.,"A",.,"A",.,"A",.,"A",.,"A",.,"A",.,"A",.,"A",.,"A",.,"A",.,"A",.,"A"
"20102",2291732,80,0,"1",.,"A",.,"A",.,"A",.,"A",.,"A",.,"A",.,"A",.,"A",60,"D",.,"A",.,"A",.,"A",260,"D",.,"A",.,"A"
"20102",2291752,59,0,"1",.,"A",.,"A",.,"A",.,"A",.,"A",.,"A",.,"A",.,"A",.,"A",.,"A",.,"A",.,"A",36,"D",.,"A",.,"A"
"20102",2291762,31,0,"1",.,"A",.,"A",.,"A",.,"A",90,"D",.,"A",.,"A",.,"A",.,"A",120,"D",0,"D",0,"D",150,"D",40,"D",.,"A"
"20102",2291782,48,0,"1",.,"A",.,"A",.,"A",.,"A",.,"A",.,"A",.,"A",.,"A",.,"A",.,"A",.,"A",.,"A",.,"A",.,"A",.,"A"
"20102",2291792,41,0,"1",.,"A",.,"A",.,"A",.,"A",120,"D",.,"A",.,"A",.,"A",.,"A",360,"D",0,"D",0,"D",450,"D",120,"D",.,"A"
"20102",2291802,41,0,"1",.,"A",.,"A",.,"A",.,"A",.,"A",.,"A",.,"A",.,"A",.,"A",.,"A",.,"A",.,"A",166,"D",.,"A",.,"A"
"20102",2291872,61,0,"1",.,"A",.,"A",.,"A",.,"A",.,"A",.,"A",.,"A",.,"A",.,"A",.,"A",.,"A",.,"A",10,"D",.,"A",.,"A"
"20102",2291892,86,0,"1",.,"A",.,"A",.,"A",.,"A",.,"A",.,"A",.,"A",.,"A",.,"A",.,"A",.,"A",.,"A",130,"D",.,"A",.,"A"
"20102",2291992,40,0,"1",40,"D",.,"A",.,"A",20,"F",200,"D",300,"D",.,"A",.,"A",.,"A",0,"D",324,"D",0,"D",300,"D",0,"D",.,"A"
"20102",2292005,53,0,"1",.,"A",.,"A",.,"A",.,"A",.,"A",.,"A",.,"A",.,"A",.,"A",.,"A",.,"A",.,"A",.,"A",.,"A",.,"A"
"20102",2292012,54,0,"1",.,"A",.,"A",.,"A",.,"A",.,"A",.,"A",1950,"D",.,"A",.,"A",.,"A",.,"A",.,"A",120,"D",.,"A",.,"A"
"20102",2292022,61,0,"1",.,"A",.,"A",.,"A",.,"A",.,"A",.,"A",.,"A",.,"A",.,"A",.,"A",.,"A",.,"A",.,"A",.,"A",.,"A"
"20102",2292052,51,0,"1",.,"A",.,"A",.,"A",.,"A",.,"A",.,"A",.,"A",.,"A",.,"A",.,"A",.,"A",.,"A",20,"D",.,"A",.,"A"
"20102",2292082,68,0,"1",.,"A",.,"A",.,"A",.,"A",.,"A",.,"A",.,"A",.,"A",.,"A",.,"A",.,"A",.,"A",.,"A",.,"A",.,"A"
"20102",2292102,44,0,"1",.,"A",.,"A",.,"A",.,"A",.,"A",.,"A",.,"A",.,"A",.,"A",.,"A",.,"A",.,"A",.,"A",.,"A",.,"A"
"20102",2292122,76,0,"1",.,"A",.,"A",.,"A",.,"A",.,"A",.,"A",182,"D",.,"A",.,"A",.,"A",.,"A",.,"A",105,"D",.,"A",.,"A"
"20102",2292152,42,0,"1",.,"A",.,"A",.,"A",.,"A",.,"A",.,"A",325,"D",.,"A",.,"A",.,"A",.,"A",.,"A",30,"D",.,"A",.,"A"
"20102",2292182,36,0,"1",.,"A",.,"A",.,"A",.,"A",.,"A",.,"A",.,"A",.,"A",.,"A",.,"A",.,"A",.,"A",30,"D",.,"A",.,"A"
"20102",2292272,53,0,"1",.,"A",.,"A",.,"A",.,"A",.,"A",480,"D",.,"A",.,"A",69,"D",.,"A",.,"A",.,"A",35,"D",.,"A",.,"A"
"20102",2292302,86,0,"1",.,"A",.,"A",36,"D",.,"A",.,"A",.,"A",.,"A",.,"A",.,"A",.,"A",.,"A",.,"A",300,"D",.,"A",.,"A"
"20102",2292362,36,0,"1",.,"A",.,"A",.,"A",.,"A",.,"A",.,"A",.,"A",.,"A",.,"A",.,"A",.,"A",.,"A",12,"D",.,"A",.,"A"
"20102",2292383,50,0,"1",.,"A",.,"A",.,"A",.,"A",.,"A",.,"A",.,"A",.,"A",.,"A",.,"A",.,"A",.,"A",.,"A",.,"A",.,"A"
"20102",2292402,46,0,"1",.,"A",.,"A",.,"A",.,"A",.,"A",.,"A",.,"A",.,"A",.,"A",.,"A",.,"A",.,"A",40,"D",.,"A",.,"A"
"20102",2292452,23,0,"1",.,"A",.,"A",.,"A",.,"A",.,"A",.,"A",.,"A",325,"D",.,"A",.,"A",.,"A",.,"A",.,"A",.,"A",.,"A"
"20102",2292472,90,0,"1",.,"A",.,"A",.,"A",.,"A",.,"A",60,"D",.,"A",.,"A",.,"A",.,"A",.,"A",.,"A",400,"D",.,"A",.,"A"
"20102",2292502,65,0,"1",.,"A",.,"A",.,"A",.,"A",.,"A",.,"A",650,"D",.,"A",39,"D",.,"A",.,"A",.,"A",36,"D",.,"A",.,"A"
"20102",2292562,30,0,"1",.,"A",.,"A",.,"A",.,"A",96,"D",.,"A",.,"A",.,"A",.,"A",.,"A",.,"A",.,"A",15,"D",.,"A",.,"A"
"20102",2292592,75,0,"1",.,"A",31,"D",.,"A",.,"A",.,"A",0,"D",.,"A",.,"A",.,"A",270,"D",0,"D",0,"D",230,"D",90,"D",240,"F"
"20102",2292642,60,0,"1",.,"A",.,"A",.,"A",.,"A",.,"A",75,"D",.,"A",.,"A",.,"A",0,"D",0,"D",225,"D",400,"D",0,"D",.,"A"
"20102",2292712,87,0,"1",.,"A",.,"A",.,"A",.,"A",.,"A",.,"A",.,"A",.,"A",.,"A",.,"A",.,"A",.,"A",210,"D",.,"A",.,"A"
"20102",2292772,28,0,"1",.,"A",.,"A",.,"A",.,"A",.,"A",.,"A",260,"D",.,"A",.,"A",.,"A",.,"A",.,"A",.,"A",.,"A",.,"A"
"20102",2292792,43,0,"1",.,"A",.,"A",.,"A",25,"D",.,"A",.,"A",195,"F",.,"A",.,"A",.,"A",.,"A",.,"A",87,"D",.,"A",.,"A"
"20102",2292802,109,0,"1",.,"A",.,"A",.,"A",20,"D",.,"A",150,"D",.,"A",.,"A",15,"D",30,"D",0,"D",0,"D",300,"D",10,"D",.,"A"
"20102",2292872,66,0,"1",.,"A",.,"A",.,"A",.,"A",.,"A",.,"A",650,"D",.,"A",15,"D",.,"A",.,"A",.,"A",125,"D",.,"A",.,"A"
"20102",2292892,71,0,"1",.,"A",.,"A",.,"A",.,"A",.,"A",.,"A",.,"A",.,"A",.,"A",.,"A",.,"A",.,"A",300,"D",.,"A",.,"A"
"20102",2292942,43,0,"1",.,"A",.,"A",.,"A",.,"A",.,"A",.,"A",390,"D",.,"A",.,"A",.,"A",.,"A",.,"A",75,"D",.,"A",.,"A"
"20102",2292992,49,0,"1",.,"A",.,"A",.,"A",.,"A",.,"A",.,"A",.,"A",.,"A",.,"A",.,"A",.,"A",.,"A",.,"A",.,"A",.,"A"
"20102",2293002,41,0,"1",.,"A",.,"A",.,"A",.,"A",.,"A",10,"D",130,"D",.,"A",.,"A",.,"A",.,"A",.,"A",30,"D",.,"A",.,"A"
"20102",2293042,43,0,"1",.,"A",.,"A",.,"A",.,"A",.,"A",.,"A",.,"A",.,"A",.,"A",.,"A",.,"A",.,"A",90,"D",.,"A",.,"A"
"20102",2293163,50,0,"1",.,"A",.,"A",.,"A",.,"A",.,"A",.,"A",.,"A",.,"A",.,"A",.,"A",.,"A",.,"A",14,"D",.,"A",.,"A"
"20102",2293175,29,0,"1",.,"A",.,"A",.,"A",.,"A",.,"A",.,"A",910,"D",.,"A",.,"A",.,"A",.,"A",.,"A",60,"D",.,"A",.,"A"
"20102",2293192,41,0,"1",.,"A",.,"A",.,"A",.,"A",.,"A",.,"A",.,"A",.,"A",.,"A",.,"A",.,"A",.,"A",.,"A",.,"A",.,"A"
"20102",2293202,56,0,"1",.,"A",.,"A",.,"A",.,"A",.,"A",.,"A",.,"A",.,"A",.,"A",.,"A",.,"A",.,"A",45,"D",.,"A",.,"A"
"20102",2293222,35,0,"1",.,"A",.,"A",.,"A",.,"A",.,"A",.,"A",1170,"D",.,"A",.,"A",.,"A",.,"A",.,"A",.,"A",.,"A",.,"A"
"20102",2293232,27,0,"1",20,"D",.,"A",.,"A",.,"A",220,"D",.,"A",.,"A",.,"A",.,"A",.,"A",.,"A",.,"A",.,"A",.,"A",.,"A"
"20102",2293302,24,0,"1",20,"D",.,"A",.,"A",25,"D",70,"D",.,"A",.,"A",.,"A",.,"A",540,"D",0,"D",0,"D",90,"D",180,"D",.,"A"
"20102",2293312,52,0,"1",.,"A",.,"A",.,"A",.,"A",.,"A",.,"A",.,"A",.,"A",.,"A",.,"A",.,"A",.,"A",240,"D",.,"A",.,"A"
"20102",2293402,41,0,"1",.,"A",.,"A",.,"A",.,"A",30,"D",.,"A",.,"A",39,"D",.,"A",.,"A",.,"A",.,"A",10,"D",.,"A",.,"A"
"20102",2293453,25,0,"1",.,"A",.,"A",.,"A",.,"A",72,"D",.,"A",.,"A",.,"A",.,"A",30,"D",0,"D",3,"D",60,"D",10,"D",.,"A"
"20102",2293502,50,0,"1",.,"A",.,"A",.,"A",.,"A",.,"A",.,"A",.,"A",.,"A",.,"A",.,"A",.,"A",.,"A",100,"D",.,"A",.,"A"
"20102",2293522,39,0,"1",.,"A",.,"A",.,"A",.,"A",.,"A",.,"A",260,"D",.,"A",90,"D",.,"A",.,"A",.,"A",.,"A",.,"A",.,"A"
"20102",2293532,55,0,"1",.,"A",.,"A",.,"A",.,"A",.,"A",30,"D",.,"A",.,"A",.,"A",.,"A",.,"A",.,"A",.,"A",.,"A",.,"A"
"20102",2293702,45,0,"1",.,"A",.,"A",.,"A",.,"A",48,"D",.,"A",.,"A",.,"A",.,"A",.,"A",.,"A",.,"A",14,"D",.,"A",.,"A"
"20102",2293732,45,0,"1",.,"A",.,"A",.,"A",.,"A",.,"A",.,"A",.,"A",.,"A",.,"A",.,"A",.,"A",.,"A",350,"D",.,"A",.,"A"
"20102",2293742,24,0,"1",.,"A",.,"A",.,"A",.,"A",.,"A",.,"A",260,"D",78,"D",.,"A",.,"A",.,"A",.,"A",.,"A",.,"A",.,"A"
"20102",2293775,35,0,"1",.,"A",.,"A",.,"A",.,"A",240,"D",.,"A",.,"A",.,"A",.,"A",.,"A",.,"A",.,"A",.,"A",.,"A",.,"A"
"20102",2293782,38,0,"1",.,"A",.,"A",.,"A",.,"A",300,"D",.,"A",.,"A",.,"A",.,"A",.,"A",.,"A",.,"A",290,"D",.,"A",.,"A"
"20102",2293832,76,0,"1",.,"A",.,"A",.,"A",.,"A",.,"A",240,"D",.,"A",.,"A",.,"A",330,"D",0,"D",0,"D",150,"D",110,"D",300,"D"
"20102",2293852,41,0,"1",.,"A",.,"A",.,"A",.,"A",.,"A",.,"A",325,"D",.,"A",.,"A",.,"A",.,"A",.,"A",.,"A",.,"A",.,"A"
"20102",2293865,22,0,"1",.,"A",.,"A",.,"A",.,"A",.,"A",.,"A",195,"D",.,"A",.,"A",72,"D",0,"D",0,"D",.,"A",24,"D",.,"A"
"20102",2293872,59,0,"1",.,"A",.,"A",.,"A",.,"A",.,"A",.,"A",.,"A",.,"A",.,"A",.,"A",.,"A",.,"A",45,"D",.,"A",.,"A"
"20102",2293902,37,0,"1",.,"A",.,"A",.,"A",.,"A",.,"A",.,"A",.,"A",.,"A",.,"A",.,"A",.,"A",.,"A",.,"A",.,"A",.,"A"
"20102",2293973,27,0,"1",.,"A",.,"A",.,"A",.,"A",10,"D",.,"A",.,"A",.,"A",.,"A",720,"D",0,"D",3,"D",200,"D",240,"D",.,"A"
"20102",2294032,47,0,"1",.,"A",.,"A",.,"A",.,"A",.,"A",15,"D",.,"A",.,"A",.,"A",.,"A",.,"A",.,"A",75,"D",.,"A",.,"A"
"20102",2294092,63,0,"1",.,"A",.,"A",.,"A",.,"A",60,"D",.,"A",.,"A",.,"A",.,"A",.,"A",.,"A",.,"A",30,"D",.,"A",.,"A"
"20102",2294102,56,0,"1",.,"A",.,"A",.,"A",.,"A",.,"A",.,"A",.,"A",.,"A",.,"A",.,"A",.,"A",.,"A",.,"A",.,"A",.,"A"
"20102",2294172,30,0,"1",.,"A",.,"A",.,"A",.,"A",.,"A",.,"A",.,"A",.,"A",.,"A",150,"D",135,"D",30,"D",.,"A",50,"D",.,"A"
"20102",2294282,42,0,"1",.,"A",.,"A",.,"A",.,"A",.,"A",20,"D",.,"A",.,"A",60,"D",.,"A",.,"A",.,"A",210,"D",.,"A",.,"A"
"20102",2294372,68,0,"1",.,"A",.,"A",.,"A",.,"A",.,"A",.,"A",.,"A",.,"A",.,"A",.,"A",.,"A",.,"A",190,"D",.,"A",.,"A"
"20102",2294393,35,0,"1",.,"A",.,"A",.,"A",10,"D",.,"A",.,"A",.,"A",.,"A",.,"A",.,"A",.,"A",.,"A",.,"A",.,"A",.,"A"
"20102",2294412,44,0,"1",.,"A",.,"A",.,"A",.,"A",.,"A",.,"A",143,"D",.,"A",.,"A",.,"A",.,"A",.,"A",.,"A",.,"A",.,"A"
"20102",2294432,66,0,"1",.,"A",.,"A",.,"A",.,"A",.,"A",.,"A",.,"A",.,"A",.,"A",.,"A",.,"A",.,"A",300,"D",.,"A",.,"A"
"20102",2294452,28,0,"1",.,"A",.,"A",.,"A",.,"A",.,"A",.,"A",.,"A",.,"A",.,"A",.,"A",.,"A",.,"A",.,"A",.,"A",.,"A"
"20102",2294462,68,0,"1",.,"A",.,"A",.,"A",.,"A",.,"A",.,"A",.,"A",.,"A",.,"A",.,"A",.,"A",.,"A",.,"A",.,"A",.,"A"
"20102",2294472,52,0,"1",.,"A",.,"A",.,"A",.,"A",.,"A",.,"A",.,"A",.,"A",.,"A",.,"A",.,"A",.,"A",30,"D",.,"A",.,"A"
"20102",2294562,28,0,"1",.,"A",.,"A",.,"A",480,"D",.,"A",.,"A",.,"A",.,"A",.,"A",900,"D",0,"D",0,"D",45,"D",300,"D",.,"A"
"20102",2294602,45,0,"1",.,"A",.,"A",.,"A",.,"A",.,"A",9,"D",.,"A",.,"A",.,"A",.,"A",.,"A",.,"A",99,"D",.,"A",.,"A"
"20102",2294632,46,0,"1",.,"A",.,"A",.,"A",.,"A",.,"A",.,"A",.,"A",.,"A",69,"D",.,"A",.,"A",.,"A",179,"D",.,"A",.,"A"
"20102",2294662,46,0,"1",.,"A",.,"A",.,"A",.,"A",.,"A",.,"A",78,"D",.,"A",.,"A",.,"A",.,"A",.,"A",.,"A",.,"A",.,"A"
"20102",2294672,32,0,"1",.,"A",.,"A",.,"A",.,"A",.,"A",.,"A",104,"D",13,"D",.,"A",0,"D",0,"D",6,"D",20,"D",0,"D",.,"A"
"20102",2294782,28,0,"1",.,"A",.,"A",.,"A",.,"A",.,"A",.,"A",.,"A",.,"A",.,"A",.,"A",.,"A",.,"A",25,"D",.,"A",.,"A"
"20102",2294802,34,0,"1",.,"A",.,"A",.,"A",.,"A",.,"A",.,"A",.,"A",.,"A",.,"A",105,"D",0,"D",0,"D",.,"A",35,"D",.,"A"
"20102",2294812,50,0,"1",.,"A",.,"A",.,"A",.,"A",.,"A",.,"A",.,"A",.,"A",.,"A",.,"A",.,"A",.,"A",.,"A",.,"A",.,"A"
"20102",2294882,60,0,"1",.,"A",.,"A",.,"A",.,"A",.,"A",.,"A",455,"D",.,"A",.,"A",.,"A",.,"A",.,"A",40,"D",.,"A",.,"A"
"20102",2294972,39,0,"1",.,"A",.,"A",.,"A",.,"A",.,"A",.,"A",.,"A",.,"A",.,"A",.,"A",.,"A",.,"A",.,"A",.,"A",.,"A"
"20102",2294992,33,0,"1",.,"A",.,"A",.,"A",.,"A",.,"A",.,"A",.,"A",.,"A",.,"A",120,"D",30,"D",30,"D",.,"A",40,"D",.,"A"
"20102",2295012,64,0,"1",.,"A",.,"A",.,"A",.,"A",.,"A",.,"A",.,"A",390,"D",.,"A",.,"A",.,"A",.,"A",25,"D",.,"A",.,"A"
"20102",2295032,38,0,"1",.,"A",.,"A",.,"A",.,"A",.,"A",.,"A",.,"A",.,"A",36,"D",.,"A",.,"A",.,"A",100,"D",.,"A",.,"A"
"20102",2295062,70,0,"1",3,"D",.,"A",.,"A",150,"D",0,"D",.,"A",.,"A",.,"A",.,"A",.,"A",.,"A",.,"A",.,"A",.,"A",.,"A"
"20102",2295092,37,0,"1",.,"A",.,"A",.,"A",.,"A",60,"D",.,"A",.,"A",.,"A",.,"A",.,"A",.,"A",.,"A",.,"A",.,"A",.,"A"
"20102",2295132,52,0,"1",.,"A",.,"A",.,"A",.,"A",.,"A",75,"D",.,"A",.,"A",.,"A",.,"A",.,"A",.,"A",100,"D",.,"A",.,"A"
"20102",2295212,39,0,"1",.,"A",.,"A",.,"A",.,"A",.,"A",.,"A",.,"A",.,"A",.,"A",.,"A",.,"A",.,"A",.,"A",.,"A",.,"A"
"20102",2295232,51,0,"1",.,"A",.,"A",.,"A",.,"A",.,"A",.,"A",.,"A",.,"A",.,"A",.,"A",.,"A",.,"A",260,"D",.,"A",.,"A"
"20102",2295292,58,0,"1",.,"A",.,"A",.,"A",.,"A",.,"A",.,"A",.,"A",.,"A",9,"D",.,"A",.,"A",.,"A",70,"D",.,"A",.,"A"
"20102",2295322,49,0,"1",.,"A",.,"A",.,"A",.,"A",.,"A",.,"A",.,"A",.,"A",.,"A",.,"A",.,"A",.,"A",20,"D",.,"A",.,"A"
"20102",2295342,31,0,"1",.,"A",.,"A",.,"A",.,"A",.,"A",.,"A",.,"A",.,"A",.,"A",.,"A",.,"A",.,"A",50,"D",.,"A",.,"A"
"20102",2295362,63,0,"1",.,"A",.,"A",.,"A",.,"A",.,"A",10,"D",.,"A",.,"A",.,"A",.,"A",.,"A",.,"A",90,"D",.,"A",.,"A"
"20102",2295392,45,0,"1",.,"A",.,"A",.,"A",.,"A",.,"A",.,"A",.,"A",.,"A",.,"A",.,"A",.,"A",.,"A",.,"A",.,"A",.,"A"
"20102",2295432,21,0,"1",.,"A",.,"A",.,"A",.,"A",40,"D",.,"A",650,"D",.,"A",.,"A",.,"A",.,"A",.,"A",.,"A",.,"A",.,"A"
"20102",2295462,86,0,"1",.,"A",.,"A",.,"A",.,"A",.,"A",29,"D",.,"A",.,"A",.,"A",.,"A",.,"A",.,"A",40,"D",.,"A",.,"A"
"20102",2295472,54,0,"1",.,"A",.,"A",.,"A",.,"A",.,"A",22,"D",.,"A",.,"A",27,"D",.,"A",.,"A",.,"A",150,"D",.,"A",.,"A"
"20102",2295532,30,0,"1",.,"A",.,"A",.,"A",.,"A",60,"D",.,"A",.,"A",.,"A",.,"A",.,"A",.,"A",.,"A",.,"A",.,"A",.,"A"
"20102",2295562,64,0,"1",.,"A",.,"A",.,"A",.,"A",20,"D",25,"D",.,"A",.,"A",.,"A",.,"A",.,"A",.,"A",250,"D",.,"A",.,"A"
"20102",2295584,51,0,"1",.,"A",.,"A",.,"A",.,"A",125,"D",.,"A",.,"A",.,"A",30,"D",.,"A",.,"A",.,"A",.,"A",.,"A",.,"A"
"20102",2295652,26,0,"1",0,"F",.,"A",.,"A",.,"A",20,"F",.,"A",.,"A",.,"A",.,"A",0,"D",0,"D",24,"D",60,"D",0,"D",.,"A"
"20102",2295665,27,0,"1",.,"A",.,"A",.,"A",.,"A",24,"D",.,"A",.,"A",.,"A",.,"A",.,"A",.,"A",.,"A",80,"D",.,"A",.,"A"
"20102",2295722,24,0,"1",10,"F",.,"A",.,"A",.,"A",60,"F",.,"A",.,"A",.,"A",.,"A",0,"D",0,"D",0,"D",.,"A",0,"D",.,"A"
"20102",2295772,51,0,"1",.,"A",.,"A",.,"A",.,"A",.,"A",.,"A",.,"A",.,"A",15,"D",.,"A",.,"A",.,"A",220,"D",.,"A",.,"A"
"20102",2295782,64,0,"1",.,"A",.,"A",.,"A",.,"A",.,"A",.,"A",910,"D",.,"A",.,"A",240,"D",0,"D",0,"D",186,"D",80,"D",.,"A"
"20102",2295862,50,0,"1",.,"A",.,"A",.,"A",.,"A",.,"A",.,"A",546,"D",.,"A",.,"A",.,"A",.,"A",.,"A",234,"D",.,"A",.,"A"
"20102",2295882,25,0,"1",.,"A",.,"A",.,"A",.,"A",20,"D",.,"A",.,"A",.,"A",.,"A",132,"D",0,"D",0,"D",35,"D",44,"D",.,"A"
"20102",2295942,27,0,"1",.,"A",.,"A",.,"A",.,"A",.,"A",.,"A",195,"D",.,"A",.,"A",.,"A",.,"A",.,"A",.,"A",.,"A",.,"A"
"20102",2295982,42,0,"1",.,"A",.,"A",.,"A",.,"A",.,"A",.,"A",.,"A",.,"A",.,"A",.,"A",.,"A",.,"A",20,"D",.,"A",.,"A"
"20102",2295992,45,0,"1",.,"A",.,"A",.,"A",.,"A",.,"A",.,"A",.,"A",.,"A",.,"A",.,"A",.,"A",.,"A",.,"A",.,"A",.,"A"
"20102",2296024,47,0,"1",.,"A",.,"A",.,"A",10,"D",.,"A",.,"A",325,"D",.,"A",27,"D",.,"A",.,"A",.,"A",5,"D",.,"A",.,"A"
"20102",2296033,41,0,"1",.,"A",.,"A",.,"A",.,"A",.,"A",.,"A",.,"A",.,"A",.,"A",.,"A",.,"A",.,"A",120,"D",.,"A",.,"A"
"20102",2296092,32,0,"1",.,"A",.,"A",.,"A",.,"A",.,"A",.,"A",.,"A",.,"A",.,"A",.,"A",.,"A",.,"A",.,"A",.,"A",.,"A"
"20102",2296164,26,0,"1",.,"A",.,"A",.,"A",.,"A",20,"D",.,"A",.,"A",.,"A",.,"A",81,"D",0,"D",0,"D",.,"A",27,"D",.,"A"
"20102",2296212,60,0,"1",.,"A",.,"A",.,"A",.,"A",.,"A",.,"A",.,"A",.,"A",.,"A",.,"A",.,"A",.,"A",35,"D",.,"A",.,"A"
"20102",2296242,49,0,"1",.,"A",.,"A",.,"A",100,"D",.,"A",.,"A",.,"A",.,"A",.,"A",.,"A",.,"A",.,"A",.,"A",.,"A",.,"A"
"20102",2296252,51,0,"1",.,"A",.,"A",.,"A",.,"A",.,"A",.,"A",.,"A",.,"A",.,"A",.,"A",.,"A",.,"A",45,"D",.,"A",.,"A"
"20102",2296293,55,0,"1",.,"A",.,"A",.,"A",.,"A",.,"A",70,"D",.,"A",.,"A",.,"A",.,"A",.,"A",.,"A",50,"D",.,"A",.,"A"
"20102",2296352,42,0,"1",.,"A",.,"A",.,"A",.,"A",.,"A",.,"A",.,"A",.,"A",60,"D",.,"A",.,"A",.,"A",200,"D",.,"A",.,"A"
"20102",2296384,32,0,"1",.,"A",.,"A",.,"A",.,"A",.,"A",.,"A",.,"A",.,"A",.,"A",0,"D",120,"D",0,"D",.,"A",0,"D",.,"A"
"20102",2296492,55,0,"1",.,"A",.,"A",.,"A",.,"A",.,"A",.,"A",.,"A",.,"A",.,"A",180,"D",0,"D",0,"D",300,"D",60,"D",.,"A"
"20102",2296502,49,0,"1",.,"A",.,"A",.,"A",.,"A",.,"A",.,"A",.,"A",.,"A",.,"A",.,"A",.,"A",.,"A",120,"D",.,"A",.,"A"
"20102",2296522,26,0,"1",.,"A",.,"A",.,"A",.,"A",.,"A",.,"A",.,"A",.,"A",.,"A",.,"A",.,"A",.,"A",.,"A",.,"A",.,"A"
"20102",2296532,35,0,"1",.,"A",.,"A",.,"A",.,"A",.,"A",.,"A",.,"A",.,"A",.,"A",243,"D",0,"D",0,"D",200,"D",81,"D",.,"A"
"20102",2296562,24,0,"1",.,"A",.,"A",.,"A",.,"A",.,"A",.,"A",.,"A",.,"A",.,"A",.,"A",.,"A",.,"A",.,"A",.,"A",.,"A"
"20102",2296572,28,0,"1",.,"A",.,"A",.,"A",.,"A",.,"A",.,"A",.,"A",.,"A",.,"A",.,"A",.,"A",.,"A",.,"A",.,"A",.,"A"
"20102",2296602,34,0,"1",.,"A",.,"A",.,"A",.,"A",.,"A",.,"A",208,"D",.,"A",.,"A",.,"A",.,"A",.,"A",96,"D",.,"A",.,"A"
"20102",2296612,45,0,"1",.,"A",.,"A",.,"A",.,"A",.,"A",.,"A",.,"A",.,"A",.,"A",.,"A",.,"A",.,"A",20,"D",.,"A",.,"A"
"20102",2296633,34,0,"1",.,"A",.,"A",.,"A",.,"A",60,"D",.,"A",.,"A",.,"A",.,"A",.,"A",.,"A",.,"A",20,"D",.,"A",.,"A"
"20102",2296663,51,0,"1",.,"A",.,"A",.,"A",.,"A",.,"A",21,"D",.,"A",.,"A",.,"A",.,"A",.,"A",.,"A",540,"D",.,"A",.,"A"
"20102",2296682,48,0,"1",.,"A",.,"A",.,"A",.,"A",7,"D",.,"A",.,"A",.,"A",.,"A",.,"A",.,"A",.,"A",.,"A",.,"A",.,"A"
"20102",2296702,42,0,"1",.,"A",.,"A",.,"A",.,"A",.,"A",.,"A",.,"A",.,"A",.,"A",.,"A",.,"A",.,"A",.,"A",.,"A",.,"A"
"20102",2296712,24,0,"1",.,"A",.,"A",.,"A",.,"A",28,"D",.,"A",130,"D",.,"A",.,"A",150,"D",0,"D",0,"D",.,"A",50,"D",.,"A"
"20102",2296732,35,0,"1",.,"A",.,"A",.,"A",.,"A",.,"A",.,"A",260,"D",.,"A",30,"D",.,"A",.,"A",.,"A",110,"D",.,"A",.,"A"
"20102",2296782,50,0,"1",.,"A",.,"A",.,"A",.,"A",.,"A",.,"A",.,"A",.,"A",.,"A",.,"A",.,"A",.,"A",40,"D",.,"A",.,"A"
"20102",2296792,31,0,"1",.,"A",.,"A",.,"A",.,"A",240,"D",.,"A",.,"A",.,"A",.,"A",.,"A",.,"A",.,"A",500,"D",.,"A",.,"A"
"20102",2296802,65,0,"1",.,"A",.,"A",.,"A",.,"A",.,"A",.,"A",.,"A",.,"A",.,"A",.,"A",.,"A",.,"A",120,"D",.,"A",.,"A"
"20102",2296822,55,0,"1",.,"A",.,"A",.,"A",.,"A",.,"A",715,"F",.,"A",.,"A",.,"A",.,"A",.,"A",.,"A",110,"F",.,"A",.,"A"
"20102",2296832,71,0,"1",.,"A",.,"A",.,"A",.,"A",.,"A",10,"D",195,"D",.,"A",.,"A",.,"A",.,"A",.,"A",70,"D",.,"A",.,"A"
"20102",2296892,62,0,"1",.,"A",.,"A",.,"A",.,"A",.,"A",75,"D",585,"D",.,"A",.,"A",309,"D",0,"D",0,"D",270,"D",103,"D",.,"A"
"20102",2296913,53,0,"1",.,"A",.,"A",.,"A",.,"A",72,"D",.,"A",13,"D",.,"A",.,"A",.,"A",.,"A",.,"A",110,"D",.,"A",.,"A"
"20102",2296932,40,0,"1",.,"A",.,"A",.,"A",.,"A",.,"A",.,"A",.,"A",.,"A",.,"A",.,"A",.,"A",.,"A",240,"D",.,"A",.,"A"
"20102",2296992,42,0,"1",.,"A",.,"A",.,"A",.,"A",.,"A",.,"A",.,"A",.,"A",.,"A",.,"A",.,"A",.,"A",60,"D",.,"A",.,"A"
"20102",2297112,49,0,"1",.,"A",.,"A",.,"A",40,"D",30,"D",.,"A",.,"A",.,"A",75,"D",135,"D",0,"D",165,"D",30,"D",45,"D",.,"A"
"20102",2297122,58,0,"1",.,"A",.,"A",.,"A",.,"A",.,"A",.,"A",455,"D",.,"A",18,"D",.,"A",.,"A",.,"A",.,"A",.,"A",.,"A"
"20102",2297142,35,0,"1",.,"A",.,"A",.,"A",.,"A",30,"D",.,"A",936,"D",.,"A",.,"A",.,"A",.,"A",.,"A",150,"D",.,"A",.,"A"
"20102",2297152,38,0,"1",.,"A",.,"A",.,"A",.,"A",.,"A",.,"A",.,"A",.,"A",.,"A",.,"A",.,"A",.,"A",.,"A",.,"A",.,"A"
"20102",2297182,55,0,"1",.,"A",.,"A",.,"A",.,"A",.,"A",.,"A",1183,"D",.,"A",.,"A",.,"A",.,"A",.,"A",15,"D",.,"A",.,"A"
"20102",2297264,31,0,"1",.,"A",.,"A",.,"A",.,"A",.,"A",.,"A",.,"A",.,"A",.,"A",.,"A",.,"A",.,"A",.,"A",.,"A",.,"A"
"20102",2297332,26,0,"1",.,"A",.,"A",.,"A",.,"A",60,"D",.,"A",.,"A",.,"A",81,"D",0,"D",240,"D",0,"D",30,"D",0,"D",.,"A"
"20102",2297372,51,0,"1",.,"A",.,"A",.,"A",.,"A",.,"A",.,"A",585,"D",.,"A",.,"A",.,"A",.,"A",.,"A",.,"A",.,"A",.,"A"
"20102",2297462,49,0,"1",.,"A",.,"A",.,"A",.,"A",.,"A",.,"A",104,"D",.,"A",.,"A",.,"A",.,"A",.,"A",.,"A",.,"A",.,"A"
"20102",2297472,57,0,"1",.,"A",.,"A",.,"A",.,"A",.,"A",.,"A",.,"A",.,"A",.,"A",.,"A",.,"A",.,"A",54,"D",.,"A",.,"A"
"20102",2297532,85,0,"1",.,"A",.,"A",.,"A",.,"A",.,"A",200,"D",.,"A",.,"A",45,"D",.,"A",.,"A",.,"A",300,"D",.,"A",.,"A"
"20102",2297542,40,0,"1",.,"A",.,"A",.,"A",.,"A",.,"A",.,"A",.,"A",.,"A",.,"A",.,"A",.,"A",.,"A",.,"A",.,"A",.,"A"
"20102",2297692,78,0,"1",.,"A",.,"A",.,"A",.,"A",.,"A",.,"A",.,"A",.,"A",15,"D",.,"A",.,"A",.,"A",300,"D",.,"A",.,"A"
"20102",2297702,45,0,"1",.,"A",.,"A",.,"A",.,"A",.,"A",.,"A",.,"A",.,"A",.,"A",.,"A",.,"A",.,"A",30,"D",.,"A",.,"A"
"20102",2297764,38,0,"1",.,"A",.,"A",.,"A",.,"A",.,"A",.,"A",.,"A",.,"A",180,"F",.,"A",.,"A",.,"A",150,"D",.,"A",.,"A"
"20102",2297792,64,0,"1",.,"A",.,"A",.,"A",.,"A",.,"A",.,"A",.,"A",.,"A",.,"A",.,"A",.,"A",.,"A",42,"D",.,"A",.,"A"
"20102",2297862,53,0,"1",.,"A",.,"A",.,"A",.,"A",.,"A",.,"A",.,"A",.,"A",.,"A",.,"A",.,"A",.,"A",36,"D",.,"A",.,"A"
"20102",2297882,44,0,"1",.,"A",.,"A",.,"A",.,"A",.,"A",.,"A",.,"A",.,"A",.,"A",.,"A",.,"A",.,"A",.,"A",.,"A",.,"A"
"20102",2297892,34,0,"1",.,"A",.,"A",.,"A",.,"A",.,"A",.,"A",130,"D",.,"A",.,"A",.,"A",.,"A",.,"A",45,"D",.,"A",.,"A"
"20102",2297972,52,0,"1",.,"A",.,"A",.,"A",.,"A",.,"A",.,"A",.,"A",.,"A",.,"A",.,"A",.,"A",.,"A",.,"A",.,"A",.,"A"
"20102",2298052,34,0,"1",.,"A",.,"A",.,"A",.,"A",.,"A",.,"A",.,"A",.,"A",.,"A",.,"A",.,"A",.,"A",.,"A",.,"A",.,"A"
"20102",2298102,29,0,"1",.,"A",.,"A",.,"A",.,"A",40,"D",.,"A",.,"A",.,"A",.,"A",150,"D",0,"D",0,"D",.,"A",50,"D",.,"A"
"20102",2298132,85,0,"1",20,"D",.,"A",.,"A",.,"A",130,"D",.,"A",390,"D",.,"A",.,"A",.,"A",.,"A",.,"A",36,"D",.,"A",.,"A"
"20102",2298172,57,0,"1",.,"A",.,"A",.,"A",.,"A",.,"A",50,"D",.,"A",.,"A",30,"D",.,"A",.,"A",.,"A",150,"D",.,"A",.,"A"
"20102",2298182,62,0,"1",.,"A",.,"A",.,"A",.,"A",.,"A",45,"D",.,"A",.,"A",.,"A",.,"A",.,"A",.,"A",280,"D",.,"A",.,"A"
"20102",2298212,27,0,"1",.,"A",.,"A",.,"A",.,"A",120,"D",.,"A",.,"A",.,"A",.,"A",.,"A",.,"A",.,"A",.,"A",.,"A",.,"A"
"20102",2298252,43,0,"1",.,"A",.,"A",.,"A",.,"A",.,"A",.,"A",.,"A",325,"D",.,"A",.,"A",.,"A",.,"A",.,"A",.,"A",.,"A"
"20102",2298292,38,0,"1",.,"A",.,"A",.,"A",.,"A",.,"A",.,"A",.,"A",.,"A",.,"A",.,"A",.,"A",.,"A",30,"D",.,"A",.,"A"
"20102",2298322,42,0,"1",.,"A",.,"A",.,"A",.,"A",.,"A",.,"A",.,"A",.,"A",.,"A",.,"A",.,"A",.,"A",35,"D",.,"A",.,"A"
"20102",2298342,54,0,"1",.,"A",.,"A",.,"A",.,"A",.,"A",45,"D",.,"A",.,"A",.,"A",.,"A",.,"A",.,"A",290,"D",.,"A",.,"A"
"20102",2298372,45,0,"1",.,"A",.,"A",.,"A",.,"A",.,"A",.,"A",.,"A",.,"A",.,"A",.,"A",.,"A",.,"A",.,"A",.,"A",.,"A"
"20102",2298392,48,0,"1",.,"A",.,"A",.,"A",.,"A",.,"A",.,"A",.,"A",.,"A",.,"A",.,"A",.,"A",.,"A",.,"A",.,"A",.,"A"
"20102",2298415,28,0,"1",.,"A",.,"A",.,"A",.,"A",.,"A",.,"A",520,"D",.,"A",.,"A",.,"A",.,"A",.,"A",.,"A",.,"A",.,"A"
"20102",2298432,71,0,"1",.,"A",.,"A",.,"A",.,"A",.,"A",.,"A",.,"A",.,"A",.,"A",.,"A",.,"A",.,"A",250,"D",.,"A",.,"A"
"20102",2298452,31,0,"1",.,"A",.,"A",.,"A",9,"D",84,"D",.,"A",.,"A",.,"A",.,"A",.,"A",.,"A",.,"A",30,"D",.,"A",.,"A"
"20102",2298462,66,0,"1",.,"A",.,"A",.,"A",.,"A",100,"D",40,"D",.,"A",.,"A",.,"A",.,"A",.,"A",.,"A",600,"D",.,"A",.,"A"
"20102",2298512,61,0,"1",.,"A",.,"A",28,"D",.,"A",.,"A",.,"A",.,"A",.,"A",.,"A",.,"A",.,"A",.,"A",195,"D",.,"A",.,"A"
"20102",2298522,71,0,"1",.,"A",.,"A",.,"A",.,"A",.,"A",.,"A",.,"A",.,"A",.,"A",.,"A",.,"A",.,"A",130,"D",.,"A",.,"A"
"20102",2298572,58,0,"1",.,"A",.,"A",.,"A",.,"A",.,"A",20,"D",.,"A",.,"A",.,"A",.,"A",.,"A",.,"A",.,"A",.,"A",.,"A"
"20102",2298622,54,0,"1",.,"A",.,"A",.,"A",.,"A",.,"A",.,"A",.,"A",.,"A",.,"A",.,"A",.,"A",.,"A",150,"D",.,"A",.,"A"
"20102",2298712,49,0,"1",.,"A",.,"A",.,"A",.,"A",.,"A",75,"F",.,"A",.,"A",.,"A",.,"A",.,"A",.,"A",30,"F",.,"A",.,"A"
"20102",2298722,46,0,"1",.,"A",.,"A",.,"A",.,"A",.,"A",.,"A",390,"D",.,"A",.,"A",.,"A",.,"A",.,"A",.,"A",.,"A",.,"A"
"20102",2298732,36,0,"1",.,"A",.,"A",.,"A",.,"A",.,"A",.,"A",.,"A",.,"A",.,"A",.,"A",.,"A",.,"A",.,"A",.,"A",.,"A"
"20102",2298752,56,0,"1",.,"A",.,"A",.,"A",.,"A",.,"A",.,"A",1560,"D",.,"A",.,"A",.,"A",.,"A",.,"A",35,"D",.,"A",.,"A"
"20102",2298872,43,0,"1",.,"A",.,"A",.,"A",.,"A",150,"D",.,"A",.,"A",.,"A",15,"D",.,"A",.,"A",.,"A",100,"D",.,"A",.,"A"
"20102",2298962,40,0,"1",.,"A",.,"A",.,"A",.,"A",.,"A",.,"A",.,"A",.,"A",.,"A",.,"A",.,"A",.,"A",.,"A",.,"A",.,"A"
"20102",2299052,32,0,"1",.,"A",.,"A",.,"A",.,"A",30,"D",.,"A",.,"A",.,"A",.,"A",.,"A",.,"A",.,"A",.,"A",.,"A",.,"A"
"20102",2299072,45,0,"1",.,"A",.,"A",.,"A",.,"A",.,"A",.,"A",.,"A",.,"A",.,"A",.,"A",.,"A",.,"A",.,"A",.,"A",.,"A"
"20102",2299092,37,0,"1",.,"A",.,"A",.,"A",.,"A",.,"A",.,"A",.,"A",.,"A",.,"A",.,"A",.,"A",.,"A",25,"D",.,"A",.,"A"
"20102",2299102,61,0,"1",.,"A",.,"A",.,"A",.,"A",.,"A",.,"A",.,"A",.,"A",.,"A",.,"A",.,"A",.,"A",120,"D",.,"A",.,"A"
"20102",2299132,64,0,"1",.,"A",.,"A",.,"A",.,"A",.,"A",35,"D",.,"A",.,"A",.,"A",.,"A",.,"A",.,"A",180,"D",.,"A",.,"A"
"20102",2299202,40,0,"1",.,"A",.,"A",.,"A",.,"A",.,"A",.,"A",.,"A",.,"A",.,"A",.,"A",.,"A",.,"A",90,"D",.,"A",.,"A"
"20102",2299252,53,0,"1",.,"A",.,"A",.,"A",.,"A",.,"A",.,"A",.,"A",.,"A",.,"A",.,"A",.,"A",.,"A",.,"A",.,"A",.,"A"
"20102",2299314,59,0,"1",.,"A",.,"A",.,"A",.,"A",.,"A",.,"A",364,"D",.,"A",.,"A",.,"A",.,"A",.,"A",.,"A",.,"A",.,"A"
"20102",2299342,63,0,"1",.,"A",.,"A",.,"A",.,"A",.,"A",.,"A",130,"D",273,"D",.,"A",.,"A",.,"A",.,"A",.,"A",.,"A",.,"A"
"20102",2299372,69,0,"1",.,"A",.,"A",.,"A",.,"A",.,"A",.,"A",520,"D",.,"A",.,"A",.,"A",.,"A",.,"A",50,"D",.,"A",.,"A"
"20102",2299412,48,0,"1",45,"D",.,"A",.,"A",.,"A",150,"D",.,"A",.,"A",.,"A",15,"D",.,"A",.,"A",.,"A",135,"D",.,"A",.,"A"
"20102",2299422,57,0,"1",.,"A",.,"A",.,"A",.,"A",.,"A",25,"D",.,"A",.,"A",.,"A",.,"A",.,"A",.,"A",260,"D",.,"A",.,"A"
"20102",2299442,44,0,"1",.,"A",.,"A",.,"A",.,"A",.,"A",.,"A",.,"A",.,"A",.,"A",.,"A",.,"A",.,"A",.,"A",.,"A",.,"A"
"20102",2299462,52,0,"1",.,"A",.,"A",80,"D",.,"A",.,"A",.,"A",.,"A",.,"A",.,"A",.,"A",.,"A",.,"A",.,"A",.,"A",.,"A"
"20102",2299512,20,0,"1",.,"A",.,"A",.,"A",.,"A",.,"A",.,"A",.,"A",.,"A",.,"A",.,"A",.,"A",.,"A",.,"A",.,"A",.,"A"
"20102",2299592,60,0,"1",.,"A",.,"A",.,"A",.,"A",.,"A",.,"A",.,"A",.,"A",.,"A",.,"A",.,"A",.,"A",10,"D",.,"A",.,"A"
"20102",2299672,28,0,"1",.,"A",.,"A",.,"A",.,"A",.,"A",.,"A",65,"D",.,"A",105,"D",.,"A",.,"A",.,"A",75,"D",.,"A",.,"A"
"20102",2299762,28,0,"1",.,"A",.,"A",.,"A",.,"A",.,"A",.,"A",.,"A",.,"A",.,"A",.,"A",.,"A",.,"A",.,"A",.,"A",.,"A"
"20102",2299792,37,0,"1",.,"A",.,"A",.,"A",.,"A",30,"D",.,"A",.,"A",.,"A",.,"A",.,"A",.,"A",.,"A",.,"A",.,"A",.,"A"
"20102",2299802,53,0,"1",.,"A",.,"A",.,"A",.,"A",.,"A",60,"D",.,"A",.,"A",.,"A",.,"A",.,"A",.,"A",900,"D",.,"A",.,"A"
"20102",2299852,61,0,"1",.,"A",.,"A",.,"A",.,"A",.,"A",.,"A",.,"A",.,"A",.,"A",.,"A",.,"A",.,"A",25,"D",.,"A",.,"A"
"20102",2299862,56,0,"1",.,"A",.,"A",.,"A",.,"A",.,"A",90,"D",.,"A",.,"A",.,"A",.,"A",.,"A",.,"A",450,"D",.,"A",.,"A"
"20102",2299902,59,0,"1",.,"A",.,"A",.,"A",.,"A",.,"A",.,"A",.,"A",.,"A",.,"A",.,"A",.,"A",.,"A",30,"D",.,"A",.,"A"
"20102",2300072,49,0,"1",.,"A",.,"A",.,"A",.,"A",.,"A",.,"A",390,"D",.,"A",30,"F",.,"A",.,"A",.,"A",60,"D",.,"A",.,"A"
"20102",2300082,50,0,"1",.,"A",.,"A",.,"A",.,"A",240,"D",.,"A",.,"A",.,"A",.,"A",.,"A",.,"A",.,"A",35,"D",.,"A",.,"A"
"20102",2300102,42,0,"1",.,"A",.,"A",.,"A",.,"A",.,"A",.,"A",650,"D",.,"A",.,"A",.,"A",.,"A",.,"A",.,"A",.,"A",.,"A"
"20102",2300142,69,0,"1",.,"A",.,"A",.,"A",.,"A",.,"A",.,"A",.,"A",.,"A",.,"A",.,"A",.,"A",.,"A",110,"D",.,"A",.,"A"
"20102",2300172,25,0,"1",10,"F",.,"A",.,"A",.,"A",80,"F",.,"A",.,"A",.,"A",.,"A",.,"A",.,"A",.,"A",300,"D",.,"A",.,"A"
"20102",2300212,39,0,"1",60,"D",.,"A",.,"A",.,"A",60,"D",.,"A",.,"A",.,"A",3,"F",.,"A",.,"A",.,"A",.,"A",.,"A",.,"A"
"20102",2300224,39,0,"1",.,"A",.,"A",.,"A",.,"A",2,"D",.,"A",.,"A",.,"A",.,"A",.,"A",.,"A",.,"A",15,"D",.,"A",.,"A"
"20102",2300302,59,0,"1",.,"A",.,"A",.,"A",.,"A",.,"A",.,"A",.,"A",.,"A",.,"A",0,"D",0,"D",6,"D",20,"D",0,"D",.,"A"
"20102",2300312,39,0,"1",.,"A",.,"A",.,"A",.,"A",.,"A",.,"A",.,"A",.,"A",.,"A",.,"A",.,"A",.,"A",240,"D",.,"A",.,"A"
"20102",2300322,64,0,"1",.,"A",.,"A",.,"A",.,"A",.,"A",.,"A",.,"A",.,"A",.,"A",0,"D",0,"D",30,"D",.,"A",0,"D",.,"A"
"20102",2300342,69,0,"1",.,"A",.,"A",.,"A",.,"A",.,"A",15,"D",.,"A",.,"A",.,"A",0,"D",0,"D",90,"D",0,"D",0,"D",.,"A"
"20102",2300382,48,0,"1",.,"A",.,"A",.,"A",.,"A",.,"A",100,"D",.,"A",.,"A",.,"A",.,"A",.,"A",.,"A",490,"D",.,"A",.,"A"
"20102",2300412,54,0,"1",.,"A",35,"D",.,"A",.,"A",.,"A",0,"D",.,"A",.,"A",15,"D",.,"A",.,"A",.,"A",.,"A",.,"A",.,"A"
"20102",2300442,34,0,"1",.,"A",.,"A",.,"A",.,"A",4,"D",.,"A",.,"A",.,"A",.,"A",.,"A",.,"A",.,"A",.,"A",.,"A",.,"A"
"20102",2300582,32,0,"1",.,"A",.,"A",.,"A",.,"A",.,"A",.,"A",.,"A",.,"A",.,"A",.,"A",.,"A",.,"A",.,"A",.,"A",.,"A"
"20102",2300592,91,0,"1",.,"A",.,"A",.,"A",.,"A",.,"A",.,"A",.,"A",.,"A",.,"A",.,"A",.,"A",.,"A",30,"D",.,"A",.,"A"
"20102",2300602,41,0,"1",.,"A",.,"A",.,"A",.,"A",.,"A",.,"A",.,"A",.,"A",.,"A",150,"D",0,"D",0,"D",30,"D",50,"D",.,"A"
"20102",2300612,64,0,"1",.,"A",.,"A",.,"A",.,"A",.,"A",.,"A",390,"D",.,"A",.,"A",.,"A",.,"A",.,"A",.,"A",.,"A",.,"A"
"20102",2300622,72,0,"1",.,"A",.,"A",.,"A",.,"A",.,"A",.,"A",.,"A",65,"D",.,"A",0,"D",0,"D",3,"D",30,"D",0,"D",.,"A"
"20102",2300632,33,0,"1",.,"A",.,"A",.,"A",.,"A",.,"A",.,"A",.,"A",.,"A",.,"A",.,"A",.,"A",.,"A",250,"D",.,"A",.,"A"
"20102",2300665,25,0,"1",.,"A",.,"A",.,"A",.,"A",.,"A",.,"A",.,"A",.,"A",.,"A",.,"A",.,"A",.,"A",.,"A",.,"A",.,"A"
"20102",2300682,61,0,"1",.,"A",.,"A",.,"A",.,"A",.,"A",16,"D",.,"A",.,"A",.,"A",.,"A",.,"A",.,"A",180,"D",.,"A",.,"A"
"20102",2300692,20,0,"1",.,"A",.,"A",.,"A",.,"A",.,"A",.,"A",.,"A",.,"A",.,"A",510,"D",0,"D",0,"D",.,"A",170,"D",.,"A"
"20102",2300722,30,0,"1",0,"F",.,"A",.,"A",.,"A",60,"F",.,"A",.,"A",.,"A",.,"A",.,"A",.,"A",.,"A",.,"A",.,"A",.,"A"
"20102",2300762,56,0,"1",.,"A",.,"A",.,"A",.,"A",.,"A",.,"A",.,"A",.,"A",.,"A",.,"A",.,"A",.,"A",.,"A",.,"A",.,"A"
"20102",2300772,48,0,"1",.,"A",.,"A",.,"A",.,"A",.,"A",.,"A",.,"A",195,"D",.,"A",.,"A",.,"A",.,"A",80,"D",.,"A",.,"A"
"20102",2300834,32,0,"1",.,"A",.,"A",.,"A",.,"A",.,"A",.,"A",.,"A",.,"A",63,"D",570,"D",0,"D",0,"D",100,"D",190,"D",.,"A"
"20102",2300942,50,0,"1",.,"A",.,"A",.,"A",.,"A",.,"A",.,"A",.,"A",.,"A",.,"A",.,"A",.,"A",.,"A",90,"D",.,"A",.,"A"
"20102",2300952,65,0,"1",.,"A",.,"A",.,"A",.,"A",.,"A",.,"A",.,"A",.,"A",39,"D",.,"A",.,"A",.,"A",.,"A",.,"A",.,"A"
"20102",2300992,78,0,"1",.,"A",.,"A",.,"A",.,"A",80,"D",40,"D",.,"A",.,"A",60,"D",.,"A",.,"A",.,"A",160,"D",.,"A",.,"A"
"20102",2301072,24,0,"1",.,"A",.,"A",.,"A",.,"A",46,"D",.,"A",.,"A",.,"A",.,"A",0,"D",0,"D",0,"D",.,"A",0,"D",.,"A"
"20102",2301112,67,0,"1",.,"A",.,"A",.,"A",.,"A",.,"A",36,"F",.,"A",.,"A",.,"A",.,"A",.,"A",.,"A",70,"D",.,"A",.,"A"
"20102",2301272,30,0,"1",.,"A",.,"A",.,"A",.,"A",.,"A",.,"A",.,"A",.,"A",.,"A",.,"A",.,"A",.,"A",12,"D",.,"A",.,"A"
"20102",2301332,32,0,"1",.,"A",.,"A",.,"A",.,"A",.,"A",.,"A",.,"A",.,"A",.,"A",.,"A",.,"A",.,"A",10,"D",.,"A",.,"A"
"20102",2301362,47,0,"1",.,"A",.,"A",.,"A",.,"A",.,"A",.,"A",.,"A",.,"A",.,"A",.,"A",.,"A",.,"A",.,"A",.,"A",.,"A"
"20102",2301402,43,0,"1",40,"D",.,"A",.,"A",.,"A",160,"D",.,"A",.,"A",.,"A",.,"A",.,"A",.,"A",.,"A",75,"D",.,"A",.,"A"
"20102",2301582,51,0,"1",.,"A",.,"A",.,"A",.,"A",.,"A",.,"A",.,"A",.,"A",.,"A",.,"A",.,"A",.,"A",200,"D",.,"A",.,"A"
"20102",2301612,46,0,"1",.,"A",.,"A",.,"A",.,"A",.,"A",96,"D",.,"A",.,"A",.,"A",.,"A",.,"A",.,"A",.,"A",.,"A",.,"A"
"20102",2301662,29,0,"1",.,"A",.,"A",.,"A",.,"A",.,"A",80,"D",.,"A",.,"A",.,"A",270,"D",0,"D",0,"D",60,"D",90,"D",.,"A"
"20102",2301692,26,0,"1",.,"A",.,"A",.,"A",.,"A",30,"D",.,"A",.,"A",.,"A",.,"A",0,"D",0,"D",60,"D",25,"D",0,"D",.,"A"
"20102",2301732,59,0,"1",.,"A",.,"A",12,"D",.,"A",.,"A",.,"A",260,"D",.,"A",.,"A",.,"A",.,"A",.,"A",.,"A",.,"A",.,"A"
"20102",2301772,56,0,"1",.,"A",.,"A",.,"A",.,"A",.,"A",60,"D",.,"A",13,"D",30,"D",.,"A",.,"A",.,"A",80,"D",.,"A",.,"A"
"20102",2301782,44,0,"1",.,"A",.,"A",.,"A",.,"A",.,"A",.,"A",351,"D",.,"A",.,"A",.,"A",.,"A",.,"A",.,"A",.,"A",.,"A"
"20102",2301822,28,0,"1",.,"A",.,"A",.,"A",.,"A",.,"A",.,"A",.,"A",.,"A",.,"A",.,"A",.,"A",.,"A",.,"A",.,"A",.,"A"
"20102",2301852,78,0,"1",.,"A",.,"A",.,"A",.,"A",.,"A",35,"D",.,"A",.,"A",.,"A",.,"A",.,"A",.,"A",50,"D",.,"A",.,"A"
"20102",2301862,49,0,"1",.,"A",.,"A",.,"A",.,"A",.,"A",.,"A",.,"A",.,"A",.,"A",.,"A",.,"A",.,"A",20,"D",.,"A",.,"A"
"20102",2301872,30,0,"1",.,"A",.,"A",.,"A",.,"A",85,"D",.,"A",.,"A",.,"A",.,"A",.,"A",.,"A",.,"A",15,"D",.,"A",.,"A"
"20102",2301892,45,0,"1",.,"A",.,"A",.,"A",.,"A",12,"D",.,"A",.,"A",.,"A",.,"A",.,"A",.,"A",.,"A",120,"D",.,"A",.,"A"
"20102",2301982,79,0,"1",.,"A",.,"A",.,"A",.,"A",.,"A",.,"A",.,"A",.,"A",.,"A",.,"A",.,"A",.,"A",90,"D",.,"A",.,"A"
"20102",2302092,36,0,"1",.,"A",.,"A",.,"A",.,"A",96,"D",200,"D",52,"D",65,"D",9,"F",.,"A",.,"A",.,"A",140,"D",.,"A",.,"A"
"20102",2302172,47,0,"1",.,"A",.,"A",.,"A",.,"A",.,"A",.,"A",.,"A",.,"A",.,"A",.,"A",.,"A",.,"A",.,"A",.,"A",.,"A"
"20102",2302192,40,0,"1",.,"A",.,"A",.,"A",.,"A",.,"A",.,"A",546,"D",.,"A",.,"A",.,"A",.,"A",.,"A",12,"D",.,"A",.,"A"
"20102",2302242,56,0,"1",.,"A",.,"A",.,"A",.,"A",300,"D",.,"A",429,"D",.,"A",.,"A",.,"A",.,"A",.,"A",.,"A",.,"A",.,"A"
"20102",2302272,42,0,"1",.,"A",.,"A",.,"A",.,"A",.,"A",.,"A",169,"F",.,"A",.,"A",.,"A",.,"A",.,"A",.,"A",.,"A",.,"A"
"20102",2302292,27,0,"1",.,"A",.,"A",.,"A",.,"A",.,"A",.,"A",.,"A",.,"A",.,"A",.,"A",.,"A",.,"A",.,"A",.,"A",.,"A"
"20102",2302302,37,0,"1",.,"A",.,"A",.,"A",.,"A",60,"D",.,"A",221,"D",.,"A",.,"A",.,"A",.,"A",.,"A",20,"D",.,"A",.,"A"
"20102",2302312,46,0,"1",.,"A",.,"A",.,"A",.,"A",.,"A",.,"A",.,"A",.,"A",.,"A",.,"A",.,"A",.,"A",300,"D",.,"A",.,"A"
"20102",2302332,77,0,"1",9,"D",18,"D",25,"D",.,"A",36,"D",22,"D",.,"A",.,"A",78,"F",.,"A",.,"A",.,"A",250,"D",.,"A",.,"A"
"20102",2302392,81,0,"1",.,"A",.,"A",.,"A",.,"A",.,"A",.,"A",.,"A",.,"A",.,"A",.,"A",.,"A",.,"A",.,"A",.,"A",.,"A"
"20102",2302422,23,0,"1",.,"A",.,"A",.,"A",.,"A",.,"A",.,"A",.,"A",.,"A",.,"A",.,"A",.,"A",.,"A",.,"A",.,"A",.,"A"
"20102",2302482,50,0,"1",.,"A",.,"A",.,"A",1,"D",.,"A",.,"A",.,"A",.,"A",.,"A",.,"A",.,"A",.,"A",12,"D",.,"A",.,"A"
"20102",2302522,35,0,"1",.,"A",.,"A",.,"A",.,"A",.,"A",.,"A",.,"A",.,"A",.,"A",.,"A",.,"A",.,"A",.,"A",.,"A",.,"A"
"20102",2302554,26,0,"1",.,"A",.,"A",.,"A",480,"F",10,"F",.,"A",.,"A",.,"A",.,"A",255,"D",0,"D",0,"D",.,"A",85,"D",.,"A"
"20102",2302583,21,0,"1",.,"A",.,"A",.,"A",.,"A",.,"A",.,"A",.,"A",.,"A",.,"A",120,"D",120,"D",0,"D",.,"A",40,"D",.,"A"
"20102",2302605,29,0,"1",.,"A",.,"A",.,"A",.,"A",.,"A",.,"A",.,"A",.,"A",.,"A",.,"A",.,"A",.,"A",15,"D",.,"A",.,"A"
"20102",2302632,57,0,"1",.,"A",.,"A",.,"A",.,"A",.,"A",440,"D",.,"A",.,"A",.,"A",.,"A",.,"A",.,"A",600,"D",.,"A",.,"A"
"20102",2302672,33,0,"1",.,"A",.,"A",.,"A",.,"A",.,"A",30,"D",.,"A",.,"A",.,"A",.,"A",.,"A",.,"A",60,"D",.,"A",.,"A"
"20102",2302682,64,0,"1",4,"D",.,"A",.,"A",.,"A",136,"D",.,"A",.,"A",.,"A",9,"D",.,"A",.,"A",.,"A",18,"D",.,"A",.,"A"
"20102",2302722,56,0,"1",.,"A",.,"A",.,"A",.,"A",.,"A",.,"A",.,"A",.,"A",.,"A",.,"A",.,"A",.,"A",.,"A",.,"A",.,"A"
"20102",2302772,43,0,"1",.,"A",.,"A",.,"A",.,"A",.,"A",.,"A",416,"D",.,"A",.,"A",.,"A",.,"A",.,"A",35,"D",.,"A",.,"A"
"20102",2302784,25,0,"1",.,"A",.,"A",.,"A",.,"A",.,"A",.,"A",.,"A",.,"A",.,"A",.,"A",.,"A",.,"A",.,"A",.,"A",.,"A"
"20102",2302792,28,0,"1",.,"A",.,"A",.,"A",.,"A",.,"A",.,"A",130,"D",.,"A",.,"A",.,"A",.,"A",.,"A",25,"D",.,"A",.,"A"
"20102",2302812,68,0,"1",.,"A",.,"A",.,"A",.,"A",.,"A",.,"A",.,"A",.,"A",.,"A",.,"A",.,"A",.,"A",.,"A",.,"A",.,"A"
"20102",2302822,34,0,"1",.,"A",.,"A",.,"A",.,"A",90,"D",.,"A",390,"D",.,"A",.,"A",.,"A",.,"A",.,"A",.,"A",.,"A",.,"A"
"20102",2302832,27,0,"1",.,"A",.,"A",.,"A",.,"A",.,"A",.,"A",130,"F",.,"A",.,"A",.,"A",.,"A",.,"A",.,"A",.,"A",.,"A"
"20102",2302892,67,0,"1",.,"A",.,"A",.,"A",.,"A",.,"A",.,"A",.,"A",.,"A",.,"A",.,"A",.,"A",.,"A",23,"D",.,"A",.,"A"
"20102",2302922,32,0,"1",.,"A",.,"A",.,"A",.,"A",.,"A",.,"A",260,"D",.,"A",.,"A",.,"A",.,"A",.,"A",.,"A",.,"A",.,"A"
"20102",2302932,50,0,"1",.,"A",.,"A",.,"A",.,"A",.,"A",.,"A",520,"D",.,"A",.,"A",.,"A",.,"A",.,"A",.,"A",.,"A",.,"A"
"20102",2303042,40,0,"1",.,"A",.,"A",.,"A",.,"A",45,"D",.,"A",.,"A",.,"A",.,"A",.,"A",.,"A",.,"A",.,"A",.,"A",.,"A"
"20102",2303102,44,0,"1",.,"A",.,"A",.,"A",.,"A",.,"A",.,"A",.,"A",.,"A",.,"A",.,"A",.,"A",.,"A",25,"D",.,"A",.,"A"
"20102",2303142,34,0,"1",.,"A",.,"A",.,"A",.,"A",.,"A",.,"A",.,"A",.,"A",.,"A",.,"A",.,"A",.,"A",30,"D",.,"A",.,"A"
"20102",2303262,23,0,"1",.,"A",.,"A",.,"A",.,"A",120,"D",.,"A",.,"A",.,"A",.,"A",.,"A",.,"A",.,"A",.,"A",.,"A",.,"A"
"20102",2303274,31,0,"1",.,"A",.,"A",.,"A",.,"A",.,"A",.,"A",.,"A",.,"A",.,"A",.,"A",.,"A",.,"A",.,"A",.,"A",.,"A"
"20102",2303313,30,0,"1",.,"A",.,"A",.,"A",.,"A",.,"A",.,"A",.,"A",.,"A",.,"A",.,"A",.,"A",.,"A",15,"D",.,"A",.,"A"
"20102",2303322,42,0,"1",.,"A",.,"A",.,"A",.,"A",.,"A",.,"A",.,"A",.,"A",.,"A",.,"A",.,"A",.,"A",100,"D",.,"A",.,"A"
"20102",2303422,50,0,"1",.,"A",.,"A",.,"A",.,"A",.,"A",.,"A",.,"A",.,"A",.,"A",.,"A",.,"A",.,"A",125,"D",.,"A",.,"A"
"20102",2303432,67,0,"1",.,"A",.,"A",.,"A",.,"A",.,"A",.,"A",.,"A",.,"A",.,"A",.,"A",.,"A",.,"A",80,"D",.,"A",.,"A"
"20102",2303452,40,0,"1",.,"A",.,"A",.,"A",.,"A",.,"A",.,"A",.,"A",.,"A",.,"A",.,"A",.,"A",.,"A",25,"D",.,"A",.,"A"
"20102",2303513,41,0,"1",.,"A",.,"A",.,"A",.,"A",.,"A",.,"A",.,"A",.,"A",.,"A",.,"A",.,"A",.,"A",.,"A",.,"A",.,"A"
"20102",2303632,44,0,"1",.,"A",.,"A",.,"A",.,"A",.,"A",.,"A",.,"A",.,"A",.,"A",.,"A",.,"A",.,"A",.,"A",.,"A",.,"A"
"20102",2303724,37,0,"1",.,"A",.,"A",.,"A",.,"A",.,"A",.,"A",.,"A",.,"A",.,"A",.,"A",.,"A",.,"A",115,"D",.,"A",.,"A"
"20102",2303742,40,0,"1",.,"A",.,"A",.,"A",.,"A",.,"A",.,"A",.,"A",.,"A",.,"A",.,"A",.,"A",.,"A",40,"D",.,"A",.,"A"
"20102",2303802,57,0,"1",.,"A",.,"A",.,"A",.,"A",.,"A",.,"A",390,"D",.,"A",.,"A",.,"A",.,"A",.,"A",.,"A",.,"A",.,"A"
"20102",2303832,35,0,"1",.,"A",.,"A",.,"A",.,"A",.,"A",.,"A",.,"A",.,"A",.,"A",.,"A",.,"A",.,"A",.,"A",.,"A",.,"A"
"20102",2303952,73,0,"1",.,"A",.,"A",.,"A",.,"A",.,"A",3,"D",.,"A",.,"A",.,"A",.,"A",.,"A",.,"A",80,"D",.,"A",.,"A"
"20102",2303992,65,0,"1",.,"A",.,"A",.,"A",40,"D",.,"A",75,"D",.,"A",.,"A",.,"A",.,"A",.,"A",.,"A",200,"D",.,"A",.,"A"
"20102",2304012,64,0,"1",.,"A",.,"A",.,"A",.,"A",.,"A",50,"D",.,"A",.,"A",30,"D",.,"A",.,"A",.,"A",400,"D",.,"A",.,"A"
"20102",2304145,38,0,"1",.,"A",.,"A",.,"A",.,"A",.,"A",.,"A",.,"A",.,"A",.,"A",.,"A",.,"A",.,"A",65,"D",.,"A",.,"A"
"20102",2304152,28,0,"1",.,"A",.,"A",.,"A",.,"A",.,"A",.,"A",78,"D",.,"A",.,"A",.,"A",.,"A",.,"A",.,"A",.,"A",.,"A"
"20102",2304162,55,0,"1",.,"A",.,"A",.,"A",.,"A",.,"A",.,"A",.,"A",.,"A",.,"A",.,"A",.,"A",.,"A",.,"A",.,"A",.,"A"
"20102",2304203,23,0,"1",.,"A",.,"A",.,"A",.,"A",.,"A",.,"A",.,"A",.,"A",.,"A",.,"A",.,"A",.,"A",.,"A",.,"A",.,"A"
"20102",2304222,47,0,"1",.,"A",.,"A",.,"A",.,"A",.,"A",.,"A",364,"D",.,"A",.,"A",.,"A",.,"A",.,"A",.,"A",.,"A",.,"A"
"20102",2304242,76,0,"1",.,"A",.,"A",.,"A",.,"A",.,"A",.,"A",.,"A",.,"A",.,"A",.,"A",.,"A",.,"A",43,"D",.,"A",.,"A"
"20102",2304262,46,0,"1",.,"A",.,"A",.,"A",.,"A",.,"A",.,"A",.,"A",.,"A",.,"A",.,"A",.,"A",.,"A",.,"A",.,"A",.,"A"
"20102",2304332,35,0,"1",.,"A",.,"A",.,"A",.,"A",.,"A",.,"A",.,"A",.,"A",.,"A",.,"A",.,"A",.,"A",100,"D",.,"A",.,"A"
"20102",2304372,45,0,"1",.,"A",.,"A",.,"A",.,"A",.,"A",.,"A",.,"A",.,"A",.,"A",.,"A",.,"A",.,"A",65,"D",.,"A",.,"A"
"20102",2304402,36,0,"1",.,"A",.,"A",.,"A",.,"A",.,"A",30,"D",.,"A",.,"A",.,"A",.,"A",.,"A",.,"A",80,"D",.,"A",.,"A"
"20102",2304432,42,0,"1",.,"A",.,"A",.,"A",.,"A",.,"A",360,"D",.,"A",.,"A",.,"A",.,"A",.,"A",.,"A",100,"D",.,"A",.,"A"
"20102",2304442,34,0,"1",.,"A",.,"A",.,"A",.,"A",.,"A",.,"A",.,"A",.,"A",.,"A",.,"A",.,"A",.,"A",.,"A",.,"A",.,"A"
"20102",2304463,41,0,"1",.,"A",.,"A",.,"A",.,"A",.,"A",.,"A",.,"A",.,"A",.,"A",.,"A",.,"A",.,"A",250,"D",.,"A",.,"A"
"20102",2304732,33,0,"1",.,"A",.,"A",.,"A",.,"A",.,"A",.,"A",.,"A",.,"A",.,"A",.,"A",.,"A",.,"A",.,"A",.,"A",.,"A"
"20102",2304782,64,0,"1",20,"D",.,"A",.,"A",.,"A",0,"D",60,"D",.,"A",.,"A",30,"D",.,"A",.,"A",.,"A",210,"D",.,"A",.,"A"
"20102",2304822,57,0,"1",.,"A",.,"A",.,"A",.,"A",.,"A",.,"A",1300,"D",.,"A",.,"A",.,"A",.,"A",.,"A",100,"D",.,"A",.,"A"
"20102",2304832,63,0,"1",.,"A",.,"A",.,"A",.,"A",.,"A",.,"A",.,"A",.,"A",.,"A",.,"A",.,"A",.,"A",324,"D",.,"A",.,"A"
"20102",2304872,88,0,"1",.,"A",.,"A",.,"A",.,"A",.,"A",.,"A",.,"A",39,"D",.,"A",.,"A",.,"A",.,"A",12,"D",.,"A",.,"A"
"20102",2304912,41,0,"1",.,"A",.,"A",.,"A",.,"A",.,"A",.,"A",.,"A",.,"A",.,"A",.,"A",.,"A",.,"A",150,"D",.,"A",.,"A"
"20102",2304955,44,0,"1",.,"A",.,"A",.,"A",.,"A",.,"A",.,"A",195,"D",.,"A",.,"A",.,"A",.,"A",.,"A",60,"D",.,"A",.,"A"
"20102",2304972,31,0,"1",.,"A",.,"A",.,"A",.,"A",.,"A",.,"A",1170,"D",.,"A",.,"A",.,"A",.,"A",.,"A",.,"A",.,"A",.,"A"
"20102",2304992,47,0,"1",.,"A",.,"A",.,"A",.,"A",.,"A",.,"A",260,"D",.,"A",.,"A",.,"A",.,"A",.,"A",.,"A",.,"A",.,"A"
"20102",2305022,57,0,"1",10,"D",.,"A",.,"A",.,"A",0,"D",.,"A",.,"A",.,"A",.,"A",.,"A",.,"A",.,"A",250,"D",.,"A",.,"A"
"20102",2305035,66,0,"1",.,"A",.,"A",.,"A",.,"A",.,"A",.,"A",.,"A",.,"A",.,"A",.,"A",.,"A",.,"A",350,"D",.,"A",.,"A"
"20102",2305122,40,0,"1",7,"D",.,"A",.,"A",.,"A",8,"D",.,"A",.,"A",.,"A",.,"A",0,"D",0,"D",6,"D",.,"A",0,"D",.,"A"
"20102",2305142,39,0,"1",.,"A",.,"A",.,"A",.,"A",7,"D",.,"A",.,"A",.,"A",.,"A",.,"A",.,"A",.,"A",195,"D",.,"A",.,"A"
"20102",2305152,54,0,"1",.,"A",.,"A",.,"A",.,"A",.,"A",.,"A",.,"A",.,"A",.,"A",15,"D",0,"D",0,"D",127,"D",5,"D",.,"A"
"20102",2305242,45,0,"1",0,"F",.,"A",.,"A",.,"A",60,"F",.,"A",.,"A",91,"D",.,"A",.,"A",.,"A",.,"A",15,"D",.,"A",.,"A"
"20102",2305262,62,0,"1",.,"A",.,"A",.,"A",.,"A",.,"A",15,"D",.,"A",.,"A",.,"A",.,"A",.,"A",.,"A",80,"D",.,"A",.,"A"
"20102",2305302,49,0,"1",.,"A",.,"A",.,"A",.,"A",.,"A",.,"A",.,"A",.,"A",.,"A",798,"D",0,"D",0,"D",.,"A",266,"D",.,"A"
"20102",2305372,83,0,"1",.,"A",.,"A",.,"A",525,"D",.,"A",90,"D",.,"A",.,"A",.,"A",.,"A",.,"A",.,"A",240,"D",.,"A",.,"A"
"20102",2305402,65,0,"1",.,"A",.,"A",.,"A",.,"A",.,"A",.,"A",.,"A",.,"A",.,"A",.,"A",.,"A",.,"A",900,"D",.,"A",.,"A"
"20102",2305532,64,0,"1",.,"A",.,"A",.,"A",.,"A",.,"A",.,"A",.,"A",.,"A",.,"A",.,"A",.,"A",.,"A",35,"D",.,"A",.,"A"
"20102",2305572,45,0,"1",.,"A",.,"A",.,"A",.,"A",.,"A",.,"A",.,"A",.,"A",.,"A",.,"A",.,"A",.,"A",.,"A",.,"A",.,"A"
"20102",2305642,87,0,"1",.,"A",.,"A",.,"A",.,"A",.,"A",20,"D",.,"A",.,"A",.,"A",.,"A",.,"A",.,"A",160,"D",.,"A",.,"A"
"20102",2305652,32,0,"1",.,"A",.,"A",.,"A",40,"D",.,"A",.,"A",.,"A",.,"A",.,"A",.,"A",.,"A",.,"A",.,"A",.,"A",.,"A"
"20102",2305692,55,0,"1",.,"A",.,"A",.,"A",.,"A",.,"A",100,"D",.,"A",.,"A",.,"A",690,"D",0,"D",0,"D",300,"D",230,"D",.,"A"
"20102",2305712,44,0,"1",.,"A",.,"A",.,"A",.,"A",.,"A",.,"A",.,"A",.,"A",.,"A",.,"A",.,"A",.,"A",.,"A",.,"A",.,"A"
"20102",2305732,60,0,"1",.,"A",.,"A",.,"A",.,"A",.,"A",.,"A",.,"A",.,"A",.,"A",.,"A",.,"A",.,"A",.,"A",.,"A",.,"A"
"20102",2305742,37,0,"1",.,"A",.,"A",.,"A",.,"A",.,"A",.,"A",.,"A",.,"A",.,"A",.,"A",.,"A",.,"A",25,"D",.,"A",.,"A"
"20102",2305752,29,0,"1",.,"A",.,"A",.,"A",.,"A",45,"D",.,"A",.,"A",.,"A",.,"A",.,"A",.,"A",.,"A",240,"D",.,"A",.,"A"
"20102",2305852,35,0,"1",.,"A",.,"A",.,"A",.,"A",.,"A",.,"A",.,"A",.,"A",.,"A",.,"A",.,"A",.,"A",.,"A",.,"A",.,"A"
"20102",2305863,23,0,"1",.,"A",.,"A",.,"A",.,"A",.,"A",.,"A",325,"D",.,"A",.,"A",96,"D",0,"D",0,"D",.,"A",32,"D",.,"A"
"20102",2305882,61,0,"1",30,"D",.,"A",.,"A",80,"D",150,"D",.,"A",78,"D",.,"A",.,"A",.,"A",.,"A",.,"A",50,"D",.,"A",.,"A"
"20102",2305912,38,0,"1",.,"A",.,"A",.,"A",.,"A",.,"A",.,"A",.,"A",.,"A",.,"A",.,"A",.,"A",.,"A",60,"D",.,"A",.,"A"
"20102",2305972,36,0,"1",.,"A",.,"A",.,"A",.,"A",6,"D",.,"A",.,"A",.,"A",.,"A",.,"A",.,"A",.,"A",20,"D",.,"A",.,"A"
"20102",2306112,55,0,"1",.,"A",.,"A",.,"A",.,"A",.,"A",.,"A",.,"A",.,"A",.,"A",.,"A",.,"A",.,"A",.,"A",.,"A",.,"A"
"20102",2306202,51,0,"1",.,"A",.,"A",.,"A",.,"A",.,"A",.,"A",.,"A",.,"A",.,"A",.,"A",.,"A",.,"A",.,"A",.,"A",.,"A"
"20102",2306242,44,0,"1",.,"A",.,"A",.,"A",.,"A",.,"A",.,"A",.,"A",.,"A",33,"D",.,"A",.,"A",.,"A",.,"A",.,"A",.,"A"
"20102",2306272,72,0,"1",.,"A",.,"A",.,"A",.,"A",.,"A",.,"A",.,"A",.,"A",.,"A",.,"A",.,"A",.,"A",90,"D",.,"A",.,"A"
"20102",2306282,42,0,"1",.,"A",.,"A",.,"A",.,"A",.,"A",.,"A",.,"A",.,"A",.,"A",.,"A",.,"A",.,"A",.,"A",.,"A",.,"A"
"20102",2306312,66,0,"1",.,"A",.,"A",.,"A",.,"A",.,"A",40,"D",.,"A",.,"A",30,"D",.,"A",.,"A",.,"A",.,"A",.,"A",.,"A"
"20102",2306382,43,0,"1",.,"A",.,"A",.,"A",.,"A",.,"A",.,"A",234,"D",299,"D",24,"D",.,"A",.,"A",.,"A",.,"A",.,"A",.,"A"
"20102",2306432,49,0,"1",.,"A",.,"A",.,"A",.,"A",.,"A",.,"A",.,"A",.,"A",.,"A",.,"A",.,"A",.,"A",.,"A",.,"A",.,"A"
"20102",2306452,51,0,"1",.,"A",.,"A",.,"A",.,"A",.,"A",.,"A",1560,"D",.,"A",.,"A",.,"A",.,"A",.,"A",50,"D",.,"A",.,"A"
"20102",2306482,35,0,"1",.,"A",.,"A",.,"A",75,"D",110,"D",67,"D",.,"A",.,"A",.,"A",420,"D",0,"D",0,"D",300,"D",140,"D",.,"A"
"20102",2306502,36,0,"1",.,"A",.,"A",.,"A",.,"A",.,"A",.,"A",.,"A",.,"A",.,"A",.,"A",.,"A",.,"A",.,"A",.,"A",.,"A"
"20102",2306512,73,0,"1",.,"A",60,"D",.,"A",.,"A",.,"A",80,"D",.,"A",.,"A",21,"D",.,"A",.,"A",.,"A",20,"D",.,"A",.,"A"
"20102",2306542,49,0,"1",.,"A",.,"A",1,"D",.,"A",.,"A",.,"A",.,"A",.,"A",.,"A",.,"A",.,"A",.,"A",30,"D",.,"A",.,"A"
"20102",2306555,51,0,"1",.,"A",.,"A",.,"A",.,"A",.,"A",.,"A",.,"A",13,"D",.,"A",.,"A",.,"A",.,"A",70,"D",.,"A",.,"A"
"20102",2306632,80,0,"1",.,"A",.,"A",.,"A",.,"A",.,"A",15,"D",.,"A",.,"A",.,"A",21,"D",0,"D",15,"D",335,"D",7,"D",.,"A"
"20102",2306642,22,0,"1",.,"A",.,"A",.,"A",.,"A",60,"D",.,"A",143,"D",.,"A",.,"A",.,"A",.,"A",.,"A",17,"D",.,"A",.,"A"
"20102",2306662,34,0,"1",.,"A",.,"A",.,"A",.,"A",.,"A",.,"A",234,"D",.,"A",.,"A",.,"A",.,"A",.,"A",.,"A",.,"A",.,"A"
"20102",2306692,40,0,"1",.,"A",.,"A",.,"A",.,"A",.,"A",.,"A",.,"A",.,"A",.,"A",.,"A",.,"A",.,"A",.,"A",.,"A",.,"A"
"20102",2306735,45,0,"1",.,"A",.,"A",.,"A",.,"A",.,"A",.,"A",260,"D",.,"A",.,"A",.,"A",.,"A",.,"A",.,"A",.,"A",.,"A"
"20102",2306812,31,0,"1",.,"A",.,"A",.,"A",.,"A",.,"A",160,"D",.,"A",.,"A",.,"A",.,"A",.,"A",.,"A",.,"A",.,"A",.,"A"
"20102",2306845,44,0,"1",.,"A",.,"A",.,"A",.,"A",.,"A",.,"A",.,"A",.,"A",.,"A",.,"A",.,"A",.,"A",.,"A",.,"A",.,"A"
"20102",2306912,24,0,"1",.,"A",.,"A",.,"A",.,"A",.,"A",.,"A",.,"A",.,"A",.,"A",.,"A",.,"A",.,"A",.,"A",.,"A",.,"A"
"20102",2306922,94,0,"1",.,"A",.,"A",.,"A",.,"A",.,"A",.,"A",.,"A",.,"A",.,"A",.,"A",.,"A",.,"A",123,"D",.,"A",.,"A"
"20102",2306932,58,0,"1",.,"A",.,"A",.,"A",.,"A",.,"A",240,"D",.,"A",.,"A",.,"A",.,"A",.,"A",.,"A",330,"D",.,"A",.,"A"
"20102",2306942,26,0,"1",.,"A",.,"A",.,"A",.,"A",.,"A",.,"A",.,"A",.,"A",.,"A",.,"A",.,"A",.,"A",.,"A",.,"A",.,"A"
"20102",2306973,28,0,"1",0,"F",.,"A",.,"A",.,"A",240,"F",.,"A",.,"A",.,"A",.,"A",.,"A",.,"A",.,"A",.,"A",.,"A",.,"A"
"20102",2307022,36,0,"1",.,"A",.,"A",.,"A",.,"A",.,"A",.,"A",.,"A",.,"A",.,"A",.,"A",.,"A",.,"A",.,"A",.,"A",.,"A"
"20102",2307032,41,0,"1",.,"A",.,"A",.,"A",.,"A",.,"A",.,"A",.,"A",.,"A",.,"A",.,"A",.,"A",.,"A",.,"A",.,"A",.,"A"
"20102",2307092,33,0,"1",.,"A",.,"A",.,"A",.,"A",.,"A",50,"D",.,"A",.,"A",.,"A",.,"A",.,"A",.,"A",75,"D",.,"A",.,"A"
"20102",2307162,44,0,"1",.,"A",.,"A",.,"A",.,"A",.,"A",108,"D",.,"A",.,"A",.,"A",.,"A",.,"A",.,"A",450,"D",.,"A",.,"A"
"20102",2307172,53,0,"1",.,"A",.,"A",.,"A",.,"A",.,"A",.,"A",.,"A",.,"A",.,"A",.,"A",.,"A",.,"A",500,"D",.,"A",.,"A"
"20102",2307262,59,0,"1",.,"A",.,"A",.,"A",.,"A",.,"A",.,"A",.,"A",.,"A",.,"A",.,"A",.,"A",.,"A",35,"D",.,"A",.,"A"
"20102",2307312,39,0,"1",.,"A",.,"A",.,"A",.,"A",.,"A",.,"A",.,"A",.,"A",.,"A",0,"D",0,"D",0,"D",75,"D",0,"D",.,"A"
"20102",2307392,47,0,"1",.,"A",.,"A",.,"A",.,"A",.,"A",.,"A",.,"A",.,"A",.,"A",.,"A",.,"A",.,"A",30,"D",.,"A",.,"A"
"20102",2307412,30,0,"1",.,"A",.,"A",.,"A",.,"A",.,"A",.,"A",.,"A",.,"A",.,"A",.,"A",.,"A",.,"A",.,"A",.,"A",.,"A"
"20102",2307472,38,0,"1",.,"A",.,"A",.,"A",.,"A",.,"A",.,"A",.,"A",.,"A",.,"A",.,"A",.,"A",.,"A",.,"A",.,"A",.,"A"
"20102",2307485,52,0,"1",.,"A",.,"A",.,"A",.,"A",.,"A",48,"D",.,"A",325,"D",.,"A",.,"A",.,"A",.,"A",90,"D",.,"A",.,"A"
"20102",2307492,58,0,"1",.,"A",.,"A",.,"A",.,"A",.,"A",.,"A",.,"A",.,"A",.,"A",.,"A",.,"A",.,"A",.,"A",.,"A",.,"A"
"20102",2307542,37,0,"1",.,"A",.,"A",.,"A",.,"A",.,"A",.,"A",.,"A",208,"D",.,"A",.,"A",.,"A",.,"A",50,"D",.,"A",.,"A"
"20102",2307554,31,0,"1",.,"A",.,"A",.,"A",.,"A",.,"A",.,"A",.,"A",.,"A",.,"A",.,"A",.,"A",.,"A",60,"D",.,"A",.,"A"
"20102",2307562,49,0,"1",.,"A",.,"A",.,"A",.,"A",.,"A",.,"A",.,"A",.,"A",.,"A",.,"A",.,"A",.,"A",200,"D",.,"A",.,"A"
"20102",2307573,40,0,"1",.,"A",.,"A",.,"A",.,"A",.,"A",.,"A",416,"D",.,"A",.,"A",.,"A",.,"A",.,"A",.,"A",.,"A",.,"A"
"20102",2307582,63,0,"1",.,"A",.,"A",.,"A",.,"A",.,"A",.,"A",.,"A",.,"A",.,"A",.,"A",.,"A",.,"A",200,"D",.,"A",.,"A"
"20102",2307615,45,0,"1",.,"A",.,"A",.,"A",.,"A",.,"A",.,"A",.,"A",.,"A",36,"D",.,"A",.,"A",.,"A",30,"D",.,"A",.,"A"
"20102",2307654,40,0,"1",.,"A",.,"A",.,"A",.,"A",.,"A",.,"A",.,"A",.,"A",810,"D",.,"A",.,"A",.,"A",.,"A",.,"A",.,"A"
"20102",2307702,36,0,"1",.,"A",.,"A",.,"A",.,"A",.,"A",.,"A",.,"A",.,"A",.,"A",.,"A",.,"A",.,"A",150,"D",.,"A",.,"A"
"20102",2307742,48,0,"1",.,"A",.,"A",.,"A",.,"A",.,"A",.,"A",910,"D",.,"A",.,"A",.,"A",.,"A",.,"A",.,"A",.,"A",.,"A"
"20102",2307765,63,0,"1",.,"A",.,"A",.,"A",.,"A",.,"A",.,"A",65,"D",.,"A",9,"D",.,"A",.,"A",.,"A",.,"A",.,"A",.,"A"
"20102",2307772,53,0,"1",.,"A",.,"A",.,"A",.,"A",.,"A",90,"D",.,"A",.,"A",.,"A",90,"D",0,"D",0,"D",15,"F",30,"D",.,"A"
"20102",2307843,26,0,"1",.,"A",.,"A",.,"A",.,"A",100,"D",.,"A",.,"A",.,"A",.,"A",0,"D",0,"D",150,"D",.,"A",0,"D",.,"A"
"20102",2307902,64,0,"1",.,"A",.,"A",.,"A",.,"A",.,"A",12,"D",.,"A",.,"A",.,"A",.,"A",.,"A",.,"A",100,"D",.,"A",.,"A"
"20102",2307992,24,0,"1",.,"A",.,"A",.,"A",.,"A",.,"A",.,"A",455,"D",.,"A",.,"A",.,"A",.,"A",.,"A",13,"D",.,"A",.,"A"
"20102",2308002,67,0,"1",.,"A",.,"A",.,"A",75,"D",.,"A",.,"A",.,"A",.,"A",.,"A",360,"D",0,"D",0,"D",150,"D",120,"D",.,"A"
"20102",2308022,56,0,"1",.,"A",.,"A",.,"A",.,"A",.,"A",.,"A",.,"A",.,"A",.,"A",.,"A",.,"A",.,"A",.,"A",.,"A",.,"A"
"20103",2168915,37,0,"1",.,"A",.,"A",.,"A",.,"A",.,"A",.,"A",.,"A",.,"A",.,"A",.,"A",.,"A",.,"A",15,"D",.,"A",.,"A"
"20103",2168925,38,0,"1",.,"A",.,"A",.,"A",.,"A",.,"A",.,"A",.,"A",.,"A",.,"A",.,"A",.,"A",.,"A",.,"A",.,"A",.,"A"
"20103",2168955,28,0,"1",.,"A",.,"A",.,"A",.,"A",.,"A",.,"A",.,"A",.,"A",.,"A",.,"A",.,"A",.,"A",.,"A",.,"A",.,"A"
"20103",2168985,46,0,"1",.,"A",.,"A",.,"A",.,"A",.,"A",.,"A",.,"A",.,"A",.,"A",.,"A",.,"A",.,"A",.,"A",.,"A",.,"A"
"20103",2168995,40,0,"1",.,"A",.,"A",.,"A",.,"A",.,"A",.,"A",.,"A",.,"A",.,"A",.,"A",.,"A",.,"A",35,"D",.,"A",.,"A"
"20103",2169005,56,0,"1",.,"A",.,"A",.,"A",.,"A",.,"A",.,"A",.,"A",.,"A",.,"A",.,"A",.,"A",.,"A",40,"D",.,"A",.,"A"
"20103",2169025,65,0,"1",.,"A",.,"A",.,"A",.,"A",.,"A",.,"A",.,"A",.,"A",.,"A",.,"A",.,"A",.,"A",60,"D",.,"A",.,"A"
"20103",2169035,71,0,"1",.,"A",.,"A",.,"A",.,"A",.,"A",.,"A",.,"A",.,"A",.,"A",.,"A",.,"A",.,"A",.,"A",.,"A",.,"A"
"20103",2169045,87,0,"1",.,"A",.,"A",.,"A",20,"D",.,"A",120,"D",.,"A",.,"A",.,"A",0,"D",0,"D",45,"D",525,"D",0,"D",.,"A"
"20103",2169055,35,0,"1",.,"A",.,"A",.,"A",.,"A",120,"D",.,"A",.,"A",.,"A",.,"A",.,"A",.,"A",.,"A",40,"D",.,"A",.,"A"
"20103",2169065,79,0,"1",.,"A",.,"A",.,"A",.,"A",.,"A",.,"A",1040,"D",.,"A",24,"D",.,"A",.,"A",.,"A",10,"D",.,"A",.,"A"
"20103",2169075,43,0,"1",.,"A",.,"A",.,"A",.,"A",.,"A",.,"A",.,"A",.,"A",.,"A",.,"A",.,"A",.,"A",.,"A",.,"A",.,"A"
"20103",2169085,62,0,"1",.,"A",.,"A",.,"A",.,"A",.,"A",.,"A",.,"A",.,"A",.,"A",.,"A",.,"A",.,"A",140,"D",.,"A",.,"A"
"20103",2169095,34,0,"1",.,"A",.,"A",.,"A",.,"A",.,"A",.,"A",.,"A",.,"A",.,"A",.,"A",.,"A",.,"A",.,"A",.,"A",.,"A"
"20103",2169105,65,0,"1",.,"A",.,"A",.,"A",.,"A",.,"A",60,"D",.,"A",.,"A",.,"A",.,"A",.,"A",.,"A",45,"D",.,"A",.,"A"
"20103",2169115,47,0,"1",.,"A",.,"A",.,"A",34,"D",.,"A",.,"A",.,"A",.,"A",36,"D",.,"A",.,"A",.,"A",.,"A",.,"A",.,"A"
"20103",2169125,64,0,"1",.,"A",.,"A",.,"A",.,"A",.,"A",.,"A",.,"A",.,"A",.,"A",.,"A",.,"A",.,"A",.,"A",.,"A",.,"A"
"20103",2169145,49,0,"1",.,"A",.,"A",.,"A",.,"A",.,"A",.,"A",.,"A",.,"A",.,"A",.,"A",.,"A",.,"A",120,"D",.,"A",.,"A"
"20103",2169185,33,0,"1",.,"A",.,"A",.,"A",.,"A",.,"A",.,"A",.,"A",.,"A",.,"A",.,"A",.,"A",.,"A",60,"D",.,"A",.,"A"
"20103",2169195,63,0,"1",.,"A",.,"A",.,"A",.,"A",.,"A",20,"D",.,"A",.,"A",.,"A",.,"A",.,"A",.,"A",.,"A",.,"A",.,"A"
"20103",2169205,41,0,"1",.,"A",.,"A",.,"A",.,"A",.,"A",.,"A",.,"A",.,"A",24,"D",.,"A",.,"A",.,"A",28,"D",.,"A",.,"A"
"20103",2169225,61,0,"1",.,"A",.,"A",.,"A",.,"A",.,"A",.,"A",.,"A",.,"A",.,"A",.,"A",.,"A",.,"A",100,"D",.,"A",.,"A"
"20103",2169235,78,0,"1",.,"A",.,"A",40,"D",.,"A",.,"A",.,"A",.,"A",.,"A",.,"A",.,"A",.,"A",.,"A",120,"D",.,"A",.,"A"
"20103",2169245,56,0,"1",.,"A",.,"A",.,"A",.,"A",.,"A",.,"A",.,"A",.,"A",.,"A",.,"A",.,"A",.,"A",30,"D",.,"A",.,"A"
"20103",2169255,50,0,"1",.,"A",.,"A",.,"A",.,"A",.,"A",.,"A",.,"A",.,"A",.,"A",.,"A",.,"A",.,"A",20,"D",.,"A",.,"A"
"20103",2169265,43,0,"1",.,"A",.,"A",.,"A",.,"A",.,"A",.,"A",.,"A",.,"A",.,"A",.,"A",.,"A",.,"A",.,"A",.,"A",.,"A"
"20103",2169275,47,0,"1",.,"A",.,"A",.,"A",.,"A",.,"A",.,"A",.,"A",.,"A",.,"A",.,"A",.,"A",.,"A",.,"A",.,"A",.,"A"
"20103",2169285,58,0,"1",.,"A",.,"A",.,"A",.,"A",.,"A",130,"D",.,"A",.,"A",18,"D",.,"A",.,"A",.,"A",510,"D",.,"A",.,"A"
"20103",2169295,61,0,"1",.,"A",.,"A",.,"A",.,"A",.,"A",.,"A",195,"D",.,"A",.,"A",.,"A",.,"A",.,"A",.,"A",.,"A",.,"A"
"20103",2169305,69,0,"1",.,"A",.,"A",.,"A",85,"D",30,"D",.,"A",.,"A",.,"A",.,"A",.,"A",.,"A",.,"A",54,"D",.,"A",.,"A"
"20103",2169315,76,0,"1",.,"A",.,"A",.,"A",.,"A",.,"A",70,"D",.,"A",.,"A",15,"D",.,"A",.,"A",.,"A",15,"D",.,"A",.,"A"
"20103",2169325,59,0,"1",.,"A",.,"A",.,"A",.,"A",.,"A",.,"A",.,"A",.,"A",.,"A",.,"A",.,"A",.,"A",65,"D",.,"A",.,"A"
"20103",2169345,42,0,"1",.,"A",.,"A",.,"A",.,"A",.,"A",.,"A",.,"A",.,"A",.,"A",.,"A",.,"A",.,"A",.,"A",.,"A",.,"A"
"20103",2169355,66,0,"1",.,"A",.,"A",.,"A",.,"A",.,"A",.,"A",.,"A",.,"A",.,"A",.,"A",.,"A",.,"A",80,"D",.,"A",.,"A"
"20103",2169365,40,0,"1",.,"A",.,"A",.,"A",.,"A",.,"A",.,"A",728,"D",.,"A",.,"A",.,"A",.,"A",.,"A",.,"A",.,"A",.,"A"
"20103",2169375,72,0,"1",.,"A",.,"A",.,"A",.,"A",.,"A",.,"A",.,"A",.,"A",.,"A",.,"A",.,"A",.,"A",150,"D",.,"A",.,"A"
"20103",2169385,33,0,"1",.,"A",.,"A",.,"A",.,"A",.,"A",.,"A",546,"D",.,"A",.,"A",.,"A",.,"A",.,"A",.,"A",.,"A",.,"A"
"20103",2169395,45,0,"1",.,"A",.,"A",.,"A",.,"A",.,"A",.,"A",.,"A",.,"A",.,"A",.,"A",.,"A",.,"A",.,"A",.,"A",.,"A"
"20103",2169405,46,0,"1",.,"A",.,"A",.,"A",.,"A",.,"A",.,"A",.,"A",.,"A",.,"A",.,"A",.,"A",.,"A",.,"A",.,"A",.,"A"
"20103",2169435,65,0,"1",.,"A",.,"A",.,"A",.,"A",.,"A",.,"A",.,"A",.,"A",.,"A",.,"A",.,"A",.,"A",80,"D",.,"A",.,"A"
"20103",2169445,57,0,"1",.,"A",.,"A",.,"A",.,"A",.,"A",.,"A",.,"A",.,"A",.,"A",.,"A",.,"A",.,"A",.,"A",.,"A",.,"A"
"20103",2169455,60,0,"1",.,"A",.,"A",.,"A",.,"A",.,"A",.,"A",.,"A",.,"A",.,"A",.,"A",.,"A",.,"A",10,"D",.,"A",.,"A"
"20103",2169465,45,0,"1",.,"A",.,"A",.,"A",.,"A",.,"A",.,"A",.,"A",.,"A",.,"A",.,"A",.,"A",.,"A",.,"A",.,"A",.,"A"
"20103",2169485,49,0,"1",.,"A",.,"A",65,"D",.,"A",.,"A",.,"A",.,"A",.,"A",.,"A",.,"A",.,"A",.,"A",30,"D",.,"A",.,"A"
"20103",2169515,100,0,"1",.,"A",.,"A",.,"A",.,"A",.,"A",.,"A",.,"A",.,"A",.,"A",.,"A",.,"A",.,"A",150,"D",.,"A",.,"A"
"20103",2169535,44,0,"1",.,"A",.,"A",.,"A",.,"A",.,"A",.,"A",.,"A",.,"A",.,"A",.,"A",.,"A",.,"A",300,"D",.,"A",.,"A"
"20103",2169545,46,0,"1",.,"A",.,"A",.,"A",.,"A",.,"A",.,"A",.,"A",.,"A",.,"A",.,"A",.,"A",.,"A",.,"A",.,"A",.,"A"
"20103",2169555,42,0,"1",.,"A",.,"A",.,"A",.,"A",40,"D",.,"A",.,"A",.,"A",.,"A",.,"A",.,"A",.,"A",.,"A",.,"A",.,"A"
"20103",2169565,34,0,"1",.,"A",.,"A",.,"A",.,"A",.,"A",.,"A",.,"A",.,"A",.,"A",180,"D",108,"D",60,"D",.,"A",60,"D",.,"A"
"20103",2169575,44,0,"1",.,"A",.,"A",.,"A",.,"A",.,"A",.,"A",.,"A",.,"A",.,"A",.,"A",.,"A",.,"A",100,"D",.,"A",.,"A"
"20103",2169585,109,0,"1",.,"A",.,"A",.,"A",.,"A",.,"A",105,"D",.,"A",.,"A",.,"A",.,"A",.,"A",.,"A",655,"D",.,"A",.,"A"
"20103",2169655,41,0,"1",.,"A",.,"A",.,"A",.,"A",20,"D",.,"A",.,"A",.,"A",.,"A",.,"A",.,"A",.,"A",.,"A",.,"A",.,"A"
"20103",2169665,51,0,"1",.,"A",.,"A",.,"A",.,"A",.,"A",.,"A",.,"A",.,"A",.,"A",.,"A",.,"A",.,"A",12,"D",.,"A",.,"A"
"20103",2169685,56,0,"1",.,"A",.,"A",.,"A",.,"A",.,"A",.,"A",.,"A",.,"A",.,"A",.,"A",.,"A",.,"A",300,"D",.,"A",.,"A"
"20103",2169705,50,0,"1",.,"A",.,"A",.,"A",.,"A",.,"A",.,"A",.,"A",.,"A",.,"A",.,"A",.,"A",.,"A",135,"D",.,"A",.,"A"
"20103",2169725,35,0,"1",.,"A",.,"A",.,"A",.,"A",.,"A",15,"D",.,"A",.,"A",.,"A",.,"A",.,"A",.,"A",24,"D",.,"A",.,"A"
"20103",2169735,33,0,"1",.,"A",.,"A",.,"A",.,"A",.,"A",.,"A",156,"D",.,"A",.,"A",.,"A",.,"A",.,"A",.,"A",.,"A",.,"A"
"20103",2169745,25,0,"1",.,"A",.,"A",.,"A",.,"A",.,"A",.,"A",.,"A",.,"A",.,"A",.,"A",.,"A",.,"A",.,"A",.,"A",.,"A"
"20103",2169765,55,0,"1",.,"A",.,"A",.,"A",.,"A",.,"A",.,"A",195,"D",.,"A",.,"A",.,"A",.,"A",.,"A",.,"A",.,"A",.,"A"
"20103",2169795,28,0,"1",.,"A",.,"A",.,"A",.,"A",60,"D",.,"A",.,"A",.,"A",.,"A",450,"D",0,"D",0,"D",.,"A",150,"D",.,"A"
"20103",2169815,66,0,"1",.,"A",.,"A",.,"A",.,"A",.,"A",150,"D",.,"A",.,"A",.,"A",.,"A",.,"A",.,"A",120,"D",.,"A",.,"A"
"20103",2169835,75,0,"1",.,"A",.,"A",.,"A",.,"A",.,"A",.,"A",325,"D",.,"A",.,"A",.,"A",.,"A",.,"A",.,"A",.,"A",.,"A"
"20103",2169845,68,0,"1",.,"A",.,"A",.,"A",.,"A",30,"D",15,"D",.,"A",.,"A",.,"A",.,"A",.,"A",.,"A",300,"D",.,"A",.,"A"
"20103",2169865,51,0,"1",.,"A",.,"A",.,"A",.,"A",.,"A",.,"A",.,"A",.,"A",.,"A",.,"A",.,"A",.,"A",.,"A",.,"A",.,"A"
"20103",2169875,40,0,"1",.,"A",.,"A",.,"A",50,"D",.,"A",.,"A",273,"D",39,"D",.,"A",6,"D",0,"D",0,"D",.,"A",2,"D",.,"A"
"20103",2169895,60,0,"1",.,"A",.,"A",.,"A",.,"A",.,"A",.,"A",.,"A",.,"A",.,"A",.,"A",.,"A",.,"A",60,"D",.,"A",.,"A"
"20103",2169905,52,0,"1",.,"A",.,"A",.,"A",.,"A",.,"A",.,"A",.,"A",.,"A",.,"A",.,"A",.,"A",.,"A",40,"D",.,"A",.,"A"
"20103",2169915,52,0,"1",.,"A",.,"A",.,"A",.,"A",.,"A",.,"A",390,"D",.,"A",.,"A",.,"A",.,"A",.,"A",40,"D",.,"A",.,"A"
"20103",2169925,61,0,"1",.,"A",.,"A",.,"A",.,"A",25,"D",.,"A",.,"A",.,"A",39,"D",.,"A",.,"A",.,"A",50,"D",.,"A",.,"A"
"20103",2169935,79,0,"1",.,"A",.,"A",.,"A",.,"A",75,"D",.,"A",260,"D",.,"A",.,"A",.,"A",.,"A",.,"A",.,"A",.,"A",.,"A"
"20103",2169945,81,0,"1",.,"A",.,"A",.,"A",.,"A",.,"A",.,"A",156,"D",.,"A",.,"A",.,"A",.,"A",.,"A",50,"D",.,"A",.,"A"
"20103",2169955,61,0,"1",.,"A",.,"A",.,"A",.,"A",.,"A",20,"D",.,"A",.,"A",.,"A",.,"A",.,"A",.,"A",150,"D",.,"A",.,"A"
"20103",2169965,52,0,"1",.,"A",.,"A",.,"A",.,"A",.,"A",50,"D",.,"A",.,"A",.,"A",.,"A",.,"A",.,"A",60,"D",.,"A",.,"A"
"20103",2169975,134,0,"1",.,"A",.,"A",.,"A",.,"A",.,"A",.,"A",.,"A",.,"A",18,"D",0,"D",0,"D",0,"D",195,"D",0,"D",.,"A"
"20103",2169985,44,0,"1",.,"A",.,"A",.,"A",.,"A",.,"A",.,"A",.,"A",.,"A",.,"A",.,"A",.,"A",.,"A",18,"D",.,"A",.,"A"
"20103",2169995,42,0,"1",.,"A",.,"A",.,"A",.,"A",.,"A",.,"A",.,"A",.,"A",.,"A",.,"A",.,"A",.,"A",30,"D",.,"A",.,"A"
"20103",2170005,46,0,"1",.,"A",.,"A",.,"A",.,"A",.,"A",.,"A",.,"A",.,"A",.,"A",.,"A",.,"A",.,"A",.,"A",.,"A",.,"A"
"20103",2170035,50,0,"1",.,"A",.,"A",.,"A",.,"A",.,"A",.,"A",650,"D",.,"A",.,"A",.,"A",.,"A",.,"A",60,"D",.,"A",.,"A"
"20103",2170065,89,0,"1",.,"A",.,"A",.,"A",.,"A",.,"A",.,"A",.,"A",.,"A",.,"A",.,"A",.,"A",.,"A",410,"D",.,"A",.,"A"
"20103",2170075,48,0,"1",.,"A",.,"A",.,"A",.,"A",.,"A",.,"A",.,"A",.,"A",.,"A",.,"A",.,"A",.,"A",26,"D",.,"A",.,"A"
"20103",2170085,49,0,"1",.,"A",.,"A",.,"A",.,"A",.,"A",.,"A",156,"F",.,"A",.,"A",.,"A",.,"A",.,"A",100,"D",.,"A",.,"A"
"20103",2170105,37,0,"1",.,"A",.,"A",.,"A",.,"A",.,"A",.,"A",.,"A",.,"A",.,"A",.,"A",.,"A",.,"A",.,"A",.,"A",.,"A"
"20103",2170125,43,0,"1",.,"A",.,"A",.,"A",.,"A",.,"A",.,"A",.,"A",.,"A",.,"A",.,"A",.,"A",.,"A",.,"A",.,"A",.,"A"
"20103",2170135,53,0,"1",.,"A",.,"A",.,"A",.,"A",.,"A",.,"A",.,"A",.,"A",.,"A",.,"A",.,"A",.,"A",.,"A",.,"A",.,"A"
"20103",2170145,53,0,"1",.,"A",.,"A",.,"A",.,"A",.,"A",.,"A",650,"D",.,"A",.,"A",.,"A",.,"A",.,"A",300,"D",.,"A",.,"A"
"20103",2170155,25,0,"1",.,"A",.,"A",.,"A",.,"A",.,"A",.,"A",390,"D",.,"A",.,"A",.,"A",.,"A",.,"A",.,"A",.,"A",.,"A"
"20103",2170165,43,0,"1",.,"A",.,"A",.,"A",.,"A",.,"A",.,"A",.,"A",.,"A",.,"A",.,"A",.,"A",.,"A",.,"A",.,"A",.,"A"
"20103",2170175,48,0,"1",.,"A",.,"A",.,"A",.,"A",.,"A",40,"D",.,"A",.,"A",.,"A",.,"A",.,"A",.,"A",140,"D",.,"A",.,"A"
"20103",2170205,39,0,"1",.,"A",.,"A",.,"A",.,"A",.,"A",.,"A",.,"A",.,"A",.,"A",.,"A",.,"A",.,"A",.,"A",.,"A",.,"A"
"20103",2170245,36,0,"1",.,"A",.,"A",.,"A",.,"A",44,"D",.,"A",.,"A",.,"A",.,"A",.,"A",.,"A",.,"A",44,"D",.,"A",.,"A"
"20103",2170255,96,0,"1",.,"A",.,"A",.,"A",.,"A",.,"A",.,"A",390,"D",.,"A",.,"A",.,"A",.,"A",.,"A",.,"A",.,"A",.,"A"
"20103",2170295,47,0,"1",.,"A",.,"A",.,"A",.,"A",.,"A",.,"A",.,"A",.,"A",.,"A",.,"A",.,"A",.,"A",75,"D",.,"A",.,"A"
"20103",2170315,59,0,"1",.,"A",.,"A",.,"A",.,"A",.,"A",.,"A",.,"A",.,"A",.,"A",.,"A",.,"A",.,"A",25,"D",.,"A",.,"A"
"20103",2170345,76,0,"1",10,"D",.,"A",.,"A",.,"A",80,"D",.,"A",.,"A",.,"A",15,"D",.,"A",.,"A",.,"A",20,"D",.,"A",.,"A"
"20103",2170365,39,0,"1",.,"A",.,"A",.,"A",.,"A",.,"A",.,"A",78,"D",.,"A",.,"A",.,"A",.,"A",.,"A",.,"A",.,"A",.,"A"
"20103",2170415,43,0,"1",.,"A",.,"A",.,"A",.,"A",42,"D",.,"A",.,"A",.,"A",15,"D",.,"A",.,"A",.,"A",28,"D",.,"A",.,"A"
"20103",2170425,49,0,"1",.,"A",.,"A",.,"A",.,"A",.,"A",.,"A",.,"A",.,"A",.,"A",.,"A",.,"A",.,"A",150,"D",.,"A",.,"A"
"20103",2170435,46,0,"1",.,"A",.,"A",.,"A",200,"D",.,"A",.,"A",.,"A",.,"A",30,"D",420,"D",0,"D",0,"D",150,"D",140,"D",90,"D"
"20103",2170465,45,0,"1",.,"A",.,"A",.,"A",.,"A",.,"A",.,"A",.,"A",.,"A",.,"A",.,"A",.,"A",.,"A",.,"A",.,"A",.,"A"
"20103",2170505,48,0,"1",.,"A",.,"A",.,"A",.,"A",15,"D",.,"A",.,"A",.,"A",.,"A",.,"A",.,"A",.,"A",15,"D",.,"A",.,"A"
"20103",2170515,78,0,"1",.,"A",.,"A",.,"A",.,"A",.,"A",.,"A",.,"A",.,"A",.,"A",.,"A",.,"A",.,"A",150,"D",.,"A",.,"A"
"20103",2170525,66,0,"1",.,"A",.,"A",.,"A",.,"A",.,"A",.,"A",.,"A",.,"A",.,"A",.,"A",.,"A",.,"A",56,"D",.,"A",.,"A"
"20103",2170555,46,0,"1",.,"A",.,"A",.,"A",.,"A",.,"A",.,"A",598,"D",.,"A",.,"A",.,"A",.,"A",.,"A",.,"A",.,"A",.,"A"
"20103",2170575,72,0,"1",.,"A",.,"A",.,"A",.,"A",.,"A",50,"D",.,"A",.,"A",.,"A",.,"A",.,"A",.,"A",60,"D",.,"A",.,"A"
"20103",2170605,48,0,"1",.,"A",.,"A",.,"A",.,"A",.,"A",.,"A",.,"A",.,"A",.,"A",.,"A",.,"A",.,"A",.,"A",.,"A",.,"A"
"20103",2170615,54,0,"1",.,"A",.,"A",.,"A",.,"A",.,"A",.,"A",195,"D",.,"A",.,"A",.,"A",.,"A",.,"A",50,"D",.,"A",.,"A"
"20103",2170635,37,0,"1",.,"A",.,"A",.,"A",.,"A",.,"A",.,"A",910,"D",.,"A",.,"A",.,"A",.,"A",.,"A",.,"A",.,"A",.,"A"
"20103",2170645,46,0,"1",.,"A",.,"A",.,"A",.,"A",.,"A",.,"A",.,"A",.,"A",.,"A",.,"A",.,"A",.,"A",50,"D",.,"A",.,"A"
"20103",2170685,43,0,"1",.,"A",.,"A",.,"A",.,"A",130,"D",.,"A",.,"A",.,"A",.,"A",.,"A",.,"A",.,"A",200,"D",.,"A",.,"A"
"20103",2170695,36,0,"1",.,"A",.,"A",.,"A",.,"A",.,"A",22,"D",.,"A",.,"A",.,"A",.,"A",.,"A",.,"A",300,"D",.,"A",.,"A"
"20103",2170725,69,0,"1",6,"D",.,"A",.,"A",.,"A",0,"D",.,"A",.,"A",.,"A",.,"A",.,"A",.,"A",.,"A",130,"D",.,"A",.,"A"
"20103",2170735,37,0,"1",.,"A",.,"A",.,"A",.,"A",.,"A",.,"A",.,"A",.,"A",.,"A",.,"A",.,"A",.,"A",.,"A",.,"A",.,"A"
"20103",2170805,68,0,"1",.,"A",.,"A",.,"A",.,"A",.,"A",.,"A",.,"A",.,"A",.,"A",.,"A",.,"A",.,"A",201,"D",.,"A",.,"A"
"20103",2170815,46,0,"1",.,"A",.,"A",.,"A",.,"A",.,"A",60,"D",390,"D",.,"A",.,"A",.,"A",.,"A",.,"A",130,"D",.,"A",.,"A"
"20103",2170825,56,0,"1",.,"A",.,"A",.,"A",.,"A",.,"A",.,"A",.,"A",.,"A",.,"A",.,"A",.,"A",.,"A",155,"D",.,"A",.,"A"
"20103",2170835,34,0,"1",.,"A",.,"A",.,"A",.,"A",.,"A",.,"A",312,"D",.,"A",.,"A",.,"A",.,"A",.,"A",.,"A",.,"A",.,"A"
"20103",2170875,31,0,"1",.,"A",.,"A",.,"A",.,"A",.,"A",.,"A",364,"D",.,"A",.,"A",.,"A",.,"A",.,"A",9,"D",.,"A",.,"A"
"20103",2170885,55,0,"1",.,"A",.,"A",.,"A",.,"A",.,"A",.,"A",.,"A",.,"A",.,"A",.,"A",.,"A",.,"A",150,"D",.,"A",.,"A"
"20103",2170895,29,0,"1",.,"A",.,"A",.,"A",.,"A",.,"A",.,"A",.,"A",.,"A",.,"A",.,"A",.,"A",.,"A",.,"A",.,"A",.,"A"
"20103",2170905,48,0,"1",.,"A",.,"A",.,"A",.,"A",.,"A",.,"A",.,"A",.,"A",.,"A",.,"A",.,"A",.,"A",60,"D",.,"A",.,"A"
"20103",2170925,50,0,"1",.,"A",.,"A",.,"A",.,"A",.,"A",.,"A",.,"A",.,"A",.,"A",.,"A",.,"A",.,"A",.,"A",.,"A",.,"A"
"20103",2170935,28,0,"1",.,"A",.,"A",.,"A",.,"A",.,"A",.,"A",.,"A",.,"A",.,"A",.,"A",.,"A",.,"A",.,"A",.,"A",.,"A"
"20103",2170945,39,0,"1",.,"A",.,"A",.,"A",.,"A",.,"A",.,"A",728,"D",.,"A",.,"A",.,"A",.,"A",.,"A",.,"A",.,"A",.,"A"
"20103",2170955,51,0,"1",.,"A",.,"A",.,"A",144,"D",.,"A",.,"A",.,"A",.,"A",.,"A",.,"A",.,"A",.,"A",45,"D",.,"A",.,"A"
"20103",2170965,47,0,"1",.,"A",.,"A",.,"A",.,"A",.,"A",150,"D",.,"A",.,"A",.,"A",.,"A",.,"A",.,"A",60,"D",.,"A",.,"A"
"20103",2170975,53,0,"1",.,"A",.,"A",.,"A",.,"A",.,"A",.,"A",.,"A",.,"A",.,"A",.,"A",.,"A",.,"A",.,"A",.,"A",.,"A"
"20103",2171035,67,0,"1",.,"A",.,"A",.,"A",.,"A",.,"A",.,"A",.,"A",.,"A",.,"A",.,"A",.,"A",.,"A",60,"D",.,"A",.,"A"
"20103",2171045,109,0,"1",.,"A",.,"A",.,"A",30,"D",.,"A",180,"D",.,"A",.,"A",.,"A",.,"A",.,"A",.,"A",172,"D",.,"A",.,"A"
"20103",2171095,53,0,"1",.,"A",.,"A",.,"A",.,"A",.,"A",.,"A",.,"A",325,"D",.,"A",.,"A",.,"A",.,"A",24,"D",.,"A",.,"A"
"20103",2171105,64,0,"1",.,"A",.,"A",25,"D",.,"A",.,"A",.,"A",.,"A",.,"A",.,"A",.,"A",.,"A",.,"A",60,"D",.,"A",.,"A"
"20103",2171145,47,0,"1",.,"A",.,"A",.,"A",.,"A",.,"A",.,"A",.,"A",.,"A",.,"A",.,"A",.,"A",.,"A",17,"D",.,"A",.,"A"
"20103",2171165,83,0,"1",.,"A",.,"A",.,"A",.,"A",.,"A",40,"D",650,"D",520,"D",.,"A",.,"A",.,"A",.,"A",120,"D",.,"A",.,"A"
"20103",2171185,40,0,"1",.,"A",.,"A",.,"A",.,"A",.,"A",.,"A",.,"A",.,"A",15,"D",.,"A",.,"A",.,"A",45,"D",.,"A",.,"A"
"20103",2171195,50,0,"1",.,"A",.,"A",.,"A",.,"A",.,"A",.,"A",195,"D",.,"A",.,"A",.,"A",.,"A",.,"A",150,"D",.,"A",.,"A"
"20103",2171205,51,0,"1",.,"A",.,"A",.,"A",.,"A",.,"A",.,"A",.,"A",.,"A",.,"A",.,"A",.,"A",.,"A",32,"D",.,"A",.,"A"
"20103",2171215,44,0,"1",.,"A",.,"A",.,"A",.,"A",.,"A",50,"D",.,"A",.,"A",.,"A",.,"A",.,"A",.,"A",.,"A",.,"A",.,"A"
"20103",2171225,63,0,"1",.,"A",.,"A",.,"A",.,"A",.,"A",80,"D",.,"A",.,"A",60,"D",.,"A",.,"A",.,"A",120,"D",.,"A",.,"A"
"20103",2171235,81,0,"1",.,"A",.,"A",.,"A",.,"A",.,"A",.,"A",.,"A",.,"A",.,"A",.,"A",.,"A",.,"A",210,"D",.,"A",.,"A"
"20103",2171245,89,0,"1",.,"A",.,"A",.,"A",.,"A",.,"A",.,"A",.,"A",.,"A",.,"A",.,"A",.,"A",.,"A",43,"D",.,"A",.,"A"
"20103",2171255,48,0,"1",.,"A",.,"A",.,"A",.,"A",.,"A",.,"A",.,"A",.,"A",.,"A",.,"A",.,"A",.,"A",200,"D",.,"A",.,"A"
"20103",2171275,41,0,"1",.,"A",.,"A",.,"A",.,"A",.,"A",.,"A",.,"A",.,"A",.,"A",.,"A",.,"A",.,"A",45,"D",.,"A",.,"A"
"20103",2171295,39,0,"1",.,"A",.,"A",.,"A",.,"A",.,"A",.,"A",.,"A",.,"A",15,"D",.,"A",.,"A",.,"A",120,"D",.,"A",.,"A"
"20103",2171325,55,0,"1",.,"A",.,"A",.,"A",.,"A",.,"A",.,"A",.,"A",.,"A",.,"A",.,"A",.,"A",.,"A",80,"D",.,"A",.,"A"
"20103",2171335,76,0,"1",.,"A",.,"A",.,"A",.,"A",.,"A",30,"D",195,"D",.,"A",.,"A",.,"A",.,"A",.,"A",75,"D",.,"A",.,"A"
"20103",2171345,43,0,"1",.,"A",.,"A",.,"A",.,"A",.,"A",.,"A",.,"A",.,"A",.,"A",.,"A",.,"A",.,"A",100,"D",.,"A",.,"A"
"20103",2171355,50,0,"1",.,"A",.,"A",.,"A",.,"A",.,"A",.,"A",455,"D",.,"A",.,"A",.,"A",.,"A",.,"A",.,"A",.,"A",.,"A"
"20103",2171365,71,0,"1",.,"A",.,"A",.,"A",.,"A",.,"A",15,"D",325,"D",.,"A",.,"A",.,"A",.,"A",.,"A",124,"D",.,"A",.,"A"
"20103",2171375,60,0,"1",.,"A",.,"A",.,"A",.,"A",.,"A",.,"A",.,"A",.,"A",.,"A",.,"A",.,"A",.,"A",75,"D",.,"A",.,"A"
"20103",2171395,35,0,"1",.,"A",.,"A",.,"A",.,"A",40,"D",.,"A",.,"A",.,"A",.,"A",.,"A",.,"A",.,"A",.,"A",.,"A",.,"A"
"20103",2171405,34,0,"1",.,"A",.,"A",.,"A",.,"A",.,"A",.,"A",.,"A",.,"A",.,"A",.,"A",.,"A",.,"A",20,"F",.,"A",.,"A"
"20103",2171465,29,0,"1",.,"A",.,"A",.,"A",.,"A",.,"A",.,"A",.,"A",.,"A",.,"A",.,"A",.,"A",.,"A",.,"A",.,"A",.,"A"
"20103",2171485,57,0,"1",.,"A",.,"A",.,"A",.,"A",.,"A",.,"A",650,"D",.,"A",.,"A",.,"A",.,"A",.,"A",75,"D",.,"A",.,"A"
"20103",2171495,55,0,"1",.,"A",.,"A",.,"A",.,"A",.,"A",.,"A",130,"D",.,"A",.,"A",.,"A",.,"A",.,"A",.,"A",.,"A",.,"A"
"20103",2171515,68,0,"1",.,"A",.,"A",.,"A",.,"A",.,"A",44,"D",.,"A",.,"A",.,"A",.,"A",.,"A",.,"A",131,"D",.,"A",.,"A"
"20103",2171535,72,0,"1",60,"D",.,"A",.,"A",.,"A",180,"D",.,"A",.,"A",.,"A",.,"A",135,"D",0,"D",0,"D",100,"D",45,"D",.,"A"
"20103",2171555,33,0,"1",.,"A",.,"A",.,"A",.,"A",.,"A",.,"A",.,"A",.,"A",.,"A",.,"A",.,"A",.,"A",.,"A",.,"A",.,"A"
"20103",2171565,75,0,"1",.,"A",.,"A",.,"A",.,"A",.,"A",.,"A",.,"A",.,"A",15,"F",.,"A",.,"A",.,"A",150,"D",.,"A",.,"A"
"20103",2171575,29,0,"1",.,"A",.,"A",.,"A",.,"A",.,"A",.,"A",.,"A",.,"A",.,"A",.,"A",.,"A",.,"A",.,"A",.,"A",.,"A"
"20103",2171585,50,0,"1",.,"A",.,"A",.,"A",.,"A",.,"A",.,"A",.,"A",.,"A",.,"A",.,"A",.,"A",.,"A",.,"A",.,"A",.,"A"
"20103",2171595,55,0,"1",.,"A",.,"A",.,"A",.,"A",50,"D",.,"A",520,"D",.,"A",18,"D",.,"A",.,"A",.,"A",7,"D",.,"A",.,"A"
"20103",2171605,32,0,"1",.,"A",.,"A",.,"A",.,"A",.,"A",50,"D",.,"A",.,"A",.,"A",.,"A",.,"A",.,"A",300,"D",.,"A",.,"A"
"20103",2171615,67,0,"1",.,"A",.,"A",.,"A",.,"A",.,"A",.,"A",.,"A",260,"D",.,"A",.,"A",.,"A",.,"A",28,"D",.,"A",.,"A"
"20103",2171625,35,0,"1",.,"A",.,"A",.,"A",.,"A",.,"A",.,"A",.,"A",.,"A",.,"A",.,"A",.,"A",.,"A",30,"D",.,"A",.,"A"
"20103",2171645,61,0,"1",.,"A",.,"A",.,"A",50,"D",.,"A",.,"A",.,"A",.,"A",.,"A",690,"D",0,"D",0,"D",50,"D",230,"D",.,"A"
"20103",2171655,82,0,"1",.,"A",.,"A",.,"A",.,"A",.,"A",.,"A",156,"D",.,"A",.,"A",.,"A",.,"A",.,"A",.,"A",.,"A",.,"A"
"20103",2171705,52,0,"1",.,"A",.,"A",.,"A",.,"A",.,"A",.,"A",.,"A",.,"A",.,"A",.,"A",.,"A",.,"A",40,"D",.,"A",.,"A"
"20103",2171715,79,0,"1",.,"A",.,"A",.,"A",.,"A",.,"A",.,"A",.,"A",.,"A",.,"A",270,"D",0,"D",0,"D",170,"D",90,"D",.,"A"
"20103",2171745,67,0,"1",.,"A",.,"A",.,"A",.,"A",.,"A",200,"D",.,"A",.,"A",.,"A",.,"A",.,"A",.,"A",170,"D",.,"A",.,"A"
"20103",2171755,74,0,"1",.,"A",.,"A",.,"A",.,"A",.,"A",.,"A",195,"D",.,"A",.,"A",.,"A",.,"A",.,"A",.,"A",.,"A",.,"A"
"20103",2171765,47,0,"1",.,"A",.,"A",.,"A",.,"A",.,"A",.,"A",.,"A",.,"A",.,"A",.,"A",.,"A",.,"A",.,"A",.,"A",.,"A"
"20103",2171775,52,0,"1",.,"A",.,"A",.,"A",.,"A",.,"A",.,"A",.,"A",.,"A",.,"A",.,"A",.,"A",.,"A",.,"A",.,"A",.,"A"
"20103",2171815,24,0,"1",.,"A",.,"A",.,"A",.,"A",65,"D",.,"A",182,"D",.,"A",.,"A",201,"D",0,"D",201,"D",.,"A",67,"D",.,"A"
"20103",2171825,31,0,"1",.,"A",.,"A",.,"A",.,"A",.,"A",.,"A",.,"A",.,"A",.,"A",.,"A",.,"A",.,"A",.,"A",.,"A",.,"A"
"20103",2171835,32,0,"1",20,"D",.,"A",.,"A",.,"A",70,"D",.,"A",.,"A",.,"A",.,"A",192,"D",0,"D",0,"D",45,"D",64,"D",.,"A"
"20103",2171855,33,0,"1",.,"A",.,"A",.,"A",.,"A",75,"D",.,"A",130,"D",.,"A",.,"A",.,"A",.,"A",.,"A",.,"A",.,"A",.,"A"
"20103",2171865,34,0,"1",.,"A",.,"A",.,"A",.,"A",.,"A",.,"A",.,"A",.,"A",.,"A",.,"A",.,"A",.,"A",240,"D",.,"A",.,"A"
"20103",2171885,57,0,"1",.,"A",.,"A",.,"A",.,"A",.,"A",.,"A",.,"A",39,"D",.,"A",.,"A",.,"A",.,"A",.,"A",.,"A",.,"A"
"20103",2171905,49,0,"1",.,"A",.,"A",.,"A",27,"D",48,"D",.,"A",.,"A",.,"A",6,"D",.,"A",.,"A",.,"A",.,"A",.,"A",.,"A"
"20103",2171915,30,0,"1",.,"A",.,"A",.,"A",.,"A",.,"A",.,"A",.,"A",.,"A",.,"A",.,"A",.,"A",.,"A",15,"D",.,"A",.,"A"
"20103",2171925,67,0,"1",.,"A",.,"A",.,"A",.,"A",.,"A",200,"D",.,"A",.,"A",.,"A",.,"A",.,"A",.,"A",150,"D",.,"A",.,"A"
"20103",2171935,44,0,"1",.,"A",.,"A",.,"A",.,"A",.,"A",.,"A",65,"D",.,"A",.,"A",.,"A",.,"A",.,"A",.,"A",.,"A",.,"A"
"20103",2171945,66,0,"1",.,"A",.,"A",.,"A",30,"D",.,"A",.,"A",.,"A",.,"A",9,"D",.,"A",.,"A",.,"A",320,"D",.,"A",.,"A"
"20103",2171955,42,0,"1",.,"A",.,"A",.,"A",.,"A",260,"D",.,"A",.,"A",.,"A",.,"A",.,"A",.,"A",.,"A",120,"D",.,"A",.,"A"
"20103",2171965,48,0,"1",.,"A",.,"A",.,"A",.,"A",.,"A",.,"A",195,"D",.,"A",.,"A",.,"A",.,"A",.,"A",200,"D",.,"A",.,"A"
"20103",2171975,94,0,"1",.,"A",5,"D",17,"D",.,"A",.,"A",15,"D",455,"D",.,"A",.,"A",.,"A",.,"A",.,"A",290,"D",.,"A",.,"A"
"20103",2171985,35,0,"1",.,"A",.,"A",.,"A",.,"A",.,"A",.,"A",.,"A",.,"A",.,"A",.,"A",.,"A",.,"A",80,"D",.,"A",.,"A"
"20103",2171995,50,0,"1",.,"A",.,"A",.,"A",.,"A",.,"A",.,"A",.,"A",.,"A",.,"A",.,"A",.,"A",.,"A",25,"F",.,"A",.,"A"
"20103",2172005,47,0,"1",.,"A",.,"A",.,"A",.,"A",.,"A",.,"A",.,"A",.,"A",.,"A",.,"A",.,"A",.,"A",20,"D",.,"A",.,"A"
"20103",2172045,57,0,"1",.,"A",.,"A",.,"A",.,"A",.,"A",.,"A",.,"A",.,"A",.,"A",.,"A",.,"A",.,"A",.,"A",.,"A",.,"A"
"20103",2172085,36,0,"1",.,"A",.,"A",.,"A",100,"D",.,"A",.,"A",.,"A",.,"A",.,"A",.,"A",.,"A",.,"A",.,"A",.,"A",.,"A"
"20103",2172125,47,0,"1",.,"A",.,"A",.,"A",.,"A",.,"A",.,"A",260,"D",.,"A",.,"A",.,"A",.,"A",.,"A",.,"A",.,"A",.,"A"
"20103",2172145,46,0,"1",.,"A",.,"A",.,"A",.,"A",.,"A",.,"A",260,"D",.,"A",15,"D",.,"A",.,"A",.,"A",15,"D",.,"A",.,"A"
"20103",2172155,44,0,"1",.,"A",.,"A",.,"A",.,"A",.,"A",.,"A",.,"A",.,"A",.,"A",.,"A",.,"A",.,"A",68,"F",.,"A",.,"A"
"20103",2172165,46,0,"1",.,"A",.,"A",.,"A",.,"A",.,"A",.,"A",.,"A",.,"A",.,"A",.,"A",.,"A",.,"A",.,"A",.,"A",.,"A"
"20103",2172185,108,0,"1",.,"A",.,"A",.,"A",.,"A",.,"A",4,"D",.,"A",.,"A",.,"A",.,"A",.,"A",.,"A",62,"D",.,"A",.,"A"
"20103",2172205,28,0,"1",.,"A",.,"A",.,"A",120,"D",.,"A",45,"D",.,"A",.,"A",.,"A",.,"A",.,"A",.,"A",.,"A",.,"A",.,"A"
"20103",2172225,55,0,"1",.,"A",.,"A",.,"A",.,"A",.,"A",75,"D",.,"A",.,"A",.,"A",300,"D",0,"D",120,"D",350,"D",100,"D",.,"A"
"20103",2172255,53,0,"1",.,"A",.,"A",.,"A",.,"A",.,"A",.,"A",.,"A",.,"A",.,"A",.,"A",.,"A",.,"A",50,"D",.,"A",.,"A"
"20103",2172265,47,0,"1",.,"A",.,"A",.,"A",.,"A",.,"A",.,"A",.,"A",.,"A",.,"A",.,"A",.,"A",.,"A",.,"A",.,"A",.,"A"
"20103",2172285,64,0,"1",.,"A",.,"A",.,"A",.,"A",.,"A",.,"A",.,"A",.,"A",.,"A",.,"A",.,"A",.,"A",.,"A",.,"A",.,"A"
"20103",2172295,54,0,"1",.,"A",.,"A",.,"A",.,"A",.,"A",.,"A",.,"A",.,"A",.,"A",.,"A",.,"A",.,"A",.,"A",.,"A",.,"A"
"20103",2172305,78,0,"1",.,"A",.,"A",.,"A",.,"A",.,"A",.,"A",.,"A",.,"A",.,"A",.,"A",.,"A",.,"A",200,"D",.,"A",.,"A"
"20103",2172335,33,0,"1",.,"A",.,"A",.,"A",.,"A",.,"A",.,"A",.,"A",.,"A",.,"A",.,"A",.,"A",.,"A",.,"A",.,"A",.,"A"
"20103",2172355,77,0,"1",.,"A",.,"A",.,"A",.,"A",.,"A",.,"A",.,"A",.,"A",30,"D",.,"A",.,"A",.,"A",90,"D",.,"A",.,"A"
"20103",2172365,99,0,"1",.,"A",.,"A",.,"A",.,"A",.,"A",20,"D",.,"A",.,"A",.,"A",.,"A",.,"A",.,"A",150,"D",.,"A",.,"A"
"20103",2172375,40,0,"1",.,"A",.,"A",.,"A",.,"A",100,"F",.,"A",715,"F",.,"A",.,"A",.,"A",.,"A",.,"A",60,"F",.,"A",.,"A"
"20103",2172385,33,0,"1",.,"A",.,"A",.,"A",.,"A",.,"A",.,"A",.,"A",.,"A",.,"A",.,"A",.,"A",.,"A",.,"A",.,"A",.,"A"
"20103",2172415,53,0,"1",.,"A",.,"A",.,"A",.,"A",.,"A",.,"A",.,"A",.,"A",.,"A",.,"A",.,"A",.,"A",48,"D",.,"A",.,"A"
"20103",2172525,39,0,"1",.,"A",.,"A",.,"A",.,"A",.,"A",.,"A",.,"A",.,"A",.,"A",.,"A",.,"A",.,"A",60,"D",.,"A",.,"A"
"20103",2172545,71,0,"1",.,"A",.,"A",.,"A",.,"A",.,"A",.,"A",.,"A",.,"A",.,"A",.,"A",.,"A",.,"A",.,"A",.,"A",.,"A"
"20103",2172565,44,0,"1",.,"A",.,"A",.,"A",.,"A",.,"A",.,"A",.,"A",.,"A",.,"A",.,"A",.,"A",.,"A",39,"D",.,"A",.,"A"
"20103",2172575,46,0,"1",.,"A",.,"A",.,"A",.,"A",.,"A",.,"A",.,"A",.,"A",.,"A",.,"A",.,"A",.,"A",.,"A",.,"A",.,"A"
"20103",2172585,39,0,"1",.,"A",.,"A",.,"A",.,"A",.,"A",.,"A",.,"A",.,"A",.,"A",.,"A",.,"A",.,"A",45,"D",.,"A",.,"A"
"20103",2172605,52,0,"1",.,"A",.,"A",30,"D",.,"A",.,"A",28,"D",.,"A",.,"A",105,"D",.,"A",.,"A",.,"A",45,"D",.,"A",.,"A"
"20103",2172615,59,0,"1",.,"A",.,"A",.,"A",.,"A",.,"A",.,"A",.,"A",325,"D",.,"A",.,"A",.,"A",.,"A",350,"D",.,"A",.,"A"
"20103",2172625,46,0,"1",.,"A",.,"A",.,"A",.,"A",.,"A",.,"A",.,"A",.,"A",.,"A",.,"A",.,"A",.,"A",120,"D",.,"A",.,"A"
"20103",2172635,53,0,"1",.,"A",.,"A",.,"A",.,"A",.,"A",100,"D",.,"A",.,"A",.,"A",.,"A",.,"A",.,"A",150,"D",.,"A",.,"A"
"20103",2172655,40,0,"1",.,"A",.,"A",.,"A",.,"A",.,"A",.,"A",.,"A",.,"A",.,"A",.,"A",.,"A",.,"A",40,"D",.,"A",.,"A"
"20103",2172675,62,0,"1",10,"D",.,"A",.,"A",120,"D",110,"D",300,"D",.,"A",.,"A",.,"A",540,"D",0,"D",0,"D",229,"D",180,"D",.,"A"
"20103",2172685,42,0,"1",.,"A",.,"A",.,"A",50,"D",.,"A",.,"A",.,"A",.,"A",.,"A",.,"A",.,"A",.,"A",.,"A",.,"A",.,"A"
"20103",2172695,30,0,"1",.,"A",.,"A",.,"A",.,"A",.,"A",.,"A",.,"A",.,"A",.,"A",.,"A",.,"A",.,"A",.,"A",.,"A",.,"A"
"20103",2172705,47,0,"1",.,"A",.,"A",22,"D",.,"A",.,"A",.,"A",195,"D",.,"A",.,"A",.,"A",.,"A",.,"A",100,"D",.,"A",.,"A"
"20103",2172725,82,0,"1",.,"A",.,"A",.,"A",.,"A",25,"D",.,"A",.,"A",.,"A",.,"A",.,"A",.,"A",.,"A",21,"D",.,"A",.,"A"
"20103",2172745,59,0,"1",.,"A",.,"A",.,"A",.,"A",.,"A",.,"A",.,"A",.,"A",.,"A",.,"A",.,"A",.,"A",.,"A",.,"A",.,"A"
"20103",2172765,27,0,"1",.,"A",.,"A",.,"A",.,"A",36,"D",.,"A",.,"A",.,"A",.,"A",0,"D",0,"D",60,"D",.,"A",0,"D",.,"A"
"20103",2172775,77,0,"1",.,"A",.,"A",.,"A",.,"A",.,"A",30,"D",.,"A",.,"A",.,"A",.,"A",.,"A",.,"A",700,"D",.,"A",.,"A"
"20103",2172795,41,0,"1",.,"A",.,"A",.,"A",.,"A",.,"A",.,"A",585,"D",.,"A",.,"A",.,"A",.,"A",.,"A",.,"A",.,"A",.,"A"
"20103",2172825,49,0,"1",.,"A",.,"A",.,"A",.,"A",.,"A",.,"A",.,"A",.,"A",.,"A",.,"A",.,"A",.,"A",.,"A",.,"A",.,"A"
"20103",2172845,22,0,"1",.,"A",.,"A",.,"A",.,"A",.,"A",.,"A",260,"D",.,"A",.,"A",.,"A",.,"A",.,"A",60,"D",.,"A",.,"A"
"20103",2172865,70,0,"1",.,"A",.,"A",.,"A",.,"A",.,"A",.,"A",.,"A",.,"A",.,"A",.,"A",.,"A",.,"A",.,"A",.,"A",.,"A"
"20103",2172875,40,0,"1",20,"D",.,"A",.,"A",.,"A",160,"D",60,"D",1170,"D",.,"A",.,"A",0,"D",0,"D",30,"D",50,"D",0,"D",.,"A"
"20103",2172885,46,0,"1",.,"A",.,"A",.,"A",.,"A",.,"A",.,"A",.,"A",.,"A",.,"A",.,"A",.,"A",.,"A",100,"D",.,"A",.,"A"
"20103",2172895,57,0,"1",.,"A",.,"A",.,"A",.,"A",.,"A",20,"D",.,"A",.,"A",.,"A",.,"A",.,"A",.,"A",77,"D",.,"A",.,"A"
"20103",2172905,37,0,"1",.,"A",.,"A",.,"A",.,"A",.,"A",.,"A",325,"D",.,"A",.,"A",.,"A",.,"A",.,"A",.,"A",.,"A",.,"A"
"20103",2172925,51,0,"1",.,"A",.,"A",.,"A",.,"A",.,"A",.,"A",.,"A",.,"A",.,"A",.,"A",.,"A",.,"A",.,"A",.,"A",.,"A"
"20103",2172935,56,0,"1",.,"A",.,"A",.,"A",.,"A",.,"A",.,"A",520,"D",.,"A",.,"A",.,"A",.,"A",.,"A",50,"D",.,"A",.,"A"
"20103",2172945,48,0,"1",.,"A",.,"A",.,"A",.,"A",.,"A",.,"A",.,"A",.,"A",.,"A",.,"A",.,"A",.,"A",36,"D",.,"A",.,"A"
"20103",2172955,49,0,"1",.,"A",.,"A",.,"A",.,"A",70,"D",.,"A",.,"A",.,"A",.,"A",.,"A",.,"A",.,"A",30,"D",.,"A",.,"A"
"20103",2172975,50,0,"1",.,"A",.,"A",.,"A",.,"A",.,"A",.,"A",.,"A",.,"A",.,"A",.,"A",.,"A",.,"A",150,"D",.,"A",.,"A"
"20103",2172985,61,0,"1",.,"A",.,"A",.,"A",.,"A",.,"A",.,"A",.,"A",.,"A",.,"A",.,"A",.,"A",.,"A",50,"D",.,"A",.,"A"
"20103",2172995,32,0,"1",.,"A",.,"A",.,"A",.,"A",.,"A",.,"A",.,"A",.,"A",.,"A",.,"A",.,"A",.,"A",.,"A",.,"A",.,"A"
"20103",2173015,28,0,"1",.,"A",.,"A",.,"A",.,"A",.,"A",.,"A",.,"A",.,"A",.,"A",.,"A",.,"A",.,"A",.,"A",.,"A",.,"A"
"20103",2173025,64,0,"1",.,"A",.,"A",.,"A",.,"A",.,"A",.,"A",312,"D",156,"D",.,"A",.,"A",.,"A",.,"A",18,"D",.,"A",.,"A"
"20103",2173045,39,0,"1",.,"A",.,"A",.,"A",.,"A",.,"A",.,"A",.,"A",.,"A",.,"A",.,"A",.,"A",.,"A",.,"A",.,"A",.,"A"
"20103",2173055,71,0,"1",.,"A",.,"A",.,"A",.,"A",.,"A",.,"A",156,"D",.,"A",.,"A",.,"A",.,"A",.,"A",45,"D",.,"A",.,"A"
"20103",2173075,63,0,"1",.,"A",.,"A",.,"A",.,"A",.,"A",.,"A",1664,"D",.,"A",.,"A",.,"A",.,"A",.,"A",.,"A",.,"A",.,"A"
"20103",2173085,65,0,"1",.,"A",.,"A",.,"A",.,"A",.,"A",80,"D",.,"A",.,"A",.,"A",.,"A",.,"A",.,"A",1000,"D",.,"A",.,"A"
"20103",2173095,50,0,"1",.,"A",.,"A",.,"A",.,"A",.,"A",.,"A",260,"D",.,"A",.,"A",.,"A",.,"A",.,"A",.,"A",.,"A",.,"A"
"20103",2173115,55,0,"1",.,"A",.,"A",.,"A",.,"A",.,"A",.,"A",.,"A",.,"A",.,"A",.,"A",.,"A",.,"A",.,"A",.,"A",.,"A"
"20103",2173135,63,0,"1",.,"A",.,"A",.,"A",.,"A",.,"A",.,"A",520,"D",.,"A",.,"A",.,"A",.,"A",.,"A",180,"D",.,"A",.,"A"
"20103",2173145,41,0,"1",.,"A",.,"A",.,"A",.,"A",.,"A",30,"D",.,"A",.,"A",.,"A",.,"A",.,"A",.,"A",300,"D",.,"A",.,"A"
"20103",2173155,46,0,"1",.,"A",.,"A",.,"A",.,"A",.,"A",.,"A",.,"A",.,"A",.,"A",.,"A",.,"A",.,"A",.,"A",.,"A",.,"A"
"20103",2173175,38,0,"1",.,"A",.,"A",.,"A",.,"A",38,"D",.,"A",.,"A",.,"A",.,"A",.,"A",.,"A",.,"A",30,"D",.,"A",.,"A"
"20103",2173205,28,0,"1",.,"A",.,"A",.,"A",.,"A",.,"A",.,"A",65,"F",.,"A",.,"A",.,"A",.,"A",.,"A",.,"A",.,"A",.,"A"
"20103",2173215,51,0,"1",.,"A",.,"A",.,"A",.,"A",.,"A",.,"A",.,"A",.,"A",.,"A",.,"A",.,"A",.,"A",.,"A",.,"A",.,"A"
"20103",2173225,37,0,"1",.,"A",.,"A",.,"A",.,"A",.,"A",.,"A",.,"A",.,"A",.,"A",.,"A",.,"A",.,"A",.,"A",.,"A",.,"A"
"20103",2173235,38,0,"1",.,"A",.,"A",.,"A",.,"A",.,"A",.,"A",.,"A",.,"A",.,"A",.,"A",.,"A",.,"A",60,"D",.,"A",.,"A"
"20103",2173245,53,0,"1",.,"A",.,"A",.,"A",.,"A",.,"A",.,"A",.,"A",.,"A",.,"A",.,"A",.,"A",.,"A",60,"D",.,"A",.,"A"
"20103",2173265,44,0,"1",.,"A",.,"A",.,"A",.,"A",.,"A",.,"A",.,"A",.,"A",.,"A",.,"A",.,"A",.,"A",.,"A",.,"A",.,"A"
"20103",2173275,21,0,"1",.,"A",.,"A",.,"A",.,"A",.,"A",.,"A",.,"A",.,"A",.,"A",.,"A",.,"A",.,"A",.,"A",.,"A",.,"A"
"20103",2173285,52,0,"1",.,"A",.,"A",.,"A",.,"A",.,"A",.,"A",.,"A",.,"A",.,"A",.,"A",.,"A",.,"A",.,"A",.,"A",.,"A"
"20103",2173295,57,0,"1",.,"A",.,"A",.,"A",.,"A",.,"A",.,"A",.,"A",.,"A",.,"A",.,"A",.,"A",.,"A",200,"D",.,"A",.,"A"
"20103",2173305,98,0,"1",.,"A",.,"A",.,"A",.,"A",.,"A",10,"D",.,"A",.,"A",.,"A",.,"A",.,"A",.,"A",145,"D",.,"A",.,"A"
"20103",2173315,45,0,"1",.,"A",.,"A",.,"A",.,"A",.,"A",.,"A",.,"A",.,"A",.,"A",.,"A",.,"A",.,"A",.,"A",.,"A",.,"A"
"20103",2173325,88,0,"1",.,"A",.,"A",.,"A",.,"A",.,"A",.,"A",.,"A",.,"A",6,"D",.,"A",.,"A",.,"A",20,"D",.,"A",.,"A"
"20103",2173335,32,0,"1",.,"A",.,"A",.,"A",.,"A",.,"A",.,"A",65,"D",.,"A",.,"A",.,"A",.,"A",.,"A",.,"A",.,"A",.,"A"
"20103",2173355,70,0,"1",.,"A",.,"A",.,"A",.,"A",.,"A",.,"A",.,"A",.,"A",.,"A",.,"A",.,"A",.,"A",17,"D",.,"A",.,"A"
"20103",2173365,47,0,"1",.,"A",.,"A",.,"A",.,"A",60,"D",.,"A",.,"A",.,"A",.,"A",.,"A",.,"A",.,"A",40,"D",.,"A",.,"A"
"20103",2173375,33,0,"1",.,"A",.,"A",.,"A",.,"A",.,"A",.,"A",156,"D",.,"A",.,"A",.,"A",.,"A",.,"A",.,"A",.,"A",.,"A"
"20103",2173405,52,0,"1",.,"A",.,"A",.,"A",.,"A",.,"A",.,"A",.,"A",.,"A",15,"D",.,"A",.,"A",.,"A",.,"A",.,"A",.,"A"
"20103",2173425,71,0,"1",.,"A",.,"A",.,"A",.,"A",.,"A",.,"A",.,"A",.,"A",.,"A",.,"A",.,"A",.,"A",48,"D",.,"A",.,"A"
"20103",2173435,54,0,"1",.,"A",.,"A",.,"A",.,"A",.,"A",.,"A",.,"A",.,"A",.,"A",.,"A",.,"A",.,"A",50,"D",.,"A",.,"A"
"20103",2173445,43,0,"1",.,"A",.,"A",.,"A",150,"D",.,"A",.,"A",.,"A",.,"A",.,"A",45,"D",0,"D",0,"D",.,"A",15,"D",.,"A"
"20103",2173465,43,0,"1",.,"A",.,"A",.,"A",.,"A",.,"A",.,"A",65,"D",.,"A",.,"A",.,"A",.,"A",.,"A",.,"A",.,"A",.,"A"
"20103",2173485,56,0,"1",.,"A",.,"A",.,"A",.,"A",.,"A",.,"A",.,"A",.,"A",3,"D",.,"A",.,"A",.,"A",90,"D",.,"A",.,"A"
"20103",2173505,53,0,"1",.,"A",.,"A",.,"A",.,"A",.,"A",.,"A",.,"A",.,"A",.,"A",.,"A",.,"A",.,"A",45,"D",.,"A",.,"A"
"20103",2173515,38,0,"1",20,"D",.,"A",.,"A",.,"A",25,"D",50,"D",.,"A",.,"A",.,"A",.,"A",.,"A",.,"A",20,"D",.,"A",.,"A"
"20103",2173525,49,0,"1",.,"A",.,"A",.,"A",.,"A",.,"A",.,"A",.,"A",.,"A",.,"A",.,"A",.,"A",.,"A",200,"D",.,"A",.,"A"
"20103",2173535,64,0,"1",.,"A",.,"A",.,"A",.,"A",.,"A",.,"A",390,"D",.,"A",.,"A",.,"A",.,"A",.,"A",15,"D",.,"A",.,"A"
"20103",2173545,49,0,"1",.,"A",.,"A",.,"A",.,"A",.,"A",25,"D",273,"D",.,"A",.,"A",.,"A",.,"A",.,"A",140,"D",.,"A",.,"A"
"20103",2173565,25,0,"1",.,"A",.,"A",.,"A",.,"A",.,"A",.,"A",195,"D",.,"A",18,"D",0,"D",0,"D",60,"D",.,"A",0,"D",.,"A"
"20103",2173575,50,0,"1",.,"A",.,"A",.,"A",.,"A",.,"A",.,"A",.,"A",.,"A",18,"D",.,"A",.,"A",.,"A",30,"D",.,"A",.,"A"
"20103",2173585,50,0,"1",.,"A",.,"A",.,"A",.,"A",.,"A",.,"A",.,"A",.,"A",.,"A",.,"A",.,"A",.,"A",56,"D",.,"A",.,"A"
"20103",2173605,70,0,"1",.,"A",.,"A",.,"A",.,"A",.,"A",.,"A",1170,"D",.,"A",.,"A",.,"A",.,"A",.,"A",.,"A",.,"A",.,"A"
"20103",2173615,59,0,"1",.,"A",.,"A",.,"A",.,"A",.,"A",.,"A",.,"A",.,"A",.,"A",.,"A",.,"A",.,"A",.,"A",.,"A",.,"A"
"20103",2173635,85,0,"1",.,"A",.,"A",.,"A",.,"A",.,"A",.,"A",260,"D",.,"A",.,"A",.,"A",.,"A",.,"A",119,"D",.,"A",.,"A"
"20103",2173645,25,0,"1",.,"A",.,"A",.,"A",.,"A",.,"A",.,"A",.,"A",.,"A",.,"A",.,"A",.,"A",.,"A",.,"A",.,"A",.,"A"
"20103",2173675,33,0,"1",.,"A",.,"A",.,"A",.,"A",.,"A",.,"A",.,"A",.,"A",.,"A",.,"A",.,"A",.,"A",.,"A",.,"A",.,"A"
"20103",2173685,69,0,"1",.,"A",.,"A",.,"A",.,"A",.,"A",.,"A",.,"A",.,"A",.,"A",.,"A",.,"A",.,"A",70,"D",.,"A",.,"A"
"20103",2173695,101,0,"1",.,"A",.,"A",.,"A",.,"A",.,"A",.,"A",325,"D",.,"A",.,"A",.,"A",.,"A",.,"A",10,"D",.,"A",.,"A"
"20103",2173705,51,0,"1",.,"A",.,"A",.,"A",.,"A",.,"A",.,"A",.,"A",.,"A",.,"A",.,"A",.,"A",.,"A",75,"D",.,"A",.,"A"
"20103",2173725,33,0,"1",.,"A",.,"A",.,"A",.,"A",.,"A",.,"A",.,"A",.,"A",.,"A",.,"A",.,"A",.,"A",12,"D",.,"A",.,"A"
"20103",2173745,45,0,"1",.,"A",.,"A",.,"A",.,"A",.,"A",.,"A",.,"A",.,"A",.,"A",.,"A",.,"A",.,"A",40,"D",.,"A",.,"A"
"20103",2173765,58,0,"1",.,"A",.,"A",.,"A",.,"A",.,"A",.,"A",.,"A",.,"A",.,"A",.,"A",.,"A",.,"A",68,"D",.,"A",.,"A"
"20103",2173785,52,0,"1",.,"A",.,"A",.,"A",.,"A",.,"A",.,"A",.,"A",.,"A",.,"A",.,"A",.,"A",.,"A",90,"D",.,"A",.,"A"
"20103",2173795,56,0,"1",.,"A",.,"A",.,"A",.,"A",.,"A",20,"D",.,"A",.,"A",.,"A",.,"A",.,"A",.,"A",80,"F",.,"A",.,"A"
"20103",2173815,45,0,"1",.,"A",.,"A",.,"A",.,"A",.,"A",.,"A",.,"A",.,"A",.,"A",.,"A",.,"A",.,"A",150,"D",.,"A",.,"A"
"20103",2173835,75,0,"1",.,"A",.,"A",.,"A",.,"A",.,"A",.,"A",.,"A",130,"D",.,"A",.,"A",.,"A",.,"A",20,"D",.,"A",.,"A"
"20103",2173845,59,0,"1",.,"A",.,"A",.,"A",.,"A",.,"A",.,"A",.,"A",.,"A",36,"D",30,"D",0,"D",0,"D",75,"D",10,"D",.,"A"
"20103",2173855,59,0,"1",.,"A",.,"A",.,"A",.,"A",.,"A",.,"A",.,"A",.,"A",.,"A",.,"A",.,"A",.,"A",8,"D",.,"A",.,"A"
"20103",2173865,55,0,"1",.,"A",.,"A",.,"A",.,"A",180,"D",.,"A",.,"A",.,"A",.,"A",.,"A",.,"A",.,"A",50,"D",.,"A",.,"A"
"20103",2173875,48,0,"1",.,"A",.,"A",.,"A",.,"A",.,"A",.,"A",.,"A",.,"A",.,"A",.,"A",.,"A",.,"A",200,"D",.,"A",.,"A"
"20103",2173885,28,0,"1",5,"D",.,"A",.,"A",.,"A",15,"D",.,"A",52,"D",.,"A",.,"A",.,"A",.,"A",.,"A",.,"A",.,"A",.,"A"
"20103",2173905,54,0,"1",.,"A",.,"A",.,"A",.,"A",.,"A",.,"A",.,"A",.,"A",.,"A",.,"A",.,"A",.,"A",200,"D",.,"A",.,"A"
"20103",2173915,61,0,"1",.,"A",.,"A",.,"A",.,"A",.,"A",.,"A",.,"A",.,"A",.,"A",.,"A",.,"A",.,"A",120,"D",.,"A",.,"A"
"20103",2173935,61,0,"1",.,"A",.,"A",.,"A",.,"A",.,"A",.,"A",.,"A",.,"A",12,"D",.,"A",.,"A",.,"A",.,"A",.,"A",.,"A"
"20103",2173945,67,0,"1",.,"A",.,"A",.,"A",.,"A",.,"A",.,"A",.,"A",.,"A",198,"D",.,"A",.,"A",.,"A",.,"A",.,"A",.,"A"
"20103",2173955,58,0,"1",.,"A",.,"A",.,"A",.,"A",.,"A",.,"A",312,"D",.,"A",9,"D",.,"A",.,"A",.,"A",25,"D",.,"A",.,"A"
"20103",2173965,39,0,"1",.,"A",.,"A",.,"A",.,"A",.,"A",.,"A",.,"A",.,"A",.,"A",.,"A",.,"A",.,"A",.,"A",.,"A",.,"A"
"20103",2173975,55,0,"1",.,"A",.,"A",.,"A",.,"A",.,"A",.,"A",.,"A",.,"A",.,"A",.,"A",.,"A",.,"A",60,"D",.,"A",.,"A"
"20103",2173985,78,0,"1",.,"A",.,"A",.,"A",.,"A",.,"A",.,"A",65,"D",.,"A",.,"A",.,"A",.,"A",.,"A",160,"D",.,"A",.,"A"
"20103",2174005,90,0,"1",.,"A",.,"A",.,"A",.,"A",.,"A",30,"D",.,"A",.,"A",30,"D",0,"D",0,"D",120,"D",140,"D",0,"D",.,"A"
"20103",2174025,31,0,"1",.,"A",.,"A",.,"A",.,"A",30,"F",.,"A",.,"A",.,"A",.,"A",.,"A",.,"A",.,"A",25,"F",.,"A",.,"A"
"20103",2174045,38,0,"1",.,"A",.,"A",.,"A",.,"A",.,"A",.,"A",208,"D",.,"A",.,"A",.,"A",.,"A",.,"A",.,"A",.,"A",.,"A"
"20103",2174055,23,0,"1",.,"A",.,"A",.,"A",18,"D",120,"D",.,"A",.,"A",.,"A",9,"D",0,"D",0,"D",36,"D",.,"A",0,"D",.,"A"
"20103",2174065,67,0,"1",.,"A",.,"A",.,"A",.,"A",.,"A",.,"A",.,"A",.,"A",.,"A",.,"A",.,"A",.,"A",130,"D",.,"A",.,"A"
"20103",2174075,48,0,"1",.,"A",.,"A",.,"A",.,"A",.,"A",.,"A",.,"A",.,"A",.,"A",.,"A",.,"A",.,"A",.,"A",.,"A",.,"A"
"20103",2174095,51,0,"1",.,"A",.,"A",.,"A",.,"A",.,"A",.,"A",.,"A",.,"A",.,"A",0,"D",162,"D",0,"D",36,"D",0,"D",.,"A"
"20103",2174105,39,0,"1",.,"A",.,"A",.,"A",.,"A",.,"A",.,"A",.,"A",.,"A",.,"A",.,"A",.,"A",.,"A",.,"A",.,"A",.,"A"
"20103",2174125,41,0,"1",.,"A",.,"A",.,"A",.,"A",.,"A",.,"A",.,"A",.,"A",.,"A",.,"A",.,"A",.,"A",.,"A",.,"A",.,"A"
"20103",2174135,56,0,"1",.,"A",.,"A",.,"A",.,"A",.,"A",.,"A",.,"A",.,"A",.,"A",.,"A",.,"A",.,"A",.,"A",.,"A",.,"A"
"20103",2174145,50,0,"1",.,"A",.,"A",.,"A",.,"A",.,"A",.,"A",.,"A",.,"A",.,"A",.,"A",.,"A",.,"A",40,"D",.,"A",.,"A"
"20103",2174175,40,0,"1",.,"A",.,"A",.,"A",.,"A",.,"A",.,"A",.,"A",.,"A",.,"A",.,"A",.,"A",.,"A",80,"D",.,"A",.,"A"
"20103",2174215,49,0,"1",.,"A",.,"A",.,"A",.,"A",.,"A",.,"A",.,"A",.,"A",.,"A",.,"A",.,"A",.,"A",150,"D",.,"A",.,"A"
"20103",2174235,57,0,"1",.,"A",.,"A",.,"A",.,"A",.,"A",.,"A",.,"A",.,"A",30,"D",.,"A",.,"A",.,"A",.,"A",.,"A",.,"A"
"20103",2174245,48,0,"1",.,"A",.,"A",.,"A",.,"A",.,"A",.,"A",.,"A",.,"A",.,"A",.,"A",.,"A",.,"A",.,"A",.,"A",.,"A"
"20103",2174255,48,0,"1",.,"A",.,"A",.,"A",.,"A",.,"A",.,"A",.,"A",.,"A",.,"A",.,"A",.,"A",.,"A",80,"D",.,"A",.,"A"
"20103",2174265,69,0,"1",.,"A",.,"A",.,"A",.,"A",.,"A",.,"A",.,"A",.,"A",.,"A",.,"A",.,"A",.,"A",35,"D",.,"A",.,"A"
"20103",2174325,60,0,"1",30,"D",.,"A",.,"A",.,"A",210,"D",.,"A",.,"A",.,"A",24,"D",.,"A",.,"A",.,"A",.,"A",.,"A",.,"A"
"20103",2174335,62,0,"1",.,"A",.,"A",.,"A",.,"A",.,"A",.,"A",390,"D",.,"A",30,"D",.,"A",.,"A",.,"A",.,"A",.,"A",.,"A"
"20103",2174385,104,0,"1",.,"A",.,"A",45,"D",.,"A",.,"A",75,"D",.,"A",.,"A",.,"A",.,"A",.,"A",.,"A",320,"D",.,"A",.,"A"
"20103",2174415,68,0,"1",40,"D",.,"A",.,"A",.,"A",140,"D",.,"A",.,"A",.,"A",.,"A",.,"A",.,"A",.,"A",15,"D",.,"A",.,"A"
"20103",2174425,43,0,"1",.,"A",.,"A",.,"A",.,"A",.,"A",.,"A",.,"A",.,"A",.,"A",.,"A",.,"A",.,"A",12,"D",.,"A",.,"A"
"20103",2174435,27,0,"1",.,"A",.,"A",.,"A",.,"A",30,"D",.,"A",.,"A",.,"A",.,"A",0,"D",0,"D",300,"D",.,"A",0,"D",.,"A"
"20103",2174445,32,0,"1",.,"A",.,"A",.,"A",.,"A",.,"A",.,"A",.,"A",.,"A",.,"A",240,"D",0,"D",0,"D",40,"D",80,"D",.,"A"
"20103",2174465,61,0,"1",.,"A",.,"A",.,"A",.,"A",.,"A",.,"A",.,"A",.,"A",.,"A",.,"A",.,"A",.,"A",40,"D",.,"A",.,"A"
"20103",2174475,35,0,"1",.,"A",.,"A",.,"A",.,"A",.,"A",.,"A",.,"A",.,"A",.,"A",.,"A",.,"A",.,"A",42,"D",.,"A",.,"A"
"20103",2174495,42,0,"1",.,"A",.,"A",.,"A",.,"A",50,"D",.,"A",.,"A",.,"A",.,"A",.,"A",.,"A",.,"A",.,"A",.,"A",.,"A"
"20103",2174555,54,0,"1",.,"A",.,"A",85,"D",.,"A",.,"A",70,"D",.,"A",.,"A",.,"A",.,"A",.,"A",.,"A",200,"D",.,"A",.,"A"
"20103",2174585,42,0,"1",.,"A",.,"A",.,"A",.,"A",.,"A",.,"A",.,"A",.,"A",.,"A",.,"A",.,"A",.,"A",.,"A",.,"A",.,"A"
"20103",2174595,24,0,"1",.,"A",.,"A",.,"A",.,"A",60,"D",.,"A",.,"A",.,"A",.,"A",240,"D",0,"D",30,"D",30,"D",80,"D",.,"A"
"20103",2174605,64,0,"1",.,"A",.,"A",.,"A",.,"A",.,"A",.,"A",195,"D",.,"A",.,"A",.,"A",.,"A",.,"A",.,"A",.,"A",.,"A"
"20103",2174615,50,0,"1",.,"A",.,"A",.,"A",.,"A",.,"A",.,"A",.,"A",.,"A",.,"A",.,"A",.,"A",.,"A",150,"D",.,"A",.,"A"
"20103",2174625,42,0,"1",.,"A",.,"A",.,"A",.,"A",.,"A",.,"A",.,"A",.,"A",.,"A",.,"A",.,"A",.,"A",.,"A",.,"A",.,"A"
"20103",2174635,93,0,"1",.,"A",.,"A",.,"A",.,"A",.,"A",3,"D",.,"A",.,"A",.,"A",.,"A",.,"A",.,"A",55,"D",.,"A",.,"A"
"20103",2174665,48,0,"1",.,"A",.,"A",80,"D",.,"A",.,"A",.,"A",.,"A",.,"A",.,"A",.,"A",.,"A",.,"A",480,"D",.,"A",.,"A"
"20103",2174675,70,0,"1",.,"A",.,"A",.,"A",.,"A",.,"A",68,"D",.,"A",.,"A",.,"A",.,"A",.,"A",.,"A",250,"D",.,"A",.,"A"
"20103",2174685,78,0,"1",.,"A",.,"A",.,"A",.,"A",.,"A",.,"A",.,"A",195,"D",.,"A",.,"A",.,"A",.,"A",195,"D",.,"A",.,"A"
"20103",2174715,71,0,"1",.,"A",.,"A",.,"A",.,"A",.,"A",50,"D",.,"A",65,"D",12,"D",.,"A",.,"A",.,"A",70,"D",.,"A",.,"A"
"20103",2174725,93,0,"1",.,"A",.,"A",.,"A",.,"A",.,"A",40,"D",.,"A",39,"D",.,"A",.,"A",.,"A",.,"A",204,"D",.,"A",.,"A"
"20103",2174735,51,0,"1",.,"A",.,"A",.,"A",.,"A",.,"A",.,"A",260,"D",.,"A",.,"A",.,"A",.,"A",.,"A",12,"D",.,"A",.,"A"
"20103",2174745,61,0,"1",.,"A",.,"A",.,"A",.,"A",.,"A",.,"A",.,"A",.,"A",.,"A",.,"A",.,"A",.,"A",17,"D",.,"A",.,"A"
"20103",2174775,30,0,"1",30,"D",.,"A",.,"A",30,"D",65,"D",16,"D",.,"A",.,"A",.,"A",0,"D",0,"D",150,"D",75,"D",0,"D",.,"A"
"20103",2174795,35,0,"1",.,"A",.,"A",.,"A",.,"A",.,"A",.,"A",.,"A",.,"A",.,"A",.,"A",.,"A",.,"A",.,"A",.,"A",.,"A"
"20103",2174815,46,0,"1",5,"D",.,"A",.,"A",.,"A",15,"D",.,"A",260,"D",.,"A",.,"A",.,"A",.,"A",.,"A",.,"A",.,"A",.,"A"
"20103",2174825,71,0,"1",.,"A",.,"A",.,"A",.,"A",.,"A",.,"A",.,"A",.,"A",36,"D",.,"A",.,"A",.,"A",.,"A",.,"A",.,"A"
"20103",2174835,32,0,"1",60,"D",.,"A",.,"A",.,"A",180,"D",.,"A",.,"A",.,"A",.,"A",.,"A",.,"A",.,"A",.,"A",.,"A",.,"A"
"20103",2174875,31,0,"1",50,"D",.,"A",.,"A",120,"D",100,"D",.,"A",.,"A",.,"A",.,"A",0,"D",0,"D",300,"D",200,"D",0,"D",.,"A"
"20103",2174885,58,0,"1",.,"A",.,"A",.,"A",1000,"D",.,"A",75,"D",520,"D",.,"A",.,"A",.,"A",.,"A",.,"A",.,"A",.,"A",.,"A"
"20103",2174895,41,0,"1",.,"A",.,"A",.,"A",.,"A",.,"A",.,"A",.,"A",.,"A",.,"A",.,"A",.,"A",.,"A",.,"A",.,"A",.,"A"
"20103",2174905,61,0,"1",.,"A",.,"A",.,"A",15,"D",.,"A",15,"D",.,"A",.,"A",30,"D",18,"D",0,"D",0,"D",.,"A",6,"D",.,"A"
"20103",2174915,44,0,"1",.,"A",.,"A",.,"A",.,"A",.,"A",.,"A",.,"A",.,"A",.,"A",.,"A",.,"A",.,"A",.,"A",.,"A",.,"A"
"20103",2174925,63,0,"1",.,"A",.,"A",.,"A",.,"A",.,"A",40,"D",.,"A",.,"A",.,"A",.,"A",.,"A",.,"A",40,"D",.,"A",.,"A"
"20103",2174935,62,0,"1",.,"A",.,"A",.,"A",.,"A",.,"A",.,"A",.,"A",.,"A",.,"A",.,"A",.,"A",.,"A",50,"D",.,"A",.,"A"
"20103",2174945,49,0,"1",.,"A",.,"A",.,"A",.,"A",.,"A",.,"A",.,"A",.,"A",.,"A",.,"A",.,"A",.,"A",12,"D",.,"A",.,"A"
"20103",2174965,57,0,"1",.,"A",.,"A",40,"D",.,"A",.,"A",.,"A",.,"A",.,"A",.,"A",.,"A",.,"A",.,"A",70,"D",.,"A",.,"A"
"20103",2174995,45,0,"1",.,"A",.,"A",.,"A",90,"D",60,"D",.,"A",.,"A",.,"A",.,"A",177,"D",0,"D",0,"D",50,"D",59,"D",.,"A"
"20103",2175005,30,0,"1",.,"A",.,"A",.,"A",.,"A",.,"A",.,"A",.,"A",.,"A",.,"A",.,"A",.,"A",.,"A",95,"D",.,"A",.,"A"
"20103",2175015,26,0,"1",.,"A",.,"A",.,"A",.,"A",.,"A",.,"A",.,"A",.,"A",.,"A",.,"A",.,"A",.,"A",.,"A",.,"A",.,"A"
"20103",2175025,68,0,"1",.,"A",.,"A",.,"A",.,"A",.,"A",.,"A",.,"A",.,"A",.,"A",.,"A",.,"A",.,"A",240,"D",.,"A",.,"A"
"20103",2175035,53,0,"1",.,"A",.,"A",.,"A",.,"A",.,"A",.,"A",1508,"D",.,"A",.,"A",.,"A",.,"A",.,"A",156,"D",.,"A",.,"A"
"20103",2175065,55,0,"1",.,"A",.,"A",.,"A",.,"A",.,"A",30,"D",.,"A",.,"A",.,"A",.,"A",.,"A",.,"A",40,"D",.,"A",.,"A"
"20103",2175085,39,0,"1",.,"A",.,"A",.,"A",.,"A",.,"A",.,"A",.,"A",.,"A",.,"A",.,"A",.,"A",.,"A",50,"D",.,"A",.,"A"
"20103",2175105,43,0,"1",10,"D",.,"A",.,"A",.,"A",115,"D",.,"A",.,"A",.,"A",.,"A",.,"A",.,"A",.,"A",.,"A",.,"A",.,"A"
"20103",2175135,42,0,"1",.,"A",.,"A",.,"A",.,"A",50,"D",.,"A",.,"A",.,"A",.,"A",.,"A",.,"A",.,"A",40,"D",.,"A",.,"A"
"20103",2175145,39,0,"1",.,"A",.,"A",.,"A",.,"A",.,"A",.,"A",.,"A",.,"A",.,"A",.,"A",.,"A",.,"A",.,"A",.,"A",.,"A"
"20103",2175165,53,0,"1",.,"A",.,"A",.,"A",150,"D",.,"A",180,"D",.,"A",.,"A",.,"A",.,"A",.,"A",.,"A",.,"A",.,"A",.,"A"
"20103",2175175,37,0,"1",.,"A",.,"A",.,"A",.,"A",.,"A",.,"A",.,"A",.,"A",.,"A",.,"A",.,"A",.,"A",.,"A",.,"A",.,"A"
"20103",2175195,54,0,"1",.,"A",.,"A",.,"A",.,"A",.,"A",.,"A",.,"A",.,"A",.,"A",.,"A",.,"A",.,"A",150,"D",.,"A",.,"A"
"20103",2175205,64,0,"1",.,"A",.,"A",.,"A",.,"A",.,"A",30,"D",.,"A",.,"A",.,"A",.,"A",.,"A",.,"A",360,"D",.,"A",.,"A"
"20103",2175215,59,0,"1",.,"A",.,"A",.,"A",.,"A",.,"A",.,"A",.,"A",.,"A",.,"A",.,"A",.,"A",.,"A",258,"D",.,"A",.,"A"
"20103",2175225,44,0,"1",.,"A",.,"A",.,"A",.,"A",.,"A",.,"A",.,"A",.,"A",.,"A",.,"A",.,"A",.,"A",.,"A",.,"A",.,"A"
"20103",2175235,21,0,"1",.,"A",.,"A",.,"A",.,"A",.,"A",.,"A",.,"A",.,"A",.,"A",0,"D",0,"D",126,"D",30,"D",0,"D",.,"A"
"20103",2175255,42,0,"1",.,"A",.,"A",.,"A",.,"A",.,"A",.,"A",.,"A",.,"A",.,"A",.,"A",.,"A",.,"A",.,"A",.,"A",.,"A"
"20103",2175275,48,0,"1",.,"A",.,"A",.,"A",.,"A",.,"A",.,"A",.,"A",.,"A",.,"A",.,"A",.,"A",.,"A",18,"D",.,"A",.,"A"
"20103",2175305,44,0,"1",.,"A",.,"A",.,"A",.,"A",90,"D",.,"A",.,"A",.,"A",.,"A",495,"D",0,"D",0,"D",80,"D",165,"D",.,"A"
"20103",2175325,72,0,"1",.,"A",.,"A",.,"A",.,"A",.,"A",40,"D",.,"A",.,"A",.,"A",.,"A",.,"A",.,"A",100,"D",.,"A",.,"A"
"20103",2175335,58,0,"1",.,"A",.,"A",.,"A",.,"A",.,"A",.,"A",.,"A",.,"A",.,"A",.,"A",.,"A",.,"A",40,"D",.,"A",.,"A"
"20103",2175345,43,0,"1",.,"A",.,"A",.,"A",40,"D",30,"D",.,"A",260,"D",520,"D",30,"D",0,"D",0,"D",15,"D",100,"D",0,"D",.,"A"
"20103",2175355,32,0,"1",.,"A",.,"A",.,"A",.,"A",240,"D",.,"A",390,"D",.,"A",.,"A",.,"A",.,"A",.,"A",100,"D",.,"A",.,"A"
"20103",2175395,87,0,"1",.,"A",.,"A",.,"A",.,"A",.,"A",.,"A",.,"A",.,"A",.,"A",0,"D",0,"D",0,"D",20,"D",0,"D",.,"A"
"20103",2175425,73,0,"1",.,"A",.,"A",.,"A",.,"A",.,"A",10,"D",.,"A",.,"A",.,"A",.,"A",.,"A",.,"A",90,"D",.,"A",.,"A"
"20103",2175435,50,0,"1",.,"A",.,"A",.,"A",.,"A",.,"A",50,"D",.,"A",.,"A",.,"A",.,"A",.,"A",.,"A",30,"D",.,"A",.,"A"
"20103",2175445,66,0,"1",.,"A",.,"A",.,"A",.,"A",.,"A",15,"D",.,"A",.,"A",.,"A",.,"A",.,"A",.,"A",150,"D",.,"A",.,"A"
"20103",2175455,65,0,"1",.,"A",.,"A",.,"A",.,"A",.,"A",.,"A",.,"A",.,"A",.,"A",.,"A",.,"A",.,"A",125,"D",.,"A",.,"A"
"20103",2175475,50,0,"1",30,"D",.,"A",.,"A",.,"A",120,"D",.,"A",65,"D",.,"A",.,"A",.,"A",.,"A",.,"A",.,"A",.,"A",.,"A"
"20103",2175485,56,0,"1",.,"A",.,"A",.,"A",.,"A",.,"A",100,"D",.,"A",.,"A",.,"A",.,"A",.,"A",.,"A",.,"A",.,"A",.,"A"
"20103",2175495,76,0,"1",.,"A",.,"A",.,"A",.,"A",.,"A",200,"D",.,"A",.,"A",30,"D",.,"A",.,"A",.,"A",260,"D",.,"A",.,"A"
"20103",2175525,64,0,"1",.,"A",.,"A",.,"A",.,"A",.,"A",.,"A",546,"D",.,"A",.,"A",.,"A",.,"A",.,"A",.,"A",.,"A",.,"A"
"20103",2175545,50,0,"1",.,"A",.,"A",.,"A",.,"A",.,"A",.,"A",.,"A",.,"A",.,"A",.,"A",.,"A",.,"A",.,"A",.,"A",.,"A"
"20103",2175565,43,0,"1",.,"A",.,"A",.,"A",.,"A",.,"A",.,"A",.,"A",.,"A",.,"A",.,"A",.,"A",.,"A",.,"A",.,"A",.,"A"
"20103",2175585,55,0,"1",.,"A",.,"A",.,"A",.,"A",.,"A",.,"A",650,"D",.,"A",.,"A",.,"A",.,"A",.,"A",18,"D",.,"A",.,"A"
"20103",2175615,68,0,"1",.,"A",.,"A",.,"A",.,"A",.,"A",300,"D",.,"A",.,"A",.,"A",.,"A",.,"A",.,"A",400,"D",.,"A",.,"A"
"20103",2175625,63,0,"1",.,"A",.,"A",.,"A",.,"A",.,"A",.,"A",.,"A",.,"A",.,"A",.,"A",.,"A",.,"A",45,"D",.,"A",.,"A"
"20103",2175645,30,0,"1",.,"A",.,"A",.,"A",.,"A",.,"A",.,"A",.,"A",.,"A",.,"A",.,"A",.,"A",.,"A",.,"A",.,"A",.,"A"
"20103",2175655,35,0,"1",.,"A",.,"A",.,"A",.,"A",.,"A",.,"A",390,"D",.,"A",.,"A",.,"A",.,"A",.,"A",120,"D",.,"A",.,"A"
"20103",2175675,95,0,"1",.,"A",.,"A",.,"A",.,"A",.,"A",.,"A",.,"A",.,"A",.,"A",.,"A",.,"A",.,"A",.,"A",.,"A",.,"A"
"20103",2175685,37,0,"1",.,"A",.,"A",.,"A",.,"A",.,"A",.,"A",.,"A",.,"A",.,"A",.,"A",.,"A",.,"A",.,"A",.,"A",.,"A"
"20103",2175695,55,0,"1",.,"A",.,"A",.,"A",.,"A",.,"A",.,"A",.,"A",.,"A",.,"A",.,"A",.,"A",.,"A",10,"D",.,"A",.,"A"
"20103",2175705,41,0,"1",.,"A",.,"A",.,"A",.,"A",.,"A",.,"A",.,"A",.,"A",.,"A",.,"A",.,"A",.,"A",50,"D",.,"A",.,"A"
"20103",2175725,47,0,"1",.,"A",.,"A",.,"A",.,"A",.,"A",.,"A",650,"D",.,"A",.,"A",.,"A",.,"A",.,"A",70,"D",.,"A",.,"A"
"20103",2175745,44,0,"1",.,"A",.,"A",.,"A",.,"A",.,"A",.,"A",.,"A",.,"A",.,"A",.,"A",.,"A",.,"A",157,"D",.,"A",.,"A"
"20103",2175755,36,0,"1",.,"A",.,"A",.,"A",.,"A",40,"D",.,"A",910,"D",.,"A",1200,"D",0,"D",0,"D",120,"D",24,"D",0,"D",.,"A"
"20103",2175785,34,0,"1",.,"A",.,"A",.,"A",.,"A",.,"A",12,"D",.,"A",.,"A",.,"A",.,"A",.,"A",.,"A",.,"A",.,"A",.,"A"
"20103",2175805,87,0,"1",.,"A",.,"A",.,"A",.,"A",.,"A",20,"D",.,"A",.,"A",15,"D",.,"A",.,"A",.,"A",550,"D",.,"A",.,"A"
"20103",2175815,43,0,"1",.,"A",.,"A",.,"A",.,"A",.,"A",.,"A",.,"A",.,"A",.,"A",.,"A",.,"A",.,"A",10,"D",.,"A",.,"A"
"20103",2175825,68,0,"1",.,"A",.,"A",.,"A",.,"A",.,"A",.,"A",.,"A",.,"A",.,"A",.,"A",.,"A",.,"A",.,"A",.,"A",.,"A"
"20103",2175835,48,0,"1",.,"A",.,"A",.,"A",.,"A",.,"A",.,"A",.,"A",.,"A",.,"A",.,"A",.,"A",.,"A",30,"D",.,"A",.,"A"
"20103",2175845,43,0,"1",.,"A",.,"A",.,"A",.,"A",.,"A",.,"A",.,"A",.,"A",18,"D",.,"A",.,"A",.,"A",50,"D",.,"A",.,"A"
"20103",2175855,57,0,"1",.,"A",.,"A",.,"A",.,"A",.,"A",.,"A",.,"A",.,"A",.,"A",.,"A",.,"A",.,"A",.,"A",.,"A",.,"A"
"20103",2175865,42,0,"1",.,"A",.,"A",.,"A",.,"A",.,"A",.,"A",.,"A",260,"D",.,"A",.,"A",.,"A",.,"A",60,"D",.,"A",.,"A"
"20103",2175875,49,0,"1",.,"A",.,"A",.,"A",.,"A",.,"A",400,"D",.,"A",.,"A",.,"A",.,"A",.,"A",.,"A",1200,"D",.,"A",.,"A"
"20103",2175885,21,0,"1",.,"A",.,"A",.,"A",.,"A",.,"A",.,"A",260,"D",.,"A",.,"A",.,"A",.,"A",.,"A",.,"A",.,"A",.,"A"
"20103",2175905,63,0,"1",.,"A",.,"A",.,"A",.,"A",.,"A",.,"A",.,"A",.,"A",.,"A",.,"A",.,"A",.,"A",30,"D",.,"A",.,"A"
"20103",2175915,121,0,"1",.,"A",.,"A",.,"A",.,"A",.,"A",240,"D",.,"A",.,"A",.,"A",.,"A",.,"A",.,"A",310,"D",.,"A",.,"A"
"20103",2175925,63,0,"1",.,"A",.,"A",.,"A",.,"A",.,"A",.,"A",260,"D",.,"A",.,"A",.,"A",.,"A",.,"A",480,"D",.,"A",.,"A"
"20103",2175945,57,0,"1",.,"A",.,"A",.,"A",.,"A",.,"A",.,"A",325,"D",.,"A",.,"A",.,"A",.,"A",.,"A",.,"A",.,"A",.,"A"
"20103",2175955,57,0,"1",.,"A",.,"A",.,"A",.,"A",.,"A",.,"A",.,"A",.,"A",.,"A",.,"A",.,"A",.,"A",160,"F",.,"A",.,"A"
"20103",2175985,78,0,"1",.,"A",.,"A",.,"A",.,"A",.,"A",.,"A",.,"A",.,"A",.,"A",.,"A",.,"A",.,"A",60,"D",.,"A",.,"A"
"20103",2176015,37,0,"1",20,"D",.,"A",.,"A",.,"A",280,"D",.,"A",195,"D",.,"A",.,"A",.,"A",.,"A",.,"A",.,"A",.,"A",.,"A"
"20103",2176025,70,0,"1",.,"A",.,"A",.,"A",.,"A",.,"A",.,"A",.,"A",.,"A",.,"A",.,"A",.,"A",.,"A",150,"D",.,"A",.,"A"
"20103",2176035,64,0,"1",.,"A",.,"A",.,"A",.,"A",.,"A",.,"A",1040,"D",.,"A",.,"A",.,"A",.,"A",.,"A",30,"D",.,"A",.,"A"
"20103",2176045,62,0,"1",.,"A",.,"A",.,"A",.,"A",.,"A",.,"A",468,"D",.,"A",.,"A",.,"A",.,"A",.,"A",.,"A",.,"A",.,"A"
"20103",2176075,53,0,"1",.,"A",.,"A",.,"A",.,"A",.,"A",.,"A",.,"A",.,"A",.,"A",.,"A",.,"A",.,"A",.,"A",.,"A",.,"A"
"20103",2176085,50,0,"1",.,"A",.,"A",.,"A",.,"A",.,"A",45,"D",.,"A",.,"A",60,"D",.,"A",.,"A",.,"A",.,"A",.,"A",.,"A"
"20103",2176095,52,0,"1",.,"A",.,"A",.,"A",.,"A",.,"A",.,"A",.,"A",.,"A",.,"A",.,"A",.,"A",.,"A",.,"A",.,"A",.,"A"
"20103",2176105,42,0,"1",.,"A",.,"A",.,"A",.,"A",.,"A",.,"A",.,"A",.,"A",.,"A",.,"A",.,"A",.,"A",.,"A",.,"A",.,"A"
"20103",2176125,37,0,"1",.,"A",.,"A",.,"A",.,"A",.,"A",.,"A",.,"A",.,"A",.,"A",.,"A",.,"A",.,"A",.,"A",.,"A",.,"A"
"20103",2176135,68,0,"1",.,"A",.,"A",.,"A",.,"A",.,"A",.,"A",65,"D",.,"A",.,"A",.,"A",.,"A",.,"A",35,"D",.,"A",.,"A"
"20103",2176175,43,0,"1",.,"A",.,"A",.,"A",.,"A",.,"A",.,"A",520,"D",.,"A",.,"A",.,"A",.,"A",.,"A",.,"A",.,"A",.,"A"
"20103",2176185,58,0,"1",.,"A",.,"A",.,"A",.,"A",.,"A",.,"A",169,"F",.,"A",.,"A",.,"A",.,"A",.,"A",18,"D",.,"A",.,"A"
"20103",2176195,27,0,"1",.,"A",.,"A",.,"A",.,"A",25,"D",.,"A",.,"A",.,"A",.,"A",.,"A",.,"A",.,"A",40,"D",.,"A",.,"A"
"20103",2176205,34,0,"1",.,"A",.,"A",.,"A",.,"A",.,"A",.,"A",.,"A",.,"A",.,"A",.,"A",.,"A",.,"A",.,"A",.,"A",.,"A"
"20103",2176215,58,0,"1",.,"A",.,"A",.,"A",.,"A",.,"A",.,"A",.,"A",.,"A",.,"A",.,"A",.,"A",.,"A",70,"D",.,"A",.,"A"
"20103",2176225,119,0,"1",.,"A",.,"A",.,"A",.,"A",.,"A",.,"A",.,"A",.,"A",.,"A",.,"A",.,"A",.,"A",100,"D",.,"A",.,"A"
"20103",2176235,22,0,"1",.,"A",.,"A",.,"A",.,"A",.,"A",.,"A",.,"A",.,"A",.,"A",.,"A",.,"A",.,"A",.,"A",.,"A",.,"A"
"20103",2176245,33,0,"1",10,"D",.,"A",.,"A",.,"A",230,"D",.,"A",182,"D",.,"A",.,"A",294,"D",0,"D",0,"D",.,"A",98,"D",.,"A"
"20103",2176265,56,0,"1",.,"A",.,"A",.,"A",.,"A",.,"A",.,"A",520,"D",.,"A",.,"A",.,"A",.,"A",.,"A",18,"D",.,"A",.,"A"
"20103",2176275,35,0,"1",.,"A",.,"A",.,"A",.,"A",60,"D",.,"A",.,"A",.,"A",.,"A",.,"A",.,"A",.,"A",.,"A",.,"A",.,"A"
"20103",2176285,58,0,"1",.,"A",.,"A",.,"A",.,"A",.,"A",.,"A",.,"A",.,"A",.,"A",.,"A",.,"A",.,"A",25,"D",.,"A",.,"A"
"20103",2176295,51,0,"1",.,"A",.,"A",.,"A",.,"A",.,"A",.,"A",.,"A",.,"A",.,"A",.,"A",.,"A",.,"A",40,"D",.,"A",.,"A"
"20103",2176315,94,0,"1",.,"A",.,"A",.,"A",.,"A",.,"A",160,"D",.,"A",.,"A",15,"D",270,"D",0,"D",0,"D",150,"D",90,"D",.,"A"
"20103",2176335,58,0,"1",.,"A",.,"A",.,"A",.,"A",.,"A",.,"A",.,"A",.,"A",.,"A",.,"A",.,"A",.,"A",300,"D",.,"A",.,"A"
"20103",2176355,35,0,"1",.,"A",.,"A",.,"A",.,"A",.,"A",.,"A",.,"A",.,"A",.,"A",.,"A",.,"A",.,"A",.,"A",.,"A",.,"A"
"20103",2176365,53,0,"1",.,"A",.,"A",.,"A",.,"A",90,"D",.,"A",.,"A",.,"A",.,"A",.,"A",.,"A",.,"A",240,"D",.,"A",.,"A"
"20103",2176375,67,0,"1",.,"A",.,"A",10,"D",.,"A",.,"A",.,"A",.,"A",.,"A",.,"A",.,"A",.,"A",.,"A",10,"D",.,"A",.,"A"
"20103",2176385,45,0,"1",.,"A",.,"A",.,"A",.,"A",.,"A",60,"D",.,"A",.,"A",.,"A",.,"A",.,"A",.,"A",60,"D",.,"A",.,"A"
"20103",2176395,45,0,"1",.,"A",.,"A",.,"A",.,"A",.,"A",.,"A",.,"A",.,"A",.,"A",.,"A",.,"A",.,"A",.,"A",.,"A",.,"A"
"20103",2176405,52,0,"1",.,"A",.,"A",.,"A",.,"A",.,"A",.,"A",.,"A",.,"A",.,"A",.,"A",.,"A",.,"A",100,"D",.,"A",.,"A"
"20103",2176475,101,0,"1",.,"A",.,"A",35,"D",.,"A",.,"A",.,"A",.,"A",.,"A",.,"A",.,"A",.,"A",.,"A",160,"D",.,"A",.,"A"
"20103",2176485,43,0,"1",.,"A",.,"A",.,"A",.,"A",.,"A",.,"A",.,"A",.,"A",.,"A",.,"A",.,"A",.,"A",30,"D",.,"A",.,"A"
"20103",2176495,64,0,"1",.,"A",.,"A",.,"A",.,"A",.,"A",.,"A",1274,"D",.,"A",.,"A",.,"A",.,"A",.,"A",.,"A",.,"A",.,"A"
"20103",2176525,50,0,"1",.,"A",.,"A",.,"A",.,"A",.,"A",80,"D",.,"A",.,"A",.,"A",.,"A",.,"A",.,"A",150,"D",.,"A",.,"A"
"20103",2176535,59,0,"1",.,"A",.,"A",.,"A",.,"A",.,"A",.,"A",.,"A",.,"A",.,"A",.,"A",.,"A",.,"A",120,"D",.,"A",.,"A"
"20103",2176575,33,0,"1",.,"A",.,"A",.,"A",.,"A",15,"D",.,"A",.,"A",.,"A",.,"A",.,"A",.,"A",.,"A",.,"A",.,"A",.,"A"
"20103",2176585,23,0,"1",.,"A",.,"A",.,"A",.,"A",52,"F",.,"A",.,"A",.,"A",.,"A",.,"A",.,"A",.,"A",.,"A",.,"A",.,"A"
"20103",2176615,37,0,"1",.,"A",.,"A",.,"A",.,"A",.,"A",.,"A",104,"D",.,"A",.,"A",.,"A",.,"A",.,"A",.,"A",.,"A",.,"A"
"20103",2176635,48,0,"1",.,"A",.,"A",.,"A",.,"A",.,"A",.,"A",.,"A",.,"A",.,"A",.,"A",.,"A",.,"A",.,"A",.,"A",.,"A"
"20103",2176645,64,0,"1",60,"D",.,"A",.,"A",.,"A",120,"D",.,"A",546,"D",.,"A",.,"A",.,"A",.,"A",.,"A",.,"A",.,"A",.,"A"
"20103",2176665,48,0,"1",.,"A",.,"A",.,"A",.,"A",.,"A",.,"A",2600,"D",.,"A",.,"A",.,"A",.,"A",.,"A",140,"D",.,"A",.,"A"
"20103",2176675,47,0,"1",.,"A",.,"A",.,"A",.,"A",.,"A",.,"A",.,"A",.,"A",.,"A",.,"A",.,"A",.,"A",.,"A",.,"A",.,"A"
"20103",2176695,65,0,"1",.,"A",.,"A",.,"A",.,"A",.,"A",.,"A",.,"A",.,"A",.,"A",.,"A",.,"A",.,"A",180,"D",.,"A",.,"A"
"20103",2176725,61,0,"1",.,"A",.,"A",.,"A",40,"D",.,"A",.,"A",.,"A",.,"A",.,"A",.,"A",.,"A",.,"A",45,"D",.,"A",.,"A"
"20103",2176735,43,0,"1",.,"A",.,"A",.,"A",.,"A",.,"A",.,"A",.,"A",.,"A",.,"A",.,"A",.,"A",.,"A",.,"A",.,"A",.,"A"
"20103",2176745,83,0,"1",.,"A",.,"A",.,"A",.,"A",.,"A",.,"A",.,"A",.,"A",.,"A",.,"A",.,"A",.,"A",37,"D",.,"A",.,"A"
"20103",2176755,41,0,"1",.,"A",.,"A",.,"A",.,"A",12,"D",.,"A",.,"A",.,"A",.,"A",0,"D",0,"D",120,"D",.,"A",0,"D",.,"A"
"20103",2176765,40,0,"1",.,"A",.,"A",.,"A",.,"A",.,"A",.,"A",.,"A",.,"A",.,"A",.,"A",.,"A",.,"A",.,"A",.,"A",.,"A"
"20103",2176775,38,0,"1",9,"D",.,"A",.,"A",.,"A",10,"D",.,"A",.,"A",.,"A",.,"A",.,"A",.,"A",.,"A",.,"A",.,"A",.,"A"
"20103",2176795,36,0,"1",.,"A",.,"A",.,"A",.,"A",12,"D",.,"A",442,"D",.,"A",.,"A",.,"A",.,"A",.,"A",48,"D",.,"A",.,"A"
"20103",2176805,67,0,"1",.,"A",.,"A",.,"A",.,"A",.,"A",16,"D",.,"A",.,"A",30,"D",.,"A",.,"A",.,"A",74,"D",.,"A",.,"A"
"20103",2176815,112,0,"1",.,"A",.,"A",.,"A",.,"A",.,"A",.,"A",.,"A",.,"A",.,"A",.,"A",.,"A",.,"A",209,"D",.,"A",.,"A"
"20103",2176825,27,0,"1",.,"A",.,"A",.,"A",.,"A",.,"A",.,"A",455,"D",.,"A",.,"A",.,"A",.,"A",.,"A",.,"A",.,"A",.,"A"
"20103",2176855,55,0,"1",.,"A",.,"A",.,"A",.,"A",.,"A",.,"A",.,"A",.,"A",.,"A",.,"A",.,"A",.,"A",130,"D",.,"A",.,"A"
"20103",2176875,76,0,"1",.,"A",.,"A",.,"A",.,"A",.,"A",.,"A",2275,"D",2860,"D",.,"A",.,"A",.,"A",.,"A",40,"D",.,"A",.,"A"
"20103",2176895,34,0,"1",30,"D",.,"A",.,"A",.,"A",110,"D",50,"D",.,"A",.,"A",.,"A",0,"D",540,"D",0,"D",200,"D",0,"D",.,"A"
"20103",2176905,77,0,"1",.,"A",.,"A",.,"A",.,"A",.,"A",20,"D",.,"A",.,"A",.,"A",.,"A",.,"A",.,"A",225,"D",.,"A",.,"A"
"20103",2176925,67,0,"1",.,"A",.,"A",.,"A",10,"D",.,"A",.,"A",.,"A",.,"A",.,"A",.,"A",.,"A",.,"A",66,"D",.,"A",.,"A"
"20103",2176935,90,0,"1",.,"A",.,"A",.,"A",.,"A",.,"A",.,"A",.,"A",.,"A",.,"A",.,"A",.,"A",.,"A",50,"D",.,"A",.,"A"
"20103",2176965,47,0,"1",.,"A",.,"A",.,"A",.,"A",.,"A",.,"A",260,"D",.,"A",.,"A",.,"A",.,"A",.,"A",20,"D",.,"A",.,"A"
"20103",2176975,73,0,"1",.,"A",.,"A",.,"A",.,"A",.,"A",80,"D",.,"A",.,"A",.,"A",.,"A",.,"A",.,"A",160,"D",.,"A",.,"A"
"20103",2177005,30,0,"1",.,"A",.,"A",.,"A",.,"A",.,"A",50,"F",.,"A",.,"A",.,"A",.,"A",.,"A",.,"A",60,"F",.,"A",.,"A"
"20103",2177015,49,0,"1",.,"A",.,"A",.,"A",.,"A",.,"A",.,"A",.,"A",.,"A",.,"A",.,"A",.,"A",.,"A",.,"A",.,"A",.,"A"
"20103",2177035,42,0,"1",.,"A",.,"A",.,"A",.,"A",.,"A",.,"A",.,"A",.,"A",.,"A",.,"A",.,"A",.,"A",100,"D",.,"A",.,"A"
"20103",2177085,32,0,"1",.,"A",.,"A",.,"A",.,"A",.,"A",.,"A",.,"A",.,"A",.,"A",.,"A",.,"A",.,"A",.,"A",.,"A",.,"A"
"20103",2177105,30,0,"1",.,"A",.,"A",.,"A",.,"A",50,"D",.,"A",.,"A",.,"A",.,"A",.,"A",.,"A",.,"A",.,"A",.,"A",.,"A"
"20103",2177125,45,0,"1",.,"A",.,"A",.,"A",.,"A",.,"A",.,"A",130,"D",.,"A",45,"D",.,"A",.,"A",.,"A",.,"A",.,"A",.,"A"
"20103",2177135,33,0,"1",.,"A",.,"A",.,"A",.,"A",.,"A",.,"A",.,"A",.,"A",.,"A",.,"A",.,"A",.,"A",.,"A",.,"A",.,"A"
"20103",2177155,87,0,"1",.,"A",.,"A",.,"A",.,"A",.,"A",.,"A",.,"A",.,"A",.,"A",.,"A",.,"A",.,"A",125,"D",.,"A",.,"A"
"20103",2177165,73,0,"1",.,"A",.,"A",.,"A",.,"A",.,"A",.,"A",.,"A",.,"A",.,"A",.,"A",.,"A",.,"A",50,"D",.,"A",.,"A"
"20103",2177195,29,0,"1",.,"A",.,"A",.,"A",.,"A",.,"A",.,"A",.,"A",.,"A",.,"A",.,"A",.,"A",.,"A",.,"A",.,"A",.,"A"
"20103",2177205,45,0,"1",.,"A",.,"A",.,"A",.,"A",.,"A",.,"A",.,"A",.,"A",.,"A",.,"A",.,"A",.,"A",200,"D",.,"A",.,"A"
"20103",2177225,68,0,"1",.,"A",.,"A",21,"D",.,"A",.,"A",.,"A",.,"A",.,"A",6,"D",.,"A",.,"A",.,"A",.,"A",.,"A",.,"A"
"20103",2177235,68,0,"1",.,"A",.,"A",1,"D",.,"A",.,"A",.,"A",.,"A",.,"A",.,"A",.,"A",.,"A",.,"A",550,"D",.,"A",.,"A"
"20103",2177265,50,0,"1",.,"A",.,"A",.,"A",.,"A",.,"A",60,"D",650,"D",.,"A",.,"A",.,"A",.,"A",.,"A",80,"D",.,"A",.,"A"
"20103",2177275,68,0,"1",.,"A",.,"A",.,"A",.,"A",.,"A",189,"D",.,"A",.,"A",15,"D",.,"A",.,"A",.,"A",220,"D",.,"A",.,"A"
"20103",2177285,117,0,"1",.,"A",.,"A",.,"A",.,"A",.,"A",100,"D",.,"A",195,"D",.,"A",.,"A",.,"A",.,"A",400,"D",.,"A",.,"A"
"20103",2177305,84,0,"1",.,"A",.,"A",.,"A",.,"A",.,"A",.,"A",.,"A",.,"A",30,"D",.,"A",.,"A",.,"A",90,"D",.,"A",.,"A"
"20103",2177315,53,0,"1",.,"A",.,"A",.,"A",.,"A",.,"A",.,"A",.,"A",.,"A",.,"A",.,"A",.,"A",.,"A",.,"A",.,"A",.,"A"
"20103",2177325,28,0,"1",.,"A",.,"A",.,"A",.,"A",.,"A",.,"A",.,"A",.,"A",.,"A",.,"A",.,"A",.,"A",120,"D",.,"A",.,"A"
"20103",2177335,56,0,"1",.,"A",.,"A",.,"A",.,"A",30,"D",30,"D",.,"A",.,"A",.,"A",.,"A",.,"A",.,"A",75,"D",.,"A",.,"A"
"20103",2177355,31,0,"1",.,"A",.,"A",.,"A",.,"A",.,"A",.,"A",.,"A",.,"A",.,"A",0,"D",0,"D",60,"D",.,"A",0,"D",.,"A"
"20103",2177365,38,0,"1",.,"A",.,"A",.,"A",.,"A",.,"A",.,"A",.,"A",.,"A",.,"A",.,"A",.,"A",.,"A",10,"D",.,"A",.,"A"
"20103",2177385,30,0,"1",.,"A",.,"A",.,"A",.,"A",60,"D",.,"A",390,"D",.,"A",.,"A",.,"A",.,"A",.,"A",.,"A",.,"A",.,"A"
"20103",2177395,51,0,"1",.,"A",.,"A",.,"A",.,"A",.,"A",.,"A",.,"A",.,"A",.,"A",.,"A",.,"A",.,"A",.,"A",.,"A",.,"A"
"20103",2177425,85,0,"1",.,"A",.,"A",.,"A",.,"A",.,"A",.,"A",.,"A",.,"A",.,"A",.,"A",.,"A",.,"A",210,"D",.,"A",.,"A"
"20103",2177455,90,0,"1",.,"A",.,"A",.,"A",.,"A",10,"D",130,"D",.,"A",.,"A",45,"D",.,"A",.,"A",.,"A",100,"D",.,"A",.,"A"
"20103",2177475,81,0,"1",.,"A",.,"A",.,"A",.,"A",.,"A",.,"A",.,"A",.,"A",.,"A",.,"A",.,"A",.,"A",328,"D",.,"A",.,"A"
"20103",2177485,37,0,"1",8,"D",.,"A",.,"A",.,"A",17,"D",.,"A",.,"A",.,"A",.,"A",.,"A",.,"A",.,"A",.,"A",.,"A",.,"A"
"20103",2177525,67,0,"1",.,"A",.,"A",.,"A",.,"A",.,"A",60,"D",.,"A",.,"A",.,"A",.,"A",.,"A",.,"A",320,"D",.,"A",.,"A"
"20103",2177535,87,0,"1",.,"A",.,"A",.,"A",10,"D",.,"A",.,"A",.,"A",.,"A",.,"A",.,"A",.,"A",.,"A",42,"D",.,"A",.,"A"
"20103",2177545,38,0,"1",.,"A",.,"A",.,"A",.,"A",30,"D",.,"A",260,"D",.,"A",.,"A",.,"A",.,"A",.,"A",.,"A",.,"A",.,"A"
"20103",2177555,44,0,"1",.,"A",.,"A",.,"A",.,"A",.,"A",.,"A",260,"D",.,"A",.,"A",.,"A",.,"A",.,"A",.,"A",.,"A",.,"A"
"20103",2177575,39,0,"1",.,"A",.,"A",.,"A",.,"A",90,"D",.,"A",.,"A",.,"A",90,"D",.,"A",.,"A",.,"A",30,"D",.,"A",.,"A"
"20103",2177585,68,0,"1",.,"A",.,"A",.,"A",.,"A",.,"A",.,"A",.,"A",390,"D",.,"A",.,"A",.,"A",.,"A",100,"D",.,"A",.,"A"
"20103",2177605,28,0,"1",.,"A",.,"A",.,"A",.,"A",.,"A",.,"A",234,"D",.,"A",.,"A",.,"A",.,"A",.,"A",.,"A",.,"A",.,"A"
"20103",2177625,58,0,"1",.,"A",.,"A",.,"A",.,"A",.,"A",.,"A",1300,"D",.,"A",.,"A",.,"A",.,"A",.,"A",.,"A",.,"A",.,"A"
"20103",2177635,44,0,"1",.,"A",.,"A",.,"A",.,"A",.,"A",120,"D",.,"A",.,"A",.,"A",.,"A",.,"A",.,"A",70,"D",.,"A",.,"A"
"20103",2177655,49,0,"1",.,"A",.,"A",42,"D",.,"A",.,"A",.,"A",.,"A",.,"A",.,"A",.,"A",.,"A",.,"A",.,"A",.,"A",.,"A"
"20103",2177665,38,0,"1",.,"A",.,"A",.,"A",.,"A",.,"A",.,"A",.,"A",.,"A",.,"A",.,"A",.,"A",.,"A",60,"D",.,"A",.,"A"
"20103",2177685,61,0,"1",.,"A",.,"A",.,"A",.,"A",.,"A",15,"D",234,"D",.,"A",9,"D",.,"A",.,"A",.,"A",12,"D",.,"A",.,"A"
"20103",2177695,72,0,"1",.,"A",.,"A",.,"A",.,"A",.,"A",.,"A",.,"A",.,"A",48,"D",.,"A",.,"A",.,"A",.,"A",.,"A",.,"A"
"20103",2177705,34,0,"1",.,"A",.,"A",.,"A",.,"A",.,"A",.,"A",.,"A",.,"A",.,"A",.,"A",.,"A",.,"A",.,"A",.,"A",.,"A"
"20103",2177715,48,0,"1",.,"A",.,"A",.,"A",.,"A",.,"A",.,"A",.,"A",.,"A",.,"A",.,"A",.,"A",.,"A",180,"D",.,"A",.,"A"
"20103",2177735,29,0,"1",.,"A",.,"A",.,"A",.,"A",.,"A",.,"A",.,"A",.,"A",.,"A",.,"A",.,"A",.,"A",200,"D",.,"A",.,"A"
"20103",2177755,62,0,"1",.,"A",.,"A",.,"A",.,"A",.,"A",.,"A",.,"A",.,"A",.,"A",.,"A",.,"A",.,"A",65,"D",.,"A",.,"A"
"20103",2177765,78,0,"1",.,"A",.,"A",.,"A",.,"A",.,"A",.,"A",.,"A",.,"A",.,"A",.,"A",.,"A",.,"A",135,"D",.,"A",.,"A"
"20103",2177845,58,0,"1",.,"A",.,"A",.,"A",.,"A",.,"A",.,"A",.,"A",.,"A",.,"A",.,"A",.,"A",.,"A",50,"D",.,"A",.,"A"
"20103",2177855,27,0,"1",.,"A",.,"A",.,"A",40,"D",25,"D",.,"A",.,"A",.,"A",.,"A",261,"D",0,"D",0,"D",25,"D",87,"D",.,"A"
"20103",2177865,49,0,"1",.,"A",.,"A",.,"A",.,"A",.,"A",.,"A",.,"A",.,"A",.,"A",.,"A",.,"A",.,"A",.,"A",.,"A",.,"A"
"20103",2177885,65,0,"1",.,"A",.,"A",.,"A",.,"A",.,"A",.,"A",.,"A",.,"A",.,"A",.,"A",.,"A",.,"A",120,"D",.,"A",.,"A"
"20103",2177895,39,0,"1",.,"A",.,"A",.,"A",.,"A",100,"D",.,"A",.,"A",.,"A",.,"A",.,"A",.,"A",.,"A",70,"D",.,"A",.,"A"
"20103",2177915,46,0,"1",.,"A",.,"A",.,"A",.,"A",50,"D",25,"D",.,"A",.,"A",.,"A",120,"D",0,"D",150,"D",250,"D",40,"D",.,"A"
"20103",2177925,52,0,"1",.,"A",.,"A",.,"A",.,"A",.,"A",130,"D",.,"A",.,"A",.,"A",.,"A",.,"A",.,"A",320,"D",.,"A",.,"A"
"20103",2177935,39,0,"1",.,"A",.,"A",.,"A",.,"A",.,"A",.,"A",.,"A",.,"A",.,"A",.,"A",.,"A",.,"A",70,"D",.,"A",.,"A"
"20103",2177965,44,0,"1",.,"A",.,"A",15,"F",.,"A",.,"A",.,"A",.,"A",.,"A",.,"A",.,"A",.,"A",.,"A",265,"D",.,"A",.,"A"
"20103",2177975,57,0,"1",.,"A",.,"A",.,"A",.,"A",.,"A",.,"A",650,"D",.,"A",.,"A",.,"A",.,"A",.,"A",.,"A",.,"A",.,"A"
"20103",2177995,70,0,"1",.,"A",.,"A",12,"D",.,"A",.,"A",.,"A",1105,"D",.,"A",.,"A",.,"A",.,"A",.,"A",15,"D",.,"A",.,"A"
"20103",2178025,34,0,"1",.,"A",.,"A",.,"A",.,"A",20,"D",.,"A",.,"A",.,"A",.,"A",.,"A",.,"A",.,"A",.,"A",.,"A",.,"A"
"20103",2178035,66,0,"1",.,"A",20,"D",.,"A",.,"A",.,"A",20,"D",130,"D",.,"A",18,"D",1350,"D",6,"D",6,"D",149,"D",450,"D",.,"A"
"20103",2178075,48,0,"1",.,"A",.,"A",.,"A",.,"A",.,"A",.,"A",.,"A",.,"A",.,"A",.,"A",.,"A",.,"A",.,"A",.,"A",.,"A"
"20103",2178095,41,0,"1",.,"A",.,"A",.,"A",.,"A",.,"A",.,"A",65,"F",.,"A",.,"A",.,"A",.,"A",.,"A",126,"D",.,"A",.,"A"
"20103",2178125,48,0,"1",.,"A",.,"A",.,"A",.,"A",.,"A",.,"A",.,"A",.,"A",.,"A",.,"A",.,"A",.,"A",.,"A",.,"A",.,"A"
"20103",2178135,51,0,"1",.,"A",.,"A",.,"A",.,"A",.,"A",.,"A",.,"A",.,"A",.,"A",.,"A",.,"A",.,"A",300,"D",.,"A",.,"A"
"20103",2178165,27,0,"1",.,"A",.,"A",.,"A",.,"A",.,"A",.,"A",.,"A",.,"A",.,"A",.,"A",.,"A",.,"A",.,"A",.,"A",.,"A"
"20103",2178175,46,0,"1",.,"A",.,"A",.,"A",.,"A",.,"A",.,"A",.,"A",.,"A",.,"A",.,"A",.,"A",.,"A",.,"A",.,"A",.,"A"
"20103",2178185,26,0,"1",.,"A",.,"A",.,"A",.,"A",.,"A",.,"A",.,"A",.,"A",.,"A",60,"D",0,"D",15,"D",15,"D",20,"D",.,"A"
"20103",2178195,59,0,"1",.,"A",.,"A",.,"A",.,"A",.,"A",.,"A",.,"A",.,"A",.,"A",.,"A",.,"A",.,"A",.,"A",.,"A",.,"A"
"20103",2178205,31,0,"1",20,"D",.,"A",.,"A",.,"A",70,"D",25,"D",.,"A",.,"A",.,"A",270,"D",0,"D",0,"D",60,"D",90,"D",.,"A"
"20103",2178215,36,0,"1",.,"A",.,"A",.,"A",.,"A",.,"A",.,"A",.,"A",195,"D",.,"A",.,"A",.,"A",.,"A",10,"D",.,"A",.,"A"
"20103",2178255,87,0,"1",.,"A",.,"A",.,"A",.,"A",5,"D",35,"D",195,"D",.,"A",36,"D",0,"D",0,"D",180,"D",145,"D",0,"D",.,"A"
"20103",2178275,35,0,"1",.,"A",.,"A",.,"A",.,"A",.,"A",.,"A",.,"A",.,"A",.,"A",.,"A",.,"A",.,"A",.,"A",.,"A",.,"A"
"20103",2178285,50,0,"1",.,"A",.,"A",.,"A",.,"A",.,"A",.,"A",.,"A",.,"A",.,"A",.,"A",.,"A",.,"A",.,"A",.,"A",.,"A"
"20103",2178295,53,0,"1",.,"A",.,"A",.,"A",.,"A",.,"A",100,"D",.,"A",.,"A",.,"A",225,"D",0,"D",75,"D",150,"D",75,"D",.,"A"
"20103",2178305,55,0,"1",.,"A",.,"A",.,"A",.,"A",.,"A",.,"A",.,"A",.,"A",.,"A",.,"A",.,"A",.,"A",.,"A",.,"A",.,"A"
"20103",2178325,44,0,"1",7,"D",.,"A",.,"A",.,"A",8,"D",.,"A",312,"D",.,"A",.,"A",.,"A",.,"A",.,"A",.,"A",.,"A",.,"A"
"20103",2178345,68,0,"1",.,"A",.,"A",.,"A",.,"A",.,"A",.,"A",.,"A",.,"A",.,"A",.,"A",.,"A",.,"A",15,"D",.,"A",.,"A"
"20103",2178355,35,0,"1",.,"A",.,"A",.,"A",.,"A",15,"D",.,"A",.,"A",.,"A",.,"A",.,"A",.,"A",.,"A",45,"D",.,"A",.,"A"
"20103",2178375,39,0,"1",.,"A",.,"A",.,"A",.,"A",.,"A",.,"A",.,"A",.,"A",.,"A",.,"A",.,"A",.,"A",.,"A",.,"A",.,"A"
"20103",2178385,30,0,"1",.,"A",.,"A",.,"A",.,"A",.,"A",.,"A",390,"D",.,"A",.,"A",0,"D",0,"D",180,"D",.,"A",0,"D",.,"A"
"20103",2178395,34,0,"1",.,"A",.,"A",.,"A",.,"A",.,"A",.,"A",.,"A",.,"A",.,"A",.,"A",.,"A",.,"A",.,"A",.,"A",.,"A"
"20103",2178405,49,0,"1",.,"A",.,"A",.,"A",.,"A",.,"A",.,"A",.,"A",.,"A",.,"A",.,"A",.,"A",.,"A",126,"D",.,"A",.,"A"
"20103",2178425,101,0,"1",.,"A",.,"A",.,"A",.,"A",.,"A",.,"A",.,"A",.,"A",.,"A",.,"A",.,"A",.,"A",248,"D",.,"A",.,"A"
"20103",2178445,66,0,"1",.,"A",.,"A",.,"A",.,"A",.,"A",.,"A",.,"A",.,"A",.,"A",.,"A",.,"A",.,"A",50,"D",.,"A",.,"A"
"20103",2178455,33,0,"1",.,"A",.,"A",.,"A",.,"A",.,"A",.,"A",.,"A",.,"A",18,"D",0,"D",0,"D",15,"D",60,"D",0,"D",.,"A"
"20103",2178535,48,0,"1",.,"A",.,"A",.,"A",.,"A",.,"A",.,"A",741,"D",.,"A",.,"A",.,"A",.,"A",.,"A",.,"A",.,"A",.,"A"
"20103",2178545,87,0,"1",.,"A",.,"A",.,"A",.,"A",.,"A",90,"D",.,"A",.,"A",.,"A",.,"A",.,"A",.,"A",112,"D",.,"A",.,"A"
"20103",2178555,82,0,"1",.,"A",.,"A",.,"A",.,"A",.,"A",.,"A",.,"A",.,"A",.,"A",.,"A",.,"A",.,"A",72,"D",.,"A",.,"A"
"20103",2178565,47,0,"1",.,"A",.,"A",.,"A",.,"A",.,"A",.,"A",.,"A",.,"A",.,"A",.,"A",.,"A",.,"A",.,"A",.,"A",.,"A"
"20103",2178575,58,0,"1",.,"A",.,"A",.,"A",.,"A",.,"A",.,"A",702,"D",.,"A",.,"A",.,"A",.,"A",.,"A",60,"D",.,"A",.,"A"
"20103",2178585,63,0,"1",20,"D",.,"A",.,"A",.,"A",0,"D",.,"A",.,"A",.,"A",.,"A",.,"A",.,"A",.,"A",80,"D",.,"A",.,"A"
"20103",2178615,68,0,"1",.,"A",.,"A",.,"A",.,"A",.,"A",120,"D",.,"A",.,"A",.,"A",.,"A",.,"A",.,"A",60,"D",.,"A",.,"A"
"20103",2178625,61,0,"1",.,"A",.,"A",.,"A",.,"A",.,"A",200,"D",.,"A",.,"A",.,"A",.,"A",.,"A",.,"A",200,"D",.,"A",.,"A"
"20103",2178635,27,0,"1",.,"A",.,"A",.,"A",.,"A",50,"D",.,"A",.,"A",.,"A",.,"A",.,"A",.,"A",.,"A",.,"A",.,"A",.,"A"
"20103",2178655,61,0,"1",.,"A",.,"A",.,"A",211,"D",.,"A",.,"A",.,"A",.,"A",.,"A",.,"A",.,"A",.,"A",.,"A",.,"A",.,"A"
"20103",2178665,84,0,"1",.,"A",.,"A",.,"A",.,"A",.,"A",.,"A",.,"A",.,"A",.,"A",.,"A",.,"A",.,"A",.,"A",.,"A",.,"A"
"20103",2178675,44,0,"1",.,"A",.,"A",.,"A",.,"A",70,"D",.,"A",.,"A",.,"A",.,"A",210,"D",0,"D",0,"D",250,"D",70,"D",.,"A"
"20103",2178695,25,0,"1",.,"A",.,"A",.,"A",.,"A",.,"A",.,"A",.,"A",.,"A",.,"A",.,"A",.,"A",.,"A",.,"A",.,"A",.,"A"
"20103",2178715,60,0,"1",.,"A",.,"A",.,"A",.,"A",.,"A",.,"A",.,"A",325,"D",.,"A",.,"A",.,"A",.,"A",60,"D",.,"A",.,"A"
"20103",2178745,43,0,"1",.,"A",.,"A",.,"A",.,"A",.,"A",.,"A",.,"A",.,"A",.,"A",0,"D",0,"D",0,"D",.,"A",0,"D",.,"A"
"20103",2178755,69,0,"1",.,"A",.,"A",.,"A",.,"A",.,"A",.,"A",910,"D",.,"A",.,"A",.,"A",.,"A",.,"A",250,"D",.,"A",.,"A"
"20103",2178775,56,0,"1",.,"A",.,"A",.,"A",.,"A",.,"A",.,"A",.,"A",.,"A",.,"A",.,"A",.,"A",.,"A",100,"D",.,"A",.,"A"
"20103",2178825,73,0,"1",.,"A",.,"A",.,"A",.,"A",.,"A",.,"A",.,"A",.,"A",.,"A",.,"A",.,"A",.,"A",360,"D",.,"A",.,"A"
"20103",2178835,39,0,"1",.,"A",.,"A",.,"A",.,"A",.,"A",.,"A",.,"A",325,"D",.,"A",.,"A",.,"A",.,"A",.,"A",.,"A",.,"A"
"20103",2178855,58,0,"1",.,"A",.,"A",.,"A",.,"A",.,"A",.,"A",.,"A",.,"A",.,"A",.,"A",.,"A",.,"A",.,"A",.,"A",.,"A"
"20103",2178865,74,0,"1",.,"A",.,"A",.,"A",.,"A",.,"A",.,"A",.,"A",.,"A",.,"A",.,"A",.,"A",.,"A",.,"A",.,"A",.,"A"
"20103",2178885,60,0,"1",.,"A",.,"A",.,"A",.,"A",.,"A",.,"A",546,"D",.,"A",.,"A",.,"A",.,"A",.,"A",32,"D",.,"A",.,"A"
"20103",2178915,41,0,"1",15,"D",.,"A",.,"A",.,"A",60,"D",.,"A",.,"A",.,"A",.,"A",.,"A",.,"A",.,"A",12,"D",.,"A",.,"A"
"20103",2178925,46,0,"1",.,"A",.,"A",.,"A",.,"A",.,"A",.,"A",624,"D",.,"A",.,"A",.,"A",.,"A",.,"A",105,"D",.,"A",.,"A"
"20103",2178935,39,0,"1",.,"A",.,"A",.,"A",.,"A",.,"A",60,"D",.,"A",.,"A",.,"A",.,"A",.,"A",.,"A",70,"D",.,"A",.,"A"
"20103",2178945,61,0,"1",.,"A",.,"A",.,"A",.,"A",.,"A",.,"A",.,"A",.,"A",.,"A",.,"A",.,"A",.,"A",120,"D",.,"A",.,"A"
"20103",2178975,60,0,"1",18,"D",.,"A",.,"A",.,"A",18,"D",.,"A",.,"A",.,"A",.,"A",.,"A",.,"A",.,"A",150,"D",.,"A",.,"A"
"20103",2179015,48,0,"1",.,"A",.,"A",.,"A",.,"A",.,"A",.,"A",585,"D",.,"A",.,"A",.,"A",.,"A",.,"A",.,"A",.,"A",.,"A"
"20103",2179025,30,0,"1",.,"A",.,"A",.,"A",.,"A",.,"A",.,"A",130,"D",.,"A",.,"A",.,"A",.,"A",.,"A",30,"D",.,"A",.,"A"
"20103",2179035,43,0,"1",.,"A",.,"A",.,"A",.,"A",.,"A",.,"A",.,"A",.,"A",.,"A",1800,"D",0,"D",0,"D",400,"D",600,"D",.,"A"
"20103",2179065,49,0,"1",.,"A",.,"A",.,"A",.,"A",.,"A",.,"A",.,"A",.,"A",.,"A",.,"A",.,"A",.,"A",.,"A",.,"A",.,"A"
"20103",2179095,60,0,"1",.,"A",.,"A",.,"A",.,"A",.,"A",150,"D",.,"A",.,"A",.,"A",.,"A",.,"A",.,"A",300,"D",.,"A",.,"A"
"20103",2179105,44,0,"1",.,"A",.,"A",.,"A",.,"A",.,"A",.,"A",.,"A",.,"A",.,"A",.,"A",.,"A",.,"A",45,"D",.,"A",.,"A"
"20103",2179115,48,0,"1",.,"A",.,"A",.,"A",.,"A",.,"A",20,"D",.,"A",.,"A",.,"A",.,"A",.,"A",.,"A",40,"D",.,"A",.,"A"
"20103",2179125,52,0,"1",.,"A",.,"A",.,"A",.,"A",.,"A",.,"A",.,"A",.,"A",.,"A",.,"A",.,"A",.,"A",80,"D",.,"A",.,"A"
"20103",2179135,54,0,"1",.,"A",.,"A",.,"A",.,"A",.,"A",.,"A",.,"A",130,"D",.,"A",.,"A",.,"A",.,"A",20,"D",.,"A",.,"A"
"20103",2179145,65,0,"1",.,"A",.,"A",.,"A",.,"A",.,"A",.,"A",.,"A",.,"A",.,"A",.,"A",.,"A",.,"A",.,"A",.,"A",.,"A"
"20103",2179165,61,0,"1",.,"A",.,"A",.,"A",.,"A",.,"A",.,"A",.,"A",.,"A",.,"A",.,"A",.,"A",.,"A",100,"D",.,"A",.,"A"
"20103",2179175,69,0,"1",.,"A",.,"A",.,"A",.,"A",.,"A",600,"D",.,"A",.,"A",.,"A",.,"A",.,"A",.,"A",225,"D",.,"A",.,"A"
"20103",2179215,48,0,"1",.,"A",.,"A",.,"A",.,"A",.,"A",.,"A",.,"A",.,"A",.,"A",.,"A",.,"A",.,"A",160,"F",.,"A",.,"A"
"20103",2179235,49,0,"1",.,"A",.,"A",.,"A",.,"A",.,"A",.,"A",.,"A",.,"A",.,"A",.,"A",.,"A",.,"A",.,"A",.,"A",.,"A"
"20103",2179255,48,0,"1",.,"A",.,"A",.,"A",.,"A",.,"A",.,"A",.,"A",.,"A",.,"A",.,"A",.,"A",.,"A",.,"A",.,"A",.,"A"
"20103",2179285,40,0,"1",.,"A",.,"A",.,"A",.,"A",.,"A",.,"A",.,"A",.,"A",.,"A",.,"A",.,"A",.,"A",.,"A",.,"A",.,"A"
"20103",2179295,43,0,"1",.,"A",.,"A",.,"A",.,"A",.,"A",.,"A",.,"A",.,"A",.,"A",.,"A",.,"A",.,"A",.,"A",.,"A",.,"A"
"20103",2179305,27,0,"1",5,"D",.,"A",.,"A",.,"A",13,"D",.,"A",728,"D",.,"A",.,"A",0,"D",0,"D",120,"F",.,"A",0,"D",.,"A"
"20103",2179345,27,0,"1",.,"A",.,"A",.,"A",.,"A",.,"A",.,"A",325,"D",.,"A",.,"A",.,"A",.,"A",.,"A",.,"A",.,"A",.,"A"
"20103",2179355,50,0,"1",.,"A",.,"A",.,"A",.,"A",.,"A",60,"D",.,"A",.,"A",.,"A",.,"A",.,"A",.,"A",600,"D",.,"A",.,"A"
"20103",2179365,36,0,"1",.,"A",.,"A",.,"A",.,"A",.,"A",.,"A",.,"A",.,"A",.,"A",.,"A",.,"A",.,"A",.,"A",.,"A",.,"A"
"20103",2179375,74,0,"1",.,"A",.,"A",.,"A",.,"A",.,"A",50,"D",.,"A",.,"A",.,"A",.,"A",.,"A",.,"A",100,"D",.,"A",.,"A"
"20103",2179385,35,0,"1",.,"A",.,"A",.,"A",.,"A",.,"A",.,"A",520,"D",.,"A",.,"A",.,"A",.,"A",.,"A",.,"A",.,"A",.,"A"
"20103",2179415,27,0,"1",.,"A",.,"A",.,"A",.,"A",.,"A",.,"A",.,"A",.,"A",.,"A",.,"A",.,"A",.,"A",120,"D",.,"A",.,"A"
"20103",2179425,30,0,"1",.,"A",.,"A",.,"A",.,"A",240,"D",.,"A",.,"A",.,"A",.,"A",.,"A",.,"A",.,"A",.,"A",.,"A",.,"A"
"20103",2179435,72,0,"1",.,"A",.,"A",.,"A",.,"A",.,"A",10,"D",.,"A",.,"A",.,"A",.,"A",.,"A",.,"A",140,"D",.,"A",.,"A"
"20103",2179455,57,0,"1",.,"A",25,"D",.,"A",.,"A",.,"A",35,"D",.,"A",.,"A",.,"A",.,"A",.,"A",.,"A",150,"D",.,"A",.,"A"
"20103",2179475,79,0,"1",.,"A",.,"A",.,"A",.,"A",.,"A",.,"A",650,"D",.,"A",15,"D",.,"A",.,"A",.,"A",200,"D",.,"A",.,"A"
"20103",2179495,46,0,"1",.,"A",.,"A",.,"A",.,"A",.,"A",.,"A",.,"A",.,"A",.,"A",.,"A",.,"A",.,"A",.,"A",.,"A",.,"A"
"20103",2179505,54,0,"1",.,"A",.,"A",.,"A",.,"A",.,"A",.,"A",.,"A",.,"A",.,"A",.,"A",.,"A",.,"A",.,"A",.,"A",.,"A"
"20103",2179525,42,0,"1",.,"A",.,"A",.,"A",.,"A",.,"A",.,"A",.,"A",.,"A",.,"A",.,"A",.,"A",.,"A",60,"D",.,"A",.,"A"
"20103",2179555,53,0,"1",.,"A",.,"A",.,"A",.,"A",.,"A",.,"A",195,"D",.,"A",.,"A",.,"A",.,"A",.,"A",50,"D",.,"A",.,"A"
"20103",2179565,67,0,"1",.,"A",.,"A",.,"A",.,"A",.,"A",.,"A",.,"A",.,"A",.,"A",.,"A",.,"A",.,"A",.,"A",.,"A",.,"A"
"20103",2179585,57,0,"1",.,"A",.,"A",60,"D",.,"A",.,"A",.,"A",.,"A",.,"A",.,"A",.,"A",.,"A",.,"A",60,"D",.,"A",.,"A"
"20103",2179595,58,0,"1",.,"A",.,"A",.,"A",.,"A",.,"A",.,"A",.,"A",.,"A",.,"A",.,"A",.,"A",.,"A",33,"D",.,"A",.,"A"
"20103",2179605,61,0,"1",.,"A",.,"A",.,"A",.,"A",20,"D",.,"A",455,"D",.,"A",.,"A",.,"A",.,"A",.,"A",42,"D",.,"A",.,"A"
"20103",2179625,60,0,"1",.,"A",.,"A",.,"A",.,"A",.,"A",.,"A",.,"A",.,"A",.,"A",.,"A",.,"A",.,"A",.,"A",.,"A",.,"A"
"20103",2179665,64,0,"1",.,"A",.,"A",.,"A",.,"A",.,"A",.,"A",.,"A",.,"A",.,"A",.,"A",.,"A",.,"A",175,"D",.,"A",.,"A"
"20103",2179675,78,0,"1",.,"A",.,"A",.,"A",.,"A",.,"A",.,"A",195,"D",.,"A",.,"A",.,"A",.,"A",.,"A",300,"D",.,"A",.,"A"
"20103",2179685,84,0,"1",.,"A",.,"A",.,"A",.,"A",.,"A",90,"D",650,"D",.,"A",.,"A",.,"A",.,"A",.,"A",100,"D",.,"A",.,"A"
"20103",2179705,63,0,"1",.,"A",.,"A",.,"A",.,"A",.,"A",34,"D",.,"A",.,"A",9,"D",.,"A",.,"A",.,"A",.,"A",.,"A",.,"A"
"20103",2179715,94,0,"1",.,"A",.,"A",.,"A",.,"A",.,"A",.,"A",.,"A",.,"A",66,"D",.,"A",.,"A",.,"A",200,"D",.,"A",.,"A"
"20103",2179735,42,0,"1",.,"A",.,"A",.,"A",.,"A",.,"A",.,"A",325,"D",.,"A",.,"A",.,"A",.,"A",.,"A",70,"D",.,"A",.,"A"
"20103",2179765,66,0,"1",.,"A",.,"A",.,"A",.,"A",.,"A",.,"A",.,"A",.,"A",.,"A",.,"A",.,"A",.,"A",300,"D",.,"A",.,"A"
"20103",2179785,39,0,"1",.,"A",.,"A",.,"A",.,"A",.,"A",.,"A",.,"A",.,"A",.,"A",.,"A",.,"A",.,"A",72,"D",.,"A",.,"A"
"20103",2179795,53,0,"1",.,"A",.,"A",.,"A",.,"A",.,"A",.,"A",.,"A",.,"A",.,"A",.,"A",.,"A",.,"A",20,"D",.,"A",.,"A"
"20103",2179805,53,0,"1",.,"A",.,"A",.,"A",.,"A",.,"A",.,"A",.,"A",.,"A",.,"A",.,"A",.,"A",.,"A",18,"D",.,"A",.,"A"
"20103",2179815,58,0,"1",.,"A",.,"A",.,"A",.,"A",.,"A",.,"A",.,"A",.,"A",.,"A",.,"A",.,"A",.,"A",120,"D",.,"A",.,"A"
"20103",2179825,91,0,"1",.,"A",.,"A",.,"A",500,"D",.,"A",300,"D",.,"A",.,"A",60,"D",300,"D",0,"D",300,"D",1000,"D",100,"D",.,"A"
"20103",2179885,43,0,"1",.,"A",.,"A",.,"A",.,"A",.,"A",.,"A",.,"A",.,"A",.,"A",.,"A",.,"A",.,"A",.,"A",.,"A",.,"A"
"20103",2179905,49,0,"1",.,"A",.,"A",.,"A",.,"A",.,"A",320,"D",.,"A",.,"A",.,"A",.,"A",.,"A",.,"A",680,"D",.,"A",.,"A"
"20103",2179925,54,0,"1",.,"A",.,"A",.,"A",.,"A",.,"A",.,"A",.,"A",.,"A",.,"A",.,"A",.,"A",.,"A",.,"A",.,"A",.,"A"
"20103",2179935,39,0,"1",7,"D",.,"A",.,"A",.,"A",22,"D",30,"D",.,"A",.,"A",.,"A",45,"D",0,"D",132,"D",330,"D",15,"D",.,"A"
"20103",2179945,35,0,"1",.,"A",.,"A",.,"A",.,"A",.,"A",.,"A",.,"A",.,"A",.,"A",.,"A",.,"A",.,"A",.,"A",.,"A",.,"A"
"20103",2179955,38,0,"1",.,"A",.,"A",.,"A",.,"A",.,"A",.,"A",.,"A",.,"A",.,"A",0,"D",0,"D",60,"D",.,"A",0,"D",.,"A"
"20103",2179965,42,0,"1",.,"A",.,"A",.,"A",.,"A",.,"A",.,"A",.,"A",.,"A",.,"A",.,"A",.,"A",.,"A",.,"A",.,"A",.,"A"
"20103",2179975,40,0,"1",.,"A",.,"A",.,"A",900,"D",.,"A",100,"D",.,"A",.,"A",.,"A",.,"A",.,"A",.,"A",150,"D",.,"A",.,"A"
"20103",2179985,43,0,"1",.,"A",.,"A",.,"A",.,"A",60,"D",.,"A",.,"A",.,"A",.,"A",.,"A",.,"A",.,"A",30,"D",.,"A",.,"A"
"20103",2180005,50,0,"1",.,"A",.,"A",.,"A",.,"A",.,"A",.,"A",390,"D",.,"A",.,"A",.,"A",.,"A",.,"A",.,"A",.,"A",.,"A"
"20103",2180045,57,0,"1",.,"A",.,"A",.,"A",.,"A",.,"A",30,"D",.,"A",.,"A",.,"A",.,"A",.,"A",.,"A",.,"A",.,"A",.,"A"
"20103",2180055,51,0,"1",.,"A",.,"A",.,"A",.,"A",.,"A",.,"A",910,"D",.,"A",24,"D",.,"A",.,"A",.,"A",.,"A",.,"A",.,"A"
"20103",2180085,72,0,"1",.,"A",.,"A",.,"A",.,"A",.,"A",.,"A",.,"A",.,"A",15,"D",.,"A",.,"A",.,"A",350,"D",.,"A",.,"A"
"20103",2180115,51,0,"1",.,"A",.,"A",14,"D",.,"A",.,"A",.,"A",.,"A",.,"A",.,"A",.,"A",.,"A",.,"A",20,"D",.,"A",.,"A"
"20103",2180125,25,0,"1",30,"D",.,"A",.,"A",20,"D",90,"D",.,"A",.,"A",.,"A",.,"A",0,"D",0,"D",180,"D",100,"D",0,"D",.,"A"
"20103",2180145,50,0,"1",.,"A",.,"A",.,"A",.,"A",.,"A",.,"A",.,"A",.,"A",.,"A",.,"A",.,"A",.,"A",.,"A",.,"A",.,"A"
"20103",2180155,53,0,"1",.,"A",.,"A",.,"A",.,"A",.,"A",.,"A",.,"A",.,"A",.,"A",.,"A",.,"A",.,"A",.,"A",.,"A",.,"A"
"20103",2180195,48,0,"1",.,"A",.,"A",.,"A",.,"A",.,"A",100,"D",.,"A",.,"A",.,"A",.,"A",.,"A",.,"A",65,"D",.,"A",.,"A"
"20103",2180205,57,0,"1",.,"A",.,"A",.,"A",.,"A",.,"A",.,"A",.,"A",.,"A",24,"D",.,"A",.,"A",.,"A",20,"D",.,"A",.,"A"
"20103",2180215,49,0,"1",.,"A",.,"A",.,"A",.,"A",.,"A",240,"D",650,"D",.,"A",.,"A",.,"A",.,"A",.,"A",450,"D",.,"A",.,"A"
"20103",2180225,50,0,"1",.,"A",.,"A",.,"A",.,"A",.,"A",.,"A",156,"D",.,"A",.,"A",.,"A",.,"A",.,"A",.,"A",.,"A",.,"A"
"20103",2180245,51,0,"1",.,"A",.,"A",.,"A",15,"D",.,"A",.,"A",.,"A",.,"A",.,"A",.,"A",.,"A",.,"A",.,"A",.,"A",.,"A"
"20103",2180265,64,0,"1",.,"A",.,"A",.,"A",.,"A",.,"A",.,"A",.,"A",.,"A",.,"A",750,"D",0,"D",0,"D",.,"A",250,"D",.,"A"
"20103",2180285,62,0,"1",.,"A",.,"A",.,"A",.,"A",.,"A",30,"D",.,"A",.,"A",.,"A",.,"A",.,"A",.,"A",300,"D",.,"A",.,"A"
"20103",2180295,34,0,"1",.,"A",.,"A",.,"A",.,"A",.,"A",.,"A",.,"A",.,"A",.,"A",.,"A",.,"A",.,"A",.,"A",.,"A",.,"A"
"20103",2180305,55,0,"1",.,"A",.,"A",.,"A",.,"A",.,"A",.,"A",.,"A",.,"A",.,"A",.,"A",.,"A",.,"A",270,"D",.,"A",.,"A"
"20103",2180315,42,0,"1",.,"A",.,"A",.,"A",.,"A",.,"A",.,"A",.,"A",.,"A",45,"D",285,"D",0,"D",0,"D",76,"D",95,"D",.,"A"
"20103",2180325,50,0,"1",.,"A",.,"A",.,"A",.,"A",.,"A",.,"A",.,"A",.,"A",.,"A",.,"A",.,"A",.,"A",.,"A",.,"A",.,"A"
"20103",2180335,62,0,"1",.,"A",.,"A",.,"A",.,"A",.,"A",10,"D",.,"A",.,"A",.,"A",.,"A",.,"A",.,"A",115,"D",.,"A",.,"A"
"20103",2180345,35,0,"1",.,"A",.,"A",.,"A",.,"A",.,"A",.,"A",.,"A",.,"A",.,"A",.,"A",.,"A",.,"A",.,"A",.,"A",.,"A"
"20103",2180385,95,0,"1",.,"A",.,"A",.,"A",.,"A",.,"A",.,"A",.,"A",.,"A",.,"A",.,"A",.,"A",.,"A",46,"D",.,"A",.,"A"
"20103",2180395,73,0,"1",.,"A",.,"A",.,"A",.,"A",.,"A",.,"A",.,"A",.,"A",36,"D",.,"A",.,"A",.,"A",69,"D",.,"A",.,"A"
"20103",2180435,62,0,"1",.,"A",.,"A",.,"A",.,"A",.,"A",100,"D",.,"A",.,"A",.,"A",.,"A",.,"A",.,"A",300,"D",.,"A",.,"A"
"20103",2180455,41,0,"1",.,"A",.,"A",.,"A",.,"A",.,"A",25,"D",.,"A",.,"A",.,"A",.,"A",.,"A",.,"A",100,"D",.,"A",.,"A"
"20103",2180465,55,0,"1",.,"A",.,"A",.,"A",.,"A",.,"A",.,"A",.,"A",.,"A",.,"A",.,"A",.,"A",.,"A",150,"D",.,"A",.,"A"
"20103",2180475,28,0,"1",.,"A",.,"A",.,"A",.,"A",60,"D",.,"A",.,"A",.,"A",.,"A",.,"A",.,"A",.,"A",12,"D",.,"A",.,"A"
"20103",2180485,60,0,"1",.,"A",.,"A",.,"A",.,"A",.,"A",.,"A",.,"A",.,"A",.,"A",.,"A",.,"A",.,"A",.,"A",.,"A",.,"A"
"20103",2180495,60,0,"1",.,"A",.,"A",.,"A",.,"A",.,"A",.,"A",.,"A",.,"A",.,"A",.,"A",.,"A",.,"A",186,"D",.,"A",.,"A"
"20103",2180505,34,0,"1",20,"D",.,"A",.,"A",.,"A",52,"D",.,"A",247,"D",.,"A",.,"A",.,"A",.,"A",.,"A",.,"A",.,"A",.,"A"
"20103",2180515,28,0,"1",.,"A",.,"A",.,"A",.,"A",.,"A",.,"A",.,"A",.,"A",.,"A",.,"A",.,"A",.,"A",80,"D",.,"A",.,"A"
"20103",2180525,66,0,"1",.,"A",.,"A",.,"A",.,"A",.,"A",.,"A",.,"A",.,"A",.,"A",.,"A",.,"A",.,"A",.,"A",.,"A",.,"A"
"20103",2180555,30,0,"1",.,"A",.,"A",.,"A",.,"A",.,"A",.,"A",.,"A",.,"A",.,"A",.,"A",.,"A",.,"A",93,"D",.,"A",.,"A"
"20103",2180575,33,0,"1",.,"A",.,"A",.,"A",.,"A",.,"A",.,"A",65,"F",.,"A",.,"A",.,"A",.,"A",.,"A",60,"D",.,"A",.,"A"
"20103",2180615,110,0,"1",.,"A",.,"A",.,"A",.,"A",.,"A",120,"D",.,"A",.,"A",.,"A",.,"A",.,"A",.,"A",105,"D",.,"A",.,"A"
"20103",2180625,27,0,"1",.,"A",.,"A",.,"A",.,"A",.,"A",.,"A",.,"A",.,"A",.,"A",.,"A",.,"A",.,"A",.,"A",.,"A",.,"A"
"20103",2180635,51,0,"1",.,"A",.,"A",15,"D",.,"A",.,"A",30,"D",.,"A",.,"A",.,"A",.,"A",.,"A",.,"A",75,"D",.,"A",.,"A"
"20103",2180645,55,0,"1",.,"A",.,"A",.,"A",.,"A",.,"A",.,"A",650,"D",.,"A",.,"A",.,"A",.,"A",.,"A",9,"D",.,"A",.,"A"
"20103",2180685,48,0,"1",.,"A",.,"A",.,"A",.,"A",.,"A",.,"A",.,"A",.,"A",.,"A",.,"A",.,"A",.,"A",.,"A",.,"A",.,"A"
"20103",2180705,62,0,"1",.,"A",.,"A",.,"A",.,"A",.,"A",35,"D",.,"A",.,"A",27,"D",0,"D",0,"D",30,"D",140,"D",0,"D",.,"A"
"20103",2180715,126,0,"1",.,"A",.,"A",.,"A",.,"A",.,"A",45,"D",.,"A",.,"A",.,"A",.,"A",.,"A",.,"A",99,"D",.,"A",.,"A"
"20103",2180725,57,0,"1",.,"A",.,"A",.,"A",.,"A",.,"A",.,"A",.,"A",.,"A",.,"A",.,"A",.,"A",.,"A",.,"A",.,"A",.,"A"
"20103",2180755,91,0,"1",.,"A",.,"A",17,"D",.,"A",.,"A",.,"A",.,"A",.,"A",.,"A",.,"A",.,"A",.,"A",68,"D",.,"A",.,"A"
"20103",2180765,41,0,"1",.,"A",.,"A",.,"A",.,"A",.,"A",.,"A",650,"D",.,"A",.,"A",.,"A",.,"A",.,"A",.,"A",.,"A",.,"A"
"20103",2180775,45,0,"1",.,"A",.,"A",.,"A",.,"A",.,"A",.,"A",.,"A",.,"A",.,"A",.,"A",.,"A",.,"A",40,"D",.,"A",.,"A"
"20103",2180805,64,0,"1",.,"A",.,"A",.,"A",.,"A",.,"A",.,"A",.,"A",.,"A",.,"A",.,"A",.,"A",.,"A",10,"D",.,"A",.,"A"
"20103",2180815,49,0,"1",.,"A",.,"A",.,"A",.,"A",.,"A",.,"A",182,"D",.,"A",.,"A",.,"A",.,"A",.,"A",.,"A",.,"A",.,"A"
"20103",2180845,34,0,"1",45,"D",.,"A",.,"A",.,"A",135,"D",.,"A",.,"A",.,"A",.,"A",.,"A",.,"A",.,"A",120,"D",.,"A",.,"A"
"20103",2180875,48,0,"1",.,"A",.,"A",.,"A",.,"A",.,"A",.,"A",.,"A",.,"A",.,"A",.,"A",.,"A",.,"A",.,"A",.,"A",.,"A"
"20103",2180895,44,0,"1",.,"A",.,"A",.,"A",.,"A",.,"A",.,"A",.,"A",.,"A",.,"A",.,"A",.,"A",.,"A",.,"A",.,"A",.,"A"
"20103",2180915,57,0,"1",30,"D",.,"A",.,"A",.,"A",150,"D",.,"A",.,"A",.,"A",.,"A",420,"D",0,"D",0,"D",.,"A",140,"D",.,"A"
"20103",2180925,51,0,"1",.,"A",.,"A",.,"A",.,"A",.,"A",.,"A",.,"A",.,"A",.,"A",.,"A",.,"A",.,"A",60,"D",.,"A",.,"A"
"20103",2180955,55,0,"1",.,"A",.,"A",.,"A",.,"A",.,"A",.,"A",.,"A",.,"A",.,"A",.,"A",.,"A",.,"A",250,"D",.,"A",.,"A"
"20103",2180965,52,0,"1",.,"A",.,"A",.,"A",.,"A",.,"A",.,"A",.,"A",.,"A",.,"A",.,"A",.,"A",.,"A",150,"D",.,"A",.,"A"
"20103",2180975,23,0,"1",.,"A",.,"A",.,"A",.,"A",.,"A",.,"A",273,"D",.,"A",.,"A",.,"A",.,"A",.,"A",.,"A",.,"A",.,"A"
"20103",2180995,71,0,"1",.,"A",.,"A",84,"D",.,"A",.,"A",.,"A",.,"A",.,"A",.,"A",.,"A",.,"A",.,"A",120,"D",.,"A",.,"A"
"20103",2181015,74,0,"1",.,"A",.,"A",.,"A",.,"A",.,"A",.,"A",.,"A",.,"A",.,"A",.,"A",.,"A",.,"A",260,"D",.,"A",.,"A"
"20103",2181025,83,0,"1",.,"A",.,"A",.,"A",.,"A",.,"A",.,"A",.,"A",130,"F",21,"D",.,"A",.,"A",.,"A",27,"D",.,"A",.,"A"
"20103",2181035,83,0,"1",.,"A",.,"A",.,"A",.,"A",.,"A",.,"A",.,"A",.,"A",.,"A",.,"A",.,"A",.,"A",.,"A",.,"A",.,"A"
"20103",2181065,39,0,"1",.,"A",.,"A",.,"A",.,"A",.,"A",.,"A",.,"A",.,"A",.,"A",.,"A",.,"A",.,"A",.,"A",.,"A",.,"A"
"20103",2181085,57,0,"1",.,"A",.,"A",.,"A",.,"A",.,"A",.,"A",.,"A",.,"A",.,"A",.,"A",.,"A",.,"A",20,"D",.,"A",.,"A"
"20103",2181095,37,0,"1",.,"A",.,"A",.,"A",.,"A",.,"A",.,"A",.,"A",.,"A",.,"A",.,"A",.,"A",.,"A",40,"D",.,"A",.,"A"
"20103",2181125,65,0,"1",.,"A",.,"A",.,"A",.,"A",.,"A",.,"A",.,"A",.,"A",.,"A",.,"A",.,"A",.,"A",300,"D",.,"A",.,"A"
"20103",2181155,72,0,"1",.,"A",.,"A",.,"A",.,"A",.,"A",.,"A",.,"A",.,"A",.,"A",.,"A",.,"A",.,"A",.,"A",.,"A",.,"A"
"20103",2181185,53,0,"1",.,"A",.,"A",.,"A",.,"A",.,"A",.,"A",.,"A",.,"A",.,"A",.,"A",.,"A",.,"A",3,"D",.,"A",.,"A"
"20103",2181195,53,0,"1",.,"A",.,"A",.,"A",.,"A",.,"A",75,"D",.,"A",.,"A",.,"A",.,"A",.,"A",.,"A",600,"D",.,"A",.,"A"
"20103",2181205,77,0,"1",.,"A",.,"A",.,"A",.,"A",.,"A",.,"A",.,"A",.,"A",.,"A",.,"A",.,"A",.,"A",.,"A",.,"A",.,"A"
"20103",2181215,69,0,"1",.,"A",.,"A",.,"A",.,"A",.,"A",20,"F",.,"A",.,"A",12,"D",.,"A",.,"A",.,"A",20,"D",.,"A",.,"A"
"20103",2181255,77,0,"1",.,"A",.,"A",.,"A",.,"A",.,"A",49,"D",1625,"D",.,"A",.,"A",.,"A",.,"A",.,"A",330,"D",.,"A",.,"A"
"20103",2181305,32,0,"1",.,"A",.,"A",.,"A",.,"A",.,"A",.,"A",.,"A",.,"A",.,"A",.,"A",.,"A",.,"A",.,"A",.,"A",.,"A"
"20103",2181345,47,0,"1",.,"A",.,"A",.,"A",.,"A",125,"D",.,"A",455,"D",.,"A",.,"A",.,"A",.,"A",.,"A",270,"D",.,"A",.,"A"
"20103",2181355,38,0,"1",.,"A",.,"A",.,"A",.,"A",.,"A",.,"A",.,"A",.,"A",.,"A",.,"A",.,"A",.,"A",5,"D",.,"A",.,"A"
"20103",2181375,24,0,"1",.,"A",.,"A",.,"A",.,"A",.,"A",.,"A",650,"D",.,"A",.,"A",.,"A",.,"A",.,"A",.,"A",.,"A",.,"A"
"20103",2181385,43,0,"1",5,"D",.,"A",.,"A",.,"A",25,"D",.,"A",.,"A",.,"A",.,"A",0,"D",0,"D",24,"D",.,"A",0,"D",.,"A"
"20103",2181415,37,0,"1",.,"A",.,"A",.,"A",.,"A",.,"A",.,"A",.,"A",.,"A",.,"A",.,"A",.,"A",.,"A",.,"A",.,"A",.,"A"
"20103",2181425,61,0,"1",.,"A",.,"A",.,"A",.,"A",.,"A",.,"A",.,"A",195,"D",.,"A",.,"A",.,"A",.,"A",260,"D",.,"A",.,"A"
"20103",2181445,59,0,"1",.,"A",.,"A",.,"A",.,"A",.,"A",.,"A",.,"A",.,"A",.,"A",.,"A",.,"A",.,"A",200,"D",.,"A",.,"A"
"20103",2181455,58,0,"1",.,"A",.,"A",.,"A",.,"A",.,"A",.,"A",.,"A",.,"A",.,"A",.,"A",.,"A",.,"A",412,"D",.,"A",.,"A"
"20103",2181485,40,0,"1",.,"A",.,"A",.,"A",.,"A",.,"A",.,"A",.,"A",.,"A",.,"A",.,"A",.,"A",.,"A",.,"A",.,"A",.,"A"
"20103",2181495,58,0,"1",.,"A",.,"A",.,"A",.,"A",.,"A",100,"D",.,"A",.,"A",.,"A",.,"A",.,"A",.,"A",50,"D",.,"A",.,"A"
"20103",2181535,38,0,"1",.,"A",.,"A",.,"A",.,"A",.,"A",.,"A",.,"A",.,"A",.,"A",.,"A",.,"A",.,"A",.,"A",.,"A",.,"A"
"20103",2181545,36,0,"1",.,"A",.,"A",.,"A",.,"A",.,"A",20,"D",.,"A",.,"A",.,"A",.,"A",.,"A",.,"A",66,"D",.,"A",.,"A"
"20103",2181555,66,0,"1",.,"A",.,"A",30,"D",.,"A",.,"A",.,"A",.,"A",.,"A",.,"A",.,"A",.,"A",.,"A",30,"D",.,"A",.,"A"
"20103",2181565,63,0,"1",.,"A",.,"A",.,"A",.,"A",.,"A",.,"A",.,"A",.,"A",.,"A",.,"A",.,"A",.,"A",50,"D",.,"A",.,"A"
"20103",2181585,54,0,"1",.,"A",.,"A",.,"A",.,"A",.,"A",.,"A",.,"A",.,"A",.,"A",.,"A",.,"A",.,"A",.,"A",.,"A",.,"A"
"20103",2181605,56,0,"1",.,"A",.,"A",.,"A",.,"A",.,"A",.,"A",.,"A",.,"A",.,"A",.,"A",.,"A",.,"A",150,"D",.,"A",.,"A"
"20103",2181625,32,0,"1",.,"A",.,"A",.,"A",.,"A",.,"A",.,"A",.,"A",.,"A",.,"A",.,"A",.,"A",.,"A",.,"A",.,"A",.,"A"
"20103",2181635,59,0,"1",.,"A",.,"A",.,"A",40,"D",.,"A",250,"D",.,"A",.,"A",30,"D",120,"D",0,"D",0,"D",.,"A",40,"D",.,"A"
"20103",2181655,42,0,"1",.,"A",.,"A",.,"A",.,"A",.,"A",.,"A",325,"D",.,"A",.,"A",.,"A",.,"A",.,"A",.,"A",.,"A",.,"A"
"20103",2181665,31,0,"1",.,"A",.,"A",.,"A",.,"A",320,"D",.,"A",.,"A",.,"A",.,"A",300,"D",0,"D",0,"D",30,"D",100,"D",.,"A"
"20103",2181685,48,0,"1",.,"A",.,"A",.,"A",.,"A",.,"A",.,"A",585,"D",.,"A",.,"A",.,"A",.,"A",.,"A",180,"D",.,"A",.,"A"
"20103",2181705,57,0,"1",.,"A",.,"A",.,"A",.,"A",36,"D",.,"A",.,"A",.,"A",.,"A",0,"D",0,"D",69,"D",.,"A",0,"D",.,"A"
"20103",2181715,42,0,"1",.,"A",.,"A",.,"A",.,"A",.,"A",.,"A",.,"A",.,"A",.,"A",.,"A",.,"A",.,"A",.,"A",.,"A",.,"A"
"20103",2181735,54,0,"1",.,"A",.,"A",.,"A",.,"A",.,"A",.,"A",.,"A",.,"A",.,"A",.,"A",.,"A",.,"A",82,"D",.,"A",.,"A"
"20103",2181745,103,0,"1",.,"A",.,"A",.,"A",.,"A",.,"A",20,"D",.,"A",.,"A",81,"D",.,"A",.,"A",.,"A",45,"D",.,"A",.,"A"
"20103",2181755,76,0,"1",.,"A",.,"A",.,"A",.,"A",.,"A",.,"A",.,"A",.,"A",.,"A",.,"A",.,"A",.,"A",175,"D",.,"A",.,"A"
"20103",2181765,62,0,"1",.,"A",.,"A",1,"D",.,"A",.,"A",.,"A",.,"A",.,"A",.,"A",.,"A",.,"A",.,"A",18,"D",.,"A",.,"A"
"20103",2181775,63,0,"1",.,"A",.,"A",.,"A",.,"A",.,"A",.,"A",.,"A",.,"A",.,"A",.,"A",.,"A",.,"A",125,"D",.,"A",.,"A"
"20103",2181805,52,0,"1",.,"A",.,"A",.,"A",.,"A",.,"A",.,"A",.,"A",.,"A",.,"A",.,"A",.,"A",.,"A",.,"A",.,"A",.,"A"
"20103",2181825,63,0,"1",.,"A",.,"A",.,"A",.,"A",.,"A",.,"A",.,"A",.,"A",.,"A",.,"A",.,"A",.,"A",.,"A",.,"A",.,"A"
"20103",2181835,46,0,"1",.,"A",.,"A",.,"A",.,"A",.,"A",.,"A",.,"A",.,"A",.,"A",.,"A",.,"A",.,"A",.,"A",.,"A",.,"A"
"20103",2181865,41,0,"1",.,"A",.,"A",.,"A",.,"A",.,"A",.,"A",.,"A",.,"A",.,"A",.,"A",.,"A",.,"A",.,"A",.,"A",.,"A"
"20103",2181885,71,0,"1",.,"A",.,"A",.,"A",.,"A",.,"A",60,"D",.,"A",.,"A",.,"A",0,"D",0,"D",75,"D",150,"D",0,"D",.,"A"
"20103",2181895,68,0,"1",.,"A",.,"A",.,"A",.,"A",.,"A",.,"A",.,"A",.,"A",.,"A",.,"A",.,"A",.,"A",30,"D",.,"A",.,"A"
"20103",2181905,61,0,"1",.,"A",.,"A",.,"A",.,"A",.,"A",.,"A",.,"A",.,"A",.,"A",.,"A",.,"A",.,"A",40,"D",.,"A",.,"A"
"20103",2181915,49,0,"1",.,"A",.,"A",.,"A",.,"A",.,"A",.,"A",.,"A",.,"A",.,"A",.,"A",.,"A",.,"A",.,"A",.,"A",.,"A"
"20103",2181955,67,0,"1",.,"A",.,"A",.,"A",.,"A",.,"A",.,"A",.,"A",.,"A",.,"A",.,"A",.,"A",.,"A",.,"A",.,"A",.,"A"
"20103",2181965,32,0,"1",.,"A",.,"A",.,"A",.,"A",18,"D",.,"A",.,"A",.,"A",.,"A",.,"A",.,"A",.,"A",.,"A",.,"A",.,"A"
"20103",2181975,81,0,"1",.,"A",.,"A",.,"A",.,"A",145,"D",.,"A",4680,"D",.,"A",60,"D",.,"A",.,"A",.,"A",36,"D",.,"A",.,"A"
"20103",2181985,54,0,"1",.,"A",.,"A",.,"A",.,"A",.,"A",.,"A",.,"A",.,"A",.,"A",.,"A",.,"A",.,"A",60,"D",.,"A",.,"A"
"20103",2181995,45,0,"1",35,"D",.,"A",.,"A",.,"A",105,"D",200,"D",3900,"D",.,"A",.,"A",0,"D",0,"D",150,"F",160,"D",0,"D",.,"A"
"20103",2182015,29,0,"1",.,"A",.,"A",.,"A",.,"A",120,"D",.,"A",.,"A",.,"A",.,"A",.,"A",.,"A",.,"A",.,"A",.,"A",.,"A"
"20103",2182025,66,0,"1",.,"A",.,"A",.,"A",.,"A",.,"A",.,"A",169,"D",.,"A",21,"D",.,"A",.,"A",.,"A",12,"D",.,"A",.,"A"
"20103",2182045,59,0,"1",.,"A",.,"A",.,"A",.,"A",.,"A",.,"A",.,"A",.,"A",.,"A",.,"A",.,"A",.,"A",60,"D",.,"A",.,"A"
"20103",2182065,78,0,"1",.,"A",.,"A",.,"A",.,"A",.,"A",.,"A",.,"A",.,"A",.,"A",.,"A",.,"A",.,"A",65,"D",.,"A",.,"A"
"20103",2182075,69,0,"1",.,"A",.,"A",.,"A",.,"A",.,"A",60,"D",1560,"D",.,"A",.,"A",.,"A",.,"A",.,"A",200,"D",.,"A",.,"A"
"20103",2182085,48,0,"1",.,"A",.,"A",.,"A",.,"A",.,"A",.,"A",325,"D",39,"D",.,"A",.,"A",.,"A",.,"A",12,"D",.,"A",.,"A"
"20103",2182135,40,0,"1",.,"A",.,"A",.,"A",.,"A",.,"A",77,"D",234,"D",39,"D",.,"A",.,"A",.,"A",.,"A",.,"A",.,"A",.,"A"
"20103",2182155,36,0,"1",.,"A",.,"A",.,"A",50,"D",140,"D",.,"A",.,"A",.,"A",180,"D",0,"D",0,"D",90,"D",80,"D",0,"D",.,"A"
"20103",2182165,31,0,"1",25,"D",.,"A",.,"A",50,"D",100,"D",75,"D",.,"A",.,"A",.,"A",300,"D",0,"D",0,"D",140,"D",100,"D",.,"A"
"20103",2182185,68,0,"1",.,"A",.,"A",.,"A",.,"A",.,"A",.,"A",728,"D",.,"A",168,"D",.,"A",.,"A",.,"A",140,"D",.,"A",.,"A"
"20103",2182205,34,0,"1",.,"A",.,"A",.,"A",.,"A",.,"A",.,"A",.,"A",.,"A",.,"A",.,"A",.,"A",.,"A",.,"A",.,"A",.,"A"
"20103",2182215,56,0,"1",.,"A",.,"A",.,"A",.,"A",.,"A",.,"A",.,"A",.,"A",.,"A",.,"A",.,"A",.,"A",30,"D",.,"A",.,"A"
"20103",2182225,79,0,"1",.,"A",.,"A",.,"A",.,"A",.,"A",20,"D",520,"D",.,"A",30,"D",.,"A",.,"A",.,"A",100,"D",.,"A",.,"A"
"20103",2182235,43,0,"1",.,"A",.,"A",.,"A",.,"A",.,"A",.,"A",.,"A",.,"A",.,"A",.,"A",.,"A",.,"A",.,"A",.,"A",.,"A"
"20103",2182245,39,0,"1",.,"A",.,"A",.,"A",.,"A",.,"A",25,"D",156,"D",.,"A",9,"D",30,"D",30,"D",0,"D",.,"A",10,"D",.,"A"
"20103",2182255,50,0,"1",.,"A",.,"A",.,"A",.,"A",.,"A",.,"A",.,"A",.,"A",.,"A",.,"A",.,"A",.,"A",10,"D",.,"A",.,"A"
"20103",2182275,50,0,"1",.,"A",.,"A",.,"A",.,"A",.,"A",.,"A",.,"A",.,"A",.,"A",.,"A",.,"A",.,"A",.,"A",.,"A",.,"A"
"20103",2182285,54,0,"1",.,"A",.,"A",.,"A",.,"A",.,"A",.,"A",.,"A",.,"A",.,"A",.,"A",.,"A",.,"A",.,"A",.,"A",.,"A"
"20103",2182295,39,0,"1",.,"A",.,"A",.,"A",.,"A",.,"A",.,"A",650,"D",.,"A",.,"A",.,"A",.,"A",.,"A",.,"A",.,"A",.,"A"
"20103",2182315,52,0,"1",.,"A",.,"A",.,"A",.,"A",.,"A",.,"A",.,"A",.,"A",.,"A",.,"A",.,"A",.,"A",60,"D",.,"A",.,"A"
"20103",2182375,57,0,"1",.,"A",.,"A",80,"D",.,"A",.,"A",80,"D",.,"A",.,"A",.,"A",.,"A",.,"A",.,"A",160,"D",.,"A",.,"A"
"20103",2182385,57,0,"1",.,"A",.,"A",.,"A",.,"A",.,"A",100,"D",.,"A",.,"A",.,"A",.,"A",.,"A",.,"A",47,"D",.,"A",.,"A"
"20103",2182395,81,0,"1",.,"A",.,"A",.,"A",.,"A",.,"A",75,"D",.,"A",.,"A",.,"A",.,"A",.,"A",.,"A",.,"A",.,"A",.,"A"
"20103",2182405,49,0,"1",.,"A",.,"A",.,"A",.,"A",.,"A",.,"A",.,"A",.,"A",.,"A",.,"A",.,"A",.,"A",.,"A",.,"A",.,"A"
"20103",2182425,49,0,"1",.,"A",.,"A",.,"A",.,"A",.,"A",.,"A",.,"A",.,"A",.,"A",.,"A",.,"A",.,"A",60,"D",.,"A",.,"A"
"20103",2182435,57,0,"1",.,"A",.,"A",.,"A",.,"A",.,"A",.,"A",.,"A",.,"A",.,"A",.,"A",.,"A",.,"A",.,"A",.,"A",.,"A"
"20103",2182455,36,0,"1",.,"A",27,"D",.,"A",.,"A",.,"A",36,"D",.,"A",.,"A",.,"A",.,"A",.,"A",.,"A",15,"D",.,"A",.,"A"
"20103",2182465,69,0,"1",.,"A",.,"A",.,"A",.,"A",.,"A",6,"D",1781,"D",.,"A",.,"A",.,"A",.,"A",.,"A",45,"D",.,"A",.,"A"
"20103",2182475,79,0,"1",.,"A",.,"A",.,"A",.,"A",.,"A",.,"A",429,"D",.,"A",.,"A",165,"D",0,"D",0,"D",42,"D",55,"D",.,"A"
"20103",2182485,40,0,"1",.,"A",.,"A",.,"A",.,"A",.,"A",.,"A",.,"A",.,"A",.,"A",.,"A",.,"A",.,"A",10,"D",.,"A",.,"A"
"20103",2182495,75,0,"1",.,"A",.,"A",.,"A",.,"A",.,"A",.,"A",.,"A",.,"A",.,"A",.,"A",.,"A",.,"A",85,"D",.,"A",.,"A"
"20103",2182525,25,0,"1",.,"A",.,"A",.,"A",.,"A",120,"D",.,"A",.,"A",.,"A",.,"A",.,"A",.,"A",.,"A",63,"D",.,"A",.,"A"
"20103",2182535,68,0,"1",.,"A",.,"A",.,"A",.,"A",72,"D",.,"A",.,"A",.,"A",.,"A",240,"D",0,"D",0,"D",.,"A",80,"D",.,"A"
"20103",2182555,69,0,"1",.,"A",.,"A",.,"A",.,"A",.,"A",40,"D",.,"A",.,"A",21,"D",.,"A",.,"A",.,"A",150,"D",.,"A",.,"A"
"20103",2182575,54,0,"1",.,"A",.,"A",.,"A",.,"A",.,"A",.,"A",650,"D",.,"A",.,"A",.,"A",.,"A",.,"A",300,"D",.,"A",.,"A"
"20103",2182595,58,0,"1",.,"A",.,"A",.,"A",.,"A",.,"A",.,"A",.,"A",.,"A",6,"D",.,"A",.,"A",.,"A",30,"D",.,"A",.,"A"
"20103",2182605,71,0,"1",.,"A",.,"A",.,"A",.,"A",.,"A",.,"A",.,"A",.,"A",15,"D",.,"A",.,"A",.,"A",200,"D",.,"A",.,"A"
"20103",2182615,42,0,"1",.,"A",.,"A",.,"A",.,"A",129,"D",.,"A",.,"A",.,"A",.,"A",.,"A",.,"A",.,"A",.,"A",.,"A",.,"A"
"20103",2182625,54,0,"1",.,"A",.,"A",.,"A",.,"A",.,"A",.,"A",.,"A",.,"A",.,"A",.,"A",.,"A",.,"A",.,"A",.,"A",.,"A"
"20103",2182635,51,0,"1",.,"A",.,"A",.,"A",.,"A",.,"A",.,"A",.,"A",.,"A",.,"A",.,"A",.,"A",.,"A",.,"A",.,"A",.,"A"
"20103",2182655,49,0,"1",.,"A",.,"A",.,"A",.,"A",.,"A",.,"A",.,"A",.,"A",.,"A",.,"A",.,"A",.,"A",12,"D",.,"A",.,"A"
"20103",2182665,46,0,"1",.,"A",.,"A",.,"A",.,"A",.,"A",.,"A",.,"A",.,"A",.,"A",.,"A",.,"A",.,"A",45,"D",.,"A",.,"A"
"20103",2182695,97,0,"1",.,"A",.,"A",.,"A",.,"A",.,"A",48,"D",.,"A",.,"A",.,"A",.,"A",.,"A",.,"A",.,"A",.,"A",.,"A"
"20103",2182705,63,0,"1",.,"A",.,"A",.,"A",.,"A",.,"A",.,"A",.,"A",.,"A",.,"A",.,"A",.,"A",.,"A",160,"D",.,"A",.,"A"
"20103",2182735,35,0,"1",.,"A",.,"A",.,"A",.,"A",.,"A",.,"A",.,"A",.,"A",24,"D",.,"A",.,"A",.,"A",30,"D",.,"A",.,"A"
"20103",2182745,50,0,"1",.,"A",.,"A",.,"A",.,"A",.,"A",.,"A",130,"D",.,"A",.,"A",.,"A",.,"A",.,"A",125,"D",.,"A",.,"A"
"20103",2182755,54,0,"1",.,"A",.,"A",.,"A",.,"A",.,"A",50,"D",.,"A",.,"A",69,"D",.,"A",.,"A",.,"A",60,"D",.,"A",.,"A"
"20103",2182775,60,0,"1",.,"A",.,"A",.,"A",.,"A",.,"A",.,"A",.,"A",.,"A",.,"A",.,"A",.,"A",.,"A",30,"D",.,"A",.,"A"
"20103",2182785,35,0,"1",.,"A",.,"A",.,"A",.,"A",.,"A",.,"A",.,"A",.,"A",.,"A",.,"A",.,"A",.,"A",.,"A",.,"A",.,"A"
"20103",2182805,71,0,"1",.,"A",.,"A",.,"A",.,"A",.,"A",.,"A",.,"A",.,"A",.,"A",.,"A",.,"A",.,"A",.,"A",.,"A",.,"A"
"20103",2182835,65,0,"1",.,"A",.,"A",.,"A",.,"A",.,"A",100,"D",.,"A",.,"A",.,"A",.,"A",.,"A",.,"A",100,"D",.,"A",.,"A"
"20103",2182845,37,0,"1",.,"A",.,"A",.,"A",.,"A",50,"D",.,"A",.,"A",.,"A",.,"A",.,"A",.,"A",.,"A",15,"D",.,"A",.,"A"
"20103",2182855,37,0,"1",.,"A",.,"A",.,"A",.,"A",240,"D",.,"A",.,"A",.,"A",.,"A",.,"A",.,"A",.,"A",60,"D",.,"A",.,"A"
"20103",2182875,64,0,"1",.,"A",.,"A",.,"A",.,"A",.,"A",.,"A",.,"A",.,"A",.,"A",.,"A",.,"A",.,"A",50,"D",.,"A",.,"A"
"20103",2182885,38,0,"1",.,"A",.,"A",.,"A",30,"D",35,"D",.,"A",208,"D",.,"A",.,"A",96,"D",0,"D",30,"D",20,"D",32,"D",.,"A"
"20103",2182895,26,0,"1",.,"A",.,"A",.,"A",.,"A",48,"D",.,"A",.,"A",.,"A",.,"A",.,"A",.,"A",.,"A",200,"D",.,"A",.,"A"
"20103",2182925,40,0,"1",.,"A",.,"A",.,"A",.,"A",.,"A",.,"A",.,"A",.,"A",.,"A",.,"A",.,"A",.,"A",.,"A",.,"A",.,"A"
"20103",2182935,50,0,"1",.,"A",.,"A",.,"A",.,"A",.,"A",.,"A",.,"A",.,"A",.,"A",.,"A",.,"A",.,"A",50,"D",.,"A",.,"A"
"20103",2182945,51,0,"1",.,"A",.,"A",.,"A",.,"A",.,"A",.,"A",.,"A",.,"A",.,"A",.,"A",.,"A",.,"A",45,"D",.,"A",.,"A"
"20103",2182975,55,0,"1",30,"D",.,"A",.,"A",.,"A",90,"D",.,"A",1040,"D",.,"A",.,"A",.,"A",.,"A",.,"A",.,"A",.,"A",.,"A"
"20103",2182985,68,0,"1",.,"A",.,"A",.,"A",.,"A",.,"A",.,"A",.,"A",.,"A",30,"D",.,"A",.,"A",.,"A",125,"D",.,"A",.,"A"
"20103",2182995,45,0,"1",.,"A",.,"A",.,"A",.,"A",.,"A",.,"A",.,"A",.,"A",27,"D",.,"A",.,"A",.,"A",160,"D",.,"A",.,"A"
"20103",2183005,38,0,"1",.,"A",.,"A",.,"A",.,"A",.,"A",.,"A",.,"A",.,"A",.,"A",.,"A",.,"A",.,"A",.,"A",.,"A",.,"A"
"20103",2183015,51,0,"1",.,"A",.,"A",.,"A",.,"A",.,"A",.,"A",.,"A",.,"A",.,"A",.,"A",.,"A",.,"A",70,"D",.,"A",.,"A"
"20103",2183035,26,0,"1",.,"A",.,"A",.,"A",.,"A",90,"D",.,"A",.,"A",.,"A",.,"A",303,"D",0,"D",0,"D",90,"D",101,"D",.,"A"
"20103",2183045,45,0,"1",.,"A",.,"A",.,"A",250,"D",.,"A",.,"A",.,"A",.,"A",30,"F",.,"A",.,"A",.,"A",.,"A",.,"A",.,"A"
"20103",2183055,56,0,"1",.,"A",.,"A",.,"A",.,"A",.,"A",.,"A",.,"A",.,"A",.,"A",.,"A",.,"A",.,"A",25,"D",.,"A",.,"A"
"20103",2183065,32,0,"1",.,"A",.,"A",.,"A",.,"A",.,"A",.,"A",.,"A",.,"A",.,"A",.,"A",.,"A",.,"A",.,"A",.,"A",.,"A"
"20103",2183075,24,0,"1",.,"A",.,"A",.,"A",.,"A",.,"A",.,"A",.,"A",.,"A",.,"A",267,"D",0,"D",0,"D",.,"A",89,"D",.,"A"
"20103",2183095,40,0,"1",.,"A",.,"A",.,"A",.,"A",.,"A",.,"A",780,"D",.,"A",.,"A",.,"A",.,"A",.,"A",200,"D",.,"A",.,"A"
"20103",2183105,52,0,"1",.,"A",.,"A",.,"A",.,"A",.,"A",130,"D",.,"A",.,"A",.,"A",.,"A",.,"A",.,"A",150,"D",.,"A",.,"A"
"20103",2183115,80,0,"1",.,"A",.,"A",.,"A",.,"A",6,"D",.,"A",.,"A",130,"D",.,"A",.,"A",.,"A",.,"A",.,"A",.,"A",.,"A"
"20103",2183125,51,0,"1",.,"A",.,"A",.,"A",.,"A",.,"A",.,"A",1040,"D",.,"A",9,"D",.,"A",.,"A",.,"A",205,"D",.,"A",.,"A"
"20103",2183135,33,0,"1",.,"A",.,"A",.,"A",.,"A",.,"A",.,"A",.,"A",.,"A",.,"A",.,"A",.,"A",.,"A",.,"A",.,"A",.,"A"
"20103",2183165,56,0,"1",.,"A",.,"A",.,"A",.,"A",.,"A",.,"A",.,"A",.,"A",.,"A",.,"A",.,"A",.,"A",.,"A",.,"A",.,"A"
"20103",2183175,59,0,"1",.,"A",.,"A",.,"A",.,"A",.,"A",.,"A",104,"D",.,"A",.,"A",0,"D",0,"D",225,"D",.,"A",0,"D",.,"A"
"20103",2183185,37,0,"1",.,"A",.,"A",.,"A",.,"A",80,"F",.,"A",.,"A",.,"A",.,"A",.,"A",.,"A",.,"A",.,"A",.,"A",.,"A"
"20103",2183195,62,0,"1",.,"A",.,"A",.,"A",.,"A",.,"A",.,"A",.,"A",.,"A",.,"A",.,"A",.,"A",.,"A",60,"D",.,"A",.,"A"
"20103",2183205,70,0,"1",.,"A",.,"A",.,"A",.,"A",.,"A",.,"A",.,"A",.,"A",.,"A",105,"D",6,"D",6,"D",100,"D",35,"D",110,"D"
"20103",2183225,79,0,"1",.,"A",.,"A",.,"A",.,"A",.,"A",.,"A",.,"A",.,"A",.,"A",.,"A",.,"A",.,"A",.,"A",.,"A",.,"A"
"20103",2183275,50,0,"1",.,"A",.,"A",.,"A",.,"A",.,"A",.,"A",.,"A",78,"D",.,"A",.,"A",.,"A",.,"A",90,"D",.,"A",.,"A"
"20103",2183285,34,0,"1",.,"A",.,"A",.,"A",.,"A",40,"D",60,"D",.,"A",.,"A",.,"A",555,"D",0,"D",0,"D",40,"D",185,"D",.,"A"
"20103",2183305,29,0,"1",.,"A",.,"A",.,"A",.,"A",.,"A",.,"A",.,"A",.,"A",.,"A",.,"A",.,"A",.,"A",.,"A",.,"A",.,"A"
"20103",2183345,28,0,"1",.,"A",.,"A",.,"A",.,"A",28,"D",.,"A",.,"A",39,"D",.,"A",.,"A",.,"A",.,"A",.,"A",.,"A",.,"A"
"20103",2183355,47,0,"1",.,"A",.,"A",.,"A",.,"A",.,"A",.,"A",.,"A",.,"A",.,"A",.,"A",.,"A",.,"A",50,"D",.,"A",.,"A"
"20103",2183385,64,0,"1",.,"A",.,"A",.,"A",.,"A",.,"A",.,"A",455,"D",.,"A",.,"A",.,"A",.,"A",.,"A",.,"A",.,"A",.,"A"
"20103",2183395,67,0,"1",.,"A",.,"A",.,"A",.,"A",.,"A",30,"D",325,"D",.,"A",.,"A",.,"A",.,"A",.,"A",250,"D",.,"A",.,"A"
"20103",2183405,37,0,"1",.,"A",.,"A",.,"A",.,"A",.,"A",.,"A",.,"A",.,"A",.,"A",.,"A",.,"A",.,"A",.,"A",.,"A",.,"A"
"20103",2183415,41,0,"1",.,"A",.,"A",.,"A",.,"A",.,"A",.,"A",.,"A",.,"A",.,"A",.,"A",.,"A",.,"A",.,"A",.,"A",.,"A"
"20103",2183425,55,0,"1",.,"A",.,"A",.,"A",.,"A",.,"A",.,"A",.,"A",.,"A",.,"A",.,"A",.,"A",.,"A",.,"A",.,"A",.,"A"
"20103",2183435,50,0,"1",.,"A",.,"A",.,"A",.,"A",.,"A",.,"A",1092,"D",.,"A",.,"A",.,"A",.,"A",.,"A",17,"D",.,"A",.,"A"
"20103",2183445,42,0,"1",.,"A",35,"D",.,"A",.,"A",.,"A",220,"D",.,"A",.,"A",.,"A",.,"A",.,"A",.,"A",85,"D",.,"A",.,"A"
"20103",2183465,30,0,"1",.,"A",.,"A",.,"A",.,"A",.,"A",.,"A",.,"A",.,"A",.,"A",.,"A",.,"A",.,"A",.,"A",.,"A",.,"A"
"20103",2183485,69,0,"1",.,"A",.,"A",.,"A",.,"A",180,"D",.,"A",.,"A",.,"A",.,"A",.,"A",.,"A",.,"A",.,"A",.,"A",.,"A"
"20103",2183495,110,0,"1",.,"A",.,"A",.,"A",.,"A",.,"A",120,"D",.,"A",.,"A",.,"A",0,"D",0,"D",60,"D",500,"D",0,"D",.,"A"
"20103",2183505,33,0,"1",.,"A",.,"A",.,"A",.,"A",53,"D",.,"A",.,"A",.,"A",.,"A",.,"A",.,"A",.,"A",125,"D",.,"A",.,"A"
"20103",2183535,50,0,"1",.,"A",.,"A",.,"A",.,"A",.,"A",.,"A",.,"A",.,"A",.,"A",.,"A",.,"A",.,"A",100,"D",.,"A",.,"A"
"20103",2183555,55,0,"1",.,"A",.,"A",.,"A",.,"A",.,"A",.,"A",.,"A",.,"A",.,"A",.,"A",.,"A",.,"A",100,"D",.,"A",.,"A"
"20103",2183575,57,0,"1",.,"A",.,"A",.,"A",.,"A",.,"A",22,"D",.,"A",.,"A",.,"A",.,"A",.,"A",.,"A",340,"D",.,"A",.,"A"
"20103",2183605,33,0,"1",.,"A",.,"A",.,"A",.,"A",.,"A",.,"A",130,"D",.,"A",.,"A",.,"A",.,"A",.,"A",.,"A",.,"A",.,"A"
"20103",2183625,69,0,"1",.,"A",.,"A",.,"A",.,"A",.,"A",.,"A",390,"D",.,"A",.,"A",.,"A",.,"A",.,"A",80,"D",.,"A",.,"A"
"20103",2183645,38,0,"1",.,"A",.,"A",.,"A",.,"A",.,"A",.,"A",.,"A",.,"A",.,"A",.,"A",.,"A",.,"A",.,"A",.,"A",.,"A"
"20103",2183665,56,0,"1",.,"A",.,"A",.,"A",.,"A",.,"A",.,"A",.,"A",.,"A",150,"D",.,"A",.,"A",.,"A",60,"D",.,"A",.,"A"
"20103",2183675,59,0,"1",.,"A",.,"A",.,"A",.,"A",.,"A",.,"A",.,"A",.,"A",.,"A",.,"A",.,"A",.,"A",76,"D",.,"A",.,"A"
"20103",2183705,52,0,"1",.,"A",.,"A",.,"A",.,"A",.,"A",.,"A",195,"D",.,"A",.,"A",.,"A",.,"A",.,"A",.,"A",.,"A",.,"A"
"20103",2183745,54,0,"1",.,"A",.,"A",.,"A",.,"A",.,"A",.,"A",546,"D",.,"A",.,"A",.,"A",.,"A",.,"A",40,"D",.,"A",.,"A"
"20103",2183775,75,0,"1",.,"A",.,"A",.,"A",.,"A",.,"A",.,"A",.,"A",91,"D",.,"A",.,"A",.,"A",.,"A",.,"A",.,"A",.,"A"
"20103",2183795,38,0,"1",.,"A",.,"A",.,"A",.,"A",.,"A",.,"A",.,"A",.,"A",.,"A",.,"A",.,"A",.,"A",120,"D",.,"A",.,"A"
"20103",2183805,52,0,"1",.,"A",.,"A",.,"A",.,"A",.,"A",.,"A",975,"D",.,"A",.,"A",.,"A",.,"A",.,"A",60,"D",.,"A",.,"A"
"20103",2183825,43,0,"1",.,"A",.,"A",.,"A",500,"D",.,"A",.,"A",.,"A",.,"A",.,"A",.,"A",.,"A",.,"A",.,"A",.,"A",.,"A"
"20103",2183835,49,0,"1",.,"A",.,"A",.,"A",.,"A",.,"A",30,"D",.,"A",.,"A",.,"A",.,"A",.,"A",.,"A",40,"D",.,"A",.,"A"
"20103",2183845,49,0,"1",.,"A",.,"A",.,"A",.,"A",.,"A",.,"A",520,"D",.,"A",.,"A",.,"A",.,"A",.,"A",.,"A",.,"A",.,"A"
"20103",2183855,52,0,"1",.,"A",.,"A",.,"A",.,"A",.,"A",.,"A",1053,"D",.,"A",.,"A",.,"A",.,"A",.,"A",279,"D",.,"A",.,"A"
"20103",2183865,73,0,"1",.,"A",80,"D",.,"A",.,"A",.,"A",0,"D",.,"A",.,"A",.,"A",.,"A",.,"A",.,"A",250,"D",.,"A",.,"A"
"20103",2183875,60,0,"1",.,"A",.,"A",.,"A",.,"A",.,"A",.,"A",.,"A",.,"A",.,"A",.,"A",.,"A",.,"A",225,"D",.,"A",.,"A"
"20103",2183885,81,0,"1",.,"A",.,"A",.,"A",.,"A",.,"A",.,"A",.,"A",.,"A",.,"A",.,"A",.,"A",.,"A",60,"D",.,"A",.,"A"
"20103",2183895,31,0,"1",.,"A",.,"A",.,"A",.,"A",.,"A",.,"A",520,"D",.,"A",.,"A",.,"A",.,"A",.,"A",.,"A",.,"A",.,"A"
"20103",2183905,52,0,"1",.,"A",.,"A",.,"A",.,"A",.,"A",.,"A",.,"A",.,"A",.,"A",.,"A",.,"A",.,"A",.,"A",.,"A",.,"A"
"20103",2183915,42,0,"1",.,"A",.,"A",.,"A",.,"A",.,"A",60,"D",.,"A",.,"A",.,"A",.,"A",.,"A",.,"A",20,"D",.,"A",.,"A"
"20103",2183935,82,0,"1",.,"A",.,"A",.,"A",.,"A",.,"A",.,"A",.,"A",.,"A",.,"A",.,"A",.,"A",.,"A",25,"D",.,"A",.,"A"
"20103",2183955,33,0,"1",.,"A",.,"A",.,"A",.,"A",.,"A",.,"A",.,"A",.,"A",.,"A",.,"A",.,"A",.,"A",.,"A",.,"A",.,"A"
"20103",2183975,34,0,"1",.,"A",.,"A",.,"A",.,"A",240,"D",.,"A",.,"A",.,"A",.,"A",.,"A",.,"A",.,"A",72,"D",.,"A",.,"A"
"20103",2184005,47,0,"1",.,"A",.,"A",.,"A",.,"A",.,"A",.,"A",.,"A",.,"A",.,"A",.,"A",.,"A",.,"A",.,"A",.,"A",.,"A"
"20103",2184015,42,0,"1",.,"A",.,"A",78,"D",.,"A",.,"A",.,"A",.,"A",.,"A",.,"A",.,"A",.,"A",.,"A",.,"A",.,"A",.,"A"
"20103",2184025,45,0,"1",.,"A",.,"A",.,"A",.,"A",.,"A",.,"A",520,"D",.,"A",.,"A",.,"A",.,"A",.,"A",60,"D",.,"A",.,"A"
"20103",2184085,39,0,"1",.,"A",.,"A",.,"A",.,"A",.,"A",.,"A",.,"A",.,"A",.,"A",.,"A",.,"A",.,"A",55,"D",.,"A",.,"A"
"20103",2184145,73,0,"1",.,"A",.,"A",.,"A",.,"A",.,"A",.,"A",.,"A",.,"A",18,"D",.,"A",.,"A",.,"A",.,"A",.,"A",.,"A"
"20103",2184165,65,0,"1",.,"A",.,"A",.,"A",.,"A",.,"A",.,"A",.,"A",.,"A",.,"A",.,"A",.,"A",.,"A",180,"D",.,"A",.,"A"
"20103",2184185,25,0,"1",.,"A",.,"A",.,"A",.,"A",30,"D",.,"A",.,"A",.,"A",.,"A",0,"D",0,"D",45,"D",.,"A",0,"D",.,"A"
"20103",2184195,31,0,"1",.,"A",.,"A",.,"A",.,"A",.,"A",.,"A",455,"D",.,"A",.,"A",.,"A",.,"A",.,"A",.,"A",.,"A",.,"A"
"20103",2184215,49,0,"1",.,"A",.,"A",.,"A",.,"A",.,"A",.,"A",.,"A",.,"A",.,"A",.,"A",.,"A",.,"A",.,"A",.,"A",.,"A"
"20103",2184225,52,0,"1",.,"A",.,"A",.,"A",.,"A",.,"A",.,"A",.,"A",.,"A",.,"A",.,"A",.,"A",.,"A",90,"D",.,"A",.,"A"
"20103",2184235,67,0,"1",.,"A",.,"A",.,"A",.,"A",60,"D",30,"D",.,"A",.,"A",.,"A",.,"A",.,"A",.,"A",353,"D",.,"A",.,"A"
"20103",2184255,32,0,"1",.,"A",.,"A",.,"A",.,"A",.,"A",.,"A",.,"A",.,"A",.,"A",0,"D",0,"D",15,"D",.,"A",0,"D",.,"A"
"20103",2184275,32,0,"1",28,"D",.,"A",.,"A",.,"A",28,"D",.,"A",.,"A",.,"A",.,"A",.,"A",.,"A",.,"A",19,"D",.,"A",.,"A"
"20103",2184285,52,0,"1",.,"A",.,"A",.,"A",.,"A",.,"A",.,"A",.,"A",.,"A",.,"A",.,"A",.,"A",.,"A",210,"D",.,"A",.,"A"
"20103",2184305,40,0,"1",.,"A",.,"A",.,"A",.,"A",.,"A",.,"A",.,"A",.,"A",.,"A",.,"A",.,"A",.,"A",.,"A",.,"A",.,"A"
"20103",2184315,42,0,"1",.,"A",.,"A",.,"A",.,"A",.,"A",.,"A",.,"A",.,"A",.,"A",.,"A",.,"A",.,"A",.,"A",.,"A",.,"A"
"20103",2184325,52,0,"1",.,"A",.,"A",.,"A",.,"A",.,"A",.,"A",.,"A",.,"A",.,"A",0,"D",0,"D",0,"D",.,"A",0,"D",.,"A"
"20103",2184335,82,0,"1",.,"A",.,"A",.,"A",.,"A",.,"A",.,"A",.,"A",.,"A",.,"A",.,"A",.,"A",.,"A",.,"A",.,"A",.,"A"
"20103",2184345,53,0,"1",.,"A",.,"A",.,"A",.,"A",.,"A",.,"A",.,"A",.,"A",.,"A",.,"A",.,"A",.,"A",120,"D",.,"A",.,"A"
"20103",2184365,43,0,"1",.,"A",.,"A",.,"A",.,"A",.,"A",.,"A",.,"A",.,"A",.,"A",.,"A",.,"A",.,"A",32,"D",.,"A",.,"A"
"20103",2184375,74,0,"1",.,"A",.,"A",.,"A",.,"A",.,"A",.,"A",.,"A",91,"D",.,"A",.,"A",.,"A",.,"A",90,"D",.,"A",.,"A"
"20103",2184385,24,0,"1",.,"A",.,"A",.,"A",.,"A",.,"A",.,"A",.,"A",.,"A",.,"A",0,"D",60,"D",45,"D",.,"A",0,"D",.,"A"
"20103",2184405,38,0,"1",.,"A",.,"A",.,"A",.,"A",.,"A",50,"D",.,"A",.,"A",.,"A",.,"A",.,"A",.,"A",60,"D",.,"A",.,"A"
"20103",2184415,52,0,"1",.,"A",.,"A",.,"A",.,"A",.,"A",.,"A",.,"A",.,"A",.,"A",.,"A",.,"A",.,"A",1000,"D",.,"A",.,"A"
"20103",2184425,49,0,"1",.,"A",.,"A",.,"A",.,"A",.,"A",.,"A",260,"D",.,"A",12,"D",.,"A",.,"A",.,"A",.,"A",.,"A",.,"A"
"20103",2184445,65,0,"1",.,"A",.,"A",.,"A",.,"A",.,"A",.,"A",.,"A",.,"A",75,"D",.,"A",.,"A",.,"A",250,"D",.,"A",.,"A"
"20103",2184465,32,0,"1",.,"A",.,"A",.,"A",.,"A",.,"A",.,"A",.,"A",.,"A",.,"A",.,"A",.,"A",.,"A",20,"D",.,"A",.,"A"
"20103",2184485,31,0,"1",.,"A",.,"A",.,"A",.,"A",.,"A",.,"A",.,"A",.,"A",.,"A",.,"A",.,"A",.,"A",.,"A",.,"A",.,"A"
"20103",2184495,56,0,"1",.,"A",.,"A",.,"A",.,"A",.,"A",.,"A",520,"D",520,"D",.,"A",.,"A",.,"A",.,"A",0,"D",.,"A",.,"A"
"20103",2184505,54,0,"1",10,"D",.,"A",.,"A",.,"A",50,"D",.,"A",.,"A",.,"A",.,"A",.,"A",.,"A",.,"A",.,"A",.,"A",.,"A"
"20103",2184525,27,0,"1",.,"A",.,"A",.,"A",.,"A",.,"A",.,"A",.,"A",.,"A",.,"A",.,"A",.,"A",.,"A",.,"A",.,"A",.,"A"
"20103",2184545,52,0,"1",.,"A",.,"A",.,"A",.,"A",.,"A",.,"A",.,"A",.,"A",.,"A",.,"A",.,"A",.,"A",90,"D",.,"A",.,"A"
"20103",2184565,32,0,"1",.,"A",.,"A",.,"A",.,"A",.,"A",.,"A",.,"A",.,"A",.,"A",.,"A",.,"A",.,"A",.,"A",.,"A",.,"A"
"20103",2184585,73,0,"1",.,"A",.,"A",.,"A",.,"A",.,"A",30,"D",1651,"D",.,"A",15,"F",.,"A",.,"A",.,"A",235,"D",.,"A",.,"A"
"20103",2184595,64,0,"1",.,"A",.,"A",.,"A",.,"A",.,"A",40,"D",.,"A",.,"A",.,"A",.,"A",.,"A",.,"A",324,"D",.,"A",.,"A"
"20103",2184615,64,0,"1",.,"A",.,"A",.,"A",.,"A",.,"A",.,"A",.,"A",.,"A",.,"A",.,"A",.,"A",.,"A",14,"D",.,"A",.,"A"
"20103",2184635,40,0,"1",.,"A",.,"A",.,"A",.,"A",.,"A",.,"A",.,"A",.,"A",.,"A",.,"A",.,"A",.,"A",100,"D",.,"A",.,"A"
"20103",2184655,57,0,"1",.,"A",.,"A",.,"A",.,"A",.,"A",.,"A",.,"A",.,"A",.,"A",.,"A",.,"A",.,"A",.,"A",.,"A",.,"A"
"20103",2184695,29,0,"1",.,"A",.,"A",.,"A",.,"A",.,"A",.,"A",.,"A",.,"A",.,"A",.,"A",.,"A",.,"A",25,"D",.,"A",.,"A"
"20103",2184705,56,0,"1",.,"A",.,"A",.,"A",.,"A",.,"A",.,"A",.,"A",156,"D",.,"A",.,"A",.,"A",.,"A",.,"A",.,"A",.,"A"
"20103",2184735,31,0,"1",.,"A",.,"A",.,"A",.,"A",.,"A",.,"A",.,"A",.,"A",.,"A",.,"A",.,"A",.,"A",.,"A",.,"A",.,"A"
"20103",2184745,62,0,"1",.,"A",.,"A",.,"A",.,"A",.,"A",.,"A",.,"A",.,"A",.,"A",.,"A",.,"A",.,"A",100,"D",.,"A",.,"A"
"20103",2184755,82,0,"1",.,"A",.,"A",.,"A",.,"A",.,"A",20,"D",260,"D",.,"A",.,"A",.,"A",.,"A",.,"A",65,"D",.,"A",.,"A"
"20103",2184765,64,0,"1",.,"A",.,"A",.,"A",.,"A",.,"A",.,"A",.,"A",.,"A",.,"A",.,"A",.,"A",.,"A",69,"D",.,"A",.,"A"
"20103",2184775,50,0,"1",.,"A",.,"A",.,"A",.,"A",.,"A",.,"A",130,"D",.,"A",.,"A",.,"A",.,"A",.,"A",.,"A",.,"A",.,"A"
"20103",2184785,25,0,"1",50,"D",.,"A",.,"A",.,"A",50,"D",.,"A",.,"A",.,"A",.,"A",120,"D",0,"D",0,"D",20,"D",40,"D",120,"D"
"20103",2184815,47,0,"1",.,"A",.,"A",.,"A",.,"A",.,"A",.,"A",65,"D",.,"A",102,"D",.,"A",.,"A",.,"A",125,"D",.,"A",.,"A"
"20103",2184825,26,0,"1",.,"A",.,"A",.,"A",.,"A",.,"A",.,"A",.,"A",.,"A",225,"D",.,"A",.,"A",.,"A",.,"A",.,"A",.,"A"
"20103",2184845,56,0,"1",.,"A",.,"A",.,"A",.,"A",.,"A",.,"A",.,"A",.,"A",.,"A",.,"A",.,"A",.,"A",82,"D",.,"A",.,"A"
"20103",2184855,63,0,"1",.,"A",.,"A",.,"A",.,"A",.,"A",.,"A",156,"D",.,"A",30,"D",.,"A",.,"A",.,"A",.,"A",.,"A",.,"A"
"20103",2184875,41,0,"1",.,"A",.,"A",.,"A",.,"A",.,"A",.,"A",585,"D",.,"A",.,"A",.,"A",.,"A",.,"A",.,"A",.,"A",.,"A"
"20103",2184895,90,0,"1",.,"A",.,"A",.,"A",.,"A",.,"A",20,"D",.,"A",.,"A",.,"A",.,"A",.,"A",.,"A",255,"D",.,"A",.,"A"
"20103",2184905,72,0,"1",.,"A",.,"A",.,"A",.,"A",.,"A",11,"D",.,"A",.,"A",.,"A",.,"A",.,"A",.,"A",160,"D",.,"A",.,"A"
"20103",2184915,112,0,"1",.,"A",.,"A",.,"A",.,"A",.,"A",.,"A",.,"A",.,"A",90,"D",.,"A",.,"A",.,"A",700,"D",.,"A",.,"A"
"20103",2184935,51,0,"1",.,"A",.,"A",.,"A",.,"A",.,"A",.,"A",.,"A",.,"A",.,"A",.,"A",.,"A",.,"A",100,"D",.,"A",.,"A"
"20103",2184965,54,0,"1",.,"A",.,"A",.,"A",.,"A",.,"A",.,"A",.,"A",.,"A",30,"D",.,"A",.,"A",.,"A",.,"A",.,"A",.,"A"
"20103",2184975,62,0,"1",.,"A",.,"A",.,"A",.,"A",.,"A",150,"D",.,"A",.,"A",.,"A",348,"D",0,"D",0,"D",150,"D",116,"D",.,"A"
"20103",2184995,55,0,"1",.,"A",.,"A",.,"A",.,"A",.,"A",.,"A",.,"A",546,"D",.,"A",.,"A",.,"A",.,"A",225,"D",.,"A",.,"A"
"20103",2185005,75,0,"1",.,"A",40,"D",.,"A",.,"A",.,"A",0,"D",1560,"D",.,"A",.,"A",.,"A",.,"A",.,"A",180,"D",.,"A",.,"A"
"20103",2185015,52,0,"1",.,"A",.,"A",.,"A",.,"A",.,"A",.,"A",.,"A",.,"A",.,"A",300,"D",0,"D",300,"D",36,"D",100,"D",.,"A"
"20103",2185055,47,0,"1",20,"D",.,"A",.,"A",.,"A",55,"D",.,"A",.,"A",.,"A",.,"A",168,"D",0,"D",0,"D",.,"A",56,"D",.,"A"
"20103",2185065,41,0,"1",.,"A",.,"A",.,"A",.,"A",.,"A",.,"A",.,"A",.,"A",.,"A",.,"A",.,"A",.,"A",30,"D",.,"A",.,"A"
"20103",2185085,59,0,"1",.,"A",.,"A",.,"A",.,"A",.,"A",20,"D",.,"A",.,"A",.,"A",.,"A",.,"A",.,"A",246,"D",.,"A",.,"A"
"20103",2185095,34,0,"1",.,"A",.,"A",.,"A",.,"A",45,"D",.,"A",221,"D",.,"A",.,"A",.,"A",.,"A",.,"A",.,"A",.,"A",.,"A"
"20103",2185105,54,0,"1",.,"A",.,"A",.,"A",.,"A",.,"A",.,"A",260,"D",.,"A",.,"A",.,"A",.,"A",.,"A",100,"D",.,"A",.,"A"
"20103",2185135,52,0,"1",.,"A",.,"A",.,"A",.,"A",.,"A",.,"A",.,"A",.,"A",.,"A",.,"A",.,"A",.,"A",165,"D",.,"A",.,"A"
"20103",2185155,44,0,"1",45,"D",.,"A",.,"A",.,"A",135,"D",.,"A",.,"A",.,"A",.,"A",.,"A",.,"A",.,"A",80,"D",.,"A",.,"A"
"20103",2185165,41,0,"1",.,"A",.,"A",.,"A",.,"A",.,"A",.,"A",455,"D",.,"A",.,"A",.,"A",.,"A",.,"A",27,"D",.,"A",.,"A"
"20103",2185185,40,0,"1",.,"A",.,"A",.,"A",.,"A",.,"A",.,"A",.,"A",.,"A",.,"A",.,"A",.,"A",.,"A",.,"A",.,"A",.,"A"
"20103",2185195,57,0,"1",.,"A",.,"A",.,"A",.,"A",.,"A",.,"A",.,"A",.,"A",.,"A",.,"A",.,"A",.,"A",50,"D",.,"A",.,"A"
"20103",2185205,41,0,"1",.,"A",.,"A",.,"A",.,"A",.,"A",.,"A",.,"A",.,"A",.,"A",.,"A",.,"A",.,"A",60,"D",.,"A",.,"A"
"20103",2185235,44,0,"1",.,"A",.,"A",.,"A",.,"A",.,"A",.,"A",.,"A",.,"A",.,"A",.,"A",.,"A",.,"A",.,"A",.,"A",.,"A"
"20103",2185265,63,0,"1",.,"A",.,"A",.,"A",.,"A",.,"A",.,"A",.,"A",.,"A",.,"A",.,"A",.,"A",.,"A",40,"D",.,"A",.,"A"
"20103",2185275,48,0,"1",.,"A",.,"A",.,"A",.,"A",.,"A",.,"A",130,"D",.,"A",.,"A",.,"A",.,"A",.,"A",.,"A",.,"A",.,"A"
"20103",2185285,40,0,"1",20,"D",.,"A",.,"A",.,"A",80,"D",.,"A",.,"A",.,"A",.,"A",.,"A",.,"A",.,"A",.,"A",.,"A",.,"A"
"20103",2185295,61,0,"1",.,"A",.,"A",.,"A",.,"A",.,"A",.,"A",455,"D",.,"A",.,"A",.,"A",.,"A",.,"A",120,"D",.,"A",.,"A"
"20103",2185325,60,0,"1",.,"A",.,"A",.,"A",.,"A",150,"D",.,"A",.,"A",.,"A",.,"A",.,"A",.,"A",.,"A",.,"A",.,"A",.,"A"
"20103",2185335,74,0,"1",.,"A",.,"A",.,"A",.,"A",.,"A",600,"D",.,"A",.,"A",.,"A",.,"A",.,"A",.,"A",600,"D",.,"A",.,"A"
"20103",2185355,36,0,"1",.,"A",.,"A",.,"A",.,"A",.,"A",.,"A",.,"A",.,"A",.,"A",.,"A",.,"A",.,"A",.,"A",.,"A",.,"A"
"20103",2185385,56,0,"1",.,"A",.,"A",.,"A",.,"A",.,"A",.,"A",.,"A",.,"A",.,"A",.,"A",.,"A",.,"A",300,"D",.,"A",.,"A"
"20103",2185395,81,0,"1",.,"A",.,"A",.,"A",.,"A",.,"A",.,"A",.,"A",.,"A",30,"D",.,"A",.,"A",.,"A",120,"D",.,"A",.,"A"
"20103",2185405,28,0,"1",.,"A",.,"A",.,"A",.,"A",30,"D",.,"A",.,"A",.,"A",.,"A",.,"A",.,"A",.,"A",.,"A",.,"A",.,"A"
"20103",2185435,36,0,"1",.,"A",.,"A",.,"A",.,"A",.,"A",.,"A",.,"A",.,"A",.,"A",.,"A",.,"A",.,"A",.,"A",.,"A",.,"A"
"20103",2185445,47,0,"1",.,"A",.,"A",.,"A",.,"A",.,"A",.,"A",546,"D",.,"A",.,"A",.,"A",.,"A",.,"A",100,"D",.,"A",.,"A"
"20103",2185465,54,0,"1",.,"A",.,"A",.,"A",.,"A",.,"A",.,"A",.,"A",.,"A",.,"A",.,"A",.,"A",.,"A",22,"D",.,"A",.,"A"
"20103",2185475,65,0,"1",.,"A",.,"A",.,"A",.,"A",.,"A",30,"D",.,"A",.,"A",.,"A",.,"A",.,"A",.,"A",200,"D",.,"A",.,"A"
"20103",2185485,38,0,"1",.,"A",.,"A",.,"A",.,"A",.,"A",.,"A",.,"A",.,"A",.,"A",.,"A",.,"A",.,"A",.,"A",.,"A",.,"A"
"20103",2185495,35,0,"1",.,"A",.,"A",.,"A",.,"A",15,"D",.,"A",.,"A",.,"A",.,"A",.,"A",.,"A",.,"A",.,"A",.,"A",.,"A"
"20103",2185515,42,0,"1",.,"A",.,"A",.,"A",.,"A",.,"A",.,"A",.,"A",.,"A",.,"A",.,"A",.,"A",.,"A",.,"A",.,"A",.,"A"
"20103",2185525,56,0,"1",.,"A",.,"A",.,"A",.,"A",.,"A",120,"D",.,"A",.,"A",.,"A",822,"D",0,"D",0,"D",260,"D",274,"D",.,"A"
"20103",2185545,41,0,"1",.,"A",.,"A",.,"A",.,"A",.,"A",.,"A",.,"A",.,"A",.,"A",.,"A",.,"A",.,"A",.,"A",.,"A",.,"A"
"20103",2185555,48,0,"1",.,"A",.,"A",.,"A",.,"A",120,"D",.,"A",.,"A",.,"A",.,"A",.,"A",.,"A",.,"A",540,"D",.,"A",.,"A"
"20103",2185565,55,0,"1",.,"A",.,"A",.,"A",.,"A",.,"A",.,"A",.,"A",.,"A",.,"A",.,"A",.,"A",.,"A",60,"D",.,"A",.,"A"
"20103",2185575,27,0,"1",.,"A",.,"A",.,"A",.,"A",120,"D",.,"A",.,"A",.,"A",.,"A",.,"A",.,"A",.,"A",75,"D",.,"A",.,"A"
"20103",2185585,33,0,"1",.,"A",.,"A",.,"A",.,"A",.,"A",.,"A",.,"A",.,"A",.,"A",.,"A",.,"A",.,"A",20,"D",.,"A",.,"A"
"20103",2185595,42,0,"1",.,"A",.,"A",.,"A",.,"A",.,"A",.,"A",.,"A",.,"A",.,"A",.,"A",.,"A",.,"A",10,"D",.,"A",.,"A"
"20103",2185605,65,0,"1",.,"A",.,"A",.,"A",.,"A",.,"A",240,"D",.,"A",.,"A",.,"A",.,"A",.,"A",.,"A",175,"D",.,"A",.,"A"
"20103",2185615,49,0,"1",.,"A",.,"A",.,"A",.,"A",40,"D",120,"D",.,"A",.,"A",.,"A",225,"D",180,"D",0,"D",450,"D",75,"D",140,"D"
"20103",2185625,28,0,"1",.,"A",.,"A",.,"A",.,"A",.,"A",.,"A",.,"A",.,"A",.,"A",.,"A",.,"A",.,"A",35,"D",.,"A",.,"A"
"20103",2185665,50,0,"1",.,"A",.,"A",.,"A",.,"A",.,"A",.,"A",.,"A",.,"A",.,"A",.,"A",.,"A",.,"A",45,"D",.,"A",.,"A"
"20103",2185675,47,0,"1",.,"A",.,"A",.,"A",.,"A",50,"D",.,"A",.,"A",.,"A",.,"A",489,"D",69,"D",0,"D",70,"D",163,"D",.,"A"
"20103",2185685,36,0,"1",.,"A",.,"A",.,"A",.,"A",.,"A",.,"A",520,"D",.,"A",90,"D",.,"A",.,"A",.,"A",.,"A",.,"A",.,"A"
"20103",2185695,69,0,"1",.,"A",.,"A",.,"A",.,"A",.,"A",.,"A",.,"A",.,"A",.,"A",.,"A",.,"A",.,"A",10,"D",.,"A",.,"A"
"20103",2185715,60,0,"1",.,"A",.,"A",.,"A",.,"A",.,"A",.,"A",650,"D",.,"A",27,"D",.,"A",.,"A",.,"A",.,"A",.,"A",.,"A"
"20103",2185745,54,0,"1",.,"A",.,"A",.,"A",.,"A",.,"A",.,"A",325,"D",.,"A",.,"A",.,"A",.,"A",.,"A",150,"D",.,"A",.,"A"
"20103",2185785,57,0,"1",.,"A",.,"A",.,"A",.,"A",.,"A",.,"A",.,"A",.,"A",.,"A",.,"A",.,"A",.,"A",30,"D",.,"A",.,"A"
"20103",2185845,37,0,"1",.,"A",.,"A",.,"A",.,"A",.,"A",.,"A",.,"A",.,"A",.,"A",.,"A",.,"A",.,"A",.,"A",.,"A",.,"A"
"20103",2185855,55,0,"1",.,"A",.,"A",.,"A",.,"A",.,"A",.,"A",.,"A",.,"A",.,"A",.,"A",.,"A",.,"A",100,"D",.,"A",.,"A"
"20103",2185865,42,0,"1",.,"A",.,"A",.,"A",.,"A",250,"D",.,"A",.,"A",.,"A",.,"A",.,"A",.,"A",.,"A",210,"D",.,"A",.,"A"
"20103",2185875,32,0,"1",.,"A",.,"A",.,"A",.,"A",.,"A",20,"D",.,"A",.,"A",.,"A",.,"A",.,"A",.,"A",50,"D",.,"A",.,"A"
"20103",2185885,73,0,"1",.,"A",.,"A",.,"A",.,"A",.,"A",.,"A",910,"D",.,"A",.,"A",.,"A",.,"A",.,"A",.,"A",.,"A",.,"A"
"20103",2185895,41,0,"1",.,"A",.,"A",.,"A",.,"A",.,"A",.,"A",.,"A",.,"A",.,"A",.,"A",.,"A",.,"A",120,"D",.,"A",.,"A"
"20103",2185925,40,0,"1",.,"A",.,"A",.,"A",.,"A",.,"A",.,"A",.,"A",.,"A",.,"A",.,"A",.,"A",.,"A",60,"D",.,"A",.,"A"
"20103",2185935,37,0,"1",.,"A",.,"A",.,"A",.,"A",.,"A",.,"A",.,"A",.,"A",.,"A",.,"A",.,"A",.,"A",40,"D",.,"A",.,"A"
"20103",2185955,61,0,"1",.,"A",.,"A",.,"A",.,"A",.,"A",10,"D",.,"A",.,"A",.,"A",.,"A",.,"A",.,"A",170,"D",.,"A",.,"A"
"20103",2185975,41,0,"1",.,"A",.,"A",.,"A",.,"A",.,"A",.,"A",.,"A",.,"A",.,"A",.,"A",.,"A",.,"A",.,"A",.,"A",.,"A"
"20103",2186005,72,0,"1",.,"A",.,"A",.,"A",.,"A",.,"A",150,"D",.,"A",.,"A",.,"A",.,"A",.,"A",.,"A",300,"D",.,"A",.,"A"
"20103",2186015,49,0,"1",.,"A",.,"A",.,"A",.,"A",.,"A",.,"A",104,"D",.,"A",.,"A",.,"A",.,"A",.,"A",.,"A",.,"A",.,"A"
"20103",2186025,78,0,"1",.,"A",.,"A",.,"A",.,"A",.,"A",.,"A",.,"A",.,"A",.,"A",.,"A",.,"A",.,"A",300,"D",.,"A",.,"A"
"20103",2186045,81,0,"1",.,"A",.,"A",.,"A",.,"A",.,"A",8,"F",.,"A",.,"A",.,"A",.,"A",.,"A",.,"A",100,"D",.,"A",.,"A"
"20103",2186085,60,0,"1",.,"A",.,"A",.,"A",.,"A",.,"A",.,"A",.,"A",.,"A",.,"A",.,"A",.,"A",.,"A",345,"D",.,"A",.,"A"
"20103",2186105,46,0,"1",.,"A",.,"A",.,"A",.,"A",.,"A",.,"A",.,"A",.,"A",.,"A",.,"A",.,"A",.,"A",.,"A",.,"A",.,"A"
"20103",2186125,61,0,"1",.,"A",.,"A",.,"A",.,"A",.,"A",.,"A",.,"A",.,"A",.,"A",.,"A",.,"A",.,"A",73,"D",.,"A",.,"A"
"20103",2186135,65,0,"1",.,"A",.,"A",.,"A",.,"A",.,"A",.,"A",.,"A",.,"A",.,"A",.,"A",.,"A",.,"A",86,"D",.,"A",.,"A"
"20103",2186145,37,0,"1",.,"A",.,"A",.,"A",.,"A",.,"A",30,"D",.,"A",.,"A",.,"A",.,"A",.,"A",.,"A",30,"D",.,"A",.,"A"
"20103",2186155,88,0,"1",.,"A",.,"A",.,"A",.,"A",.,"A",360,"D",.,"A",195,"D",36,"F",.,"A",.,"A",.,"A",100,"D",.,"A",.,"A"
"20103",2186165,49,0,"1",.,"A",.,"A",.,"A",.,"A",.,"A",.,"A",.,"A",.,"A",.,"A",.,"A",.,"A",.,"A",70,"D",.,"A",.,"A"
"20103",2186175,34,0,"1",.,"A",.,"A",.,"A",.,"A",80,"D",.,"A",.,"A",.,"A",.,"A",.,"A",.,"A",.,"A",120,"D",.,"A",.,"A"
"20103",2186195,39,0,"1",.,"A",.,"A",.,"A",.,"A",.,"A",.,"A",.,"A",.,"A",.,"A",.,"A",.,"A",.,"A",100,"D",.,"A",.,"A"
"20103",2186205,75,0,"1",.,"A",.,"A",.,"A",.,"A",.,"A",.,"A",260,"D",39,"D",12,"D",.,"A",.,"A",.,"A",75,"D",.,"A",.,"A"
"20103",2186215,32,0,"1",.,"A",.,"A",.,"A",.,"A",12,"D",.,"A",.,"A",.,"A",.,"A",.,"A",.,"A",.,"A",.,"A",.,"A",.,"A"
"20103",2186225,63,0,"1",.,"A",.,"A",.,"A",.,"A",.,"A",.,"A",.,"A",.,"A",.,"A",.,"A",.,"A",.,"A",7,"D",.,"A",.,"A"
"20103",2186235,92,0,"1",.,"A",.,"A",.,"A",.,"A",.,"A",.,"A",65,"D",.,"A",.,"A",.,"A",.,"A",.,"A",20,"D",.,"A",.,"A"
"20103",2186255,64,0,"1",.,"A",.,"A",.,"A",.,"A",.,"A",.,"A",.,"A",.,"A",.,"A",.,"A",.,"A",.,"A",300,"D",.,"A",.,"A"
"20103",2186265,30,0,"1",.,"A",.,"A",.,"A",.,"A",.,"A",.,"A",65,"D",.,"A",.,"A",.,"A",.,"A",.,"A",.,"A",.,"A",.,"A"
"20103",2186275,59,0,"1",.,"A",.,"A",.,"A",.,"A",.,"A",.,"A",.,"A",.,"A",.,"A",.,"A",.,"A",.,"A",20,"D",.,"A",.,"A"
"20103",2186285,45,0,"1",.,"A",.,"A",.,"A",.,"A",.,"A",.,"A",.,"A",.,"A",.,"A",.,"A",.,"A",.,"A",.,"A",.,"A",.,"A"
"20103",2186295,44,0,"1",.,"A",.,"A",.,"A",.,"A",.,"A",.,"A",.,"A",.,"A",.,"A",.,"A",.,"A",.,"A",.,"A",.,"A",.,"A"
"20103",2186305,30,0,"1",.,"A",.,"A",.,"A",.,"A",.,"A",.,"A",.,"A",.,"A",.,"A",.,"A",.,"A",.,"A",70,"D",.,"A",.,"A"
"20103",2186315,27,0,"1",.,"A",.,"A",.,"A",.,"A",.,"A",.,"A",.,"A",.,"A",.,"A",.,"A",.,"A",.,"A",.,"A",.,"A",.,"A"
"20103",2186325,47,0,"1",.,"A",.,"A",.,"A",.,"A",.,"A",.,"A",.,"A",.,"A",.,"A",.,"A",.,"A",.,"A",40,"D",.,"A",.,"A"
"20103",2186345,41,0,"1",.,"A",.,"A",.,"A",.,"A",.,"A",.,"A",.,"A",.,"A",.,"A",.,"A",.,"A",.,"A",.,"A",.,"A",.,"A"
"20103",2186355,59,0,"1",.,"A",.,"A",.,"A",.,"A",.,"A",.,"A",.,"A",.,"A",.,"A",.,"A",.,"A",.,"A",50,"D",.,"A",.,"A"
"20103",2186365,50,0,"1",.,"A",.,"A",.,"A",.,"A",.,"A",.,"A",.,"A",.,"A",.,"A",.,"A",.,"A",.,"A",83,"D",.,"A",.,"A"
"20103",2186375,118,0,"1",.,"A",.,"A",25,"D",.,"A",.,"A",.,"A",.,"A",.,"A",.,"A",.,"A",.,"A",.,"A",160,"D",.,"A",.,"A"
"20103",2186385,30,0,"1",.,"A",.,"A",.,"A",.,"A",.,"A",.,"A",.,"A",.,"A",.,"A",.,"A",.,"A",.,"A",.,"A",.,"A",.,"A"
"20103",2186425,101,0,"1",.,"A",.,"A",.,"A",.,"A",20,"D",450,"D",520,"D",130,"D",60,"D",.,"A",.,"A",.,"A",500,"D",.,"A",.,"A"
"20103",2186435,63,0,"1",.,"A",.,"A",.,"A",.,"A",.,"A",.,"A",.,"A",.,"A",.,"A",.,"A",.,"A",.,"A",50,"D",.,"A",.,"A"
"20103",2186445,39,0,"1",.,"A",.,"A",.,"A",.,"A",.,"A",.,"A",.,"A",.,"A",.,"A",.,"A",.,"A",.,"A",.,"A",.,"A",.,"A"
"20103",2186485,60,0,"1",.,"A",.,"A",.,"A",.,"A",.,"A",20,"D",.,"A",.,"A",.,"A",.,"A",.,"A",.,"A",360,"D",.,"A",.,"A"
"20103",2186495,50,0,"1",.,"A",.,"A",.,"A",.,"A",.,"A",.,"A",.,"A",.,"A",.,"A",0,"D",0,"D",495,"D",150,"D",0,"D",.,"A"
"20103",2186505,54,0,"1",.,"A",.,"A",.,"A",.,"A",.,"A",.,"A",351,"D",.,"A",.,"A",.,"A",.,"A",.,"A",30,"D",.,"A",.,"A"
"20103",2186515,41,0,"1",.,"A",.,"A",.,"A",.,"A",32,"D",.,"A",.,"A",.,"A",0,"D",.,"A",.,"A",.,"A",640,"D",.,"A",.,"A"
"20103",2186565,37,0,"1",.,"A",.,"A",.,"A",.,"A",.,"A",.,"A",.,"A",.,"A",15,"F",.,"A",.,"A",.,"A",.,"A",.,"A",.,"A"
"20103",2186575,45,0,"1",.,"A",25,"D",.,"A",.,"A",.,"A",15,"D",.,"A",.,"A",.,"A",.,"A",.,"A",.,"A",.,"A",.,"A",.,"A"
"20103",2186585,57,0,"1",.,"A",.,"A",.,"A",.,"A",.,"A",.,"A",.,"A",.,"A",.,"A",.,"A",.,"A",.,"A",.,"A",.,"A",.,"A"
"20103",2186615,58,0,"1",.,"A",.,"A",.,"A",.,"A",.,"A",.,"A",.,"A",.,"A",.,"A",.,"A",.,"A",.,"A",20,"D",.,"A",.,"A"
"20103",2186625,50,0,"1",.,"A",.,"A",.,"A",.,"A",.,"A",.,"A",.,"A",.,"A",.,"A",.,"A",.,"A",.,"A",198,"D",.,"A",.,"A"
"20103",2186645,39,0,"1",.,"A",.,"A",.,"A",.,"A",24,"D",.,"A",.,"A",.,"A",12,"F",.,"A",.,"A",.,"A",.,"A",.,"A",.,"A"
"20103",2186655,41,0,"1",.,"A",.,"A",.,"A",.,"A",.,"A",.,"A",.,"A",.,"A",.,"A",.,"A",.,"A",.,"A",.,"A",.,"A",.,"A"
"20103",2186675,63,0,"1",.,"A",.,"A",.,"A",.,"A",.,"A",.,"A",.,"A",.,"A",.,"A",.,"A",.,"A",.,"A",100,"D",.,"A",.,"A"
"20103",2186685,91,0,"1",.,"A",.,"A",.,"A",.,"A",.,"A",.,"A",130,"D",.,"A",.,"A",.,"A",.,"A",.,"A",120,"D",.,"A",.,"A"
"20103",2186695,58,0,"1",.,"A",.,"A",.,"A",.,"A",.,"A",.,"A",.,"A",.,"A",.,"A",.,"A",.,"A",.,"A",60,"D",.,"A",.,"A"
"20103",2186715,46,0,"1",.,"A",.,"A",.,"A",.,"A",.,"A",11,"D",.,"A",.,"A",.,"A",.,"A",.,"A",.,"A",25,"D",.,"A",.,"A"
"20103",2186735,63,0,"1",.,"A",.,"A",.,"A",.,"A",.,"A",100,"D",.,"A",.,"A",.,"A",.,"A",.,"A",.,"A",250,"D",.,"A",.,"A"
"20103",2186785,47,0,"1",.,"A",.,"A",.,"A",.,"A",.,"A",.,"A",.,"A",.,"A",.,"A",.,"A",.,"A",.,"A",.,"A",.,"A",.,"A"
"20103",2186825,39,0,"1",.,"A",.,"A",.,"A",.,"A",.,"A",40,"D",.,"A",.,"A",.,"A",.,"A",.,"A",.,"A",.,"A",.,"A",.,"A"
"20103",2186855,40,0,"1",.,"A",.,"A",.,"A",.,"A",.,"A",.,"A",.,"A",.,"A",.,"A",.,"A",.,"A",.,"A",100,"D",.,"A",.,"A"
"20103",2186875,70,0,"1",.,"A",.,"A",.,"A",.,"A",.,"A",.,"A",.,"A",.,"A",.,"A",.,"A",.,"A",.,"A",210,"D",.,"A",.,"A"
"20103",2186885,56,0,"1",.,"A",.,"A",.,"A",.,"A",.,"A",.,"A",.,"A",.,"A",.,"A",.,"A",.,"A",.,"A",100,"D",.,"A",.,"A"
"20103",2186905,37,0,"1",.,"A",.,"A",.,"A",.,"A",.,"A",.,"A",.,"A",.,"A",.,"A",.,"A",.,"A",.,"A",.,"A",.,"A",.,"A"
"20103",2186915,34,0,"1",.,"A",.,"A",.,"A",.,"A",.,"A",.,"A",.,"A",260,"D",.,"A",.,"A",.,"A",.,"A",.,"A",.,"A",.,"A"
"20103",2186925,37,0,"1",.,"A",.,"A",.,"A",.,"A",.,"A",.,"A",273,"D",.,"A",.,"A",.,"A",.,"A",.,"A",.,"A",.,"A",.,"A"
"20103",2186945,88,0,"1",.,"A",.,"A",.,"A",.,"A",.,"A",27,"D",.,"A",.,"A",.,"A",.,"A",.,"A",.,"A",300,"D",.,"A",.,"A"
"20103",2186955,45,0,"1",.,"A",.,"A",.,"A",.,"A",.,"A",.,"A",390,"D",.,"A",30,"D",.,"A",.,"A",.,"A",30,"D",.,"A",.,"A"
"20103",2186965,31,0,"1",.,"A",.,"A",.,"A",.,"A",15,"D",.,"A",169,"D",.,"A",.,"A",0,"D",0,"D",15,"D",.,"A",0,"D",.,"A"
"20103",2186995,72,0,"1",.,"A",.,"A",.,"A",.,"A",.,"A",.,"A",.,"A",.,"A",.,"A",.,"A",.,"A",.,"A",200,"D",.,"A",.,"A"
"20103",2187005,47,0,"1",.,"A",.,"A",.,"A",.,"A",.,"A",.,"A",.,"A",.,"A",.,"A",.,"A",.,"A",.,"A",75,"D",.,"A",.,"A"
"20103",2187015,61,0,"1",.,"A",.,"A",.,"A",.,"A",.,"A",.,"A",.,"A",.,"A",.,"A",.,"A",.,"A",.,"A",130,"F",.,"A",.,"A"
"20103",2187025,39,0,"1",.,"A",.,"A",.,"A",.,"A",.,"A",.,"A",260,"D",.,"A",.,"A",.,"A",.,"A",.,"A",.,"A",.,"A",.,"A"
"20103",2187035,27,0,"1",.,"A",.,"A",.,"A",.,"A",30,"D",.,"A",.,"A",.,"A",.,"A",0,"D",0,"D",150,"D",.,"A",0,"D",.,"A"
"20103",2187045,79,0,"1",.,"A",.,"A",.,"A",.,"A",.,"A",40,"D",.,"A",.,"A",6,"D",.,"A",.,"A",.,"A",150,"D",.,"A",.,"A"
"20103",2187065,50,0,"1",.,"A",.,"A",.,"A",.,"A",.,"A",20,"D",.,"A",.,"A",.,"A",.,"A",.,"A",.,"A",100,"D",.,"A",.,"A"
"20103",2187075,63,0,"1",.,"A",.,"A",.,"A",.,"A",.,"A",.,"A",.,"A",.,"A",.,"A",.,"A",.,"A",.,"A",24,"D",.,"A",.,"A"
"20103",2187085,45,0,"1",.,"A",.,"A",.,"A",.,"A",.,"A",.,"A",.,"A",.,"A",.,"A",.,"A",.,"A",.,"A",.,"A",.,"A",.,"A"
"20103",2187095,29,0,"1",.,"A",.,"A",.,"A",.,"A",2,"D",.,"A",.,"A",.,"A",.,"A",0,"D",0,"D",72,"D",112,"D",0,"D",.,"A"
"20103",2187115,63,0,"1",.,"A",.,"A",.,"A",.,"A",.,"A",.,"A",.,"A",.,"A",.,"A",.,"A",.,"A",.,"A",150,"D",.,"A",.,"A"
"20103",2187125,52,0,"1",.,"A",.,"A",.,"A",.,"A",.,"A",.,"A",.,"A",.,"A",.,"A",.,"A",.,"A",.,"A",.,"A",.,"A",.,"A"
"20103",2187145,72,0,"1",.,"A",.,"A",.,"A",.,"A",.,"A",.,"A",.,"A",.,"A",.,"A",.,"A",.,"A",.,"A",40,"D",.,"A",.,"A"
"20103",2187155,42,0,"1",.,"A",.,"A",.,"A",.,"A",.,"A",.,"A",.,"A",.,"A",.,"A",.,"A",.,"A",.,"A",86,"D",.,"A",.,"A"
"20103",2187165,65,0,"1",.,"A",.,"A",.,"A",.,"A",.,"A",.,"A",195,"D",.,"A",.,"A",.,"A",.,"A",.,"A",150,"D",.,"A",.,"A"
"20103",2187195,54,0,"1",.,"A",.,"A",.,"A",.,"A",.,"A",.,"A",.,"A",.,"A",.,"A",.,"A",.,"A",.,"A",100,"D",.,"A",.,"A"
"20103",2187215,85,0,"1",.,"A",.,"A",.,"A",.,"A",.,"A",.,"A",1040,"D",.,"A",.,"A",.,"A",.,"A",.,"A",100,"D",.,"A",.,"A"
"20103",2187245,31,0,"1",.,"A",.,"A",.,"A",.,"A",.,"A",.,"A",130,"D",.,"A",.,"A",.,"A",.,"A",.,"A",90,"D",.,"A",.,"A"
"20103",2187255,68,0,"1",.,"A",.,"A",.,"A",120,"D",120,"D",.,"A",.,"A",.,"A",.,"A",648,"D",0,"D",0,"D",80,"D",216,"D",.,"A"
"20103",2187265,36,0,"1",8,"D",.,"A",.,"A",.,"A",22,"D",.,"A",.,"A",.,"A",.,"A",.,"A",.,"A",.,"A",39,"D",.,"A",.,"A"
"20103",2187275,41,0,"1",.,"A",.,"A",.,"A",.,"A",.,"A",.,"A",.,"A",.,"A",.,"A",.,"A",.,"A",.,"A",100,"D",.,"A",.,"A"
"20103",2187295,68,0,"1",.,"A",.,"A",.,"A",.,"A",.,"A",.,"A",.,"A",.,"A",180,"D",450,"D",0,"D",0,"D",70,"D",150,"D",.,"A"
"20103",2187315,58,0,"1",.,"A",.,"A",.,"A",.,"A",.,"A",.,"A",.,"A",.,"A",.,"A",.,"A",.,"A",.,"A",.,"A",.,"A",.,"A"
"20103",2187325,56,0,"1",.,"A",.,"A",.,"A",.,"A",.,"A",.,"A",.,"A",.,"A",.,"A",.,"A",.,"A",.,"A",15,"D",.,"A",.,"A"
"20103",2187335,45,0,"1",.,"A",.,"A",.,"A",.,"A",.,"A",.,"A",.,"A",.,"A",.,"A",.,"A",.,"A",.,"A",100,"D",.,"A",.,"A"
"20103",2187345,67,0,"1",.,"A",.,"A",.,"A",.,"A",.,"A",.,"A",.,"A",.,"A",.,"A",.,"A",.,"A",.,"A",24,"D",.,"A",.,"A"
"20103",2187355,64,0,"1",.,"A",.,"A",.,"A",.,"A",.,"A",.,"A",.,"A",.,"A",.,"A",.,"A",.,"A",.,"A",60,"D",.,"A",.,"A"
"20103",2187365,77,0,"1",.,"A",.,"A",.,"A",40,"D",.,"A",.,"A",.,"A",.,"A",.,"A",.,"A",.,"A",.,"A",240,"D",.,"A",.,"A"
"20103",2187375,62,0,"1",.,"A",.,"A",.,"A",.,"A",.,"A",60,"D",.,"A",.,"A",.,"A",.,"A",.,"A",.,"A",30,"D",.,"A",.,"A"
"20103",2187415,35,0,"1",.,"A",.,"A",.,"A",120,"D",.,"A",.,"A",.,"A",.,"A",.,"A",.,"A",.,"A",.,"A",30,"D",.,"A",.,"A"
"20103",2187435,49,0,"1",.,"A",.,"A",.,"A",.,"A",.,"A",.,"A",.,"A",.,"A",.,"A",.,"A",.,"A",.,"A",120,"D",.,"A",.,"A"
"20103",2187455,47,0,"1",.,"A",.,"A",.,"A",.,"A",10,"D",.,"A",.,"A",.,"A",.,"A",.,"A",.,"A",.,"A",30,"D",.,"A",.,"A"
"20103",2187475,88,0,"1",.,"A",.,"A",.,"A",120,"D",.,"A",250,"D",.,"A",.,"A",.,"A",.,"A",.,"A",.,"A",750,"D",.,"A",.,"A"
"20103",2187505,32,0,"1",.,"A",.,"A",.,"A",.,"A",.,"A",.,"A",.,"A",.,"A",.,"A",.,"A",.,"A",.,"A",50,"D",.,"A",.,"A"
"20103",2187515,52,0,"1",.,"A",.,"A",.,"A",.,"A",.,"A",.,"A",455,"D",.,"A",.,"A",.,"A",.,"A",.,"A",78,"D",.,"A",.,"A"
"20103",2187525,55,0,"1",.,"A",.,"A",.,"A",.,"A",.,"A",.,"A",.,"A",.,"A",.,"A",.,"A",.,"A",.,"A",42,"D",.,"A",.,"A"
"20103",2187535,128,0,"1",.,"A",6,"D",.,"A",.,"A",.,"A",9,"D",.,"A",26,"D",.,"A",.,"A",.,"A",.,"A",103,"D",.,"A",.,"A"
"20103",2187565,42,0,"1",.,"A",.,"A",.,"A",.,"A",.,"A",.,"A",.,"A",.,"A",.,"A",.,"A",.,"A",.,"A",45,"D",.,"A",.,"A"
"20103",2187585,63,0,"1",.,"A",.,"A",.,"A",.,"A",.,"A",.,"A",.,"A",.,"A",.,"A",.,"A",.,"A",.,"A",90,"D",.,"A",.,"A"
"20103",2187605,71,0,"1",.,"A",.,"A",.,"A",.,"A",.,"A",.,"A",.,"A",.,"A",.,"A",.,"A",.,"A",.,"A",100,"D",.,"A",.,"A"
"20103",2187615,67,0,"1",.,"A",.,"A",.,"A",.,"A",.,"A",80,"F",.,"A",.,"A",.,"A",.,"A",.,"A",.,"A",276,"F",.,"A",.,"A"
"20103",2187625,30,0,"1",.,"A",.,"A",.,"A",.,"A",.,"A",.,"A",.,"A",.,"A",.,"A",.,"A",.,"A",.,"A",.,"A",.,"A",.,"A"
"20103",2187645,60,0,"1",.,"A",.,"A",.,"A",.,"A",.,"A",.,"A",.,"A",.,"A",.,"A",.,"A",.,"A",.,"A",120,"D",.,"A",.,"A"
"20103",2187675,32,0,"1",.,"A",.,"A",.,"A",.,"A",.,"A",.,"A",.,"A",.,"A",.,"A",30,"D",6,"D",0,"D",10,"D",10,"D",.,"A"
"20103",2187685,33,0,"1",35,"D",.,"A",.,"A",25,"D",155,"D",.,"A",.,"A",.,"A",.,"A",810,"D",0,"D",0,"D",130,"D",270,"D",.,"A"
"20103",2187715,43,0,"1",.,"A",60,"D",.,"A",.,"A",.,"A",120,"D",.,"A",.,"A",108,"D",24,"D",0,"D",120,"D",.,"A",8,"D",.,"A"
"20103",2187725,71,0,"1",.,"A",.,"A",.,"A",.,"A",.,"A",.,"A",.,"A",.,"A",.,"A",.,"A",.,"A",.,"A",.,"A",.,"A",.,"A"
"20103",2187745,78,0,"1",.,"A",.,"A",.,"A",.,"A",.,"A",.,"A",.,"A",.,"A",.,"A",.,"A",.,"A",.,"A",520,"D",.,"A",.,"A"
"20103",2187755,46,0,"1",.,"A",.,"A",.,"A",.,"A",.,"A",.,"A",.,"A",.,"A",.,"A",.,"A",.,"A",.,"A",.,"A",.,"A",.,"A"
"20103",2187775,24,0,"1",.,"A",.,"A",.,"A",.,"A",180,"F",.,"A",.,"A",.,"A",.,"A",.,"A",.,"A",.,"A",.,"A",.,"A",.,"A"
"20103",2187785,49,0,"1",.,"A",.,"A",.,"A",.,"A",.,"A",.,"A",.,"A",.,"A",.,"A",.,"A",.,"A",.,"A",.,"A",.,"A",.,"A"
"20103",2187805,34,0,"1",.,"A",.,"A",.,"A",.,"A",.,"A",.,"A",455,"D",.,"A",.,"A",.,"A",.,"A",.,"A",.,"A",.,"A",.,"A"
"20103",2187825,35,0,"1",3,"D",.,"A",.,"A",.,"A",117,"D",.,"A",.,"A",.,"A",30,"D",.,"A",.,"A",.,"A",17,"D",.,"A",.,"A"
"20103",2187845,56,0,"1",.,"A",.,"A",.,"A",.,"A",.,"A",.,"A",.,"A",.,"A",.,"A",.,"A",.,"A",.,"A",80,"D",.,"A",.,"A"
"20103",2187865,65,0,"1",.,"A",.,"A",75,"D",.,"A",.,"A",.,"A",.,"A",.,"A",.,"A",.,"A",.,"A",.,"A",200,"D",.,"A",.,"A"
"20103",2187885,72,0,"1",.,"A",.,"A",.,"A",.,"A",.,"A",.,"A",.,"A",.,"A",.,"A",.,"A",.,"A",.,"A",108,"D",.,"A",.,"A"
"20103",2187905,58,0,"1",.,"A",.,"A",.,"A",.,"A",.,"A",.,"A",.,"A",.,"A",.,"A",.,"A",.,"A",.,"A",.,"A",.,"A",.,"A"
"20103",2187915,50,0,"1",.,"A",.,"A",.,"A",.,"A",.,"A",.,"A",.,"A",.,"A",.,"A",.,"A",.,"A",.,"A",.,"A",.,"A",.,"A"
"20103",2187935,70,0,"1",.,"A",.,"A",.,"A",.,"A",.,"A",.,"A",910,"D",.,"A",.,"A",.,"A",.,"A",.,"A",140,"D",.,"A",.,"A"
"20103",2187945,98,0,"1",.,"A",.,"A",.,"A",.,"A",.,"A",.,"A",.,"A",.,"A",.,"A",0,"D",0,"D",174,"D",44,"D",0,"D",.,"A"
"20103",2187955,63,0,"1",.,"A",.,"A",.,"A",.,"A",160,"D",.,"A",.,"A",.,"A",.,"A",.,"A",.,"A",.,"A",110,"D",.,"A",.,"A"
"20103",2187965,64,0,"1",.,"A",.,"A",.,"A",.,"A",.,"A",.,"A",.,"A",.,"A",.,"A",.,"A",.,"A",.,"A",170,"D",.,"A",.,"A"
"20103",2187975,59,0,"1",.,"A",.,"A",.,"A",.,"A",.,"A",.,"A",455,"D",.,"A",.,"A",.,"A",.,"A",.,"A",100,"D",.,"A",.,"A"
"20103",2188005,56,0,"1",.,"A",.,"A",.,"A",.,"A",.,"A",.,"A",.,"A",.,"A",.,"A",.,"A",.,"A",.,"A",100,"D",.,"A",.,"A"
"20103",2188055,49,0,"1",.,"A",.,"A",.,"A",.,"A",.,"A",.,"A",585,"D",.,"A",.,"A",.,"A",.,"A",.,"A",.,"A",.,"A",.,"A"
"20103",2188065,43,0,"1",.,"A",.,"A",.,"A",.,"A",.,"A",.,"A",.,"A",.,"A",.,"A",.,"A",.,"A",.,"A",.,"A",.,"A",.,"A"
"20103",2188075,80,0,"1",.,"A",.,"A",.,"A",.,"A",.,"A",14,"D",.,"A",.,"A",0,"D",.,"A",.,"A",.,"A",120,"D",.,"A",.,"A"
"20103",2188085,33,0,"1",.,"A",.,"A",.,"A",.,"A",.,"A",.,"A",.,"A",.,"A",.,"A",.,"A",.,"A",.,"A",.,"A",.,"A",.,"A"
"20103",2188105,115,0,"1",.,"A",.,"A",.,"A",.,"A",.,"A",.,"A",.,"A",130,"D",21,"D",.,"A",.,"A",.,"A",70,"D",.,"A",.,"A"
"20103",2188125,42,0,"1",.,"A",.,"A",.,"A",.,"A",.,"A",.,"A",.,"A",.,"A",.,"A",.,"A",.,"A",.,"A",20,"D",.,"A",.,"A"
"20103",2188135,42,0,"1",.,"A",.,"A",.,"A",.,"A",.,"A",.,"A",.,"A",.,"A",.,"A",.,"A",.,"A",.,"A",.,"A",.,"A",.,"A"
"20103",2188175,27,0,"1",.,"A",.,"A",.,"A",.,"A",240,"D",.,"A",.,"A",.,"A",.,"A",0,"D",0,"D",15,"D",.,"A",0,"D",.,"A"
"20103",2188225,68,0,"1",.,"A",.,"A",.,"A",.,"A",.,"A",.,"A",195,"D",.,"A",900,"D",.,"A",.,"A",.,"A",.,"A",.,"A",.,"A"
"20103",2188235,58,0,"1",.,"A",.,"A",.,"A",.,"A",.,"A",15,"D",.,"A",.,"A",.,"A",.,"A",.,"A",.,"A",150,"D",.,"A",.,"A"
"20103",2188245,42,0,"1",.,"A",.,"A",.,"A",.,"A",.,"A",.,"A",.,"A",.,"A",.,"A",.,"A",.,"A",.,"A",13,"D",.,"A",.,"A"
"20103",2188275,54,0,"1",.,"A",.,"A",.,"A",.,"A",.,"A",.,"A",.,"A",.,"A",.,"A",.,"A",.,"A",.,"A",40,"D",.,"A",.,"A"
"20103",2188295,26,0,"1",.,"A",.,"A",.,"A",.,"A",.,"A",.,"A",325,"D",.,"A",.,"A",.,"A",.,"A",.,"A",.,"A",.,"A",.,"A"
"20103",2188315,47,0,"1",.,"A",.,"A",.,"A",.,"A",.,"A",.,"A",910,"D",.,"A",.,"A",.,"A",.,"A",.,"A",.,"A",.,"A",.,"A"
"20103",2188325,42,0,"1",.,"A",.,"A",.,"A",.,"A",.,"A",.,"A",.,"A",.,"A",.,"A",.,"A",.,"A",.,"A",20,"D",.,"A",.,"A"
"20103",2188365,45,0,"1",.,"A",.,"A",.,"A",.,"A",.,"A",.,"A",.,"A",.,"A",.,"A",.,"A",.,"A",.,"A",390,"D",.,"A",.,"A"
"20103",2188395,40,0,"1",.,"A",.,"A",.,"A",.,"A",.,"A",.,"A",.,"A",.,"A",.,"A",.,"A",.,"A",.,"A",.,"A",.,"A",.,"A"
"20103",2188405,48,0,"1",.,"A",.,"A",.,"A",.,"A",.,"A",.,"A",.,"A",.,"A",.,"A",.,"A",.,"A",.,"A",.,"A",.,"A",.,"A"
"20103",2188425,56,0,"1",30,"D",.,"A",.,"A",.,"A",45,"D",.,"A",1092,"D",.,"A",.,"A",.,"A",.,"A",.,"A",.,"A",.,"A",.,"A"
"20103",2188435,26,0,"1",.,"A",.,"A",.,"A",.,"A",.,"A",.,"A",.,"A",.,"A",.,"A",.,"A",.,"A",.,"A",.,"A",.,"A",.,"A"
"20103",2188445,49,0,"1",.,"A",.,"A",.,"A",.,"A",.,"A",.,"A",.,"A",.,"A",.,"A",.,"A",.,"A",.,"A",30,"D",.,"A",.,"A"
"20103",2188455,61,0,"1",.,"A",.,"A",120,"D",.,"A",.,"A",60,"D",650,"D",.,"A",.,"A",.,"A",.,"A",.,"A",300,"D",.,"A",.,"A"
"20103",2188465,48,0,"1",.,"A",.,"A",.,"A",.,"A",.,"A",.,"A",195,"D",.,"A",.,"A",.,"A",.,"A",.,"A",90,"D",.,"A",.,"A"
"20103",2188475,63,0,"1",.,"A",.,"A",.,"A",.,"A",60,"D",.,"A",.,"A",.,"A",.,"A",.,"A",.,"A",.,"A",25,"D",.,"A",.,"A"
"20103",2188485,33,0,"1",23,"D",.,"A",.,"A",.,"A",67,"D",.,"A",.,"A",.,"A",.,"A",0,"D",0,"D",60,"D",28,"D",0,"D",.,"A"
"20103",2188505,42,0,"1",.,"A",.,"A",.,"A",.,"A",.,"A",.,"A",390,"D",.,"A",.,"A",.,"A",.,"A",.,"A",30,"D",.,"A",.,"A"
"20103",2188515,55,0,"1",.,"A",.,"A",.,"A",.,"A",.,"A",.,"A",.,"A",.,"A",.,"A",.,"A",.,"A",.,"A",60,"D",.,"A",.,"A"
"20103",2188545,78,0,"1",.,"A",.,"A",.,"A",.,"A",.,"A",.,"A",.,"A",.,"A",.,"A",.,"A",.,"A",.,"A",30,"D",.,"A",.,"A"
"20103",2188555,50,0,"1",.,"A",.,"A",.,"A",.,"A",.,"A",.,"A",.,"A",.,"A",.,"A",.,"A",.,"A",.,"A",.,"A",.,"A",.,"A"
"20103",2188565,56,0,"1",.,"A",.,"A",.,"A",20,"D",.,"A",30,"D",.,"A",.,"A",.,"A",0,"D",0,"D",60,"D",100,"D",0,"D",.,"A"
"20103",2188575,59,0,"1",.,"A",.,"A",.,"A",.,"A",.,"A",.,"A",.,"A",.,"A",.,"A",.,"A",.,"A",.,"A",.,"A",.,"A",.,"A"
"20103",2188585,35,0,"1",23,"D",.,"A",.,"A",.,"A",67,"D",.,"A",78,"D",.,"A",.,"A",.,"A",.,"A",.,"A",.,"A",.,"A",.,"A"
"20103",2188605,37,0,"1",.,"A",.,"A",.,"A",.,"A",.,"A",.,"A",.,"A",.,"A",.,"A",.,"A",.,"A",.,"A",.,"A",.,"A",.,"A"
"20103",2188615,85,0,"1",.,"A",.,"A",.,"A",.,"A",2,"D",.,"A",.,"A",.,"A",.,"A",.,"A",.,"A",.,"A",150,"D",.,"A",.,"A"
"20103",2188625,69,0,"1",.,"A",.,"A",.,"A",.,"A",.,"A",.,"A",.,"A",.,"A",.,"A",.,"A",.,"A",.,"A",31,"D",.,"A",.,"A"
"20103",2188635,72,0,"1",.,"A",.,"A",.,"A",.,"A",.,"A",65,"D",.,"A",.,"A",15,"D",.,"A",.,"A",.,"A",250,"D",.,"A",.,"A"
"20103",2188695,40,0,"1",.,"A",.,"A",.,"A",.,"A",.,"A",.,"A",.,"A",.,"A",.,"A",.,"A",.,"A",.,"A",.,"A",.,"A",.,"A"
"20103",2188705,66,0,"1",.,"A",.,"A",.,"A",.,"A",.,"A",.,"A",.,"A",325,"D",.,"A",.,"A",.,"A",.,"A",100,"D",.,"A",.,"A"
"20103",2188725,46,0,"1",.,"A",.,"A",.,"A",.,"A",40,"D",.,"A",.,"A",.,"A",.,"A",.,"A",.,"A",.,"A",150,"D",.,"A",.,"A"
"20103",2188765,56,0,"1",.,"A",.,"A",.,"A",.,"A",.,"A",.,"A",455,"D",.,"A",.,"A",.,"A",.,"A",.,"A",150,"D",.,"A",.,"A"
"20103",2188775,33,0,"1",.,"A",.,"A",.,"A",.,"A",.,"A",.,"A",.,"A",.,"A",.,"A",.,"A",.,"A",.,"A",.,"A",.,"A",.,"A"
"20103",2188785,105,0,"1",.,"A",30,"D",.,"A",.,"A",.,"A",240,"D",130,"D",.,"A",.,"A",.,"A",.,"A",.,"A",120,"D",.,"A",.,"A"
"20103",2188795,72,0,"1",.,"A",.,"A",.,"A",.,"A",.,"A",.,"A",.,"A",.,"A",.,"A",.,"A",.,"A",.,"A",.,"A",.,"A",.,"A"
"20103",2188825,62,0,"1",.,"A",.,"A",.,"A",.,"A",.,"A",.,"A",.,"A",.,"A",.,"A",.,"A",.,"A",.,"A",36,"D",.,"A",.,"A"
"20103",2188855,51,0,"1",.,"A",.,"A",.,"A",.,"A",.,"A",.,"A",130,"D",.,"A",.,"A",.,"A",.,"A",.,"A",60,"D",.,"A",.,"A"
"20103",2188865,41,0,"1",.,"A",.,"A",.,"A",.,"A",.,"A",.,"A",.,"A",.,"A",.,"A",.,"A",.,"A",.,"A",.,"A",.,"A",.,"A"
"20103",2188905,35,0,"1",.,"A",.,"A",.,"A",.,"A",.,"A",25,"D",.,"A",.,"A",.,"A",.,"A",.,"A",.,"A",30,"D",.,"A",.,"A"
"20103",2188915,35,0,"1",.,"A",.,"A",.,"A",.,"A",.,"A",.,"A",.,"A",.,"A",.,"A",.,"A",.,"A",.,"A",.,"A",.,"A",.,"A"
"20103",2188925,43,0,"1",.,"A",.,"A",.,"A",.,"A",.,"A",.,"A",.,"A",.,"A",.,"A",.,"A",.,"A",.,"A",.,"A",.,"A",.,"A"
"20103",2188935,110,0,"1",.,"A",.,"A",.,"A",.,"A",.,"A",.,"A",.,"A",.,"A",.,"A",.,"A",.,"A",.,"A",137,"D",.,"A",.,"A"
"20103",2188945,61,0,"1",.,"A",.,"A",.,"A",.,"A",.,"A",.,"A",.,"A",.,"A",.,"A",.,"A",.,"A",.,"A",60,"D",.,"A",.,"A"
"20103",2188975,46,0,"1",.,"A",.,"A",.,"A",.,"A",.,"A",.,"A",.,"A",.,"A",9,"D",.,"A",.,"A",.,"A",30,"D",.,"A",.,"A"
"20103",2188995,79,0,"1",.,"A",.,"A",.,"A",.,"A",.,"A",.,"A",130,"D",.,"A",.,"A",.,"A",.,"A",.,"A",28,"D",.,"A",.,"A"
"20103",2189015,53,0,"1",.,"A",.,"A",.,"A",.,"A",.,"A",.,"A",.,"A",.,"A",.,"A",.,"A",.,"A",.,"A",92,"D",.,"A",.,"A"
"20103",2189025,45,0,"1",20,"D",.,"A",.,"A",.,"A",40,"D",.,"A",195,"D",.,"A",900,"D",0,"D",0,"D",60,"D",.,"A",0,"D",.,"A"
"20103",2189035,64,0,"1",.,"A",.,"A",.,"A",.,"A",.,"A",.,"A",975,"D",.,"A",.,"A",.,"A",.,"A",.,"A",.,"A",.,"A",.,"A"
"20103",2189055,87,0,"1",.,"A",.,"A",.,"A",.,"A",.,"A",65,"D",.,"A",.,"A",.,"A",.,"A",.,"A",.,"A",200,"D",.,"A",.,"A"
"20103",2189115,50,0,"1",.,"A",.,"A",.,"A",.,"A",.,"A",.,"A",.,"A",.,"A",.,"A",.,"A",.,"A",.,"A",150,"D",.,"A",.,"A"
"20103",2189125,43,0,"1",.,"A",.,"A",.,"A",.,"A",.,"A",.,"A",.,"A",.,"A",.,"A",.,"A",.,"A",.,"A",55,"D",.,"A",.,"A"
"20103",2189135,52,0,"1",.,"A",.,"A",.,"A",.,"A",.,"A",.,"A",780,"D",.,"A",.,"A",.,"A",.,"A",.,"A",15,"D",.,"A",.,"A"
"20103",2189165,73,0,"1",.,"A",.,"A",.,"A",.,"A",.,"A",24,"D",.,"A",.,"A",.,"A",.,"A",.,"A",.,"A",105,"D",.,"A",.,"A"
"20103",2189195,35,0,"1",.,"A",.,"A",75,"D",.,"A",.,"A",40,"D",.,"A",.,"A",45,"D",.,"A",.,"A",.,"A",.,"A",.,"A",.,"A"
"20103",2189205,73,0,"1",.,"A",.,"A",.,"A",.,"A",240,"D",.,"A",.,"A",.,"A",90,"D",.,"A",.,"A",.,"A",120,"D",.,"A",.,"A"
"20103",2189225,29,0,"1",.,"A",.,"A",.,"A",.,"A",18,"D",65,"D",.,"A",.,"A",.,"A",.,"A",.,"A",.,"A",85,"D",.,"A",.,"A"
"20103",2189235,52,0,"1",.,"A",.,"A",.,"A",.,"A",.,"A",.,"A",.,"A",.,"A",.,"A",.,"A",.,"A",.,"A",175,"D",.,"A",.,"A"
"20103",2189255,61,0,"1",.,"A",.,"A",.,"A",.,"A",.,"A",17,"D",.,"A",.,"A",.,"A",.,"A",.,"A",.,"A",.,"A",.,"A",.,"A"
"20103",2189275,29,0,"1",.,"A",.,"A",.,"A",.,"A",.,"A",.,"A",.,"A",.,"A",.,"A",.,"A",.,"A",.,"A",70,"D",.,"A",.,"A"
"20103",2189285,30,0,"1",24,"D",.,"A",.,"A",20,"D",36,"D",.,"A",.,"A",.,"A",.,"A",.,"A",.,"A",.,"A",.,"A",.,"A",.,"A"
"20103",2189315,59,0,"1",.,"A",.,"A",.,"A",.,"A",.,"A",.,"A",.,"A",.,"A",.,"A",.,"A",.,"A",.,"A",20,"D",.,"A",.,"A"
"20103",2189335,41,0,"1",.,"A",.,"A",.,"A",.,"A",.,"A",.,"A",.,"A",.,"A",.,"A",.,"A",.,"A",.,"A",.,"A",.,"A",.,"A"
"20103",2189345,70,0,"1",.,"A",.,"A",.,"A",.,"A",20,"D",.,"A",.,"A",.,"A",.,"A",.,"A",.,"A",.,"A",.,"A",.,"A",.,"A"
"20103",2189355,51,0,"1",.,"A",.,"A",.,"A",.,"A",.,"A",.,"A",.,"A",.,"A",.,"A",.,"A",.,"A",.,"A",.,"A",.,"A",.,"A"
"20103",2189385,52,0,"1",.,"A",.,"A",.,"A",.,"A",.,"A",.,"A",325,"D",.,"A",.,"A",.,"A",.,"A",.,"A",.,"A",.,"A",.,"A"
"20103",2189395,82,0,"1",.,"A",.,"A",.,"A",.,"A",.,"A",14,"D",.,"A",.,"A",.,"A",.,"A",.,"A",.,"A",240,"D",.,"A",.,"A"
"20103",2189405,44,0,"1",.,"A",.,"A",.,"A",.,"A",.,"A",.,"A",.,"A",.,"A",90,"D",.,"A",.,"A",.,"A",140,"D",.,"A",.,"A"
"20103",2189415,72,0,"1",.,"A",.,"A",.,"A",.,"A",.,"A",.,"A",.,"A",.,"A",.,"A",.,"A",.,"A",.,"A",110,"D",.,"A",.,"A"
"20103",2189425,42,0,"1",.,"A",.,"A",.,"A",.,"A",.,"A",.,"A",.,"A",.,"A",.,"A",.,"A",.,"A",.,"A",20,"D",.,"A",.,"A"
"20103",2189435,31,0,"1",.,"A",.,"A",.,"A",.,"A",40,"D",.,"A",.,"A",.,"A",.,"A",0,"D",0,"D",30,"D",.,"A",0,"D",.,"A"
"20103",2189445,29,0,"1",.,"A",.,"A",.,"A",.,"A",.,"A",.,"A",182,"D",.,"A",.,"A",.,"A",.,"A",.,"A",.,"A",.,"A",.,"A"
"20103",2189455,32,0,"1",.,"A",.,"A",.,"A",.,"A",.,"A",.,"A",910,"D",.,"A",.,"A",.,"A",.,"A",.,"A",30,"D",.,"A",.,"A"
"20103",2189485,32,0,"1",.,"A",.,"A",.,"A",.,"A",300,"D",.,"A",.,"A",.,"A",.,"A",.,"A",.,"A",.,"A",.,"A",.,"A",.,"A"
"20103",2189495,32,0,"1",.,"A",.,"A",.,"A",.,"A",.,"A",.,"A",.,"A",.,"A",.,"A",.,"A",.,"A",.,"A",.,"A",.,"A",.,"A"
"20103",2189515,84,0,"1",.,"A",.,"A",.,"A",10,"D",.,"A",20,"D",.,"A",.,"A",54,"D",192,"D",0,"D",0,"D",95,"D",64,"D",.,"A"
"20103",2189545,43,0,"1",.,"A",.,"A",.,"A",.,"A",.,"A",.,"A",.,"A",.,"A",.,"A",.,"A",.,"A",.,"A",.,"A",.,"A",.,"A"
"20103",2189585,27,0,"1",.,"A",.,"A",.,"A",.,"A",.,"A",150,"D",.,"A",.,"A",.,"A",252,"D",0,"D",0,"D",150,"D",84,"D",.,"A"
"20103",2189595,54,0,"1",.,"A",.,"A",.,"A",.,"A",.,"A",60,"D",.,"A",.,"A",.,"A",.,"A",.,"A",.,"A",60,"D",.,"A",.,"A"
"20103",2189605,51,0,"1",.,"A",.,"A",.,"A",.,"A",.,"A",.,"A",.,"A",.,"A",.,"A",.,"A",.,"A",.,"A",.,"A",.,"A",.,"A"
"20103",2189635,63,0,"1",.,"A",.,"A",.,"A",.,"A",.,"A",.,"A",195,"D",.,"A",.,"A",.,"A",.,"A",.,"A",26,"D",.,"A",.,"A"
"20103",2189665,37,0,"1",.,"A",.,"A",.,"A",.,"A",.,"A",.,"A",52,"D",.,"A",.,"A",.,"A",.,"A",.,"A",.,"A",.,"A",.,"A"
"20103",2189675,81,0,"1",63,"D",.,"A",.,"A",8,"D",63,"D",78,"D",598,"D",.,"A",.,"A",.,"A",.,"A",.,"A",225,"D",.,"A",.,"A"
"20103",2189685,65,0,"1",.,"A",.,"A",.,"A",.,"A",.,"A",.,"A",.,"A",.,"A",.,"A",.,"A",.,"A",.,"A",80,"D",.,"A",.,"A"
"20103",2189715,46,0,"1",.,"A",.,"A",.,"A",.,"A",.,"A",.,"A",.,"A",.,"A",.,"A",.,"A",.,"A",.,"A",36,"D",.,"A",.,"A"
"20103",2189735,46,0,"1",.,"A",.,"A",.,"A",.,"A",60,"D",.,"A",.,"A",.,"A",.,"A",.,"A",.,"A",.,"A",100,"D",.,"A",.,"A"
"20103",2189755,71,0,"1",.,"A",.,"A",.,"A",.,"A",.,"A",.,"A",65,"D",.,"A",.,"A",.,"A",.,"A",.,"A",78,"D",.,"A",.,"A"
"20103",2189765,54,0,"1",.,"A",.,"A",.,"A",.,"A",.,"A",.,"A",.,"A",.,"A",.,"A",.,"A",.,"A",.,"A",.,"A",.,"A",.,"A"
"20103",2189785,81,0,"1",.,"A",.,"A",.,"A",.,"A",.,"A",.,"A",.,"A",.,"A",.,"A",.,"A",.,"A",.,"A",.,"A",.,"A",.,"A"
"20103",2189795,59,0,"1",.,"A",.,"A",.,"A",.,"A",.,"A",.,"A",.,"A",.,"A",.,"A",.,"A",.,"A",.,"A",.,"A",.,"A",.,"A"
"20103",2189825,64,0,"1",.,"A",.,"A",.,"A",.,"A",.,"A",90,"D",390,"D",.,"A",.,"A",360,"D",0,"D",0,"D",150,"D",120,"D",.,"A"
"20103",2189835,61,0,"1",.,"A",.,"A",.,"A",.,"A",.,"A",.,"A",.,"A",.,"A",.,"A",.,"A",.,"A",.,"A",60,"D",.,"A",.,"A"
"20103",2189845,79,0,"1",.,"A",.,"A",.,"A",.,"A",.,"A",.,"A",26,"D",.,"A",.,"A",.,"A",.,"A",.,"A",400,"D",.,"A",.,"A"
"20103",2189855,70,0,"1",.,"A",.,"A",.,"A",.,"A",.,"A",.,"A",.,"A",.,"A",.,"A",.,"A",.,"A",.,"A",.,"A",.,"A",.,"A"
"20103",2189865,41,0,"1",.,"A",.,"A",.,"A",.,"A",.,"A",.,"A",.,"A",.,"A",.,"A",.,"A",.,"A",.,"A",.,"A",.,"A",.,"A"
"20103",2189875,56,0,"1",.,"A",.,"A",.,"A",.,"A",.,"A",.,"A",.,"A",.,"A",.,"A",.,"A",.,"A",.,"A",.,"A",.,"A",.,"A"
"20103",2189885,75,0,"1",.,"A",.,"A",.,"A",.,"A",.,"A",.,"A",.,"A",.,"A",36,"D",.,"A",.,"A",.,"A",15,"D",.,"A",.,"A"
"20103",2189895,56,0,"1",.,"A",.,"A",.,"A",.,"A",.,"A",.,"A",1170,"D",.,"A",.,"A",.,"A",.,"A",.,"A",90,"D",.,"A",.,"A"
"20103",2189905,62,0,"1",.,"A",.,"A",.,"A",.,"A",.,"A",.,"A",.,"A",.,"A",.,"A",.,"A",.,"A",.,"A",.,"A",.,"A",.,"A"
"20103",2189915,46,0,"1",.,"A",.,"A",.,"A",.,"A",.,"A",.,"A",.,"A",.,"A",.,"A",.,"A",.,"A",.,"A",20,"D",.,"A",.,"A"
"20103",2189925,48,0,"1",.,"A",.,"A",.,"A",.,"A",.,"A",150,"D",.,"A",.,"A",.,"A",.,"A",.,"A",.,"A",150,"D",.,"A",.,"A"
"20103",2189935,49,0,"1",.,"A",.,"A",.,"A",.,"A",.,"A",.,"A",.,"A",.,"A",.,"A",.,"A",.,"A",.,"A",.,"A",.,"A",.,"A"
"20103",2189945,66,0,"1",.,"A",.,"A",.,"A",.,"A",.,"A",.,"A",.,"A",.,"A",.,"A",.,"A",.,"A",.,"A",26,"D",.,"A",.,"A"
"20103",2189955,50,0,"1",.,"A",.,"A",.,"A",20,"D",100,"D",.,"A",390,"D",.,"A",.,"A",.,"A",.,"A",.,"A",.,"A",.,"A",.,"A"
"20103",2189965,47,0,"1",45,"D",.,"A",.,"A",30,"D",135,"D",30,"D",.,"A",.,"A",.,"A",267,"D",0,"D",0,"D",145,"D",89,"D",.,"A"
"20103",2189985,77,0,"1",.,"A",.,"A",.,"A",.,"A",.,"A",30,"D",.,"A",.,"A",.,"A",.,"A",.,"A",.,"A",105,"D",.,"A",.,"A"
"20103",2189995,65,0,"1",.,"A",.,"A",.,"A",.,"A",.,"A",90,"D",.,"A",.,"A",.,"A",.,"A",.,"A",.,"A",600,"D",.,"A",.,"A"
"20103",2190005,55,0,"1",.,"A",.,"A",.,"A",.,"A",.,"A",.,"A",.,"A",.,"A",.,"A",.,"A",.,"A",.,"A",50,"D",.,"A",.,"A"
"20103",2190015,31,0,"1",30,"D",.,"A",.,"A",20,"D",30,"D",.,"A",.,"A",.,"A",.,"A",0,"D",0,"D",60,"D",100,"D",0,"D",.,"A"
"20103",2190035,34,0,"1",.,"A",.,"A",.,"A",.,"A",.,"A",.,"A",.,"A",.,"A",.,"A",.,"A",.,"A",.,"A",.,"A",.,"A",.,"A"
"20103",2190055,47,0,"1",.,"A",.,"A",.,"A",.,"A",.,"A",.,"A",.,"A",.,"A",.,"A",.,"A",.,"A",.,"A",100,"D",.,"A",.,"A"
"20103",2190075,56,0,"1",.,"A",.,"A",.,"A",.,"A",.,"A",.,"A",.,"A",.,"A",.,"A",.,"A",.,"A",.,"A",65,"D",.,"A",.,"A"
"20103",2190085,46,0,"1",.,"A",.,"A",.,"A",.,"A",.,"A",.,"A",.,"A",.,"A",.,"A",.,"A",.,"A",.,"A",120,"D",.,"A",.,"A"
"20103",2190095,37,0,"1",.,"A",.,"A",.,"A",.,"A",.,"A",.,"A",.,"A",.,"A",.,"A",.,"A",.,"A",.,"A",.,"A",.,"A",.,"A"
"20103",2190115,29,0,"1",.,"A",.,"A",.,"A",30,"D",45,"D",.,"A",.,"A",.,"A",.,"A",.,"A",.,"A",.,"A",.,"A",.,"A",.,"A"
"20103",2190125,55,0,"1",.,"A",.,"A",.,"A",.,"A",.,"A",.,"A",.,"A",.,"A",.,"A",.,"A",.,"A",.,"A",200,"D",.,"A",.,"A"
"20103",2190135,57,0,"1",.,"A",.,"A",.,"A",.,"A",.,"A",.,"A",.,"A",.,"A",.,"A",0,"D",0,"D",39,"D",300,"D",0,"D",.,"A"
"20103",2190145,54,0,"1",.,"A",.,"A",.,"A",.,"A",.,"A",.,"A",.,"A",.,"A",.,"A",.,"A",.,"A",.,"A",20,"D",.,"A",.,"A"
"20103",2190155,50,0,"1",.,"A",.,"A",.,"A",.,"A",.,"A",.,"A",.,"A",.,"A",.,"A",.,"A",.,"A",.,"A",30,"D",.,"A",.,"A"
"20103",2190195,49,0,"1",.,"A",.,"A",.,"A",.,"A",.,"A",.,"A",.,"A",.,"A",.,"A",.,"A",.,"A",.,"A",25,"D",.,"A",.,"A"
"20103",2190215,42,0,"1",.,"A",.,"A",.,"A",.,"A",.,"A",.,"A",1066,"D",.,"A",.,"A",.,"A",.,"A",.,"A",26,"D",.,"A",.,"A"
"20103",2190255,97,0,"1",.,"A",.,"A",.,"A",.,"A",.,"A",.,"A",.,"A",.,"A",.,"A",.,"A",.,"A",.,"A",200,"D",.,"A",.,"A"
"20103",2190275,50,0,"1",.,"A",.,"A",.,"A",.,"A",.,"A",60,"D",.,"A",.,"A",.,"A",.,"A",.,"A",.,"A",.,"A",.,"A",.,"A"
"20103",2190285,64,0,"1",.,"A",.,"A",50,"D",.,"A",.,"A",40,"D",.,"A",.,"A",.,"A",.,"A",.,"A",.,"A",.,"A",.,"A",.,"A"
"20103",2190295,60,0,"1",.,"A",.,"A",.,"A",.,"A",.,"A",.,"A",.,"A",.,"A",.,"A",.,"A",.,"A",.,"A",220,"D",.,"A",.,"A"
"20103",2190315,43,0,"1",.,"A",.,"A",.,"A",.,"A",.,"A",.,"A",.,"A",.,"A",.,"A",.,"A",.,"A",.,"A",120,"D",.,"A",.,"A"
"20103",2190335,60,0,"1",.,"A",.,"A",.,"A",.,"A",.,"A",.,"A",.,"A",.,"A",.,"A",.,"A",.,"A",.,"A",40,"D",.,"A",.,"A"
"20103",2190345,57,0,"1",.,"A",.,"A",.,"A",.,"A",.,"A",.,"A",.,"A",.,"A",.,"A",.,"A",.,"A",.,"A",50,"D",.,"A",.,"A"
"20103",2190365,64,0,"1",.,"A",.,"A",.,"A",.,"A",.,"A",.,"A",.,"A",.,"A",75,"D",.,"A",.,"A",.,"A",0,"D",.,"A",.,"A"
"20103",2190425,52,0,"1",.,"A",.,"A",.,"A",.,"A",.,"A",.,"A",.,"A",.,"A",.,"A",.,"A",.,"A",.,"A",.,"A",.,"A",.,"A"
"20103",2190435,25,0,"1",.,"A",.,"A",.,"A",.,"A",.,"A",.,"A",.,"A",.,"A",.,"A",.,"A",.,"A",.,"A",.,"A",.,"A",.,"A"
"20103",2190455,31,0,"1",.,"A",.,"A",.,"A",.,"A",.,"A",.,"A",.,"A",.,"A",.,"A",.,"A",.,"A",.,"A",40,"D",.,"A",.,"A"
"20103",2190475,120,0,"1",.,"A",.,"A",.,"A",25,"D",.,"A",.,"A",.,"A",.,"A",.,"A",.,"A",.,"A",.,"A",250,"D",.,"A",.,"A"
"20103",2190495,61,0,"1",.,"A",.,"A",.,"A",.,"A",.,"A",.,"A",.,"A",.,"A",.,"A",.,"A",.,"A",.,"A",120,"D",.,"A",.,"A"
"20103",2190515,41,0,"1",.,"A",.,"A",.,"A",.,"A",.,"A",.,"A",.,"A",.,"A",.,"A",354,"D",0,"D",0,"D",100,"D",118,"D",.,"A"
"20103",2190525,118,0,"1",.,"A",.,"A",.,"A",100,"D",.,"A",312,"D",.,"A",.,"A",.,"A",.,"A",.,"A",.,"A",150,"D",.,"A",.,"A"
"20103",2190535,30,0,"1",.,"A",.,"A",.,"A",.,"A",.,"A",.,"A",.,"A",.,"A",.,"A",.,"A",.,"A",.,"A",.,"A",.,"A",.,"A"
"20103",2190555,58,0,"1",.,"A",.,"A",.,"A",.,"A",.,"A",.,"A",.,"A",.,"A",.,"A",.,"A",.,"A",.,"A",.,"A",.,"A",.,"A"
"20103",2190575,64,0,"1",.,"A",.,"A",.,"A",.,"A",.,"A",.,"A",.,"A",.,"A",.,"A",.,"A",.,"A",.,"A",.,"A",.,"A",.,"A"
"20103",2190585,39,0,"1",.,"A",.,"A",.,"A",.,"A",20,"D",.,"A",390,"D",.,"A",.,"A",.,"A",.,"A",.,"A",.,"A",.,"A",.,"A"
"20103",2190605,33,0,"1",.,"A",.,"A",.,"A",.,"A",.,"A",.,"A",260,"D",.,"A",.,"A",.,"A",.,"A",.,"A",.,"A",.,"A",.,"A"
"20103",2190645,67,0,"1",.,"A",.,"A",60,"D",.,"A",.,"A",25,"D",.,"A",.,"A",.,"A",.,"A",.,"A",.,"A",100,"D",.,"A",.,"A"
"20103",2190655,26,0,"1",20,"F",.,"A",.,"A",.,"A",40,"F",.,"A",390,"F",.,"A",.,"A",.,"A",.,"A",.,"A",.,"A",.,"A",.,"A"
"20103",2190695,72,0,"1",.,"A",.,"A",.,"A",.,"A",.,"A",.,"A",.,"A",.,"A",.,"A",.,"A",.,"A",.,"A",150,"D",.,"A",.,"A"
"20103",2190705,46,0,"1",.,"A",.,"A",.,"A",.,"A",.,"A",.,"A",455,"D",.,"A",.,"A",.,"A",.,"A",.,"A",15,"D",.,"A",.,"A"
"20103",2190725,48,0,"1",.,"A",.,"A",.,"A",.,"A",60,"D",.,"A",.,"A",.,"A",.,"A",.,"A",.,"A",.,"A",60,"D",.,"A",.,"A"
"20103",2190735,37,0,"1",.,"A",.,"A",.,"A",.,"A",.,"A",.,"A",.,"A",.,"A",.,"A",.,"A",.,"A",.,"A",.,"A",.,"A",.,"A"
"20103",2190745,49,0,"1",.,"A",.,"A",.,"A",.,"A",.,"A",.,"A",.,"A",.,"A",.,"A",.,"A",.,"A",.,"A",100,"D",.,"A",.,"A"
"20103",2190755,62,0,"1",.,"A",.,"A",.,"A",.,"A",.,"A",.,"A",195,"D",.,"A",.,"A",.,"A",.,"A",.,"A",.,"A",.,"A",.,"A"
"20103",2190765,37,0,"1",.,"A",.,"A",.,"A",.,"A",.,"A",.,"A",.,"A",.,"A",.,"A",.,"A",.,"A",.,"A",100,"D",.,"A",.,"A"
"20103",2190785,51,0,"1",.,"A",.,"A",.,"A",.,"A",.,"A",40,"D",.,"A",.,"A",.,"A",.,"A",.,"A",.,"A",100,"D",.,"A",.,"A"
"20103",2190805,56,0,"1",.,"A",.,"A",.,"A",.,"A",.,"A",.,"A",520,"D",.,"A",.,"A",.,"A",.,"A",.,"A",28,"D",.,"A",.,"A"
"20103",2190845,70,0,"1",.,"A",.,"A",.,"A",.,"A",.,"A",.,"A",546,"D",.,"A",.,"A",.,"A",.,"A",.,"A",40,"D",.,"A",.,"A"
"20103",2190865,63,0,"1",.,"A",.,"A",.,"A",.,"A",.,"A",300,"D",.,"A",.,"A",75,"D",.,"A",.,"A",.,"A",150,"D",.,"A",.,"A"
"20103",2190875,94,0,"1",.,"A",.,"A",.,"A",.,"A",.,"A",.,"A",.,"A",.,"A",.,"A",.,"A",.,"A",.,"A",28,"D",.,"A",.,"A"
"20103",2190885,35,0,"1",.,"A",.,"A",.,"A",.,"A",.,"A",.,"A",546,"D",.,"A",.,"A",.,"A",.,"A",.,"A",.,"A",.,"A",.,"A"
"20103",2190925,63,0,"1",.,"A",.,"A",.,"A",.,"A",.,"A",.,"A",.,"A",.,"A",.,"A",.,"A",.,"A",.,"A",24,"D",.,"A",.,"A"
"20103",2190935,52,0,"1",.,"A",.,"A",.,"A",.,"A",.,"A",.,"A",702,"D",.,"A",42,"D",.,"A",.,"A",.,"A",.,"A",.,"A",.,"A"
"20103",2190945,44,0,"1",.,"A",.,"A",.,"A",.,"A",.,"A",.,"A",.,"A",.,"A",.,"A",.,"A",.,"A",.,"A",.,"A",.,"A",.,"A"
"20103",2190965,46,0,"1",.,"A",.,"A",.,"A",.,"A",.,"A",.,"A",.,"A",.,"A",.,"A",.,"A",.,"A",.,"A",40,"D",.,"A",.,"A"
"20103",2190975,38,0,"1",38,"D",.,"A",.,"A",.,"A",122,"D",.,"A",.,"A",.,"A",.,"A",.,"A",.,"A",.,"A",150,"D",.,"A",.,"A"
"20103",2191015,26,0,"1",.,"A",.,"A",.,"A",.,"A",.,"A",.,"A",.,"A",.,"A",.,"A",.,"A",.,"A",.,"A",.,"A",.,"A",.,"A"
"20103",2191025,34,0,"1",.,"A",.,"A",.,"A",.,"A",.,"A",.,"A",.,"A",.,"A",.,"A",.,"A",.,"A",.,"A",.,"A",.,"A",.,"A"
"20103",2191035,72,0,"1",.,"A",.,"A",.,"A",.,"A",.,"A",.,"A",.,"A",.,"A",.,"A",.,"A",.,"A",.,"A",.,"A",.,"A",.,"A"
"20103",2191045,49,0,"1",.,"A",.,"A",.,"A",.,"A",.,"A",.,"A",.,"A",.,"A",.,"A",.,"A",.,"A",.,"A",75,"D",.,"A",.,"A"
"20103",2191065,56,0,"1",.,"A",.,"A",.,"A",.,"A",.,"A",.,"A",2080,"D",.,"A",.,"A",.,"A",.,"A",.,"A",80,"D",.,"A",.,"A"
"20103",2191075,96,0,"1",.,"A",.,"A",.,"A",.,"A",.,"A",.,"A",.,"A",.,"A",30,"D",.,"A",.,"A",.,"A",300,"D",.,"A",.,"A"
"20103",2191085,85,0,"1",.,"A",.,"A",.,"A",.,"A",.,"A",.,"A",.,"A",.,"A",.,"A",.,"A",.,"A",.,"A",20,"D",.,"A",.,"A"
"20103",2191105,51,0,"1",.,"A",.,"A",.,"A",.,"A",.,"A",.,"A",1170,"D",.,"A",.,"A",.,"A",.,"A",.,"A",.,"A",.,"A",.,"A"
"20103",2191115,38,0,"1",.,"A",.,"A",.,"A",.,"A",.,"A",.,"A",.,"A",.,"A",.,"A",.,"A",.,"A",.,"A",.,"A",.,"A",.,"A"
"20103",2191125,71,0,"1",.,"A",.,"A",.,"A",.,"A",.,"A",.,"A",.,"A",.,"A",.,"A",.,"A",.,"A",.,"A",22,"D",.,"A",.,"A"
"20103",2191135,31,0,"1",.,"A",.,"A",.,"A",.,"A",.,"A",.,"A",.,"A",.,"A",.,"A",.,"A",.,"A",.,"A",.,"A",.,"A",.,"A"
"20103",2191145,43,0,"1",.,"A",.,"A",.,"A",.,"A",.,"A",.,"A",.,"A",.,"A",.,"A",.,"A",.,"A",.,"A",30,"D",.,"A",.,"A"
"20103",2191155,69,0,"1",.,"A",.,"A",.,"A",.,"A",.,"A",.,"A",.,"A",.,"A",.,"A",.,"A",.,"A",.,"A",160,"D",.,"A",.,"A"
"20103",2191165,94,0,"1",.,"A",.,"A",.,"A",.,"A",.,"A",200,"D",.,"A",.,"A",.,"A",.,"A",.,"A",.,"A",150,"D",.,"A",.,"A"
"20103",2191175,55,0,"1",.,"A",.,"A",.,"A",.,"A",60,"D",.,"A",.,"A",.,"A",.,"A",270,"D",0,"D",0,"D",.,"A",90,"D",180,"D"
"20103",2191185,57,0,"1",.,"A",.,"A",.,"A",.,"A",.,"A",100,"D",.,"A",.,"A",.,"A",.,"A",.,"A",.,"A",300,"D",.,"A",.,"A"
"20103",2191195,55,0,"1",.,"A",.,"A",.,"A",.,"A",.,"A",.,"A",.,"A",130,"D",.,"A",.,"A",.,"A",.,"A",300,"D",.,"A",.,"A"
"20103",2191225,75,0,"1",.,"A",.,"A",.,"A",.,"A",.,"A",.,"A",130,"D",.,"A",.,"A",.,"A",.,"A",.,"A",125,"D",.,"A",.,"A"
"20103",2191235,25,0,"1",5,"D",.,"A",.,"A",.,"A",85,"D",.,"A",.,"A",.,"A",.,"A",186,"D",0,"D",15,"F",20,"D",62,"D",.,"A"
"20103",2191265,38,0,"1",.,"A",.,"A",.,"A",.,"A",.,"A",.,"A",.,"A",.,"A",.,"A",.,"A",.,"A",.,"A",10,"D",.,"A",.,"A"
"20103",2191275,35,0,"1",.,"A",.,"A",.,"A",.,"A",.,"A",.,"A",.,"A",.,"A",.,"A",.,"A",.,"A",.,"A",.,"A",.,"A",.,"A"
"20103",2191285,25,0,"1",100,"F",.,"A",.,"A",.,"A",60,"F",.,"A",.,"A",.,"A",.,"A",0,"D",0,"D",249,"F",.,"A",0,"D",.,"A"
"20103",2191295,33,0,"1",.,"A",.,"A",.,"A",332,"D",.,"A",.,"A",.,"A",.,"A",.,"A",.,"A",.,"A",.,"A",.,"A",.,"A",.,"A"
"20103",2191305,39,0,"1",.,"A",.,"A",.,"A",.,"A",.,"A",.,"A",.,"A",.,"A",.,"A",.,"A",.,"A",.,"A",.,"A",.,"A",.,"A"
"20103",2191325,69,0,"1",.,"A",.,"A",.,"A",.,"A",.,"A",.,"A",.,"A",.,"A",.,"A",.,"A",.,"A",.,"A",200,"D",.,"A",.,"A"
"20103",2191355,38,0,"1",.,"A",.,"A",.,"A",.,"A",.,"A",.,"A",.,"A",.,"A",.,"A",.,"A",.,"A",.,"A",.,"A",.,"A",.,"A"
"20103",2191385,35,0,"1",.,"A",.,"A",.,"A",.,"A",.,"A",.,"A",910,"D",.,"A",.,"A",.,"A",.,"A",.,"A",.,"A",.,"A",.,"A"
"20103",2191395,58,0,"1",.,"A",.,"A",.,"A",.,"A",.,"A",.,"A",.,"A",.,"A",.,"A",.,"A",.,"A",.,"A",75,"D",.,"A",.,"A"
"20103",2191405,63,0,"1",.,"A",.,"A",.,"A",.,"A",.,"A",.,"A",.,"A",.,"A",.,"A",0,"D",0,"D",60,"D",100,"D",0,"D",.,"A"
"20103",2191425,47,0,"1",.,"A",.,"A",.,"A",.,"A",.,"A",.,"A",.,"A",.,"A",.,"A",.,"A",.,"A",.,"A",.,"A",.,"A",.,"A"
"20103",2191435,34,0,"1",.,"A",.,"A",.,"A",14,"D",80,"D",.,"A",.,"A",.,"A",.,"A",.,"A",.,"A",.,"A",25,"D",.,"A",.,"A"
"20103",2191445,65,0,"1",.,"A",.,"A",.,"A",50,"D",.,"A",.,"A",.,"A",.,"A",.,"A",0,"D",0,"D",30,"D",840,"D",0,"D",.,"A"
"20103",2191485,27,0,"1",.,"A",.,"A",.,"A",.,"A",8,"F",.,"A",.,"A",.,"A",.,"A",.,"A",.,"A",.,"A",.,"A",.,"A",.,"A"
"20103",2191495,28,0,"1",.,"A",.,"A",.,"A",.,"A",.,"A",.,"A",468,"D",.,"A",.,"A",.,"A",.,"A",.,"A",15,"D",.,"A",.,"A"
"20103",2191525,56,0,"1",.,"A",.,"A",.,"A",.,"A",.,"A",.,"A",520,"D",.,"A",.,"A",.,"A",.,"A",.,"A",12,"D",.,"A",.,"A"
"20103",2191575,61,0,"1",.,"A",.,"A",.,"A",.,"A",.,"A",.,"A",.,"A",.,"A",.,"A",.,"A",.,"A",.,"A",130,"D",.,"A",.,"A"
"20103",2191585,40,0,"1",.,"A",.,"A",.,"A",.,"A",.,"A",.,"A",.,"A",78,"D",.,"A",.,"A",.,"A",.,"A",20,"D",.,"A",.,"A"
"20103",2191595,37,0,"1",.,"A",.,"A",.,"A",.,"A",.,"A",.,"A",.,"A",.,"A",.,"A",.,"A",.,"A",.,"A",120,"F",.,"A",.,"A"
"20103",2191605,37,0,"1",.,"A",.,"A",.,"A",.,"A",.,"A",.,"A",.,"A",.,"A",.,"A",.,"A",.,"A",.,"A",120,"D",.,"A",.,"A"
"20103",2191625,36,0,"1",.,"A",.,"A",.,"A",.,"A",.,"A",.,"A",.,"A",.,"A",.,"A",.,"A",.,"A",.,"A",100,"D",.,"A",.,"A"
"20103",2191655,77,0,"1",.,"A",.,"A",.,"A",.,"A",.,"A",.,"A",.,"A",.,"A",30,"D",.,"A",.,"A",.,"A",150,"D",.,"A",.,"A"
"20103",2191685,60,0,"1",.,"A",.,"A",.,"A",.,"A",.,"A",.,"A",.,"A",.,"A",.,"A",.,"A",.,"A",.,"A",12,"D",.,"A",.,"A"
"20103",2191705,42,0,"1",.,"A",.,"A",.,"A",.,"A",.,"A",.,"A",.,"A",.,"A",.,"A",.,"A",.,"A",.,"A",.,"A",.,"A",.,"A"
"20103",2191715,54,0,"1",.,"A",.,"A",.,"A",.,"A",.,"A",.,"A",.,"A",.,"A",.,"A",.,"A",.,"A",.,"A",60,"D",.,"A",.,"A"
"20103",2191725,33,0,"1",.,"A",.,"A",.,"A",.,"A",.,"A",.,"A",.,"A",.,"A",.,"A",.,"A",.,"A",.,"A",.,"A",.,"A",.,"A"
"20103",2191735,82,0,"1",.,"A",.,"A",.,"A",.,"A",.,"A",520,"D",.,"A",.,"A",.,"A",.,"A",.,"A",.,"A",91,"D",.,"A",.,"A"
"20103",2191755,77,0,"1",.,"A",.,"A",.,"A",.,"A",.,"A",.,"A",.,"A",.,"A",.,"A",.,"A",.,"A",.,"A",300,"D",.,"A",.,"A"
"20103",2191765,47,0,"1",.,"A",.,"A",17,"F",.,"A",.,"A",.,"A",.,"A",.,"A",15,"D",.,"A",.,"A",.,"A",120,"D",.,"A",.,"A"
"20103",2191775,74,0,"1",.,"A",.,"A",15,"D",.,"A",.,"A",.,"A",.,"A",.,"A",.,"A",.,"A",.,"A",.,"A",120,"D",.,"A",.,"A"
"20103",2191785,69,0,"1",.,"A",.,"A",.,"A",.,"A",.,"A",.,"A",.,"A",.,"A",.,"A",.,"A",.,"A",.,"A",280,"D",.,"A",.,"A"
"20103",2191815,40,0,"1",.,"A",.,"A",.,"A",.,"A",.,"A",.,"A",.,"A",.,"A",.,"A",.,"A",.,"A",.,"A",20,"D",.,"A",.,"A"
"20103",2191835,63,0,"1",.,"A",.,"A",.,"A",.,"A",.,"A",.,"A",.,"A",.,"A",30,"D",.,"A",.,"A",.,"A",90,"D",.,"A",.,"A"
"20103",2191845,47,0,"1",.,"A",.,"A",.,"A",.,"A",.,"A",.,"A",.,"A",.,"A",.,"A",.,"A",.,"A",.,"A",60,"D",.,"A",.,"A"
"20103",2191855,48,0,"1",.,"A",.,"A",.,"A",.,"A",.,"A",.,"A",.,"A",.,"A",.,"A",.,"A",.,"A",.,"A",.,"A",.,"A",.,"A"
"20103",2191865,84,0,"1",.,"A",.,"A",.,"A",.,"A",.,"A",.,"A",520,"D",39,"D",.,"A",.,"A",.,"A",.,"A",60,"D",.,"A",.,"A"
"20103",2191915,71,0,"1",.,"A",.,"A",.,"A",.,"A",.,"A",.,"A",.,"A",.,"A",15,"D",.,"A",.,"A",.,"A",20,"D",.,"A",.,"A"
"20103",2191955,28,0,"1",.,"A",.,"A",.,"A",.,"A",.,"A",.,"A",.,"A",.,"A",.,"A",.,"A",.,"A",.,"A",.,"A",.,"A",.,"A"
"20103",2191995,42,0,"1",.,"A",.,"A",.,"A",.,"A",.,"A",.,"A",.,"A",.,"A",.,"A",.,"A",.,"A",.,"A",20,"D",.,"A",.,"A"
"20103",2192005,79,0,"1",.,"A",.,"A",.,"A",.,"A",.,"A",.,"A",.,"A",.,"A",.,"A",.,"A",.,"A",.,"A",90,"D",.,"A",.,"A"
"20103",2192015,59,0,"1",.,"A",.,"A",.,"A",.,"A",.,"A",.,"A",.,"A",.,"A",.,"A",.,"A",.,"A",.,"A",.,"A",.,"A",.,"A"
"20103",2192055,47,0,"1",.,"A",.,"A",.,"A",.,"A",.,"A",15,"D",.,"A",.,"A",15,"D",.,"A",.,"A",.,"A",45,"D",.,"A",.,"A"
"20103",2192065,70,0,"1",.,"A",.,"A",.,"A",.,"A",.,"A",150,"D",.,"A",.,"A",.,"A",.,"A",.,"A",.,"A",750,"D",.,"A",.,"A"
"20103",2192075,29,0,"1",.,"A",.,"A",.,"A",.,"A",150,"D",.,"A",.,"A",.,"A",.,"A",.,"A",.,"A",.,"A",.,"A",.,"A",.,"A"
"20103",2192085,34,0,"1",.,"A",.,"A",.,"A",.,"A",.,"A",.,"A",520,"D",.,"A",.,"A",.,"A",.,"A",.,"A",.,"A",.,"A",.,"A"
"20103",2192095,68,0,"1",.,"A",.,"A",.,"A",.,"A",.,"A",300,"D",819,"D",.,"A",.,"A",.,"A",.,"A",.,"A",600,"D",.,"A",.,"A"
"20103",2192105,71,0,"1",.,"A",.,"A",.,"A",.,"A",.,"A",75,"D",.,"A",.,"A",.,"A",.,"A",.,"A",.,"A",250,"D",.,"A",.,"A"
"20103",2192125,45,0,"1",.,"A",.,"A",.,"A",.,"A",.,"A",.,"A",130,"D",.,"A",240,"D",.,"A",.,"A",.,"A",.,"A",.,"A",.,"A"
"20103",2192135,51,0,"1",.,"A",.,"A",.,"A",.,"A",.,"A",250,"D",780,"D",.,"A",.,"A",.,"A",.,"A",.,"A",50,"D",.,"A",.,"A"
"20103",2192145,58,0,"1",.,"A",.,"A",.,"A",.,"A",.,"A",25,"D",546,"D",.,"A",.,"A",.,"A",.,"A",.,"A",12,"D",.,"A",.,"A"
"20103",2192155,50,0,"1",.,"A",.,"A",.,"A",.,"A",.,"A",.,"A",.,"A",.,"A",.,"A",.,"A",.,"A",.,"A",90,"D",.,"A",.,"A"
"20103",2192165,47,0,"1",.,"A",.,"A",.,"A",.,"A",.,"A",.,"A",.,"A",.,"A",.,"A",.,"A",.,"A",.,"A",140,"D",.,"A",.,"A"
"20103",2192205,33,0,"1",.,"A",.,"A",.,"A",.,"A",.,"A",.,"A",.,"A",.,"A",.,"A",.,"A",.,"A",.,"A",.,"A",.,"A",.,"A"
"20103",2192215,38,0,"1",.,"A",.,"A",.,"A",.,"A",.,"A",.,"A",.,"A",.,"A",.,"A",.,"A",.,"A",.,"A",.,"A",.,"A",.,"A"
"20103",2192235,54,0,"1",.,"A",.,"A",.,"A",.,"A",.,"A",35,"D",.,"A",.,"A",.,"A",.,"A",.,"A",.,"A",210,"D",.,"A",.,"A"
"20103",2192265,57,0,"1",.,"A",.,"A",.,"A",.,"A",.,"A",20,"D",.,"A",.,"A",.,"A",0,"D",0,"D",60,"D",200,"D",0,"D",.,"A"
"20103",2192285,79,0,"1",.,"A",.,"A",.,"A",.,"A",.,"A",180,"D",650,"D",.,"A",.,"A",300,"D",0,"D",0,"D",420,"D",100,"D",.,"A"
"20103",2192295,35,0,"1",.,"A",.,"A",.,"A",240,"D",400,"D",.,"A",.,"A",.,"A",.,"A",300,"D",0,"D",0,"D",80,"D",100,"D",.,"A"
"20103",2192335,47,0,"1",.,"A",.,"A",.,"A",.,"A",.,"A",.,"A",.,"A",.,"A",.,"A",.,"A",.,"A",.,"A",.,"A",.,"A",.,"A"
"20103",2192345,53,0,"1",.,"A",.,"A",.,"A",.,"A",.,"A",30,"D",.,"A",.,"A",.,"A",.,"A",.,"A",.,"A",100,"D",.,"A",.,"A"
"20103",2192355,50,0,"1",.,"A",.,"A",.,"A",.,"A",.,"A",.,"A",.,"A",.,"A",.,"A",.,"A",.,"A",.,"A",250,"D",.,"A",.,"A"
"20103",2192375,64,0,"1",.,"A",.,"A",.,"A",.,"A",.,"A",.,"A",.,"A",.,"A",.,"A",.,"A",.,"A",.,"A",150,"D",.,"A",.,"A"
"20103",2192385,80,0,"1",.,"A",.,"A",.,"A",.,"A",30,"D",.,"A",650,"D",.,"A",.,"A",.,"A",.,"A",.,"A",30,"D",.,"A",.,"A"
"20103",2192395,55,0,"1",.,"A",.,"A",.,"A",.,"A",.,"A",.,"A",.,"A",.,"A",.,"A",.,"A",.,"A",.,"A",300,"D",.,"A",.,"A"
"20103",2192415,42,0,"1",.,"A",.,"A",.,"A",.,"A",.,"A",.,"A",455,"D",.,"A",.,"A",.,"A",.,"A",.,"A",.,"A",.,"A",.,"A"
"20103",2192425,39,0,"1",.,"A",.,"A",.,"A",.,"A",.,"A",.,"A",.,"A",.,"A",.,"A",.,"A",.,"A",.,"A",.,"A",.,"A",.,"A"
"20103",2192435,46,0,"1",.,"A",.,"A",.,"A",.,"A",.,"A",.,"A",.,"A",.,"A",.,"A",.,"A",.,"A",.,"A",30,"D",.,"A",.,"A"
"20103",2192445,43,0,"1",.,"A",.,"A",.,"A",.,"A",.,"A",.,"A",.,"A",.,"A",.,"A",.,"A",.,"A",.,"A",.,"A",.,"A",.,"A"
"20103",2192465,28,0,"1",.,"A",.,"A",.,"A",.,"A",.,"A",.,"A",.,"A",.,"A",.,"A",45,"D",0,"D",0,"D",.,"A",15,"D",.,"A"
"20103",2192485,55,0,"1",.,"A",.,"A",.,"A",.,"A",.,"A",.,"A",.,"A",.,"A",.,"A",.,"A",.,"A",.,"A",50,"D",.,"A",.,"A"
"20103",2192495,60,0,"1",.,"A",.,"A",.,"A",.,"A",.,"A",30,"D",.,"A",.,"A",.,"A",.,"A",.,"A",.,"A",85,"D",.,"A",.,"A"
"20103",2192525,54,0,"1",.,"A",.,"A",.,"A",.,"A",.,"A",.,"A",.,"A",.,"A",.,"A",.,"A",.,"A",.,"A",49,"D",.,"A",.,"A"
"20103",2192565,50,0,"1",.,"A",.,"A",.,"A",.,"A",.,"A",.,"A",.,"A",.,"A",.,"A",.,"A",.,"A",.,"A",280,"D",.,"A",.,"A"
"20103",2192575,29,0,"1",5,"D",.,"A",.,"A",.,"A",25,"D",.,"A",.,"A",.,"A",0,"D",.,"A",.,"A",.,"A",.,"A",.,"A",.,"A"
"20103",2192595,86,0,"1",.,"A",.,"A",.,"A",.,"A",.,"A",.,"A",.,"A",.,"A",.,"A",0,"D",0,"D",6,"F",.,"A",0,"D",.,"A"
"20103",2192605,75,0,"1",.,"A",.,"A",.,"A",.,"A",.,"A",.,"A",65,"D",156,"D",.,"A",.,"A",.,"A",.,"A",130,"D",.,"A",.,"A"
"20103",2192615,49,0,"1",.,"A",.,"A",.,"A",.,"A",.,"A",.,"A",.,"A",.,"A",36,"D",.,"A",.,"A",.,"A",120,"D",.,"A",.,"A"
"20103",2192645,49,0,"1",.,"A",.,"A",.,"A",.,"A",.,"A",.,"A",.,"A",195,"D",.,"A",.,"A",.,"A",.,"A",.,"A",.,"A",.,"A"
"20103",2192665,51,0,"1",.,"A",.,"A",.,"A",.,"A",.,"A",100,"D",.,"A",.,"A",.,"A",.,"A",.,"A",.,"A",1200,"D",.,"A",.,"A"
"20103",2192685,68,0,"1",.,"A",.,"A",50,"D",.,"A",.,"A",.,"A",.,"A",.,"A",.,"A",.,"A",.,"A",.,"A",145,"D",.,"A",.,"A"
"20103",2192695,38,0,"1",.,"A",.,"A",.,"A",.,"A",.,"A",.,"A",195,"D",.,"A",.,"A",.,"A",.,"A",.,"A",.,"A",.,"A",.,"A"
"20103",2192725,66,0,"1",.,"A",.,"A",.,"A",.,"A",65,"D",.,"A",780,"D",.,"A",15,"D",.,"A",.,"A",.,"A",32,"D",.,"A",.,"A"
"20103",2192735,46,0,"1",.,"A",.,"A",.,"A",.,"A",.,"A",.,"A",.,"A",.,"A",.,"A",.,"A",.,"A",.,"A",345,"F",.,"A",.,"A"
"20103",2192745,47,0,"1",.,"A",.,"A",.,"A",.,"A",.,"A",.,"A",.,"A",.,"A",.,"A",.,"A",.,"A",.,"A",15,"D",.,"A",.,"A"
"20103",2192785,40,0,"1",.,"A",.,"A",.,"A",.,"A",.,"A",.,"A",.,"A",.,"A",.,"A",.,"A",.,"A",.,"A",15,"D",.,"A",.,"A"
"20103",2192805,48,0,"1",.,"A",.,"A",.,"A",.,"A",.,"A",.,"A",.,"A",.,"A",.,"A",.,"A",.,"A",.,"A",16,"D",.,"A",.,"A"
"20103",2192815,69,0,"1",.,"A",.,"A",.,"A",.,"A",.,"A",.,"A",.,"A",.,"A",.,"A",.,"A",.,"A",.,"A",60,"D",.,"A",.,"A"
"20103",2192825,34,0,"1",10,"D",.,"A",.,"A",.,"A",50,"D",.,"A",.,"A",.,"A",.,"A",.,"A",.,"A",.,"A",.,"A",.,"A",.,"A"
"20103",2192845,50,0,"1",20,"D",.,"A",.,"A",.,"A",60,"D",.,"A",104,"D",.,"A",9,"D",120,"D",0,"D",0,"D",60,"D",40,"D",.,"A"
"20103",2192885,51,0,"1",.,"A",.,"A",.,"A",.,"A",.,"A",.,"A",.,"A",.,"A",.,"A",.,"A",.,"A",.,"A",120,"D",.,"A",.,"A"
"20103",2192895,51,0,"1",.,"A",.,"A",.,"A",.,"A",.,"A",.,"A",260,"D",.,"A",.,"A",.,"A",.,"A",.,"A",.,"A",.,"A",.,"A"
"20103",2192925,48,0,"1",.,"A",.,"A",.,"A",.,"A",.,"A",.,"A",.,"A",.,"A",.,"A",.,"A",.,"A",.,"A",.,"A",.,"A",.,"A"
"20103",2192965,70,0,"1",.,"A",.,"A",.,"A",.,"A",.,"A",.,"A",.,"A",.,"A",.,"A",.,"A",.,"A",.,"A",.,"A",.,"A",.,"A"
"20103",2192975,66,0,"1",.,"A",.,"A",.,"A",.,"A",.,"A",.,"A",312,"D",.,"A",63,"D",.,"A",.,"A",.,"A",.,"A",.,"A",.,"A"
"20103",2192995,31,0,"1",.,"A",.,"A",.,"A",.,"A",10,"D",25,"D",.,"A",.,"A",.,"A",.,"A",.,"A",.,"A",45,"D",.,"A",.,"A"
"20103",2193015,76,0,"1",.,"A",.,"A",.,"A",.,"A",.,"A",.,"A",.,"A",.,"A",.,"A",.,"A",.,"A",.,"A",50,"D",.,"A",.,"A"
"20103",2193055,61,0,"1",.,"A",.,"A",.,"A",.,"A",.,"A",.,"A",455,"D",.,"A",15,"D",.,"A",.,"A",.,"A",10,"D",.,"A",.,"A"
"20103",2193065,37,0,"1",.,"A",.,"A",.,"A",.,"A",.,"A",.,"A",.,"A",.,"A",.,"A",.,"A",.,"A",.,"A",.,"A",.,"A",.,"A"
"20103",2193095,48,0,"1",.,"A",.,"A",.,"A",.,"A",.,"A",.,"A",.,"A",.,"A",48,"D",.,"A",.,"A",.,"A",20,"D",.,"A",.,"A"
"20103",2193105,39,0,"1",.,"A",.,"A",.,"A",.,"A",.,"A",.,"A",.,"A",.,"A",.,"A",.,"A",.,"A",.,"A",28,"D",.,"A",.,"A"
"20103",2193115,60,0,"1",.,"A",.,"A",.,"A",.,"A",.,"A",.,"A",.,"A",.,"A",.,"A",.,"A",.,"A",.,"A",200,"D",.,"A",.,"A"
"20103",2193155,37,0,"1",.,"A",.,"A",.,"A",.,"A",40,"D",.,"A",.,"A",.,"A",.,"A",.,"A",.,"A",.,"A",45,"D",.,"A",.,"A"
"20103",2193165,36,0,"1",8,"D",.,"A",.,"A",.,"A",40,"D",.,"A",.,"A",.,"A",.,"A",.,"A",.,"A",.,"A",160,"D",.,"A",.,"A"
"20103",2193175,47,0,"1",20,"D",.,"A",.,"A",.,"A",40,"D",.,"A",.,"A",.,"A",.,"A",.,"A",.,"A",.,"A",240,"D",.,"A",.,"A"
"20103",2193185,29,0,"1",.,"A",.,"A",.,"A",.,"A",.,"A",.,"A",.,"A",.,"A",.,"A",.,"A",.,"A",.,"A",.,"A",.,"A",.,"A"
"20103",2193205,95,0,"1",.,"A",.,"A",.,"A",.,"A",.,"A",.,"A",.,"A",.,"A",.,"A",.,"A",.,"A",.,"A",77,"D",.,"A",.,"A"
"20103",2193215,39,0,"1",.,"A",.,"A",.,"A",20,"D",36,"D",.,"A",.,"A",.,"A",.,"A",.,"A",.,"A",.,"A",.,"A",.,"A",.,"A"
"20103",2193245,57,0,"1",.,"A",.,"A",.,"A",.,"A",.,"A",.,"A",.,"A",.,"A",.,"A",.,"A",.,"A",.,"A",.,"A",.,"A",.,"A"
"20103",2193275,81,0,"1",.,"A",.,"A",.,"A",.,"A",.,"A",18,"D",.,"A",.,"A",.,"A",.,"A",.,"A",.,"A",420,"D",.,"A",.,"A"
"20103",2193285,35,0,"1",.,"A",.,"A",.,"A",.,"A",16,"D",.,"A",.,"A",.,"A",.,"A",150,"D",0,"D",150,"D",.,"A",50,"D",.,"A"
"20103",2193295,73,0,"1",.,"A",.,"A",.,"A",.,"A",6,"D",.,"A",390,"D",.,"A",.,"A",.,"A",.,"A",.,"A",12,"D",.,"A",.,"A"
"20103",2193305,61,0,"1",.,"A",.,"A",.,"A",.,"A",.,"A",.,"A",.,"A",.,"A",.,"A",.,"A",.,"A",.,"A",30,"D",.,"A",.,"A"
"20103",2193325,69,0,"1",.,"A",.,"A",.,"A",.,"A",.,"A",.,"A",260,"D",.,"A",15,"D",0,"D",9,"D",0,"D",50,"D",0,"D",.,"A"
"20103",2193335,46,0,"1",.,"A",.,"A",.,"A",.,"A",.,"A",.,"A",650,"D",.,"A",.,"A",.,"A",.,"A",.,"A",.,"A",.,"A",.,"A"
"20103",2193375,62,0,"1",.,"A",.,"A",.,"A",.,"A",.,"A",7,"D",390,"D",.,"A",.,"A",.,"A",.,"A",.,"A",.,"A",.,"A",.,"A"
"20103",2193405,86,0,"1",.,"A",.,"A",.,"A",.,"A",.,"A",.,"A",.,"A",.,"A",.,"A",.,"A",.,"A",.,"A",80,"D",.,"A",.,"A"
"20103",2193415,70,0,"1",.,"A",.,"A",.,"A",.,"A",.,"A",.,"A",.,"A",.,"A",.,"A",.,"A",.,"A",.,"A",25,"D",.,"A",.,"A"
"20103",2193425,49,0,"1",.,"A",.,"A",.,"A",.,"A",.,"A",.,"A",.,"A",.,"A",.,"A",.,"A",.,"A",.,"A",.,"A",.,"A",.,"A"
"20103",2193435,28,0,"1",.,"A",.,"A",.,"A",.,"A",5,"D",.,"A",.,"A",.,"A",.,"A",.,"A",.,"A",.,"A",.,"A",.,"A",.,"A"
"20103",2193465,48,0,"1",.,"A",.,"A",.,"A",.,"A",.,"A",.,"A",468,"D",.,"A",.,"A",.,"A",.,"A",.,"A",.,"A",.,"A",.,"A"
"20103",2193495,75,0,"1",.,"A",.,"A",.,"A",.,"A",.,"A",.,"A",.,"A",.,"A",.,"A",.,"A",.,"A",.,"A",.,"A",.,"A",.,"A"
"20103",2193505,64,0,"1",.,"A",.,"A",.,"A",.,"A",.,"A",.,"A",.,"A",.,"A",.,"A",.,"A",.,"A",.,"A",100,"D",.,"A",.,"A"
"20103",2193515,35,0,"1",.,"A",.,"A",.,"A",.,"A",75,"D",.,"A",780,"D",.,"A",.,"A",0,"D",0,"D",69,"D",25,"D",0,"D",.,"A"
"20103",2193545,49,0,"1",.,"A",.,"A",.,"A",.,"A",.,"A",.,"A",585,"D",.,"A",30,"D",.,"A",.,"A",.,"A",150,"D",.,"A",.,"A"
"20103",2193555,40,0,"1",.,"A",.,"A",.,"A",.,"A",.,"A",.,"A",.,"A",.,"A",.,"A",.,"A",.,"A",.,"A",.,"A",.,"A",.,"A"
"20103",2193575,93,0,"1",.,"A",.,"A",.,"A",.,"A",.,"A",.,"A",.,"A",39,"D",.,"A",.,"A",.,"A",.,"A",85,"D",.,"A",.,"A"
"20103",2193585,34,0,"1",.,"A",.,"A",.,"A",.,"A",75,"D",.,"A",.,"A",.,"A",.,"A",0,"D",0,"D",15,"D",100,"D",0,"D",.,"A"
"20103",2193595,60,0,"1",.,"A",.,"A",.,"A",.,"A",.,"A",30,"D",.,"A",.,"A",.,"A",.,"A",.,"A",.,"A",40,"D",.,"A",.,"A"
"20103",2193605,43,0,"1",.,"A",.,"A",.,"A",.,"A",.,"A",.,"A",1300,"D",.,"A",.,"A",.,"A",.,"A",.,"A",150,"D",.,"A",.,"A"
"20103",2193615,87,0,"1",.,"A",.,"A",.,"A",.,"A",.,"A",.,"A",.,"A",.,"A",.,"A",.,"A",.,"A",.,"A",80,"D",.,"A",.,"A"
"20103",2193625,52,0,"1",.,"A",.,"A",.,"A",.,"A",.,"A",.,"A",.,"A",.,"A",.,"A",.,"A",.,"A",.,"A",200,"D",.,"A",.,"A"
"20103",2193635,59,0,"1",.,"A",.,"A",.,"A",.,"A",.,"A",.,"A",.,"A",.,"A",.,"A",.,"A",.,"A",.,"A",120,"D",.,"A",.,"A"
"20103",2193655,37,0,"1",.,"A",.,"A",.,"A",.,"A",.,"A",.,"A",3380,"D",.,"A",.,"A",.,"A",.,"A",.,"A",16,"D",.,"A",.,"A"
"20103",2193665,51,0,"1",.,"A",.,"A",.,"A",.,"A",.,"A",.,"A",.,"A",.,"A",.,"A",.,"A",.,"A",.,"A",.,"A",.,"A",.,"A"
"20103",2193685,39,0,"1",.,"A",.,"A",.,"A",.,"A",11,"D",.,"A",.,"A",.,"A",12,"D",0,"D",0,"D",42,"D",.,"A",0,"D",.,"A"
"20103",2193695,47,0,"1",.,"A",.,"A",.,"A",.,"A",.,"A",.,"A",.,"A",.,"A",.,"A",.,"A",.,"A",.,"A",120,"D",.,"A",.,"A"
"20103",2193715,64,0,"1",.,"A",.,"A",.,"A",.,"A",.,"A",55,"D",.,"A",.,"A",.,"A",.,"A",.,"A",.,"A",30,"D",.,"A",.,"A"
"20103",2193725,47,0,"1",.,"A",.,"A",.,"A",.,"A",.,"A",.,"A",.,"A",.,"A",.,"A",60,"D",0,"D",0,"D",60,"D",20,"D",.,"A"
"20103",2193785,51,0,"1",.,"A",.,"A",.,"A",.,"A",60,"D",.,"A",.,"A",.,"A",.,"A",.,"A",.,"A",.,"A",.,"A",.,"A",.,"A"
"20103",2193805,46,0,"1",.,"A",.,"A",.,"A",.,"A",.,"A",.,"A",819,"D",.,"A",.,"A",.,"A",.,"A",.,"A",.,"A",.,"A",.,"A"
"20103",2193815,65,0,"1",.,"A",.,"A",.,"A",240,"D",.,"A",330,"D",.,"A",.,"A",.,"A",0,"D",0,"D",60,"D",120,"D",0,"D",.,"A"
"20103",2193855,41,0,"1",.,"A",.,"A",.,"A",.,"A",.,"A",.,"A",.,"A",.,"A",.,"A",.,"A",.,"A",.,"A",50,"D",.,"A",.,"A"
"20103",2193965,39,0,"1",.,"A",.,"A",.,"A",.,"A",.,"A",.,"A",.,"A",.,"A",30,"D",.,"A",.,"A",.,"A",.,"A",.,"A",.,"A"
"20103",2194015,25,0,"1",.,"A",.,"A",.,"A",.,"A",.,"A",.,"A",.,"A",.,"A",.,"A",.,"A",.,"A",.,"A",.,"A",.,"A",.,"A"
"20103",2194045,35,0,"1",.,"A",.,"A",.,"A",.,"A",.,"A",.,"A",325,"D",.,"A",.,"A",.,"A",.,"A",.,"A",.,"A",.,"A",.,"A"
"20103",2194165,54,0,"1",.,"A",.,"A",.,"A",.,"A",.,"A",.,"A",650,"D",.,"A",.,"A",.,"A",.,"A",.,"A",600,"D",.,"A",.,"A"
"20103",2194225,50,0,"1",.,"A",.,"A",.,"A",.,"A",.,"A",.,"A",130,"F",.,"A",900,"D",.,"A",.,"A",.,"A",.,"A",.,"A",.,"A"
"20103",2194395,49,0,"1",.,"A",.,"A",.,"A",.,"A",.,"A",.,"A",.,"A",.,"A",60,"D",.,"A",.,"A",.,"A",39,"D",.,"A",.,"A"
"20103",2194435,55,0,"1",.,"A",.,"A",.,"A",.,"A",.,"A",.,"A",.,"A",.,"A",.,"A",.,"A",.,"A",.,"A",50,"D",.,"A",.,"A"
"20103",2194455,50,0,"1",.,"A",.,"A",.,"A",.,"A",.,"A",.,"A",.,"A",.,"A",.,"A",.,"A",.,"A",.,"A",.,"A",.,"A",.,"A"
"20103",2194575,58,0,"1",.,"A",.,"A",.,"A",.,"A",100,"D",.,"A",.,"A",455,"D",.,"A",.,"A",.,"A",.,"A",.,"A",.,"A",.,"A"
"20103",2194585,34,0,"1",.,"A",.,"A",.,"A",.,"A",.,"A",.,"A",1560,"D",.,"A",.,"A",.,"A",.,"A",.,"A",.,"A",.,"A",.,"A"
"20103",2194695,39,0,"1",.,"A",.,"A",.,"A",.,"A",.,"A",.,"A",.,"A",.,"A",.,"A",.,"A",.,"A",.,"A",65,"D",.,"A",.,"A"
"20103",2194775,64,0,"1",.,"A",.,"A",.,"A",.,"A",.,"A",.,"A",156,"D",.,"A",.,"A",.,"A",.,"A",.,"A",.,"A",.,"A",.,"A"
"20103",2194795,36,0,"1",.,"A",.,"A",.,"A",.,"A",.,"A",.,"A",.,"A",.,"A",.,"A",.,"A",.,"A",.,"A",60,"D",.,"A",.,"A"
"20103",2194845,30,0,"1",.,"A",.,"A",.,"A",.,"A",.,"A",.,"A",.,"A",.,"A",.,"A",.,"A",.,"A",.,"A",.,"A",.,"A",.,"A"
"20103",2194855,60,0,"1",.,"A",.,"A",.,"A",.,"A",.,"A",.,"A",.,"A",.,"A",.,"A",.,"A",.,"A",.,"A",125,"D",.,"A",.,"A"
"20103",2194875,32,0,"1",.,"A",.,"A",.,"A",.,"A",40,"D",.,"A",.,"A",.,"A",.,"A",.,"A",.,"A",.,"A",.,"A",.,"A",.,"A"
"20103",2194895,32,0,"1",.,"A",.,"A",.,"A",.,"A",.,"A",.,"A",260,"D",.,"A",.,"A",.,"A",.,"A",.,"A",.,"A",.,"A",.,"A"
"20103",2194975,38,0,"1",.,"A",.,"A",.,"A",.,"A",.,"A",.,"A",.,"A",.,"A",.,"A",.,"A",.,"A",.,"A",.,"A",.,"A",.,"A"
"20103",2195175,57,0,"1",.,"A",.,"A",.,"A",.,"A",.,"A",.,"A",.,"A",.,"A",12,"D",.,"A",.,"A",.,"A",.,"A",.,"A",.,"A"
"20103",2195325,55,0,"1",.,"A",.,"A",.,"A",.,"A",.,"A",.,"A",325,"D",.,"A",.,"A",.,"A",.,"A",.,"A",600,"D",.,"A",.,"A"
"20103",2195335,33,0,"1",.,"A",.,"A",.,"A",.,"A",.,"A",.,"A",.,"A",.,"A",.,"A",.,"A",.,"A",.,"A",60,"D",.,"A",.,"A"
"20103",2195355,32,0,"1",.,"A",.,"A",.,"A",.,"A",.,"A",.,"A",.,"A",.,"A",147,"D",.,"A",.,"A",.,"A",20,"D",.,"A",.,"A"
"20103",2195395,43,0,"1",.,"A",.,"A",.,"A",.,"A",84,"D",.,"A",.,"A",.,"A",.,"A",.,"A",.,"A",.,"A",.,"A",.,"A",.,"A"
"20103",2195465,42,0,"1",.,"A",.,"A",.,"A",.,"A",120,"D",.,"A",.,"A",.,"A",.,"A",.,"A",.,"A",.,"A",.,"A",.,"A",.,"A"
"20103",2195505,56,0,"1",.,"A",.,"A",.,"A",.,"A",90,"D",.,"A",.,"A",.,"A",.,"A",.,"A",.,"A",.,"A",.,"A",.,"A",.,"A"
"20103",2195585,47,0,"1",.,"A",.,"A",.,"A",.,"A",.,"A",.,"A",.,"A",.,"A",.,"A",.,"A",.,"A",.,"A",.,"A",.,"A",.,"A"
"20103",2195675,37,0,"1",.,"A",.,"A",.,"A",.,"A",.,"A",.,"A",.,"A",.,"A",.,"A",.,"A",.,"A",.,"A",.,"A",.,"A",.,"A"
"20103",2195805,35,0,"1",.,"A",.,"A",.,"A",.,"A",120,"D",.,"A",.,"A",.,"A",.,"A",.,"A",.,"A",.,"A",.,"A",.,"A",.,"A"
"20103",2195875,33,0,"1",10,"D",.,"A",.,"A",.,"A",20,"D",.,"A",.,"A",.,"A",.,"A",0,"D",0,"D",45,"D",16,"D",0,"D",.,"A"
"20103",2195935,48,0,"1",.,"A",.,"A",.,"A",.,"A",.,"A",.,"A",.,"A",.,"A",.,"A",.,"A",.,"A",.,"A",25,"D",.,"A",.,"A"
"20103",2196115,42,0,"1",.,"A",.,"A",.,"A",.,"A",.,"A",.,"A",.,"A",26,"D",.,"A",.,"A",.,"A",.,"A",.,"A",.,"A",.,"A"
"20103",2196125,35,0,"1",.,"A",.,"A",.,"A",.,"A",180,"D",.,"A",325,"D",65,"D",.,"A",.,"A",.,"A",.,"A",.,"A",.,"A",.,"A"
"20103",2196225,28,0,"1",.,"A",.,"A",.,"A",360,"D",42,"D",.,"A",.,"A",.,"A",.,"A",.,"A",.,"A",.,"A",.,"A",.,"A",.,"A"
"20103",2196235,54,0,"1",.,"A",.,"A",.,"A",.,"A",.,"A",.,"A",.,"A",.,"A",.,"A",.,"A",.,"A",.,"A",60,"D",.,"A",.,"A"
"20103",2196265,46,0,"1",.,"A",.,"A",.,"A",.,"A",.,"A",.,"A",325,"D",.,"A",.,"A",.,"A",.,"A",.,"A",100,"D",.,"A",.,"A"
"20103",2196315,64,0,"1",.,"A",.,"A",.,"A",.,"A",.,"A",.,"A",.,"A",.,"A",.,"A",.,"A",.,"A",.,"A",50,"D",.,"A",.,"A"
"20103",2196395,50,0,"1",.,"A",.,"A",.,"A",.,"A",.,"A",.,"A",.,"A",.,"A",.,"A",.,"A",.,"A",.,"A",.,"A",.,"A",.,"A"
"20103",2196445,25,0,"1",.,"A",.,"A",.,"A",.,"A",.,"A",.,"A",325,"D",.,"A",.,"A",.,"A",.,"A",.,"A",.,"A",.,"A",.,"A"
"20103",2196475,55,0,"1",.,"A",.,"A",.,"A",.,"A",.,"A",20,"D",.,"A",.,"A",.,"A",.,"A",.,"A",.,"A",80,"D",.,"A",.,"A"
"20103",2196485,29,0,"1",.,"A",.,"A",.,"A",.,"A",30,"D",.,"A",390,"D",.,"A",.,"A",6,"D",0,"D",6,"D",.,"A",2,"D",.,"A"
"20103",2196525,52,0,"1",.,"A",.,"A",.,"A",.,"A",20,"D",.,"A",.,"A",.,"A",30,"D",.,"A",.,"A",.,"A",150,"D",.,"A",.,"A"
"20103",2196665,41,0,"1",.,"A",.,"A",.,"A",.,"A",.,"A",.,"A",.,"A",.,"A",45,"D",0,"D",300,"D",0,"D",100,"D",0,"D",.,"A"
"20103",2196715,56,0,"1",.,"A",.,"A",.,"A",.,"A",.,"A",.,"A",.,"A",.,"A",.,"A",.,"A",.,"A",.,"A",60,"D",.,"A",.,"A"
"20103",2196725,72,0,"1",.,"A",.,"A",.,"A",.,"A",.,"A",.,"A",.,"A",.,"A",.,"A",.,"A",.,"A",.,"A",.,"A",.,"A",.,"A"
"20103",2196775,49,0,"1",.,"A",.,"A",.,"A",.,"A",.,"A",.,"A",65,"D",65,"D",.,"A",.,"A",.,"A",.,"A",90,"D",.,"A",.,"A"
"20103",2196805,41,0,"1",.,"A",.,"A",.,"A",.,"A",.,"A",.,"A",.,"A",.,"A",.,"A",.,"A",.,"A",.,"A",.,"A",.,"A",.,"A"
"20103",2196825,63,0,"1",.,"A",.,"A",.,"A",.,"A",.,"A",.,"A",.,"A",.,"A",60,"D",.,"A",.,"A",.,"A",.,"A",.,"A",.,"A"
"20103",2196865,62,0,"1",.,"A",.,"A",.,"A",.,"A",.,"A",.,"A",.,"A",.,"A",.,"A",.,"A",.,"A",.,"A",160,"D",.,"A",.,"A"
"20103",2196885,64,0,"1",.,"A",.,"A",.,"A",.,"A",.,"A",210,"D",.,"A",.,"A",.,"A",.,"A",.,"A",.,"A",40,"F",.,"A",.,"A"
"20103",2196895,52,0,"1",.,"A",.,"A",.,"A",.,"A",.,"A",.,"A",130,"D",.,"A",.,"A",.,"A",.,"A",.,"A",.,"A",.,"A",.,"A"
"20103",2196985,54,0,"1",.,"A",.,"A",.,"A",.,"A",.,"A",.,"A",.,"A",.,"A",0,"D",.,"A",.,"A",.,"A",10,"D",.,"A",.,"A"
"20103",2197095,58,0,"1",.,"A",.,"A",.,"A",.,"A",.,"A",.,"A",.,"A",.,"A",.,"A",.,"A",.,"A",.,"A",50,"D",.,"A",.,"A"
"20103",2197225,51,0,"1",.,"A",.,"A",.,"A",.,"A",120,"D",.,"A",.,"A",.,"A",.,"A",150,"D",0,"D",0,"D",.,"A",50,"D",90,"D"
"20103",2197235,35,0,"1",.,"A",.,"A",.,"A",300,"D",.,"A",.,"A",.,"A",.,"A",.,"A",.,"A",.,"A",.,"A",600,"D",.,"A",.,"A"
"20103",2197275,45,0,"1",.,"A",.,"A",24,"D",.,"A",.,"A",.,"A",.,"A",.,"A",.,"A",.,"A",.,"A",.,"A",.,"A",.,"A",.,"A"
"20103",2197315,41,0,"1",.,"A",.,"A",.,"A",.,"A",30,"D",.,"A",325,"D",.,"A",.,"A",.,"A",.,"A",.,"A",15,"D",.,"A",.,"A"
"20103",2197375,46,0,"1",.,"A",.,"A",.,"A",.,"A",.,"A",.,"A",.,"A",.,"A",.,"A",.,"A",.,"A",.,"A",18,"D",.,"A",.,"A"
"20103",2197435,36,0,"1",.,"A",.,"A",.,"A",.,"A",150,"D",.,"A",.,"A",.,"A",.,"A",.,"A",.,"A",.,"A",.,"A",.,"A",.,"A"
"20103",2197585,24,0,"1",.,"A",.,"A",.,"A",.,"A",9,"D",.,"A",65,"D",.,"A",.,"A",0,"D",0,"D",24,"D",.,"A",0,"D",.,"A"
"20103",2197595,40,0,"1",.,"A",.,"A",.,"A",.,"A",.,"A",.,"A",.,"A",.,"A",.,"A",600,"D",0,"D",0,"D",50,"D",200,"D",.,"A"
"20103",2197685,30,0,"1",.,"A",.,"A",.,"A",.,"A",.,"A",.,"A",.,"A",.,"A",.,"A",.,"A",.,"A",.,"A",.,"A",.,"A",.,"A"
"20103",2197755,24,0,"1",.,"A",.,"A",.,"A",.,"A",100,"D",.,"A",195,"D",195,"D",.,"A",0,"D",0,"D",75,"D",18,"D",0,"D",.,"A"
"20103",2197785,25,0,"1",.,"A",.,"A",.,"A",.,"A",.,"A",.,"A",.,"A",.,"A",.,"A",.,"A",.,"A",.,"A",.,"A",.,"A",.,"A"
"20103",2197885,65,0,"1",.,"A",.,"A",.,"A",.,"A",.,"A",.,"A",.,"A",.,"A",.,"A",.,"A",.,"A",.,"A",45,"D",.,"A",.,"A"
"20103",2197925,32,0,"1",.,"A",.,"A",.,"A",.,"A",.,"A",.,"A",.,"A",.,"A",36,"D",.,"A",.,"A",.,"A",.,"A",.,"A",.,"A"
"20103",2197965,36,0,"1",.,"A",.,"A",.,"A",.,"A",.,"A",.,"A",.,"A",.,"A",.,"A",.,"A",.,"A",.,"A",140,"D",.,"A",.,"A"
"20103",2198174,47,0,"1",.,"A",.,"A",.,"A",.,"A",.,"A",.,"A",.,"A",.,"A",.,"A",.,"A",.,"A",.,"A",.,"A",.,"A",.,"A"
"20103",2198184,40,0,"1",.,"A",.,"A",.,"A",.,"A",.,"A",.,"A",.,"A",.,"A",.,"A",0,"D",0,"D",30,"D",50,"D",0,"D",.,"A"
"20103",2198214,61,0,"1",.,"A",.,"A",.,"A",.,"A",.,"A",.,"A",.,"A",.,"A",.,"A",.,"A",.,"A",.,"A",90,"D",.,"A",.,"A"
"20103",2198224,71,0,"1",.,"A",.,"A",.,"A",.,"A",.,"A",.,"A",.,"A",.,"A",.,"A",.,"A",.,"A",.,"A",15,"D",.,"A",.,"A"
"20103",2198234,87,0,"1",.,"A",.,"A",.,"A",.,"A",.,"A",.,"A",.,"A",.,"A",21,"D",.,"A",.,"A",.,"A",90,"D",.,"A",.,"A"
"20103",2198254,40,0,"1",.,"A",.,"A",.,"A",.,"A",.,"A",.,"A",65,"D",.,"A",.,"A",.,"A",.,"A",.,"A",35,"D",.,"A",.,"A"
"20103",2198264,35,0,"1",.,"A",.,"A",.,"A",.,"A",.,"A",25,"D",.,"A",.,"A",.,"A",255,"D",0,"D",0,"D",45,"D",85,"D",.,"A"
"20103",2198274,35,0,"1",.,"A",.,"A",.,"A",.,"A",.,"A",.,"A",.,"A",.,"A",.,"A",.,"A",.,"A",.,"A",100,"D",.,"A",.,"A"
"20103",2198304,46,0,"1",.,"A",.,"A",.,"A",.,"A",.,"A",.,"A",.,"A",.,"A",.,"A",.,"A",.,"A",.,"A",200,"D",.,"A",.,"A"
"20103",2198314,44,0,"1",.,"A",.,"A",.,"A",.,"A",.,"A",.,"A",.,"A",.,"A",.,"A",.,"A",.,"A",.,"A",160,"D",.,"A",.,"A"
"20103",2198344,31,0,"1",.,"A",.,"A",.,"A",.,"A",40,"D",.,"A",351,"D",.,"A",.,"A",.,"A",.,"A",.,"A",.,"A",.,"A",.,"A"
"20103",2198354,43,0,"1",.,"A",.,"A",.,"A",.,"A",.,"A",.,"A",.,"A",.,"A",.,"A",240,"D",0,"D",0,"D",120,"D",80,"D",.,"A"
"20103",2198364,57,0,"1",.,"A",.,"A",.,"A",.,"A",30,"D",.,"A",.,"A",.,"A",.,"A",.,"A",.,"A",.,"A",10,"D",.,"A",.,"A"
"20103",2198384,46,0,"1",.,"A",.,"A",.,"A",.,"A",.,"A",.,"A",.,"A",.,"A",.,"A",.,"A",.,"A",.,"A",60,"D",.,"A",.,"A"
"20103",2198394,53,0,"1",.,"A",.,"A",.,"A",.,"A",25,"D",40,"D",.,"A",.,"A",15,"D",.,"A",.,"A",.,"A",60,"D",.,"A",.,"A"
"20103",2198404,38,0,"1",.,"A",.,"A",.,"A",.,"A",.,"A",.,"A",.,"A",.,"A",.,"A",.,"A",.,"A",.,"A",.,"A",.,"A",.,"A"
"20103",2198414,59,0,"1",.,"A",.,"A",.,"A",.,"A",.,"A",.,"A",.,"A",.,"A",.,"A",.,"A",.,"A",.,"A",.,"A",.,"A",.,"A"
"20103",2198424,60,0,"1",.,"A",40,"D",.,"A",.,"A",.,"A",0,"D",195,"D",.,"A",.,"A",.,"A",.,"A",.,"A",120,"D",.,"A",.,"A"
"20103",2198434,47,0,"1",.,"A",.,"A",.,"A",.,"A",.,"A",.,"A",.,"A",.,"A",.,"A",.,"A",.,"A",.,"A",195,"D",.,"A",.,"A"
"20103",2198444,42,0,"1",.,"A",.,"A",.,"A",.,"A",.,"A",.,"A",.,"A",.,"A",.,"A",.,"A",.,"A",.,"A",230,"F",.,"A",.,"A"
"20103",2198454,63,0,"1",.,"A",.,"A",25,"D",.,"A",.,"A",.,"A",.,"A",.,"A",.,"A",.,"A",.,"A",.,"A",40,"D",.,"A",.,"A"
"20103",2198464,43,0,"1",.,"A",.,"A",.,"A",.,"A",.,"A",.,"A",260,"D",.,"A",.,"A",.,"A",.,"A",.,"A",.,"A",.,"A",.,"A"
"20103",2198484,34,0,"1",.,"A",.,"A",.,"A",.,"A",.,"A",.,"A",.,"A",.,"A",.,"A",.,"A",.,"A",.,"A",20,"D",.,"A",.,"A"
"20103",2198494,54,0,"1",.,"A",.,"A",.,"A",.,"A",.,"A",.,"A",.,"A",.,"A",.,"A",.,"A",.,"A",.,"A",.,"A",.,"A",.,"A"
"20103",2198514,48,0,"1",.,"A",.,"A",.,"A",.,"A",.,"A",.,"A",.,"A",.,"A",.,"A",.,"A",.,"A",.,"A",90,"D",.,"A",.,"A"
"20103",2198524,80,0,"1",.,"A",50,"D",.,"A",.,"A",.,"A",50,"D",.,"A",.,"A",30,"D",.,"A",.,"A",.,"A",420,"D",.,"A",.,"A"
"20103",2198534,57,0,"1",.,"A",.,"A",.,"A",.,"A",.,"A",.,"A",.,"A",.,"A",.,"A",.,"A",.,"A",.,"A",50,"D",.,"A",.,"A"
"20103",2198544,45,0,"1",.,"A",.,"A",.,"A",.,"A",.,"A",.,"A",.,"A",.,"A",.,"A",.,"A",.,"A",.,"A",25,"D",.,"A",.,"A"
"20103",2198564,68,0,"1",.,"A",.,"A",.,"A",.,"A",.,"A",.,"A",.,"A",.,"A",.,"A",.,"A",.,"A",.,"A",20,"D",.,"A",.,"A"
"20103",2198574,39,0,"1",.,"A",.,"A",.,"A",.,"A",.,"A",.,"A",.,"A",.,"A",.,"A",.,"A",.,"A",.,"A",120,"D",.,"A",.,"A"
"20103",2198584,45,0,"1",.,"A",.,"A",.,"A",.,"A",.,"A",.,"A",.,"A",.,"A",.,"A",.,"A",.,"A",.,"A",90,"D",.,"A",.,"A"
"20103",2198604,36,0,"1",.,"A",.,"A",.,"A",.,"A",.,"A",.,"A",.,"A",.,"A",.,"A",.,"A",.,"A",.,"A",.,"A",.,"A",.,"A"
"20103",2198614,32,0,"1",.,"A",.,"A",.,"A",.,"A",.,"A",40,"D",390,"D",.,"A",.,"A",0,"D",0,"D",198,"D",.,"A",0,"D",.,"A"
"20103",2198625,86,0,"1",.,"A",.,"A",.,"A",.,"A",.,"A",.,"A",.,"A",.,"A",.,"A",.,"A",.,"A",.,"A",424,"D",.,"A",.,"A"
"20103",2198634,96,0,"1",.,"A",.,"A",.,"A",.,"A",.,"A",.,"A",.,"A",.,"A",.,"A",.,"A",.,"A",.,"A",13,"D",.,"A",.,"A"
"20103",2198654,60,0,"1",.,"A",.,"A",.,"A",.,"A",.,"A",.,"A",234,"D",.,"A",.,"A",.,"A",.,"A",.,"A",60,"D",.,"A",.,"A"
"20103",2198664,34,0,"1",20,"D",.,"A",.,"A",150,"D",40,"D",.,"A",.,"A",.,"A",.,"A",255,"D",0,"D",0,"D",15,"F",85,"D",260,"D"
"20103",2198744,58,0,"1",.,"A",.,"A",.,"A",.,"A",.,"A",.,"A",.,"A",.,"A",.,"A",.,"A",.,"A",.,"A",80,"D",.,"A",.,"A"
"20103",2198754,64,0,"1",.,"A",.,"A",.,"A",.,"A",.,"A",150,"D",.,"A",.,"A",.,"A",.,"A",.,"A",.,"A",300,"D",.,"A",.,"A"
"20103",2198764,31,0,"1",.,"A",.,"A",.,"A",.,"A",.,"A",.,"A",.,"A",.,"A",.,"A",.,"A",.,"A",.,"A",.,"A",.,"A",.,"A"
"20103",2198774,23,0,"1",.,"A",.,"A",.,"A",.,"A",.,"A",.,"A",260,"D",.,"A",.,"A",.,"A",.,"A",.,"A",.,"A",.,"A",.,"A"
"20103",2198784,79,0,"1",.,"A",.,"A",.,"A",.,"A",.,"A",.,"A",.,"A",.,"A",24,"D",0,"D",0,"D",18,"D",60,"D",0,"D",.,"A"
"20103",2198804,38,0,"1",.,"A",.,"A",.,"A",.,"A",.,"A",.,"A",130,"D",.,"A",.,"A",.,"A",.,"A",.,"A",.,"A",.,"A",.,"A"
"20103",2198814,53,0,"1",.,"A",.,"A",.,"A",.,"A",.,"A",.,"A",.,"A",.,"A",.,"A",.,"A",.,"A",.,"A",90,"D",.,"A",.,"A"
"20103",2198824,55,0,"1",.,"A",.,"A",.,"A",.,"A",.,"A",.,"A",.,"A",.,"A",.,"A",.,"A",.,"A",.,"A",.,"A",.,"A",.,"A"
"20103",2198834,40,0,"1",35,"D",.,"A",.,"A",.,"A",125,"D",100,"D",.,"A",.,"A",.,"A",0,"D",0,"D",0,"D",150,"D",0,"D",.,"A"
"20103",2198874,49,0,"1",.,"A",.,"A",.,"A",.,"A",.,"A",.,"A",1326,"D",.,"A",.,"A",.,"A",.,"A",.,"A",135,"D",.,"A",.,"A"
"20103",2198884,51,0,"1",.,"A",.,"A",.,"A",.,"A",.,"A",.,"A",.,"A",.,"A",.,"A",.,"A",.,"A",.,"A",40,"D",.,"A",.,"A"
"20103",2198894,27,0,"1",.,"A",.,"A",.,"A",.,"A",.,"A",.,"A",.,"A",.,"A",.,"A",.,"A",.,"A",.,"A",.,"A",.,"A",.,"A"
"20103",2198904,23,0,"1",.,"A",.,"A",.,"A",.,"A",3,"D",.,"A",.,"A",.,"A",.,"A",.,"A",.,"A",.,"A",10,"D",.,"A",.,"A"
"20103",2198914,24,0,"1",.,"A",.,"A",.,"A",.,"A",.,"A",.,"A",.,"A",.,"A",.,"A",.,"A",.,"A",.,"A",.,"A",.,"A",.,"A"
"20103",2198954,44,0,"1",.,"A",.,"A",.,"A",.,"A",.,"A",.,"A",.,"A",.,"A",.,"A",.,"A",.,"A",.,"A",270,"D",.,"A",.,"A"
"20103",2198964,49,0,"1",.,"A",20,"D",.,"A",.,"A",.,"A",30,"D",.,"A",.,"A",.,"A",.,"A",.,"A",.,"A",300,"D",.,"A",.,"A"
"20103",2198994,53,0,"1",.,"A",.,"A",.,"A",.,"A",.,"A",.,"A",325,"D",.,"A",.,"A",.,"A",.,"A",.,"A",10,"D",.,"A",.,"A"
"20103",2199004,29,0,"1",.,"A",.,"A",.,"A",.,"A",.,"A",.,"A",.,"A",.,"A",.,"A",.,"A",.,"A",.,"A",.,"A",.,"A",.,"A"
"20103",2199014,54,0,"1",.,"A",.,"A",.,"A",.,"A",.,"A",.,"A",.,"A",.,"A",.,"A",.,"A",.,"A",.,"A",.,"A",.,"A",.,"A"
"20103",2199024,56,0,"1",.,"A",.,"A",.,"A",.,"A",.,"A",.,"A",.,"A",.,"A",.,"A",.,"A",.,"A",.,"A",.,"A",.,"A",.,"A"
"20103",2199034,50,0,"1",.,"A",.,"A",.,"A",.,"A",.,"A",.,"A",.,"A",.,"A",9,"D",.,"A",.,"A",.,"A",16,"D",.,"A",.,"A"
"20103",2199044,27,0,"1",15,"D",.,"A",.,"A",.,"A",75,"D",.,"A",65,"D",.,"A",.,"A",.,"A",.,"A",.,"A",.,"A",.,"A",.,"A"
"20103",2199084,51,0,"1",.,"A",.,"A",.,"A",.,"A",.,"A",.,"A",.,"A",.,"A",.,"A",.,"A",.,"A",.,"A",120,"D",.,"A",.,"A"
"20103",2199094,29,0,"1",.,"A",.,"A",.,"A",.,"A",.,"A",.,"A",.,"A",.,"A",.,"A",.,"A",.,"A",.,"A",.,"A",.,"A",.,"A"
"20103",2199114,67,0,"1",.,"A",.,"A",.,"A",.,"A",.,"A",.,"A",52,"D",442,"D",.,"A",.,"A",.,"A",.,"A",.,"A",.,"A",.,"A"
"20103",2199124,80,0,"1",.,"A",.,"A",.,"A",.,"A",.,"A",.,"A",.,"A",.,"A",12,"D",.,"A",.,"A",.,"A",174,"D",.,"A",.,"A"
"20103",2199134,79,0,"1",.,"A",.,"A",.,"A",.,"A",.,"A",.,"A",520,"D",.,"A",.,"A",.,"A",.,"A",.,"A",40,"D",.,"A",.,"A"
"20103",2199144,42,0,"1",.,"A",.,"A",.,"A",.,"A",40,"D",.,"A",.,"A",.,"A",.,"A",.,"A",.,"A",.,"A",180,"D",.,"A",.,"A"
"20103",2199164,39,0,"1",.,"A",.,"A",.,"A",.,"A",80,"D",.,"A",.,"A",.,"A",39,"D",.,"A",.,"A",.,"A",.,"A",.,"A",.,"A"
"20103",2199194,67,0,"1",.,"A",.,"A",.,"A",.,"A",.,"A",25,"D",156,"D",.,"A",9,"D",.,"A",.,"A",.,"A",44,"D",.,"A",.,"A"
"20103",2199204,35,0,"1",.,"A",.,"A",.,"A",.,"A",120,"D",.,"A",.,"A",.,"A",.,"A",486,"D",0,"D",0,"D",35,"D",162,"D",.,"A"
"20103",2199214,47,0,"1",.,"A",.,"A",24,"D",.,"A",.,"A",.,"A",.,"A",.,"A",.,"A",.,"A",.,"A",.,"A",15,"D",.,"A",.,"A"
"20103",2199244,38,0,"1",.,"A",.,"A",.,"A",.,"A",.,"A",.,"A",195,"D",.,"A",.,"A",.,"A",.,"A",.,"A",50,"D",.,"A",.,"A"
"20103",2199264,61,0,"1",.,"A",.,"A",.,"A",.,"A",.,"A",.,"A",.,"A",.,"A",.,"A",.,"A",.,"A",.,"A",192,"D",.,"A",.,"A"
"20103",2199274,88,0,"1",.,"A",.,"A",.,"A",.,"A",.,"A",8,"D",.,"A",.,"A",.,"A",.,"A",.,"A",.,"A",171,"D",.,"A",.,"A"
"20103",2199294,55,0,"1",.,"A",.,"A",.,"A",.,"A",.,"A",.,"A",.,"A",.,"A",.,"A",60,"D",0,"D",0,"D",20,"D",20,"D",.,"A"
"20103",2199304,26,0,"1",.,"A",.,"A",.,"A",.,"A",.,"A",.,"A",390,"D",.,"A",.,"A",.,"A",.,"A",.,"A",.,"A",.,"A",.,"A"
"20103",2199314,43,0,"1",.,"A",.,"A",.,"A",.,"A",.,"A",.,"A",.,"A",.,"A",.,"A",.,"A",.,"A",.,"A",.,"A",.,"A",.,"A"
"20103",2199324,35,0,"1",.,"A",.,"A",.,"A",.,"A",.,"A",.,"A",.,"A",.,"A",.,"A",.,"A",.,"A",.,"A",.,"A",.,"A",.,"A"
"20103",2199344,38,0,"1",.,"A",.,"A",.,"A",.,"A",.,"A",.,"A",.,"A",.,"A",.,"A",.,"A",.,"A",.,"A",.,"A",.,"A",.,"A"
"20103",2199354,79,0,"1",.,"A",.,"A",12,"D",.,"A",.,"A",106,"D",.,"A",.,"A",.,"A",.,"A",.,"A",.,"A",115,"D",.,"A",.,"A"
"20103",2199415,76,0,"1",.,"A",.,"A",.,"A",.,"A",.,"A",50,"D",.,"A",.,"A",.,"A",.,"A",.,"A",.,"A",70,"D",.,"A",.,"A"
"20103",2199434,33,0,"1",10,"D",.,"A",.,"A",.,"A",30,"D",.,"A",.,"A",.,"A",.,"A",.,"A",.,"A",.,"A",.,"A",.,"A",.,"A"
"20103",2199464,25,0,"1",30,"D",.,"A",.,"A",.,"A",30,"D",.,"A",.,"A",.,"A",.,"A",.,"A",.,"A",.,"A",45,"D",.,"A",.,"A"
"20103",2199474,57,0,"1",.,"A",.,"A",.,"A",.,"A",.,"A",.,"A",.,"A",.,"A",.,"A",.,"A",.,"A",.,"A",300,"D",.,"A",.,"A"
"20103",2199484,61,0,"1",.,"A",.,"A",.,"A",.,"A",.,"A",.,"A",.,"A",.,"A",.,"A",.,"A",.,"A",.,"A",.,"A",.,"A",.,"A"
"20103",2199494,28,0,"1",.,"A",.,"A",.,"A",.,"A",5,"D",.,"A",.,"A",.,"A",.,"A",.,"A",.,"A",.,"A",.,"A",.,"A",.,"A"
"20103",2199524,60,0,"1",.,"A",.,"A",.,"A",.,"A",.,"A",.,"A",.,"A",.,"A",.,"A",.,"A",.,"A",.,"A",100,"D",.,"A",.,"A"
"20103",2199534,74,0,"1",.,"A",.,"A",.,"A",.,"A",.,"A",.,"A",.,"A",.,"A",24,"D",.,"A",.,"A",.,"A",120,"D",.,"A",.,"A"
"20103",2199554,80,0,"1",.,"A",.,"A",.,"A",.,"A",.,"A",.,"A",.,"A",.,"A",.,"A",.,"A",.,"A",.,"A",50,"D",.,"A",.,"A"
"20103",2199564,58,0,"1",.,"A",.,"A",.,"A",.,"A",.,"A",.,"A",.,"A",.,"A",.,"A",.,"A",.,"A",.,"A",.,"A",.,"A",.,"A"
"20103",2199574,48,0,"1",.,"A",.,"A",.,"A",.,"A",.,"A",.,"A",494,"D",.,"A",.,"A",.,"A",.,"A",.,"A",100,"D",.,"A",.,"A"
"20103",2199584,71,0,"1",.,"A",.,"A",.,"A",.,"A",.,"A",.,"A",.,"A",.,"A",.,"A",0,"D",0,"D",12,"D",150,"D",0,"D",.,"A"
"20103",2199594,42,0,"1",.,"A",.,"A",.,"A",20,"D",.,"A",.,"A",.,"A",.,"A",.,"A",.,"A",.,"A",.,"A",.,"A",.,"A",.,"A"
"20103",2199604,29,0,"1",.,"A",.,"A",.,"A",.,"A",.,"A",.,"A",.,"A",.,"A",.,"A",.,"A",.,"A",.,"A",.,"A",.,"A",.,"A"
"20103",2199624,70,0,"1",.,"A",.,"A",.,"A",.,"A",.,"A",.,"A",.,"A",.,"A",.,"A",.,"A",.,"A",.,"A",90,"D",.,"A",.,"A"
"20103",2199634,38,0,"1",.,"A",.,"A",.,"A",60,"D",18,"D",.,"A",.,"A",.,"A",.,"A",0,"D",0,"D",120,"D",.,"A",0,"D",.,"A"
"20103",2199644,24,0,"1",.,"A",.,"A",.,"A",.,"A",.,"A",.,"A",.,"A",.,"A",.,"A",.,"A",.,"A",.,"A",.,"A",.,"A",.,"A"
"20103",2199654,41,0,"1",.,"A",.,"A",.,"A",.,"A",.,"A",.,"A",.,"A",.,"A",.,"A",.,"A",.,"A",.,"A",.,"A",.,"A",.,"A"
"20103",2199664,77,0,"1",.,"A",.,"A",.,"A",.,"A",.,"A",.,"A",.,"A",.,"A",3,"D",.,"A",.,"A",.,"A",.,"A",.,"A",.,"A"
"20103",2199674,88,0,"1",.,"A",70,"D",1,"F",.,"A",.,"A",0,"D",.,"A",.,"A",.,"A",.,"A",.,"A",.,"A",150,"D",.,"A",.,"A"
"20103",2199684,58,0,"1",.,"A",.,"A",.,"A",.,"A",.,"A",.,"A",.,"A",.,"A",.,"A",.,"A",.,"A",.,"A",210,"D",.,"A",.,"A"
"20103",2199724,47,0,"1",.,"A",.,"A",.,"A",.,"A",.,"A",.,"A",260,"D",.,"A",.,"A",.,"A",.,"A",.,"A",200,"D",.,"A",.,"A"
"20103",2199734,40,0,"1",.,"A",.,"A",.,"A",.,"A",.,"A",.,"A",247,"D",.,"A",.,"A",.,"A",.,"A",.,"A",.,"A",.,"A",.,"A"
"20103",2199744,53,0,"1",.,"A",.,"A",.,"A",.,"A",.,"A",.,"A",.,"A",.,"A",.,"A",.,"A",.,"A",.,"A",410,"D",.,"A",.,"A"
"20103",2199754,76,0,"1",.,"A",.,"A",65,"D",.,"A",.,"A",29,"D",.,"A",.,"A",.,"A",111,"D",6,"D",6,"D",56,"D",37,"D",90,"D"
"20103",2199785,54,0,"1",.,"A",.,"A",.,"A",.,"A",.,"A",80,"D",.,"A",.,"A",.,"A",600,"D",0,"D",0,"D",60,"D",200,"D",.,"A"
"20103",2199794,28,0,"1",.,"A",.,"A",.,"A",.,"A",.,"A",.,"A",.,"A",.,"A",.,"A",.,"A",.,"A",.,"A",.,"A",.,"A",.,"A"
"20103",2199814,44,0,"1",12,"D",.,"A",.,"A",.,"A",0,"D",.,"A",.,"A",.,"A",.,"A",.,"A",.,"A",.,"A",45,"D",.,"A",.,"A"
"20103",2199824,86,0,"1",.,"A",.,"A",.,"A",.,"A",.,"A",145,"D",.,"A",.,"A",60,"D",.,"A",.,"A",.,"A",195,"D",.,"A",.,"A"
"20103",2199834,103,0,"1",.,"A",.,"A",.,"A",.,"A",.,"A",.,"A",780,"D",.,"A",30,"D",.,"A",.,"A",.,"A",60,"D",.,"A",.,"A"
"20103",2199844,60,0,"1",.,"A",.,"A",.,"A",.,"A",70,"D",.,"A",.,"A",.,"A",15,"D",.,"A",.,"A",.,"A",.,"A",.,"A",.,"A"
"20103",2199854,49,0,"1",.,"A",.,"A",.,"A",.,"A",.,"A",.,"A",.,"A",.,"A",.,"A",.,"A",.,"A",.,"A",45,"D",.,"A",.,"A"
"20103",2199864,31,0,"1",.,"A",.,"A",.,"A",.,"A",.,"A",.,"A",.,"A",.,"A",.,"A",.,"A",.,"A",.,"A",.,"A",.,"A",.,"A"
"20103",2199874,42,0,"1",.,"A",.,"A",.,"A",.,"A",.,"A",.,"A",.,"A",.,"A",.,"A",.,"A",.,"A",.,"A",.,"A",.,"A",.,"A"
"20103",2199884,64,0,"1",.,"A",.,"A",.,"A",.,"A",.,"A",.,"A",.,"A",130,"D",.,"A",12,"D",0,"D",12,"D",.,"A",4,"D",.,"A"
"20103",2199894,60,0,"1",.,"A",.,"A",.,"A",.,"A",.,"A",.,"A",.,"A",.,"A",.,"A",.,"A",.,"A",.,"A",40,"D",.,"A",.,"A"
"20103",2199904,55,0,"1",.,"A",.,"A",.,"A",.,"A",.,"A",.,"A",.,"A",.,"A",15,"D",.,"A",.,"A",.,"A",140,"D",.,"A",.,"A"
"20103",2199914,66,0,"1",.,"A",.,"A",.,"A",.,"A",.,"A",.,"A",.,"A",.,"A",.,"A",.,"A",.,"A",.,"A",300,"D",.,"A",.,"A"
"20103",2199924,69,0,"1",.,"A",.,"A",.,"A",.,"A",.,"A",90,"D",.,"A",.,"A",.,"A",.,"A",.,"A",.,"A",180,"D",.,"A",.,"A"
"20103",2199934,50,0,"1",.,"A",.,"A",.,"A",.,"A",.,"A",.,"A",.,"A",65,"D",.,"A",.,"A",.,"A",.,"A",100,"D",.,"A",.,"A"
"20103",2199944,68,0,"1",.,"A",.,"A",.,"A",.,"A",.,"A",.,"A",.,"A",91,"D",36,"D",.,"A",.,"A",.,"A",100,"D",.,"A",.,"A"
"20103",2199964,41,0,"1",.,"A",.,"A",.,"A",.,"A",.,"A",.,"A",.,"A",26,"F",.,"A",.,"A",.,"A",.,"A",.,"A",.,"A",.,"A"
"20103",2200004,43,0,"1",.,"A",.,"A",.,"A",.,"A",.,"A",.,"A",.,"A",.,"A",0,"D",.,"A",.,"A",.,"A",.,"A",.,"A",.,"A"
"20103",2200014,69,0,"1",.,"A",.,"A",.,"A",.,"A",.,"A",.,"A",.,"A",.,"A",.,"A",.,"A",.,"A",.,"A",765,"D",.,"A",.,"A"
"20103",2200024,52,0,"1",.,"A",.,"A",.,"A",.,"A",.,"A",.,"A",.,"A",.,"A",.,"A",.,"A",.,"A",.,"A",15,"D",.,"A",.,"A"
"20103",2200034,56,0,"1",.,"A",.,"A",.,"A",.,"A",.,"A",.,"A",.,"A",.,"A",.,"A",.,"A",.,"A",.,"A",258,"D",.,"A",.,"A"
"20103",2200044,46,0,"1",.,"A",.,"A",.,"A",.,"A",.,"A",.,"A",910,"D",.,"A",.,"A",.,"A",.,"A",.,"A",.,"A",.,"A",.,"A"
"20103",2200054,65,0,"1",.,"A",.,"A",.,"A",.,"A",.,"A",.,"A",.,"A",.,"A",18,"D",.,"A",.,"A",.,"A",24,"D",.,"A",.,"A"
"20103",2200074,39,0,"1",.,"A",.,"A",.,"A",.,"A",.,"A",.,"A",.,"A",.,"A",.,"A",.,"A",.,"A",.,"A",90,"D",.,"A",.,"A"
"20103",2200084,36,0,"1",.,"A",.,"A",.,"A",.,"A",.,"A",.,"A",.,"A",.,"A",.,"A",.,"A",.,"A",.,"A",.,"A",.,"A",.,"A"
"20103",2200094,27,0,"1",.,"A",.,"A",.,"A",.,"A",120,"D",.,"A",.,"A",.,"A",.,"A",0,"D",0,"D",126,"D",28,"D",0,"D",.,"A"
"20103",2200114,40,0,"1",.,"A",.,"A",.,"A",.,"A",20,"D",.,"A",.,"A",.,"A",.,"A",.,"A",.,"A",.,"A",120,"D",.,"A",.,"A"
"20103",2200124,92,0,"1",.,"A",.,"A",1,"D",.,"A",.,"A",300,"D",.,"A",.,"A",60,"D",0,"D",78,"D",0,"D",200,"D",0,"D",.,"A"
"20103",2200134,29,0,"1",.,"A",.,"A",.,"A",.,"A",.,"A",.,"A",.,"A",.,"A",.,"A",.,"A",.,"A",.,"A",.,"A",.,"A",.,"A"
"20103",2200144,48,0,"1",.,"A",.,"A",.,"A",.,"A",.,"A",.,"A",.,"A",.,"A",.,"A",.,"A",.,"A",.,"A",.,"A",.,"A",.,"A"
"20103",2200154,30,0,"1",.,"A",.,"A",.,"A",.,"A",.,"A",.,"A",.,"A",260,"D",.,"A",.,"A",.,"A",.,"A",.,"A",.,"A",.,"A"
"20103",2200164,58,0,"1",.,"A",.,"A",15,"D",.,"A",.,"A",30,"D",.,"A",.,"A",.,"A",.,"A",.,"A",.,"A",215,"D",.,"A",.,"A"
"20103",2200184,40,0,"1",.,"A",.,"A",.,"A",.,"A",.,"A",.,"A",130,"D",.,"A",.,"A",.,"A",.,"A",.,"A",.,"A",.,"A",.,"A"
"20103",2200194,32,0,"1",.,"A",.,"A",.,"A",150,"D",60,"D",150,"D",.,"A",.,"A",.,"A",0,"D",0,"D",270,"D",60,"D",0,"D",.,"A"
"20103",2200214,60,0,"1",.,"A",.,"A",.,"A",60,"D",.,"A",.,"A",.,"A",.,"A",.,"A",234,"D",0,"D",0,"D",35,"D",78,"D",.,"A"
"20103",2200224,54,0,"1",.,"A",.,"A",.,"A",.,"A",.,"A",.,"A",.,"A",.,"A",.,"A",.,"A",.,"A",.,"A",115,"D",.,"A",.,"A"
"20103",2200234,27,0,"1",.,"A",.,"A",.,"A",.,"A",.,"A",.,"A",130,"D",.,"A",.,"A",240,"D",0,"D",0,"D",.,"A",80,"D",.,"A"
"20103",2200244,55,0,"1",.,"A",.,"A",.,"A",100,"D",.,"A",240,"D",.,"A",.,"A",.,"A",258,"D",0,"D",0,"D",.,"A",86,"D",.,"A"
"20103",2200254,43,0,"1",.,"A",.,"A",.,"A",.,"A",.,"A",.,"A",.,"A",.,"A",.,"A",.,"A",.,"A",.,"A",50,"D",.,"A",.,"A"
"20103",2200264,27,0,"1",.,"A",.,"A",.,"A",.,"A",.,"A",.,"A",.,"A",.,"A",.,"A",.,"A",.,"A",.,"A",.,"A",.,"A",.,"A"
"20103",2200304,66,0,"1",.,"A",.,"A",.,"A",.,"A",.,"A",.,"A",.,"A",.,"A",.,"A",.,"A",.,"A",.,"A",300,"D",.,"A",.,"A"
"20103",2200314,67,0,"1",.,"A",.,"A",.,"A",.,"A",.,"A",.,"A",.,"A",.,"A",.,"A",.,"A",.,"A",.,"A",80,"D",.,"A",.,"A"
"20103",2200324,60,0,"1",.,"A",25,"D",.,"A",.,"A",.,"A",65,"D",.,"A",.,"A",.,"A",.,"A",.,"A",.,"A",150,"D",.,"A",.,"A"
"20103",2200344,51,0,"1",.,"A",.,"A",.,"A",.,"A",.,"A",.,"A",1040,"D",.,"A",60,"D",.,"A",.,"A",.,"A",20,"D",.,"A",.,"A"
"20103",2200354,42,0,"1",.,"A",.,"A",.,"A",.,"A",.,"A",.,"A",.,"A",.,"A",.,"A",.,"A",.,"A",.,"A",25,"D",.,"A",.,"A"
"20103",2200384,41,0,"1",.,"A",.,"A",.,"A",.,"A",.,"A",.,"A",.,"A",.,"A",.,"A",.,"A",.,"A",.,"A",150,"D",.,"A",.,"A"
"20103",2200394,43,0,"1",.,"A",.,"A",.,"A",.,"A",.,"A",.,"A",.,"A",.,"A",.,"A",.,"A",.,"A",.,"A",36,"D",.,"A",.,"A"
"20103",2200414,30,0,"1",.,"A",.,"A",.,"A",.,"A",130,"D",.,"A",.,"A",.,"A",.,"A",.,"A",.,"A",.,"A",100,"D",.,"A",.,"A"
"20103",2200454,30,0,"1",.,"A",.,"A",.,"A",.,"A",.,"A",.,"A",.,"A",.,"A",.,"A",.,"A",.,"A",.,"A",.,"A",.,"A",.,"A"
"20103",2200464,34,0,"1",.,"A",.,"A",.,"A",.,"A",.,"A",.,"A",273,"D",.,"A",.,"A",.,"A",.,"A",.,"A",.,"A",.,"A",.,"A"
"20103",2200474,43,0,"1",.,"A",.,"A",.,"A",.,"A",.,"A",.,"A",.,"A",.,"A",.,"A",.,"A",.,"A",.,"A",.,"A",.,"A",.,"A"
"20103",2200484,55,0,"1",.,"A",.,"A",.,"A",.,"A",.,"A",.,"A",.,"A",.,"A",.,"A",.,"A",.,"A",.,"A",.,"A",.,"A",.,"A"
"20103",2200494,43,0,"1",.,"A",.,"A",.,"A",.,"A",.,"A",.,"A",.,"A",.,"A",.,"A",.,"A",.,"A",.,"A",.,"A",.,"A",.,"A"
"20103",2200504,51,0,"1",.,"A",.,"A",.,"A",.,"A",.,"A",.,"A",.,"A",.,"A",.,"A",.,"A",.,"A",.,"A",.,"A",.,"A",.,"A"
"20103",2200514,59,0,"1",.,"A",.,"A",.,"A",.,"A",.,"A",.,"A",325,"D",.,"A",.,"A",.,"A",.,"A",.,"A",.,"A",.,"A",.,"A"
"20103",2200524,53,0,"1",.,"A",.,"A",.,"A",.,"A",.,"A",.,"A",.,"A",.,"A",.,"A",.,"A",.,"A",.,"A",.,"A",.,"A",.,"A"
"20103",2200544,41,0,"1",.,"A",.,"A",.,"A",.,"A",.,"A",.,"A",.,"A",.,"A",.,"A",.,"A",.,"A",.,"A",.,"A",.,"A",.,"A"
"20103",2200554,59,0,"1",.,"A",.,"A",.,"A",.,"A",.,"A",.,"A",.,"A",.,"A",.,"A",.,"A",.,"A",.,"A",35,"D",.,"A",.,"A"
"20103",2200564,38,0,"1",.,"A",.,"A",.,"A",.,"A",.,"A",.,"A",.,"A",.,"A",.,"A",.,"A",.,"A",.,"A",.,"A",.,"A",.,"A"
"20103",2200614,30,0,"1",.,"A",.,"A",.,"A",.,"A",.,"A",.,"A",.,"A",.,"A",.,"A",.,"A",.,"A",.,"A",150,"D",.,"A",.,"A"
"20103",2200644,55,0,"1",.,"A",.,"A",.,"A",.,"A",.,"A",.,"A",.,"A",.,"A",18,"D",.,"A",.,"A",.,"A",.,"A",.,"A",.,"A"
"20103",2200674,31,0,"1",.,"A",.,"A",.,"A",.,"A",30,"D",.,"A",.,"A",.,"A",.,"A",.,"A",.,"A",.,"A",.,"A",.,"A",.,"A"
"20103",2200684,50,0,"1",.,"A",.,"A",.,"A",.,"A",.,"A",.,"A",390,"D",.,"A",.,"A",.,"A",.,"A",.,"A",.,"A",.,"A",.,"A"
"20103",2200714,24,0,"1",.,"A",.,"A",.,"A",100,"D",.,"A",.,"A",.,"A",.,"A",.,"A",300,"D",0,"D",0,"D",300,"D",100,"D",.,"A"
"20103",2200734,44,0,"1",.,"A",.,"A",.,"A",.,"A",.,"A",.,"A",.,"A",.,"A",.,"A",.,"A",.,"A",.,"A",50,"D",.,"A",.,"A"
"20103",2200754,45,0,"1",.,"A",.,"A",.,"A",.,"A",.,"A",.,"A",.,"A",.,"A",.,"A",.,"A",.,"A",.,"A",.,"A",.,"A",.,"A"
"20103",2200774,72,0,"1",.,"A",.,"A",.,"A",.,"A",.,"A",.,"A",.,"A",.,"A",30,"D",.,"A",.,"A",.,"A",300,"D",.,"A",.,"A"
"20103",2200784,29,0,"1",.,"A",.,"A",.,"A",.,"A",.,"A",30,"D",.,"A",.,"A",.,"A",.,"A",.,"A",.,"A",.,"A",.,"A",.,"A"
"20103",2200794,89,0,"1",.,"A",.,"A",.,"A",.,"A",.,"A",.,"A",.,"A",.,"A",.,"A",.,"A",.,"A",.,"A",128,"D",.,"A",.,"A"
"20103",2200804,99,0,"1",.,"A",.,"A",.,"A",.,"A",.,"A",360,"D",1820,"D",.,"A",105,"D",.,"A",.,"A",.,"A",280,"D",.,"A",.,"A"
"20103",2200824,56,0,"1",.,"A",.,"A",.,"A",.,"A",.,"A",.,"A",.,"A",.,"A",.,"A",.,"A",.,"A",.,"A",.,"A",.,"A",.,"A"
"20103",2200834,55,0,"1",.,"A",.,"A",.,"A",.,"A",.,"A",.,"A",195,"D",.,"A",.,"A",.,"A",.,"A",.,"A",90,"D",.,"A",.,"A"
"20103",2200844,49,0,"1",.,"A",.,"A",.,"A",.,"A",.,"A",30,"D",.,"A",.,"A",.,"A",.,"A",.,"A",.,"A",126,"D",.,"A",.,"A"
"20103",2200904,35,0,"1",5,"D",.,"A",.,"A",.,"A",35,"D",.,"A",.,"A",.,"A",.,"A",.,"A",.,"A",.,"A",50,"D",.,"A",.,"A"
"20103",2200914,36,0,"1",.,"A",.,"A",.,"A",.,"A",.,"A",.,"A",.,"A",.,"A",.,"A",.,"A",.,"A",.,"A",.,"A",.,"A",.,"A"
"20103",2200934,64,0,"1",.,"A",.,"A",.,"A",.,"A",.,"A",.,"A",390,"D",.,"A",.,"A",.,"A",.,"A",.,"A",.,"A",.,"A",.,"A"
"20103",2200954,57,0,"1",.,"A",.,"A",.,"A",.,"A",.,"A",.,"A",.,"A",.,"A",.,"A",.,"A",.,"A",.,"A",25,"D",.,"A",.,"A"
"20103",2200965,82,0,"1",.,"A",.,"A",.,"A",30,"D",.,"A",.,"A",.,"A",.,"A",.,"A",.,"A",.,"A",.,"A",80,"D",.,"A",.,"A"
"20103",2200974,57,0,"1",.,"A",.,"A",.,"A",.,"A",.,"A",.,"A",.,"A",.,"A",.,"A",.,"A",.,"A",.,"A",200,"D",.,"A",.,"A"
"20103",2200984,103,0,"1",.,"A",.,"A",.,"A",.,"A",.,"A",.,"A",.,"A",.,"A",.,"A",.,"A",.,"A",.,"A",23,"D",.,"A",.,"A"
"20103",2200994,65,0,"1",.,"A",.,"A",.,"A",.,"A",.,"A",.,"A",.,"A",.,"A",.,"A",.,"A",.,"A",.,"A",60,"D",.,"A",.,"A"
"20103",2201004,77,0,"1",.,"A",.,"A",.,"A",.,"A",.,"A",.,"A",.,"A",.,"A",.,"A",.,"A",.,"A",.,"A",30,"D",.,"A",.,"A"
"20103",2201034,54,0,"1",.,"A",.,"A",.,"A",.,"A",.,"A",.,"A",.,"A",.,"A",.,"A",.,"A",.,"A",.,"A",.,"A",.,"A",.,"A"
"20103",2201044,67,0,"1",.,"A",.,"A",.,"A",.,"A",.,"A",.,"A",.,"A",.,"A",.,"A",0,"D",0,"D",21,"D",30,"D",0,"D",.,"A"
"20103",2201064,64,0,"1",.,"A",.,"A",15,"D",.,"A",.,"A",.,"A",.,"A",.,"A",.,"A",.,"A",.,"A",.,"A",.,"A",.,"A",.,"A"
"20103",2201074,30,0,"1",20,"D",.,"A",.,"A",90,"D",100,"D",.,"A",.,"A",.,"A",.,"A",0,"D",0,"D",120,"D",.,"A",0,"D",.,"A"
"20103",2201084,24,0,"1",.,"A",.,"A",.,"A",.,"A",.,"A",.,"A",455,"D",.,"A",.,"A",.,"A",.,"A",.,"A",.,"A",.,"A",.,"A"
"20103",2201104,60,0,"1",.,"A",.,"A",.,"A",.,"A",.,"A",.,"A",.,"A",.,"A",.,"A",.,"A",.,"A",.,"A",0,"D",.,"A",.,"A"
"20103",2201144,21,0,"1",.,"A",.,"A",.,"A",.,"A",.,"A",.,"A",.,"A",.,"A",.,"A",.,"A",.,"A",.,"A",.,"A",.,"A",.,"A"
"20103",2201154,58,0,"1",.,"A",.,"A",.,"A",.,"A",.,"A",.,"A",.,"A",.,"A",.,"A",.,"A",.,"A",.,"A",.,"A",.,"A",.,"A"
"20103",2201164,66,0,"1",.,"A",.,"A",.,"A",.,"A",.,"A",.,"A",.,"A",.,"A",.,"A",.,"A",.,"A",.,"A",120,"D",.,"A",.,"A"
"20103",2201174,63,0,"1",.,"A",.,"A",.,"A",.,"A",10,"D",.,"A",.,"A",.,"A",.,"A",.,"A",.,"A",.,"A",26,"D",.,"A",.,"A"
"20103",2201184,56,0,"1",.,"A",.,"A",.,"A",.,"A",.,"A",100,"D",.,"A",.,"A",.,"A",.,"A",.,"A",.,"A",150,"D",.,"A",.,"A"
"20103",2201194,33,0,"1",.,"A",.,"A",.,"A",.,"A",.,"A",.,"A",.,"A",.,"A",.,"A",.,"A",.,"A",.,"A",.,"A",.,"A",.,"A"
"20103",2201204,38,0,"1",.,"A",.,"A",.,"A",.,"A",.,"A",.,"A",.,"A",.,"A",.,"A",.,"A",.,"A",.,"A",.,"A",.,"A",.,"A"
"20103",2201224,47,0,"1",.,"A",.,"A",.,"A",.,"A",.,"A",.,"A",.,"A",.,"A",.,"A",.,"A",.,"A",.,"A",15,"D",.,"A",.,"A"
"20103",2201234,53,0,"1",.,"A",.,"A",.,"A",.,"A",.,"A",.,"A",.,"A",.,"A",.,"A",.,"A",.,"A",.,"A",.,"A",.,"A",.,"A"
"20103",2201244,69,0,"1",.,"A",.,"A",.,"A",.,"A",.,"A",60,"D",325,"D",.,"A",.,"A",.,"A",.,"A",.,"A",440,"D",.,"A",.,"A"
"20103",2201264,54,0,"1",.,"A",.,"A",.,"A",.,"A",.,"A",.,"A",.,"A",.,"A",.,"A",.,"A",.,"A",.,"A",.,"A",.,"A",.,"A"
"20103",2201285,40,0,"1",.,"A",.,"A",.,"A",.,"A",.,"A",.,"A",.,"A",.,"A",.,"A",.,"A",.,"A",.,"A",.,"A",.,"A",.,"A"
"20103",2201294,39,0,"1",.,"A",.,"A",.,"A",.,"A",200,"F",.,"A",.,"A",.,"A",.,"A",.,"A",.,"A",.,"A",25,"D",.,"A",.,"A"
"20103",2201304,42,0,"1",.,"A",.,"A",.,"A",.,"A",.,"A",.,"A",.,"A",.,"A",.,"A",0,"D",0,"D",120,"D",75,"D",0,"D",.,"A"
"20103",2201324,62,0,"1",.,"A",.,"A",.,"A",.,"A",.,"A",10,"D",.,"A",.,"A",.,"A",.,"A",.,"A",.,"A",.,"A",.,"A",.,"A"
"20103",2201334,53,0,"1",.,"A",.,"A",.,"A",25,"D",.,"A",.,"A",.,"A",.,"A",.,"A",.,"A",.,"A",.,"A",176,"D",.,"A",.,"A"
"20103",2201344,59,0,"1",.,"A",.,"A",.,"A",.,"A",.,"A",5,"D",260,"D",.,"A",.,"A",.,"A",.,"A",.,"A",.,"A",.,"A",.,"A"
"20103",2201364,37,0,"1",.,"A",.,"A",.,"A",.,"A",.,"A",.,"A",.,"A",.,"A",.,"A",.,"A",.,"A",.,"A",.,"A",.,"A",.,"A"
"20103",2201394,54,0,"1",.,"A",.,"A",.,"A",.,"A",.,"A",.,"A",650,"D",.,"A",.,"A",.,"A",.,"A",.,"A",100,"D",.,"A",.,"A"
"20103",2201404,28,0,"1",.,"A",.,"A",.,"A",.,"A",.,"A",.,"A",.,"A",.,"A",.,"A",.,"A",.,"A",.,"A",45,"D",.,"A",.,"A"
"20103",2201414,30,0,"1",.,"A",15,"D",.,"A",.,"A",.,"A",20,"D",.,"A",.,"A",21,"D",.,"A",.,"A",.,"A",85,"D",.,"A",.,"A"
"20103",2201424,53,0,"1",.,"A",.,"A",.,"A",.,"A",.,"A",.,"A",455,"D",.,"A",.,"A",.,"A",.,"A",.,"A",.,"A",.,"A",.,"A"
"20103",2201454,35,0,"1",.,"A",.,"A",.,"A",.,"A",.,"A",.,"A",.,"A",.,"A",.,"A",.,"A",.,"A",.,"A",100,"D",.,"A",.,"A"
"20103",2201464,62,0,"1",.,"A",.,"A",.,"A",.,"A",.,"A",.,"A",.,"A",.,"A",.,"A",.,"A",.,"A",.,"A",.,"A",.,"A",.,"A"
"20103",2201474,41,0,"1",.,"A",.,"A",.,"A",.,"A",40,"D",.,"A",.,"A",.,"A",.,"A",.,"A",.,"A",.,"A",80,"D",.,"A",.,"A"
"20103",2201494,58,0,"1",.,"A",.,"A",.,"A",.,"A",.,"A",.,"A",.,"A",.,"A",.,"A",.,"A",.,"A",.,"A",50,"D",.,"A",.,"A"
"20103",2201504,38,0,"1",.,"A",.,"A",.,"A",.,"A",.,"A",.,"A",364,"D",.,"A",.,"A",.,"A",.,"A",.,"A",.,"A",.,"A",.,"A"
"20103",2201514,42,0,"1",.,"A",.,"A",.,"A",.,"A",.,"A",.,"A",.,"A",.,"A",.,"A",.,"A",.,"A",.,"A",150,"D",.,"A",.,"A"
"20103",2201524,44,0,"1",19,"D",.,"A",.,"A",.,"A",56,"D",.,"A",.,"A",.,"A",.,"A",.,"A",.,"A",.,"A",80,"D",.,"A",.,"A"
"20103",2201534,41,0,"1",.,"A",.,"A",.,"A",.,"A",.,"A",.,"A",728,"D",.,"A",.,"A",.,"A",.,"A",.,"A",.,"A",.,"A",.,"A"
"20103",2201574,51,0,"1",.,"A",.,"A",.,"A",.,"A",.,"A",.,"A",.,"A",.,"A",.,"A",288,"D",0,"D",0,"D",14,"D",96,"D",.,"A"
"20103",2201584,38,0,"1",.,"A",.,"A",.,"A",.,"A",.,"A",.,"A",.,"A",.,"A",.,"A",.,"A",.,"A",.,"A",20,"D",.,"A",.,"A"
"20103",2201604,28,0,"1",.,"A",.,"A",.,"A",.,"A",.,"A",.,"A",.,"A",.,"A",.,"A",.,"A",.,"A",.,"A",.,"A",.,"A",.,"A"
"20103",2201634,76,0,"1",.,"A",.,"A",10,"D",.,"A",.,"A",100,"D",.,"A",.,"A",.,"A",.,"A",.,"A",.,"A",300,"D",.,"A",.,"A"
"20103",2201644,64,0,"1",.,"A",.,"A",.,"A",.,"A",20,"D",25,"D",.,"A",.,"A",135,"D",.,"A",.,"A",.,"A",625,"D",.,"A",.,"A"
"20103",2201664,52,0,"1",.,"A",.,"A",.,"A",.,"A",.,"A",.,"A",.,"A",234,"D",.,"A",.,"A",.,"A",.,"A",225,"D",.,"A",.,"A"
"20103",2201674,66,0,"1",.,"A",.,"A",.,"A",.,"A",.,"A",45,"D",325,"D",.,"A",9,"D",.,"A",.,"A",.,"A",.,"A",.,"A",.,"A"
"20103",2201684,40,0,"1",.,"A",.,"A",.,"A",.,"A",.,"A",.,"A",.,"A",.,"A",.,"A",.,"A",.,"A",.,"A",.,"A",.,"A",.,"A"
"20103",2201694,71,0,"1",.,"A",.,"A",.,"A",.,"A",.,"A",.,"A",.,"A",.,"A",.,"A",.,"A",.,"A",.,"A",50,"D",.,"A",.,"A"
"20103",2201704,33,0,"1",.,"A",.,"A",.,"A",.,"A",.,"A",.,"A",.,"A",.,"A",.,"A",.,"A",.,"A",.,"A",.,"A",.,"A",.,"A"
"20103",2201714,49,0,"1",.,"A",.,"A",.,"A",.,"A",.,"A",.,"A",.,"A",.,"A",.,"A",.,"A",.,"A",.,"A",.,"A",.,"A",.,"A"
"20103",2201744,44,0,"1",.,"A",.,"A",.,"A",.,"A",.,"A",.,"A",.,"A",.,"A",.,"A",.,"A",.,"A",.,"A",.,"A",.,"A",.,"A"
"20103",2201764,54,0,"1",.,"A",.,"A",.,"A",.,"A",.,"A",.,"A",.,"A",.,"A",.,"A",.,"A",.,"A",.,"A",.,"A",.,"A",.,"A"
"20103",2201784,48,0,"1",.,"A",.,"A",.,"A",.,"A",.,"A",.,"A",.,"A",.,"A",.,"A",.,"A",.,"A",.,"A",60,"D",.,"A",.,"A"
"20103",2201794,92,0,"1",.,"A",.,"A",.,"A",.,"A",.,"A",32,"D",585,"D",.,"A",.,"A",.,"A",.,"A",.,"A",242,"D",.,"A",.,"A"
"20103",2201804,28,0,"1",.,"A",.,"A",.,"A",.,"A",.,"A",.,"A",.,"A",.,"A",.,"A",.,"A",.,"A",.,"A",.,"A",.,"A",.,"A"
"20103",2201854,41,0,"1",.,"A",.,"A",.,"A",.,"A",.,"A",.,"A",234,"D",.,"A",.,"A",.,"A",.,"A",.,"A",90,"D",.,"A",.,"A"
"20103",2201864,93,0,"1",.,"A",.,"A",.,"A",180,"D",.,"A",350,"D",195,"D",.,"A",60,"D",.,"A",.,"A",.,"A",300,"D",.,"A",.,"A"
"20103",2201874,44,0,"1",.,"A",.,"A",.,"A",.,"A",.,"A",.,"A",.,"A",.,"A",.,"A",.,"A",.,"A",.,"A",.,"A",.,"A",.,"A"
"20103",2201904,61,0,"1",.,"A",.,"A",.,"A",.,"A",.,"A",.,"A",.,"A",.,"A",.,"A",0,"D",0,"D",15,"D",300,"D",0,"D",.,"A"
"20103",2201914,35,0,"1",.,"A",.,"A",.,"A",.,"A",.,"A",.,"A",.,"A",.,"A",.,"A",.,"A",.,"A",.,"A",20,"D",.,"A",.,"A"
"20103",2201934,76,0,"1",.,"A",.,"A",.,"A",.,"A",.,"A",120,"D",.,"A",.,"A",.,"A",.,"A",.,"A",.,"A",350,"D",.,"A",.,"A"
"20103",2201944,81,0,"1",.,"A",.,"A",.,"A",.,"A",.,"A",.,"A",.,"A",.,"A",.,"A",0,"D",270,"D",0,"D",300,"D",0,"D",.,"A"
"20103",2201954,35,0,"1",.,"A",.,"A",.,"A",.,"A",60,"D",.,"A",.,"A",.,"A",.,"A",.,"A",.,"A",.,"A",60,"D",.,"A",.,"A"
"20103",2201974,63,0,"1",.,"A",.,"A",.,"A",.,"A",.,"A",.,"A",.,"A",.,"A",.,"A",.,"A",.,"A",.,"A",150,"D",.,"A",.,"A"
"20103",2201984,46,0,"1",.,"A",.,"A",.,"A",.,"A",.,"A",.,"A",.,"A",.,"A",.,"A",.,"A",.,"A",.,"A",60,"D",.,"A",.,"A"
"20103",2201994,70,0,"1",.,"A",.,"A",.,"A",.,"A",.,"A",.,"A",.,"A",.,"A",.,"A",.,"A",.,"A",.,"A",35,"D",.,"A",.,"A"
"20103",2202034,26,0,"1",.,"A",.,"A",.,"A",20,"D",50,"D",.,"A",.,"A",.,"A",.,"A",300,"D",0,"D",0,"D",.,"A",100,"D",.,"A"
"20103",2202064,58,0,"1",.,"A",.,"A",.,"A",.,"A",.,"A",.,"A",.,"A",.,"A",.,"A",.,"A",.,"A",.,"A",100,"D",.,"A",.,"A"
"20103",2202074,47,0,"1",30,"D",.,"A",.,"A",30,"D",0,"D",.,"A",.,"A",.,"A",.,"A",.,"A",.,"A",.,"A",.,"A",.,"A",.,"A"
"20103",2202084,39,0,"1",.,"A",.,"A",.,"A",.,"A",.,"A",.,"A",.,"A",.,"A",.,"A",.,"A",.,"A",.,"A",20,"D",.,"A",.,"A"
"20103",2202114,44,0,"1",.,"A",.,"A",.,"A",.,"A",.,"A",.,"A",.,"A",.,"A",.,"A",.,"A",.,"A",.,"A",20,"D",.,"A",.,"A"
"20103",2202164,47,0,"1",.,"A",.,"A",.,"A",.,"A",.,"A",.,"A",.,"A",.,"A",.,"A",.,"A",.,"A",.,"A",450,"D",.,"A",.,"A"
"20103",2202185,51,0,"1",.,"A",.,"A",.,"A",.,"A",.,"A",.,"A",.,"A",.,"A",.,"A",.,"A",.,"A",.,"A",.,"A",.,"A",.,"A"
"20103",2202204,28,0,"1",.,"A",.,"A",.,"A",.,"A",10,"D",.,"A",.,"A",.,"A",.,"A",267,"D",0,"D",0,"D",.,"A",89,"D",.,"A"
"20103",2202214,26,0,"1",.,"A",.,"A",.,"A",.,"A",.,"A",.,"A",.,"A",.,"A",.,"A",.,"A",.,"A",.,"A",.,"A",.,"A",.,"A"
"20103",2202224,51,0,"1",.,"A",.,"A",.,"A",.,"A",.,"A",.,"A",260,"D",.,"A",12,"D",.,"A",.,"A",.,"A",60,"D",.,"A",.,"A"
"20103",2202244,41,0,"1",.,"A",.,"A",.,"A",20,"F",.,"A",.,"A",.,"A",.,"A",.,"A",.,"A",.,"A",.,"A",.,"A",.,"A",.,"A"
"20103",2202254,50,0,"1",.,"A",.,"A",.,"A",.,"A",.,"A",.,"A",.,"A",.,"A",.,"A",.,"A",.,"A",.,"A",36,"D",.,"A",.,"A"
"20103",2202264,65,0,"1",.,"A",.,"A",.,"A",.,"A",.,"A",.,"A",.,"A",.,"A",6,"D",.,"A",.,"A",.,"A",25,"D",.,"A",.,"A"
"20103",2202285,45,0,"1",.,"A",.,"A",.,"A",.,"A",.,"A",.,"A",.,"A",.,"A",.,"A",.,"A",.,"A",.,"A",170,"D",.,"A",.,"A"
"20103",2202294,34,0,"1",.,"A",.,"A",.,"A",.,"A",.,"A",.,"A",.,"A",.,"A",.,"A",.,"A",.,"A",.,"A",6,"D",.,"A",.,"A"
"20103",2202314,41,0,"1",.,"A",.,"A",.,"A",.,"A",120,"D",.,"A",.,"A",.,"A",.,"A",.,"A",.,"A",.,"A",100,"D",.,"A",.,"A"
"20103",2202324,34,0,"1",.,"A",.,"A",.,"A",.,"A",.,"A",.,"A",.,"A",.,"A",.,"A",.,"A",.,"A",.,"A",.,"A",.,"A",.,"A"
"20103",2202334,75,0,"1",.,"A",.,"A",.,"A",.,"A",.,"A",.,"A",.,"A",.,"A",600,"D",.,"A",.,"A",.,"A",.,"A",.,"A",.,"A"
"20103",2202344,44,0,"1",.,"A",.,"A",.,"A",.,"A",.,"A",.,"A",.,"A",.,"A",.,"A",.,"A",.,"A",.,"A",100,"D",.,"A",.,"A"
"20103",2202354,54,0,"1",.,"A",.,"A",.,"A",.,"A",.,"A",.,"A",.,"A",.,"A",.,"A",.,"A",.,"A",.,"A",30,"D",.,"A",.,"A"
"20103",2202364,38,0,"1",.,"A",.,"A",.,"A",.,"A",.,"A",40,"D",.,"A",.,"A",300,"D",.,"A",.,"A",.,"A",300,"D",.,"A",.,"A"
"20103",2202374,45,0,"1",.,"A",.,"A",.,"A",.,"A",.,"A",.,"A",.,"A",.,"A",.,"A",.,"A",.,"A",.,"A",.,"A",.,"A",.,"A"
"20103",2202384,59,0,"1",.,"A",.,"A",.,"A",.,"A",.,"A",.,"A",.,"A",.,"A",.,"A",.,"A",.,"A",.,"A",.,"A",.,"A",.,"A"
"20103",2202394,75,0,"1",.,"A",.,"A",.,"A",.,"A",.,"A",.,"A",.,"A",.,"A",.,"A",.,"A",.,"A",.,"A",40,"D",.,"A",.,"A"
"20103",2202424,54,0,"1",.,"A",.,"A",.,"A",.,"A",.,"A",.,"A",.,"A",.,"A",.,"A",.,"A",.,"A",.,"A",.,"A",.,"A",.,"A"
"20103",2202444,38,0,"1",.,"A",.,"A",.,"A",.,"A",.,"A",.,"A",.,"A",.,"A",.,"A",.,"A",.,"A",.,"A",.,"A",.,"A",.,"A"
"20103",2202464,44,0,"1",.,"A",.,"A",.,"A",.,"A",.,"A",.,"A",520,"D",.,"A",.,"A",.,"A",.,"A",.,"A",.,"A",.,"A",.,"A"
"20103",2202474,48,0,"1",.,"A",.,"A",.,"A",.,"A",.,"A",.,"A",.,"A",.,"A",.,"A",.,"A",.,"A",.,"A",150,"D",.,"A",.,"A"
"20103",2202494,48,0,"1",.,"A",.,"A",.,"A",.,"A",.,"A",.,"A",.,"A",.,"A",.,"A",.,"A",.,"A",.,"A",.,"A",.,"A",.,"A"
"20103",2202504,51,0,"1",.,"A",.,"A",.,"A",.,"A",.,"A",.,"A",520,"D",.,"A",.,"A",.,"A",.,"A",.,"A",160,"D",.,"A",.,"A"
"20103",2202534,106,0,"1",.,"A",.,"A",.,"A",.,"A",.,"A",.,"A",.,"A",.,"A",78,"D",.,"A",.,"A",.,"A",46,"D",.,"A",.,"A"
"20103",2202544,48,0,"1",.,"A",.,"A",.,"A",.,"A",.,"A",.,"A",390,"D",.,"A",.,"A",.,"A",.,"A",.,"A",.,"A",.,"A",.,"A"
"20103",2202584,66,0,"1",.,"A",.,"A",.,"A",.,"A",.,"A",70,"D",520,"D",.,"A",.,"A",.,"A",.,"A",.,"A",100,"D",.,"A",.,"A"
"20103",2202594,64,0,"1",.,"A",.,"A",.,"A",.,"A",.,"A",.,"A",.,"A",.,"A",.,"A",.,"A",.,"A",.,"A",80,"D",.,"A",.,"A"
"20103",2202624,64,0,"1",.,"A",.,"A",.,"A",.,"A",.,"A",.,"A",.,"A",.,"A",.,"A",.,"A",.,"A",.,"A",128,"D",.,"A",.,"A"
"20103",2202634,46,0,"1",.,"A",.,"A",70,"D",.,"A",.,"A",.,"A",.,"A",.,"A",.,"A",.,"A",.,"A",.,"A",70,"D",.,"A",.,"A"
"20103",2202644,38,0,"1",.,"A",.,"A",.,"A",.,"A",.,"A",.,"A",.,"A",.,"A",.,"A",.,"A",.,"A",.,"A",50,"D",.,"A",.,"A"
"20103",2202654,61,0,"1",.,"A",.,"A",.,"A",.,"A",.,"A",.,"A",.,"A",.,"A",.,"A",.,"A",.,"A",.,"A",126,"D",.,"A",.,"A"
"20103",2202694,57,0,"1",.,"A",.,"A",.,"A",.,"A",.,"A",.,"A",.,"A",.,"A",.,"A",.,"A",.,"A",.,"A",.,"A",.,"A",.,"A"
"20103",2202704,70,0,"1",.,"A",.,"A",.,"A",.,"A",.,"A",.,"A",143,"D",.,"A",.,"A",.,"A",.,"A",.,"A",240,"D",.,"A",.,"A"
"20103",2202734,112,0,"1",.,"A",.,"A",.,"A",.,"A",.,"A",180,"D",.,"A",.,"A",3,"D",.,"A",.,"A",.,"A",65,"D",.,"A",.,"A"
"20103",2202744,68,0,"1",.,"A",.,"A",.,"A",.,"A",.,"A",240,"D",.,"A",.,"A",.,"A",.,"A",.,"A",.,"A",150,"D",.,"A",.,"A"
"20103",2202774,67,0,"1",.,"A",.,"A",.,"A",.,"A",.,"A",.,"A",.,"A",.,"A",.,"A",.,"A",.,"A",.,"A",8,"D",.,"A",.,"A"
"20103",2202784,41,0,"1",.,"A",.,"A",.,"A",.,"A",.,"A",.,"A",.,"A",.,"A",.,"A",.,"A",.,"A",.,"A",30,"D",.,"A",.,"A"
"20103",2202824,36,0,"1",.,"A",.,"A",.,"A",.,"A",.,"A",.,"A",.,"A",.,"A",.,"A",.,"A",.,"A",.,"A",.,"A",.,"A",.,"A"
"20103",2202835,48,0,"1",.,"A",.,"A",.,"A",.,"A",.,"A",.,"A",.,"A",.,"A",.,"A",138,"D",0,"D",0,"D",.,"A",46,"D",.,"A"
"20103",2202844,87,0,"1",.,"A",.,"A",.,"A",.,"A",.,"A",.,"A",260,"D",195,"D",.,"A",.,"A",.,"A",.,"A",.,"A",.,"A",.,"A"
"20103",2202854,48,0,"1",.,"A",.,"A",65,"D",.,"A",.,"A",.,"A",.,"A",.,"A",.,"A",.,"A",.,"A",.,"A",49,"D",.,"A",.,"A"
"20103",2202864,52,0,"1",.,"A",.,"A",.,"A",.,"A",.,"A",.,"A",.,"A",.,"A",.,"A",.,"A",.,"A",.,"A",210,"D",.,"A",.,"A"
"20103",2202874,55,0,"1",.,"A",.,"A",.,"A",.,"A",.,"A",.,"A",.,"A",.,"A",.,"A",.,"A",.,"A",.,"A",.,"A",.,"A",.,"A"
"20103",2202884,32,0,"1",.,"A",.,"A",.,"A",.,"A",.,"A",.,"A",195,"D",.,"A",.,"A",.,"A",.,"A",.,"A",.,"A",.,"A",.,"A"
"20103",2202894,50,0,"1",.,"A",.,"A",.,"A",40,"D",.,"A",75,"D",.,"A",.,"A",.,"A",0,"D",0,"D",24,"D",70,"D",0,"D",.,"A"
"20103",2202914,48,0,"1",.,"A",.,"A",.,"A",.,"A",.,"A",.,"A",.,"A",.,"A",.,"A",.,"A",.,"A",.,"A",.,"A",.,"A",.,"A"
"20103",2202924,37,0,"1",.,"A",.,"A",.,"A",.,"A",.,"A",.,"A",455,"D",.,"A",.,"A",.,"A",.,"A",.,"A",15,"D",.,"A",.,"A"
"20103",2202934,36,0,"1",.,"A",.,"A",.,"A",.,"A",75,"D",.,"A",.,"A",.,"A",.,"A",.,"A",.,"A",.,"A",.,"A",.,"A",.,"A"
"20103",2202965,89,0,"1",.,"A",.,"A",.,"A",.,"A",.,"A",.,"A",.,"A",.,"A",.,"A",.,"A",.,"A",.,"A",102,"D",.,"A",.,"A"
"20103",2202974,34,0,"1",.,"A",.,"A",.,"A",.,"A",.,"A",.,"A",.,"A",.,"A",.,"A",.,"A",.,"A",.,"A",30,"D",.,"A",.,"A"
"20103",2202984,60,0,"1",.,"A",.,"A",.,"A",.,"A",.,"A",.,"A",.,"A",.,"A",.,"A",.,"A",.,"A",.,"A",.,"A",.,"A",.,"A"
"20103",2203004,51,0,"1",.,"A",.,"A",.,"A",.,"A",.,"A",.,"A",.,"A",.,"A",.,"A",.,"A",.,"A",.,"A",.,"A",.,"A",.,"A"
"20103",2203024,36,0,"1",11,"D",.,"A",.,"A",.,"A",34,"D",.,"A",.,"A",.,"A",.,"A",0,"D",0,"D",45,"D",.,"A",0,"D",.,"A"
"20103",2203034,57,0,"1",.,"A",.,"A",.,"A",.,"A",.,"A",.,"A",.,"A",.,"A",.,"A",.,"A",.,"A",.,"A",58,"D",.,"A",.,"A"
"20103",2203054,48,0,"1",.,"A",.,"A",.,"A",.,"A",.,"A",.,"A",.,"A",.,"A",.,"A",.,"A",.,"A",.,"A",200,"D",.,"A",.,"A"
"20103",2203064,48,0,"1",.,"A",.,"A",.,"A",.,"A",.,"A",.,"A",.,"A",.,"A",.,"A",.,"A",.,"A",.,"A",100,"D",.,"A",.,"A"
"20103",2203084,39,0,"1",.,"A",.,"A",.,"A",.,"A",.,"A",.,"A",.,"A",.,"A",.,"A",.,"A",.,"A",.,"A",45,"D",.,"A",.,"A"
"20103",2203114,28,0,"1",.,"A",.,"A",.,"A",.,"A",.,"A",.,"A",.,"A",.,"A",.,"A",.,"A",.,"A",.,"A",.,"A",.,"A",.,"A"
"20103",2203134,48,0,"1",.,"A",.,"A",.,"A",.,"A",.,"A",.,"A",.,"A",.,"A",.,"A",.,"A",.,"A",.,"A",74,"D",.,"A",.,"A"
"20103",2203144,36,0,"1",.,"A",.,"A",.,"A",.,"A",.,"A",5,"D",325,"D",.,"A",.,"A",.,"A",.,"A",.,"A",.,"A",.,"A",.,"A"
"20103",2203154,38,0,"1",.,"A",.,"A",.,"A",.,"A",.,"A",.,"A",.,"A",.,"A",.,"A",.,"A",.,"A",.,"A",10,"D",.,"A",.,"A"
"20103",2203164,46,0,"1",.,"A",.,"A",.,"A",.,"A",.,"A",.,"A",.,"A",.,"A",.,"A",.,"A",.,"A",.,"A",.,"A",.,"A",.,"A"
"20103",2203194,71,0,"1",.,"A",.,"A",.,"A",.,"A",.,"A",.,"A",.,"A",.,"A",.,"A",.,"A",.,"A",.,"A",80,"D",.,"A",.,"A"
"20103",2203204,24,0,"1",.,"A",.,"A",.,"A",.,"A",.,"A",.,"A",156,"D",.,"A",15,"D",.,"A",.,"A",.,"A",.,"A",.,"A",.,"A"
"20103",2203214,73,0,"1",.,"A",.,"A",.,"A",.,"A",.,"A",.,"A",234,"D",.,"A",.,"A",.,"A",.,"A",.,"A",488,"D",.,"A",.,"A"
"20103",2203234,68,0,"1",.,"A",.,"A",.,"A",.,"A",.,"A",300,"D",.,"A",.,"A",90,"D",.,"A",.,"A",.,"A",460,"D",.,"A",.,"A"
"20103",2203244,50,0,"1",.,"A",.,"A",.,"A",.,"A",.,"A",.,"A",.,"A",.,"A",.,"A",.,"A",.,"A",.,"A",10,"D",.,"A",.,"A"
"20103",2203254,32,0,"1",.,"A",.,"A",.,"A",.,"A",.,"A",.,"A",.,"A",.,"A",.,"A",.,"A",.,"A",.,"A",.,"A",.,"A",.,"A"
"20103",2203274,30,0,"1",.,"A",.,"A",.,"A",.,"A",200,"D",.,"A",.,"A",.,"A",.,"A",360,"D",0,"D",0,"D",100,"D",120,"D",.,"A"
"20103",2203304,29,0,"1",.,"A",.,"A",.,"A",.,"A",.,"A",.,"A",.,"A",.,"A",.,"A",.,"A",.,"A",.,"A",.,"A",.,"A",.,"A"
"20103",2203314,51,0,"1",.,"A",.,"A",.,"A",.,"A",.,"A",.,"A",.,"A",.,"A",.,"A",.,"A",.,"A",.,"A",55,"D",.,"A",.,"A"
"20103",2203324,45,0,"1",.,"A",.,"A",.,"A",.,"A",.,"A",80,"D",.,"A",.,"A",.,"A",.,"A",.,"A",.,"A",100,"D",.,"A",.,"A"
"20103",2203344,67,0,"1",.,"A",.,"A",.,"A",.,"A",.,"A",.,"A",.,"A",.,"A",.,"A",.,"A",.,"A",.,"A",200,"D",.,"A",.,"A"
"20103",2203354,47,0,"1",.,"A",.,"A",.,"A",.,"A",.,"A",40,"D",.,"A",.,"A",30,"D",.,"A",.,"A",.,"A",25,"D",.,"A",.,"A"
"20103",2203394,56,0,"1",.,"A",.,"A",.,"A",.,"A",.,"A",.,"A",.,"A",.,"A",12,"F",.,"A",.,"A",.,"A",10,"D",.,"A",.,"A"
"20103",2203404,27,0,"1",50,"D",.,"A",.,"A",.,"A",50,"D",.,"A",.,"A",.,"A",.,"A",540,"D",0,"D",0,"D",30,"D",180,"D",.,"A"
"20103",2203414,59,0,"1",.,"A",.,"A",.,"A",.,"A",.,"A",.,"A",195,"D",.,"A",.,"A",.,"A",.,"A",.,"A",40,"D",.,"A",.,"A"
"20103",2203424,64,0,"1",.,"A",.,"A",.,"A",.,"A",.,"A",400,"D",.,"A",.,"A",.,"A",.,"A",.,"A",.,"A",490,"D",.,"A",.,"A"
"20103",2203434,46,0,"1",.,"A",.,"A",.,"A",.,"A",.,"A",.,"A",.,"A",.,"A",.,"A",.,"A",.,"A",.,"A",.,"A",.,"A",.,"A"
"20103",2203444,47,0,"1",40,"D",.,"A",.,"A",.,"A",85,"D",85,"D",.,"A",.,"A",.,"A",540,"D",0,"D",0,"D",145,"D",180,"D",.,"A"
"20103",2203454,51,0,"1",.,"A",.,"A",.,"A",.,"A",.,"A",.,"A",.,"A",.,"A",.,"A",.,"A",.,"A",.,"A",.,"A",.,"A",.,"A"
"20103",2203474,38,0,"1",.,"A",.,"A",.,"A",.,"A",.,"A",.,"A",.,"A",.,"A",.,"A",.,"A",.,"A",.,"A",135,"D",.,"A",.,"A"
"20103",2203494,51,0,"1",.,"A",.,"A",.,"A",.,"A",.,"A",.,"A",.,"A",.,"A",.,"A",.,"A",.,"A",.,"A",.,"A",.,"A",.,"A"
"20103",2203504,33,0,"1",.,"A",.,"A",.,"A",42,"D",.,"A",.,"A",.,"A",.,"A",.,"A",0,"D",0,"D",24,"D",128,"D",0,"D",.,"A"
"20103",2203514,30,0,"1",.,"A",.,"A",.,"A",.,"A",.,"A",.,"A",.,"A",.,"A",.,"A",.,"A",.,"A",.,"A",32,"F",.,"A",.,"A"
"20103",2203524,62,0,"1",.,"A",.,"A",.,"A",.,"A",.,"A",.,"A",520,"D",.,"A",12,"D",.,"A",.,"A",.,"A",50,"D",.,"A",.,"A"
"20103",2203544,39,0,"1",.,"A",.,"A",.,"A",.,"A",.,"A",.,"A",.,"A",.,"A",.,"A",.,"A",.,"A",.,"A",20,"D",.,"A",.,"A"
"20103",2203554,64,0,"1",.,"A",.,"A",.,"A",.,"A",.,"A",.,"A",.,"A",.,"A",.,"A",.,"A",.,"A",.,"A",50,"D",.,"A",.,"A"
"20103",2203574,61,0,"1",.,"A",.,"A",.,"A",.,"A",.,"A",.,"A",.,"A",.,"A",.,"A",.,"A",.,"A",.,"A",.,"A",.,"A",.,"A"
"20103",2203584,62,0,"1",.,"A",.,"A",.,"A",.,"A",.,"A",.,"A",.,"A",195,"D",.,"A",.,"A",.,"A",.,"A",.,"A",.,"A",.,"A"
"20103",2203614,29,0,"1",.,"A",.,"A",.,"A",.,"A",.,"A",.,"A",260,"D",.,"A",.,"A",.,"A",.,"A",.,"A",30,"D",.,"A",.,"A"
"20103",2203624,42,0,"1",.,"A",.,"A",.,"A",.,"A",.,"A",.,"A",.,"A",.,"A",36,"F",.,"A",.,"A",.,"A",.,"A",.,"A",.,"A"
"20103",2203644,55,0,"1",.,"A",.,"A",.,"A",.,"A",.,"A",.,"A",.,"A",286,"D",.,"A",.,"A",.,"A",.,"A",100,"D",.,"A",.,"A"
"20103",2203654,60,0,"1",.,"A",.,"A",.,"A",.,"A",.,"A",.,"A",416,"D",.,"A",.,"A",.,"A",.,"A",.,"A",.,"A",.,"A",.,"A"
"20103",2203684,60,0,"1",.,"A",.,"A",.,"A",.,"A",.,"A",30,"D",.,"A",.,"A",90,"D",.,"A",.,"A",.,"A",.,"A",.,"A",.,"A"
"20103",2203704,80,0,"1",.,"A",.,"A",.,"A",.,"A",.,"A",.,"A",.,"A",.,"A",.,"A",.,"A",.,"A",.,"A",480,"D",.,"A",.,"A"
"20103",2203714,33,0,"1",.,"A",.,"A",.,"A",.,"A",.,"A",.,"A",.,"A",.,"A",.,"A",.,"A",.,"A",.,"A",.,"A",.,"A",.,"A"
"20103",2203725,33,0,"1",.,"A",.,"A",.,"A",.,"A",.,"A",.,"A",546,"D",.,"A",.,"A",0,"D",0,"D",450,"D",90,"D",0,"D",.,"A"
"20103",2203734,85,0,"1",.,"A",.,"A",.,"A",.,"A",.,"A",120,"D",.,"A",.,"A",36,"D",270,"D",0,"D",0,"D",120,"D",90,"D",.,"A"
"20103",2203754,49,0,"1",.,"A",.,"A",.,"A",.,"A",.,"A",.,"A",.,"A",.,"A",.,"A",.,"A",.,"A",.,"A",.,"A",.,"A",.,"A"
"20103",2203764,99,0,"1",.,"A",.,"A",.,"A",.,"A",.,"A",35,"D",.,"A",.,"A",.,"A",.,"A",.,"A",.,"A",130,"D",.,"A",.,"A"
"20103",2203774,50,0,"1",.,"A",.,"A",.,"A",.,"A",.,"A",.,"A",.,"A",.,"A",.,"A",.,"A",.,"A",.,"A",.,"A",.,"A",.,"A"
"20103",2203804,84,0,"1",.,"A",.,"A",.,"A",.,"A",.,"A",.,"A",.,"A",.,"A",.,"A",.,"A",.,"A",.,"A",200,"D",.,"A",.,"A"
"20103",2203814,32,0,"1",.,"A",.,"A",.,"A",.,"A",.,"A",.,"A",169,"D",.,"A",.,"A",.,"A",.,"A",.,"A",.,"A",.,"A",.,"A"
"20103",2203834,96,0,"1",.,"A",.,"A",.,"A",.,"A",.,"A",.,"A",.,"A",.,"A",.,"A",0,"D",0,"D",240,"D",466,"D",0,"D",.,"A"
"20103",2203844,30,0,"1",.,"A",.,"A",.,"A",.,"A",42,"D",.,"A",.,"A",.,"A",.,"A",.,"A",.,"A",.,"A",.,"A",.,"A",.,"A"
"20103",2203855,23,0,"1",.,"A",.,"A",.,"A",.,"A",.,"A",.,"A",.,"A",.,"A",.,"A",.,"A",.,"A",.,"A",.,"A",.,"A",.,"A"
"20103",2203884,53,0,"1",.,"A",.,"A",.,"A",.,"A",.,"A",.,"A",273,"D",.,"A",.,"A",.,"A",.,"A",.,"A",.,"A",.,"A",.,"A"
"20103",2203894,68,0,"1",.,"A",.,"A",.,"A",.,"A",.,"A",.,"A",.,"A",.,"A",30,"D",.,"A",.,"A",.,"A",150,"D",.,"A",.,"A"
"20103",2203914,66,0,"1",.,"A",.,"A",.,"A",.,"A",.,"A",20,"D",.,"A",.,"A",.,"A",.,"A",.,"A",.,"A",675,"D",.,"A",.,"A"
"20103",2203924,64,0,"1",.,"A",.,"A",.,"A",.,"A",.,"A",45,"D",.,"A",.,"A",.,"A",.,"A",.,"A",.,"A",30,"D",.,"A",.,"A"
"20103",2203944,40,0,"1",.,"A",.,"A",.,"A",.,"A",.,"A",.,"A",.,"A",.,"A",.,"A",.,"A",.,"A",.,"A",.,"A",.,"A",.,"A"
"20103",2203954,75,0,"1",.,"A",.,"A",.,"A",.,"A",.,"A",.,"A",.,"A",65,"D",.,"A",.,"A",.,"A",.,"A",250,"D",.,"A",.,"A"
"20103",2203974,30,0,"1",.,"A",.,"A",.,"A",.,"A",.,"A",.,"A",.,"A",.,"A",.,"A",.,"A",.,"A",.,"A",.,"A",.,"A",.,"A"
"20103",2203985,92,0,"1",.,"A",.,"A",.,"A",.,"A",.,"A",.,"A",.,"A",.,"A",.,"A",.,"A",.,"A",.,"A",.,"A",.,"A",.,"A"
"20103",2204004,28,0,"1",.,"A",.,"A",.,"A",.,"A",50,"D",.,"A",.,"A",.,"A",.,"A",90,"D",0,"D",0,"D",.,"A",30,"D",.,"A"
"20103",2204014,43,0,"1",.,"A",.,"A",.,"A",.,"A",.,"A",.,"A",325,"D",.,"A",.,"A",.,"A",.,"A",.,"A",100,"D",.,"A",.,"A"
"20103",2204024,49,0,"1",.,"A",.,"A",.,"A",.,"A",.,"A",.,"A",.,"A",.,"A",.,"A",.,"A",.,"A",.,"A",.,"A",.,"A",.,"A"
"20103",2204084,35,0,"1",.,"A",.,"A",.,"A",.,"A",.,"A",.,"A",.,"A",.,"A",90,"D",.,"A",.,"A",.,"A",300,"D",.,"A",.,"A"
"20103",2204094,69,0,"1",.,"A",.,"A",.,"A",.,"A",.,"A",.,"A",.,"A",.,"A",.,"A",.,"A",.,"A",.,"A",50,"D",.,"A",.,"A"
"20103",2204124,73,0,"1",.,"A",.,"A",.,"A",.,"A",.,"A",.,"A",.,"A",.,"A",18,"D",.,"A",.,"A",.,"A",.,"A",.,"A",.,"A"
"20103",2204134,26,0,"1",.,"A",.,"A",.,"A",.,"A",.,"A",.,"A",.,"A",.,"A",.,"A",.,"A",.,"A",.,"A",.,"A",.,"A",.,"A"
"20103",2204144,47,0,"1",.,"A",.,"A",.,"A",.,"A",.,"A",.,"A",.,"A",.,"A",.,"A",.,"A",.,"A",.,"A",70,"D",.,"A",.,"A"
"20103",2204174,30,0,"1",.,"A",.,"A",.,"A",.,"A",.,"A",.,"A",.,"A",.,"A",.,"A",.,"A",.,"A",.,"A",.,"A",.,"A",.,"A"
"20103",2204184,41,0,"1",.,"A",.,"A",.,"A",60,"D",.,"A",.,"A",.,"A",.,"A",.,"A",.,"A",.,"A",.,"A",.,"A",.,"A",.,"A"
"20103",2204204,29,0,"1",.,"A",.,"A",.,"A",.,"A",.,"A",.,"A",.,"A",.,"A",.,"A",.,"A",.,"A",.,"A",.,"A",.,"A",.,"A"
"20103",2204254,31,0,"1",.,"A",.,"A",.,"A",.,"A",.,"A",.,"A",.,"A",.,"A",.,"A",60,"D",60,"D",0,"D",.,"A",20,"D",.,"A"
"20103",2204264,32,0,"1",.,"A",.,"A",.,"A",.,"A",.,"A",.,"A",325,"D",.,"A",60,"D",.,"A",.,"A",.,"A",.,"A",.,"A",.,"A"
"20103",2204274,50,0,"1",.,"A",.,"A",.,"A",.,"A",.,"A",10,"D",.,"A",.,"A",.,"A",.,"A",.,"A",.,"A",50,"D",.,"A",.,"A"
"20103",2204304,36,0,"1",.,"A",.,"A",.,"A",.,"A",.,"A",.,"A",.,"A",.,"A",.,"A",.,"A",.,"A",.,"A",30,"D",.,"A",.,"A"
"20103",2204324,63,0,"1",.,"A",.,"A",.,"A",.,"A",.,"A",.,"A",520,"D",.,"A",.,"A",.,"A",.,"A",.,"A",12,"D",.,"A",.,"A"
"20103",2204334,44,0,"1",.,"A",.,"A",.,"A",.,"A",.,"A",.,"A",.,"A",.,"A",.,"A",.,"A",.,"A",.,"A",.,"A",.,"A",.,"A"
"20103",2204344,41,0,"1",.,"A",.,"A",.,"A",10,"D",.,"A",.,"A",.,"A",.,"A",.,"A",.,"A",.,"A",.,"A",300,"D",.,"A",.,"A"
"20103",2204364,48,0,"1",.,"A",.,"A",.,"A",.,"A",.,"A",.,"A",312,"D",.,"A",.,"A",.,"A",.,"A",.,"A",.,"A",.,"A",.,"A"
"20103",2204374,38,0,"1",.,"A",.,"A",.,"A",120,"D",.,"A",.,"A",.,"A",.,"A",.,"A",.,"A",.,"A",.,"A",.,"A",.,"A",.,"A"
"20103",2204384,82,0,"1",.,"A",.,"A",.,"A",.,"A",.,"A",.,"A",156,"D",.,"A",36,"D",600,"D",0,"D",0,"D",155,"D",200,"D",540,"D"
"20103",2204394,51,0,"1",.,"A",.,"A",.,"A",.,"A",.,"A",.,"A",.,"A",.,"A",.,"A",.,"A",.,"A",.,"A",225,"D",.,"A",.,"A"
"20103",2204404,61,0,"1",.,"A",.,"A",.,"A",.,"A",.,"A",.,"A",.,"A",.,"A",.,"A",.,"A",.,"A",.,"A",45,"D",.,"A",.,"A"
"20103",2204414,46,0,"1",.,"A",.,"A",.,"A",.,"A",.,"A",.,"A",.,"A",.,"A",.,"A",.,"A",.,"A",.,"A",175,"D",.,"A",.,"A"
"20103",2204424,23,0,"1",.,"A",.,"A",.,"A",.,"A",.,"A",.,"A",.,"A",.,"A",.,"A",.,"A",.,"A",.,"A",.,"A",.,"A",.,"A"
"20103",2204454,70,0,"1",.,"A",.,"A",.,"A",.,"A",.,"A",.,"A",.,"A",.,"A",.,"A",.,"A",.,"A",.,"A",85,"D",.,"A",.,"A"
"20103",2204464,111,0,"1",.,"A",.,"A",.,"A",.,"A",.,"A",.,"A",.,"A",.,"A",.,"A",18,"D",0,"D",0,"D",60,"D",6,"D",.,"A"
"20103",2204474,47,0,"1",.,"A",.,"A",.,"A",.,"A",.,"A",.,"A",.,"A",.,"A",.,"A",.,"A",.,"A",.,"A",70,"D",.,"A",.,"A"
"20103",2204484,39,0,"1",.,"A",.,"A",.,"A",.,"A",.,"A",.,"A",455,"D",.,"A",.,"A",.,"A",.,"A",.,"A",120,"D",.,"A",.,"A"
"20103",2204504,61,0,"1",.,"A",.,"A",.,"A",.,"A",.,"A",.,"A",.,"A",.,"A",.,"A",.,"A",.,"A",.,"A",140,"D",.,"A",.,"A"
"20103",2204524,36,0,"1",.,"A",.,"A",.,"A",.,"A",.,"A",.,"A",.,"A",.,"A",.,"A",.,"A",.,"A",.,"A",70,"D",.,"A",.,"A"
"20103",2204544,39,0,"1",.,"A",.,"A",.,"A",.,"A",.,"A",.,"A",.,"A",.,"A",.,"A",.,"A",.,"A",.,"A",.,"A",.,"A",.,"A"
"20103",2204554,21,0,"1",.,"A",.,"A",.,"A",.,"A",.,"A",.,"A",.,"A",.,"A",.,"A",.,"A",.,"A",.,"A",.,"A",.,"A",.,"A"
"20103",2204564,68,0,"1",.,"A",.,"A",.,"A",.,"A",.,"A",.,"A",.,"A",.,"A",.,"A",.,"A",.,"A",.,"A",270,"D",.,"A",.,"A"
"20103",2204574,31,0,"1",.,"A",.,"A",.,"A",.,"A",.,"A",.,"A",390,"D",.,"A",.,"A",.,"A",.,"A",.,"A",.,"A",.,"A",.,"A"
"20103",2204604,45,0,"1",.,"A",.,"A",.,"A",.,"A",.,"A",.,"A",.,"A",.,"A",.,"A",.,"A",.,"A",.,"A",200,"D",.,"A",.,"A"
"20103",2204614,65,0,"1",.,"A",.,"A",.,"A",.,"A",.,"A",.,"A",.,"A",.,"A",.,"A",.,"A",.,"A",.,"A",13,"D",.,"A",.,"A"
"20103",2204624,32,0,"1",.,"A",.,"A",.,"A",.,"A",.,"A",.,"A",.,"A",.,"A",.,"A",.,"A",.,"A",.,"A",.,"A",.,"A",.,"A"
"20103",2204654,34,0,"1",.,"A",.,"A",.,"A",.,"A",30,"D",.,"A",.,"A",.,"A",.,"A",.,"A",.,"A",.,"A",.,"A",.,"A",.,"A"
"20103",2204664,30,0,"1",18,"D",.,"A",.,"A",.,"A",18,"D",.,"A",.,"A",.,"A",.,"A",.,"A",.,"A",.,"A",.,"A",.,"A",.,"A"
"20103",2204694,62,0,"1",.,"A",.,"A",.,"A",.,"A",.,"A",.,"A",.,"A",.,"A",.,"A",.,"A",.,"A",.,"A",.,"A",.,"A",.,"A"
"20103",2204714,64,0,"1",.,"A",.,"A",.,"A",.,"A",.,"A",.,"A",.,"A",.,"A",.,"A",.,"A",.,"A",.,"A",90,"D",.,"A",.,"A"
"20103",2204724,49,0,"1",.,"A",.,"A",.,"A",.,"A",.,"A",.,"A",.,"A",.,"A",15,"D",.,"A",.,"A",.,"A",.,"A",.,"A",.,"A"
"20103",2204734,45,0,"1",.,"A",.,"A",.,"A",.,"A",.,"A",.,"A",546,"D",.,"A",.,"A",0,"D",108,"D",0,"D",105,"D",0,"D",.,"A"
"20103",2204744,57,0,"1",.,"A",.,"A",.,"A",.,"A",.,"A",.,"A",.,"A",.,"A",.,"A",.,"A",.,"A",.,"A",104,"D",.,"A",.,"A"
"20103",2204774,31,0,"1",.,"A",.,"A",.,"A",.,"A",.,"A",.,"A",.,"A",.,"A",.,"A",.,"A",.,"A",.,"A",.,"A",.,"A",.,"A"
"20103",2204804,37,0,"1",.,"A",.,"A",.,"A",.,"A",.,"A",.,"A",.,"A",.,"A",.,"A",.,"A",.,"A",.,"A",.,"A",.,"A",.,"A"
"20103",2204814,69,0,"1",.,"A",.,"A",.,"A",.,"A",.,"A",.,"A",.,"A",.,"A",.,"A",.,"A",.,"A",.,"A",131,"D",.,"A",.,"A"
"20103",2204834,32,0,"1",.,"A",.,"A",.,"A",.,"A",.,"A",.,"A",559,"D",.,"A",.,"A",.,"A",.,"A",.,"A",200,"D",.,"A",.,"A"
"20103",2204844,65,0,"1",.,"A",.,"A",8,"D",.,"A",.,"A",.,"A",.,"A",.,"A",.,"A",.,"A",.,"A",.,"A",35,"D",.,"A",.,"A"
"20103",2204854,47,0,"1",.,"A",.,"A",.,"A",.,"A",.,"A",.,"A",.,"A",.,"A",.,"A",.,"A",.,"A",.,"A",.,"A",.,"A",.,"A"
"20103",2204864,50,0,"1",.,"A",.,"A",.,"A",.,"A",.,"A",.,"A",.,"A",.,"A",.,"A",.,"A",.,"A",.,"A",180,"D",.,"A",.,"A"
"20103",2204884,45,0,"1",.,"A",.,"A",.,"A",.,"A",.,"A",.,"A",.,"A",390,"D",24,"D",.,"A",.,"A",.,"A",.,"A",.,"A",.,"A"
"20103",2204894,23,0,"1",.,"A",.,"A",.,"A",.,"A",.,"A",.,"A",.,"A",.,"A",.,"A",.,"A",.,"A",.,"A",.,"A",.,"A",.,"A"
"20103",2204914,39,0,"1",.,"A",.,"A",.,"A",.,"A",.,"A",.,"A",.,"A",.,"A",.,"A",.,"A",.,"A",.,"A",75,"D",.,"A",.,"A"
"20103",2204944,54,0,"1",.,"A",.,"A",.,"A",.,"A",.,"A",.,"A",.,"A",.,"A",.,"A",.,"A",.,"A",.,"A",12,"D",.,"A",.,"A"
"20103",2204984,47,0,"1",.,"A",.,"A",.,"A",.,"A",.,"A",.,"A",.,"A",.,"A",.,"A",.,"A",.,"A",.,"A",.,"A",.,"A",.,"A"
"20103",2204994,79,0,"1",.,"A",.,"A",.,"A",.,"A",.,"A",.,"A",910,"D",.,"A",75,"D",.,"A",.,"A",.,"A",.,"A",.,"A",.,"A"
"20103",2205004,50,0,"1",.,"A",.,"A",.,"A",.,"A",.,"A",60,"D",.,"A",.,"A",.,"A",.,"A",.,"A",.,"A",95,"D",.,"A",.,"A"
"20103",2205014,72,0,"1",.,"A",.,"A",.,"A",.,"A",.,"A",.,"A",.,"A",.,"A",.,"A",.,"A",.,"A",.,"A",.,"A",.,"A",.,"A"
"20103",2205024,35,0,"1",.,"A",.,"A",.,"A",.,"A",.,"A",.,"A",.,"A",.,"A",.,"A",.,"A",.,"A",.,"A",175,"D",.,"A",.,"A"
"20103",2205034,42,0,"1",.,"A",.,"A",.,"A",.,"A",.,"A",.,"A",.,"A",.,"A",.,"A",.,"A",.,"A",.,"A",.,"A",.,"A",.,"A"
"20103",2205054,37,0,"1",.,"A",.,"A",.,"A",.,"A",.,"A",25,"D",.,"A",.,"A",.,"A",.,"A",.,"A",.,"A",65,"D",.,"A",.,"A"
"20103",2205064,27,0,"1",.,"A",.,"A",.,"A",.,"A",.,"A",.,"A",.,"A",.,"A",.,"A",0,"D",0,"D",30,"D",.,"A",0,"D",.,"A"
"20103",2205074,35,0,"1",.,"A",.,"A",.,"A",.,"A",.,"A",.,"A",.,"A",.,"A",.,"A",.,"A",.,"A",.,"A",50,"D",.,"A",.,"A"
"20103",2205114,48,0,"1",.,"A",.,"A",.,"A",.,"A",.,"A",.,"A",.,"A",.,"A",.,"A",.,"A",.,"A",.,"A",.,"A",.,"A",.,"A"
"20103",2205134,47,0,"1",.,"A",.,"A",.,"A",.,"A",48,"D",30,"D",.,"A",.,"A",.,"A",.,"A",.,"A",.,"A",270,"D",.,"A",.,"A"
"20103",2205144,62,0,"1",.,"A",.,"A",.,"A",.,"A",.,"A",.,"A",.,"A",.,"A",.,"A",.,"A",.,"A",.,"A",80,"D",.,"A",.,"A"
"20103",2205164,74,0,"1",.,"A",.,"A",.,"A",.,"A",.,"A",.,"A",.,"A",.,"A",.,"A",.,"A",.,"A",.,"A",.,"A",.,"A",.,"A"
"20103",2205204,94,0,"1",.,"A",.,"A",.,"A",14,"D",.,"A",150,"D",.,"A",39,"D",.,"A",.,"A",.,"A",.,"A",520,"D",.,"A",.,"A"
"20103",2205214,38,0,"1",.,"A",.,"A",.,"A",.,"A",.,"A",.,"A",585,"D",.,"A",.,"A",.,"A",.,"A",.,"A",.,"A",.,"A",.,"A"
"20103",2205235,39,0,"1",.,"A",.,"A",.,"A",.,"A",20,"D",10,"D",.,"A",.,"A",.,"A",.,"A",.,"A",.,"A",70,"D",.,"A",.,"A"
"20103",2205264,65,0,"1",.,"A",.,"A",15,"D",.,"A",.,"A",.,"A",.,"A",.,"A",.,"A",.,"A",.,"A",.,"A",136,"D",.,"A",.,"A"
"20103",2205304,38,0,"1",.,"A",.,"A",.,"A",.,"A",150,"D",.,"A",.,"A",.,"A",.,"A",.,"A",.,"A",.,"A",.,"A",.,"A",.,"A"
"20103",2205314,63,0,"1",.,"A",.,"A",.,"A",.,"A",.,"A",.,"A",.,"A",.,"A",.,"A",.,"A",.,"A",.,"A",105,"D",.,"A",.,"A"
"20103",2205324,49,0,"1",.,"A",.,"A",.,"A",.,"A",.,"A",.,"A",.,"A",.,"A",.,"A",.,"A",.,"A",.,"A",35,"D",.,"A",.,"A"
"20103",2205334,51,0,"1",.,"A",.,"A",.,"A",.,"A",.,"A",.,"A",.,"A",.,"A",.,"A",.,"A",.,"A",.,"A",30,"D",.,"A",.,"A"
"20103",2205344,51,0,"1",.,"A",.,"A",.,"A",.,"A",.,"A",.,"A",.,"A",.,"A",.,"A",.,"A",.,"A",.,"A",10,"D",.,"A",.,"A"
"20103",2205354,59,0,"1",.,"A",.,"A",.,"A",.,"A",.,"A",.,"A",.,"A",.,"A",.,"A",.,"A",.,"A",.,"A",90,"D",.,"A",.,"A"
"20103",2205364,43,0,"1",.,"A",.,"A",.,"A",.,"A",.,"A",.,"A",156,"D",.,"A",.,"A",150,"D",0,"D",0,"D",.,"A",50,"D",.,"A"
"20103",2205374,38,0,"1",.,"A",.,"A",.,"A",.,"A",.,"A",.,"A",.,"A",.,"A",.,"A",.,"A",.,"A",.,"A",.,"A",.,"A",.,"A"
"20103",2205394,41,0,"1",.,"A",.,"A",.,"A",.,"A",.,"A",.,"A",.,"A",.,"A",.,"A",.,"A",.,"A",.,"A",11,"D",.,"A",.,"A"
"20103",2205404,34,0,"1",.,"A",.,"A",.,"A",60,"D",.,"A",.,"A",.,"A",.,"A",9,"D",0,"D",0,"D",90,"D",120,"D",0,"D",.,"A"
"20103",2205414,23,0,"1",.,"A",.,"A",.,"A",.,"A",.,"A",.,"A",.,"A",.,"A",.,"A",.,"A",.,"A",.,"A",.,"A",.,"A",.,"A"
"20103",2205424,81,0,"1",.,"A",.,"A",.,"A",.,"A",.,"A",10,"D",.,"A",.,"A",30,"D",0,"D",0,"D",120,"D",100,"D",0,"D",.,"A"
"20103",2205434,49,0,"1",.,"A",.,"A",.,"A",.,"A",.,"A",.,"A",.,"A",.,"A",.,"A",0,"D",0,"D",90,"D",150,"D",0,"D",.,"A"
"20103",2205445,81,0,"1",.,"A",.,"A",.,"A",.,"A",.,"A",40,"D",.,"A",.,"A",.,"A",.,"A",.,"A",.,"A",600,"D",.,"A",.,"A"
"20103",2205454,30,0,"1",.,"A",.,"A",.,"A",.,"A",20,"D",.,"A",.,"A",.,"A",.,"A",.,"A",.,"A",.,"A",.,"A",.,"A",.,"A"
"20103",2205484,44,0,"1",.,"A",.,"A",.,"A",.,"A",.,"A",.,"A",.,"A",.,"A",.,"A",.,"A",.,"A",.,"A",51,"D",.,"A",.,"A"
"20103",2205494,55,0,"1",.,"A",.,"A",.,"A",.,"A",.,"A",45,"D",.,"A",.,"A",.,"A",.,"A",.,"A",.,"A",.,"A",.,"A",.,"A"
"20103",2205504,60,0,"1",.,"A",.,"A",.,"A",.,"A",.,"A",.,"A",.,"A",.,"A",.,"A",.,"A",.,"A",.,"A",450,"D",.,"A",.,"A"
"20103",2205524,43,0,"1",.,"A",.,"A",.,"A",.,"A",120,"D",.,"A",364,"D",.,"A",9,"D",.,"A",.,"A",.,"A",80,"D",.,"A",.,"A"
"20103",2205534,59,0,"1",.,"A",.,"A",.,"A",.,"A",.,"A",240,"D",.,"A",.,"A",.,"A",.,"A",.,"A",.,"A",335,"D",.,"A",.,"A"
"20103",2205544,41,0,"1",.,"A",.,"A",.,"A",.,"A",.,"A",.,"A",.,"A",.,"A",.,"A",.,"A",.,"A",.,"A",.,"A",.,"A",.,"A"
"20103",2205554,36,0,"1",.,"A",.,"A",.,"A",.,"A",.,"A",.,"A",195,"D",.,"A",.,"A",.,"A",.,"A",.,"A",150,"D",.,"A",.,"A"
"20103",2205574,60,0,"1",.,"A",.,"A",.,"A",.,"A",.,"A",.,"A",.,"A",.,"A",.,"A",.,"A",.,"A",.,"A",300,"D",.,"A",.,"A"
"20103",2205584,32,0,"1",.,"A",.,"A",.,"A",.,"A",.,"A",.,"A",.,"A",.,"A",.,"A",.,"A",.,"A",.,"A",.,"A",.,"A",.,"A"
"20103",2205594,77,0,"1",.,"A",.,"A",.,"A",.,"A",.,"A",.,"A",.,"A",.,"A",.,"A",.,"A",.,"A",.,"A",100,"D",.,"A",.,"A"
"20103",2205614,54,0,"1",.,"A",.,"A",.,"A",.,"A",.,"A",.,"A",.,"A",.,"A",.,"A",.,"A",.,"A",.,"A",200,"D",.,"A",.,"A"
"20103",2205624,51,0,"1",.,"A",.,"A",.,"A",.,"A",.,"A",.,"A",.,"A",.,"A",.,"A",.,"A",.,"A",.,"A",200,"D",.,"A",.,"A"
"20103",2205634,29,0,"1",11,"D",.,"A",.,"A",.,"A",34,"D",.,"A",.,"A",.,"A",.,"A",.,"A",.,"A",.,"A",24,"D",.,"A",.,"A"
"20103",2205644,48,0,"1",.,"A",.,"A",.,"A",.,"A",.,"A",.,"A",.,"A",.,"A",.,"A",.,"A",.,"A",.,"A",.,"A",.,"A",.,"A"
"20103",2205674,43,0,"1",.,"A",.,"A",.,"A",.,"A",.,"A",.,"A",.,"A",.,"A",.,"A",.,"A",.,"A",.,"A",.,"A",.,"A",.,"A"
"20103",2205684,44,0,"1",.,"A",.,"A",.,"A",60,"D",180,"D",180,"D",.,"A",.,"A",.,"A",300,"D",0,"D",0,"D",150,"D",100,"D",.,"A"
"20103",2205704,48,0,"1",.,"A",.,"A",.,"A",.,"A",.,"A",.,"A",.,"A",.,"A",.,"A",.,"A",.,"A",.,"A",40,"D",.,"A",.,"A"
"20103",2205724,41,0,"1",.,"A",.,"A",.,"A",.,"A",.,"A",10,"D",.,"A",.,"A",.,"A",.,"A",.,"A",.,"A",45,"D",.,"A",.,"A"
"20103",2205734,85,0,"1",.,"A",.,"A",.,"A",.,"A",.,"A",.,"A",390,"D",.,"A",18,"D",.,"A",.,"A",.,"A",310,"D",.,"A",.,"A"
"20103",2205744,38,0,"1",.,"A",.,"A",.,"A",.,"A",.,"A",.,"A",.,"A",.,"A",.,"A",.,"A",.,"A",.,"A",.,"A",.,"A",.,"A"
"20103",2205754,53,0,"1",.,"A",.,"A",.,"A",.,"A",.,"A",.,"A",.,"A",.,"A",.,"A",.,"A",.,"A",.,"A",150,"D",.,"A",.,"A"
"20103",2205764,44,0,"1",.,"A",.,"A",.,"A",.,"A",.,"A",.,"A",585,"F",.,"A",.,"A",.,"A",.,"A",.,"A",.,"A",.,"A",.,"A"
"20103",2205774,59,0,"1",.,"A",.,"A",.,"A",.,"A",.,"A",.,"A",195,"D",.,"A",.,"A",.,"A",.,"A",.,"A",91,"D",.,"A",.,"A"
"20103",2205804,39,0,"1",20,"D",.,"A",.,"A",.,"A",140,"D",.,"A",.,"A",.,"A",.,"A",.,"A",.,"A",.,"A",70,"D",.,"A",.,"A"
"20103",2205814,47,0,"1",.,"A",.,"A",.,"A",.,"A",.,"A",.,"A",.,"A",.,"A",.,"A",0,"D",81,"D",60,"D",450,"D",0,"D",.,"A"
"20103",2205824,43,0,"1",.,"A",.,"A",.,"A",.,"A",.,"A",.,"A",.,"A",.,"A",.,"A",.,"A",.,"A",.,"A",200,"F",.,"A",.,"A"
"20103",2205834,27,0,"1",.,"A",.,"A",.,"A",.,"A",.,"A",.,"A",.,"A",.,"A",.,"A",.,"A",.,"A",.,"A",.,"A",.,"A",.,"A"
"20103",2205864,34,0,"1",.,"A",.,"A",.,"A",.,"A",.,"A",.,"A",.,"A",.,"A",.,"A",.,"A",.,"A",.,"A",66,"D",.,"A",.,"A"
"20103",2205874,39,0,"1",.,"A",.,"A",.,"A",.,"A",.,"A",.,"A",559,"D",.,"A",.,"A",.,"A",.,"A",.,"A",.,"A",.,"A",.,"A"
"20103",2205884,66,0,"1",.,"A",.,"A",.,"A",.,"A",.,"A",.,"A",.,"A",.,"A",.,"A",.,"A",.,"A",.,"A",175,"D",.,"A",.,"A"
"20103",2205914,34,0,"1",.,"A",.,"A",.,"A",.,"A",.,"A",.,"A",.,"A",.,"A",.,"A",36,"D",0,"D",0,"D",.,"A",12,"D",.,"A"
"20103",2205924,58,0,"1",.,"A",.,"A",.,"A",.,"A",.,"A",40,"D",.,"A",.,"A",.,"A",.,"A",.,"A",.,"A",100,"D",.,"A",.,"A"
"20103",2205944,28,0,"1",.,"A",.,"A",.,"A",.,"A",.,"A",.,"A",.,"A",.,"A",.,"A",.,"A",.,"A",.,"A",.,"A",.,"A",.,"A"
"20103",2205994,50,0,"1",.,"A",.,"A",.,"A",.,"A",.,"A",.,"A",.,"A",.,"A",.,"A",.,"A",.,"A",.,"A",12,"D",.,"A",.,"A"
"20103",2206014,51,0,"1",.,"A",.,"A",.,"A",.,"A",.,"A",.,"A",.,"A",.,"A",.,"A",.,"A",.,"A",.,"A",.,"A",.,"A",.,"A"
"20103",2206024,30,0,"1",.,"A",.,"A",.,"A",.,"A",70,"D",.,"A",.,"A",.,"A",.,"A",0,"D",246,"D",0,"D",.,"A",0,"D",.,"A"
"20103",2206064,38,0,"1",.,"A",.,"A",.,"A",100,"D",.,"A",.,"A",.,"A",.,"A",.,"A",.,"A",.,"A",.,"A",.,"A",.,"A",.,"A"
"20103",2206074,32,0,"1",.,"A",.,"A",.,"A",.,"A",.,"A",.,"A",.,"A",.,"A",.,"A",.,"A",.,"A",.,"A",.,"A",.,"A",.,"A"
"20103",2206084,31,0,"1",.,"A",.,"A",.,"A",.,"A",80,"D",.,"A",.,"A",.,"A",.,"A",.,"A",.,"A",.,"A",.,"A",.,"A",.,"A"
"20103",2206094,44,0,"1",.,"A",.,"A",.,"A",.,"A",.,"A",.,"A",.,"A",.,"A",.,"A",.,"A",.,"A",.,"A",24,"D",.,"A",.,"A"
"20103",2206104,40,0,"1",.,"A",.,"A",.,"A",.,"A",.,"A",.,"A",.,"A",.,"A",.,"A",.,"A",.,"A",.,"A",90,"D",.,"A",.,"A"
"20103",2206124,53,0,"1",.,"A",.,"A",.,"A",.,"A",.,"A",.,"A",.,"A",.,"A",.,"A",.,"A",.,"A",.,"A",.,"A",.,"A",.,"A"
"20103",2206144,52,0,"1",.,"A",.,"A",.,"A",70,"D",.,"A",.,"A",.,"A",.,"A",.,"A",0,"D",0,"D",15,"D",.,"A",0,"D",.,"A"
"20103",2206154,59,0,"1",.,"A",.,"A",.,"A",.,"A",.,"A",.,"A",.,"A",.,"A",.,"A",.,"A",.,"A",.,"A",60,"D",.,"A",.,"A"
"20103",2206164,54,0,"1",.,"A",.,"A",.,"A",.,"A",.,"A",.,"A",650,"D",.,"A",.,"A",.,"A",.,"A",.,"A",50,"D",.,"A",.,"A"
"20103",2206174,46,0,"1",.,"A",.,"A",.,"A",.,"A",.,"A",.,"A",.,"A",.,"A",.,"A",.,"A",.,"A",.,"A",60,"D",.,"A",.,"A"
"20103",2206184,39,0,"1",.,"A",.,"A",.,"A",.,"A",.,"A",.,"A",195,"D",.,"A",.,"A",.,"A",.,"A",.,"A",.,"A",.,"A",.,"A"
"20103",2206194,37,0,"1",.,"A",.,"A",.,"A",.,"A",.,"A",.,"A",195,"D",.,"A",.,"A",.,"A",.,"A",.,"A",.,"A",.,"A",.,"A"
"20103",2206204,62,0,"1",.,"A",.,"A",25,"D",.,"A",.,"A",.,"A",.,"A",.,"A",.,"A",.,"A",.,"A",.,"A",.,"A",.,"A",.,"A"
"20103",2206224,40,0,"1",.,"A",.,"A",.,"A",.,"A",.,"A",.,"A",.,"A",.,"A",.,"A",.,"A",.,"A",.,"A",.,"A",.,"A",.,"A"
"20103",2206244,43,0,"1",.,"A",.,"A",.,"A",.,"A",.,"A",.,"A",.,"A",.,"A",.,"A",.,"A",.,"A",.,"A",.,"A",.,"A",.,"A"
"20103",2206264,62,0,"1",.,"A",.,"A",25,"D",.,"A",.,"A",.,"A",.,"A",260,"D",.,"A",.,"A",.,"A",.,"A",14,"D",.,"A",.,"A"
"20103",2206294,53,0,"1",.,"A",.,"A",.,"A",.,"A",.,"A",.,"A",520,"D",.,"A",.,"A",.,"A",.,"A",.,"A",0,"D",.,"A",.,"A"
"20103",2206334,77,0,"1",.,"A",.,"A",.,"A",.,"A",.,"A",.,"A",.,"A",.,"A",.,"A",.,"A",.,"A",.,"A",530,"D",.,"A",.,"A"
"20103",2206364,56,0,"1",.,"A",.,"A",.,"A",.,"A",.,"A",35,"D",.,"A",.,"A",30,"D",.,"A",.,"A",.,"A",50,"D",.,"A",.,"A"
"20103",2206374,52,0,"1",.,"A",.,"A",.,"A",.,"A",.,"A",.,"A",.,"A",.,"A",.,"A",.,"A",.,"A",.,"A",150,"D",.,"A",.,"A"
"20103",2206404,98,0,"1",.,"A",.,"A",.,"A",.,"A",.,"A",.,"A",.,"A",.,"A",.,"A",.,"A",.,"A",.,"A",200,"D",.,"A",.,"A"
"20103",2206414,46,0,"1",.,"A",.,"A",.,"A",.,"A",.,"A",45,"D",.,"A",.,"A",.,"A",.,"A",.,"A",.,"A",.,"A",.,"A",.,"A"
"20103",2206454,50,0,"1",.,"A",.,"A",.,"A",.,"A",.,"A",.,"A",.,"A",.,"A",.,"A",.,"A",.,"A",.,"A",60,"D",.,"A",.,"A"
"20103",2206464,28,0,"1",.,"A",.,"A",.,"A",.,"A",.,"A",.,"A",.,"A",.,"A",9,"F",.,"A",.,"A",.,"A",.,"A",.,"A",.,"A"
"20103",2206474,33,0,"1",.,"A",.,"A",.,"A",.,"A",.,"A",.,"A",.,"A",.,"A",.,"A",.,"A",.,"A",.,"A",.,"A",.,"A",.,"A"
"20103",2206484,44,0,"1",.,"A",.,"A",.,"A",.,"A",.,"A",.,"A",.,"A",.,"A",.,"A",.,"A",.,"A",.,"A",40,"F",.,"A",.,"A"
"20103",2206504,35,0,"1",.,"A",.,"A",.,"A",.,"A",.,"A",.,"A",.,"A",.,"A",.,"A",.,"A",.,"A",.,"A",50,"F",.,"A",.,"A"
"20103",2206584,53,0,"1",.,"A",.,"A",.,"A",.,"A",.,"A",.,"A",.,"A",.,"A",.,"A",.,"A",.,"A",.,"A",15,"D",.,"A",.,"A"
"20103",2206594,54,0,"1",.,"A",.,"A",.,"A",.,"A",.,"A",.,"A",.,"A",.,"A",.,"A",.,"A",.,"A",.,"A",45,"D",.,"A",.,"A"
"20103",2206604,36,0,"1",.,"A",.,"A",.,"A",.,"A",.,"A",.,"A",.,"A",.,"A",.,"A",.,"A",.,"A",.,"A",.,"A",.,"A",.,"A"
"20103",2206614,58,0,"1",.,"A",.,"A",.,"A",.,"A",.,"A",.,"A",.,"A",.,"A",.,"A",.,"A",.,"A",.,"A",100,"D",.,"A",.,"A"
"20103",2206634,46,0,"1",.,"A",.,"A",.,"A",.,"A",130,"D",.,"A",.,"A",.,"A",.,"A",360,"D",0,"D",0,"D",.,"A",120,"D",.,"A"
"20103",2206644,56,0,"1",.,"A",.,"A",.,"A",.,"A",.,"A",.,"A",130,"D",.,"A",.,"A",.,"A",.,"A",.,"A",240,"D",.,"A",.,"A"
"20103",2206664,63,0,"1",.,"A",.,"A",.,"A",.,"A",.,"A",.,"A",.,"A",.,"A",.,"A",.,"A",.,"A",.,"A",72,"D",.,"A",.,"A"
"20103",2206684,44,0,"1",.,"A",.,"A",.,"A",.,"A",.,"A",.,"A",.,"A",.,"A",.,"A",.,"A",.,"A",.,"A",.,"A",.,"A",.,"A"
"20103",2206694,49,0,"1",.,"A",.,"A",.,"A",.,"A",.,"A",.,"A",.,"A",.,"A",.,"A",.,"A",.,"A",.,"A",220,"D",.,"A",.,"A"
"20103",2206704,36,0,"1",.,"A",.,"A",.,"A",.,"A",.,"A",.,"A",.,"A",.,"A",.,"A",.,"A",.,"A",.,"A",.,"A",.,"A",.,"A"
"20103",2206734,38,0,"1",.,"A",.,"A",.,"A",.,"A",.,"A",.,"A",.,"A",.,"A",.,"A",.,"A",.,"A",.,"A",.,"A",.,"A",.,"A"
"20103",2206754,88,0,"1",.,"A",.,"A",.,"A",.,"A",115,"D",.,"A",.,"A",.,"A",.,"A",.,"A",.,"A",.,"A",32,"D",.,"A",.,"A"
"20103",2206774,61,0,"1",.,"A",.,"A",.,"A",.,"A",.,"A",72,"D",.,"A",.,"A",.,"A",.,"A",.,"A",.,"A",30,"D",.,"A",.,"A"
"20103",2206784,36,0,"1",.,"A",.,"A",.,"A",.,"A",.,"A",.,"A",325,"D",.,"A",.,"A",.,"A",.,"A",.,"A",.,"A",.,"A",.,"A"
"20103",2206794,51,0,"1",.,"A",.,"A",.,"A",.,"A",.,"A",.,"A",.,"A",.,"A",.,"A",.,"A",.,"A",.,"A",.,"A",.,"A",.,"A"
"20103",2206834,66,0,"1",.,"A",.,"A",.,"A",.,"A",.,"A",.,"A",.,"A",.,"A",.,"A",300,"D",0,"D",300,"D",270,"D",100,"D",.,"A"
"20103",2206844,79,0,"1",.,"A",.,"A",.,"A",.,"A",.,"A",.,"A",260,"D",.,"A",.,"A",.,"A",.,"A",.,"A",.,"A",.,"A",.,"A"
"20103",2206864,54,0,"1",.,"A",.,"A",.,"A",.,"A",.,"A",.,"A",.,"A",.,"A",.,"A",.,"A",.,"A",.,"A",.,"A",.,"A",.,"A"
"20103",2206894,61,0,"1",.,"A",.,"A",.,"A",.,"A",.,"A",.,"A",.,"A",.,"A",.,"A",.,"A",.,"A",.,"A",450,"D",.,"A",.,"A"
"20103",2206914,36,0,"1",.,"A",.,"A",.,"A",.,"A",.,"A",.,"A",.,"A",.,"A",.,"A",.,"A",.,"A",.,"A",45,"D",.,"A",.,"A"
"20103",2206924,94,0,"1",.,"A",.,"A",.,"A",.,"A",.,"A",30,"D",.,"A",.,"A",.,"A",.,"A",.,"A",.,"A",100,"D",.,"A",.,"A"
"20103",2206944,60,0,"1",.,"A",.,"A",.,"A",.,"A",.,"A",.,"A",.,"A",.,"A",.,"A",.,"A",.,"A",.,"A",15,"D",.,"A",.,"A"
"20103",2206954,42,0,"1",.,"A",.,"A",.,"A",.,"A",.,"A",.,"A",780,"D",.,"A",.,"A",.,"A",.,"A",.,"A",.,"A",.,"A",.,"A"
"20103",2206964,47,0,"1",.,"A",.,"A",.,"A",.,"A",.,"A",.,"A",.,"A",.,"A",.,"A",.,"A",.,"A",.,"A",75,"D",.,"A",.,"A"
"20103",2206974,46,0,"1",.,"A",.,"A",.,"A",.,"A",.,"A",.,"A",.,"A",.,"A",.,"A",.,"A",.,"A",.,"A",93,"D",.,"A",.,"A"
"20103",2206984,70,0,"1",.,"A",.,"A",.,"A",.,"A",.,"A",.,"A",.,"A",.,"A",.,"A",.,"A",.,"A",.,"A",.,"A",.,"A",.,"A"
"20103",2207004,43,0,"1",.,"A",.,"A",.,"A",.,"A",.,"A",.,"A",.,"A",.,"A",.,"A",.,"A",.,"A",.,"A",70,"D",.,"A",.,"A"
"20103",2207014,70,0,"1",.,"A",.,"A",.,"A",.,"A",.,"A",.,"A",.,"A",.,"A",.,"A",.,"A",.,"A",.,"A",60,"D",.,"A",.,"A"
"20103",2207054,42,0,"1",.,"A",.,"A",.,"A",.,"A",.,"A",.,"A",.,"A",.,"A",.,"A",.,"A",.,"A",.,"A",250,"D",.,"A",.,"A"
"20103",2207064,52,0,"1",.,"A",.,"A",.,"A",.,"A",.,"A",.,"A",.,"A",.,"A",.,"A",.,"A",.,"A",.,"A",300,"D",.,"A",.,"A"
"20103",2207084,39,0,"1",.,"A",.,"A",.,"A",.,"A",.,"A",.,"A",650,"D",.,"A",.,"A",.,"A",.,"A",.,"A",120,"D",.,"A",.,"A"
"20103",2207094,27,0,"1",.,"A",.,"A",.,"A",30,"D",.,"A",.,"A",.,"A",.,"A",.,"A",.,"A",.,"A",.,"A",.,"A",.,"A",.,"A"
"20103",2207124,52,0,"1",.,"A",.,"A",.,"A",.,"A",.,"A",.,"A",.,"A",.,"A",.,"A",.,"A",.,"A",.,"A",65,"D",.,"A",.,"A"
"20103",2207134,54,0,"1",.,"A",.,"A",.,"A",.,"A",.,"A",.,"A",.,"A",65,"D",.,"A",.,"A",.,"A",.,"A",18,"D",.,"A",.,"A"
"20103",2207144,41,0,"1",.,"A",.,"A",.,"A",.,"A",.,"A",.,"A",.,"A",.,"A",.,"A",.,"A",.,"A",.,"A",120,"D",.,"A",.,"A"
"20103",2207154,44,0,"1",.,"A",.,"A",.,"A",30,"D",240,"D",.,"A",.,"A",.,"A",.,"A",120,"D",120,"D",0,"D",.,"A",40,"D",.,"A"
"20103",2207174,61,0,"1",.,"A",.,"A",.,"A",.,"A",.,"A",.,"A",.,"A",.,"A",.,"A",.,"A",.,"A",.,"A",180,"D",.,"A",.,"A"
"20103",2207194,57,0,"1",.,"A",.,"A",.,"A",.,"A",.,"A",.,"A",.,"A",.,"A",.,"A",.,"A",.,"A",.,"A",59,"D",.,"A",.,"A"
"20103",2207204,47,0,"1",.,"A",.,"A",.,"A",.,"A",.,"A",.,"A",.,"A",.,"A",.,"A",.,"A",.,"A",.,"A",.,"A",.,"A",.,"A"
"20103",2207234,59,0,"1",.,"A",.,"A",.,"A",.,"A",.,"A",.,"A",.,"A",.,"A",3,"D",.,"A",.,"A",.,"A",195,"D",.,"A",.,"A"
"20103",2207264,100,0,"1",.,"A",.,"A",.,"A",.,"A",.,"A",75,"D",.,"A",.,"A",.,"A",240,"D",0,"D",0,"D",220,"D",80,"D",240,"D"
"20103",2207284,84,0,"1",.,"A",.,"A",.,"A",.,"A",.,"A",.,"A",.,"A",.,"A",.,"A",.,"A",.,"A",.,"A",45,"D",.,"A",.,"A"
"20103",2207315,29,0,"1",.,"A",.,"A",.,"A",.,"A",.,"A",.,"A",.,"A",.,"A",.,"A",.,"A",.,"A",.,"A",.,"A",.,"A",.,"A"
"20103",2207324,90,0,"1",.,"A",.,"A",.,"A",.,"A",.,"A",.,"A",.,"A",.,"A",.,"A",.,"A",.,"A",.,"A",.,"A",.,"A",.,"A"
"20103",2207354,44,0,"1",.,"A",.,"A",.,"A",.,"A",.,"A",.,"A",.,"A",.,"A",.,"A",.,"A",.,"A",.,"A",.,"A",.,"A",.,"A"
"20103",2207364,38,0,"1",.,"A",.,"A",.,"A",.,"A",.,"A",.,"A",260,"D",.,"A",.,"A",.,"A",.,"A",.,"A",25,"D",.,"A",.,"A"
"20103",2207374,53,0,"1",.,"A",.,"A",.,"A",.,"A",.,"A",.,"A",.,"A",.,"A",.,"A",.,"A",.,"A",.,"A",.,"A",.,"A",.,"A"
"20103",2207444,55,0,"1",.,"A",.,"A",.,"A",.,"A",.,"A",.,"A",.,"A",.,"A",45,"D",.,"A",.,"A",.,"A",200,"D",.,"A",.,"A"
"20103",2207484,27,0,"1",5,"D",.,"A",.,"A",.,"A",34,"D",.,"A",.,"A",.,"A",.,"A",135,"D",0,"D",0,"D",.,"A",45,"D",.,"A"
"20103",2207504,22,0,"1",.,"A",.,"A",.,"A",.,"A",15,"D",.,"A",.,"A",.,"A",.,"A",.,"A",.,"A",.,"A",.,"A",.,"A",.,"A"
"20103",2207554,71,0,"1",.,"A",.,"A",.,"A",.,"A",.,"A",.,"A",.,"A",.,"A",.,"A",.,"A",.,"A",.,"A",220,"D",.,"A",.,"A"
"20103",2207574,42,0,"1",.,"A",.,"A",.,"A",.,"A",.,"A",.,"A",.,"A",.,"A",.,"A",.,"A",.,"A",.,"A",45,"D",.,"A",.,"A"
"20103",2207584,30,0,"1",.,"A",.,"A",.,"A",.,"A",.,"A",.,"A",.,"A",.,"A",.,"A",.,"A",.,"A",.,"A",.,"A",.,"A",.,"A"
"20103",2207604,47,0,"1",.,"A",.,"A",.,"A",.,"A",.,"A",.,"A",.,"A",.,"A",.,"A",.,"A",.,"A",.,"A",150,"D",.,"A",.,"A"
"20103",2207624,29,0,"1",.,"A",.,"A",.,"A",.,"A",.,"A",.,"A",.,"A",.,"A",.,"A",.,"A",.,"A",.,"A",.,"A",.,"A",.,"A"
"20103",2207634,24,0,"1",.,"A",.,"A",.,"A",.,"A",100,"D",.,"A",.,"A",.,"A",.,"A",300,"D",0,"D",0,"D",.,"A",100,"D",.,"A"
"20103",2207644,27,0,"1",.,"A",.,"A",.,"A",90,"D",120,"D",50,"D",910,"D",.,"A",.,"A",0,"D",0,"D",24,"D",190,"D",0,"D",.,"A"
"20103",2207654,48,0,"1",.,"A",.,"A",.,"A",.,"A",.,"A",.,"A",.,"A",.,"A",.,"A",.,"A",.,"A",.,"A",.,"A",.,"A",.,"A"
"20103",2207664,60,0,"1",.,"A",.,"A",.,"A",.,"A",.,"A",.,"A",.,"A",.,"A",.,"A",.,"A",.,"A",.,"A",180,"D",.,"A",.,"A"
"20103",2207674,76,0,"1",.,"A",.,"A",.,"A",.,"A",.,"A",.,"A",.,"A",.,"A",36,"D",.,"A",.,"A",.,"A",80,"D",.,"A",.,"A"
"20103",2207694,88,0,"1",.,"A",.,"A",.,"A",.,"A",.,"A",.,"A",650,"D",.,"A",.,"A",.,"A",.,"A",.,"A",90,"D",.,"A",.,"A"
"20103",2207714,76,0,"1",.,"A",.,"A",.,"A",.,"A",.,"A",.,"A",.,"A",.,"A",.,"A",.,"A",.,"A",.,"A",.,"A",.,"A",.,"A"
"20103",2207724,32,0,"1",.,"A",.,"A",.,"A",.,"A",.,"A",.,"A",208,"D",.,"A",.,"A",.,"A",.,"A",.,"A",.,"A",.,"A",.,"A"
"20103",2207734,39,0,"1",.,"A",.,"A",.,"A",.,"A",.,"A",.,"A",.,"A",.,"A",.,"A",.,"A",.,"A",.,"A",44,"D",.,"A",.,"A"
"20103",2207764,54,0,"1",.,"A",.,"A",.,"A",.,"A",.,"A",.,"A",.,"A",.,"A",.,"A",.,"A",.,"A",.,"A",275,"D",.,"A",.,"A"
"20103",2207794,49,0,"1",.,"A",.,"A",.,"A",.,"A",.,"A",.,"A",.,"A",.,"A",.,"A",.,"A",.,"A",.,"A",60,"D",.,"A",.,"A"
"20103",2207804,52,0,"1",.,"A",.,"A",.,"A",.,"A",.,"A",.,"A",.,"A",.,"A",.,"A",.,"A",.,"A",.,"A",.,"A",.,"A",.,"A"
"20103",2207824,65,0,"1",.,"A",.,"A",.,"A",.,"A",.,"A",.,"A",.,"A",.,"A",.,"A",.,"A",.,"A",.,"A",40,"D",.,"A",.,"A"
"20103",2207854,50,0,"1",.,"A",.,"A",.,"A",.,"A",.,"A",.,"A",.,"A",.,"A",.,"A",.,"A",.,"A",.,"A",30,"D",.,"A",.,"A"
"20103",2207874,68,0,"1",.,"A",.,"A",.,"A",.,"A",.,"A",.,"A",260,"D",.,"A",.,"A",.,"A",.,"A",.,"A",160,"D",.,"A",.,"A"
"20103",2207884,69,0,"1",.,"A",.,"A",.,"A",.,"A",.,"A",.,"A",.,"A",.,"A",.,"A",.,"A",.,"A",.,"A",104,"D",.,"A",.,"A"
"20103",2207894,25,0,"1",.,"A",.,"A",.,"A",.,"A",.,"A",.,"A",.,"A",.,"A",.,"A",.,"A",.,"A",.,"A",.,"A",.,"A",.,"A"
"20103",2207914,41,0,"1",.,"A",.,"A",.,"A",.,"A",90,"D",.,"A",.,"A",.,"A",.,"A",.,"A",.,"A",.,"A",150,"D",.,"A",.,"A"
"20103",2207954,36,0,"1",.,"A",.,"A",.,"A",.,"A",.,"A",.,"A",.,"A",.,"A",.,"A",.,"A",.,"A",.,"A",16,"D",.,"A",.,"A"
"20103",2207974,63,0,"1",.,"A",.,"A",.,"A",.,"A",140,"D",.,"A",910,"D",.,"A",.,"A",.,"A",.,"A",.,"A",140,"D",.,"A",.,"A"
"20103",2207984,31,0,"1",.,"A",.,"A",.,"A",.,"A",.,"A",.,"A",.,"A",.,"A",.,"A",.,"A",.,"A",.,"A",.,"A",.,"A",.,"A"
"20103",2207994,49,0,"1",.,"A",.,"A",.,"A",.,"A",.,"A",.,"A",.,"A",.,"A",.,"A",.,"A",.,"A",.,"A",120,"D",.,"A",.,"A"
"20103",2208004,39,0,"1",.,"A",.,"A",.,"A",.,"A",.,"A",.,"A",.,"A",.,"A",.,"A",.,"A",.,"A",.,"A",.,"A",.,"A",.,"A"
"20103",2208014,40,0,"1",.,"A",.,"A",.,"A",.,"A",.,"A",.,"A",.,"A",.,"A",.,"A",.,"A",.,"A",.,"A",30,"D",.,"A",.,"A"
"20103",2208024,69,0,"1",.,"A",.,"A",.,"A",.,"A",.,"A",.,"A",.,"A",.,"A",.,"A",.,"A",.,"A",.,"A",340,"D",.,"A",.,"A"
"20103",2208034,33,0,"1",.,"A",.,"A",.,"A",.,"A",150,"D",.,"A",325,"D",.,"A",.,"A",120,"D",0,"D",0,"D",.,"A",40,"D",.,"A"
"20103",2208044,34,0,"1",.,"A",.,"A",.,"A",.,"A",.,"A",.,"A",.,"A",.,"A",.,"A",.,"A",.,"A",.,"A",.,"A",.,"A",.,"A"
"20103",2208054,37,0,"1",.,"A",.,"A",.,"A",.,"A",.,"A",.,"A",.,"A",.,"A",.,"A",.,"A",.,"A",.,"A",214,"D",.,"A",.,"A"
"20103",2208064,55,0,"1",.,"A",.,"A",.,"A",.,"A",.,"A",.,"A",2080,"D",.,"A",.,"A",.,"A",.,"A",.,"A",230,"D",.,"A",.,"A"
"20103",2208074,42,0,"1",.,"A",.,"A",.,"A",.,"A",.,"A",.,"A",.,"A",.,"A",.,"A",.,"A",.,"A",.,"A",120,"D",.,"A",.,"A"
"20103",2208084,38,0,"1",2,"D",.,"A",.,"A",.,"A",128,"D",.,"A",325,"D",.,"A",.,"A",.,"A",.,"A",.,"A",44,"D",.,"A",.,"A"
"20103",2208094,51,0,"1",.,"A",.,"A",.,"A",.,"A",.,"A",.,"A",.,"A",.,"A",.,"A",.,"A",.,"A",.,"A",30,"D",.,"A",.,"A"
"20103",2208134,55,0,"1",.,"A",.,"A",.,"A",.,"A",.,"A",.,"A",585,"D",.,"A",.,"A",.,"A",.,"A",.,"A",.,"A",.,"A",.,"A"
"20103",2208144,35,0,"1",.,"A",.,"A",.,"A",.,"A",.,"A",.,"A",.,"A",.,"A",15,"D",.,"A",.,"A",.,"A",.,"A",.,"A",.,"A"
"20103",2208164,43,0,"1",.,"A",.,"A",.,"A",.,"A",.,"A",.,"A",130,"D",.,"A",.,"A",.,"A",.,"A",.,"A",.,"A",.,"A",.,"A"
"20103",2208184,36,0,"1",.,"A",.,"A",.,"A",.,"A",.,"A",300,"D",.,"A",78,"D",.,"A",.,"A",.,"A",.,"A",36,"D",.,"A",.,"A"
"20103",2208194,52,0,"1",.,"A",.,"A",.,"A",.,"A",.,"A",.,"A",.,"A",.,"A",.,"A",.,"A",.,"A",.,"A",300,"D",.,"A",.,"A"
"20103",2208224,55,0,"1",.,"A",.,"A",.,"A",.,"A",.,"A",.,"A",.,"A",.,"A",.,"A",.,"A",.,"A",.,"A",42,"D",.,"A",.,"A"
"20103",2208234,94,0,"1",.,"A",.,"A",.,"A",.,"A",.,"A",600,"D",.,"A",.,"A",.,"A",.,"A",.,"A",.,"A",180,"D",.,"A",.,"A"
"20103",2208244,44,0,"1",.,"A",.,"A",.,"A",.,"A",.,"A",.,"A",.,"A",.,"A",.,"A",.,"A",.,"A",.,"A",.,"A",.,"A",.,"A"
"20103",2208294,39,0,"1",.,"A",.,"A",.,"A",.,"A",.,"A",.,"A",.,"A",.,"A",30,"D",.,"A",.,"A",.,"A",.,"A",.,"A",.,"A"
"20103",2208314,43,0,"1",.,"A",.,"A",.,"A",.,"A",.,"A",.,"A",.,"A",.,"A",.,"A",.,"A",.,"A",.,"A",.,"A",.,"A",.,"A"
"20103",2208324,27,0,"1",.,"A",.,"A",.,"A",.,"A",.,"A",.,"A",.,"A",.,"A",.,"A",0,"D",0,"D",60,"D",.,"A",0,"D",.,"A"
"20103",2208344,52,0,"1",.,"A",.,"A",.,"A",.,"A",.,"A",.,"A",.,"A",.,"A",.,"A",.,"A",.,"A",.,"A",50,"D",.,"A",.,"A"
"20103",2208354,45,0,"1",.,"A",.,"A",.,"A",.,"A",.,"A",.,"A",.,"A",.,"A",.,"A",.,"A",.,"A",.,"A",48,"D",.,"A",.,"A"
"20103",2208374,30,0,"1",.,"A",.,"A",.,"A",.,"A",.,"A",.,"A",.,"A",.,"A",.,"A",.,"A",.,"A",.,"A",.,"A",.,"A",.,"A"
"20103",2208394,40,0,"1",.,"A",.,"A",.,"A",.,"A",.,"A",.,"A",.,"A",.,"A",.,"A",.,"A",.,"A",.,"A",50,"D",.,"A",.,"A"
"20103",2208414,60,0,"1",.,"A",.,"A",.,"A",.,"A",.,"A",.,"A",.,"A",.,"A",.,"A",.,"A",.,"A",.,"A",.,"A",.,"A",.,"A"
"20103",2208424,26,0,"1",15,"D",.,"A",.,"A",.,"A",45,"D",.,"A",.,"A",.,"A",.,"A",.,"A",.,"A",.,"A",.,"A",.,"A",.,"A"
"20103",2208434,34,0,"1",.,"A",.,"A",.,"A",.,"A",.,"A",.,"A",.,"A",.,"A",.,"A",.,"A",.,"A",.,"A",.,"A",.,"A",.,"A"
"20103",2208444,37,0,"1",.,"A",.,"A",.,"A",.,"A",.,"A",.,"A",.,"A",.,"A",30,"D",.,"A",.,"A",.,"A",30,"D",.,"A",.,"A"
"20103",2208494,73,0,"1",.,"A",.,"A",.,"A",.,"A",.,"A",.,"A",.,"A",.,"A",.,"A",75,"F",0,"D",0,"D",60,"D",.,"C",.,"A"
"20103",2208514,65,0,"1",.,"A",.,"A",.,"A",.,"A",.,"A",.,"A",.,"A",.,"A",.,"A",.,"A",.,"A",.,"A",20,"D",.,"A",.,"A"
"20103",2208524,44,0,"1",.,"A",24,"D",.,"A",.,"A",.,"A",31,"D",.,"A",.,"A",.,"A",.,"A",.,"A",.,"A",.,"A",.,"A",.,"A"
"20103",2208544,58,0,"1",.,"A",.,"A",.,"A",.,"A",.,"A",.,"A",.,"A",.,"A",30,"D",.,"A",.,"A",.,"A",.,"A",.,"A",.,"A"
"20103",2208554,34,0,"1",.,"A",.,"A",.,"A",.,"A",.,"A",.,"A",.,"A",.,"A",.,"A",.,"A",.,"A",.,"A",.,"A",.,"A",.,"A"
"20103",2208564,40,0,"1",.,"A",.,"A",.,"A",.,"A",.,"A",.,"A",.,"A",.,"A",.,"A",.,"A",.,"A",.,"A",60,"D",.,"A",.,"A"
"20103",2208594,48,0,"1",.,"A",6,"D",.,"A",.,"A",.,"A",0,"D",2600,"D",.,"A",.,"A",.,"A",.,"A",.,"A",.,"A",.,"A",.,"A"
"20103",2208614,67,0,"1",.,"A",.,"A",.,"A",.,"A",.,"A",.,"A",.,"A",.,"A",.,"A",.,"A",.,"A",.,"A",.,"A",.,"A",.,"A"
"20103",2208634,79,0,"1",.,"A",.,"A",30,"D",.,"A",.,"A",100,"D",.,"A",.,"A",15,"D",.,"A",.,"A",.,"A",60,"D",.,"A",.,"A"
"20103",2208654,29,0,"1",.,"A",.,"A",.,"A",.,"A",.,"A",.,"A",.,"A",.,"A",.,"A",.,"A",.,"A",.,"A",0,"D",.,"A",.,"A"
"20103",2208664,37,0,"1",.,"A",.,"A",.,"A",.,"A",.,"A",225,"D",.,"A",.,"A",.,"A",.,"A",.,"A",.,"A",500,"D",.,"A",.,"A"
"20103",2208674,40,0,"1",.,"A",.,"A",.,"A",.,"A",.,"A",.,"A",.,"A",.,"A",.,"A",.,"A",.,"A",.,"A",40,"D",.,"A",.,"A"
"20103",2208694,82,0,"1",30,"D",.,"A",.,"A",.,"A",60,"D",60,"D",.,"A",.,"A",.,"A",0,"D",0,"D",60,"D",75,"D",0,"D",.,"A"
"20103",2208724,51,0,"1",.,"A",.,"A",.,"A",.,"A",.,"A",.,"A",520,"D",.,"A",.,"A",.,"A",.,"A",.,"A",25,"D",.,"A",.,"A"
"20103",2208744,58,0,"1",.,"A",.,"A",.,"A",.,"A",.,"A",.,"A",.,"A",.,"A",.,"A",.,"A",.,"A",.,"A",204,"D",.,"A",.,"A"
"20103",2208774,62,0,"1",.,"A",.,"A",.,"A",.,"A",.,"A",.,"A",.,"A",.,"A",.,"A",.,"A",.,"A",.,"A",69,"D",.,"A",.,"A"
"20103",2208784,61,0,"1",.,"A",.,"A",.,"A",.,"A",.,"A",.,"A",.,"A",.,"A",9,"D",.,"A",.,"A",.,"A",138,"D",.,"A",.,"A"
"20103",2208794,61,0,"1",.,"A",.,"A",.,"A",.,"A",.,"A",.,"A",.,"A",.,"A",.,"A",.,"A",.,"A",.,"A",90,"D",.,"A",.,"A"
"20103",2208804,42,0,"1",.,"A",.,"A",.,"A",.,"A",.,"A",.,"A",455,"D",.,"A",.,"A",.,"A",.,"A",.,"A",85,"D",.,"A",.,"A"
"20103",2208814,38,0,"1",.,"A",.,"A",.,"A",.,"A",.,"A",.,"A",65,"D",.,"A",.,"A",0,"D",0,"D",60,"D",13,"D",0,"D",.,"A"
"20103",2208824,68,0,"1",8,"D",.,"A",.,"A",50,"D",76,"D",.,"A",.,"A",.,"A",315,"D",0,"D",0,"D",240,"D",480,"D",0,"D",.,"A"
"20103",2208834,35,0,"1",.,"A",.,"A",.,"A",.,"A",.,"A",.,"A",.,"A",.,"A",.,"A",.,"A",.,"A",.,"A",.,"A",.,"A",.,"A"
"20103",2208864,37,0,"1",.,"A",.,"A",.,"A",.,"A",.,"A",.,"A",442,"D",.,"A",.,"A",.,"A",.,"A",.,"A",.,"A",.,"A",.,"A"
"20103",2208874,50,0,"1",.,"A",.,"A",.,"A",.,"A",.,"A",.,"A",.,"A",.,"A",.,"A",.,"A",.,"A",.,"A",30,"D",.,"A",.,"A"
"20103",2208924,64,0,"1",.,"A",.,"A",.,"A",.,"A",.,"A",.,"A",.,"A",.,"A",.,"A",.,"A",.,"A",.,"A",.,"A",.,"A",.,"A"
"20103",2208994,71,0,"1",.,"A",.,"A",.,"A",.,"A",.,"A",6,"D",.,"A",.,"A",.,"A",.,"A",.,"A",.,"A",110,"D",.,"A",.,"A"
"20103",2209004,55,0,"1",.,"A",.,"A",.,"A",.,"A",.,"A",.,"A",.,"A",.,"A",.,"A",.,"A",.,"A",.,"A",275,"D",.,"A",.,"A"
"20103",2209014,68,0,"1",.,"A",.,"A",.,"A",.,"A",.,"A",.,"A",.,"A",.,"A",.,"A",.,"A",.,"A",.,"A",.,"A",.,"A",.,"A"
"20103",2209024,56,0,"1",.,"A",.,"A",.,"A",.,"A",.,"A",.,"A",.,"A",.,"A",.,"A",.,"A",.,"A",.,"A",33,"D",.,"A",.,"A"
"20103",2209034,48,0,"1",.,"A",.,"A",.,"A",.,"A",.,"A",.,"A",.,"A",.,"A",.,"A",.,"A",.,"A",.,"A",.,"A",.,"A",.,"A"
"20103",2209054,48,0,"1",.,"A",.,"A",.,"A",.,"A",.,"A",.,"A",.,"A",.,"A",.,"A",.,"A",.,"A",.,"A",52,"D",.,"A",.,"A"
"20103",2209074,53,0,"1",.,"A",.,"A",.,"A",.,"A",.,"A",.,"A",.,"A",.,"A",.,"A",.,"A",.,"A",.,"A",160,"D",.,"A",.,"A"
"20103",2209094,63,0,"1",.,"A",.,"A",.,"A",.,"A",.,"A",.,"A",.,"A",.,"A",.,"A",.,"A",.,"A",.,"A",.,"A",.,"A",.,"A"
"20103",2209104,36,0,"1",.,"A",.,"A",.,"A",.,"A",.,"A",.,"A",.,"A",.,"A",.,"A",.,"A",.,"A",.,"A",150,"D",.,"A",.,"A"
"20103",2209114,36,0,"1",.,"A",.,"A",.,"A",.,"A",.,"A",.,"A",.,"A",.,"A",.,"A",267,"D",0,"D",0,"D",.,"A",89,"D",.,"A"
"20103",2209134,33,0,"1",.,"A",.,"A",.,"A",.,"A",.,"A",.,"A",182,"D",.,"A",.,"A",.,"A",.,"A",.,"A",.,"A",.,"A",.,"A"
"20103",2209154,43,0,"1",.,"A",.,"A",.,"A",.,"A",.,"A",30,"D",.,"A",.,"A",15,"D",.,"A",.,"A",.,"A",290,"D",.,"A",.,"A"
"20103",2209164,64,0,"1",.,"A",.,"A",14,"D",.,"A",.,"A",.,"A",.,"A",.,"A",.,"A",.,"A",.,"A",.,"A",34,"D",.,"A",.,"A"
"20103",2209174,46,0,"1",.,"A",.,"A",.,"A",.,"A",.,"A",.,"A",.,"A",.,"A",.,"A",.,"A",.,"A",.,"A",120,"F",.,"A",.,"A"
"20103",2209185,55,0,"1",.,"A",.,"A",.,"A",.,"A",.,"A",.,"A",.,"A",.,"A",.,"A",.,"A",.,"A",.,"A",40,"D",.,"A",.,"A"
"20103",2209194,29,0,"1",.,"A",.,"A",.,"A",.,"A",256,"D",.,"A",.,"A",.,"A",.,"A",0,"D",0,"D",60,"D",.,"A",0,"D",.,"A"
"20103",2209214,41,0,"1",.,"A",.,"A",.,"A",.,"A",.,"A",.,"A",.,"A",.,"A",.,"A",.,"A",.,"A",.,"A",20,"D",.,"A",.,"A"
"20103",2209244,33,0,"1",.,"A",.,"A",.,"A",.,"A",.,"A",.,"A",.,"A",.,"A",.,"A",.,"A",.,"A",.,"A",.,"A",.,"A",.,"A"
"20103",2209254,45,0,"1",.,"A",.,"A",.,"A",.,"A",.,"A",.,"A",.,"A",.,"A",.,"A",.,"A",.,"A",.,"A",190,"D",.,"A",.,"A"
"20103",2209304,31,0,"1",.,"A",.,"A",.,"A",.,"A",.,"A",.,"A",.,"A",.,"A",.,"A",.,"A",.,"A",.,"A",.,"A",.,"A",.,"A"
"20103",2209324,57,0,"1",.,"A",.,"A",.,"A",.,"A",.,"A",.,"A",.,"A",.,"A",.,"A",.,"A",.,"A",.,"A",.,"A",.,"A",.,"A"
"20103",2209334,45,0,"1",.,"A",.,"A",.,"A",.,"A",.,"A",.,"A",.,"A",.,"A",.,"A",.,"A",.,"A",.,"A",40,"D",.,"A",.,"A"
"20103",2209344,69,0,"1",.,"A",.,"A",.,"A",.,"A",.,"A",50,"D",.,"A",.,"A",.,"A",.,"A",.,"A",.,"A",250,"D",.,"A",.,"A"
"20103",2209354,85,0,"1",.,"A",.,"A",.,"A",.,"A",.,"A",35,"D",.,"A",.,"A",.,"A",.,"A",.,"A",.,"A",87,"D",.,"A",.,"A"
"20103",2209374,29,0,"1",.,"A",.,"A",.,"A",.,"A",.,"A",.,"A",.,"A",.,"A",.,"A",.,"A",.,"A",.,"A",.,"A",.,"A",.,"A"
"20103",2209384,59,0,"1",.,"A",.,"A",.,"A",.,"A",.,"A",.,"A",390,"D",.,"A",.,"A",.,"A",.,"A",.,"A",30,"D",.,"A",.,"A"
"20103",2209394,37,0,"1",.,"A",.,"A",.,"A",.,"A",.,"A",.,"A",.,"A",.,"A",.,"A",.,"A",.,"A",.,"A",30,"D",.,"A",.,"A"
"20103",2209404,70,0,"1",.,"A",.,"A",.,"A",.,"A",.,"A",.,"A",.,"A",.,"A",.,"A",.,"A",.,"A",.,"A",.,"A",.,"A",.,"A"
"20103",2209414,37,0,"1",.,"A",.,"A",.,"A",70,"D",70,"D",.,"A",.,"A",.,"A",.,"A",.,"A",.,"A",.,"A",20,"D",.,"A",.,"A"
"20103",2209424,62,0,"1",.,"A",.,"A",.,"A",.,"A",.,"A",50,"D",.,"A",.,"A",.,"A",.,"A",.,"A",.,"A",200,"D",.,"A",.,"A"
"20103",2209434,63,0,"1",.,"A",.,"A",.,"A",.,"A",.,"A",.,"A",390,"D",.,"A",.,"A",.,"A",.,"A",.,"A",100,"D",.,"A",.,"A"
"20103",2209444,41,0,"1",.,"A",.,"A",.,"A",.,"A",.,"A",.,"A",.,"A",.,"A",.,"A",.,"A",.,"A",.,"A",.,"A",.,"A",.,"A"
"20103",2209464,52,0,"1",.,"A",.,"A",.,"A",.,"A",.,"A",.,"A",.,"A",.,"A",.,"A",.,"A",.,"A",.,"A",100,"D",.,"A",.,"A"
"20103",2209484,48,0,"1",.,"A",.,"A",.,"A",.,"A",.,"A",.,"A",.,"A",.,"A",.,"A",.,"A",.,"A",.,"A",.,"A",.,"A",.,"A"
"20103",2209504,69,0,"1",.,"A",.,"A",.,"A",.,"A",.,"A",.,"A",.,"A",.,"A",.,"A",.,"A",.,"A",.,"A",200,"D",.,"A",.,"A"
"20103",2209584,87,0,"1",.,"A",.,"A",60,"D",.,"A",.,"A",.,"A",2600,"D",.,"A",12,"D",.,"A",.,"A",.,"A",115,"D",.,"A",.,"A"
"20103",2209594,52,0,"1",.,"A",.,"A",.,"A",.,"A",.,"A",.,"A",195,"D",.,"A",.,"A",.,"A",.,"A",.,"A",50,"D",.,"A",.,"A"
"20103",2209604,54,0,"1",.,"A",.,"A",.,"A",.,"A",.,"A",.,"A",780,"D",.,"A",.,"A",.,"A",.,"A",.,"A",45,"D",.,"A",.,"A"
"20103",2209614,75,0,"1",.,"A",.,"A",.,"A",.,"A",.,"A",357,"D",.,"A",.,"A",.,"A",.,"A",.,"A",.,"A",300,"D",.,"A",.,"A"
"20103",2209664,33,0,"1",.,"A",.,"A",30,"D",.,"A",.,"A",.,"A",.,"A",.,"A",.,"A",.,"A",.,"A",.,"A",118,"D",.,"A",.,"A"
"20103",2209674,48,0,"1",.,"A",.,"A",.,"A",.,"A",.,"A",.,"A",.,"A",.,"A",.,"A",.,"A",.,"A",.,"A",27,"D",.,"A",.,"A"
"20103",2209684,40,0,"1",.,"A",.,"A",.,"A",.,"A",.,"A",.,"A",.,"A",.,"A",36,"D",.,"A",.,"A",.,"A",40,"D",.,"A",.,"A"
"20103",2209714,68,0,"1",.,"A",.,"A",.,"A",.,"A",.,"A",.,"A",.,"A",.,"A",.,"A",.,"A",.,"A",.,"A",180,"D",.,"A",.,"A"
"20103",2209734,64,0,"1",.,"A",.,"A",.,"A",.,"A",.,"A",.,"A",.,"A",.,"A",.,"A",.,"A",.,"A",.,"A",160,"D",.,"A",.,"A"
"20103",2209744,37,0,"1",.,"A",.,"A",.,"A",25,"D",.,"A",.,"A",208,"D",.,"A",.,"A",.,"A",.,"A",.,"A",80,"D",.,"A",.,"A"
"20103",2209764,61,0,"1",.,"A",.,"A",.,"A",.,"A",.,"A",.,"A",.,"A",.,"A",.,"A",.,"A",.,"A",.,"A",.,"A",.,"A",.,"A"
"20103",2209774,58,0,"1",.,"A",.,"A",.,"A",.,"A",.,"A",.,"A",.,"A",.,"A",.,"A",.,"A",.,"A",.,"A",200,"D",.,"A",.,"A"
"20103",2209784,71,0,"1",.,"A",.,"A",.,"A",.,"A",.,"A",40,"D",.,"A",.,"A",60,"D",.,"A",.,"A",.,"A",60,"D",.,"A",.,"A"
"20103",2209794,25,0,"1",.,"A",.,"A",.,"A",.,"A",120,"D",.,"A",.,"A",.,"A",.,"A",453,"D",0,"D",0,"D",.,"A",151,"D",.,"A"
"20103",2209804,42,0,"1",.,"A",.,"A",.,"A",.,"A",.,"A",.,"A",.,"A",286,"D",.,"A",.,"A",.,"A",.,"A",.,"A",.,"A",.,"A"
"20103",2209814,30,0,"1",.,"A",.,"A",.,"A",.,"A",.,"A",.,"A",.,"A",.,"A",.,"A",.,"A",.,"A",.,"A",.,"A",.,"A",.,"A"
"20103",2209834,45,0,"1",.,"A",.,"A",.,"A",.,"A",.,"A",.,"A",.,"A",.,"A",.,"A",.,"A",.,"A",.,"A",30,"D",.,"A",.,"A"
"20103",2209844,38,0,"1",.,"A",.,"A",.,"A",.,"A",.,"A",.,"A",.,"A",.,"A",.,"A",.,"A",.,"A",.,"A",.,"A",.,"A",.,"A"
"20103",2209854,36,0,"1",10,"D",.,"A",.,"A",100,"D",40,"D",.,"A",.,"A",.,"A",.,"A",267,"D",0,"D",0,"D",.,"A",89,"D",.,"A"
"20103",2209894,70,0,"1",.,"A",.,"A",.,"A",.,"A",.,"A",.,"A",260,"D",.,"A",.,"A",.,"A",.,"A",.,"A",.,"A",.,"A",.,"A"
"20103",2209904,62,0,"1",.,"A",.,"A",.,"A",.,"A",.,"A",.,"A",.,"A",.,"A",.,"A",.,"A",.,"A",.,"A",136,"D",.,"A",.,"A"
"20103",2209914,68,0,"1",.,"A",.,"A",.,"A",.,"A",.,"A",.,"A",.,"A",.,"A",.,"A",.,"A",.,"A",.,"A",150,"D",.,"A",.,"A"
"20103",2209924,62,0,"1",.,"A",.,"A",.,"A",.,"A",.,"A",.,"A",.,"A",.,"A",.,"A",45,"D",0,"D",0,"D",30,"D",15,"D",.,"A"
"20103",2209944,58,0,"1",.,"A",.,"A",.,"A",.,"A",.,"A",.,"A",.,"A",.,"A",.,"A",.,"A",.,"A",.,"A",.,"A",.,"A",.,"A"
"20103",2209954,66,0,"1",.,"A",.,"A",.,"A",.,"A",.,"A",.,"A",.,"A",.,"A",.,"A",.,"A",.,"A",.,"A",.,"A",.,"A",.,"A"
"20103",2209964,59,0,"1",.,"A",.,"A",.,"A",.,"A",.,"A",.,"A",312,"D",.,"A",.,"A",.,"A",.,"A",.,"A",.,"A",.,"A",.,"A"
"20103",2209974,44,0,"1",.,"A",.,"A",.,"A",.,"A",.,"A",.,"A",.,"A",.,"A",.,"A",.,"A",.,"A",.,"A",.,"A",.,"A",.,"A"
"20103",2210014,31,0,"1",.,"A",.,"A",.,"A",.,"A",120,"D",.,"A",.,"A",.,"A",.,"A",0,"D",0,"D",60,"D",40,"D",0,"D",.,"A"
"20103",2210024,30,0,"1",.,"A",.,"A",.,"A",.,"A",72,"D",.,"A",.,"A",.,"A",.,"A",0,"D",0,"D",0,"D",.,"A",0,"D",.,"A"
"20103",2210044,38,0,"1",.,"A",.,"A",.,"A",.,"A",.,"A",.,"A",.,"A",.,"A",.,"A",.,"A",.,"A",.,"A",33,"D",.,"A",.,"A"
"20103",2210074,34,0,"1",.,"A",.,"A",.,"A",.,"A",.,"A",.,"A",.,"A",.,"A",.,"A",.,"A",.,"A",.,"A",.,"A",.,"A",.,"A"
"20103",2210084,25,0,"1",.,"A",.,"A",.,"A",.,"A",.,"A",.,"A",.,"A",.,"A",.,"A",.,"A",.,"A",.,"A",.,"A",.,"A",.,"A"
"20103",2210094,56,0,"1",.,"A",.,"A",.,"A",.,"A",.,"A",.,"A",.,"A",.,"A",.,"A",.,"A",.,"A",.,"A",375,"D",.,"A",.,"A"
"20103",2210104,43,0,"1",.,"A",.,"A",.,"A",.,"A",.,"A",.,"A",.,"A",.,"A",.,"A",.,"A",.,"A",.,"A",.,"A",.,"A",.,"A"
"20103",2210114,45,0,"1",.,"A",.,"A",.,"A",.,"A",.,"A",.,"A",.,"A",.,"A",.,"A",.,"A",.,"A",.,"A",55,"D",.,"A",.,"A"
"20103",2210124,67,0,"1",12,"D",.,"A",.,"A",.,"A",0,"D",.,"A",.,"A",.,"A",.,"A",.,"A",.,"A",.,"A",25,"D",.,"A",.,"A"
"20103",2210134,26,0,"1",.,"A",.,"A",.,"A",.,"A",.,"A",.,"A",.,"A",.,"A",.,"A",0,"D",0,"D",18,"D",.,"A",0,"D",.,"A"
"20103",2210144,43,0,"1",10,"D",.,"A",.,"A",.,"A",30,"D",.,"A",.,"A",.,"A",.,"A",.,"A",.,"A",.,"A",30,"D",.,"A",.,"A"
"20103",2210184,72,0,"1",.,"A",.,"A",35,"D",.,"A",.,"A",.,"A",.,"A",.,"A",60,"D",288,"D",0,"D",0,"D",50,"D",96,"D",.,"A"
"20103",2210194,56,0,"1",.,"A",.,"A",.,"A",.,"A",.,"A",.,"A",.,"A",.,"A",.,"A",.,"A",.,"A",.,"A",78,"D",.,"A",.,"A"
"20103",2210224,53,0,"1",70,"D",.,"A",.,"A",.,"A",210,"D",.,"A",.,"A",.,"A",.,"A",.,"A",.,"A",.,"A",75,"D",.,"A",.,"A"
"20103",2210234,33,0,"1",.,"A",.,"A",.,"A",.,"A",.,"A",.,"A",.,"A",.,"A",.,"A",.,"A",.,"A",.,"A",.,"A",.,"A",.,"A"
"20103",2210244,54,0,"1",.,"A",.,"A",.,"A",.,"A",.,"A",.,"A",.,"A",39,"D",.,"A",.,"A",.,"A",.,"A",45,"D",.,"A",.,"A"
"20103",2210254,41,0,"1",.,"A",.,"A",.,"A",.,"A",.,"A",70,"D",.,"A",.,"A",.,"A",.,"A",.,"A",.,"A",.,"A",.,"A",.,"A"
"20103",2210264,27,0,"1",.,"A",.,"A",.,"A",.,"A",24,"D",.,"A",.,"A",.,"A",.,"A",0,"D",0,"D",90,"D",27,"D",0,"D",.,"A"
"20103",2210284,63,0,"1",.,"A",.,"A",.,"A",.,"A",.,"A",130,"D",.,"A",.,"A",.,"A",.,"A",.,"A",.,"A",226,"D",.,"A",.,"A"
"20103",2210294,52,0,"1",.,"A",.,"A",.,"A",.,"A",.,"A",.,"A",.,"A",.,"A",.,"A",.,"A",.,"A",.,"A",200,"D",.,"A",.,"A"
"20103",2210304,57,0,"1",.,"A",.,"A",.,"A",.,"A",.,"A",.,"A",.,"A",.,"A",.,"A",.,"A",.,"A",.,"A",180,"F",.,"A",.,"A"
"20103",2210344,42,0,"1",.,"A",.,"A",.,"A",.,"A",.,"A",.,"A",.,"A",.,"A",.,"A",.,"A",.,"A",.,"A",.,"A",.,"A",.,"A"
"20103",2210354,49,0,"1",.,"A",.,"A",.,"A",.,"A",.,"A",.,"A",.,"A",.,"A",.,"A",.,"A",.,"A",.,"A",25,"D",.,"A",.,"A"
"20103",2210364,51,0,"1",.,"A",.,"A",.,"A",.,"A",.,"A",.,"A",468,"D",.,"A",30,"D",0,"D",120,"D",180,"F",180,"D",0,"D",.,"A"
"20103",2210384,46,0,"1",.,"A",.,"A",.,"A",.,"A",.,"A",.,"A",195,"D",.,"A",.,"A",.,"A",.,"A",.,"A",.,"A",.,"A",.,"A"
"20103",2210394,54,0,"1",.,"A",.,"A",.,"A",.,"A",.,"A",.,"A",.,"A",.,"A",.,"A",45,"D",0,"D",0,"D",.,"A",15,"D",.,"A"
"20103",2210404,92,0,"1",.,"A",.,"A",1,"D",.,"A",.,"A",35,"D",.,"A",.,"A",.,"A",.,"A",.,"A",.,"A",60,"D",.,"A",.,"A"
"20103",2210414,47,0,"1",.,"A",.,"A",.,"A",.,"A",.,"A",.,"A",390,"D",.,"A",624,"D",.,"A",.,"A",.,"A",.,"A",.,"A",.,"A"
"20103",2210424,95,0,"1",.,"A",.,"A",25,"D",.,"A",.,"A",300,"D",.,"A",.,"A",.,"A",.,"A",.,"A",.,"A",110,"D",.,"A",.,"A"
"20103",2210434,112,0,"1",.,"A",.,"A",.,"A",.,"A",.,"A",.,"A",.,"A",.,"A",.,"A",.,"A",.,"A",.,"A",68,"D",.,"A",.,"A"
"20103",2210454,63,0,"1",.,"A",.,"A",.,"A",.,"A",.,"A",.,"A",.,"A",.,"A",.,"A",.,"A",.,"A",.,"A",86,"D",.,"A",.,"A"
"20103",2210474,77,0,"1",.,"A",.,"A",.,"A",.,"A",.,"A",.,"A",260,"D",.,"A",.,"A",.,"A",.,"A",.,"A",59,"D",.,"A",.,"A"
"20103",2210494,53,0,"1",.,"A",.,"A",.,"A",.,"A",.,"A",.,"A",.,"A",.,"A",.,"A",.,"A",.,"A",.,"A",.,"A",.,"A",.,"A"
"20103",2210524,44,0,"1",.,"A",.,"A",.,"A",.,"A",.,"A",.,"A",.,"A",.,"A",.,"A",.,"A",.,"A",.,"A",.,"A",.,"A",.,"A"
"20103",2210534,43,0,"1",.,"A",.,"A",.,"A",.,"A",.,"A",.,"A",.,"A",.,"A",9,"D",195,"D",0,"D",0,"D",60,"D",65,"D",.,"A"
"20103",2210544,100,0,"1",.,"A",.,"A",.,"A",.,"A",.,"A",64,"D",.,"A",.,"A",.,"A",.,"A",.,"A",.,"A",200,"D",.,"A",.,"A"
"20103",2210584,41,0,"1",.,"A",.,"A",.,"A",.,"A",.,"A",.,"A",.,"A",.,"A",.,"A",.,"A",.,"A",.,"A",.,"A",.,"A",.,"A"
"20103",2210594,61,0,"1",.,"A",.,"A",.,"A",.,"A",.,"A",.,"A",52,"D",.,"A",.,"A",0,"D",0,"D",78,"D",.,"A",0,"D",.,"A"
"20103",2210614,60,0,"1",.,"A",.,"A",.,"A",.,"A",.,"A",.,"A",.,"A",.,"A",.,"A",.,"A",.,"A",.,"A",400,"D",.,"A",.,"A"
"20103",2210624,79,0,"1",.,"A",.,"A",.,"A",.,"A",.,"A",50,"D",.,"A",.,"A",.,"A",.,"A",.,"A",.,"A",140,"D",.,"A",.,"A"
"20103",2210644,46,0,"1",.,"A",.,"A",.,"A",.,"A",.,"A",.,"A",.,"A",.,"A",.,"A",.,"A",.,"A",.,"A",.,"A",.,"A",.,"A"
"20103",2210664,96,0,"1",10,"D",.,"A",.,"A",10,"D",0,"D",50,"D",.,"A",.,"A",.,"A",.,"A",.,"A",.,"A",230,"D",.,"A",.,"A"
"20103",2210684,38,0,"1",.,"A",.,"A",.,"A",.,"A",.,"A",125,"D",.,"A",.,"A",.,"A",.,"A",.,"A",.,"A",200,"D",.,"A",.,"A"
"20103",2210704,96,0,"1",.,"A",.,"A",.,"A",.,"A",.,"A",.,"A",.,"A",.,"A",.,"A",.,"A",.,"A",.,"A",.,"A",.,"A",.,"A"
"20103",2210714,53,0,"1",.,"A",.,"A",.,"A",.,"A",.,"A",.,"A",.,"A",.,"A",.,"A",.,"A",.,"A",.,"A",200,"D",.,"A",.,"A"
"20103",2210724,50,0,"1",.,"A",.,"A",.,"A",.,"A",.,"A",.,"A",104,"D",.,"A",.,"A",.,"A",.,"A",.,"A",.,"A",.,"A",.,"A"
"20103",2210734,63,0,"1",.,"A",.,"A",.,"A",.,"A",.,"A",.,"A",.,"A",.,"A",.,"A",.,"A",.,"A",.,"A",11,"D",.,"A",.,"A"
"20103",2210744,53,0,"1",.,"A",.,"A",.,"A",.,"A",.,"A",.,"A",.,"A",104,"D",.,"A",.,"A",.,"A",.,"A",.,"A",.,"A",.,"A"
"20103",2210754,67,0,"1",.,"A",.,"A",.,"A",.,"A",.,"A",.,"A",.,"A",.,"A",.,"A",.,"A",.,"A",.,"A",.,"A",.,"A",.,"A"
"20103",2210764,81,0,"1",.,"A",.,"A",.,"A",.,"A",.,"A",.,"A",.,"A",.,"A",.,"A",.,"A",.,"A",.,"A",200,"D",.,"A",.,"A"
"20103",2210784,46,0,"1",.,"A",.,"A",.,"A",.,"A",.,"A",.,"A",.,"A",.,"A",.,"A",195,"F",0,"D",72,"F",200,"D",.,"C",.,"A"
"20103",2210794,48,0,"1",.,"A",.,"A",.,"A",.,"A",.,"A",.,"A",.,"A",.,"A",.,"A",.,"A",.,"A",.,"A",.,"A",.,"A",.,"A"
"20103",2210814,49,0,"1",.,"A",.,"A",.,"A",.,"A",.,"A",.,"A",.,"A",.,"A",.,"A",.,"A",.,"A",.,"A",.,"A",.,"A",.,"A"
"20103",2210824,48,0,"1",.,"A",.,"A",.,"A",.,"A",.,"A",.,"A",.,"A",.,"A",30,"D",.,"A",.,"A",.,"A",.,"A",.,"A",.,"A"
"20103",2210834,50,0,"1",.,"A",.,"A",.,"A",.,"A",.,"A",.,"A",.,"A",.,"A",15,"D",.,"A",.,"A",.,"A",.,"A",.,"A",.,"A"
"20103",2210854,47,0,"1",.,"A",.,"A",.,"A",.,"A",.,"A",20,"D",.,"A",.,"A",.,"A",.,"A",.,"A",.,"A",.,"A",.,"A",.,"A"
"20103",2210864,25,0,"1",.,"A",.,"A",.,"A",.,"A",.,"A",.,"A",.,"A",.,"A",.,"A",0,"D",45,"D",0,"D",.,"A",0,"D",.,"A"
"20103",2210884,69,0,"1",.,"A",.,"A",.,"A",.,"A",.,"A",.,"A",.,"A",.,"A",.,"A",.,"A",.,"A",.,"A",.,"A",.,"A",.,"A"
"20103",2210894,58,0,"1",.,"A",.,"A",.,"A",.,"A",.,"A",.,"A",.,"A",.,"A",.,"A",.,"A",.,"A",.,"A",52,"D",.,"A",.,"A"
"20103",2210914,64,0,"1",.,"A",.,"A",.,"A",.,"A",.,"A",.,"A",.,"A",.,"A",.,"A",.,"A",.,"A",.,"A",20,"D",.,"A",.,"A"
"20103",2210924,53,0,"1",.,"A",.,"A",.,"A",.,"A",.,"A",.,"A",.,"A",.,"A",.,"A",.,"A",.,"A",.,"A",50,"D",.,"A",.,"A"
"20103",2210934,45,0,"1",.,"A",.,"A",.,"A",.,"A",.,"A",.,"A",.,"A",.,"A",.,"A",.,"A",.,"A",.,"A",.,"A",.,"A",.,"A"
"20103",2210954,47,0,"1",.,"A",.,"A",.,"A",.,"A",.,"A",.,"A",.,"A",.,"A",.,"A",.,"A",.,"A",.,"A",510,"D",.,"A",.,"A"
"20103",2210964,66,0,"1",.,"A",.,"A",.,"A",.,"A",.,"A",.,"A",.,"A",.,"A",.,"A",.,"A",.,"A",.,"A",210,"D",.,"A",.,"A"
"20103",2210974,44,0,"1",.,"A",.,"A",.,"A",.,"A",.,"A",65,"D",.,"A",.,"A",.,"A",.,"A",.,"A",.,"A",90,"D",.,"A",.,"A"
"20103",2211034,90,0,"1",.,"A",.,"A",.,"A",.,"A",.,"A",.,"A",546,"D",.,"A",.,"A",.,"A",.,"A",.,"A",.,"A",.,"A",.,"A"
"20103",2211054,42,0,"1",.,"A",.,"A",.,"A",.,"A",.,"A",300,"D",.,"A",.,"A",.,"A",0,"D",0,"D",195,"D",38,"D",0,"D",.,"A"
"20103",2211074,93,0,"1",.,"A",.,"A",.,"A",.,"A",.,"A",.,"A",.,"A",.,"A",.,"A",.,"A",.,"A",.,"A",326,"D",.,"A",.,"A"
"20103",2211084,47,0,"1",.,"A",.,"A",.,"A",.,"A",.,"A",.,"A",.,"A",.,"A",.,"A",.,"A",.,"A",.,"A",21,"D",.,"A",.,"A"
"20103",2211094,44,0,"1",.,"A",.,"A",.,"A",.,"A",.,"A",.,"A",.,"A",.,"A",.,"A",.,"A",.,"A",.,"A",.,"A",.,"A",.,"A"
"20103",2211144,75,0,"1",.,"A",.,"A",.,"A",.,"A",.,"A",450,"D",.,"A",.,"A",.,"A",.,"A",.,"A",.,"A",360,"D",.,"A",.,"A"
"20103",2211204,43,0,"1",.,"A",.,"A",.,"A",.,"A",.,"A",.,"A",.,"A",.,"A",.,"A",.,"A",.,"A",.,"A",.,"A",.,"A",.,"A"
"20103",2211214,58,0,"1",30,"D",.,"A",.,"A",.,"A",90,"D",.,"A",975,"D",.,"A",.,"A",.,"A",.,"A",.,"A",.,"A",.,"A",.,"A"
"20103",2211244,32,0,"1",.,"A",.,"A",.,"A",.,"A",.,"A",.,"A",104,"D",.,"A",.,"A",.,"A",.,"A",.,"A",.,"A",.,"A",.,"A"
"20103",2211254,48,0,"1",.,"A",.,"A",.,"A",.,"A",.,"A",.,"A",.,"A",.,"A",.,"A",.,"A",.,"A",.,"A",.,"A",.,"A",.,"A"
"20103",2211264,31,0,"1",.,"A",.,"A",.,"A",.,"A",.,"A",.,"A",.,"A",.,"A",.,"A",630,"D",0,"D",0,"D",.,"A",210,"D",.,"A"
"20103",2211274,27,0,"1",.,"A",.,"A",.,"A",50,"D",.,"A",.,"A",.,"A",.,"A",.,"A",.,"A",.,"A",.,"A",.,"A",.,"A",.,"A"
"20103",2211314,22,0,"1",.,"A",.,"A",.,"A",.,"A",.,"A",.,"A",.,"A",.,"A",.,"A",.,"A",.,"A",.,"A",.,"A",.,"A",.,"A"
"20103",2211324,46,0,"1",.,"A",.,"A",.,"A",.,"A",.,"A",.,"A",260,"D",.,"A",.,"A",.,"A",.,"A",.,"A",.,"A",.,"A",.,"A"
"20103",2211354,71,0,"1",.,"A",.,"A",.,"A",.,"A",.,"A",.,"A",.,"A",.,"A",.,"A",.,"A",.,"A",.,"A",200,"D",.,"A",.,"A"
"20103",2211364,47,0,"1",.,"A",.,"A",.,"A",.,"A",.,"A",.,"A",.,"A",.,"A",.,"A",.,"A",.,"A",.,"A",40,"D",.,"A",.,"A"
"20103",2211384,26,0,"1",.,"A",.,"A",.,"A",.,"A",.,"A",.,"A",.,"A",.,"A",.,"A",.,"A",.,"A",.,"A",.,"A",.,"A",.,"A"
"20103",2211394,62,0,"1",.,"A",.,"A",.,"A",.,"A",.,"A",.,"A",2730,"D",.,"A",.,"A",.,"A",.,"A",.,"A",.,"A",.,"A",.,"A"
"20103",2211404,45,0,"1",.,"A",.,"A",.,"A",.,"A",.,"A",.,"A",.,"A",.,"A",.,"A",.,"A",.,"A",.,"A",200,"D",.,"A",.,"A"
"20103",2211444,60,0,"1",.,"A",.,"A",.,"A",.,"A",.,"A",.,"A",.,"A",.,"A",.,"A",.,"A",.,"A",.,"A",14,"D",.,"A",.,"A"
"20103",2211464,71,0,"1",.,"A",.,"A",.,"A",.,"A",.,"A",.,"A",650,"D",.,"A",30,"D",.,"A",.,"A",.,"A",15,"D",.,"A",.,"A"
"20103",2211474,54,0,"1",60,"D",.,"A",.,"A",.,"A",60,"D",50,"D",.,"A",.,"A",.,"A",.,"A",.,"A",.,"A",137,"D",.,"A",.,"A"
"20103",2211484,39,0,"1",.,"A",.,"A",.,"A",.,"A",.,"A",60,"D",.,"A",.,"A",.,"A",.,"A",.,"A",.,"A",51,"D",.,"A",.,"A"
"20103",2211494,44,0,"1",.,"A",.,"A",.,"A",.,"A",.,"A",.,"A",.,"A",.,"A",.,"A",.,"A",.,"A",.,"A",150,"D",.,"A",.,"A"
"20103",2211504,77,0,"1",.,"A",120,"D",.,"A",.,"A",.,"A",0,"D",.,"A",.,"A",.,"A",.,"A",.,"A",.,"A",25,"D",.,"A",.,"A"
"20103",2211524,40,0,"1",.,"A",.,"A",.,"A",.,"A",.,"A",.,"A",.,"A",.,"A",.,"A",.,"A",.,"A",.,"A",.,"A",.,"A",.,"A"
"20103",2211534,45,0,"1",.,"A",.,"A",.,"A",.,"A",.,"A",.,"A",.,"A",.,"A",.,"A",.,"A",.,"A",.,"A",120,"D",.,"A",.,"A"
"20103",2211544,38,0,"1",.,"A",.,"A",.,"A",.,"A",.,"A",.,"A",.,"A",.,"A",.,"A",.,"A",.,"A",.,"A",.,"A",.,"A",.,"A"
"20103",2211554,54,0,"1",.,"A",.,"A",.,"A",.,"A",.,"A",.,"A",.,"A",.,"A",.,"A",.,"A",.,"A",.,"A",23,"D",.,"A",.,"A"
"20103",2211564,77,0,"1",.,"A",.,"A",.,"A",100,"D",.,"A",35,"D",.,"A",.,"A",.,"A",.,"A",.,"A",.,"A",809,"D",.,"A",.,"A"
"20103",2211574,51,0,"1",.,"A",.,"A",.,"A",.,"A",.,"A",10,"D",.,"A",.,"A",.,"A",.,"A",.,"A",.,"A",.,"A",.,"A",.,"A"
"20103",2211674,34,0,"1",.,"A",.,"A",.,"A",.,"A",.,"A",.,"A",.,"A",.,"A",.,"A",.,"A",.,"A",.,"A",.,"A",.,"A",.,"A"
"20103",2211684,47,0,"1",.,"A",.,"A",.,"A",.,"A",.,"A",.,"A",.,"A",.,"A",.,"A",.,"A",.,"A",.,"A",104,"D",.,"A",.,"A"
"20103",2211694,26,0,"1",.,"A",.,"A",.,"A",.,"A",.,"A",.,"A",.,"A",.,"A",.,"A",0,"D",0,"D",18,"D",.,"A",0,"D",.,"A"
"20103",2211704,43,0,"1",.,"A",.,"A",.,"A",.,"A",.,"A",.,"A",.,"A",.,"A",.,"A",.,"A",.,"A",.,"A",.,"A",.,"A",.,"A"
"20103",2211714,51,0,"1",.,"A",.,"A",.,"A",.,"A",.,"A",.,"A",546,"D",.,"A",.,"A",.,"A",.,"A",.,"A",.,"A",.,"A",.,"A"
"20103",2211734,49,0,"1",.,"A",.,"A",.,"A",.,"A",.,"A",.,"A",.,"A",39,"D",.,"A",.,"A",.,"A",.,"A",.,"A",.,"A",.,"A"
"20103",2211774,39,0,"1",.,"A",.,"A",.,"A",.,"A",.,"A",.,"A",.,"A",.,"A",.,"A",.,"A",.,"A",.,"A",.,"A",.,"A",.,"A"
"20103",2211784,52,0,"1",.,"A",.,"A",.,"A",.,"A",40,"D",26,"D",.,"A",.,"A",.,"A",.,"A",.,"A",.,"A",45,"D",.,"A",.,"A"
"20103",2211794,57,0,"1",50,"D",.,"A",.,"A",.,"A",94,"D",.,"A",650,"D",.,"A",21,"D",72,"D",0,"D",0,"D",30,"D",24,"D",.,"A"
"20103",2211814,37,0,"1",.,"A",.,"A",.,"A",40,"D",20,"D",.,"A",.,"A",.,"A",.,"A",240,"D",0,"D",0,"D",.,"A",80,"D",.,"A"
"20103",2211824,60,0,"1",.,"A",.,"A",.,"A",.,"A",.,"A",.,"A",.,"A",.,"A",.,"A",.,"A",.,"A",.,"A",.,"A",.,"A",.,"A"
"20103",2211834,44,0,"1",.,"A",.,"A",.,"A",.,"A",.,"A",.,"A",.,"A",.,"A",.,"A",.,"A",.,"A",.,"A",25,"F",.,"A",.,"A"
"20103",2211844,32,0,"1",.,"A",.,"A",.,"A",.,"A",.,"A",.,"A",.,"A",.,"A",.,"A",.,"A",.,"A",.,"A",.,"A",.,"A",.,"A"
"20103",2211854,28,0,"1",.,"A",.,"A",.,"A",.,"A",20,"D",.,"A",.,"A",.,"A",.,"A",.,"A",.,"A",.,"A",10,"D",.,"A",.,"A"
"20103",2211884,48,0,"1",.,"A",.,"A",.,"A",.,"A",.,"A",.,"A",.,"A",.,"A",.,"A",.,"A",.,"A",.,"A",24,"D",.,"A",.,"A"
"20103",2211894,45,0,"1",.,"A",.,"A",.,"A",.,"A",.,"A",.,"A",.,"A",.,"A",.,"A",.,"A",.,"A",.,"A",.,"A",.,"A",.,"A"
"20103",2211914,51,0,"1",.,"A",.,"A",.,"A",.,"A",.,"A",.,"A",286,"D",.,"A",60,"D",.,"A",.,"A",.,"A",.,"A",.,"A",.,"A"
"20103",2211934,53,0,"1",.,"A",.,"A",.,"A",30,"D",.,"A",.,"A",.,"A",.,"A",.,"A",.,"A",.,"A",.,"A",100,"D",.,"A",.,"A"
"20103",2211954,34,0,"1",.,"A",.,"A",.,"A",.,"A",.,"A",.,"A",.,"A",.,"A",.,"A",.,"A",.,"A",.,"A",.,"A",.,"A",.,"A"
"20103",2211964,78,0,"1",.,"A",.,"A",.,"A",.,"A",.,"A",.,"A",.,"A",.,"A",.,"A",.,"A",.,"A",.,"A",36,"D",.,"A",.,"A"
"20103",2211974,53,0,"1",.,"A",.,"A",.,"A",.,"A",.,"A",.,"A",650,"D",.,"A",.,"A",.,"A",.,"A",.,"A",250,"D",.,"A",.,"A"
"20103",2211984,48,0,"1",.,"A",.,"A",.,"A",.,"A",.,"A",.,"A",.,"A",.,"A",30,"D",.,"A",.,"A",.,"A",.,"A",.,"A",.,"A"
"20103",2212004,36,0,"1",.,"A",.,"A",.,"A",.,"A",.,"A",.,"A",520,"D",.,"A",.,"A",.,"A",.,"A",.,"A",.,"A",.,"A",.,"A"
"20103",2212034,48,0,"1",.,"A",.,"A",.,"A",.,"A",.,"A",.,"A",.,"A",.,"A",.,"A",.,"A",.,"A",.,"A",50,"D",.,"A",.,"A"
"20103",2212054,61,0,"1",.,"A",.,"A",.,"A",.,"A",.,"A",.,"A",.,"A",.,"A",.,"A",.,"A",.,"A",.,"A",300,"D",.,"A",.,"A"
"20103",2212074,36,0,"1",.,"A",.,"A",.,"A",.,"A",.,"A",.,"A",.,"A",.,"A",.,"A",12,"D",0,"D",12,"D",30,"D",4,"D",.,"A"
"20103",2212084,74,0,"1",.,"A",.,"A",.,"A",.,"A",.,"A",.,"A",.,"A",.,"A",234,"D",0,"D",120,"D",60,"D",32,"D",0,"D",.,"A"
"20103",2212114,66,0,"1",.,"A",.,"A",.,"A",.,"A",.,"A",.,"A",.,"A",.,"A",.,"A",.,"A",.,"A",.,"A",.,"A",.,"A",.,"A"
"20103",2212124,70,0,"1",.,"A",.,"A",.,"A",.,"A",.,"A",.,"A",.,"A",.,"A",.,"A",.,"A",.,"A",.,"A",265,"D",.,"A",.,"A"
"20103",2212134,53,0,"1",.,"A",.,"A",.,"A",.,"A",.,"A",.,"A",.,"A",.,"A",.,"A",.,"A",.,"A",.,"A",100,"D",.,"A",.,"A"
"20103",2212144,73,0,"1",.,"A",.,"A",.,"A",.,"A",.,"A",.,"A",390,"D",.,"A",15,"D",.,"A",.,"A",.,"A",.,"A",.,"A",.,"A"
"20103",2212154,52,0,"1",.,"A",.,"A",.,"A",.,"A",.,"A",.,"A",169,"D",.,"A",72,"D",.,"A",.,"A",.,"A",150,"D",.,"A",.,"A"
"20103",2212174,67,0,"1",.,"A",.,"A",.,"A",.,"A",.,"A",.,"A",.,"A",.,"A",.,"A",.,"A",.,"A",.,"A",95,"D",.,"A",.,"A"
"20103",2212184,33,0,"1",.,"A",.,"A",.,"A",.,"A",39,"D",.,"A",.,"A",.,"A",.,"A",.,"A",.,"A",.,"A",30,"D",.,"A",.,"A"
"20103",2212194,83,0,"1",.,"A",.,"A",.,"A",.,"A",.,"A",7,"D",.,"A",.,"A",.,"A",.,"A",.,"A",.,"A",90,"D",.,"A",.,"A"
"20103",2212214,48,0,"1",.,"A",5,"D",.,"A",.,"A",.,"A",0,"D",.,"A",.,"A",.,"A",.,"A",.,"A",.,"A",92,"D",.,"A",.,"A"
"20103",2212224,76,0,"1",.,"A",.,"A",.,"A",.,"A",.,"A",.,"A",.,"A",.,"A",.,"A",.,"A",.,"A",.,"A",29,"D",.,"A",.,"A"
"20103",2212244,61,0,"1",.,"A",.,"A",.,"A",.,"A",.,"A",.,"A",.,"A",.,"A",.,"A",.,"A",.,"A",.,"A",.,"A",.,"A",.,"A"
"20103",2212254,47,0,"1",.,"A",.,"A",.,"A",.,"A",.,"A",.,"A",.,"A",.,"A",.,"A",.,"A",.,"A",.,"A",.,"A",.,"A",.,"A"
"20103",2212284,29,0,"1",.,"A",.,"A",.,"A",.,"A",.,"A",.,"A",.,"A",.,"A",.,"A",.,"A",.,"A",.,"A",.,"A",.,"A",.,"A"
"20103",2212294,50,0,"1",.,"A",.,"A",.,"A",.,"A",.,"A",.,"A",.,"A",.,"A",.,"A",.,"A",.,"A",.,"A",90,"D",.,"A",.,"A"
"20103",2212324,53,0,"1",.,"A",.,"A",.,"A",.,"A",.,"A",20,"D",.,"A",.,"A",.,"A",.,"A",.,"A",.,"A",120,"D",.,"A",.,"A"
"20103",2212334,38,0,"1",.,"A",.,"A",.,"A",.,"A",.,"A",.,"A",.,"A",.,"A",.,"A",.,"A",.,"A",.,"A",25,"D",.,"A",.,"A"
"20103",2212344,50,0,"1",.,"A",.,"A",.,"A",.,"A",.,"A",.,"A",.,"A",.,"A",.,"A",.,"A",.,"A",.,"A",.,"A",.,"A",.,"A"
"20103",2212364,69,0,"1",.,"A",.,"A",.,"A",.,"A",.,"A",150,"D",.,"A",.,"A",.,"A",.,"A",.,"A",.,"A",120,"D",.,"A",.,"A"
"20103",2212374,38,0,"1",.,"A",.,"A",.,"A",.,"A",.,"A",.,"A",.,"A",.,"A",.,"A",.,"A",.,"A",.,"A",40,"D",.,"A",.,"A"
"20103",2212384,51,0,"1",.,"A",.,"A",.,"A",.,"A",.,"A",.,"A",.,"A",.,"A",.,"A",.,"A",.,"A",.,"A",7,"D",.,"A",.,"A"
"20103",2212394,63,0,"1",.,"A",.,"A",.,"A",.,"A",.,"A",120,"D",.,"A",.,"A",.,"A",.,"A",.,"A",.,"A",90,"D",.,"A",.,"A"
"20103",2212404,57,0,"1",.,"A",.,"A",.,"A",.,"A",.,"A",480,"D",260,"D",.,"A",45,"D",.,"A",.,"A",.,"A",345,"D",.,"A",.,"A"
"20103",2212424,40,0,"1",.,"A",.,"A",.,"A",.,"A",.,"A",.,"A",390,"D",.,"A",.,"A",.,"A",.,"A",.,"A",.,"A",.,"A",.,"A"
"20103",2212435,34,0,"1",.,"A",.,"A",.,"A",.,"A",.,"A",.,"A",.,"A",.,"A",.,"A",.,"A",.,"A",.,"A",.,"A",.,"A",.,"A"
"20103",2212444,59,0,"1",.,"A",.,"A",.,"A",.,"A",.,"A",.,"A",.,"A",.,"A",.,"A",.,"A",.,"A",.,"A",336,"D",.,"A",.,"A"
"20103",2212454,39,0,"1",.,"A",.,"A",.,"A",.,"A",.,"A",.,"A",.,"A",.,"A",.,"A",.,"A",.,"A",.,"A",13,"D",.,"A",.,"A"
"20103",2212464,70,0,"1",.,"A",.,"A",.,"A",.,"A",.,"A",.,"A",.,"A",.,"A",.,"A",.,"A",.,"A",.,"A",80,"D",.,"A",.,"A"
"20103",2212494,54,0,"1",.,"A",.,"A",.,"A",.,"A",.,"A",52,"D",.,"A",.,"A",.,"A",.,"A",.,"A",.,"A",450,"D",.,"A",.,"A"
"20103",2212514,66,0,"1",.,"A",.,"A",.,"A",.,"A",.,"A",150,"D",.,"A",.,"A",75,"D",.,"A",.,"A",.,"A",100,"D",.,"A",.,"A"
"20103",2212524,62,0,"1",.,"A",.,"A",.,"A",.,"A",.,"A",.,"A",416,"D",.,"A",.,"A",.,"A",.,"A",.,"A",.,"A",.,"A",.,"A"
"20103",2212534,37,0,"1",.,"A",.,"A",.,"A",.,"A",.,"A",.,"A",.,"A",.,"A",.,"A",.,"A",.,"A",.,"A",.,"A",.,"A",.,"A"
"20103",2212554,43,0,"1",.,"A",.,"A",.,"A",.,"A",.,"A",100,"D",.,"A",.,"A",.,"A",.,"A",.,"A",.,"A",120,"D",.,"A",.,"A"
"20103",2212564,33,0,"1",5,"D",.,"A",.,"A",20,"D",37,"D",.,"A",.,"A",.,"A",.,"A",267,"D",0,"D",0,"D",60,"D",89,"D",.,"A"
"20103",2212584,42,0,"1",.,"A",.,"A",.,"A",.,"A",.,"A",80,"D",182,"D",.,"A",.,"A",.,"A",.,"A",.,"A",.,"A",.,"A",.,"A"
"20103",2212624,34,0,"1",.,"A",.,"A",.,"A",.,"A",.,"A",.,"A",.,"A",.,"A",.,"A",.,"A",.,"A",.,"A",.,"A",.,"A",.,"A"
"20103",2212645,27,0,"1",.,"A",.,"A",.,"A",.,"A",.,"A",.,"A",650,"D",.,"A",.,"A",.,"A",.,"A",.,"A",.,"A",.,"A",.,"A"
"20103",2212664,62,0,"1",.,"A",.,"A",.,"A",.,"A",.,"A",4,"D",.,"A",.,"A",.,"A",.,"A",.,"A",.,"A",210,"D",.,"A",.,"A"
"20103",2212674,45,0,"1",.,"A",.,"A",.,"A",.,"A",.,"A",.,"A",.,"A",.,"A",.,"A",.,"A",.,"A",.,"A",.,"A",.,"A",.,"A"
"20103",2212694,65,0,"1",.,"A",.,"A",.,"A",.,"A",.,"A",.,"A",.,"A",.,"A",.,"A",.,"A",.,"A",.,"A",40,"D",.,"A",.,"A"
"20103",2212704,79,0,"1",.,"A",.,"A",.,"A",.,"A",.,"A",.,"A",.,"A",.,"A",.,"A",.,"A",.,"A",.,"A",60,"D",.,"A",.,"A"
"20103",2212714,49,0,"1",.,"A",.,"A",.,"A",.,"A",.,"A",.,"A",.,"A",.,"A",.,"A",.,"A",.,"A",.,"A",180,"D",.,"A",.,"A"
"20103",2212724,45,0,"1",.,"A",.,"A",.,"A",.,"A",.,"A",.,"A",.,"A",.,"A",.,"A",.,"A",.,"A",.,"A",.,"A",.,"A",.,"A"
"20103",2212744,37,0,"1",.,"A",.,"A",.,"A",.,"A",.,"A",.,"A",.,"A",.,"A",.,"A",240,"D",0,"D",0,"D",.,"A",80,"D",.,"A"
"20103",2212834,40,0,"1",.,"A",.,"A",.,"A",.,"A",.,"A",.,"A",325,"D",.,"A",.,"A",.,"A",.,"A",.,"A",.,"A",.,"A",.,"A"
"20103",2212844,59,0,"1",.,"A",.,"A",.,"A",.,"A",.,"A",.,"A",65,"F",.,"A",.,"A",.,"A",.,"A",.,"A",.,"A",.,"A",.,"A"
"20103",2212854,50,0,"1",.,"A",.,"A",.,"A",.,"A",.,"A",.,"A",455,"D",.,"A",.,"A",.,"A",.,"A",.,"A",20,"D",.,"A",.,"A"
"20103",2212904,54,0,"1",.,"A",.,"A",.,"A",.,"A",.,"A",48,"D",.,"A",.,"A",.,"A",.,"A",.,"A",.,"A",140,"D",.,"A",.,"A"
"20103",2212914,75,0,"1",.,"A",.,"A",.,"A",.,"A",.,"A",.,"A",.,"A",.,"A",.,"A",.,"A",.,"A",.,"A",160,"D",.,"A",.,"A"
"20103",2212934,26,0,"1",.,"A",.,"A",.,"A",.,"A",60,"D",.,"A",.,"A",.,"A",.,"A",0,"D",0,"D",210,"D",.,"A",0,"D",.,"A"
"20103",2212954,57,0,"1",.,"A",.,"A",.,"A",.,"A",.,"A",.,"A",.,"A",.,"A",.,"A",.,"A",.,"A",.,"A",100,"D",.,"A",.,"A"
"20103",2212964,48,0,"1",.,"A",.,"A",.,"A",.,"A",.,"A",.,"A",.,"A",.,"A",.,"A",.,"A",.,"A",.,"A",160,"D",.,"A",.,"A"
"20103",2212974,81,0,"1",.,"A",.,"A",.,"A",.,"A",.,"A",20,"D",.,"A",.,"A",.,"A",.,"A",.,"A",.,"A",50,"D",.,"A",.,"A"
"20103",2212995,45,0,"1",.,"A",.,"A",.,"A",.,"A",.,"A",.,"A",.,"A",.,"A",.,"A",.,"A",.,"A",.,"A",100,"F",.,"A",.,"A"
"20103",2213004,50,0,"1",.,"A",.,"A",.,"A",.,"A",.,"A",.,"A",.,"A",.,"A",.,"A",.,"A",.,"A",.,"A",.,"A",.,"A",.,"A"
"20103",2213014,58,0,"1",.,"A",.,"A",.,"A",.,"A",.,"A",.,"A",.,"A",.,"A",.,"A",.,"A",.,"A",.,"A",40,"F",.,"A",.,"A"
"20103",2213024,35,0,"1",.,"A",.,"A",.,"A",.,"A",.,"A",.,"A",1300,"D",.,"A",.,"A",.,"A",.,"A",.,"A",.,"A",.,"A",.,"A"
"20103",2213044,44,0,"1",.,"A",.,"A",.,"A",.,"A",8,"D",.,"A",.,"A",.,"A",.,"A",.,"A",.,"A",.,"A",15,"D",.,"A",.,"A"
"20103",2213054,56,0,"1",.,"A",.,"A",.,"A",.,"A",.,"A",.,"A",.,"A",.,"A",.,"A",.,"A",.,"A",.,"A",45,"D",.,"A",.,"A"
"20103",2213064,62,0,"1",.,"A",.,"A",.,"A",.,"A",.,"A",.,"A",.,"A",.,"A",.,"A",.,"A",.,"A",.,"A",75,"D",.,"A",.,"A"
"20103",2213084,60,0,"1",.,"A",.,"A",.,"A",.,"A",.,"A",.,"A",.,"A",.,"A",.,"A",.,"A",.,"A",.,"A",180,"D",.,"A",.,"A"
"20103",2213104,35,0,"1",.,"A",.,"A",.,"A",.,"A",.,"A",.,"A",.,"A",.,"A",.,"A",.,"A",.,"A",.,"A",.,"A",.,"A",.,"A"
"20103",2213114,58,0,"1",.,"A",.,"A",25,"D",.,"A",60,"D",.,"A",.,"A",.,"A",.,"A",0,"D",0,"D",93,"D",42,"D",0,"D",.,"A"
"20103",2213144,67,0,"1",.,"A",.,"A",.,"A",.,"A",.,"A",.,"A",.,"A",.,"A",.,"A",.,"A",.,"A",.,"A",90,"D",.,"A",.,"A"
"20103",2213164,61,0,"1",.,"A",.,"A",.,"A",.,"A",.,"A",.,"A",.,"A",.,"A",.,"A",.,"A",.,"A",.,"A",.,"A",.,"A",.,"A"
"20103",2213174,54,0,"1",.,"A",.,"A",.,"A",.,"A",.,"A",.,"A",.,"A",.,"A",.,"A",.,"A",.,"A",.,"A",300,"D",.,"A",.,"A"
"20103",2213184,73,0,"1",.,"A",.,"A",.,"A",.,"A",.,"A",.,"A",.,"A",.,"A",.,"A",.,"A",.,"A",.,"A",145,"D",.,"A",.,"A"
"20103",2213214,37,0,"1",.,"A",.,"A",.,"A",.,"A",.,"A",.,"A",.,"A",52,"D",.,"A",.,"A",.,"A",.,"A",.,"A",.,"A",.,"A"
"20103",2213274,32,0,"1",.,"A",.,"A",.,"A",.,"A",.,"A",.,"A",546,"D",.,"A",.,"A",.,"A",.,"A",.,"A",.,"A",.,"A",.,"A"
"20103",2213284,76,0,"1",.,"A",.,"A",.,"A",.,"A",.,"A",20,"D",.,"A",.,"A",.,"A",.,"A",.,"A",.,"A",118,"D",.,"A",.,"A"
"20103",2213304,49,0,"1",.,"A",.,"A",.,"A",.,"A",.,"A",.,"A",.,"A",.,"A",.,"A",.,"A",.,"A",.,"A",99,"D",.,"A",.,"A"
"20103",2213314,65,0,"1",.,"A",.,"A",.,"A",.,"A",.,"A",.,"A",.,"A",.,"A",.,"A",.,"A",.,"A",.,"A",.,"A",.,"A",.,"A"
"20103",2213324,55,0,"1",.,"A",.,"A",.,"A",.,"A",.,"A",.,"A",.,"A",.,"A",.,"A",.,"A",.,"A",.,"A",92,"D",.,"A",.,"A"
"20103",2213364,38,0,"1",11,"D",.,"A",.,"A",.,"A",34,"D",.,"A",.,"A",.,"A",21,"F",.,"A",.,"A",.,"A",30,"D",.,"A",.,"A"
"20103",2213374,68,0,"1",.,"A",.,"A",.,"A",.,"A",.,"A",120,"D",260,"D",.,"A",.,"A",.,"A",.,"A",.,"A",150,"D",.,"A",.,"A"
"20103",2213384,27,0,"1",.,"A",.,"A",.,"A",.,"A",.,"A",.,"A",.,"A",.,"A",.,"A",.,"A",.,"A",.,"A",.,"A",.,"A",.,"A"
"20103",2213394,36,0,"1",.,"A",.,"A",.,"A",.,"A",.,"A",100,"D",.,"A",.,"A",.,"A",.,"A",.,"A",.,"A",75,"D",.,"A",.,"A"
"20103",2213424,37,0,"1",.,"A",.,"A",.,"A",.,"A",.,"A",.,"A",.,"A",.,"A",.,"A",.,"A",.,"A",.,"A",100,"D",.,"A",.,"A"
"20103",2213434,54,0,"1",.,"A",.,"A",20,"D",.,"A",.,"A",400,"D",.,"A",182,"D",.,"A",.,"A",.,"A",.,"A",200,"D",.,"A",.,"A"
"20103",2213444,75,0,"1",.,"A",.,"A",.,"A",.,"A",.,"A",.,"A",.,"A",.,"A",.,"A",.,"A",.,"A",.,"A",51,"D",.,"A",.,"A"
"20103",2213455,38,0,"1",.,"A",.,"A",.,"A",.,"A",.,"A",.,"A",.,"A",.,"A",.,"A",.,"A",.,"A",.,"A",.,"A",.,"A",.,"A"
"20103",2213504,62,0,"1",.,"A",.,"A",.,"A",.,"A",.,"A",.,"A",.,"A",.,"A",.,"A",.,"A",.,"A",.,"A",35,"D",.,"A",.,"A"
"20103",2213514,30,0,"1",.,"A",.,"A",.,"A",.,"A",.,"A",.,"A",.,"A",.,"A",.,"A",.,"A",.,"A",.,"A",90,"D",.,"A",.,"A"
"20103",2213524,40,0,"1",.,"A",.,"A",.,"A",.,"A",.,"A",.,"A",.,"A",.,"A",.,"A",.,"A",.,"A",.,"A",.,"A",.,"A",.,"A"
"20103",2213534,47,0,"1",.,"A",.,"A",.,"A",.,"A",.,"A",.,"A",.,"A",.,"A",.,"A",.,"A",.,"A",.,"A",.,"A",.,"A",.,"A"
"20103",2213544,63,0,"1",.,"A",.,"A",.,"A",.,"A",.,"A",100,"D",.,"A",.,"A",18,"D",.,"A",.,"A",.,"A",375,"D",.,"A",.,"A"
"20103",2213564,49,0,"1",.,"A",.,"A",.,"A",.,"A",.,"A",.,"A",.,"A",.,"A",.,"A",.,"A",.,"A",.,"A",739,"D",.,"A",.,"A"
"20103",2213574,55,0,"1",.,"A",.,"A",.,"A",.,"A",75,"D",.,"A",.,"A",.,"A",.,"A",.,"A",.,"A",.,"A",28,"D",.,"A",.,"A"
"20103",2213634,51,0,"1",.,"A",.,"A",.,"A",.,"A",.,"A",.,"A",.,"A",.,"A",.,"A",.,"A",.,"A",.,"A",.,"A",.,"A",.,"A"
"20103",2213644,37,0,"1",.,"A",.,"A",.,"A",.,"A",90,"D",.,"A",.,"A",.,"A",.,"A",.,"A",.,"A",.,"A",50,"D",.,"A",.,"A"
"20103",2213654,51,0,"1",.,"A",.,"A",.,"A",.,"A",.,"A",.,"A",.,"A",.,"A",.,"A",.,"A",.,"A",.,"A",100,"D",.,"A",.,"A"
"20103",2213664,102,0,"1",.,"A",.,"A",.,"A",.,"A",.,"A",.,"A",650,"D",.,"A",.,"A",.,"A",.,"A",.,"A",305,"D",.,"A",.,"A"
"20103",2213674,50,0,"1",.,"A",.,"A",.,"A",.,"A",.,"A",.,"A",.,"A",.,"A",.,"A",.,"A",.,"A",.,"A",240,"D",.,"A",.,"A"
"20103",2213694,28,0,"1",5,"F",.,"A",.,"A",.,"A",70,"F",.,"A",.,"A",.,"A",.,"A",60,"F",75,"F",210,"F",60,"F",.,"C",.,"A"
"20103",2213714,42,0,"1",.,"A",.,"A",.,"A",.,"A",.,"A",.,"A",.,"A",.,"A",.,"A",.,"A",.,"A",.,"A",.,"A",.,"A",.,"A"
"20103",2213724,67,0,"1",.,"A",.,"A",.,"A",.,"A",.,"A",.,"A",.,"A",.,"A",.,"A",.,"A",.,"A",.,"A",80,"D",.,"A",.,"A"
"20103",2213734,47,0,"1",.,"A",.,"A",.,"A",.,"A",.,"A",.,"A",455,"D",.,"A",.,"A",.,"A",.,"A",.,"A",.,"A",.,"A",.,"A"
"20103",2213744,44,0,"1",.,"A",.,"A",.,"A",.,"A",.,"A",.,"A",.,"A",.,"A",.,"A",.,"A",.,"A",.,"A",75,"D",.,"A",.,"A"
"20103",2213784,42,0,"1",.,"A",.,"A",.,"A",.,"A",.,"A",.,"A",.,"A",.,"A",.,"A",.,"A",.,"A",.,"A",30,"D",.,"A",.,"A"
"20103",2213794,50,0,"1",.,"A",.,"A",.,"A",.,"A",.,"A",.,"A",.,"A",.,"A",.,"A",.,"A",.,"A",.,"A",30,"D",.,"A",.,"A"
"20103",2213804,45,0,"1",.,"A",.,"A",.,"A",.,"A",.,"A",.,"A",.,"A",.,"A",.,"A",0,"D",0,"D",0,"D",.,"A",0,"D",.,"A"
"20103",2213814,35,0,"1",.,"A",.,"A",.,"A",.,"A",.,"A",.,"A",.,"A",.,"A",.,"A",.,"A",.,"A",.,"A",.,"A",.,"A",.,"A"
"20103",2213834,58,0,"1",.,"A",.,"A",.,"A",.,"A",.,"A",.,"A",.,"A",.,"A",.,"A",.,"A",.,"A",.,"A",.,"A",.,"A",.,"A"
"20103",2213844,23,0,"1",.,"A",.,"A",.,"A",.,"A",.,"A",.,"A",195,"D",.,"A",.,"A",.,"A",.,"A",.,"A",.,"A",.,"A",.,"A"
"20103",2213854,42,0,"1",.,"A",.,"A",.,"A",.,"A",.,"A",.,"A",.,"A",.,"A",.,"A",.,"A",.,"A",.,"A",.,"A",.,"A",.,"A"
"20103",2213864,31,0,"1",8,"D",.,"A",.,"A",20,"D",22,"D",.,"A",.,"A",.,"A",15,"D",0,"D",0,"D",60,"D",17,"D",0,"D",.,"A"
"20103",2213904,44,0,"1",.,"A",.,"A",.,"A",.,"A",10,"D",.,"A",.,"A",.,"A",.,"A",.,"A",.,"A",.,"A",.,"A",.,"A",.,"A"
"20103",2213924,30,0,"1",.,"A",.,"A",.,"A",.,"A",120,"D",.,"A",.,"A",.,"A",.,"A",.,"A",.,"A",.,"A",.,"A",.,"A",.,"A"
"20103",2213934,44,0,"1",.,"A",.,"A",.,"A",.,"A",.,"A",.,"A",.,"A",.,"A",.,"A",.,"A",.,"A",.,"A",30,"D",.,"A",.,"A"
"20103",2213944,54,0,"1",.,"A",.,"A",.,"A",.,"A",.,"A",.,"A",.,"A",.,"A",.,"A",.,"A",.,"A",.,"A",75,"D",.,"A",.,"A"
"20103",2213964,41,0,"1",.,"A",.,"A",.,"A",100,"D",.,"A",.,"A",.,"A",.,"A",.,"A",.,"A",.,"A",.,"A",.,"A",.,"A",.,"A"
"20103",2213984,28,0,"1",.,"A",.,"A",.,"A",.,"A",36,"D",.,"A",468,"D",.,"A",.,"A",.,"A",.,"A",.,"A",.,"A",.,"A",.,"A"
"20103",2213994,54,0,"1",.,"A",.,"A",.,"A",.,"A",.,"A",.,"A",.,"A",.,"A",.,"A",.,"A",.,"A",.,"A",152,"D",.,"A",.,"A"
"20103",2214004,46,0,"1",.,"A",.,"A",.,"A",.,"A",.,"A",.,"A",.,"A",.,"A",.,"A",.,"A",.,"A",.,"A",.,"A",.,"A",.,"A"
"20103",2214064,51,0,"1",.,"A",.,"A",.,"A",.,"A",.,"A",5,"D",.,"A",.,"A",.,"A",.,"A",.,"A",.,"A",.,"A",.,"A",.,"A"
"20103",2214074,44,0,"1",.,"A",.,"A",.,"A",.,"A",.,"A",.,"A",.,"A",.,"A",.,"A",.,"A",.,"A",.,"A",.,"A",.,"A",.,"A"
"20103",2214084,41,0,"1",.,"A",.,"A",.,"A",.,"A",.,"A",.,"A",.,"A",.,"A",.,"A",.,"A",.,"A",.,"A",.,"A",.,"A",.,"A"
"20103",2214094,72,0,"1",.,"A",.,"A",.,"A",.,"A",.,"A",.,"A",208,"D",.,"A",15,"D",.,"A",.,"A",.,"A",.,"A",.,"A",.,"A"
"20103",2214104,65,0,"1",.,"A",.,"A",.,"A",50,"D",.,"A",.,"A",.,"A",.,"A",6,"D",.,"A",.,"A",.,"A",110,"D",.,"A",.,"A"
"20103",2214124,32,0,"1",.,"A",.,"A",.,"A",.,"A",.,"A",.,"A",.,"A",.,"A",.,"A",.,"A",.,"A",.,"A",.,"A",.,"A",.,"A"
"20103",2214134,36,0,"1",.,"A",.,"A",.,"A",.,"A",.,"A",.,"A",.,"A",.,"A",.,"A",.,"A",.,"A",.,"A",.,"A",.,"A",.,"A"
"20103",2214144,61,0,"1",.,"A",.,"A",.,"A",30,"D",.,"A",100,"D",.,"A",.,"A",225,"D",.,"A",.,"A",.,"A",750,"D",.,"A",.,"A"
"20103",2214154,39,0,"1",.,"A",.,"A",.,"A",.,"A",.,"A",.,"A",.,"A",65,"F",.,"A",.,"A",.,"A",.,"A",.,"A",.,"A",.,"A"
"20103",2214164,43,0,"1",.,"A",.,"A",.,"A",.,"A",.,"A",.,"A",390,"D",.,"A",102,"D",.,"A",.,"A",.,"A",120,"D",.,"A",.,"A"
"20103",2214174,50,0,"1",.,"A",.,"A",.,"A",.,"A",.,"A",.,"A",.,"A",.,"A",.,"A",.,"A",.,"A",.,"A",30,"D",.,"A",.,"A"
"20103",2214184,36,0,"1",.,"A",.,"A",.,"A",.,"A",53,"F",20,"F",.,"A",.,"A",.,"A",300,"D",0,"D",0,"D",120,"D",100,"D",.,"A"
"20103",2214204,80,0,"1",.,"A",.,"A",.,"A",.,"A",.,"A",.,"A",.,"A",.,"A",.,"A",.,"A",.,"A",.,"A",189,"D",.,"A",.,"A"
"20103",2214214,50,0,"1",.,"A",.,"A",.,"A",.,"A",.,"A",.,"A",.,"A",.,"A",.,"A",.,"A",.,"A",.,"A",.,"A",.,"A",.,"A"
"20103",2214224,67,0,"1",.,"A",.,"A",.,"A",.,"A",90,"D",.,"A",.,"A",.,"A",.,"A",.,"A",.,"A",.,"A",20,"D",.,"A",.,"A"
"20103",2214244,50,0,"1",.,"A",.,"A",.,"A",.,"A",.,"A",.,"A",.,"A",78,"D",.,"A",.,"A",.,"A",.,"A",.,"A",.,"A",.,"A"
"20103",2214274,53,0,"1",.,"A",.,"A",.,"A",.,"A",.,"A",.,"A",.,"A",.,"A",.,"A",.,"A",.,"A",.,"A",150,"D",.,"A",.,"A"
"20103",2214284,46,0,"1",.,"A",.,"A",.,"A",.,"A",.,"A",.,"A",.,"A",.,"A",.,"A",.,"A",.,"A",.,"A",90,"D",.,"A",.,"A"
"20103",2214294,51,0,"1",.,"A",.,"A",.,"A",.,"A",.,"A",.,"A",.,"A",.,"A",.,"A",.,"A",.,"A",.,"A",.,"A",.,"A",.,"A"
"20103",2214304,84,0,"1",.,"A",.,"A",.,"A",.,"A",.,"A",.,"A",.,"A",.,"A",.,"A",.,"A",.,"A",.,"A",150,"D",.,"A",.,"A"
"20103",2214314,40,0,"1",.,"A",.,"A",.,"A",.,"A",.,"A",.,"A",325,"D",.,"A",.,"A",.,"A",.,"A",.,"A",.,"A",.,"A",.,"A"
"20103",2214324,57,0,"1",.,"A",.,"A",.,"A",.,"A",.,"A",.,"A",.,"A",.,"A",.,"A",.,"A",.,"A",.,"A",.,"A",.,"A",.,"A"
"20103",2214334,63,0,"1",50,"D",.,"A",.,"A",.,"A",100,"D",150,"D",325,"D",.,"A",.,"A",.,"A",.,"A",.,"A",.,"A",.,"A",.,"A"
"20103",2214344,70,0,"1",.,"A",.,"A",.,"A",.,"A",.,"A",.,"A",.,"A",.,"A",.,"A",.,"A",.,"A",.,"A",.,"A",.,"A",.,"A"
"20103",2214354,59,0,"1",.,"A",.,"A",.,"A",.,"A",.,"A",.,"A",325,"D",.,"A",.,"A",.,"A",.,"A",.,"A",.,"A",.,"A",.,"A"
"20103",2214394,48,0,"1",.,"A",.,"A",.,"A",.,"A",.,"A",.,"A",.,"A",.,"A",.,"A",.,"A",.,"A",.,"A",55,"D",.,"A",.,"A"
"20103",2214414,28,0,"1",.,"A",.,"A",.,"A",.,"A",100,"D",.,"A",.,"A",.,"A",.,"A",.,"A",.,"A",.,"A",.,"A",.,"A",.,"A"
"20103",2214424,67,0,"1",.,"A",.,"A",.,"A",.,"A",.,"A",.,"A",.,"A",.,"A",.,"A",.,"A",.,"A",.,"A",50,"D",.,"A",.,"A"
"20103",2214434,86,0,"1",.,"A",.,"A",.,"A",.,"A",.,"A",30,"D",.,"A",.,"A",.,"A",.,"A",.,"A",.,"A",60,"D",.,"A",.,"A"
"20103",2214444,60,0,"1",.,"A",.,"A",.,"A",.,"A",.,"A",.,"A",299,"D",.,"A",.,"A",.,"A",.,"A",.,"A",.,"A",.,"A",.,"A"
"20103",2214454,37,0,"1",.,"A",.,"A",.,"A",.,"A",.,"A",.,"A",.,"A",.,"A",.,"A",.,"A",.,"A",.,"A",200,"F",.,"A",.,"A"
"20103",2214464,27,0,"1",.,"A",.,"A",.,"A",.,"A",.,"A",.,"A",.,"A",.,"A",.,"A",.,"A",.,"A",.,"A",.,"A",.,"A",.,"A"
"20103",2214514,39,0,"1",.,"A",.,"A",.,"A",.,"A",.,"A",.,"A",.,"A",.,"A",.,"A",.,"A",.,"A",.,"A",240,"D",.,"A",.,"A"
"20103",2214544,46,0,"1",.,"A",.,"A",.,"A",.,"A",.,"A",.,"A",.,"A",.,"A",.,"A",.,"A",.,"A",.,"A",60,"D",.,"A",.,"A"
"20103",2214554,45,0,"1",.,"A",.,"A",.,"A",.,"A",.,"A",.,"A",130,"D",.,"A",.,"A",.,"A",.,"A",.,"A",.,"A",.,"A",.,"A"
"20103",2214564,89,0,"1",.,"A",.,"A",50,"D",.,"A",.,"A",.,"A",.,"A",.,"A",.,"A",.,"A",.,"A",.,"A",223,"D",.,"A",.,"A"
"20103",2214584,80,0,"1",.,"A",.,"A",.,"A",.,"A",.,"A",.,"A",.,"A",.,"A",.,"A",.,"A",.,"A",.,"A",.,"A",.,"A",.,"A"
"20103",2214594,85,0,"1",.,"A",.,"A",.,"A",65,"D",.,"A",160,"D",.,"A",.,"A",15,"D",.,"A",.,"A",.,"A",600,"D",.,"A",.,"A"
"20103",2214604,32,0,"1",.,"A",.,"A",.,"A",.,"A",.,"A",.,"A",.,"A",.,"A",.,"A",.,"A",.,"A",.,"A",.,"A",.,"A",.,"A"
"20103",2214624,66,0,"1",.,"A",.,"A",.,"A",.,"A",.,"A",100,"D",.,"A",.,"A",.,"A",.,"A",.,"A",.,"A",200,"D",.,"A",.,"A"
"20103",2214644,43,0,"1",.,"A",.,"A",.,"A",.,"A",.,"A",.,"A",.,"A",.,"A",.,"A",.,"A",.,"A",.,"A",.,"A",.,"A",.,"A"
"20103",2214654,39,0,"1",.,"A",.,"A",.,"A",.,"A",.,"A",.,"A",.,"A",.,"A",.,"A",.,"A",.,"A",.,"A",.,"A",.,"A",.,"A"
"20103",2214684,46,0,"1",.,"A",.,"A",.,"A",.,"A",.,"A",180,"D",364,"D",.,"A",.,"A",.,"A",.,"A",.,"A",12,"D",.,"A",.,"A"
"20103",2214704,31,0,"1",.,"A",.,"A",.,"A",.,"A",.,"A",.,"A",65,"D",.,"A",.,"A",.,"A",.,"A",.,"A",.,"A",.,"A",.,"A"
"20103",2214714,67,0,"1",.,"A",.,"A",.,"A",.,"A",.,"A",100,"D",.,"A",.,"A",216,"D",84,"D",6,"D",6,"D",.,"A",28,"D",.,"A"
"20103",2214724,42,0,"1",.,"A",.,"A",.,"A",.,"A",.,"A",.,"A",.,"A",.,"A",.,"A",.,"A",.,"A",.,"A",60,"D",.,"A",.,"A"
"20103",2214734,61,0,"1",.,"A",.,"A",.,"A",.,"A",.,"A",.,"A",.,"A",.,"A",.,"A",0,"D",0,"D",60,"D",.,"A",0,"D",.,"A"
"20103",2214765,66,0,"1",.,"A",.,"A",.,"A",.,"A",.,"A",.,"A",.,"A",.,"A",.,"A",.,"A",.,"A",.,"A",.,"A",.,"A",.,"A"
"20103",2214774,26,0,"1",.,"A",.,"A",.,"A",.,"A",30,"D",.,"A",.,"A",.,"A",.,"A",.,"A",.,"A",.,"A",.,"A",.,"A",.,"A"
"20103",2214784,43,0,"1",.,"A",.,"A",.,"A",.,"A",.,"A",.,"A",325,"D",.,"A",.,"A",.,"A",.,"A",.,"A",.,"A",.,"A",.,"A"
"20103",2214824,101,0,"1",.,"A",.,"A",.,"A",.,"A",.,"A",.,"A",.,"A",.,"A",30,"D",.,"A",.,"A",.,"A",30,"D",.,"A",.,"A"
"20103",2214834,88,0,"1",.,"A",.,"A",.,"A",.,"A",.,"A",.,"A",.,"A",.,"A",0,"D",.,"A",.,"A",.,"A",215,"D",.,"A",.,"A"
"20103",2214844,81,0,"1",.,"A",.,"A",.,"A",.,"A",.,"A",.,"A",.,"A",.,"A",36,"D",.,"A",.,"A",.,"A",180,"D",.,"A",.,"A"
"20103",2214864,48,0,"1",.,"A",.,"A",.,"A",.,"A",.,"A",.,"A",585,"D",.,"A",.,"A",.,"A",.,"A",.,"A",45,"D",.,"A",.,"A"
"20103",2214874,37,0,"1",.,"A",.,"A",.,"A",.,"A",.,"A",.,"A",.,"A",.,"A",.,"A",.,"A",.,"A",.,"A",.,"A",.,"A",.,"A"
"20103",2214884,51,0,"1",.,"A",.,"A",.,"A",.,"A",.,"A",.,"A",325,"D",.,"A",.,"A",.,"A",.,"A",.,"A",42,"D",.,"A",.,"A"
"20103",2214914,77,0,"1",.,"A",.,"A",.,"A",.,"A",.,"A",.,"A",.,"A",.,"A",.,"A",.,"A",.,"A",.,"A",.,"A",.,"A",.,"A"
"20103",2214924,33,0,"1",.,"A",.,"A",.,"A",.,"A",.,"A",.,"A",.,"A",.,"A",.,"A",.,"A",.,"A",.,"A",.,"A",.,"A",.,"A"
"20103",2214934,49,0,"1",.,"A",.,"A",.,"A",.,"A",.,"A",.,"A",.,"A",.,"A",.,"A",.,"A",.,"A",.,"A",30,"D",.,"A",.,"A"
"20103",2214954,55,0,"1",.,"A",.,"A",.,"A",.,"A",.,"A",.,"A",.,"A",.,"A",.,"A",.,"A",.,"A",.,"A",.,"A",.,"A",.,"A"
"20103",2214964,38,0,"1",.,"A",.,"A",.,"A",.,"A",.,"A",.,"A",.,"A",.,"A",.,"A",.,"A",.,"A",.,"A",70,"D",.,"A",.,"A"
"20103",2215014,79,0,"1",.,"A",.,"A",.,"A",.,"A",30,"D",.,"A",.,"A",.,"A",.,"A",.,"A",.,"A",.,"A",60,"D",.,"A",.,"A"
"20103",2215034,39,0,"1",.,"A",.,"A",.,"A",.,"A",.,"A",.,"A",.,"A",.,"A",.,"A",.,"A",.,"A",.,"A",.,"A",.,"A",.,"A"
"20103",2215074,46,0,"1",.,"A",.,"A",.,"A",.,"A",.,"A",.,"A",.,"A",.,"A",.,"A",.,"A",.,"A",.,"A",60,"D",.,"A",.,"A"
"20103",2215094,57,0,"1",.,"A",.,"A",.,"A",.,"A",.,"A",.,"A",.,"A",.,"A",.,"A",.,"A",.,"A",.,"A",100,"D",.,"A",.,"A"
"20103",2215104,41,0,"1",.,"A",.,"A",.,"A",.,"A",.,"A",.,"A",.,"A",.,"A",.,"A",.,"A",.,"A",.,"A",.,"A",.,"A",.,"A"
"20103",2215124,67,0,"1",.,"A",.,"A",.,"A",.,"A",.,"A",40,"D",.,"A",.,"A",9,"D",0,"D",0,"D",15,"D",.,"A",0,"D",.,"A"
"20103",2215134,36,0,"1",.,"A",.,"A",.,"A",.,"A",.,"A",.,"A",.,"A",.,"A",.,"A",.,"A",.,"A",.,"A",40,"D",.,"A",.,"A"
"20103",2215144,55,0,"1",.,"A",.,"A",.,"A",.,"A",.,"A",.,"A",.,"A",.,"A",.,"A",.,"A",.,"A",.,"A",.,"A",.,"A",.,"A"
"20103",2215154,37,0,"1",.,"A",.,"A",.,"A",.,"A",.,"A",.,"A",.,"A",.,"A",.,"A",.,"A",.,"A",.,"A",90,"F",.,"A",.,"A"
"20103",2215174,54,0,"1",.,"A",.,"A",.,"A",.,"A",.,"A",.,"A",.,"A",.,"A",.,"A",.,"A",.,"A",.,"A",27,"D",.,"A",.,"A"
"20103",2215184,44,0,"1",.,"A",.,"A",.,"A",.,"A",.,"A",.,"A",.,"A",.,"A",.,"A",.,"A",.,"A",.,"A",.,"A",.,"A",.,"A"
"20103",2215194,60,0,"1",14,"D",.,"A",.,"A",.,"A",28,"D",50,"D",.,"A",.,"A",.,"A",0,"D",0,"D",0,"D",90,"D",0,"D",.,"A"
"20103",2215234,58,0,"1",.,"A",.,"A",.,"A",.,"A",.,"A",150,"D",.,"A",.,"A",.,"A",75,"F",0,"D",0,"D",45,"D",.,"C",.,"A"
"20103",2215244,40,0,"1",.,"A",.,"A",.,"A",.,"A",.,"A",.,"A",.,"A",.,"A",.,"A",.,"A",.,"A",.,"A",170,"D",.,"A",.,"A"
"20103",2215254,47,0,"1",.,"A",.,"A",.,"A",.,"A",.,"A",.,"A",650,"D",.,"A",117,"D",.,"A",.,"A",.,"A",110,"D",.,"A",.,"A"
"20103",2215264,75,0,"1",.,"A",.,"A",.,"A",.,"A",.,"A",.,"A",.,"A",.,"A",.,"A",.,"A",.,"A",.,"A",85,"D",.,"A",.,"A"
"20103",2215314,42,0,"1",.,"A",.,"A",.,"A",.,"A",120,"D",.,"A",78,"D",.,"A",.,"A",.,"A",.,"A",.,"A",90,"D",.,"A",.,"A"
"20103",2215364,81,0,"1",.,"A",.,"A",.,"A",.,"A",.,"A",.,"A",.,"A",.,"A",15,"D",0,"D",0,"D",75,"D",.,"A",0,"D",.,"A"
"20103",2215374,84,0,"1",.,"A",.,"A",.,"A",.,"A",.,"A",300,"D",.,"A",.,"A",.,"A",.,"A",.,"A",.,"A",200,"D",.,"A",.,"A"
"20103",2215394,50,0,"1",.,"A",.,"A",.,"A",.,"A",.,"A",.,"A",.,"A",.,"A",.,"A",.,"A",.,"A",.,"A",300,"D",.,"A",.,"A"
"20103",2215424,56,0,"1",.,"A",.,"A",.,"A",.,"A",.,"A",.,"A",.,"A",.,"A",.,"A",.,"A",.,"A",.,"A",120,"D",.,"A",.,"A"
"20103",2215434,38,0,"1",20,"D",.,"A",.,"A",.,"A",120,"D",125,"D",.,"A",.,"A",.,"A",270,"D",0,"D",0,"D",200,"D",90,"D",.,"A"
"20103",2215474,70,0,"1",.,"A",.,"A",.,"A",.,"A",.,"A",7,"D",.,"A",.,"A",.,"A",60,"D",0,"D",0,"D",115,"D",20,"D",.,"A"
"20103",2215484,73,0,"1",.,"A",.,"A",.,"A",.,"A",.,"A",75,"D",.,"A",.,"A",.,"A",.,"A",.,"A",.,"A",305,"D",.,"A",.,"A"
"20103",2215494,49,0,"1",.,"A",.,"A",.,"A",.,"A",100,"D",.,"A",390,"D",.,"A",33,"D",.,"A",.,"A",.,"A",70,"D",.,"A",.,"A"
"20103",2215524,77,0,"1",.,"A",.,"A",.,"A",.,"A",.,"A",.,"A",.,"A",.,"A",.,"A",.,"A",.,"A",.,"A",.,"A",.,"A",.,"A"
"20103",2215544,30,0,"1",.,"A",.,"A",.,"A",.,"A",.,"A",.,"A",.,"A",.,"A",.,"A",.,"A",.,"A",.,"A",.,"A",.,"A",.,"A"
"20103",2215564,44,0,"1",.,"A",.,"A",.,"A",.,"A",.,"A",.,"A",.,"A",.,"A",.,"A",.,"A",.,"A",.,"A",.,"A",.,"A",.,"A"
"20103",2215594,29,0,"1",.,"A",.,"A",.,"A",.,"A",.,"A",.,"A",.,"A",.,"A",.,"A",.,"A",.,"A",.,"A",.,"A",.,"A",.,"A"
"20103",2215604,56,0,"1",.,"A",.,"A",30,"D",.,"A",.,"A",.,"A",.,"A",.,"A",21,"D",.,"A",.,"A",.,"A",.,"A",.,"A",.,"A"
"20103",2215614,53,0,"1",.,"A",.,"A",.,"A",.,"A",.,"A",.,"A",299,"D",.,"A",33,"D",.,"A",.,"A",.,"A",.,"A",.,"A",.,"A"
"20103",2215624,46,0,"1",.,"A",.,"A",.,"A",.,"A",.,"A",.,"A",650,"D",.,"A",.,"A",.,"A",.,"A",.,"A",150,"D",.,"A",.,"A"
"20103",2215634,34,0,"1",.,"A",.,"A",.,"A",.,"A",.,"A",.,"A",.,"A",.,"A",.,"A",.,"A",.,"A",.,"A",100,"D",.,"A",.,"A"
"20103",2215654,54,0,"1",.,"A",.,"A",.,"A",.,"A",.,"A",.,"A",.,"A",.,"A",30,"D",.,"A",.,"A",.,"A",12,"D",.,"A",.,"A"
"20103",2215684,47,0,"1",.,"A",.,"A",.,"A",.,"A",.,"A",.,"A",.,"A",.,"A",.,"A",.,"A",.,"A",.,"A",.,"A",.,"A",.,"A"
"20103",2215714,97,0,"1",.,"A",.,"A",.,"A",.,"A",.,"A",.,"A",.,"A",.,"A",.,"A",0,"D",0,"D",30,"D",110,"D",0,"D",.,"A"
"20103",2215734,60,0,"1",.,"A",.,"A",.,"A",.,"A",.,"A",.,"A",.,"A",.,"A",.,"A",.,"A",.,"A",.,"A",.,"A",.,"A",.,"A"
"20103",2215754,36,0,"1",.,"A",.,"A",1,"D",.,"A",80,"D",.,"A",.,"A",.,"A",12,"D",.,"A",.,"A",.,"A",.,"A",.,"A",.,"A"
"20103",2215764,63,0,"1",.,"A",.,"A",.,"A",.,"A",.,"A",185,"D",.,"A",.,"A",.,"A",.,"A",.,"A",.,"A",.,"A",.,"A",.,"A"
"20103",2215774,47,0,"1",.,"A",.,"A",.,"A",.,"A",.,"A",.,"A",.,"A",.,"A",.,"A",.,"A",.,"A",.,"A",.,"A",.,"A",.,"A"
"20103",2215784,39,0,"1",.,"A",.,"A",.,"A",.,"A",.,"A",.,"A",.,"A",.,"A",.,"A",.,"A",.,"A",.,"A",.,"A",.,"A",.,"A"
"20103",2215794,28,0,"1",.,"A",.,"A",.,"A",.,"A",.,"A",.,"A",.,"A",.,"A",.,"A",.,"A",.,"A",.,"A",.,"A",.,"A",.,"A"
"20103",2215814,34,0,"1",.,"A",.,"A",.,"A",.,"A",.,"A",.,"A",195,"D",.,"A",.,"A",0,"D",0,"D",0,"D",.,"A",0,"D",.,"A"
"20103",2215824,39,0,"1",.,"A",.,"A",.,"A",.,"A",.,"A",.,"A",.,"A",.,"A",.,"A",.,"A",.,"A",.,"A",50,"D",.,"A",.,"A"
"20103",2215834,57,0,"1",.,"A",.,"A",.,"A",.,"A",.,"A",.,"A",.,"A",.,"A",.,"A",.,"A",.,"A",.,"A",62,"D",.,"A",.,"A"
"20103",2215844,53,0,"1",.,"A",.,"A",.,"A",.,"A",.,"A",13,"D",.,"A",.,"A",.,"A",0,"D",0,"D",165,"D",125,"D",0,"D",.,"A"
"20103",2215864,42,0,"1",.,"A",.,"A",.,"A",.,"A",.,"A",.,"A",455,"D",.,"A",.,"A",.,"A",.,"A",.,"A",.,"A",.,"A",.,"A"
"20103",2215874,37,0,"1",.,"A",.,"A",.,"A",.,"A",.,"A",.,"A",1105,"F",.,"A",30,"D",.,"A",.,"A",.,"A",90,"D",.,"A",.,"A"
"20103",2215884,47,0,"1",.,"A",.,"A",.,"A",.,"A",.,"A",.,"A",.,"A",.,"A",.,"A",.,"A",.,"A",.,"A",90,"D",.,"A",.,"A"
"20103",2215894,41,0,"1",.,"A",.,"A",.,"A",.,"A",.,"A",.,"A",520,"D",.,"A",.,"A",.,"A",.,"A",.,"A",30,"D",.,"A",.,"A"
"20103",2215904,39,0,"1",.,"A",.,"A",.,"A",.,"A",.,"A",.,"A",.,"A",.,"A",.,"A",.,"A",.,"A",.,"A",60,"D",.,"A",.,"A"
"20103",2215914,51,0,"1",.,"A",.,"A",.,"A",.,"A",.,"A",.,"A",.,"A",.,"A",.,"A",.,"A",.,"A",.,"A",100,"D",.,"A",.,"A"
"20103",2215924,44,0,"1",.,"A",.,"A",.,"A",.,"A",.,"A",.,"A",.,"A",.,"A",.,"A",.,"A",.,"A",.,"A",20,"D",.,"A",.,"A"
"20103",2215944,94,0,"1",20,"D",.,"A",.,"A",.,"A",0,"D",169,"D",.,"A",.,"A",.,"A",.,"A",.,"A",.,"A",300,"D",.,"A",.,"A"
"20103",2215954,40,0,"1",13,"D",.,"A",.,"A",.,"A",38,"D",.,"A",.,"A",.,"A",.,"A",.,"A",.,"A",.,"A",30,"D",.,"A",.,"A"
"20103",2215964,37,0,"1",.,"A",.,"A",.,"A",.,"A",.,"A",.,"A",520,"D",.,"A",.,"A",.,"A",.,"A",.,"A",10,"D",.,"A",.,"A"
"20103",2215974,48,0,"1",.,"A",.,"A",.,"A",.,"A",.,"A",25,"F",156,"F",.,"A",.,"A",.,"A",.,"A",.,"A",22,"D",.,"A",.,"A"
"20103",2215994,59,0,"1",.,"A",.,"A",.,"A",.,"A",.,"A",.,"A",.,"A",.,"A",.,"A",.,"A",.,"A",.,"A",220,"D",.,"A",.,"A"
"20103",2216014,82,0,"1",.,"A",.,"A",.,"A",.,"A",.,"A",.,"A",.,"A",.,"A",0,"D",.,"A",.,"A",.,"A",74,"D",.,"A",.,"A"
"20103",2216024,56,0,"1",.,"A",.,"A",1,"D",.,"A",.,"A",.,"A",.,"A",.,"A",.,"A",.,"A",.,"A",.,"A",100,"D",.,"A",.,"A"
"20103",2216034,33,0,"1",.,"A",.,"A",.,"A",.,"A",.,"A",.,"A",.,"A",.,"A",.,"A",.,"A",.,"A",.,"A",30,"D",.,"A",.,"A"
"20103",2216054,82,0,"1",.,"A",.,"A",.,"A",.,"A",.,"A",.,"A",.,"A",.,"A",.,"A",.,"A",.,"A",.,"A",80,"D",.,"A",.,"A"
"20103",2216074,41,0,"1",.,"A",.,"A",.,"A",.,"A",.,"A",.,"A",.,"A",.,"A",.,"A",.,"A",.,"A",.,"A",30,"D",.,"A",.,"A"
"20103",2216084,46,0,"1",.,"A",.,"A",.,"A",.,"A",.,"A",100,"D",.,"A",.,"A",.,"A",330,"D",0,"D",0,"D",400,"D",110,"D",.,"A"
"20103",2216124,42,0,"1",.,"A",.,"A",.,"A",.,"A",.,"A",.,"A",.,"A",.,"A",.,"A",.,"A",.,"A",.,"A",.,"A",.,"A",.,"A"
"20103",2216144,44,0,"1",.,"A",.,"A",.,"A",.,"A",.,"A",.,"A",.,"A",.,"A",.,"A",.,"A",.,"A",.,"A",.,"A",.,"A",.,"A"
"20103",2216154,43,0,"1",.,"A",.,"A",.,"A",.,"A",.,"A",.,"A",.,"A",.,"A",.,"A",.,"A",.,"A",.,"A",30,"D",.,"A",.,"A"
"20103",2216164,65,0,"1",.,"A",.,"A",.,"A",.,"A",.,"A",50,"D",.,"A",.,"A",.,"A",.,"A",.,"A",.,"A",60,"D",.,"A",.,"A"
"20103",2216174,61,0,"1",.,"A",.,"A",.,"A",.,"A",30,"D",.,"A",.,"A",.,"A",.,"A",.,"A",.,"A",.,"A",80,"D",.,"A",.,"A"
"20103",2216184,39,0,"1",.,"A",.,"A",.,"A",.,"A",.,"A",.,"A",520,"D",.,"A",.,"A",54,"D",0,"D",0,"D",20,"D",18,"D",.,"A"
"20103",2216194,42,0,"1",.,"A",.,"A",.,"A",.,"A",.,"A",.,"A",.,"A",195,"D",.,"A",.,"A",.,"A",.,"A",.,"A",.,"A",.,"A"
"20103",2216204,30,0,"1",.,"A",.,"A",.,"A",.,"A",.,"A",.,"A",.,"A",.,"A",.,"A",.,"A",.,"A",.,"A",.,"A",.,"A",.,"A"
"20103",2216234,69,0,"1",.,"A",.,"A",.,"A",.,"A",.,"A",.,"A",.,"A",.,"A",.,"A",.,"A",.,"A",.,"A",60,"D",.,"A",.,"A"
"20103",2216244,37,0,"1",.,"A",.,"A",.,"A",.,"A",.,"A",.,"A",.,"A",.,"A",.,"A",.,"A",.,"A",.,"A",120,"D",.,"A",.,"A"
"20103",2216254,126,0,"1",.,"A",.,"A",.,"A",.,"A",.,"A",.,"A",845,"D",.,"A",.,"A",.,"A",.,"A",.,"A",250,"D",.,"A",.,"A"
"20103",2216274,39,0,"1",.,"A",.,"A",.,"A",.,"A",.,"A",.,"A",.,"A",.,"A",.,"A",.,"A",.,"A",.,"A",.,"A",.,"A",.,"A"
"20103",2216284,94,0,"1",.,"A",.,"A",143,"D",.,"A",.,"A",.,"A",.,"A",.,"A",.,"A",.,"A",.,"A",.,"A",175,"D",.,"A",.,"A"
"20103",2216294,63,0,"1",.,"A",14,"D",.,"A",.,"A",.,"A",24,"D",.,"A",.,"A",.,"A",.,"A",.,"A",.,"A",120,"D",.,"A",.,"A"
"20103",2216354,57,0,"1",.,"A",.,"A",.,"A",.,"A",.,"A",.,"A",.,"A",.,"A",.,"A",.,"A",.,"A",.,"A",130,"D",.,"A",.,"A"
"20103",2216364,26,0,"1",.,"A",.,"A",.,"A",.,"A",120,"D",.,"A",.,"A",.,"A",.,"A",.,"A",.,"A",.,"A",.,"A",.,"A",.,"A"
"20103",2216374,41,0,"1",.,"A",.,"A",.,"A",.,"A",.,"A",.,"A",.,"A",.,"A",.,"A",.,"A",.,"A",.,"A",60,"D",.,"A",.,"A"
"20103",2216424,28,0,"1",.,"A",.,"A",.,"A",.,"A",.,"A",.,"A",273,"F",.,"A",.,"A",.,"A",.,"A",.,"A",.,"A",.,"A",.,"A"
"20103",2216435,41,0,"1",.,"A",.,"A",.,"A",.,"A",.,"A",.,"A",.,"A",.,"A",.,"A",.,"A",.,"A",.,"A",.,"A",.,"A",.,"A"
"20103",2216444,65,0,"1",.,"A",.,"A",.,"A",.,"A",.,"A",.,"A",.,"A",.,"A",.,"A",.,"A",.,"A",.,"A",200,"D",.,"A",.,"A"
"20103",2216454,57,0,"1",.,"A",.,"A",.,"A",.,"A",.,"A",.,"A",390,"D",.,"A",.,"A",.,"A",.,"A",.,"A",36,"D",.,"A",.,"A"
"20103",2216464,55,0,"1",.,"A",.,"A",.,"A",.,"A",.,"A",.,"A",.,"A",.,"A",.,"A",.,"A",.,"A",.,"A",10,"D",.,"A",.,"A"
"20103",2216494,78,0,"1",.,"A",.,"A",.,"A",.,"A",.,"A",40,"D",.,"A",.,"A",.,"A",.,"A",.,"A",.,"A",.,"A",.,"A",.,"A"
"20103",2216504,73,0,"1",.,"A",.,"A",.,"A",.,"A",.,"A",.,"A",.,"A",.,"A",30,"D",.,"A",.,"A",.,"A",330,"D",.,"A",.,"A"
"20103",2216514,62,0,"1",.,"A",.,"A",.,"A",.,"A",.,"A",.,"A",.,"A",.,"A",.,"A",.,"A",.,"A",.,"A",75,"D",.,"A",.,"A"
"20103",2216564,54,0,"1",.,"A",.,"A",.,"A",.,"A",.,"A",.,"A",.,"A",.,"A",.,"A",.,"A",.,"A",.,"A",20,"D",.,"A",.,"A"
"20103",2216574,59,0,"1",.,"A",.,"A",.,"A",.,"A",.,"A",.,"A",.,"A",.,"A",15,"D",.,"A",.,"A",.,"A",.,"A",.,"A",.,"A"
"20103",2216584,65,0,"1",.,"A",.,"A",.,"A",.,"A",.,"A",440,"D",.,"A",.,"A",.,"A",.,"A",.,"A",.,"A",900,"D",.,"A",.,"A"
"20103",2216604,44,0,"1",.,"A",.,"A",.,"A",.,"A",.,"A",.,"A",.,"A",.,"A",.,"A",.,"A",.,"A",.,"A",.,"A",.,"A",.,"A"
"20103",2216614,47,0,"1",.,"A",.,"A",.,"A",.,"A",.,"A",120,"D",.,"A",.,"A",.,"A",.,"A",.,"A",.,"A",220,"D",.,"A",.,"A"
"20103",2216624,42,0,"1",.,"A",.,"A",.,"A",.,"A",.,"A",.,"A",.,"A",.,"A",.,"A",.,"A",.,"A",.,"A",70,"D",.,"A",.,"A"
"20103",2216654,38,0,"1",.,"A",.,"A",.,"A",.,"A",.,"A",.,"A",.,"A",.,"A",.,"A",.,"A",.,"A",.,"A",.,"A",.,"A",.,"A"
"20103",2216674,54,0,"1",.,"A",.,"A",.,"A",.,"A",.,"A",.,"A",.,"A",.,"A",.,"A",.,"A",.,"A",.,"A",15,"D",.,"A",.,"A"
"20103",2216704,79,0,"1",.,"A",.,"A",.,"A",.,"A",.,"A",30,"D",.,"A",.,"A",.,"A",.,"A",.,"A",.,"A",180,"D",.,"A",.,"A"
"20103",2216714,34,0,"1",.,"A",.,"A",.,"A",.,"A",40,"D",60,"D",.,"A",.,"A",.,"A",0,"D",0,"D",0,"D",480,"D",0,"D",.,"A"
"20103",2216724,55,0,"1",.,"A",.,"A",.,"A",.,"A",.,"A",.,"A",156,"D",.,"A",.,"A",.,"A",.,"A",.,"A",100,"D",.,"A",.,"A"
"20103",2216744,71,0,"1",.,"A",.,"A",.,"A",.,"A",.,"A",.,"A",.,"A",.,"A",.,"A",.,"A",.,"A",.,"A",.,"A",.,"A",.,"A"
"20103",2216755,37,0,"1",.,"A",.,"A",.,"A",.,"A",.,"A",.,"A",.,"A",.,"A",.,"A",.,"A",.,"A",.,"A",.,"A",.,"A",.,"A"
"20103",2216774,55,0,"1",.,"A",.,"A",.,"A",.,"A",.,"A",.,"A",.,"A",.,"A",.,"A",.,"A",.,"A",.,"A",50,"D",.,"A",.,"A"
"20103",2216784,30,0,"1",.,"A",.,"A",.,"A",.,"A",32,"D",.,"A",.,"A",.,"A",.,"A",.,"A",.,"A",.,"A",10,"D",.,"A",.,"A"
"20103",2216794,69,0,"1",.,"A",.,"A",.,"A",.,"A",.,"A",25,"D",.,"A",.,"A",.,"A",.,"A",.,"A",.,"A",244,"D",.,"A",.,"A"
"20103",2216814,47,0,"1",.,"A",.,"A",.,"A",.,"A",.,"A",.,"A",.,"A",.,"A",.,"A",.,"A",.,"A",.,"A",.,"A",.,"A",.,"A"
"20103",2216824,74,0,"1",.,"A",.,"A",.,"A",.,"A",8,"D",8,"D",.,"A",.,"A",.,"A",.,"A",.,"A",.,"A",125,"D",.,"A",.,"A"
"20103",2216834,41,0,"1",.,"A",.,"A",.,"A",.,"A",.,"A",.,"A",.,"A",.,"A",.,"A",.,"A",.,"A",.,"A",40,"D",.,"A",.,"A"
"20103",2216854,52,0,"1",.,"A",.,"A",.,"A",.,"A",70,"D",.,"A",.,"A",.,"A",.,"A",.,"A",.,"A",.,"A",.,"A",.,"A",.,"A"
"20103",2216864,54,0,"1",.,"A",.,"A",.,"A",.,"A",.,"A",.,"A",.,"A",.,"A",.,"A",.,"A",.,"A",.,"A",56,"D",.,"A",.,"A"
"20103",2216914,39,0,"1",.,"A",.,"A",20,"D",.,"A",.,"A",.,"A",455,"D",.,"A",.,"A",.,"A",.,"A",.,"A",.,"A",.,"A",.,"A"
"20103",2216924,54,0,"1",.,"A",.,"A",.,"A",.,"A",.,"A",35,"D",.,"A",.,"A",.,"A",.,"A",.,"A",.,"A",120,"D",.,"A",.,"A"
"20103",2216954,34,0,"1",20,"D",.,"A",.,"A",45,"D",160,"D",.,"A",.,"A",.,"A",.,"A",0,"D",0,"D",180,"D",60,"D",0,"D",.,"A"
"20103",2216964,46,0,"1",25,"D",.,"A",.,"A",.,"A",50,"D",.,"A",.,"A",.,"A",.,"A",.,"A",.,"A",.,"A",60,"D",.,"A",.,"A"
"20103",2216974,26,0,"1",.,"A",.,"A",.,"A",.,"A",.,"A",.,"A",.,"A",.,"A",.,"A",.,"A",.,"A",.,"A",.,"A",.,"A",.,"A"
"20103",2216984,32,0,"1",.,"A",.,"A",.,"A",.,"A",.,"A",.,"A",.,"A",.,"A",.,"A",.,"A",.,"A",.,"A",.,"A",.,"A",.,"A"
"20103",2216994,34,0,"1",.,"A",.,"A",.,"A",.,"A",.,"A",.,"A",.,"A",.,"A",.,"A",.,"A",.,"A",.,"A",.,"A",.,"A",.,"A"
"20103",2217044,36,0,"1",.,"A",.,"A",.,"A",.,"A",120,"F",.,"A",.,"A",.,"A",15,"F",.,"A",.,"A",.,"A",.,"A",.,"A",.,"A"
"20103",2217064,66,0,"1",.,"A",.,"A",.,"A",.,"A",.,"A",.,"A",.,"A",.,"A",.,"A",.,"A",.,"A",.,"A",90,"D",.,"A",.,"A"
"20103",2217074,40,0,"1",.,"A",.,"A",.,"A",.,"A",.,"A",50,"D",.,"A",.,"A",.,"A",.,"A",.,"A",.,"A",12,"D",.,"A",.,"A"
"20103",2217084,47,0,"1",.,"A",.,"A",.,"A",.,"A",.,"A",.,"A",.,"A",.,"A",.,"A",.,"A",.,"A",.,"A",.,"A",.,"A",.,"A"
"20103",2217094,73,0,"1",.,"A",.,"A",.,"A",.,"A",.,"A",.,"A",.,"A",.,"A",18,"D",.,"A",.,"A",.,"A",94,"D",.,"A",.,"A"
"20103",2217114,31,0,"1",.,"A",.,"A",.,"A",.,"A",.,"A",.,"A",.,"A",.,"A",.,"A",.,"A",.,"A",.,"A",.,"A",.,"A",.,"A"
"20103",2217134,47,0,"1",.,"A",.,"A",.,"A",.,"A",.,"A",.,"A",.,"A",.,"A",.,"A",.,"A",.,"A",.,"A",80,"D",.,"A",.,"A"
"20103",2217154,47,0,"1",.,"A",.,"A",.,"A",.,"A",.,"A",.,"A",.,"A",.,"A",30,"D",.,"A",.,"A",.,"A",75,"D",.,"A",.,"A"
"20103",2217184,49,0,"1",.,"A",.,"A",.,"A",.,"A",.,"A",.,"A",.,"A",.,"A",.,"A",.,"A",.,"A",.,"A",50,"D",.,"A",.,"A"
"20103",2217194,40,0,"1",.,"A",.,"A",.,"A",.,"A",.,"A",22,"D",.,"A",.,"A",.,"A",.,"A",.,"A",.,"A",.,"A",.,"A",.,"A"
"20103",2217204,36,0,"1",.,"A",.,"A",.,"A",.,"A",.,"A",.,"A",.,"A",.,"A",.,"A",.,"A",.,"A",.,"A",135,"D",.,"A",.,"A"
"20103",2217214,58,0,"1",.,"A",.,"A",.,"A",.,"A",.,"A",.,"A",.,"A",.,"A",.,"A",.,"A",.,"A",.,"A",50,"D",.,"A",.,"A"
"20103",2217224,42,0,"1",.,"A",.,"A",.,"A",.,"A",.,"A",.,"A",.,"A",.,"A",.,"A",.,"A",.,"A",.,"A",50,"D",.,"A",.,"A"
"20103",2217254,49,0,"1",.,"A",.,"A",.,"A",.,"A",.,"A",.,"A",52,"D",.,"A",.,"A",.,"A",.,"A",.,"A",15,"D",.,"A",.,"A"
"20103",2217274,41,0,"1",.,"A",.,"A",.,"A",.,"A",.,"A",.,"A",520,"D",.,"A",.,"A",.,"A",.,"A",.,"A",.,"A",.,"A",.,"A"
"20103",2217284,52,0,"1",.,"A",.,"A",.,"A",.,"A",.,"A",.,"A",.,"A",.,"A",.,"A",.,"A",.,"A",.,"A",14,"D",.,"A",.,"A"
"20103",2217294,32,0,"1",.,"A",.,"A",.,"A",.,"A",.,"A",.,"A",.,"A",.,"A",30,"D",.,"A",.,"A",.,"A",.,"A",.,"A",.,"A"
"20103",2217324,40,0,"1",.,"A",.,"A",.,"A",.,"A",.,"A",.,"A",.,"A",.,"A",.,"A",.,"A",.,"A",.,"A",.,"A",.,"A",.,"A"
"20103",2217334,49,0,"1",.,"A",.,"A",.,"A",.,"A",.,"A",.,"A",.,"A",.,"A",36,"D",111,"D",0,"D",0,"D",270,"D",37,"D",.,"A"
"20103",2217344,52,0,"1",.,"A",.,"A",.,"A",.,"A",.,"A",.,"A",546,"D",.,"A",.,"A",.,"A",.,"A",.,"A",20,"D",.,"A",.,"A"
"20103",2217364,62,0,"1",.,"A",.,"A",.,"A",.,"A",.,"A",25,"D",2730,"D",.,"A",.,"A",.,"A",.,"A",.,"A",190,"D",.,"A",.,"A"
"20103",2217374,46,0,"1",.,"A",.,"A",.,"A",.,"A",.,"A",.,"A",.,"A",.,"A",.,"A",.,"A",.,"A",.,"A",20,"D",.,"A",.,"A"
"20103",2217384,101,0,"1",.,"A",.,"A",.,"A",.,"A",.,"A",.,"A",.,"A",.,"A",.,"A",.,"A",.,"A",.,"A",120,"D",.,"A",.,"A"
"20103",2217394,46,0,"1",.,"A",.,"A",.,"A",.,"A",.,"A",.,"A",.,"A",.,"A",.,"A",.,"A",.,"A",.,"A",20,"D",.,"A",.,"A"
"20103",2217424,91,0,"1",.,"A",.,"A",42,"D",.,"A",.,"A",.,"A",.,"A",.,"A",.,"A",.,"A",.,"A",.,"A",157,"D",.,"A",.,"A"
"20103",2217434,41,0,"1",.,"A",.,"A",.,"A",6,"D",.,"A",.,"A",.,"A",.,"A",.,"A",.,"A",.,"A",.,"A",.,"A",.,"A",.,"A"
"20103",2217464,63,0,"1",.,"A",.,"A",.,"A",.,"A",.,"A",.,"A",.,"A",.,"A",.,"A",.,"A",.,"A",.,"A",340,"D",.,"A",.,"A"
"20103",2217484,40,0,"1",.,"A",.,"A",.,"A",.,"A",.,"A",.,"A",.,"A",.,"A",.,"A",.,"A",.,"A",.,"A",.,"A",.,"A",.,"A"
"20103",2217504,64,0,"1",.,"A",12,"D",.,"A",.,"A",.,"A",43,"D",.,"A",.,"A",.,"A",.,"A",.,"A",.,"A",200,"D",.,"A",.,"A"
"20103",2217514,46,0,"1",.,"A",.,"A",.,"A",.,"A",.,"A",.,"A",.,"A",.,"A",.,"A",.,"A",.,"A",.,"A",.,"A",.,"A",.,"A"
"20103",2217534,94,0,"1",.,"A",.,"A",.,"A",.,"A",7,"D",.,"A",.,"A",.,"A",.,"A",.,"A",.,"A",.,"A",320,"D",.,"A",.,"A"
"20103",2217544,60,0,"1",.,"A",.,"A",.,"A",.,"A",.,"A",.,"A",.,"A",.,"A",.,"A",.,"A",.,"A",.,"A",120,"D",.,"A",.,"A"
"20103",2217564,92,0,"1",.,"A",.,"A",.,"A",.,"A",.,"A",.,"A",.,"A",.,"A",.,"A",24,"D",0,"D",0,"D",130,"D",8,"D",.,"A"
"20103",2217624,63,0,"1",.,"A",.,"A",.,"A",.,"A",.,"A",10,"D",.,"A",.,"A",.,"A",.,"A",.,"A",.,"A",30,"D",.,"A",.,"A"
"20103",2217684,46,0,"1",.,"A",.,"A",.,"A",.,"A",.,"A",.,"A",.,"A",.,"A",3,"D",.,"A",.,"A",.,"A",36,"D",.,"A",.,"A"
"20103",2217694,62,0,"1",.,"A",.,"A",.,"A",.,"A",120,"D",.,"A",.,"A",.,"A",.,"A",.,"A",.,"A",.,"A",70,"D",.,"A",.,"A"
"20103",2217704,68,0,"1",.,"A",.,"A",.,"A",.,"A",.,"A",.,"A",1950,"D",.,"A",.,"A",.,"A",.,"A",.,"A",.,"A",.,"A",.,"A"
"20103",2217724,34,0,"1",.,"A",.,"A",.,"A",.,"A",.,"A",.,"A",.,"A",.,"A",.,"A",.,"A",.,"A",.,"A",.,"A",.,"A",.,"A"
"20103",2217734,55,0,"1",.,"A",.,"A",.,"A",.,"A",.,"A",.,"A",1300,"D",.,"A",.,"A",.,"A",.,"A",.,"A",54,"D",.,"A",.,"A"
"20103",2217744,36,0,"1",.,"A",.,"A",.,"A",.,"A",.,"A",.,"A",.,"A",.,"A",.,"A",.,"A",.,"A",.,"A",.,"A",.,"A",.,"A"
"20103",2217754,41,0,"1",.,"A",.,"A",.,"A",.,"A",.,"A",.,"A",.,"A",.,"A",.,"A",.,"A",.,"A",.,"A",15,"D",.,"A",.,"A"
"20103",2217774,55,0,"1",.,"A",.,"A",.,"A",.,"A",.,"A",.,"A",.,"A",.,"A",.,"A",.,"A",.,"A",.,"A",50,"D",.,"A",.,"A"
"20103",2217784,27,0,"1",.,"A",.,"A",.,"A",.,"A",140,"D",.,"A",.,"A",.,"A",.,"A",.,"A",.,"A",.,"A",.,"A",.,"A",.,"A"
"20103",2217794,61,0,"1",.,"A",.,"A",.,"A",.,"A",.,"A",.,"A",195,"D",.,"A",.,"A",.,"A",.,"A",.,"A",178,"D",.,"A",.,"A"
"20103",2217804,65,0,"1",.,"A",.,"A",.,"A",.,"A",.,"A",60,"D",.,"A",.,"A",.,"A",.,"A",.,"A",.,"A",150,"D",.,"A",.,"A"
"20103",2217824,47,0,"1",.,"A",.,"A",.,"A",.,"A",.,"A",.,"A",.,"A",.,"A",.,"A",.,"A",.,"A",.,"A",60,"D",.,"A",.,"A"
"20103",2217834,24,0,"1",.,"A",.,"A",.,"A",.,"A",15,"D",.,"A",.,"A",.,"A",.,"A",261,"D",6,"D",0,"D",.,"A",87,"D",.,"A"
"20103",2217854,78,0,"1",.,"A",.,"A",.,"A",.,"A",.,"A",.,"A",130,"D",.,"A",.,"A",.,"A",.,"A",.,"A",150,"D",.,"A",.,"A"
"20103",2217874,58,0,"1",.,"A",.,"A",.,"A",.,"A",.,"A",35,"D",.,"A",.,"A",.,"A",.,"A",.,"A",.,"A",360,"D",.,"A",.,"A"
"20103",2217914,30,0,"1",.,"A",.,"A",.,"A",.,"A",.,"A",.,"A",.,"A",.,"A",.,"A",.,"A",.,"A",.,"A",15,"D",.,"A",.,"A"
"20103",2217924,47,0,"1",.,"A",.,"A",.,"A",.,"A",.,"A",.,"A",.,"A",.,"A",36,"D",.,"A",.,"A",.,"A",.,"A",.,"A",.,"A"
"20103",2217954,48,0,"1",.,"A",.,"A",.,"A",.,"A",.,"A",20,"D",.,"A",.,"A",.,"A",0,"D",0,"D",15,"D",45,"D",0,"D",.,"A"
"20103",2217964,57,0,"1",.,"A",.,"A",.,"A",.,"A",.,"A",.,"A",.,"A",.,"A",.,"A",.,"A",.,"A",.,"A",80,"D",.,"A",.,"A"
"20103",2217974,42,0,"1",.,"A",.,"A",.,"A",.,"A",.,"A",.,"A",.,"A",.,"A",.,"A",.,"A",.,"A",.,"A",.,"A",.,"A",.,"A"
"20103",2217984,101,0,"1",.,"A",.,"A",.,"A",.,"A",.,"A",.,"A",.,"A",.,"A",3,"D",.,"A",.,"A",.,"A",200,"D",.,"A",.,"A"
"20103",2217994,49,0,"1",.,"A",.,"A",.,"A",.,"A",30,"D",225,"D",.,"A",.,"A",.,"A",.,"A",.,"A",.,"A",.,"A",.,"A",.,"A"
"20103",2218004,37,0,"1",.,"A",.,"A",.,"A",.,"A",.,"A",.,"A",.,"A",130,"D",.,"A",.,"A",.,"A",.,"A",40,"D",.,"A",.,"A"
"20103",2218024,42,0,"1",.,"A",.,"A",.,"A",.,"A",50,"D",.,"A",78,"D",.,"A",.,"A",.,"A",.,"A",.,"A",300,"D",.,"A",.,"A"
"20103",2218054,52,0,"1",.,"A",.,"A",.,"A",.,"A",.,"A",.,"A",.,"A",.,"A",.,"A",.,"A",.,"A",.,"A",.,"A",.,"A",.,"A"
"20103",2218074,47,0,"1",.,"A",.,"A",.,"A",.,"A",.,"A",.,"A",.,"A",.,"A",.,"A",.,"A",.,"A",.,"A",.,"A",.,"A",.,"A"
"20103",2218084,29,0,"1",.,"A",.,"A",.,"A",.,"A",.,"A",.,"A",.,"A",.,"A",.,"A",.,"A",.,"A",.,"A",120,"D",.,"A",.,"A"
"20103",2218104,35,0,"1",.,"A",.,"A",.,"A",.,"A",.,"A",.,"A",.,"A",.,"A",.,"A",.,"A",.,"A",.,"A",.,"A",.,"A",.,"A"
"20103",2218124,58,0,"1",.,"A",.,"A",.,"A",.,"A",.,"A",.,"A",195,"D",.,"A",.,"A",.,"A",.,"A",.,"A",200,"D",.,"A",.,"A"
"20103",2218134,47,0,"1",.,"A",.,"A",.,"A",.,"A",.,"A",.,"A",.,"A",.,"A",12,"D",.,"A",.,"A",.,"A",.,"A",.,"A",.,"A"
"20103",2218154,29,0,"1",.,"A",.,"A",.,"A",.,"A",.,"A",.,"A",.,"A",.,"A",.,"A",.,"A",.,"A",.,"A",.,"A",.,"A",.,"A"
"20103",2218164,54,0,"1",.,"A",.,"A",.,"A",.,"A",.,"A",30,"D",.,"A",.,"A",.,"A",.,"A",.,"A",.,"A",90,"D",.,"A",.,"A"
"20103",2218174,34,0,"1",.,"A",.,"A",.,"A",.,"A",.,"A",.,"A",.,"A",.,"A",.,"A",.,"A",.,"A",.,"A",90,"D",.,"A",.,"A"
"20103",2218184,38,0,"1",.,"A",.,"A",.,"A",.,"A",.,"A",.,"A",.,"A",.,"A",.,"A",.,"A",.,"A",.,"A",60,"D",.,"A",.,"A"
"20103",2218194,36,0,"1",.,"A",.,"A",.,"A",.,"A",.,"A",.,"A",.,"A",.,"A",.,"A",.,"A",.,"A",.,"A",.,"A",.,"A",.,"A"
"20103",2218204,72,0,"1",.,"A",.,"A",.,"A",.,"A",.,"A",.,"A",.,"A",.,"A",.,"A",.,"A",.,"A",.,"A",95,"D",.,"A",.,"A"
"20103",2218224,50,0,"1",.,"A",.,"A",.,"A",.,"A",.,"A",.,"A",.,"A",.,"A",.,"A",.,"A",.,"A",.,"A",.,"A",.,"A",.,"A"
"20103",2218234,46,0,"1",.,"A",.,"A",.,"A",.,"A",.,"A",.,"A",.,"A",.,"A",.,"A",.,"A",.,"A",.,"A",47,"D",.,"A",.,"A"
"20103",2218244,36,0,"1",.,"A",.,"A",.,"A",.,"A",.,"A",.,"A",.,"A",.,"A",.,"A",.,"A",.,"A",.,"A",300,"D",.,"A",.,"A"
"20103",2218274,54,0,"1",.,"A",.,"A",.,"A",.,"A",.,"A",.,"A",.,"A",.,"A",.,"A",135,"D",0,"D",0,"D",.,"A",45,"D",.,"A"
"20103",2218284,53,0,"1",.,"A",.,"A",.,"A",.,"A",.,"A",.,"A",.,"A",.,"A",.,"A",.,"A",.,"A",.,"A",120,"D",.,"A",.,"A"
"20103",2218294,26,0,"1",.,"A",.,"A",.,"A",.,"A",15,"D",.,"A",.,"A",.,"A",.,"A",.,"A",.,"A",.,"A",.,"A",.,"A",.,"A"
"20103",2218344,66,0,"1",.,"A",.,"A",.,"A",.,"A",.,"A",.,"A",.,"A",.,"A",.,"A",.,"A",.,"A",.,"A",220,"D",.,"A",.,"A"
"20103",2218354,35,0,"1",.,"A",.,"A",.,"A",.,"A",.,"A",.,"A",.,"A",.,"A",.,"A",.,"A",.,"A",.,"A",.,"A",.,"A",.,"A"
"20103",2218364,34,0,"1",.,"A",.,"A",.,"A",.,"A",.,"A",.,"A",.,"A",.,"A",.,"A",.,"A",.,"A",.,"A",.,"A",.,"A",.,"A"
"20103",2218374,35,0,"1",.,"A",.,"A",.,"A",.,"A",.,"A",.,"A",520,"D",.,"A",.,"A",.,"A",.,"A",.,"A",40,"D",.,"A",.,"A"
"20103",2218384,50,0,"1",.,"A",.,"A",.,"A",.,"A",.,"A",.,"A",130,"D",.,"A",.,"A",.,"A",.,"A",.,"A",.,"A",.,"A",.,"A"
"20103",2218394,61,0,"1",.,"A",.,"A",.,"A",.,"A",.,"A",60,"D",.,"A",.,"A",.,"A",.,"A",.,"A",.,"A",.,"A",.,"A",.,"A"
"20103",2218414,76,0,"1",.,"A",.,"A",.,"A",.,"A",.,"A",.,"A",.,"A",.,"A",.,"A",.,"A",.,"A",.,"A",146,"D",.,"A",.,"A"
"20103",2218454,61,0,"1",.,"A",.,"A",.,"A",.,"A",.,"A",.,"A",.,"A",.,"A",.,"A",.,"A",.,"A",.,"A",105,"D",.,"A",.,"A"
"20103",2218464,49,0,"1",.,"A",.,"A",.,"A",.,"A",.,"A",.,"A",2002,"D",.,"A",.,"A",.,"A",.,"A",.,"A",.,"A",.,"A",.,"A"
"20103",2218494,35,0,"1",.,"A",.,"A",.,"A",.,"A",18,"D",.,"A",.,"A",.,"A",.,"A",.,"A",.,"A",.,"A",.,"A",.,"A",.,"A"
"20103",2218524,77,0,"1",.,"A",.,"A",.,"A",.,"A",.,"A",.,"A",.,"A",.,"A",.,"A",.,"A",.,"A",.,"A",75,"D",.,"A",.,"A"
"20103",2218534,34,0,"1",.,"A",.,"A",.,"A",.,"A",.,"A",.,"A",780,"D",130,"D",.,"A",.,"A",.,"A",.,"A",40,"D",.,"A",.,"A"
"20103",2218564,44,0,"1",.,"A",.,"A",.,"A",.,"A",.,"A",.,"A",.,"A",.,"A",.,"A",.,"A",.,"A",.,"A",165,"D",.,"A",.,"A"
"20103",2218574,83,0,"1",.,"A",.,"A",.,"A",.,"A",.,"A",.,"A",.,"A",.,"A",.,"A",.,"A",.,"A",.,"A",150,"D",.,"A",.,"A"
"20103",2218584,50,0,"1",.,"A",.,"A",.,"A",.,"A",.,"A",.,"A",780,"D",.,"A",.,"A",.,"A",.,"A",.,"A",20,"D",.,"A",.,"A"
"20103",2218594,52,0,"1",.,"A",.,"A",.,"A",.,"A",.,"A",.,"A",.,"A",.,"A",.,"A",.,"A",.,"A",.,"A",78,"D",.,"A",.,"A"
"20103",2218604,55,0,"1",.,"A",.,"A",.,"A",.,"A",.,"A",.,"A",91,"D",.,"A",.,"A",.,"A",.,"A",.,"A",.,"A",.,"A",.,"A"
"20103",2218625,36,0,"1",.,"A",.,"A",.,"A",.,"A",80,"D",.,"A",.,"A",.,"A",.,"A",.,"A",.,"A",.,"A",.,"A",.,"A",.,"A"
"20103",2218634,50,0,"1",.,"A",.,"A",.,"A",.,"A",.,"A",90,"D",.,"A",.,"A",.,"A",150,"D",0,"D",0,"D",.,"A",50,"D",.,"A"
"20103",2218674,76,0,"1",.,"A",.,"A",.,"A",.,"A",.,"A",.,"A",.,"A",.,"A",.,"A",.,"A",.,"A",.,"A",150,"D",.,"A",.,"A"
"20103",2218684,66,0,"1",.,"A",.,"A",.,"A",.,"A",.,"A",.,"A",.,"A",.,"A",120,"D",.,"A",.,"A",.,"A",15,"D",.,"A",.,"A"
"20103",2218704,31,0,"1",.,"A",.,"A",.,"A",.,"A",.,"A",.,"A",.,"A",.,"A",.,"A",.,"A",.,"A",.,"A",.,"A",.,"A",.,"A"
"20103",2218714,24,0,"1",.,"A",.,"A",.,"A",36,"D",65,"D",.,"A",.,"A",.,"A",.,"A",.,"A",.,"A",.,"A",.,"A",.,"A",.,"A"
"20103",2218734,44,0,"1",.,"A",.,"A",.,"A",.,"A",.,"A",.,"A",.,"A",.,"A",.,"A",.,"A",.,"A",.,"A",20,"D",.,"A",.,"A"
"20103",2218744,62,0,"1",.,"A",.,"A",.,"A",.,"A",.,"A",.,"A",.,"A",.,"A",.,"A",.,"A",.,"A",.,"A",85,"D",.,"A",.,"A"
"20103",2218754,56,0,"1",.,"A",.,"A",.,"A",.,"A",.,"A",.,"A",520,"D",.,"A",.,"A",.,"A",.,"A",.,"A",150,"D",.,"A",.,"A"
"20103",2218764,72,0,"1",.,"A",.,"A",.,"A",.,"A",.,"A",.,"A",.,"A",.,"A",.,"A",.,"A",.,"A",.,"A",50,"D",.,"A",.,"A"
"20103",2218774,33,0,"1",.,"A",.,"A",.,"A",.,"A",.,"A",.,"A",.,"A",.,"A",.,"A",.,"A",.,"A",.,"A",.,"A",.,"A",.,"A"
"20103",2218794,46,0,"1",.,"A",.,"A",.,"A",.,"A",.,"A",.,"A",.,"A",.,"A",.,"A",.,"A",.,"A",.,"A",.,"A",.,"A",.,"A"
"20103",2218804,86,0,"1",.,"A",.,"A",.,"A",.,"A",.,"A",.,"A",.,"A",.,"A",.,"A",.,"A",.,"A",.,"A",.,"A",.,"A",.,"A"
"20103",2218814,42,0,"1",.,"A",.,"A",.,"A",.,"A",100,"D",.,"A",26,"D",.,"A",.,"A",.,"A",.,"A",.,"A",90,"D",.,"A",.,"A"
"20103",2218894,54,0,"1",.,"A",.,"A",.,"A",.,"A",.,"A",.,"A",.,"A",.,"A",.,"A",.,"A",.,"A",.,"A",120,"D",.,"A",.,"A"
"20103",2218914,30,0,"1",.,"A",.,"A",.,"A",.,"A",.,"A",.,"A",.,"A",.,"A",.,"A",.,"A",.,"A",.,"A",.,"A",.,"A",.,"A"
"20103",2218944,42,0,"1",.,"A",.,"A",.,"A",.,"A",.,"A",.,"A",.,"A",.,"A",.,"A",.,"A",.,"A",.,"A",.,"A",.,"A",.,"A"
"20103",2218954,35,0,"1",.,"A",.,"A",.,"A",.,"A",.,"A",.,"A",.,"A",.,"A",.,"A",.,"A",.,"A",.,"A",30,"D",.,"A",.,"A"
"20103",2218994,48,0,"1",.,"A",.,"A",.,"A",.,"A",30,"D",.,"A",1560,"D",.,"A",.,"A",.,"A",.,"A",.,"A",20,"D",.,"A",.,"A"
"20103",2219004,59,0,"1",.,"A",.,"A",.,"A",.,"A",.,"A",.,"A",.,"A",.,"A",.,"A",.,"A",.,"A",.,"A",125,"D",.,"A",.,"A"
"20103",2219014,40,0,"1",.,"A",.,"A",.,"A",.,"A",.,"A",.,"A",.,"A",.,"A",.,"A",.,"A",.,"A",.,"A",.,"A",.,"A",.,"A"
"20103",2219024,60,0,"1",.,"A",.,"A",.,"A",.,"A",.,"A",6,"D",.,"A",.,"A",.,"A",.,"A",.,"A",.,"A",70,"D",.,"A",.,"A"
"20103",2219054,35,0,"1",.,"A",.,"A",.,"A",.,"A",.,"A",.,"A",.,"A",.,"A",.,"A",.,"A",.,"A",.,"A",45,"D",.,"A",.,"A"
"20103",2219064,50,0,"1",.,"A",.,"A",.,"A",.,"A",.,"A",.,"A",.,"A",.,"A",.,"A",.,"A",.,"A",.,"A",45,"D",.,"A",.,"A"
"20103",2219084,45,0,"1",.,"A",.,"A",.,"A",.,"A",.,"A",.,"A",.,"A",.,"A",.,"A",.,"A",.,"A",.,"A",.,"A",.,"A",.,"A"
"20103",2219094,50,0,"1",.,"A",.,"A",.,"A",.,"A",.,"A",.,"A",.,"A",.,"A",.,"A",.,"A",.,"A",.,"A",45,"D",.,"A",.,"A"
"20103",2219124,41,0,"1",.,"A",.,"A",.,"A",.,"A",.,"A",.,"A",260,"D",.,"A",.,"A",.,"A",.,"A",.,"A",.,"A",.,"A",.,"A"
"20103",2219154,41,0,"1",.,"A",.,"A",.,"A",.,"A",.,"A",.,"A",.,"A",.,"A",.,"A",.,"A",.,"A",.,"A",14,"D",.,"A",.,"A"
"20103",2219174,51,0,"1",.,"A",.,"A",.,"A",.,"A",.,"A",.,"A",.,"A",130,"D",.,"A",.,"A",.,"A",.,"A",.,"A",.,"A",.,"A"
"20103",2219184,63,0,"1",.,"A",50,"D",.,"A",.,"A",.,"A",0,"D",130,"F",.,"A",.,"A",.,"A",.,"A",.,"A",80,"F",.,"A",.,"A"
"20103",2219194,39,0,"1",.,"A",.,"A",.,"A",.,"A",.,"A",.,"A",390,"D",.,"A",.,"A",.,"A",.,"A",.,"A",.,"A",.,"A",.,"A"
"20103",2219224,56,0,"1",.,"A",.,"A",.,"A",.,"A",.,"A",30,"D",.,"A",.,"A",.,"A",.,"A",.,"A",.,"A",132,"D",.,"A",.,"A"
"20103",2219234,30,0,"1",.,"A",.,"A",.,"A",.,"A",.,"A",.,"A",.,"A",.,"A",.,"A",.,"A",.,"A",.,"A",.,"A",.,"A",.,"A"
"20103",2219254,74,0,"1",8,"D",.,"A",.,"A",.,"A",0,"D",25,"D",.,"A",.,"A",.,"A",.,"A",.,"A",.,"A",32,"D",.,"A",.,"A"
"20103",2219264,45,0,"1",.,"A",.,"A",.,"A",.,"A",.,"A",.,"A",325,"D",.,"A",.,"A",.,"A",.,"A",.,"A",45,"D",.,"A",.,"A"
"20103",2219284,25,0,"1",.,"A",.,"A",.,"A",.,"A",48,"D",.,"A",.,"A",.,"A",.,"A",.,"A",.,"A",.,"A",.,"A",.,"A",.,"A"
"20103",2219314,54,0,"1",.,"A",.,"A",.,"A",.,"A",.,"A",.,"A",.,"A",.,"A",.,"A",.,"A",.,"A",.,"A",100,"D",.,"A",.,"A"
"20103",2219324,83,0,"1",.,"A",.,"A",.,"A",.,"A",.,"A",.,"A",.,"A",.,"A",.,"A",.,"A",.,"A",.,"A",240,"D",.,"A",.,"A"
"20103",2219344,55,0,"1",.,"A",.,"A",.,"A",.,"A",.,"A",120,"D",.,"A",.,"A",.,"A",.,"A",.,"A",.,"A",.,"A",.,"A",.,"A"
"20103",2219364,44,0,"1",.,"A",.,"A",.,"A",.,"A",.,"A",.,"A",.,"A",.,"A",.,"A",.,"A",.,"A",.,"A",75,"D",.,"A",.,"A"
"20103",2219384,83,0,"1",.,"A",.,"A",.,"A",.,"A",.,"A",156,"D",.,"A",.,"A",.,"A",.,"A",.,"A",.,"A",522,"D",.,"A",.,"A"
"20103",2219394,36,0,"1",.,"A",.,"A",.,"A",.,"A",.,"A",.,"A",.,"A",.,"A",.,"A",.,"A",.,"A",.,"A",50,"D",.,"A",.,"A"
"20103",2219404,28,0,"1",.,"A",.,"A",.,"A",.,"A",.,"A",.,"A",.,"A",.,"A",.,"A",.,"A",.,"A",.,"A",.,"A",.,"A",.,"A"
"20103",2219424,58,0,"1",.,"A",.,"A",.,"A",.,"A",.,"A",.,"A",.,"A",.,"A",.,"A",.,"A",.,"A",.,"A",60,"D",.,"A",.,"A"
"20103",2219444,79,0,"1",.,"A",.,"A",28,"D",.,"A",.,"A",.,"A",910,"D",195,"D",9,"D",.,"A",.,"A",.,"A",45,"D",.,"A",.,"A"
"20103",2219454,21,0,"1",.,"A",.,"A",.,"A",.,"A",.,"A",.,"A",.,"A",.,"A",.,"A",.,"A",.,"A",.,"A",.,"A",.,"A",.,"A"
"20103",2219474,59,0,"1",.,"A",.,"A",.,"A",.,"A",.,"A",.,"A",1300,"D",.,"A",.,"A",.,"A",.,"A",.,"A",103,"D",.,"A",.,"A"
"20103",2219484,50,0,"1",.,"A",.,"A",.,"A",.,"A",.,"A",.,"A",130,"D",.,"A",.,"A",.,"A",.,"A",.,"A",.,"A",.,"A",.,"A"
"20103",2219494,47,0,"1",.,"A",.,"A",.,"A",.,"A",.,"A",.,"A",.,"A",.,"A",.,"A",.,"A",.,"A",.,"A",32,"D",.,"A",.,"A"
"20103",2219504,22,0,"1",.,"A",.,"A",.,"A",.,"A",.,"A",.,"A",.,"A",.,"A",.,"A",.,"A",.,"A",.,"A",.,"A",.,"A",.,"A"
"20103",2219514,36,0,"1",.,"A",.,"A",.,"A",.,"A",60,"D",.,"A",.,"A",195,"D",.,"A",.,"A",.,"A",.,"A",60,"D",.,"A",.,"A"
"20103",2219524,26,0,"1",.,"A",.,"A",.,"A",.,"A",.,"A",.,"A",.,"A",.,"A",.,"A",.,"A",.,"A",.,"A",.,"A",.,"A",.,"A"
"20103",2219534,61,0,"1",.,"A",.,"A",.,"A",.,"A",.,"A",.,"A",195,"D",.,"A",.,"A",.,"A",.,"A",.,"A",50,"D",.,"A",.,"A"
"20103",2219564,53,0,"1",.,"A",.,"A",.,"A",.,"A",.,"A",.,"A",91,"D",.,"A",.,"A",.,"A",.,"A",.,"A",43,"D",.,"A",.,"A"
"20103",2219574,39,0,"1",.,"A",.,"A",.,"A",.,"A",.,"A",.,"A",.,"A",.,"A",.,"A",.,"A",.,"A",.,"A",.,"A",.,"A",.,"A"
"20103",2219584,64,0,"1",.,"A",.,"A",.,"A",.,"A",.,"A",.,"A",.,"A",.,"A",.,"A",.,"A",.,"A",.,"A",50,"D",.,"A",.,"A"
"20103",2219594,44,0,"1",.,"A",.,"A",.,"A",.,"A",120,"D",.,"A",.,"A",.,"A",.,"A",.,"A",.,"A",.,"A",.,"A",.,"A",.,"A"
"20103",2219604,39,0,"1",.,"A",.,"A",.,"A",.,"A",.,"A",.,"A",182,"D",.,"A",.,"A",.,"A",.,"A",.,"A",.,"A",.,"A",.,"A"
"20103",2219624,32,0,"1",23,"D",.,"A",.,"A",.,"A",67,"D",.,"A",.,"A",.,"A",.,"A",.,"A",.,"A",.,"A",.,"A",.,"A",.,"A"
"20103",2219644,53,0,"1",.,"A",.,"A",.,"A",.,"A",.,"A",.,"A",.,"A",.,"A",.,"A",.,"A",.,"A",.,"A",.,"A",.,"A",.,"A"
"20103",2219664,48,0,"1",.,"A",.,"A",.,"A",.,"A",.,"A",.,"A",.,"A",.,"A",.,"A",.,"A",.,"A",.,"A",120,"D",.,"A",.,"A"
"20103",2219674,61,0,"1",.,"A",.,"A",.,"A",.,"A",.,"A",.,"A",.,"A",.,"A",.,"A",.,"A",.,"A",.,"A",75,"D",.,"A",.,"A"
"20103",2219684,33,0,"1",.,"A",.,"A",.,"A",.,"A",.,"A",.,"A",.,"A",.,"A",.,"A",.,"A",.,"A",.,"A",45,"D",.,"A",.,"A"
"20103",2219694,83,0,"1",.,"A",.,"A",.,"A",.,"A",.,"A",.,"A",.,"A",.,"A",9,"D",.,"A",.,"A",.,"A",.,"A",.,"A",.,"A"
"20103",2219704,41,0,"1",.,"A",.,"A",.,"A",.,"A",.,"A",.,"A",.,"A",.,"A",.,"A",.,"A",.,"A",.,"A",.,"A",.,"A",.,"A"
"20103",2219714,44,0,"1",.,"A",.,"A",.,"A",.,"A",.,"A",.,"A",.,"A",.,"A",.,"A",.,"A",.,"A",.,"A",.,"A",.,"A",.,"A"
"20103",2219754,102,0,"1",.,"A",.,"A",.,"A",.,"A",.,"A",.,"A",.,"A",.,"A",.,"A",.,"A",.,"A",.,"A",65,"D",.,"A",.,"A"
"20103",2219764,43,0,"1",.,"A",.,"A",.,"A",.,"A",.,"A",.,"A",.,"A",.,"A",.,"A",.,"A",.,"A",.,"A",150,"D",.,"A",.,"A"
"20103",2219774,43,0,"1",.,"A",.,"A",.,"A",.,"A",.,"A",.,"A",.,"A",.,"A",.,"A",.,"A",.,"A",.,"A",30,"D",.,"A",.,"A"
"20103",2219784,63,0,"1",.,"A",.,"A",.,"A",.,"A",.,"A",.,"A",.,"A",.,"A",.,"A",.,"A",.,"A",.,"A",5,"D",.,"A",.,"A"
"20103",2219804,57,0,"1",.,"A",.,"A",.,"A",.,"A",.,"A",40,"D",.,"A",.,"A",.,"A",.,"A",.,"A",.,"A",200,"D",.,"A",.,"A"
"20103",2219814,51,0,"1",.,"A",.,"A",.,"A",.,"A",.,"A",.,"A",.,"A",.,"A",.,"A",.,"A",.,"A",.,"A",110,"D",.,"A",.,"A"
"20103",2219854,51,0,"1",.,"A",.,"A",.,"A",.,"A",.,"A",.,"A",91,"D",.,"A",.,"A",.,"A",.,"A",.,"A",300,"D",.,"A",.,"A"
"20103",2219864,76,0,"1",.,"A",.,"A",.,"A",.,"A",.,"A",120,"D",.,"A",.,"A",.,"A",.,"A",.,"A",.,"A",50,"D",.,"A",.,"A"
"20103",2219904,38,0,"1",.,"A",.,"A",.,"A",.,"A",.,"A",.,"A",.,"A",.,"A",.,"A",.,"A",.,"A",.,"A",.,"A",.,"A",.,"A"
"20103",2219934,61,0,"1",.,"A",.,"A",.,"A",.,"A",.,"A",.,"A",.,"A",.,"A",.,"A",.,"A",.,"A",.,"A",12,"D",.,"A",.,"A"
"20103",2220004,45,0,"1",.,"A",.,"A",.,"A",.,"A",.,"A",.,"A",.,"A",.,"A",.,"A",.,"A",.,"A",.,"A",15,"D",.,"A",.,"A"
"20103",2220014,28,0,"1",.,"A",.,"A",.,"A",.,"A",.,"A",.,"A",520,"D",.,"A",.,"A",.,"A",.,"A",.,"A",.,"A",.,"A",.,"A"
"20103",2220024,53,0,"1",.,"A",.,"A",.,"A",.,"A",.,"A",.,"A",.,"A",.,"A",.,"A",.,"A",.,"A",.,"A",71,"D",.,"A",.,"A"
"20103",2220034,65,0,"1",.,"A",.,"A",.,"A",.,"A",.,"A",.,"A",.,"A",.,"A",.,"A",.,"A",.,"A",.,"A",.,"A",.,"A",.,"A"
"20103",2220054,62,0,"1",.,"A",.,"A",.,"A",.,"A",.,"A",.,"A",.,"A",.,"A",.,"A",.,"A",.,"A",.,"A",100,"D",.,"A",.,"A"
"20103",2220064,48,0,"1",.,"A",.,"A",.,"A",.,"A",.,"A",60,"D",.,"A",.,"A",90,"D",.,"A",.,"A",.,"A",120,"D",.,"A",.,"A"
"20103",2220074,28,0,"1",.,"A",.,"A",.,"A",.,"A",.,"A",.,"A",.,"A",.,"A",.,"A",.,"A",.,"A",.,"A",.,"A",.,"A",.,"A"
"20103",2220084,57,0,"1",.,"A",.,"A",.,"A",.,"A",.,"A",80,"D",455,"D",.,"A",.,"A",.,"A",.,"A",.,"A",90,"D",.,"A",.,"A"
"20103",2220094,54,0,"1",.,"A",.,"A",.,"A",.,"A",.,"A",.,"A",520,"D",.,"A",.,"A",.,"A",.,"A",.,"A",.,"A",.,"A",.,"A"
"20103",2220114,49,0,"1",.,"A",.,"A",.,"A",.,"A",.,"A",.,"A",.,"A",.,"A",.,"A",.,"A",.,"A",.,"A",30,"D",.,"A",.,"A"
"20103",2220134,26,0,"1",5,"D",.,"A",.,"A",100,"D",25,"D",.,"A",.,"A",.,"A",.,"A",30,"D",0,"D",0,"D",.,"A",10,"D",.,"A"
"20103",2220164,78,0,"1",.,"A",.,"A",.,"A",.,"A",.,"A",40,"D",.,"A",.,"A",.,"A",.,"A",.,"A",.,"A",110,"D",.,"A",.,"A"
"20103",2220174,105,0,"1",.,"A",15,"D",.,"A",.,"A",.,"A",15,"D",52,"D",.,"A",21,"D",.,"A",.,"A",.,"A",250,"D",.,"A",.,"A"
"20103",2220204,35,0,"1",.,"A",.,"A",.,"A",.,"A",.,"A",.,"A",.,"A",.,"A",.,"A",.,"A",.,"A",.,"A",.,"A",.,"A",.,"A"
"20103",2220214,94,0,"1",.,"A",.,"A",.,"A",.,"A",.,"A",.,"A",.,"A",.,"A",30,"D",.,"A",.,"A",.,"A",180,"D",.,"A",.,"A"
"20103",2220224,88,0,"1",.,"A",.,"A",.,"A",.,"A",.,"A",.,"A",.,"A",.,"A",27,"D",.,"A",.,"A",.,"A",.,"A",.,"A",.,"A"
"20103",2220234,40,0,"1",.,"A",.,"A",.,"A",.,"A",.,"A",120,"D",.,"A",.,"A",.,"A",.,"A",.,"A",.,"A",.,"A",.,"A",.,"A"
"20103",2220244,56,0,"1",.,"A",.,"A",.,"A",.,"A",.,"A",25,"D",.,"A",.,"A",15,"D",.,"A",.,"A",.,"A",45,"D",.,"A",.,"A"
"20103",2220254,32,0,"1",.,"A",.,"A",.,"A",.,"A",.,"A",.,"A",.,"A",.,"A",.,"A",.,"A",.,"A",.,"A",.,"A",.,"A",.,"A"
"20103",2220274,39,0,"1",.,"A",.,"A",.,"A",.,"A",.,"A",.,"A",.,"A",.,"A",.,"A",.,"A",.,"A",.,"A",90,"D",.,"A",.,"A"
"20103",2220284,40,0,"1",75,"D",.,"A",.,"A",.,"A",75,"D",.,"A",455,"D",.,"A",.,"A",.,"A",.,"A",.,"A",.,"A",.,"A",.,"A"
"20103",2220294,51,0,"1",.,"A",.,"A",.,"A",.,"A",.,"A",.,"A",.,"A",.,"A",.,"A",.,"A",.,"A",.,"A",.,"A",.,"A",.,"A"
"20103",2220304,50,0,"1",.,"A",.,"A",.,"A",.,"A",.,"A",.,"A",.,"A",.,"A",.,"A",.,"A",.,"A",.,"A",150,"D",.,"A",.,"A"
"20103",2220314,74,0,"1",.,"A",.,"A",.,"A",.,"A",.,"A",.,"A",390,"F",.,"A",.,"A",150,"D",0,"D",0,"D",15,"D",50,"D",120,"F"
"20103",2220324,38,0,"1",.,"A",.,"A",.,"A",.,"A",.,"A",.,"A",.,"A",.,"A",.,"A",.,"A",.,"A",.,"A",14,"D",.,"A",.,"A"
"20103",2220334,44,0,"1",.,"A",.,"A",.,"A",.,"A",90,"D",.,"A",.,"A",.,"A",.,"A",.,"A",.,"A",.,"A",120,"D",.,"A",.,"A"
"20103",2220344,67,0,"1",.,"A",.,"A",.,"A",.,"A",.,"A",.,"A",.,"A",.,"A",.,"A",.,"A",.,"A",.,"A",74,"D",.,"A",.,"A"
"20103",2220364,60,0,"1",.,"A",.,"A",.,"A",.,"A",.,"A",.,"A",325,"D",52,"D",.,"A",.,"A",.,"A",.,"A",.,"A",.,"A",.,"A"
"20103",2220374,23,0,"1",.,"A",.,"A",.,"A",.,"A",.,"A",.,"A",.,"A",.,"A",.,"A",0,"D",0,"D",120,"D",.,"A",0,"D",.,"A"
"20103",2220384,93,0,"1",.,"A",.,"A",.,"A",.,"A",.,"A",.,"A",.,"A",.,"A",.,"A",.,"A",.,"A",.,"A",40,"D",.,"A",.,"A"
"20103",2220424,36,0,"1",.,"A",.,"A",.,"A",.,"A",.,"A",.,"A",.,"A",.,"A",.,"A",.,"A",.,"A",.,"A",.,"A",.,"A",.,"A"
"20103",2220434,55,0,"1",.,"A",.,"A",.,"A",.,"A",.,"A",.,"A",.,"A",.,"A",.,"A",.,"A",.,"A",.,"A",136,"D",.,"A",.,"A"
"20103",2220454,42,0,"1",.,"A",.,"A",.,"A",.,"A",.,"A",.,"A",26,"D",.,"A",.,"A",.,"A",.,"A",.,"A",60,"D",.,"A",.,"A"
"20103",2220464,61,0,"1",.,"A",.,"A",.,"A",.,"A",.,"A",.,"A",65,"D",.,"A",.,"A",.,"A",.,"A",.,"A",.,"A",.,"A",.,"A"
"20103",2220474,38,0,"1",.,"A",.,"A",.,"A",.,"A",.,"A",.,"A",.,"A",.,"A",.,"A",.,"A",.,"A",.,"A",.,"A",.,"A",.,"A"
"20103",2220484,38,0,"1",.,"A",.,"A",.,"A",.,"A",.,"A",.,"A",.,"A",.,"A",.,"A",.,"A",.,"A",.,"A",.,"A",.,"A",.,"A"
"20103",2220504,48,0,"1",.,"A",.,"A",.,"A",.,"A",.,"A",.,"A",.,"A",.,"A",.,"A",.,"A",.,"A",.,"A",30,"D",.,"A",.,"A"
"20103",2220534,45,0,"1",.,"A",.,"A",.,"A",.,"A",.,"A",.,"A",.,"A",.,"A",.,"A",.,"A",.,"A",.,"A",30,"D",.,"A",.,"A"
"20103",2220574,39,0,"1",.,"A",.,"A",.,"A",100,"F",.,"A",.,"A",.,"A",.,"A",.,"A",.,"A",.,"A",.,"A",.,"A",.,"A",.,"A"
"20103",2220584,32,0,"1",.,"A",.,"A",.,"A",.,"A",120,"D",.,"A",.,"A",.,"A",.,"A",.,"A",.,"A",.,"A",60,"D",.,"A",.,"A"
"20103",2220594,48,0,"1",.,"A",.,"A",.,"A",.,"A",.,"A",.,"A",.,"A",.,"A",.,"A",.,"A",.,"A",.,"A",21,"D",.,"A",.,"A"
"20103",2220624,86,0,"1",.,"A",.,"A",.,"A",.,"A",.,"A",20,"D",.,"A",.,"A",.,"A",.,"A",.,"A",.,"A",105,"D",.,"A",.,"A"
"20103",2220714,43,0,"1",.,"A",.,"A",.,"A",.,"A",40,"D",.,"A",.,"A",.,"A",.,"A",.,"A",.,"A",.,"A",.,"A",.,"A",.,"A"
"20103",2220724,81,0,"1",3,"D",.,"A",.,"A",15,"D",24,"D",.,"A",.,"A",.,"A",0,"D",0,"D",0,"D",0,"D",85,"D",0,"D",.,"A"
"20103",2220734,53,0,"1",.,"A",.,"A",.,"A",.,"A",.,"A",.,"A",.,"A",.,"A",.,"A",.,"A",.,"A",.,"A",.,"A",.,"A",.,"A"
"20103",2220754,42,0,"1",.,"A",.,"A",.,"A",.,"A",.,"A",.,"A",.,"A",.,"A",.,"A",.,"A",.,"A",.,"A",.,"A",.,"A",.,"A"
"20103",2220774,56,0,"1",9,"D",.,"A",.,"A",.,"A",27,"D",30,"D",.,"A",.,"A",.,"A",.,"A",.,"A",.,"A",.,"A",.,"A",.,"A"
"20103",2220784,53,0,"1",.,"A",.,"A",.,"A",.,"A",.,"A",48,"D",.,"A",.,"A",.,"A",.,"A",.,"A",.,"A",57,"D",.,"A",.,"A"
"20103",2220804,70,0,"1",.,"A",.,"A",.,"A",.,"A",.,"A",64,"D",.,"A",.,"A",.,"A",.,"A",.,"A",.,"A",170,"D",.,"A",.,"A"
"20103",2220824,73,0,"1",.,"A",.,"A",.,"A",.,"A",.,"A",.,"A",.,"A",.,"A",.,"A",.,"A",.,"A",.,"A",36,"D",.,"A",.,"A"
"20103",2220844,25,0,"1",50,"D",.,"A",.,"A",.,"A",50,"D",.,"A",.,"A",.,"A",.,"A",270,"D",0,"D",0,"D",.,"A",90,"D",.,"A"
"20103",2220854,62,0,"1",.,"A",.,"A",.,"A",.,"A",.,"A",.,"A",.,"A",.,"A",.,"A",.,"A",.,"A",.,"A",.,"A",.,"A",.,"A"
"20103",2220874,45,0,"1",.,"A",.,"A",.,"A",60,"D",90,"D",90,"D",.,"A",.,"A",.,"A",180,"D",0,"D",120,"D",60,"D",60,"D",.,"A"
"20103",2220894,44,0,"1",.,"A",.,"A",.,"A",.,"A",.,"A",20,"D",.,"A",.,"A",.,"A",.,"A",.,"A",.,"A",75,"D",.,"A",.,"A"
"20103",2220934,48,0,"1",.,"A",.,"A",125,"D",.,"A",.,"A",.,"A",.,"A",.,"A",.,"A",.,"A",.,"A",.,"A",20,"D",.,"A",.,"A"
"20103",2220944,82,0,"1",.,"A",.,"A",.,"A",.,"A",.,"A",68,"D",.,"A",.,"A",.,"A",.,"A",.,"A",.,"A",40,"D",.,"A",.,"A"
"20103",2220964,60,0,"1",.,"A",.,"A",.,"A",.,"A",.,"A",.,"A",.,"A",.,"A",.,"A",.,"A",.,"A",.,"A",270,"D",.,"A",.,"A"
"20103",2220974,74,0,"1",.,"A",.,"A",.,"A",.,"A",.,"A",.,"A",.,"A",.,"A",.,"A",.,"A",.,"A",.,"A",30,"D",.,"A",.,"A"
"20103",2220984,28,0,"1",.,"A",.,"A",.,"A",.,"A",.,"A",.,"A",715,"D",.,"A",.,"A",.,"A",.,"A",.,"A",.,"A",.,"A",.,"A"
"20103",2220994,87,0,"1",.,"A",.,"A",.,"A",55,"D",.,"A",.,"A",975,"D",.,"A",.,"A",.,"A",.,"A",.,"A",300,"D",.,"A",.,"A"
"20103",2221005,35,0,"1",.,"A",.,"A",.,"A",.,"A",.,"A",.,"A",.,"A",.,"A",.,"A",.,"A",.,"A",.,"A",150,"D",.,"A",.,"A"
"20103",2221014,86,0,"1",.,"A",.,"A",.,"A",.,"A",.,"A",.,"A",351,"D",.,"A",.,"A",.,"A",.,"A",.,"A",90,"D",.,"A",.,"A"
"20103",2221034,43,0,"1",.,"A",.,"A",.,"A",.,"A",.,"A",.,"A",.,"A",.,"A",.,"A",.,"A",.,"A",.,"A",.,"A",.,"A",.,"A"
"20103",2221044,38,0,"1",.,"A",.,"A",.,"A",.,"A",.,"A",.,"A",.,"A",.,"A",.,"A",.,"A",.,"A",.,"A",.,"A",.,"A",.,"A"
"20103",2221054,65,0,"1",.,"A",.,"A",.,"A",.,"A",.,"A",.,"A",.,"A",.,"A",.,"A",.,"A",.,"A",.,"A",30,"D",.,"A",.,"A"
"20103",2221064,49,0,"1",.,"A",.,"A",.,"A",.,"A",.,"A",.,"A",312,"F",.,"A",.,"A",.,"A",.,"A",.,"A",.,"A",.,"A",.,"A"
"20103",2221074,53,0,"1",.,"A",.,"A",.,"A",.,"A",.,"A",.,"A",.,"A",.,"A",.,"A",.,"A",.,"A",.,"A",.,"A",.,"A",.,"A"
"20103",2221084,84,0,"1",.,"A",.,"A",.,"A",.,"A",.,"A",.,"A",.,"A",.,"A",6,"D",.,"A",.,"A",.,"A",50,"D",.,"A",.,"A"
"20103",2221094,62,0,"1",.,"A",.,"A",.,"A",36,"D",.,"A",.,"A",.,"A",.,"A",.,"A",30,"D",0,"D",0,"D",35,"D",10,"D",.,"A"
"20103",2221134,37,0,"1",.,"A",.,"A",.,"A",.,"A",.,"A",.,"A",.,"A",.,"A",.,"A",.,"A",.,"A",.,"A",.,"A",.,"A",.,"A"
"20103",2221164,54,0,"1",.,"A",.,"A",.,"A",.,"A",.,"A",.,"A",325,"D",260,"D",.,"A",.,"A",.,"A",.,"A",.,"A",.,"A",.,"A"
"20103",2221174,40,0,"1",.,"A",.,"A",.,"A",.,"A",.,"A",40,"D",520,"D",.,"A",.,"A",933,"D",0,"D",0,"D",180,"D",311,"D",.,"A"
"20103",2221184,77,0,"1",.,"A",.,"A",.,"A",50,"D",.,"A",.,"A",117,"D",.,"A",.,"A",.,"A",.,"A",.,"A",.,"A",.,"A",.,"A"
"20103",2221204,30,0,"1",.,"A",.,"A",.,"A",.,"A",240,"D",.,"A",.,"A",.,"A",.,"A",0,"D",0,"D",60,"D",80,"D",0,"D",.,"A"
"20103",2221214,98,0,"1",.,"A",.,"A",.,"A",.,"A",.,"A",.,"A",.,"A",.,"A",.,"A",.,"A",.,"A",.,"A",113,"D",.,"A",.,"A"
"20103",2221244,46,0,"1",.,"A",.,"A",.,"A",.,"A",.,"A",.,"A",.,"A",.,"A",.,"A",.,"A",.,"A",.,"A",40,"D",.,"A",.,"A"
"20103",2221254,61,0,"1",.,"A",.,"A",.,"A",.,"A",.,"A",.,"A",.,"A",.,"A",.,"A",.,"A",.,"A",.,"A",15,"D",.,"A",.,"A"
"20103",2221264,36,0,"1",.,"A",.,"A",.,"A",.,"A",.,"A",.,"A",.,"A",.,"A",.,"A",.,"A",.,"A",.,"A",40,"D",.,"A",.,"A"
"20103",2221274,41,0,"1",.,"A",.,"A",.,"A",.,"A",.,"A",.,"A",.,"A",.,"A",.,"A",.,"A",.,"A",.,"A",60,"D",.,"A",.,"A"
"20103",2221294,31,0,"1",.,"A",.,"A",.,"A",.,"A",240,"D",.,"A",.,"A",.,"A",.,"A",.,"A",.,"A",.,"A",.,"A",.,"A",.,"A"
"20103",2221334,38,0,"1",20,"D",.,"A",.,"A",.,"A",100,"D",.,"A",.,"A",.,"A",.,"A",.,"A",.,"A",.,"A",.,"A",.,"A",.,"A"
"20103",2221344,65,0,"1",.,"A",.,"A",.,"A",.,"A",.,"A",.,"A",.,"A",.,"A",.,"A",.,"A",.,"A",.,"A",150,"D",.,"A",.,"A"
"20103",2221374,28,0,"1",.,"A",.,"A",.,"A",.,"A",.,"A",.,"A",.,"A",.,"A",.,"A",.,"A",.,"A",.,"A",45,"D",.,"A",.,"A"
"20103",2221384,34,0,"1",.,"A",.,"A",.,"A",.,"A",.,"A",.,"A",.,"A",.,"A",.,"A",.,"A",.,"A",.,"A",70,"D",.,"A",.,"A"
"20103",2221394,75,0,"1",.,"A",.,"A",.,"A",.,"A",.,"A",.,"A",130,"D",195,"D",.,"A",.,"A",.,"A",.,"A",.,"A",.,"A",.,"A"
"20103",2221404,45,0,"1",.,"A",.,"A",.,"A",.,"A",.,"A",.,"A",520,"D",.,"A",180,"D",.,"A",.,"A",.,"A",75,"D",.,"A",.,"A"
"20103",2221414,36,0,"1",.,"A",.,"A",.,"A",.,"A",.,"A",.,"A",.,"A",.,"A",.,"A",.,"A",.,"A",.,"A",35,"D",.,"A",.,"A"
"20103",2221434,100,0,"1",.,"A",.,"A",.,"A",.,"A",.,"A",.,"A",.,"A",.,"A",.,"A",.,"A",.,"A",.,"A",200,"D",.,"A",.,"A"
"20103",2221444,59,0,"1",.,"A",.,"A",.,"A",.,"A",.,"A",.,"A",845,"D",.,"A",.,"A",.,"A",.,"A",.,"A",.,"A",.,"A",.,"A"
"20103",2221454,64,0,"1",.,"A",.,"A",.,"A",.,"A",.,"A",.,"A",.,"A",.,"A",.,"A",.,"A",.,"A",.,"A",250,"D",.,"A",.,"A"
"20103",2221464,49,0,"1",.,"A",.,"A",.,"A",.,"A",.,"A",.,"A",.,"A",.,"A",.,"A",.,"A",.,"A",.,"A",45,"D",.,"A",.,"A"
"20103",2221504,44,0,"1",.,"A",.,"A",.,"A",.,"A",.,"A",.,"A",.,"A",.,"A",.,"A",.,"A",.,"A",.,"A",245,"D",.,"A",.,"A"
"20103",2221514,34,0,"1",.,"A",.,"A",.,"A",.,"A",.,"A",.,"A",.,"A",.,"A",.,"A",.,"A",.,"A",.,"A",.,"A",.,"A",.,"A"
"20103",2221544,63,0,"1",.,"A",.,"A",.,"A",.,"A",.,"A",.,"A",.,"A",.,"A",.,"A",.,"A",.,"A",.,"A",100,"D",.,"A",.,"A"
"20103",2221564,24,0,"1",.,"A",.,"A",.,"A",.,"A",10,"D",.,"A",.,"A",.,"A",.,"A",900,"D",0,"D",120,"F",.,"A",300,"D",.,"A"
"20103",2221574,93,0,"1",5,"D",.,"A",.,"A",.,"A",35,"D",.,"A",.,"A",.,"A",75,"D",.,"A",.,"A",.,"A",100,"D",.,"A",.,"A"
"20103",2221595,66,0,"1",.,"A",.,"A",.,"A",.,"A",.,"A",77,"D",.,"A",.,"A",.,"A",.,"A",.,"A",.,"A",115,"D",.,"A",.,"A"
"20103",2221614,35,0,"1",.,"A",.,"A",.,"A",.,"A",.,"A",.,"A",.,"A",.,"A",.,"A",.,"A",.,"A",.,"A",.,"A",.,"A",.,"A"
"20103",2221634,26,0,"1",.,"A",.,"A",.,"A",.,"A",.,"A",.,"A",.,"A",78,"D",.,"A",0,"D",0,"D",60,"D",.,"A",0,"D",.,"A"
"20103",2221654,47,0,"1",.,"A",.,"A",.,"A",.,"A",.,"A",.,"A",520,"F",.,"A",.,"A",.,"A",.,"A",.,"A",85,"D",.,"A",.,"A"
"20103",2221664,26,0,"1",.,"A",.,"A",.,"A",.,"A",.,"A",.,"A",130,"D",.,"A",.,"A",.,"A",.,"A",.,"A",25,"D",.,"A",.,"A"
"20103",2221674,23,0,"1",.,"A",.,"A",.,"A",.,"A",.,"A",.,"A",416,"D",.,"A",.,"A",.,"A",.,"A",.,"A",.,"A",.,"A",.,"A"
"20103",2221694,50,0,"1",.,"A",.,"A",.,"A",.,"A",.,"A",.,"A",.,"A",.,"A",.,"A",720,"D",0,"D",0,"D",60,"D",240,"D",120,"D"
"20103",2221704,27,0,"1",.,"A",.,"A",.,"A",.,"A",.,"A",.,"A",520,"D",.,"A",.,"A",.,"A",.,"A",.,"A",.,"A",.,"A",.,"A"
"20103",2221724,23,0,"1",.,"A",.,"A",.,"A",.,"A",.,"A",.,"A",.,"A",.,"A",.,"A",.,"A",.,"A",.,"A",.,"A",.,"A",.,"A"
"20103",2221734,52,0,"1",.,"A",.,"A",.,"A",.,"A",.,"A",.,"A",.,"A",.,"A",.,"A",.,"A",.,"A",.,"A",160,"D",.,"A",.,"A"
"20103",2221754,61,0,"1",.,"A",.,"A",.,"A",.,"A",.,"A",.,"A",.,"A",.,"A",.,"A",.,"A",.,"A",.,"A",90,"D",.,"A",.,"A"
"20103",2221774,24,0,"1",.,"A",.,"A",.,"A",.,"A",.,"A",.,"A",.,"A",.,"A",.,"A",.,"A",.,"A",.,"A",.,"A",.,"A",.,"A"
"20103",2221784,66,0,"1",.,"A",.,"A",.,"A",.,"A",.,"A",.,"A",.,"A",130,"D",.,"A",.,"A",.,"A",.,"A",85,"D",.,"A",.,"A"
"20103",2221794,43,0,"1",.,"A",.,"A",.,"A",.,"A",.,"A",.,"A",.,"A",.,"A",.,"A",.,"A",.,"A",.,"A",.,"A",.,"A",.,"A"
"20103",2221824,39,0,"1",.,"A",.,"A",.,"A",.,"A",.,"A",.,"A",.,"A",.,"A",120,"D",.,"A",.,"A",.,"A",80,"D",.,"A",.,"A"
"20103",2221834,41,0,"1",.,"A",.,"A",.,"A",.,"A",.,"A",.,"A",.,"A",.,"A",.,"A",.,"A",.,"A",.,"A",.,"A",.,"A",.,"A"
"20103",2221854,33,0,"1",.,"A",.,"A",.,"A",.,"A",.,"A",.,"A",.,"A",.,"A",.,"A",.,"A",.,"A",.,"A",90,"D",.,"A",.,"A"
"20103",2221874,67,0,"1",.,"A",.,"A",.,"A",.,"A",.,"A",.,"A",.,"A",.,"A",.,"A",.,"A",.,"A",.,"A",120,"D",.,"A",.,"A"
"20103",2221894,79,0,"1",.,"A",.,"A",.,"A",.,"A",.,"A",200,"D",.,"A",.,"A",.,"A",.,"A",.,"A",.,"A",120,"D",.,"A",.,"A"
"20103",2221914,41,0,"1",.,"A",.,"A",.,"A",.,"A",.,"A",.,"A",.,"A",.,"A",.,"A",.,"A",.,"A",.,"A",180,"D",.,"A",.,"A"
"20103",2221924,53,0,"1",.,"A",.,"A",.,"A",.,"A",.,"A",.,"A",.,"A",.,"A",.,"A",.,"A",.,"A",.,"A",50,"D",.,"A",.,"A"
"20103",2221934,30,0,"1",.,"A",.,"A",.,"A",.,"A",.,"A",11,"D",.,"A",.,"A",.,"A",.,"A",.,"A",.,"A",.,"A",.,"A",.,"A"
"20103",2221944,33,0,"1",.,"A",.,"A",.,"A",.,"A",.,"A",.,"A",.,"A",.,"A",.,"A",.,"A",.,"A",.,"A",.,"A",.,"A",.,"A"
"20103",2221964,56,0,"1",.,"A",.,"A",.,"A",.,"A",.,"A",.,"A",.,"A",.,"A",.,"A",.,"A",.,"A",.,"A",90,"D",.,"A",.,"A"
"20103",2221974,30,0,"1",.,"A",.,"A",.,"A",.,"A",30,"D",.,"A",364,"D",.,"A",.,"A",.,"A",.,"A",.,"A",.,"A",.,"A",.,"A"
"20103",2221984,27,0,"1",.,"A",.,"A",.,"A",.,"A",.,"A",.,"A",.,"A",.,"A",.,"A",.,"A",.,"A",.,"A",.,"A",.,"A",.,"A"
"20103",2221994,60,0,"1",.,"A",.,"A",.,"A",.,"A",.,"A",.,"A",.,"A",.,"A",.,"A",.,"A",.,"A",.,"A",100,"D",.,"A",.,"A"
"20103",2222004,34,0,"1",.,"A",.,"A",.,"A",.,"A",.,"A",.,"A",.,"A",.,"A",.,"A",.,"A",.,"A",.,"A",81,"D",.,"A",.,"A"
"20103",2222014,52,0,"1",.,"A",.,"A",.,"A",.,"A",.,"A",.,"A",.,"A",.,"A",30,"D",.,"A",.,"A",.,"A",40,"D",.,"A",.,"A"
"20103",2222024,56,0,"1",.,"A",.,"A",.,"A",.,"A",.,"A",.,"A",.,"A",.,"A",.,"A",.,"A",.,"A",.,"A",105,"D",.,"A",.,"A"
"20103",2222034,49,0,"1",.,"A",.,"A",.,"A",.,"A",.,"A",.,"A",.,"A",.,"A",15,"D",.,"A",.,"A",.,"A",200,"D",.,"A",.,"A"
"20103",2222064,55,0,"1",.,"A",.,"A",.,"A",.,"A",.,"A",.,"A",.,"A",.,"A",300,"D",.,"A",.,"A",.,"A",100,"D",.,"A",.,"A"
"20103",2222084,55,0,"1",.,"A",.,"A",.,"A",.,"A",.,"A",.,"A",.,"A",.,"A",12,"D",.,"A",.,"A",.,"A",80,"D",.,"A",.,"A"
"20103",2222134,72,0,"1",.,"A",.,"A",.,"A",.,"A",.,"A",.,"A",.,"A",.,"A",12,"D",.,"A",.,"A",.,"A",27,"D",.,"A",.,"A"
"20103",2222154,45,0,"1",.,"A",.,"A",.,"A",.,"A",.,"A",30,"D",.,"A",.,"A",.,"A",.,"A",.,"A",.,"A",60,"D",.,"A",.,"A"
"20103",2222164,64,0,"1",.,"A",.,"A",.,"A",.,"A",.,"A",.,"A",.,"A",.,"A",.,"A",.,"A",.,"A",.,"A",.,"A",.,"A",.,"A"
"20103",2222174,41,0,"1",30,"D",.,"A",.,"A",.,"A",90,"D",.,"A",.,"A",.,"A",.,"A",.,"A",.,"A",.,"A",.,"A",.,"A",.,"A"
"20103",2222184,54,0,"1",.,"A",.,"A",.,"A",.,"A",.,"A",.,"A",.,"A",.,"A",.,"A",.,"A",.,"A",.,"A",.,"A",.,"A",.,"A"
"20103",2222194,31,0,"1",.,"A",.,"A",.,"A",.,"A",10,"D",.,"A",.,"A",.,"A",.,"A",.,"A",.,"A",.,"A",.,"A",.,"A",.,"A"
"20103",2222224,44,0,"1",.,"A",.,"A",.,"A",.,"A",.,"A",.,"A",.,"A",.,"A",.,"A",.,"A",.,"A",.,"A",.,"A",.,"A",.,"A"
"20103",2222234,87,0,"1",.,"A",.,"A",.,"A",.,"A",.,"A",.,"A",.,"A",.,"A",36,"D",.,"A",.,"A",.,"A",105,"D",.,"A",.,"A"
"20103",2222254,54,0,"1",.,"A",.,"A",.,"A",.,"A",.,"A",.,"A",.,"A",.,"A",60,"D",0,"D",0,"D",33,"D",55,"D",0,"D",.,"A"
"20103",2222274,84,0,"1",.,"A",.,"A",.,"A",.,"A",.,"A",.,"A",.,"A",.,"A",.,"A",.,"A",.,"A",.,"A",90,"D",.,"A",.,"A"
"20103",2222284,33,0,"1",.,"A",.,"A",.,"A",.,"A",.,"A",.,"A",260,"D",.,"A",.,"A",.,"A",.,"A",.,"A",.,"A",.,"A",.,"A"
"20103",2222304,47,0,"1",.,"A",.,"A",.,"A",.,"A",.,"A",.,"A",.,"A",.,"A",120,"D",144,"D",0,"D",6,"D",60,"D",48,"D",.,"A"
"20103",2222314,76,0,"1",.,"A",.,"A",.,"A",.,"A",10,"D",.,"A",.,"A",.,"A",.,"A",.,"A",.,"A",.,"A",122,"D",.,"A",.,"A"
"20103",2222344,28,0,"1",.,"A",.,"A",.,"A",.,"A",78,"D",.,"A",.,"A",.,"A",.,"A",.,"A",.,"A",.,"A",130,"D",.,"A",.,"A"
"20103",2222354,63,0,"1",.,"A",.,"A",.,"A",.,"A",.,"A",.,"A",.,"A",.,"A",.,"A",.,"A",.,"A",.,"A",.,"A",.,"A",.,"A"
"20103",2222374,43,0,"1",.,"A",.,"A",.,"A",.,"A",72,"D",.,"A",.,"A",.,"A",.,"A",.,"A",.,"A",.,"A",.,"A",.,"A",.,"A"
"20103",2222384,52,0,"1",.,"A",.,"A",.,"A",.,"A",.,"A",.,"A",.,"A",260,"D",.,"A",.,"A",.,"A",.,"A",.,"A",.,"A",.,"A"
"20103",2222394,71,0,"1",.,"A",.,"A",.,"A",.,"A",.,"A",.,"A",.,"A",.,"A",.,"A",.,"A",.,"A",.,"A",.,"A",.,"A",.,"A"
"20103",2222424,57,0,"1",.,"A",.,"A",.,"A",.,"A",.,"A",.,"A",78,"D",.,"A",.,"A",.,"A",.,"A",.,"A",.,"A",.,"A",.,"A"
"20103",2222434,63,0,"1",.,"A",.,"A",.,"A",.,"A",.,"A",.,"A",.,"A",.,"A",.,"A",.,"A",.,"A",.,"A",75,"D",.,"A",.,"A"
"20103",2222444,51,0,"1",.,"A",.,"A",.,"A",.,"A",430,"D",.,"A",260,"D",.,"A",.,"A",.,"A",.,"A",.,"A",15,"D",.,"A",.,"A"
"20103",2222465,46,0,"1",.,"A",.,"A",.,"A",.,"A",.,"A",.,"A",130,"D",.,"A",27,"D",150,"D",0,"D",0,"D",.,"A",50,"D",.,"A"
"20103",2222474,59,0,"1",.,"A",.,"A",.,"A",.,"A",.,"A",.,"A",.,"A",130,"D",.,"A",.,"A",.,"A",.,"A",125,"D",.,"A",.,"A"
"20103",2222484,84,0,"1",.,"A",.,"A",.,"A",.,"A",.,"A",10,"D",.,"A",.,"A",54,"D",.,"A",.,"A",.,"A",160,"D",.,"A",.,"A"
"20103",2222494,85,0,"1",.,"A",.,"A",.,"A",.,"A",.,"A",.,"A",.,"A",.,"A",15,"D",0,"D",0,"D",39,"D",30,"D",0,"D",.,"A"
"20103",2222504,94,0,"1",.,"A",.,"A",.,"A",.,"A",.,"A",.,"A",.,"A",.,"A",.,"A",.,"A",.,"A",.,"A",200,"D",.,"A",.,"A"
"20103",2222524,62,0,"1",.,"A",.,"A",.,"A",.,"A",.,"A",.,"A",585,"D",.,"A",12,"D",.,"A",.,"A",.,"A",30,"D",.,"A",.,"A"
"20103",2222544,70,0,"1",.,"A",.,"A",.,"A",.,"A",.,"A",.,"A",130,"D",.,"A",.,"A",.,"A",.,"A",.,"A",.,"A",.,"A",.,"A"
"20103",2222564,32,0,"1",.,"A",.,"A",.,"A",.,"A",.,"A",.,"A",416,"D",.,"A",.,"A",.,"A",.,"A",.,"A",.,"A",.,"A",.,"A"
"20103",2222574,51,0,"1",.,"A",.,"A",.,"A",.,"A",.,"A",.,"A",.,"A",.,"A",.,"A",.,"A",.,"A",.,"A",51,"D",.,"A",.,"A"
"20103",2222584,74,0,"1",.,"A",.,"A",.,"A",.,"A",.,"A",.,"A",845,"D",.,"A",105,"F",.,"A",.,"A",.,"A",30,"D",.,"A",.,"A"
"20103",2222604,74,0,"1",.,"A",.,"A",.,"A",.,"A",.,"A",.,"A",.,"A",.,"A",.,"A",.,"A",.,"A",.,"A",56,"D",.,"A",.,"A"
"20103",2222654,36,0,"1",.,"A",.,"A",.,"A",.,"A",.,"A",.,"A",.,"A",.,"A",.,"A",.,"A",.,"A",.,"A",.,"A",.,"A",.,"A"
"20103",2222694,62,0,"1",.,"A",.,"A",.,"A",.,"A",.,"A",.,"A",.,"A",.,"A",.,"A",.,"A",.,"A",.,"A",65,"D",.,"A",.,"A"
"20103",2222704,68,0,"1",.,"A",.,"A",.,"A",.,"A",.,"A",.,"A",.,"A",.,"A",.,"A",.,"A",.,"A",.,"A",75,"D",.,"A",.,"A"
"20103",2222734,40,0,"1",.,"A",.,"A",.,"A",.,"A",.,"A",60,"D",.,"A",.,"A",15,"D",.,"A",.,"A",.,"A",200,"D",.,"A",.,"A"
"20103",2222744,46,0,"1",.,"A",.,"A",.,"A",.,"A",.,"A",20,"D",.,"A",.,"A",.,"A",.,"A",.,"A",.,"A",90,"D",.,"A",.,"A"
"20103",2222754,97,0,"1",.,"A",.,"A",.,"A",.,"A",.,"A",.,"A",39,"D",.,"A",9,"D",.,"A",.,"A",.,"A",11,"D",.,"A",.,"A"
"20103",2222764,30,0,"1",.,"A",.,"A",.,"A",.,"A",.,"A",.,"A",390,"D",.,"A",.,"A",.,"A",.,"A",.,"A",.,"A",.,"A",.,"A"
"20103",2222774,52,0,"1",.,"A",.,"A",.,"A",.,"A",.,"A",.,"A",.,"A",.,"A",.,"A",.,"A",.,"A",.,"A",70,"D",.,"A",.,"A"
"20103",2222784,31,0,"1",.,"A",.,"A",.,"A",.,"A",18,"D",85,"D",.,"A",.,"A",.,"A",.,"A",.,"A",.,"A",140,"D",.,"A",.,"A"
"20103",2222795,26,0,"1",.,"A",.,"A",.,"A",.,"A",.,"A",.,"A",.,"A",.,"A",.,"A",.,"A",.,"A",.,"A",.,"A",.,"A",.,"A"
"20103",2222804,36,0,"1",.,"A",.,"A",.,"A",.,"A",.,"A",.,"A",286,"D",.,"A",.,"A",.,"A",.,"A",.,"A",.,"A",.,"A",.,"A"
"20103",2222824,72,0,"1",.,"A",.,"A",.,"A",.,"A",.,"A",25,"D",.,"A",.,"A",30,"D",.,"A",.,"A",.,"A",200,"D",.,"A",.,"A"
"20103",2222834,50,0,"1",.,"A",.,"A",.,"A",.,"A",.,"A",.,"A",.,"A",.,"A",.,"A",0,"D",0,"D",24,"D",.,"A",0,"D",.,"A"
"20103",2222844,45,0,"1",.,"A",.,"A",.,"A",.,"A",.,"A",.,"A",.,"A",.,"A",.,"A",.,"A",.,"A",.,"A",.,"A",.,"A",.,"A"
"20103",2222854,79,0,"1",.,"A",.,"A",.,"A",.,"A",.,"A",120,"D",.,"A",.,"A",.,"A",.,"A",.,"A",.,"A",40,"D",.,"A",.,"A"
"20103",2222864,51,0,"1",.,"A",10,"D",.,"A",.,"A",.,"A",0,"D",468,"D",.,"A",.,"A",.,"A",.,"A",.,"A",.,"A",.,"A",.,"A"
"20103",2222884,54,0,"1",.,"A",.,"A",25,"D",.,"A",.,"A",.,"A",.,"A",.,"A",.,"A",.,"A",.,"A",.,"A",.,"A",.,"A",.,"A"
"20103",2222914,95,0,"1",.,"A",.,"A",.,"A",.,"A",.,"A",.,"A",1300,"D",.,"A",.,"A",.,"A",.,"A",.,"A",12,"D",.,"A",.,"A"
"20103",2222924,28,0,"1",.,"A",.,"A",.,"A",.,"A",.,"A",.,"A",.,"A",.,"A",.,"A",0,"D",0,"D",30,"D",.,"A",0,"D",.,"A"
"20103",2222934,36,0,"1",.,"A",.,"A",.,"A",.,"A",.,"A",.,"A",.,"A",.,"A",.,"A",.,"A",.,"A",.,"A",20,"D",.,"A",.,"A"
"20103",2222944,88,0,"1",.,"A",.,"A",.,"A",.,"A",.,"A",.,"A",.,"A",.,"A",.,"A",.,"A",.,"A",.,"A",306,"D",.,"A",.,"A"
"20103",2222964,62,0,"1",.,"A",.,"A",.,"A",.,"A",.,"A",.,"A",.,"A",.,"A",.,"A",.,"A",.,"A",.,"A",.,"A",.,"A",.,"A"
"20103",2222974,70,0,"1",.,"A",.,"A",.,"A",.,"A",.,"A",.,"A",.,"A",.,"A",.,"A",.,"A",.,"A",.,"A",75,"D",.,"A",.,"A"
"20103",2223004,57,0,"1",.,"A",.,"A",.,"A",.,"A",.,"A",.,"A",1365,"D",.,"A",.,"A",.,"A",.,"A",.,"A",.,"A",.,"A",.,"A"
"20103",2223014,45,0,"1",.,"A",.,"A",.,"A",.,"A",60,"D",.,"A",.,"A",.,"A",.,"A",.,"A",.,"A",.,"A",.,"A",.,"A",.,"A"
"20103",2223024,64,0,"1",.,"A",.,"A",.,"A",.,"A",.,"A",.,"A",195,"D",195,"D",.,"A",.,"A",.,"A",.,"A",30,"D",.,"A",.,"A"
"20103",2223044,63,0,"1",.,"A",.,"A",.,"A",.,"A",.,"A",100,"D",.,"A",.,"A",.,"A",.,"A",.,"A",.,"A",200,"D",.,"A",.,"A"
"20103",2223054,41,0,"1",.,"A",.,"A",.,"A",.,"A",.,"A",.,"A",130,"D",.,"A",.,"A",.,"A",.,"A",.,"A",.,"A",.,"A",.,"A"
"20103",2223064,49,0,"1",.,"A",.,"A",.,"A",.,"A",.,"A",.,"A",.,"A",.,"A",.,"A",.,"A",.,"A",.,"A",20,"D",.,"A",.,"A"
"20103",2223084,38,0,"1",3,"D",.,"A",.,"A",.,"A",15,"D",.,"A",.,"A",.,"A",.,"A",.,"A",.,"A",.,"A",.,"A",.,"A",.,"A"
"20103",2223094,31,0,"1",35,"D",.,"A",.,"A",15,"D",35,"D",.,"A",.,"A",.,"A",.,"A",.,"A",.,"A",.,"A",155,"D",.,"A",.,"A"
"20103",2223114,40,0,"1",.,"A",.,"A",.,"A",.,"A",.,"A",.,"A",.,"A",.,"A",.,"A",.,"A",.,"A",.,"A",52,"D",.,"A",.,"A"
"20103",2223134,80,0,"1",.,"A",.,"A",.,"A",.,"A",.,"A",100,"D",.,"A",.,"A",.,"A",.,"A",.,"A",.,"A",250,"D",.,"A",.,"A"
"20103",2223164,31,0,"1",.,"A",.,"A",.,"A",.,"A",.,"A",.,"A",.,"A",.,"A",.,"A",.,"A",.,"A",.,"A",.,"A",.,"A",.,"A"
"20103",2223184,54,0,"1",.,"A",.,"A",.,"A",.,"A",.,"A",125,"D",.,"A",.,"A",.,"A",.,"A",.,"A",.,"A",.,"A",.,"A",.,"A"
"20103",2223204,48,0,"1",.,"A",.,"A",.,"A",.,"A",.,"A",.,"A",.,"A",.,"A",.,"A",.,"A",.,"A",.,"A",.,"A",.,"A",.,"A"
"20103",2223214,41,0,"1",.,"A",.,"A",.,"A",.,"A",.,"A",.,"A",91,"D",.,"A",.,"A",.,"A",.,"A",.,"A",300,"D",.,"A",.,"A"
"20103",2223224,50,0,"1",.,"A",.,"A",.,"A",.,"A",.,"A",.,"A",234,"D",.,"A",.,"A",.,"A",.,"A",.,"A",25,"D",.,"A",.,"A"
"20103",2223264,41,0,"1",.,"A",.,"A",.,"A",.,"A",.,"A",.,"A",195,"D",.,"A",.,"A",.,"A",.,"A",.,"A",7,"D",.,"A",.,"A"
"20103",2223284,68,0,"1",.,"A",.,"A",.,"A",.,"A",.,"A",.,"A",.,"A",.,"A",.,"A",.,"A",.,"A",.,"A",80,"D",.,"A",.,"A"
"20103",2223294,71,0,"1",.,"A",.,"A",.,"A",.,"A",.,"A",.,"A",.,"A",.,"A",.,"A",.,"A",.,"A",.,"A",.,"A",.,"A",.,"A"
"20103",2223304,78,0,"1",.,"A",.,"A",.,"A",.,"A",.,"A",.,"A",.,"A",.,"A",.,"A",.,"A",.,"A",.,"A",350,"D",.,"A",.,"A"
"20103",2223324,47,0,"1",.,"A",.,"A",.,"A",.,"A",.,"A",.,"A",.,"A",.,"A",.,"A",.,"A",.,"A",.,"A",.,"A",.,"A",.,"A"
"20103",2223334,77,0,"1",.,"A",.,"A",.,"A",.,"A",.,"A",.,"A",.,"A",.,"A",.,"A",.,"A",.,"A",.,"A",180,"D",.,"A",.,"A"
"20103",2223344,28,0,"1",.,"A",.,"A",.,"A",.,"A",48,"F",.,"A",.,"A",.,"A",.,"A",.,"A",.,"A",.,"A",.,"A",.,"A",.,"A"
"20103",2223354,61,0,"1",.,"A",.,"A",.,"A",.,"A",.,"A",.,"A",.,"A",130,"D",.,"A",.,"A",.,"A",.,"A",30,"D",.,"A",.,"A"
"20103",2223374,68,0,"1",.,"A",.,"A",.,"A",.,"A",.,"A",.,"A",.,"A",.,"A",.,"A",.,"A",.,"A",.,"A",575,"D",.,"A",.,"A"
"20103",2223384,37,0,"1",5,"D",.,"A",.,"A",.,"A",25,"D",.,"A",.,"A",.,"A",.,"A",.,"A",.,"A",.,"A",40,"D",.,"A",.,"A"
"20103",2223394,41,0,"1",.,"A",.,"A",.,"A",.,"A",.,"A",.,"A",.,"A",.,"A",.,"A",.,"A",.,"A",.,"A",.,"A",.,"A",.,"A"
"20103",2223404,36,0,"1",.,"A",.,"A",.,"A",.,"A",.,"A",.,"A",.,"A",.,"A",.,"A",.,"A",.,"A",.,"A",10,"D",.,"A",.,"A"
"20103",2223424,66,0,"1",.,"A",.,"A",43,"D",.,"A",.,"A",.,"A",.,"A",.,"A",.,"A",.,"A",.,"A",.,"A",60,"D",.,"A",.,"A"
"20103",2223444,39,0,"1",.,"A",.,"A",.,"A",.,"A",.,"A",.,"A",.,"A",.,"A",.,"A",.,"A",.,"A",.,"A",300,"D",.,"A",.,"A"
"20103",2223474,72,0,"1",.,"A",.,"A",.,"A",.,"A",.,"A",.,"A",.,"A",.,"A",.,"A",.,"A",.,"A",.,"A",127,"D",.,"A",.,"A"
"20103",2223484,35,0,"1",.,"A",.,"A",.,"A",.,"A",.,"A",.,"A",.,"A",.,"A",.,"A",.,"A",.,"A",.,"A",.,"A",.,"A",.,"A"
"20103",2223554,49,0,"1",.,"A",.,"A",.,"A",.,"A",.,"A",60,"D",.,"A",.,"A",.,"A",.,"A",.,"A",.,"A",160,"D",.,"A",.,"A"
"20103",2223594,28,0,"1",.,"A",.,"A",.,"A",.,"A",.,"A",.,"A",429,"D",.,"A",.,"A",.,"A",.,"A",.,"A",.,"A",.,"A",.,"A"
"20103",2223604,51,0,"1",.,"A",.,"A",.,"A",.,"A",84,"D",.,"A",.,"A",.,"A",.,"A",.,"A",.,"A",.,"A",.,"A",.,"A",.,"A"
"20103",2223624,72,0,"1",.,"A",.,"A",.,"A",.,"A",.,"A",.,"A",.,"A",.,"A",.,"A",.,"A",.,"A",.,"A",70,"D",.,"A",.,"A"
"20103",2223644,82,0,"1",.,"A",.,"A",.,"A",.,"A",.,"A",.,"A",325,"D",260,"D",24,"D",.,"A",.,"A",.,"A",700,"D",.,"A",.,"A"
"20103",2223654,43,0,"1",.,"A",.,"A",.,"A",.,"A",.,"A",.,"A",.,"A",.,"A",.,"A",.,"A",.,"A",.,"A",45,"D",.,"A",.,"A"
"20103",2223664,96,0,"1",.,"A",.,"A",.,"A",.,"A",.,"A",.,"A",.,"A",.,"A",.,"A",0,"D",216,"D",0,"D",90,"D",0,"D",.,"A"
"20103",2223674,41,0,"1",.,"A",.,"A",.,"A",.,"A",.,"A",.,"A",.,"A",.,"A",.,"A",.,"A",.,"A",.,"A",.,"A",.,"A",.,"A"
"20103",2223684,54,0,"1",.,"A",.,"A",.,"A",.,"A",.,"A",.,"A",.,"A",.,"A",.,"A",.,"A",.,"A",.,"A",40,"D",.,"A",.,"A"
"20103",2223694,66,0,"1",.,"A",.,"A",.,"A",.,"A",.,"A",.,"A",1053,"D",.,"A",.,"A",.,"A",.,"A",.,"A",.,"A",.,"A",.,"A"
"20103",2223704,58,0,"1",.,"A",.,"A",.,"A",.,"A",.,"A",.,"A",.,"A",.,"A",.,"A",.,"A",.,"A",.,"A",100,"D",.,"A",.,"A"
"20103",2223714,48,0,"1",.,"A",.,"A",.,"A",.,"A",.,"A",.,"A",.,"A",.,"A",.,"A",.,"A",.,"A",.,"A",.,"A",.,"A",.,"A"
"20103",2223724,36,0,"1",.,"A",.,"A",.,"A",.,"A",.,"A",.,"A",260,"D",130,"D",.,"A",.,"A",.,"A",.,"A",10,"D",.,"A",.,"A"
"20103",2223764,35,0,"1",.,"A",.,"A",.,"A",.,"A",.,"A",.,"A",.,"A",.,"A",.,"A",.,"A",.,"A",.,"A",.,"A",.,"A",.,"A"
"20103",2223774,51,0,"1",.,"A",.,"A",.,"A",.,"A",.,"A",.,"A",.,"A",.,"A",.,"A",.,"A",.,"A",.,"A",60,"D",.,"A",.,"A"
"20103",2223794,54,0,"1",.,"A",.,"A",.,"A",.,"A",.,"A",.,"A",.,"A",.,"A",.,"A",.,"A",.,"A",.,"A",140,"D",.,"A",.,"A"
"20103",2223814,92,0,"1",.,"A",.,"A",.,"A",.,"A",60,"D",.,"A",.,"A",.,"A",.,"A",.,"A",.,"A",.,"A",50,"D",.,"A",.,"A"
"20103",2223824,51,0,"1",.,"A",.,"A",.,"A",.,"A",.,"A",.,"A",.,"A",.,"A",.,"A",.,"A",.,"A",.,"A",120,"D",.,"A",.,"A"
"20103",2223844,31,0,"1",.,"A",.,"A",.,"A",.,"A",.,"A",.,"A",455,"D",.,"A",.,"A",.,"A",.,"A",.,"A",.,"A",.,"A",.,"A"
"20103",2223854,30,0,"1",.,"A",.,"A",.,"A",.,"A",90,"D",.,"A",.,"A",.,"A",.,"A",450,"D",0,"D",0,"D",60,"D",150,"D",.,"A"
"20103",2223864,55,0,"1",.,"A",.,"A",.,"A",.,"A",.,"A",60,"D",.,"A",.,"A",.,"A",.,"A",.,"A",.,"A",130,"D",.,"A",.,"A"
"20103",2223874,42,0,"1",.,"A",.,"A",.,"A",.,"A",.,"A",.,"A",.,"A",.,"A",.,"A",.,"A",.,"A",.,"A",.,"A",.,"A",.,"A"
"20103",2223894,31,0,"1",15,"D",.,"A",.,"A",25,"D",75,"D",80,"D",.,"A",.,"A",.,"A",270,"D",0,"D",0,"D",100,"D",90,"D",.,"A"
"20103",2223905,45,0,"1",32,"D",.,"A",.,"A",.,"A",718,"D",.,"A",.,"A",.,"A",30,"D",.,"A",.,"A",.,"A",100,"D",.,"A",.,"A"
"20103",2223924,27,0,"1",.,"A",.,"A",.,"A",.,"A",.,"A",.,"A",.,"A",.,"A",.,"A",.,"A",.,"A",.,"A",.,"A",.,"A",.,"A"
"20103",2223944,36,0,"1",.,"A",.,"A",.,"A",25,"D",20,"D",13,"D",260,"D",.,"A",.,"A",.,"A",.,"A",.,"A",.,"A",.,"A",.,"A"
"20103",2223954,66,0,"1",.,"A",.,"A",.,"A",.,"A",.,"A",.,"A",.,"A",.,"A",.,"A",.,"A",.,"A",.,"A",50,"D",.,"A",.,"A"
"20103",2223964,58,0,"1",.,"A",.,"A",.,"A",.,"A",.,"A",.,"A",.,"A",.,"A",.,"A",.,"A",.,"A",.,"A",25,"D",.,"A",.,"A"
"20103",2223974,39,0,"1",.,"A",.,"A",.,"A",.,"A",.,"A",.,"A",325,"D",.,"A",.,"A",.,"A",.,"A",.,"A",.,"A",.,"A",.,"A"
"20103",2223994,37,0,"1",20,"D",.,"A",.,"A",.,"A",58,"D",120,"D",650,"D",.,"A",12,"D",180,"D",0,"D",0,"D",60,"D",60,"D",.,"A"
"20103",2224004,48,0,"1",.,"A",.,"A",.,"A",.,"A",.,"A",.,"A",.,"A",.,"A",.,"A",.,"A",.,"A",.,"A",.,"A",.,"A",.,"A"
"20103",2224024,44,0,"1",.,"A",.,"A",.,"A",.,"A",.,"A",.,"A",.,"A",.,"A",.,"A",.,"A",.,"A",.,"A",.,"A",.,"A",.,"A"
"20103",2224034,40,0,"1",.,"A",.,"A",.,"A",.,"A",.,"A",.,"A",.,"A",.,"A",.,"A",.,"A",.,"A",.,"A",69,"D",.,"A",.,"A"
"20103",2224044,43,0,"1",.,"A",.,"A",.,"A",.,"A",.,"A",.,"A",.,"A",.,"A",.,"A",.,"A",.,"A",.,"A",.,"A",.,"A",.,"A"
"20103",2224054,34,0,"1",.,"A",.,"A",.,"A",.,"A",.,"A",.,"A",260,"D",.,"A",.,"A",.,"A",.,"A",.,"A",.,"A",.,"A",.,"A"
"20103",2224064,39,0,"1",.,"A",.,"A",.,"A",.,"A",.,"A",.,"A",.,"A",.,"A",.,"A",.,"A",.,"A",.,"A",50,"D",.,"A",.,"A"
"20103",2224074,57,0,"1",.,"A",.,"A",.,"A",.,"A",.,"A",.,"A",.,"A",.,"A",.,"A",.,"A",.,"A",.,"A",90,"D",.,"A",.,"A"
"20103",2224084,47,0,"1",.,"A",.,"A",.,"A",.,"A",.,"A",.,"A",.,"A",.,"A",36,"D",.,"A",.,"A",.,"A",.,"A",.,"A",.,"A"
"20103",2224114,64,0,"1",.,"A",.,"A",.,"A",60,"D",.,"A",100,"D",.,"A",.,"A",.,"A",180,"D",0,"D",0,"D",.,"A",60,"D",.,"A"
"20103",2224154,50,0,"1",.,"A",.,"A",.,"A",.,"A",.,"A",50,"D",.,"A",.,"A",.,"A",.,"A",.,"A",.,"A",140,"D",.,"A",.,"A"
"20103",2224204,27,0,"1",.,"A",.,"A",.,"A",.,"A",.,"A",.,"A",.,"A",130,"D",.,"A",.,"A",.,"A",.,"A",.,"A",.,"A",.,"A"
"20103",2224224,32,0,"1",.,"A",.,"A",.,"A",.,"A",50,"D",.,"A",.,"A",.,"A",.,"A",.,"A",.,"A",.,"A",.,"A",.,"A",.,"A"
"20103",2224234,50,0,"1",.,"A",.,"A",.,"A",.,"A",.,"A",.,"A",.,"A",.,"A",.,"A",.,"A",.,"A",.,"A",.,"A",.,"A",.,"A"
"20103",2224254,26,0,"1",.,"A",.,"A",.,"A",.,"A",.,"A",.,"A",.,"A",.,"A",.,"A",.,"A",.,"A",.,"A",.,"A",.,"A",.,"A"
"20103",2224314,39,0,"1",.,"A",.,"A",.,"A",.,"A",.,"A",.,"A",.,"A",.,"A",.,"A",.,"A",.,"A",.,"A",.,"A",.,"A",.,"A"
"20103",2224334,46,0,"1",.,"A",.,"A",.,"A",.,"A",.,"A",.,"A",.,"A",.,"A",.,"A",.,"A",.,"A",.,"A",35,"D",.,"A",.,"A"
"20103",2224355,34,0,"1",.,"A",.,"A",.,"A",.,"A",.,"A",.,"A",.,"A",.,"A",.,"A",.,"A",.,"A",.,"A",.,"A",.,"A",.,"A"
"20103",2224364,35,0,"1",.,"A",.,"A",.,"A",.,"A",.,"A",.,"A",364,"D",.,"A",.,"A",.,"A",.,"A",.,"A",20,"D",.,"A",.,"A"
"20103",2224434,36,0,"1",.,"A",.,"A",.,"A",.,"A",65,"D",.,"A",.,"A",.,"A",.,"A",.,"A",.,"A",.,"A",33,"D",.,"A",.,"A"
"20103",2224465,38,0,"1",.,"A",.,"A",.,"A",.,"A",60,"D",.,"A",.,"A",.,"A",.,"A",.,"A",.,"A",.,"A",.,"A",.,"A",.,"A"
"20103",2224485,72,0,"1",.,"A",.,"A",.,"A",.,"A",.,"A",180,"D",.,"A",.,"A",.,"A",.,"A",.,"A",.,"A",300,"D",.,"A",.,"A"
"20103",2224535,42,0,"1",.,"A",.,"A",.,"A",.,"A",15,"D",.,"A",26,"D",.,"A",6,"D",.,"A",.,"A",.,"A",30,"D",.,"A",.,"A"
"20103",2224544,58,0,"1",.,"A",.,"A",.,"A",.,"A",.,"A",.,"A",.,"A",.,"A",.,"A",0,"D",0,"D",0,"D",200,"D",0,"D",.,"A"
"20103",2224575,67,0,"1",.,"A",.,"A",.,"A",.,"A",.,"A",.,"A",.,"A",.,"A",.,"A",.,"A",.,"A",.,"A",20,"D",.,"A",.,"A"
"20103",2224654,44,0,"1",.,"A",.,"A",.,"A",.,"A",.,"A",.,"A",.,"A",195,"F",.,"A",.,"A",.,"A",.,"A",.,"A",.,"A",.,"A"
"20103",2224705,65,0,"1",.,"A",.,"A",65,"D",.,"A",.,"A",.,"A",520,"D",.,"A",.,"A",.,"A",.,"A",.,"A",600,"D",.,"A",.,"A"
"20103",2224715,25,0,"1",.,"A",.,"A",.,"A",.,"A",.,"A",.,"A",.,"A",.,"A",.,"A",.,"A",.,"A",.,"A",.,"A",.,"A",.,"A"
"20103",2224744,42,0,"1",30,"D",.,"A",.,"A",.,"A",60,"D",.,"A",273,"D",.,"A",.,"A",.,"A",.,"A",.,"A",.,"A",.,"A",.,"A"
"20103",2224784,61,0,"1",.,"A",.,"A",.,"A",.,"A",.,"A",.,"A",.,"A",.,"A",.,"A",.,"A",.,"A",.,"A",450,"F",.,"A",.,"A"
"20103",2224805,41,0,"1",.,"A",.,"A",.,"A",.,"A",.,"A",.,"A",.,"A",.,"A",.,"A",.,"A",.,"A",.,"A",60,"D",.,"A",.,"A"
"20103",2224834,42,0,"1",.,"A",.,"A",.,"A",.,"A",.,"A",.,"A",156,"D",.,"A",.,"A",.,"A",.,"A",.,"A",120,"D",.,"A",.,"A"
"20103",2224854,58,0,"1",.,"A",.,"A",.,"A",.,"A",.,"A",.,"A",.,"A",.,"A",.,"A",.,"A",.,"A",.,"A",.,"A",.,"A",.,"A"
"20103",2224934,69,0,"1",.,"A",.,"A",.,"A",.,"A",.,"A",.,"A",.,"A",.,"A",.,"A",.,"A",.,"A",.,"A",150,"D",.,"A",.,"A"
"20103",2224955,43,0,"1",.,"A",.,"A",.,"A",.,"A",.,"A",50,"D",260,"D",.,"A",.,"A",.,"A",.,"A",.,"A",60,"D",.,"A",.,"A"
"20103",2224974,26,0,"1",.,"A",.,"A",.,"A",.,"A",.,"A",.,"A",.,"A",.,"A",.,"A",.,"A",.,"A",.,"A",.,"A",.,"A",.,"A"
"20103",2224995,40,0,"1",.,"A",.,"A",.,"A",.,"A",130,"D",.,"A",273,"D",.,"A",18,"D",.,"A",.,"A",.,"A",.,"A",.,"A",.,"A"
"20103",2225034,43,0,"1",.,"A",.,"A",.,"A",.,"A",.,"A",.,"A",.,"A",.,"A",.,"A",.,"A",.,"A",.,"A",30,"D",.,"A",.,"A"
"20103",2225075,23,0,"1",.,"A",.,"A",.,"A",.,"A",.,"A",.,"A",.,"A",.,"A",.,"A",.,"A",.,"A",.,"A",.,"A",.,"A",.,"A"
"20103",2225084,30,0,"1",.,"A",.,"A",.,"A",.,"A",.,"A",.,"A",.,"A",.,"A",.,"A",.,"A",.,"A",.,"A",.,"A",.,"A",.,"A"
"20103",2225104,34,0,"1",.,"A",.,"A",.,"A",.,"A",.,"A",.,"A",.,"A",.,"A",.,"A",.,"A",.,"A",.,"A",.,"A",.,"A",.,"A"
"20103",2225114,37,0,"1",.,"A",.,"A",.,"A",.,"A",.,"A",.,"A",.,"A",.,"A",.,"A",.,"A",.,"A",.,"A",15,"D",.,"A",.,"A"
"20103",2225154,49,0,"1",10,"D",.,"A",.,"A",.,"A",10,"D",.,"A",1560,"F",.,"A",9,"D",0,"D",0,"D",15,"D",20,"D",0,"D",.,"A"
"20103",2225285,30,0,"1",.,"A",.,"A",.,"A",.,"A",.,"A",.,"A",.,"A",.,"A",.,"A",.,"A",.,"A",.,"A",20,"D",.,"A",.,"A"
"20103",2225295,58,0,"1",.,"A",.,"A",.,"A",.,"A",.,"A",120,"D",.,"A",.,"A",.,"A",.,"A",.,"A",.,"A",200,"D",.,"A",.,"A"
"20103",2225324,37,0,"1",.,"A",.,"A",.,"A",.,"A",30,"D",.,"A",.,"A",.,"A",.,"A",177,"D",0,"D",0,"D",.,"A",59,"D",.,"A"
"20103",2225355,70,0,"1",.,"A",.,"A",.,"A",.,"A",.,"A",.,"A",.,"A",.,"A",.,"A",.,"A",.,"A",.,"A",.,"A",.,"A",.,"A"
"20103",2225415,31,0,"1",.,"A",.,"A",.,"A",.,"A",.,"A",.,"A",.,"A",.,"A",.,"A",.,"A",.,"A",.,"A",.,"A",.,"A",.,"A"
"20103",2225434,40,0,"1",.,"A",.,"A",.,"A",.,"A",.,"A",.,"A",.,"A",.,"A",.,"A",.,"A",.,"A",.,"A",50,"D",.,"A",.,"A"
"20103",2225444,38,0,"1",.,"A",.,"A",.,"A",.,"A",.,"A",.,"A",.,"A",.,"A",.,"A",.,"A",.,"A",.,"A",.,"A",.,"A",.,"A"
"20103",2225485,45,0,"1",1,"D",.,"A",.,"A",.,"A",179,"D",.,"A",.,"A",.,"A",.,"A",.,"A",.,"A",.,"A",30,"D",.,"A",.,"A"
"20103",2225504,39,0,"1",.,"A",.,"A",.,"A",.,"A",.,"A",.,"A",.,"A",.,"A",.,"A",.,"A",.,"A",.,"A",36,"D",.,"A",.,"A"
"20103",2225545,26,0,"1",.,"A",.,"A",.,"A",.,"A",.,"A",.,"A",.,"A",.,"A",.,"A",.,"A",.,"A",.,"A",15,"D",.,"A",.,"A"
"20103",2225555,33,0,"1",.,"A",.,"A",.,"A",.,"A",.,"A",.,"A",.,"A",.,"A",.,"A",.,"A",.,"A",.,"A",110,"D",.,"A",.,"A"
"20103",2225605,25,0,"1",.,"A",.,"A",.,"A",.,"A",.,"A",.,"A",455,"D",.,"A",.,"A",.,"A",.,"A",.,"A",.,"A",.,"A",.,"A"
"20103",2225624,66,0,"1",.,"A",.,"A",.,"A",.,"A",.,"A",.,"A",.,"A",.,"A",.,"A",.,"A",.,"A",.,"A",.,"A",.,"A",.,"A"
"20103",2225654,31,0,"1",.,"A",.,"A",.,"A",.,"A",150,"D",.,"A",.,"A",.,"A",.,"A",.,"A",.,"A",.,"A",30,"D",.,"A",.,"A"
"20103",2225664,42,0,"1",.,"A",.,"A",.,"A",.,"A",.,"A",.,"A",.,"A",.,"A",.,"A",.,"A",.,"A",.,"A",.,"A",.,"A",.,"A"
"20103",2225684,59,0,"1",.,"A",.,"A",.,"A",.,"A",.,"A",.,"A",.,"A",.,"A",30,"D",.,"A",.,"A",.,"A",225,"D",.,"A",.,"A"
"20103",2225694,82,0,"1",.,"A",.,"A",.,"A",.,"A",.,"A",38,"D",.,"A",13,"D",.,"A",.,"A",.,"A",.,"A",120,"D",.,"A",.,"A"
"20103",2225714,36,0,"1",.,"A",.,"A",.,"A",.,"A",.,"A",.,"A",.,"A",.,"A",.,"A",.,"A",.,"A",.,"A",.,"A",.,"A",.,"A"
"20103",2225744,25,0,"1",.,"A",.,"A",.,"A",.,"A",.,"A",.,"A",.,"A",.,"A",.,"A",0,"D",300,"D",60,"D",200,"D",0,"D",.,"A"
"20103",2225754,28,0,"1",.,"A",.,"A",.,"A",.,"A",.,"A",.,"A",.,"A",.,"A",.,"A",.,"A",.,"A",.,"A",.,"A",.,"A",.,"A"
"20103",2225785,33,0,"1",.,"A",.,"A",.,"A",.,"A",.,"A",.,"A",.,"A",.,"A",.,"A",.,"A",.,"A",.,"A",.,"A",.,"A",.,"A"
"20103",2225805,44,0,"1",.,"A",.,"A",.,"A",.,"A",.,"A",.,"A",.,"A",.,"A",30,"D",.,"A",.,"A",.,"A",200,"D",.,"A",.,"A"
"20103",2225815,39,0,"1",.,"A",.,"A",.,"A",.,"A",.,"A",.,"A",.,"A",.,"A",.,"A",180,"D",180,"D",0,"D",.,"A",60,"D",.,"A"
"20103",2225865,30,0,"1",.,"A",.,"A",.,"A",.,"A",.,"A",.,"A",.,"A",.,"A",.,"A",.,"A",.,"A",.,"A",.,"A",.,"A",.,"A"
"20103",2225885,59,0,"1",.,"A",.,"A",.,"A",.,"A",.,"A",20,"D",.,"A",.,"A",36,"D",.,"A",.,"A",.,"A",170,"D",.,"A",.,"A"
"20103",2225895,22,0,"1",.,"A",.,"A",.,"A",.,"A",.,"A",.,"A",.,"A",.,"A",.,"A",.,"A",.,"A",.,"A",.,"A",.,"A",.,"A"
"20103",2226025,29,0,"1",.,"A",.,"A",.,"A",.,"A",112,"D",32,"D",.,"A",.,"A",.,"A",0,"D",0,"D",72,"D",64,"D",0,"D",.,"A"
"20103",2226074,32,0,"1",.,"A",.,"A",.,"A",.,"A",.,"A",.,"A",.,"A",.,"A",.,"A",.,"A",.,"A",.,"A",.,"A",.,"A",.,"A"
"20103",2226125,78,0,"1",.,"A",.,"A",.,"A",.,"A",.,"A",600,"D",.,"A",.,"A",150,"D",.,"A",.,"A",.,"A",1500,"D",.,"A",.,"A"
"20103",2226135,39,0,"1",.,"A",.,"A",.,"A",.,"A",.,"A",.,"A",.,"A",.,"A",.,"A",.,"A",.,"A",.,"A",.,"A",.,"A",.,"A"
"20103",2226165,28,0,"1",.,"A",.,"A",.,"A",.,"A",.,"A",.,"A",.,"A",.,"A",.,"A",.,"A",.,"A",.,"A",.,"A",.,"A",.,"A"
"20103",2226184,39,0,"1",.,"A",.,"A",.,"A",.,"A",.,"A",.,"A",.,"A",.,"A",.,"A",.,"A",.,"A",.,"A",30,"D",.,"A",.,"A"
"20103",2226204,36,0,"1",.,"A",.,"A",.,"A",.,"A",90,"D",.,"A",390,"D",.,"A",.,"A",.,"A",.,"A",.,"A",.,"A",.,"A",.,"A"
"20103",2226214,38,0,"1",.,"A",.,"A",.,"A",.,"A",.,"A",.,"A",780,"D",.,"A",.,"A",.,"A",.,"A",.,"A",.,"A",.,"A",.,"A"
"20103",2226265,43,0,"1",.,"A",.,"A",.,"A",.,"A",.,"A",.,"A",.,"A",.,"A",.,"A",.,"A",.,"A",.,"A",.,"A",.,"A",.,"A"
"20103",2226284,40,0,"1",.,"A",.,"A",.,"A",.,"A",.,"A",.,"A",.,"A",.,"A",.,"A",.,"A",.,"A",.,"A",36,"D",.,"A",.,"A"
"20103",2226325,43,0,"1",.,"A",.,"A",.,"A",.,"A",.,"A",.,"A",.,"A",.,"A",.,"A",.,"A",.,"A",.,"A",150,"D",.,"A",.,"A"
"20103",2226375,63,0,"1",.,"A",.,"A",.,"A",.,"A",.,"A",.,"A",.,"A",.,"A",.,"A",.,"A",.,"A",.,"A",75,"D",.,"A",.,"A"
"20103",2226414,26,0,"1",.,"A",.,"A",.,"A",.,"A",.,"A",.,"A",130,"D",.,"A",.,"A",.,"A",.,"A",.,"A",.,"A",.,"A",.,"A"
"20103",2226424,39,0,"1",.,"A",.,"A",.,"A",.,"A",.,"A",.,"A",.,"A",.,"A",.,"A",.,"A",.,"A",.,"A",12,"D",.,"A",.,"A"
"20103",2226435,43,0,"1",.,"A",.,"A",.,"A",.,"A",.,"A",.,"A",26,"D",.,"A",.,"A",.,"A",.,"A",.,"A",.,"A",.,"A",.,"A"
"20103",2226464,23,0,"1",.,"A",.,"A",.,"A",.,"A",.,"A",.,"A",130,"D",.,"A",.,"A",0,"D",0,"D",18,"D",.,"A",0,"D",.,"A"
"20103",2226475,33,0,"1",.,"A",.,"A",.,"A",.,"A",.,"A",.,"A",.,"A",.,"A",.,"A",.,"A",.,"A",.,"A",.,"A",.,"A",.,"A"
"20103",2226485,76,0,"1",.,"A",.,"A",.,"A",.,"A",20,"D",.,"A",.,"A",.,"A",1050,"D",.,"A",.,"A",.,"A",45,"D",.,"A",.,"A"
"20103",2226545,39,0,"1",.,"A",.,"A",.,"A",.,"A",.,"A",.,"A",195,"D",.,"A",.,"A",.,"A",.,"A",.,"A",.,"A",.,"A",.,"A"
"20103",2226584,83,0,"1",.,"A",.,"A",.,"A",.,"A",.,"A",.,"A",780,"D",.,"A",.,"A",.,"A",.,"A",.,"A",125,"D",.,"A",.,"A"
"20103",2226614,29,0,"1",.,"A",.,"A",.,"A",.,"A",.,"A",.,"A",.,"A",.,"A",.,"A",.,"A",.,"A",.,"A",.,"A",.,"A",.,"A"
"20103",2226644,33,0,"1",60,"D",.,"A",.,"A",.,"A",180,"D",.,"A",65,"D",.,"A",.,"A",60,"D",0,"D",0,"D",.,"A",20,"D",.,"A"
"20103",2226654,52,0,"1",.,"A",.,"A",.,"A",.,"A",.,"A",120,"D",.,"A",.,"A",.,"A",.,"A",.,"A",.,"A",100,"D",.,"A",.,"A"
"20103",2226675,59,0,"1",.,"A",.,"A",.,"A",400,"D",.,"A",75,"D",.,"A",.,"A",.,"A",60,"D",0,"D",0,"D",620,"D",20,"D",.,"A"
"20103",2226695,38,0,"1",.,"A",.,"A",.,"A",.,"A",.,"A",150,"D",.,"A",.,"A",.,"A",.,"A",.,"A",.,"A",120,"D",.,"A",.,"A"
"20103",2226714,46,0,"1",60,"D",.,"A",.,"A",.,"A",60,"D",.,"A",520,"D",.,"A",.,"A",.,"A",.,"A",.,"A",100,"D",.,"A",.,"A"
"20103",2226735,34,0,"1",.,"A",.,"A",.,"A",.,"A",.,"A",.,"A",.,"A",.,"A",.,"A",.,"A",.,"A",.,"A",.,"A",.,"A",.,"A"
"20103",2226745,39,0,"1",30,"D",.,"A",.,"A",.,"A",90,"D",.,"A",.,"A",.,"A",90,"D",.,"A",.,"A",.,"A",120,"D",.,"A",.,"A"
"20103",2226754,23,0,"1",.,"A",.,"A",.,"A",.,"A",60,"D",.,"A",.,"A",.,"A",.,"A",0,"D",0,"D",30,"D",.,"A",0,"D",.,"A"
"20103",2226775,33,0,"1",.,"A",.,"A",.,"A",.,"A",.,"A",.,"A",.,"A",.,"A",.,"A",.,"A",.,"A",.,"A",.,"A",.,"A",.,"A"
"20103",2226795,28,0,"1",.,"A",.,"A",.,"A",.,"A",.,"A",.,"A",.,"A",.,"A",.,"A",.,"A",.,"A",.,"A",.,"A",.,"A",.,"A"
"20103",2226805,65,0,"1",.,"A",.,"A",.,"A",.,"A",.,"A",.,"A",.,"A",.,"A",.,"A",.,"A",.,"A",.,"A",50,"D",.,"A",.,"A"
"20103",2226824,34,0,"1",.,"A",.,"A",.,"A",.,"A",.,"A",.,"A",.,"A",.,"A",.,"A",.,"A",.,"A",.,"A",50,"D",.,"A",.,"A"
"20103",2226845,33,0,"1",.,"A",.,"A",.,"A",.,"A",.,"A",.,"A",.,"A",.,"A",.,"A",.,"A",.,"A",.,"A",.,"A",.,"A",.,"A"
"20103",2226855,44,0,"1",.,"A",.,"A",.,"A",.,"A",100,"D",.,"A",.,"A",.,"A",.,"A",.,"A",.,"A",.,"A",.,"A",.,"A",.,"A"
"20103",2226895,38,0,"1",.,"A",.,"A",.,"A",72,"D",.,"A",.,"A",390,"F",.,"A",.,"A",.,"A",.,"A",.,"A",75,"D",.,"A",.,"A"
"20103",2226934,46,0,"1",.,"A",.,"A",.,"A",.,"A",.,"A",.,"A",728,"D",.,"A",.,"A",.,"A",.,"A",.,"A",.,"A",.,"A",.,"A"
"20103",2226944,31,0,"1",.,"A",.,"A",.,"A",.,"A",.,"A",.,"A",.,"A",.,"A",.,"A",.,"A",.,"A",.,"A",200,"D",.,"A",.,"A"
"20103",2226955,51,0,"1",10,"D",.,"A",.,"A",.,"A",32,"D",75,"D",.,"A",.,"A",.,"A",.,"A",.,"A",.,"A",50,"D",.,"A",.,"A"
"20103",2226964,24,0,"1",.,"A",.,"A",.,"A",.,"A",12,"D",.,"A",.,"A",.,"A",.,"A",360,"D",0,"D",360,"D",18,"D",120,"D",.,"A"
"20103",2227014,26,0,"1",.,"A",.,"A",.,"A",.,"A",.,"A",.,"A",.,"A",.,"A",.,"A",.,"A",.,"A",.,"A",.,"A",.,"A",.,"A"
"20103",2227055,74,0,"1",.,"A",.,"A",.,"A",.,"A",.,"A",.,"A",455,"D",.,"A",72,"D",.,"A",.,"A",.,"A",40,"D",.,"A",.,"A"
"20103",2227085,63,0,"1",.,"A",.,"A",.,"A",.,"A",18,"D",.,"A",.,"A",.,"A",.,"A",.,"A",.,"A",.,"A",75,"D",.,"A",.,"A"
"20103",2227115,28,0,"1",.,"A",.,"A",.,"A",.,"A",.,"A",.,"A",455,"D",.,"A",.,"A",.,"A",.,"A",.,"A",.,"A",.,"A",.,"A"
"20103",2227154,42,0,"1",.,"A",.,"A",.,"A",.,"A",.,"A",.,"A",.,"A",.,"A",.,"A",.,"A",.,"A",.,"A",.,"A",.,"A",.,"A"
"20103",2227194,48,0,"1",.,"A",.,"A",.,"A",.,"A",75,"D",.,"A",.,"A",.,"A",75,"D",.,"A",.,"A",.,"A",.,"A",.,"A",.,"A"
"20103",2227224,37,0,"1",.,"A",.,"A",.,"A",.,"A",.,"A",.,"A",.,"A",.,"A",.,"A",.,"A",.,"A",.,"A",75,"D",.,"A",.,"A"
"20103",2227234,32,0,"1",.,"A",.,"A",.,"A",.,"A",60,"D",.,"A",.,"A",.,"A",.,"A",.,"A",.,"A",.,"A",.,"A",.,"A",.,"A"
"20103",2227244,32,0,"1",.,"A",.,"A",.,"A",.,"A",60,"D",.,"A",.,"A",.,"A",.,"A",.,"A",.,"A",.,"A",.,"A",.,"A",.,"A"
"20103",2227325,59,0,"1",.,"A",.,"A",.,"A",.,"A",.,"A",290,"D",.,"A",.,"A",.,"A",1950,"D",0,"D",0,"D",100,"D",650,"D",.,"A"
"20103",2227344,30,0,"1",.,"A",.,"A",.,"A",200,"D",15,"D",.,"A",.,"A",.,"A",.,"A",180,"D",0,"D",0,"D",45,"D",60,"D",.,"A"
"20103",2227355,46,0,"1",.,"A",.,"A",.,"A",.,"A",.,"A",.,"A",.,"A",.,"A",.,"A",.,"A",.,"A",.,"A",200,"D",.,"A",.,"A"
"20103",2227364,40,0,"1",.,"A",.,"A",.,"A",.,"A",.,"A",.,"A",.,"A",.,"A",.,"A",.,"A",.,"A",.,"A",.,"A",.,"A",.,"A"
"20103",2227384,38,0,"1",.,"A",.,"A",.,"A",.,"A",.,"A",.,"A",.,"A",.,"A",.,"A",.,"A",.,"A",.,"A",.,"A",.,"A",.,"A"
"20103",2227485,47,0,"1",.,"A",.,"A",.,"A",.,"A",.,"A",.,"A",390,"D",.,"A",.,"A",.,"A",.,"A",.,"A",.,"A",.,"A",.,"A"
"20103",2227534,67,0,"1",.,"A",.,"A",.,"A",.,"A",.,"A",.,"A",.,"A",.,"A",15,"D",.,"A",.,"A",.,"A",240,"D",.,"A",.,"A"
"20103",2227584,37,0,"1",.,"A",.,"A",.,"A",.,"A",.,"A",.,"A",.,"A",.,"A",.,"A",.,"A",.,"A",.,"A",27,"D",.,"A",.,"A"
"20103",2227624,29,0,"1",.,"A",.,"A",.,"A",.,"A",.,"A",.,"A",.,"A",.,"A",.,"A",.,"A",.,"A",.,"A",.,"A",.,"A",.,"A"
"20103",2227672,41,0,"1",.,"A",.,"A",.,"A",.,"A",.,"A",.,"A",.,"A",.,"A",.,"A",.,"A",.,"A",.,"A",.,"A",.,"A",.,"A"
"20103",2227715,56,0,"1",.,"A",.,"A",.,"A",.,"A",.,"A",.,"A",104,"D",.,"A",.,"A",.,"A",.,"A",.,"A",24,"D",.,"A",.,"A"
"20103",2227723,41,0,"1",.,"A",.,"A",.,"A",.,"A",80,"D",.,"A",.,"A",.,"A",.,"A",.,"A",.,"A",.,"A",.,"A",.,"A",.,"A"
"20103",2227732,35,0,"1",.,"A",.,"A",.,"A",.,"A",.,"A",.,"A",.,"A",.,"A",.,"A",.,"A",.,"A",.,"A",.,"A",.,"A",.,"A"
"20103",2227762,34,0,"1",.,"A",.,"A",.,"A",.,"A",.,"A",.,"A",.,"A",.,"A",.,"A",.,"A",.,"A",.,"A",.,"A",.,"A",.,"A"
"20103",2227773,62,0,"1",.,"A",.,"A",.,"A",.,"A",.,"A",60,"D",.,"A",.,"A",.,"A",.,"A",.,"A",.,"A",100,"D",.,"A",.,"A"
"20103",2227783,33,0,"1",.,"A",.,"A",.,"A",.,"A",100,"D",.,"A",.,"A",.,"A",.,"A",.,"A",.,"A",.,"A",.,"A",.,"A",.,"A"
"20103",2227812,23,0,"1",23,"D",.,"A",.,"A",.,"A",67,"D",.,"A",130,"D",.,"A",.,"A",.,"A",.,"A",.,"A",40,"D",.,"A",.,"A"
"20103",2227822,70,0,"1",.,"A",.,"A",.,"A",.,"A",.,"A",.,"A",338,"D",.,"A",.,"A",.,"A",.,"A",.,"A",120,"D",.,"A",.,"A"
"20103",2227833,33,0,"1",.,"A",.,"A",.,"A",.,"A",35,"D",35,"D",.,"A",.,"A",.,"A",180,"D",0,"D",0,"D",.,"A",60,"D",.,"A"
"20103",2227843,73,0,"1",.,"A",.,"A",.,"A",.,"A",.,"A",.,"A",.,"A",.,"A",.,"A",.,"A",.,"A",.,"A",60,"D",.,"A",.,"A"
"20103",2227862,31,0,"1",.,"A",.,"A",.,"A",.,"A",.,"A",.,"A",.,"A",.,"A",.,"A",.,"A",.,"A",.,"A",.,"A",.,"A",.,"A"
"20103",2227883,39,0,"1",.,"A",.,"A",.,"A",.,"A",.,"A",.,"A",.,"A",.,"A",.,"A",.,"A",.,"A",.,"A",110,"D",.,"A",.,"A"
"20103",2227912,75,0,"1",.,"A",.,"A",.,"A",.,"A",.,"A",.,"A",.,"A",.,"A",18,"D",.,"A",.,"A",.,"A",125,"D",.,"A",.,"A"
"20103",2227942,34,0,"1",.,"A",.,"A",.,"A",.,"A",.,"A",20,"D",.,"A",.,"A",.,"A",.,"A",.,"A",.,"A",45,"D",.,"A",.,"A"
"20103",2227973,28,0,"1",.,"A",.,"A",.,"A",.,"A",.,"A",.,"A",650,"D",.,"A",.,"A",.,"A",.,"A",.,"A",.,"A",.,"A",.,"A"
"20103",2227982,52,0,"1",.,"A",.,"A",.,"A",.,"A",.,"A",.,"A",.,"A",.,"A",.,"A",.,"A",.,"A",.,"A",40,"D",.,"A",.,"A"
"20103",2228022,50,0,"1",.,"A",.,"A",.,"A",.,"A",.,"A",.,"A",.,"A",.,"A",.,"A",.,"A",.,"A",.,"A",150,"D",.,"A",.,"A"
"20103",2228032,48,0,"1",.,"A",.,"A",.,"A",.,"A",.,"A",.,"A",.,"A",.,"A",12,"D",.,"A",.,"A",.,"A",.,"A",.,"A",.,"A"
"20103",2228073,37,0,"1",.,"A",.,"A",.,"A",.,"A",.,"A",.,"A",195,"D",.,"A",.,"A",.,"A",.,"A",.,"A",.,"A",.,"A",.,"A"
"20103",2228092,51,0,"1",.,"A",.,"A",.,"A",.,"A",.,"A",80,"D",.,"A",.,"A",.,"A",.,"A",.,"A",.,"A",150,"D",.,"A",.,"A"
"20103",2228103,32,0,"1",.,"A",.,"A",.,"A",.,"A",.,"A",.,"A",.,"A",.,"A",.,"A",.,"A",.,"A",.,"A",.,"A",.,"A",.,"A"
"20103",2228113,69,0,"1",.,"A",.,"A",.,"A",.,"A",.,"A",.,"A",.,"A",.,"A",.,"A",.,"A",.,"A",.,"A",125,"D",.,"A",.,"A"
"20103",2228122,34,0,"1",.,"A",.,"A",.,"A",.,"A",.,"A",.,"A",.,"A",.,"A",.,"A",.,"A",.,"A",.,"A",20,"D",.,"A",.,"A"
"20103",2228165,49,0,"1",.,"A",.,"A",.,"A",.,"A",.,"A",.,"A",650,"D",.,"A",.,"A",.,"A",.,"A",.,"A",15,"D",.,"A",.,"A"
"20103",2228183,46,0,"1",.,"A",.,"A",.,"A",400,"D",.,"A",300,"D",.,"A",.,"A",.,"A",.,"A",.,"A",.,"A",.,"A",.,"A",.,"A"
"20103",2228192,38,0,"1",.,"A",.,"A",.,"A",.,"A",.,"A",.,"A",.,"A",.,"A",.,"A",.,"A",.,"A",.,"A",.,"A",.,"A",.,"A"
"20103",2228202,41,0,"1",.,"A",.,"A",.,"A",.,"A",.,"A",.,"A",195,"D",.,"A",.,"A",.,"A",.,"A",.,"A",48,"D",.,"A",.,"A"
"20103",2228223,46,0,"1",.,"A",.,"A",.,"A",.,"A",.,"A",.,"A",.,"A",.,"A",.,"A",.,"A",.,"A",.,"A",65,"D",.,"A",.,"A"
"20103",2228232,45,0,"1",.,"A",.,"A",.,"A",.,"A",.,"A",.,"A",.,"A",.,"A",.,"A",.,"A",.,"A",.,"A",60,"D",.,"A",.,"A"
"20103",2228242,59,0,"1",.,"A",.,"A",.,"A",.,"A",.,"A",.,"A",.,"A",.,"A",.,"A",.,"A",.,"A",.,"A",560,"D",.,"A",.,"A"
"20103",2228252,56,0,"1",.,"A",.,"A",.,"A",.,"A",.,"A",.,"A",455,"D",.,"A",.,"A",.,"A",.,"A",.,"A",16,"D",.,"A",.,"A"
"20103",2228272,35,0,"1",.,"A",.,"A",.,"A",.,"A",.,"A",.,"A",.,"A",.,"A",.,"A",0,"D",60,"D",0,"D",.,"A",0,"D",.,"A"
"20103",2228323,46,0,"1",.,"A",.,"A",.,"A",.,"A",.,"A",.,"A",.,"A",.,"A",.,"A",.,"A",.,"A",.,"A",.,"A",.,"A",.,"A"
"20103",2228373,78,0,"1",.,"A",.,"A",.,"A",.,"A",.,"A",.,"A",.,"A",.,"A",.,"A",.,"A",.,"A",.,"A",150,"D",.,"A",.,"A"
"20103",2228413,51,0,"1",.,"A",.,"A",.,"A",.,"A",.,"A",.,"A",.,"A",.,"A",.,"A",0,"D",0,"D",12,"D",45,"D",0,"D",.,"A"
"20103",2228432,32,0,"1",.,"A",.,"A",.,"A",.,"A",.,"A",.,"A",650,"D",.,"A",.,"A",.,"A",.,"A",.,"A",40,"D",.,"A",.,"A"
"20103",2228443,35,0,"1",.,"A",.,"A",.,"A",.,"A",.,"A",.,"A",.,"A",.,"A",.,"A",.,"A",.,"A",.,"A",.,"A",.,"A",.,"A"
"20103",2228472,47,0,"1",.,"A",.,"A",20,"D",.,"A",.,"A",40,"D",.,"A",.,"A",.,"A",.,"A",.,"A",.,"A",70,"D",.,"A",.,"A"
"20103",2228492,23,0,"1",.,"A",.,"A",.,"A",.,"A",.,"A",.,"A",65,"D",.,"A",.,"A",.,"A",.,"A",.,"A",.,"A",.,"A",.,"A"
"20103",2228505,69,0,"1",.,"A",.,"A",.,"A",.,"A",.,"A",.,"A",.,"A",.,"A",.,"A",.,"A",.,"A",.,"A",100,"D",.,"A",.,"A"
"20103",2228533,53,0,"1",.,"A",.,"A",.,"A",.,"A",.,"A",60,"D",.,"A",.,"A",.,"A",.,"A",.,"A",.,"A",240,"D",.,"A",.,"A"
"20103",2228542,27,0,"1",.,"A",.,"A",.,"A",.,"A",360,"D",.,"A",.,"A",.,"A",.,"A",.,"A",.,"A",.,"A",70,"D",.,"A",.,"A"
"20103",2228585,36,0,"1",.,"A",.,"A",.,"A",.,"A",20,"D",.,"A",.,"A",.,"A",.,"A",.,"A",.,"A",.,"A",225,"D",.,"A",.,"A"
"20103",2228612,39,0,"1",.,"A",.,"A",.,"A",.,"A",.,"A",.,"A",.,"A",.,"A",.,"A",225,"D",75,"D",150,"D",200,"D",75,"D",.,"A"
"20103",2228633,29,0,"1",.,"A",.,"A",.,"A",.,"A",.,"A",.,"A",.,"A",.,"A",.,"A",.,"A",.,"A",.,"A",.,"A",.,"A",.,"A"
"20103",2228642,28,0,"1",.,"A",.,"A",.,"A",.,"A",20,"D",.,"A",260,"D",.,"A",.,"A",.,"A",.,"A",.,"A",.,"A",.,"A",.,"A"
"20103",2228703,39,0,"1",.,"A",.,"A",.,"A",.,"A",.,"A",.,"A",.,"A",.,"A",.,"A",.,"A",.,"A",.,"A",.,"A",.,"A",.,"A"
"20103",2228713,55,0,"1",.,"A",.,"A",.,"A",.,"A",.,"A",.,"A",.,"A",.,"A",.,"A",.,"A",.,"A",.,"A",.,"A",.,"A",.,"A"
"20103",2228742,28,0,"1",.,"A",.,"A",.,"A",.,"A",.,"A",.,"A",.,"A",.,"A",.,"A",.,"A",.,"A",.,"A",10,"D",.,"A",.,"A"
"20103",2228772,30,0,"1",.,"A",.,"A",.,"A",.,"A",.,"A",.,"A",.,"A",.,"A",.,"A",.,"A",.,"A",.,"A",.,"A",.,"A",.,"A"
"20103",2228782,30,0,"1",.,"A",.,"A",.,"A",.,"A",120,"D",.,"A",325,"D",.,"A",.,"A",.,"A",.,"A",.,"A",.,"A",.,"A",.,"A"
"20103",2228793,38,0,"1",10,"D",.,"A",.,"A",.,"A",25,"D",.,"A",.,"A",.,"A",.,"A",.,"A",.,"A",.,"A",15,"D",.,"A",.,"A"
"20103",2228802,55,0,"1",.,"A",.,"A",.,"A",.,"A",.,"A",.,"A",.,"A",.,"A",.,"A",.,"A",.,"A",.,"A",.,"A",.,"A",.,"A"
"20103",2228813,36,0,"1",.,"A",.,"A",.,"A",.,"A",104,"D",.,"A",.,"A",.,"A",.,"A",.,"A",.,"A",.,"A",.,"A",.,"A",.,"A"
"20103",2228853,41,0,"1",.,"A",.,"A",.,"A",.,"A",.,"A",.,"A",.,"A",.,"A",.,"A",.,"A",.,"A",.,"A",200,"D",.,"A",.,"A"
"20103",2228902,37,0,"1",.,"A",.,"A",.,"A",.,"A",.,"A",.,"A",.,"A",.,"A",.,"A",.,"A",.,"A",.,"A",.,"A",.,"A",.,"A"
"20103",2228913,39,0,"1",.,"A",.,"A",.,"A",.,"A",.,"A",7,"D",.,"A",.,"A",.,"A",0,"D",0,"D",30,"D",30,"D",0,"D",.,"A"
"20103",2228922,28,0,"1",.,"A",.,"A",.,"A",.,"A",.,"A",.,"A",.,"A",.,"A",.,"A",.,"A",.,"A",.,"A",.,"A",.,"A",.,"A"
"20103",2228933,24,0,"1",.,"A",.,"A",.,"A",.,"A",60,"D",.,"A",65,"D",.,"A",.,"A",.,"A",.,"A",.,"A",.,"A",.,"A",.,"A"
"20103",2228953,34,0,"1",.,"A",.,"A",.,"A",.,"A",.,"A",.,"A",.,"A",.,"A",.,"A",.,"A",.,"A",.,"A",320,"D",.,"A",.,"A"
"20103",2228962,71,0,"1",.,"A",.,"A",.,"A",150,"D",.,"A",300,"D",.,"A",.,"A",.,"A",360,"D",0,"D",720,"D",160,"D",120,"D",.,"A"
"20103",2228972,46,0,"1",.,"A",.,"A",.,"A",.,"A",.,"A",.,"A",.,"A",.,"A",.,"A",.,"A",.,"A",.,"A",.,"A",.,"A",.,"A"
"20103",2228983,36,0,"1",.,"A",.,"A",.,"A",.,"A",.,"A",.,"A",650,"D",.,"A",.,"A",.,"A",.,"A",.,"A",.,"A",.,"A",.,"A"
"20103",2229002,30,0,"1",.,"A",.,"A",.,"A",.,"A",.,"A",.,"A",.,"A",.,"A",.,"A",.,"A",.,"A",.,"A",.,"A",.,"A",.,"A"
"20103",2229013,45,0,"1",.,"A",.,"A",.,"A",.,"A",.,"A",.,"A",.,"A",.,"A",.,"A",.,"A",.,"A",.,"A",130,"D",.,"A",.,"A"
"20103",2229043,45,0,"1",.,"A",.,"A",.,"A",.,"A",.,"A",.,"A",.,"A",.,"A",.,"A",.,"A",.,"A",.,"A",60,"D",.,"A",.,"A"
"20103",2229092,42,0,"1",.,"A",.,"A",.,"A",.,"A",45,"D",.,"A",.,"A",.,"A",.,"A",.,"A",.,"A",.,"A",36,"D",.,"A",.,"A"
"20103",2229102,39,0,"1",.,"A",.,"A",.,"A",.,"A",.,"A",.,"A",.,"A",.,"A",.,"A",.,"A",.,"A",.,"A",.,"A",.,"A",.,"A"
"20103",2229142,45,0,"1",.,"A",.,"A",.,"A",.,"A",.,"A",.,"A",.,"A",.,"A",.,"A",.,"A",.,"A",.,"A",.,"A",.,"A",.,"A"
"20103",2229163,57,0,"1",.,"A",.,"A",.,"A",.,"A",.,"A",.,"A",117,"D",.,"A",.,"A",.,"A",.,"A",.,"A",75,"D",.,"A",.,"A"
"20103",2229202,26,0,"1",.,"A",.,"A",.,"A",.,"A",.,"A",.,"A",.,"A",.,"A",.,"A",.,"A",.,"A",.,"A",.,"A",.,"A",.,"A"
"20103",2229262,53,0,"1",.,"A",.,"A",.,"A",.,"A",.,"A",.,"A",.,"A",.,"A",.,"A",.,"A",.,"A",.,"A",.,"A",.,"A",.,"A"
"20103",2229273,46,0,"1",.,"A",.,"A",.,"A",.,"A",.,"A",.,"A",.,"A",.,"A",.,"A",.,"A",.,"A",.,"A",150,"D",.,"A",.,"A"
"20103",2229292,38,0,"1",.,"A",.,"A",.,"A",.,"A",.,"A",.,"A",.,"A",.,"A",.,"A",.,"A",.,"A",.,"A",40,"D",.,"A",.,"A"
"20103",2229313,46,0,"1",.,"A",.,"A",.,"A",.,"A",.,"A",.,"A",.,"A",.,"A",.,"A",.,"A",.,"A",.,"A",80,"D",.,"A",.,"A"
"20103",2229334,57,0,"1",.,"A",.,"A",.,"A",.,"A",.,"A",.,"A",.,"A",.,"A",.,"A",.,"A",.,"A",.,"A",37,"D",.,"A",.,"A"
"20103",2229353,55,0,"1",.,"A",.,"A",.,"A",.,"A",.,"A",40,"D",.,"A",.,"A",.,"A",.,"A",.,"A",.,"A",15,"D",.,"A",.,"A"
"20103",2229363,66,0,"1",.,"A",.,"A",.,"A",.,"A",.,"A",.,"A",.,"A",.,"A",.,"A",.,"A",.,"A",.,"A",78,"D",.,"A",.,"A"
"20103",2229372,49,0,"1",.,"A",.,"A",.,"A",.,"A",120,"D",.,"A",.,"A",.,"A",.,"A",.,"A",.,"A",.,"A",.,"A",.,"A",.,"A"
"20103",2229382,35,0,"1",.,"A",.,"A",.,"A",.,"A",.,"A",.,"A",.,"A",.,"A",.,"A",.,"A",.,"A",.,"A",200,"D",.,"A",.,"A"
"20103",2229403,48,0,"1",.,"A",.,"A",.,"A",.,"A",.,"A",.,"A",.,"A",.,"A",.,"A",.,"A",.,"A",.,"A",45,"D",.,"A",.,"A"
"20103",2229412,60,0,"1",.,"A",.,"A",.,"A",.,"A",.,"A",.,"A",.,"A",.,"A",.,"A",.,"A",.,"A",.,"A",7,"D",.,"A",.,"A"
"20103",2229422,46,0,"1",.,"A",.,"A",.,"A",.,"A",.,"A",.,"A",.,"A",.,"A",.,"A",.,"A",.,"A",.,"A",.,"A",.,"A",.,"A"
"20103",2229433,87,0,"1",.,"A",.,"A",.,"A",.,"A",.,"A",.,"A",.,"A",.,"A",.,"A",.,"A",.,"A",.,"A",.,"A",.,"A",.,"A"
"20103",2229453,46,0,"1",.,"A",.,"A",.,"A",.,"A",.,"A",158,"D",.,"A",.,"A",45,"D",.,"A",.,"A",.,"A",290,"D",.,"A",.,"A"
"20103",2229512,35,0,"1",.,"A",.,"A",.,"A",.,"A",.,"A",.,"A",.,"A",.,"A",.,"A",.,"A",.,"A",.,"A",25,"D",.,"A",.,"A"
"20103",2229553,43,0,"1",.,"A",.,"A",.,"A",.,"A",.,"A",.,"A",.,"A",.,"A",.,"A",.,"A",.,"A",.,"A",60,"D",.,"A",.,"A"
"20103",2229563,71,0,"1",.,"A",.,"A",.,"A",.,"A",.,"A",.,"A",.,"A",.,"A",.,"A",.,"A",.,"A",.,"A",85,"D",.,"A",.,"A"
"20103",2229622,29,0,"1",.,"A",.,"A",.,"A",.,"A",160,"F",.,"A",.,"A",.,"A",.,"A",.,"A",.,"A",.,"A",.,"A",.,"A",.,"A"
"20103",2229632,47,0,"1",10,"D",.,"A",.,"A",45,"D",70,"D",.,"A",.,"A",.,"A",6,"D",0,"D",0,"D",90,"D",50,"D",0,"D",.,"A"
"20103",2229654,63,0,"1",.,"A",.,"A",.,"A",.,"A",.,"A",60,"D",.,"A",.,"A",.,"A",.,"A",.,"A",.,"A",150,"D",.,"A",.,"A"
"20103",2229673,50,0,"1",.,"A",.,"A",.,"A",.,"A",.,"A",.,"A",.,"A",.,"A",24,"D",.,"A",.,"A",.,"A",.,"A",.,"A",.,"A"
"20103",2229692,44,0,"1",.,"A",.,"A",.,"A",.,"A",.,"A",.,"A",.,"A",.,"A",.,"A",.,"A",.,"A",.,"A",40,"D",.,"A",.,"A"
"20103",2229722,57,0,"1",.,"A",.,"A",.,"A",.,"A",.,"A",.,"A",.,"A",.,"A",36,"D",.,"A",.,"A",.,"A",.,"A",.,"A",.,"A"
"20103",2229752,76,0,"1",.,"A",.,"A",.,"A",.,"A",.,"A",.,"A",.,"A",.,"A",.,"A",.,"A",.,"A",.,"A",100,"D",.,"A",.,"A"
"20103",2229792,71,0,"1",.,"A",.,"A",.,"A",.,"A",.,"A",.,"A",.,"A",.,"A",.,"A",.,"A",.,"A",.,"A",.,"A",.,"A",.,"A"
"20103",2229813,50,0,"1",.,"A",.,"A",.,"A",.,"A",.,"A",.,"A",.,"A",.,"A",.,"A",.,"A",.,"A",.,"A",30,"D",.,"A",.,"A"
"20103",2229822,50,0,"1",.,"A",.,"A",.,"A",.,"A",.,"A",15,"D",.,"A",.,"A",.,"A",.,"A",.,"A",.,"A",60,"D",.,"A",.,"A"
"20103",2229833,44,0,"1",.,"A",.,"A",.,"A",.,"A",.,"A",60,"D",325,"D",.,"A",.,"A",.,"A",.,"A",.,"A",75,"D",.,"A",.,"A"
"20103",2229903,61,0,"1",.,"A",.,"A",.,"A",.,"A",.,"A",80,"D",.,"A",.,"A",.,"A",.,"A",.,"A",.,"A",600,"D",.,"A",.,"A"
"20103",2229913,89,0,"1",.,"A",.,"A",.,"A",.,"A",.,"A",.,"A",.,"A",.,"A",54,"D",108,"D",0,"D",108,"D",100,"D",36,"D",.,"A"
"20103",2229922,117,0,"1",.,"A",.,"A",.,"A",.,"A",.,"A",.,"A",.,"A",130,"D",.,"A",.,"A",.,"A",.,"A",20,"D",.,"A",.,"A"
"20103",2229932,50,0,"1",.,"A",.,"A",.,"A",.,"A",.,"A",.,"A",260,"D",39,"D",.,"A",.,"A",.,"A",.,"A",110,"D",.,"A",.,"A"
"20103",2229953,70,0,"1",.,"A",.,"A",.,"A",.,"A",.,"A",.,"A",.,"A",390,"D",.,"A",.,"A",.,"A",.,"A",180,"D",.,"A",.,"A"
"20103",2229973,40,0,"1",.,"A",.,"A",.,"A",.,"A",.,"A",.,"A",.,"A",.,"A",.,"A",.,"A",.,"A",.,"A",60,"D",.,"A",.,"A"
"20103",2230043,30,0,"1",10,"D",.,"A",.,"A",.,"A",20,"D",.,"A",.,"A",.,"A",3,"F",.,"A",.,"A",.,"A",90,"D",.,"A",.,"A"
"20103",2230082,28,0,"1",.,"A",.,"A",.,"A",.,"A",.,"A",.,"A",65,"D",.,"A",345,"D",.,"A",.,"A",.,"A",.,"A",.,"A",.,"A"
"20103",2230092,52,0,"1",.,"A",.,"A",.,"A",.,"A",.,"A",8,"F",.,"A",.,"A",.,"A",.,"A",.,"A",.,"A",150,"D",.,"A",.,"A"
"20103",2230104,41,0,"1",.,"A",.,"A",.,"A",.,"A",.,"A",.,"A",.,"A",.,"A",.,"A",.,"A",.,"A",.,"A",150,"D",.,"A",.,"A"
"20103",2230152,37,0,"1",.,"A",.,"A",.,"A",.,"A",.,"A",.,"A",1300,"F",.,"A",.,"A",.,"A",.,"A",.,"A",.,"A",.,"A",.,"A"
"20103",2230163,43,0,"1",.,"A",.,"A",.,"A",.,"A",.,"A",.,"A",312,"D",.,"A",.,"A",.,"A",.,"A",.,"A",.,"A",.,"A",.,"A"
"20103",2230212,44,0,"1",.,"A",.,"A",.,"A",.,"A",.,"A",.,"A",.,"A",.,"A",.,"A",.,"A",.,"A",.,"A",150,"D",.,"A",.,"A"
"20103",2230233,72,0,"1",.,"A",.,"A",.,"A",.,"A",.,"A",24,"D",.,"A",13,"D",.,"A",.,"A",.,"A",.,"A",58,"D",.,"A",.,"A"
"20103",2230243,30,0,"1",.,"A",.,"A",.,"A",.,"A",72,"D",.,"A",78,"D",.,"A",.,"A",.,"A",.,"A",.,"A",.,"A",.,"A",.,"A"
"20103",2230253,38,0,"1",.,"A",.,"A",.,"A",.,"A",.,"A",.,"A",260,"D",.,"A",.,"A",.,"A",.,"A",.,"A",.,"A",.,"A",.,"A"
"20103",2230283,58,0,"1",.,"A",.,"A",.,"A",.,"A",.,"A",.,"A",260,"D",.,"A",.,"A",.,"A",.,"A",.,"A",90,"D",.,"A",.,"A"
"20103",2230292,54,0,"1",.,"A",.,"A",.,"A",.,"A",.,"A",.,"A",.,"A",.,"A",.,"A",.,"A",.,"A",.,"A",.,"A",.,"A",.,"A"
"20103",2230303,33,0,"1",.,"A",.,"A",.,"A",.,"A",.,"A",.,"A",.,"A",.,"A",.,"A",.,"A",.,"A",.,"A",150,"D",.,"A",.,"A"
"20103",2230313,66,0,"1",.,"A",.,"A",.,"A",.,"A",.,"A",.,"A",.,"A",.,"A",.,"A",.,"A",.,"A",.,"A",63,"D",.,"A",.,"A"
"20103",2230322,79,0,"1",.,"A",.,"A",.,"A",.,"A",.,"A",280,"D",260,"D",.,"A",30,"D",.,"A",.,"A",.,"A",25,"D",.,"A",.,"A"
"20103",2230333,41,0,"1",.,"A",.,"A",.,"A",.,"A",.,"A",.,"A",.,"A",.,"A",.,"A",.,"A",.,"A",.,"A",40,"D",.,"A",.,"A"
"20103",2230352,28,0,"1",.,"A",.,"A",.,"A",.,"A",.,"A",.,"A",.,"A",.,"A",.,"A",.,"A",.,"A",.,"A",.,"A",.,"A",.,"A"
"20103",2230363,41,0,"1",.,"A",.,"A",.,"A",60,"D",.,"A",300,"D",.,"A",.,"A",180,"D",240,"D",0,"D",0,"D",60,"D",80,"D",240,"D"
"20103",2230412,50,0,"1",.,"A",.,"A",.,"A",.,"A",.,"A",.,"A",.,"A",.,"A",.,"A",.,"A",.,"A",.,"A",.,"A",.,"A",.,"A"
"20103",2230423,55,0,"1",.,"A",.,"A",.,"A",.,"A",.,"A",.,"A",.,"A",.,"A",.,"A",.,"A",.,"A",.,"A",.,"A",.,"A",.,"A"
"20103",2230432,51,0,"1",.,"A",.,"A",.,"A",.,"A",36,"D",.,"A",.,"A",.,"A",.,"A",.,"A",.,"A",.,"A",22,"D",.,"A",.,"A"
"20103",2230492,30,0,"1",.,"A",.,"A",.,"A",.,"A",50,"D",.,"A",.,"A",.,"A",.,"A",.,"A",.,"A",.,"A",.,"A",.,"A",.,"A"
"20103",2230563,83,0,"1",.,"A",.,"A",.,"A",.,"A",.,"A",.,"A",.,"A",.,"A",.,"A",.,"A",.,"A",.,"A",60,"D",.,"A",.,"A"
"20103",2230593,23,0,"1",.,"A",.,"A",.,"A",.,"A",.,"A",.,"A",.,"A",.,"A",.,"A",.,"A",.,"A",.,"A",.,"A",.,"A",.,"A"
"20103",2230623,52,0,"1",.,"A",.,"A",.,"A",.,"A",.,"A",.,"A",455,"D",.,"A",.,"A",.,"A",.,"A",.,"A",90,"D",.,"A",.,"A"
"20103",2230652,50,0,"1",.,"A",.,"A",.,"A",.,"A",.,"A",.,"A",.,"A",.,"A",9,"D",.,"A",.,"A",.,"A",.,"A",.,"A",.,"A"
"20103",2230663,34,0,"1",.,"A",.,"A",.,"A",.,"A",.,"A",50,"D",.,"A",.,"A",.,"A",.,"A",.,"A",.,"A",.,"A",.,"A",.,"A"
"20103",2230673,62,0,"1",.,"A",.,"A",.,"A",.,"A",.,"A",.,"A",.,"A",.,"A",.,"A",.,"A",.,"A",.,"A",38,"D",.,"A",.,"A"
"20103",2230683,70,0,"1",.,"A",.,"A",.,"A",.,"A",.,"A",.,"A",91,"D",.,"A",.,"A",.,"A",.,"A",.,"A",120,"D",.,"A",.,"A"
"20103",2230702,27,0,"1",.,"A",.,"A",.,"A",.,"A",120,"D",.,"A",.,"A",.,"A",.,"A",.,"A",.,"A",.,"A",.,"A",.,"A",.,"A"
"20103",2230753,30,0,"1",.,"A",.,"A",.,"A",.,"A",.,"A",.,"A",.,"A",.,"A",.,"A",.,"A",.,"A",.,"A",.,"A",.,"A",.,"A"
"20103",2230762,52,0,"1",.,"A",.,"A",.,"A",.,"A",.,"A",.,"A",364,"D",.,"A",.,"A",.,"A",.,"A",.,"A",75,"D",.,"A",.,"A"
"20103",2230783,55,0,"1",.,"A",.,"A",.,"A",.,"A",.,"A",90,"D",.,"A",.,"A",.,"A",.,"A",.,"A",.,"A",18,"D",.,"A",.,"A"
"20103",2230803,41,0,"1",.,"A",.,"A",.,"A",.,"A",.,"A",.,"A",650,"D",.,"A",.,"A",.,"A",.,"A",.,"A",60,"D",.,"A",.,"A"
"20103",2230812,62,0,"1",.,"A",.,"A",.,"A",.,"A",.,"A",50,"D",.,"A",.,"A",.,"A",.,"A",.,"A",.,"A",200,"D",.,"A",.,"A"
"20103",2230823,36,0,"1",.,"A",.,"A",.,"A",.,"A",.,"A",.,"A",455,"D",.,"A",.,"A",.,"A",.,"A",.,"A",28,"D",.,"A",.,"A"
"20103",2230832,78,0,"1",.,"A",100,"D",.,"A",.,"A",20,"D",0,"D",.,"A",.,"A",.,"A",.,"A",.,"A",.,"A",450,"D",.,"A",.,"A"
"20103",2230842,116,0,"1",.,"A",.,"A",.,"A",.,"A",.,"A",50,"F",.,"A",.,"A",30,"F",.,"A",.,"A",.,"A",100,"F",.,"A",.,"A"
"20103",2230893,51,0,"1",.,"A",.,"A",.,"A",.,"A",.,"A",.,"A",.,"A",.,"A",.,"A",.,"A",.,"A",.,"A",.,"A",.,"A",.,"A"
"20103",2230903,35,0,"1",.,"A",.,"A",.,"A",.,"A",.,"A",.,"A",.,"A",.,"A",.,"A",.,"A",.,"A",.,"A",.,"A",.,"A",.,"A"
"20103",2230922,59,0,"1",.,"A",.,"A",.,"A",.,"A",18,"D",45,"D",.,"A",.,"A",60,"D",.,"A",.,"A",.,"A",100,"D",.,"A",.,"A"
"20103",2230953,48,0,"1",.,"A",.,"A",.,"A",.,"A",.,"A",.,"A",.,"A",.,"A",.,"A",.,"A",.,"A",.,"A",.,"A",.,"A",.,"A"
"20103",2230963,47,0,"1",.,"A",.,"A",.,"A",.,"A",.,"A",.,"A",.,"A",.,"A",.,"A",.,"A",.,"A",.,"A",145,"D",.,"A",.,"A"
"20103",2230982,30,0,"1",.,"A",.,"A",.,"A",.,"A",.,"A",.,"A",.,"A",.,"A",.,"A",.,"A",.,"A",.,"A",.,"A",.,"A",.,"A"
"20103",2230992,58,0,"1",.,"A",.,"A",.,"A",.,"A",10,"D",.,"A",.,"A",.,"A",.,"A",.,"A",.,"A",.,"A",50,"D",.,"A",.,"A"
"20103",2231013,97,0,"1",.,"A",.,"A",.,"A",.,"A",.,"A",65,"D",.,"A",.,"A",.,"A",.,"A",.,"A",.,"A",350,"D",.,"A",.,"A"
"20103",2231023,56,0,"1",.,"A",.,"A",.,"A",.,"A",.,"A",.,"A",.,"A",.,"A",.,"A",.,"A",.,"A",.,"A",50,"D",.,"A",.,"A"
"20103",2231043,37,0,"1",.,"A",.,"A",.,"A",.,"A",.,"A",.,"A",.,"A",.,"A",.,"A",.,"A",.,"A",.,"A",12,"D",.,"A",.,"A"
"20103",2231063,36,0,"1",.,"A",.,"A",.,"A",.,"A",.,"A",.,"A",.,"A",.,"A",.,"A",.,"A",.,"A",.,"A",40,"D",.,"A",.,"A"
"20103",2231073,34,0,"1",.,"A",.,"A",.,"A",.,"A",.,"A",.,"A",.,"A",.,"A",.,"A",45,"D",45,"F",72,"F",.,"A",15,"D",90,"F"
"20103",2231102,67,0,"1",.,"A",.,"A",.,"A",.,"A",.,"A",60,"D",.,"A",.,"A",81,"D",.,"A",.,"A",.,"A",100,"D",.,"A",.,"A"
"20103",2231122,72,0,"1",.,"A",.,"A",.,"A",.,"A",.,"A",.,"A",.,"A",.,"A",.,"A",.,"A",.,"A",.,"A",.,"A",.,"A",.,"A"
"20103",2231133,46,0,"1",.,"A",.,"A",.,"A",.,"A",.,"A",.,"A",.,"A",.,"A",.,"A",.,"A",.,"A",.,"A",80,"D",.,"A",.,"A"
"20103",2231143,77,0,"1",.,"A",.,"A",.,"A",20,"D",.,"A",.,"A",.,"A",.,"A",.,"A",.,"A",.,"A",.,"A",30,"D",.,"A",.,"A"
"20103",2231153,34,0,"1",.,"A",.,"A",.,"A",.,"A",.,"A",.,"A",.,"A",.,"A",.,"A",.,"A",.,"A",.,"A",.,"A",.,"A",.,"A"
"20103",2231162,40,0,"1",.,"A",.,"A",.,"A",.,"A",.,"A",.,"A",.,"A",.,"A",.,"A",.,"A",.,"A",.,"A",200,"D",.,"A",.,"A"
"20103",2231173,35,0,"1",.,"A",.,"A",.,"A",.,"A",.,"A",.,"A",.,"A",.,"A",.,"A",.,"A",.,"A",.,"A",130,"D",.,"A",.,"A"
"20103",2231193,67,0,"1",.,"A",.,"A",.,"A",.,"A",.,"A",.,"A",.,"A",.,"A",.,"A",.,"A",.,"A",.,"A",100,"D",.,"A",.,"A"
"20103",2231212,40,0,"1",.,"A",.,"A",.,"A",.,"A",.,"A",.,"A",325,"D",.,"A",.,"A",.,"A",.,"A",.,"A",.,"A",.,"A",.,"A"
"20103",2231223,39,0,"1",.,"A",.,"A",.,"A",100,"D",60,"D",.,"A",.,"A",.,"A",.,"A",0,"D",0,"D",36,"D",.,"A",0,"D",.,"A"
"20103",2231242,43,0,"1",.,"A",.,"A",.,"A",.,"A",.,"A",.,"A",.,"A",.,"A",.,"A",.,"A",.,"A",.,"A",25,"D",.,"A",.,"A"
"20103",2231253,42,0,"1",.,"A",.,"A",.,"A",.,"A",.,"A",.,"A",.,"A",.,"A",.,"A",.,"A",.,"A",.,"A",32,"D",.,"A",.,"A"
"20103",2231272,81,0,"1",.,"A",.,"A",.,"A",.,"A",.,"A",.,"A",.,"A",.,"A",.,"A",.,"A",.,"A",.,"A",55,"D",.,"A",.,"A"
"20103",2231284,113,0,"1",.,"A",.,"A",.,"A",.,"A",.,"A",30,"D",.,"A",.,"A",.,"A",.,"A",.,"A",.,"A",75,"D",.,"A",.,"A"
"20103",2231303,50,0,"1",.,"A",.,"A",.,"A",.,"A",.,"A",.,"A",.,"A",.,"A",.,"A",.,"A",.,"A",.,"A",150,"D",.,"A",.,"A"
"20103",2231343,38,0,"1",.,"A",.,"A",.,"A",.,"A",.,"A",.,"A",.,"A",.,"A",.,"A",.,"A",.,"A",.,"A",.,"A",.,"A",.,"A"
"20103",2231363,73,0,"1",.,"A",.,"A",.,"A",.,"A",.,"A",80,"D",.,"A",.,"A",.,"A",.,"A",.,"A",.,"A",200,"D",.,"A",.,"A"
"20103",2231392,47,0,"1",.,"A",.,"A",.,"A",.,"A",.,"A",.,"A",.,"A",.,"A",.,"A",.,"A",.,"A",.,"A",.,"A",.,"A",.,"A"
"20103",2231442,34,0,"1",.,"A",.,"A",.,"A",.,"A",.,"A",.,"A",.,"A",.,"A",.,"A",.,"A",.,"A",.,"A",.,"A",.,"A",.,"A"
"20103",2231452,30,0,"1",.,"A",.,"A",.,"A",.,"A",10,"D",.,"A",.,"A",.,"A",.,"A",.,"A",.,"A",.,"A",.,"A",.,"A",.,"A"
"20103",2231462,54,0,"1",.,"A",.,"A",.,"A",.,"A",.,"A",.,"A",.,"A",.,"A",.,"A",.,"A",.,"A",.,"A",90,"D",.,"A",.,"A"
"20103",2231493,50,0,"1",.,"A",.,"A",.,"A",.,"A",.,"A",.,"A",975,"D",.,"A",.,"A",.,"A",.,"A",.,"A",130,"D",.,"A",.,"A"
"20103",2231522,43,0,"1",.,"A",.,"A",.,"A",.,"A",.,"A",.,"A",.,"A",.,"A",.,"A",.,"A",.,"A",.,"A",200,"D",.,"A",.,"A"
"20103",2231532,29,0,"1",12,"D",.,"A",.,"A",50,"D",88,"D",125,"D",.,"A",.,"A",.,"A",540,"D",0,"D",0,"D",200,"D",180,"D",.,"A"
"20103",2231543,40,0,"1",.,"A",.,"A",.,"A",.,"A",.,"A",.,"A",.,"A",.,"A",.,"A",.,"A",.,"A",.,"A",30,"D",.,"A",.,"A"
"20103",2231553,49,0,"1",.,"A",.,"A",.,"A",.,"A",.,"A",.,"A",.,"A",.,"A",.,"A",.,"A",.,"A",.,"A",90,"D",.,"A",.,"A"
"20103",2231563,97,0,"1",.,"A",.,"A",.,"A",.,"A",.,"A",110,"D",.,"A",.,"A",.,"A",.,"A",.,"A",.,"A",190,"D",.,"A",.,"A"
"20103",2231583,37,0,"1",.,"A",.,"A",.,"A",.,"A",.,"A",.,"A",.,"A",.,"A",.,"A",.,"A",.,"A",.,"A",.,"A",.,"A",.,"A"
"20103",2231593,42,0,"1",.,"A",.,"A",.,"A",.,"A",.,"A",.,"A",.,"A",.,"A",.,"A",.,"A",.,"A",.,"A",35,"D",.,"A",.,"A"
"20103",2231603,28,0,"1",.,"A",.,"A",.,"A",.,"A",360,"D",.,"A",.,"A",.,"A",.,"A",576,"D",180,"D",6,"D",.,"A",192,"D",.,"A"
"20103",2231612,109,0,"1",.,"A",.,"A",.,"A",.,"A",.,"A",.,"A",.,"A",.,"A",30,"D",.,"A",.,"A",.,"A",165,"D",.,"A",.,"A"
"20103",2231652,94,0,"1",.,"A",.,"A",.,"A",.,"A",.,"A",.,"A",.,"A",.,"A",.,"A",.,"A",.,"A",.,"A",165,"D",.,"A",.,"A"
"20103",2231703,55,0,"1",.,"A",.,"A",.,"A",.,"A",.,"A",85,"D",.,"A",.,"A",.,"A",.,"A",.,"A",.,"A",48,"D",.,"A",.,"A"
"20103",2231723,68,0,"1",10,"D",.,"A",.,"A",.,"A",0,"D",.,"A",195,"D",.,"A",.,"A",.,"A",.,"A",.,"A",18,"D",.,"A",.,"A"
"20103",2231732,68,0,"1",.,"A",.,"A",25,"D",.,"A",.,"A",.,"A",.,"A",.,"A",.,"A",.,"A",.,"A",.,"A",120,"D",.,"A",.,"A"
"20103",2231743,69,0,"1",.,"A",.,"A",.,"A",.,"A",.,"A",.,"A",.,"A",.,"A",.,"A",.,"A",.,"A",.,"A",.,"A",.,"A",.,"A"
"20103",2231752,57,0,"1",.,"A",.,"A",.,"A",.,"A",.,"A",.,"A",.,"A",.,"A",.,"A",.,"A",.,"A",.,"A",125,"D",.,"A",.,"A"
"20103",2231782,27,0,"1",.,"A",.,"A",.,"A",.,"A",15,"D",.,"A",.,"A",.,"A",.,"A",.,"A",.,"A",.,"A",.,"A",.,"A",.,"A"
"20103",2231812,45,0,"1",.,"A",.,"A",.,"A",.,"A",.,"A",30,"D",.,"A",.,"A",.,"A",.,"A",.,"A",.,"A",300,"D",.,"A",.,"A"
"20103",2231822,67,0,"1",.,"A",.,"A",.,"A",.,"A",.,"A",200,"D",.,"A",.,"A",.,"A",.,"A",.,"A",.,"A",550,"D",.,"A",.,"A"
"20103",2231853,26,0,"1",.,"A",.,"A",.,"A",.,"A",.,"A",.,"A",.,"A",.,"A",.,"A",.,"A",.,"A",.,"A",.,"A",.,"A",.,"A"
"20103",2231932,73,0,"1",.,"A",.,"A",.,"A",.,"A",4,"D",.,"A",.,"A",.,"A",0,"D",.,"A",.,"A",.,"A",250,"D",.,"A",.,"A"
"20103",2231963,61,0,"1",.,"A",.,"A",.,"A",.,"A",.,"A",.,"A",.,"A",.,"A",.,"A",.,"A",.,"A",.,"A",80,"D",.,"A",.,"A"
"20103",2232082,82,0,"1",30,"D",.,"A",.,"A",.,"A",0,"D",.,"A",.,"A",.,"A",.,"A",.,"A",.,"A",.,"A",20,"D",.,"A",.,"A"
"20103",2232092,41,0,"1",.,"A",.,"A",.,"A",.,"A",.,"A",.,"A",.,"A",.,"A",.,"A",.,"A",.,"A",.,"A",.,"A",.,"A",.,"A"
"20103",2232102,50,0,"1",.,"A",.,"A",.,"A",.,"A",.,"A",.,"A",.,"A",.,"A",.,"A",.,"A",.,"A",.,"A",40,"D",.,"A",.,"A"
"20103",2232113,27,0,"1",.,"A",.,"A",.,"A",.,"A",30,"D",.,"A",455,"D",.,"A",.,"A",81,"D",0,"D",30,"D",.,"A",27,"D",30,"D"
"20103",2232163,79,0,"1",.,"A",.,"A",.,"A",.,"A",.,"A",.,"A",.,"A",.,"A",.,"A",.,"A",.,"A",.,"A",75,"D",.,"A",.,"A"
"20103",2232242,71,0,"1",.,"A",.,"A",.,"A",.,"A",.,"A",.,"A",.,"A",.,"A",.,"A",.,"A",.,"A",.,"A",.,"A",.,"A",.,"A"
"20103",2232252,23,0,"1",.,"A",.,"A",.,"A",.,"A",.,"A",.,"A",.,"A",.,"A",.,"A",.,"A",.,"A",.,"A",.,"A",.,"A",.,"A"
"20103",2232272,51,0,"1",.,"A",.,"A",.,"A",.,"A",.,"A",60,"D",650,"D",.,"A",.,"A",.,"A",.,"A",.,"A",100,"D",.,"A",.,"A"
"20103",2232292,70,0,"1",.,"A",.,"A",.,"A",.,"A",.,"A",.,"A",.,"A",.,"A",.,"A",.,"A",.,"A",.,"A",500,"D",.,"A",.,"A"
"20103",2232333,52,0,"1",.,"A",.,"A",.,"A",.,"A",.,"A",160,"D",.,"A",.,"A",.,"A",.,"A",.,"A",.,"A",60,"D",.,"A",.,"A"
"20103",2232362,62,0,"1",.,"A",.,"A",.,"A",.,"A",.,"A",.,"A",.,"A",.,"A",.,"A",.,"A",.,"A",.,"A",320,"D",.,"A",.,"A"
"20103",2232372,36,0,"1",.,"A",.,"A",.,"A",.,"A",100,"D",.,"A",.,"A",.,"A",.,"A",.,"A",.,"A",.,"A",.,"A",.,"A",.,"A"
"20103",2232412,58,0,"1",.,"A",.,"A",.,"A",.,"A",.,"A",.,"A",.,"A",.,"A",.,"A",.,"A",.,"A",.,"A",45,"D",.,"A",.,"A"
"20103",2232443,37,0,"1",.,"A",.,"A",.,"A",.,"A",.,"A",.,"A",.,"A",.,"A",.,"A",.,"A",.,"A",.,"A",.,"A",.,"A",.,"A"
"20103",2232462,41,0,"1",.,"A",.,"A",.,"A",.,"A",.,"A",30,"D",.,"A",.,"A",.,"A",.,"A",.,"A",.,"A",45,"D",.,"A",.,"A"
"20103",2232502,48,0,"1",.,"A",.,"A",.,"A",.,"A",.,"A",.,"A",.,"A",.,"A",.,"A",.,"A",.,"A",.,"A",.,"A",.,"A",.,"A"
"20103",2232512,59,0,"1",.,"A",.,"A",.,"A",.,"A",.,"A",.,"A",.,"A",.,"A",12,"D",.,"A",.,"A",.,"A",36,"D",.,"A",.,"A"
"20103",2232522,45,0,"1",.,"A",.,"A",.,"A",.,"A",.,"A",.,"A",.,"A",.,"A",120,"D",.,"A",.,"A",.,"A",175,"D",.,"A",.,"A"
"20103",2232553,44,0,"1",.,"A",.,"A",.,"A",.,"A",.,"A",30,"D",.,"A",.,"A",.,"A",.,"A",.,"A",.,"A",.,"A",.,"A",.,"A"
"20103",2232572,66,0,"1",.,"A",.,"A",.,"A",.,"A",.,"A",.,"A",.,"A",.,"A",15,"D",.,"A",.,"A",.,"A",45,"D",.,"A",.,"A"
"20103",2232582,54,0,"1",.,"A",.,"A",.,"A",.,"A",.,"A",.,"A",936,"D",.,"A",.,"A",.,"A",.,"A",.,"A",45,"D",.,"A",.,"A"
"20103",2232623,45,0,"1",.,"A",.,"A",.,"A",.,"A",.,"A",.,"A",.,"A",.,"A",.,"A",.,"A",.,"A",.,"A",.,"A",.,"A",.,"A"
"20103",2232642,51,0,"1",.,"A",.,"A",.,"A",.,"A",45,"D",.,"A",.,"A",.,"A",.,"A",.,"A",.,"A",.,"A",12,"D",.,"A",.,"A"
"20103",2232663,66,0,"1",.,"A",.,"A",.,"A",.,"A",.,"A",.,"A",.,"A",.,"A",18,"D",.,"A",.,"A",.,"A",.,"A",.,"A",.,"A"
"20103",2232673,29,0,"1",.,"A",.,"A",.,"A",.,"A",.,"A",.,"A",.,"A",.,"A",.,"A",.,"A",.,"A",.,"A",.,"A",.,"A",.,"A"
"20103",2232693,64,0,"1",.,"A",.,"A",60,"D",.,"A",.,"A",.,"A",.,"A",.,"A",.,"A",.,"A",.,"A",.,"A",170,"D",.,"A",.,"A"
"20103",2232712,65,0,"1",.,"A",.,"A",.,"A",.,"A",.,"A",15,"D",.,"A",.,"A",.,"A",.,"A",.,"A",.,"A",350,"D",.,"A",.,"A"
"20103",2232723,46,0,"1",.,"A",.,"A",.,"A",.,"A",.,"A",.,"A",.,"A",.,"A",.,"A",.,"A",.,"A",.,"A",.,"A",.,"A",.,"A"
"20103",2232732,36,0,"1",.,"A",.,"A",.,"A",.,"A",.,"A",.,"A",.,"A",.,"A",.,"A",.,"A",.,"A",.,"A",120,"D",.,"A",.,"A"
"20103",2232753,42,0,"1",.,"A",.,"A",.,"A",.,"A",.,"A",8,"D",.,"A",.,"A",.,"A",.,"A",.,"A",.,"A",65,"D",.,"A",.,"A"
"20103",2232772,34,0,"1",.,"A",.,"A",.,"A",.,"A",.,"A",.,"A",.,"A",.,"A",.,"A",.,"A",.,"A",.,"A",.,"A",.,"A",.,"A"
"20103",2232793,55,0,"1",.,"A",.,"A",.,"A",.,"A",132,"D",.,"A",.,"A",.,"A",480,"D",.,"A",.,"A",.,"A",104,"D",.,"A",.,"A"
"20103",2232802,31,0,"1",.,"A",.,"A",.,"A",.,"A",.,"A",.,"A",.,"A",.,"A",.,"A",.,"A",.,"A",.,"A",50,"D",.,"A",.,"A"
"20103",2232823,71,0,"1",40,"D",.,"A",.,"A",.,"A",80,"D",.,"A",.,"A",.,"A",18,"D",.,"A",.,"A",.,"A",75,"D",.,"A",.,"A"
"20103",2232833,36,0,"1",.,"A",.,"A",.,"A",.,"A",.,"A",.,"A",650,"F",.,"A",.,"A",.,"A",.,"A",.,"A",.,"A",.,"A",.,"A"
"20103",2232842,43,0,"1",.,"A",.,"A",.,"A",.,"A",.,"A",.,"A",.,"A",.,"A",.,"A",.,"A",.,"A",.,"A",90,"F",.,"A",.,"A"
"20103",2232853,49,0,"1",.,"A",.,"A",.,"A",.,"A",.,"A",.,"A",.,"A",.,"A",.,"A",.,"A",.,"A",.,"A",.,"A",.,"A",.,"A"
"20103",2232873,31,0,"1",.,"A",.,"A",.,"A",.,"A",8,"D",.,"A",.,"A",.,"A",21,"D",0,"D",0,"D",15,"D",.,"A",0,"D",.,"A"
"20103",2232913,39,0,"1",.,"A",.,"A",.,"A",.,"A",.,"A",.,"A",.,"A",.,"A",.,"A",.,"A",.,"A",.,"A",.,"A",.,"A",.,"A"
"20103",2232933,97,0,"1",.,"A",.,"A",.,"A",.,"A",.,"A",.,"A",.,"A",.,"A",.,"A",.,"A",.,"A",.,"A",250,"D",.,"A",.,"A"
"20103",2232943,28,0,"1",.,"A",.,"A",.,"A",.,"A",.,"A",.,"A",.,"A",.,"A",.,"A",.,"A",.,"A",.,"A",.,"A",.,"A",.,"A"
"20103",2232952,36,0,"1",.,"A",.,"A",.,"A",.,"A",.,"A",.,"A",.,"A",.,"A",.,"A",.,"A",.,"A",.,"A",.,"A",.,"A",.,"A"
"20103",2232973,77,0,"1",.,"A",.,"A",.,"A",.,"A",.,"A",100,"D",.,"A",.,"A",.,"A",.,"A",.,"A",.,"A",210,"D",.,"A",.,"A"
"20103",2233013,70,0,"1",.,"A",.,"A",.,"A",40,"D",.,"A",.,"A",.,"A",.,"A",.,"A",.,"A",.,"A",.,"A",139,"D",.,"A",.,"A"
"20103",2233033,76,0,"1",.,"A",.,"A",.,"A",.,"A",.,"A",.,"A",.,"A",.,"A",.,"A",630,"D",0,"D",0,"D",150,"D",210,"D",.,"A"
"20103",2233043,34,0,"1",.,"A",.,"A",.,"A",.,"A",.,"A",.,"A",.,"A",.,"A",.,"A",.,"A",.,"A",.,"A",.,"A",.,"A",.,"A"
"20103",2233092,33,0,"1",.,"A",.,"A",.,"A",.,"A",.,"A",.,"A",.,"A",.,"A",.,"A",90,"D",0,"D",90,"D",100,"D",30,"D",.,"A"
"20103",2233142,59,0,"1",.,"A",.,"A",.,"A",.,"A",.,"A",.,"A",.,"A",.,"A",60,"D",840,"D",0,"D",0,"D",150,"D",280,"D",.,"A"
"20103",2233163,31,0,"1",.,"A",.,"A",.,"A",.,"A",.,"A",.,"A",.,"A",325,"D",.,"A",.,"A",.,"A",.,"A",.,"A",.,"A",.,"A"
"20103",2233192,55,0,"1",.,"A",250,"D",.,"A",.,"A",.,"A",60,"D",.,"A",.,"A",.,"A",.,"A",.,"A",.,"A",150,"D",.,"A",.,"A"
"20103",2233223,40,0,"1",.,"A",.,"A",.,"A",.,"A",.,"A",.,"A",.,"A",.,"A",.,"A",.,"A",.,"A",.,"A",180,"D",.,"A",.,"A"
"20103",2233232,56,0,"1",.,"A",.,"A",.,"A",.,"A",.,"A",80,"D",.,"A",.,"A",30,"D",.,"A",.,"A",.,"A",675,"D",.,"A",.,"A"
"20103",2233243,33,0,"1",.,"A",.,"A",.,"A",.,"A",.,"A",.,"A",.,"A",.,"A",.,"A",.,"A",.,"A",.,"A",.,"A",.,"A",.,"A"
"20103",2233313,52,0,"1",.,"A",.,"A",.,"A",.,"A",.,"A",.,"A",.,"A",.,"A",.,"A",.,"A",.,"A",.,"A",.,"A",.,"A",.,"A"
"20103",2233342,59,0,"1",.,"A",.,"A",.,"A",.,"A",.,"A",10,"D",260,"F",.,"A",.,"A",.,"A",.,"A",.,"A",115,"D",.,"A",.,"A"
"20103",2233383,47,0,"1",.,"A",.,"A",.,"A",.,"A",.,"A",.,"A",.,"A",.,"A",.,"A",.,"A",.,"A",.,"A",200,"D",.,"A",.,"A"
"20103",2233393,57,0,"1",.,"A",.,"A",.,"A",.,"A",.,"A",.,"A",65,"D",.,"A",.,"A",.,"A",.,"A",.,"A",95,"D",.,"A",.,"A"
"20103",2233403,60,0,"1",.,"A",.,"A",.,"A",.,"A",.,"A",150,"D",.,"A",.,"A",.,"A",.,"A",.,"A",.,"A",300,"D",.,"A",.,"A"
"20103",2233422,39,0,"1",.,"A",.,"A",.,"A",.,"A",.,"A",.,"A",650,"D",.,"A",.,"A",.,"A",.,"A",.,"A",.,"A",.,"A",.,"A"
"20103",2233433,47,0,"1",.,"A",.,"A",.,"A",.,"A",.,"A",.,"A",.,"A",.,"A",.,"A",27,"D",6,"D",6,"D",60,"D",9,"D",.,"A"
"20103",2233442,58,0,"1",.,"A",.,"A",.,"A",.,"A",.,"A",.,"A",.,"A",.,"A",.,"A",.,"A",.,"A",.,"A",300,"D",.,"A",.,"A"
"20103",2233452,37,0,"1",.,"A",.,"A",.,"A",.,"A",.,"A",.,"A",.,"A",.,"A",.,"A",.,"A",.,"A",.,"A",.,"A",.,"A",.,"A"
"20103",2233503,52,0,"1",.,"A",.,"A",.,"A",.,"A",.,"A",.,"A",.,"A",.,"A",.,"A",.,"A",.,"A",.,"A",50,"F",.,"A",.,"A"
"20103",2233512,35,0,"1",.,"A",.,"A",.,"A",.,"A",.,"A",.,"A",.,"A",.,"A",.,"A",267,"D",0,"D",0,"D",.,"A",89,"D",.,"A"
"20103",2233552,69,0,"1",.,"A",.,"A",.,"A",.,"A",.,"A",.,"A",.,"A",13,"D",.,"A",.,"A",.,"A",.,"A",.,"A",.,"A",.,"A"
"20103",2233573,46,0,"1",.,"A",.,"A",.,"A",.,"A",.,"A",.,"A",.,"A",.,"A",.,"A",.,"A",.,"A",.,"A",.,"A",.,"A",.,"A"
"20103",2233652,53,0,"1",.,"A",.,"A",.,"A",.,"A",.,"A",.,"A",.,"A",.,"A",.,"A",.,"A",.,"A",.,"A",120,"D",.,"A",.,"A"
"20103",2233662,26,0,"1",.,"A",.,"A",.,"A",.,"A",.,"A",.,"A",520,"D",.,"A",.,"A",.,"A",.,"A",.,"A",.,"A",.,"A",.,"A"
"20103",2233683,27,0,"1",.,"A",.,"A",.,"A",.,"A",.,"A",.,"A",.,"A",.,"A",.,"A",.,"A",.,"A",.,"A",100,"D",.,"A",.,"A"
"20103",2233692,58,0,"1",.,"A",.,"A",.,"A",.,"A",.,"A",.,"A",.,"A",.,"A",.,"A",.,"A",.,"A",.,"A",40,"D",.,"A",.,"A"
"20103",2233742,33,0,"1",.,"A",.,"A",.,"A",.,"A",.,"A",.,"A",.,"A",.,"A",.,"A",.,"A",.,"A",.,"A",50,"D",.,"A",.,"A"
"20103",2233753,74,0,"1",.,"A",.,"A",.,"A",.,"A",.,"A",95,"D",195,"D",.,"A",.,"A",.,"A",.,"A",.,"A",280,"D",.,"A",.,"A"
"20103",2233762,59,0,"1",.,"A",.,"A",.,"A",.,"A",.,"A",.,"A",.,"A",.,"A",.,"A",.,"A",.,"A",.,"A",20,"D",.,"A",.,"A"
"20103",2233803,45,0,"1",.,"A",.,"A",.,"A",.,"A",.,"A",650,"D",.,"A",.,"A",.,"A",.,"A",.,"A",.,"A",200,"D",.,"A",.,"A"
"20103",2233822,37,0,"1",.,"A",.,"A",.,"A",.,"A",.,"A",.,"A",1170,"D",.,"A",6,"D",.,"A",.,"A",.,"A",.,"A",.,"A",.,"A"
"20103",2233833,51,0,"1",.,"A",.,"A",.,"A",.,"A",.,"A",.,"A",.,"A",325,"F",.,"A",.,"A",.,"A",.,"A",55,"D",.,"A",.,"A"
"20103",2233842,39,0,"1",20,"D",.,"A",.,"A",200,"D",80,"D",24,"D",.,"A",.,"A",15,"D",240,"D",0,"D",30,"D",60,"D",80,"D",.,"A"
"20103",2233872,23,0,"1",.,"A",.,"A",.,"A",.,"A",.,"A",.,"A",.,"A",.,"A",.,"A",.,"A",.,"A",.,"A",.,"A",.,"A",.,"A"
"20103",2233913,43,0,"1",.,"A",.,"A",.,"A",.,"A",.,"A",.,"A",.,"A",.,"A",.,"A",.,"A",.,"A",.,"A",30,"D",.,"A",.,"A"
"20103",2233983,40,0,"1",.,"A",.,"A",.,"A",.,"A",.,"A",6,"D",.,"A",.,"A",.,"A",.,"A",.,"A",.,"A",130,"D",.,"A",.,"A"
"20103",2233992,44,0,"1",.,"A",.,"A",.,"A",.,"A",.,"A",.,"A",.,"A",.,"A",.,"A",.,"A",.,"A",.,"A",.,"A",.,"A",.,"A"
"20103",2234002,41,0,"1",.,"A",.,"A",.,"A",.,"A",.,"A",.,"A",.,"A",.,"A",.,"A",.,"A",.,"A",.,"A",60,"D",.,"A",.,"A"
"20103",2234042,32,0,"1",.,"A",.,"A",.,"A",.,"A",.,"A",.,"A",.,"A",.,"A",.,"A",.,"A",.,"A",.,"A",30,"D",.,"A",.,"A"
"20103",2234052,42,0,"1",.,"A",.,"A",.,"A",.,"A",.,"A",.,"A",.,"A",.,"A",.,"A",.,"A",.,"A",.,"A",25,"D",.,"A",.,"A"
"20103",2234072,43,0,"1",.,"A",.,"A",.,"A",.,"A",.,"A",.,"A",.,"A",.,"A",.,"A",.,"A",.,"A",.,"A",.,"A",.,"A",.,"A"
"20103",2234083,86,0,"1",.,"A",.,"A",.,"A",.,"A",.,"A",.,"A",.,"A",.,"A",.,"A",.,"A",.,"A",.,"A",120,"D",.,"A",.,"A"
"20103",2234112,58,0,"1",.,"A",.,"A",.,"A",.,"A",.,"A",.,"A",.,"A",.,"A",.,"A",.,"A",.,"A",.,"A",24,"D",.,"A",.,"A"
"20103",2234122,43,0,"1",.,"A",.,"A",.,"A",.,"A",.,"A",.,"A",.,"A",.,"A",.,"A",.,"A",.,"A",.,"A",.,"A",.,"A",.,"A"
"20103",2234142,44,0,"1",.,"A",.,"A",.,"A",.,"A",.,"A",.,"A",910,"D",.,"A",.,"A",.,"A",.,"A",.,"A",.,"A",.,"A",.,"A"
"20103",2234242,73,0,"1",.,"A",.,"A",.,"A",130,"D",.,"A",11,"D",.,"A",.,"A",.,"A",.,"A",.,"A",.,"A",300,"D",.,"A",.,"A"
"20103",2234263,101,0,"1",.,"A",.,"A",.,"A",.,"A",.,"A",200,"D",.,"A",.,"A",.,"A",.,"A",.,"A",.,"A",160,"D",.,"A",.,"A"
"20103",2234272,69,0,"1",.,"A",.,"A",.,"A",.,"A",.,"A",.,"A",.,"A",.,"A",.,"A",.,"A",.,"A",.,"A",.,"A",.,"A",.,"A"
"20103",2234282,71,0,"1",.,"A",.,"A",.,"A",.,"A",.,"A",60,"D",.,"A",.,"A",15,"D",.,"A",.,"A",.,"A",35,"D",.,"A",.,"A"
"20103",2234312,69,0,"1",.,"A",.,"A",.,"A",.,"A",.,"A",.,"A",.,"A",.,"A",45,"D",.,"A",.,"A",.,"A",85,"D",.,"A",.,"A"
"20103",2234373,63,0,"1",.,"A",.,"A",.,"A",.,"A",.,"A",.,"A",.,"A",.,"A",.,"A",.,"A",.,"A",.,"A",81,"D",.,"A",.,"A"
"20103",2234382,40,0,"1",.,"A",.,"A",.,"A",.,"A",.,"A",.,"A",.,"A",.,"A",.,"A",.,"A",.,"A",.,"A",.,"A",.,"A",.,"A"
"20103",2234413,93,0,"1",.,"A",.,"A",.,"A",80,"D",.,"A",275,"D",.,"A",.,"A",.,"A",.,"A",.,"A",.,"A",380,"D",.,"A",.,"A"
"20103",2234422,61,0,"1",.,"A",.,"A",.,"A",.,"A",.,"A",.,"A",.,"A",.,"A",.,"A",.,"A",.,"A",.,"A",60,"D",.,"A",.,"A"
"20103",2234444,23,0,"1",.,"A",.,"A",.,"A",.,"A",.,"A",.,"A",.,"A",.,"A",.,"A",.,"A",.,"A",.,"A",.,"A",.,"A",.,"A"
"20103",2234502,56,0,"1",.,"A",.,"A",.,"A",.,"A",.,"A",.,"A",.,"A",.,"A",.,"A",.,"A",.,"A",.,"A",35,"D",.,"A",.,"A"
"20103",2234523,49,0,"1",.,"A",.,"A",.,"A",.,"A",.,"A",.,"A",.,"A",.,"A",.,"A",.,"A",.,"A",.,"A",.,"A",.,"A",.,"A"
"20103",2234533,42,0,"1",.,"A",.,"A",.,"A",.,"A",.,"A",.,"A",.,"A",.,"A",.,"A",.,"A",.,"A",.,"A",.,"A",.,"A",.,"A"
"20103",2234623,28,0,"1",.,"A",.,"A",.,"A",.,"A",.,"A",.,"A",.,"A",.,"A",.,"A",.,"A",.,"A",.,"A",.,"A",.,"A",.,"A"
"20103",2234632,30,0,"1",.,"A",.,"A",.,"A",.,"A",.,"A",.,"A",.,"A",.,"A",.,"A",.,"A",.,"A",.,"A",30,"D",.,"A",.,"A"
"20103",2234642,65,0,"1",.,"A",.,"A",.,"A",.,"A",.,"A",.,"A",.,"A",.,"A",.,"A",0,"D",0,"D",72,"D",120,"D",0,"D",.,"A"
"20103",2234652,34,0,"1",.,"A",.,"A",.,"A",.,"A",.,"A",.,"A",.,"A",.,"A",.,"A",.,"A",.,"A",.,"A",.,"A",.,"A",.,"A"
"20103",2234683,33,0,"1",.,"A",.,"A",.,"A",.,"A",.,"A",.,"A",.,"A",.,"A",.,"A",.,"A",.,"A",.,"A",.,"A",.,"A",.,"A"
"20103",2234693,39,0,"1",.,"A",.,"A",.,"A",.,"A",.,"A",.,"A",.,"A",.,"A",.,"A",.,"A",.,"A",.,"A",.,"A",.,"A",.,"A"
"20103",2234712,54,0,"1",.,"A",.,"A",.,"A",.,"A",.,"A",.,"A",.,"A",.,"A",.,"A",.,"A",.,"A",.,"A",.,"A",.,"A",.,"A"
"20103",2234752,63,0,"1",.,"A",.,"A",.,"A",.,"A",.,"A",.,"A",260,"D",.,"A",.,"A",.,"A",.,"A",.,"A",25,"D",.,"A",.,"A"
"20103",2234773,29,0,"1",.,"A",.,"A",.,"A",.,"A",.,"A",.,"A",52,"D",.,"A",.,"A",.,"A",.,"A",.,"A",20,"D",.,"A",.,"A"
"20103",2234783,50,0,"1",18,"D",.,"A",.,"A",.,"A",52,"D",.,"A",117,"D",.,"A",.,"A",.,"A",.,"A",.,"A",.,"A",.,"A",.,"A"
"20103",2234812,36,0,"1",.,"A",.,"A",.,"A",.,"A",.,"A",.,"A",.,"A",.,"A",.,"A",.,"A",.,"A",.,"A",.,"A",.,"A",.,"A"
"20103",2234822,67,0,"1",.,"A",.,"A",.,"A",.,"A",.,"A",105,"D",.,"A",.,"A",.,"A",0,"D",0,"D",48,"D",346,"D",0,"D",.,"A"
"20103",2234872,28,0,"1",.,"A",10,"D",.,"A",.,"A",.,"A",0,"D",.,"A",.,"A",.,"A",.,"A",.,"A",.,"A",.,"A",.,"A",.,"A"
"20103",2234883,57,0,"1",.,"A",.,"A",.,"A",.,"A",.,"A",.,"A",.,"A",.,"A",.,"A",.,"A",.,"A",.,"A",160,"D",.,"A",.,"A"
"20103",2234942,75,0,"1",.,"A",.,"A",.,"A",.,"A",.,"A",.,"A",.,"A",.,"A",30,"D",0,"D",0,"D",15,"D",.,"A",0,"D",.,"A"
"20103",2234982,41,0,"1",.,"A",.,"A",.,"A",.,"A",.,"A",.,"A",.,"A",.,"A",.,"A",.,"A",.,"A",.,"A",35,"D",.,"A",.,"A"
"20103",2234992,91,0,"1",.,"A",.,"A",.,"A",.,"A",.,"A",.,"A",.,"A",.,"A",.,"A",.,"A",.,"A",.,"A",.,"A",.,"A",.,"A"
"20103",2235013,62,0,"1",.,"A",.,"A",.,"A",.,"A",.,"A",.,"A",.,"A",.,"A",.,"A",.,"A",.,"A",.,"A",.,"A",.,"A",.,"A"
"20103",2235023,43,0,"1",.,"A",.,"A",.,"A",.,"A",.,"A",.,"A",.,"A",.,"A",.,"A",.,"A",.,"A",.,"A",60,"D",.,"A",.,"A"
"20103",2235033,53,0,"1",.,"A",.,"A",.,"A",200,"D",.,"A",.,"A",.,"A",.,"A",.,"A",.,"A",.,"A",.,"A",.,"A",.,"A",.,"A"
"20103",2235054,52,0,"1",.,"A",.,"A",.,"A",.,"A",.,"A",.,"A",78,"D",.,"A",.,"A",.,"A",.,"A",.,"A",120,"D",.,"A",.,"A"
"20103",2235062,51,0,"1",.,"A",.,"A",.,"A",.,"A",.,"A",25,"D",.,"A",260,"D",.,"A",.,"A",.,"A",.,"A",200,"D",.,"A",.,"A"
"20103",2235112,36,0,"1",.,"A",.,"A",.,"A",.,"A",.,"A",.,"A",.,"A",.,"A",.,"A",.,"A",.,"A",.,"A",.,"A",.,"A",.,"A"
"20103",2235133,50,0,"1",.,"A",.,"A",.,"A",.,"A",.,"A",.,"A",520,"D",.,"A",.,"A",0,"D",0,"D",60,"D",.,"A",0,"D",.,"A"
"20103",2235142,74,0,"1",.,"A",.,"A",.,"A",.,"A",.,"A",20,"D",.,"A",.,"A",300,"D",177,"D",0,"D",0,"D",250,"D",59,"D",.,"A"
"20103",2235153,74,0,"1",.,"A",.,"A",.,"A",.,"A",.,"A",.,"A",.,"A",.,"A",.,"A",.,"A",.,"A",.,"A",.,"A",.,"A",.,"A"
"20103",2235193,36,0,"1",.,"A",.,"A",.,"A",.,"A",.,"A",.,"A",.,"A",.,"A",.,"A",.,"A",.,"A",.,"A",100,"D",.,"A",.,"A"
"20103",2235212,43,0,"1",.,"A",.,"A",.,"A",.,"A",.,"A",.,"A",.,"A",.,"A",.,"A",.,"A",.,"A",.,"A",70,"D",.,"A",.,"A"
"20103",2235262,58,0,"1",.,"A",.,"A",.,"A",.,"A",20,"D",.,"A",.,"A",.,"A",.,"A",.,"A",.,"A",.,"A",.,"A",.,"A",.,"A"
"20103",2235283,53,0,"1",.,"A",.,"A",.,"A",.,"A",.,"A",80,"D",.,"A",.,"A",.,"A",.,"A",.,"A",.,"A",200,"D",.,"A",.,"A"
"20103",2235292,41,0,"1",.,"A",.,"A",.,"A",.,"A",.,"A",.,"A",676,"D",.,"A",.,"A",.,"A",.,"A",.,"A",.,"A",.,"A",.,"A"
"20103",2235303,52,0,"1",.,"A",.,"A",.,"A",.,"A",.,"A",.,"A",.,"A",.,"A",.,"A",.,"A",.,"A",.,"A",.,"A",.,"A",.,"A"
"20103",2235322,35,0,"1",.,"A",.,"A",.,"A",.,"A",.,"A",.,"A",.,"A",.,"A",.,"A",.,"A",.,"A",.,"A",.,"A",.,"A",.,"A"
"20103",2235333,41,0,"1",300,"D",.,"A",.,"A",.,"A",300,"D",.,"A",.,"A",.,"A",.,"A",450,"D",0,"D",0,"D",200,"D",150,"D",.,"A"
"20103",2235412,49,0,"1",.,"A",.,"A",.,"A",.,"A",.,"A",.,"A",.,"A",.,"A",.,"A",.,"A",.,"A",.,"A",108,"D",.,"A",.,"A"
"20103",2235432,52,0,"1",6,"D",.,"A",.,"A",.,"A",34,"D",.,"A",325,"D",.,"A",60,"D",6,"D",0,"D",3,"D",25,"D",2,"D",110,"F"
"20103",2235443,40,0,"1",100,"D",.,"A",.,"A",.,"A",300,"D",.,"A",.,"A",.,"A",150,"D",.,"A",.,"A",.,"A",.,"A",.,"A",.,"A"
"20103",2235452,125,0,"1",.,"A",.,"A",.,"A",.,"A",.,"A",120,"D",.,"A",.,"A",9,"D",.,"A",.,"A",.,"A",410,"D",.,"A",.,"A"
"20103",2235472,44,0,"1",.,"A",.,"A",.,"A",.,"A",.,"A",.,"A",.,"A",.,"A",.,"A",.,"A",.,"A",.,"A",.,"A",.,"A",.,"A"
"20103",2235482,56,0,"1",.,"A",.,"A",.,"A",.,"A",.,"A",.,"A",.,"A",.,"A",.,"A",.,"A",.,"A",.,"A",100,"D",.,"A",.,"A"
"20103",2235513,28,0,"1",.,"A",.,"A",.,"A",.,"A",120,"D",.,"A",.,"A",.,"A",.,"A",.,"A",.,"A",.,"A",.,"A",.,"A",.,"A"
"20103",2235532,42,0,"1",.,"A",.,"A",.,"A",.,"A",.,"A",.,"A",.,"A",.,"A",.,"A",.,"A",.,"A",.,"A",.,"A",.,"A",.,"A"
"20103",2235553,27,0,"1",.,"A",.,"A",.,"A",.,"A",.,"A",.,"A",78,"D",.,"A",.,"A",.,"A",.,"A",.,"A",.,"A",.,"A",.,"A"
"20103",2235573,49,0,"1",.,"A",.,"A",.,"A",.,"A",.,"A",.,"A",.,"A",.,"A",.,"A",.,"A",.,"A",.,"A",.,"A",.,"A",.,"A"
"20103",2235592,28,0,"1",.,"A",.,"A",.,"A",.,"A",.,"A",.,"A",.,"A",.,"A",.,"A",.,"A",.,"A",.,"A",.,"A",.,"A",.,"A"
"20103",2235615,23,0,"1",.,"A",.,"A",.,"A",.,"A",.,"A",.,"A",.,"A",.,"A",.,"A",.,"A",.,"A",.,"A",.,"A",.,"A",.,"A"
"20103",2235642,47,0,"1",.,"A",.,"A",.,"A",.,"A",.,"A",.,"A",.,"A",.,"A",.,"A",.,"A",.,"A",.,"A",140,"D",.,"A",.,"A"
"20103",2235703,53,0,"1",.,"A",.,"A",.,"A",.,"A",.,"A",.,"A",.,"A",.,"A",.,"A",0,"D",45,"D",0,"D",45,"D",0,"D",.,"A"
"20103",2235723,43,0,"1",.,"A",.,"A",.,"A",.,"A",25,"D",55,"D",.,"A",.,"A",.,"A",300,"D",0,"D",60,"D",185,"D",100,"D",.,"A"
"20103",2235752,30,0,"1",.,"A",.,"A",.,"A",.,"A",180,"D",.,"A",.,"A",.,"A",.,"A",.,"A",.,"A",.,"A",20,"D",.,"A",.,"A"
"20103",2235763,35,0,"1",.,"A",.,"A",.,"A",.,"A",.,"A",.,"A",.,"A",.,"A",.,"A",.,"A",.,"A",.,"A",.,"A",.,"A",.,"A"
"20103",2235773,42,0,"1",.,"A",.,"A",.,"A",.,"A",.,"A",.,"A",.,"A",.,"A",.,"A",.,"A",.,"A",.,"A",.,"A",.,"A",.,"A"
"20103",2235782,68,0,"1",.,"A",.,"A",.,"A",.,"A",.,"A",.,"A",.,"A",.,"A",15,"D",.,"A",.,"A",.,"A",.,"A",.,"A",.,"A"
"20103",2235812,27,0,"1",.,"A",.,"A",.,"A",.,"A",15,"D",.,"A",.,"A",.,"A",.,"A",.,"A",.,"A",.,"A",15,"D",.,"A",.,"A"
"20103",2235833,51,0,"1",.,"A",.,"A",.,"A",.,"A",.,"A",.,"A",.,"A",.,"A",.,"A",.,"A",.,"A",.,"A",75,"D",.,"A",.,"A"
"20103",2235843,42,0,"1",.,"A",.,"A",.,"A",.,"A",.,"A",.,"A",.,"A",.,"A",.,"A",.,"A",.,"A",.,"A",25,"D",.,"A",.,"A"
"20103",2235853,26,0,"1",.,"A",.,"A",.,"A",.,"A",.,"A",.,"A",.,"A",91,"D",.,"A",.,"A",.,"A",.,"A",.,"A",.,"A",.,"A"
"20103",2235912,46,0,"1",.,"A",.,"A",.,"A",.,"A",.,"A",.,"A",520,"D",.,"A",.,"A",.,"A",.,"A",.,"A",75,"D",.,"A",.,"A"
"20103",2235992,59,0,"1",.,"A",.,"A",.,"A",.,"A",.,"A",50,"D",.,"A",.,"A",.,"A",.,"A",.,"A",.,"A",.,"A",.,"A",.,"A"
"20103",2236053,40,0,"1",.,"A",.,"A",.,"A",.,"A",.,"A",.,"A",.,"A",.,"A",.,"A",.,"A",.,"A",.,"A",.,"A",.,"A",.,"A"
"20103",2236092,49,0,"1",.,"A",.,"A",.,"A",.,"A",.,"A",.,"A",520,"D",.,"A",.,"A",.,"A",.,"A",.,"A",78,"D",.,"A",.,"A"
"20103",2236112,55,0,"1",.,"A",.,"A",.,"A",.,"A",.,"A",.,"A",.,"A",.,"A",.,"A",.,"A",.,"A",.,"A",60,"D",.,"A",.,"A"
"20103",2236132,77,0,"1",.,"A",.,"A",.,"A",.,"A",.,"A",5,"D",.,"A",.,"A",.,"A",.,"A",.,"A",.,"A",30,"D",.,"A",.,"A"
"20103",2236143,38,0,"1",.,"A",.,"A",.,"A",.,"A",.,"A",.,"A",.,"A",.,"A",.,"A",.,"A",.,"A",.,"A",.,"A",.,"A",.,"A"
"20103",2236172,34,0,"1",.,"A",.,"A",.,"A",.,"A",.,"A",.,"A",.,"A",.,"A",.,"A",.,"A",.,"A",.,"A",.,"A",.,"A",.,"A"
"20103",2236183,46,0,"1",.,"A",.,"A",.,"A",.,"A",.,"A",.,"A",.,"A",.,"A",.,"A",.,"A",.,"A",.,"A",.,"A",.,"A",.,"A"
"20103",2236192,34,0,"1",.,"A",.,"A",.,"A",.,"A",.,"A",.,"A",260,"D",.,"A",.,"A",.,"A",.,"A",.,"A",.,"A",.,"A",.,"A"
"20103",2236203,67,0,"1",.,"A",.,"A",.,"A",.,"A",.,"A",.,"A",.,"A",.,"A",.,"A",.,"A",.,"A",.,"A",.,"A",.,"A",.,"A"
"20103",2236222,30,0,"1",.,"A",.,"A",.,"A",.,"A",.,"A",.,"A",650,"D",52,"D",.,"A",.,"A",.,"A",.,"A",.,"A",.,"A",.,"A"
"20103",2236243,73,0,"1",.,"A",.,"A",.,"A",.,"A",.,"A",30,"D",.,"A",.,"A",.,"A",.,"A",.,"A",.,"A",260,"D",.,"A",.,"A"
"20103",2236253,58,0,"1",.,"A",.,"A",.,"A",.,"A",.,"A",.,"A",.,"A",.,"A",.,"A",.,"A",.,"A",.,"A",140,"D",.,"A",.,"A"
"20103",2236262,81,0,"1",.,"A",.,"A",.,"A",.,"A",.,"A",75,"D",.,"A",325,"D",.,"A",.,"A",.,"A",.,"A",149,"D",.,"A",.,"A"
"20103",2236273,23,0,"1",.,"A",.,"A",.,"A",.,"A",.,"A",.,"A",.,"A",.,"A",.,"A",.,"A",.,"A",.,"A",.,"A",.,"A",.,"A"
"20103",2236323,73,0,"1",.,"A",.,"A",.,"A",.,"A",.,"A",.,"A",.,"A",.,"A",.,"A",.,"A",.,"A",.,"A",25,"D",.,"A",.,"A"
"20103",2236332,28,0,"1",.,"A",.,"A",.,"A",.,"A",180,"D",.,"A",520,"D",.,"A",.,"A",.,"A",.,"A",.,"A",.,"A",.,"A",.,"A"
"20103",2236342,36,0,"1",.,"A",.,"A",.,"A",.,"A",.,"A",.,"A",65,"D",.,"A",.,"A",.,"A",.,"A",.,"A",15,"D",.,"A",.,"A"
"20103",2236362,77,0,"1",.,"A",.,"A",.,"A",.,"A",.,"A",.,"A",.,"A",.,"A",.,"A",.,"A",.,"A",.,"A",50,"D",.,"A",.,"A"
"20103",2236393,40,0,"1",.,"A",.,"A",.,"A",.,"A",.,"A",.,"A",.,"A",.,"A",.,"A",.,"A",.,"A",.,"A",.,"A",.,"A",.,"A"
"20103",2236413,71,0,"1",.,"A",.,"A",.,"A",.,"A",.,"A",10,"D",.,"A",.,"A",.,"A",.,"A",.,"A",.,"A",120,"D",.,"A",.,"A"
"20103",2236422,81,0,"1",.,"A",.,"A",.,"A",.,"A",.,"A",.,"A",455,"D",.,"A",.,"A",.,"A",.,"A",.,"A",15,"D",.,"A",.,"A"
"20103",2236452,42,0,"1",.,"A",.,"A",.,"A",.,"A",.,"A",.,"A",.,"A",.,"A",.,"A",.,"A",.,"A",.,"A",.,"A",.,"A",.,"A"
"20103",2236463,61,0,"1",.,"A",.,"A",.,"A",.,"A",.,"A",.,"A",.,"A",.,"A",.,"A",.,"A",.,"A",.,"A",50,"D",.,"A",.,"A"
"20103",2236472,26,0,"1",8,"D",.,"A",.,"A",.,"A",22,"D",.,"A",.,"A",.,"A",.,"A",0,"D",0,"D",54,"D",.,"A",0,"D",.,"A"
"20103",2236552,47,0,"1",.,"A",.,"A",.,"A",.,"A",.,"A",120,"D",.,"A",.,"A",.,"A",.,"A",.,"A",.,"A",250,"D",.,"A",.,"A"
"20103",2236592,37,0,"1",.,"A",.,"A",.,"A",.,"A",.,"A",.,"A",.,"A",.,"A",.,"A",.,"A",.,"A",.,"A",960,"D",.,"A",.,"A"
"20103",2236612,68,0,"1",10,"D",.,"A",.,"A",.,"A",0,"D",.,"A",.,"A",.,"A",.,"A",.,"A",.,"A",.,"A",75,"D",.,"A",.,"A"
"20103",2236623,46,0,"1",.,"A",.,"A",.,"A",.,"A",.,"A",25,"D",.,"A",.,"A",.,"A",.,"A",.,"A",.,"A",300,"F",.,"A",.,"A"
"20103",2236633,34,0,"1",.,"A",.,"A",.,"A",.,"A",.,"A",.,"A",195,"D",.,"A",.,"A",.,"A",.,"A",.,"A",.,"A",.,"A",.,"A"
"20103",2236693,25,0,"1",.,"A",.,"A",.,"A",.,"A",.,"A",.,"A",.,"A",.,"A",.,"A",.,"A",.,"A",.,"A",.,"A",.,"A",.,"A"
"20103",2236705,56,0,"1",.,"A",.,"A",.,"A",.,"A",.,"A",.,"A",689,"D",.,"A",.,"A",.,"A",.,"A",.,"A",90,"D",.,"A",.,"A"
"20103",2236722,66,0,"1",.,"A",.,"A",.,"A",.,"A",.,"A",.,"A",.,"A",.,"A",.,"A",.,"A",.,"A",.,"A",.,"A",.,"A",.,"A"
"20103",2236783,64,0,"1",.,"A",.,"A",.,"A",.,"A",.,"A",.,"A",.,"A",.,"A",.,"A",.,"A",.,"A",.,"A",125,"D",.,"A",.,"A"
"20103",2236803,44,0,"1",.,"A",.,"A",.,"A",.,"A",.,"A",.,"A",.,"A",.,"A",.,"A",.,"A",.,"A",.,"A",90,"D",.,"A",.,"A"
"20103",2236913,40,0,"1",.,"A",.,"A",.,"A",.,"A",.,"A",.,"A",.,"A",.,"A",.,"A",.,"A",.,"A",.,"A",30,"D",.,"A",.,"A"
"20103",2236962,61,0,"1",.,"A",.,"A",.,"A",65,"D",.,"A",.,"A",.,"A",.,"A",.,"A",.,"A",.,"A",.,"A",34,"D",.,"A",.,"A"
"20103",2236972,45,0,"1",.,"A",.,"A",.,"A",.,"A",.,"A",.,"A",.,"A",.,"A",.,"A",.,"A",.,"A",.,"A",160,"D",.,"A",.,"A"
"20103",2236982,33,0,"1",.,"A",.,"A",.,"A",225,"D",72,"D",.,"A",.,"A",.,"A",.,"A",.,"A",.,"A",.,"A",15,"D",.,"A",.,"A"
"20103",2236993,69,0,"1",.,"A",.,"A",.,"A",.,"A",.,"A",.,"A",.,"A",.,"A",.,"A",.,"A",.,"A",.,"A",.,"A",.,"A",.,"A"
"20103",2237012,44,0,"1",.,"A",.,"A",.,"A",.,"A",.,"A",.,"A",650,"D",.,"A",.,"A",.,"A",.,"A",.,"A",160,"D",.,"A",.,"A"
"20103",2237043,62,0,"1",.,"A",.,"A",.,"A",.,"A",.,"A",9,"D",.,"A",.,"A",.,"A",.,"A",.,"A",.,"A",180,"D",.,"A",.,"A"
"20103",2237083,51,0,"1",.,"A",.,"A",.,"A",.,"A",.,"A",.,"A",520,"D",.,"A",.,"A",.,"A",.,"A",.,"A",40,"D",.,"A",.,"A"
"20103",2237113,76,0,"1",.,"A",.,"A",.,"A",.,"A",.,"A",.,"A",845,"D",.,"A",.,"A",.,"A",.,"A",.,"A",.,"A",.,"A",.,"A"
"20103",2237123,56,0,"1",.,"A",.,"A",.,"A",.,"A",.,"A",.,"A",.,"A",.,"A",24,"D",.,"A",.,"A",.,"A",15,"D",.,"A",.,"A"
"20103",2237152,32,0,"1",.,"A",.,"A",.,"A",.,"A",120,"D",.,"A",.,"A",.,"A",.,"A",0,"D",75,"D",0,"D",.,"A",0,"D",.,"A"
"20103",2237164,35,0,"1",.,"A",.,"A",.,"A",.,"A",.,"A",.,"A",.,"A",.,"A",.,"A",.,"A",.,"A",.,"A",.,"A",.,"A",.,"A"
"20103",2237182,44,0,"1",.,"A",.,"A",.,"A",.,"A",.,"A",27,"D",.,"A",.,"A",.,"A",.,"A",.,"A",.,"A",.,"A",.,"A",.,"A"
"20103",2237213,59,0,"1",.,"A",.,"A",.,"A",.,"A",.,"A",.,"A",.,"A",.,"A",60,"D",.,"A",.,"A",.,"A",40,"D",.,"A",.,"A"
"20103",2237233,64,0,"1",.,"A",.,"A",15,"D",15,"D",.,"A",.,"A",78,"D",.,"A",.,"A",.,"A",.,"A",.,"A",353,"D",.,"A",.,"A"
"20103",2237272,21,0,"1",.,"A",.,"A",.,"A",.,"A",100,"D",.,"A",65,"D",.,"A",.,"A",.,"A",.,"A",.,"A",.,"A",.,"A",.,"A"
"20103",2237332,68,0,"1",.,"A",.,"A",.,"A",.,"A",.,"A",240,"D",.,"A",.,"A",.,"A",.,"A",.,"A",.,"A",500,"D",.,"A",.,"A"
"20103",2237362,43,0,"1",.,"A",.,"A",.,"A",.,"A",.,"A",.,"A",299,"D",.,"A",.,"A",.,"A",.,"A",.,"A",.,"A",.,"A",.,"A"
"20103",2237373,54,0,"1",.,"A",.,"A",.,"A",.,"A",.,"A",100,"D",.,"A",.,"A",.,"A",.,"A",.,"A",.,"A",200,"D",.,"A",.,"A"
"20103",2237413,49,0,"1",.,"A",.,"A",.,"A",.,"A",.,"A",.,"A",.,"A",.,"A",.,"A",.,"A",.,"A",.,"A",200,"D",.,"A",.,"A"
"20103",2237442,61,0,"1",.,"A",.,"A",.,"A",.,"A",.,"A",.,"A",.,"A",.,"A",.,"A",.,"A",.,"A",.,"A",.,"A",.,"A",.,"A"
"20103",2237463,42,0,"1",.,"A",.,"A",.,"A",.,"A",.,"A",.,"A",.,"A",.,"A",.,"A",.,"A",.,"A",.,"A",400,"D",.,"A",.,"A"
"20103",2237513,53,0,"1",.,"A",.,"A",.,"A",.,"A",.,"A",.,"A",.,"A",.,"A",.,"A",.,"A",.,"A",.,"A",.,"A",.,"A",.,"A"
"20103",2237522,45,0,"1",.,"A",.,"A",.,"A",.,"A",.,"A",20,"D",.,"A",.,"A",.,"A",.,"A",.,"A",.,"A",49,"D",.,"A",.,"A"
"20103",2237533,41,0,"1",.,"A",.,"A",.,"A",.,"A",.,"A",.,"A",.,"A",.,"A",.,"A",.,"A",.,"A",.,"A",30,"D",.,"A",.,"A"
"20103",2237562,49,0,"1",.,"A",.,"A",.,"A",.,"A",.,"A",.,"A",.,"A",.,"A",.,"A",.,"A",.,"A",.,"A",15,"D",.,"A",.,"A"
"20103",2237593,37,0,"1",.,"A",.,"A",.,"A",.,"A",.,"A",.,"A",.,"A",.,"A",.,"A",.,"A",.,"A",.,"A",.,"A",.,"A",.,"A"
"20103",2237603,30,0,"1",.,"A",.,"A",.,"A",.,"A",.,"A",.,"A",.,"A",.,"A",.,"A",.,"A",.,"A",.,"A",.,"A",.,"A",.,"A"
"20103",2237622,35,0,"1",.,"A",.,"A",.,"A",.,"A",.,"A",.,"A",.,"A",.,"A",.,"A",.,"A",.,"A",.,"A",.,"A",.,"A",.,"A"
"20103",2237652,44,0,"1",5,"D",.,"A",.,"A",.,"A",25,"D",.,"A",.,"A",.,"A",.,"A",.,"A",.,"A",.,"A",.,"A",.,"A",.,"A"
"20103",2237663,81,0,"1",.,"A",.,"A",.,"A",.,"A",.,"A",.,"A",.,"A",.,"A",15,"D",.,"A",.,"A",.,"A",.,"A",.,"A",.,"A"
"20103",2237692,60,0,"1",.,"A",.,"A",.,"A",.,"A",.,"A",.,"A",.,"A",.,"A",.,"A",.,"A",.,"A",.,"A",35,"D",.,"A",.,"A"
"20103",2237703,58,0,"1",11,"D",.,"A",.,"A",.,"A",0,"D",.,"A",.,"A",.,"A",.,"A",.,"A",.,"A",.,"A",120,"D",.,"A",.,"A"
"20103",2237722,22,0,"1",.,"A",.,"A",.,"A",.,"A",.,"A",.,"A",.,"A",.,"A",.,"A",.,"A",.,"A",.,"A",.,"A",.,"A",.,"A"
"20103",2237753,93,0,"1",.,"A",.,"A",.,"A",.,"A",.,"A",.,"A",.,"A",.,"A",.,"A",.,"A",.,"A",.,"A",55,"D",.,"A",.,"A"
"20103",2237763,73,0,"1",.,"A",.,"A",.,"A",.,"A",.,"A",.,"A",1040,"D",.,"A",.,"A",.,"A",.,"A",.,"A",120,"D",.,"A",.,"A"
"20103",2237773,40,0,"1",.,"A",.,"A",.,"A",.,"A",.,"A",.,"A",.,"A",.,"A",.,"A",.,"A",.,"A",.,"A",.,"A",.,"A",.,"A"
"20103",2237812,48,0,"1",.,"A",.,"A",.,"A",.,"A",.,"A",.,"A",.,"A",.,"A",.,"A",.,"A",.,"A",.,"A",.,"A",.,"A",.,"A"
"20103",2237833,62,0,"1",.,"A",.,"A",.,"A",.,"A",.,"A",100,"D",.,"A",.,"A",.,"A",.,"A",.,"A",.,"A",125,"D",.,"A",.,"A"
"20103",2237842,30,0,"1",.,"A",.,"A",.,"A",.,"A",.,"A",.,"A",.,"A",.,"A",.,"A",.,"A",.,"A",.,"A",.,"A",.,"A",.,"A"
"20103",2237883,27,0,"1",.,"A",.,"A",.,"A",.,"A",10,"D",.,"A",.,"A",.,"A",.,"A",.,"A",.,"A",.,"A",.,"A",.,"A",.,"A"
"20103",2237982,36,0,"1",.,"A",.,"A",.,"A",.,"A",.,"A",.,"A",.,"A",.,"A",.,"A",258,"D",0,"D",0,"D",.,"A",86,"D",.,"A"
"20103",2237992,40,0,"1",.,"A",.,"A",.,"A",.,"A",.,"A",.,"A",.,"A",.,"A",.,"A",.,"A",.,"A",.,"A",.,"A",.,"A",.,"A"
"20103",2238022,62,0,"1",.,"A",.,"A",.,"A",.,"A",.,"A",.,"A",.,"A",.,"A",.,"A",.,"A",.,"A",.,"A",60,"D",.,"A",.,"A"
"20103",2238042,33,0,"1",.,"A",.,"A",.,"A",.,"A",.,"A",.,"A",.,"A",.,"A",.,"A",.,"A",.,"A",.,"A",.,"A",.,"A",.,"A"
"20103",2238053,23,0,"1",.,"A",.,"A",.,"A",10,"D",15,"D",.,"A",.,"A",.,"A",.,"A",180,"D",0,"D",0,"D",.,"A",60,"D",.,"A"
"20103",2238082,48,0,"1",.,"A",.,"A",.,"A",.,"A",.,"A",.,"A",.,"A",.,"A",.,"A",.,"A",.,"A",.,"A",300,"D",.,"A",.,"A"
"20103",2238143,30,0,"1",90,"D",.,"A",.,"A",.,"A",270,"D",.,"A",.,"A",.,"A",.,"A",600,"D",0,"D",0,"D",.,"A",200,"D",.,"A"
"20103",2238163,57,0,"1",.,"A",.,"A",.,"A",.,"A",.,"A",.,"A",.,"A",.,"A",9,"D",.,"A",.,"A",.,"A",.,"A",.,"A",.,"A"
"20103",2238193,81,0,"1",.,"A",.,"A",.,"A",.,"A",.,"A",.,"A",.,"A",.,"A",.,"A",.,"A",.,"A",.,"A",215,"D",.,"A",.,"A"
"20103",2238203,52,0,"1",.,"A",.,"A",.,"A",.,"A",.,"A",20,"D",.,"A",.,"A",.,"A",.,"A",.,"A",.,"A",200,"D",.,"A",.,"A"
"20103",2238222,41,0,"1",.,"A",.,"A",.,"A",.,"A",.,"A",.,"A",.,"A",195,"D",.,"A",.,"A",.,"A",.,"A",30,"D",.,"A",.,"A"
"20103",2238233,48,0,"1",.,"A",.,"A",.,"A",.,"A",.,"A",.,"A",.,"A",.,"A",.,"A",.,"A",.,"A",.,"A",.,"A",.,"A",.,"A"
"20103",2238253,38,0,"1",6,"D",.,"A",.,"A",.,"A",66,"D",.,"A",.,"A",.,"A",30,"D",.,"A",.,"A",.,"A",75,"D",.,"A",.,"A"
"20103",2238263,49,0,"1",.,"A",.,"A",.,"A",.,"A",.,"A",.,"A",.,"A",.,"A",.,"A",.,"A",.,"A",.,"A",200,"D",.,"A",.,"A"
"20103",2238283,37,0,"1",.,"A",.,"A",.,"A",.,"A",.,"A",.,"A",780,"D",130,"D",.,"A",.,"A",.,"A",.,"A",10,"D",.,"A",.,"A"
"20103",2238302,87,0,"1",.,"A",.,"A",.,"A",.,"A",.,"A",300,"D",.,"A",.,"A",.,"A",.,"A",.,"A",.,"A",600,"D",.,"A",.,"A"
"20103",2238313,61,0,"1",.,"A",.,"A",.,"A",.,"A",.,"A",.,"A",390,"D",.,"A",.,"A",.,"A",.,"A",.,"A",25,"D",.,"A",.,"A"
"20103",2238322,41,0,"1",.,"A",.,"A",.,"A",.,"A",.,"A",.,"A",104,"F",.,"A",.,"A",.,"A",.,"A",.,"A",.,"A",.,"A",.,"A"
"20103",2238342,28,0,"1",.,"A",.,"A",.,"A",.,"A",.,"A",.,"A",.,"A",.,"A",.,"A",.,"A",.,"A",.,"A",.,"A",.,"A",.,"A"
"20103",2238392,44,0,"1",.,"A",.,"A",.,"A",.,"A",.,"A",.,"A",.,"A",.,"A",.,"A",.,"A",.,"A",.,"A",40,"D",.,"A",.,"A"
"20103",2238422,46,0,"1",.,"A",.,"A",.,"A",.,"A",.,"A",.,"A",.,"A",.,"A",.,"A",.,"A",.,"A",.,"A",332,"D",.,"A",.,"A"
"20103",2238452,34,0,"1",.,"A",.,"A",.,"A",.,"A",.,"A",.,"A",.,"A",.,"A",.,"A",.,"A",.,"A",.,"A",.,"A",.,"A",.,"A"
"20103",2238503,31,0,"1",.,"A",.,"A",.,"A",.,"A",.,"A",.,"A",.,"A",.,"A",.,"A",.,"A",.,"A",.,"A",.,"A",.,"A",.,"A"
"20103",2238543,24,0,"1",.,"A",.,"A",.,"A",.,"A",.,"A",.,"A",.,"A",.,"A",.,"A",120,"D",0,"D",0,"D",.,"A",40,"D",.,"A"
"20103",2238553,72,0,"1",.,"A",.,"A",.,"A",.,"A",.,"A",.,"A",.,"A",39,"D",.,"A",.,"A",.,"A",.,"A",20,"D",.,"A",.,"A"
"20103",2238564,61,0,"1",.,"A",.,"A",.,"A",.,"A",.,"A",.,"A",.,"A",.,"A",.,"A",.,"A",.,"A",.,"A",60,"D",.,"A",.,"A"
"20103",2238572,35,0,"1",.,"A",.,"A",.,"A",.,"A",.,"A",.,"A",.,"A",.,"A",.,"A",.,"A",.,"A",.,"A",.,"A",.,"A",.,"A"
"20103",2238582,65,0,"1",.,"A",.,"A",.,"A",.,"A",.,"A",60,"D",.,"A",.,"A",.,"A",.,"A",.,"A",.,"A",300,"D",.,"A",.,"A"
"20103",2238603,46,0,"1",.,"A",.,"A",.,"A",.,"A",.,"A",.,"A",.,"A",.,"A",.,"A",.,"A",.,"A",.,"A",90,"D",.,"A",.,"A"
"20103",2238622,39,0,"1",.,"A",.,"A",.,"A",.,"A",.,"A",.,"A",1066,"D",.,"A",30,"F",.,"A",.,"A",.,"A",150,"D",.,"A",.,"A"
"20103",2238703,89,0,"1",.,"A",.,"A",.,"A",.,"A",.,"A",.,"A",.,"A",.,"A",.,"A",.,"A",.,"A",.,"A",200,"D",.,"A",.,"A"
"20103",2238753,69,0,"1",.,"A",.,"A",75,"D",520,"D",.,"A",300,"D",.,"A",.,"A",.,"A",.,"A",.,"A",.,"A",300,"D",.,"A",.,"A"
"20103",2238793,48,0,"1",.,"A",.,"A",.,"A",.,"A",.,"A",.,"A",260,"D",.,"A",.,"A",.,"A",.,"A",.,"A",15,"D",.,"A",.,"A"
"20103",2238803,43,0,"1",.,"A",.,"A",.,"A",.,"A",.,"A",.,"A",.,"A",.,"A",.,"A",.,"A",.,"A",.,"A",120,"D",.,"A",.,"A"
"20103",2238813,65,0,"1",.,"A",.,"A",.,"A",.,"A",.,"A",.,"A",.,"A",.,"A",.,"A",.,"A",.,"A",.,"A",.,"A",.,"A",.,"A"
"20103",2238843,53,0,"1",.,"A",.,"A",.,"A",.,"A",.,"A",.,"A",.,"A",.,"A",.,"A",.,"A",.,"A",.,"A",120,"D",.,"A",.,"A"
"20103",2238863,49,0,"1",.,"A",.,"A",.,"A",.,"A",.,"A",.,"A",.,"A",.,"A",.,"A",.,"A",.,"A",.,"A",.,"A",.,"A",.,"A"
"20103",2238873,77,0,"1",.,"A",.,"A",45,"D",.,"A",.,"A",.,"A",.,"A",.,"A",.,"A",.,"A",.,"A",.,"A",100,"D",.,"A",.,"A"
"20103",2238882,48,0,"1",.,"A",.,"A",.,"A",.,"A",.,"A",75,"D",.,"A",.,"A",.,"A",.,"A",.,"A",.,"A",30,"D",.,"A",.,"A"
"20103",2238893,32,0,"1",.,"A",.,"A",.,"A",.,"A",.,"A",.,"A",.,"A",.,"A",.,"A",.,"A",.,"A",.,"A",.,"A",.,"A",.,"A"
"20103",2238902,31,0,"1",.,"A",.,"A",.,"A",.,"A",60,"D",.,"A",.,"A",.,"A",.,"A",.,"A",.,"A",.,"A",.,"A",.,"A",.,"A"
"20103",2238923,34,0,"1",.,"A",.,"A",.,"A",.,"A",.,"A",.,"A",.,"A",.,"A",.,"A",.,"A",.,"A",.,"A",14,"D",.,"A",.,"A"
"20103",2238942,77,0,"1",.,"A",.,"A",.,"A",.,"A",.,"A",.,"A",.,"A",.,"A",.,"A",.,"A",.,"A",.,"A",250,"D",.,"A",.,"A"
"20103",2238962,48,0,"1",.,"A",.,"A",.,"A",.,"A",40,"D",.,"A",.,"A",.,"A",9,"D",.,"A",.,"A",.,"A",195,"D",.,"A",.,"A"
"20103",2239003,82,0,"1",.,"A",.,"A",.,"A",.,"A",.,"A",.,"A",442,"D",.,"A",.,"A",.,"A",.,"A",.,"A",58,"D",.,"A",.,"A"
"20103",2239042,28,0,"1",.,"A",.,"A",.,"A",.,"A",6,"D",.,"A",.,"A",.,"A",.,"A",.,"A",.,"A",.,"A",35,"D",.,"A",.,"A"
"20103",2239064,34,0,"1",.,"A",.,"A",.,"A",.,"A",.,"A",.,"A",.,"A",.,"A",.,"A",.,"A",.,"A",.,"A",.,"A",.,"A",.,"A"
"20103",2239093,47,0,"1",.,"A",.,"A",.,"A",.,"A",.,"A",.,"A",.,"A",.,"A",.,"A",.,"A",.,"A",.,"A",160,"D",.,"A",.,"A"
"20103",2239103,62,0,"1",.,"A",.,"A",.,"A",.,"A",.,"A",.,"A",585,"D",.,"A",.,"A",.,"A",.,"A",.,"A",55,"D",.,"A",.,"A"
"20103",2239133,65,0,"1",.,"A",.,"A",.,"A",.,"A",.,"A",225,"D",.,"A",.,"A",.,"A",.,"A",.,"A",.,"A",150,"D",.,"A",.,"A"
"20103",2239233,64,0,"1",.,"A",.,"A",.,"A",.,"A",.,"A",.,"A",.,"A",.,"A",.,"A",0,"D",0,"D",90,"D",100,"D",0,"D",.,"A"
"20103",2239242,39,0,"1",.,"A",.,"A",.,"A",.,"A",.,"A",.,"A",.,"A",.,"A",.,"A",.,"A",.,"A",.,"A",120,"D",.,"A",.,"A"
"20103",2239253,42,0,"1",.,"A",.,"A",.,"A",.,"A",.,"A",.,"A",.,"A",.,"A",.,"A",.,"A",.,"A",.,"A",220,"D",.,"A",.,"A"
"20103",2239263,51,0,"1",.,"A",.,"A",.,"A",.,"A",.,"A",.,"A",.,"A",78,"D",.,"A",.,"A",.,"A",.,"A",30,"D",.,"A",.,"A"
"20103",2239283,48,0,"1",.,"A",.,"A",.,"A",.,"A",.,"A",8,"F",.,"A",.,"A",.,"A",.,"A",.,"A",.,"A",.,"A",.,"A",.,"A"
"20103",2239293,21,0,"1",.,"A",.,"A",.,"A",.,"A",.,"A",.,"A",.,"A",.,"A",.,"A",.,"A",.,"A",.,"A",.,"A",.,"A",.,"A"
"20103",2239333,36,0,"1",.,"A",.,"A",.,"A",.,"A",.,"A",30,"D",.,"A",.,"A",.,"A",.,"A",.,"A",.,"A",.,"A",.,"A",.,"A"
"20103",2239343,50,0,"1",.,"A",.,"A",.,"A",.,"A",.,"A",.,"A",.,"A",.,"A",.,"A",.,"A",.,"A",.,"A",60,"D",.,"A",.,"A"
"20103",2239373,58,0,"1",.,"A",.,"A",.,"A",.,"A",.,"A",.,"A",286,"D",.,"A",.,"A",.,"A",.,"A",.,"A",.,"A",.,"A",.,"A"
"20103",2239393,29,0,"1",.,"A",.,"A",.,"A",.,"A",.,"A",.,"A",.,"A",.,"A",.,"A",.,"A",.,"A",.,"A",.,"A",.,"A",.,"A"
"20103",2239412,81,0,"1",.,"A",.,"A",.,"A",.,"A",.,"A",.,"A",.,"A",.,"A",.,"A",0,"D",0,"D",60,"D",42,"D",0,"D",.,"A"
"20103",2239433,33,0,"1",.,"A",.,"A",.,"A",.,"A",.,"A",.,"A",.,"A",.,"A",.,"A",.,"A",.,"A",.,"A",20,"D",.,"A",.,"A"
"20103",2239452,69,0,"1",.,"A",.,"A",.,"A",.,"A",.,"A",.,"A",.,"A",.,"A",.,"A",.,"A",.,"A",.,"A",.,"A",.,"A",.,"A"
"20103",2239462,74,0,"1",.,"A",.,"A",.,"A",.,"A",.,"A",.,"A",.,"A",.,"A",60,"D",.,"A",.,"A",.,"A",150,"D",.,"A",.,"A"
"20103",2239472,62,0,"1",.,"A",.,"A",.,"A",30,"D",.,"A",.,"A",.,"A",.,"A",.,"A",.,"A",.,"A",.,"A",120,"D",.,"A",.,"A"
"20103",2239522,67,0,"1",.,"A",.,"A",.,"A",40,"D",.,"A",.,"A",481,"D",.,"A",.,"A",.,"A",.,"A",.,"A",331,"D",.,"A",.,"A"
"20103",2239543,48,0,"1",.,"A",.,"A",.,"A",.,"A",.,"A",40,"D",.,"A",.,"A",.,"A",.,"A",.,"A",.,"A",120,"D",.,"A",.,"A"
"20103",2239553,94,0,"1",.,"A",.,"A",.,"A",35,"D",.,"A",300,"D",.,"A",.,"A",.,"A",.,"A",.,"A",.,"A",540,"D",.,"A",.,"A"
"20103",2239573,37,0,"1",.,"A",.,"A",.,"A",.,"A",.,"A",.,"A",.,"A",.,"A",.,"A",.,"A",.,"A",.,"A",50,"D",.,"A",.,"A"
"20103",2239583,45,0,"1",.,"A",.,"A",.,"A",.,"A",.,"A",.,"A",364,"D",.,"A",.,"A",.,"A",.,"A",.,"A",14,"D",.,"A",.,"A"
"20103",2239612,30,0,"1",.,"A",.,"A",.,"A",.,"A",.,"A",.,"A",.,"A",.,"A",.,"A",.,"A",.,"A",.,"A",.,"A",.,"A",.,"A"
"20103",2239642,31,0,"1",.,"A",.,"A",.,"A",.,"A",.,"A",.,"A",.,"A",.,"A",.,"A",.,"A",.,"A",.,"A",.,"A",.,"A",.,"A"
"20103",2239682,52,0,"1",.,"A",.,"A",.,"A",.,"A",.,"A",35,"D",.,"A",.,"A",.,"A",.,"A",.,"A",.,"A",84,"D",.,"A",.,"A"
"20103",2239712,49,0,"1",.,"A",.,"A",.,"A",.,"A",.,"A",.,"A",.,"A",.,"A",.,"A",.,"A",.,"A",.,"A",.,"A",.,"A",.,"A"
"20103",2239733,22,0,"1",.,"A",.,"A",.,"A",.,"A",.,"A",.,"A",.,"A",.,"A",.,"A",.,"A",.,"A",.,"A",.,"A",.,"A",.,"A"
"20103",2239753,53,0,"1",5,"D",.,"A",.,"A",.,"A",0,"D",.,"A",.,"A",.,"A",.,"A",.,"A",.,"A",.,"A",17,"D",.,"A",.,"A"
"20103",2239802,38,0,"1",.,"A",.,"A",.,"A",.,"A",.,"A",.,"A",.,"A",.,"A",.,"A",.,"A",.,"A",.,"A",.,"A",.,"A",.,"A"
"20103",2239813,44,0,"1",.,"A",.,"A",.,"A",.,"A",.,"A",.,"A",.,"A",.,"A",.,"A",.,"A",.,"A",.,"A",200,"D",.,"A",.,"A"
"20103",2239842,37,0,"1",.,"A",.,"A",.,"A",.,"A",.,"A",.,"A",.,"A",.,"A",.,"A",.,"A",.,"A",.,"A",72,"D",.,"A",.,"A"
"20103",2239852,37,0,"1",.,"A",.,"A",.,"A",.,"A",.,"A",10,"D",.,"A",.,"A",.,"A",180,"D",0,"D",0,"D",60,"D",60,"D",.,"A"
"20103",2239873,67,0,"1",.,"A",.,"A",.,"A",.,"A",.,"A",.,"A",.,"A",.,"A",.,"A",.,"A",.,"A",.,"A",56,"D",.,"A",.,"A"
"20103",2239882,51,0,"1",.,"A",.,"A",.,"A",.,"A",.,"A",150,"D",.,"A",.,"A",.,"A",.,"A",.,"A",.,"A",220,"D",.,"A",.,"A"
"20103",2239923,39,0,"1",.,"A",.,"A",.,"A",.,"A",.,"A",.,"A",.,"A",.,"A",.,"A",.,"A",.,"A",.,"A",90,"D",.,"A",.,"A"
"20103",2239933,107,0,"1",.,"A",.,"A",.,"A",.,"A",.,"A",.,"A",.,"A",.,"A",.,"A",.,"A",.,"A",.,"A",100,"D",.,"A",.,"A"
"20103",2239943,34,0,"1",.,"A",.,"A",.,"A",.,"A",.,"A",.,"A",.,"A",.,"A",.,"A",.,"A",.,"A",.,"A",.,"A",.,"A",.,"A"
"20103",2239962,26,0,"1",.,"A",.,"A",.,"A",.,"A",.,"A",.,"A",.,"A",.,"A",.,"A",.,"A",.,"A",.,"A",.,"A",.,"A",.,"A"
"20103",2239972,99,0,"1",.,"A",.,"A",.,"A",.,"A",40,"D",.,"A",.,"A",.,"A",.,"A",.,"A",.,"A",.,"A",300,"D",.,"A",.,"A"
"20103",2239982,43,0,"1",.,"A",.,"A",.,"A",.,"A",.,"A",.,"A",.,"A",.,"A",.,"A",.,"A",.,"A",.,"A",.,"A",.,"A",.,"A"
"20103",2240002,57,0,"1",.,"A",.,"A",1,"D",.,"A",.,"A",.,"A",260,"D",.,"A",.,"A",.,"A",.,"A",.,"A",75,"D",.,"A",.,"A"
"20103",2240012,72,0,"1",.,"A",.,"A",.,"A",.,"A",.,"A",18,"D",.,"A",.,"A",.,"A",.,"A",.,"A",.,"A",.,"A",.,"A",.,"A"
"20103",2240033,25,0,"1",.,"A",.,"A",.,"A",.,"A",.,"A",.,"A",.,"A",.,"A",.,"A",.,"A",.,"A",.,"A",.,"A",.,"A",.,"A"
"20103",2240043,84,0,"1",.,"A",.,"A",.,"A",.,"A",.,"A",.,"A",.,"A",.,"A",.,"A",.,"A",.,"A",.,"A",45,"D",.,"A",.,"A"
"20103",2240054,36,0,"1",.,"A",.,"A",.,"A",.,"A",.,"A",.,"A",.,"A",.,"A",.,"A",.,"A",.,"A",.,"A",.,"A",.,"A",.,"A"
"20103",2240085,49,0,"1",.,"A",.,"A",.,"A",.,"A",.,"A",.,"A",.,"A",.,"A",.,"A",.,"A",.,"A",.,"A",60,"D",.,"A",.,"A"
"20103",2240092,66,0,"1",.,"A",.,"A",.,"A",.,"A",.,"A",.,"A",.,"A",.,"A",.,"A",.,"A",.,"A",.,"A",140,"D",.,"A",.,"A"
"20103",2240162,57,0,"1",.,"A",.,"A",.,"A",.,"A",.,"A",.,"A",.,"A",.,"A",.,"A",.,"A",.,"A",.,"A",.,"A",.,"A",.,"A"
"20103",2240183,30,0,"1",.,"A",.,"A",.,"A",.,"A",.,"A",.,"A",104,"D",.,"A",.,"A",.,"A",.,"A",.,"A",30,"D",.,"A",.,"A"
"20103",2240193,34,0,"1",.,"A",.,"A",.,"A",.,"A",.,"A",.,"A",.,"A",.,"A",.,"A",.,"A",.,"A",.,"A",.,"A",.,"A",.,"A"
"20103",2240213,64,0,"1",.,"A",.,"A",.,"A",.,"A",.,"A",60,"D",325,"D",.,"A",.,"A",.,"A",.,"A",.,"A",100,"D",.,"A",.,"A"
"20103",2240282,42,0,"1",.,"A",.,"A",.,"A",.,"A",.,"A",.,"A",.,"A",.,"A",.,"A",.,"A",.,"A",.,"A",30,"D",.,"A",.,"A"
"20103",2240293,59,0,"1",.,"A",.,"A",.,"A",.,"A",.,"A",.,"A",1872,"D",.,"A",.,"A",.,"A",.,"A",.,"A",235,"D",.,"A",.,"A"
"20103",2240322,62,0,"1",.,"A",.,"A",.,"A",.,"A",.,"A",.,"A",.,"A",.,"A",75,"D",.,"A",.,"A",.,"A",35,"D",.,"A",.,"A"
"20103",2240362,31,0,"1",.,"A",.,"A",.,"A",.,"A",.,"A",.,"A",.,"A",.,"A",.,"A",.,"A",.,"A",.,"A",.,"A",.,"A",.,"A"
"20103",2240443,35,0,"1",.,"A",.,"A",.,"A",.,"A",.,"A",.,"A",.,"A",.,"A",.,"A",.,"A",.,"A",.,"A",.,"A",.,"A",.,"A"
"20103",2240493,31,0,"1",.,"A",.,"A",.,"A",.,"A",.,"A",.,"A",.,"A",.,"A",.,"A",.,"A",.,"A",.,"A",.,"A",.,"A",.,"A"
"20103",2240515,44,0,"1",.,"A",.,"A",.,"A",.,"A",.,"A",20,"D",.,"A",.,"A",.,"A",.,"A",.,"A",.,"A",50,"D",.,"A",.,"A"
"20103",2240522,52,0,"1",.,"A",.,"A",.,"A",.,"A",.,"A",.,"A",.,"A",.,"A",.,"A",.,"A",.,"A",.,"A",150,"D",.,"A",.,"A"
"20103",2240572,72,0,"1",.,"A",.,"A",.,"A",.,"A",.,"A",.,"A",.,"A",.,"A",.,"A",.,"A",.,"A",.,"A",120,"D",.,"A",.,"A"
"20103",2240582,30,0,"1",30,"D",.,"A",.,"A",.,"A",90,"D",.,"A",780,"D",.,"A",.,"A",.,"A",.,"A",.,"A",.,"A",.,"A",.,"A"
"20103",2240593,77,0,"1",.,"A",.,"A",.,"A",.,"A",.,"A",.,"A",.,"A",.,"A",.,"A",.,"A",.,"A",.,"A",24,"D",.,"A",.,"A"
"20103",2240622,35,0,"1",.,"A",.,"A",.,"A",.,"A",.,"A",.,"A",325,"F",.,"A",.,"A",.,"A",.,"A",.,"A",.,"A",.,"A",.,"A"
"20103",2240632,41,0,"1",.,"A",.,"A",.,"A",.,"A",.,"A",.,"A",1040,"D",.,"A",.,"A",.,"A",.,"A",.,"A",.,"A",.,"A",.,"A"
"20103",2240643,52,0,"1",.,"A",.,"A",.,"A",.,"A",.,"A",.,"A",.,"A",.,"A",.,"A",.,"A",.,"A",.,"A",20,"D",.,"A",.,"A"
"20103",2240703,59,0,"1",.,"A",.,"A",.,"A",.,"A",.,"A",100,"D",.,"A",.,"A",45,"D",.,"A",.,"A",.,"A",50,"D",.,"A",.,"A"
"20103",2240743,50,0,"1",.,"A",.,"A",.,"A",.,"A",.,"A",.,"A",390,"D",.,"A",.,"A",.,"A",.,"A",.,"A",10,"D",.,"A",.,"A"
"20103",2240762,21,0,"1",.,"A",.,"A",.,"A",.,"A",.,"A",.,"A",.,"A",.,"A",.,"A",.,"A",.,"A",.,"A",.,"A",.,"A",.,"A"
"20103",2240803,64,0,"1",.,"A",.,"A",.,"A",.,"A",.,"A",.,"A",.,"A",.,"A",.,"A",.,"A",.,"A",.,"A",200,"D",.,"A",.,"A"
"20103",2240813,33,0,"1",.,"A",.,"A",.,"A",.,"A",100,"D",.,"A",.,"A",.,"A",.,"A",.,"A",.,"A",.,"A",.,"A",.,"A",.,"A"
"20103",2240843,33,0,"1",.,"A",.,"A",.,"A",.,"A",.,"A",.,"A",.,"A",.,"A",.,"A",.,"A",.,"A",.,"A",.,"A",.,"A",.,"A"
"20103",2240863,79,0,"1",.,"A",.,"A",.,"A",.,"A",.,"A",.,"A",.,"A",.,"A",.,"A",.,"A",.,"A",.,"A",.,"A",.,"A",.,"A"
"20103",2240873,39,0,"1",.,"A",.,"A",.,"A",.,"A",.,"A",.,"A",.,"A",.,"A",.,"A",.,"A",.,"A",.,"A",.,"A",.,"A",.,"A"
"20103",2240892,34,0,"1",.,"A",.,"A",.,"A",.,"A",.,"A",.,"A",.,"A",.,"A",.,"A",.,"A",.,"A",.,"A",.,"A",.,"A",.,"A"
"20103",2240903,35,0,"1",.,"A",.,"A",.,"A",.,"A",.,"A",.,"A",.,"A",.,"A",6,"D",.,"A",.,"A",.,"A",.,"A",.,"A",.,"A"
"20103",2240923,61,0,"1",.,"A",.,"A",.,"A",.,"A",.,"A",.,"A",.,"A",.,"A",.,"A",.,"A",.,"A",.,"A",60,"D",.,"A",.,"A"
"20103",2240952,38,0,"1",20,"D",.,"A",.,"A",.,"A",80,"D",80,"D",.,"A",.,"A",.,"A",540,"D",0,"D",0,"D",150,"D",180,"D",.,"A"
"20103",2240962,57,0,"1",.,"A",.,"A",.,"A",.,"A",.,"A",.,"A",.,"A",.,"A",.,"A",.,"A",.,"A",.,"A",215,"D",.,"A",.,"A"
"20103",2240983,60,0,"1",.,"A",.,"A",.,"A",.,"A",.,"A",.,"A",.,"A",.,"A",.,"A",.,"A",.,"A",.,"A",200,"D",.,"A",.,"A"
"20103",2241022,74,0,"1",.,"A",.,"A",.,"A",.,"A",.,"A",.,"A",.,"A",.,"A",.,"A",.,"A",.,"A",.,"A",65,"D",.,"A",.,"A"
"20103",2241032,35,0,"1",.,"A",.,"A",.,"A",.,"A",125,"D",.,"A",130,"D",.,"A",60,"D",.,"A",.,"A",.,"A",.,"A",.,"A",.,"A"
"20103",2241043,66,0,"1",.,"A",.,"A",.,"A",.,"A",.,"A",.,"A",.,"A",.,"A",.,"A",.,"A",.,"A",.,"A",28,"D",.,"A",.,"A"
"20103",2241073,34,0,"1",.,"A",.,"A",.,"A",.,"A",.,"A",.,"A",1300,"D",.,"A",.,"A",.,"A",.,"A",.,"A",.,"A",.,"A",.,"A"
"20103",2241083,28,0,"1",.,"A",.,"A",.,"A",.,"A",.,"A",.,"A",.,"A",.,"A",.,"A",.,"A",.,"A",.,"A",.,"A",.,"A",.,"A"
"20103",2241093,63,0,"1",.,"A",.,"A",.,"A",.,"A",.,"A",.,"A",.,"A",.,"A",.,"A",.,"A",.,"A",.,"A",84,"D",.,"A",.,"A"
"20103",2241103,30,0,"1",.,"A",.,"A",.,"A",.,"A",.,"A",.,"A",.,"A",.,"A",.,"A",.,"A",.,"A",.,"A",100,"D",.,"A",.,"A"
"20103",2241112,59,0,"1",.,"A",.,"A",.,"A",.,"A",.,"A",.,"A",.,"A",.,"A",.,"A",.,"A",.,"A",.,"A",150,"D",.,"A",.,"A"
"20103",2241133,47,0,"1",.,"A",.,"A",.,"A",.,"A",.,"A",.,"A",.,"A",.,"A",.,"A",.,"A",.,"A",.,"A",.,"A",.,"A",.,"A"
"20103",2241152,51,0,"1",.,"A",.,"A",.,"A",.,"A",.,"A",25,"D",.,"A",.,"A",.,"A",.,"A",.,"A",.,"A",75,"D",.,"A",.,"A"
"20103",2241183,36,0,"1",.,"A",.,"A",.,"A",.,"A",.,"A",.,"A",.,"A",.,"A",.,"A",.,"A",.,"A",.,"A",35,"D",.,"A",.,"A"
"20103",2241193,35,0,"1",.,"A",.,"A",.,"A",.,"A",60,"D",.,"A",.,"A",.,"A",.,"A",.,"A",.,"A",.,"A",400,"D",.,"A",.,"A"
"20103",2241233,38,0,"1",.,"A",.,"A",.,"A",.,"A",.,"A",.,"A",130,"D",.,"A",.,"A",.,"A",.,"A",.,"A",.,"A",.,"A",.,"A"
"20103",2241252,43,0,"1",.,"A",.,"A",.,"A",.,"A",.,"A",.,"A",.,"A",.,"A",.,"A",.,"A",.,"A",.,"A",26,"D",.,"A",.,"A"
"20103",2241293,30,0,"1",.,"A",.,"A",.,"A",.,"A",240,"D",.,"A",.,"A",.,"A",.,"A",0,"D",0,"D",180,"D",.,"A",0,"D",.,"A"
"20103",2241323,35,0,"1",.,"A",.,"A",.,"A",.,"A",4,"D",33,"D",.,"A",.,"A",.,"A",.,"A",.,"A",.,"A",135,"D",.,"A",.,"A"
"20103",2241333,62,0,"1",.,"A",.,"A",.,"A",150,"D",.,"A",40,"D",.,"A",.,"A",.,"A",.,"A",.,"A",.,"A",250,"D",.,"A",.,"A"
"20103",2241363,27,0,"1",10,"D",.,"A",.,"A",.,"A",20,"D",.,"A",.,"A",.,"A",.,"A",.,"A",.,"A",.,"A",.,"A",.,"A",.,"A"
"20103",2241393,106,0,"1",.,"A",.,"A",.,"A",.,"A",.,"A",.,"A",.,"A",.,"A",600,"D",.,"A",.,"A",.,"A",75,"D",.,"A",.,"A"
"20103",2241463,50,0,"1",.,"A",.,"A",.,"A",.,"A",.,"A",.,"A",.,"A",.,"A",.,"A",.,"A",.,"A",.,"A",.,"A",.,"A",.,"A"
"20103",2241472,32,0,"1",.,"A",.,"A",.,"A",.,"A",.,"A",90,"D",585,"D",.,"A",39,"D",.,"A",.,"A",.,"A",60,"D",.,"A",.,"A"
"20103",2241502,28,0,"1",.,"A",.,"A",.,"A",.,"A",.,"A",.,"A",390,"D",.,"A",.,"A",.,"A",.,"A",.,"A",.,"A",.,"A",.,"A"
"20103",2241512,60,0,"1",.,"A",.,"A",.,"A",.,"A",.,"A",.,"A",.,"A",.,"A",.,"A",.,"A",.,"A",.,"A",.,"A",.,"A",.,"A"
"20103",2241522,47,0,"1",.,"A",.,"A",.,"A",.,"A",.,"A",.,"A",.,"A",.,"A",.,"A",0,"D",0,"D",36,"D",45,"D",0,"D",.,"A"
"20103",2241533,28,0,"1",.,"A",.,"A",.,"A",.,"A",.,"A",.,"A",.,"A",.,"A",.,"A",360,"D",0,"D",0,"D",200,"D",120,"D",.,"A"
"20103",2241553,86,0,"1",.,"A",.,"A",.,"A",.,"A",.,"A",.,"A",.,"A",.,"A",.,"A",.,"A",.,"A",.,"A",35,"D",.,"A",.,"A"
"20103",2241592,38,0,"1",.,"A",.,"A",.,"A",.,"A",.,"A",.,"A",.,"A",.,"A",.,"A",.,"A",.,"A",.,"A",9,"D",.,"A",.,"A"
"20103",2241603,44,0,"1",.,"A",.,"A",.,"A",.,"A",.,"A",.,"A",104,"D",.,"A",.,"A",.,"A",.,"A",.,"A",.,"A",.,"A",.,"A"
"20103",2241633,47,0,"1",.,"A",.,"A",.,"A",.,"A",.,"A",.,"A",.,"A",.,"A",.,"A",.,"A",.,"A",.,"A",.,"A",.,"A",.,"A"
"20103",2241642,47,0,"1",.,"A",.,"A",.,"A",.,"A",.,"A",.,"A",260,"D",.,"A",.,"A",.,"A",.,"A",.,"A",55,"D",.,"A",.,"A"
"20103",2241673,78,0,"1",.,"A",.,"A",.,"A",40,"D",.,"A",75,"D",.,"A",.,"A",.,"A",0,"D",0,"D",30,"D",80,"D",0,"D",.,"A"
"20103",2241683,55,0,"1",.,"A",.,"A",.,"A",.,"A",.,"A",.,"A",.,"A",.,"A",.,"A",.,"A",.,"A",.,"A",.,"A",.,"A",.,"A"
"20103",2241713,84,0,"1",.,"A",.,"A",.,"A",.,"A",.,"A",.,"A",.,"A",.,"A",60,"D",.,"A",.,"A",.,"A",500,"D",.,"A",.,"A"
"20103",2241733,54,0,"1",.,"A",.,"A",.,"A",.,"A",.,"A",.,"A",364,"D",.,"A",.,"A",.,"A",.,"A",.,"A",.,"A",.,"A",.,"A"
"20103",2241752,45,0,"1",.,"A",.,"A",.,"A",.,"A",.,"A",.,"A",.,"A",.,"A",.,"A",.,"A",.,"A",.,"A",100,"D",.,"A",.,"A"
"20103",2241763,48,0,"1",.,"A",.,"A",.,"A",.,"A",.,"A",.,"A",91,"D",.,"A",.,"A",.,"A",.,"A",.,"A",126,"F",.,"A",.,"A"
"20103",2241772,29,0,"1",.,"A",.,"A",.,"A",.,"A",.,"A",.,"A",.,"A",.,"A",.,"A",.,"A",.,"A",.,"A",.,"A",.,"A",.,"A"
"20103",2241812,57,0,"1",.,"A",.,"A",.,"A",.,"A",.,"A",.,"A",.,"A",.,"A",.,"A",.,"A",.,"A",.,"A",445,"D",.,"A",.,"A"
"20103",2241833,38,0,"1",.,"A",.,"A",.,"A",.,"A",.,"A",.,"A",.,"A",.,"A",.,"A",.,"A",.,"A",.,"A",.,"A",.,"A",.,"A"
"20103",2241843,60,0,"1",.,"A",.,"A",.,"A",.,"A",.,"A",200,"D",.,"A",.,"A",150,"D",.,"A",.,"A",.,"A",500,"D",.,"A",.,"A"
"20103",2241855,42,0,"1",.,"A",.,"A",.,"A",.,"A",.,"A",.,"A",.,"A",.,"A",.,"A",.,"A",.,"A",.,"A",.,"A",.,"A",.,"A"
"20103",2241894,36,0,"1",.,"A",.,"A",.,"A",.,"A",.,"A",.,"A",.,"A",.,"A",.,"A",.,"A",.,"A",.,"A",.,"A",.,"A",.,"A"
"20103",2241902,64,0,"1",.,"A",.,"A",.,"A",.,"A",.,"A",.,"A",.,"A",.,"A",.,"A",.,"A",.,"A",.,"A",39,"D",.,"A",.,"A"
"20103",2241923,38,0,"1",.,"A",.,"A",.,"A",.,"A",.,"A",.,"A",.,"A",.,"A",.,"A",.,"A",.,"A",.,"A",50,"D",.,"A",.,"A"
"20103",2241943,24,0,"1",.,"A",.,"A",.,"A",.,"A",20,"D",.,"A",130,"D",65,"D",.,"A",.,"A",.,"A",.,"A",20,"D",.,"A",.,"A"
"20103",2241993,45,0,"1",.,"A",.,"A",.,"A",.,"A",.,"A",.,"A",.,"A",.,"A",.,"A",.,"A",.,"A",.,"A",.,"A",.,"A",.,"A"
"20103",2242033,34,0,"1",.,"A",.,"A",.,"A",.,"A",.,"A",.,"A",.,"A",.,"A",.,"A",.,"A",.,"A",.,"A",.,"A",.,"A",.,"A"
"20103",2242052,39,0,"1",.,"A",.,"A",.,"A",.,"A",.,"A",.,"A",.,"A",.,"A",.,"A",.,"A",.,"A",.,"A",17,"D",.,"A",.,"A"
"20103",2242063,66,0,"1",.,"A",.,"A",.,"A",42,"D",.,"A",23,"D",.,"A",.,"A",.,"A",0,"D",0,"D",0,"D",46,"D",0,"D",.,"A"
"20103",2242073,39,0,"1",.,"A",.,"A",.,"A",.,"A",.,"A",15,"F",.,"A",.,"A",.,"A",.,"A",.,"A",.,"A",25,"F",.,"A",.,"A"
"20103",2242082,35,0,"1",.,"A",.,"A",.,"A",.,"A",.,"A",.,"A",.,"A",.,"A",.,"A",.,"A",.,"A",.,"A",.,"A",.,"A",.,"A"
"20103",2242092,51,0,"1",.,"A",.,"A",.,"A",.,"A",.,"A",.,"A",.,"A",.,"A",.,"A",.,"A",.,"A",.,"A",115,"F",.,"A",.,"A"
"20103",2242112,41,0,"1",.,"A",.,"A",.,"A",.,"A",.,"A",.,"A",.,"A",.,"A",.,"A",.,"A",.,"A",.,"A",90,"D",.,"A",.,"A"
"20103",2242153,29,0,"1",.,"A",.,"A",.,"A",.,"A",156,"D",.,"A",793,"D",.,"A",.,"A",.,"A",.,"A",.,"A",.,"A",.,"A",.,"A"
"20103",2242235,38,0,"1",.,"A",.,"A",.,"A",.,"A",30,"D",.,"A",.,"A",.,"A",.,"A",.,"A",.,"A",.,"A",160,"D",.,"A",.,"A"
"20103",2242243,49,0,"1",.,"A",.,"A",.,"A",.,"A",.,"A",.,"A",.,"A",.,"A",.,"A",.,"A",.,"A",.,"A",.,"A",.,"A",.,"A"
"20103",2242252,42,0,"1",.,"A",.,"A",.,"A",80,"D",.,"A",.,"A",130,"D",.,"A",.,"A",9,"D",0,"D",0,"D",24,"D",3,"D",.,"A"
"20103",2242263,26,0,"1",.,"A",.,"A",.,"A",.,"A",.,"A",.,"A",.,"A",.,"A",.,"A",.,"A",.,"A",.,"A",.,"A",.,"A",.,"A"
"20103",2242273,47,0,"1",.,"A",.,"A",.,"A",.,"A",.,"A",.,"A",.,"A",.,"A",.,"A",.,"A",.,"A",.,"A",60,"D",.,"A",.,"A"
"20103",2242292,50,0,"1",.,"A",.,"A",.,"A",.,"A",.,"A",.,"A",.,"A",.,"A",.,"A",.,"A",.,"A",.,"A",.,"A",.,"A",.,"A"
"20103",2242312,34,0,"1",.,"A",.,"A",.,"A",30,"D",60,"D",.,"A",.,"A",.,"A",.,"A",258,"D",6,"D",6,"D",150,"D",86,"D",.,"A"
"20103",2242322,59,0,"1",.,"A",.,"A",.,"A",.,"A",.,"A",.,"A",.,"A",.,"A",.,"A",900,"D",0,"D",0,"D",400,"D",300,"D",.,"A"
"20103",2242343,68,0,"1",.,"A",.,"A",.,"A",.,"A",.,"A",.,"A",520,"D",.,"A",.,"A",.,"A",.,"A",.,"A",100,"D",.,"A",.,"A"
"20103",2242353,41,0,"1",.,"A",.,"A",.,"A",.,"A",.,"A",.,"A",.,"A",.,"A",.,"A",.,"A",.,"A",.,"A",100,"D",.,"A",.,"A"
"20103",2242382,28,0,"1",.,"A",.,"A",.,"A",.,"A",.,"A",.,"A",.,"A",.,"A",30,"D",.,"A",.,"A",.,"A",30,"D",.,"A",.,"A"
"20103",2242392,50,0,"1",.,"A",.,"A",.,"A",.,"A",.,"A",.,"A",.,"A",.,"A",.,"A",.,"A",.,"A",.,"A",35,"D",.,"A",.,"A"
"20103",2242432,81,0,"1",.,"A",.,"A",.,"A",.,"A",.,"A",30,"D",.,"A",.,"A",9,"D",.,"A",.,"A",.,"A",180,"D",.,"A",.,"A"
"20103",2242462,62,0,"1",.,"A",.,"A",.,"A",.,"A",.,"A",.,"A",.,"A",.,"A",.,"A",.,"A",.,"A",.,"A",20,"D",.,"A",.,"A"
"20103",2242512,69,0,"1",.,"A",.,"A",25,"D",.,"A",.,"A",.,"A",650,"D",.,"A",.,"A",.,"A",.,"A",.,"A",30,"D",.,"A",.,"A"
"20103",2242542,46,0,"1",.,"A",.,"A",.,"A",.,"A",.,"A",.,"A",.,"A",.,"A",.,"A",.,"A",.,"A",.,"A",250,"D",.,"A",.,"A"
"20103",2242552,41,0,"1",.,"A",.,"A",.,"A",.,"A",.,"A",.,"A",338,"D",.,"A",.,"A",.,"A",.,"A",.,"A",120,"D",.,"A",.,"A"
"20103",2242562,51,0,"1",.,"A",.,"A",.,"A",.,"A",.,"A",.,"A",.,"A",.,"A",105,"D",.,"A",.,"A",.,"A",320,"D",.,"A",.,"A"
"20103",2242583,45,0,"1",.,"A",.,"A",.,"A",.,"A",.,"A",.,"A",.,"A",.,"A",.,"A",.,"A",.,"A",.,"A",180,"D",.,"A",.,"A"
"20103",2242593,50,0,"1",.,"A",.,"A",.,"A",.,"A",.,"A",.,"A",.,"A",.,"A",.,"A",.,"A",.,"A",.,"A",175,"D",.,"A",.,"A"
"20103",2242603,78,0,"1",.,"A",.,"A",.,"A",.,"A",.,"A",.,"A",.,"A",.,"A",.,"A",.,"A",.,"A",.,"A",50,"D",.,"A",.,"A"
"20103",2242612,44,0,"1",.,"A",.,"A",.,"A",.,"A",.,"A",.,"A",.,"A",.,"A",.,"A",.,"A",.,"A",.,"A",70,"D",.,"A",.,"A"
"20103",2242632,47,0,"1",.,"A",.,"A",.,"A",.,"A",.,"A",.,"A",.,"A",.,"A",30,"D",.,"A",.,"A",.,"A",20,"D",.,"A",.,"A"
"20103",2242672,29,0,"1",.,"A",.,"A",.,"A",.,"A",.,"A",.,"A",260,"D",.,"A",.,"A",3,"D",0,"D",0,"D",.,"A",1,"D",.,"A"
"20103",2242692,42,0,"1",.,"A",.,"A",.,"A",.,"A",.,"A",.,"A",.,"A",.,"A",.,"A",.,"A",.,"A",.,"A",90,"D",.,"A",.,"A"
"20103",2242712,37,0,"1",.,"A",.,"A",.,"A",.,"A",.,"A",.,"A",.,"A",.,"A",.,"A",.,"A",.,"A",.,"A",.,"A",.,"A",.,"A"
"20103",2242732,43,0,"1",.,"A",.,"A",.,"A",.,"A",.,"A",.,"A",.,"A",.,"A",.,"A",.,"A",.,"A",.,"A",.,"A",.,"A",.,"A"
"20103",2242775,33,0,"1",15,"D",.,"A",.,"A",.,"A",45,"D",.,"A",.,"A",.,"A",.,"A",.,"A",.,"A",.,"A",.,"A",.,"A",.,"A"
"20103",2242782,45,0,"1",.,"A",.,"A",.,"A",.,"A",.,"A",.,"A",.,"A",.,"A",.,"A",141,"D",0,"D",141,"D",.,"A",47,"D",.,"A"
"20103",2242792,32,0,"1",.,"A",.,"A",.,"A",.,"A",20,"D",.,"A",390,"D",.,"A",.,"A",.,"A",.,"A",.,"A",.,"A",.,"A",.,"A"
"20103",2242823,41,0,"1",.,"A",.,"A",.,"A",.,"A",.,"A",.,"A",.,"A",.,"A",.,"A",.,"A",.,"A",.,"A",25,"D",.,"A",.,"A"
"20103",2242852,40,0,"1",.,"A",.,"A",.,"A",.,"A",33,"D",.,"A",.,"A",.,"A",.,"A",.,"A",.,"A",.,"A",.,"A",.,"A",.,"A"
"20103",2242863,59,0,"1",.,"A",.,"A",.,"A",.,"A",.,"A",.,"A",.,"A",.,"A",.,"A",.,"A",.,"A",.,"A",.,"A",.,"A",.,"A"
"20103",2242882,49,0,"1",.,"A",.,"A",.,"A",.,"A",.,"A",.,"A",.,"A",.,"A",.,"A",.,"A",.,"A",.,"A",.,"A",.,"A",.,"A"
"20103",2242952,44,0,"1",.,"A",.,"A",.,"A",.,"A",.,"A",.,"A",195,"D",.,"A",45,"D",.,"A",.,"A",.,"A",.,"A",.,"A",.,"A"
"20103",2242963,38,0,"1",.,"A",.,"A",.,"A",.,"A",120,"D",.,"A",.,"A",.,"A",15,"D",0,"D",0,"D",45,"D",90,"D",0,"D",.,"A"
"20103",2242992,61,0,"1",.,"A",.,"A",.,"A",.,"A",.,"A",.,"A",520,"D",.,"A",.,"A",.,"A",.,"A",.,"A",.,"A",.,"A",.,"A"
"20103",2243012,87,0,"1",.,"A",.,"A",.,"A",.,"A",.,"A",180,"D",.,"A",.,"A",.,"A",.,"A",.,"A",.,"A",200,"D",.,"A",.,"A"
"20103",2243022,40,0,"1",.,"A",.,"A",.,"A",.,"A",.,"A",.,"A",.,"A",.,"A",.,"A",.,"A",.,"A",.,"A",25,"D",.,"A",.,"A"
"20103",2243033,26,0,"1",.,"A",.,"A",.,"A",.,"A",.,"A",.,"A",585,"D",.,"A",.,"A",.,"A",.,"A",.,"A",.,"A",.,"A",.,"A"
"20103",2243043,51,0,"1",.,"A",.,"A",.,"A",.,"A",.,"A",.,"A",.,"A",.,"A",.,"A",.,"A",.,"A",.,"A",48,"D",.,"A",.,"A"
"20103",2243062,38,0,"1",.,"A",.,"A",.,"A",.,"A",.,"A",.,"A",520,"D",130,"D",.,"A",.,"A",.,"A",.,"A",.,"A",.,"A",.,"A"
"20103",2243082,38,0,"1",.,"A",.,"A",.,"A",.,"A",.,"A",.,"A",.,"A",.,"A",.,"A",.,"A",.,"A",.,"A",.,"A",.,"A",.,"A"
"20103",2243103,26,0,"1",.,"A",.,"A",.,"A",.,"A",.,"A",.,"A",.,"A",.,"A",.,"A",.,"A",.,"A",.,"A",.,"A",.,"A",.,"A"
"20103",2243115,42,0,"1",.,"A",.,"A",.,"A",.,"A",.,"A",.,"A",.,"A",.,"A",.,"A",.,"A",.,"A",.,"A",160,"D",.,"A",.,"A"
"20103",2243123,68,0,"1",.,"A",.,"A",.,"A",.,"A",.,"A",240,"D",.,"A",.,"A",.,"A",.,"A",.,"A",.,"A",610,"D",.,"A",.,"A"
"20103",2243143,25,0,"1",.,"A",.,"A",.,"A",.,"A",.,"A",.,"A",.,"A",.,"A",.,"A",.,"A",.,"A",.,"A",20,"D",.,"A",.,"A"
"20103",2243173,44,0,"1",.,"A",.,"A",.,"A",40,"D",.,"A",.,"A",.,"A",.,"A",.,"A",.,"A",.,"A",.,"A",40,"D",.,"A",.,"A"
"20103",2243193,41,0,"1",.,"A",.,"A",.,"A",.,"A",.,"A",.,"A",.,"A",.,"A",.,"A",.,"A",.,"A",.,"A",.,"A",.,"A",.,"A"
"20103",2243203,58,0,"1",.,"A",.,"A",.,"A",.,"A",.,"A",.,"A",.,"A",.,"A",.,"A",.,"A",.,"A",.,"A",.,"A",.,"A",.,"A"
"20103",2243213,56,0,"1",.,"A",.,"A",.,"A",.,"A",.,"A",40,"D",.,"A",.,"A",.,"A",.,"A",.,"A",.,"A",45,"D",.,"A",.,"A"
"20103",2243232,56,0,"1",.,"A",.,"A",.,"A",.,"A",.,"A",100,"D",.,"A",.,"A",.,"A",.,"A",.,"A",.,"A",80,"D",.,"A",.,"A"
"20103",2243242,30,0,"1",.,"A",.,"A",.,"A",.,"A",.,"A",.,"A",130,"D",260,"D",30,"D",.,"A",.,"A",.,"A",90,"D",.,"A",.,"A"
"20103",2243253,57,0,"1",.,"A",.,"A",.,"A",.,"A",.,"A",.,"A",.,"A",.,"A",.,"A",.,"A",.,"A",.,"A",36,"D",.,"A",.,"A"
"20103",2243293,67,0,"1",.,"A",.,"A",.,"A",.,"A",.,"A",.,"A",.,"A",.,"A",18,"D",.,"A",.,"A",.,"A",76,"D",.,"A",.,"A"
"20103",2243313,36,0,"1",.,"A",.,"A",.,"A",150,"D",.,"A",.,"A",.,"A",.,"A",.,"A",.,"A",.,"A",.,"A",.,"A",.,"A",.,"A"
"20103",2243332,30,0,"1",.,"A",.,"A",.,"A",.,"A",20,"D",.,"A",.,"A",.,"A",.,"A",252,"D",0,"D",0,"D",30,"D",84,"D",.,"A"
"20103",2243352,37,0,"1",.,"A",.,"A",.,"A",.,"A",.,"A",120,"D",.,"A",.,"A",.,"A",.,"A",.,"A",.,"A",200,"D",.,"A",.,"A"
"20103",2243363,32,0,"1",40,"D",.,"A",.,"A",.,"A",80,"D",.,"A",.,"A",.,"A",.,"A",270,"D",0,"D",0,"D",45,"D",90,"D",.,"A"
"20103",2243382,55,0,"1",.,"A",.,"A",.,"A",.,"A",.,"A",.,"A",.,"A",.,"A",.,"A",.,"A",.,"A",.,"A",40,"D",.,"A",.,"A"
"20103",2243393,36,0,"1",.,"A",.,"A",.,"A",.,"A",.,"A",.,"A",.,"A",.,"A",.,"A",.,"A",.,"A",.,"A",50,"D",.,"A",.,"A"
"20103",2243413,52,0,"1",.,"A",.,"A",.,"A",.,"A",.,"A",.,"A",.,"A",.,"A",.,"A",.,"A",.,"A",.,"A",200,"D",.,"A",.,"A"
"20103",2243432,37,0,"1",.,"A",.,"A",.,"A",.,"A",.,"A",120,"D",.,"A",.,"A",.,"A",.,"A",.,"A",.,"A",200,"D",.,"A",.,"A"
"20103",2243462,56,0,"1",.,"A",.,"A",.,"A",.,"A",.,"A",.,"A",.,"A",.,"A",.,"A",.,"A",.,"A",.,"A",7,"D",.,"A",.,"A"
"20103",2243473,39,0,"1",.,"A",.,"A",.,"A",.,"A",.,"A",.,"A",.,"A",.,"A",.,"A",.,"A",.,"A",.,"A",.,"A",.,"A",.,"A"
"20103",2243492,31,0,"1",.,"A",.,"A",.,"A",.,"A",.,"A",.,"A",.,"A",.,"A",.,"A",.,"A",.,"A",.,"A",30,"D",.,"A",.,"A"
"20103",2243503,36,0,"1",.,"A",.,"A",.,"A",.,"A",.,"A",.,"A",.,"A",.,"A",.,"A",.,"A",.,"A",.,"A",.,"A",.,"A",.,"A"
"20103",2243533,23,0,"1",3,"D",.,"A",.,"A",13,"D",117,"D",.,"A",.,"A",.,"A",.,"A",225,"D",0,"D",360,"D",10,"D",75,"D",.,"A"
"20103",2243552,63,0,"1",.,"A",.,"A",.,"A",.,"A",.,"A",.,"A",390,"D",.,"A",.,"A",.,"A",.,"A",.,"A",130,"D",.,"A",.,"A"
"20103",2243603,60,0,"1",.,"A",.,"A",.,"A",.,"A",.,"A",.,"A",.,"A",.,"A",.,"A",.,"A",.,"A",.,"A",700,"D",.,"A",.,"A"
"20103",2243632,38,0,"1",.,"A",.,"A",.,"A",.,"A",.,"A",.,"A",.,"A",.,"A",.,"A",.,"A",.,"A",.,"A",45,"D",.,"A",.,"A"
"20103",2243642,95,0,"1",.,"A",.,"A",.,"A",.,"A",.,"A",.,"A",624,"D",.,"A",.,"A",.,"A",.,"A",.,"A",130,"D",.,"A",.,"A"
"20103",2243653,37,0,"1",.,"A",.,"A",.,"A",.,"A",.,"A",.,"A",455,"D",.,"A",.,"A",.,"A",.,"A",.,"A",.,"A",.,"A",.,"A"
"20103",2243723,107,0,"1",.,"A",.,"A",.,"A",.,"A",.,"A",235,"D",.,"A",.,"A",102,"D",.,"A",.,"A",.,"A",330,"D",.,"A",.,"A"
"20103",2243773,52,0,"1",.,"A",.,"A",.,"A",.,"A",.,"A",.,"A",.,"A",.,"A",15,"D",.,"A",.,"A",.,"A",45,"D",.,"A",.,"A"
"20103",2243784,47,0,"1",.,"A",.,"A",.,"A",.,"A",.,"A",.,"A",13,"D",.,"A",.,"A",.,"A",.,"A",.,"A",.,"A",.,"A",.,"A"
"20103",2243793,60,0,"1",.,"A",.,"A",.,"A",.,"A",.,"A",.,"A",.,"A",.,"A",.,"A",.,"A",.,"A",.,"A",18,"D",.,"A",.,"A"
"20103",2243803,56,0,"1",.,"A",.,"A",.,"A",.,"A",.,"A",.,"A",.,"A",.,"A",.,"A",.,"A",.,"A",.,"A",20,"D",.,"A",.,"A"
"20103",2243822,60,0,"1",.,"A",.,"A",.,"A",40,"D",.,"A",25,"D",.,"A",.,"A",.,"A",.,"A",.,"A",.,"A",150,"D",.,"A",.,"A"
"20103",2243843,50,0,"1",.,"A",.,"A",.,"A",.,"A",.,"A",.,"A",.,"A",.,"A",.,"A",.,"A",.,"A",.,"A",.,"A",.,"A",.,"A"
"20103",2243863,75,0,"1",.,"A",.,"A",.,"A",.,"A",.,"A",.,"A",.,"A",.,"A",.,"A",.,"A",.,"A",.,"A",600,"D",.,"A",.,"A"
"20103",2243873,61,0,"1",.,"A",.,"A",.,"A",.,"A",.,"A",.,"A",.,"A",.,"A",.,"A",.,"A",.,"A",.,"A",345,"D",.,"A",.,"A"
"20103",2243903,57,0,"1",.,"A",.,"A",.,"A",.,"A",.,"A",.,"A",416,"D",.,"A",.,"A",.,"A",.,"A",.,"A",.,"A",.,"A",.,"A"
"20103",2243913,63,0,"1",.,"A",.,"A",.,"A",.,"A",.,"A",.,"A",.,"A",.,"A",.,"A",.,"A",.,"A",.,"A",.,"A",.,"A",.,"A"
"20103",2243924,45,0,"1",.,"A",.,"A",.,"A",.,"A",.,"A",.,"A",.,"A",.,"A",.,"A",.,"A",.,"A",.,"A",70,"D",.,"A",.,"A"
"20103",2243942,41,0,"1",.,"A",.,"A",.,"A",.,"A",150,"D",.,"A",.,"A",.,"A",.,"A",0,"D",0,"D",60,"D",60,"D",0,"D",.,"A"
"20103",2243972,83,0,"1",.,"A",.,"A",.,"A",.,"A",.,"A",75,"D",65,"D",.,"A",.,"A",0,"D",0,"D",0,"D",150,"D",0,"D",.,"A"
"20103",2244003,34,0,"1",.,"A",.,"A",.,"A",.,"A",.,"A",.,"A",.,"A",.,"A",.,"A",.,"A",.,"A",.,"A",400,"F",.,"A",.,"A"
"20103",2244013,58,0,"1",.,"A",.,"A",.,"A",.,"A",.,"A",.,"A",.,"A",.,"A",15,"D",.,"A",.,"A",.,"A",77,"D",.,"A",.,"A"
"20103",2244023,43,0,"1",.,"A",.,"A",.,"A",.,"A",.,"A",.,"A",.,"A",.,"A",.,"A",.,"A",.,"A",.,"A",.,"A",.,"A",.,"A"
"20103",2244043,67,0,"1",.,"A",.,"A",18,"F",.,"A",.,"A",.,"A",.,"A",.,"A",.,"A",.,"A",.,"A",.,"A",40,"D",.,"A",.,"A"
"20103",2244072,49,0,"1",.,"A",.,"A",.,"A",.,"A",.,"A",24,"D",.,"A",.,"A",.,"A",.,"A",.,"A",.,"A",100,"D",.,"A",.,"A"
"20103",2244134,35,0,"1",.,"A",.,"A",.,"A",.,"A",.,"A",.,"A",.,"A",.,"A",.,"A",.,"A",.,"A",.,"A",.,"A",.,"A",.,"A"
"20103",2244152,33,0,"1",.,"A",.,"A",.,"A",.,"A",.,"A",.,"A",.,"A",.,"A",.,"A",.,"A",.,"A",.,"A",12,"D",.,"A",.,"A"
"20103",2244163,68,0,"1",.,"A",.,"A",.,"A",30,"D",.,"A",.,"A",.,"A",.,"A",.,"A",.,"A",.,"A",.,"A",140,"D",.,"A",.,"A"
"20103",2244212,48,0,"1",.,"A",.,"A",.,"A",.,"A",.,"A",.,"A",.,"A",.,"A",21,"D",.,"A",.,"A",.,"A",50,"D",.,"A",.,"A"
"20103",2244223,61,0,"1",25,"D",.,"A",.,"A",.,"A",45,"D",.,"A",.,"A",.,"A",.,"A",.,"A",.,"A",.,"A",30,"D",.,"A",.,"A"
"20103",2244243,54,0,"1",.,"A",.,"A",.,"A",.,"A",.,"A",.,"A",.,"A",.,"A",.,"A",.,"A",.,"A",.,"A",125,"D",.,"A",.,"A"
"20103",2244312,29,0,"1",.,"A",.,"A",.,"A",.,"A",.,"A",.,"A",455,"D",.,"A",.,"A",.,"A",.,"A",.,"A",.,"A",.,"A",.,"A"
"20103",2244333,58,0,"1",.,"A",.,"A",.,"A",.,"A",.,"A",.,"A",.,"A",.,"A",.,"A",.,"A",.,"A",.,"A",150,"D",.,"A",.,"A"
"20103",2244343,26,0,"1",.,"A",.,"A",.,"A",.,"A",.,"A",.,"A",.,"A",.,"A",.,"A",.,"A",.,"A",.,"A",.,"A",.,"A",.,"A"
"20103",2244363,70,0,"1",.,"A",.,"A",.,"A",.,"A",.,"A",.,"A",.,"A",.,"A",24,"D",75,"D",0,"D",0,"D",60,"D",25,"D",.,"A"
"20103",2244373,80,0,"1",.,"A",.,"A",.,"A",.,"A",.,"A",.,"A",.,"A",.,"A",.,"A",.,"A",.,"A",.,"A",240,"D",.,"A",.,"A"
"20103",2244382,44,0,"1",.,"A",.,"A",.,"A",.,"A",.,"A",.,"A",.,"A",.,"A",.,"A",.,"A",.,"A",.,"A",180,"D",.,"A",.,"A"
"20103",2244393,41,0,"1",.,"A",.,"A",.,"A",.,"A",.,"A",.,"A",.,"A",.,"A",.,"A",.,"A",.,"A",.,"A",.,"A",.,"A",.,"A"
"20103",2244402,52,0,"1",.,"A",.,"A",.,"A",.,"A",.,"A",50,"D",.,"A",26,"D",9,"D",.,"A",.,"A",.,"A",53,"D",.,"A",.,"A"
"20103",2244423,99,0,"1",.,"A",.,"A",.,"A",.,"A",12,"D",.,"A",481,"D",.,"A",.,"A",.,"A",.,"A",.,"A",35,"D",.,"A",.,"A"
"20103",2244442,37,0,"1",.,"A",.,"A",.,"A",.,"A",.,"A",.,"A",.,"A",.,"A",.,"A",.,"A",.,"A",.,"A",.,"A",.,"A",.,"A"
"20103",2244454,72,0,"1",.,"A",.,"A",.,"A",.,"A",.,"A",60,"D",.,"A",.,"A",.,"A",.,"A",.,"A",.,"A",110,"D",.,"A",.,"A"
"20103",2244493,34,0,"1",.,"A",.,"A",.,"A",.,"A",.,"A",.,"A",390,"D",.,"A",.,"A",.,"A",.,"A",.,"A",.,"A",.,"A",.,"A"
"20103",2244533,47,0,"1",.,"A",.,"A",.,"A",.,"A",.,"A",.,"A",.,"A",.,"A",.,"A",.,"A",.,"A",.,"A",.,"A",.,"A",.,"A"
"20103",2244583,88,0,"1",.,"A",.,"A",20,"D",.,"A",.,"A",.,"A",.,"A",.,"A",.,"A",.,"A",.,"A",.,"A",45,"D",.,"A",.,"A"
"20103",2244603,70,0,"1",.,"A",.,"A",.,"A",.,"A",.,"A",42,"D",.,"A",.,"A",27,"D",.,"A",.,"A",.,"A",.,"A",.,"A",.,"A"
"20103",2244643,40,0,"1",.,"A",.,"A",.,"A",.,"A",.,"A",.,"A",.,"A",.,"A",.,"A",.,"A",.,"A",.,"A",.,"A",.,"A",.,"A"
"20103",2244654,46,0,"1",.,"A",.,"A",.,"A",.,"A",.,"A",.,"A",.,"A",.,"A",.,"A",.,"A",.,"A",.,"A",150,"F",.,"A",.,"A"
"20103",2244682,55,0,"1",.,"A",.,"A",.,"A",.,"A",.,"A",.,"A",910,"D",.,"A",.,"A",.,"A",.,"A",.,"A",140,"D",.,"A",.,"A"
"20103",2244713,37,0,"1",.,"A",.,"A",.,"A",.,"A",.,"A",.,"A",.,"A",.,"A",.,"A",.,"A",.,"A",.,"A",35,"D",.,"A",.,"A"
"20103",2244762,44,0,"1",.,"A",.,"A",.,"A",.,"A",.,"A",70,"D",.,"A",.,"A",.,"A",270,"D",0,"D",0,"D",175,"D",90,"D",.,"A"
"20103",2244792,75,0,"1",.,"A",.,"A",.,"A",.,"A",.,"A",.,"A",390,"D",.,"A",21,"D",.,"A",.,"A",.,"A",15,"D",.,"A",.,"A"
"20103",2244823,40,0,"1",.,"A",.,"A",.,"A",.,"A",.,"A",.,"A",.,"A",.,"A",.,"A",.,"A",.,"A",.,"A",40,"D",.,"A",.,"A"
"20103",2244842,44,0,"1",.,"A",.,"A",.,"A",.,"A",.,"A",.,"A",325,"D",.,"A",.,"A",.,"A",.,"A",.,"A",.,"A",.,"A",.,"A"
"20103",2244863,28,0,"1",.,"A",.,"A",.,"A",.,"A",.,"A",.,"A",.,"A",.,"A",.,"A",.,"A",.,"A",.,"A",.,"A",.,"A",.,"A"
"20103",2244873,46,0,"1",.,"A",.,"A",.,"A",.,"A",.,"A",.,"A",.,"A",.,"A",.,"A",.,"A",.,"A",.,"A",.,"A",.,"A",.,"A"
"20103",2244882,33,0,"1",.,"A",.,"A",.,"A",.,"A",.,"A",.,"A",390,"D",.,"A",.,"A",.,"A",.,"A",.,"A",90,"D",.,"A",.,"A"
"20103",2244892,47,0,"1",.,"A",.,"A",.,"A",.,"A",230,"D",1050,"D",.,"A",.,"A",18,"D",.,"A",.,"A",.,"A",715,"D",.,"A",.,"A"
"20103",2244923,42,0,"1",.,"A",.,"A",.,"A",.,"A",.,"A",.,"A",.,"A",.,"A",.,"A",.,"A",.,"A",.,"A",75,"D",.,"A",.,"A"
"20103",2244932,100,0,"1",.,"A",.,"A",.,"A",.,"A",.,"A",.,"A",.,"A",.,"A",.,"A",.,"A",.,"A",.,"A",50,"D",.,"A",.,"A"
"20103",2244952,28,0,"1",.,"A",.,"A",.,"A",.,"A",78,"D",.,"A",.,"A",.,"A",.,"A",0,"D",0,"D",42,"D",.,"A",0,"D",.,"A"
"20103",2244993,40,0,"1",96,"D",.,"A",.,"A",.,"A",144,"D",.,"A",.,"A",.,"A",.,"A",.,"A",.,"A",.,"A",65,"D",.,"A",.,"A"
"20103",2245002,82,0,"1",.,"A",40,"D",85,"D",.,"A",.,"A",185,"D",.,"A",.,"A",.,"A",.,"A",.,"A",.,"A",210,"D",.,"A",.,"A"
"20103",2245012,35,0,"1",.,"A",.,"A",.,"A",.,"A",.,"A",.,"A",.,"A",.,"A",.,"A",.,"A",.,"A",.,"A",.,"A",.,"A",.,"A"
"20103",2245072,34,0,"1",.,"A",.,"A",.,"A",.,"A",.,"A",.,"A",.,"A",.,"A",.,"A",.,"A",.,"A",.,"A",60,"D",.,"A",.,"A"
"20103",2245102,62,0,"1",.,"A",.,"A",.,"A",.,"A",.,"A",.,"A",598,"D",.,"A",.,"A",.,"A",.,"A",.,"A",15,"D",.,"A",.,"A"
"20103",2245113,33,0,"1",15,"D",.,"A",.,"A",.,"A",45,"D",.,"A",65,"F",.,"A",.,"A",.,"A",.,"A",.,"A",.,"A",.,"A",.,"A"
"20103",2245253,43,0,"1",.,"A",.,"A",.,"A",.,"A",.,"A",.,"A",.,"A",.,"A",.,"A",.,"A",.,"A",.,"A",65,"D",.,"A",.,"A"
"20103",2245293,46,0,"1",12,"D",.,"A",.,"A",.,"A",0,"D",.,"A",.,"A",.,"A",.,"A",.,"A",.,"A",.,"A",30,"D",.,"A",.,"A"
"20103",2245322,39,0,"1",.,"A",.,"A",.,"A",.,"A",.,"A",.,"A",.,"A",.,"A",.,"A",.,"A",.,"A",.,"A",100,"D",.,"A",.,"A"
"20103",2245342,45,0,"1",.,"A",.,"A",.,"A",.,"A",.,"A",.,"A",.,"A",.,"A",.,"A",.,"A",.,"A",.,"A",.,"A",.,"A",.,"A"
"20103",2245352,72,0,"1",.,"A",.,"A",.,"A",.,"A",.,"A",.,"A",390,"D",.,"A",.,"A",.,"A",.,"A",.,"A",.,"A",.,"A",.,"A"
"20103",2245413,40,0,"1",.,"A",.,"A",.,"A",.,"A",.,"A",50,"F",.,"A",.,"A",.,"A",.,"A",.,"A",.,"A",50,"D",.,"A",.,"A"
"20103",2245503,38,0,"1",.,"A",.,"A",.,"A",.,"A",.,"A",.,"A",390,"D",.,"A",.,"A",.,"A",.,"A",.,"A",.,"A",.,"A",.,"A"
"20103",2245513,50,0,"1",.,"A",.,"A",.,"A",.,"A",.,"A",.,"A",611,"D",.,"A",.,"A",.,"A",.,"A",.,"A",.,"A",.,"A",.,"A"
"20103",2245562,49,0,"1",.,"A",.,"A",.,"A",.,"A",.,"A",.,"A",.,"A",.,"A",.,"A",.,"A",.,"A",.,"A",120,"D",.,"A",.,"A"
"20103",2245583,53,0,"1",.,"A",.,"A",.,"A",.,"A",.,"A",.,"A",.,"A",.,"A",.,"A",.,"A",.,"A",.,"A",.,"A",.,"A",.,"A"
"20103",2245613,35,0,"1",.,"A",.,"A",.,"A",.,"A",.,"A",.,"A",325,"D",.,"A",.,"A",.,"A",.,"A",.,"A",.,"A",.,"A",.,"A"
"20103",2245642,55,0,"1",.,"A",.,"A",.,"A",.,"A",.,"A",.,"A",.,"A",.,"A",.,"A",.,"A",.,"A",.,"A",.,"A",.,"A",.,"A"
"20103",2245652,51,0,"1",.,"A",.,"A",.,"A",.,"A",.,"A",120,"D",.,"A",.,"A",.,"A",.,"A",.,"A",.,"A",90,"D",.,"A",.,"A"
"20103",2245672,96,0,"1",.,"A",.,"A",.,"A",.,"A",.,"A",.,"A",.,"A",390,"D",.,"A",.,"A",.,"A",.,"A",205,"D",.,"A",.,"A"
"20103",2245702,34,0,"1",.,"A",.,"A",.,"A",.,"A",.,"A",.,"A",.,"A",.,"A",.,"A",.,"A",.,"A",.,"A",.,"A",.,"A",.,"A"
"20103",2245713,60,0,"1",.,"A",.,"A",.,"A",.,"A",.,"A",45,"D",.,"A",455,"F",.,"A",.,"A",.,"A",.,"A",80,"D",.,"A",.,"A"
"20103",2245723,31,0,"1",.,"A",.,"A",.,"A",.,"A",.,"A",.,"A",.,"A",.,"A",.,"A",.,"A",.,"A",.,"A",.,"A",.,"A",.,"A"
"20103",2245743,35,0,"1",.,"A",.,"A",.,"A",26,"D",120,"D",.,"A",.,"A",.,"A",.,"A",120,"D",0,"D",75,"D",20,"D",40,"D",.,"A"
"20103",2245803,60,0,"1",.,"A",.,"A",.,"A",.,"A",.,"A",.,"A",.,"A",.,"A",.,"A",.,"A",.,"A",.,"A",20,"D",.,"A",.,"A"
"20103",2245812,39,0,"1",.,"A",.,"A",.,"A",.,"A",.,"A",.,"A",.,"A",.,"A",.,"A",.,"A",.,"A",.,"A",120,"D",.,"A",.,"A"
"20103",2245833,50,0,"1",20,"D",.,"A",.,"A",.,"A",160,"D",.,"A",.,"A",.,"A",.,"A",.,"A",.,"A",.,"A",60,"D",.,"A",.,"A"
"20103",2245842,38,0,"1",.,"A",.,"A",.,"A",.,"A",.,"A",.,"A",.,"A",.,"A",.,"A",.,"A",.,"A",.,"A",.,"A",.,"A",.,"A"
"20103",2245883,86,0,"1",.,"A",.,"A",.,"A",.,"A",.,"A",.,"A",.,"A",.,"A",.,"A",.,"A",.,"A",.,"A",20,"D",.,"A",.,"A"
"20103",2245942,47,0,"1",.,"A",.,"A",.,"A",.,"A",35,"D",.,"A",.,"A",.,"A",150,"D",.,"A",.,"A",.,"A",.,"A",.,"A",.,"A"
"20103",2245983,23,0,"1",.,"A",.,"A",.,"A",.,"A",.,"A",.,"A",.,"A",.,"A",.,"A",195,"D",0,"D",195,"D",.,"A",65,"D",.,"A"
"20103",2245992,36,0,"1",.,"A",.,"A",.,"A",.,"A",.,"A",.,"A",130,"D",.,"A",.,"A",.,"A",.,"A",.,"A",300,"D",.,"A",.,"A"
"20103",2246003,24,0,"1",.,"A",.,"A",.,"A",.,"A",.,"A",.,"A",.,"A",.,"A",.,"A",.,"A",.,"A",.,"A",.,"A",.,"A",.,"A"
"20103",2246042,49,0,"1",.,"A",.,"A",.,"A",.,"A",.,"A",.,"A",.,"A",.,"A",.,"A",.,"A",.,"A",.,"A",90,"D",.,"A",.,"A"
"20103",2246053,41,0,"1",.,"A",.,"A",.,"A",.,"A",.,"A",.,"A",.,"A",.,"A",.,"A",.,"A",.,"A",.,"A",.,"A",.,"A",.,"A"
"20103",2246093,71,0,"1",.,"A",.,"A",.,"A",.,"A",.,"A",.,"A",.,"A",.,"A",.,"A",.,"A",.,"A",.,"A",360,"D",.,"A",.,"A"
"20103",2246132,50,0,"1",.,"A",.,"A",.,"A",.,"A",.,"A",.,"A",.,"A",.,"A",.,"A",.,"A",.,"A",.,"A",60,"D",.,"A",.,"A"
"20103",2246143,49,0,"1",.,"A",.,"A",.,"A",.,"A",48,"D",.,"A",.,"A",.,"A",.,"A",.,"A",.,"A",.,"A",.,"A",.,"A",.,"A"
"20103",2246154,21,0,"1",.,"A",.,"A",.,"A",.,"A",.,"A",.,"A",.,"A",.,"A",.,"A",.,"A",.,"A",.,"A",.,"A",.,"A",.,"A"
"20103",2246162,25,0,"1",.,"A",.,"A",.,"A",.,"A",30,"D",.,"A",.,"A",.,"A",.,"A",.,"A",.,"A",.,"A",10,"D",.,"A",.,"A"
"20103",2246192,26,0,"1",.,"A",.,"A",.,"A",.,"A",.,"A",.,"A",.,"A",.,"A",.,"A",225,"D",0,"D",0,"D",.,"A",75,"D",.,"A"
"20103",2246203,58,0,"1",.,"A",.,"A",.,"A",.,"A",.,"A",.,"A",520,"D",.,"A",30,"D",.,"A",.,"A",.,"A",60,"D",.,"A",.,"A"
"20103",2246222,30,0,"1",60,"D",.,"A",.,"A",.,"A",180,"D",.,"A",65,"D",.,"A",.,"A",.,"A",.,"A",.,"A",.,"A",.,"A",.,"A"
"20103",2246243,90,0,"1",20,"D",.,"A",.,"A",.,"A",0,"D",.,"A",.,"A",.,"A",.,"A",.,"A",.,"A",.,"A",205,"D",.,"A",.,"A"
"20103",2246273,30,0,"1",.,"A",.,"A",.,"A",.,"A",.,"A",.,"A",.,"A",.,"A",.,"A",.,"A",.,"A",.,"A",.,"A",.,"A",.,"A"
"20103",2246303,34,0,"1",.,"A",.,"A",.,"A",.,"A",.,"A",.,"A",.,"A",.,"A",.,"A",.,"A",.,"A",.,"A",.,"A",.,"A",.,"A"
"20103",2246352,41,0,"1",.,"A",.,"A",.,"A",.,"A",.,"A",.,"A",455,"F",.,"A",.,"A",.,"A",.,"A",.,"A",.,"A",.,"A",.,"A"
"20103",2246372,51,0,"1",.,"A",.,"A",.,"A",.,"A",.,"A",.,"A",.,"A",.,"A",.,"A",.,"A",.,"A",.,"A",300,"F",.,"A",.,"A"
"20103",2246382,38,0,"1",9,"D",.,"A",.,"A",.,"A",21,"D",.,"A",.,"A",.,"A",.,"A",.,"A",.,"A",.,"A",.,"A",.,"A",.,"A"
"20103",2246403,55,0,"1",.,"A",.,"A",10,"D",.,"A",.,"A",.,"A",.,"A",.,"A",.,"A",.,"A",.,"A",.,"A",260,"D",.,"A",.,"A"
"20103",2246412,41,0,"1",.,"A",.,"A",.,"A",.,"A",.,"A",.,"A",.,"A",.,"A",.,"A",.,"A",.,"A",.,"A",.,"A",.,"A",.,"A"
"20103",2246452,65,0,"1",.,"A",.,"A",55,"D",.,"A",.,"A",8,"D",780,"D",.,"A",.,"A",.,"A",.,"A",.,"A",34,"D",.,"A",.,"A"
"20103",2246462,42,0,"1",.,"A",.,"A",.,"A",.,"A",.,"A",.,"A",.,"A",.,"A",.,"A",.,"A",.,"A",.,"A",.,"A",.,"A",.,"A"
"20103",2246483,46,0,"1",.,"A",.,"A",.,"A",.,"A",.,"A",.,"A",.,"A",.,"A",.,"A",.,"A",.,"A",.,"A",.,"A",.,"A",.,"A"
"20103",2246522,45,0,"1",.,"A",.,"A",.,"A",.,"A",.,"A",.,"A",.,"A",.,"A",9,"D",.,"A",.,"A",.,"A",200,"D",.,"A",.,"A"
"20103",2246533,86,0,"1",.,"A",.,"A",.,"A",.,"A",.,"A",20,"D",.,"A",.,"A",30,"D",.,"A",.,"A",.,"A",60,"D",.,"A",.,"A"
"20103",2246592,68,0,"1",.,"A",.,"A",.,"A",.,"A",.,"A",.,"A",.,"A",.,"A",.,"A",.,"A",.,"A",.,"A",300,"D",.,"A",.,"A"
"20103",2246602,48,0,"1",.,"A",.,"A",.,"A",.,"A",.,"A",.,"A",.,"A",.,"A",15,"D",.,"A",.,"A",.,"A",25,"D",.,"A",.,"A"
"20103",2246613,74,0,"1",.,"A",.,"A",.,"A",.,"A",.,"A",.,"A",195,"D",.,"A",.,"A",.,"A",.,"A",.,"A",20,"D",.,"A",.,"A"
"20103",2246622,81,0,"1",.,"A",.,"A",.,"A",.,"A",.,"A",75,"D",.,"A",.,"A",39,"D",108,"D",0,"D",0,"D",335,"D",36,"D",110,"D"
"20103",2246732,50,0,"1",.,"A",.,"A",.,"A",.,"A",.,"A",.,"A",.,"A",.,"A",.,"A",.,"A",.,"A",.,"A",.,"A",.,"A",.,"A"
"20103",2246743,56,0,"1",.,"A",.,"A",.,"A",.,"A",.,"A",.,"A",.,"A",.,"A",.,"A",.,"A",.,"A",.,"A",70,"D",.,"A",.,"A"
"20103",2246802,34,0,"1",.,"A",.,"A",.,"A",.,"A",40,"D",.,"A",.,"A",.,"A",.,"A",.,"A",.,"A",.,"A",48,"D",.,"A",.,"A"
"20103",2246815,69,0,"1",.,"A",.,"A",.,"A",.,"A",.,"A",.,"A",260,"D",.,"A",30,"D",.,"A",.,"A",.,"A",75,"D",.,"A",.,"A"
"20103",2246833,54,0,"1",.,"A",.,"A",.,"A",.,"A",.,"A",.,"A",.,"A",.,"A",.,"A",.,"A",.,"A",.,"A",90,"D",.,"A",.,"A"
"20103",2246842,56,0,"1",.,"A",.,"A",.,"A",.,"A",.,"A",.,"A",.,"A",.,"A",.,"A",.,"A",.,"A",.,"A",40,"D",.,"A",.,"A"
"20103",2246872,23,0,"1",.,"A",.,"A",.,"A",.,"A",.,"A",.,"A",.,"A",.,"A",.,"A",.,"A",.,"A",.,"A",.,"A",.,"A",.,"A"
"20103",2246892,35,0,"1",.,"A",.,"A",.,"A",.,"A",.,"A",.,"A",520,"D",.,"A",.,"A",.,"A",.,"A",.,"A",20,"D",.,"A",.,"A"
"20103",2246912,67,0,"1",.,"A",.,"A",.,"A",.,"A",.,"A",.,"A",.,"A",.,"A",.,"A",.,"A",.,"A",.,"A",50,"D",.,"A",.,"A"
"20103",2246943,49,0,"1",.,"A",.,"A",.,"A",.,"A",.,"A",.,"A",.,"A",.,"A",.,"A",.,"A",.,"A",.,"A",60,"D",.,"A",.,"A"
"20103",2246962,43,0,"1",.,"A",.,"A",.,"A",.,"A",.,"A",.,"A",.,"A",.,"A",.,"A",.,"A",.,"A",.,"A",.,"A",.,"A",.,"A"
"20103",2246972,48,0,"1",.,"A",.,"A",.,"A",.,"A",.,"A",.,"A",.,"A",.,"A",.,"A",.,"A",.,"A",.,"A",100,"D",.,"A",.,"A"
"20103",2247002,45,0,"1",.,"A",.,"A",.,"A",.,"A",.,"A",.,"A",.,"A",.,"A",.,"A",.,"A",.,"A",.,"A",.,"A",.,"A",.,"A"
"20103",2247012,52,0,"1",.,"A",.,"A",.,"A",.,"A",.,"A",.,"A",.,"A",.,"A",.,"A",.,"A",.,"A",.,"A",70,"D",.,"A",.,"A"
"20103",2247023,46,0,"1",.,"A",.,"A",.,"A",.,"A",.,"A",60,"D",.,"A",.,"A",.,"A",.,"A",.,"A",.,"A",100,"D",.,"A",.,"A"
"20103",2247033,53,0,"1",.,"A",.,"A",.,"A",.,"A",.,"A",.,"A",.,"A",.,"A",.,"A",.,"A",.,"A",.,"A",.,"A",.,"A",.,"A"
"20103",2247042,62,0,"1",.,"A",.,"A",.,"A",.,"A",.,"A",.,"A",.,"A",39,"D",.,"A",.,"A",.,"A",.,"A",60,"D",.,"A",.,"A"
"20103",2247093,73,0,"1",.,"A",.,"A",.,"A",.,"A",.,"A",160,"D",.,"A",.,"A",.,"A",.,"A",.,"A",.,"A",270,"D",.,"A",.,"A"
"20103",2247122,44,0,"1",.,"A",.,"A",.,"A",.,"A",.,"A",.,"A",.,"A",.,"A",.,"A",.,"A",.,"A",.,"A",.,"A",.,"A",.,"A"
"20103",2247132,35,0,"1",.,"A",.,"A",.,"A",.,"A",.,"A",175,"D",.,"A",.,"A",.,"A",.,"A",.,"A",.,"A",200,"D",.,"A",.,"A"
"20103",2247142,47,0,"1",.,"A",.,"A",.,"A",.,"A",.,"A",.,"A",.,"A",.,"A",.,"A",.,"A",.,"A",.,"A",50,"D",.,"A",.,"A"
"20103",2247173,53,0,"1",.,"A",.,"A",.,"A",.,"A",.,"A",71,"D",.,"A",.,"A",.,"A",.,"A",.,"A",.,"A",50,"D",.,"A",.,"A"
"20103",2247212,47,0,"1",.,"A",.,"A",.,"A",.,"A",.,"A",.,"A",.,"A",.,"A",.,"A",.,"A",.,"A",.,"A",90,"D",.,"A",.,"A"
"20103",2247263,52,0,"1",.,"A",.,"A",.,"A",.,"A",.,"A",.,"A",.,"A",.,"A",.,"A",.,"A",.,"A",.,"A",50,"D",.,"A",.,"A"
"20103",2247272,56,0,"1",.,"A",.,"A",.,"A",.,"A",.,"A",.,"A",.,"A",.,"A",.,"A",.,"A",.,"A",.,"A",100,"D",.,"A",.,"A"
"20103",2247283,87,0,"1",.,"A",.,"A",.,"A",.,"A",.,"A",.,"A",.,"A",.,"A",.,"A",.,"A",.,"A",.,"A",300,"D",.,"A",.,"A"
"20103",2247322,46,0,"1",.,"A",.,"A",.,"A",.,"A",.,"A",.,"A",130,"D",.,"A",.,"A",.,"A",.,"A",.,"A",86,"D",.,"A",.,"A"
"20103",2247333,30,0,"1",.,"A",.,"A",.,"A",.,"A",20,"D",.,"A",.,"A",.,"A",.,"A",261,"D",0,"D",0,"D",50,"D",87,"D",.,"A"
"20103",2247342,31,0,"1",.,"A",.,"A",.,"A",.,"A",.,"A",.,"A",.,"A",.,"A",.,"A",.,"A",.,"A",.,"A",.,"A",.,"A",.,"A"
"20103",2247373,46,0,"1",.,"A",.,"A",.,"A",.,"A",.,"A",.,"A",.,"A",.,"A",.,"A",.,"A",.,"A",.,"A",.,"A",.,"A",.,"A"
"20103",2247422,65,0,"1",.,"A",.,"A",.,"A",.,"A",.,"A",.,"A",.,"A",.,"A",.,"A",.,"A",.,"A",.,"A",.,"A",.,"A",.,"A"
"20103",2247432,64,0,"1",.,"A",.,"A",.,"A",.,"A",.,"A",.,"A",.,"A",.,"A",.,"A",.,"A",.,"A",.,"A",.,"A",.,"A",.,"A"
"20103",2247452,55,0,"1",.,"A",.,"A",.,"A",.,"A",.,"A",.,"A",.,"A",.,"A",.,"A",.,"A",.,"A",.,"A",.,"A",.,"A",.,"A"
"20103",2247462,38,0,"1",.,"A",.,"A",.,"A",.,"A",.,"A",.,"A",.,"A",.,"A",.,"A",.,"A",.,"A",.,"A",50,"D",.,"A",.,"A"
"20103",2247473,56,0,"1",.,"A",.,"A",.,"A",.,"A",.,"A",.,"A",.,"A",.,"A",.,"A",.,"A",.,"A",.,"A",50,"D",.,"A",.,"A"
"20103",2247482,43,0,"1",.,"A",.,"A",.,"A",.,"A",.,"A",.,"A",.,"A",.,"A",.,"A",.,"A",.,"A",.,"A",300,"D",.,"A",.,"A"
"20103",2247492,49,0,"1",30,"D",.,"A",.,"A",.,"A",90,"D",.,"A",.,"A",.,"A",.,"A",.,"A",.,"A",.,"A",160,"D",.,"A",.,"A"
"20103",2247503,38,0,"1",.,"A",.,"A",.,"A",.,"A",.,"A",.,"A",780,"D",.,"A",.,"A",.,"A",.,"A",.,"A",.,"A",.,"A",.,"A"
"20103",2247522,27,0,"1",.,"A",.,"A",.,"A",.,"A",.,"A",.,"A",.,"A",.,"A",.,"A",.,"A",.,"A",.,"A",.,"A",.,"A",.,"A"
"20103",2247532,73,0,"1",.,"A",.,"A",.,"A",.,"A",.,"A",.,"A",.,"A",.,"A",.,"A",.,"A",.,"A",.,"A",0,"D",.,"A",.,"A"
"20103",2247573,43,0,"1",.,"A",.,"A",.,"A",.,"A",.,"A",.,"A",494,"D",.,"A",15,"F",.,"A",.,"A",.,"A",.,"A",.,"A",.,"A"
"20103",2247582,70,0,"1",.,"A",.,"A",.,"A",.,"A",.,"A",.,"A",.,"A",.,"A",.,"A",45,"D",27,"D",0,"D",90,"D",15,"D",90,"D"
"20103",2247613,63,0,"1",.,"A",.,"A",50,"D",.,"A",.,"A",.,"A",.,"A",.,"A",.,"A",.,"A",.,"A",.,"A",60,"D",.,"A",.,"A"
"20103",2247632,46,0,"1",.,"A",.,"A",.,"A",.,"A",.,"A",.,"A",.,"A",.,"A",132,"D",.,"A",.,"A",.,"A",.,"A",.,"A",.,"A"
"20103",2247653,50,0,"1",.,"A",.,"A",.,"A",.,"A",.,"A",.,"A",364,"F",.,"A",.,"A",.,"A",.,"A",.,"A",80,"D",.,"A",.,"A"
"20103",2247673,42,0,"1",.,"A",.,"A",.,"A",.,"A",.,"A",.,"A",.,"A",.,"A",.,"A",.,"A",.,"A",.,"A",14,"D",.,"A",.,"A"
"20103",2247742,49,0,"1",.,"A",.,"A",.,"A",.,"A",.,"A",.,"A",.,"A",.,"A",.,"A",30,"D",0,"D",0,"D",.,"A",10,"D",.,"A"
"20103",2247783,48,0,"1",.,"A",.,"A",.,"A",.,"A",.,"A",.,"A",650,"D",.,"A",.,"A",.,"A",.,"A",.,"A",80,"D",.,"A",.,"A"
"20103",2247792,49,0,"1",.,"A",.,"A",.,"A",.,"A",.,"A",90,"D",.,"A",.,"A",.,"A",.,"A",.,"A",.,"A",.,"A",.,"A",.,"A"
"20103",2247813,63,0,"1",.,"A",.,"A",.,"A",.,"A",.,"A",.,"A",.,"A",.,"A",.,"A",.,"A",.,"A",.,"A",51,"D",.,"A",.,"A"
"20103",2247842,39,0,"1",.,"A",.,"A",.,"A",.,"A",.,"A",.,"A",650,"D",.,"A",36,"F",.,"A",.,"A",.,"A",.,"A",.,"A",.,"A"
"20103",2247853,91,0,"1",.,"A",.,"A",.,"A",.,"A",.,"A",35,"D",.,"A",.,"A",.,"A",.,"A",.,"A",.,"A",180,"D",.,"A",.,"A"
"20103",2247872,37,0,"1",.,"A",.,"A",.,"A",.,"A",.,"A",.,"A",728,"D",.,"A",.,"A",.,"A",.,"A",.,"A",.,"A",.,"A",.,"A"
"20103",2247882,50,0,"1",.,"A",.,"A",.,"A",.,"A",.,"A",.,"A",.,"A",.,"A",.,"A",.,"A",.,"A",.,"A",150,"D",.,"A",.,"A"
"20103",2247933,64,0,"1",.,"A",.,"A",.,"A",.,"A",.,"A",.,"A",.,"A",.,"A",.,"A",.,"A",.,"A",.,"A",120,"D",.,"A",.,"A"
"20103",2247973,40,0,"1",.,"A",.,"A",.,"A",.,"A",.,"A",.,"A",.,"A",195,"D",.,"A",.,"A",.,"A",.,"A",.,"A",.,"A",.,"A"
"20103",2248012,31,0,"1",.,"A",.,"A",.,"A",.,"A",.,"A",.,"A",.,"A",.,"A",.,"A",.,"A",.,"A",.,"A",60,"D",.,"A",.,"A"
"20103",2248023,49,0,"1",.,"A",.,"A",.,"A",.,"A",.,"A",50,"D",.,"A",.,"A",.,"A",.,"A",.,"A",.,"A",40,"D",.,"A",.,"A"
"20103",2248082,37,0,"1",.,"A",.,"A",.,"A",.,"A",.,"A",.,"A",91,"D",91,"D",.,"A",.,"A",.,"A",.,"A",21,"D",.,"A",.,"A"
"20103",2248103,48,0,"1",.,"A",.,"A",.,"A",.,"A",.,"A",.,"A",.,"A",.,"A",.,"A",.,"A",.,"A",.,"A",24,"D",.,"A",.,"A"
"20103",2248123,86,0,"1",.,"A",.,"A",.,"A",.,"A",.,"A",.,"A",.,"A",.,"A",.,"A",.,"A",.,"A",.,"A",.,"A",.,"A",.,"A"
"20103",2248142,54,0,"1",.,"A",.,"A",.,"A",.,"A",.,"A",.,"A",.,"A",.,"A",.,"A",.,"A",.,"A",.,"A",100,"D",.,"A",.,"A"
"20103",2248153,71,0,"1",.,"A",.,"A",.,"A",.,"A",.,"A",.,"A",.,"A",.,"A",.,"A",.,"A",.,"A",.,"A",305,"D",.,"A",.,"A"
"20103",2248163,39,0,"1",.,"A",.,"A",.,"A",.,"A",45,"D",.,"A",.,"A",.,"A",.,"A",0,"D",0,"D",30,"D",.,"A",0,"D",.,"A"
"20103",2248192,66,0,"1",.,"A",.,"A",.,"A",.,"A",.,"A",.,"A",.,"A",.,"A",.,"A",.,"A",.,"A",.,"A",30,"D",.,"A",.,"A"
"20103",2248212,40,0,"1",.,"A",.,"A",.,"A",.,"A",.,"A",.,"A",.,"A",.,"A",.,"A",.,"A",.,"A",.,"A",.,"A",.,"A",.,"A"
"20103",2248222,41,0,"1",.,"A",.,"A",.,"A",.,"A",.,"A",.,"A",.,"A",.,"A",.,"A",.,"A",.,"A",.,"A",15,"D",.,"A",.,"A"
"20103",2248242,28,0,"1",.,"A",.,"A",.,"A",20,"D",.,"A",.,"A",.,"A",.,"A",.,"A",.,"A",.,"A",.,"A",.,"A",.,"A",.,"A"
"20103",2248255,33,0,"1",.,"A",.,"A",.,"A",.,"A",.,"A",.,"A",.,"A",.,"A",.,"A",.,"A",.,"A",.,"A",.,"A",.,"A",.,"A"
"20103",2248283,46,0,"1",.,"A",.,"A",.,"A",.,"A",.,"A",40,"D",.,"A",.,"A",.,"A",.,"A",.,"A",.,"A",150,"D",.,"A",.,"A"
"20103",2248323,47,0,"1",.,"A",.,"A",.,"A",.,"A",.,"A",83,"D",.,"A",.,"A",.,"A",.,"A",.,"A",.,"A",260,"D",.,"A",.,"A"
"20103",2248333,29,0,"1",.,"A",.,"A",.,"A",.,"A",240,"D",.,"A",.,"A",.,"A",.,"A",165,"D",0,"D",0,"D",60,"D",55,"D",.,"A"
"20103",2248382,26,0,"1",.,"A",.,"A",.,"A",.,"A",.,"A",.,"A",.,"A",.,"A",.,"A",.,"A",.,"A",.,"A",.,"A",.,"A",.,"A"
"20103",2248433,41,0,"1",.,"A",.,"A",.,"A",100,"D",15,"D",.,"A",.,"A",.,"A",.,"A",240,"D",0,"D",0,"D",400,"D",80,"D",.,"A"
"20103",2248443,40,0,"1",.,"A",.,"A",.,"A",.,"A",.,"A",.,"A",520,"D",.,"A",.,"A",.,"A",.,"A",.,"A",.,"A",.,"A",.,"A"
"20103",2248453,34,0,"1",.,"A",.,"A",.,"A",.,"A",60,"D",.,"A",.,"A",.,"A",.,"A",.,"A",.,"A",.,"A",450,"D",.,"A",.,"A"
"20103",2248523,59,0,"1",.,"A",.,"A",.,"A",.,"A",.,"A",.,"A",.,"A",.,"A",.,"A",.,"A",.,"A",.,"A",65,"D",.,"A",.,"A"
"20103",2248532,75,0,"1",.,"A",.,"A",.,"A",.,"A",.,"A",.,"A",.,"A",.,"A",.,"A",.,"A",.,"A",.,"A",210,"D",.,"A",.,"A"
"20103",2248542,31,0,"1",.,"A",.,"A",.,"A",.,"A",30,"D",.,"A",.,"A",.,"A",.,"A",.,"A",.,"A",.,"A",60,"D",.,"A",.,"A"
"20103",2248572,38,0,"1",.,"A",.,"A",.,"A",.,"A",.,"A",.,"A",.,"A",104,"D",.,"A",.,"A",.,"A",.,"A",.,"A",.,"A",.,"A"
"20103",2248643,57,0,"1",.,"A",.,"A",.,"A",.,"A",.,"A",.,"A",.,"A",.,"A",.,"A",.,"A",.,"A",.,"A",120,"D",.,"A",.,"A"
"20103",2248673,51,0,"1",.,"A",.,"A",.,"A",.,"A",.,"A",.,"A",.,"A",.,"A",.,"A",.,"A",.,"A",.,"A",85,"D",.,"A",.,"A"
"20103",2248683,58,0,"1",.,"A",.,"A",.,"A",.,"A",.,"A",.,"A",182,"D",.,"A",.,"A",.,"A",.,"A",.,"A",.,"A",.,"A",.,"A"
"20103",2248703,45,0,"1",.,"A",.,"A",.,"A",.,"A",.,"A",.,"A",.,"A",.,"A",.,"A",.,"A",.,"A",.,"A",80,"D",.,"A",.,"A"
"20103",2248713,64,0,"1",.,"A",.,"A",.,"A",.,"A",.,"A",.,"A",.,"A",.,"A",60,"D",.,"A",.,"A",.,"A",75,"D",.,"A",.,"A"
"20103",2248723,36,0,"1",.,"A",.,"A",.,"A",.,"A",.,"A",.,"A",.,"A",.,"A",.,"A",.,"A",.,"A",.,"A",.,"A",.,"A",.,"A"
"20103",2248733,30,0,"1",.,"A",.,"A",.,"A",.,"A",.,"A",.,"A",.,"A",.,"A",.,"A",.,"A",.,"A",.,"A",.,"A",.,"A",.,"A"
"20103",2248753,45,0,"1",.,"A",.,"A",.,"A",.,"A",.,"A",.,"A",.,"A",.,"A",.,"A",.,"A",.,"A",.,"A",36,"D",.,"A",.,"A"
"20103",2248762,25,0,"1",.,"A",.,"A",.,"A",.,"A",.,"A",.,"A",130,"D",.,"A",.,"A",.,"A",.,"A",.,"A",.,"A",.,"A",.,"A"
"20103",2248793,46,0,"1",.,"A",.,"A",.,"A",.,"A",.,"A",.,"A",.,"A",.,"A",.,"A",.,"A",.,"A",.,"A",.,"A",.,"A",.,"A"
"20103",2248822,41,0,"1",.,"A",.,"A",.,"A",.,"A",.,"A",.,"A",.,"A",.,"A",.,"A",.,"A",.,"A",.,"A",100,"D",.,"A",.,"A"
"20103",2248855,61,0,"1",.,"A",.,"A",.,"A",.,"A",10,"D",.,"A",.,"A",.,"A",.,"A",.,"A",.,"A",.,"A",17,"D",.,"A",.,"A"
"20103",2248872,41,0,"1",.,"A",.,"A",.,"A",.,"A",.,"A",.,"A",.,"A",.,"A",.,"A",.,"A",.,"A",.,"A",18,"D",.,"A",.,"A"
"20103",2248912,35,0,"1",.,"A",.,"A",.,"A",.,"A",200,"D",.,"A",.,"A",.,"A",.,"A",.,"A",.,"A",.,"A",.,"A",.,"A",.,"A"
"20103",2248923,48,0,"1",.,"A",.,"A",.,"A",.,"A",.,"A",.,"A",.,"A",.,"A",.,"A",.,"A",.,"A",.,"A",.,"A",.,"A",.,"A"
"20103",2248932,37,0,"1",.,"A",.,"A",.,"A",120,"D",.,"A",.,"A",.,"A",.,"A",.,"A",.,"A",.,"A",.,"A",.,"A",.,"A",.,"A"
"20103",2248943,58,0,"1",.,"A",.,"A",.,"A",.,"A",.,"A",50,"D",.,"A",.,"A",30,"D",.,"A",.,"A",.,"A",.,"A",.,"A",.,"A"
"20103",2248973,78,0,"1",.,"A",.,"A",.,"A",.,"A",.,"A",.,"A",.,"A",.,"A",.,"A",.,"A",.,"A",.,"A",10,"D",.,"A",.,"A"
"20103",2248992,43,0,"1",6,"D",.,"A",.,"A",.,"A",14,"D",63,"D",.,"A",.,"A",.,"A",.,"A",.,"A",.,"A",.,"A",.,"A",.,"A"
"20103",2249052,49,0,"1",.,"A",.,"A",.,"A",.,"A",.,"A",.,"A",.,"A",.,"A",.,"A",.,"A",.,"A",.,"A",275,"D",.,"A",.,"A"
"20103",2249063,51,0,"1",.,"A",.,"A",.,"A",.,"A",.,"A",.,"A",.,"A",.,"A",.,"A",.,"A",.,"A",.,"A",65,"D",.,"A",.,"A"
"20103",2249072,24,0,"1",.,"A",.,"A",.,"A",.,"A",.,"A",.,"A",.,"A",.,"A",.,"A",.,"A",.,"A",.,"A",.,"A",.,"A",.,"A"
"20103",2249082,35,0,"1",100,"D",.,"A",.,"A",.,"A",0,"D",.,"A",.,"A",.,"A",.,"A",.,"A",.,"A",.,"A",50,"D",.,"A",.,"A"
"20103",2249132,49,0,"1",.,"A",.,"A",.,"A",.,"A",.,"A",.,"A",.,"A",.,"A",.,"A",.,"A",.,"A",.,"A",.,"A",.,"A",.,"A"
"20103",2249153,43,0,"1",.,"A",.,"A",.,"A",.,"A",.,"A",200,"D",.,"A",.,"A",.,"A",.,"A",.,"A",.,"A",400,"D",.,"A",.,"A"
"20103",2249193,32,0,"1",.,"A",.,"A",.,"A",.,"A",.,"A",.,"A",.,"A",.,"A",.,"A",.,"A",.,"A",.,"A",75,"D",.,"A",.,"A"
"20103",2249213,52,0,"1",.,"A",.,"A",.,"A",.,"A",.,"A",.,"A",.,"A",.,"A",.,"A",.,"A",.,"A",.,"A",.,"A",.,"A",.,"A"
"20103",2249242,37,0,"1",.,"A",.,"A",.,"A",.,"A",.,"A",.,"A",.,"A",.,"A",.,"A",.,"A",.,"A",.,"A",.,"A",.,"A",.,"A"
"20103",2249263,57,0,"1",.,"A",.,"A",.,"A",.,"A",.,"A",.,"A",.,"A",.,"A",.,"A",0,"D",0,"D",24,"D",.,"A",0,"D",.,"A"
"20103",2249283,51,0,"1",.,"A",.,"A",.,"A",.,"A",.,"A",.,"A",.,"A",.,"A",.,"A",.,"A",.,"A",.,"A",.,"A",.,"A",.,"A"
"20103",2249302,42,0,"1",.,"A",.,"A",.,"A",.,"A",.,"A",.,"A",.,"A",130,"D",.,"A",.,"A",.,"A",.,"A",.,"A",.,"A",.,"A"
"20103",2249313,67,0,"1",.,"A",.,"A",.,"A",.,"A",.,"A",.,"A",.,"A",.,"A",.,"A",.,"A",.,"A",.,"A",30,"D",.,"A",.,"A"
"20103",2249323,62,0,"1",.,"A",.,"A",.,"A",.,"A",.,"A",.,"A",.,"A",.,"A",.,"A",.,"A",.,"A",.,"A",126,"D",.,"A",.,"A"
"20103",2249332,40,0,"1",.,"A",.,"A",.,"A",.,"A",100,"D",.,"A",.,"A",.,"A",27,"D",.,"A",.,"A",.,"A",.,"A",.,"A",.,"A"
"20103",2249342,30,0,"1",.,"A",.,"A",.,"A",.,"A",.,"A",.,"A",455,"D",.,"A",.,"A",.,"A",.,"A",.,"A",15,"D",.,"A",.,"A"
"20103",2249352,35,0,"1",.,"A",.,"A",.,"A",.,"A",.,"A",.,"A",.,"A",.,"A",.,"A",.,"A",.,"A",.,"A",.,"A",.,"A",.,"A"
"20103",2249362,54,0,"1",.,"A",.,"A",.,"A",.,"A",.,"A",.,"A",.,"A",.,"A",.,"A",.,"A",.,"A",.,"A",25,"D",.,"A",.,"A"
"20103",2249373,29,0,"1",.,"A",.,"A",.,"A",.,"A",.,"A",.,"A",.,"A",.,"A",.,"A",.,"A",.,"A",.,"A",.,"A",.,"A",.,"A"
"20103",2249413,33,0,"1",20,"D",.,"A",.,"A",.,"A",50,"D",.,"A",.,"A",.,"A",.,"A",0,"D",24,"D",0,"D",.,"A",0,"D",.,"A"
"20103",2249422,46,0,"1",.,"A",.,"A",.,"A",.,"A",.,"A",.,"A",.,"A",.,"A",.,"A",.,"A",.,"A",.,"A",45,"D",.,"A",.,"A"
"20103",2249442,46,0,"1",.,"A",.,"A",.,"A",.,"A",.,"A",.,"A",.,"A",13,"D",.,"A",.,"A",.,"A",.,"A",.,"A",.,"A",.,"A"
"20103",2249472,33,0,"1",30,"D",.,"A",.,"A",60,"D",90,"D",.,"A",.,"A",.,"A",.,"A",180,"D",0,"D",45,"F",.,"A",60,"D",.,"A"
"20103",2249532,52,0,"1",.,"A",.,"A",.,"A",.,"A",.,"A",.,"A",.,"A",.,"A",.,"A",.,"A",.,"A",.,"A",60,"D",.,"A",.,"A"
"20103",2249542,45,0,"1",10,"D",.,"A",.,"A",.,"A",55,"D",.,"A",.,"A",.,"A",.,"A",.,"A",.,"A",.,"A",30,"D",.,"A",.,"A"
"20103",2249565,35,0,"1",.,"A",.,"A",.,"A",.,"A",.,"A",.,"A",.,"A",.,"A",.,"A",.,"A",.,"A",.,"A",15,"D",.,"A",.,"A"
"20103",2249623,24,0,"1",.,"A",.,"A",.,"A",.,"A",.,"A",.,"A",.,"A",.,"A",.,"A",.,"A",.,"A",.,"A",.,"A",.,"A",.,"A"
"20103",2249652,40,0,"1",.,"A",.,"A",.,"A",.,"A",.,"A",.,"A",.,"A",.,"A",.,"A",.,"A",.,"A",.,"A",.,"A",.,"A",.,"A"
"20103",2249673,53,0,"1",.,"A",.,"A",.,"A",.,"A",.,"A",.,"A",.,"A",.,"A",.,"A",.,"A",.,"A",.,"A",120,"D",.,"A",.,"A"
"20103",2249682,64,0,"1",.,"A",.,"A",.,"A",.,"A",.,"A",50,"D",.,"A",.,"A",.,"A",.,"A",.,"A",.,"A",200,"D",.,"A",.,"A"
"20103",2249732,30,0,"1",.,"A",.,"A",.,"A",.,"A",.,"A",.,"A",.,"A",.,"A",.,"A",.,"A",.,"A",.,"A",.,"A",.,"A",.,"A"
"20103",2249772,47,0,"1",.,"A",.,"A",.,"A",.,"A",.,"A",.,"A",.,"A",.,"A",.,"A",.,"A",.,"A",.,"A",50,"D",.,"A",.,"A"
"20103",2249782,39,0,"1",.,"A",.,"A",.,"A",.,"A",.,"A",.,"A",.,"A",.,"A",.,"A",.,"A",.,"A",.,"A",120,"D",.,"A",.,"A"
"20103",2249793,48,0,"1",.,"A",.,"A",.,"A",.,"A",.,"A",.,"A",.,"A",.,"A",.,"A",.,"A",.,"A",.,"A",17,"D",.,"A",.,"A"
"20103",2249812,92,0,"1",.,"A",.,"A",.,"A",.,"A",.,"A",.,"A",.,"A",.,"A",.,"A",.,"A",.,"A",.,"A",105,"D",.,"A",.,"A"
"20103",2249852,40,0,"1",.,"A",.,"A",.,"A",.,"A",.,"A",.,"A",195,"D",.,"A",.,"A",.,"A",.,"A",.,"A",.,"A",.,"A",.,"A"
"20103",2249872,46,0,"1",.,"A",.,"A",.,"A",40,"D",.,"A",.,"A",455,"D",.,"A",9,"D",.,"A",.,"A",.,"A",55,"D",.,"A",.,"A"
"20103",2249914,24,0,"1",.,"A",.,"A",.,"A",.,"A",120,"F",.,"A",.,"A",.,"A",.,"A",.,"A",.,"A",.,"A",18,"D",.,"A",.,"A"
"20103",2249923,56,0,"1",.,"A",.,"A",.,"A",.,"A",.,"A",.,"A",.,"A",.,"A",.,"A",.,"A",.,"A",.,"A",.,"A",.,"A",.,"A"
"20103",2249973,70,0,"1",.,"A",.,"A",.,"A",.,"A",.,"A",.,"A",143,"D",.,"A",.,"A",.,"A",.,"A",.,"A",13,"D",.,"A",.,"A"
"20103",2249982,35,0,"1",.,"A",.,"A",.,"A",.,"A",.,"A",.,"A",.,"A",.,"A",24,"F",.,"A",.,"A",.,"A",80,"D",.,"A",.,"A"
"20103",2250013,43,0,"1",.,"A",.,"A",.,"A",.,"A",.,"A",.,"A",.,"A",.,"A",.,"A",.,"A",.,"A",.,"A",.,"A",.,"A",.,"A"
"20103",2250022,40,0,"1",.,"A",.,"A",.,"A",.,"A",.,"A",.,"A",.,"A",.,"A",.,"A",0,"D",96,"D",0,"D",.,"A",0,"D",.,"A"
"20103",2250032,61,0,"1",.,"A",.,"A",.,"A",.,"A",.,"A",.,"A",.,"A",.,"A",.,"A",.,"A",.,"A",.,"A",40,"D",.,"A",.,"A"
"20103",2250043,71,0,"1",.,"A",.,"A",.,"A",.,"A",.,"A",.,"A",.,"A",.,"A",.,"A",.,"A",.,"A",.,"A",440,"D",.,"A",.,"A"
"20103",2250103,93,0,"1",.,"A",.,"A",.,"A",.,"A",.,"A",.,"A",520,"D",.,"A",60,"D",.,"A",.,"A",.,"A",20,"D",.,"A",.,"A"
"20103",2250112,51,0,"1",.,"A",.,"A",.,"A",.,"A",.,"A",.,"A",.,"A",.,"A",.,"A",.,"A",.,"A",.,"A",200,"D",.,"A",.,"A"
"20103",2250163,59,0,"1",.,"A",.,"A",.,"A",.,"A",.,"A",.,"A",.,"A",.,"A",.,"A",.,"A",.,"A",.,"A",.,"A",.,"A",.,"A"
"20103",2250203,63,0,"1",.,"A",.,"A",.,"A",.,"A",.,"A",160,"D",.,"A",.,"A",.,"A",.,"A",.,"A",.,"A",.,"A",.,"A",.,"A"
"20103",2250215,63,0,"1",.,"A",.,"A",.,"A",.,"A",.,"A",.,"A",.,"A",.,"A",.,"A",.,"A",.,"A",.,"A",300,"D",.,"A",.,"A"
"20103",2250242,35,0,"1",.,"A",.,"A",.,"A",.,"A",.,"A",.,"A",5460,"D",.,"A",.,"A",.,"A",.,"A",.,"A",.,"A",.,"A",.,"A"
"20103",2250252,44,0,"1",.,"A",.,"A",.,"A",.,"A",30,"D",.,"A",.,"A",.,"A",.,"A",.,"A",.,"A",.,"A",.,"A",.,"A",.,"A"
"20103",2250305,32,0,"1",.,"A",.,"A",.,"A",.,"A",.,"A",.,"A",.,"A",195,"D",.,"A",.,"A",.,"A",.,"A",30,"D",.,"A",.,"A"
"20103",2250313,56,0,"1",.,"A",.,"A",.,"A",.,"A",.,"A",.,"A",.,"A",.,"A",18,"D",.,"A",.,"A",.,"A",270,"D",.,"A",.,"A"
"20103",2250333,39,0,"1",.,"A",.,"A",.,"A",.,"A",.,"A",90,"D",.,"A",.,"A",.,"A",0,"D",75,"D",0,"D",100,"D",0,"D",.,"A"
"20103",2250342,58,0,"1",.,"A",.,"A",.,"A",.,"A",.,"A",.,"A",.,"A",.,"A",.,"A",.,"A",.,"A",.,"A",75,"D",.,"A",.,"A"
"20103",2250353,56,0,"1",.,"A",.,"A",.,"A",.,"A",.,"A",.,"A",559,"D",.,"A",60,"D",.,"A",.,"A",.,"A",20,"D",.,"A",.,"A"
"20103",2250373,46,0,"1",.,"A",.,"A",.,"A",.,"A",.,"A",.,"A",.,"A",.,"A",.,"A",.,"A",.,"A",.,"A",12,"D",.,"A",.,"A"
"20103",2250432,66,0,"1",.,"A",.,"A",.,"A",.,"A",.,"A",.,"A",.,"A",.,"A",.,"A",.,"A",.,"A",.,"A",115,"D",.,"A",.,"A"
"20103",2250472,52,0,"1",.,"A",.,"A",.,"A",.,"A",.,"A",.,"A",.,"A",.,"A",.,"A",.,"A",.,"A",.,"A",100,"D",.,"A",.,"A"
"20103",2250542,41,0,"1",.,"A",.,"A",.,"A",.,"A",.,"A",.,"A",.,"A",.,"A",.,"A",.,"A",.,"A",.,"A",75,"D",.,"A",.,"A"
"20103",2250563,53,0,"1",.,"A",.,"A",.,"A",.,"A",.,"A",.,"A",.,"A",.,"A",.,"A",.,"A",.,"A",.,"A",65,"D",.,"A",.,"A"
"20103",2250592,61,0,"1",.,"A",.,"A",.,"A",.,"A",.,"A",.,"A",.,"A",.,"A",.,"A",.,"A",.,"A",.,"A",74,"D",.,"A",.,"A"
"20103",2250603,31,0,"1",.,"A",.,"A",.,"A",.,"A",.,"A",.,"A",.,"A",13,"D",.,"A",0,"D",0,"D",15,"D",15,"D",0,"D",.,"A"
"20103",2250622,36,0,"1",.,"A",.,"A",.,"A",.,"A",24,"F",.,"A",.,"A",.,"A",.,"A",.,"A",.,"A",.,"A",.,"A",.,"A",.,"A"
"20103",2250642,34,0,"1",.,"A",.,"A",.,"A",.,"A",.,"A",.,"A",351,"D",.,"A",.,"A",.,"A",.,"A",.,"A",.,"A",.,"A",.,"A"
"20103",2250683,35,0,"1",.,"A",.,"A",.,"A",.,"A",.,"A",.,"A",.,"A",.,"A",.,"A",.,"A",.,"A",.,"A",300,"D",.,"A",.,"A"
"20103",2250703,38,0,"1",.,"A",.,"A",.,"A",.,"A",.,"A",.,"A",.,"A",.,"A",.,"A",.,"A",.,"A",.,"A",80,"D",.,"A",.,"A"
"20103",2250712,30,0,"1",.,"A",.,"A",.,"A",.,"A",.,"A",.,"A",520,"D",.,"A",30,"D",.,"A",.,"A",.,"A",40,"D",.,"A",.,"A"
"20103",2250733,33,0,"1",.,"A",.,"A",.,"A",.,"A",.,"A",.,"A",520,"D",.,"A",.,"A",.,"A",.,"A",.,"A",.,"A",.,"A",.,"A"
"20103",2250743,50,0,"1",.,"A",.,"A",.,"A",.,"A",.,"A",.,"A",325,"D",.,"A",36,"D",.,"A",.,"A",.,"A",.,"A",.,"A",.,"A"
"20103",2250753,41,0,"1",.,"A",.,"A",.,"A",.,"A",.,"A",.,"A",.,"A",.,"A",.,"A",.,"A",.,"A",.,"A",90,"D",.,"A",.,"A"
"20103",2250763,28,0,"1",.,"A",.,"A",.,"A",.,"A",75,"D",.,"A",.,"A",.,"A",.,"A",.,"A",.,"A",.,"A",80,"D",.,"A",.,"A"
"20103",2250772,42,0,"1",.,"A",.,"A",.,"A",.,"A",.,"A",.,"A",.,"A",.,"A",.,"A",.,"A",.,"A",.,"A",300,"D",.,"A",.,"A"
"20103",2250783,60,0,"1",.,"A",.,"A",.,"A",.,"A",.,"A",.,"A",.,"A",325,"D",18,"D",.,"A",.,"A",.,"A",108,"D",.,"A",.,"A"
"20103",2250794,51,0,"1",.,"A",.,"A",.,"A",.,"A",.,"A",12,"D",.,"A",.,"A",.,"A",.,"A",.,"A",.,"A",116,"D",.,"A",.,"A"
"20103",2250833,46,0,"1",.,"A",.,"A",.,"A",.,"A",.,"A",.,"A",.,"A",.,"A",.,"A",.,"A",.,"A",.,"A",.,"A",.,"A",.,"A"
"20103",2250842,47,0,"1",.,"A",.,"A",.,"A",.,"A",40,"F",.,"A",.,"A",.,"A",.,"A",.,"A",.,"A",.,"A",100,"D",.,"A",.,"A"
"20103",2250853,52,0,"1",.,"A",.,"A",.,"A",.,"A",.,"A",.,"A",546,"D",.,"A",45,"D",.,"A",.,"A",.,"A",48,"D",.,"A",.,"A"
"20103",2250862,26,0,"1",.,"A",.,"A",.,"A",.,"A",.,"A",.,"A",.,"A",.,"A",.,"A",.,"A",.,"A",.,"A",.,"A",.,"A",.,"A"
"20103",2250903,41,0,"1",.,"A",.,"A",.,"A",.,"A",.,"A",.,"A",.,"A",.,"A",.,"A",.,"A",.,"A",.,"A",75,"D",.,"A",.,"A"
"20103",2250913,66,0,"1",.,"A",.,"A",.,"A",.,"A",.,"A",.,"A",.,"A",.,"A",.,"A",.,"A",.,"A",.,"A",170,"D",.,"A",.,"A"
"20103",2250923,55,0,"1",.,"A",.,"A",.,"A",.,"A",.,"A",60,"D",.,"A",.,"A",.,"A",.,"A",.,"A",.,"A",200,"D",.,"A",.,"A"
"20103",2250933,41,0,"1",.,"A",.,"A",.,"A",.,"A",.,"A",90,"D",.,"A",.,"A",.,"A",.,"A",.,"A",.,"A",200,"D",.,"A",.,"A"
"20103",2250962,42,0,"1",.,"A",.,"A",.,"A",.,"A",.,"A",.,"A",.,"A",.,"A",.,"A",.,"A",.,"A",.,"A",165,"D",.,"A",.,"A"
"20103",2250982,46,0,"1",.,"A",.,"A",.,"A",.,"A",.,"A",100,"D",.,"A",.,"A",.,"A",.,"A",.,"A",.,"A",40,"D",.,"A",.,"A"
"20103",2250993,47,0,"1",.,"A",.,"A",.,"A",.,"A",.,"A",.,"A",.,"A",.,"A",.,"A",.,"A",.,"A",.,"A",150,"D",.,"A",.,"A"
"20103",2251002,46,0,"1",.,"A",.,"A",.,"A",.,"A",.,"A",.,"A",.,"A",.,"A",.,"A",.,"A",.,"A",.,"A",.,"A",.,"A",.,"A"
"20103",2251023,66,0,"1",.,"A",.,"A",.,"A",.,"A",.,"A",.,"A",.,"A",.,"A",.,"A",.,"A",.,"A",.,"A",.,"A",.,"A",.,"A"
"20103",2251042,62,0,"1",.,"A",.,"A",.,"A",.,"A",.,"A",.,"A",.,"A",.,"A",.,"A",.,"A",.,"A",.,"A",250,"D",.,"A",.,"A"
"20103",2251052,88,0,"1",.,"A",.,"A",.,"A",.,"A",.,"A",.,"A",.,"A",.,"A",.,"A",.,"A",.,"A",.,"A",40,"D",.,"A",.,"A"
"20103",2251102,43,0,"1",.,"A",.,"A",.,"A",.,"A",.,"A",.,"A",.,"A",.,"A",.,"A",.,"A",.,"A",.,"A",.,"A",.,"A",.,"A"
"20103",2251113,82,0,"1",.,"A",.,"A",.,"A",.,"A",.,"A",40,"D",.,"A",.,"A",.,"A",.,"A",.,"A",.,"A",240,"D",.,"A",.,"A"
"20103",2251123,59,0,"1",.,"A",.,"A",.,"A",.,"A",.,"A",.,"A",.,"A",.,"A",.,"A",.,"A",.,"A",.,"A",114,"D",.,"A",.,"A"
"20103",2251132,41,0,"1",.,"A",.,"A",.,"A",.,"A",.,"A",.,"A",1040,"D",.,"A",.,"A",.,"A",.,"A",.,"A",.,"A",.,"A",.,"A"
"20103",2251142,54,0,"1",.,"A",.,"A",.,"A",.,"A",.,"A",.,"A",.,"A",.,"A",.,"A",.,"A",.,"A",.,"A",.,"A",.,"A",.,"A"
"20103",2251153,43,0,"1",.,"A",.,"A",.,"A",340,"D",.,"A",.,"A",.,"A",.,"A",.,"A",.,"A",.,"A",.,"A",.,"A",.,"A",.,"A"
"20103",2251182,42,0,"1",.,"A",.,"A",.,"A",.,"A",.,"A",150,"D",390,"D",.,"A",.,"A",.,"A",.,"A",.,"A",100,"D",.,"A",.,"A"
"20103",2251193,32,0,"1",.,"A",.,"A",.,"A",.,"A",72,"D",.,"A",.,"A",.,"A",.,"A",.,"A",.,"A",.,"A",.,"A",.,"A",.,"A"
"20103",2251212,80,0,"1",.,"A",.,"A",.,"A",.,"A",.,"A",.,"A",.,"A",.,"A",.,"A",.,"A",.,"A",.,"A",150,"D",.,"A",.,"A"
"20103",2251242,23,0,"1",.,"A",.,"A",.,"A",.,"A",.,"A",.,"A",.,"A",.,"A",.,"A",.,"A",.,"A",.,"A",.,"A",.,"A",.,"A"
"20103",2251253,37,0,"1",.,"A",.,"A",.,"A",.,"A",.,"A",.,"A",.,"A",.,"A",.,"A",.,"A",.,"A",.,"A",150,"D",.,"A",.,"A"
"20103",2251263,33,0,"1",.,"A",.,"A",.,"A",.,"A",.,"A",.,"A",.,"A",.,"A",.,"A",180,"D",0,"D",30,"D",75,"D",60,"D",.,"A"
"20103",2251302,56,0,"1",.,"A",.,"A",.,"A",.,"A",.,"A",.,"A",.,"A",.,"A",.,"A",.,"A",.,"A",.,"A",10,"D",.,"A",.,"A"
"20103",2251362,50,0,"1",.,"A",.,"A",.,"A",.,"A",.,"A",.,"A",.,"A",325,"D",.,"A",.,"A",.,"A",.,"A",.,"A",.,"A",.,"A"
"20103",2251374,45,0,"1",.,"A",.,"A",.,"A",.,"A",.,"A",.,"A",.,"A",.,"A",15,"D",.,"A",.,"A",.,"A",.,"A",.,"A",.,"A"
"20103",2251412,38,0,"1",.,"A",.,"A",.,"A",.,"A",.,"A",.,"A",.,"A",91,"D",.,"A",.,"A",.,"A",.,"A",90,"D",.,"A",.,"A"
"20103",2251432,57,0,"1",.,"A",.,"A",.,"A",.,"A",.,"A",.,"A",.,"A",.,"A",30,"D",.,"A",.,"A",.,"A",.,"A",.,"A",.,"A"
"20103",2251442,29,0,"1",.,"A",.,"A",.,"A",.,"A",.,"A",.,"A",.,"A",.,"A",.,"A",.,"A",.,"A",.,"A",.,"A",.,"A",.,"A"
"20103",2251464,25,0,"1",.,"A",.,"A",.,"A",.,"A",.,"A",.,"A",.,"A",.,"A",.,"A",.,"A",.,"A",.,"A",.,"A",.,"A",.,"A"
"20103",2251475,42,0,"1",.,"A",.,"A",.,"A",.,"A",.,"A",.,"A",325,"D",.,"A",.,"A",.,"A",.,"A",.,"A",.,"A",.,"A",.,"A"
"20103",2251482,44,0,"1",.,"A",.,"A",.,"A",.,"A",60,"D",.,"A",.,"A",.,"A",.,"A",.,"A",.,"A",.,"A",.,"A",.,"A",.,"A"
"20103",2251513,31,0,"1",.,"A",.,"A",.,"A",.,"A",.,"A",.,"A",.,"A",.,"A",.,"A",.,"A",.,"A",.,"A",.,"A",.,"A",.,"A"
"20103",2251522,41,0,"1",.,"A",.,"A",.,"A",20,"D",60,"D",.,"A",390,"D",.,"A",.,"A",.,"A",.,"A",.,"A",.,"A",.,"A",.,"A"
"20103",2251542,43,0,"1",.,"A",.,"A",.,"A",.,"A",.,"A",.,"A",.,"A",.,"A",.,"A",.,"A",.,"A",.,"A",55,"D",.,"A",.,"A"
"20103",2251582,48,0,"1",.,"A",.,"A",.,"A",.,"A",.,"A",30,"D",.,"A",.,"A",.,"A",.,"A",.,"A",.,"A",160,"D",.,"A",.,"A"
"20103",2251593,35,0,"1",.,"A",.,"A",.,"A",.,"A",.,"A",.,"A",.,"A",.,"A",.,"A",.,"A",.,"A",.,"A",.,"A",.,"A",.,"A"
"20103",2251612,50,0,"1",20,"D",.,"A",.,"A",.,"A",55,"D",.,"A",.,"A",.,"A",3,"D",.,"A",.,"A",.,"A",45,"D",.,"A",.,"A"
"20103",2251632,73,0,"1",.,"A",.,"A",.,"A",.,"A",.,"A",.,"A",195,"D",.,"A",.,"A",180,"D",0,"D",0,"D",100,"D",60,"D",.,"A"
"20103",2251652,66,0,"1",.,"A",.,"A",.,"A",.,"A",.,"A",26,"D",.,"A",.,"A",.,"A",.,"A",.,"A",.,"A",190,"D",.,"A",.,"A"
"20103",2251672,52,0,"1",.,"A",.,"A",.,"A",60,"D",.,"A",.,"A",.,"A",.,"A",.,"A",.,"A",.,"A",.,"A",300,"D",.,"A",.,"A"
"20103",2251682,48,0,"1",.,"A",.,"A",.,"A",.,"A",.,"A",.,"A",.,"A",676,"D",.,"A",.,"A",.,"A",.,"A",.,"A",.,"A",.,"A"
"20103",2251723,53,0,"1",.,"A",.,"A",.,"A",.,"A",30,"D",.,"A",.,"A",.,"A",.,"A",.,"A",.,"A",.,"A",.,"A",.,"A",.,"A"
"20103",2251744,42,0,"1",.,"A",.,"A",.,"A",.,"A",120,"D",.,"A",260,"D",.,"A",45,"D",.,"A",.,"A",.,"A",90,"D",.,"A",.,"A"
"20103",2251762,57,0,"1",.,"A",.,"A",.,"A",.,"A",.,"A",.,"A",.,"A",.,"A",.,"A",.,"A",.,"A",.,"A",.,"A",.,"A",.,"A"
"20103",2251792,24,0,"1",7,"D",.,"A",.,"A",.,"A",23,"D",.,"A",.,"A",.,"A",30,"D",300,"D",0,"D",0,"D",30,"D",100,"D",.,"A"
"20103",2251803,47,0,"1",.,"A",.,"A",.,"A",.,"A",.,"A",.,"A",.,"A",.,"A",.,"A",.,"A",.,"A",.,"A",150,"D",.,"A",.,"A"
"20103",2251852,46,0,"1",.,"A",.,"A",.,"A",.,"A",.,"A",.,"A",260,"D",.,"A",9,"D",.,"A",.,"A",.,"A",30,"D",.,"A",.,"A"
"20103",2251922,35,0,"1",10,"D",.,"A",.,"A",30,"D",110,"D",.,"A",.,"A",.,"A",.,"A",0,"D",150,"D",0,"D",30,"D",0,"D",.,"A"
"20103",2251942,38,0,"1",.,"A",.,"A",.,"A",.,"A",.,"A",.,"A",.,"A",.,"A",.,"A",.,"A",.,"A",.,"A",20,"D",.,"A",.,"A"
"20103",2251963,48,0,"1",.,"A",.,"A",.,"A",.,"A",.,"A",.,"A",.,"A",.,"A",.,"A",.,"A",.,"A",.,"A",.,"A",.,"A",.,"A"
"20103",2251993,86,0,"1",.,"A",.,"A",.,"A",.,"A",.,"A",.,"A",260,"D",.,"A",30,"D",0,"D",0,"D",24,"D",.,"A",0,"D",.,"A"
"20103",2252003,37,0,"1",.,"A",.,"A",.,"A",.,"A",.,"A",.,"A",.,"A",.,"A",.,"A",.,"A",.,"A",.,"A",80,"D",.,"A",.,"A"
"20103",2252013,56,0,"1",.,"A",.,"A",.,"A",.,"A",.,"A",.,"A",.,"A",.,"A",.,"A",.,"A",.,"A",.,"A",.,"A",.,"A",.,"A"
"20103",2252043,50,0,"1",.,"A",.,"A",.,"A",.,"A",.,"A",.,"A",.,"A",.,"A",.,"A",.,"A",.,"A",.,"A",60,"F",.,"A",.,"A"
"20103",2252092,36,0,"1",.,"A",.,"A",.,"A",.,"A",42,"D",.,"A",.,"A",.,"A",.,"A",.,"A",.,"A",.,"A",20,"D",.,"A",.,"A"
"20103",2252102,25,0,"1",.,"A",.,"A",.,"A",.,"A",240,"D",.,"A",312,"D",.,"A",.,"A",.,"A",.,"A",.,"A",.,"A",.,"A",.,"A"
"20103",2252113,41,0,"1",.,"A",.,"A",.,"A",.,"A",.,"A",20,"D",.,"A",.,"A",.,"A",.,"A",.,"A",.,"A",120,"D",.,"A",.,"A"
"20103",2252123,65,0,"1",.,"A",.,"A",.,"A",.,"A",.,"A",.,"A",.,"A",.,"A",.,"A",.,"A",.,"A",.,"A",95,"D",.,"A",.,"A"
"20103",2252132,43,0,"1",.,"A",.,"A",.,"A",.,"A",.,"A",.,"A",.,"A",.,"A",6,"D",.,"A",.,"A",.,"A",57,"D",.,"A",.,"A"
"20103",2252182,50,0,"1",.,"A",.,"A",.,"A",.,"A",.,"A",.,"A",390,"D",.,"A",.,"A",.,"A",.,"A",.,"A",.,"A",.,"A",.,"A"
"20103",2252223,57,0,"1",.,"A",.,"A",.,"A",.,"A",.,"A",.,"A",.,"A",.,"A",.,"A",0,"D",0,"D",30,"D",36,"D",0,"D",.,"A"
"20103",2252263,50,0,"1",.,"A",.,"A",.,"A",.,"A",.,"A",.,"A",.,"A",.,"A",.,"A",.,"A",.,"A",.,"A",77,"D",.,"A",.,"A"
"20103",2252283,36,0,"1",.,"A",.,"A",.,"A",.,"A",.,"A",30,"D",.,"A",.,"A",.,"A",.,"A",.,"A",.,"A",.,"A",.,"A",.,"A"
"20103",2252313,58,0,"1",.,"A",.,"A",.,"A",.,"A",.,"A",.,"A",.,"A",.,"A",.,"A",.,"A",.,"A",.,"A",115,"D",.,"A",.,"A"
"20103",2252333,48,0,"1",.,"A",.,"A",.,"A",.,"A",.,"A",.,"A",.,"A",.,"A",.,"A",.,"A",.,"A",.,"A",200,"D",.,"A",.,"A"
"20103",2252352,41,0,"1",.,"A",.,"A",.,"A",.,"A",.,"A",.,"A",260,"D",.,"A",.,"A",0,"D",0,"D",12,"D",150,"D",0,"D",.,"A"
"20103",2252363,42,0,"1",.,"A",.,"A",.,"A",.,"A",.,"A",.,"A",.,"A",.,"A",.,"A",.,"A",.,"A",.,"A",.,"A",.,"A",.,"A"
"20103",2252373,55,0,"1",.,"A",.,"A",.,"A",.,"A",.,"A",.,"A",.,"A",.,"A",.,"A",.,"A",.,"A",.,"A",100,"D",.,"A",.,"A"
"20103",2252413,33,0,"1",.,"A",.,"A",.,"A",.,"A",.,"A",.,"A",.,"A",.,"A",.,"A",.,"A",.,"A",.,"A",12,"D",.,"A",.,"A"
"20103",2252432,40,0,"1",.,"A",.,"A",.,"A",.,"A",.,"A",.,"A",.,"A",.,"A",.,"A",.,"A",.,"A",.,"A",.,"A",.,"A",.,"A"
"20103",2252442,50,0,"1",.,"A",.,"A",.,"A",.,"A",.,"A",240,"D",.,"A",.,"A",.,"A",0,"D",0,"D",120,"D",40,"D",0,"D",.,"A"
"20103",2252452,71,0,"1",.,"A",.,"A",.,"A",.,"A",.,"A",.,"A",195,"D",195,"D",.,"A",.,"A",.,"A",.,"A",84,"D",.,"A",.,"A"
"20103",2252493,46,0,"1",.,"A",.,"A",.,"A",.,"A",.,"A",.,"A",.,"A",.,"A",.,"A",.,"A",.,"A",.,"A",100,"D",.,"A",.,"A"
"20103",2252503,42,0,"1",.,"A",.,"A",.,"A",.,"A",.,"A",.,"A",104,"D",.,"A",.,"A",.,"A",.,"A",.,"A",35,"D",.,"A",.,"A"
"20103",2252533,70,0,"1",.,"A",.,"A",.,"A",.,"A",.,"A",50,"D",.,"A",.,"A",.,"A",.,"A",.,"A",.,"A",100,"D",.,"A",.,"A"
"20103",2252544,37,0,"1",.,"A",.,"A",.,"A",.,"A",21,"D",.,"A",.,"A",.,"A",.,"A",.,"A",.,"A",.,"A",.,"A",.,"A",.,"A"
"20103",2252554,63,0,"1",.,"A",.,"A",.,"A",.,"A",.,"A",.,"A",.,"A",.,"A",.,"A",.,"A",.,"A",.,"A",65,"D",.,"A",.,"A"
"20103",2252562,62,0,"1",.,"A",.,"A",.,"A",.,"A",.,"A",.,"A",.,"A",.,"A",.,"A",.,"A",.,"A",.,"A",260,"D",.,"A",.,"A"
"20103",2252572,34,0,"1",.,"A",.,"A",.,"A",.,"A",.,"A",.,"A",.,"A",.,"A",.,"A",.,"A",.,"A",.,"A",50,"D",.,"A",.,"A"
"20103",2252583,47,0,"1",.,"A",.,"A",.,"A",.,"A",.,"A",35,"D",.,"A",.,"A",.,"A",.,"A",.,"A",.,"A",180,"D",.,"A",.,"A"
"20103",2252652,51,0,"1",.,"A",.,"A",.,"A",30,"F",.,"A",60,"D",.,"A",.,"A",.,"A",.,"A",.,"A",.,"A",80,"D",.,"A",.,"A"
"20103",2252683,69,0,"1",.,"A",.,"A",.,"A",.,"A",.,"A",.,"A",.,"A",.,"A",.,"A",.,"A",.,"A",.,"A",300,"D",.,"A",.,"A"
"20103",2252703,59,0,"1",.,"A",.,"A",.,"A",.,"A",.,"A",.,"A",130,"D",.,"A",.,"A",.,"A",.,"A",.,"A",130,"D",.,"A",.,"A"
"20103",2252713,43,0,"1",.,"A",.,"A",.,"A",.,"A",.,"A",.,"A",.,"A",.,"A",.,"A",.,"A",.,"A",.,"A",.,"A",.,"A",.,"A"
"20103",2252742,57,0,"1",.,"A",.,"A",.,"A",.,"A",.,"A",.,"A",.,"A",.,"A",.,"A",.,"A",.,"A",.,"A",28,"D",.,"A",.,"A"
"20103",2252753,57,0,"1",.,"A",.,"A",.,"A",.,"A",.,"A",.,"A",.,"A",.,"A",.,"A",.,"A",.,"A",.,"A",.,"A",.,"A",.,"A"
"20103",2252782,49,0,"1",.,"A",.,"A",.,"A",.,"A",.,"A",.,"A",390,"D",.,"A",.,"A",.,"A",.,"A",.,"A",.,"A",.,"A",.,"A"
"20103",2252852,49,0,"1",.,"A",.,"A",.,"A",.,"A",.,"A",.,"A",.,"A",.,"A",30,"D",.,"A",.,"A",.,"A",45,"D",.,"A",.,"A"
"20103",2252863,57,0,"1",.,"A",.,"A",.,"A",.,"A",.,"A",.,"A",.,"A",.,"A",.,"A",.,"A",.,"A",.,"A",100,"D",.,"A",.,"A"
"20103",2252872,50,0,"1",.,"A",.,"A",.,"A",.,"A",.,"A",.,"A",.,"A",.,"A",.,"A",.,"A",.,"A",.,"A",30,"D",.,"A",.,"A"
"20103",2252882,43,0,"1",.,"A",.,"A",.,"A",.,"A",.,"A",.,"A",.,"A",.,"A",.,"A",.,"A",.,"A",.,"A",.,"A",.,"A",.,"A"
"20103",2252892,62,0,"1",.,"A",.,"A",.,"A",.,"A",.,"A",.,"A",.,"A",.,"A",.,"A",.,"A",.,"A",.,"A",45,"D",.,"A",.,"A"
"20103",2252903,36,0,"1",.,"A",.,"A",.,"A",8,"D",75,"D",.,"A",.,"A",.,"A",.,"A",0,"D",0,"D",12,"D",.,"A",0,"D",.,"A"
"20103",2252922,108,0,"1",.,"A",.,"A",.,"A",.,"A",.,"A",.,"A",390,"D",.,"A",.,"A",.,"A",.,"A",.,"A",95,"D",.,"A",.,"A"
"20103",2252963,67,0,"1",.,"A",.,"A",.,"A",.,"A",.,"A",21,"D",.,"A",.,"A",.,"A",.,"A",.,"A",.,"A",65,"D",.,"A",.,"A"
"20103",2253002,40,0,"1",.,"A",.,"A",.,"A",.,"A",.,"A",.,"A",.,"A",.,"A",.,"A",.,"A",.,"A",.,"A",75,"D",.,"A",.,"A"
"20103",2253022,50,0,"1",.,"A",.,"A",.,"A",.,"A",5,"D",20,"D",.,"A",.,"A",.,"A",.,"A",.,"A",.,"A",50,"D",.,"A",.,"A"
"20103",2253042,105,0,"1",.,"A",.,"A",.,"A",.,"A",.,"A",.,"A",.,"A",.,"A",.,"A",.,"A",.,"A",.,"A",170,"D",.,"A",.,"A"
"20103",2253052,74,0,"1",.,"A",.,"A",.,"A",20,"D",.,"A",.,"A",.,"A",.,"A",6,"D",.,"A",.,"A",.,"A",60,"D",.,"A",.,"A"
"20103",2253103,82,0,"1",.,"A",.,"A",.,"A",.,"A",.,"A",.,"A",.,"A",.,"A",.,"A",.,"A",.,"A",.,"A",50,"D",.,"A",.,"A"
"20103",2253122,24,0,"1",.,"A",.,"A",.,"A",.,"A",.,"A",.,"A",.,"A",.,"A",.,"A",60,"D",0,"D",30,"D",.,"A",20,"D",.,"A"
"20103",2253143,31,0,"1",.,"A",.,"A",.,"A",.,"A",.,"A",.,"A",.,"A",.,"A",.,"A",.,"A",.,"A",.,"A",100,"D",.,"A",.,"A"
"20103",2253162,40,0,"1",.,"A",.,"A",.,"A",.,"A",.,"A",.,"A",260,"D",.,"A",.,"A",.,"A",.,"A",.,"A",9,"D",.,"A",.,"A"
"20103",2253183,33,0,"1",.,"A",.,"A",.,"A",.,"A",.,"A",.,"A",.,"A",.,"A",.,"A",.,"A",.,"A",.,"A",.,"A",.,"A",.,"A"
"20103",2253192,36,0,"1",.,"A",.,"A",.,"A",.,"A",120,"D",.,"A",.,"A",.,"A",.,"A",.,"A",.,"A",.,"A",.,"A",.,"A",.,"A"
"20103",2253203,72,0,"1",.,"A",.,"A",.,"A",.,"A",.,"A",.,"A",.,"A",.,"A",.,"A",75,"D",0,"D",75,"D",60,"D",25,"D",.,"A"
"20103",2253233,42,0,"1",.,"A",.,"A",.,"A",.,"A",.,"A",.,"A",.,"A",.,"A",.,"A",.,"A",.,"A",.,"A",.,"A",.,"A",.,"A"
"20103",2253293,85,0,"1",.,"A",.,"A",.,"A",.,"A",.,"A",.,"A",.,"A",.,"A",.,"A",.,"A",.,"A",.,"A",15,"D",.,"A",.,"A"
"20103",2253323,47,0,"1",.,"A",.,"A",.,"A",.,"A",.,"A",.,"A",.,"A",.,"A",.,"A",.,"A",.,"A",.,"A",.,"A",.,"A",.,"A"
"20103",2253332,50,0,"1",50,"D",.,"A",.,"A",.,"A",50,"D",.,"A",.,"A",.,"A",.,"A",.,"A",.,"A",.,"A",.,"A",.,"A",.,"A"
"20103",2253353,56,0,"1",.,"A",.,"A",.,"A",.,"A",.,"A",88,"D",.,"A",.,"A",.,"A",.,"A",.,"A",.,"A",175,"D",.,"A",.,"A"
"20103",2253363,62,0,"1",.,"A",.,"A",.,"A",.,"A",.,"A",.,"A",.,"A",.,"A",.,"A",.,"A",.,"A",.,"A",45,"D",.,"A",.,"A"
"20103",2253372,46,0,"1",.,"A",.,"A",.,"A",.,"A",.,"A",.,"A",.,"A",.,"A",15,"D",0,"D",120,"D",0,"D",120,"D",0,"D",.,"A"
"20103",2253392,39,0,"1",.,"A",.,"A",.,"A",.,"A",120,"D",.,"A",.,"A",.,"A",.,"A",.,"A",.,"A",.,"A",60,"D",.,"A",.,"A"
"20103",2253402,77,0,"1",.,"A",.,"A",.,"A",.,"A",.,"A",100,"D",.,"A",.,"A",.,"A",.,"A",.,"A",.,"A",250,"D",.,"A",.,"A"
"20103",2253423,35,0,"1",.,"A",.,"A",.,"A",.,"A",240,"D",.,"A",.,"A",.,"A",.,"A",240,"D",0,"D",0,"D",.,"A",80,"D",.,"A"
"20103",2253443,59,0,"1",.,"A",.,"A",.,"A",.,"A",.,"A",.,"A",.,"A",.,"A",.,"A",.,"A",.,"A",.,"A",50,"D",.,"A",.,"A"
"20103",2253482,38,0,"1",.,"A",.,"A",.,"A",.,"A",.,"A",.,"A",.,"A",.,"A",.,"A",.,"A",.,"A",.,"A",.,"A",.,"A",.,"A"
"20103",2253492,37,0,"1",.,"A",.,"A",.,"A",.,"A",50,"D",.,"A",260,"D",.,"A",.,"A",0,"D",0,"D",15,"D",20,"D",0,"D",.,"A"
"20103",2253522,43,0,"1",.,"A",.,"A",.,"A",.,"A",70,"D",.,"A",.,"A",.,"A",.,"A",.,"A",.,"A",.,"A",12,"D",.,"A",.,"A"
"20103",2253533,41,0,"1",.,"A",.,"A",.,"A",.,"A",.,"A",.,"A",.,"A",.,"A",.,"A",.,"A",.,"A",.,"A",80,"D",.,"A",.,"A"
"20103",2253563,48,0,"1",.,"A",.,"A",.,"A",.,"A",.,"A",45,"D",.,"A",.,"A",.,"A",.,"A",.,"A",.,"A",.,"A",.,"A",.,"A"
"20103",2253572,34,0,"1",.,"A",.,"A",.,"A",.,"A",72,"D",.,"A",195,"D",.,"A",.,"A",.,"A",.,"A",.,"A",20,"D",.,"A",.,"A"
"20103",2253582,39,0,"1",.,"A",.,"A",.,"A",.,"A",.,"A",.,"A",.,"A",.,"A",.,"A",.,"A",.,"A",.,"A",.,"A",.,"A",.,"A"
"20103",2253622,49,0,"1",.,"A",.,"A",.,"A",.,"A",.,"A",.,"A",.,"A",.,"A",.,"A",.,"A",.,"A",.,"A",12,"D",.,"A",.,"A"
"20103",2253655,28,0,"1",.,"A",.,"A",.,"A",.,"A",.,"A",.,"A",65,"D",.,"A",.,"A",.,"A",.,"A",.,"A",.,"A",.,"A",.,"A"
"20103",2253683,33,0,"1",.,"A",.,"A",.,"A",.,"A",.,"A",.,"A",520,"D",.,"A",.,"A",.,"A",.,"A",.,"A",35,"D",.,"A",.,"A"
"20103",2253693,31,0,"1",.,"A",.,"A",.,"A",.,"A",.,"A",.,"A",.,"A",.,"A",.,"A",.,"A",.,"A",.,"A",.,"A",.,"A",.,"A"
"20103",2253702,55,0,"1",.,"A",.,"A",12,"D",.,"A",.,"A",.,"A",.,"A",.,"A",.,"A",.,"A",.,"A",.,"A",80,"D",.,"A",.,"A"
"20103",2253712,74,0,"1",.,"A",.,"A",.,"A",.,"A",.,"A",.,"A",.,"A",.,"A",.,"A",.,"A",.,"A",.,"A",110,"D",.,"A",.,"A"
"20103",2253743,44,0,"1",.,"A",.,"A",.,"A",.,"A",.,"A",.,"A",.,"A",.,"A",.,"A",.,"A",.,"A",.,"A",100,"D",.,"A",.,"A"
"20103",2253762,41,0,"1",.,"A",.,"A",.,"A",.,"A",.,"A",.,"A",78,"F",.,"A",.,"A",.,"A",.,"A",.,"A",.,"A",.,"A",.,"A"
"20103",2253772,50,0,"1",.,"A",.,"A",.,"A",.,"A",.,"A",.,"A",.,"A",130,"F",.,"A",.,"A",.,"A",.,"A",200,"D",.,"A",.,"A"
"20103",2253802,46,0,"1",.,"A",.,"A",.,"A",.,"A",.,"A",.,"A",.,"A",.,"A",.,"A",.,"A",.,"A",.,"A",200,"D",.,"A",.,"A"
"20103",2253832,64,0,"1",33,"D",.,"A",.,"A",.,"A",97,"D",15,"D",1456,"D",.,"A",.,"A",.,"A",.,"A",.,"A",150,"D",.,"A",.,"A"
"20103",2253842,68,0,"1",.,"A",.,"A",.,"A",.,"A",.,"A",.,"A",.,"A",.,"A",69,"D",.,"A",.,"A",.,"A",80,"D",.,"A",.,"A"
"20103",2253862,56,0,"1",.,"A",.,"A",.,"A",.,"A",.,"A",.,"A",130,"D",.,"A",.,"A",.,"A",.,"A",.,"A",60,"D",.,"A",.,"A"
"20103",2253873,54,0,"1",.,"A",.,"A",.,"A",.,"A",.,"A",.,"A",.,"A",.,"A",.,"A",.,"A",.,"A",.,"A",45,"D",.,"A",.,"A"
"20103",2253892,41,0,"1",.,"A",.,"A",.,"A",.,"A",.,"A",.,"A",1040,"D",.,"A",.,"A",.,"A",.,"A",.,"A",45,"D",.,"A",.,"A"
"20103",2253902,73,0,"1",.,"A",.,"A",.,"A",.,"A",.,"A",.,"A",.,"A",.,"A",.,"A",.,"A",.,"A",.,"A",60,"D",.,"A",.,"A"
"20103",2253912,50,0,"1",.,"A",.,"A",.,"A",.,"A",.,"A",.,"A",.,"A",.,"A",.,"A",.,"A",.,"A",.,"A",400,"D",.,"A",.,"A"
"20103",2253963,34,0,"1",.,"A",.,"A",.,"A",.,"A",.,"A",.,"A",.,"A",.,"A",.,"A",.,"A",.,"A",.,"A",.,"A",.,"A",.,"A"
"20103",2253992,36,0,"1",.,"A",.,"A",.,"A",.,"A",.,"A",.,"A",390,"D",.,"A",.,"A",.,"A",.,"A",.,"A",.,"A",.,"A",.,"A"
"20103",2254022,67,0,"1",.,"A",.,"A",6,"D",.,"A",.,"A",.,"A",260,"D",.,"A",18,"D",.,"A",.,"A",.,"A",750,"D",.,"A",.,"A"
"20103",2254043,51,0,"1",.,"A",.,"A",.,"A",.,"A",.,"A",.,"A",.,"A",.,"A",.,"A",.,"A",.,"A",.,"A",50,"D",.,"A",.,"A"
"20103",2254062,83,0,"1",.,"A",.,"A",.,"A",.,"A",30,"D",.,"A",.,"A",.,"A",.,"A",.,"A",.,"A",.,"A",30,"D",.,"A",.,"A"
"20103",2254073,31,0,"1",.,"A",.,"A",.,"A",.,"A",.,"A",.,"A",.,"A",.,"A",.,"A",.,"A",.,"A",.,"A",.,"A",.,"A",.,"A"
"20103",2254093,46,0,"1",.,"A",.,"A",.,"A",.,"A",.,"A",.,"A",.,"A",.,"A",.,"A",.,"A",.,"A",.,"A",.,"A",.,"A",.,"A"
"20103",2254102,47,0,"1",5,"D",.,"A",.,"A",.,"A",25,"D",.,"A",.,"A",.,"A",24,"D",0,"D",0,"D",27,"D",.,"A",0,"D",.,"A"
"20103",2254113,47,0,"1",.,"A",.,"A",.,"A",.,"A",.,"A",.,"A",.,"A",.,"A",.,"A",.,"A",.,"A",.,"A",60,"D",.,"A",.,"A"
"20103",2254132,57,0,"1",.,"A",.,"A",.,"A",.,"A",.,"A",.,"A",.,"A",.,"A",36,"D",.,"A",.,"A",.,"A",30,"D",.,"A",.,"A"
"20103",2254142,63,0,"1",.,"A",.,"A",.,"A",.,"A",.,"A",.,"A",.,"A",.,"A",.,"A",.,"A",.,"A",.,"A",.,"A",.,"A",.,"A"
"20103",2254152,39,0,"1",.,"A",.,"A",.,"A",.,"A",.,"A",.,"A",819,"D",.,"A",.,"A",.,"A",.,"A",.,"A",20,"D",.,"A",.,"A"
"20103",2254212,82,0,"1",90,"D",.,"A",.,"A",.,"A",0,"D",.,"A",195,"D",.,"A",.,"A",.,"A",.,"A",.,"A",180,"D",.,"A",.,"A"
"20103",2254263,38,0,"1",.,"A",.,"A",.,"A",.,"A",.,"A",.,"A",.,"A",.,"A",.,"A",240,"D",0,"D",150,"D",75,"D",80,"D",.,"A"
"20103",2254272,32,0,"1",.,"A",.,"A",.,"A",.,"A",.,"A",.,"A",.,"A",.,"A",.,"A",.,"A",.,"A",.,"A",.,"A",.,"A",.,"A"
"20103",2254293,51,0,"1",.,"A",.,"A",.,"A",.,"A",.,"A",.,"A",.,"A",.,"A",.,"A",.,"A",.,"A",.,"A",54,"D",.,"A",.,"A"
"20103",2254302,42,0,"1",.,"A",.,"A",.,"A",.,"A",.,"A",.,"A",.,"A",.,"A",.,"A",.,"A",.,"A",.,"A",.,"A",.,"A",.,"A"
"20103",2254322,20,0,"1",.,"A",.,"A",.,"A",.,"A",.,"A",.,"A",65,"D",.,"A",.,"A",.,"A",.,"A",.,"A",.,"A",.,"A",.,"A"
"20103",2254332,25,0,"1",.,"A",.,"A",.,"A",.,"A",.,"A",.,"A",.,"A",.,"A",.,"A",.,"A",.,"A",.,"A",.,"A",.,"A",.,"A"
"20103",2254342,53,0,"1",.,"A",.,"A",.,"A",.,"A",.,"A",.,"A",.,"A",.,"A",.,"A",.,"A",.,"A",.,"A",.,"A",.,"A",.,"A"
"20103",2254353,48,0,"1",.,"A",.,"A",.,"A",.,"A",.,"A",.,"A",520,"D",.,"A",.,"A",.,"A",.,"A",.,"A",.,"A",.,"A",.,"A"
"20103",2254363,46,0,"1",.,"A",.,"A",.,"A",.,"A",.,"A",.,"A",.,"A",.,"A",36,"D",.,"A",.,"A",.,"A",.,"A",.,"A",.,"A"
"20103",2254393,39,0,"1",.,"A",.,"A",.,"A",.,"A",.,"A",.,"A",650,"D",.,"A",.,"A",.,"A",.,"A",.,"A",.,"A",.,"A",.,"A"
"20103",2254432,43,0,"1",.,"A",.,"A",.,"A",.,"A",.,"A",.,"A",.,"A",.,"A",.,"A",.,"A",.,"A",.,"A",102,"D",.,"A",.,"A"
"20103",2254502,51,0,"1",.,"A",.,"A",.,"A",90,"D",.,"A",.,"A",.,"A",.,"A",.,"A",270,"D",0,"D",0,"D",50,"D",90,"D",.,"A"
"20103",2254513,36,0,"1",.,"A",.,"A",.,"A",.,"A",.,"A",.,"A",.,"A",.,"A",.,"A",.,"A",.,"A",.,"A",.,"A",.,"A",.,"A"
"20103",2254523,39,0,"1",.,"A",.,"A",.,"A",.,"A",.,"A",.,"A",.,"A",.,"A",.,"A",.,"A",.,"A",.,"A",20,"D",.,"A",.,"A"
"20103",2254573,76,0,"1",.,"A",.,"A",75,"D",.,"A",.,"A",.,"A",.,"A",.,"A",.,"A",.,"A",.,"A",.,"A",.,"A",.,"A",.,"A"
"20103",2254633,36,0,"1",.,"A",.,"A",.,"A",.,"A",.,"A",.,"A",.,"A",.,"A",.,"A",.,"A",.,"A",.,"A",.,"A",.,"A",.,"A"
"20103",2254642,45,0,"1",.,"A",.,"A",.,"A",.,"A",.,"A",.,"A",.,"A",.,"A",.,"A",.,"A",.,"A",.,"A",317,"D",.,"A",.,"A"
"20103",2254682,34,0,"1",.,"A",.,"A",.,"A",.,"A",.,"A",.,"A",.,"A",.,"A",.,"A",.,"A",.,"A",.,"A",10,"D",.,"A",.,"A"
"20103",2254693,45,0,"1",.,"A",.,"A",.,"A",.,"A",.,"A",.,"A",.,"A",.,"A",.,"A",.,"A",.,"A",.,"A",50,"D",.,"A",.,"A"
"20103",2254712,29,0,"1",.,"A",.,"A",.,"A",.,"A",.,"A",.,"A",.,"A",.,"A",.,"A",.,"A",.,"A",.,"A",.,"A",.,"A",.,"A"
"20103",2254722,66,0,"1",.,"A",.,"A",.,"A",.,"A",.,"A",.,"A",650,"D",.,"A",.,"A",.,"A",.,"A",.,"A",.,"A",.,"A",.,"A"
"20103",2254733,51,0,"1",.,"A",.,"A",.,"A",.,"A",.,"A",.,"A",.,"A",.,"A",.,"A",.,"A",.,"A",.,"A",12,"D",.,"A",.,"A"
"20103",2254753,38,0,"1",.,"A",.,"A",.,"A",.,"A",.,"A",.,"A",325,"D",.,"A",.,"A",.,"A",.,"A",.,"A",60,"D",.,"A",.,"A"
"20103",2254773,48,0,"1",.,"A",.,"A",.,"A",.,"A",.,"A",.,"A",.,"A",.,"A",.,"A",.,"A",.,"A",.,"A",30,"D",.,"A",.,"A"
"20103",2254792,24,0,"1",.,"A",.,"A",.,"A",.,"A",40,"D",.,"A",.,"A",.,"A",.,"A",.,"A",.,"A",.,"A",.,"A",.,"A",.,"A"
"20103",2254803,63,0,"1",.,"A",.,"A",75,"D",.,"A",.,"A",60,"D",.,"A",.,"A",.,"A",.,"A",.,"A",.,"A",300,"D",.,"A",.,"A"
"20103",2254822,39,0,"1",.,"A",.,"A",.,"A",.,"A",15,"D",.,"A",.,"A",.,"A",.,"A",.,"A",.,"A",.,"A",52,"D",.,"A",.,"A"
"20103",2254862,53,0,"1",.,"A",.,"A",.,"A",.,"A",.,"A",25,"D",.,"A",.,"A",.,"A",.,"A",.,"A",.,"A",450,"D",.,"A",.,"A"
"20103",2254943,84,0,"1",.,"A",.,"A",.,"A",.,"A",.,"A",.,"A",.,"A",.,"A",108,"D",.,"A",.,"A",.,"A",45,"D",.,"A",.,"A"
"20103",2254952,28,0,"1",.,"A",.,"A",.,"A",.,"A",120,"D",.,"A",.,"A",.,"A",.,"A",0,"D",0,"D",60,"D",.,"A",0,"D",.,"A"
"20103",2254963,55,0,"1",.,"A",.,"A",.,"A",.,"A",.,"A",.,"A",.,"A",.,"A",.,"A",.,"A",.,"A",.,"A",45,"D",.,"A",.,"A"
"20103",2254972,93,0,"1",42,"D",.,"A",.,"A",.,"A",43,"D",.,"A",.,"A",.,"A",132,"D",.,"A",.,"A",.,"A",111,"D",.,"A",.,"A"
"20103",2255003,48,0,"1",.,"A",.,"A",.,"A",.,"A",.,"A",.,"A",.,"A",.,"A",.,"A",.,"A",.,"A",.,"A",.,"A",.,"A",.,"A"
"20103",2255012,29,0,"1",.,"A",.,"A",.,"A",.,"A",.,"A",.,"A",.,"A",.,"A",.,"A",.,"A",.,"A",.,"A",.,"A",.,"A",.,"A"
"20103",2255033,57,0,"1",.,"A",.,"A",.,"A",.,"A",.,"A",.,"A",65,"D",.,"A",15,"D",.,"A",.,"A",.,"A",.,"A",.,"A",.,"A"
"20103",2255062,48,0,"1",.,"A",.,"A",.,"A",.,"A",.,"A",.,"A",.,"A",.,"A",87,"D",.,"A",.,"A",.,"A",12,"D",.,"A",.,"A"
"20103",2255112,42,0,"1",.,"A",.,"A",.,"A",.,"A",120,"D",.,"A",455,"D",.,"A",.,"A",.,"A",.,"A",.,"A",.,"A",.,"A",.,"A"
"20103",2255122,24,0,"1",.,"A",.,"A",.,"A",.,"A",.,"A",.,"A",.,"A",.,"A",.,"A",.,"A",.,"A",.,"A",.,"A",.,"A",.,"A"
"20103",2255132,35,0,"1",.,"A",.,"A",.,"A",.,"A",.,"A",.,"A",.,"A",.,"A",.,"A",.,"A",.,"A",.,"A",100,"D",.,"A",.,"A"
"20103",2255142,35,0,"1",10,"D",.,"A",.,"A",110,"D",60,"D",.,"A",.,"A",.,"A",.,"A",.,"A",.,"A",.,"A",.,"A",.,"A",.,"A"
"20103",2255162,39,0,"1",.,"A",.,"A",.,"A",.,"A",.,"A",.,"A",.,"A",.,"A",.,"A",.,"A",.,"A",.,"A",165,"D",.,"A",.,"A"
"20103",2255172,56,0,"1",.,"A",.,"A",.,"A",.,"A",.,"A",.,"A",.,"A",.,"A",.,"A",.,"A",.,"A",.,"A",65,"D",.,"A",.,"A"
"20103",2255183,31,0,"1",.,"A",.,"A",.,"A",.,"A",.,"A",.,"A",.,"A",.,"A",.,"A",.,"A",.,"A",.,"A",.,"A",.,"A",.,"A"
"20103",2255202,70,0,"1",.,"A",.,"A",.,"A",.,"A",.,"A",.,"A",.,"A",130,"F",.,"A",.,"A",.,"A",.,"A",70,"D",.,"A",.,"A"
"20103",2255252,34,0,"1",.,"A",.,"A",.,"A",.,"A",.,"A",.,"A",.,"A",.,"A",.,"A",.,"A",.,"A",.,"A",16,"D",.,"A",.,"A"
"20103",2255273,27,0,"1",.,"A",.,"A",.,"A",.,"A",.,"A",.,"A",.,"A",.,"A",.,"A",.,"A",.,"A",.,"A",.,"A",.,"A",.,"A"
"20103",2255313,69,0,"1",.,"A",.,"A",.,"A",.,"A",.,"A",70,"D",.,"A",.,"A",.,"A",.,"A",.,"A",.,"A",400,"D",.,"A",.,"A"
"20103",2255334,47,0,"1",.,"A",.,"A",.,"A",.,"A",.,"A",.,"A",.,"A",.,"A",.,"A",.,"A",.,"A",.,"A",60,"D",.,"A",.,"A"
"20103",2255343,38,0,"1",.,"A",.,"A",.,"A",.,"A",.,"A",.,"A",.,"A",.,"A",.,"A",.,"A",.,"A",.,"A",180,"D",.,"A",.,"A"
"20103",2255382,32,0,"1",.,"A",.,"A",.,"A",.,"A",.,"A",.,"A",39,"D",.,"A",18,"D",.,"A",.,"A",.,"A",.,"A",.,"A",.,"A"
"20103",2255414,24,0,"1",.,"A",.,"A",.,"A",.,"A",30,"D",.,"A",130,"D",.,"A",.,"A",.,"A",.,"A",.,"A",.,"A",.,"A",.,"A"
"20103",2255443,23,0,"1",.,"A",.,"A",.,"A",.,"A",48,"D",.,"A",.,"A",.,"A",.,"A",.,"A",.,"A",.,"A",.,"A",.,"A",.,"A"
"20103",2255473,47,0,"1",.,"A",.,"A",25,"D",.,"A",.,"A",.,"A",.,"A",.,"A",.,"A",.,"A",.,"A",.,"A",188,"D",.,"A",.,"A"
"20103",2255512,61,0,"1",.,"A",.,"A",.,"A",.,"A",.,"A",.,"A",.,"A",.,"A",.,"A",.,"A",.,"A",.,"A",.,"A",.,"A",.,"A"
"20103",2255543,32,0,"1",10,"D",.,"A",.,"A",.,"A",55,"D",.,"A",.,"A",.,"A",.,"A",.,"A",.,"A",.,"A",15,"D",.,"A",.,"A"
"20103",2255554,36,0,"1",.,"A",.,"A",.,"A",.,"A",.,"A",.,"A",65,"D",.,"A",.,"A",45,"D",0,"D",0,"D",.,"A",15,"D",.,"A"
"20103",2255562,46,0,"1",.,"A",.,"A",.,"A",.,"A",.,"A",.,"A",910,"D",.,"A",.,"A",.,"A",.,"A",.,"A",.,"A",.,"A",.,"A"
"20103",2255572,24,0,"1",.,"A",.,"A",.,"A",.,"A",90,"D",.,"A",.,"A",.,"A",.,"A",.,"A",.,"A",.,"A",.,"A",.,"A",.,"A"
"20103",2255582,53,0,"1",20,"D",.,"A",.,"A",.,"A",0,"D",.,"A",.,"A",.,"A",.,"A",.,"A",.,"A",.,"A",300,"D",.,"A",.,"A"
"20103",2255592,43,0,"1",.,"A",.,"A",.,"A",.,"A",.,"A",.,"A",.,"A",260,"D",.,"A",.,"A",.,"A",.,"A",.,"A",.,"A",.,"A"
"20103",2255603,29,0,"1",.,"A",.,"A",.,"A",.,"A",.,"A",.,"A",.,"A",.,"A",.,"A",.,"A",.,"A",.,"A",.,"A",.,"A",.,"A"
"20103",2255612,44,0,"1",.,"A",.,"A",.,"A",.,"A",30,"D",.,"A",.,"A",.,"A",.,"A",.,"A",.,"A",.,"A",.,"A",.,"A",.,"A"
"20103",2255623,62,0,"1",.,"A",.,"A",.,"A",.,"A",.,"A",.,"A",.,"A",.,"A",.,"A",.,"A",.,"A",.,"A",.,"A",.,"A",.,"A"
"20103",2255632,45,0,"1",.,"A",.,"A",.,"A",.,"A",.,"A",.,"A",.,"A",.,"A",.,"A",.,"A",.,"A",.,"A",.,"A",.,"A",.,"A"
"20103",2255663,48,0,"1",.,"A",.,"A",.,"A",.,"A",.,"A",.,"A",.,"A",.,"A",.,"A",.,"A",.,"A",.,"A",.,"A",.,"A",.,"A"
"20103",2255673,30,0,"1",.,"A",.,"A",.,"A",8,"D",.,"A",30,"D",260,"D",.,"A",.,"A",156,"D",0,"D",0,"D",72,"D",52,"D",.,"A"
"20103",2255693,54,0,"1",.,"A",.,"A",.,"A",.,"A",.,"A",.,"A",.,"A",.,"A",.,"A",.,"A",.,"A",.,"A",300,"D",.,"A",.,"A"
"20103",2255713,53,0,"1",.,"A",.,"A",.,"A",.,"A",.,"A",.,"A",.,"A",.,"A",.,"A",.,"A",.,"A",.,"A",185,"D",.,"A",.,"A"
"20103",2255722,36,0,"1",.,"A",.,"A",.,"A",.,"A",130,"D",.,"A",.,"A",.,"A",.,"A",.,"A",.,"A",.,"A",120,"D",.,"A",.,"A"
"20103",2255742,52,0,"1",.,"A",.,"A",.,"A",.,"A",.,"A",.,"A",.,"A",.,"A",.,"A",.,"A",.,"A",.,"A",100,"D",.,"A",.,"A"
"20103",2255752,78,0,"1",.,"A",.,"A",.,"A",.,"A",.,"A",50,"D",.,"A",.,"A",.,"A",.,"A",.,"A",.,"A",103,"D",.,"A",.,"A"
"20103",2255813,24,0,"1",.,"A",.,"A",.,"A",.,"A",.,"A",.,"A",.,"A",.,"A",.,"A",.,"A",.,"A",.,"A",.,"A",.,"A",.,"A"
"20103",2255823,29,0,"1",.,"A",.,"A",.,"A",.,"A",.,"A",.,"A",.,"A",.,"A",.,"A",.,"A",.,"A",.,"A",.,"A",.,"A",.,"A"
"20103",2255832,42,0,"1",.,"A",.,"A",.,"A",.,"A",.,"A",.,"A",.,"A",130,"D",.,"A",.,"A",.,"A",.,"A",260,"D",.,"A",.,"A"
"20103",2255862,52,0,"1",.,"A",.,"A",.,"A",.,"A",.,"A",.,"A",.,"A",.,"A",.,"A",.,"A",.,"A",.,"A",40,"D",.,"A",.,"A"
"20103",2255883,70,0,"1",.,"A",.,"A",.,"A",.,"A",.,"A",40,"D",.,"A",.,"A",45,"D",.,"A",.,"A",.,"A",36,"F",.,"A",.,"A"
"20103",2255902,60,0,"1",.,"A",.,"A",.,"A",.,"A",.,"A",.,"A",520,"D",.,"A",15,"D",.,"A",.,"A",.,"A",20,"D",.,"A",.,"A"
"20103",2255922,57,0,"1",.,"A",.,"A",.,"A",.,"A",.,"A",.,"A",104,"D",.,"A",.,"A",.,"A",.,"A",.,"A",45,"D",.,"A",.,"A"
"20103",2255932,59,0,"1",.,"A",.,"A",.,"A",.,"A",60,"D",.,"A",182,"D",.,"A",.,"A",.,"A",.,"A",.,"A",.,"A",.,"A",.,"A"
"20103",2255962,30,0,"1",.,"A",.,"A",.,"A",.,"A",36,"D",.,"A",195,"D",.,"A",.,"A",.,"A",.,"A",.,"A",.,"A",.,"A",.,"A"
"20103",2256003,33,0,"1",.,"A",.,"A",.,"A",.,"A",.,"A",.,"A",325,"D",.,"A",.,"A",.,"A",.,"A",.,"A",.,"A",.,"A",.,"A"
"20103",2256022,52,0,"1",.,"A",.,"A",.,"A",.,"A",.,"A",.,"A",.,"A",26,"D",.,"A",.,"A",.,"A",.,"A",20,"D",.,"A",.,"A"
"20103",2256032,61,0,"1",.,"A",.,"A",.,"A",.,"A",.,"A",60,"D",.,"A",.,"A",.,"A",.,"A",.,"A",.,"A",360,"D",.,"A",.,"A"
"20103",2256045,48,0,"1",.,"A",.,"A",.,"A",.,"A",20,"D",.,"A",.,"A",.,"A",30,"D",.,"A",.,"A",.,"A",22,"D",.,"A",.,"A"
"20103",2256052,35,0,"1",.,"A",.,"A",.,"A",.,"A",.,"A",.,"A",.,"A",.,"A",.,"A",.,"A",.,"A",.,"A",.,"A",.,"A",.,"A"
"20103",2256073,43,0,"1",.,"A",.,"A",.,"A",.,"A",.,"A",.,"A",.,"A",.,"A",.,"A",.,"A",.,"A",.,"A",.,"A",.,"A",.,"A"
"20103",2256123,57,0,"1",.,"A",.,"A",.,"A",.,"A",.,"A",.,"A",520,"D",.,"A",.,"A",.,"A",.,"A",.,"A",66,"D",.,"A",.,"A"
"20103",2256182,83,0,"1",.,"A",.,"A",.,"A",.,"A",.,"A",.,"A",.,"A",.,"A",.,"A",.,"A",.,"A",.,"A",210,"D",.,"A",.,"A"
"20103",2256192,36,0,"1",.,"A",.,"A",.,"A",.,"A",25,"D",.,"A",195,"D",.,"A",.,"A",240,"D",0,"D",15,"F",.,"A",80,"D",.,"A"
"20103",2256212,28,0,"1",.,"A",.,"A",.,"A",.,"A",.,"A",.,"A",.,"A",.,"A",.,"A",.,"A",.,"A",.,"A",.,"A",.,"A",.,"A"
"20103",2256243,46,0,"1",.,"A",90,"D",.,"A",.,"A",.,"A",35,"D",.,"A",.,"A",.,"A",.,"A",.,"A",.,"A",65,"D",.,"A",.,"A"
"20103",2256253,60,0,"1",.,"A",.,"A",.,"A",.,"A",.,"A",.,"A",.,"A",.,"A",.,"A",.,"A",.,"A",.,"A",40,"D",.,"A",.,"A"
"20103",2256272,45,0,"1",.,"A",.,"A",38,"D",.,"A",.,"A",.,"A",.,"A",.,"A",.,"A",.,"A",.,"A",.,"A",54,"D",.,"A",.,"A"
"20103",2256283,67,0,"1",.,"A",.,"A",.,"A",.,"A",.,"A",200,"F",.,"A",.,"A",.,"A",.,"A",.,"A",.,"A",20,"D",.,"A",.,"A"
"20103",2256312,54,0,"1",30,"D",.,"A",.,"A",.,"A",90,"D",400,"F",.,"A",.,"A",36,"F",0,"D",0,"D",87,"D",.,"A",0,"D",.,"A"
"20103",2256353,57,0,"1",.,"A",.,"A",.,"A",.,"A",.,"A",.,"A",260,"D",.,"A",345,"F",.,"A",.,"A",.,"A",.,"A",.,"A",.,"A"
"20103",2256362,43,0,"1",.,"A",.,"A",.,"A",.,"A",.,"A",.,"A",.,"A",.,"A",.,"A",.,"A",.,"A",.,"A",.,"A",.,"A",.,"A"
"20103",2256403,66,0,"1",.,"A",.,"A",.,"A",.,"A",.,"A",.,"A",.,"A",.,"A",.,"A",.,"A",.,"A",.,"A",60,"D",.,"A",.,"A"
"20103",2256442,54,0,"1",.,"A",.,"A",.,"A",.,"A",.,"A",.,"A",.,"A",.,"A",.,"A",.,"A",.,"A",.,"A",20,"D",.,"A",.,"A"
"20103",2256452,40,0,"1",.,"A",.,"A",.,"A",.,"A",.,"A",.,"A",.,"A",.,"A",.,"A",.,"A",.,"A",.,"A",.,"A",.,"A",.,"A"
"20103",2256463,59,0,"1",.,"A",.,"A",.,"A",.,"A",.,"A",.,"A",.,"A",.,"A",.,"A",.,"A",.,"A",.,"A",.,"A",.,"A",.,"A"
"20103",2256493,28,0,"1",.,"A",.,"A",.,"A",.,"A",120,"D",.,"A",.,"A",.,"A",.,"A",.,"A",.,"A",.,"A",15,"D",.,"A",.,"A"
"20103",2256502,44,0,"1",.,"A",.,"A",.,"A",.,"A",50,"D",.,"A",.,"A",.,"A",6,"D",.,"A",.,"A",.,"A",20,"D",.,"A",.,"A"
"20103",2256523,52,0,"1",.,"A",.,"A",.,"A",.,"A",.,"A",.,"A",.,"A",.,"A",.,"A",.,"A",.,"A",.,"A",120,"D",.,"A",.,"A"
"20103",2256533,34,0,"1",50,"D",.,"A",.,"A",.,"A",150,"D",.,"A",728,"D",.,"A",.,"A",162,"D",0,"D",0,"D",135,"D",54,"D",.,"A"
"20103",2256552,42,0,"1",.,"A",.,"A",.,"A",.,"A",.,"A",.,"A",.,"A",.,"A",15,"D",.,"A",.,"A",.,"A",300,"D",.,"A",.,"A"
"20103",2256572,88,0,"1",20,"D",.,"A",.,"A",.,"A",0,"D",20,"D",.,"A",.,"A",36,"D",.,"A",.,"A",.,"A",85,"D",.,"A",.,"A"
"20103",2256583,47,0,"1",.,"A",.,"A",.,"A",.,"A",.,"A",.,"A",.,"A",.,"A",.,"A",.,"A",.,"A",.,"A",.,"A",.,"A",.,"A"
"20103",2256593,58,0,"1",.,"A",.,"A",.,"A",.,"A",.,"A",.,"A",1105,"D",.,"A",.,"A",.,"A",.,"A",.,"A",.,"A",.,"A",.,"A"
"20103",2256613,53,0,"1",.,"A",.,"A",.,"A",.,"A",.,"A",.,"A",.,"A",.,"A",.,"A",.,"A",.,"A",.,"A",33,"D",.,"A",.,"A"
"20103",2256622,82,0,"1",.,"A",.,"A",.,"A",.,"A",.,"A",.,"A",.,"A",.,"A",.,"A",.,"A",.,"A",.,"A",300,"D",.,"A",.,"A"
"20103",2256632,41,0,"1",.,"A",.,"A",.,"A",.,"A",.,"A",.,"A",.,"A",.,"A",15,"D",.,"A",.,"A",.,"A",.,"A",.,"A",.,"A"
"20103",2256693,30,0,"1",.,"A",.,"A",.,"A",150,"D",.,"A",.,"A",.,"A",.,"A",.,"A",.,"A",.,"A",.,"A",60,"D",.,"A",.,"A"
"20103",2256712,35,0,"1",.,"A",.,"A",.,"A",.,"A",.,"A",.,"A",.,"A",.,"A",.,"A",.,"A",.,"A",.,"A",.,"A",.,"A",.,"A"
"20103",2256724,49,0,"1",.,"A",.,"A",.,"A",.,"A",.,"A",.,"A",.,"A",.,"A",.,"A",.,"A",.,"A",.,"A",120,"D",.,"A",.,"A"
"20103",2256743,57,0,"1",.,"A",.,"A",.,"A",.,"A",.,"A",.,"A",.,"A",.,"A",.,"A",.,"A",.,"A",.,"A",900,"D",.,"A",.,"A"
"20103",2256752,52,0,"1",.,"A",.,"A",.,"A",.,"A",.,"A",.,"A",.,"A",.,"A",.,"A",.,"A",.,"A",.,"A",16,"D",.,"A",.,"A"
"20103",2256793,28,0,"1",30,"D",.,"A",.,"A",.,"A",90,"D",.,"A",.,"A",.,"A",.,"A",120,"D",0,"D",120,"D",.,"A",40,"D",.,"A"
"20103",2256815,45,0,"1",.,"A",.,"A",.,"A",.,"A",.,"A",.,"A",1820,"D",.,"A",.,"A",.,"A",.,"A",.,"A",50,"D",.,"A",.,"A"
"20103",2256822,46,0,"1",.,"A",.,"A",.,"A",.,"A",.,"A",.,"A",130,"D",.,"A",120,"D",.,"A",.,"A",.,"A",12,"D",.,"A",.,"A"
"20103",2256832,37,0,"1",.,"A",.,"A",.,"A",.,"A",.,"A",.,"A",.,"A",.,"A",.,"A",.,"A",.,"A",.,"A",.,"A",.,"A",.,"A"
"20103",2256852,72,0,"1",.,"A",.,"A",.,"A",.,"A",.,"A",.,"A",.,"A",.,"A",.,"A",.,"A",.,"A",.,"A",204,"D",.,"A",.,"A"
"20103",2256863,55,0,"1",.,"A",.,"A",.,"A",.,"A",.,"A",.,"A",.,"A",.,"A",.,"A",.,"A",.,"A",.,"A",150,"D",.,"A",.,"A"
"20103",2256883,53,0,"1",.,"A",.,"A",.,"A",.,"A",.,"A",30,"D",.,"A",.,"A",.,"A",30,"D",0,"D",0,"D",125,"D",10,"D",.,"A"
"20103",2256902,56,0,"1",.,"A",.,"A",.,"A",.,"A",10,"D",.,"A",.,"A",.,"A",.,"A",.,"A",.,"A",.,"A",.,"A",.,"A",.,"A"
"20103",2256932,32,0,"1",.,"A",.,"A",.,"A",.,"A",.,"A",.,"A",.,"A",.,"A",.,"A",.,"A",.,"A",.,"A",.,"A",.,"A",.,"A"
"20103",2256973,67,0,"1",.,"A",.,"A",.,"A",.,"A",.,"A",.,"A",.,"A",.,"A",.,"A",.,"A",.,"A",.,"A",70,"D",.,"A",.,"A"
"20103",2257003,61,0,"1",.,"A",.,"A",.,"A",.,"A",.,"A",180,"D",.,"A",.,"A",.,"A",.,"A",.,"A",.,"A",.,"A",.,"A",.,"A"
"20103",2257013,29,0,"1",.,"A",.,"A",.,"A",.,"A",.,"A",.,"A",.,"A",.,"A",.,"A",.,"A",.,"A",.,"A",.,"A",.,"A",.,"A"
"20103",2257022,24,0,"1",.,"A",.,"A",.,"A",.,"A",.,"A",.,"A",.,"A",.,"A",.,"A",.,"A",.,"A",.,"A",.,"A",.,"A",.,"A"
"20103",2257062,78,0,"1",.,"A",.,"A",.,"A",.,"A",.,"A",36,"D",.,"A",.,"A",33,"D",.,"A",.,"A",.,"A",35,"D",.,"A",.,"A"
"20103",2257073,78,0,"1",.,"A",.,"A",.,"A",17,"D",.,"A",.,"A",.,"A",.,"A",.,"A",.,"A",.,"A",.,"A",320,"D",.,"A",.,"A"
"20103",2257082,53,0,"1",.,"A",.,"A",.,"A",.,"A",.,"A",90,"D",.,"A",.,"A",.,"A",.,"A",.,"A",.,"A",40,"F",.,"A",.,"A"
"20103",2257132,44,0,"1",.,"A",.,"A",.,"A",.,"A",.,"A",.,"A",650,"D",.,"A",36,"D",.,"A",.,"A",.,"A",17,"D",.,"A",.,"A"
"20103",2257142,72,0,"1",.,"A",.,"A",35,"D",.,"A",.,"A",.,"A",.,"A",.,"A",.,"A",.,"A",.,"A",.,"A",90,"D",.,"A",.,"A"
"20103",2257153,40,0,"1",.,"A",.,"A",.,"A",.,"A",.,"A",.,"A",.,"A",.,"A",.,"A",.,"A",.,"A",.,"A",30,"D",.,"A",.,"A"
"20103",2257162,36,0,"1",.,"A",.,"A",10,"D",.,"A",.,"A",.,"A",.,"A",65,"D",.,"A",.,"A",.,"A",.,"A",30,"D",.,"A",.,"A"
"20103",2257173,53,0,"1",5,"D",.,"A",.,"A",.,"A",0,"D",.,"A",.,"A",.,"A",9,"D",.,"A",.,"A",.,"A",.,"A",.,"A",.,"A"
"20103",2257233,41,0,"1",.,"A",.,"A",.,"A",.,"A",.,"A",40,"D",.,"A",.,"A",.,"A",.,"A",.,"A",.,"A",150,"D",.,"A",.,"A"
"20103",2257243,72,0,"1",.,"A",.,"A",.,"A",.,"A",.,"A",.,"A",.,"A",.,"A",.,"A",.,"A",.,"A",.,"A",30,"D",.,"A",.,"A"
"20103",2257252,31,0,"1",.,"A",.,"A",.,"A",.,"A",.,"A",.,"A",.,"A",.,"A",.,"A",.,"A",.,"A",.,"A",.,"A",.,"A",.,"A"
"20103",2257293,25,0,"1",.,"A",.,"A",.,"A",.,"A",.,"A",.,"A",.,"A",.,"A",.,"A",.,"A",.,"A",.,"A",.,"A",.,"A",.,"A"
"20103",2257312,29,0,"1",.,"A",.,"A",.,"A",.,"A",180,"D",.,"A",.,"A",.,"A",.,"A",480,"D",0,"D",0,"D",72,"D",160,"D",.,"A"
"20103",2257322,32,0,"1",.,"A",.,"A",.,"A",.,"A",.,"A",.,"A",.,"A",.,"A",.,"A",0,"D",0,"D",135,"D",50,"D",0,"D",.,"A"
"20103",2257345,42,0,"1",.,"A",.,"A",.,"A",.,"A",.,"A",.,"A",52,"D",.,"A",.,"A",.,"A",.,"A",.,"A",24,"D",.,"A",.,"A"
"20103",2257352,35,0,"1",.,"A",.,"A",.,"A",.,"A",.,"A",.,"A",.,"A",.,"A",.,"A",.,"A",.,"A",.,"A",.,"A",.,"A",.,"A"
"20103",2257413,29,0,"1",.,"A",.,"A",.,"A",.,"A",.,"A",.,"A",.,"A",.,"A",.,"A",.,"A",.,"A",.,"A",.,"A",.,"A",.,"A"
"20103",2257423,49,0,"1",.,"A",.,"A",.,"A",.,"A",.,"A",.,"A",65,"D",.,"A",.,"A",.,"A",.,"A",.,"A",60,"D",.,"A",.,"A"
"20103",2257432,39,0,"1",.,"A",.,"A",.,"A",.,"A",.,"A",.,"A",.,"A",.,"A",.,"A",.,"A",.,"A",.,"A",120,"D",.,"A",.,"A"
"20103",2257453,50,0,"1",.,"A",.,"A",.,"A",.,"A",.,"A",40,"D",.,"A",.,"A",.,"A",.,"A",.,"A",.,"A",70,"D",.,"A",.,"A"
"20103",2257492,68,0,"1",.,"A",.,"A",.,"A",.,"A",.,"A",.,"A",.,"A",.,"A",.,"A",.,"A",.,"A",.,"A",90,"D",.,"A",.,"A"
"20103",2257522,63,0,"1",.,"A",.,"A",.,"A",.,"A",.,"A",.,"A",.,"A",.,"A",.,"A",0,"D",0,"D",30,"D",125,"D",0,"D",.,"A"
"20103",2257542,32,0,"1",.,"A",.,"A",.,"A",.,"A",.,"A",.,"A",.,"A",.,"A",.,"A",.,"A",.,"A",.,"A",.,"A",.,"A",.,"A"
"20103",2257553,62,0,"1",.,"A",.,"A",.,"A",.,"A",.,"A",.,"A",.,"A",.,"A",.,"A",.,"A",.,"A",.,"A",.,"A",.,"A",.,"A"
"20103",2257592,38,0,"1",.,"A",.,"A",.,"A",.,"A",.,"A",.,"A",260,"D",.,"A",.,"A",.,"A",.,"A",.,"A",50,"D",.,"A",.,"A"
"20103",2257603,30,0,"1",.,"A",.,"A",.,"A",.,"A",.,"A",.,"A",.,"A",.,"A",.,"A",.,"A",.,"A",.,"A",.,"A",.,"A",.,"A"
"20103",2257613,33,0,"1",.,"A",.,"A",.,"A",.,"A",.,"A",.,"A",.,"A",.,"A",.,"A",.,"A",.,"A",.,"A",20,"D",.,"A",.,"A"
"20103",2257703,80,0,"1",.,"A",.,"A",.,"A",80,"D",.,"A",.,"A",.,"A",.,"A",.,"A",0,"D",0,"D",150,"D",150,"D",0,"D",.,"A"
"20103",2257732,44,0,"1",.,"A",.,"A",.,"A",.,"A",.,"A",.,"A",.,"A",.,"A",.,"A",.,"A",.,"A",.,"A",.,"A",.,"A",.,"A"
"20103",2257743,45,0,"1",.,"A",.,"A",.,"A",15,"D",.,"A",15,"D",.,"A",.,"A",.,"A",.,"A",.,"A",.,"A",70,"D",.,"A",.,"A"
"20103",2257753,32,0,"1",.,"A",.,"A",.,"A",.,"A",.,"A",.,"A",.,"A",.,"A",.,"A",.,"A",.,"A",.,"A",.,"A",.,"A",.,"A"
"20103",2257773,34,0,"1",.,"A",.,"A",.,"A",.,"A",.,"A",.,"A",.,"A",.,"A",.,"A",.,"A",.,"A",.,"A",135,"D",.,"A",.,"A"
"20103",2257803,48,0,"1",.,"A",.,"A",.,"A",.,"A",.,"A",.,"A",.,"A",.,"A",.,"A",.,"A",.,"A",.,"A",15,"D",.,"A",.,"A"
"20103",2257833,72,0,"1",.,"A",.,"A",.,"A",.,"A",.,"A",.,"A",.,"A",.,"A",.,"A",.,"A",.,"A",.,"A",50,"D",.,"A",.,"A"
"20103",2257853,38,0,"1",.,"A",.,"A",.,"A",.,"A",.,"A",.,"A",.,"A",.,"A",.,"A",.,"A",.,"A",.,"A",.,"A",.,"A",.,"A"
"20103",2257863,34,0,"1",.,"A",.,"A",.,"A",.,"A",.,"A",.,"A",.,"A",.,"A",.,"A",222,"D",0,"D",0,"D",150,"D",74,"D",.,"A"
"20103",2257884,37,0,"1",.,"A",.,"A",.,"A",.,"A",.,"A",.,"A",.,"A",260,"D",.,"A",0,"D",0,"D",60,"D",.,"A",0,"D",.,"A"
"20103",2257912,48,0,"1",.,"A",.,"A",.,"A",.,"A",.,"A",.,"A",.,"A",.,"A",.,"A",.,"A",.,"A",.,"A",.,"A",.,"A",.,"A"
"20103",2257942,54,0,"1",.,"A",.,"A",.,"A",.,"A",.,"A",.,"A",.,"A",.,"A",.,"A",.,"A",.,"A",.,"A",91,"D",.,"A",.,"A"
"20103",2257962,27,0,"1",.,"A",.,"A",.,"A",.,"A",.,"A",.,"A",.,"A",.,"A",.,"A",.,"A",.,"A",.,"A",.,"A",.,"A",.,"A"
"20103",2257974,30,0,"1",.,"A",.,"A",.,"A",.,"A",.,"A",.,"A",325,"D",.,"A",.,"A",.,"A",.,"A",.,"A",.,"A",.,"A",.,"A"
"20103",2258012,35,0,"1",.,"A",.,"A",.,"A",.,"A",.,"A",.,"A",.,"A",.,"A",.,"A",.,"A",.,"A",.,"A",.,"A",.,"A",.,"A"
"20103",2258023,40,0,"1",.,"A",.,"A",.,"A",.,"A",.,"A",.,"A",.,"A",.,"A",.,"A",.,"A",.,"A",.,"A",60,"D",.,"A",.,"A"
"20103",2258043,52,0,"1",.,"A",.,"A",.,"A",.,"A",.,"A",30,"D",.,"A",.,"A",.,"A",.,"A",.,"A",.,"A",225,"D",.,"A",.,"A"
"20103",2258063,60,0,"1",.,"A",.,"A",.,"A",.,"A",.,"A",100,"D",.,"A",.,"A",.,"A",.,"A",.,"A",.,"A",60,"D",.,"A",.,"A"
"20103",2258072,54,0,"1",.,"A",.,"A",.,"A",.,"A",.,"A",.,"A",.,"A",.,"A",.,"A",.,"A",.,"A",.,"A",60,"D",.,"A",.,"A"
"20103",2258092,40,0,"1",.,"A",.,"A",.,"A",.,"A",120,"D",.,"A",.,"A",.,"A",.,"A",.,"A",.,"A",.,"A",10,"D",.,"A",.,"A"
"20103",2258103,35,0,"1",.,"A",.,"A",.,"A",.,"A",.,"A",.,"A",.,"A",.,"A",.,"A",120,"D",0,"D",0,"D",.,"A",40,"D",.,"A"
"20103",2258113,88,0,"1",.,"A",.,"A",.,"A",.,"A",.,"A",60,"D",.,"A",.,"A",.,"A",210,"D",45,"D",0,"D",435,"D",70,"D",.,"A"
"20103",2258183,71,0,"1",.,"A",.,"A",.,"A",.,"A",.,"A",50,"D",.,"A",.,"A",.,"A",792,"D",0,"D",0,"D",.,"A",264,"D",.,"A"
"20103",2258192,66,0,"1",.,"A",.,"A",.,"A",.,"A",.,"A",.,"A",.,"A",.,"A",.,"A",.,"A",.,"A",.,"A",.,"A",.,"A",.,"A"
"20103",2258203,85,0,"1",.,"A",.,"A",.,"A",.,"A",.,"A",.,"A",.,"A",.,"A",.,"A",.,"A",.,"A",.,"A",355,"D",.,"A",.,"A"
"20103",2258232,53,0,"1",.,"A",.,"A",.,"A",.,"A",240,"D",.,"A",.,"A",.,"A",36,"D",0,"D",0,"D",60,"D",50,"D",0,"D",.,"A"
"20103",2258263,51,0,"1",.,"A",.,"A",.,"A",.,"A",.,"A",.,"A",.,"A",195,"D",.,"A",.,"A",.,"A",.,"A",40,"D",.,"A",.,"A"
"20103",2258273,31,0,"1",.,"A",.,"A",.,"A",.,"A",.,"A",.,"A",.,"A",.,"A",.,"A",.,"A",.,"A",.,"A",.,"A",.,"A",.,"A"
"20103",2258282,75,0,"1",.,"A",.,"A",.,"A",.,"A",.,"A",.,"A",325,"D",.,"A",30,"D",.,"A",.,"A",.,"A",140,"D",.,"A",.,"A"
"20103",2258313,65,0,"1",.,"A",.,"A",.,"A",.,"A",.,"A",.,"A",.,"A",.,"A",.,"A",.,"A",.,"A",.,"A",70,"D",.,"A",.,"A"
"20103",2258322,50,0,"1",.,"A",.,"A",.,"A",.,"A",.,"A",.,"A",.,"A",.,"A",.,"A",.,"A",.,"A",.,"A",.,"A",.,"A",.,"A"
"20103",2258342,45,0,"1",.,"A",.,"A",.,"A",.,"A",.,"A",15,"D",.,"A",.,"A",.,"A",150,"D",0,"D",0,"D",50,"D",50,"D",.,"A"
"20103",2258352,23,0,"1",.,"A",.,"A",.,"A",.,"A",.,"A",.,"A",.,"A",.,"A",.,"A",.,"A",.,"A",.,"A",.,"A",.,"A",.,"A"
"20103",2258363,34,0,"1",.,"A",.,"A",.,"A",.,"A",.,"A",.,"A",.,"A",.,"A",.,"A",.,"A",.,"A",.,"A",.,"A",.,"A",.,"A"
"20103",2258373,42,0,"1",25,"D",.,"A",.,"A",.,"A",125,"D",.,"A",.,"A",.,"A",.,"A",.,"A",.,"A",.,"A",125,"D",.,"A",.,"A"
"20103",2258383,30,0,"1",.,"A",.,"A",.,"A",.,"A",.,"A",.,"A",.,"A",.,"A",.,"A",.,"A",.,"A",.,"A",.,"A",.,"A",.,"A"
"20103",2258393,61,0,"1",.,"A",.,"A",.,"A",.,"A",.,"A",.,"A",.,"A",.,"A",.,"A",.,"A",.,"A",.,"A",.,"A",.,"A",.,"A"
"20103",2258423,34,0,"1",.,"A",.,"A",.,"A",.,"A",.,"A",.,"A",.,"A",.,"A",.,"A",.,"A",.,"A",.,"A",.,"A",.,"A",.,"A"
"20103",2258432,44,0,"1",.,"A",.,"A",.,"A",.,"A",.,"A",.,"A",.,"A",.,"A",.,"A",.,"A",.,"A",.,"A",.,"A",.,"A",.,"A"
"20103",2258482,74,0,"1",.,"A",.,"A",.,"A",.,"A",.,"A",.,"A",.,"A",.,"A",.,"A",.,"A",.,"A",.,"A",55,"D",.,"A",.,"A"
"20103",2258503,58,0,"1",.,"A",.,"A",.,"A",.,"A",.,"A",.,"A",.,"A",.,"A",.,"A",.,"A",.,"A",.,"A",25,"D",.,"A",.,"A"
"20103",2258532,46,0,"1",.,"A",.,"A",.,"A",.,"A",.,"A",.,"A",.,"A",.,"A",.,"A",.,"A",.,"A",.,"A",60,"D",.,"A",.,"A"
"20103",2258552,29,0,"1",.,"A",.,"A",.,"A",.,"A",90,"D",.,"A",.,"A",.,"A",.,"A",.,"A",.,"A",.,"A",.,"A",.,"A",.,"A"
"20103",2258572,31,0,"1",.,"A",.,"A",.,"A",.,"A",.,"A",.,"A",.,"A",.,"A",.,"A",.,"A",.,"A",.,"A",.,"A",.,"A",.,"A"
"20103",2258603,64,0,"1",.,"A",.,"A",.,"A",.,"A",.,"A",100,"D",.,"A",.,"A",.,"A",.,"A",.,"A",.,"A",200,"D",.,"A",.,"A"
"20103",2258613,47,0,"1",.,"A",.,"A",.,"A",.,"A",.,"A",.,"A",.,"A",.,"A",.,"A",.,"A",.,"A",.,"A",.,"A",.,"A",.,"A"
"20103",2258652,26,0,"1",.,"A",.,"A",.,"A",.,"A",.,"A",.,"A",65,"D",.,"A",.,"A",.,"A",.,"A",.,"A",24,"D",.,"A",.,"A"
"20103",2258664,40,0,"1",.,"A",.,"A",.,"A",.,"A",.,"A",.,"A",.,"A",.,"A",.,"A",.,"A",.,"A",.,"A",.,"A",.,"A",.,"A"
"20103",2258672,60,0,"1",.,"A",.,"A",.,"A",.,"A",.,"A",.,"A",.,"A",.,"A",.,"A",.,"A",.,"A",.,"A",18,"D",.,"A",.,"A"
"20103",2258683,40,0,"1",.,"A",.,"A",.,"A",.,"A",180,"D",60,"D",.,"A",.,"A",.,"A",.,"A",.,"A",.,"A",120,"D",.,"A",.,"A"
"20103",2258732,70,0,"1",.,"A",.,"A",.,"A",.,"A",.,"A",.,"A",.,"A",.,"A",60,"D",.,"A",.,"A",.,"A",75,"D",.,"A",.,"A"
"20103",2258773,45,0,"1",.,"A",.,"A",.,"A",.,"A",.,"A",.,"A",.,"A",.,"A",.,"A",.,"A",.,"A",.,"A",10,"D",.,"A",.,"A"
"20103",2258793,47,0,"1",.,"A",.,"A",.,"A",.,"A",15,"D",.,"A",.,"A",.,"A",.,"A",.,"A",.,"A",.,"A",25,"D",.,"A",.,"A"
"20103",2258803,59,0,"1",.,"A",.,"A",.,"A",.,"A",.,"A",.,"A",.,"A",.,"A",.,"A",.,"A",.,"A",.,"A",210,"D",.,"A",.,"A"
"20103",2258823,38,0,"1",.,"A",.,"A",.,"A",.,"A",.,"A",.,"A",.,"A",.,"A",.,"A",.,"A",.,"A",.,"A",60,"D",.,"A",.,"A"
"20103",2258832,60,0,"1",.,"A",.,"A",.,"A",.,"A",.,"A",40,"D",.,"A",.,"A",.,"A",.,"A",.,"A",.,"A",40,"D",.,"A",.,"A"
"20103",2258852,40,0,"1",.,"A",.,"A",.,"A",.,"A",.,"A",.,"A",.,"A",.,"A",.,"A",.,"A",.,"A",.,"A",90,"D",.,"A",.,"A"
"20103",2258892,54,0,"1",.,"A",.,"A",.,"A",.,"A",.,"A",.,"A",.,"A",.,"A",.,"A",.,"A",.,"A",.,"A",.,"A",.,"A",.,"A"
"20103",2258903,64,0,"1",.,"A",.,"A",.,"A",.,"A",.,"A",.,"A",.,"A",.,"A",.,"A",.,"A",.,"A",.,"A",200,"D",.,"A",.,"A"
"20103",2258913,33,0,"1",40,"D",.,"A",.,"A",.,"A",116,"D",.,"A",.,"A",.,"A",.,"A",.,"A",.,"A",.,"A",75,"D",.,"A",.,"A"
"20103",2258955,50,0,"1",.,"A",.,"A",.,"A",.,"A",30,"D",.,"A",.,"A",.,"A",.,"A",.,"A",.,"A",.,"A",.,"A",.,"A",.,"A"
"20103",2258962,44,0,"1",.,"A",.,"A",.,"A",.,"A",16,"D",.,"A",.,"A",.,"A",.,"A",.,"A",.,"A",.,"A",5,"D",.,"A",.,"A"
"20103",2258982,46,0,"1",.,"A",.,"A",.,"A",.,"A",.,"A",.,"A",.,"A",.,"A",.,"A",.,"A",.,"A",.,"A",30,"D",.,"A",.,"A"
"20103",2258992,46,0,"1",.,"A",.,"A",.,"A",.,"A",.,"A",.,"A",936,"D",.,"A",.,"A",.,"A",.,"A",.,"A",35,"D",.,"A",.,"A"
"20103",2259002,48,0,"1",.,"A",.,"A",.,"A",.,"A",60,"D",60,"D",.,"A",.,"A",.,"A",.,"A",.,"A",.,"A",.,"A",.,"A",.,"A"
"20103",2259013,44,0,"1",.,"A",.,"A",.,"A",.,"A",.,"A",.,"A",.,"A",.,"A",.,"A",.,"A",.,"A",.,"A",.,"A",.,"A",.,"A"
"20103",2259043,59,0,"1",.,"A",.,"A",.,"A",.,"A",90,"D",.,"A",.,"A",.,"A",.,"A",.,"A",.,"A",.,"A",.,"A",.,"A",.,"A"
"20103",2259072,69,0,"1",.,"A",.,"A",.,"A",.,"A",.,"A",.,"A",.,"A",.,"A",.,"A",.,"A",.,"A",.,"A",10,"D",.,"A",.,"A"
"20103",2259092,89,0,"1",.,"A",.,"A",.,"A",.,"A",.,"A",60,"D",.,"A",.,"A",75,"D",.,"A",.,"A",.,"A",100,"D",.,"A",.,"A"
"20103",2259122,34,0,"1",.,"A",.,"A",.,"A",.,"A",5,"D",.,"A",.,"A",.,"A",.,"A",.,"A",.,"A",.,"A",96,"D",.,"A",.,"A"
"20103",2259132,54,0,"1",.,"A",.,"A",.,"A",.,"A",.,"A",.,"A",.,"A",.,"A",.,"A",.,"A",.,"A",.,"A",24,"D",.,"A",.,"A"
"20103",2259153,30,0,"1",.,"A",.,"A",.,"A",.,"A",.,"A",.,"A",.,"A",.,"A",.,"A",.,"A",.,"A",.,"A",.,"A",.,"A",.,"A"
"20103",2259193,68,0,"1",.,"A",.,"A",.,"A",.,"A",.,"A",.,"A",.,"A",.,"A",.,"A",.,"A",.,"A",.,"A",535,"D",.,"A",.,"A"
"20103",2259202,43,0,"1",.,"A",.,"A",.,"A",.,"A",.,"A",.,"A",.,"A",.,"A",.,"A",.,"A",.,"A",.,"A",10,"D",.,"A",.,"A"
"20103",2259213,58,0,"1",.,"A",.,"A",.,"A",.,"A",.,"A",.,"A",.,"A",.,"A",.,"A",.,"A",.,"A",.,"A",.,"A",.,"A",.,"A"
"20103",2259222,40,0,"1",.,"A",.,"A",.,"A",.,"A",.,"A",.,"A",.,"A",.,"A",.,"A",.,"A",.,"A",.,"A",.,"A",.,"A",.,"A"
"20103",2259283,54,0,"1",.,"A",.,"A",.,"A",.,"A",120,"D",.,"A",.,"A",.,"A",.,"A",.,"A",.,"A",.,"A",35,"D",.,"A",.,"A"
"20103",2259293,50,0,"1",.,"A",.,"A",.,"A",.,"A",.,"A",200,"D",.,"A",.,"A",.,"A",.,"A",.,"A",.,"A",75,"D",.,"A",.,"A"
"20103",2259302,49,0,"1",.,"A",.,"A",.,"A",.,"A",.,"A",.,"A",.,"A",.,"A",.,"A",.,"A",.,"A",.,"A",55,"D",.,"A",.,"A"
"20103",2259322,43,0,"1",.,"A",.,"A",.,"A",.,"A",.,"A",.,"A",.,"A",.,"A",.,"A",.,"A",.,"A",.,"A",18,"D",.,"A",.,"A"
"20103",2259342,39,0,"1",.,"A",.,"A",.,"A",.,"A",.,"A",.,"A",.,"A",.,"A",.,"A",.,"A",.,"A",.,"A",45,"D",.,"A",.,"A"
"20103",2259353,62,0,"1",.,"A",.,"A",.,"A",.,"A",.,"A",.,"A",.,"A",.,"A",.,"A",.,"A",.,"A",.,"A",155,"D",.,"A",.,"A"
"20103",2259363,51,0,"1",.,"A",.,"A",.,"A",.,"A",.,"A",.,"A",.,"A",.,"A",.,"A",.,"A",.,"A",.,"A",.,"A",.,"A",.,"A"
"20103",2259372,46,0,"1",.,"A",.,"A",.,"A",.,"A",.,"A",.,"A",.,"A",104,"D",.,"A",.,"A",.,"A",.,"A",160,"D",.,"A",.,"A"
"20103",2259383,58,0,"1",.,"A",.,"A",.,"A",.,"A",.,"A",30,"D",.,"A",.,"A",.,"A",105,"D",0,"D",36,"D",300,"D",35,"D",110,"D"
"20103",2259402,35,0,"1",.,"A",.,"A",.,"A",.,"A",.,"A",.,"A",780,"D",.,"A",30,"F",.,"A",.,"A",.,"A",.,"A",.,"A",.,"A"
"20103",2259422,25,0,"1",.,"A",.,"A",.,"A",.,"A",10,"D",.,"A",195,"F",.,"A",12,"D",.,"A",.,"A",.,"A",.,"A",.,"A",.,"A"
"20103",2259443,36,0,"1",.,"A",.,"A",.,"A",.,"A",.,"A",.,"A",.,"A",.,"A",.,"A",.,"A",.,"A",.,"A",.,"A",.,"A",.,"A"
"20103",2259452,28,0,"1",.,"A",.,"A",.,"A",.,"A",10,"D",.,"A",.,"A",.,"A",.,"A",.,"A",.,"A",.,"A",.,"A",.,"A",.,"A"
"20103",2259492,38,0,"1",.,"A",.,"A",.,"A",.,"A",.,"A",.,"A",.,"A",.,"A",.,"A",.,"A",.,"A",.,"A",.,"A",.,"A",.,"A"
"20103",2259502,27,0,"1",.,"A",.,"A",.,"A",.,"A",120,"D",.,"A",.,"A",.,"A",.,"A",.,"A",.,"A",.,"A",.,"A",.,"A",.,"A"
"20103",2259522,76,0,"1",.,"A",.,"A",.,"A",.,"A",.,"A",400,"D",.,"A",.,"A",.,"A",.,"A",.,"A",.,"A",300,"D",.,"A",.,"A"
"20103",2259542,87,0,"1",.,"A",.,"A",.,"A",.,"A",.,"A",.,"A",.,"A",.,"A",.,"A",.,"A",.,"A",.,"A",475,"D",.,"A",.,"A"
"20103",2259552,47,0,"1",20,"D",.,"A",.,"A",.,"A",160,"D",.,"A",390,"D",.,"A",.,"A",0,"D",150,"D",0,"D",.,"A",0,"D",.,"A"
"20103",2259572,26,0,"1",.,"A",.,"A",.,"A",.,"A",.,"A",.,"A",.,"A",.,"A",.,"A",.,"A",.,"A",.,"A",.,"A",.,"A",.,"A"
"20103",2259615,41,0,"1",.,"A",.,"A",.,"A",.,"A",20,"D",.,"A",.,"A",.,"A",36,"D",300,"D",0,"D",0,"D",28,"D",100,"D",.,"A"
"20103",2259623,25,0,"1",.,"A",.,"A",.,"A",.,"A",.,"A",.,"A",.,"A",.,"A",.,"A",.,"A",.,"A",.,"A",120,"D",.,"A",.,"A"
"20103",2259652,32,0,"1",.,"A",.,"A",.,"A",.,"A",.,"A",.,"A",.,"A",.,"A",.,"A",.,"A",.,"A",.,"A",.,"A",.,"A",.,"A"
"20103",2259663,44,0,"1",.,"A",.,"A",.,"A",.,"A",.,"A",.,"A",.,"A",.,"A",.,"A",.,"A",.,"A",.,"A",.,"A",.,"A",.,"A"
"20103",2259673,36,0,"1",.,"A",.,"A",.,"A",.,"A",.,"A",.,"A",.,"A",.,"A",.,"A",.,"A",.,"A",.,"A",.,"A",.,"A",.,"A"
"20103",2259722,28,0,"1",30,"D",.,"A",.,"A",60,"D",60,"D",.,"A",520,"D",.,"A",.,"A",0,"D",0,"D",30,"D",.,"A",0,"D",.,"A"
"20103",2259743,59,0,"1",.,"A",.,"A",.,"A",.,"A",80,"D",.,"A",.,"A",.,"A",30,"D",.,"A",.,"A",.,"A",40,"D",.,"A",.,"A"
"20103",2259752,29,0,"1",.,"A",.,"A",.,"A",.,"A",60,"D",.,"A",.,"A",.,"A",.,"A",0,"D",0,"D",45,"D",15,"D",0,"D",.,"A"
"20103",2259773,26,0,"1",.,"A",.,"A",.,"A",.,"A",75,"D",.,"A",.,"A",.,"A",.,"A",.,"A",.,"A",.,"A",10,"D",.,"A",.,"A"
"20103",2259783,33,0,"1",.,"A",.,"A",.,"A",.,"A",.,"A",.,"A",.,"A",.,"A",.,"A",.,"A",.,"A",.,"A",.,"A",.,"A",.,"A"
"20103",2259813,30,0,"1",.,"A",.,"A",.,"A",.,"A",100,"D",.,"A",.,"A",.,"A",.,"A",0,"D",0,"D",180,"D",350,"D",0,"D",.,"A"
"20103",2259863,50,0,"1",.,"A",.,"A",.,"A",.,"A",.,"A",.,"A",.,"A",.,"A",.,"A",.,"A",.,"A",.,"A",.,"A",.,"A",.,"A"
"20103",2259882,42,0,"1",.,"A",.,"A",.,"A",.,"A",.,"A",.,"A",.,"A",.,"A",30,"F",.,"A",.,"A",.,"A",.,"A",.,"A",.,"A"
"20103",2259903,38,0,"1",.,"A",.,"A",.,"A",.,"A",.,"A",.,"A",.,"A",650,"D",.,"A",.,"A",.,"A",.,"A",.,"A",.,"A",.,"A"
"20103",2259913,57,0,"1",6,"D",.,"A",.,"A",.,"A",18,"D",.,"A",.,"A",.,"A",36,"D",.,"A",.,"A",.,"A",.,"A",.,"A",.,"A"
"20103",2259942,46,0,"1",.,"A",.,"A",.,"A",.,"A",.,"A",.,"A",637,"D",.,"A",.,"A",.,"A",.,"A",.,"A",.,"A",.,"A",.,"A"
"20103",2259992,37,0,"1",.,"A",.,"A",.,"A",.,"A",.,"A",.,"A",.,"A",.,"A",.,"A",.,"A",.,"A",.,"A",.,"A",.,"A",.,"A"
"20103",2260023,23,0,"1",.,"A",.,"A",.,"A",.,"A",.,"A",.,"A",.,"A",.,"A",.,"A",.,"A",.,"A",.,"A",.,"A",.,"A",.,"A"
"20103",2260032,86,0,"1",.,"A",.,"A",.,"A",.,"A",.,"A",.,"A",.,"A",.,"A",.,"A",.,"A",.,"A",.,"A",37,"D",.,"A",.,"A"
"20103",2260042,29,0,"1",60,"D",.,"A",.,"A",.,"A",60,"D",.,"A",.,"A",.,"A",300,"F",210,"D",210,"D",0,"D",50,"D",70,"D",.,"A"
"20103",2260073,37,0,"1",.,"A",.,"A",.,"A",.,"A",60,"D",.,"A",.,"A",.,"A",.,"A",.,"A",.,"A",.,"A",40,"D",.,"A",.,"A"
"20103",2260082,49,0,"1",.,"A",.,"A",.,"A",.,"A",.,"A",.,"A",.,"A",.,"A",.,"A",0,"D",0,"D",60,"D",225,"D",0,"D",.,"A"
"20103",2260102,30,0,"1",.,"A",.,"A",.,"A",.,"A",.,"A",.,"A",.,"A",.,"A",.,"A",.,"A",.,"A",.,"A",.,"A",.,"A",.,"A"
"20103",2260122,56,0,"1",.,"A",.,"A",.,"A",.,"A",.,"A",.,"A",.,"A",.,"A",30,"D",.,"A",.,"A",.,"A",35,"D",.,"A",.,"A"
"20103",2260152,46,0,"1",.,"A",.,"A",.,"A",.,"A",.,"A",.,"A",195,"D",.,"A",.,"A",.,"A",.,"A",.,"A",20,"D",.,"A",.,"A"
"20103",2260173,61,0,"1",.,"A",.,"A",.,"A",.,"A",.,"A",.,"A",.,"A",.,"A",.,"A",.,"A",.,"A",.,"A",30,"D",.,"A",.,"A"
"20103",2260182,55,0,"1",.,"A",.,"A",.,"A",.,"A",.,"A",90,"D",364,"D",.,"A",.,"A",.,"A",.,"A",.,"A",90,"D",.,"A",.,"A"
"20103",2260232,57,0,"1",.,"A",.,"A",.,"A",.,"A",.,"A",60,"D",208,"D",.,"A",.,"A",.,"A",.,"A",.,"A",125,"D",.,"A",.,"A"
"20103",2260253,42,0,"1",.,"A",.,"A",.,"A",.,"A",12,"D",.,"A",.,"A",.,"A",.,"A",.,"A",.,"A",.,"A",.,"A",.,"A",.,"A"
"20103",2260273,56,0,"1",.,"A",.,"A",.,"A",.,"A",.,"A",.,"A",585,"D",.,"A",24,"D",.,"A",.,"A",.,"A",.,"A",.,"A",.,"A"
"20103",2260303,21,0,"1",.,"A",.,"A",.,"A",.,"A",.,"A",.,"A",.,"A",.,"A",.,"A",.,"A",.,"A",.,"A",.,"A",.,"A",.,"A"
"20103",2260312,64,0,"1",.,"A",.,"A",.,"A",.,"A",.,"A",.,"A",260,"F",.,"A",30,"D",.,"A",.,"A",.,"A",40,"D",.,"A",.,"A"
"20103",2260323,63,0,"1",.,"A",.,"A",.,"A",.,"A",.,"A",.,"A",.,"A",.,"A",12,"D",.,"A",.,"A",.,"A",300,"D",.,"A",.,"A"
"20103",2260333,42,0,"1",.,"A",.,"A",.,"A",.,"A",.,"A",.,"A",.,"A",.,"A",.,"A",.,"A",.,"A",.,"A",50,"D",.,"A",.,"A"
"20103",2260343,81,0,"1",.,"A",.,"A",.,"A",.,"A",.,"A",.,"A",.,"A",.,"A",.,"A",.,"A",.,"A",.,"A",.,"A",.,"A",.,"A"
"20103",2260365,48,0,"1",.,"A",.,"A",.,"A",.,"A",.,"A",.,"A",.,"A",.,"A",.,"A",.,"A",.,"A",.,"A",75,"D",.,"A",.,"A"
"20103",2260423,49,0,"1",.,"A",.,"A",.,"A",.,"A",.,"A",.,"A",.,"A",.,"A",.,"A",.,"A",.,"A",.,"A",74,"D",.,"A",.,"A"
"20103",2260433,38,0,"1",.,"A",.,"A",.,"A",.,"A",.,"A",.,"A",.,"A",.,"A",15,"D",.,"A",.,"A",.,"A",15,"D",.,"A",.,"A"
"20103",2260442,66,0,"1",.,"A",.,"A",.,"A",.,"A",.,"A",.,"A",.,"A",.,"A",.,"A",.,"A",.,"A",.,"A",100,"D",.,"A",.,"A"
"20103",2260453,51,0,"1",.,"A",.,"A",.,"A",.,"A",.,"A",.,"A",.,"A",.,"A",.,"A",.,"A",.,"A",.,"A",100,"D",.,"A",.,"A"
"20103",2260462,38,0,"1",.,"A",.,"A",.,"A",.,"A",.,"A",.,"A",.,"A",.,"A",.,"A",.,"A",.,"A",.,"A",200,"D",.,"A",.,"A"
"20103",2260483,36,0,"1",.,"A",.,"A",.,"A",.,"A",.,"A",.,"A",.,"A",.,"A",.,"A",.,"A",.,"A",.,"A",.,"A",.,"A",.,"A"
"20103",2260523,85,0,"1",.,"A",.,"A",5,"D",.,"A",.,"A",.,"A",.,"A",156,"D",24,"D",.,"A",.,"A",.,"A",40,"D",.,"A",.,"A"
"20103",2260533,49,0,"1",.,"A",.,"A",.,"A",.,"A",.,"A",75,"D",234,"D",.,"A",.,"A",.,"A",.,"A",.,"A",60,"D",.,"A",.,"A"
"20103",2260552,43,0,"1",.,"A",.,"A",.,"A",.,"A",56,"D",.,"A",.,"A",.,"A",.,"A",.,"A",.,"A",.,"A",20,"D",.,"A",.,"A"
"20103",2260572,94,0,"1",.,"A",.,"A",.,"A",.,"A",.,"A",35,"D",.,"A",.,"A",21,"D",.,"A",.,"A",.,"A",300,"D",.,"A",.,"A"
"20103",2260593,42,0,"1",.,"A",.,"A",.,"A",60,"D",.,"A",.,"A",.,"A",.,"A",.,"A",.,"A",.,"A",.,"A",210,"D",.,"A",.,"A"
"20103",2260632,31,0,"1",7,"D",.,"A",.,"A",.,"A",13,"D",.,"A",.,"A",.,"A",.,"A",252,"D",90,"D",3,"F",60,"D",84,"D",.,"A"
"20103",2260642,54,0,"1",.,"A",.,"A",.,"A",.,"A",.,"A",.,"A",780,"D",.,"A",.,"A",.,"A",.,"A",.,"A",20,"D",.,"A",.,"A"
"20103",2260653,57,0,"1",.,"A",.,"A",.,"A",.,"A",.,"A",.,"A",.,"A",.,"A",.,"A",.,"A",.,"A",.,"A",.,"A",.,"A",.,"A"
"20103",2260663,42,0,"1",.,"A",.,"A",.,"A",.,"A",.,"A",.,"A",910,"D",.,"A",.,"A",.,"A",.,"A",.,"A",.,"A",.,"A",.,"A"
"20103",2260673,42,0,"1",5,"D",.,"A",.,"A",.,"A",20,"D",.,"A",.,"A",.,"A",6,"F",.,"A",.,"A",.,"A",.,"A",.,"A",.,"A"
"20103",2260682,27,0,"1",.,"A",.,"A",.,"A",.,"A",106,"D",.,"A",.,"A",.,"A",.,"A",.,"A",.,"A",.,"A",50,"D",.,"A",.,"A"
"20103",2260702,50,0,"1",.,"A",.,"A",.,"A",.,"A",.,"A",.,"A",325,"D",.,"A",.,"A",.,"A",.,"A",.,"A",125,"D",.,"A",.,"A"
"20103",2260713,45,0,"1",.,"A",.,"A",.,"A",.,"A",.,"A",.,"A",.,"A",.,"A",24,"D",.,"A",.,"A",.,"A",26,"D",.,"A",.,"A"
"20103",2260752,80,0,"1",.,"A",.,"A",.,"A",.,"A",.,"A",30,"D",.,"A",.,"A",.,"A",.,"A",.,"A",.,"A",150,"D",.,"A",.,"A"
"20103",2260762,27,0,"1",.,"A",.,"A",.,"A",.,"A",.,"A",.,"A",.,"A",.,"A",.,"A",.,"A",.,"A",.,"A",.,"A",.,"A",.,"A"
"20103",2260782,35,0,"1",.,"A",.,"A",.,"A",.,"A",.,"A",.,"A",.,"A",.,"A",.,"A",.,"A",.,"A",.,"A",30,"D",.,"A",.,"A"
"20103",2260792,38,0,"1",.,"A",.,"A",.,"A",.,"A",.,"A",.,"A",.,"A",.,"A",.,"A",.,"A",.,"A",.,"A",.,"A",.,"A",.,"A"
"20103",2260802,91,0,"1",40,"D",.,"A",.,"A",.,"A",0,"D",.,"A",.,"A",.,"A",.,"A",.,"A",.,"A",.,"A",155,"D",.,"A",.,"A"
"20103",2260832,49,0,"1",.,"A",.,"A",16,"D",.,"A",.,"A",.,"A",.,"A",.,"A",.,"A",.,"A",.,"A",.,"A",8,"D",.,"A",.,"A"
"20103",2260873,42,0,"1",.,"A",.,"A",.,"A",.,"A",.,"A",.,"A",195,"D",.,"A",.,"A",.,"A",.,"A",.,"A",.,"A",.,"A",.,"A"
"20103",2260882,38,0,"1",.,"A",.,"A",.,"A",.,"A",.,"A",.,"A",.,"A",.,"A",.,"A",.,"A",.,"A",.,"A",85,"D",.,"A",.,"A"
"20103",2260912,40,0,"1",.,"A",.,"A",.,"A",.,"A",.,"A",.,"A",.,"A",.,"A",.,"A",.,"A",.,"A",.,"A",.,"A",.,"A",.,"A"
"20103",2260942,33,0,"1",.,"A",.,"A",.,"A",.,"A",.,"A",.,"A",.,"A",.,"A",.,"A",.,"A",.,"A",.,"A",.,"A",.,"A",.,"A"
"20103",2260952,67,0,"1",.,"A",.,"A",.,"A",200,"D",.,"A",.,"A",.,"A",.,"A",45,"D",.,"A",.,"A",.,"A",300,"D",.,"A",.,"A"
"20103",2260972,40,0,"1",.,"A",.,"A",.,"A",.,"A",.,"A",114,"D",.,"A",.,"A",.,"A",.,"A",.,"A",.,"A",.,"A",.,"A",.,"A"
"20103",2260983,55,0,"1",.,"A",.,"A",.,"A",.,"A",.,"A",.,"A",.,"A",.,"A",.,"A",.,"A",.,"A",.,"A",30,"D",.,"A",.,"A"
"20103",2261035,27,0,"1",.,"A",.,"A",.,"A",.,"A",.,"A",.,"A",.,"A",.,"A",.,"A",.,"A",.,"A",.,"A",.,"A",.,"A",.,"A"
"20103",2261042,73,0,"1",.,"A",.,"A",.,"A",.,"A",.,"A",.,"A",.,"A",.,"A",.,"A",.,"A",.,"A",.,"A",46,"D",.,"A",.,"A"
"20103",2261053,39,0,"1",.,"A",.,"A",.,"A",.,"A",.,"A",.,"A",.,"A",.,"A",.,"A",.,"A",.,"A",.,"A",113,"D",.,"A",.,"A"
"20103",2261073,59,0,"1",.,"A",.,"A",.,"A",.,"A",200,"D",.,"A",.,"A",.,"A",.,"A",.,"A",.,"A",.,"A",30,"D",.,"A",.,"A"
"20103",2261082,46,0,"1",10,"D",.,"A",.,"A",.,"A",65,"D",.,"A",.,"A",.,"A",9,"D",.,"A",.,"A",.,"A",100,"D",.,"A",.,"A"
"20103",2261093,39,0,"1",.,"A",.,"A",.,"A",.,"A",.,"A",.,"A",.,"A",.,"A",.,"A",.,"A",.,"A",.,"A",.,"A",.,"A",.,"A"
"20103",2261102,61,0,"1",.,"A",.,"A",.,"A",.,"A",.,"A",.,"A",.,"A",.,"A",.,"A",.,"A",.,"A",.,"A",200,"D",.,"A",.,"A"
"20103",2261113,52,0,"1",.,"A",.,"A",.,"A",.,"A",.,"A",.,"A",.,"A",325,"D",.,"A",.,"A",.,"A",.,"A",80,"D",.,"A",.,"A"
"20103",2261132,63,0,"1",.,"A",.,"A",.,"A",.,"A",.,"A",.,"A",.,"A",.,"A",.,"A",.,"A",.,"A",.,"A",.,"A",.,"A",.,"A"
"20103",2261152,46,0,"1",.,"A",.,"A",.,"A",.,"A",.,"A",.,"A",.,"A",.,"A",.,"A",.,"A",.,"A",.,"A",60,"D",.,"A",.,"A"
"20103",2261163,35,0,"1",.,"A",.,"A",.,"A",.,"A",120,"D",.,"A",.,"A",.,"A",.,"A",0,"D",0,"D",180,"D",.,"A",0,"D",.,"A"
"20103",2261182,49,0,"1",.,"A",.,"A",.,"A",.,"A",.,"A",40,"D",.,"A",.,"A",.,"A",.,"A",.,"A",.,"A",80,"D",.,"A",.,"A"
"20103",2261202,51,0,"1",.,"A",.,"A",.,"A",40,"D",.,"A",.,"A",.,"A",.,"A",.,"A",.,"A",.,"A",.,"A",.,"A",.,"A",.,"A"
"20103",2261233,48,0,"1",.,"A",.,"A",.,"A",.,"A",.,"A",.,"A",.,"A",.,"A",18,"D",.,"A",.,"A",.,"A",225,"D",.,"A",.,"A"
"20103",2261242,52,0,"1",.,"A",.,"A",.,"A",.,"A",.,"A",.,"A",.,"A",.,"A",.,"A",.,"A",.,"A",.,"A",40,"D",.,"A",.,"A"
"20103",2261253,78,0,"1",.,"A",.,"A",.,"A",.,"A",.,"A",20,"D",.,"A",.,"A",.,"A",.,"A",.,"A",.,"A",362,"D",.,"A",.,"A"
"20103",2261272,77,0,"1",.,"A",.,"A",.,"A",.,"A",.,"A",26,"D",.,"A",.,"A",.,"A",.,"A",.,"A",.,"A",300,"D",.,"A",.,"A"
"20103",2261283,45,0,"1",.,"A",.,"A",.,"A",.,"A",48,"D",.,"A",.,"A",.,"A",.,"A",.,"A",.,"A",.,"A",.,"A",.,"A",.,"A"
"20103",2261293,48,0,"1",.,"A",.,"A",.,"A",.,"A",.,"A",.,"A",.,"A",.,"A",.,"A",.,"A",.,"A",.,"A",.,"A",.,"A",.,"A"
"20103",2261322,57,0,"1",.,"A",.,"A",.,"A",.,"A",.,"A",.,"A",.,"A",.,"A",.,"A",.,"A",.,"A",.,"A",60,"D",.,"A",.,"A"
"20103",2261382,76,0,"1",.,"A",.,"A",.,"A",.,"A",.,"A",30,"D",.,"A",.,"A",.,"A",.,"A",.,"A",.,"A",360,"D",.,"A",.,"A"
"20103",2261392,28,0,"1",.,"A",.,"A",.,"A",.,"A",420,"D",.,"A",.,"A",.,"A",.,"A",.,"A",.,"A",.,"A",.,"A",.,"A",.,"A"
"20103",2261432,37,0,"1",.,"A",.,"A",.,"A",.,"A",.,"A",.,"A",.,"A",.,"A",.,"A",.,"A",.,"A",.,"A",.,"A",.,"A",.,"A"
"20103",2261463,60,0,"1",.,"A",.,"A",.,"A",.,"A",.,"A",.,"A",195,"D",260,"D",.,"A",.,"A",.,"A",.,"A",33,"D",.,"A",.,"A"
"20103",2261473,68,0,"1",.,"A",.,"A",.,"A",.,"A",.,"A",.,"A",.,"A",.,"A",.,"A",.,"A",.,"A",.,"A",120,"D",.,"A",.,"A"
"20103",2261482,38,0,"1",.,"A",.,"A",.,"A",.,"A",60,"D",.,"A",195,"D",.,"A",.,"A",.,"A",.,"A",.,"A",.,"A",.,"A",.,"A"
"20103",2261505,53,0,"1",.,"A",.,"A",.,"A",.,"A",.,"A",220,"D",.,"A",.,"A",30,"D",.,"A",.,"A",.,"A",380,"D",.,"A",.,"A"
"20103",2261513,38,0,"1",6,"D",.,"A",.,"A",.,"A",19,"D",.,"A",.,"A",.,"A",.,"A",.,"A",.,"A",.,"A",50,"D",.,"A",.,"A"
"20103",2261523,61,0,"1",.,"A",.,"A",.,"A",.,"A",.,"A",12,"D",.,"A",.,"A",.,"A",.,"A",.,"A",.,"A",.,"A",.,"A",.,"A"
"20103",2261543,36,0,"1",.,"A",.,"A",.,"A",.,"A",20,"D",.,"A",.,"A",.,"A",.,"A",.,"A",.,"A",.,"A",30,"D",.,"A",.,"A"
"20103",2261552,45,0,"1",.,"A",.,"A",.,"A",.,"A",.,"A",.,"A",.,"A",.,"A",.,"A",.,"A",.,"A",.,"A",100,"D",.,"A",.,"A"
"20103",2261573,48,0,"1",.,"A",.,"A",.,"A",.,"A",.,"A",.,"A",.,"A",.,"A",.,"A",.,"A",.,"A",.,"A",15,"D",.,"A",.,"A"
"20103",2261583,22,0,"1",.,"A",.,"A",.,"A",.,"A",.,"A",.,"A",780,"D",.,"A",.,"A",90,"D",0,"D",30,"D",.,"A",30,"D",.,"A"
"20103",2261603,50,0,"1",.,"A",.,"A",.,"A",.,"A",.,"A",.,"A",520,"D",.,"A",.,"A",.,"A",.,"A",.,"A",.,"A",.,"A",.,"A"
"20103",2261633,40,0,"1",.,"A",.,"A",.,"A",.,"A",.,"A",.,"A",.,"A",.,"A",.,"A",.,"A",.,"A",.,"A",.,"A",.,"A",.,"A"
"20103",2261643,45,0,"1",.,"A",.,"A",.,"A",.,"A",.,"A",.,"A",.,"A",.,"A",.,"A",.,"A",.,"A",.,"A",.,"A",.,"A",.,"A"
"20103",2261652,60,0,"1",.,"A",.,"A",.,"A",.,"A",.,"A",44,"D",.,"A",.,"A",.,"A",.,"A",.,"A",.,"A",210,"D",.,"A",.,"A"
"20103",2261703,49,0,"1",.,"A",.,"A",.,"A",.,"A",.,"A",.,"A",.,"A",156,"D",.,"A",.,"A",.,"A",.,"A",15,"D",.,"A",.,"A"
"20103",2261714,40,0,"1",.,"A",.,"A",.,"A",.,"A",20,"D",.,"A",.,"A",.,"A",.,"A",.,"A",.,"A",.,"A",84,"D",.,"A",.,"A"
"20103",2261773,47,0,"1",.,"A",.,"A",.,"A",.,"A",.,"A",.,"A",.,"A",.,"A",.,"A",.,"A",.,"A",.,"A",.,"A",.,"A",.,"A"
"20103",2261783,39,0,"1",.,"A",.,"A",.,"A",.,"A",.,"A",.,"A",520,"D",.,"A",.,"A",.,"A",.,"A",.,"A",20,"D",.,"A",.,"A"
"20103",2261792,35,0,"1",.,"A",.,"A",.,"A",.,"A",.,"A",.,"A",260,"D",.,"A",.,"A",.,"A",.,"A",.,"A",60,"D",.,"A",.,"A"
"20103",2261822,45,0,"1",.,"A",.,"A",.,"A",.,"A",.,"A",.,"A",.,"A",.,"A",.,"A",.,"A",.,"A",.,"A",104,"D",.,"A",.,"A"
"20103",2261852,22,0,"1",.,"A",.,"A",.,"A",.,"A",.,"A",.,"A",.,"A",.,"A",.,"A",.,"A",.,"A",.,"A",25,"D",.,"A",.,"A"
"20103",2261862,56,0,"1",.,"A",.,"A",.,"A",.,"A",.,"A",90,"D",.,"A",.,"A",.,"A",.,"A",.,"A",.,"A",100,"D",.,"A",.,"A"
"20103",2261875,33,0,"1",.,"A",.,"A",.,"A",.,"A",.,"A",.,"A",.,"A",.,"A",.,"A",.,"A",.,"A",.,"A",.,"A",.,"A",.,"A"
"20103",2261882,51,0,"1",15,"D",.,"A",105,"D",.,"A",0,"D",.,"A",.,"A",.,"A",.,"A",.,"A",.,"A",.,"A",.,"A",.,"A",.,"A"
"20103",2261923,51,0,"1",.,"A",.,"A",.,"A",.,"A",.,"A",.,"A",.,"A",.,"A",.,"A",.,"A",.,"A",.,"A",15,"D",.,"A",.,"A"
"20103",2261972,36,0,"1",.,"A",.,"A",.,"A",.,"A",.,"A",.,"A",.,"A",.,"A",.,"A",.,"A",.,"A",.,"A",.,"A",.,"A",.,"A"
"20103",2261995,23,0,"1",.,"A",.,"A",.,"A",.,"A",.,"A",.,"A",.,"A",.,"A",.,"A",.,"A",.,"A",.,"A",.,"A",.,"A",.,"A"
"20103",2262012,47,0,"1",.,"A",.,"A",.,"A",.,"A",.,"A",.,"A",.,"A",.,"A",.,"A",.,"A",.,"A",.,"A",.,"A",.,"A",.,"A"
"20103",2262022,61,0,"1",.,"A",.,"A",.,"A",.,"A",30,"D",.,"A",.,"A",.,"A",.,"A",.,"A",.,"A",.,"A",20,"D",.,"A",.,"A"
"20103",2262065,27,0,"1",.,"A",.,"A",.,"A",.,"A",.,"A",.,"A",.,"A",.,"A",.,"A",.,"A",.,"A",.,"A",.,"A",.,"A",.,"A"
"20103",2262092,33,0,"1",.,"A",.,"A",.,"A",.,"A",.,"A",.,"A",.,"A",.,"A",.,"A",.,"A",.,"A",.,"A",.,"A",.,"A",.,"A"
"20103",2262134,35,0,"1",.,"A",.,"A",.,"A",.,"A",.,"A",.,"A",195,"D",65,"D",.,"A",.,"A",.,"A",.,"A",12,"D",.,"A",.,"A"
"20103",2262154,44,0,"1",.,"A",.,"A",.,"A",.,"A",.,"A",.,"A",.,"A",.,"A",.,"A",.,"A",.,"A",.,"A",100,"D",.,"A",.,"A"
"20103",2262173,57,0,"1",.,"A",.,"A",.,"A",.,"A",.,"A",39,"D",.,"A",.,"A",.,"A",.,"A",.,"A",.,"A",506,"D",.,"A",.,"A"
"20103",2262182,22,0,"1",.,"A",.,"A",.,"A",.,"A",64,"D",.,"A",.,"A",.,"A",.,"A",.,"A",.,"A",.,"A",.,"A",.,"A",.,"A"
"20103",2262195,27,0,"1",.,"A",.,"A",.,"A",.,"A",.,"A",.,"A",.,"A",.,"A",.,"A",.,"A",.,"A",.,"A",.,"A",.,"A",.,"A"
"20103",2262203,30,0,"1",.,"A",.,"A",.,"A",.,"A",30,"D",.,"A",.,"A",.,"A",.,"A",180,"D",6,"D",6,"D",60,"D",60,"D",.,"A"
"20103",2262213,49,0,"1",.,"A",.,"A",150,"D",.,"A",60,"D",300,"D",.,"A",.,"A",.,"A",0,"D",0,"D",60,"D",45,"D",0,"D",.,"A"
"20103",2262233,39,0,"1",.,"A",.,"A",.,"A",.,"A",.,"A",.,"A",65,"D",.,"A",.,"A",.,"A",.,"A",.,"A",.,"A",.,"A",.,"A"
"20103",2262262,55,0,"1",30,"D",.,"A",.,"A",.,"A",90,"D",.,"A",910,"D",.,"A",.,"A",.,"A",.,"A",.,"A",.,"A",.,"A",.,"A"
"20103",2262272,35,0,"1",.,"A",.,"A",.,"A",.,"A",.,"A",.,"A",1183,"D",.,"A",.,"A",.,"A",.,"A",.,"A",.,"A",.,"A",.,"A"
"20103",2262283,45,0,"1",.,"A",.,"A",.,"A",.,"A",.,"A",.,"A",.,"A",.,"A",.,"A",.,"A",.,"A",.,"A",36,"D",.,"A",.,"A"
"20103",2262293,27,0,"1",.,"A",.,"A",.,"A",.,"A",.,"A",.,"A",65,"D",65,"D",.,"A",.,"A",.,"A",.,"A",.,"A",.,"A",.,"A"
"20103",2262302,48,0,"1",.,"A",.,"A",.,"A",198,"D",.,"A",.,"A",.,"A",.,"A",.,"A",.,"A",.,"A",.,"A",250,"D",.,"A",.,"A"
"20103",2262333,38,0,"1",.,"A",.,"A",.,"A",.,"A",.,"A",.,"A",.,"A",.,"A",.,"A",504,"D",0,"D",0,"D",50,"D",168,"D",.,"A"
"20103",2262353,52,0,"1",.,"A",.,"A",.,"A",.,"A",.,"A",50,"D",.,"A",.,"A",.,"A",.,"A",.,"A",.,"A",80,"D",.,"A",.,"A"
"20103",2262413,78,0,"1",.,"A",.,"A",.,"A",.,"A",.,"A",.,"A",.,"A",.,"A",.,"A",.,"A",.,"A",.,"A",165,"D",.,"A",.,"A"
"20103",2262442,68,0,"1",.,"A",.,"A",.,"A",.,"A",70,"D",.,"A",780,"D",.,"A",.,"A",.,"A",.,"A",.,"A",.,"A",.,"A",.,"A"
"20103",2262453,89,0,"1",.,"A",.,"A",.,"A",.,"A",.,"A",300,"D",.,"A",.,"A",.,"A",.,"A",.,"A",.,"A",145,"D",.,"A",.,"A"
"20103",2262493,70,0,"1",.,"A",.,"A",18,"D",.,"A",.,"A",.,"A",780,"D",.,"A",.,"A",.,"A",.,"A",.,"A",100,"D",.,"A",.,"A"
"20103",2262502,67,0,"1",.,"A",.,"A",.,"A",.,"A",.,"A",240,"D",.,"A",.,"A",.,"A",48,"D",0,"D",0,"D",300,"D",16,"D",.,"A"
"20103",2262523,51,0,"1",.,"A",.,"A",.,"A",.,"A",.,"A",.,"A",.,"A",.,"A",.,"A",.,"A",.,"A",.,"A",.,"A",.,"A",.,"A"
"20103",2262533,22,0,"1",.,"A",.,"A",.,"A",.,"A",.,"A",.,"A",.,"A",.,"A",.,"A",.,"A",.,"A",.,"A",.,"A",.,"A",.,"A"
"20103",2262562,23,0,"1",.,"A",.,"A",.,"A",.,"A",.,"A",.,"A",.,"A",.,"A",.,"A",.,"A",.,"A",.,"A",.,"A",.,"A",.,"A"
"20103",2262572,24,0,"1",.,"A",.,"A",.,"A",.,"A",60,"D",.,"A",.,"A",.,"A",.,"A",.,"A",.,"A",.,"A",.,"A",.,"A",.,"A"
"20103",2262593,34,0,"1",.,"A",.,"A",.,"A",.,"A",144,"D",.,"A",.,"A",.,"A",.,"A",60,"D",0,"D",60,"D",.,"A",20,"D",.,"A"
"20103",2262603,38,0,"1",.,"A",.,"A",.,"A",.,"A",10,"D",.,"A",.,"A",.,"A",.,"A",60,"D",0,"D",0,"D",6,"D",20,"D",.,"A"
"20103",2262612,56,0,"1",.,"A",.,"A",.,"A",.,"A",.,"A",.,"A",455,"D",.,"A",6,"D",.,"A",.,"A",.,"A",30,"D",.,"A",.,"A"
"20103",2262672,40,0,"1",.,"A",.,"A",.,"A",.,"A",6,"D",.,"A",.,"A",.,"A",.,"A",.,"A",.,"A",.,"A",.,"A",.,"A",.,"A"
"20103",2262682,42,0,"1",.,"A",.,"A",.,"A",.,"A",.,"A",.,"A",.,"A",.,"A",.,"A",.,"A",.,"A",.,"A",60,"D",.,"A",.,"A"
"20103",2262693,61,0,"1",.,"A",.,"A",36,"D",.,"A",.,"A",.,"A",.,"A",.,"A",30,"D",.,"A",.,"A",.,"A",1200,"D",.,"A",.,"A"
"20103",2262703,41,0,"1",60,"D",.,"A",.,"A",.,"A",180,"D",.,"A",.,"A",.,"A",.,"A",.,"A",.,"A",.,"A",.,"A",.,"A",.,"A"
"20103",2262712,43,0,"1",.,"A",.,"A",.,"A",.,"A",.,"A",.,"A",.,"A",.,"A",.,"A",.,"A",.,"A",.,"A",.,"A",.,"A",.,"A"
"20103",2262742,63,0,"1",.,"A",.,"A",.,"A",.,"A",.,"A",.,"A",.,"A",.,"A",.,"A",.,"A",.,"A",.,"A",.,"A",.,"A",.,"A"
"20103",2262752,53,0,"1",.,"A",.,"A",.,"A",.,"A",.,"A",.,"A",.,"A",.,"A",.,"A",.,"A",.,"A",.,"A",14,"D",.,"A",.,"A"
"20103",2262773,56,0,"1",.,"A",.,"A",.,"A",.,"A",.,"A",.,"A",.,"A",.,"A",.,"A",.,"A",.,"A",.,"A",75,"D",.,"A",.,"A"
"20103",2262792,80,0,"1",.,"A",.,"A",.,"A",.,"A",.,"A",.,"A",.,"A",.,"A",.,"A",.,"A",.,"A",.,"A",95,"D",.,"A",.,"A"
"20103",2262813,26,0,"1",.,"A",.,"A",.,"A",.,"A",.,"A",.,"A",.,"A",.,"A",.,"A",.,"A",.,"A",.,"A",.,"A",.,"A",.,"A"
"20103",2262843,64,0,"1",.,"A",.,"A",.,"A",.,"A",.,"A",.,"A",.,"A",.,"A",.,"A",.,"A",.,"A",.,"A",41,"D",.,"A",.,"A"
"20103",2262863,51,0,"1",.,"A",.,"A",.,"A",.,"A",.,"A",60,"D",.,"A",.,"A",.,"A",.,"A",.,"A",.,"A",150,"D",.,"A",.,"A"
"20103",2262893,51,0,"1",.,"A",.,"A",.,"A",.,"A",.,"A",.,"A",260,"D",.,"A",.,"A",.,"A",.,"A",.,"A",200,"D",.,"A",.,"A"
"20103",2262913,83,0,"1",.,"A",.,"A",.,"A",.,"A",6,"D",.,"A",.,"A",.,"A",.,"A",.,"A",.,"A",.,"A",35,"D",.,"A",.,"A"
"20103",2262963,103,0,"1",.,"A",.,"A",84,"D",.,"A",.,"A",.,"A",1950,"D",.,"A",.,"A",.,"A",.,"A",.,"A",42,"D",.,"A",.,"A"
"20103",2262972,63,0,"1",.,"A",.,"A",.,"A",.,"A",.,"A",60,"D",.,"A",.,"A",.,"A",.,"A",.,"A",.,"A",140,"D",.,"A",.,"A"
"20103",2262982,28,0,"1",.,"A",.,"A",.,"A",.,"A",15,"F",.,"A",.,"A",.,"A",.,"A",.,"A",.,"A",.,"A",90,"D",.,"A",.,"A"
"20103",2263022,44,0,"1",.,"A",.,"A",.,"A",.,"A",.,"A",.,"A",.,"A",.,"A",.,"A",.,"A",.,"A",.,"A",.,"A",.,"A",.,"A"
"20103",2263032,29,0,"1",.,"A",.,"A",.,"A",.,"A",200,"D",.,"A",104,"D",.,"A",.,"A",.,"A",.,"A",.,"A",.,"A",.,"A",.,"A"
"20103",2263083,38,0,"1",.,"A",.,"A",.,"A",.,"A",.,"A",75,"D",.,"A",.,"A",.,"A",.,"A",.,"A",.,"A",300,"D",.,"A",.,"A"
"20103",2263103,48,0,"1",.,"A",.,"A",.,"A",.,"A",.,"A",.,"A",.,"A",.,"A",.,"A",.,"A",.,"A",.,"A",.,"A",.,"A",.,"A"
"20103",2263122,53,0,"1",.,"A",.,"A",.,"A",.,"A",.,"A",63,"D",.,"A",.,"A",.,"A",.,"A",.,"A",.,"A",100,"D",.,"A",.,"A"
"20103",2263163,62,0,"1",.,"A",.,"A",.,"A",.,"A",.,"A",.,"A",.,"A",.,"A",.,"A",75,"D",0,"D",0,"D",100,"D",25,"D",.,"A"
"20103",2263173,43,0,"1",15,"D",.,"A",.,"A",.,"A",31,"D",.,"A",.,"A",.,"A",.,"A",.,"A",.,"A",.,"A",15,"D",.,"A",.,"A"
"20103",2263182,58,0,"1",.,"A",.,"A",.,"A",.,"A",.,"A",.,"A",.,"A",.,"A",.,"A",.,"A",.,"A",.,"A",.,"A",.,"A",.,"A"
"20103",2263193,59,0,"1",.,"A",.,"A",.,"A",.,"A",.,"A",.,"A",.,"A",.,"A",.,"A",.,"A",.,"A",.,"A",.,"A",.,"A",.,"A"
"20103",2263233,48,0,"1",.,"A",.,"A",.,"A",.,"A",.,"A",.,"A",.,"A",.,"A",30,"D",0,"D",0,"D",72,"D",58,"D",0,"D",.,"A"
"20103",2263242,52,0,"1",.,"A",.,"A",.,"A",.,"A",.,"A",.,"A",.,"A",.,"A",.,"A",0,"D",0,"D",9,"D",50,"D",0,"D",.,"A"
"20103",2263263,36,0,"1",.,"A",.,"A",40,"D",.,"A",36,"D",.,"A",.,"A",.,"A",.,"A",.,"A",.,"A",.,"A",30,"D",.,"A",.,"A"
"20103",2263285,79,0,"1",.,"A",.,"A",.,"A",.,"A",.,"A",.,"A",.,"A",.,"A",.,"A",.,"A",.,"A",.,"A",140,"D",.,"A",.,"A"
"20103",2263292,27,0,"1",.,"A",.,"A",.,"A",.,"A",.,"A",.,"A",.,"A",.,"A",.,"A",.,"A",.,"A",.,"A",.,"A",.,"A",.,"A"
"20103",2263303,55,0,"1",.,"A",.,"A",.,"A",.,"A",.,"A",.,"A",.,"A",.,"A",.,"A",135,"D",0,"D",0,"D",60,"D",45,"D",90,"D"
"20103",2263313,32,0,"1",.,"A",.,"A",.,"A",.,"A",.,"A",.,"A",.,"A",.,"A",.,"A",.,"A",.,"A",.,"A",.,"A",.,"A",.,"A"
"20103",2263323,34,0,"1",.,"A",.,"A",.,"A",.,"A",.,"A",.,"A",.,"A",.,"A",.,"A",.,"A",.,"A",.,"A",.,"A",.,"A",.,"A"
"20103",2263342,46,0,"1",5,"D",.,"A",.,"A",.,"A",10,"D",11,"D",130,"D",.,"A",.,"A",.,"A",.,"A",.,"A",60,"D",.,"A",.,"A"
"20103",2263362,28,0,"1",.,"A",.,"A",.,"A",.,"A",.,"A",.,"A",260,"D",.,"A",.,"A",.,"A",.,"A",.,"A",15,"D",.,"A",.,"A"
"20103",2263383,64,0,"1",.,"A",.,"A",.,"A",.,"A",.,"A",20,"D",.,"A",.,"A",.,"A",0,"D",0,"D",270,"D",100,"D",0,"D",.,"A"
"20103",2263412,37,0,"1",.,"A",.,"A",.,"A",.,"A",.,"A",.,"A",.,"A",.,"A",.,"A",.,"A",.,"A",.,"A",.,"A",.,"A",.,"A"
"20103",2263423,59,0,"1",.,"A",.,"A",.,"A",.,"A",.,"A",6,"D",936,"D",.,"A",.,"A",.,"A",.,"A",.,"A",130,"D",.,"A",.,"A"
"20103",2263483,34,0,"1",.,"A",.,"A",.,"A",.,"A",.,"A",90,"D",.,"A",.,"A",.,"A",.,"A",.,"A",.,"A",360,"D",.,"A",.,"A"
"20103",2263493,67,0,"1",.,"A",.,"A",.,"A",25,"D",.,"A",60,"D",.,"A",.,"A",.,"A",.,"A",.,"A",.,"A",.,"A",.,"A",.,"A"
"20103",2263522,39,0,"1",.,"A",.,"A",.,"A",.,"A",.,"A",.,"A",.,"A",.,"A",.,"A",.,"A",.,"A",.,"A",.,"A",.,"A",.,"A"
"20103",2263533,39,0,"1",.,"A",.,"A",.,"A",.,"A",.,"A",.,"A",.,"A",.,"A",.,"A",.,"A",.,"A",.,"A",20,"D",.,"A",.,"A"
"20103",2263552,39,0,"1",.,"A",.,"A",.,"A",.,"A",.,"A",.,"A",.,"A",.,"A",.,"A",.,"A",.,"A",.,"A",.,"A",.,"A",.,"A"
"20103",2263592,31,0,"1",.,"A",.,"A",.,"A",.,"A",.,"A",.,"A",.,"A",.,"A",.,"A",.,"A",.,"A",.,"A",.,"A",.,"A",.,"A"
"20103",2263612,29,0,"1",.,"A",.,"A",.,"A",.,"A",.,"A",.,"A",.,"A",.,"A",.,"A",.,"A",.,"A",.,"A",.,"A",.,"A",.,"A"
"20103",2263645,33,0,"1",.,"A",.,"A",.,"A",.,"A",.,"A",.,"A",.,"A",.,"A",.,"A",.,"A",.,"A",.,"A",.,"A",.,"A",.,"A"
"20103",2263662,36,0,"1",45,"D",.,"A",.,"A",.,"A",135,"D",.,"A",91,"D",.,"A",60,"F",.,"A",.,"A",.,"A",72,"D",.,"A",.,"A"
"20103",2263673,59,0,"1",.,"A",.,"A",.,"A",.,"A",.,"A",50,"D",.,"A",104,"F",.,"A",.,"A",.,"A",.,"A",75,"D",.,"A",.,"A"
"20103",2263682,33,0,"1",.,"A",.,"A",.,"A",.,"A",.,"A",.,"A",.,"A",.,"A",.,"A",.,"A",.,"A",.,"A",.,"A",.,"A",.,"A"
"20103",2263723,48,0,"1",.,"A",.,"A",.,"A",.,"A",.,"A",.,"A",.,"A",.,"A",45,"D",.,"A",.,"A",.,"A",400,"D",.,"A",.,"A"
"20103",2263732,63,0,"1",.,"A",.,"A",.,"A",.,"A",.,"A",.,"A",.,"A",.,"A",.,"A",.,"A",.,"A",.,"A",270,"D",.,"A",.,"A"
"20103",2263752,30,0,"1",.,"A",.,"A",.,"A",.,"A",.,"A",.,"A",.,"A",.,"A",.,"A",.,"A",.,"A",.,"A",.,"A",.,"A",.,"A"
"20103",2263762,30,0,"1",.,"A",.,"A",.,"A",.,"A",.,"A",.,"A",.,"A",.,"A",.,"A",.,"A",.,"A",.,"A",.,"A",.,"A",.,"A"
"20103",2263772,43,0,"1",.,"A",.,"A",.,"A",.,"A",.,"A",.,"A",.,"A",.,"A",.,"A",.,"A",.,"A",.,"A",200,"D",.,"A",.,"A"
"20103",2263812,45,0,"1",.,"A",.,"A",.,"A",70,"D",.,"A",90,"D",.,"A",.,"A",.,"A",150,"D",0,"D",30,"D",.,"A",50,"D",.,"A"
"20103",2263823,52,0,"1",.,"A",.,"A",.,"A",.,"A",.,"A",.,"A",.,"A",.,"A",.,"A",.,"A",.,"A",.,"A",10,"D",.,"A",.,"A"
"20103",2263843,42,0,"1",.,"A",.,"A",.,"A",.,"A",.,"A",45,"D",.,"A",.,"A",.,"A",.,"A",.,"A",.,"A",120,"D",.,"A",.,"A"
"20103",2263853,25,0,"1",.,"A",.,"A",.,"A",.,"A",.,"A",.,"A",.,"A",.,"A",.,"A",.,"A",.,"A",.,"A",.,"A",.,"A",.,"A"
"20103",2263872,29,0,"1",.,"A",.,"A",.,"A",.,"A",.,"A",.,"A",.,"A",.,"A",.,"A",.,"A",.,"A",.,"A",75,"D",.,"A",.,"A"
"20103",2263884,45,0,"1",.,"A",.,"A",1,"D",.,"A",.,"A",15,"D",.,"A",.,"A",.,"A",.,"A",.,"A",.,"A",.,"A",.,"A",.,"A"
"20103",2263942,36,0,"1",.,"A",.,"A",.,"A",.,"A",.,"A",.,"A",.,"A",.,"A",.,"A",.,"A",.,"A",.,"A",20,"D",.,"A",.,"A"
"20103",2263953,67,0,"1",.,"A",.,"A",.,"A",.,"A",.,"A",.,"A",.,"A",.,"A",.,"A",0,"D",0,"D",21,"D",20,"D",0,"D",.,"A"
"20103",2263965,23,0,"1",.,"A",.,"A",.,"A",.,"A",.,"A",.,"A",.,"A",.,"A",.,"A",.,"A",.,"A",.,"A",.,"A",.,"A",.,"A"
"20103",2263992,44,0,"1",.,"A",.,"A",.,"A",.,"A",.,"A",.,"A",.,"A",.,"A",.,"A",.,"A",.,"A",.,"A",.,"A",.,"A",.,"A"
"20103",2264003,41,0,"1",.,"A",.,"A",.,"A",.,"A",14,"D",40,"D",.,"A",.,"A",.,"A",.,"A",.,"A",.,"A",80,"D",.,"A",.,"A"
"20103",2264025,63,0,"1",.,"A",.,"A",.,"A",.,"A",.,"A",50,"D",.,"A",.,"A",.,"A",.,"A",.,"A",.,"A",175,"D",.,"A",.,"A"
"20103",2264033,58,0,"1",.,"A",.,"A",.,"A",.,"A",.,"A",.,"A",.,"A",.,"A",.,"A",.,"A",.,"A",.,"A",95,"D",.,"A",.,"A"
"20103",2264053,34,0,"1",.,"A",.,"A",.,"A",.,"A",.,"A",.,"A",.,"A",.,"A",.,"A",.,"A",.,"A",.,"A",.,"A",.,"A",.,"A"
"20103",2264082,36,0,"1",.,"A",.,"A",.,"A",.,"A",.,"A",.,"A",156,"D",.,"A",.,"A",.,"A",.,"A",.,"A",.,"A",.,"A",.,"A"
"20103",2264093,34,0,"1",.,"A",.,"A",.,"A",.,"A",30,"D",.,"A",.,"A",.,"A",.,"A",.,"A",.,"A",.,"A",.,"A",.,"A",.,"A"
"20103",2264112,33,0,"1",.,"A",.,"A",.,"A",.,"A",.,"A",.,"A",.,"A",.,"A",.,"A",.,"A",.,"A",.,"A",.,"A",.,"A",.,"A"
"20103",2264203,75,0,"1",.,"A",.,"A",.,"A",.,"A",.,"A",.,"A",.,"A",.,"A",.,"A",.,"A",.,"A",.,"A",.,"A",.,"A",.,"A"
"20103",2264222,33,0,"1",.,"A",.,"A",.,"A",.,"A",.,"A",.,"A",.,"A",.,"A",.,"A",.,"A",.,"A",.,"A",.,"A",.,"A",.,"A"
"20103",2264242,53,0,"1",.,"A",.,"A",.,"A",.,"A",.,"A",.,"A",.,"A",.,"A",.,"A",.,"A",.,"A",.,"A",50,"D",.,"A",.,"A"
"20103",2264253,39,0,"1",.,"A",.,"A",.,"A",.,"A",.,"A",.,"A",455,"D",.,"A",.,"A",.,"A",.,"A",.,"A",.,"A",.,"A",.,"A"
"20103",2264274,27,0,"1",.,"A",.,"A",.,"A",.,"A",60,"D",30,"D",325,"D",.,"A",9,"D",0,"D",0,"D",168,"D",60,"D",0,"D",.,"A"
"20103",2264283,56,0,"1",.,"A",.,"A",.,"A",.,"A",.,"A",.,"A",.,"A",.,"A",.,"A",.,"A",.,"A",.,"A",133,"D",.,"A",.,"A"
"20103",2264303,35,0,"1",.,"A",.,"A",.,"A",.,"A",16,"D",48,"D",.,"A",.,"A",.,"A",.,"A",.,"A",.,"A",120,"D",.,"A",.,"A"
"20103",2264313,61,0,"1",.,"A",.,"A",.,"A",.,"A",.,"A",17,"D",.,"A",.,"A",.,"A",.,"A",.,"A",.,"A",120,"D",.,"A",.,"A"
"20103",2264323,95,0,"1",.,"A",.,"A",1,"D",60,"D",.,"A",150,"D",.,"A",.,"A",.,"A",0,"D",0,"D",30,"D",200,"D",0,"D",.,"A"
"20103",2264343,79,0,"1",.,"A",.,"A",.,"A",.,"A",.,"A",.,"A",.,"A",.,"A",.,"A",.,"A",.,"A",.,"A",75,"D",.,"A",.,"A"
"20103",2264362,77,0,"1",.,"A",.,"A",.,"A",.,"A",.,"A",100,"D",.,"A",.,"A",.,"A",.,"A",.,"A",.,"A",175,"D",.,"A",.,"A"
"20103",2264403,63,0,"1",.,"A",.,"A",.,"A",.,"A",.,"A",.,"A",.,"A",.,"A",.,"A",0,"D",0,"D",0,"D",160,"D",0,"D",.,"A"
"20103",2264412,41,0,"1",25,"D",.,"A",.,"A",20,"D",20,"D",.,"A",.,"A",.,"A",.,"A",240,"D",0,"D",0,"D",.,"A",80,"D",.,"A"
"20103",2264432,77,0,"1",.,"A",.,"A",.,"A",.,"A",.,"A",.,"A",.,"A",.,"A",15,"F",.,"A",.,"A",.,"A",310,"D",.,"A",.,"A"
"20103",2264442,31,0,"1",.,"A",.,"A",.,"A",.,"A",12,"D",85,"D",.,"A",.,"A",.,"A",.,"A",.,"A",.,"A",35,"D",.,"A",.,"A"
"20103",2264493,79,0,"1",.,"A",.,"A",220,"D",.,"A",.,"A",240,"D",.,"A",.,"A",.,"A",.,"A",.,"A",.,"A",280,"D",.,"A",.,"A"
"20103",2264504,41,0,"1",.,"A",.,"A",.,"A",.,"A",.,"A",.,"A",.,"A",.,"A",36,"D",.,"A",.,"A",.,"A",.,"A",.,"A",.,"A"
"20103",2264533,62,0,"1",.,"A",.,"A",.,"A",.,"A",.,"A",.,"A",390,"D",.,"A",.,"A",.,"A",.,"A",.,"A",25,"D",.,"A",.,"A"
"20103",2264542,39,0,"1",.,"A",.,"A",.,"A",.,"A",.,"A",.,"A",.,"A",.,"A",.,"A",.,"A",.,"A",.,"A",14,"D",.,"A",.,"A"
"20103",2264563,35,0,"1",.,"A",.,"A",.,"A",.,"A",.,"A",.,"A",819,"D",.,"A",.,"A",.,"A",.,"A",.,"A",.,"A",.,"A",.,"A"
"20103",2264602,55,0,"1",.,"A",.,"A",.,"A",.,"A",.,"A",.,"A",.,"A",.,"A",.,"A",.,"A",.,"A",.,"A",60,"D",.,"A",.,"A"
"20103",2264613,56,0,"1",.,"A",.,"A",.,"A",.,"A",.,"A",.,"A",.,"A",.,"A",.,"A",.,"A",.,"A",.,"A",.,"A",.,"A",.,"A"
"20103",2264643,36,0,"1",.,"A",.,"A",.,"A",.,"A",.,"A",.,"A",.,"A",.,"A",.,"A",.,"A",.,"A",.,"A",.,"A",.,"A",.,"A"
"20103",2264732,40,0,"1",.,"A",.,"A",.,"A",.,"A",.,"A",.,"A",.,"A",.,"A",18,"D",.,"A",.,"A",.,"A",.,"A",.,"A",.,"A"
"20103",2264763,64,0,"1",.,"A",.,"A",.,"A",.,"A",.,"A",.,"A",.,"A",.,"A",.,"A",.,"A",.,"A",.,"A",160,"D",.,"A",.,"A"
"20103",2264772,48,0,"1",.,"A",.,"A",.,"A",.,"A",.,"A",.,"A",78,"D",.,"A",.,"A",.,"A",.,"A",.,"A",.,"A",.,"A",.,"A"
"20103",2264804,28,0,"1",.,"A",.,"A",.,"A",.,"A",100,"D",.,"A",.,"A",260,"D",.,"A",.,"A",.,"A",.,"A",.,"A",.,"A",.,"A"
"20103",2264822,51,0,"1",.,"A",.,"A",.,"A",.,"A",.,"A",.,"A",390,"D",.,"A",.,"A",.,"A",.,"A",.,"A",60,"D",.,"A",.,"A"
"20103",2264832,31,0,"1",.,"A",.,"A",.,"A",.,"A",225,"D",.,"A",.,"A",.,"A",.,"A",255,"D",255,"D",0,"D",225,"D",85,"D",.,"A"
"20103",2264863,64,0,"1",.,"A",.,"A",.,"A",.,"A",.,"A",.,"A",.,"A",.,"A",.,"A",.,"A",.,"A",.,"A",30,"D",.,"A",.,"A"
"20103",2264873,27,0,"1",.,"A",.,"A",.,"A",.,"A",.,"A",.,"A",.,"A",.,"A",.,"A",.,"A",.,"A",.,"A",.,"A",.,"A",.,"A"
"20103",2264903,57,0,"1",.,"A",.,"A",.,"A",.,"A",.,"A",.,"A",.,"A",.,"A",9,"F",.,"A",.,"A",.,"A",60,"D",.,"A",.,"A"
"20103",2264915,38,0,"1",.,"A",.,"A",.,"A",.,"A",.,"A",.,"A",390,"D",.,"A",.,"A",.,"A",.,"A",.,"A",75,"D",.,"A",.,"A"
"20103",2264922,63,0,"1",.,"A",.,"A",.,"A",.,"A",.,"A",.,"A",.,"A",.,"A",.,"A",.,"A",.,"A",.,"A",65,"D",.,"A",.,"A"
"20103",2264932,48,0,"1",.,"A",.,"A",.,"A",.,"A",.,"A",.,"A",.,"A",.,"A",.,"A",.,"A",.,"A",.,"A",54,"D",.,"A",.,"A"
"20103",2264982,49,0,"1",.,"A",40,"D",.,"A",.,"A",.,"A",10,"D",.,"A",.,"A",30,"D",.,"A",.,"A",.,"A",300,"D",.,"A",.,"A"
"20103",2264993,42,0,"1",.,"A",.,"A",.,"A",.,"A",.,"A",.,"A",.,"A",.,"A",.,"A",.,"A",.,"A",.,"A",.,"A",.,"A",.,"A"
"20103",2265012,62,0,"1",.,"A",.,"A",.,"A",.,"A",.,"A",240,"D",.,"A",.,"A",150,"D",.,"A",.,"A",.,"A",600,"D",.,"A",.,"A"
"20103",2265022,32,0,"1",.,"A",.,"A",.,"A",.,"A",144,"D",.,"A",325,"D",.,"A",.,"A",.,"A",.,"A",.,"A",0,"D",.,"A",.,"A"
"20103",2265032,38,0,"1",.,"A",.,"A",.,"A",.,"A",.,"A",100,"D",.,"A",.,"A",.,"A",.,"A",.,"A",.,"A",25,"D",.,"A",.,"A"
"20103",2265052,41,0,"1",.,"A",.,"A",.,"A",.,"A",.,"A",.,"A",.,"A",.,"A",.,"A",.,"A",.,"A",.,"A",45,"D",.,"A",.,"A"
"20103",2265082,78,0,"1",.,"A",.,"A",.,"A",.,"A",.,"A",.,"A",455,"D",.,"A",.,"A",.,"A",.,"A",.,"A",75,"D",.,"A",.,"A"
"20103",2265093,27,0,"1",.,"A",.,"A",.,"A",.,"A",.,"A",.,"A",.,"A",.,"A",.,"A",.,"A",.,"A",.,"A",.,"A",.,"A",.,"A"
"20103",2265103,63,0,"1",.,"A",.,"A",.,"A",.,"A",.,"A",.,"A",.,"A",.,"A",.,"A",.,"A",.,"A",.,"A",20,"D",.,"A",.,"A"
"20103",2265162,25,0,"1",.,"A",.,"A",.,"A",.,"A",.,"A",.,"A",.,"A",.,"A",.,"A",.,"A",.,"A",.,"A",.,"A",.,"A",.,"A"
"20103",2265183,28,0,"1",.,"A",.,"A",.,"A",.,"A",.,"A",.,"A",.,"A",.,"A",.,"A",0,"D",165,"D",0,"D",.,"A",0,"D",.,"A"
"20103",2265202,33,0,"1",.,"A",.,"A",.,"A",.,"A",.,"A",.,"A",.,"A",.,"A",.,"A",.,"A",.,"A",.,"A",.,"A",.,"A",.,"A"
"20103",2265263,46,0,"1",.,"A",.,"A",.,"A",.,"A",.,"A",.,"A",.,"A",.,"A",.,"A",.,"A",.,"A",.,"A",.,"A",.,"A",.,"A"
"20103",2265302,36,0,"1",.,"A",.,"A",.,"A",.,"A",.,"A",.,"A",.,"A",65,"D",.,"A",.,"A",.,"A",.,"A",.,"A",.,"A",.,"A"
"20103",2265313,56,0,"1",.,"A",.,"A",.,"A",.,"A",.,"A",30,"D",.,"A",.,"A",.,"A",.,"A",.,"A",.,"A",65,"D",.,"A",.,"A"
"20103",2265342,97,0,"1",.,"A",.,"A",55,"D",.,"A",.,"A",300,"D",650,"D",.,"A",.,"A",.,"A",.,"A",.,"A",300,"D",.,"A",.,"A"
"20103",2265353,56,0,"1",.,"A",.,"A",.,"A",.,"A",.,"A",.,"A",.,"A",.,"A",.,"A",45,"D",6,"D",45,"D",.,"A",15,"D",.,"A"
"20103",2265383,81,0,"1",.,"A",.,"A",.,"A",.,"A",.,"A",.,"A",.,"A",.,"A",3,"D",.,"A",.,"A",.,"A",.,"A",.,"A",.,"A"
"20103",2265413,37,0,"1",.,"A",.,"A",.,"A",.,"A",.,"A",.,"A",.,"A",.,"A",.,"A",.,"A",.,"A",.,"A",.,"A",.,"A",.,"A"
"20103",2265455,39,0,"1",.,"A",.,"A",.,"A",.,"A",.,"A",.,"A",.,"A",.,"A",.,"A",.,"A",.,"A",.,"A",90,"D",.,"A",.,"A"
"20103",2265463,38,0,"1",10,"D",.,"A",.,"A",.,"A",150,"D",.,"A",.,"A",.,"A",.,"A",0,"D",0,"D",18,"D",25,"D",0,"D",.,"A"
"20103",2265482,60,0,"1",.,"A",.,"A",.,"A",.,"A",.,"A",.,"A",195,"D",.,"A",.,"A",.,"A",.,"A",.,"A",45,"D",.,"A",.,"A"
"20103",2265532,58,0,"1",.,"A",.,"A",.,"A",.,"A",.,"A",.,"A",.,"A",.,"A",.,"A",.,"A",.,"A",.,"A",150,"D",.,"A",.,"A"
"20103",2265573,83,0,"1",.,"A",.,"A",.,"A",.,"A",.,"A",20,"D",.,"A",.,"A",.,"A",.,"A",.,"A",.,"A",100,"D",.,"A",.,"A"
"20103",2265633,36,0,"1",.,"A",.,"A",.,"A",.,"A",.,"A",.,"A",.,"A",.,"A",27,"D",.,"A",.,"A",.,"A",.,"A",.,"A",.,"A"
"20103",2265642,55,0,"1",.,"A",.,"A",.,"A",.,"A",.,"A",.,"A",.,"A",.,"A",.,"A",.,"A",.,"A",.,"A",55,"D",.,"A",.,"A"
"20103",2265663,42,0,"1",.,"A",.,"A",.,"A",.,"A",.,"A",.,"A",.,"A",.,"A",.,"A",.,"A",.,"A",.,"A",30,"D",.,"A",.,"A"
"20103",2265682,53,0,"1",.,"A",.,"A",.,"A",.,"A",.,"A",.,"A",.,"A",.,"A",.,"A",.,"A",.,"A",.,"A",.,"A",.,"A",.,"A"
"20103",2265692,51,0,"1",.,"A",.,"A",.,"A",.,"A",.,"A",.,"A",.,"A",.,"A",.,"A",192,"D",0,"D",0,"D",.,"A",64,"D",.,"A"
"20103",2265713,41,0,"1",.,"A",.,"A",.,"A",.,"A",.,"A",.,"A",.,"A",.,"A",.,"A",.,"A",.,"A",.,"A",.,"A",.,"A",.,"A"
"20103",2265722,45,0,"1",.,"A",.,"A",.,"A",.,"A",60,"D",.,"A",.,"A",.,"A",.,"A",.,"A",.,"A",.,"A",.,"A",.,"A",.,"A"
"20103",2265732,49,0,"1",.,"A",.,"A",.,"A",.,"A",.,"A",120,"D",.,"A",.,"A",.,"A",.,"A",.,"A",.,"A",200,"D",.,"A",.,"A"
"20103",2265753,35,0,"1",.,"A",.,"A",.,"A",.,"A",.,"A",.,"A",.,"A",.,"A",45,"D",.,"A",.,"A",.,"A",25,"D",.,"A",.,"A"
"20103",2265793,62,0,"1",.,"A",.,"A",.,"A",.,"A",.,"A",40,"D",.,"A",.,"A",.,"A",.,"A",.,"A",.,"A",100,"D",.,"A",.,"A"
"20103",2265842,36,0,"1",.,"A",.,"A",.,"A",.,"A",.,"A",.,"A",.,"A",156,"D",.,"A",.,"A",.,"A",.,"A",.,"A",.,"A",.,"A"
"20103",2265853,41,0,"1",.,"A",.,"A",.,"A",.,"A",.,"A",20,"D",.,"A",.,"A",.,"A",.,"A",.,"A",.,"A",180,"D",.,"A",.,"A"
"20103",2265873,80,0,"1",.,"A",.,"A",.,"A",.,"A",.,"A",195,"D",.,"A",117,"D",.,"A",.,"A",.,"A",.,"A",85,"D",.,"A",.,"A"
"20103",2265882,42,0,"1",.,"A",.,"A",.,"A",.,"A",.,"A",.,"A",.,"A",.,"A",.,"A",.,"A",.,"A",.,"A",70,"D",.,"A",.,"A"
"20103",2265923,37,0,"1",.,"A",.,"A",.,"A",.,"A",.,"A",.,"A",.,"A",.,"A",.,"A",.,"A",.,"A",.,"A",.,"A",.,"A",.,"A"
"20103",2265942,44,0,"1",.,"A",.,"A",.,"A",.,"A",.,"A",.,"A",520,"D",.,"A",.,"A",.,"A",.,"A",.,"A",33,"D",.,"A",.,"A"
"20103",2265952,24,0,"1",10,"D",.,"A",.,"A",76,"D",65,"D",.,"A",.,"A",.,"A",.,"A",.,"A",.,"A",.,"A",18,"D",.,"A",.,"A"
"20103",2265963,44,0,"1",.,"A",.,"A",.,"A",.,"A",.,"A",.,"A",.,"A",.,"A",.,"A",.,"A",.,"A",.,"A",130,"D",.,"A",.,"A"
"20103",2265983,46,0,"1",.,"A",.,"A",.,"A",.,"A",.,"A",.,"A",.,"A",.,"A",.,"A",.,"A",.,"A",.,"A",.,"A",.,"A",.,"A"
"20103",2265992,60,0,"1",.,"A",.,"A",.,"A",.,"A",.,"A",300,"D",1950,"D",.,"A",.,"A",.,"A",.,"A",.,"A",300,"D",.,"A",.,"A"
"20103",2266022,24,0,"1",.,"A",.,"A",.,"A",.,"A",.,"A",.,"A",.,"A",.,"A",12,"D",.,"A",.,"A",.,"A",.,"A",.,"A",.,"A"
"20103",2266032,41,0,"1",.,"A",.,"A",.,"A",.,"A",.,"A",.,"A",.,"A",.,"A",.,"A",.,"A",.,"A",.,"A",.,"A",.,"A",.,"A"
"20103",2266113,29,0,"1",6,"D",.,"A",.,"A",.,"A",34,"D",.,"A",455,"D",13,"D",.,"A",0,"D",0,"D",30,"D",10,"D",0,"D",.,"A"
"20103",2266132,43,0,"1",.,"A",.,"A",.,"A",.,"A",.,"A",.,"A",260,"D",.,"A",.,"A",.,"A",.,"A",.,"A",.,"A",.,"A",.,"A"
"20103",2266142,47,0,"1",.,"A",.,"A",.,"A",.,"A",.,"A",.,"A",.,"A",.,"A",.,"A",.,"A",.,"A",.,"A",650,"D",.,"A",.,"A"
"20103",2266173,38,0,"1",20,"D",.,"A",.,"A",.,"A",40,"D",.,"A",.,"A",.,"A",.,"A",.,"A",.,"A",.,"A",.,"A",.,"A",.,"A"
"20103",2266182,71,0,"1",.,"A",.,"A",.,"A",.,"A",.,"A",.,"A",.,"A",.,"A",.,"A",.,"A",.,"A",.,"A",220,"D",.,"A",.,"A"
"20103",2266193,41,0,"1",.,"A",.,"A",.,"A",.,"A",.,"A",.,"A",455,"D",.,"A",.,"A",.,"A",.,"A",.,"A",.,"A",.,"A",.,"A"
"20103",2266273,74,0,"1",.,"A",.,"A",.,"A",.,"A",.,"A",.,"A",26,"D",26,"D",6,"D",.,"A",.,"A",.,"A",30,"D",.,"A",.,"A"
"20103",2266283,55,0,"1",.,"A",.,"A",.,"A",.,"A",.,"A",32,"D",.,"A",.,"A",.,"A",.,"A",.,"A",.,"A",200,"D",.,"A",.,"A"
"20103",2266312,46,0,"1",.,"A",.,"A",.,"A",17,"D",.,"A",26,"D",.,"A",.,"A",24,"D",.,"A",.,"A",.,"A",20,"D",.,"A",.,"A"
"20103",2266322,46,0,"1",.,"A",.,"A",.,"A",.,"A",.,"A",.,"A",.,"A",.,"A",.,"A",.,"A",.,"A",.,"A",17,"D",.,"A",.,"A"
"20103",2266353,47,0,"1",30,"D",.,"A",.,"A",.,"A",120,"D",.,"A",104,"D",.,"A",30,"D",90,"D",165,"D",0,"D",93,"D",30,"D",.,"A"
"20103",2266373,42,0,"1",.,"A",.,"A",.,"A",.,"A",.,"A",.,"A",.,"A",.,"A",.,"A",.,"A",.,"A",.,"A",.,"A",.,"A",.,"A"
"20103",2266422,34,0,"1",.,"A",.,"A",.,"A",.,"A",.,"A",.,"A",.,"A",.,"A",.,"A",.,"A",.,"A",.,"A",.,"A",.,"A",.,"A"
"20103",2266483,64,0,"1",.,"A",.,"A",.,"A",.,"A",.,"A",.,"A",.,"A",130,"D",.,"A",.,"A",.,"A",.,"A",24,"D",.,"A",.,"A"
"20103",2266492,39,0,"1",.,"A",.,"A",.,"A",.,"A",.,"A",.,"A",.,"A",.,"A",.,"A",.,"A",.,"A",.,"A",.,"A",.,"A",.,"A"
"20103",2266523,70,0,"1",.,"A",.,"A",.,"A",.,"A",.,"A",.,"A",.,"A",.,"A",.,"A",0,"D",0,"D",36,"D",190,"D",0,"D",.,"A"
"20103",2266552,34,0,"1",.,"A",.,"A",.,"A",.,"A",.,"A",41,"D",.,"A",.,"A",.,"A",.,"A",.,"A",.,"A",.,"A",.,"A",.,"A"
"20103",2266573,37,0,"1",.,"A",.,"A",.,"A",.,"A",.,"A",.,"A",.,"A",.,"A",.,"A",.,"A",.,"A",.,"A",.,"A",.,"A",.,"A"
"20103",2266613,23,0,"1",.,"A",.,"A",.,"A",.,"A",.,"A",.,"A",.,"A",.,"A",.,"A",.,"A",.,"A",.,"A",.,"A",.,"A",.,"A"
"20103",2266672,96,0,"1",.,"A",.,"A",.,"A",.,"A",.,"A",.,"A",.,"A",.,"A",.,"A",.,"A",.,"A",.,"A",127,"D",.,"A",.,"A"
"20103",2266692,57,0,"1",.,"A",.,"A",.,"A",.,"A",.,"A",.,"A",.,"A",.,"A",.,"A",.,"A",.,"A",.,"A",150,"D",.,"A",.,"A"
"20103",2266732,47,0,"1",.,"A",.,"A",.,"A",.,"A",.,"A",.,"A",.,"A",.,"A",.,"A",.,"A",.,"A",.,"A",.,"A",.,"A",.,"A"
"20103",2266773,41,0,"1",15,"D",.,"A",.,"A",.,"A",45,"D",.,"A",.,"A",.,"A",.,"A",.,"A",.,"A",.,"A",.,"A",.,"A",.,"A"
"20103",2266802,38,0,"1",.,"A",.,"A",.,"A",.,"A",.,"A",.,"A",.,"A",.,"A",.,"A",.,"A",.,"A",.,"A",.,"A",.,"A",.,"A"
"20103",2266822,73,0,"1",.,"A",.,"A",.,"A",.,"A",.,"A",.,"A",65,"D",.,"A",36,"D",.,"A",.,"A",.,"A",150,"D",.,"A",.,"A"
"20103",2266833,49,0,"1",.,"A",.,"A",.,"A",.,"A",.,"A",.,"A",.,"A",.,"A",.,"A",.,"A",.,"A",.,"A",.,"A",.,"A",.,"A"
"20103",2266852,53,0,"1",.,"A",.,"A",.,"A",.,"A",.,"A",.,"A",.,"A",.,"A",18,"D",.,"A",.,"A",.,"A",100,"D",.,"A",.,"A"
"20103",2266862,53,0,"1",.,"A",.,"A",.,"A",.,"A",.,"A",10,"D",.,"A",65,"D",.,"A",.,"A",.,"A",.,"A",20,"D",.,"A",.,"A"
"20103",2266883,84,0,"1",.,"A",.,"A",.,"A",.,"A",.,"A",.,"A",.,"A",.,"A",.,"A",.,"A",.,"A",.,"A",50,"D",.,"A",.,"A"
"20103",2266933,34,0,"1",.,"A",.,"A",.,"A",.,"A",.,"A",.,"A",650,"D",.,"A",24,"D",.,"A",.,"A",.,"A",.,"A",.,"A",.,"A"
"20103",2266963,27,0,"1",.,"A",.,"A",.,"A",.,"A",40,"D",.,"A",.,"A",.,"A",.,"A",.,"A",.,"A",.,"A",.,"A",.,"A",.,"A"
"20103",2266983,48,0,"1",.,"A",.,"A",.,"A",120,"D",60,"D",600,"D",.,"A",.,"A",.,"A",.,"A",.,"A",.,"A",450,"D",.,"A",.,"A"
"20103",2266993,47,0,"1",.,"A",.,"A",.,"A",.,"A",.,"A",.,"A",.,"A",.,"A",.,"A",.,"A",.,"A",.,"A",36,"D",.,"A",.,"A"
"20103",2267003,31,0,"1",.,"A",.,"A",.,"A",.,"A",.,"A",.,"A",.,"A",.,"A",.,"A",.,"A",.,"A",.,"A",50,"D",.,"A",.,"A"
"20103",2267022,45,0,"1",.,"A",.,"A",.,"A",.,"A",.,"A",.,"A",.,"A",.,"A",.,"A",0,"D",0,"D",60,"D",.,"A",0,"D",.,"A"
"20103",2267052,51,0,"1",.,"A",.,"A",.,"A",.,"A",.,"A",200,"D",.,"A",.,"A",.,"A",.,"A",.,"A",.,"A",240,"D",.,"A",.,"A"
"20103",2267062,33,0,"1",.,"A",.,"A",.,"A",.,"A",.,"A",.,"A",546,"D",104,"F",.,"A",.,"A",.,"A",.,"A",120,"D",.,"A",.,"A"
"20103",2267072,45,0,"1",.,"A",.,"A",.,"A",.,"A",.,"A",.,"A",.,"A",.,"A",.,"A",.,"A",.,"A",.,"A",150,"D",.,"A",.,"A"
"20103",2267082,51,0,"1",.,"A",.,"A",.,"A",.,"A",.,"A",.,"A",585,"F",.,"A",.,"A",.,"A",.,"A",.,"A",50,"D",.,"A",.,"A"
"20103",2267092,28,0,"1",20,"D",.,"A",.,"A",.,"A",40,"D",.,"A",195,"D",.,"A",.,"A",0,"D",0,"D",45,"D",.,"A",0,"D",.,"A"
"20103",2267103,55,0,"1",.,"A",.,"A",.,"A",.,"A",90,"D",.,"A",65,"D",.,"A",.,"A",225,"D",0,"D",0,"D",150,"D",75,"D",.,"A"
"20103",2267113,49,0,"1",.,"A",.,"A",.,"A",8,"D",.,"A",.,"A",.,"A",.,"A",15,"D",.,"A",.,"A",.,"A",.,"A",.,"A",.,"A"
"20103",2267122,87,0,"1",.,"A",.,"A",.,"A",.,"A",.,"A",.,"A",.,"A",.,"A",.,"A",.,"A",.,"A",.,"A",20,"D",.,"A",.,"A"
"20103",2267162,56,0,"1",.,"A",.,"A",.,"A",.,"A",.,"A",.,"A",.,"A",.,"A",.,"A",.,"A",.,"A",.,"A",.,"A",.,"A",.,"A"
"20103",2267173,32,0,"1",.,"A",.,"A",.,"A",.,"A",.,"A",.,"A",.,"A",.,"A",.,"A",.,"A",.,"A",.,"A",.,"A",.,"A",.,"A"
"20103",2267203,53,0,"1",.,"A",.,"A",.,"A",.,"A",.,"A",.,"A",.,"A",.,"A",.,"A",.,"A",.,"A",.,"A",.,"A",.,"A",.,"A"
"20103",2267234,44,0,"1",.,"A",.,"A",.,"A",.,"A",.,"A",.,"A",780,"D",65,"D",.,"A",.,"A",.,"A",.,"A",30,"D",.,"A",.,"A"
"20103",2267284,43,0,"1",.,"A",.,"A",.,"A",400,"D",.,"A",120,"D",.,"A",.,"A",30,"D",0,"D",0,"D",45,"D",60,"D",0,"D",.,"A"
"20103",2267293,56,0,"1",.,"A",.,"A",.,"A",.,"A",.,"A",.,"A",.,"A",.,"A",.,"A",.,"A",.,"A",.,"A",62,"D",.,"A",.,"A"
"20103",2267303,30,0,"1",.,"A",.,"A",.,"A",.,"A",40,"F",.,"A",.,"A",.,"A",.,"A",.,"A",.,"A",.,"A",355,"F",.,"A",.,"A"
"20103",2267325,62,0,"1",.,"A",.,"A",.,"A",.,"A",.,"A",.,"A",.,"A",.,"A",.,"A",.,"A",.,"A",.,"A",280,"D",.,"A",.,"A"
"20103",2267363,45,0,"1",.,"A",.,"A",.,"A",.,"A",120,"D",.,"A",.,"A",.,"A",.,"A",.,"A",.,"A",.,"A",80,"D",.,"A",.,"A"
"20103",2267372,60,0,"1",.,"A",.,"A",.,"A",.,"A",.,"A",.,"A",.,"A",.,"A",.,"A",.,"A",.,"A",.,"A",130,"D",.,"A",.,"A"
"20103",2267383,53,0,"1",.,"A",.,"A",5,"D",.,"A",.,"A",.,"A",.,"A",.,"A",.,"A",.,"A",.,"A",.,"A",90,"D",.,"A",.,"A"
"20103",2267402,57,0,"1",.,"A",.,"A",.,"A",.,"A",.,"A",.,"A",.,"A",.,"A",.,"A",.,"A",.,"A",.,"A",50,"D",.,"A",.,"A"
"20103",2267412,48,0,"1",.,"A",.,"A",.,"A",.,"A",.,"A",.,"A",.,"A",.,"A",.,"A",.,"A",.,"A",.,"A",.,"A",.,"A",.,"A"
"20103",2267452,50,0,"1",.,"A",.,"A",.,"A",.,"A",.,"A",.,"A",.,"A",.,"A",18,"D",.,"A",.,"A",.,"A",16,"D",.,"A",.,"A"
"20103",2267462,36,0,"1",.,"A",.,"A",.,"A",.,"A",.,"A",.,"A",.,"A",.,"A",.,"A",.,"A",.,"A",.,"A",30,"D",.,"A",.,"A"
"20103",2267473,34,0,"1",.,"A",.,"A",.,"A",.,"A",90,"D",.,"A",.,"A",.,"A",.,"A",.,"A",.,"A",.,"A",.,"A",.,"A",.,"A"
"20103",2267482,56,0,"1",.,"A",.,"A",.,"A",.,"A",.,"A",.,"A",.,"A",.,"A",.,"A",.,"A",.,"A",.,"A",195,"D",.,"A",.,"A"
"20103",2267495,60,0,"1",.,"A",.,"A",.,"A",.,"A",.,"A",.,"A",130,"D",.,"A",30,"D",.,"A",.,"A",.,"A",50,"D",.,"A",.,"A"
"20103",2267532,46,0,"1",.,"A",.,"A",.,"A",.,"A",.,"A",.,"A",.,"A",.,"A",.,"A",.,"A",.,"A",.,"A",30,"D",.,"A",.,"A"
"20103",2267552,44,0,"1",.,"A",.,"A",.,"A",.,"A",.,"A",.,"A",.,"A",.,"A",.,"A",.,"A",.,"A",.,"A",180,"D",.,"A",.,"A"
"20103",2267582,36,0,"1",.,"A",.,"A",.,"A",.,"A",.,"A",.,"A",.,"A",.,"A",.,"A",.,"A",.,"A",.,"A",.,"A",.,"A",.,"A"
"20103",2267593,53,0,"1",.,"A",.,"A",.,"A",.,"A",.,"A",.,"A",.,"A",.,"A",.,"A",.,"A",.,"A",.,"A",180,"D",.,"A",.,"A"
"20103",2267612,45,0,"1",.,"A",.,"A",.,"A",.,"A",.,"A",80,"D",.,"A",.,"A",.,"A",.,"A",.,"A",.,"A",.,"A",.,"A",.,"A"
"20103",2267632,29,0,"1",.,"A",.,"A",.,"A",.,"A",180,"D",.,"A",.,"A",.,"A",.,"A",258,"D",0,"D",0,"D",.,"A",86,"D",.,"A"
"20103",2267653,34,0,"1",12,"D",.,"A",.,"A",.,"A",36,"D",63,"D",.,"A",.,"A",.,"A",.,"A",.,"A",.,"A",.,"A",.,"A",.,"A"
"20103",2267673,68,0,"1",.,"A",.,"A",30,"D",.,"A",.,"A",.,"A",.,"A",.,"A",.,"A",.,"A",.,"A",.,"A",30,"D",.,"A",.,"A"
"20103",2267703,26,0,"1",.,"A",.,"A",.,"A",.,"A",50,"D",.,"A",.,"A",.,"A",.,"A",0,"D",0,"D",120,"D",15,"D",0,"D",.,"A"
"20103",2267742,40,0,"1",.,"A",.,"A",.,"A",.,"A",.,"A",.,"A",.,"A",.,"A",.,"A",.,"A",.,"A",.,"A",120,"D",.,"A",.,"A"
"20103",2267752,42,0,"1",.,"A",.,"A",.,"A",.,"A",.,"A",.,"A",.,"A",.,"A",.,"A",.,"A",.,"A",.,"A",.,"A",.,"A",.,"A"
"20103",2267773,84,0,"1",.,"A",.,"A",.,"A",.,"A",.,"A",.,"A",.,"A",.,"A",.,"A",.,"A",.,"A",.,"A",121,"D",.,"A",.,"A"
"20103",2267782,36,0,"1",.,"A",.,"A",.,"A",.,"A",.,"A",.,"A",.,"A",.,"A",.,"A",.,"A",.,"A",.,"A",33,"D",.,"A",.,"A"
"20103",2267802,64,0,"1",.,"A",.,"A",.,"A",.,"A",.,"A",.,"A",.,"A",.,"A",.,"A",.,"A",.,"A",.,"A",72,"D",.,"A",.,"A"
"20103",2267843,31,0,"1",.,"A",.,"A",.,"A",.,"A",.,"A",.,"A",.,"A",.,"A",.,"A",.,"A",.,"A",.,"A",.,"A",.,"A",.,"A"
"20103",2267852,86,0,"1",.,"A",.,"A",.,"A",.,"A",.,"A",500,"D",.,"A",.,"A",180,"D",0,"D",0,"D",75,"D",320,"D",0,"D",.,"A"
"20103",2267863,65,0,"1",.,"A",.,"A",.,"A",.,"A",.,"A",.,"A",442,"D",.,"A",.,"A",.,"A",.,"A",.,"A",90,"D",.,"A",.,"A"
"20103",2267892,36,0,"1",.,"A",.,"A",.,"A",.,"A",.,"A",.,"A",.,"A",.,"A",.,"A",.,"A",.,"A",.,"A",.,"A",.,"A",.,"A"
"20103",2267913,26,0,"1",.,"A",.,"A",.,"A",.,"A",.,"A",.,"A",130,"D",.,"A",.,"A",.,"A",.,"A",.,"A",.,"A",.,"A",.,"A"
"20103",2267923,66,0,"1",.,"A",.,"A",.,"A",.,"A",.,"A",350,"D",.,"A",.,"A",.,"A",.,"A",.,"A",.,"A",500,"D",.,"A",.,"A"
"20103",2267943,43,0,"1",.,"A",.,"A",.,"A",.,"A",.,"A",.,"A",650,"F",.,"A",.,"A",.,"A",.,"A",.,"A",27,"D",.,"A",.,"A"
"20103",2267952,26,0,"1",.,"A",.,"A",.,"A",.,"A",.,"A",.,"A",.,"A",.,"A",.,"A",.,"A",.,"A",.,"A",30,"D",.,"A",.,"A"
"20103",2267962,75,0,"1",.,"A",.,"A",.,"A",.,"A",.,"A",.,"A",.,"A",.,"A",.,"A",.,"A",.,"A",.,"A",255,"D",.,"A",.,"A"
"20103",2267985,39,0,"1",.,"A",.,"A",.,"A",.,"A",.,"A",.,"A",.,"A",.,"A",.,"A",.,"A",.,"A",.,"A",180,"D",.,"A",.,"A"
"20103",2267992,45,0,"1",.,"A",.,"A",.,"A",.,"A",.,"A",.,"A",.,"A",.,"A",.,"A",.,"A",.,"A",.,"A",.,"A",.,"A",.,"A"
"20103",2268042,39,0,"1",.,"A",.,"A",.,"A",.,"A",.,"A",.,"A",.,"A",.,"A",.,"A",.,"A",.,"A",.,"A",.,"A",.,"A",.,"A"
"20103",2268052,57,0,"1",.,"A",.,"A",.,"A",.,"A",.,"A",.,"A",.,"A",.,"A",.,"A",.,"A",.,"A",.,"A",22,"D",.,"A",.,"A"
"20103",2268073,74,0,"1",.,"A",.,"A",.,"A",.,"A",.,"A",.,"A",130,"D",.,"A",.,"A",.,"A",.,"A",.,"A",120,"D",.,"A",.,"A"
"20103",2268112,45,0,"1",.,"A",.,"A",.,"A",.,"A",.,"A",.,"A",.,"A",.,"A",.,"A",.,"A",.,"A",.,"A",.,"A",.,"A",.,"A"
"20103",2268133,34,0,"1",.,"A",.,"A",.,"A",.,"A",.,"A",.,"A",.,"A",.,"A",.,"A",.,"A",.,"A",.,"A",60,"D",.,"A",.,"A"
"20103",2268153,44,0,"1",.,"A",.,"A",40,"F",.,"A",.,"A",.,"A",.,"A",.,"A",.,"A",.,"A",.,"A",.,"A",12,"D",.,"A",.,"A"
"20103",2268202,41,0,"1",.,"A",.,"A",.,"A",.,"A",.,"A",.,"A",.,"A",.,"A",.,"A",.,"A",.,"A",.,"A",.,"A",.,"A",.,"A"
"20103",2268213,32,0,"1",.,"A",.,"A",.,"A",20,"D",.,"A",.,"A",.,"A",.,"A",.,"A",0,"D",0,"D",81,"D",.,"A",0,"D",.,"A"
"20103",2268223,39,0,"1",.,"A",.,"A",.,"A",.,"A",.,"A",.,"A",.,"A",.,"A",.,"A",.,"A",.,"A",.,"A",.,"A",.,"A",.,"A"
"20103",2268242,44,0,"1",.,"A",.,"A",.,"A",.,"A",.,"A",.,"A",.,"A",.,"A",.,"A",.,"A",.,"A",.,"A",.,"A",.,"A",.,"A"
"20103",2268252,32,0,"1",.,"A",.,"A",.,"A",.,"A",.,"A",.,"A",.,"A",.,"A",.,"A",.,"A",.,"A",.,"A",50,"D",.,"A",.,"A"
"20103",2268263,42,0,"1",.,"A",.,"A",.,"A",.,"A",.,"A",.,"A",.,"A",.,"A",.,"A",.,"A",.,"A",.,"A",.,"A",.,"A",.,"A"
"20103",2268293,74,0,"1",.,"A",.,"A",.,"A",.,"A",.,"A",.,"A",.,"A",.,"A",.,"A",.,"A",.,"A",.,"A",400,"D",.,"A",.,"A"
"20103",2268312,33,0,"1",.,"A",.,"A",.,"A",.,"A",.,"A",.,"A",.,"A",.,"A",.,"A",.,"A",.,"A",.,"A",.,"A",.,"A",.,"A"
"20103",2268324,33,0,"1",.,"A",.,"A",.,"A",.,"A",.,"A",.,"A",.,"A",.,"A",.,"A",.,"A",.,"A",.,"A",30,"D",.,"A",.,"A"
"20103",2268342,56,0,"1",.,"A",.,"A",.,"A",.,"A",.,"A",.,"A",.,"A",.,"A",.,"A",.,"A",.,"A",.,"A",25,"D",.,"A",.,"A"
"20103",2268353,44,0,"1",.,"A",.,"A",.,"A",.,"A",.,"A",.,"A",.,"A",.,"A",.,"A",.,"A",.,"A",.,"A",60,"D",.,"A",.,"A"
"20103",2268372,77,0,"1",.,"A",.,"A",.,"A",.,"A",.,"A",75,"D",.,"A",.,"A",27,"D",.,"A",.,"A",.,"A",600,"D",.,"A",.,"A"
"20103",2268442,52,0,"1",.,"A",.,"A",.,"A",.,"A",.,"A",.,"A",.,"A",.,"A",.,"A",.,"A",.,"A",.,"A",250,"D",.,"A",.,"A"
"20103",2268452,49,0,"1",.,"A",.,"A",.,"A",.,"A",.,"A",.,"A",.,"A",.,"A",.,"A",.,"A",.,"A",.,"A",.,"A",.,"A",.,"A"
"20103",2268462,78,0,"1",.,"A",.,"A",.,"A",.,"A",.,"A",.,"A",.,"A",.,"A",.,"A",.,"A",.,"A",.,"A",33,"D",.,"A",.,"A"
"20103",2268503,57,0,"1",.,"A",.,"A",.,"A",.,"A",.,"A",.,"A",182,"D",.,"A",.,"A",.,"A",.,"A",.,"A",36,"D",.,"A",.,"A"
"20103",2268523,21,0,"1",.,"A",.,"A",.,"A",.,"A",.,"A",.,"A",.,"A",.,"A",.,"A",.,"A",.,"A",.,"A",45,"D",.,"A",.,"A"
"20103",2268543,38,0,"1",.,"A",.,"A",.,"A",.,"A",.,"A",.,"A",.,"A",.,"A",.,"A",.,"A",.,"A",.,"A",.,"A",.,"A",.,"A"
"20103",2268603,56,0,"1",.,"A",.,"A",.,"A",.,"A",.,"A",.,"A",.,"A",.,"A",.,"A",.,"A",.,"A",.,"A",60,"D",.,"A",.,"A"
"20103",2268613,34,0,"1",.,"A",.,"A",.,"A",.,"A",.,"A",.,"A",.,"A",.,"A",.,"A",.,"A",.,"A",.,"A",.,"A",.,"A",.,"A"
"20103",2268643,32,0,"1",.,"A",.,"A",.,"A",.,"A",.,"A",.,"A",.,"A",.,"A",.,"A",.,"A",.,"A",.,"A",30,"D",.,"A",.,"A"
"20103",2268652,39,0,"1",.,"A",.,"A",.,"A",.,"A",.,"A",.,"A",.,"A",.,"A",.,"A",.,"A",.,"A",.,"A",.,"A",.,"A",.,"A"
"20103",2268685,34,0,"1",.,"A",.,"A",.,"A",.,"A",60,"D",.,"A",.,"A",.,"A",.,"A",78,"D",0,"D",0,"D",15,"D",26,"D",.,"A"
"20103",2268753,42,0,"1",.,"A",.,"A",.,"A",.,"A",.,"A",.,"A",.,"A",.,"A",.,"A",.,"A",.,"A",.,"A",.,"A",.,"A",.,"A"
"20103",2268783,23,0,"1",.,"A",.,"A",.,"A",.,"A",15,"D",.,"A",.,"A",.,"A",.,"A",105,"D",0,"D",0,"D",.,"A",35,"D",.,"A"
"20103",2268812,36,0,"1",.,"A",.,"A",.,"A",.,"A",.,"A",.,"A",.,"A",.,"A",.,"A",.,"A",.,"A",.,"A",.,"A",.,"A",.,"A"
"20103",2268872,51,0,"1",.,"A",.,"A",20,"D",.,"A",.,"A",.,"A",.,"A",.,"A",.,"A",.,"A",.,"A",.,"A",70,"D",.,"A",.,"A"
"20103",2268892,33,0,"1",.,"A",.,"A",.,"A",.,"A",100,"D",.,"A",.,"A",.,"A",.,"A",.,"A",.,"A",.,"A",.,"A",.,"A",.,"A"
"20103",2268903,30,0,"1",.,"A",.,"A",.,"A",.,"A",.,"A",.,"A",.,"A",.,"A",.,"A",.,"A",.,"A",.,"A",40,"D",.,"A",.,"A"
"20103",2268913,51,0,"1",.,"A",.,"A",.,"A",.,"A",.,"A",.,"A",975,"D",.,"A",.,"A",.,"A",.,"A",.,"A",8,"D",.,"A",.,"A"
"20103",2268922,42,0,"1",.,"A",.,"A",.,"A",.,"A",.,"A",.,"A",.,"A",.,"A",60,"D",.,"A",.,"A",.,"A",.,"A",.,"A",.,"A"
"20103",2268932,56,0,"1",.,"A",.,"A",.,"A",.,"A",.,"A",.,"A",.,"A",.,"A",.,"A",.,"A",.,"A",.,"A",21,"D",.,"A",.,"A"
"20103",2268953,40,0,"1",.,"A",.,"A",.,"A",.,"A",.,"A",.,"A",.,"A",.,"A",.,"A",.,"A",.,"A",.,"A",.,"A",.,"A",.,"A"
"20103",2268963,50,0,"1",.,"A",.,"A",.,"A",.,"A",10,"D",15,"D",.,"A",.,"A",.,"A",.,"A",.,"A",.,"A",40,"D",.,"A",.,"A"
"20103",2268973,32,0,"1",.,"A",.,"A",.,"A",.,"A",.,"A",.,"A",65,"D",.,"A",24,"D",.,"A",.,"A",.,"A",.,"A",.,"A",.,"A"
"20103",2268982,22,0,"1",.,"A",.,"A",.,"A",.,"A",.,"A",.,"A",.,"A",26,"D",.,"A",.,"A",.,"A",.,"A",.,"A",.,"A",.,"A"
"20103",2269002,40,0,"1",.,"A",.,"A",.,"A",.,"A",.,"A",.,"A",.,"A",.,"A",.,"A",.,"A",.,"A",.,"A",.,"A",.,"A",.,"A"
"20103",2269033,48,0,"1",.,"A",.,"A",.,"A",.,"A",.,"A",.,"A",520,"D",.,"A",.,"A",.,"A",.,"A",.,"A",75,"D",.,"A",.,"A"
"20103",2269053,24,0,"1",.,"A",.,"A",.,"A",.,"A",.,"A",.,"A",.,"A",.,"A",.,"A",261,"D",0,"D",0,"D",40,"D",87,"D",90,"D"
"20103",2269073,37,0,"1",.,"A",.,"A",.,"A",.,"A",.,"A",.,"A",.,"A",.,"A",.,"A",.,"A",.,"A",.,"A",70,"D",.,"A",.,"A"
"20103",2269082,29,0,"1",.,"A",.,"A",.,"A",.,"A",22,"D",.,"A",.,"A",.,"A",33,"D",.,"A",.,"A",.,"A",85,"D",.,"A",.,"A"
"20103",2269113,60,0,"1",.,"A",.,"A",.,"A",.,"A",.,"A",.,"A",325,"D",.,"A",.,"A",.,"A",.,"A",.,"A",20,"D",.,"A",.,"A"
"20103",2269162,26,0,"1",.,"A",.,"A",.,"A",.,"A",.,"A",.,"A",.,"A",.,"A",.,"A",.,"A",.,"A",.,"A",.,"A",.,"A",.,"A"
"20103",2269172,62,0,"1",.,"A",.,"A",.,"A",.,"A",.,"A",.,"A",910,"D",.,"A",600,"D",.,"A",.,"A",.,"A",300,"D",.,"A",.,"A"
"20103",2269183,29,0,"1",.,"A",.,"A",.,"A",.,"A",.,"A",.,"A",.,"A",.,"A",.,"A",.,"A",.,"A",.,"A",.,"A",.,"A",.,"A"
"20103",2269243,53,0,"1",.,"A",.,"A",.,"A",.,"A",.,"A",.,"A",390,"D",.,"A",.,"A",.,"A",.,"A",.,"A",20,"D",.,"A",.,"A"
"20103",2269263,51,0,"1",.,"A",.,"A",.,"A",20,"D",.,"A",50,"D",.,"A",.,"A",.,"A",.,"A",.,"A",.,"A",150,"D",.,"A",.,"A"
"20103",2269273,30,0,"1",.,"A",.,"A",.,"A",.,"A",.,"A",.,"A",.,"A",.,"A",.,"A",.,"A",.,"A",.,"A",45,"D",.,"A",.,"A"
"20103",2269282,41,0,"1",.,"A",.,"A",.,"A",.,"A",.,"A",.,"A",.,"A",.,"A",60,"D",.,"A",.,"A",.,"A",150,"D",.,"A",.,"A"
"20103",2269342,63,0,"1",.,"A",.,"A",.,"A",.,"A",.,"A",.,"A",.,"A",.,"A",.,"A",.,"A",.,"A",.,"A",20,"D",.,"A",.,"A"
"20103",2269353,66,0,"1",.,"A",.,"A",.,"A",.,"A",.,"A",.,"A",.,"A",.,"A",.,"A",.,"A",.,"A",.,"A",150,"D",.,"A",.,"A"
"20103",2269362,40,0,"1",.,"A",.,"A",.,"A",.,"A",.,"A",.,"A",.,"A",.,"A",.,"A",.,"A",.,"A",.,"A",90,"D",.,"A",.,"A"
"20103",2269383,44,0,"1",.,"A",.,"A",.,"A",.,"A",.,"A",.,"A",.,"A",325,"D",.,"A",.,"A",.,"A",.,"A",43,"D",.,"A",.,"A"
"20103",2269393,67,0,"1",.,"A",.,"A",.,"A",.,"A",.,"A",.,"A",.,"A",.,"A",.,"A",.,"A",.,"A",.,"A",25,"D",.,"A",.,"A"
"20103",2269512,98,0,"1",.,"A",.,"A",.,"A",50,"D",.,"A",120,"D",.,"A",.,"A",.,"A",.,"A",.,"A",.,"A",340,"D",.,"A",.,"A"
"20103",2269533,51,0,"1",.,"A",.,"A",.,"A",.,"A",.,"A",.,"A",1300,"D",.,"A",.,"A",.,"A",.,"A",.,"A",22,"D",.,"A",.,"A"
"20103",2269542,34,0,"1",.,"A",.,"A",.,"A",.,"A",.,"A",.,"A",.,"A",.,"A",.,"A",.,"A",.,"A",.,"A",.,"A",.,"A",.,"A"
"20103",2269552,61,0,"1",.,"A",.,"A",.,"A",10,"D",120,"D",.,"A",.,"A",.,"A",12,"D",0,"D",0,"D",150,"D",207,"D",0,"D",.,"A"
"20103",2269563,46,0,"1",.,"A",.,"A",.,"A",.,"A",.,"A",.,"A",.,"A",.,"A",.,"A",.,"A",.,"A",.,"A",.,"A",.,"A",.,"A"
"20103",2269572,85,0,"1",.,"A",.,"A",.,"A",.,"A",.,"A",.,"A",.,"A",.,"A",.,"A",.,"A",.,"A",.,"A",50,"D",.,"A",.,"A"
"20103",2269583,33,0,"1",.,"A",.,"A",.,"A",.,"A",.,"A",.,"A",.,"A",.,"A",.,"A",.,"A",.,"A",.,"A",.,"A",.,"A",.,"A"
"20103",2269613,38,0,"1",.,"A",.,"A",.,"A",.,"A",.,"A",.,"A",.,"A",.,"A",.,"A",.,"A",.,"A",.,"A",.,"A",.,"A",.,"A"
"20103",2269633,43,0,"1",.,"A",.,"A",.,"A",.,"A",.,"A",250,"D",650,"D",.,"A",.,"A",.,"A",.,"A",.,"A",.,"A",.,"A",.,"A"
"20103",2269642,31,0,"1",.,"A",.,"A",.,"A",.,"A",7,"D",.,"A",390,"D",.,"A",.,"A",.,"A",.,"A",.,"A",.,"A",.,"A",.,"A"
"20103",2269692,33,0,"1",.,"A",.,"A",.,"A",.,"A",60,"D",.,"A",286,"D",.,"A",.,"A",.,"A",.,"A",.,"A",18,"D",.,"A",.,"A"
"20103",2269705,52,0,"1",.,"A",.,"A",.,"A",.,"A",.,"A",.,"A",.,"A",.,"A",.,"A",.,"A",.,"A",.,"A",.,"A",.,"A",.,"A"
"20103",2269742,41,0,"1",.,"A",.,"A",.,"A",.,"A",.,"A",.,"A",.,"A",.,"A",.,"A",.,"A",.,"A",.,"A",55,"D",.,"A",.,"A"
"20103",2269753,52,0,"1",.,"A",.,"A",.,"A",.,"A",.,"A",.,"A",728,"D",.,"A",.,"A",.,"A",.,"A",.,"A",.,"A",.,"A",.,"A"
"20103",2269762,79,0,"1",.,"A",.,"A",.,"A",.,"A",.,"A",30,"D",.,"A",.,"A",.,"A",.,"A",.,"A",.,"A",100,"D",.,"A",.,"A"
"20103",2269782,96,0,"1",.,"A",.,"A",.,"A",.,"A",.,"A",.,"A",.,"A",.,"A",.,"A",.,"A",.,"A",.,"A",70,"D",.,"A",.,"A"
"20103",2269793,59,0,"1",.,"A",.,"A",.,"A",.,"A",.,"A",.,"A",.,"A",.,"A",.,"A",120,"D",0,"D",0,"D",190,"D",40,"D",.,"A"
"20103",2269824,41,0,"1",.,"A",.,"A",.,"A",.,"A",.,"A",.,"A",.,"A",.,"A",.,"A",.,"A",.,"A",.,"A",20,"D",.,"A",.,"A"
"20103",2269843,43,0,"1",.,"A",.,"A",.,"A",.,"A",.,"A",.,"A",780,"D",.,"A",.,"A",.,"A",.,"A",.,"A",100,"D",.,"A",.,"A"
"20103",2269892,23,0,"1",.,"A",.,"A",.,"A",.,"A",.,"A",.,"A",.,"A",.,"A",.,"A",.,"A",.,"A",.,"A",.,"A",.,"A",.,"A"
"20103",2269903,71,0,"1",.,"A",.,"A",.,"A",.,"A",.,"A",.,"A",.,"A",.,"A",.,"A",.,"A",.,"A",.,"A",180,"D",.,"A",.,"A"
"20103",2269942,53,0,"1",5,"D",.,"A",.,"A",15,"D",45,"D",.,"A",.,"A",.,"A",6,"D",0,"D",0,"D",15,"D",15,"D",0,"D",.,"A"
"20103",2269963,42,0,"1",.,"A",.,"A",.,"A",.,"A",.,"A",.,"A",.,"A",.,"A",.,"A",.,"A",.,"A",.,"A",.,"A",.,"A",.,"A"
"20103",2269972,30,0,"1",.,"A",.,"A",.,"A",40,"D",25,"D",.,"A",910,"D",.,"A",.,"A",.,"A",.,"A",.,"A",150,"D",.,"A",.,"A"
"20103",2269982,26,0,"1",.,"A",.,"A",.,"A",.,"A",42,"D",60,"D",.,"A",.,"A",.,"A",.,"A",.,"A",.,"A",.,"A",.,"A",.,"A"
"20103",2270002,40,0,"1",.,"A",.,"A",.,"A",.,"A",.,"A",.,"A",.,"A",.,"A",.,"A",0,"D",0,"D",300,"D",.,"A",0,"D",.,"A"
"20103",2270014,25,0,"1",.,"A",.,"A",.,"A",.,"A",50,"D",.,"A",1040,"F",.,"A",.,"A",.,"A",.,"A",.,"A",.,"A",.,"A",.,"A"
"20103",2270022,60,0,"1",.,"A",.,"A",.,"A",.,"A",.,"A",.,"A",130,"D",.,"A",.,"A",.,"A",.,"A",.,"A",45,"D",.,"A",.,"A"
"20103",2270112,32,0,"1",.,"A",.,"A",.,"A",.,"A",60,"D",.,"A",390,"D",.,"A",.,"A",.,"A",.,"A",.,"A",.,"A",.,"A",.,"A"
"20103",2270122,59,0,"1",.,"A",.,"A",.,"A",.,"A",.,"A",.,"A",.,"A",.,"A",.,"A",.,"A",.,"A",.,"A",370,"D",.,"A",.,"A"
"20103",2270152,56,0,"1",.,"A",.,"A",.,"A",.,"A",.,"A",15,"D",.,"A",.,"A",.,"A",.,"A",.,"A",.,"A",30,"D",.,"A",.,"A"
"20103",2270173,61,0,"1",.,"A",.,"A",.,"A",.,"A",.,"A",.,"A",.,"A",.,"A",.,"A",.,"A",.,"A",.,"A",.,"A",.,"A",.,"A"
"20103",2270194,32,0,"1",.,"A",.,"A",.,"A",.,"A",.,"A",.,"A",780,"D",.,"A",.,"A",.,"A",.,"A",.,"A",20,"D",.,"A",.,"A"
"20103",2270202,30,0,"1",.,"A",.,"A",.,"A",.,"A",.,"A",.,"A",.,"A",.,"A",.,"A",.,"A",.,"A",.,"A",50,"D",.,"A",.,"A"
"20103",2270213,67,0,"1",.,"A",.,"A",.,"A",.,"A",.,"A",.,"A",.,"A",.,"A",.,"A",.,"A",.,"A",.,"A",50,"D",.,"A",.,"A"
"20103",2270243,53,0,"1",40,"D",.,"A",.,"A",.,"A",80,"D",.,"A",.,"A",.,"A",30,"D",.,"A",.,"A",.,"A",.,"A",.,"A",.,"A"
"20103",2270252,35,0,"1",.,"A",.,"A",.,"A",.,"A",.,"A",80,"D",325,"D",.,"A",.,"A",.,"A",.,"A",.,"A",500,"D",.,"A",.,"A"
"20103",2270262,58,0,"1",.,"A",.,"A",.,"A",.,"A",.,"A",.,"A",.,"A",.,"A",600,"D",.,"A",.,"A",.,"A",140,"D",.,"A",.,"A"
"20103",2270282,28,0,"1",.,"A",.,"A",.,"A",.,"A",.,"A",.,"A",.,"A",.,"A",.,"A",.,"A",.,"A",.,"A",.,"A",.,"A",.,"A"
"20103",2270343,44,0,"1",.,"A",.,"A",.,"A",.,"A",.,"A",.,"A",117,"F",.,"A",.,"A",.,"A",.,"A",.,"A",300,"D",.,"A",.,"A"
"20103",2270352,51,0,"1",.,"A",.,"A",.,"A",60,"D",.,"A",.,"A",.,"A",.,"A",.,"A",0,"D",0,"D",15,"D",60,"D",0,"D",.,"A"
"20103",2270372,38,0,"1",.,"A",.,"A",.,"A",.,"A",40,"D",.,"A",.,"A",.,"A",.,"A",.,"A",.,"A",.,"A",.,"A",.,"A",.,"A"
"20103",2270412,36,0,"1",.,"A",.,"A",.,"A",.,"A",.,"A",.,"A",260,"D",.,"A",.,"A",.,"A",.,"A",.,"A",.,"A",.,"A",.,"A"
"20103",2270433,34,0,"1",.,"A",.,"A",.,"A",.,"A",.,"A",.,"A",.,"A",.,"A",.,"A",.,"A",.,"A",.,"A",.,"A",.,"A",.,"A"
"20103",2270483,50,0,"1",.,"A",.,"A",.,"A",.,"A",.,"A",.,"A",.,"A",.,"A",.,"A",.,"A",.,"A",.,"A",30,"D",.,"A",.,"A"
"20103",2270503,42,0,"1",.,"A",.,"A",.,"A",.,"A",.,"A",.,"A",.,"A",.,"A",.,"A",.,"A",.,"A",.,"A",.,"A",.,"A",.,"A"
"20103",2270552,59,0,"1",.,"A",.,"A",.,"A",.,"A",.,"A",.,"A",.,"A",130,"D",.,"A",.,"A",.,"A",.,"A",150,"D",.,"A",.,"A"
"20103",2270564,45,0,"1",.,"A",.,"A",.,"A",.,"A",.,"A",.,"A",.,"A",.,"A",.,"A",.,"A",.,"A",.,"A",130,"D",.,"A",.,"A"
"20103",2270572,54,0,"1",.,"A",.,"A",.,"A",.,"A",.,"A",.,"A",.,"A",.,"A",.,"A",.,"A",.,"A",.,"A",40,"D",.,"A",.,"A"
"20103",2270593,41,0,"1",.,"A",.,"A",.,"A",.,"A",.,"A",.,"A",.,"A",.,"A",.,"A",.,"A",.,"A",.,"A",40,"D",.,"A",.,"A"
"20103",2270603,26,0,"1",.,"A",.,"A",.,"A",.,"A",60,"D",.,"A",650,"D",.,"A",.,"A",6,"D",0,"D",0,"D",.,"A",2,"D",.,"A"
"20103",2270623,54,0,"1",.,"A",.,"A",.,"A",.,"A",.,"A",.,"A",.,"A",.,"A",3,"D",.,"A",.,"A",.,"A",15,"D",.,"A",.,"A"
"20103",2270632,40,0,"1",.,"A",.,"A",.,"A",.,"A",.,"A",.,"A",.,"A",.,"A",.,"A",1050,"D",0,"D",0,"D",75,"D",350,"D",.,"A"
"20103",2270653,29,0,"1",.,"A",.,"A",.,"A",.,"A",.,"A",.,"A",.,"A",.,"A",.,"A",.,"A",.,"A",.,"A",.,"A",.,"A",.,"A"
"20103",2270673,57,0,"1",.,"A",.,"A",.,"A",.,"A",.,"A",.,"A",.,"A",.,"A",.,"A",.,"A",.,"A",.,"A",170,"D",.,"A",.,"A"
"20103",2270693,62,0,"1",.,"A",.,"A",7,"D",.,"A",.,"A",120,"D",.,"A",.,"A",.,"A",.,"A",.,"A",.,"A",300,"D",.,"A",.,"A"
"20103",2270712,56,0,"1",.,"A",.,"A",.,"A",.,"A",.,"A",.,"A",.,"A",.,"A",.,"A",.,"A",.,"A",.,"A",10,"D",.,"A",.,"A"
"20103",2270732,43,0,"1",5,"D",.,"A",.,"A",.,"A",0,"D",.,"A",.,"A",.,"A",.,"A",.,"A",.,"A",.,"A",.,"A",.,"A",.,"A"
"20103",2270793,44,0,"1",.,"A",.,"A",.,"A",.,"A",.,"A",.,"A",.,"A",.,"A",.,"A",.,"A",.,"A",.,"A",300,"F",.,"A",.,"A"
"20103",2270813,52,0,"1",.,"A",.,"A",.,"A",.,"A",.,"A",.,"A",.,"A",.,"A",.,"A",.,"A",.,"A",.,"A",.,"A",.,"A",.,"A"
"20103",2270832,49,0,"1",.,"A",.,"A",.,"A",.,"A",.,"A",60,"D",.,"A",.,"A",18,"D",.,"A",.,"A",.,"A",50,"D",.,"A",.,"A"
"20103",2270843,66,0,"1",.,"A",.,"A",.,"A",.,"A",.,"A",.,"A",.,"A",.,"A",.,"A",.,"A",.,"A",.,"A",25,"D",.,"A",.,"A"
"20103",2270903,30,0,"1",.,"A",.,"A",.,"A",.,"A",280,"D",.,"A",.,"A",.,"A",.,"A",.,"A",.,"A",.,"A",30,"D",.,"A",.,"A"
"20103",2270913,59,0,"1",.,"A",.,"A",.,"A",.,"A",.,"A",.,"A",.,"A",.,"A",.,"A",.,"A",.,"A",.,"A",180,"D",.,"A",.,"A"
"20103",2270942,30,0,"1",.,"A",.,"A",.,"A",.,"A",.,"A",.,"A",130,"D",.,"A",.,"A",.,"A",.,"A",.,"A",.,"A",.,"A",.,"A"
"20103",2270963,27,0,"1",.,"A",.,"A",.,"A",.,"A",50,"D",.,"A",.,"A",.,"A",.,"A",420,"D",0,"D",84,"D",.,"A",140,"D",.,"A"
"20103",2270983,42,0,"1",.,"A",.,"A",.,"A",.,"A",.,"A",.,"A",.,"A",.,"A",.,"A",.,"A",.,"A",.,"A",50,"D",.,"A",.,"A"
"20103",2270992,78,0,"1",.,"A",.,"A",.,"A",.,"A",.,"A",.,"A",.,"A",.,"A",.,"A",.,"A",.,"A",.,"A",80,"D",.,"A",.,"A"
"20103",2271003,63,0,"1",.,"A",.,"A",.,"A",.,"A",.,"A",.,"A",65,"D",.,"A",.,"A",.,"A",.,"A",.,"A",0,"D",.,"A",.,"A"
"20103",2271012,36,0,"1",.,"A",.,"A",.,"A",.,"A",.,"A",.,"A",.,"A",.,"A",.,"A",.,"A",.,"A",.,"A",.,"A",.,"A",.,"A"
"20103",2271023,42,0,"1",50,"D",.,"A",.,"A",.,"A",50,"D",.,"A",.,"A",.,"A",.,"A",.,"A",.,"A",.,"A",20,"D",.,"A",.,"A"
"20103",2271042,36,0,"1",.,"A",.,"A",.,"A",.,"A",.,"A",.,"A",390,"D",.,"A",.,"A",0,"D",0,"D",36,"D",.,"A",0,"D",.,"A"
"20103",2271052,22,0,"1",.,"A",.,"A",.,"A",.,"A",.,"A",.,"A",.,"A",.,"A",.,"A",.,"A",.,"A",.,"A",.,"A",.,"A",.,"A"
"20103",2271062,64,0,"1",.,"A",.,"A",.,"A",.,"A",40,"D",.,"A",910,"D",.,"A",.,"A",.,"A",.,"A",.,"A",20,"D",.,"A",.,"A"
"20103",2271092,35,0,"1",.,"A",.,"A",.,"A",.,"A",.,"A",.,"A",650,"D",.,"A",.,"A",.,"A",.,"A",.,"A",.,"A",.,"A",.,"A"
"20103",2271112,52,0,"1",.,"A",.,"A",.,"A",.,"A",.,"A",.,"A",.,"A",.,"A",.,"A",.,"A",.,"A",.,"A",.,"A",.,"A",.,"A"
"20103",2271152,69,0,"1",.,"A",.,"A",.,"A",.,"A",.,"A",.,"A",975,"D",.,"A",.,"A",.,"A",.,"A",.,"A",40,"D",.,"A",.,"A"
"20103",2271162,37,0,"1",.,"A",.,"A",.,"A",.,"A",.,"A",.,"A",247,"D",.,"A",.,"A",.,"A",.,"A",.,"A",.,"A",.,"A",.,"A"
"20103",2271173,38,0,"1",.,"A",.,"A",.,"A",.,"A",.,"A",.,"A",1105,"D",.,"A",108,"F",192,"D",6,"D",6,"D",.,"A",64,"D",.,"A"
"20103",2271222,52,0,"1",.,"A",.,"A",.,"A",.,"A",.,"A",.,"A",.,"A",.,"A",.,"A",.,"A",.,"A",.,"A",40,"D",.,"A",.,"A"
"20103",2271253,35,0,"1",.,"A",.,"A",.,"A",.,"A",.,"A",.,"A",.,"A",.,"A",.,"A",.,"A",.,"A",.,"A",.,"A",.,"A",.,"A"
"20103",2271303,45,0,"1",.,"A",.,"A",.,"A",.,"A",.,"A",.,"A",.,"A",.,"A",.,"A",.,"A",.,"A",.,"A",.,"A",.,"A",.,"A"
"20103",2271312,43,0,"1",.,"A",.,"A",.,"A",.,"A",.,"A",.,"A",.,"A",.,"A",.,"A",.,"A",.,"A",.,"A",.,"A",.,"A",.,"A"
"20103",2271323,52,0,"1",.,"A",.,"A",.,"A",.,"A",.,"A",.,"A",.,"A",.,"A",.,"A",.,"A",.,"A",.,"A",480,"D",.,"A",.,"A"
"20103",2271335,48,0,"1",.,"A",.,"A",.,"A",.,"A",90,"D",.,"A",494,"D",.,"A",.,"A",.,"A",.,"A",.,"A",.,"A",.,"A",.,"A"
"20103",2271343,39,0,"1",.,"A",.,"A",.,"A",.,"A",.,"A",.,"A",.,"A",.,"A",.,"A",.,"A",.,"A",.,"A",.,"A",.,"A",.,"A"
"20103",2271353,46,0,"1",.,"A",.,"A",.,"A",.,"A",.,"A",.,"A",.,"A",.,"A",.,"A",.,"A",.,"A",.,"A",.,"A",.,"A",.,"A"
"20103",2271363,68,0,"1",.,"A",.,"A",.,"A",.,"A",.,"A",.,"A",.,"A",.,"A",.,"A",.,"A",.,"A",.,"A",60,"D",.,"A",.,"A"
"20103",2271373,53,0,"1",.,"A",.,"A",.,"A",.,"A",.,"A",.,"A",442,"D",.,"A",.,"A",0,"D",15,"D",0,"D",60,"D",0,"D",.,"A"
"20103",2271383,44,0,"1",.,"A",.,"A",.,"A",.,"A",.,"A",.,"A",.,"A",.,"A",.,"A",.,"A",.,"A",.,"A",90,"D",.,"A",.,"A"
"20103",2271393,56,0,"1",.,"A",.,"A",.,"A",.,"A",.,"A",.,"A",390,"D",.,"A",.,"A",.,"A",.,"A",.,"A",44,"D",.,"A",.,"A"
"20103",2271412,38,0,"1",.,"A",.,"A",.,"A",.,"A",.,"A",.,"A",.,"A",.,"A",.,"A",.,"A",.,"A",.,"A",20,"D",.,"A",.,"A"
"20103",2271432,66,0,"1",.,"A",.,"A",.,"A",.,"A",.,"A",.,"A",.,"A",.,"A",.,"A",.,"A",.,"A",.,"A",6,"D",.,"A",.,"A"
"20103",2271443,46,0,"1",.,"A",.,"A",.,"A",.,"A",.,"A",.,"A",390,"D",.,"A",.,"A",.,"A",.,"A",.,"A",144,"D",.,"A",.,"A"
"20103",2271473,46,0,"1",.,"A",.,"A",.,"A",.,"A",.,"A",.,"A",.,"A",.,"A",.,"A",.,"A",.,"A",.,"A",.,"A",.,"A",.,"A"
"20103",2271483,45,0,"1",.,"A",.,"A",.,"A",.,"A",.,"A",.,"A",429,"D",.,"A",.,"A",.,"A",.,"A",.,"A",.,"A",.,"A",.,"A"
"20103",2271532,69,0,"1",.,"A",.,"A",.,"A",.,"A",.,"A",80,"D",.,"A",.,"A",900,"D",.,"A",.,"A",.,"A",500,"D",.,"A",.,"A"
"20103",2271552,27,0,"1",.,"A",.,"A",.,"A",.,"A",.,"A",.,"A",.,"A",.,"A",.,"A",.,"A",.,"A",.,"A",.,"A",.,"A",.,"A"
"20103",2271573,41,0,"1",.,"A",.,"A",.,"A",.,"A",.,"A",.,"A",.,"A",.,"A",.,"A",.,"A",.,"A",.,"A",.,"A",.,"A",.,"A"
"20103",2271583,59,0,"1",.,"A",.,"A",.,"A",.,"A",.,"A",.,"A",.,"A",.,"A",.,"A",.,"A",.,"A",.,"A",100,"D",.,"A",.,"A"
"20103",2271592,58,0,"1",.,"A",.,"A",.,"A",.,"A",.,"A",240,"D",.,"A",.,"A",60,"D",.,"A",.,"A",.,"A",180,"D",.,"A",.,"A"
"20103",2271602,35,0,"1",.,"A",.,"A",.,"A",.,"A",.,"A",.,"A",.,"A",.,"A",.,"A",.,"A",.,"A",.,"A",.,"A",.,"A",.,"A"
"20103",2271643,65,0,"1",.,"A",.,"A",.,"A",.,"A",.,"A",90,"D",.,"A",.,"A",.,"A",.,"A",.,"A",.,"A",.,"A",.,"A",.,"A"
"20103",2271653,39,0,"1",.,"A",.,"A",.,"A",.,"A",.,"A",.,"A",.,"A",.,"A",.,"A",.,"A",.,"A",.,"A",.,"A",.,"A",.,"A"
"20103",2271663,60,0,"1",.,"A",.,"A",.,"A",.,"A",.,"A",.,"A",.,"A",.,"A",.,"A",.,"A",.,"A",.,"A",45,"D",.,"A",.,"A"
"20103",2271683,45,0,"1",.,"A",.,"A",.,"A",.,"A",.,"A",.,"A",.,"A",.,"A",.,"A",.,"A",.,"A",.,"A",.,"A",.,"A",.,"A"
"20103",2271734,62,0,"1",.,"A",.,"A",.,"A",.,"A",.,"A",.,"A",260,"F",.,"A",.,"A",.,"A",.,"A",.,"A",.,"A",.,"A",.,"A"
"20103",2271752,91,0,"1",.,"A",.,"A",.,"A",.,"A",.,"A",.,"A",.,"A",.,"A",.,"A",.,"A",.,"A",.,"A",40,"D",.,"A",.,"A"
"20103",2271783,31,0,"1",.,"A",.,"A",.,"A",.,"A",20,"D",.,"A",130,"D",.,"A",.,"A",.,"A",.,"A",.,"A",20,"D",.,"A",.,"A"
"20103",2271822,29,0,"1",.,"A",.,"A",.,"A",.,"A",.,"A",.,"A",299,"D",.,"A",15,"D",.,"A",.,"A",.,"A",.,"A",.,"A",.,"A"
"20103",2271842,54,0,"1",.,"A",.,"A",.,"A",.,"A",.,"A",.,"A",520,"D",.,"A",39,"D",.,"A",.,"A",.,"A",30,"D",.,"A",.,"A"
"20103",2271883,57,0,"1",.,"A",.,"A",.,"A",.,"A",120,"D",.,"A",.,"A",.,"A",.,"A",312,"D",0,"D",150,"D",350,"D",104,"D",.,"A"
"20103",2271913,55,0,"1",.,"A",.,"A",.,"A",.,"A",.,"A",.,"A",.,"A",.,"A",15,"D",.,"A",.,"A",.,"A",180,"D",.,"A",.,"A"
"20103",2271923,42,0,"1",.,"A",.,"A",.,"A",.,"A",.,"A",.,"A",.,"A",.,"A",.,"A",.,"A",.,"A",.,"A",50,"D",.,"A",.,"A"
"20103",2271935,35,0,"1",.,"A",.,"A",.,"A",.,"A",.,"A",.,"A",.,"A",.,"A",.,"A",.,"A",.,"A",.,"A",30,"D",.,"A",.,"A"
"20103",2271943,53,0,"1",.,"A",.,"A",.,"A",.,"A",.,"A",.,"A",.,"A",.,"A",.,"A",.,"A",.,"A",.,"A",22,"D",.,"A",.,"A"
"20103",2271982,70,0,"1",.,"A",.,"A",.,"A",.,"A",.,"A",.,"A",.,"A",.,"A",.,"A",.,"A",.,"A",.,"A",131,"D",.,"A",.,"A"
"20103",2271992,53,0,"1",.,"A",.,"A",.,"A",.,"A",.,"A",.,"A",.,"A",.,"A",.,"A",.,"A",.,"A",.,"A",.,"A",.,"A",.,"A"
"20103",2272022,70,0,"1",.,"A",.,"A",.,"A",.,"A",240,"D",.,"A",.,"A",.,"A",.,"A",.,"A",.,"A",.,"A",.,"A",.,"A",.,"A"
"20103",2272103,38,0,"1",.,"A",.,"A",.,"A",.,"A",.,"A",.,"A",.,"A",.,"A",.,"A",.,"A",.,"A",.,"A",.,"A",.,"A",.,"A"
"20103",2272114,37,0,"1",.,"A",.,"A",.,"A",.,"A",.,"A",.,"A",546,"D",.,"A",.,"A",.,"A",.,"A",.,"A",.,"A",.,"A",.,"A"
"20103",2272133,41,0,"1",.,"A",.,"A",.,"A",.,"A",.,"A",.,"A",910,"D",.,"A",.,"A",.,"A",.,"A",.,"A",40,"D",.,"A",.,"A"
"20103",2272162,48,0,"1",.,"A",.,"A",.,"A",.,"A",.,"A",.,"A",.,"A",.,"A",.,"A",.,"A",.,"A",.,"A",200,"D",.,"A",.,"A"
"20103",2272172,38,0,"1",.,"A",.,"A",.,"A",.,"A",52,"D",.,"A",234,"D",.,"A",120,"D",.,"A",.,"A",.,"A",.,"A",.,"A",.,"A"
"20103",2272183,70,0,"1",.,"A",.,"A",.,"A",.,"A",.,"A",13,"D",.,"A",.,"A",.,"A",.,"A",.,"A",.,"A",60,"D",.,"A",.,"A"
"20103",2272223,26,0,"1",.,"A",.,"A",.,"A",.,"A",50,"D",.,"A",.,"A",.,"A",.,"A",300,"D",0,"D",0,"D",40,"D",100,"D",.,"A"
"20103",2272235,40,0,"1",.,"A",.,"A",.,"A",.,"A",.,"A",.,"A",.,"A",.,"A",.,"A",.,"A",.,"A",.,"A",75,"D",.,"A",.,"A"
"20103",2272252,52,0,"1",.,"A",.,"A",.,"A",.,"A",.,"A",.,"A",.,"A",78,"D",.,"A",0,"D",0,"D",21,"D",130,"D",0,"D",.,"A"
"20103",2272272,45,0,"1",.,"A",.,"A",.,"A",.,"A",.,"A",.,"A",.,"A",.,"A",.,"A",.,"A",.,"A",.,"A",.,"A",.,"A",.,"A"
"20103",2272282,68,0,"1",.,"A",.,"A",.,"A",.,"A",.,"A",.,"A",.,"A",.,"A",.,"A",.,"A",.,"A",.,"A",250,"D",.,"A",.,"A"
"20103",2272292,35,0,"1",.,"A",.,"A",.,"A",.,"A",.,"A",.,"A",.,"A",.,"A",.,"A",.,"A",.,"A",.,"A",130,"D",.,"A",.,"A"
"20103",2272303,37,0,"1",.,"A",.,"A",.,"A",.,"A",.,"A",.,"A",.,"A",.,"A",.,"A",.,"A",.,"A",.,"A",.,"A",.,"A",.,"A"
"20103",2272323,28,0,"1",.,"A",.,"A",.,"A",.,"A",.,"A",16,"D",.,"A",.,"A",.,"A",.,"A",.,"A",.,"A",60,"D",.,"A",.,"A"
"20103",2272332,58,0,"1",.,"A",.,"A",.,"A",.,"A",.,"A",150,"D",.,"A",.,"A",.,"A",.,"A",.,"A",.,"A",225,"D",.,"A",.,"A"
"20103",2272343,57,0,"1",.,"A",.,"A",.,"A",.,"A",.,"A",.,"A",.,"A",.,"A",.,"A",.,"A",.,"A",.,"A",70,"D",.,"A",.,"A"
"20103",2272363,76,0,"1",.,"A",.,"A",.,"A",.,"A",.,"A",.,"A",.,"A",.,"A",.,"A",.,"A",.,"A",.,"A",.,"A",.,"A",.,"A"
"20103",2272373,33,0,"1",.,"A",.,"A",.,"A",.,"A",.,"A",.,"A",.,"A",.,"A",.,"A",.,"A",.,"A",.,"A",.,"A",.,"A",.,"A"
"20103",2272383,29,0,"1",20,"D",.,"A",.,"A",30,"D",70,"D",60,"D",.,"A",.,"A",.,"A",267,"D",0,"D",0,"D",55,"D",89,"D",.,"A"
"20103",2272393,44,0,"1",.,"A",.,"A",.,"A",.,"A",.,"A",.,"A",.,"A",.,"A",.,"A",.,"A",.,"A",.,"A",200,"D",.,"A",.,"A"
"20103",2272413,68,0,"1",.,"A",.,"A",.,"A",.,"A",.,"A",150,"D",.,"A",.,"A",.,"A",.,"A",.,"A",.,"A",285,"D",.,"A",.,"A"
"20103",2272432,53,0,"1",.,"A",.,"A",.,"A",.,"A",.,"A",.,"A",.,"A",.,"A",.,"A",.,"A",.,"A",.,"A",330,"D",.,"A",.,"A"
"20103",2272463,33,0,"1",63,"D",.,"A",.,"A",.,"A",187,"D",.,"A",.,"A",.,"A",.,"A",.,"A",.,"A",.,"A",.,"A",.,"A",.,"A"
"20103",2272473,53,0,"1",.,"A",.,"A",.,"A",.,"A",.,"A",.,"A",390,"D",.,"A",.,"A",.,"A",.,"A",.,"A",225,"D",.,"A",.,"A"
"20103",2272503,55,0,"1",.,"A",.,"A",.,"A",.,"A",.,"A",55,"D",.,"A",.,"A",.,"A",.,"A",.,"A",.,"A",215,"D",.,"A",.,"A"
"20103",2272523,48,0,"1",.,"A",.,"A",.,"A",.,"A",400,"D",.,"A",2600,"D",.,"A",.,"A",.,"A",.,"A",.,"A",.,"A",.,"A",.,"A"
"20103",2272593,63,0,"1",.,"A",.,"A",.,"A",.,"A",.,"A",40,"D",.,"A",.,"A",.,"A",.,"A",.,"A",.,"A",300,"D",.,"A",.,"A"
"20103",2272602,46,0,"1",.,"A",.,"A",.,"A",50,"D",.,"A",20,"D",.,"A",.,"A",.,"A",.,"A",.,"A",.,"A",15,"D",.,"A",.,"A"
"20103",2272613,61,0,"1",.,"A",.,"A",.,"A",.,"A",.,"A",.,"A",910,"D",.,"A",.,"A",.,"A",.,"A",.,"A",100,"D",.,"A",.,"A"
"20103",2272623,46,0,"1",.,"A",.,"A",.,"A",.,"A",.,"A",.,"A",390,"D",.,"A",.,"A",.,"A",.,"A",.,"A",32,"D",.,"A",.,"A"
"20103",2272673,48,0,"1",.,"A",.,"A",.,"A",.,"A",.,"A",.,"A",.,"A",.,"A",.,"A",.,"A",.,"A",.,"A",100,"D",.,"A",.,"A"
"20103",2272713,55,0,"1",.,"A",.,"A",.,"A",.,"A",.,"A",.,"A",.,"A",.,"A",.,"A",.,"A",.,"A",.,"A",100,"D",.,"A",.,"A"
"20103",2272742,37,0,"1",.,"A",8,"D",.,"A",.,"A",12,"D",15,"D",.,"A",.,"A",.,"A",.,"A",.,"A",.,"A",.,"A",.,"A",.,"A"
"20103",2272762,47,0,"1",.,"A",.,"A",.,"A",.,"A",.,"A",.,"A",.,"A",.,"A",.,"A",.,"A",.,"A",.,"A",60,"D",.,"A",.,"A"
"20103",2272773,28,0,"1",.,"A",.,"A",.,"A",.,"A",.,"A",.,"A",364,"D",.,"A",.,"A",0,"D",0,"D",12,"D",120,"D",0,"D",.,"A"
"20103",2272832,58,0,"1",.,"A",.,"A",.,"A",.,"A",120,"D",.,"A",.,"A",.,"A",.,"A",.,"A",.,"A",.,"A",240,"D",.,"A",.,"A"
"20103",2272843,26,0,"1",.,"A",.,"A",.,"A",.,"A",.,"A",.,"A",.,"A",.,"A",.,"A",.,"A",.,"A",.,"A",.,"A",.,"A",.,"A"
"20103",2272882,56,0,"1",.,"A",.,"A",.,"A",.,"A",.,"A",60,"D",.,"A",.,"A",0,"D",.,"A",.,"A",.,"A",.,"A",.,"A",.,"A"
"20103",2272903,24,0,"1",10,"D",.,"A",.,"A",.,"A",15,"D",.,"A",.,"A",.,"A",.,"A",.,"A",.,"A",.,"A",.,"A",.,"A",.,"A"
"20103",2272913,50,0,"1",.,"A",.,"A",.,"A",.,"A",.,"A",.,"A",.,"A",.,"A",.,"A",.,"A",.,"A",.,"A",40,"D",.,"A",.,"A"
"20103",2272924,37,0,"1",.,"A",.,"A",.,"A",.,"A",.,"A",.,"A",520,"D",.,"A",.,"A",.,"A",.,"A",.,"A",10,"D",.,"A",.,"A"
"20103",2272932,30,0,"1",.,"A",.,"A",.,"A",.,"A",.,"A",.,"A",.,"A",.,"A",.,"A",0,"D",0,"D",120,"D",.,"A",0,"D",.,"A"
"20103",2272952,30,0,"1",30,"F",.,"A",.,"A",.,"A",120,"F",150,"F",.,"A",.,"A",12,"F",.,"A",.,"A",.,"A",.,"A",.,"A",.,"A"
"20103",2272963,42,0,"1",.,"A",.,"A",.,"A",.,"A",.,"A",.,"A",.,"A",.,"A",.,"A",.,"A",.,"A",.,"A",.,"A",.,"A",.,"A"
"20103",2272972,46,0,"1",.,"A",.,"A",.,"A",.,"A",.,"A",.,"A",.,"A",.,"A",.,"A",.,"A",.,"A",.,"A",.,"A",.,"A",.,"A"
"20103",2272992,43,0,"1",.,"A",.,"A",.,"A",.,"A",.,"A",.,"A",.,"A",.,"A",.,"A",.,"A",.,"A",.,"A",.,"A",.,"A",.,"A"
"20103",2273002,68,0,"1",.,"A",.,"A",.,"A",.,"A",.,"A",.,"A",.,"A",.,"A",.,"A",.,"A",.,"A",.,"A",100,"D",.,"A",.,"A"
"20103",2273043,28,0,"1",.,"A",.,"A",.,"A",.,"A",.,"A",.,"A",.,"A",.,"A",.,"A",.,"A",.,"A",.,"A",30,"D",.,"A",.,"A"
"20103",2273062,36,0,"1",.,"A",.,"A",.,"A",.,"A",.,"A",.,"A",.,"A",.,"A",.,"A",.,"A",.,"A",.,"A",.,"A",.,"A",.,"A"
"20103",2273082,56,0,"1",.,"A",.,"A",.,"A",.,"A",.,"A",.,"A",.,"A",.,"A",21,"D",.,"A",.,"A",.,"A",.,"A",.,"A",.,"A"
"20103",2273104,56,0,"1",.,"A",.,"A",.,"A",.,"A",.,"A",.,"A",.,"A",.,"A",.,"A",.,"A",.,"A",.,"A",200,"D",.,"A",.,"A"
"20103",2273112,24,0,"1",.,"A",.,"A",.,"A",.,"A",.,"A",.,"A",.,"A",.,"A",.,"A",.,"A",.,"A",.,"A",.,"A",.,"A",.,"A"
"20103",2273122,33,0,"1",.,"A",.,"A",.,"A",.,"A",10,"D",.,"A",.,"A",.,"A",.,"A",.,"A",.,"A",.,"A",.,"A",.,"A",.,"A"
"20103",2273132,32,0,"1",.,"A",.,"A",.,"A",.,"A",.,"A",.,"A",.,"A",.,"A",.,"A",.,"A",.,"A",.,"A",.,"A",.,"A",.,"A"
"20103",2273152,50,0,"1",.,"A",.,"A",.,"A",.,"A",.,"A",.,"A",.,"A",.,"A",9,"D",.,"A",.,"A",.,"A",30,"D",.,"A",.,"A"
"20103",2273163,42,0,"1",.,"A",.,"A",.,"A",.,"A",.,"A",.,"A",.,"A",.,"A",.,"A",.,"A",.,"A",.,"A",.,"A",.,"A",.,"A"
"20103",2273182,55,0,"1",.,"A",.,"A",.,"A",50,"D",.,"A",25,"D",.,"A",.,"A",60,"D",.,"A",.,"A",.,"A",300,"D",.,"A",.,"A"
"20103",2273193,29,0,"1",3,"D",.,"A",.,"A",.,"A",12,"D",.,"A",.,"A",.,"A",.,"A",.,"A",.,"A",.,"A",.,"A",.,"A",.,"A"
"20103",2273202,35,0,"1",.,"A",.,"A",.,"A",.,"A",.,"A",.,"A",.,"A",.,"A",.,"A",.,"A",.,"A",.,"A",.,"A",.,"A",.,"A"
"20103",2273225,56,0,"1",.,"A",.,"A",.,"A",.,"A",.,"A",.,"A",.,"A",.,"A",.,"A",.,"A",.,"A",.,"A",40,"D",.,"A",.,"A"
"20103",2273232,50,0,"1",.,"A",.,"A",.,"A",.,"A",.,"A",.,"A",.,"A",.,"A",.,"A",.,"A",.,"A",.,"A",.,"A",.,"A",.,"A"
"20103",2273243,48,0,"1",.,"A",.,"A",.,"A",.,"A",.,"A",.,"A",.,"A",.,"A",.,"A",.,"A",.,"A",.,"A",.,"A",.,"A",.,"A"
"20103",2273273,39,0,"1",.,"A",.,"A",.,"A",.,"A",.,"A",.,"A",.,"A",.,"A",.,"A",288,"D",0,"D",0,"D",.,"A",96,"D",.,"A"
"20103",2273293,31,0,"1",12,"D",.,"A",.,"A",.,"A",78,"D",.,"A",.,"A",.,"A",.,"A",0,"D",0,"D",63,"D",.,"A",0,"D",.,"A"
"20103",2273333,55,0,"1",.,"A",.,"A",.,"A",.,"A",.,"A",.,"A",.,"A",.,"A",90,"D",.,"A",.,"A",.,"A",120,"D",.,"A",.,"A"
"20103",2273343,60,0,"1",.,"A",.,"A",.,"A",.,"A",.,"A",.,"A",260,"D",.,"A",.,"A",.,"A",.,"A",.,"A",135,"D",.,"A",.,"A"
"20103",2273362,67,0,"1",.,"A",.,"A",.,"A",.,"A",.,"A",.,"A",.,"A",.,"A",.,"A",.,"A",.,"A",.,"A",300,"D",.,"A",.,"A"
"20103",2273373,48,0,"1",.,"A",.,"A",.,"A",.,"A",.,"A",.,"A",.,"A",.,"A",.,"A",.,"A",.,"A",.,"A",45,"D",.,"A",.,"A"
"20103",2273413,34,0,"1",.,"A",.,"A",.,"A",.,"A",60,"D",.,"A",.,"A",.,"A",.,"A",.,"A",.,"A",.,"A",.,"A",.,"A",.,"A"
"20103",2273463,52,0,"1",.,"A",.,"A",.,"A",.,"A",.,"A",.,"A",.,"A",.,"A",12,"D",.,"A",.,"A",.,"A",67,"D",.,"A",.,"A"
"20103",2273472,41,0,"1",.,"A",.,"A",.,"A",.,"A",.,"A",.,"A",.,"A",.,"A",.,"A",0,"D",0,"D",72,"D",150,"D",0,"D",.,"A"
"20103",2273482,50,0,"1",.,"A",.,"A",.,"A",.,"A",.,"A",100,"D",.,"A",.,"A",75,"D",.,"A",.,"A",.,"A",495,"D",.,"A",.,"A"
"20103",2273503,40,0,"1",.,"A",.,"A",.,"A",.,"A",.,"A",.,"A",.,"A",.,"A",18,"D",.,"A",.,"A",.,"A",.,"A",.,"A",.,"A"
"20103",2273532,45,0,"1",.,"A",.,"A",40,"D",.,"A",.,"A",.,"A",.,"A",.,"A",27,"D",.,"A",.,"A",.,"A",75,"D",.,"A",.,"A"
"20103",2273543,51,0,"1",.,"A",.,"A",.,"A",.,"A",.,"A",.,"A",.,"A",.,"A",.,"A",.,"A",.,"A",.,"A",.,"A",.,"A",.,"A"
"20103",2273552,30,0,"1",.,"A",.,"A",.,"A",.,"A",30,"D",.,"A",.,"A",.,"A",.,"A",.,"A",.,"A",.,"A",.,"A",.,"A",.,"A"
"20103",2273573,75,0,"1",.,"A",.,"A",.,"A",.,"A",.,"A",.,"A",520,"D",.,"A",.,"A",.,"A",.,"A",.,"A",30,"D",.,"A",.,"A"
"20103",2273582,51,0,"1",.,"A",.,"A",.,"A",.,"A",.,"A",.,"A",.,"A",.,"A",.,"A",.,"A",.,"A",.,"A",80,"D",.,"A",.,"A"
"20103",2273613,25,0,"1",.,"A",.,"A",.,"A",.,"A",45,"D",.,"A",.,"A",.,"A",18,"D",.,"A",.,"A",.,"A",.,"A",.,"A",.,"A"
"20103",2273622,37,0,"1",.,"A",.,"A",.,"A",.,"A",.,"A",.,"A",.,"A",.,"A",.,"A",.,"A",.,"A",.,"A",.,"A",.,"A",.,"A"
"20103",2273642,65,0,"1",.,"A",75,"D",.,"A",.,"A",.,"A",225,"D",.,"A",.,"A",.,"A",.,"A",.,"A",.,"A",150,"D",.,"A",.,"A"
"20103",2273653,99,0,"1",.,"A",.,"A",.,"A",.,"A",.,"A",.,"A",208,"D",.,"A",24,"D",.,"A",.,"A",.,"A",215,"D",.,"A",.,"A"
"20103",2273663,32,0,"1",.,"A",.,"A",.,"A",.,"A",150,"D",.,"A",.,"A",.,"A",.,"A",300,"D",0,"D",0,"D",29,"D",100,"D",.,"A"
"20103",2273673,70,0,"1",.,"A",.,"A",.,"A",.,"A",.,"A",.,"A",.,"A",.,"A",.,"A",.,"A",.,"A",.,"A",60,"D",.,"A",.,"A"
"20103",2273722,31,0,"1",.,"A",.,"A",.,"A",.,"A",.,"A",.,"A",.,"A",.,"A",.,"A",.,"A",.,"A",.,"A",.,"A",.,"A",.,"A"
"20103",2273732,39,0,"1",.,"A",.,"A",.,"A",.,"A",.,"A",.,"A",.,"A",.,"A",.,"A",.,"A",.,"A",.,"A",.,"A",.,"A",.,"A"
"20103",2273742,66,0,"1",.,"A",.,"A",.,"A",.,"A",.,"A",.,"A",.,"A",.,"A",.,"A",.,"A",.,"A",.,"A",240,"D",.,"A",.,"A"
"20103",2273753,27,0,"1",.,"A",.,"A",.,"A",.,"A",40,"D",.,"A",.,"A",.,"A",.,"A",240,"D",0,"D",0,"D",.,"A",80,"D",.,"A"
"20103",2273772,100,0,"1",.,"A",.,"A",.,"A",.,"A",.,"A",.,"A",1118,"D",.,"A",.,"A",.,"A",.,"A",.,"A",100,"D",.,"A",.,"A"
"20103",2273783,51,0,"1",.,"A",.,"A",.,"A",.,"A",.,"A",.,"A",.,"A",.,"A",.,"A",.,"A",.,"A",.,"A",25,"D",.,"A",.,"A"
"20103",2273792,58,0,"1",.,"A",.,"A",.,"A",.,"A",.,"A",.,"A",.,"A",.,"A",.,"A",.,"A",.,"A",.,"A",56,"D",.,"A",.,"A"
"20103",2273832,66,0,"1",.,"A",.,"A",.,"A",.,"A",.,"A",.,"A",.,"A",.,"A",.,"A",.,"A",.,"A",.,"A",200,"D",.,"A",.,"A"
"20103",2273843,24,0,"1",.,"A",.,"A",.,"A",.,"A",.,"A",.,"A",.,"A",.,"A",.,"A",.,"A",.,"A",.,"A",.,"A",.,"A",.,"A"
"20103",2273863,47,0,"1",.,"A",.,"A",.,"A",.,"A",.,"A",.,"A",650,"D",.,"A",.,"A",.,"A",.,"A",.,"A",.,"A",.,"A",.,"A"
"20103",2273872,35,0,"1",.,"A",.,"A",.,"A",.,"A",.,"A",.,"A",.,"A",.,"A",.,"A",.,"A",.,"A",.,"A",25,"D",.,"A",.,"A"
"20103",2273923,24,0,"1",.,"A",.,"A",.,"A",.,"A",.,"A",.,"A",.,"A",.,"A",.,"A",.,"A",.,"A",.,"A",.,"A",.,"A",.,"A"
"20103",2273943,76,0,"1",.,"A",.,"A",45,"D",.,"A",.,"A",.,"A",.,"A",.,"A",.,"A",.,"A",.,"A",.,"A",125,"D",.,"A",.,"A"
"20103",2273953,84,0,"1",.,"A",.,"A",.,"A",.,"A",.,"A",120,"D",.,"A",.,"A",.,"A",.,"A",.,"A",.,"A",20,"D",.,"A",.,"A"
"20103",2273962,40,0,"1",.,"A",.,"A",.,"A",.,"A",.,"A",.,"A",.,"A",.,"A",.,"A",.,"A",.,"A",.,"A",.,"A",.,"A",.,"A"
"20103",2273972,36,0,"1",.,"A",.,"A",.,"A",.,"A",30,"D",.,"A",.,"A",.,"A",.,"A",90,"D",90,"D",0,"D",.,"A",30,"D",.,"A"
"20103",2273993,76,0,"1",.,"A",.,"A",.,"A",.,"A",.,"A",.,"A",.,"A",.,"A",.,"A",.,"A",.,"A",.,"A",160,"D",.,"A",.,"A"
"20103",2274063,58,0,"1",.,"A",.,"A",.,"A",.,"A",.,"A",120,"D",.,"A",.,"A",.,"A",.,"A",.,"A",.,"A",15,"D",.,"A",.,"A"
"20103",2274072,37,0,"1",.,"A",.,"A",.,"A",.,"A",.,"A",.,"A",.,"A",.,"A",.,"A",.,"A",.,"A",.,"A",150,"D",.,"A",.,"A"
"20103",2274102,29,0,"1",.,"A",.,"A",.,"A",.,"A",.,"A",.,"A",.,"A",.,"A",.,"A",0,"D",0,"D",81,"D",28,"D",0,"D",.,"A"
"20103",2274112,35,0,"1",.,"A",.,"A",.,"A",.,"A",.,"A",.,"A",.,"A",.,"A",.,"A",.,"A",.,"A",.,"A",.,"A",.,"A",.,"A"
"20103",2274123,50,0,"1",.,"A",.,"A",.,"A",.,"A",.,"A",.,"A",.,"A",.,"A",.,"A",.,"A",.,"A",.,"A",.,"A",.,"A",.,"A"
"20103",2274192,41,0,"1",.,"A",.,"A",.,"A",.,"A",.,"A",.,"A",.,"A",.,"A",.,"A",.,"A",.,"A",.,"A",50,"D",.,"A",.,"A"
"20103",2274203,50,0,"1",.,"A",.,"A",.,"A",.,"A",.,"A",.,"A",650,"D",.,"A",.,"A",360,"D",0,"D",0,"D",186,"D",120,"D",.,"A"
"20103",2274253,33,0,"1",.,"A",.,"A",.,"A",.,"A",.,"A",.,"A",.,"A",.,"A",.,"A",.,"A",.,"A",.,"A",.,"A",.,"A",.,"A"
"20103",2274273,46,0,"1",.,"A",.,"A",.,"A",.,"A",.,"A",.,"A",.,"A",.,"A",.,"A",.,"A",.,"A",.,"A",165,"D",.,"A",.,"A"
"20103",2274283,60,0,"1",.,"A",.,"A",.,"A",.,"A",.,"A",.,"A",.,"A",.,"A",.,"A",.,"A",.,"A",.,"A",80,"D",.,"A",.,"A"
"20103",2274323,46,0,"1",.,"A",.,"A",.,"A",.,"A",.,"A",.,"A",.,"A",.,"A",.,"A",.,"A",.,"A",.,"A",.,"A",.,"A",.,"A"
"20103",2274332,48,0,"1",.,"A",.,"A",.,"A",.,"A",8,"D",.,"A",.,"A",.,"A",.,"A",.,"A",.,"A",.,"A",72,"D",.,"A",.,"A"
"20103",2274352,48,0,"1",.,"A",.,"A",.,"A",.,"A",.,"A",.,"A",.,"A",.,"A",.,"A",.,"A",.,"A",.,"A",200,"D",.,"A",.,"A"
"20103",2274383,54,0,"1",.,"A",.,"A",.,"A",.,"A",.,"A",.,"A",.,"A",130,"D",.,"A",.,"A",.,"A",.,"A",.,"A",.,"A",.,"A"
"20103",2274413,63,0,"1",.,"A",.,"A",.,"A",.,"A",.,"A",.,"A",325,"D",.,"A",.,"A",.,"A",.,"A",.,"A",45,"D",.,"A",.,"A"
"20103",2274432,47,0,"1",.,"A",.,"A",.,"A",.,"A",.,"A",.,"A",.,"A",.,"A",.,"A",.,"A",.,"A",.,"A",.,"A",.,"A",.,"A"
"20103",2274442,91,0,"1",.,"A",.,"A",.,"A",.,"A",.,"A",40,"D",.,"A",.,"A",.,"A",.,"A",.,"A",.,"A",260,"D",.,"A",.,"A"
"20103",2274452,33,0,"1",.,"A",.,"A",.,"A",.,"A",.,"A",.,"A",.,"A",.,"A",.,"A",.,"A",.,"A",.,"A",180,"D",.,"A",.,"A"
"20103",2274463,35,0,"1",.,"A",.,"A",.,"A",.,"A",70,"D",.,"A",.,"A",.,"A",.,"A",.,"A",.,"A",.,"A",.,"A",.,"A",.,"A"
"20103",2274472,47,0,"1",.,"A",.,"A",.,"A",.,"A",.,"A",.,"A",650,"D",.,"A",.,"A",.,"A",.,"A",.,"A",60,"D",.,"A",.,"A"
"20103",2274483,62,0,"1",.,"A",.,"A",.,"A",.,"A",.,"A",.,"A",1820,"D",.,"A",.,"A",.,"A",.,"A",.,"A",50,"D",.,"A",.,"A"
"20103",2274503,35,0,"1",.,"A",.,"A",.,"A",.,"A",.,"A",.,"A",.,"A",.,"A",.,"A",.,"A",.,"A",.,"A",.,"A",.,"A",.,"A"
"20103",2274552,42,0,"1",.,"A",.,"A",.,"A",.,"A",24,"D",.,"A",.,"A",.,"A",.,"A",.,"A",.,"A",.,"A",24,"D",.,"A",.,"A"
"20103",2274593,33,0,"1",4,"D",.,"A",.,"A",.,"A",0,"D",.,"A",.,"A",.,"A",.,"A",.,"A",.,"A",.,"A",15,"D",.,"A",.,"A"
"20103",2274633,55,0,"1",.,"A",.,"A",.,"A",.,"A",.,"A",.,"A",.,"A",.,"A",.,"A",.,"A",.,"A",.,"A",60,"F",.,"A",.,"A"
"20103",2274682,37,0,"1",.,"A",.,"A",.,"A",.,"A",.,"A",.,"A",.,"A",.,"A",36,"D",.,"A",.,"A",.,"A",16,"D",.,"A",.,"A"
"20103",2274712,69,0,"1",.,"A",.,"A",.,"A",.,"A",.,"A",.,"A",.,"A",.,"A",.,"A",.,"A",.,"A",.,"A",150,"D",.,"A",.,"A"
"20103",2274732,39,0,"1",.,"A",.,"A",.,"A",.,"A",.,"A",.,"A",130,"D",.,"A",.,"A",.,"A",.,"A",.,"A",.,"A",.,"A",.,"A"
"20103",2274772,41,0,"1",.,"A",.,"A",.,"A",.,"A",.,"A",.,"A",.,"A",.,"A",.,"A",.,"A",.,"A",.,"A",48,"D",.,"A",.,"A"
"20103",2274793,24,0,"1",.,"A",.,"A",.,"A",.,"A",25,"D",.,"A",.,"A",.,"A",.,"A",.,"A",.,"A",.,"A",.,"A",.,"A",.,"A"
"20103",2274802,50,0,"1",.,"A",.,"A",.,"A",.,"A",.,"A",.,"A",.,"A",.,"A",.,"A",.,"A",.,"A",.,"A",60,"D",.,"A",.,"A"
"20103",2274822,49,0,"1",12,"D",.,"A",.,"A",.,"A",6,"D",.,"A",.,"A",.,"A",.,"A",225,"D",45,"D",45,"D",.,"A",75,"D",.,"A"
"20103",2274832,24,0,"1",.,"A",.,"A",.,"A",.,"A",.,"A",.,"A",.,"A",.,"A",.,"A",.,"A",.,"A",.,"A",.,"A",.,"A",.,"A"
"20103",2274842,58,0,"1",.,"A",.,"A",.,"A",.,"A",.,"A",.,"A",.,"A",.,"A",.,"A",.,"A",.,"A",.,"A",150,"D",.,"A",.,"A"
"20103",2274852,52,0,"1",.,"A",.,"A",.,"A",.,"A",.,"A",.,"A",.,"A",.,"A",.,"A",.,"A",.,"A",.,"A",15,"D",.,"A",.,"A"
"20103",2274873,44,0,"1",.,"A",.,"A",.,"A",.,"A",.,"A",.,"A",.,"A",.,"A",.,"A",.,"A",.,"A",.,"A",.,"A",.,"A",.,"A"
"20103",2274892,34,0,"1",.,"A",.,"A",.,"A",.,"A",.,"A",.,"A",.,"A",.,"A",.,"A",300,"D",0,"D",0,"D",75,"F",100,"D",.,"A"
"20103",2274902,35,0,"1",.,"A",.,"A",.,"A",.,"A",.,"A",.,"A",.,"A",.,"A",.,"A",.,"A",.,"A",.,"A",.,"A",.,"A",.,"A"
"20103",2274913,45,0,"1",.,"A",.,"A",.,"A",.,"A",.,"A",.,"A",.,"A",.,"A",.,"A",.,"A",.,"A",.,"A",.,"A",.,"A",.,"A"
"20103",2274932,53,0,"1",.,"A",.,"A",.,"A",150,"D",.,"A",80,"D",.,"A",.,"A",.,"A",.,"A",.,"A",.,"A",375,"D",.,"A",.,"A"
"20103",2274942,72,0,"1",.,"A",.,"A",.,"A",.,"A",.,"A",.,"A",.,"A",.,"A",9,"D",0,"D",0,"D",0,"D",25,"D",0,"D",.,"A"
"20103",2274954,75,0,"1",.,"A",.,"A",.,"A",.,"A",.,"A",.,"A",.,"A",.,"A",.,"A",.,"A",.,"A",.,"A",60,"D",.,"A",.,"A"
"20103",2274962,41,0,"1",.,"A",.,"A",.,"A",.,"A",.,"A",.,"A",.,"A",.,"A",30,"D",.,"A",.,"A",.,"A",.,"A",.,"A",.,"A"
"20103",2274973,41,0,"1",.,"A",.,"A",.,"A",.,"A",.,"A",.,"A",195,"D",.,"A",.,"A",.,"A",.,"A",.,"A",.,"A",.,"A",.,"A"
"20103",2274993,30,0,"1",.,"A",.,"A",.,"A",.,"A",.,"A",.,"A",.,"A",.,"A",.,"A",.,"A",.,"A",.,"A",30,"D",.,"A",.,"A"
"20103",2275003,71,0,"1",.,"A",.,"A",.,"A",.,"A",.,"A",.,"A",.,"A",.,"A",.,"A",.,"A",.,"A",.,"A",30,"D",.,"A",.,"A"
"20103",2275012,40,0,"1",.,"A",.,"A",.,"A",.,"A",.,"A",.,"A",.,"A",.,"A",.,"A",.,"A",.,"A",.,"A",.,"A",.,"A",.,"A"
"20103",2275043,54,0,"1",.,"A",.,"A",.,"A",.,"A",30,"D",.,"A",.,"A",390,"D",.,"A",.,"A",.,"A",.,"A",70,"D",.,"A",.,"A"
"20103",2275065,28,0,"1",.,"A",.,"A",.,"A",.,"A",.,"A",.,"A",.,"A",.,"A",.,"A",.,"A",.,"A",.,"A",.,"A",.,"A",.,"A"
"20103",2275143,29,0,"1",.,"A",.,"A",.,"A",.,"A",120,"D",.,"A",.,"A",.,"A",.,"A",.,"A",.,"A",.,"A",15,"D",.,"A",.,"A"
"20103",2275152,65,0,"1",.,"A",.,"A",.,"A",.,"A",.,"A",120,"D",.,"A",312,"D",.,"A",.,"A",.,"A",.,"A",900,"D",.,"A",.,"A"
"20103",2275162,33,0,"1",.,"A",.,"A",.,"A",.,"A",.,"A",.,"A",.,"A",.,"A",.,"A",.,"A",.,"A",.,"A",20,"D",.,"A",.,"A"
"20103",2275222,34,0,"1",.,"A",.,"A",.,"A",12,"D",.,"A",.,"A",.,"A",.,"A",.,"A",45,"D",0,"D",30,"D",.,"A",15,"D",.,"A"
"20103",2275252,73,0,"1",.,"A",.,"A",.,"A",.,"A",.,"A",.,"A",.,"A",.,"A",60,"D",.,"A",.,"A",.,"A",60,"D",.,"A",.,"A"
"20103",2275273,46,0,"1",.,"A",.,"A",.,"A",.,"A",.,"A",.,"A",.,"A",.,"A",.,"A",.,"A",.,"A",.,"A",60,"D",.,"A",.,"A"
"20103",2275313,24,0,"1",.,"A",.,"A",.,"A",.,"A",36,"D",3,"D",.,"A",.,"A",.,"A",0,"D",0,"D",60,"D",30,"D",0,"D",.,"A"
"20103",2275322,55,0,"1",.,"A",.,"A",.,"A",150,"D",.,"A",20,"D",390,"D",.,"A",75,"D",0,"D",0,"D",249,"D",210,"D",0,"D",.,"A"
"20103",2275332,74,0,"1",.,"A",.,"A",.,"A",.,"A",.,"A",40,"D",.,"A",.,"A",.,"A",.,"A",.,"A",.,"A",60,"D",.,"A",.,"A"
"20103",2275393,50,0,"1",.,"A",.,"A",13,"D",.,"A",.,"A",85,"D",.,"A",.,"A",.,"A",.,"A",.,"A",.,"A",285,"D",.,"A",.,"A"
"20103",2275423,38,0,"1",.,"A",.,"A",.,"A",120,"D",.,"A",.,"A",.,"A",.,"A",.,"A",.,"A",.,"A",.,"A",300,"D",.,"A",.,"A"
"20103",2275463,35,0,"1",.,"A",.,"A",.,"A",.,"A",.,"A",.,"A",.,"A",.,"A",.,"A",.,"A",.,"A",.,"A",52,"D",.,"A",.,"A"
"20103",2275484,51,0,"1",.,"A",.,"A",.,"A",.,"A",.,"A",.,"A",.,"A",.,"A",.,"A",.,"A",.,"A",.,"A",.,"A",.,"A",.,"A"
"20103",2275493,47,0,"1",.,"A",.,"A",.,"A",.,"A",.,"A",.,"A",.,"A",.,"A",.,"A",.,"A",.,"A",.,"A",95,"D",.,"A",.,"A"
"20103",2275503,44,0,"1",.,"A",.,"A",.,"A",.,"A",.,"A",.,"A",.,"A",.,"A",.,"A",.,"A",.,"A",.,"A",15,"D",.,"A",.,"A"
"20103",2275513,30,0,"1",100,"D",.,"A",.,"A",.,"A",200,"D",.,"A",.,"A",.,"A",.,"A",0,"D",0,"D",15,"D",.,"A",0,"D",.,"A"
"20103",2275542,52,0,"1",.,"A",.,"A",.,"A",.,"A",.,"A",.,"A",.,"A",.,"A",.,"A",.,"A",.,"A",.,"A",70,"D",.,"A",.,"A"
"20103",2275562,44,0,"1",.,"A",.,"A",.,"A",.,"A",.,"A",.,"A",.,"A",.,"A",.,"A",.,"A",.,"A",.,"A",60,"D",.,"A",.,"A"
"20103",2275592,39,0,"1",.,"A",.,"A",25,"D",.,"A",.,"A",.,"A",.,"A",.,"A",.,"A",.,"A",.,"A",.,"A",.,"A",.,"A",.,"A"
"20103",2275602,42,0,"1",.,"A",.,"A",.,"A",.,"A",.,"A",.,"A",.,"A",.,"A",.,"A",.,"A",.,"A",.,"A",20,"D",.,"A",.,"A"
"20103",2275612,48,0,"1",.,"A",.,"A",.,"A",.,"A",.,"A",.,"A",.,"A",.,"A",.,"A",.,"A",.,"A",.,"A",.,"A",.,"A",.,"A"
"20103",2275623,55,0,"1",.,"A",.,"A",.,"A",.,"A",.,"A",.,"A",.,"A",.,"A",.,"A",.,"A",.,"A",.,"A",52,"D",.,"A",.,"A"
"20103",2275633,61,0,"1",.,"A",.,"A",.,"A",.,"A",.,"A",50,"D",.,"A",.,"A",.,"A",.,"A",.,"A",.,"A",10,"D",.,"A",.,"A"
"20103",2275723,71,0,"1",.,"A",.,"A",.,"A",.,"A",.,"A",.,"A",.,"A",.,"A",150,"D",.,"A",.,"A",.,"A",60,"D",.,"A",.,"A"
"20103",2275753,28,0,"1",.,"A",.,"A",.,"A",.,"A",90,"D",.,"A",.,"A",.,"A",.,"A",120,"D",0,"D",0,"D",.,"A",40,"D",.,"A"
"20103",2275782,34,0,"1",.,"A",.,"A",.,"A",.,"A",.,"A",.,"A",.,"A",.,"A",.,"A",.,"A",.,"A",.,"A",.,"A",.,"A",.,"A"
"20103",2275793,46,0,"1",.,"A",.,"A",.,"A",.,"A",.,"A",.,"A",910,"D",.,"A",.,"A",.,"A",.,"A",.,"A",90,"D",.,"A",.,"A"
"20103",2275803,63,0,"1",.,"A",20,"D",.,"A",.,"A",.,"A",10,"D",.,"A",.,"A",.,"A",.,"A",.,"A",.,"A",80,"D",.,"A",.,"A"
"20103",2275833,34,0,"1",.,"A",.,"A",.,"A",.,"A",.,"A",.,"A",.,"A",.,"A",.,"A",.,"A",.,"A",.,"A",.,"A",.,"A",.,"A"
"20103",2275852,38,0,"1",.,"A",.,"A",.,"A",.,"A",.,"A",.,"A",.,"A",.,"A",.,"A",.,"A",.,"A",.,"A",.,"A",.,"A",.,"A"
"20103",2275862,46,0,"1",.,"A",.,"A",.,"A",.,"A",.,"A",.,"A",.,"A",.,"A",.,"A",.,"A",.,"A",.,"A",.,"A",.,"A",.,"A"
"20103",2275872,83,0,"1",.,"A",.,"A",.,"A",.,"A",.,"A",.,"A",.,"A",.,"A",.,"A",.,"A",.,"A",.,"A",50,"D",.,"A",.,"A"
"20103",2275892,54,0,"1",.,"A",.,"A",.,"A",.,"A",.,"A",.,"A",286,"D",.,"A",36,"D",.,"A",.,"A",.,"A",.,"A",.,"A",.,"A"
"20103",2275913,66,0,"1",.,"A",.,"A",.,"A",.,"A",.,"A",50,"D",.,"A",.,"A",.,"A",.,"A",.,"A",.,"A",440,"D",.,"A",.,"A"
"20103",2275933,65,0,"1",.,"A",.,"A",.,"A",.,"A",.,"A",.,"A",390,"D",.,"A",.,"A",.,"A",.,"A",.,"A",126,"D",.,"A",.,"A"
"20103",2275944,52,0,"1",.,"A",.,"A",.,"A",50,"D",.,"A",210,"D",.,"A",.,"A",.,"A",150,"D",0,"D",0,"D",300,"D",50,"D",.,"A"
"20103",2276033,41,0,"1",.,"A",.,"A",.,"A",.,"A",.,"A",.,"A",.,"A",.,"A",.,"A",.,"A",.,"A",.,"A",.,"A",.,"A",.,"A"
"20103",2276043,42,0,"1",.,"A",.,"A",.,"A",50,"D",.,"A",.,"A",.,"A",.,"A",.,"A",.,"A",.,"A",.,"A",30,"D",.,"A",.,"A"
"20103",2276053,53,0,"1",.,"A",.,"A",.,"A",.,"A",.,"A",.,"A",.,"A",.,"A",.,"A",.,"A",.,"A",.,"A",70,"D",.,"A",.,"A"
"20103",2276073,36,0,"1",.,"A",.,"A",.,"A",.,"A",.,"A",.,"A",.,"A",.,"A",.,"A",.,"A",.,"A",.,"A",.,"A",.,"A",.,"A"
"20103",2276122,60,0,"1",.,"A",.,"A",.,"A",.,"A",.,"A",.,"A",.,"A",.,"A",.,"A",.,"A",.,"A",.,"A",185,"D",.,"A",.,"A"
"20103",2276133,48,0,"1",.,"A",.,"A",.,"A",.,"A",.,"A",.,"A",.,"A",.,"A",.,"A",.,"A",.,"A",.,"A",.,"A",.,"A",.,"A"
"20103",2276152,40,0,"1",6,"D",.,"A",.,"A",.,"A",3,"D",.,"A",.,"A",.,"A",.,"A",180,"D",30,"D",18,"D",.,"A",60,"D",.,"A"
"20103",2276182,42,0,"1",.,"A",.,"A",.,"A",.,"A",.,"A",.,"A",169,"D",.,"A",.,"A",.,"A",.,"A",.,"A",9,"D",.,"A",.,"A"
"20103",2276202,53,0,"1",.,"A",.,"A",.,"A",.,"A",.,"A",.,"A",.,"A",.,"A",.,"A",.,"A",.,"A",.,"A",70,"D",.,"A",.,"A"
"20103",2276223,57,0,"1",.,"A",.,"A",.,"A",.,"A",.,"A",250,"D",.,"A",.,"A",.,"A",.,"A",.,"A",.,"A",.,"A",.,"A",.,"A"
"20103",2276233,37,0,"1",.,"A",.,"A",85,"D",.,"A",100,"D",.,"A",.,"A",.,"A",.,"A",.,"A",.,"A",.,"A",200,"D",.,"A",.,"A"
"20103",2276242,62,0,"1",.,"A",.,"A",.,"A",.,"A",.,"A",.,"A",2496,"D",.,"A",45,"D",.,"A",.,"A",.,"A",18,"D",.,"A",.,"A"
"20103",2276262,135,0,"1",.,"A",.,"A",.,"A",.,"A",.,"A",100,"D",.,"A",.,"A",.,"A",.,"A",.,"A",.,"A",300,"D",.,"A",.,"A"
"20103",2276273,29,0,"1",.,"A",.,"A",.,"A",.,"A",.,"A",.,"A",.,"A",.,"A",.,"A",.,"A",.,"A",.,"A",40,"D",.,"A",.,"A"
"20103",2276282,29,0,"1",.,"A",.,"A",.,"A",.,"A",.,"A",.,"A",.,"A",.,"A",.,"A",.,"A",.,"A",.,"A",25,"D",.,"A",.,"A"
"20103",2276332,43,0,"1",.,"A",.,"A",.,"A",.,"A",.,"A",.,"A",.,"A",.,"A",.,"A",.,"A",.,"A",.,"A",105,"D",.,"A",.,"A"
"20103",2276362,38,0,"1",.,"A",.,"A",.,"A",.,"A",45,"D",.,"A",39,"D",.,"A",.,"A",.,"A",.,"A",.,"A",.,"A",.,"A",.,"A"
"20103",2276412,46,0,"1",.,"A",.,"A",.,"A",.,"A",.,"A",65,"D",.,"A",.,"A",.,"A",.,"A",.,"A",.,"A",135,"D",.,"A",.,"A"
"20103",2276432,55,0,"1",.,"A",.,"A",.,"A",.,"A",.,"A",.,"A",429,"D",.,"A",.,"A",.,"A",.,"A",.,"A",60,"D",.,"A",.,"A"
"20103",2276462,39,0,"1",.,"A",.,"A",.,"A",.,"A",60,"D",20,"D",.,"A",.,"A",30,"D",.,"A",.,"A",.,"A",10,"D",.,"A",.,"A"
"20103",2276482,33,0,"1",.,"A",.,"A",.,"A",.,"A",120,"D",.,"A",.,"A",.,"A",.,"A",.,"A",.,"A",.,"A",230,"D",.,"A",.,"A"
"20103",2276513,51,0,"1",.,"A",.,"A",.,"A",.,"A",.,"A",.,"A",260,"D",195,"D",.,"A",.,"A",.,"A",.,"A",165,"D",.,"A",.,"A"
"20103",2276522,61,0,"1",.,"A",.,"A",.,"A",.,"A",.,"A",120,"D",.,"A",.,"A",60,"D",.,"A",.,"A",.,"A",180,"D",.,"A",.,"A"
"20103",2276563,38,0,"1",.,"A",.,"A",.,"A",.,"A",.,"A",.,"A",.,"A",.,"A",.,"A",.,"A",.,"A",.,"A",40,"D",.,"A",.,"A"
"20103",2276604,28,0,"1",.,"A",.,"A",.,"A",.,"A",.,"A",.,"A",611,"D",.,"A",.,"A",.,"A",.,"A",.,"A",48,"D",.,"A",.,"A"
"20103",2276613,51,0,"1",.,"A",.,"A",.,"A",.,"A",.,"A",.,"A",.,"A",.,"A",15,"D",.,"A",.,"A",.,"A",65,"D",.,"A",.,"A"
"20103",2276622,72,0,"1",.,"A",.,"A",.,"A",.,"A",.,"A",40,"D",.,"A",.,"A",.,"A",.,"A",.,"A",.,"A",75,"D",.,"A",.,"A"
"20103",2276644,47,0,"1",1,"D",.,"A",.,"A",.,"A",9,"D",.,"A",325,"D",.,"A",18,"D",.,"A",.,"A",.,"A",.,"A",.,"A",.,"A"
"20103",2276652,55,0,"1",.,"A",.,"A",.,"A",.,"A",.,"A",60,"D",.,"A",.,"A",.,"A",.,"A",.,"A",.,"A",400,"D",.,"A",.,"A"
"20103",2276672,34,0,"1",.,"A",.,"A",.,"A",.,"A",.,"A",10,"D",650,"D",.,"A",.,"A",.,"A",.,"A",.,"A",50,"D",.,"A",.,"A"
"20103",2276682,45,0,"1",.,"A",.,"A",.,"A",.,"A",.,"A",.,"A",.,"A",.,"A",.,"A",.,"A",.,"A",.,"A",70,"F",.,"A",.,"A"
"20103",2276712,59,0,"1",.,"A",.,"A",.,"A",.,"A",.,"A",.,"A",.,"A",.,"A",.,"A",.,"A",.,"A",.,"A",150,"D",.,"A",.,"A"
"20103",2276722,32,0,"1",.,"A",.,"A",.,"A",.,"A",.,"A",.,"A",.,"A",.,"A",.,"A",.,"A",.,"A",.,"A",.,"A",.,"A",.,"A"
"20103",2276753,31,0,"1",.,"A",.,"A",.,"A",.,"A",120,"D",.,"A",.,"A",.,"A",.,"A",.,"A",.,"A",.,"A",.,"A",.,"A",.,"A"
"20103",2276774,32,0,"1",6,"D",.,"A",.,"A",30,"D",12,"D",.,"A",.,"A",.,"A",.,"A",.,"A",.,"A",.,"A",.,"A",.,"A",.,"A"
"20103",2276792,55,0,"1",.,"A",.,"A",.,"A",.,"A",.,"A",.,"A",325,"D",.,"A",.,"A",.,"A",.,"A",.,"A",.,"A",.,"A",.,"A"
"20103",2276812,25,0,"1",.,"A",.,"A",.,"A",.,"A",40,"D",60,"D",.,"A",.,"A",.,"A",534,"D",0,"D",0,"D",.,"A",178,"D",.,"A"
"20103",2276903,44,0,"1",.,"A",.,"A",.,"A",.,"A",.,"A",.,"A",325,"D",.,"A",.,"A",.,"A",.,"A",.,"A",.,"A",.,"A",.,"A"
"20103",2276912,65,0,"1",.,"A",.,"A",.,"A",.,"A",.,"A",.,"A",195,"D",.,"A",.,"A",.,"A",.,"A",.,"A",35,"D",.,"A",.,"A"
"20103",2276964,38,0,"1",.,"A",.,"A",.,"A",.,"A",.,"A",.,"A",.,"A",.,"A",.,"A",.,"A",.,"A",.,"A",60,"D",.,"A",.,"A"
"20103",2276982,34,0,"1",.,"A",.,"A",.,"A",.,"A",.,"A",.,"A",.,"A",.,"A",.,"A",.,"A",.,"A",.,"A",.,"A",.,"A",.,"A"
"20103",2276992,69,0,"1",.,"A",.,"A",.,"A",50,"D",.,"A",.,"A",.,"A",390,"D",.,"A",.,"A",.,"A",.,"A",.,"A",.,"A",.,"A"
"20103",2277023,38,0,"1",.,"A",.,"A",.,"A",.,"A",.,"A",.,"A",.,"A",.,"A",.,"A",60,"D",0,"D",0,"D",100,"D",20,"D",.,"A"
"20103",2277073,32,0,"1",.,"A",.,"A",.,"A",.,"A",.,"A",.,"A",.,"A",.,"A",.,"A",.,"A",.,"A",.,"A",.,"A",.,"A",.,"A"
"20103",2277082,53,0,"1",.,"A",.,"A",.,"A",.,"A",.,"A",.,"A",.,"A",195,"D",.,"A",.,"A",.,"A",.,"A",.,"A",.,"A",.,"A"
"20103",2277092,42,0,"1",.,"A",.,"A",.,"A",.,"A",.,"A",.,"A",.,"A",.,"A",.,"A",.,"A",.,"A",.,"A",35,"D",.,"A",.,"A"
"20103",2277113,37,0,"1",.,"A",.,"A",.,"A",.,"A",.,"A",.,"A",.,"A",.,"A",.,"A",.,"A",.,"A",.,"A",70,"D",.,"A",.,"A"
"20103",2277125,45,0,"1",.,"A",.,"A",.,"A",.,"A",.,"A",.,"A",182,"D",13,"D",54,"D",.,"A",.,"A",.,"A",200,"D",.,"A",.,"A"
"20103",2277242,85,0,"1",.,"A",.,"A",.,"A",.,"A",.,"A",50,"D",.,"A",.,"A",.,"A",.,"A",.,"A",.,"A",175,"D",.,"A",.,"A"
"20103",2277252,36,0,"1",.,"A",.,"A",.,"A",.,"A",.,"A",.,"A",.,"A",.,"A",120,"D",.,"A",.,"A",.,"A",.,"A",.,"A",.,"A"
"20103",2277273,61,0,"1",.,"A",.,"A",.,"A",.,"A",.,"A",6,"D",390,"D",.,"A",.,"A",.,"A",.,"A",.,"A",35,"D",.,"A",.,"A"
"20103",2277293,28,0,"1",.,"A",.,"A",.,"A",.,"A",10,"D",30,"D",.,"A",.,"A",.,"A",.,"A",.,"A",.,"A",65,"D",.,"A",.,"A"
"20103",2277302,67,0,"1",.,"A",.,"A",.,"A",.,"A",.,"A",.,"A",.,"A",.,"A",.,"A",.,"A",.,"A",.,"A",58,"D",.,"A",.,"A"
"20103",2277333,57,0,"1",.,"A",.,"A",.,"A",.,"A",.,"A",.,"A",.,"A",.,"A",.,"A",.,"A",.,"A",.,"A",390,"D",.,"A",.,"A"
"20103",2277343,44,0,"1",.,"A",.,"A",.,"A",.,"A",.,"A",.,"A",.,"A",.,"A",.,"A",.,"A",.,"A",.,"A",50,"D",.,"A",.,"A"
"20103",2277383,55,0,"1",.,"A",.,"A",.,"A",.,"A",.,"A",.,"A",.,"A",.,"A",.,"A",.,"A",.,"A",.,"A",.,"A",.,"A",.,"A"
"20103",2277393,56,0,"1",.,"A",.,"A",.,"A",.,"A",200,"D",75,"D",.,"A",.,"A",.,"A",.,"A",.,"A",.,"A",420,"D",.,"A",.,"A"
"20103",2277423,53,0,"1",.,"A",.,"A",.,"A",.,"A",.,"A",.,"A",.,"A",.,"A",.,"A",.,"A",.,"A",.,"A",.,"A",.,"A",.,"A"
"20103",2277433,43,0,"1",.,"A",.,"A",.,"A",.,"A",.,"A",.,"A",.,"A",.,"A",.,"A",.,"A",.,"A",.,"A",180,"D",.,"A",.,"A"
"20103",2277483,101,0,"1",.,"A",.,"A",.,"A",.,"A",.,"A",.,"A",.,"A",.,"A",.,"A",.,"A",.,"A",.,"A",15,"D",.,"A",.,"A"
"20103",2277493,24,0,"1",.,"A",.,"A",.,"A",.,"A",.,"A",.,"A",.,"A",.,"A",.,"A",.,"A",.,"A",.,"A",.,"A",.,"A",.,"A"
"20103",2277504,26,0,"1",4,"D",.,"A",.,"A",20,"D",8,"D",.,"A",.,"A",.,"A",.,"A",.,"A",.,"A",.,"A",.,"A",.,"A",.,"A"
"20103",2277513,69,0,"1",.,"A",.,"A",.,"A",.,"A",.,"A",.,"A",.,"A",.,"A",.,"A",.,"A",.,"A",.,"A",240,"D",.,"A",.,"A"
"20103",2277532,25,0,"1",.,"A",.,"A",.,"A",.,"A",.,"A",.,"A",390,"D",.,"A",.,"A",.,"A",.,"A",.,"A",.,"A",.,"A",.,"A"
"20103",2277572,45,0,"1",30,"D",.,"A",.,"A",.,"A",30,"D",.,"A",.,"A",.,"A",.,"A",.,"A",.,"A",.,"A",.,"A",.,"A",.,"A"
"20103",2277692,52,0,"1",.,"A",.,"A",.,"A",.,"A",4,"D",.,"A",.,"A",.,"A",.,"A",.,"A",.,"A",.,"A",30,"D",.,"A",.,"A"
"20103",2277712,47,0,"1",.,"A",.,"A",.,"A",.,"A",.,"A",.,"A",.,"A",.,"A",.,"A",.,"A",.,"A",.,"A",40,"D",.,"A",.,"A"
"20103",2277762,68,0,"1",.,"A",.,"A",.,"A",.,"A",.,"A",20,"D",130,"D",.,"A",.,"A",.,"A",.,"A",.,"A",560,"D",.,"A",.,"A"
"20103",2277783,82,0,"1",.,"A",.,"A",.,"A",.,"A",.,"A",.,"A",.,"A",.,"A",.,"A",.,"A",.,"A",.,"A",.,"A",.,"A",.,"A"
"20103",2277852,33,0,"1",.,"A",.,"A",.,"A",.,"A",.,"A",.,"A",325,"D",325,"D",.,"A",.,"A",.,"A",.,"A",.,"A",.,"A",.,"A"
"20103",2277902,57,0,"1",.,"A",.,"A",.,"A",.,"A",.,"A",.,"A",.,"A",.,"A",.,"A",.,"A",.,"A",.,"A",120,"D",.,"A",.,"A"
"20103",2277934,31,0,"1",.,"A",.,"A",.,"A",.,"A",.,"A",.,"A",.,"A",.,"A",.,"A",0,"D",0,"D",60,"D",.,"A",0,"D",.,"A"
"20103",2277943,31,0,"1",.,"A",.,"A",.,"A",.,"A",.,"A",.,"A",.,"A",.,"A",.,"A",.,"A",.,"A",.,"A",.,"A",.,"A",.,"A"
"20103",2277973,58,0,"1",20,"D",.,"A",.,"A",.,"A",110,"D",.,"A",.,"A",.,"A",.,"A",.,"A",.,"A",.,"A",210,"D",.,"A",.,"A"
"20103",2277982,84,0,"1",.,"A",.,"A",.,"A",.,"A",.,"A",.,"A",650,"D",.,"A",.,"A",.,"A",.,"A",.,"A",250,"D",.,"A",.,"A"
"20103",2277993,30,0,"1",.,"A",.,"A",.,"A",.,"A",.,"A",.,"A",.,"A",.,"A",.,"A",.,"A",.,"A",.,"A",100,"D",.,"A",.,"A"
"20103",2278022,37,0,"1",.,"A",.,"A",.,"A",.,"A",.,"A",100,"D",.,"A",.,"A",.,"A",.,"A",.,"A",.,"A",100,"D",.,"A",.,"A"
"20103",2278033,62,0,"1",.,"A",.,"A",.,"A",.,"A",.,"A",.,"A",.,"A",.,"A",.,"A",.,"A",.,"A",.,"A",175,"D",.,"A",.,"A"
"20103",2278052,50,0,"1",.,"A",.,"A",.,"A",.,"A",.,"A",.,"A",.,"A",.,"A",.,"A",.,"A",.,"A",.,"A",80,"D",.,"A",.,"A"
"20103",2278062,27,0,"1",.,"A",.,"A",.,"A",.,"A",.,"A",.,"A",325,"D",.,"A",.,"A",.,"A",.,"A",.,"A",.,"A",.,"A",.,"A"
"20103",2278095,48,0,"1",.,"A",.,"A",.,"A",.,"A",.,"A",.,"A",1040,"D",.,"A",.,"A",.,"A",.,"A",.,"A",.,"A",.,"A",.,"A"
"20103",2278103,67,0,"1",.,"A",.,"A",.,"A",.,"A",.,"A",.,"A",.,"A",.,"A",6,"D",.,"A",.,"A",.,"A",.,"A",.,"A",.,"A"
"20103",2278123,82,0,"1",.,"A",.,"A",.,"A",.,"A",.,"A",.,"A",.,"A",.,"A",.,"A",.,"A",.,"A",.,"A",100,"D",.,"A",.,"A"
"20103",2278143,62,0,"1",.,"A",.,"A",.,"A",.,"A",.,"A",.,"A",.,"A",.,"A",.,"A",.,"A",.,"A",.,"A",48,"D",.,"A",.,"A"
"20103",2278192,47,0,"1",.,"A",.,"A",.,"A",.,"A",.,"A",.,"A",.,"A",.,"A",.,"A",.,"A",.,"A",.,"A",100,"D",.,"A",.,"A"
"20103",2278203,36,0,"1",.,"A",.,"A",.,"A",.,"A",.,"A",.,"A",.,"A",.,"A",.,"A",.,"A",.,"A",.,"A",.,"A",.,"A",.,"A"
"20103",2278213,59,0,"1",.,"A",.,"A",.,"A",.,"A",.,"A",.,"A",.,"A",.,"A",.,"A",.,"A",.,"A",.,"A",.,"A",.,"A",.,"A"
"20103",2278223,41,0,"1",36,"D",.,"A",.,"A",.,"A",0,"D",.,"A",.,"A",.,"A",.,"A",.,"A",.,"A",.,"A",12,"D",.,"A",.,"A"
"20103",2278272,54,0,"1",.,"A",.,"A",.,"A",.,"A",.,"A",.,"A",.,"A",.,"A",.,"A",.,"A",.,"A",.,"A",13,"D",.,"A",.,"A"
"20103",2278323,48,0,"1",.,"A",.,"A",.,"A",.,"A",.,"A",.,"A",195,"D",.,"A",60,"D",0,"D",0,"D",3,"D",.,"A",0,"D",.,"A"
"20103",2278333,29,0,"1",.,"A",.,"A",.,"A",.,"A",.,"A",.,"A",585,"D",.,"A",.,"A",.,"A",.,"A",.,"A",.,"A",.,"A",.,"A"
"20103",2278343,38,0,"1",.,"A",.,"A",.,"A",.,"A",.,"A",.,"A",.,"A",.,"A",.,"A",.,"A",.,"A",.,"A",50,"D",.,"A",.,"A"
"20103",2278353,45,0,"1",.,"A",.,"A",.,"A",.,"A",.,"A",.,"A",325,"D",.,"A",.,"A",.,"A",.,"A",.,"A",.,"A",.,"A",.,"A"
"20103",2278362,76,0,"1",.,"A",.,"A",.,"A",.,"A",.,"A",.,"A",.,"A",.,"A",.,"A",.,"A",.,"A",.,"A",210,"D",.,"A",.,"A"
"20103",2278403,84,0,"1",.,"A",.,"A",.,"A",.,"A",.,"A",35,"D",.,"A",156,"D",.,"A",.,"A",.,"A",.,"A",105,"D",.,"A",.,"A"
"20103",2278423,63,0,"1",.,"A",.,"A",.,"A",.,"A",.,"A",.,"A",650,"D",325,"D",30,"D",.,"A",.,"A",.,"A",.,"A",.,"A",.,"A"
"20103",2278432,31,0,"1",.,"A",.,"A",.,"A",.,"A",.,"A",.,"A",.,"A",.,"A",.,"A",.,"A",.,"A",.,"A",.,"A",.,"A",.,"A"
"20103",2278483,40,0,"1",.,"A",.,"A",.,"A",.,"A",.,"A",.,"A",.,"A",.,"A",.,"A",.,"A",.,"A",.,"A",.,"A",.,"A",.,"A"
"20103",2278502,72,0,"1",.,"A",.,"A",.,"A",.,"A",.,"A",40,"D",390,"D",.,"A",.,"A",.,"A",.,"A",.,"A",110,"D",.,"A",.,"A"
"20103",2278512,46,0,"1",.,"A",.,"A",.,"A",.,"A",.,"A",.,"A",.,"A",.,"A",.,"A",.,"A",.,"A",.,"A",.,"A",.,"A",.,"A"
"20103",2278532,54,0,"1",.,"A",.,"A",.,"A",.,"A",.,"A",45,"D",650,"F",.,"A",.,"A",.,"A",.,"A",.,"A",60,"D",.,"A",.,"A"
"20103",2278552,37,0,"1",.,"A",.,"A",.,"A",.,"A",.,"A",.,"A",.,"A",.,"A",.,"A",.,"A",.,"A",.,"A",.,"A",.,"A",.,"A"
"20103",2278562,100,0,"1",.,"A",.,"A",23,"D",.,"A",.,"A",90,"F",.,"A",.,"A",.,"A",.,"A",.,"A",.,"A",1130,"D",.,"A",.,"A"
"20103",2278573,57,0,"1",.,"A",.,"A",.,"A",.,"A",.,"A",.,"A",.,"A",.,"A",72,"D",.,"A",.,"A",.,"A",580,"D",.,"A",.,"A"
"20103",2278583,29,0,"1",.,"A",.,"A",.,"A",.,"A",.,"A",.,"A",.,"A",.,"A",.,"A",.,"A",.,"A",.,"A",.,"A",.,"A",.,"A"
"20103",2278602,50,0,"1",.,"A",.,"A",.,"A",.,"A",.,"A",.,"A",.,"A",.,"A",.,"A",.,"A",.,"A",.,"A",60,"D",.,"A",.,"A"
"20103",2278623,44,0,"1",.,"A",.,"A",.,"A",.,"A",.,"A",.,"A",.,"A",.,"A",.,"A",.,"A",.,"A",.,"A",84,"D",.,"A",.,"A"
"20103",2278653,38,0,"1",.,"A",.,"A",.,"A",.,"A",.,"A",40,"D",390,"D",.,"A",.,"A",.,"A",.,"A",.,"A",45,"D",.,"A",.,"A"
"20103",2278663,86,0,"1",.,"A",.,"A",.,"A",.,"A",.,"A",.,"A",.,"A",.,"A",.,"A",.,"A",.,"A",.,"A",.,"A",.,"A",.,"A"
"20103",2278673,54,0,"1",.,"A",.,"A",.,"A",.,"A",.,"A",51,"D",.,"A",.,"A",.,"A",.,"A",.,"A",.,"A",110,"D",.,"A",.,"A"
"20103",2278722,27,0,"1",.,"A",.,"A",.,"A",.,"A",.,"A",.,"A",.,"A",.,"A",.,"A",0,"D",0,"D",60,"D",.,"A",0,"D",.,"A"
"20103",2278732,83,0,"1",.,"A",.,"A",.,"A",.,"A",.,"A",20,"D",.,"A",.,"A",.,"A",.,"A",.,"A",.,"A",40,"D",.,"A",.,"A"
"20103",2278743,25,0,"1",25,"D",.,"A",.,"A",.,"A",25,"D",.,"A",.,"A",.,"A",.,"A",0,"D",0,"D",60,"D",.,"A",0,"D",.,"A"
"20103",2278752,44,0,"1",.,"A",.,"A",.,"A",.,"A",.,"A",.,"A",.,"A",.,"A",.,"A",.,"A",.,"A",.,"A",50,"D",.,"A",.,"A"
"20103",2278763,76,0,"1",.,"A",.,"A",.,"A",.,"A",.,"A",.,"A",.,"A",.,"A",.,"A",.,"A",.,"A",.,"A",.,"A",.,"A",.,"A"
"20103",2278772,63,0,"1",.,"A",.,"A",.,"A",.,"A",60,"D",20,"D",.,"A",.,"A",.,"A",.,"A",.,"A",.,"A",420,"D",.,"A",.,"A"
"20103",2278803,36,0,"1",.,"A",.,"A",.,"A",.,"A",.,"A",.,"A",.,"A",.,"A",.,"A",.,"A",.,"A",.,"A",.,"A",.,"A",.,"A"
"20103",2278812,61,0,"1",.,"A",.,"A",.,"A",.,"A",.,"A",.,"A",325,"D",.,"A",.,"A",.,"A",.,"A",.,"A",49,"D",.,"A",.,"A"
"20103",2278832,40,0,"1",.,"A",.,"A",.,"A",.,"A",.,"A",.,"A",.,"A",.,"A",180,"D",.,"A",.,"A",.,"A",132,"D",.,"A",.,"A"
"20103",2278862,71,0,"1",.,"A",.,"A",.,"A",.,"A",.,"A",.,"A",.,"A",.,"A",.,"A",.,"A",.,"A",.,"A",600,"D",.,"A",.,"A"
"20103",2278893,57,0,"1",.,"A",.,"A",.,"A",1760,"D",.,"A",300,"D",.,"A",.,"A",.,"A",0,"D",0,"D",45,"D",450,"D",0,"D",.,"A"
"20103",2278923,55,0,"1",.,"A",.,"A",.,"A",.,"A",.,"A",.,"A",.,"A",.,"A",.,"A",.,"A",.,"A",.,"A",.,"A",.,"A",.,"A"
"20103",2278953,44,0,"1",.,"A",.,"A",.,"A",.,"A",.,"A",.,"A",.,"A",.,"A",.,"A",.,"A",.,"A",.,"A",.,"A",.,"A",.,"A"
"20103",2278965,24,0,"1",.,"A",.,"A",.,"A",.,"A",120,"D",.,"A",.,"A",.,"A",.,"A",.,"A",.,"A",.,"A",.,"A",.,"A",.,"A"
"20103",2278974,30,0,"1",.,"A",.,"A",.,"A",.,"A",.,"A",.,"A",.,"A",.,"A",.,"A",.,"A",.,"A",.,"A",.,"A",.,"A",.,"A"
"20103",2279013,31,0,"1",.,"A",.,"A",.,"A",.,"A",.,"A",.,"A",.,"A",.,"A",.,"A",.,"A",.,"A",.,"A",.,"A",.,"A",.,"A"
"20103",2279032,74,0,"1",.,"A",.,"A",.,"A",.,"A",.,"A",.,"A",.,"A",.,"A",.,"A",.,"A",.,"A",.,"A",70,"D",.,"A",.,"A"
"20103",2279053,62,0,"1",.,"A",.,"A",.,"A",.,"A",.,"A",.,"A",52,"D",.,"A",.,"A",.,"A",.,"A",.,"A",35,"D",.,"A",.,"A"
"20103",2279062,35,0,"1",.,"A",.,"A",.,"A",.,"A",.,"A",.,"A",.,"A",.,"A",.,"A",.,"A",.,"A",.,"A",48,"D",.,"A",.,"A"
"20103",2279073,42,0,"1",.,"A",.,"A",.,"A",.,"A",.,"A",.,"A",.,"A",.,"A",.,"A",.,"A",.,"A",.,"A",.,"A",.,"A",.,"A"
"20103",2279112,53,0,"1",.,"A",.,"A",.,"A",.,"A",.,"A",.,"A",.,"A",.,"A",.,"A",.,"A",.,"A",.,"A",.,"A",.,"A",.,"A"
"20103",2279132,69,0,"1",.,"A",.,"A",.,"A",.,"A",.,"A",.,"A",.,"A",.,"A",.,"A",.,"A",.,"A",.,"A",72,"D",.,"A",.,"A"
"20103",2279143,32,0,"1",.,"A",.,"A",.,"A",.,"A",.,"A",.,"A",260,"D",.,"A",.,"A",.,"A",.,"A",.,"A",.,"A",.,"A",.,"A"
"20103",2279193,53,0,"1",.,"A",.,"A",.,"A",.,"A",.,"A",.,"A",.,"A",.,"A",.,"A",.,"A",.,"A",.,"A",25,"D",.,"A",.,"A"
"20103",2279242,63,0,"1",.,"A",.,"A",.,"A",.,"A",.,"A",.,"A",.,"A",.,"A",.,"A",.,"A",.,"A",.,"A",10,"F",.,"A",.,"A"
"20103",2279272,49,0,"1",.,"A",.,"A",.,"A",.,"A",.,"A",.,"A",.,"A",.,"A",.,"A",.,"A",.,"A",.,"A",120,"D",.,"A",.,"A"
"20103",2279293,43,0,"1",.,"A",.,"A",.,"A",.,"A",.,"A",.,"A",.,"A",.,"A",.,"A",.,"A",.,"A",.,"A",90,"D",.,"A",.,"A"
"20103",2279302,61,0,"1",.,"A",.,"A",.,"A",.,"A",.,"A",.,"A",455,"D",.,"A",18,"D",.,"A",.,"A",.,"A",150,"D",.,"A",.,"A"
"20103",2279373,45,0,"1",.,"A",.,"A",.,"A",.,"A",.,"A",.,"A",260,"D",.,"A",.,"A",.,"A",.,"A",.,"A",.,"A",.,"A",.,"A"
"20103",2279383,32,0,"1",.,"A",.,"A",.,"A",.,"A",.,"A",.,"A",273,"D",.,"A",.,"A",.,"A",.,"A",.,"A",.,"A",.,"A",.,"A"
"20103",2279412,22,0,"1",.,"A",.,"A",.,"A",.,"A",60,"D",.,"A",.,"A",.,"A",.,"A",.,"A",.,"A",.,"A",.,"A",.,"A",.,"A"
"20103",2279422,48,0,"1",.,"A",.,"A",.,"A",.,"A",.,"A",.,"A",.,"A",.,"A",.,"A",.,"A",.,"A",.,"A",.,"A",.,"A",.,"A"
"20103",2279433,61,0,"1",.,"A",.,"A",.,"A",.,"A",.,"A",35,"D",.,"A",.,"A",.,"A",.,"A",.,"A",.,"A",196,"D",.,"A",.,"A"
"20103",2279452,36,0,"1",.,"A",.,"A",.,"A",.,"A",.,"A",.,"A",1170,"D",.,"A",.,"A",.,"A",.,"A",.,"A",120,"D",.,"A",.,"A"
"20103",2279472,44,0,"1",.,"A",.,"A",.,"A",.,"A",.,"A",.,"A",.,"A",.,"A",.,"A",.,"A",.,"A",.,"A",45,"D",.,"A",.,"A"
"20103",2279493,68,0,"1",.,"A",.,"A",.,"A",.,"A",.,"A",.,"A",.,"A",.,"A",.,"A",.,"A",.,"A",.,"A",36,"D",.,"A",.,"A"
"20103",2279503,48,0,"1",.,"A",.,"A",.,"A",.,"A",.,"A",.,"A",.,"A",.,"A",.,"A",.,"A",.,"A",.,"A",.,"A",.,"A",.,"A"
"20103",2279512,22,0,"1",.,"A",.,"A",.,"A",.,"A",.,"A",.,"A",.,"A",.,"A",.,"A",.,"A",.,"A",.,"A",.,"A",.,"A",.,"A"
"20103",2279542,57,0,"1",.,"A",.,"A",.,"A",.,"A",.,"A",.,"A",910,"D",.,"A",.,"A",.,"A",.,"A",.,"A",90,"D",.,"A",.,"A"
"20103",2279553,48,0,"1",.,"A",.,"A",.,"A",.,"A",.,"A",.,"A",.,"A",.,"A",.,"A",.,"A",.,"A",.,"A",45,"D",.,"A",.,"A"
"20103",2279593,32,0,"1",.,"A",.,"A",.,"A",.,"A",.,"A",.,"A",.,"A",.,"A",.,"A",.,"A",.,"A",.,"A",.,"A",.,"A",.,"A"
"20103",2279623,50,0,"1",.,"A",.,"A",.,"A",.,"A",.,"A",250,"D",.,"A",.,"A",.,"A",.,"A",.,"A",.,"A",60,"D",.,"A",.,"A"
"20103",2279663,38,0,"1",.,"A",.,"A",.,"A",.,"A",.,"A",.,"A",260,"D",.,"A",.,"A",.,"A",.,"A",.,"A",.,"A",.,"A",.,"A"
"20103",2279683,40,0,"1",.,"A",.,"A",.,"A",.,"A",.,"A",.,"A",.,"A",.,"A",.,"A",.,"A",.,"A",.,"A",.,"A",.,"A",.,"A"
"20103",2279693,25,0,"1",.,"A",.,"A",.,"A",.,"A",12,"D",.,"A",.,"A",.,"A",.,"A",150,"D",0,"D",30,"F",.,"A",50,"D",.,"A"
"20103",2279702,26,0,"1",.,"A",.,"A",.,"A",.,"A",.,"A",.,"A",.,"A",.,"A",.,"A",.,"A",.,"A",.,"A",.,"A",.,"A",.,"A"
"20103",2279742,31,0,"1",40,"D",.,"A",.,"A",100,"D",110,"D",100,"D",.,"A",.,"A",.,"A",270,"D",0,"D",0,"D",200,"D",90,"D",.,"A"
"20103",2279753,38,0,"1",.,"A",.,"A",.,"A",.,"A",.,"A",.,"A",.,"A",.,"A",.,"A",.,"A",.,"A",.,"A",140,"D",.,"A",.,"A"
"20103",2279774,21,0,"1",.,"A",.,"A",.,"A",.,"A",.,"A",.,"A",.,"A",.,"A",.,"A",.,"A",.,"A",.,"A",.,"A",.,"A",.,"A"
"20103",2279802,29,0,"1",.,"A",.,"A",.,"A",.,"A",75,"D",.,"A",.,"A",.,"A",.,"A",.,"A",.,"A",.,"A",110,"D",.,"A",.,"A"
"20103",2279822,81,0,"1",.,"A",.,"A",.,"A",.,"A",.,"A",25,"D",.,"A",.,"A",.,"A",306,"D",0,"D",0,"D",404,"D",102,"D",.,"A"
"20103",2279843,39,0,"1",.,"A",.,"A",.,"A",.,"A",.,"A",.,"A",.,"A",.,"A",.,"A",.,"A",.,"A",.,"A",.,"A",.,"A",.,"A"
"20103",2279872,41,0,"1",.,"A",.,"A",.,"A",.,"A",.,"A",25,"D",.,"A",.,"A",.,"A",.,"A",.,"A",.,"A",65,"F",.,"A",.,"A"
"20103",2279892,30,0,"1",.,"A",.,"A",.,"A",.,"A",.,"A",.,"A",1040,"D",.,"A",.,"A",.,"A",.,"A",.,"A",120,"D",.,"A",.,"A"
"20103",2279905,45,0,"1",.,"A",.,"A",.,"A",.,"A",.,"A",.,"A",.,"A",.,"A",.,"A",.,"A",.,"A",.,"A",30,"D",.,"A",.,"A"
"20103",2279913,39,0,"1",.,"A",.,"A",.,"A",.,"A",.,"A",.,"A",.,"A",.,"A",.,"A",.,"A",.,"A",.,"A",.,"A",.,"A",.,"A"
"20103",2279963,43,0,"1",.,"A",.,"A",.,"A",.,"A",.,"A",.,"A",.,"A",.,"A",.,"A",.,"A",.,"A",.,"A",42,"D",.,"A",.,"A"
"20103",2279972,60,0,"1",.,"A",.,"A",.,"A",.,"A",.,"A",.,"A",325,"D",.,"A",.,"A",.,"A",.,"A",.,"A",.,"A",.,"A",.,"A"
"20103",2279983,43,0,"1",.,"A",.,"A",.,"A",.,"A",.,"A",.,"A",260,"D",.,"A",.,"A",.,"A",.,"A",.,"A",8,"D",.,"A",.,"A"
"20103",2280002,25,0,"1",12,"D",.,"A",.,"A",.,"A",23,"D",.,"A",.,"A",.,"A",.,"A",.,"A",.,"A",.,"A",45,"D",.,"A",.,"A"
"20103",2280042,77,0,"1",.,"A",.,"A",.,"A",.,"A",.,"A",.,"A",.,"A",.,"A",.,"A",.,"A",.,"A",.,"A",.,"A",.,"A",.,"A"
"20103",2280073,48,0,"1",.,"A",.,"A",.,"A",.,"A",.,"A",.,"A",325,"D",.,"A",.,"A",.,"A",.,"A",.,"A",75,"D",.,"A",.,"A"
"20103",2280092,44,0,"1",.,"A",.,"A",.,"A",.,"A",.,"A",.,"A",.,"A",.,"A",.,"A",.,"A",.,"A",.,"A",.,"A",.,"A",.,"A"
"20103",2280102,35,0,"1",.,"A",.,"A",.,"A",.,"A",.,"A",.,"A",.,"A",.,"A",.,"A",.,"A",.,"A",.,"A",50,"D",.,"A",.,"A"
"20103",2280133,43,0,"1",.,"A",.,"A",.,"A",.,"A",.,"A",.,"A",.,"A",.,"A",.,"A",.,"A",.,"A",.,"A",.,"A",.,"A",.,"A"
"20103",2280152,68,0,"1",.,"A",.,"A",.,"A",.,"A",.,"A",.,"A",481,"D",.,"A",.,"A",.,"A",.,"A",.,"A",.,"A",.,"A",.,"A"
"20103",2280172,42,0,"1",.,"A",.,"A",.,"A",.,"A",.,"A",50,"D",.,"A",.,"A",.,"A",.,"A",.,"A",.,"A",45,"D",.,"A",.,"A"
"20103",2280202,52,0,"1",.,"A",.,"A",.,"A",.,"A",.,"A",22,"D",.,"A",.,"A",.,"A",.,"A",.,"A",.,"A",100,"D",.,"A",.,"A"
"20103",2280222,41,0,"1",.,"A",.,"A",50,"F",.,"A",.,"A",.,"A",.,"A",.,"A",.,"A",.,"A",.,"A",.,"A",.,"A",.,"A",.,"A"
"20103",2280263,76,0,"1",.,"A",.,"A",.,"A",.,"A",.,"A",.,"A",.,"A",.,"A",.,"A",.,"A",.,"A",.,"A",12,"D",.,"A",.,"A"
"20103",2280282,60,0,"1",.,"A",.,"A",.,"A",.,"A",.,"A",.,"A",.,"A",.,"A",.,"A",.,"A",.,"A",.,"A",.,"A",.,"A",.,"A"
"20103",2280312,45,0,"1",.,"A",.,"A",.,"A",.,"A",.,"A",.,"A",.,"A",.,"A",.,"A",.,"A",.,"A",.,"A",.,"A",.,"A",.,"A"
"20103",2280325,50,0,"1",.,"A",.,"A",.,"A",.,"A",.,"A",.,"A",.,"A",.,"A",.,"A",.,"A",.,"A",.,"A",.,"A",.,"A",.,"A"
"20103",2280342,43,0,"1",.,"A",.,"A",.,"A",.,"A",.,"A",.,"A",.,"A",.,"A",.,"A",.,"A",.,"A",.,"A",.,"A",.,"A",.,"A"
"20103",2280353,52,0,"1",.,"A",.,"A",.,"A",.,"A",.,"A",.,"A",.,"A",.,"A",.,"A",.,"A",.,"A",.,"A",10,"D",.,"A",.,"A"
"20103",2280372,40,0,"1",.,"A",.,"A",.,"A",.,"A",.,"A",.,"A",.,"A",.,"A",.,"A",.,"A",.,"A",.,"A",60,"D",.,"A",.,"A"
"20103",2280382,23,0,"1",.,"A",.,"A",.,"A",.,"A",20,"D",.,"A",.,"A",.,"A",.,"A",.,"A",.,"A",.,"A",20,"D",.,"A",.,"A"
"20103",2280403,34,0,"1",.,"A",.,"A",.,"A",.,"A",.,"A",.,"A",.,"A",.,"A",.,"A",.,"A",.,"A",.,"A",.,"A",.,"A",.,"A"
"20103",2280422,43,0,"1",.,"A",.,"A",.,"A",40,"D",.,"A",.,"A",390,"D",.,"A",.,"A",.,"A",.,"A",.,"A",.,"A",.,"A",.,"A"
"20103",2280442,34,0,"1",.,"A",.,"A",.,"A",.,"A",.,"A",.,"A",.,"A",.,"A",.,"A",.,"A",.,"A",.,"A",180,"D",.,"A",.,"A"
"20103",2280463,55,0,"1",.,"A",.,"A",.,"A",.,"A",.,"A",.,"A",.,"A",.,"A",.,"A",.,"A",.,"A",.,"A",60,"D",.,"A",.,"A"
"20103",2280482,44,0,"1",.,"A",.,"A",.,"A",.,"A",.,"A",.,"A",.,"A",.,"A",.,"A",.,"A",.,"A",.,"A",.,"A",.,"A",.,"A"
"20103",2280493,79,0,"1",.,"A",.,"A",.,"A",.,"A",.,"A",.,"A",.,"A",.,"A",.,"A",.,"A",.,"A",.,"A",600,"D",.,"A",.,"A"
"20103",2280503,89,0,"1",.,"A",.,"A",.,"A",.,"A",.,"A",.,"A",.,"A",.,"A",.,"A",.,"A",.,"A",.,"A",50,"D",.,"A",.,"A"
"20103",2280514,32,0,"1",.,"A",.,"A",.,"A",.,"A",.,"A",.,"A",.,"A",.,"A",.,"A",.,"A",.,"A",.,"A",25,"F",.,"A",.,"A"
"20103",2280533,86,0,"1",.,"A",.,"A",.,"A",.,"A",.,"A",.,"A",1274,"D",.,"A",.,"A",.,"A",.,"A",.,"A",240,"D",.,"A",.,"A"
"20103",2280543,21,0,"1",.,"A",.,"A",.,"A",.,"A",.,"A",.,"A",.,"A",.,"A",.,"A",.,"A",.,"A",.,"A",.,"A",.,"A",.,"A"
"20103",2280562,49,0,"1",.,"A",.,"A",.,"A",.,"A",.,"A",.,"A",.,"A",.,"A",.,"A",.,"A",.,"A",.,"A",150,"D",.,"A",.,"A"
"20103",2280582,27,0,"1",.,"A",.,"A",.,"A",.,"A",.,"A",.,"A",260,"D",.,"A",.,"A",.,"A",.,"A",.,"A",.,"A",.,"A",.,"A"
"20103",2280605,26,0,"1",.,"A",.,"A",.,"A",.,"A",300,"D",.,"A",.,"A",.,"A",.,"A",390,"D",0,"D",0,"D",100,"D",130,"D",.,"A"
"20103",2280623,59,0,"1",.,"A",.,"A",.,"A",.,"A",.,"A",180,"D",.,"A",.,"A",.,"A",0,"D",0,"D",45,"D",72,"D",0,"D",.,"A"
"20103",2280683,54,0,"1",.,"A",.,"A",.,"A",.,"A",.,"A",.,"A",910,"D",.,"A",.,"A",.,"A",.,"A",.,"A",.,"A",.,"A",.,"A"
"20103",2280712,55,0,"1",.,"A",.,"A",.,"A",.,"A",.,"A",.,"A",.,"A",.,"A",.,"A",.,"A",.,"A",.,"A",100,"D",.,"A",.,"A"
"20103",2280723,54,0,"1",.,"A",.,"A",.,"A",.,"A",.,"A",.,"A",.,"A",.,"A",.,"A",573,"D",0,"D",0,"D",100,"D",191,"D",.,"A"
"20103",2280782,39,0,"1",.,"A",.,"A",.,"A",.,"A",.,"A",.,"A",.,"A",65,"D",30,"D",.,"A",.,"A",.,"A",.,"A",.,"A",.,"A"
"20103",2280803,41,0,"1",.,"A",.,"A",.,"A",.,"A",.,"A",.,"A",.,"A",.,"A",.,"A",.,"A",.,"A",.,"A",.,"A",.,"A",.,"A"
"20103",2280833,28,0,"1",.,"A",.,"A",.,"A",.,"A",.,"A",.,"A",.,"A",.,"A",.,"A",.,"A",.,"A",.,"A",.,"A",.,"A",.,"A"
"20103",2280862,65,0,"1",.,"A",.,"A",.,"A",.,"A",.,"A",10,"D",715,"D",.,"A",.,"A",.,"A",.,"A",.,"A",500,"D",.,"A",.,"A"
"20103",2280883,42,0,"1",.,"A",.,"A",.,"A",.,"A",20,"D",.,"A",.,"A",.,"A",.,"A",.,"A",.,"A",.,"A",.,"A",.,"A",.,"A"
"20103",2280922,32,0,"1",.,"A",.,"A",.,"A",.,"A",.,"A",.,"A",.,"A",.,"A",.,"A",.,"A",.,"A",.,"A",156,"D",.,"A",.,"A"
"20103",2280952,61,0,"1",.,"A",.,"A",.,"A",.,"A",.,"A",.,"A",.,"A",.,"A",.,"A",.,"A",.,"A",.,"A",.,"A",.,"A",.,"A"
"20103",2280963,45,0,"1",.,"A",.,"A",.,"A",.,"A",.,"A",.,"A",.,"A",.,"A",.,"A",.,"A",.,"A",.,"A",.,"A",.,"A",.,"A"
"20103",2281003,39,0,"1",.,"A",.,"A",.,"A",.,"A",.,"A",.,"A",.,"A",.,"A",.,"A",.,"A",.,"A",.,"A",75,"D",.,"A",.,"A"
"20103",2281053,70,0,"1",.,"A",.,"A",.,"A",.,"A",.,"A",.,"A",.,"A",.,"A",.,"A",.,"A",.,"A",.,"A",25,"D",.,"A",.,"A"
"20103",2281062,50,0,"1",20,"D",.,"A",.,"A",.,"A",20,"D",20,"D",.,"A",.,"A",.,"A",.,"A",.,"A",.,"A",50,"D",.,"A",.,"A"
"20103",2281083,22,0,"1",.,"A",.,"A",.,"A",.,"A",10,"D",28,"D",.,"A",.,"A",.,"A",225,"D",0,"D",0,"D",.,"A",75,"D",.,"A"
"20103",2281113,53,0,"1",.,"A",.,"A",.,"A",40,"D",.,"A",.,"A",.,"A",.,"A",.,"A",.,"A",.,"A",.,"A",.,"A",.,"A",.,"A"
"20103",2281122,83,0,"1",.,"A",.,"A",.,"A",.,"A",.,"A",.,"A",.,"A",65,"D",27,"D",.,"A",.,"A",.,"A",46,"D",.,"A",.,"A"
"20103",2281144,35,0,"1",.,"A",.,"A",.,"A",.,"A",.,"A",.,"A",520,"D",.,"A",.,"A",.,"A",.,"A",.,"A",.,"A",.,"A",.,"A"
"20103",2281152,53,0,"1",.,"A",.,"A",.,"A",.,"A",.,"A",.,"A",.,"A",.,"A",.,"A",.,"A",.,"A",.,"A",.,"A",.,"A",.,"A"
"20103",2281182,37,0,"1",.,"A",.,"A",.,"A",.,"A",.,"A",.,"A",.,"A",.,"A",.,"A",.,"A",.,"A",.,"A",.,"A",.,"A",.,"A"
"20103",2281203,42,0,"1",.,"A",.,"A",.,"A",.,"A",.,"A",.,"A",.,"A",.,"A",.,"A",.,"A",.,"A",.,"A",.,"A",.,"A",.,"A"
"20103",2281212,52,0,"1",.,"A",.,"A",.,"A",.,"A",130,"D",.,"A",.,"A",.,"A",.,"A",0,"D",6,"D",6,"D",46,"D",0,"D",.,"A"
"20103",2281223,58,0,"1",.,"A",.,"A",.,"A",.,"A",.,"A",22,"D",.,"A",.,"A",.,"A",.,"A",.,"A",.,"A",182,"D",.,"A",.,"A"
"20103",2281282,80,0,"1",.,"A",.,"A",.,"A",.,"A",.,"A",.,"A",.,"A",.,"A",.,"A",.,"A",.,"A",.,"A",180,"D",.,"A",.,"A"
"20103",2281302,40,0,"1",.,"A",.,"A",.,"A",.,"A",.,"A",.,"A",.,"A",.,"A",.,"A",.,"A",.,"A",.,"A",84,"D",.,"A",.,"A"
"20103",2281352,30,0,"1",.,"A",.,"A",.,"A",.,"A",.,"A",.,"A",.,"A",.,"A",.,"A",.,"A",.,"A",.,"A",.,"A",.,"A",.,"A"
"20103",2281393,50,0,"1",.,"A",.,"A",.,"A",.,"A",.,"A",100,"D",.,"A",.,"A",.,"A",0,"D",150,"D",0,"D",150,"D",0,"D",.,"A"
"20103",2281412,49,0,"1",.,"A",.,"A",.,"A",.,"A",.,"A",.,"A",.,"A",.,"A",.,"A",.,"A",.,"A",.,"A",.,"A",.,"A",.,"A"
"20103",2281442,56,0,"1",.,"A",.,"A",.,"A",.,"A",.,"A",100,"D",.,"A",.,"A",.,"A",.,"A",.,"A",.,"A",400,"D",.,"A",.,"A"
"20103",2281452,98,0,"1",.,"A",.,"A",.,"A",.,"A",.,"A",.,"A",650,"D",.,"A",.,"A",.,"A",.,"A",.,"A",135,"D",.,"A",.,"A"
"20103",2281493,51,0,"1",.,"A",.,"A",.,"A",.,"A",.,"A",.,"A",.,"A",.,"A",.,"A",.,"A",.,"A",.,"A",25,"D",.,"A",.,"A"
"20103",2281512,46,0,"1",.,"A",.,"A",.,"A",.,"A",.,"A",.,"A",.,"A",.,"A",.,"A",.,"A",.,"A",.,"A",18,"D",.,"A",.,"A"
"20103",2281543,40,0,"1",.,"A",.,"A",.,"A",.,"A",.,"A",.,"A",.,"A",.,"A",.,"A",.,"A",.,"A",.,"A",40,"D",.,"A",.,"A"
"20103",2281573,33,0,"1",.,"A",.,"A",.,"A",.,"A",.,"A",.,"A",.,"A",.,"A",.,"A",.,"A",.,"A",.,"A",.,"A",.,"A",.,"A"
"20103",2281583,46,0,"1",.,"A",.,"A",.,"A",.,"A",.,"A",.,"A",.,"A",.,"A",.,"A",.,"A",.,"A",.,"A",60,"D",.,"A",.,"A"
"20103",2281613,46,0,"1",.,"A",.,"A",.,"A",.,"A",.,"A",40,"D",.,"A",.,"A",.,"A",.,"A",.,"A",.,"A",.,"A",.,"A",.,"A"
"20103",2281623,61,0,"1",.,"A",.,"A",.,"A",.,"A",.,"A",.,"A",.,"A",.,"A",.,"A",.,"A",.,"A",.,"A",.,"A",.,"A",.,"A"
"20103",2281642,39,0,"1",.,"A",.,"A",.,"A",.,"A",10,"D",.,"A",130,"D",.,"A",.,"A",.,"A",.,"A",.,"A",20,"D",.,"A",.,"A"
"20103",2281654,31,0,"1",.,"A",.,"A",.,"A",.,"A",.,"A",.,"A",.,"A",.,"A",.,"A",.,"A",.,"A",.,"A",.,"A",.,"A",.,"A"
"20103",2281662,64,0,"1",.,"A",.,"A",.,"A",.,"A",.,"A",12,"D",130,"D",.,"A",.,"A",.,"A",.,"A",.,"A",50,"D",.,"A",.,"A"
"20103",2281683,49,0,"1",.,"A",.,"A",.,"A",.,"A",.,"A",.,"A",.,"A",260,"D",.,"A",.,"A",.,"A",.,"A",100,"D",.,"A",.,"A"
"20103",2281702,51,0,"1",.,"A",.,"A",.,"A",.,"A",.,"A",.,"A",.,"A",.,"A",.,"A",.,"A",.,"A",.,"A",51,"D",.,"A",.,"A"
"20103",2281743,49,0,"1",.,"A",.,"A",.,"A",.,"A",.,"A",.,"A",156,"D",.,"A",.,"A",.,"A",.,"A",.,"A",24,"D",.,"A",.,"A"
"20103",2281772,71,0,"1",.,"A",.,"A",.,"A",.,"A",.,"A",.,"A",.,"A",.,"A",.,"A",.,"A",.,"A",.,"A",.,"A",.,"A",.,"A"
"20103",2281783,42,0,"1",.,"A",.,"A",.,"A",.,"A",.,"A",.,"A",.,"A",.,"A",.,"A",.,"A",.,"A",.,"A",100,"D",.,"A",.,"A"
"20103",2281802,26,0,"1",.,"A",.,"A",.,"A",.,"A",.,"A",.,"A",.,"A",.,"A",.,"A",.,"A",.,"A",.,"A",.,"A",.,"A",.,"A"
"20103",2281833,51,0,"1",.,"A",.,"A",.,"A",.,"A",.,"A",.,"A",.,"A",.,"A",.,"A",.,"A",.,"A",.,"A",.,"A",.,"A",.,"A"
"20103",2281843,26,0,"1",.,"A",.,"A",.,"A",.,"A",.,"A",.,"A",.,"A",.,"A",.,"A",.,"A",.,"A",.,"A",.,"A",.,"A",.,"A"
"20103",2281852,34,0,"1",.,"A",.,"A",.,"A",.,"A",.,"A",.,"A",.,"A",.,"A",.,"A",.,"A",.,"A",.,"A",.,"A",.,"A",.,"A"
"20103",2281893,39,0,"1",.,"A",.,"A",.,"A",.,"A",.,"A",.,"A",.,"A",.,"A",.,"A",.,"A",.,"A",.,"A",.,"A",.,"A",.,"A"
"20103",2281903,74,0,"1",.,"A",.,"A",.,"A",.,"A",.,"A",.,"A",.,"A",.,"A",.,"A",.,"A",.,"A",.,"A",15,"D",.,"A",.,"A"
"20103",2281923,68,0,"1",.,"A",.,"A",.,"A",.,"A",.,"A",.,"A",.,"A",.,"A",.,"A",.,"A",.,"A",.,"A",40,"D",.,"A",.,"A"
"20103",2281934,90,0,"1",.,"A",.,"A",.,"A",.,"A",.,"A",.,"A",.,"A",.,"A",.,"A",.,"A",.,"A",.,"A",457,"D",.,"A",.,"A"
"20103",2281962,78,0,"1",.,"A",.,"A",.,"A",.,"A",.,"A",.,"A",.,"A",.,"A",.,"A",30,"D",0,"D",60,"D",80,"D",10,"D",.,"A"
"20103",2282013,48,0,"1",30,"D",.,"A",.,"A",.,"A",90,"D",.,"A",.,"A",.,"A",.,"A",0,"D",0,"D",99,"D",60,"D",0,"D",.,"A"
"20103",2282063,33,0,"1",.,"A",.,"A",.,"A",.,"A",.,"A",.,"A",.,"A",.,"A",.,"A",.,"A",.,"A",.,"A",.,"A",.,"A",.,"A"
"20103",2282103,32,0,"1",.,"A",.,"A",.,"A",.,"A",.,"A",.,"A",.,"A",.,"A",.,"A",.,"A",.,"A",.,"A",.,"A",.,"A",.,"A"
"20103",2282113,28,0,"1",.,"A",.,"A",.,"A",.,"A",60,"D",.,"A",156,"D",.,"A",.,"A",.,"A",.,"A",.,"A",.,"A",.,"A",.,"A"
"20103",2282123,35,0,"1",.,"A",.,"A",.,"A",.,"A",.,"A",.,"A",.,"A",.,"A",.,"A",.,"A",.,"A",.,"A",.,"A",.,"A",.,"A"
"20103",2282143,83,0,"1",.,"A",.,"A",.,"A",.,"A",.,"A",.,"A",.,"A",.,"A",.,"A",.,"A",.,"A",.,"A",.,"A",.,"A",.,"A"
"20103",2282242,57,0,"1",.,"A",.,"A",.,"A",.,"A",.,"A",.,"A",.,"A",.,"A",.,"A",.,"A",.,"A",.,"A",100,"D",.,"A",.,"A"
"20103",2282262,52,0,"1",.,"A",.,"A",.,"A",.,"A",.,"A",.,"A",.,"A",.,"A",.,"A",.,"A",.,"A",.,"A",285,"D",.,"A",.,"A"
"20103",2282272,57,0,"1",.,"A",.,"A",.,"A",25,"D",.,"A",200,"D",325,"D",.,"A",30,"D",.,"A",.,"A",.,"A",300,"D",.,"A",.,"A"
"20103",2282282,41,0,"1",.,"A",.,"A",.,"A",.,"A",.,"A",.,"A",.,"A",.,"A",.,"A",.,"A",.,"A",.,"A",9,"D",.,"A",.,"A"
"20103",2282292,44,0,"1",.,"A",.,"A",.,"A",.,"A",.,"A",.,"A",455,"D",.,"A",.,"A",.,"A",.,"A",.,"A",.,"A",.,"A",.,"A"
"20103",2282302,96,0,"1",.,"A",.,"A",.,"A",.,"A",.,"A",.,"A",.,"A",.,"A",90,"D",.,"A",.,"A",.,"A",35,"D",.,"A",.,"A"
"20103",2282333,69,0,"1",.,"A",.,"A",.,"A",.,"A",.,"A",.,"A",.,"A",.,"A",.,"A",.,"A",.,"A",.,"A",420,"D",.,"A",.,"A"
"20103",2282372,21,0,"1",5,"D",.,"A",.,"A",.,"A",40,"D",.,"A",.,"A",.,"A",.,"A",.,"A",.,"A",.,"A",.,"A",.,"A",.,"A"
"20103",2282402,27,0,"1",.,"A",.,"A",.,"A",.,"A",.,"A",.,"A",.,"A",.,"A",.,"A",3,"D",6,"D",3,"D",.,"A",1,"D",.,"A"
"20103",2282443,53,0,"1",.,"A",.,"A",.,"A",.,"A",.,"A",.,"A",.,"A",.,"A",.,"A",.,"A",.,"A",.,"A",.,"A",.,"A",.,"A"
"20103",2282462,91,0,"1",.,"A",.,"A",.,"A",.,"A",.,"A",15,"D",260,"D",.,"A",.,"A",.,"A",.,"A",.,"A",226,"D",.,"A",.,"A"
"20103",2282472,31,0,"1",.,"A",.,"A",.,"A",.,"A",30,"F",.,"A",.,"A",.,"A",.,"A",.,"A",.,"A",.,"A",.,"A",.,"A",.,"A"
"20103",2282493,44,0,"1",.,"A",.,"A",.,"A",.,"A",.,"A",.,"A",.,"A",.,"A",.,"A",.,"A",.,"A",.,"A",.,"A",.,"A",.,"A"
"20103",2282513,34,0,"1",.,"A",.,"A",.,"A",.,"A",.,"A",.,"A",.,"A",.,"A",.,"A",.,"A",.,"A",.,"A",45,"D",.,"A",.,"A"
"20103",2282523,75,0,"1",.,"A",.,"A",.,"A",.,"A",.,"A",.,"A",.,"A",.,"A",.,"A",.,"A",.,"A",.,"A",260,"D",.,"A",.,"A"
"20103",2282532,26,0,"1",.,"A",.,"A",.,"A",.,"A",.,"A",.,"A",.,"A",.,"A",.,"A",.,"A",.,"A",.,"A",.,"A",.,"A",.,"A"
"20103",2282543,31,0,"1",.,"A",.,"A",.,"A",.,"A",.,"A",.,"A",.,"A",.,"A",.,"A",.,"A",.,"A",.,"A",.,"A",.,"A",.,"A"
"20103",2282552,63,0,"1",.,"A",.,"A",.,"A",.,"A",.,"A",.,"A",.,"A",.,"A",.,"A",.,"A",.,"A",.,"A",20,"D",.,"A",.,"A"
"20103",2282573,62,0,"1",.,"A",.,"A",.,"A",.,"A",.,"A",.,"A",.,"A",.,"A",.,"A",1191,"D",0,"D",0,"D",60,"D",397,"D",.,"A"
"20103",2282593,66,0,"1",.,"A",.,"A",.,"A",.,"A",.,"A",.,"A",.,"A",.,"A",.,"A",.,"A",.,"A",.,"A",100,"D",.,"A",.,"A"
"20103",2282603,41,0,"1",.,"A",.,"A",.,"A",.,"A",320,"D",.,"A",520,"D",.,"A",.,"A",.,"A",.,"A",.,"A",.,"A",.,"A",.,"A"
"20103",2282623,30,0,"1",.,"A",.,"A",.,"A",.,"A",.,"A",.,"A",.,"A",.,"A",.,"A",.,"A",.,"A",.,"A",.,"A",.,"A",.,"A"
"20103",2282672,44,0,"1",.,"A",.,"A",.,"A",.,"A",.,"A",.,"A",.,"A",.,"A",.,"A",.,"A",.,"A",.,"A",100,"D",.,"A",.,"A"
"20103",2282692,49,0,"1",.,"A",.,"A",.,"A",.,"A",.,"A",40,"D",.,"A",.,"A",.,"A",.,"A",.,"A",.,"A",30,"D",.,"A",.,"A"
"20103",2282713,23,0,"1",.,"A",.,"A",.,"A",.,"A",20,"D",.,"A",.,"A",39,"D",.,"A",.,"A",.,"A",.,"A",.,"A",.,"A",.,"A"
"20103",2282722,83,0,"1",.,"A",.,"A",.,"A",.,"A",.,"A",.,"A",.,"A",.,"A",60,"D",.,"A",.,"A",.,"A",75,"D",.,"A",.,"A"
"20103",2282743,61,0,"1",.,"A",.,"A",.,"A",.,"A",.,"A",.,"A",.,"A",.,"A",.,"A",.,"A",.,"A",.,"A",55,"D",.,"A",.,"A"
"20103",2282752,30,0,"1",.,"A",.,"A",.,"A",40,"D",.,"A",.,"A",.,"A",.,"A",.,"A",0,"D",0,"D",177,"D",.,"A",0,"D",.,"A"
"20103",2282773,63,0,"1",.,"A",.,"A",.,"A",.,"A",.,"A",.,"A",.,"A",.,"A",.,"A",.,"A",.,"A",.,"A",50,"D",.,"A",.,"A"
"20103",2282883,43,0,"1",.,"A",.,"A",.,"A",.,"A",.,"A",.,"A",.,"A",.,"A",.,"A",.,"A",.,"A",.,"A",20,"D",.,"A",.,"A"
"20103",2282913,88,0,"1",.,"A",.,"A",.,"A",.,"A",.,"A",.,"A",.,"A",.,"A",.,"A",.,"A",.,"A",.,"A",.,"A",.,"A",.,"A"
"20103",2282943,54,0,"1",.,"A",.,"A",.,"A",.,"A",.,"A",.,"A",221,"D",.,"A",.,"A",.,"A",.,"A",.,"A",24,"D",.,"A",.,"A"
"20103",2283023,41,0,"1",.,"A",.,"A",.,"A",.,"A",.,"A",.,"A",.,"A",.,"A",.,"A",.,"A",.,"A",.,"A",100,"D",.,"A",.,"A"
"20103",2283032,47,0,"1",.,"A",.,"A",.,"A",.,"A",.,"A",.,"A",.,"A",.,"A",30,"D",.,"A",.,"A",.,"A",35,"D",.,"A",.,"A"
"20103",2283052,32,0,"1",.,"A",.,"A",.,"A",.,"A",.,"A",.,"A",195,"F",.,"A",.,"A",.,"A",.,"A",.,"A",.,"A",.,"A",.,"A"
"20103",2283073,64,0,"1",.,"A",.,"A",.,"A",.,"A",.,"A",.,"A",.,"A",.,"A",.,"A",.,"A",.,"A",.,"A",160,"D",.,"A",.,"A"
"20103",2283103,43,0,"1",.,"A",.,"A",.,"A",.,"A",.,"A",.,"A",.,"A",.,"A",.,"A",.,"A",.,"A",.,"A",.,"A",.,"A",.,"A"
"20103",2283113,71,0,"1",.,"A",.,"A",.,"A",.,"A",.,"A",.,"A",3900,"D",.,"A",.,"A",.,"A",.,"A",.,"A",50,"D",.,"A",.,"A"
"20103",2283123,46,0,"1",.,"A",.,"A",.,"A",.,"A",.,"A",.,"A",.,"A",.,"A",.,"A",.,"A",.,"A",.,"A",105,"D",.,"A",.,"A"
"20103",2283152,26,0,"1",30,"D",.,"A",.,"A",.,"A",210,"D",240,"D",.,"A",.,"A",.,"A",.,"A",.,"A",.,"A",112,"D",.,"A",.,"A"
"20103",2283183,39,0,"1",.,"A",.,"A",.,"A",.,"A",.,"A",.,"A",728,"D",.,"A",.,"A",.,"A",.,"A",.,"A",.,"A",.,"A",.,"A"
"20103",2283212,38,0,"1",.,"A",.,"A",.,"A",.,"A",60,"D",.,"A",.,"A",.,"A",.,"A",.,"A",.,"A",.,"A",60,"D",.,"A",.,"A"
"20103",2283232,68,0,"1",.,"A",.,"A",.,"A",.,"A",.,"A",.,"A",.,"A",.,"A",.,"A",0,"D",0,"D",30,"D",.,"A",0,"D",.,"A"
"20103",2283272,60,0,"1",.,"A",.,"A",.,"A",.,"A",.,"A",.,"A",.,"A",.,"A",.,"A",.,"A",.,"A",.,"A",10,"D",.,"A",.,"A"
"20103",2283333,48,0,"1",.,"A",.,"A",.,"A",.,"A",.,"A",.,"A",.,"A",.,"A",.,"A",.,"A",.,"A",.,"A",30,"D",.,"A",.,"A"
"20103",2283353,33,0,"1",.,"A",.,"A",.,"A",.,"A",.,"A",.,"A",.,"A",.,"A",36,"D",.,"A",.,"A",.,"A",75,"D",.,"A",.,"A"
"20103",2283373,62,0,"1",.,"A",.,"A",.,"A",.,"A",.,"A",.,"A",377,"D",.,"A",.,"A",.,"A",.,"A",.,"A",30,"D",.,"A",.,"A"
"20103",2283413,35,0,"1",.,"A",.,"A",.,"A",.,"A",.,"A",.,"A",.,"A",.,"A",.,"A",.,"A",.,"A",.,"A",.,"A",.,"A",.,"A"
"20103",2283423,33,0,"1",.,"A",.,"A",.,"A",.,"A",.,"A",.,"A",.,"A",.,"A",15,"D",.,"A",.,"A",.,"A",.,"A",.,"A",.,"A"
"20103",2283443,45,0,"1",.,"A",.,"A",.,"A",.,"A",.,"A",.,"A",.,"A",.,"A",.,"A",.,"A",.,"A",.,"A",40,"D",.,"A",.,"A"
"20103",2283462,42,0,"1",.,"A",.,"A",.,"A",.,"A",.,"A",.,"A",.,"A",.,"A",.,"A",.,"A",.,"A",.,"A",.,"A",.,"A",.,"A"
"20103",2283493,39,0,"1",.,"A",.,"A",.,"A",.,"A",156,"D",.,"A",.,"A",.,"A",.,"A",.,"A",.,"A",.,"A",15,"D",.,"A",.,"A"
"20103",2283502,43,0,"1",.,"A",.,"A",.,"A",.,"A",.,"A",.,"A",.,"A",.,"A",.,"A",.,"A",.,"A",.,"A",.,"A",.,"A",.,"A"
"20103",2283512,52,0,"1",40,"D",.,"A",.,"A",.,"A",80,"D",400,"D",.,"A",.,"A",.,"A",.,"A",.,"A",.,"A",645,"D",.,"A",.,"A"
"20103",2283564,36,0,"1",.,"A",.,"A",.,"A",.,"A",.,"A",.,"A",.,"A",.,"A",.,"A",.,"A",.,"A",.,"A",.,"A",.,"A",.,"A"
"20103",2283593,35,0,"1",8,"D",.,"A",.,"A",.,"A",22,"D",.,"A",.,"A",.,"A",.,"A",.,"A",.,"A",.,"A",.,"A",.,"A",.,"A"
"20103",2283602,43,0,"1",.,"A",.,"A",.,"A",.,"A",.,"A",.,"A",.,"A",.,"A",.,"A",.,"A",.,"A",.,"A",.,"A",.,"A",.,"A"
"20103",2283662,57,0,"1",.,"A",.,"A",.,"A",.,"A",.,"A",.,"A",.,"A",.,"A",.,"A",.,"A",.,"A",.,"A",.,"A",.,"A",.,"A"
"20103",2283672,39,0,"1",.,"A",.,"A",.,"A",.,"A",.,"A",.,"A",260,"D",.,"A",.,"A",0,"D",0,"D",9,"D",30,"D",0,"D",.,"A"
"20103",2283683,65,0,"1",.,"A",.,"A",.,"A",.,"A",.,"A",193,"D",.,"A",.,"A",.,"A",.,"A",.,"A",.,"A",209,"D",.,"A",.,"A"
"20103",2283723,63,0,"1",.,"A",.,"A",.,"A",.,"A",.,"A",.,"A",.,"A",.,"A",.,"A",.,"A",.,"A",.,"A",222,"D",.,"A",.,"A"
"20103",2283752,39,0,"1",.,"A",.,"A",.,"A",.,"A",120,"D",.,"A",.,"A",.,"A",207,"D",.,"A",.,"A",.,"A",.,"A",.,"A",.,"A"
"20103",2283763,30,0,"1",.,"A",.,"A",.,"A",.,"A",.,"A",.,"A",585,"D",.,"A",.,"A",.,"A",.,"A",.,"A",45,"D",.,"A",.,"A"
"20103",2283793,43,0,"1",.,"A",.,"A",.,"A",.,"A",.,"A",.,"A",.,"A",.,"A",.,"A",.,"A",.,"A",.,"A",360,"D",.,"A",.,"A"
"20103",2283802,62,0,"1",.,"A",.,"A",.,"A",.,"A",.,"A",180,"D",.,"A",.,"A",.,"A",450,"D",0,"D",0,"D",80,"D",150,"D",90,"F"
"20103",2283813,76,0,"1",20,"D",.,"A",.,"A",.,"A",0,"D",.,"A",.,"A",.,"A",.,"A",.,"A",.,"A",.,"A",30,"D",.,"A",.,"A"
"20103",2283823,39,0,"1",.,"A",.,"A",.,"A",.,"A",.,"A",.,"A",.,"A",.,"A",.,"A",.,"A",.,"A",.,"A",.,"A",.,"A",.,"A"
"20103",2283832,57,0,"1",.,"A",.,"A",.,"A",.,"A",.,"A",.,"A",.,"A",.,"A",.,"A",.,"A",.,"A",.,"A",156,"D",.,"A",.,"A"
"20103",2283842,71,0,"1",.,"A",.,"A",.,"A",.,"A",.,"A",.,"A",.,"A",.,"A",.,"A",.,"A",.,"A",.,"A",40,"D",.,"A",.,"A"
"20103",2283892,22,0,"1",.,"A",.,"A",.,"A",.,"A",.,"A",.,"A",325,"D",.,"A",.,"A",.,"A",.,"A",.,"A",.,"A",.,"A",.,"A"
"20103",2283923,58,0,"1",.,"A",.,"A",.,"A",.,"A",.,"A",74,"D",.,"A",.,"A",.,"A",.,"A",.,"A",.,"A",90,"D",.,"A",.,"A"
"20103",2283962,36,0,"1",.,"A",.,"A",.,"A",.,"A",.,"A",.,"A",260,"D",.,"A",.,"A",.,"A",.,"A",.,"A",70,"D",.,"A",.,"A"
"20103",2283973,54,0,"1",.,"A",.,"A",.,"A",.,"A",.,"A",.,"A",.,"A",.,"A",.,"A",.,"A",.,"A",.,"A",95,"D",.,"A",.,"A"
"20103",2283982,50,0,"1",.,"A",.,"A",.,"A",.,"A",.,"A",.,"A",1300,"D",.,"A",.,"A",.,"A",.,"A",.,"A",.,"A",.,"A",.,"A"
"20103",2283992,51,0,"1",.,"A",.,"A",.,"A",20,"D",15,"F",16,"F",.,"A",.,"A",.,"A",.,"A",.,"A",.,"A",20,"D",.,"A",.,"A"
"20103",2284022,58,0,"1",.,"A",.,"A",.,"A",.,"A",.,"A",.,"A",520,"D",.,"A",.,"A",.,"A",.,"A",.,"A",90,"D",.,"A",.,"A"
"20103",2284042,81,0,"1",.,"A",.,"A",.,"A",.,"A",.,"A",.,"A",.,"A",.,"A",.,"A",.,"A",.,"A",.,"A",16,"D",.,"A",.,"A"
"20103",2284062,51,0,"1",.,"A",.,"A",.,"A",.,"A",.,"A",.,"A",.,"A",.,"A",90,"D",.,"A",.,"A",.,"A",46,"D",.,"A",.,"A"
"20103",2284082,65,0,"1",.,"A",.,"A",.,"A",.,"A",.,"A",.,"A",.,"A",.,"A",.,"A",.,"A",.,"A",.,"A",300,"D",.,"A",.,"A"
"20103",2284163,24,0,"1",.,"A",.,"A",.,"A",.,"A",.,"A",.,"A",.,"A",.,"A",.,"A",.,"A",.,"A",.,"A",.,"A",.,"A",.,"A"
"20103",2284194,37,0,"1",.,"A",.,"A",.,"A",.,"A",.,"A",.,"A",.,"A",.,"A",.,"A",.,"A",.,"A",.,"A",.,"A",.,"A",.,"A"
"20103",2284212,39,0,"1",.,"A",.,"A",.,"A",.,"A",.,"A",.,"A",.,"A",.,"A",.,"A",.,"A",.,"A",.,"A",.,"A",.,"A",.,"A"
"20103",2284222,36,0,"1",.,"A",.,"A",.,"A",.,"A",55,"D",.,"A",.,"A",.,"A",.,"A",.,"A",.,"A",.,"A",.,"A",.,"A",.,"A"
"20103",2284233,57,0,"1",.,"A",.,"A",.,"A",.,"A",.,"A",.,"A",260,"D",.,"A",.,"A",.,"A",.,"A",.,"A",.,"A",.,"A",.,"A"
"20103",2284243,60,0,"1",.,"A",.,"A",.,"A",.,"A",.,"A",.,"A",.,"A",.,"A",.,"A",.,"A",.,"A",.,"A",42,"D",.,"A",.,"A"
"20103",2284302,46,0,"1",.,"A",.,"A",.,"A",.,"A",.,"A",.,"A",.,"A",.,"A",.,"A",.,"A",.,"A",.,"A",30,"D",.,"A",.,"A"
"20103",2284313,96,0,"1",.,"A",.,"A",.,"A",.,"A",.,"A",80,"D",.,"A",.,"A",60,"D",.,"A",.,"A",.,"A",925,"D",.,"A",.,"A"
"20103",2284333,26,0,"1",.,"A",.,"A",.,"A",.,"A",.,"A",.,"A",.,"A",.,"A",.,"A",.,"A",.,"A",.,"A",.,"A",.,"A",.,"A"
"20103",2284373,37,0,"1",6,"D",.,"A",.,"A",96,"D",19,"D",.,"A",312,"D",.,"A",36,"D",75,"D",0,"D",0,"D",20,"D",25,"D",.,"A"
"20103",2284395,40,0,"1",.,"A",.,"A",.,"A",60,"D",.,"A",.,"A",.,"A",.,"A",.,"A",.,"A",.,"A",.,"A",800,"D",.,"A",.,"A"
"20103",2284412,79,0,"1",.,"A",.,"A",.,"A",.,"A",.,"A",.,"A",.,"A",.,"A",30,"D",.,"A",.,"A",.,"A",30,"D",.,"A",.,"A"
"20103",2284432,49,0,"1",.,"A",.,"A",.,"A",.,"A",.,"A",.,"A",.,"A",.,"A",.,"A",.,"A",.,"A",.,"A",.,"A",.,"A",.,"A"
"20103",2284443,31,0,"1",.,"A",.,"A",.,"A",.,"A",.,"A",.,"A",.,"A",.,"A",.,"A",.,"A",.,"A",.,"A",30,"D",.,"A",.,"A"
"20103",2284452,62,0,"1",.,"A",.,"A",.,"A",.,"A",.,"A",.,"A",.,"A",.,"A",135,"D",420,"D",0,"D",0,"D",32,"D",140,"D",.,"A"
"20103",2284472,51,0,"1",.,"A",.,"A",.,"A",.,"A",.,"A",.,"A",.,"A",325,"D",.,"A",.,"A",.,"A",.,"A",.,"A",.,"A",.,"A"
"20103",2284493,49,0,"1",.,"A",.,"A",.,"A",.,"A",.,"A",.,"A",.,"A",.,"A",.,"A",.,"A",.,"A",.,"A",.,"A",.,"A",.,"A"
"20103",2284622,63,0,"1",.,"A",.,"A",.,"A",.,"A",.,"A",95,"D",.,"A",.,"A",.,"A",.,"A",.,"A",.,"A",210,"D",.,"A",.,"A"
"20103",2284643,35,0,"1",.,"A",.,"A",.,"A",.,"A",.,"A",.,"A",.,"A",130,"D",.,"A",.,"A",.,"A",.,"A",.,"A",.,"A",.,"A"
"20103",2284723,47,0,"1",.,"A",.,"A",.,"A",.,"A",.,"A",.,"A",.,"A",.,"A",.,"A",.,"A",.,"A",.,"A",30,"D",.,"A",.,"A"
"20103",2284743,47,0,"1",.,"A",.,"A",.,"A",.,"A",60,"D",.,"A",.,"A",.,"A",.,"A",.,"A",.,"A",.,"A",.,"A",.,"A",.,"A"
"20103",2284803,27,0,"1",.,"A",.,"A",.,"A",.,"A",.,"A",.,"A",.,"A",.,"A",.,"A",.,"A",.,"A",.,"A",.,"A",.,"A",.,"A"
"20103",2284842,40,0,"1",.,"A",.,"A",.,"A",.,"A",.,"A",.,"A",.,"A",.,"A",.,"A",.,"A",.,"A",.,"A",72,"D",.,"A",.,"A"
"20103",2284853,37,0,"1",.,"A",.,"A",.,"A",.,"A",.,"A",.,"A",.,"A",.,"A",.,"A",.,"A",.,"A",.,"A",30,"D",.,"A",.,"A"
"20103",2284893,28,0,"1",.,"A",.,"A",.,"A",.,"A",.,"A",.,"A",.,"A",.,"A",.,"A",.,"A",.,"A",.,"A",.,"A",.,"A",.,"A"
"20103",2284912,53,0,"1",.,"A",.,"A",.,"A",.,"A",.,"A",300,"D",.,"A",.,"A",.,"A",.,"A",.,"A",.,"A",150,"D",.,"A",.,"A"
"20103",2284922,40,0,"1",.,"A",.,"A",.,"A",.,"A",.,"A",.,"A",.,"A",.,"A",.,"A",.,"A",.,"A",.,"A",.,"A",.,"A",.,"A"
"20103",2284952,78,0,"1",.,"A",.,"A",.,"A",.,"A",.,"A",30,"D",.,"A",.,"A",.,"A",.,"A",.,"A",.,"A",50,"D",.,"A",.,"A"
"20103",2284963,58,0,"1",.,"A",.,"A",.,"A",.,"A",.,"A",.,"A",.,"A",.,"A",.,"A",.,"A",.,"A",.,"A",30,"D",.,"A",.,"A"
"20103",2284973,60,0,"1",.,"A",.,"A",.,"A",.,"A",.,"A",240,"D",.,"A",.,"A",.,"A",.,"A",.,"A",.,"A",60,"D",.,"A",.,"A"
"20103",2285013,52,0,"1",.,"A",.,"A",.,"A",60,"D",.,"A",150,"D",.,"A",.,"A",.,"A",60,"D",0,"D",0,"D",100,"D",20,"D",120,"D"
"20103",2285023,54,0,"1",.,"A",.,"A",.,"A",70,"D",.,"A",.,"A",.,"A",.,"A",30,"D",.,"A",.,"A",.,"A",175,"D",.,"A",.,"A"
"20103",2285035,26,0,"1",.,"A",.,"A",.,"A",.,"A",28,"F",.,"A",.,"A",.,"A",.,"A",.,"A",.,"A",.,"A",.,"A",.,"A",.,"A"
"20103",2285043,50,0,"1",.,"A",.,"A",.,"A",450,"D",120,"D",.,"A",.,"A",.,"A",.,"A",0,"D",0,"D",240,"D",.,"A",0,"D",.,"A"
"20103",2285055,66,0,"1",.,"A",.,"A",.,"A",.,"A",.,"A",.,"A",260,"D",975,"D",.,"A",.,"A",.,"A",.,"A",.,"A",.,"A",.,"A"
"20103",2285062,28,0,"1",.,"A",.,"A",.,"A",.,"A",.,"A",.,"A",.,"A",.,"A",.,"A",.,"A",.,"A",.,"A",.,"A",.,"A",.,"A"
"20103",2285073,45,0,"1",.,"A",.,"A",.,"A",.,"A",.,"A",.,"A",.,"A",.,"A",.,"A",.,"A",.,"A",.,"A",.,"A",.,"A",.,"A"
"20103",2285092,51,0,"1",.,"A",.,"A",.,"A",.,"A",.,"A",.,"A",.,"A",.,"A",.,"A",.,"A",.,"A",.,"A",.,"A",.,"A",.,"A"
"20103",2285112,51,0,"1",.,"A",.,"A",.,"A",.,"A",.,"A",.,"A",.,"A",.,"A",.,"A",.,"A",.,"A",.,"A",30,"D",.,"A",.,"A"
"20103",2285122,24,0,"1",.,"A",.,"A",.,"A",200,"D",.,"A",.,"A",.,"A",.,"A",.,"A",.,"A",.,"A",.,"A",25,"D",.,"A",.,"A"
"20103",2285133,73,0,"1",.,"A",.,"A",.,"A",.,"A",.,"A",.,"A",.,"A",.,"A",.,"A",60,"D",60,"D",0,"D",100,"D",20,"D",.,"A"
"20103",2285183,66,0,"1",.,"A",.,"A",.,"A",.,"A",.,"A",40,"D",.,"A",.,"A",.,"A",.,"A",.,"A",.,"A",140,"D",.,"A",.,"A"
"20103",2285203,48,0,"1",.,"A",.,"A",.,"A",.,"A",.,"A",.,"A",.,"A",.,"A",.,"A",.,"A",.,"A",.,"A",.,"A",.,"A",.,"A"
"20103",2285212,28,0,"1",.,"A",.,"A",.,"A",.,"A",.,"A",.,"A",.,"A",.,"A",.,"A",.,"A",.,"A",.,"A",.,"A",.,"A",.,"A"
"20103",2285223,65,0,"1",.,"A",.,"A",.,"A",.,"A",.,"A",.,"A",260,"D",.,"A",.,"A",.,"A",.,"A",.,"A",.,"A",.,"A",.,"A"
"20103",2285233,49,0,"1",.,"A",.,"A",.,"A",40,"D",.,"A",40,"D",.,"A",520,"D",36,"D",0,"D",0,"D",30,"D",100,"D",0,"D",.,"A"
"20103",2285303,64,0,"1",.,"A",.,"A",.,"A",.,"A",.,"A",.,"A",195,"D",.,"A",60,"D",.,"A",.,"A",.,"A",140,"D",.,"A",.,"A"
"20103",2285322,61,0,"1",.,"A",.,"A",.,"A",.,"A",60,"D",20,"D",975,"D",.,"A",.,"A",.,"A",.,"A",.,"A",80,"D",.,"A",.,"A"
"20103",2285362,36,0,"1",.,"A",.,"A",.,"A",.,"A",.,"A",.,"A",.,"A",.,"A",.,"A",.,"A",.,"A",.,"A",100,"D",.,"A",.,"A"
"20103",2285382,59,0,"1",80,"D",.,"A",.,"A",.,"A",100,"D",.,"A",.,"A",.,"A",15,"D",.,"A",.,"A",.,"A",120,"D",.,"A",.,"A"
"20103",2285392,37,0,"1",.,"A",.,"A",.,"A",.,"A",.,"A",100,"D",.,"A",.,"A",.,"A",.,"A",.,"A",.,"A",40,"D",.,"A",.,"A"
"20103",2285413,57,0,"1",.,"A",.,"A",.,"A",.,"A",.,"A",.,"A",.,"A",.,"A",.,"A",.,"A",.,"A",.,"A",.,"A",.,"A",.,"A"
"20103",2285433,81,0,"1",.,"A",.,"A",.,"A",.,"A",.,"A",.,"A",.,"A",.,"A",.,"A",.,"A",.,"A",.,"A",80,"D",.,"A",.,"A"
"20103",2285453,37,0,"1",.,"A",.,"A",.,"A",.,"A",.,"A",.,"A",.,"A",.,"A",.,"A",.,"A",.,"A",.,"A",.,"A",.,"A",.,"A"
"20103",2285473,56,0,"1",.,"A",.,"A",.,"A",.,"A",.,"A",.,"A",.,"A",.,"A",15,"D",.,"A",.,"A",.,"A",.,"A",.,"A",.,"A"
"20103",2285512,35,0,"1",.,"A",.,"A",.,"A",.,"A",.,"A",.,"A",.,"A",.,"A",.,"A",.,"A",.,"A",.,"A",.,"A",.,"A",.,"A"
"20103",2285522,55,0,"1",.,"A",.,"A",.,"A",.,"A",.,"A",.,"A",.,"A",.,"A",.,"A",.,"A",.,"A",.,"A",200,"D",.,"A",.,"A"
"20103",2285553,56,0,"1",.,"A",.,"A",.,"A",.,"A",.,"A",.,"A",.,"A",.,"A",15,"D",.,"A",.,"A",.,"A",.,"A",.,"A",.,"A"
"20103",2285564,74,0,"1",.,"A",.,"A",225,"D",.,"A",.,"A",.,"A",.,"A",130,"D",9,"D",300,"D",0,"D",0,"D",120,"D",100,"D",.,"A"
"20103",2285573,49,0,"1",.,"A",.,"A",.,"A",.,"A",.,"A",.,"A",.,"A",.,"A",.,"A",.,"A",.,"A",.,"A",20,"D",.,"A",.,"A"
"20103",2285582,66,0,"1",.,"A",.,"A",.,"A",.,"A",.,"A",.,"A",.,"A",.,"A",6,"D",.,"A",.,"A",.,"A",40,"D",.,"A",.,"A"
"20103",2285593,44,0,"1",.,"A",.,"A",.,"A",.,"A",.,"A",60,"D",195,"D",.,"A",.,"A",.,"A",.,"A",.,"A",60,"D",.,"A",.,"A"
"20103",2285632,27,0,"1",.,"A",.,"A",.,"A",.,"A",60,"D",.,"A",.,"A",.,"A",.,"A",.,"A",.,"A",.,"A",20,"D",.,"A",.,"A"
"20103",2285662,24,0,"1",.,"A",.,"A",.,"A",480,"D",128,"D",.,"A",390,"D",.,"A",.,"A",.,"A",.,"A",.,"A",.,"A",.,"A",.,"A"
"20103",2285703,85,0,"1",.,"A",.,"A",.,"A",.,"A",.,"A",.,"A",.,"A",.,"A",6,"D",0,"D",0,"D",360,"D",35,"D",0,"D",.,"A"
"20103",2285783,36,0,"1",.,"A",.,"A",.,"A",.,"A",.,"A",.,"A",.,"A",.,"A",.,"A",.,"A",.,"A",.,"A",.,"A",.,"A",.,"A"
"20103",2285793,44,0,"1",.,"A",.,"A",.,"A",.,"A",.,"A",.,"A",.,"A",.,"A",.,"A",612,"D",0,"D",0,"D",100,"D",204,"D",.,"A"
"20103",2285803,58,0,"1",.,"A",.,"A",.,"A",.,"A",.,"A",.,"A",.,"A",.,"A",.,"A",.,"A",.,"A",.,"A",.,"A",.,"A",.,"A"
"20103",2285833,45,0,"1",.,"A",.,"A",.,"A",.,"A",.,"A",.,"A",.,"A",.,"A",.,"A",.,"A",.,"A",.,"A",30,"D",.,"A",.,"A"
"20103",2285843,37,0,"1",.,"A",.,"A",.,"A",.,"A",.,"A",.,"A",.,"A",.,"A",18,"D",.,"A",.,"A",.,"A",.,"A",.,"A",.,"A"
"20103",2285852,41,0,"1",.,"A",.,"A",.,"A",.,"A",.,"A",.,"A",.,"A",.,"A",.,"A",.,"A",.,"A",.,"A",20,"D",.,"A",.,"A"
"20103",2285882,69,0,"1",.,"A",.,"A",.,"A",.,"A",.,"A",.,"A",.,"A",.,"A",.,"A",.,"A",.,"A",.,"A",.,"A",.,"A",.,"A"
"20103",2285912,31,0,"1",.,"A",.,"A",.,"A",.,"A",.,"A",.,"A",234,"D",.,"A",30,"D",.,"A",.,"A",.,"A",.,"A",.,"A",.,"A"
"20103",2285932,57,0,"1",.,"A",.,"A",.,"A",.,"A",.,"A",.,"A",.,"A",.,"A",.,"A",.,"A",.,"A",.,"A",220,"D",.,"A",.,"A"
"20103",2285973,41,0,"1",.,"A",.,"A",.,"A",.,"A",.,"A",.,"A",.,"A",.,"A",.,"A",.,"A",.,"A",.,"A",.,"A",.,"A",.,"A"
"20103",2285983,38,0,"1",10,"D",.,"A",.,"A",.,"A",20,"D",.,"A",.,"A",.,"A",.,"A",0,"D",0,"D",0,"D",.,"A",0,"D",.,"A"
"20103",2286023,41,0,"1",.,"A",.,"A",.,"A",.,"A",.,"A",.,"A",.,"A",.,"A",.,"A",.,"A",.,"A",.,"A",.,"A",.,"A",.,"A"
"20103",2286032,52,0,"1",.,"A",.,"A",.,"A",.,"A",.,"A",.,"A",260,"D",.,"A",.,"A",.,"A",.,"A",.,"A",540,"D",.,"A",.,"A"
"20103",2286052,66,0,"1",.,"A",.,"A",.,"A",.,"A",.,"A",150,"D",.,"A",.,"A",.,"A",.,"A",.,"A",.,"A",1545,"D",.,"A",.,"A"
"20103",2286073,41,0,"1",.,"A",.,"A",.,"A",.,"A",280,"D",.,"A",.,"A",.,"A",.,"A",.,"A",.,"A",.,"A",.,"A",.,"A",.,"A"
"20103",2286092,28,0,"1",.,"A",.,"A",.,"A",.,"A",.,"A",.,"A",.,"A",.,"A",.,"A",.,"A",.,"A",.,"A",15,"D",.,"A",.,"A"
"20103",2286102,41,0,"1",.,"A",.,"A",.,"A",.,"A",.,"A",.,"A",910,"D",.,"A",.,"A",.,"A",.,"A",.,"A",18,"D",.,"A",.,"A"
"20103",2286122,41,0,"1",.,"A",.,"A",.,"A",.,"A",.,"A",.,"A",.,"A",780,"D",.,"A",.,"A",.,"A",.,"A",.,"A",.,"A",.,"A"
"20103",2286154,40,0,"1",.,"A",.,"A",.,"A",.,"A",.,"A",.,"A",.,"A",.,"A",.,"A",.,"A",.,"A",.,"A",.,"A",.,"A",.,"A"
"20103",2286175,40,0,"1",.,"A",.,"A",.,"A",.,"A",.,"A",.,"A",.,"A",.,"A",.,"A",.,"A",.,"A",.,"A",100,"D",.,"A",.,"A"
"20103",2286182,35,0,"1",.,"A",.,"A",.,"A",.,"A",90,"D",.,"A",.,"A",.,"A",.,"A",.,"A",.,"A",.,"A",70,"D",.,"A",.,"A"
"20103",2286223,51,0,"1",.,"A",.,"A",.,"A",.,"A",.,"A",.,"A",.,"A",.,"A",21,"D",.,"A",.,"A",.,"A",95,"D",.,"A",.,"A"
"20103",2286232,55,0,"1",.,"A",.,"A",.,"A",.,"A",.,"A",.,"A",.,"A",.,"A",.,"A",.,"A",.,"A",.,"A",15,"D",.,"A",.,"A"
"20103",2286242,34,0,"1",.,"A",.,"A",.,"A",.,"A",.,"A",.,"A",.,"A",.,"A",.,"A",.,"A",.,"A",.,"A",.,"A",.,"A",.,"A"
"20103",2286303,41,0,"1",.,"A",.,"A",.,"A",.,"A",7,"D",.,"A",.,"A",.,"A",.,"A",.,"A",.,"A",.,"A",.,"A",.,"A",.,"A"
"20103",2286322,58,0,"1",.,"A",.,"A",.,"A",.,"A",.,"A",.,"A",.,"A",.,"A",.,"A",.,"A",.,"A",.,"A",70,"D",.,"A",.,"A"
"20103",2286332,74,0,"1",.,"A",.,"A",.,"A",.,"A",.,"A",.,"A",.,"A",.,"A",15,"D",.,"A",.,"A",.,"A",606,"D",.,"A",.,"A"
"20103",2286343,41,0,"1",.,"A",.,"A",.,"A",.,"A",.,"A",.,"A",.,"A",.,"A",.,"A",.,"A",.,"A",.,"A",240,"D",.,"A",.,"A"
"20103",2286363,59,0,"1",.,"A",.,"A",.,"A",.,"A",210,"D",14,"D",.,"A",.,"A",.,"A",.,"A",.,"A",.,"A",85,"D",.,"A",.,"A"
"20103",2286383,72,0,"1",.,"A",.,"A",.,"A",.,"A",.,"A",.,"A",.,"A",65,"D",.,"A",.,"A",.,"A",.,"A",250,"D",.,"A",.,"A"
"20103",2286402,26,0,"1",.,"A",.,"A",.,"A",.,"A",100,"D",.,"A",455,"D",.,"A",.,"A",0,"D",6,"D",30,"D",40,"D",0,"D",.,"A"
"20103",2286435,62,0,"1",.,"A",.,"A",.,"A",.,"A",.,"A",.,"A",260,"D",.,"A",.,"A",.,"A",.,"A",.,"A",.,"A",.,"A",.,"A"
"20103",2286452,35,0,"1",.,"A",.,"A",.,"A",.,"A",.,"A",.,"A",.,"A",.,"A",.,"A",.,"A",.,"A",.,"A",40,"D",.,"A",.,"A"
"20103",2286463,55,0,"1",.,"A",.,"A",.,"A",.,"A",.,"A",.,"A",.,"A",.,"A",.,"A",.,"A",.,"A",.,"A",60,"D",.,"A",.,"A"
"20103",2286473,41,0,"1",.,"A",.,"A",.,"A",.,"A",.,"A",.,"A",.,"A",.,"A",.,"A",.,"A",.,"A",.,"A",150,"D",.,"A",.,"A"
"20103",2286523,36,0,"1",.,"A",.,"A",.,"A",.,"A",.,"A",.,"A",.,"A",.,"A",.,"A",.,"A",.,"A",.,"A",.,"A",.,"A",.,"A"
"20103",2286533,73,0,"1",.,"A",.,"A",.,"A",100,"D",70,"D",.,"A",182,"D",130,"D",120,"D",.,"A",.,"A",.,"A",100,"D",.,"A",.,"A"
"20103",2286552,28,0,"1",.,"A",.,"A",.,"A",.,"A",15,"D",.,"A",.,"A",.,"A",.,"A",.,"A",.,"A",.,"A",.,"A",.,"A",.,"A"
"20103",2286592,55,0,"1",.,"A",.,"A",.,"A",.,"A",.,"A",.,"A",.,"A",.,"A",.,"A",.,"A",.,"A",.,"A",200,"D",.,"A",.,"A"
"20103",2286613,59,0,"1",.,"A",.,"A",.,"A",.,"A",.,"A",30,"D",.,"A",.,"A",.,"A",.,"A",.,"A",.,"A",150,"D",.,"A",.,"A"
"20103",2286622,36,0,"1",.,"A",.,"A",.,"A",.,"A",.,"A",.,"A",.,"A",.,"A",.,"A",.,"A",.,"A",.,"A",90,"D",.,"A",.,"A"
"20103",2286632,36,0,"1",.,"A",.,"A",.,"A",.,"A",.,"A",.,"A",.,"A",.,"A",.,"A",.,"A",.,"A",.,"A",30,"D",.,"A",.,"A"
"20103",2286653,38,0,"1",.,"A",.,"A",.,"A",.,"A",.,"A",.,"A",.,"A",.,"A",.,"A",.,"A",.,"A",.,"A",.,"A",.,"A",.,"A"
"20103",2286672,79,0,"1",.,"A",.,"A",.,"A",.,"A",.,"A",50,"D",.,"A",.,"A",.,"A",.,"A",.,"A",.,"A",300,"D",.,"A",.,"A"
"20103",2286703,39,0,"1",.,"A",.,"A",.,"A",.,"A",15,"D",45,"D",.,"A",.,"A",.,"A",.,"A",.,"A",.,"A",95,"D",.,"A",.,"A"
"20103",2286732,49,0,"1",.,"A",.,"A",.,"A",.,"A",.,"A",.,"A",.,"A",.,"A",.,"A",.,"A",.,"A",.,"A",100,"D",.,"A",.,"A"
"20103",2286773,54,0,"1",.,"A",.,"A",.,"A",.,"A",.,"A",60,"D",.,"A",.,"A",.,"A",990,"D",6,"D",6,"D",105,"D",330,"D",.,"A"
"20103",2286793,64,0,"1",.,"A",.,"A",.,"A",.,"A",.,"A",70,"D",.,"A",.,"A",.,"A",.,"A",.,"A",.,"A",220,"D",.,"A",.,"A"
"20103",2286833,43,0,"1",.,"A",.,"A",.,"A",.,"A",.,"A",.,"A",.,"A",.,"A",.,"A",.,"A",.,"A",.,"A",15,"D",.,"A",.,"A"
"20103",2286853,37,0,"1",.,"A",.,"A",.,"A",.,"A",.,"A",.,"A",.,"A",.,"A",45,"D",.,"A",.,"A",.,"A",125,"D",.,"A",.,"A"
"20103",2286873,75,0,"1",.,"A",.,"A",.,"A",.,"A",.,"A",.,"A",.,"A",.,"A",.,"A",.,"A",.,"A",.,"A",75,"D",.,"A",.,"A"
"20103",2286913,66,0,"1",.,"A",.,"A",.,"A",.,"A",.,"A",.,"A",.,"A",.,"A",.,"A",.,"A",.,"A",.,"A",.,"A",.,"A",.,"A"
"20103",2286932,54,0,"1",.,"A",.,"A",.,"A",.,"A",.,"A",.,"A",.,"A",325,"D",.,"A",.,"A",.,"A",.,"A",120,"D",.,"A",.,"A"
"20103",2286963,29,0,"1",.,"A",.,"A",.,"A",.,"A",.,"A",.,"A",.,"A",.,"A",.,"A",.,"A",.,"A",.,"A",.,"A",.,"A",.,"A"
"20103",2286973,73,0,"1",10,"D",.,"A",.,"A",.,"A",50,"D",30,"D",.,"A",.,"A",15,"D",.,"A",.,"A",.,"A",150,"D",.,"A",.,"A"
"20103",2287003,54,0,"1",.,"A",.,"A",.,"A",.,"A",.,"A",.,"A",.,"A",.,"A",.,"A",.,"A",.,"A",.,"A",.,"A",.,"A",.,"A"
"20103",2287042,102,0,"1",.,"A",.,"A",.,"A",.,"A",.,"A",.,"A",.,"A",.,"A",.,"A",.,"A",.,"A",.,"A",44,"D",.,"A",.,"A"
"20103",2287092,42,0,"1",.,"A",.,"A",.,"A",.,"A",.,"A",.,"A",.,"A",.,"A",.,"A",.,"A",.,"A",.,"A",50,"D",.,"A",.,"A"
"20103",2287102,52,0,"1",.,"A",.,"A",.,"A",.,"A",.,"A",.,"A",.,"A",.,"A",.,"A",.,"A",.,"A",.,"A",90,"D",.,"A",.,"A"
"20103",2287113,47,0,"1",.,"A",.,"A",.,"A",.,"A",25,"D",30,"D",.,"A",.,"A",.,"A",.,"A",.,"A",.,"A",45,"D",.,"A",.,"A"
"20103",2287152,35,0,"1",.,"A",.,"A",3,"D",.,"A",.,"A",.,"A",.,"A",.,"A",.,"A",.,"A",.,"A",.,"A",.,"A",.,"A",.,"A"
"20103",2287173,42,0,"1",.,"A",.,"A",.,"A",.,"A",.,"A",.,"A",455,"D",.,"A",.,"A",.,"A",.,"A",.,"A",.,"A",.,"A",.,"A"
"20103",2287192,54,0,"1",.,"A",.,"A",.,"A",.,"A",.,"A",.,"A",.,"A",.,"A",.,"A",.,"A",.,"A",.,"A",60,"D",.,"A",.,"A"
"20103",2287213,30,0,"1",.,"A",.,"A",.,"A",.,"A",16,"D",.,"A",.,"A",.,"A",.,"A",.,"A",.,"A",.,"A",60,"D",.,"A",.,"A"
"20103",2287223,51,0,"1",.,"A",.,"A",.,"A",.,"A",.,"A",.,"A",.,"A",.,"A",.,"A",.,"A",.,"A",.,"A",.,"A",.,"A",.,"A"
"20103",2287232,39,0,"1",.,"A",.,"A",.,"A",.,"A",.,"A",.,"A",.,"A",.,"A",.,"A",.,"A",.,"A",.,"A",30,"D",.,"A",.,"A"
"20103",2287243,62,0,"1",.,"A",.,"A",.,"A",.,"A",.,"A",.,"A",.,"A",.,"A",.,"A",.,"A",.,"A",.,"A",220,"D",.,"A",.,"A"
"20103",2287253,44,0,"1",.,"A",.,"A",.,"A",.,"A",40,"D",.,"A",.,"A",.,"A",.,"A",.,"A",.,"A",.,"A",18,"D",.,"A",.,"A"
"20103",2287302,42,0,"1",.,"A",.,"A",.,"A",.,"A",.,"A",.,"A",78,"D",.,"A",.,"A",.,"A",.,"A",.,"A",.,"A",.,"A",.,"A"
"20103",2287313,33,0,"1",.,"A",.,"A",.,"A",.,"A",48,"D",.,"A",.,"A",.,"A",.,"A",.,"A",.,"A",.,"A",.,"A",.,"A",.,"A"
"20103",2287322,46,0,"1",.,"A",.,"A",.,"A",.,"A",.,"A",.,"A",.,"A",.,"A",.,"A",.,"A",.,"A",.,"A",.,"A",.,"A",.,"A"
"20103",2287333,37,0,"1",.,"A",.,"A",.,"A",.,"A",100,"D",.,"A",.,"A",.,"A",.,"A",.,"A",.,"A",.,"A",135,"D",.,"A",.,"A"
"20103",2287363,39,0,"1",.,"A",.,"A",.,"A",.,"A",.,"A",75,"D",.,"A",.,"A",9,"D",270,"D",0,"D",0,"D",.,"A",90,"D",.,"A"
"20103",2287372,25,0,"1",.,"A",.,"A",.,"A",.,"A",.,"A",.,"A",.,"A",.,"A",.,"A",.,"A",.,"A",.,"A",.,"A",.,"A",.,"A"
"20103",2287393,30,0,"1",.,"A",.,"A",.,"A",.,"A",.,"A",.,"A",.,"A",.,"A",.,"A",.,"A",.,"A",.,"A",.,"A",.,"A",.,"A"
"20103",2287423,58,0,"1",.,"A",.,"A",.,"A",.,"A",.,"A",.,"A",.,"A",.,"A",.,"A",.,"A",.,"A",.,"A",20,"D",.,"A",.,"A"
"20103",2287432,36,0,"1",.,"A",.,"A",.,"A",.,"A",.,"A",.,"A",.,"A",.,"A",.,"A",.,"A",.,"A",.,"A",.,"A",.,"A",.,"A"
"20103",2287452,35,0,"1",.,"A",.,"A",.,"A",.,"A",.,"A",.,"A",104,"D",.,"A",.,"A",.,"A",.,"A",.,"A",180,"D",.,"A",.,"A"
"20103",2287463,47,0,"1",.,"A",.,"A",.,"A",.,"A",.,"A",50,"D",.,"A",.,"A",.,"A",.,"A",.,"A",.,"A",75,"D",.,"A",.,"A"
"20103",2287502,61,0,"1",.,"A",.,"A",.,"A",.,"A",.,"A",.,"A",104,"D",.,"A",.,"A",.,"A",.,"A",.,"A",26,"D",.,"A",.,"A"
"20103",2287513,46,0,"1",.,"A",.,"A",.,"A",.,"A",.,"A",.,"A",.,"A",.,"A",.,"A",.,"A",.,"A",.,"A",.,"A",.,"A",.,"A"
"20103",2287523,37,0,"1",.,"A",.,"A",.,"A",.,"A",50,"D",.,"A",.,"A",.,"A",.,"A",.,"A",.,"A",.,"A",30,"D",.,"A",.,"A"
"20103",2287583,52,0,"1",.,"A",.,"A",.,"A",.,"A",.,"A",.,"A",.,"A",.,"A",.,"A",.,"A",.,"A",.,"A",55,"D",.,"A",.,"A"
"20103",2287622,48,0,"1",.,"A",.,"A",.,"A",.,"A",.,"A",.,"A",.,"A",.,"A",.,"A",.,"A",.,"A",.,"A",120,"D",.,"A",.,"A"
"20103",2287652,52,0,"1",.,"A",.,"A",.,"A",.,"A",.,"A",.,"A",.,"A",.,"A",.,"A",.,"A",.,"A",.,"A",.,"A",.,"A",.,"A"
"20103",2287682,40,0,"1",.,"A",.,"A",.,"A",.,"A",.,"A",.,"A",1300,"D",.,"A",.,"A",.,"A",.,"A",.,"A",75,"D",.,"A",.,"A"
"20103",2287693,52,0,"1",.,"A",.,"A",.,"A",.,"A",.,"A",.,"A",.,"A",.,"A",.,"A",.,"A",.,"A",.,"A",30,"D",.,"A",.,"A"
"20103",2287704,45,0,"1",.,"A",.,"A",.,"A",.,"A",.,"A",.,"A",.,"A",.,"A",.,"A",.,"A",.,"A",.,"A",.,"A",.,"A",.,"A"
"20103",2287733,59,0,"1",.,"A",.,"A",.,"A",.,"A",.,"A",.,"A",.,"A",.,"A",18,"D",.,"A",.,"A",.,"A",360,"D",.,"A",.,"A"
"20103",2287743,69,0,"1",.,"A",.,"A",.,"A",.,"A",.,"A",.,"A",.,"A",.,"A",.,"A",0,"D",0,"D",54,"D",200,"D",0,"D",.,"A"
"20103",2287863,38,0,"1",.,"A",.,"A",.,"A",.,"A",.,"A",.,"A",130,"F",.,"A",.,"A",.,"A",.,"A",.,"A",.,"A",.,"A",.,"A"
"20103",2287873,46,0,"1",.,"A",.,"A",.,"A",.,"A",.,"A",.,"A",.,"A",.,"A",.,"A",.,"A",.,"A",.,"A",8,"D",.,"A",.,"A"
"20103",2287883,77,0,"1",.,"A",.,"A",.,"A",.,"A",.,"A",.,"A",.,"A",.,"A",.,"A",.,"A",.,"A",.,"A",146,"D",.,"A",.,"A"
"20103",2287913,74,0,"1",.,"A",.,"A",.,"A",.,"A",.,"A",.,"A",.,"A",.,"A",.,"A",.,"A",.,"A",.,"A",140,"D",.,"A",.,"A"
"20103",2287922,53,0,"1",.,"A",.,"A",.,"A",.,"A",.,"A",.,"A",.,"A",.,"A",.,"A",.,"A",.,"A",.,"A",120,"D",.,"A",.,"A"
"20103",2287932,70,0,"1",.,"A",.,"A",.,"A",.,"A",.,"A",20,"D",650,"D",.,"A",.,"A",408,"D",0,"D",0,"D",100,"D",136,"D",.,"A"
"20103",2287953,37,0,"1",.,"A",.,"A",.,"A",.,"A",.,"A",.,"A",.,"A",.,"A",.,"A",.,"A",.,"A",.,"A",42,"D",.,"A",.,"A"
"20103",2287963,37,0,"1",.,"A",.,"A",.,"A",.,"A",.,"A",.,"A",.,"A",.,"A",.,"A",.,"A",.,"A",.,"A",.,"A",.,"A",.,"A"
"20103",2287973,37,0,"1",.,"A",.,"A",.,"A",.,"A",.,"A",.,"A",78,"D",.,"A",.,"A",.,"A",.,"A",.,"A",.,"A",.,"A",.,"A"
"20103",2288023,28,0,"1",.,"A",.,"A",.,"A",.,"A",.,"A",.,"A",.,"A",.,"A",.,"A",.,"A",.,"A",.,"A",.,"A",.,"A",.,"A"
"20103",2288055,32,0,"1",.,"A",.,"A",.,"A",.,"A",.,"A",.,"A",.,"A",.,"A",.,"A",.,"A",.,"A",.,"A",.,"A",.,"A",.,"A"
"20103",2288062,36,0,"1",.,"A",.,"A",.,"A",.,"A",.,"A",.,"A",.,"A",.,"A",.,"A",.,"A",.,"A",.,"A",.,"A",.,"A",.,"A"
"20103",2288103,38,0,"1",.,"A",.,"A",.,"A",.,"A",.,"A",.,"A",.,"A",.,"A",.,"A",.,"A",.,"A",.,"A",30,"D",.,"A",.,"A"
"20103",2288113,63,0,"1",.,"A",.,"A",.,"A",.,"A",.,"A",.,"A",.,"A",.,"A",.,"A",.,"A",.,"A",.,"A",80,"D",.,"A",.,"A"
"20103",2288123,82,0,"1",.,"A",.,"A",.,"A",.,"A",.,"A",.,"A",.,"A",.,"A",.,"A",.,"A",.,"A",.,"A",.,"A",.,"A",.,"A"
"20103",2288132,25,0,"1",5,"D",.,"A",.,"A",.,"A",25,"D",.,"A",.,"A",.,"A",.,"A",75,"D",0,"D",15,"D",.,"A",25,"D",.,"A"
"20103",2288163,43,0,"1",.,"A",.,"A",.,"A",.,"A",.,"A",100,"D",260,"D",.,"A",.,"A",.,"A",.,"A",.,"A",60,"D",.,"A",.,"A"
"20103",2288212,28,0,"1",10,"D",.,"A",.,"A",.,"A",50,"D",.,"A",390,"D",.,"A",.,"A",.,"A",.,"A",.,"A",.,"A",.,"A",.,"A"
"20103",2288243,43,0,"1",.,"A",.,"A",.,"A",.,"A",.,"A",.,"A",546,"D",.,"A",.,"A",.,"A",.,"A",.,"A",40,"D",.,"A",.,"A"
"20103",2288253,39,0,"1",.,"A",.,"A",.,"A",.,"A",.,"A",.,"A",.,"A",.,"A",.,"A",.,"A",.,"A",.,"A",.,"A",.,"A",.,"A"
"20103",2288263,84,0,"1",.,"A",.,"A",.,"A",.,"A",.,"A",36,"D",.,"A",.,"A",6,"D",.,"A",.,"A",.,"A",135,"D",.,"A",.,"A"
"20103",2288292,39,0,"1",.,"A",.,"A",.,"A",.,"A",.,"A",.,"A",.,"A",.,"A",.,"A",.,"A",.,"A",.,"A",.,"A",.,"A",.,"A"
"20103",2288313,81,0,"1",.,"A",.,"A",.,"A",.,"A",.,"A",.,"A",.,"A",.,"A",.,"A",.,"A",.,"A",.,"A",10,"D",.,"A",.,"A"
"20103",2288362,56,0,"1",.,"A",.,"A",.,"A",.,"A",.,"A",.,"A",.,"A",.,"A",.,"A",.,"A",.,"A",.,"A",.,"A",.,"A",.,"A"
"20103",2288402,81,0,"1",.,"A",.,"A",.,"A",.,"A",.,"A",.,"A",.,"A",.,"A",54,"D",.,"A",.,"A",.,"A",230,"D",.,"A",.,"A"
"20103",2288413,79,0,"1",.,"A",.,"A",.,"A",.,"A",.,"A",.,"A",.,"A",.,"A",24,"D",.,"A",.,"A",.,"A",.,"A",.,"A",.,"A"
"20103",2288433,44,0,"1",.,"A",.,"A",.,"A",.,"A",80,"D",.,"A",.,"A",.,"A",.,"A",.,"A",.,"A",.,"A",.,"A",.,"A",.,"A"
"20103",2288443,52,0,"1",.,"A",.,"A",.,"A",.,"A",.,"A",.,"A",.,"A",.,"A",.,"A",.,"A",.,"A",.,"A",51,"D",.,"A",.,"A"
"20103",2288453,30,0,"1",.,"A",.,"A",.,"A",.,"A",.,"A",.,"A",286,"D",.,"A",.,"A",0,"D",0,"D",150,"D",50,"D",0,"D",.,"A"
"20103",2288463,39,0,"1",.,"A",.,"A",.,"A",.,"A",.,"A",.,"A",.,"A",.,"A",.,"A",.,"A",.,"A",.,"A",.,"A",.,"A",.,"A"
"20103",2288493,66,0,"1",.,"A",.,"A",.,"A",.,"A",.,"A",.,"A",.,"A",650,"D",30,"D",.,"A",.,"A",.,"A",100,"D",.,"A",.,"A"
"20103",2288502,64,0,"1",.,"A",.,"A",.,"A",.,"A",.,"A",.,"A",.,"A",.,"A",.,"A",.,"A",.,"A",.,"A",20,"D",.,"A",.,"A"
"20103",2288522,52,0,"1",.,"A",.,"A",.,"A",.,"A",.,"A",.,"A",.,"A",.,"A",.,"A",.,"A",.,"A",.,"A",115,"D",.,"A",.,"A"
"20103",2288542,35,0,"1",.,"A",.,"A",.,"A",.,"A",.,"A",.,"A",65,"D",.,"A",.,"A",.,"A",.,"A",.,"A",.,"A",.,"A",.,"A"
"20103",2288573,55,0,"1",.,"A",.,"A",.,"A",.,"A",.,"A",.,"A",.,"A",.,"A",.,"A",.,"A",.,"A",.,"A",100,"D",.,"A",.,"A"
"20103",2288582,32,0,"1",.,"A",.,"A",.,"A",.,"A",.,"A",.,"A",.,"A",.,"A",.,"A",.,"A",.,"A",.,"A",.,"A",.,"A",.,"A"
"20103",2288593,42,0,"1",.,"A",.,"A",.,"A",.,"A",.,"A",.,"A",.,"A",.,"A",.,"A",.,"A",.,"A",.,"A",30,"D",.,"A",.,"A"
"20103",2288603,36,0,"1",.,"A",.,"A",.,"A",.,"A",.,"A",.,"A",.,"A",.,"A",.,"A",.,"A",.,"A",.,"A",.,"A",.,"A",.,"A"
"20103",2288612,27,0,"1",.,"A",.,"A",.,"A",.,"A",.,"A",.,"A",39,"D",.,"A",.,"A",.,"A",.,"A",.,"A",.,"A",.,"A",.,"A"
"20103",2288623,38,0,"1",.,"A",.,"A",.,"A",.,"A",.,"A",.,"A",.,"A",.,"A",.,"A",0,"D",45,"D",0,"D",60,"D",0,"D",.,"A"
"20103",2288633,21,0,"1",.,"A",.,"A",.,"A",.,"A",160,"D",.,"A",.,"A",.,"A",.,"A",.,"A",.,"A",.,"A",12,"D",.,"A",.,"A"
"20103",2288642,56,0,"1",.,"A",.,"A",.,"A",.,"A",.,"A",.,"A",325,"D",.,"A",.,"A",.,"A",.,"A",.,"A",.,"A",.,"A",.,"A"
"20103",2288653,26,0,"1",.,"A",.,"A",.,"A",.,"A",.,"A",.,"A",.,"A",.,"A",.,"A",.,"A",.,"A",.,"A",.,"A",.,"A",.,"A"
"20103",2288662,38,0,"1",.,"A",.,"A",.,"A",.,"A",.,"A",.,"A",.,"A",.,"A",.,"A",.,"A",.,"A",.,"A",20,"D",.,"A",.,"A"
"20103",2288714,44,0,"1",.,"A",.,"A",.,"A",.,"A",.,"A",.,"A",.,"A",.,"A",.,"A",.,"A",.,"A",.,"A",.,"A",.,"A",.,"A"
"20103",2288722,69,0,"1",.,"A",.,"A",.,"A",.,"A",.,"A",.,"A",390,"D",.,"A",.,"A",.,"A",.,"A",.,"A",130,"D",.,"A",.,"A"
"20103",2288733,57,0,"1",.,"A",.,"A",.,"A",.,"A",.,"A",.,"A",.,"A",.,"A",.,"A",.,"A",.,"A",.,"A",.,"A",.,"A",.,"A"
"20103",2288763,30,0,"1",.,"A",.,"A",.,"A",.,"A",.,"A",.,"A",.,"A",.,"A",.,"A",.,"A",.,"A",.,"A",.,"A",.,"A",.,"A"
"20103",2288773,40,0,"1",.,"A",.,"A",.,"A",.,"A",120,"D",60,"D",.,"A",.,"A",.,"A",.,"A",.,"A",.,"A",.,"A",.,"A",.,"A"
"20103",2288783,31,0,"1",.,"A",.,"A",.,"A",.,"A",70,"D",.,"A",.,"A",.,"A",.,"A",300,"D",0,"D",0,"D",.,"A",100,"D",.,"A"
"20103",2288792,25,0,"1",.,"A",.,"A",.,"A",.,"A",20,"D",.,"A",.,"A",.,"A",.,"A",0,"D",0,"D",90,"D",.,"A",0,"D",.,"A"
"20103",2288812,24,0,"1",.,"A",.,"A",.,"A",.,"A",.,"A",.,"A",.,"A",.,"A",.,"A",.,"A",.,"A",.,"A",.,"A",.,"A",.,"A"
"20103",2288843,54,0,"1",.,"A",.,"A",.,"A",45,"D",.,"A",.,"A",.,"A",26,"D",60,"D",.,"A",.,"A",.,"A",75,"D",.,"A",.,"A"
"20103",2288853,41,0,"1",30,"D",.,"A",.,"A",.,"A",60,"D",.,"A",.,"A",.,"A",.,"A",.,"A",.,"A",.,"A",.,"A",.,"A",.,"A"
"20103",2288892,46,0,"1",.,"A",.,"A",.,"A",.,"A",.,"A",.,"A",.,"A",.,"A",.,"A",.,"A",.,"A",.,"A",20,"D",.,"A",.,"A"
"20103",2288903,26,0,"1",9,"D",.,"A",.,"A",.,"A",39,"D",.,"A",130,"D",.,"A",.,"A",.,"A",.,"A",.,"A",60,"D",.,"A",.,"A"
"20103",2288912,39,0,"1",.,"A",.,"A",.,"A",.,"A",.,"A",.,"A",.,"A",.,"A",105,"D",.,"A",.,"A",.,"A",.,"A",.,"A",.,"A"
"20103",2288963,50,0,"1",.,"A",.,"A",.,"A",.,"A",.,"A",.,"A",.,"A",.,"A",.,"A",.,"A",.,"A",.,"A",.,"A",.,"A",.,"A"
"20103",2288982,31,0,"1",.,"A",.,"A",.,"A",.,"A",.,"A",.,"A",260,"D",.,"A",.,"A",.,"A",.,"A",.,"A",.,"A",.,"A",.,"A"
"20103",2288992,29,0,"1",15,"D",.,"A",.,"A",.,"A",45,"D",.,"A",325,"D",.,"A",.,"A",.,"A",.,"A",.,"A",.,"A",.,"A",.,"A"
"20103",2289012,53,0,"1",.,"A",.,"A",.,"A",.,"A",.,"A",80,"D",.,"A",.,"A",.,"A",.,"A",.,"A",.,"A",140,"D",.,"A",.,"A"
"20103",2289062,40,0,"1",.,"A",.,"A",30,"D",.,"A",.,"A",.,"A",.,"A",.,"A",.,"A",.,"A",.,"A",.,"A",20,"D",.,"A",.,"A"
"20103",2289073,37,0,"1",.,"A",.,"A",.,"A",.,"A",.,"A",.,"A",.,"A",.,"A",.,"A",.,"A",.,"A",.,"A",.,"A",.,"A",.,"A"
"20103",2289082,52,0,"1",.,"A",.,"A",.,"A",.,"A",.,"A",.,"A",.,"A",.,"A",.,"A",.,"A",.,"A",.,"A",23,"D",.,"A",.,"A"
"20103",2289092,77,0,"1",.,"A",.,"A",.,"A",.,"A",.,"A",.,"A",.,"A",.,"A",.,"A",.,"A",.,"A",.,"A",250,"D",.,"A",.,"A"
"20103",2289112,39,0,"1",.,"A",.,"A",.,"A",.,"A",.,"A",.,"A",.,"A",.,"A",.,"A",.,"A",.,"A",.,"A",.,"A",.,"A",.,"A"
"20103",2289123,32,0,"1",.,"A",.,"A",.,"A",.,"A",.,"A",.,"A",.,"A",.,"A",.,"A",.,"A",.,"A",.,"A",.,"A",.,"A",.,"A"
"20103",2289143,57,0,"1",.,"A",.,"A",.,"A",.,"A",.,"A",.,"A",520,"D",.,"A",.,"A",.,"A",.,"A",.,"A",.,"A",.,"A",.,"A"
"20103",2289192,29,0,"1",.,"A",.,"A",.,"A",.,"A",120,"D",30,"D",.,"A",.,"A",.,"A",.,"A",.,"A",.,"A",.,"A",.,"A",.,"A"
"20103",2289203,25,0,"1",.,"A",.,"A",.,"A",.,"A",.,"A",.,"A",.,"A",.,"A",.,"A",0,"D",0,"D",0,"D",20,"D",0,"D",.,"A"
"20103",2289213,39,0,"1",.,"A",.,"A",.,"A",.,"A",.,"A",.,"A",.,"A",.,"A",.,"A",.,"A",.,"A",.,"A",125,"D",.,"A",.,"A"
"20103",2289223,80,0,"1",.,"A",.,"A",.,"A",.,"A",.,"A",25,"D",.,"A",.,"A",.,"A",.,"A",.,"A",.,"A",200,"D",.,"A",.,"A"
"20103",2289243,33,0,"1",.,"A",.,"A",.,"A",.,"A",.,"A",.,"A",.,"A",13,"D",6,"D",.,"A",.,"A",.,"A",15,"D",.,"A",.,"A"
"20103",2289262,45,0,"1",.,"A",.,"A",.,"A",.,"A",.,"A",.,"A",.,"A",.,"A",.,"A",.,"A",.,"A",.,"A",12,"D",.,"A",.,"A"
"20103",2289283,26,0,"1",.,"A",.,"A",.,"A",.,"A",30,"D",.,"A",455,"D",.,"A",.,"A",60,"D",0,"D",60,"D",11,"D",20,"D",.,"A"
"20103",2289323,80,0,"1",.,"A",.,"A",.,"A",.,"A",.,"A",.,"A",910,"D",.,"A",.,"A",.,"A",.,"A",.,"A",200,"D",.,"A",.,"A"
"20103",2289343,34,0,"1",.,"A",.,"A",.,"A",.,"A",.,"A",.,"A",.,"A",.,"A",.,"A",.,"A",.,"A",.,"A",.,"A",.,"A",.,"A"
"20103",2289392,57,0,"1",.,"A",.,"A",.,"A",.,"A",.,"A",.,"A",.,"A",.,"A",.,"A",.,"A",.,"A",.,"A",40,"D",.,"A",.,"A"
"20103",2289432,41,0,"1",.,"A",.,"A",.,"A",.,"A",.,"A",.,"A",.,"A",.,"A",.,"A",.,"A",.,"A",.,"A",40,"D",.,"A",.,"A"
"20103",2289453,70,0,"1",.,"A",.,"A",.,"A",.,"A",.,"A",300,"D",.,"A",.,"A",.,"A",.,"A",.,"A",.,"A",570,"D",.,"A",.,"A"
"20103",2289485,26,0,"1",.,"A",.,"A",.,"A",.,"A",.,"A",.,"A",.,"A",.,"A",.,"A",.,"A",.,"A",.,"A",.,"A",.,"A",.,"A"
"20103",2289512,46,0,"1",.,"A",.,"A",.,"A",.,"A",.,"A",.,"A",.,"A",.,"A",.,"A",.,"A",.,"A",.,"A",.,"A",.,"A",.,"A"
"20103",2289532,54,0,"1",.,"A",.,"A",.,"A",.,"A",.,"A",100,"D",.,"A",.,"A",.,"A",0,"D",360,"D",75,"D",100,"D",0,"D",.,"A"
"20103",2289542,44,0,"1",.,"A",.,"A",.,"A",.,"A",.,"A",.,"A",.,"A",.,"A",.,"A",.,"A",.,"A",.,"A",30,"D",.,"A",.,"A"
"20103",2289553,49,0,"1",.,"A",.,"A",.,"A",.,"A",.,"A",.,"A",.,"A",.,"A",.,"A",.,"A",.,"A",.,"A",60,"D",.,"A",.,"A"
"20103",2289562,34,0,"1",.,"A",.,"A",.,"A",.,"A",.,"A",.,"A",273,"D",.,"A",.,"A",.,"A",.,"A",.,"A",.,"A",.,"A",.,"A"
"20103",2289605,56,0,"1",.,"A",.,"A",.,"A",.,"A",.,"A",.,"A",26,"D",.,"A",.,"A",.,"A",.,"A",.,"A",50,"D",.,"A",.,"A"
"20103",2289642,36,0,"1",.,"A",.,"A",.,"A",.,"A",66,"D",.,"A",65,"D",.,"A",.,"A",0,"D",0,"D",27,"D",.,"A",0,"D",.,"A"
"20103",2289672,87,0,"1",.,"A",.,"A",135,"D",.,"A",.,"A",30,"D",234,"D",.,"A",120,"D",.,"A",.,"A",.,"A",230,"D",.,"A",.,"A"
"20103",2289752,41,0,"1",.,"A",.,"A",.,"A",.,"A",130,"D",.,"A",.,"A",.,"A",.,"A",.,"A",.,"A",.,"A",70,"D",.,"A",.,"A"
"20103",2289783,26,0,"1",.,"A",.,"A",.,"A",.,"A",30,"D",.,"A",130,"D",.,"A",.,"A",.,"A",.,"A",.,"A",.,"A",.,"A",.,"A"
"20103",2289793,50,0,"1",.,"A",.,"A",.,"A",.,"A",.,"A",.,"A",.,"A",.,"A",.,"A",.,"A",.,"A",.,"A",50,"D",.,"A",.,"A"
"20103",2289802,34,0,"1",.,"A",.,"A",.,"A",.,"A",.,"A",.,"A",325,"D",.,"A",.,"A",.,"A",.,"A",.,"A",.,"A",.,"A",.,"A"
"20103",2289823,73,0,"1",.,"A",.,"A",.,"A",.,"A",.,"A",.,"A",.,"A",.,"A",.,"A",.,"A",.,"A",.,"A",50,"D",.,"A",.,"A"
"20103",2289842,64,0,"1",.,"A",.,"A",.,"A",.,"A",.,"A",.,"A",.,"A",.,"A",.,"A",.,"A",.,"A",.,"A",.,"A",.,"A",.,"A"
"20103",2289853,33,0,"1",.,"A",.,"A",.,"A",.,"A",.,"A",.,"A",.,"A",.,"A",.,"A",.,"A",.,"A",.,"A",.,"A",.,"A",.,"A"
"20103",2289872,33,0,"1",.,"A",.,"A",.,"A",.,"A",.,"A",.,"A",195,"D",.,"A",.,"A",.,"A",.,"A",.,"A",14,"D",.,"A",.,"A"
"20103",2289893,25,0,"1",.,"A",.,"A",.,"A",.,"A",.,"A",.,"A",.,"A",.,"A",.,"A",.,"A",.,"A",.,"A",.,"A",.,"A",.,"A"
"20103",2289903,44,0,"1",.,"A",.,"A",.,"A",.,"A",.,"A",.,"A",.,"A",.,"A",.,"A",.,"A",.,"A",.,"A",44,"D",.,"A",.,"A"
"20103",2289913,49,0,"1",.,"A",.,"A",.,"A",.,"A",.,"A",.,"A",.,"A",.,"A",.,"A",.,"A",.,"A",.,"A",200,"D",.,"A",.,"A"
"20103",2289945,25,0,"1",.,"A",.,"A",.,"A",.,"A",15,"F",.,"A",.,"A",.,"A",.,"A",.,"A",.,"A",.,"A",120,"D",.,"A",.,"A"
"20103",2290014,26,0,"1",.,"A",.,"A",.,"A",.,"A",24,"D",.,"A",.,"A",.,"A",.,"A",.,"A",.,"A",.,"A",30,"D",.,"A",.,"A"
"20103",2290043,28,0,"1",.,"A",.,"A",.,"A",.,"A",.,"A",.,"A",.,"A",.,"A",.,"A",.,"A",.,"A",.,"A",275,"D",.,"A",.,"A"
"20103",2290053,64,0,"1",.,"A",.,"A",.,"A",.,"A",.,"A",.,"A",.,"A",.,"A",.,"A",.,"A",.,"A",.,"A",.,"A",.,"A",.,"A"
"20103",2290152,31,0,"1",.,"A",.,"A",.,"A",.,"A",.,"A",.,"A",.,"A",.,"A",.,"A",.,"A",.,"A",.,"A",180,"D",.,"A",.,"A"
"20103",2290182,24,0,"1",.,"A",.,"A",.,"A",.,"A",30,"D",.,"A",.,"A",.,"A",.,"A",534,"D",0,"D",0,"D",40,"D",178,"D",.,"A"
"20103",2290194,30,0,"1",.,"A",.,"A",.,"A",.,"A",.,"A",.,"A",.,"A",.,"A",.,"A",.,"A",.,"A",.,"A",100,"D",.,"A",.,"A"
"20103",2290205,30,0,"1",.,"A",.,"A",.,"A",.,"A",20,"D",.,"A",.,"A",.,"A",.,"A",.,"A",.,"A",.,"A",.,"A",.,"A",.,"A"
"20103",2290242,50,0,"1",.,"A",.,"A",.,"A",.,"A",.,"A",50,"D",.,"A",.,"A",.,"A",.,"A",.,"A",.,"A",60,"D",.,"A",.,"A"
"20103",2290253,54,0,"1",.,"A",.,"A",.,"A",.,"A",.,"A",.,"A",.,"A",.,"A",.,"A",.,"A",.,"A",.,"A",70,"D",.,"A",.,"A"
"20103",2290273,27,0,"1",.,"A",.,"A",.,"A",.,"A",24,"D",.,"A",598,"D",.,"A",.,"A",.,"A",.,"A",.,"A",.,"A",.,"A",.,"A"
"20103",2290283,39,0,"1",.,"A",.,"A",.,"A",.,"A",.,"A",.,"A",.,"A",.,"A",.,"A",225,"D",0,"D",0,"D",.,"A",75,"D",.,"A"
"20103",2290302,60,0,"1",.,"A",.,"A",.,"A",.,"A",.,"A",.,"A",.,"A",.,"A",.,"A",.,"A",.,"A",.,"A",.,"A",.,"A",.,"A"
"20103",2290312,29,0,"1",.,"A",.,"A",.,"A",.,"A",3,"D",.,"A",.,"A",.,"A",111,"D",0,"D",0,"D",42,"D",30,"D",0,"D",.,"A"
"20103",2290332,31,0,"1",.,"A",.,"A",.,"A",.,"A",.,"A",.,"A",.,"A",.,"A",.,"A",.,"A",.,"A",.,"A",.,"A",.,"A",.,"A"
"20103",2290353,42,0,"1",.,"A",.,"A",.,"A",.,"A",.,"A",.,"A",520,"D",.,"A",.,"A",.,"A",.,"A",.,"A",.,"A",.,"A",.,"A"
"20103",2290373,41,0,"1",.,"A",.,"A",.,"A",.,"A",.,"A",.,"A",390,"D",.,"A",.,"A",.,"A",.,"A",.,"A",.,"A",.,"A",.,"A"
"20103",2290433,36,0,"1",.,"A",.,"A",.,"A",.,"A",.,"A",.,"A",.,"A",.,"A",9,"D",.,"A",.,"A",.,"A",8,"D",.,"A",.,"A"
"20103",2290463,51,0,"1",.,"A",.,"A",.,"A",.,"A",.,"A",.,"A",.,"A",.,"A",21,"D",.,"A",.,"A",.,"A",45,"D",.,"A",.,"A"
"20103",2290522,30,0,"1",.,"A",.,"A",.,"A",.,"A",.,"A",.,"A",260,"D",.,"A",.,"A",.,"A",.,"A",.,"A",.,"A",.,"A",.,"A"
"20103",2290535,34,0,"1",.,"A",.,"A",.,"A",.,"A",.,"A",.,"A",156,"D",.,"A",.,"A",.,"A",.,"A",.,"A",.,"A",.,"A",.,"A"
"20103",2290582,33,0,"1",.,"A",.,"A",.,"A",.,"A",.,"A",.,"A",.,"A",.,"A",.,"A",.,"A",.,"A",.,"A",.,"A",.,"A",.,"A"
"20103",2290592,47,0,"1",.,"A",.,"A",.,"A",.,"A",36,"D",.,"A",.,"A",.,"A",.,"A",.,"A",.,"A",.,"A",.,"A",.,"A",.,"A"
"20103",2290632,54,0,"1",.,"A",.,"A",.,"A",.,"A",.,"A",.,"A",.,"A",.,"A",.,"A",.,"A",.,"A",.,"A",30,"F",.,"A",.,"A"
"20103",2290642,48,0,"1",.,"A",.,"A",.,"A",.,"A",.,"A",8,"D",.,"A",.,"A",.,"A",0,"D",0,"D",30,"D",.,"A",0,"D",.,"A"
"20103",2290653,68,0,"1",.,"A",.,"A",.,"A",.,"A",.,"A",.,"A",.,"A",.,"A",.,"A",.,"A",.,"A",.,"A",145,"D",.,"A",.,"A"
"20103",2290662,37,0,"1",.,"A",.,"A",.,"A",.,"A",24,"D",.,"A",.,"A",.,"A",.,"A",.,"A",.,"A",.,"A",.,"A",.,"A",.,"A"
"20103",2290672,58,0,"1",.,"A",.,"A",.,"A",40,"D",.,"A",80,"D",.,"A",.,"A",.,"A",.,"A",.,"A",.,"A",125,"D",.,"A",.,"A"
"20103",2290683,57,0,"1",.,"A",.,"A",.,"A",.,"A",.,"A",.,"A",.,"A",.,"A",.,"A",.,"A",.,"A",.,"A",150,"D",.,"A",.,"A"
"20103",2290693,76,0,"1",.,"A",.,"A",.,"A",.,"A",.,"A",.,"A",.,"A",.,"A",.,"A",.,"A",.,"A",.,"A",40,"D",.,"A",.,"A"
"20103",2290722,32,0,"1",.,"A",.,"A",.,"A",.,"A",.,"A",.,"A",.,"A",.,"A",.,"A",.,"A",.,"A",.,"A",25,"D",.,"A",.,"A"
"20103",2290742,48,0,"1",.,"A",.,"A",.,"A",.,"A",.,"A",.,"A",728,"D",.,"A",.,"A",.,"A",.,"A",.,"A",45,"D",.,"A",.,"A"
"20103",2290753,56,0,"1",.,"A",.,"A",.,"A",.,"A",.,"A",21,"D",.,"A",.,"A",.,"A",.,"A",.,"A",.,"A",.,"A",.,"A",.,"A"
"20103",2290783,72,0,"1",.,"A",.,"A",.,"A",.,"A",.,"A",.,"A",.,"A",.,"A",.,"A",.,"A",.,"A",.,"A",100,"D",.,"A",.,"A"
"20103",2290803,59,0,"1",.,"A",.,"A",.,"A",.,"A",.,"A",.,"A",.,"A",.,"A",.,"A",.,"A",.,"A",.,"A",14,"D",.,"A",.,"A"
"20103",2290812,42,0,"1",.,"A",.,"A",.,"A",.,"A",.,"A",.,"A",.,"A",.,"A",.,"A",.,"A",.,"A",.,"A",.,"A",.,"A",.,"A"
"20103",2290832,58,0,"1",.,"A",.,"A",.,"A",.,"A",.,"A",.,"A",.,"A",.,"A",.,"A",.,"A",.,"A",.,"A",.,"A",.,"A",.,"A"
"20103",2290852,78,0,"1",.,"A",.,"A",.,"A",.,"A",.,"A",20,"D",.,"A",845,"D",.,"A",.,"A",.,"A",.,"A",365,"D",.,"A",.,"A"
"20103",2290882,36,0,"1",.,"A",.,"A",.,"A",.,"A",90,"D",.,"A",364,"D",.,"A",12,"F",.,"A",.,"A",.,"A",.,"A",.,"A",.,"A"
"20103",2290893,70,0,"1",.,"A",.,"A",.,"A",.,"A",.,"A",35,"D",1300,"D",.,"A",.,"A",.,"A",.,"A",.,"A",19,"D",.,"A",.,"A"
"20103",2290902,42,0,"1",.,"A",.,"A",.,"A",.,"A",.,"A",.,"A",.,"A",.,"A",.,"A",.,"A",.,"A",.,"A",38,"D",.,"A",.,"A"
"20103",2290912,25,0,"1",.,"A",.,"A",.,"A",.,"A",280,"D",.,"A",.,"A",.,"A",.,"A",.,"A",.,"A",.,"A",60,"D",.,"A",.,"A"
"20103",2290923,72,0,"1",.,"A",.,"A",.,"A",.,"A",.,"A",.,"A",.,"A",.,"A",.,"A",.,"A",.,"A",.,"A",36,"D",.,"A",.,"A"
"20103",2290932,26,0,"1",.,"A",.,"A",.,"A",.,"A",12,"D",.,"A",.,"A",.,"A",.,"A",0,"D",0,"D",0,"D",.,"A",0,"D",.,"A"
"20103",2290954,26,0,"1",.,"A",.,"A",.,"A",.,"A",.,"A",.,"A",.,"A",.,"A",.,"A",.,"A",.,"A",.,"A",.,"A",.,"A",.,"A"
"20103",2290983,36,0,"1",.,"A",.,"A",.,"A",.,"A",.,"A",.,"A",260,"D",.,"A",.,"A",.,"A",.,"A",.,"A",.,"A",.,"A",.,"A"
"20103",2290993,60,0,"1",.,"A",.,"A",.,"A",.,"A",.,"A",.,"A",390,"D",.,"A",.,"A",.,"A",.,"A",.,"A",.,"A",.,"A",.,"A"
"20103",2291002,36,0,"1",.,"A",.,"A",.,"A",40,"D",8,"D",100,"F",.,"A",.,"A",.,"A",450,"D",0,"D",450,"D",25,"D",150,"D",.,"A"
"20103",2291022,69,0,"1",.,"A",.,"A",.,"A",.,"A",.,"A",25,"D",.,"A",.,"A",.,"A",.,"A",.,"A",.,"A",.,"A",.,"A",.,"A"
"20103",2291043,28,0,"1",20,"F",.,"A",.,"A",.,"A",28,"F",.,"A",.,"A",.,"A",.,"A",93,"D",0,"D",0,"D",.,"A",31,"D",.,"A"
"20103",2291073,38,0,"1",.,"A",.,"A",.,"A",20,"D",10,"D",.,"A",.,"A",.,"A",.,"A",0,"D",15,"D",0,"D",.,"A",0,"D",.,"A"
"20103",2291112,40,0,"1",.,"A",.,"A",.,"A",.,"A",.,"A",.,"A",.,"A",.,"A",.,"A",.,"A",.,"A",.,"A",.,"A",.,"A",.,"A"
"20103",2291125,55,0,"1",.,"A",.,"A",.,"A",.,"A",222,"D",.,"A",.,"A",.,"A",.,"A",.,"A",.,"A",.,"A",200,"D",.,"A",.,"A"
"20103",2291142,50,0,"1",.,"A",.,"A",.,"A",.,"A",.,"A",.,"A",520,"D",.,"A",.,"A",.,"A",.,"A",.,"A",200,"D",.,"A",.,"A"
"20103",2291173,59,0,"1",.,"A",.,"A",.,"A",.,"A",.,"A",.,"A",78,"D",.,"A",.,"A",.,"A",.,"A",.,"A",0,"D",.,"A",.,"A"
"20103",2291193,50,0,"1",.,"A",.,"A",.,"A",.,"A",.,"A",200,"D",.,"A",.,"A",.,"A",.,"A",.,"A",.,"A",100,"D",.,"A",.,"A"
"20103",2291203,47,0,"1",.,"A",.,"A",.,"A",.,"A",.,"A",.,"A",.,"A",.,"A",.,"A",.,"A",.,"A",.,"A",20,"D",.,"A",.,"A"
"20103",2291232,30,0,"1",.,"A",.,"A",.,"A",.,"A",.,"A",.,"A",.,"A",.,"A",.,"A",.,"A",.,"A",.,"A",.,"A",.,"A",.,"A"
"20103",2291242,50,0,"1",.,"A",.,"A",.,"A",.,"A",.,"A",.,"A",.,"A",.,"A",.,"A",.,"A",.,"A",.,"A",.,"A",.,"A",.,"A"
"20103",2291253,40,0,"1",.,"A",.,"A",.,"A",.,"A",130,"D",.,"A",.,"A",.,"A",.,"A",.,"A",.,"A",.,"A",0,"D",.,"A",.,"A"
"20103",2291262,27,0,"1",.,"A",.,"A",.,"A",.,"A",12,"D",15,"D",.,"A",.,"A",.,"A",150,"D",0,"D",30,"D",.,"A",50,"D",.,"A"
"20103",2291282,40,0,"1",.,"A",.,"A",.,"A",.,"A",.,"A",.,"A",.,"A",.,"A",.,"A",.,"A",.,"A",.,"A",65,"D",.,"A",.,"A"
"20103",2291293,67,0,"1",.,"A",.,"A",.,"A",.,"A",.,"A",.,"A",.,"A",.,"A",.,"A",.,"A",.,"A",.,"A",180,"D",.,"A",.,"A"
"20103",2291303,39,0,"1",.,"A",.,"A",.,"A",.,"A",.,"A",.,"A",.,"A",.,"A",.,"A",.,"A",.,"A",.,"A",100,"D",.,"A",.,"A"
"20103",2291322,54,0,"1",15,"D",.,"A",.,"A",.,"A",10,"D",.,"A",.,"A",.,"A",.,"A",.,"A",.,"A",.,"A",.,"A",.,"A",.,"A"
"20103",2291332,57,0,"1",.,"A",.,"A",.,"A",.,"A",.,"A",.,"A",910,"D",.,"A",.,"A",.,"A",.,"A",.,"A",240,"D",.,"A",.,"A"
"20103",2291352,39,0,"1",.,"A",.,"A",.,"A",.,"A",.,"A",.,"A",.,"A",.,"A",.,"A",.,"A",.,"A",.,"A",90,"D",.,"A",.,"A"
"20103",2291365,36,0,"1",.,"A",.,"A",.,"A",.,"A",.,"A",.,"A",.,"A",.,"A",.,"A",.,"A",.,"A",.,"A",.,"A",.,"A",.,"A"
"20103",2291372,27,0,"1",.,"A",.,"A",.,"A",225,"D",.,"A",.,"A",.,"A",.,"A",.,"A",.,"A",.,"A",.,"A",120,"D",.,"A",.,"A"
"20103",2291382,76,0,"1",.,"A",.,"A",.,"A",.,"A",.,"A",75,"D",.,"A",.,"A",.,"A",.,"A",.,"A",.,"A",690,"D",.,"A",.,"A"
"20103",2291392,46,0,"1",23,"D",.,"A",.,"A",.,"A",67,"D",.,"A",.,"A",.,"A",.,"A",0,"D",0,"D",15,"D",13,"D",0,"D",.,"A"
"20103",2291422,55,0,"1",.,"A",.,"A",.,"A",.,"A",.,"A",.,"A",.,"A",.,"A",.,"A",.,"A",.,"A",.,"A",60,"D",.,"A",.,"A"
"20103",2291432,104,0,"1",.,"A",.,"A",.,"A",.,"A",.,"A",.,"A",.,"A",.,"A",.,"A",.,"A",.,"A",.,"A",108,"D",.,"A",.,"A"
"20103",2291443,42,0,"1",.,"A",.,"A",.,"A",.,"A",.,"A",.,"A",.,"A",.,"A",.,"A",.,"A",.,"A",.,"A",.,"A",.,"A",.,"A"
"20103",2291454,52,0,"1",.,"A",.,"A",.,"A",30,"D",.,"A",.,"A",.,"A",.,"A",30,"D",0,"D",0,"D",75,"D",20,"D",0,"D",.,"A"
"20103",2291473,31,0,"1",.,"A",.,"A",.,"A",.,"A",.,"A",.,"A",.,"A",.,"A",.,"A",.,"A",.,"A",.,"A",.,"A",.,"A",.,"A"
"20103",2291483,41,0,"1",.,"A",.,"A",.,"A",.,"A",.,"A",.,"A",.,"A",.,"A",.,"A",.,"A",.,"A",.,"A",.,"A",.,"A",.,"A"
"20103",2291493,52,0,"1",.,"A",.,"A",.,"A",.,"A",.,"A",.,"A",.,"A",.,"A",.,"A",.,"A",.,"A",.,"A",200,"D",.,"A",.,"A"
"20103",2291503,51,0,"1",.,"A",.,"A",.,"A",.,"A",60,"D",.,"A",.,"A",.,"A",.,"A",.,"A",.,"A",.,"A",80,"D",.,"A",.,"A"
"20103",2291522,42,0,"1",.,"A",.,"A",.,"A",30,"D",.,"A",.,"A",.,"A",.,"A",.,"A",.,"A",.,"A",.,"A",.,"A",.,"A",.,"A"
"20103",2291532,55,0,"1",.,"A",.,"A",.,"A",.,"A",.,"A",.,"A",.,"A",.,"A",.,"A",.,"A",.,"A",.,"A",.,"A",.,"A",.,"A"
"20103",2291543,58,0,"1",.,"A",.,"A",45,"D",.,"A",.,"A",.,"A",.,"A",.,"A",60,"D",.,"A",.,"A",.,"A",.,"A",.,"A",.,"A"
"20103",2291553,43,0,"1",.,"A",.,"A",.,"A",.,"A",.,"A",.,"A",.,"A",.,"A",.,"A",.,"A",.,"A",.,"A",200,"D",.,"A",.,"A"
"20103",2291562,42,0,"1",.,"A",.,"A",.,"A",.,"A",.,"A",.,"A",.,"A",.,"A",.,"A",.,"A",.,"A",.,"A",75,"D",.,"A",.,"A"
"20103",2291592,37,0,"1",.,"A",.,"A",.,"A",.,"A",.,"A",.,"A",364,"D",.,"A",.,"A",.,"A",.,"A",.,"A",.,"A",.,"A",.,"A"
"20103",2291602,40,0,"1",.,"A",.,"A",.,"A",.,"A",.,"A",.,"A",.,"A",.,"A",.,"A",.,"A",.,"A",.,"A",130,"D",.,"A",.,"A"
"20103",2291613,40,0,"1",.,"A",.,"A",.,"A",.,"A",180,"D",.,"A",520,"D",.,"A",.,"A",0,"D",0,"D",210,"D",60,"D",0,"D",.,"A"
"20103",2291643,35,0,"1",.,"A",.,"A",.,"A",.,"A",.,"A",.,"A",.,"A",.,"A",.,"A",.,"A",.,"A",.,"A",45,"D",.,"A",.,"A"
"20103",2291672,56,0,"1",.,"A",.,"A",.,"A",.,"A",.,"A",100,"D",.,"A",.,"A",.,"A",.,"A",.,"A",.,"A",100,"D",.,"A",.,"A"
"20103",2291692,56,0,"1",.,"A",.,"A",.,"A",.,"A",.,"A",.,"A",.,"A",.,"A",.,"A",.,"A",.,"A",.,"A",165,"D",.,"A",.,"A"
"20103",2291712,38,0,"1",.,"A",.,"A",.,"A",.,"A",.,"A",.,"A",.,"A",.,"A",.,"A",.,"A",.,"A",.,"A",.,"A",.,"A",.,"A"
"20103",2291722,53,0,"1",.,"A",.,"A",.,"A",.,"A",.,"A",.,"A",.,"A",104,"D",.,"A",0,"D",0,"D",18,"D",45,"D",0,"D",.,"A"
"20103",2291733,69,0,"1",.,"A",.,"A",.,"A",.,"A",.,"A",.,"A",.,"A",.,"A",30,"D",.,"A",.,"A",.,"A",60,"D",.,"A",.,"A"
"20103",2291742,36,0,"1",.,"A",.,"A",.,"A",.,"A",.,"A",.,"A",.,"A",.,"A",.,"A",120,"D",0,"D",0,"D",.,"A",40,"D",.,"A"
"20103",2291753,55,0,"1",.,"A",.,"A",.,"A",.,"A",.,"A",.,"A",.,"A",.,"A",.,"A",.,"A",.,"A",.,"A",.,"A",.,"A",.,"A"
"20103",2291763,40,0,"1",.,"A",.,"A",.,"A",.,"A",600,"D",.,"A",.,"A",.,"A",.,"A",240,"D",0,"D",330,"D",300,"D",80,"D",.,"A"
"20103",2291772,33,0,"1",.,"A",.,"A",.,"A",.,"A",.,"A",.,"A",.,"A",.,"A",.,"A",.,"A",.,"A",.,"A",.,"A",.,"A",.,"A"
"20103",2291783,49,0,"1",.,"A",.,"A",.,"A",.,"A",.,"A",.,"A",.,"A",.,"A",.,"A",.,"A",.,"A",.,"A",.,"A",.,"A",.,"A"
"20103",2291793,38,0,"1",.,"A",.,"A",.,"A",.,"A",.,"A",.,"A",.,"A",.,"A",.,"A",.,"A",.,"A",.,"A",100,"D",.,"A",.,"A"
"20103",2291812,60,0,"1",.,"A",.,"A",.,"A",.,"A",.,"A",.,"A",.,"A",.,"A",.,"A",.,"A",.,"A",.,"A",20,"D",.,"A",.,"A"
"20103",2291842,28,0,"1",.,"A",.,"A",.,"A",20,"D",62,"D",18,"D",.,"A",.,"A",.,"A",0,"D",0,"D",900,"D",140,"D",0,"D",.,"A"
"20103",2291873,66,0,"1",.,"A",.,"A",.,"A",.,"A",.,"A",.,"A",.,"A",.,"A",.,"A",.,"A",.,"A",.,"A",.,"A",.,"A",.,"A"
"20103",2291893,83,0,"1",.,"A",.,"A",.,"A",.,"A",.,"A",.,"A",.,"A",.,"A",.,"A",.,"A",.,"A",.,"A",24,"D",.,"A",.,"A"
"20103",2291912,42,0,"1",.,"A",.,"A",.,"A",.,"A",.,"A",.,"A",65,"D",.,"A",.,"A",.,"A",.,"A",.,"A",.,"A",.,"A",.,"A"
"20103",2291942,50,0,"1",.,"A",.,"A",.,"A",.,"A",.,"A",.,"A",.,"A",.,"A",.,"A",.,"A",.,"A",.,"A",21,"D",.,"A",.,"A"
"20103",2291953,36,0,"1",.,"A",.,"A",.,"A",.,"A",225,"D",.,"A",650,"D",.,"A",.,"A",600,"D",0,"D",0,"D",.,"A",200,"D",600,"D"
"20103",2291972,41,0,"1",.,"A",.,"A",.,"A",.,"A",.,"A",.,"A",312,"D",.,"A",36,"D",.,"A",.,"A",.,"A",30,"D",.,"A",.,"A"
"20103",2291982,57,0,"1",.,"A",.,"A",.,"A",.,"A",.,"A",.,"A",.,"A",.,"A",.,"A",.,"A",.,"A",.,"A",60,"D",.,"A",.,"A"
"20103",2291993,38,0,"1",120,"D",.,"A",.,"A",.,"A",120,"D",180,"D",.,"A",.,"A",.,"A",300,"F",75,"F",15,"F",300,"D",.,"C",.,"A"
"20103",2292013,52,0,"1",.,"A",.,"A",.,"A",.,"A",.,"A",.,"A",1625,"D",.,"A",.,"A",.,"A",.,"A",.,"A",120,"D",.,"A",.,"A"
"20103",2292023,68,0,"1",.,"A",.,"A",.,"A",.,"A",.,"A",.,"A",65,"D",.,"A",.,"A",.,"A",.,"A",.,"A",100,"D",.,"A",.,"A"
"20103",2292053,68,0,"1",.,"A",.,"A",.,"A",.,"A",.,"A",.,"A",.,"A",.,"A",.,"A",.,"A",.,"A",.,"A",30,"D",.,"A",.,"A"
"20103",2292062,49,0,"1",.,"A",.,"A",.,"A",.,"A",.,"A",.,"A",845,"D",.,"A",.,"A",.,"A",.,"A",.,"A",.,"A",.,"A",.,"A"
"20103",2292083,60,0,"1",.,"A",.,"A",.,"A",.,"A",.,"A",.,"A",.,"A",.,"A",.,"A",.,"A",.,"A",.,"A",.,"A",.,"A",.,"A"
"20103",2292103,47,0,"1",.,"A",.,"A",.,"A",.,"A",.,"A",.,"A",663,"D",.,"A",.,"A",.,"A",.,"A",.,"A",.,"A",.,"A",.,"A"
"20103",2292123,58,0,"1",.,"A",.,"A",.,"A",.,"A",.,"A",.,"A",325,"D",.,"A",.,"A",.,"A",.,"A",.,"A",35,"D",.,"A",.,"A"
"20103",2292142,36,0,"1",10,"D",.,"A",.,"A",.,"A",10,"D",.,"A",.,"A",.,"A",.,"A",.,"A",.,"A",.,"A",24,"D",.,"A",.,"A"
"20103",2292183,37,0,"1",.,"A",.,"A",.,"A",.,"A",.,"A",.,"A",.,"A",.,"A",.,"A",.,"A",.,"A",.,"A",45,"D",.,"A",.,"A"
"20103",2292192,63,0,"1",.,"A",.,"A",.,"A",.,"A",.,"A",.,"A",.,"A",.,"A",.,"A",.,"A",.,"A",.,"A",.,"A",.,"A",.,"A"
"20103",2292232,56,0,"1",.,"A",.,"A",.,"A",.,"A",.,"A",.,"A",1300,"D",325,"D",.,"A",.,"A",.,"A",.,"A",130,"D",.,"A",.,"A"
"20103",2292242,36,0,"1",.,"A",.,"A",.,"A",.,"A",.,"A",.,"A",.,"A",.,"A",.,"A",.,"A",.,"A",.,"A",.,"A",.,"A",.,"A"
"20103",2292262,31,0,"1",.,"A",.,"A",.,"A",.,"A",.,"A",.,"A",.,"A",.,"A",.,"A",.,"A",.,"A",.,"A",.,"A",.,"A",.,"A"
"20103",2292273,45,0,"1",.,"A",.,"A",.,"A",.,"A",.,"A",360,"D",.,"A",.,"A",69,"D",.,"A",.,"A",.,"A",120,"D",.,"A",.,"A"
"20103",2292292,33,0,"1",.,"A",.,"A",.,"A",.,"A",.,"A",.,"A",.,"A",.,"A",.,"A",510,"D",0,"D",0,"D",.,"A",170,"D",.,"A"
"20103",2292303,95,0,"1",.,"A",.,"A",36,"D",.,"A",.,"A",30,"D",.,"A",.,"A",.,"A",.,"A",.,"A",.,"A",180,"D",.,"A",.,"A"
"20103",2292322,53,0,"1",.,"A",.,"A",.,"A",.,"A",.,"A",.,"A",364,"D",.,"A",.,"A",.,"A",.,"A",.,"A",20,"D",.,"A",.,"A"
"20103",2292352,52,0,"1",.,"A",.,"A",.,"A",.,"A",.,"A",40,"D",.,"A",.,"A",.,"A",.,"A",.,"A",.,"A",80,"D",.,"A",.,"A"
"20103",2292363,32,0,"1",.,"A",.,"A",.,"A",.,"A",.,"A",.,"A",.,"A",.,"A",.,"A",.,"A",.,"A",.,"A",.,"A",.,"A",.,"A"
"20103",2292384,48,0,"1",.,"A",.,"A",.,"A",.,"A",.,"A",.,"A",.,"A",.,"A",.,"A",.,"A",.,"A",.,"A",.,"A",.,"A",.,"A"
"20103",2292392,47,0,"1",.,"A",.,"A",.,"A",.,"A",.,"A",.,"A",.,"A",.,"A",.,"A",.,"A",.,"A",.,"A",54,"F",.,"A",.,"A"
"20103",2292403,49,0,"1",.,"A",.,"A",.,"A",.,"A",.,"A",.,"A",.,"A",.,"A",.,"A",.,"A",.,"A",.,"A",62,"D",.,"A",.,"A"
"20103",2292412,40,0,"1",.,"A",.,"A",.,"A",.,"A",.,"A",.,"A",.,"A",.,"A",.,"A",.,"A",.,"A",.,"A",100,"D",.,"A",.,"A"
"20103",2292422,50,0,"1",.,"A",.,"A",.,"A",.,"A",.,"A",.,"A",.,"A",.,"A",.,"A",.,"A",.,"A",.,"A",80,"D",.,"A",.,"A"
"20103",2292453,23,0,"1",.,"A",.,"A",.,"A",.,"A",.,"A",.,"A",.,"A",117,"D",.,"A",.,"A",.,"A",.,"A",.,"A",.,"A",.,"A"
"20103",2292462,46,0,"1",.,"A",.,"A",.,"A",17,"D",10,"D",.,"A",.,"A",.,"A",.,"A",0,"D",0,"D",9,"D",25,"D",0,"D",.,"A"
"20103",2292473,75,0,"1",.,"A",.,"A",.,"A",.,"A",.,"A",100,"D",.,"A",.,"A",.,"A",.,"A",.,"A",.,"A",250,"D",.,"A",.,"A"
"20103",2292503,70,0,"1",.,"A",.,"A",.,"A",.,"A",.,"A",.,"A",260,"D",.,"A",48,"D",.,"A",.,"A",.,"A",36,"D",.,"A",.,"A"
"20103",2292563,34,0,"1",10,"D",.,"A",.,"A",.,"A",86,"D",.,"A",312,"D",.,"A",27,"D",0,"D",0,"D",36,"D",80,"D",0,"D",.,"A"
"20103",2292572,73,0,"1",.,"A",.,"A",.,"A",.,"A",.,"A",.,"A",.,"A",.,"A",.,"A",.,"A",.,"A",.,"A",85,"D",.,"A",.,"A"
"20103",2292593,73,0,"1",.,"A",.,"A",.,"A",.,"A",.,"A",.,"A",.,"A",.,"A",.,"A",225,"D",0,"D",0,"D",165,"D",75,"D",.,"A"
"20103",2292634,23,0,"1",.,"A",.,"A",.,"A",.,"A",.,"A",.,"A",.,"A",.,"A",.,"A",.,"A",.,"A",.,"A",.,"A",.,"A",.,"A"
"20103",2292643,58,0,"1",.,"A",.,"A",.,"A",.,"A",.,"A",50,"D",.,"A",.,"A",.,"A",0,"D",0,"D",300,"D",200,"D",0,"D",.,"A"
"20103",2292652,53,0,"1",40,"D",.,"A",.,"A",10,"D",80,"D",105,"D",.,"A",.,"A",.,"A",87,"D",0,"D",0,"D",300,"D",29,"D",.,"A"
"20103",2292672,29,0,"1",.,"A",.,"A",.,"A",.,"A",.,"A",.,"A",.,"A",.,"A",.,"A",.,"A",.,"A",.,"A",.,"A",.,"A",.,"A"
"20103",2292713,74,0,"1",.,"A",.,"A",.,"A",.,"A",.,"A",28,"D",.,"A",.,"A",.,"A",.,"A",.,"A",.,"A",150,"D",.,"A",.,"A"
"20103",2292732,22,0,"1",.,"A",.,"A",.,"A",.,"A",.,"A",.,"A",.,"A",.,"A",.,"A",.,"A",.,"A",.,"A",16,"D",.,"A",.,"A"
"20103",2292773,30,0,"1",.,"A",.,"A",.,"A",.,"A",.,"A",.,"A",.,"A",.,"A",.,"A",.,"A",.,"A",.,"A",.,"A",.,"A",.,"A"
"20103",2292803,110,0,"1",.,"A",.,"A",.,"A",.,"A",.,"A",100,"D",.,"A",.,"A",.,"A",.,"A",.,"A",.,"A",350,"D",.,"A",.,"A"
"20103",2292862,80,0,"1",.,"A",.,"A",.,"A",.,"A",.,"A",25,"D",.,"A",.,"A",6,"F",.,"A",.,"A",.,"A",140,"D",.,"A",.,"A"
"20103",2292873,64,0,"1",.,"A",.,"A",.,"A",.,"A",.,"A",.,"A",.,"A",.,"A",60,"D",.,"A",.,"A",.,"A",.,"A",.,"A",.,"A"
"20103",2292893,56,0,"1",.,"A",.,"A",.,"A",.,"A",.,"A",.,"A",.,"A",.,"A",.,"A",.,"A",.,"A",.,"A",45,"D",.,"A",.,"A"
"20103",2292932,37,0,"1",.,"A",.,"A",.,"A",.,"A",.,"A",.,"A",.,"A",.,"A",.,"A",.,"A",.,"A",.,"A",36,"D",.,"A",.,"A"
"20103",2292943,43,0,"1",.,"A",.,"A",.,"A",.,"A",.,"A",.,"A",390,"D",.,"A",.,"A",.,"A",.,"A",.,"A",50,"D",.,"A",.,"A"
"20103",2292952,29,0,"1",.,"A",.,"A",.,"A",45,"D",.,"A",.,"A",.,"A",.,"A",.,"A",.,"A",.,"A",.,"A",.,"A",.,"A",.,"A"
"20103",2292962,59,0,"1",.,"A",.,"A",.,"A",.,"A",.,"A",.,"A",650,"D",.,"A",.,"A",.,"A",.,"A",.,"A",60,"D",.,"A",.,"A"
"20103",2292993,44,0,"1",.,"A",.,"A",.,"A",.,"A",.,"A",.,"A",.,"A",.,"A",.,"A",.,"A",.,"A",.,"A",100,"D",.,"A",.,"A"
"20103",2293003,35,0,"1",.,"A",.,"A",.,"A",.,"A",.,"A",15,"D",195,"D",.,"A",.,"A",.,"A",.,"A",.,"A",15,"D",.,"A",.,"A"
"20103",2293032,65,0,"1",.,"A",.,"A",.,"A",.,"A",.,"A",.,"A",.,"A",.,"A",.,"A",.,"A",.,"A",.,"A",140,"D",.,"A",.,"A"
"20103",2293043,42,0,"1",.,"A",.,"A",.,"A",.,"A",.,"A",.,"A",.,"A",.,"A",.,"A",.,"A",.,"A",.,"A",115,"D",.,"A",.,"A"
"20103",2293082,43,0,"1",.,"A",.,"A",.,"A",.,"A",.,"A",.,"A",.,"A",.,"A",.,"A",.,"A",.,"A",.,"A",525,"D",.,"A",.,"A"
"20103",2293092,53,0,"1",.,"A",.,"A",.,"A",.,"A",30,"D",.,"A",520,"D",.,"A",.,"A",.,"A",.,"A",.,"A",.,"A",.,"A",.,"A"
"20103",2293142,83,0,"1",.,"A",.,"A",.,"A",.,"A",.,"A",.,"A",.,"A",.,"A",.,"A",.,"A",.,"A",.,"A",60,"D",.,"A",.,"A"
"20103",2293152,83,0,"1",.,"A",.,"A",.,"A",.,"A",.,"A",.,"A",.,"A",.,"A",.,"A",.,"A",.,"A",.,"A",70,"D",.,"A",.,"A"
"20103",2293164,52,0,"1",.,"A",.,"A",.,"A",.,"A",.,"A",.,"A",.,"A",.,"A",.,"A",.,"A",.,"A",.,"A",25,"D",.,"A",.,"A"
"20103",2293203,65,0,"1",.,"A",.,"A",.,"A",.,"A",.,"A",75,"D",.,"A",.,"A",.,"A",.,"A",.,"A",.,"A",200,"D",.,"A",.,"A"
"20103",2293223,38,0,"1",.,"A",.,"A",.,"A",.,"A",.,"A",.,"A",1560,"D",.,"A",.,"A",.,"A",.,"A",.,"A",15,"D",.,"A",.,"A"
"20103",2293233,29,0,"1",.,"A",.,"A",.,"A",.,"A",240,"D",.,"A",.,"A",.,"A",.,"A",.,"A",.,"A",.,"A",.,"A",.,"A",.,"A"
"20103",2293262,69,0,"1",.,"A",.,"A",.,"A",.,"A",.,"A",.,"A",.,"A",.,"A",.,"A",.,"A",.,"A",.,"A",60,"D",.,"A",.,"A"
"20103",2293282,44,0,"1",.,"A",.,"A",.,"A",.,"A",60,"D",10,"D",130,"D",.,"A",60,"D",.,"A",.,"A",.,"A",42,"D",.,"A",.,"A"
"20103",2293303,30,0,"1",25,"D",.,"A",.,"A",16,"D",75,"D",.,"A",.,"A",.,"A",.,"A",540,"D",0,"D",0,"D",125,"D",180,"D",.,"A"
"20103",2293313,65,0,"1",.,"A",.,"A",.,"A",.,"A",.,"A",.,"A",.,"A",.,"A",.,"A",.,"A",.,"A",.,"A",96,"D",.,"A",.,"A"
"20103",2293332,67,0,"1",.,"A",.,"A",.,"A",.,"A",.,"A",150,"D",.,"A",.,"A",.,"A",.,"A",.,"A",.,"A",100,"D",.,"A",.,"A"
"20103",2293342,77,0,"1",.,"A",.,"A",.,"A",.,"A",.,"A",.,"A",.,"A",.,"A",.,"A",0,"D",0,"D",12,"D",180,"D",0,"D",.,"A"
"20103",2293382,46,0,"1",.,"A",100,"D",.,"A",.,"A",.,"A",0,"D",.,"A",.,"A",30,"D",.,"A",.,"A",.,"A",30,"D",.,"A",.,"A"
"20103",2293392,46,0,"1",.,"A",.,"A",.,"A",.,"A",.,"A",.,"A",.,"A",.,"A",.,"A",.,"A",.,"A",.,"A",200,"D",.,"A",.,"A"
"20103",2293442,68,0,"1",.,"A",.,"A",.,"A",.,"A",.,"A",.,"A",.,"A",.,"A",.,"A",.,"A",.,"A",.,"A",100,"D",.,"A",.,"A"
"20103",2293454,25,0,"1",.,"A",.,"A",.,"A",.,"A",96,"D",.,"A",.,"A",.,"A",.,"A",.,"A",.,"A",.,"A",.,"A",.,"A",.,"A"
"20103",2293462,93,0,"1",.,"A",.,"A",.,"A",.,"A",.,"A",.,"A",.,"A",.,"A",.,"A",.,"A",.,"A",.,"A",350,"D",.,"A",.,"A"
"20103",2293472,89,0,"1",.,"A",.,"A",.,"A",.,"A",.,"A",.,"A",.,"A",.,"A",.,"A",.,"A",.,"A",.,"A",20,"D",.,"A",.,"A"
"20103",2293503,49,0,"1",.,"A",.,"A",.,"A",.,"A",.,"A",.,"A",.,"A",.,"A",1200,"D",.,"A",.,"A",.,"A",.,"A",.,"A",.,"A"
"20103",2293523,38,0,"1",.,"A",.,"A",.,"A",.,"A",.,"A",.,"A",.,"A",.,"A",.,"A",.,"A",.,"A",.,"A",.,"A",.,"A",.,"A"
"20103",2293533,58,0,"1",.,"A",.,"A",.,"A",.,"A",.,"A",.,"A",.,"A",.,"A",.,"A",.,"A",.,"A",.,"A",180,"D",.,"A",.,"A"
"20103",2293542,31,0,"1",.,"A",.,"A",.,"A",.,"A",.,"A",.,"A",.,"A",.,"A",.,"A",.,"A",.,"A",.,"A",7,"D",.,"A",.,"A"
"20103",2293552,72,0,"1",.,"A",.,"A",.,"A",.,"A",.,"A",.,"A",78,"D",.,"A",.,"A",.,"A",.,"A",.,"A",120,"D",.,"A",.,"A"
"20103",2293572,25,0,"1",.,"A",.,"A",.,"A",.,"A",.,"A",.,"A",455,"D",.,"A",.,"A",.,"A",.,"A",.,"A",.,"A",.,"A",.,"A"
"20103",2293602,42,0,"1",.,"A",.,"A",.,"A",.,"A",.,"A",.,"A",.,"A",.,"A",.,"A",.,"A",.,"A",.,"A",.,"A",.,"A",.,"A"
"20103",2293612,50,0,"1",.,"A",.,"A",.,"A",.,"A",.,"A",.,"A",.,"A",.,"A",.,"A",.,"A",.,"A",.,"A",.,"A",.,"A",.,"A"
"20103",2293642,48,0,"1",.,"A",.,"A",.,"A",.,"A",.,"A",.,"A",1092,"D",.,"A",.,"A",.,"A",.,"A",.,"A",50,"D",.,"A",.,"A"
"20103",2293652,26,0,"1",.,"A",.,"A",.,"A",.,"A",.,"A",.,"A",.,"A",.,"A",.,"A",.,"A",.,"A",.,"A",.,"A",.,"A",.,"A"
"20103",2293693,23,0,"1",5,"D",.,"A",.,"A",20,"F",20,"D",.,"A",.,"A",.,"A",.,"A",480,"D",0,"D",120,"D",.,"A",160,"D",.,"A"
"20103",2293703,47,0,"1",.,"A",.,"A",.,"A",.,"A",.,"A",.,"A",325,"D",156,"D",.,"A",.,"A",.,"A",.,"A",.,"A",.,"A",.,"A"
"20103",2293722,40,0,"1",.,"A",.,"A",.,"A",.,"A",.,"A",.,"A",.,"A",.,"A",.,"A",.,"A",.,"A",.,"A",.,"A",.,"A",.,"A"
"20103",2293763,92,0,"1",.,"A",.,"A",.,"A",.,"A",.,"A",.,"A",.,"A",.,"A",.,"A",90,"D",0,"D",0,"D",70,"D",30,"D",.,"A"
"20103",2293783,50,0,"1",.,"A",.,"A",.,"A",.,"A",.,"A",.,"A",.,"A",.,"A",.,"A",.,"A",.,"A",.,"A",166,"D",.,"A",.,"A"
"20103",2293792,44,0,"1",.,"A",.,"A",.,"A",.,"A",.,"A",.,"A",.,"A",.,"A",.,"A",.,"A",.,"A",.,"A",250,"D",.,"A",.,"A"
"20103",2293833,63,0,"1",.,"A",.,"A",.,"A",.,"A",.,"A",.,"A",.,"A",.,"A",.,"A",198,"D",0,"D",0,"D",45,"D",66,"D",200,"D"
"20103",2293853,41,0,"1",.,"A",.,"A",.,"A",.,"A",.,"A",.,"A",.,"A",.,"A",.,"A",.,"A",.,"A",.,"A",.,"A",.,"A",.,"A"
"20103",2293873,68,0,"1",.,"A",.,"A",.,"A",.,"A",.,"A",.,"A",.,"A",.,"A",.,"A",.,"A",.,"A",.,"A",40,"D",.,"A",.,"A"
"20103",2293903,37,0,"1",.,"A",.,"A",.,"A",.,"A",.,"A",.,"A",.,"A",.,"A",.,"A",.,"A",.,"A",.,"A",.,"A",.,"A",.,"A"
"20103",2293922,64,0,"1",.,"A",.,"A",.,"A",.,"A",.,"A",77,"D",325,"D",.,"A",.,"A",.,"A",.,"A",.,"A",.,"A",.,"A",.,"A"
"20103",2293952,45,0,"1",.,"A",.,"A",.,"A",.,"A",.,"A",.,"A",.,"A",.,"A",.,"A",.,"A",.,"A",.,"A",.,"A",.,"A",.,"A"
"20103",2293974,22,0,"1",.,"A",.,"A",.,"A",.,"A",40,"D",100,"D",.,"A",.,"A",.,"A",.,"A",.,"A",.,"A",.,"A",.,"A",.,"A"
"20103",2294022,60,0,"1",.,"A",.,"A",.,"A",.,"A",.,"A",.,"A",.,"A",.,"A",.,"A",.,"A",.,"A",.,"A",50,"D",.,"A",.,"A"
"20103",2294033,59,0,"1",.,"A",.,"A",.,"A",.,"A",.,"A",.,"A",.,"A",.,"A",.,"A",.,"A",.,"A",.,"A",60,"D",.,"A",.,"A"
"20103",2294062,32,0,"1",.,"A",.,"A",.,"A",.,"A",180,"D",.,"A",286,"D",.,"A",300,"D",.,"A",.,"A",.,"A",.,"A",.,"A",.,"A"
"20103",2294082,45,0,"1",.,"A",.,"A",.,"A",.,"A",.,"A",.,"A",.,"A",.,"A",.,"A",.,"A",.,"A",.,"A",20,"D",.,"A",.,"A"
"20103",2294093,70,0,"1",.,"A",.,"A",.,"A",.,"A",72,"D",.,"A",.,"A",.,"A",.,"A",.,"A",.,"A",.,"A",12,"D",.,"A",.,"A"
"20103",2294123,62,0,"1",.,"A",.,"A",.,"A",100,"D",.,"A",.,"A",.,"A",.,"A",.,"A",.,"A",.,"A",.,"A",400,"D",.,"A",.,"A"
"20103",2294162,75,0,"1",.,"A",.,"A",.,"A",.,"A",.,"A",60,"D",.,"A",.,"A",27,"D",.,"A",.,"A",.,"A",15,"D",.,"A",.,"A"
"20103",2294173,39,0,"1",.,"A",.,"A",.,"A",.,"A",.,"A",.,"A",.,"A",.,"A",.,"A",0,"D",0,"D",120,"D",.,"A",0,"D",.,"A"
"20103",2294192,50,0,"1",.,"A",.,"A",.,"A",.,"A",.,"A",.,"A",.,"A",.,"A",.,"A",.,"A",.,"A",.,"A",40,"D",.,"A",.,"A"
"20103",2294232,90,0,"1",.,"A",.,"A",.,"A",.,"A",.,"A",.,"A",.,"A",.,"A",72,"D",.,"A",.,"A",.,"A",300,"D",.,"A",.,"A"
"20103",2294283,65,0,"1",.,"A",.,"A",.,"A",.,"A",.,"A",40,"D",.,"A",.,"A",60,"D",.,"A",.,"A",.,"A",410,"D",.,"A",.,"A"
"20103",2294293,50,0,"1",.,"A",.,"A",.,"A",.,"A",26,"D",195,"D",.,"A",.,"A",.,"A",.,"A",.,"A",.,"A",90,"D",.,"A",.,"A"
"20103",2294332,57,0,"1",.,"A",.,"A",.,"A",.,"A",.,"A",.,"A",.,"A",.,"A",.,"A",3,"D",0,"D",0,"D",.,"A",1,"D",110,"F"
"20103",2294373,63,0,"1",.,"A",.,"A",.,"A",.,"A",.,"A",.,"A",.,"A",.,"A",.,"A",.,"A",.,"A",.,"A",105,"D",.,"A",.,"A"
"20103",2294394,42,0,"1",.,"A",.,"A",.,"A",.,"A",.,"A",.,"A",.,"A",26,"D",.,"A",.,"A",.,"A",.,"A",15,"D",.,"A",.,"A"
"20103",2294413,47,0,"1",.,"A",.,"A",.,"A",.,"A",.,"A",.,"A",195,"D",.,"A",.,"A",.,"A",.,"A",.,"A",240,"D",.,"A",.,"A"
"20103",2294442,23,0,"1",.,"A",.,"A",.,"A",.,"A",.,"A",.,"A",.,"A",.,"A",.,"A",.,"A",.,"A",.,"A",.,"A",.,"A",.,"A"
"20103",2294453,28,0,"1",.,"A",.,"A",.,"A",.,"A",.,"A",.,"A",.,"A",.,"A",.,"A",.,"A",.,"A",.,"A",.,"A",.,"A",.,"A"
"20103",2294463,67,0,"1",.,"A",.,"A",.,"A",.,"A",.,"A",.,"A",.,"A",.,"A",.,"A",.,"A",.,"A",.,"A",.,"A",.,"A",.,"A"
"20103",2294473,54,0,"1",.,"A",.,"A",.,"A",.,"A",.,"A",.,"A",.,"A",.,"A",45,"D",.,"A",.,"A",.,"A",60,"D",.,"A",.,"A"
"20103",2294522,34,0,"1",.,"A",.,"A",.,"A",.,"A",48,"D",28,"D",.,"A",.,"A",.,"A",.,"A",.,"A",.,"A",120,"D",.,"A",.,"A"
"20103",2294563,29,0,"1",.,"A",.,"A",.,"A",180,"D",.,"A",.,"A",.,"A",.,"A",.,"A",450,"D",0,"D",0,"D",120,"D",150,"D",.,"A"
"20103",2294572,20,0,"1",.,"A",.,"A",.,"A",.,"A",30,"D",.,"A",.,"A",.,"A",.,"A",.,"A",.,"A",.,"A",.,"A",.,"A",.,"A"
"20103",2294592,48,0,"1",.,"A",.,"A",.,"A",.,"A",.,"A",.,"A",780,"D",.,"A",.,"A",.,"A",.,"A",.,"A",30,"D",.,"A",.,"A"
"20103",2294603,50,0,"1",.,"A",.,"A",.,"A",.,"A",.,"A",.,"A",.,"A",.,"A",.,"A",.,"A",.,"A",.,"A",240,"D",.,"A",.,"A"
"20103",2294612,21,0,"1",.,"A",.,"A",.,"A",.,"A",.,"A",.,"A",.,"A",.,"A",.,"A",.,"A",.,"A",.,"A",.,"A",.,"A",.,"A"
"20103",2294633,55,0,"1",.,"A",.,"A",.,"A",.,"A",.,"A",.,"A",.,"A",.,"A",45,"D",.,"A",.,"A",.,"A",200,"D",.,"A",.,"A"
"20103",2294652,47,0,"1",5,"D",.,"A",.,"A",.,"A",0,"D",.,"A",572,"D",.,"A",.,"A",.,"A",.,"A",.,"A",12,"D",.,"A",.,"A"
"20103",2294663,49,0,"1",.,"A",.,"A",.,"A",.,"A",.,"A",.,"A",.,"A",104,"D",.,"A",.,"A",.,"A",.,"A",28,"D",.,"A",.,"A"
"20103",2294673,42,0,"1",.,"A",.,"A",.,"A",.,"A",.,"A",.,"A",.,"A",.,"A",.,"A",.,"A",.,"A",.,"A",.,"A",.,"A",.,"A"
"20103",2294783,31,0,"1",.,"A",.,"A",.,"A",.,"A",.,"A",.,"A",.,"A",.,"A",.,"A",.,"A",.,"A",.,"A",10,"D",.,"A",.,"A"
"20103",2294803,62,0,"1",.,"A",.,"A",.,"A",.,"A",.,"A",.,"A",.,"A",.,"A",75,"D",90,"D",0,"D",0,"D",.,"A",30,"D",.,"A"
"20103",2294813,55,0,"1",.,"A",.,"A",.,"A",.,"A",.,"A",.,"A",.,"A",.,"A",15,"D",.,"A",.,"A",.,"A",20,"D",.,"A",.,"A"
"20103",2294832,72,0,"1",.,"A",.,"A",.,"A",.,"A",.,"A",.,"A",.,"A",.,"A",.,"A",.,"A",.,"A",.,"A",75,"D",.,"A",.,"A"
"20103",2294883,43,0,"1",.,"A",.,"A",.,"A",.,"A",.,"A",.,"A",.,"A",.,"A",.,"A",.,"A",.,"A",.,"A",.,"A",.,"A",.,"A"
"20103",2294902,51,0,"1",.,"A",.,"A",.,"A",.,"A",.,"A",.,"A",.,"A",.,"A",.,"A",.,"A",.,"A",.,"A",.,"A",.,"A",.,"A"
"20103",2294922,68,0,"1",.,"A",.,"A",.,"A",.,"A",.,"A",.,"A",.,"A",.,"A",.,"A",.,"A",.,"A",.,"A",73,"D",.,"A",.,"A"
"20103",2294973,50,0,"1",.,"A",.,"A",.,"A",.,"A",.,"A",.,"A",.,"A",.,"A",.,"A",.,"A",.,"A",.,"A",120,"D",.,"A",.,"A"
"20103",2294993,37,0,"1",.,"A",.,"A",.,"A",.,"A",.,"A",.,"A",.,"A",.,"A",.,"A",.,"A",.,"A",.,"A",.,"A",.,"A",.,"A"
"20103",2295013,62,0,"1",.,"A",.,"A",.,"A",.,"A",.,"A",.,"A",.,"A",455,"D",.,"A",.,"A",.,"A",.,"A",.,"A",.,"A",.,"A"
"20103",2295033,40,0,"1",.,"A",.,"A",.,"A",.,"A",.,"A",.,"A",.,"A",.,"A",18,"D",.,"A",.,"A",.,"A",30,"D",.,"A",.,"A"
"20103",2295042,57,0,"1",.,"A",.,"A",.,"A",.,"A",.,"A",28,"D",.,"A",.,"A",.,"A",453,"D",0,"D",0,"D",50,"D",151,"D",.,"A"
"20103",2295052,64,0,"1",.,"A",.,"A",.,"A",.,"A",.,"A",.,"A",.,"A",130,"D",24,"D",.,"A",.,"A",.,"A",.,"A",.,"A",.,"A"
"20103",2295063,61,0,"1",20,"D",.,"A",.,"A",.,"A",0,"D",.,"A",.,"A",.,"A",.,"A",.,"A",.,"A",.,"A",.,"A",.,"A",.,"A"
"20103",2295082,33,0,"1",.,"A",.,"A",.,"A",.,"A",.,"A",.,"A",.,"A",.,"A",.,"A",.,"A",.,"A",.,"A",210,"D",.,"A",.,"A"
"20103",2295093,34,0,"1",.,"A",.,"A",.,"A",.,"A",40,"D",.,"A",.,"A",.,"A",.,"A",.,"A",.,"A",.,"A",60,"D",.,"A",.,"A"
"20103",2295112,46,0,"1",.,"A",.,"A",.,"A",.,"A",.,"A",.,"A",650,"D",.,"A",.,"A",.,"A",.,"A",.,"A",.,"A",.,"A",.,"A"
"20103",2295133,48,0,"1",.,"A",.,"A",.,"A",.,"A",.,"A",.,"A",.,"A",.,"A",.,"A",.,"A",.,"A",.,"A",150,"D",.,"A",.,"A"
"20103",2295203,41,0,"1",.,"A",.,"A",.,"A",.,"A",.,"A",.,"A",520,"D",.,"A",.,"A",.,"A",.,"A",.,"A",.,"A",.,"A",.,"A"
"20103",2295213,38,0,"1",.,"A",.,"A",.,"A",.,"A",.,"A",.,"A",78,"D",.,"A",.,"A",.,"A",.,"A",.,"A",.,"A",.,"A",.,"A"
"20103",2295222,56,0,"1",.,"A",.,"A",.,"A",.,"A",.,"A",.,"A",.,"A",.,"A",.,"A",.,"A",.,"A",.,"A",.,"A",.,"A",.,"A"
"20103",2295233,49,0,"1",.,"A",.,"A",.,"A",.,"A",.,"A",.,"A",.,"A",.,"A",.,"A",.,"A",.,"A",.,"A",400,"D",.,"A",.,"A"
"20103",2295293,63,0,"1",.,"A",.,"A",.,"A",.,"A",.,"A",.,"A",.,"A",.,"A",.,"A",.,"A",.,"A",.,"A",120,"D",.,"A",.,"A"
"20103",2295312,82,0,"1",.,"A",.,"A",.,"A",.,"A",.,"A",.,"A",.,"A",.,"A",.,"A",.,"A",.,"A",.,"A",120,"D",.,"A",.,"A"
"20103",2295323,49,0,"1",.,"A",.,"A",.,"A",.,"A",.,"A",.,"A",.,"A",.,"A",.,"A",.,"A",.,"A",.,"A",190,"D",.,"A",.,"A"
"20103",2295343,31,0,"1",.,"A",.,"A",.,"A",.,"A",.,"A",.,"A",.,"A",.,"A",.,"A",.,"A",.,"A",.,"A",.,"A",.,"A",.,"A"
"20103",2295352,36,0,"1",.,"A",.,"A",.,"A",.,"A",.,"A",.,"A",.,"A",.,"A",.,"A",.,"A",.,"A",.,"A",.,"A",.,"A",.,"A"
"20103",2295372,24,0,"1",.,"A",.,"A",.,"A",.,"A",.,"A",.,"A",.,"A",.,"A",.,"A",.,"A",.,"A",.,"A",.,"A",.,"A",.,"A"
"20103",2295393,51,0,"1",.,"A",.,"A",.,"A",.,"A",.,"A",.,"A",.,"A",.,"A",.,"A",.,"A",.,"A",.,"A",46,"D",.,"A",.,"A"
"20103",2295402,23,0,"1",.,"A",.,"A",.,"A",.,"A",.,"A",.,"A",.,"A",.,"A",.,"A",.,"A",.,"A",.,"A",.,"A",.,"A",.,"A"
"20103",2295412,32,0,"1",.,"A",.,"A",.,"A",.,"A",40,"D",.,"A",780,"D",.,"A",.,"A",.,"A",.,"A",.,"A",.,"A",.,"A",.,"A"
"20103",2295463,93,0,"1",.,"A",.,"A",.,"A",.,"A",.,"A",.,"A",.,"A",.,"A",.,"A",.,"A",.,"A",.,"A",100,"D",.,"A",.,"A"
"20103",2295473,48,0,"1",.,"A",.,"A",.,"A",.,"A",.,"A",.,"A",.,"A",.,"A",36,"D",.,"A",.,"A",.,"A",.,"A",.,"A",.,"A"
"20103",2295522,31,0,"1",.,"A",.,"A",.,"A",.,"A",.,"A",.,"A",.,"A",.,"A",.,"A",360,"D",0,"D",0,"D",.,"A",120,"D",.,"A"
"20103",2295533,34,0,"1",.,"A",.,"A",.,"A",.,"A",.,"A",.,"A",.,"A",.,"A",.,"A",.,"A",.,"A",.,"A",.,"A",.,"A",.,"A"
"20103",2295563,68,0,"1",.,"A",.,"A",.,"A",.,"A",.,"A",45,"D",.,"A",.,"A",.,"A",.,"A",.,"A",.,"A",150,"D",.,"A",.,"A"
"20103",2295585,79,0,"1",.,"A",.,"A",.,"A",.,"A",140,"D",.,"A",.,"A",.,"A",21,"D",.,"A",.,"A",.,"A",45,"D",.,"A",.,"A"
"20103",2295622,41,0,"1",.,"A",.,"A",35,"D",.,"A",.,"A",.,"A",390,"D",.,"A",9,"D",.,"A",.,"A",.,"A",20,"D",.,"A",.,"A"
"20103",2295632,63,0,"1",.,"A",.,"A",.,"A",.,"A",.,"A",180,"D",.,"A",.,"A",.,"A",.,"A",.,"A",.,"A",330,"D",.,"A",.,"A"
"20103",2295653,32,0,"1",60,"D",.,"A",.,"A",.,"A",180,"D",.,"A",.,"A",.,"A",.,"A",.,"A",.,"A",.,"A",120,"D",.,"A",.,"A"
"20103",2295672,73,0,"1",.,"A",.,"A",.,"A",.,"A",.,"A",.,"A",455,"D",.,"A",.,"A",.,"A",.,"A",.,"A",220,"D",.,"A",.,"A"
"20103",2295682,40,0,"1",.,"A",.,"A",.,"A",.,"A",60,"D",.,"A",.,"A",.,"A",36,"D",.,"A",.,"A",.,"A",60,"D",.,"A",.,"A"
"20103",2295692,35,0,"1",.,"A",.,"A",.,"A",.,"A",.,"A",.,"A",754,"D",.,"A",.,"A",.,"A",.,"A",.,"A",.,"A",.,"A",.,"A"
"20103",2295702,97,0,"1",10,"D",.,"A",.,"A",.,"A",0,"D",.,"A",.,"A",.,"A",.,"A",.,"A",.,"A",.,"A",85,"D",.,"A",.,"A"
"20103",2295712,72,0,"1",.,"A",.,"A",.,"A",.,"A",.,"A",.,"A",1300,"D",.,"A",54,"D",.,"A",.,"A",.,"A",200,"D",.,"A",.,"A"
"20103",2295723,24,0,"1",.,"A",.,"A",.,"A",.,"A",.,"A",.,"A",.,"A",.,"A",.,"A",.,"A",.,"A",.,"A",.,"A",.,"A",.,"A"
"20103",2295742,63,0,"1",.,"A",.,"A",.,"A",.,"A",.,"A",15,"D",.,"A",.,"A",.,"A",30,"D",6,"D",6,"D",16,"D",10,"D",.,"A"
"20103",2295783,65,0,"1",.,"A",.,"A",.,"A",.,"A",.,"A",.,"A",546,"D",.,"A",.,"A",240,"D",0,"D",240,"D",150,"D",80,"D",60,"D"
"20103",2295792,49,0,"1",.,"A",.,"A",.,"A",.,"A",.,"A",.,"A",.,"A",.,"A",.,"A",.,"A",.,"A",.,"A",150,"D",.,"A",.,"A"
"20103",2295832,42,0,"1",.,"A",.,"A",.,"A",.,"A",.,"A",.,"A",.,"A",.,"A",.,"A",.,"A",.,"A",.,"A",60,"D",.,"A",.,"A"
"20103",2295883,25,0,"1",.,"A",.,"A",.,"A",.,"A",30,"D",.,"A",.,"A",.,"A",.,"A",240,"D",0,"D",0,"D",40,"D",80,"D",.,"A"
"20103",2295902,34,0,"1",.,"A",.,"A",.,"A",.,"A",.,"A",.,"A",.,"A",.,"A",.,"A",.,"A",.,"A",.,"A",.,"A",.,"A",.,"A"
"20103",2295932,52,0,"1",.,"A",.,"A",.,"A",.,"A",.,"A",.,"A",.,"A",.,"A",.,"A",.,"A",.,"A",.,"A",.,"A",.,"A",.,"A"
"20103",2295943,29,0,"1",.,"A",.,"A",.,"A",30,"D",16,"D",.,"A",520,"D",.,"A",.,"A",.,"A",.,"A",.,"A",.,"A",.,"A",.,"A"
"20103",2295952,33,0,"1",.,"A",.,"A",.,"A",.,"A",.,"A",.,"A",.,"A",.,"A",.,"A",.,"A",.,"A",.,"A",.,"A",.,"A",.,"A"
"20103",2295983,53,0,"1",.,"A",.,"A",.,"A",.,"A",.,"A",.,"A",.,"A",.,"A",.,"A",.,"A",.,"A",.,"A",.,"A",.,"A",.,"A"
"20103",2295993,44,0,"1",.,"A",.,"A",.,"A",.,"A",.,"A",.,"A",.,"A",.,"A",.,"A",.,"A",.,"A",.,"A",40,"D",.,"A",.,"A"
"20103",2296025,52,0,"1",.,"A",.,"A",.,"A",60,"D",.,"A",.,"A",455,"D",.,"A",27,"D",.,"A",.,"A",.,"A",.,"A",.,"A",.,"A"
"20103",2296034,38,0,"1",.,"A",.,"A",.,"A",.,"A",.,"A",.,"A",390,"D",.,"A",.,"A",.,"A",.,"A",.,"A",150,"D",.,"A",.,"A"
"20103",2296053,28,0,"1",.,"A",.,"A",.,"A",.,"A",.,"A",.,"A",.,"A",.,"A",.,"A",.,"A",.,"A",.,"A",.,"A",.,"A",.,"A"
"20103",2296093,25,0,"1",.,"A",.,"A",.,"A",.,"A",.,"A",.,"A",.,"A",.,"A",.,"A",.,"A",.,"A",.,"A",.,"A",.,"A",.,"A"
"20103",2296102,64,0,"1",.,"A",.,"A",.,"A",.,"A",.,"A",.,"A",.,"A",.,"A",.,"A",.,"A",.,"A",.,"A",.,"A",.,"A",.,"A"
"20103",2296165,26,0,"1",10,"D",.,"A",.,"A",25,"D",30,"D",.,"A",.,"A",.,"A",.,"A",225,"D",0,"D",0,"D",.,"A",75,"D",.,"A"
"20103",2296213,65,0,"1",.,"A",.,"A",.,"A",.,"A",.,"A",.,"A",.,"A",.,"A",.,"A",.,"A",.,"A",.,"A",15,"D",.,"A",.,"A"
"20103",2296243,50,0,"1",.,"A",.,"A",.,"A",200,"D",.,"A",.,"A",.,"A",.,"A",.,"A",.,"A",.,"A",.,"A",.,"A",.,"A",.,"A"
"20103",2296253,47,0,"1",.,"A",.,"A",.,"A",.,"A",.,"A",.,"A",.,"A",.,"A",.,"A",.,"A",.,"A",.,"A",24,"D",.,"A",.,"A"
"20103",2296294,57,0,"1",.,"A",.,"A",.,"A",.,"A",.,"A",40,"D",.,"A",.,"A",.,"A",.,"A",.,"A",.,"A",30,"D",.,"A",.,"A"
"20103",2296302,45,0,"1",.,"A",.,"A",.,"A",.,"A",.,"A",.,"A",260,"D",.,"A",.,"A",.,"A",.,"A",.,"A",100,"D",.,"A",.,"A"
"20103",2296353,46,0,"1",.,"A",.,"A",.,"A",.,"A",.,"A",.,"A",.,"A",.,"A",.,"A",.,"A",.,"A",.,"A",.,"A",.,"A",.,"A"
"20103",2296362,25,0,"1",.,"A",.,"A",.,"A",.,"A",.,"A",.,"A",.,"A",.,"A",.,"A",.,"A",.,"A",.,"A",.,"A",.,"A",.,"A"
"20103",2296385,34,0,"1",.,"A",.,"A",.,"A",.,"A",.,"A",.,"A",156,"F",.,"A",.,"A",300,"D",120,"D",120,"D",.,"A",100,"D",300,"D"
"20103",2296392,41,0,"1",.,"A",.,"A",.,"A",.,"A",.,"A",.,"A",780,"D",.,"A",30,"D",.,"A",.,"A",.,"A",100,"D",.,"A",.,"A"
"20103",2296402,36,0,"1",.,"A",.,"A",.,"A",.,"A",.,"A",.,"A",.,"A",.,"A",.,"A",.,"A",.,"A",.,"A",.,"A",.,"A",.,"A"
"20103",2296452,35,0,"1",18,"D",.,"A",.,"A",300,"D",18,"D",.,"A",.,"A",.,"A",.,"A",.,"A",.,"A",.,"A",12,"D",.,"A",.,"A"
"20103",2296462,50,0,"1",.,"A",.,"A",.,"A",.,"A",.,"A",.,"A",.,"A",.,"A",.,"A",.,"A",.,"A",.,"A",100,"D",.,"A",.,"A"
"20103",2296472,69,0,"1",.,"A",.,"A",.,"A",.,"A",.,"A",.,"A",.,"A",.,"A",18,"D",.,"A",.,"A",.,"A",20,"D",.,"A",.,"A"
"20103",2296482,52,0,"1",.,"A",.,"A",.,"A",.,"A",.,"A",.,"A",.,"A",.,"A",.,"A",6,"D",0,"D",135,"D",75,"D",2,"D",.,"A"
"20103",2296493,54,0,"1",.,"A",.,"A",.,"A",25,"D",30,"D",80,"D",.,"A",.,"A",.,"A",180,"D",0,"D",0,"D",275,"D",60,"D",.,"A"
"20103",2296503,53,0,"1",.,"A",.,"A",.,"A",.,"A",.,"A",.,"A",.,"A",.,"A",.,"A",.,"A",.,"A",.,"A",16,"D",.,"A",.,"A"
"20103",2296523,26,0,"1",.,"A",.,"A",.,"A",.,"A",.,"A",.,"A",.,"A",.,"A",.,"A",.,"A",.,"A",.,"A",.,"A",.,"A",.,"A"
"20103",2296552,48,0,"1",.,"A",.,"A",.,"A",.,"A",.,"A",.,"A",.,"A",.,"A",.,"A",.,"A",.,"A",.,"A",.,"A",.,"A",.,"A"
"20103",2296563,32,0,"1",.,"A",.,"A",.,"A",.,"A",.,"A",.,"A",.,"A",.,"A",.,"A",.,"A",.,"A",.,"A",15,"D",.,"A",.,"A"
"20103",2296573,26,0,"1",.,"A",.,"A",.,"A",.,"A",.,"A",.,"A",.,"A",.,"A",.,"A",.,"A",.,"A",.,"A",.,"A",.,"A",.,"A"
"20103",2296582,45,0,"1",.,"A",.,"A",.,"A",.,"A",30,"D",.,"A",.,"A",.,"A",.,"A",.,"A",.,"A",.,"A",.,"A",.,"A",.,"A"
"20103",2296603,35,0,"1",.,"A",.,"A",.,"A",.,"A",.,"A",.,"A",130,"D",.,"A",.,"A",.,"A",.,"A",.,"A",.,"A",.,"A",.,"A"
"20103",2296613,62,0,"1",.,"A",.,"A",.,"A",.,"A",.,"A",.,"A",.,"A",.,"A",.,"A",.,"A",.,"A",.,"A",20,"D",.,"A",.,"A"
"20103",2296634,37,0,"1",.,"A",.,"A",.,"A",.,"A",40,"D",.,"A",.,"A",.,"A",.,"A",.,"A",.,"A",.,"A",50,"D",.,"A",.,"A"
"20103",2296664,62,0,"1",.,"A",.,"A",.,"A",.,"A",.,"A",.,"A",.,"A",.,"A",.,"A",.,"A",.,"A",.,"A",160,"D",.,"A",.,"A"
"20103",2296683,55,0,"1",.,"A",.,"A",.,"A",.,"A",100,"D",.,"A",.,"A",.,"A",.,"A",.,"A",.,"A",.,"A",36,"D",.,"A",.,"A"
"20103",2296703,46,0,"1",.,"A",.,"A",.,"A",.,"A",.,"A",.,"A",.,"A",.,"A",.,"A",.,"A",.,"A",.,"A",.,"A",.,"A",.,"A"
"20103",2296733,36,0,"1",.,"A",.,"A",.,"A",.,"A",.,"A",.,"A",273,"D",.,"A",.,"A",.,"A",.,"A",.,"A",16,"D",.,"A",.,"A"
"20103",2296742,33,0,"1",.,"A",.,"A",.,"A",.,"A",12,"D",90,"D",.,"A",.,"A",.,"A",.,"A",.,"A",.,"A",60,"D",.,"A",.,"A"
"20103",2296765,54,0,"1",100,"D",.,"A",.,"A",.,"A",140,"D",.,"A",.,"A",.,"A",.,"A",.,"A",.,"A",.,"A",60,"D",.,"A",.,"A"
"20103",2296772,43,0,"1",.,"A",.,"A",.,"A",.,"A",.,"A",.,"A",.,"A",.,"A",.,"A",.,"A",.,"A",.,"A",60,"D",.,"A",.,"A"
"20103",2296783,47,0,"1",.,"A",.,"A",.,"A",.,"A",.,"A",.,"A",.,"A",.,"A",.,"A",.,"A",.,"A",.,"A",.,"A",.,"A",.,"A"
"20103",2296793,30,0,"1",90,"D",.,"A",.,"A",.,"A",150,"D",.,"A",.,"A",.,"A",.,"A",210,"D",0,"D",60,"D",180,"D",70,"D",.,"A"
"20103",2296803,67,0,"1",.,"A",.,"A",.,"A",.,"A",.,"A",.,"A",.,"A",.,"A",.,"A",.,"A",.,"A",.,"A",84,"D",.,"A",.,"A"
"20103",2296833,78,0,"1",.,"A",.,"A",.,"A",.,"A",.,"A",.,"A",.,"A",.,"A",.,"A",.,"A",.,"A",.,"A",45,"D",.,"A",.,"A"
"20103",2296893,50,0,"1",.,"A",.,"A",.,"A",.,"A",.,"A",.,"A",650,"D",.,"A",.,"A",309,"D",0,"D",0,"D",100,"D",103,"D",.,"A"
"20103",2296914,49,0,"1",.,"A",.,"A",.,"A",.,"A",40,"D",.,"A",13,"D",.,"A",.,"A",.,"A",.,"A",.,"A",60,"D",.,"A",.,"A"
"20103",2296933,39,0,"1",.,"A",.,"A",.,"A",.,"A",.,"A",.,"A",.,"A",.,"A",.,"A",.,"A",.,"A",.,"A",45,"D",.,"A",.,"A"
"20103",2296942,55,0,"1",.,"A",.,"A",.,"A",.,"A",.,"A",.,"A",.,"A",.,"A",.,"A",.,"A",.,"A",.,"A",150,"D",.,"A",.,"A"
"20103",2296952,51,0,"1",.,"A",39,"D",.,"A",.,"A",.,"A",0,"D",.,"A",.,"A",.,"A",.,"A",.,"A",.,"A",55,"D",.,"A",.,"A"
"20103",2296962,54,0,"1",.,"A",.,"A",.,"A",.,"A",.,"A",.,"A",.,"A",.,"A",.,"A",.,"A",.,"A",.,"A",.,"A",.,"A",.,"A"
"20103",2296982,70,0,"1",1,"D",.,"A",.,"A",.,"A",62,"D",.,"A",.,"A",.,"A",.,"A",.,"A",.,"A",.,"A",115,"D",.,"A",.,"A"
"20103",2296993,45,0,"1",.,"A",.,"A",.,"A",.,"A",.,"A",.,"A",.,"A",.,"A",.,"A",.,"A",.,"A",.,"A",60,"D",.,"A",.,"A"
"20103",2297023,22,0,"1",.,"A",.,"A",.,"A",.,"A",.,"A",.,"A",.,"A",.,"A",.,"A",.,"A",.,"A",.,"A",.,"A",.,"A",.,"A"
"20103",2297033,41,0,"1",.,"A",.,"A",.,"A",.,"A",.,"A",.,"A",.,"A",.,"A",.,"A",.,"A",.,"A",.,"A",200,"D",.,"A",.,"A"
"20103",2297042,53,0,"1",.,"A",.,"A",.,"A",.,"A",.,"A",.,"A",.,"A",.,"A",.,"A",0,"D",0,"D",150,"D",100,"D",0,"D",.,"A"
"20103",2297113,35,0,"1",.,"A",.,"A",.,"A",60,"D",30,"D",.,"A",143,"D",.,"A",60,"D",0,"D",0,"D",120,"D",45,"D",0,"D",.,"A"
"20103",2297123,59,0,"1",.,"A",.,"A",.,"A",.,"A",.,"A",.,"A",650,"D",.,"A",.,"A",.,"A",.,"A",.,"A",100,"D",.,"A",.,"A"
"20103",2297153,38,0,"1",.,"A",.,"A",.,"A",.,"A",.,"A",.,"A",.,"A",.,"A",.,"A",.,"A",.,"A",.,"A",.,"A",.,"A",.,"A"
"20103",2297183,52,0,"1",.,"A",.,"A",.,"A",.,"A",.,"A",.,"A",.,"A",.,"A",.,"A",.,"A",.,"A",.,"A",60,"D",.,"A",.,"A"
"20103",2297212,55,0,"1",.,"A",.,"A",.,"A",.,"A",.,"A",.,"A",.,"A",.,"A",.,"A",.,"A",.,"A",.,"A",240,"D",.,"A",.,"A"
"20103",2297265,33,0,"1",.,"A",.,"A",.,"A",.,"A",.,"A",.,"A",.,"A",.,"A",.,"A",.,"A",.,"A",.,"A",.,"A",.,"A",.,"A"
"20103",2297274,39,0,"1",.,"A",.,"A",.,"A",.,"A",.,"A",.,"A",.,"A",.,"A",12,"D",.,"A",.,"A",.,"A",55,"D",.,"A",.,"A"
"20103",2297292,41,0,"1",.,"A",.,"A",.,"A",.,"A",.,"A",.,"A",.,"A",.,"A",.,"A",.,"A",.,"A",.,"A",355,"D",.,"A",.,"A"
"20103",2297342,37,0,"1",.,"A",.,"A",.,"A",.,"A",.,"A",480,"D",.,"A",.,"A",.,"A",.,"A",.,"A",.,"A",.,"A",.,"A",.,"A"
"20103",2297362,56,0,"1",.,"A",.,"A",.,"A",.,"A",.,"A",20,"D",.,"A",.,"A",.,"A",.,"A",.,"A",.,"A",400,"D",.,"A",.,"A"
"20103",2297402,74,0,"1",.,"A",.,"A",.,"A",.,"A",.,"A",.,"A",.,"A",.,"A",15,"D",.,"A",.,"A",.,"A",300,"D",.,"A",.,"A"
"20103",2297422,42,0,"1",.,"A",.,"A",.,"A",.,"A",.,"A",.,"A",.,"A",.,"A",.,"A",.,"A",.,"A",.,"A",.,"A",.,"A",.,"A"
"20103",2297452,26,0,"1",.,"A",.,"A",.,"A",.,"A",.,"A",.,"A",260,"D",.,"A",.,"A",.,"A",.,"A",.,"A",.,"A",.,"A",.,"A"
"20103",2297463,45,0,"1",.,"A",.,"A",.,"A",.,"A",.,"A",.,"A",130,"D",.,"A",.,"A",.,"A",.,"A",.,"A",.,"A",.,"A",.,"A"
"20103",2297473,54,0,"1",.,"A",.,"A",.,"A",.,"A",.,"A",.,"A",.,"A",.,"A",30,"D",.,"A",.,"A",.,"A",160,"D",.,"A",.,"A"
"20103",2297482,39,0,"1",.,"A",.,"A",.,"A",.,"A",.,"A",.,"A",.,"A",.,"A",.,"A",.,"A",.,"A",.,"A",.,"A",.,"A",.,"A"
"20103",2297512,68,0,"1",.,"A",.,"A",.,"A",.,"A",.,"A",.,"A",.,"A",.,"A",.,"A",.,"A",.,"A",.,"A",150,"D",.,"A",.,"A"
"20103",2297522,34,0,"1",.,"A",.,"A",.,"A",.,"A",.,"A",.,"A",.,"A",.,"A",.,"A",.,"A",.,"A",.,"A",.,"A",.,"A",.,"A"
"20103",2297533,82,0,"1",.,"A",.,"A",.,"A",.,"A",.,"A",120,"D",.,"A",.,"A",30,"D",.,"A",.,"A",.,"A",420,"D",.,"A",.,"A"
"20103",2297543,35,0,"1",.,"A",.,"A",.,"A",.,"A",.,"A",.,"A",.,"A",.,"A",.,"A",.,"A",.,"A",.,"A",.,"A",.,"A",.,"A"
"20103",2297552,40,0,"1",.,"A",.,"A",.,"A",.,"A",.,"A",.,"A",.,"A",.,"A",.,"A",.,"A",.,"A",.,"A",88,"D",.,"A",.,"A"
"20103",2297563,54,0,"1",.,"A",.,"A",.,"A",.,"A",.,"A",.,"A",.,"A",.,"A",.,"A",.,"A",.,"A",.,"A",.,"A",.,"A",.,"A"
"20103",2297602,34,0,"1",.,"A",.,"A",.,"A",.,"A",.,"A",.,"A",.,"A",.,"A",.,"A",.,"A",.,"A",.,"A",.,"A",.,"A",.,"A"
"20103",2297693,71,0,"1",.,"A",.,"A",.,"A",.,"A",.,"A",.,"A",.,"A",.,"A",.,"A",0,"D",0,"D",60,"D",250,"D",0,"D",.,"A"
"20103",2297712,43,0,"1",.,"A",.,"A",.,"A",.,"A",.,"A",.,"A",390,"D",.,"A",12,"D",.,"A",.,"A",.,"A",20,"D",.,"A",.,"A"
"20103",2297732,30,0,"1",.,"A",.,"A",.,"A",.,"A",.,"A",.,"A",.,"A",.,"A",15,"D",.,"A",.,"A",.,"A",.,"A",.,"A",.,"A"
"20103",2297742,35,0,"1",.,"A",.,"A",.,"A",.,"A",.,"A",.,"A",.,"A",.,"A",.,"A",120,"D",0,"D",0,"D",40,"D",40,"D",.,"A"
"20103",2297765,40,0,"1",.,"A",.,"A",.,"A",.,"A",.,"A",.,"A",.,"A",.,"A",.,"A",.,"A",.,"A",.,"A",.,"A",.,"A",.,"A"
"20103",2297793,61,0,"1",.,"A",.,"A",.,"A",.,"A",.,"A",.,"A",.,"A",.,"A",.,"A",.,"A",.,"A",.,"A",34,"D",.,"A",.,"A"
"20103",2297812,37,0,"1",.,"A",.,"A",.,"A",.,"A",.,"A",.,"A",234,"D",.,"A",.,"A",.,"A",.,"A",.,"A",60,"D",.,"A",.,"A"
"20103",2297842,64,0,"1",.,"A",.,"A",.,"A",.,"A",.,"A",230,"D",.,"A",.,"A",.,"A",.,"A",.,"A",.,"A",125,"D",.,"A",.,"A"
"20103",2297863,52,0,"1",.,"A",.,"A",.,"A",.,"A",.,"A",.,"A",.,"A",.,"A",.,"A",.,"A",.,"A",.,"A",42,"D",.,"A",.,"A"
"20103",2297872,26,0,"1",.,"A",.,"A",.,"A",.,"A",.,"A",.,"A",.,"A",.,"A",.,"A",.,"A",.,"A",.,"A",.,"A",.,"A",.,"A"
"20103",2297883,56,0,"1",.,"A",.,"A",.,"A",.,"A",.,"A",.,"A",.,"A",.,"A",.,"A",.,"A",.,"A",.,"A",.,"A",.,"A",.,"A"
"20103",2297893,34,0,"1",.,"A",.,"A",.,"A",.,"A",.,"A",.,"A",.,"A",.,"A",.,"A",.,"A",.,"A",.,"A",45,"D",.,"A",.,"A"
"20103",2297912,55,0,"1",.,"A",.,"A",.,"A",.,"A",.,"A",.,"A",.,"A",.,"A",.,"A",.,"A",.,"A",.,"A",.,"A",.,"A",.,"A"
"20103",2297922,40,0,"1",.,"A",.,"A",.,"A",.,"A",.,"A",.,"A",.,"A",.,"A",.,"A",.,"A",.,"A",.,"A",75,"D",.,"A",.,"A"
"20103",2297942,67,0,"1",.,"A",.,"A",.,"A",60,"D",.,"A",120,"D",.,"A",.,"A",24,"D",.,"A",.,"A",.,"A",250,"D",.,"A",.,"A"
"20103",2297973,52,0,"1",.,"A",.,"A",.,"A",.,"A",.,"A",8,"D",.,"A",.,"A",.,"A",.,"A",.,"A",.,"A",13,"D",.,"A",.,"A"
"20103",2298002,34,0,"1",.,"A",.,"A",.,"A",.,"A",.,"A",.,"A",.,"A",.,"A",.,"A",.,"A",.,"A",.,"A",.,"A",.,"A",.,"A"
"20103",2298022,44,0,"1",.,"A",.,"A",.,"A",.,"A",.,"A",.,"A",.,"A",.,"A",.,"A",.,"A",.,"A",.,"A",40,"D",.,"A",.,"A"
"20103",2298042,45,0,"1",.,"A",.,"A",.,"A",.,"A",.,"A",.,"A",.,"A",.,"A",.,"A",.,"A",.,"A",.,"A",60,"D",.,"A",.,"A"
"20103",2298053,34,0,"1",.,"A",.,"A",.,"A",.,"A",.,"A",.,"A",.,"A",.,"A",.,"A",.,"A",.,"A",.,"A",.,"A",.,"A",.,"A"
"20103",2298092,37,0,"1",.,"A",.,"A",.,"A",.,"A",.,"A",.,"A",.,"A",.,"A",.,"A",.,"A",.,"A",.,"A",160,"D",.,"A",.,"A"
"20103",2298103,29,0,"1",.,"A",.,"A",.,"A",.,"A",72,"D",.,"A",.,"A",.,"A",.,"A",180,"D",0,"D",0,"D",50,"D",60,"D",.,"A"
"20103",2298133,72,0,"1",20,"D",.,"A",.,"A",.,"A",80,"D",.,"A",260,"D",.,"A",6,"D",.,"A",.,"A",.,"A",50,"D",.,"A",.,"A"
"20103",2298142,42,0,"1",.,"A",.,"A",.,"A",.,"A",.,"A",.,"A",1625,"F",.,"A",.,"A",.,"A",.,"A",.,"A",105,"D",.,"A",.,"A"
"20103",2298173,54,0,"1",.,"A",.,"A",.,"A",.,"A",.,"A",50,"D",.,"A",.,"A",30,"D",.,"A",.,"A",.,"A",300,"D",.,"A",.,"A"
"20103",2298183,54,0,"1",.,"A",.,"A",.,"A",.,"A",.,"A",.,"A",.,"A",.,"A",.,"A",.,"A",.,"A",.,"A",135,"D",.,"A",.,"A"
"20103",2298213,28,0,"1",.,"A",.,"A",.,"A",.,"A",240,"D",.,"A",.,"A",.,"A",.,"A",.,"A",.,"A",.,"A",180,"D",.,"A",.,"A"
"20103",2298222,47,0,"1",.,"A",.,"A",.,"A",.,"A",.,"A",.,"A",.,"A",.,"A",.,"A",.,"A",.,"A",.,"A",240,"D",.,"A",.,"A"
"20103",2298232,59,0,"1",.,"A",.,"A",.,"A",.,"A",.,"A",.,"A",.,"A",.,"A",.,"A",.,"A",.,"A",.,"A",12,"D",.,"A",.,"A"
"20103",2298242,45,0,"1",.,"A",.,"A",.,"A",.,"A",40,"D",.,"A",.,"A",.,"A",.,"A",.,"A",.,"A",.,"A",30,"D",.,"A",.,"A"
"20103",2298253,44,0,"1",.,"A",.,"A",.,"A",.,"A",.,"A",.,"A",.,"A",390,"D",.,"A",.,"A",.,"A",.,"A",.,"A",.,"A",.,"A"
"20103",2298262,38,0,"1",.,"A",.,"A",.,"A",.,"A",.,"A",.,"A",.,"A",.,"A",.,"A",.,"A",.,"A",.,"A",.,"A",.,"A",.,"A"
"20103",2298293,34,0,"1",.,"A",.,"A",.,"A",.,"A",.,"A",.,"A",.,"A",.,"A",.,"A",.,"A",.,"A",.,"A",.,"A",.,"A",.,"A"
"20103",2298313,43,0,"1",.,"A",.,"A",.,"A",.,"A",.,"A",20,"D",455,"D",.,"A",0,"D",.,"A",.,"A",.,"A",.,"A",.,"A",.,"A"
"20103",2298323,42,0,"1",.,"A",.,"A",.,"A",.,"A",.,"A",.,"A",.,"A",.,"A",.,"A",.,"A",.,"A",.,"A",65,"D",.,"A",.,"A"
"20103",2298373,41,0,"1",.,"A",.,"A",.,"A",.,"A",.,"A",.,"A",.,"A",.,"A",.,"A",.,"A",.,"A",.,"A",.,"A",.,"A",.,"A"
"20103",2298433,72,0,"1",.,"A",.,"A",.,"A",.,"A",.,"A",.,"A",.,"A",.,"A",.,"A",.,"A",.,"A",.,"A",320,"D",.,"A",.,"A"
"20103",2298453,31,0,"1",.,"A",.,"A",.,"A",15,"D",.,"A",.,"A",.,"A",.,"A",.,"A",.,"A",.,"A",.,"A",15,"D",.,"A",.,"A"
"20103",2298463,57,0,"1",.,"A",.,"A",.,"A",.,"A",90,"D",.,"A",.,"A",.,"A",.,"A",.,"A",.,"A",.,"A",295,"D",.,"A",.,"A"
"20103",2298482,55,0,"1",.,"A",.,"A",.,"A",.,"A",.,"A",.,"A",.,"A",.,"A",.,"A",0,"D",0,"D",45,"D",150,"D",0,"D",.,"A"
"20103",2298513,58,0,"1",.,"A",.,"A",.,"A",.,"A",.,"A",.,"A",.,"A",.,"A",.,"A",.,"A",.,"A",.,"A",210,"D",.,"A",.,"A"
"20103",2298523,73,0,"1",.,"A",.,"A",.,"A",.,"A",.,"A",.,"A",.,"A",.,"A",.,"A",.,"A",.,"A",.,"A",120,"D",.,"A",.,"A"
"20103",2298562,43,0,"1",.,"A",.,"A",.,"A",.,"A",.,"A",.,"A",.,"A",.,"A",90,"D",.,"A",.,"A",.,"A",25,"D",.,"A",.,"A"
"20103",2298573,58,0,"1",.,"A",.,"A",.,"A",.,"A",.,"A",.,"A",.,"A",.,"A",.,"A",.,"A",.,"A",.,"A",.,"A",.,"A",.,"A"
"20103",2298582,49,0,"1",.,"A",.,"A",.,"A",.,"A",.,"A",.,"A",520,"D",.,"A",.,"A",.,"A",.,"A",.,"A",185,"D",.,"A",.,"A"
"20103",2298592,49,0,"1",20,"D",.,"A",.,"A",.,"A",105,"D",.,"A",.,"A",.,"A",.,"A",.,"A",.,"A",.,"A",15,"D",.,"A",.,"A"
"20103",2298623,59,0,"1",.,"A",.,"A",.,"A",.,"A",.,"A",.,"A",.,"A",.,"A",.,"A",.,"A",.,"A",.,"A",40,"D",.,"A",.,"A"
"20103",2298632,56,0,"1",.,"A",.,"A",.,"A",.,"A",.,"A",.,"A",.,"A",.,"A",.,"A",.,"A",.,"A",.,"A",225,"D",.,"A",.,"A"
"20103",2298642,26,0,"1",.,"A",.,"A",.,"A",.,"A",.,"A",.,"A",.,"A",.,"A",.,"A",.,"A",.,"A",.,"A",.,"A",.,"A",.,"A"
"20103",2298693,54,0,"1",.,"A",.,"A",.,"A",.,"A",.,"A",.,"A",.,"A",.,"A",.,"A",.,"A",.,"A",.,"A",100,"D",.,"A",.,"A"
"20103",2298733,38,0,"1",.,"A",.,"A",.,"A",.,"A",.,"A",20,"F",.,"A",.,"A",.,"A",.,"A",.,"A",.,"A",75,"F",.,"A",.,"A"
"20103",2298753,62,0,"1",.,"A",.,"A",.,"A",.,"A",.,"A",.,"A",1625,"D",.,"A",.,"A",.,"A",.,"A",.,"A",14,"D",.,"A",.,"A"
"20103",2298783,44,0,"1",.,"A",.,"A",.,"A",30,"D",.,"A",.,"A",.,"A",104,"D",30,"D",0,"D",30,"D",30,"D",42,"D",0,"D",.,"A"
"20103",2298842,73,0,"1",.,"A",.,"A",.,"A",.,"A",.,"A",30,"D",390,"D",.,"A",12,"D",.,"A",.,"A",.,"A",25,"D",.,"A",.,"A"
"20103",2298852,45,0,"1",.,"A",.,"A",.,"A",.,"A",.,"A",.,"A",.,"A",.,"A",.,"A",300,"D",0,"D",0,"D",200,"D",100,"D",.,"A"
"20103",2298862,41,0,"1",.,"A",.,"A",.,"A",.,"A",.,"A",.,"A",.,"A",.,"A",.,"A",.,"A",.,"A",.,"A",35,"D",.,"A",.,"A"
"20103",2298873,46,0,"1",.,"A",.,"A",.,"A",.,"A",.,"A",.,"A",.,"A",.,"A",.,"A",.,"A",.,"A",.,"A",.,"A",.,"A",.,"A"
"20103",2298892,31,0,"1",.,"A",.,"A",.,"A",.,"A",.,"A",.,"A",650,"D",.,"A",.,"A",.,"A",.,"A",.,"A",.,"A",.,"A",.,"A"
"20103",2298902,79,0,"1",.,"A",.,"A",.,"A",.,"A",.,"A",.,"A",208,"D",.,"A",.,"A",.,"A",.,"A",.,"A",20,"D",.,"A",.,"A"
"20103",2298922,43,0,"1",.,"A",.,"A",.,"A",.,"A",.,"A",.,"A",.,"A",.,"A",30,"D",.,"A",.,"A",.,"A",.,"A",.,"A",.,"A"
"20103",2298963,38,0,"1",.,"A",.,"A",.,"A",.,"A",.,"A",.,"A",650,"D",.,"A",.,"A",.,"A",.,"A",.,"A",.,"A",.,"A",.,"A"
"20103",2299022,68,0,"1",.,"A",.,"A",75,"D",.,"A",.,"A",60,"D",.,"A",.,"A",.,"A",.,"A",.,"A",.,"A",200,"D",.,"A",.,"A"
"20103",2299032,25,0,"1",.,"A",.,"A",.,"A",.,"A",.,"A",.,"A",.,"A",.,"A",.,"A",.,"A",.,"A",.,"A",.,"A",.,"A",.,"A"
"20103",2299053,31,0,"1",.,"A",.,"A",.,"A",.,"A",30,"D",.,"A",.,"A",.,"A",.,"A",.,"A",.,"A",.,"A",.,"A",.,"A",.,"A"
"20103",2299062,54,0,"1",.,"A",.,"A",.,"A",.,"A",.,"A",.,"A",.,"A",.,"A",.,"A",.,"A",.,"A",.,"A",140,"D",.,"A",.,"A"
"20103",2299093,35,0,"1",.,"A",.,"A",.,"A",.,"A",.,"A",.,"A",169,"D",.,"A",.,"A",.,"A",.,"A",.,"A",.,"A",.,"A",.,"A"
"20103",2299103,61,0,"1",.,"A",.,"A",.,"A",.,"A",.,"A",.,"A",.,"A",.,"A",.,"A",.,"A",.,"A",.,"A",130,"D",.,"A",.,"A"
"20103",2299115,44,0,"1",.,"A",.,"A",.,"A",.,"A",40,"D",.,"A",.,"A",.,"A",15,"D",.,"A",.,"A",.,"A",.,"A",.,"A",.,"A"
"20103",2299133,61,0,"1",.,"A",.,"A",.,"A",.,"A",.,"A",39,"D",.,"A",.,"A",.,"A",.,"A",.,"A",.,"A",200,"D",.,"A",.,"A"
"20103",2299162,29,0,"1",.,"A",.,"A",.,"A",.,"A",8,"D",.,"A",.,"A",.,"A",60,"F",.,"A",.,"A",.,"A",.,"A",.,"A",.,"A"
"20103",2299183,25,0,"1",.,"A",.,"A",.,"A",.,"A",.,"A",.,"A",.,"A",65,"D",.,"A",.,"A",.,"A",.,"A",.,"A",.,"A",.,"A"
"20103",2299203,41,0,"1",.,"A",.,"A",.,"A",.,"A",.,"A",.,"A",.,"A",.,"A",.,"A",.,"A",.,"A",.,"A",40,"D",.,"A",.,"A"
"20103",2299222,23,0,"1",.,"A",.,"A",.,"A",.,"A",.,"A",.,"A",.,"A",.,"A",.,"A",.,"A",.,"A",.,"A",20,"D",.,"A",.,"A"
"20103",2299233,32,0,"1",.,"A",.,"A",.,"A",.,"A",.,"A",.,"A",.,"A",.,"A",.,"A",.,"A",.,"A",.,"A",.,"A",.,"A",.,"A"
"20103",2299242,59,0,"1",.,"A",.,"A",.,"A",.,"A",.,"A",.,"A",.,"A",.,"A",.,"A",.,"A",.,"A",.,"A",330,"D",.,"A",.,"A"
"20103",2299253,58,0,"1",.,"A",.,"A",.,"A",.,"A",.,"A",.,"A",.,"A",.,"A",15,"D",.,"A",.,"A",.,"A",70,"D",.,"A",.,"A"
"20103",2299292,65,0,"1",.,"A",.,"A",.,"A",.,"A",.,"A",.,"A",.,"A",.,"A",.,"A",.,"A",.,"A",.,"A",540,"D",.,"A",.,"A"
"20103",2299302,57,0,"1",.,"A",.,"A",.,"A",.,"A",.,"A",.,"A",.,"A",.,"A",.,"A",.,"A",.,"A",.,"A",.,"A",.,"A",.,"A"
"20103",2299343,56,0,"1",.,"A",.,"A",.,"A",.,"A",.,"A",.,"A",195,"D",390,"D",.,"A",.,"A",.,"A",.,"A",.,"A",.,"A",.,"A"
"20103",2299362,30,0,"1",.,"A",.,"A",.,"A",.,"A",.,"A",.,"A",520,"D",.,"A",.,"A",.,"A",.,"A",.,"A",.,"A",.,"A",.,"A"
"20103",2299373,74,0,"1",.,"A",.,"A",.,"A",.,"A",.,"A",.,"A",455,"D",.,"A",.,"A",.,"A",.,"A",.,"A",230,"D",.,"A",.,"A"
"20103",2299393,37,0,"1",.,"A",.,"A",.,"A",.,"A",120,"D",.,"A",234,"D",.,"A",.,"A",.,"A",.,"A",.,"A",450,"D",.,"A",.,"A"
"20103",2299423,49,0,"1",.,"A",.,"A",.,"A",.,"A",.,"A",.,"A",.,"A",.,"A",.,"A",.,"A",.,"A",.,"A",.,"A",.,"A",.,"A"
"20103",2299432,48,0,"1",.,"A",.,"A",.,"A",.,"A",.,"A",.,"A",.,"A",39,"F",.,"A",.,"A",.,"A",.,"A",40,"D",.,"A",.,"A"
"20103",2299443,52,0,"1",.,"A",.,"A",.,"A",.,"A",.,"A",.,"A",.,"A",.,"A",.,"A",.,"A",.,"A",.,"A",.,"A",.,"A",.,"A"
"20103",2299463,57,0,"1",.,"A",.,"A",85,"D",.,"A",.,"A",36,"D",.,"A",.,"A",.,"A",.,"A",.,"A",.,"A",50,"D",.,"A",.,"A"
"20103",2299513,20,0,"1",.,"A",.,"A",.,"A",.,"A",.,"A",.,"A",.,"A",.,"A",.,"A",.,"A",.,"A",.,"A",12,"D",.,"A",.,"A"
"20103",2299522,50,0,"1",.,"A",.,"A",.,"A",.,"A",.,"A",.,"A",728,"D",.,"A",.,"A",.,"A",.,"A",.,"A",.,"A",.,"A",.,"A"
"20103",2299532,43,0,"1",.,"A",.,"A",.,"A",.,"A",.,"A",.,"A",260,"D",.,"A",.,"A",.,"A",.,"A",.,"A",120,"D",.,"A",.,"A"
"20103",2299542,65,0,"1",.,"A",.,"A",.,"A",.,"A",.,"A",.,"A",.,"A",.,"A",.,"A",.,"A",.,"A",.,"A",20,"F",.,"A",.,"A"
"20103",2299562,45,0,"1",.,"A",.,"A",.,"A",.,"A",.,"A",.,"A",.,"A",.,"A",.,"A",.,"A",.,"A",.,"A",.,"A",.,"A",.,"A"
"20103",2299572,84,0,"1",.,"A",.,"A",.,"A",.,"A",.,"A",75,"D",.,"A",.,"A",.,"A",.,"A",.,"A",.,"A",92,"D",.,"A",.,"A"
"20103",2299593,69,0,"1",.,"A",.,"A",.,"A",.,"A",.,"A",.,"A",.,"A",.,"A",.,"A",.,"A",.,"A",.,"A",20,"D",.,"A",.,"A"
"20103",2299602,33,0,"1",.,"A",.,"A",.,"A",.,"A",120,"D",.,"A",.,"A",.,"A",.,"A",.,"A",.,"A",.,"A",75,"D",.,"A",.,"A"
"20103",2299632,29,0,"1",.,"A",.,"A",.,"A",.,"A",.,"A",.,"A",.,"A",.,"A",.,"A",.,"A",.,"A",.,"A",.,"A",.,"A",.,"A"
"20103",2299642,53,0,"1",.,"A",.,"A",.,"A",.,"A",.,"A",.,"A",.,"A",.,"A",.,"A",.,"A",.,"A",.,"A",.,"A",.,"A",.,"A"
"20103",2299662,53,0,"1",.,"A",.,"A",.,"A",.,"A",.,"A",12,"D",.,"A",.,"A",.,"A",.,"A",.,"A",.,"A",100,"D",.,"A",.,"A"
"20103",2299693,35,0,"1",.,"A",.,"A",.,"A",.,"A",.,"A",.,"A",.,"A",.,"A",.,"A",.,"A",.,"A",.,"A",30,"D",.,"A",.,"A"
"20103",2299763,29,0,"1",.,"A",.,"A",.,"A",.,"A",.,"A",.,"A",.,"A",.,"A",.,"A",.,"A",.,"A",.,"A",10,"F",.,"A",.,"A"
"20103",2299772,55,0,"1",.,"A",.,"A",.,"A",.,"A",.,"A",15,"D",65,"D",.,"A",.,"A",.,"A",.,"A",.,"A",105,"D",.,"A",.,"A"
"20103",2299782,29,0,"1",.,"A",.,"A",.,"A",.,"A",.,"A",.,"A",.,"A",.,"A",.,"A",.,"A",.,"A",.,"A",.,"A",.,"A",.,"A"
"20103",2299793,29,0,"1",.,"A",.,"A",.,"A",.,"A",30,"D",.,"A",.,"A",.,"A",.,"A",.,"A",.,"A",.,"A",.,"A",.,"A",.,"A"
"20103",2299803,51,0,"1",.,"A",.,"A",.,"A",.,"A",.,"A",15,"D",.,"A",.,"A",.,"A",.,"A",.,"A",.,"A",450,"D",.,"A",.,"A"
"20103",2299853,65,0,"1",.,"A",.,"A",.,"A",.,"A",.,"A",.,"A",.,"A",.,"A",.,"A",.,"A",.,"A",.,"A",.,"A",.,"A",.,"A"
"20103",2299863,62,0,"1",.,"A",.,"A",.,"A",.,"A",.,"A",30,"D",.,"A",.,"A",.,"A",.,"A",.,"A",.,"A",450,"D",.,"A",.,"A"
"20103",2299882,37,0,"1",.,"A",.,"A",.,"A",60,"D",.,"A",.,"A",.,"A",.,"A",.,"A",.,"A",.,"A",.,"A",36,"D",.,"A",.,"A"
"20103",2299903,51,0,"1",.,"A",.,"A",.,"A",.,"A",.,"A",.,"A",.,"A",.,"A",.,"A",.,"A",.,"A",.,"A",75,"D",.,"A",.,"A"
"20103",2299922,63,0,"1",.,"A",.,"A",.,"A",.,"A",.,"A",.,"A",.,"A",.,"A",.,"A",.,"A",.,"A",.,"A",190,"D",.,"A",.,"A"
"20103",2299952,42,0,"1",.,"A",.,"A",.,"A",.,"A",.,"A",120,"D",.,"A",.,"A",.,"A",.,"A",.,"A",.,"A",200,"D",.,"A",.,"A"
"20103",2300023,57,0,"1",.,"A",.,"A",.,"A",.,"A",.,"A",.,"A",.,"A",.,"A",.,"A",.,"A",.,"A",.,"A",60,"D",.,"A",.,"A"
"20103",2300053,47,0,"1",.,"A",.,"A",.,"A",.,"A",.,"A",.,"A",.,"A",.,"A",.,"A",.,"A",.,"A",.,"A",83,"D",.,"A",.,"A"
"20103",2300073,45,0,"1",.,"A",.,"A",.,"A",.,"A",.,"A",.,"A",.,"A",.,"A",.,"A",.,"A",.,"A",.,"A",40,"D",.,"A",.,"A"
"20103",2300083,48,0,"1",.,"A",.,"A",.,"A",.,"A",.,"A",.,"A",.,"A",.,"A",.,"A",.,"A",.,"A",.,"A",375,"D",.,"A",.,"A"
"20103",2300103,41,0,"1",.,"A",.,"A",.,"A",.,"A",.,"A",.,"A",455,"D",.,"A",.,"A",.,"A",.,"A",.,"A",100,"D",.,"A",.,"A"
"20103",2300143,62,0,"1",.,"A",5,"D",.,"A",.,"A",.,"A",35,"D",.,"A",.,"A",.,"A",.,"A",.,"A",.,"A",95,"D",.,"A",.,"A"
"20103",2300162,80,0,"1",.,"A",.,"A",.,"A",.,"A",.,"A",600,"D",.,"A",.,"A",.,"A",.,"A",.,"A",.,"A",460,"D",.,"A",.,"A"
"20103",2300173,23,0,"1",10,"D",.,"A",.,"A",.,"A",10,"D",.,"A",.,"A",.,"A",.,"A",.,"A",.,"A",.,"A",.,"A",.,"A",.,"A"
"20103",2300213,33,0,"1",60,"D",.,"A",.,"A",.,"A",60,"D",.,"A",.,"A",.,"A",.,"A",.,"A",.,"A",.,"A",.,"A",.,"A",.,"A"
"20103",2300225,43,0,"1",.,"A",.,"A",.,"A",.,"A",.,"A",.,"A",.,"A",.,"A",.,"A",.,"A",.,"A",.,"A",.,"A",.,"A",.,"A"
"20103",2300292,49,0,"1",.,"A",.,"A",.,"A",.,"A",2,"D",.,"A",.,"A",.,"A",57,"D",.,"A",.,"A",.,"A",80,"D",.,"A",.,"A"
"20103",2300303,70,0,"1",.,"A",.,"A",.,"A",.,"A",.,"A",.,"A",.,"A",.,"A",.,"A",.,"A",.,"A",.,"A",50,"D",.,"A",.,"A"
"20103",2300313,41,0,"1",.,"A",.,"A",.,"A",.,"A",.,"A",.,"A",.,"A",.,"A",.,"A",.,"A",.,"A",.,"A",.,"A",.,"A",.,"A"
"20103",2300323,72,0,"1",.,"A",.,"A",.,"A",.,"A",.,"A",30,"D",.,"A",.,"A",.,"A",.,"A",.,"A",.,"A",36,"D",.,"A",.,"A"
"20103",2300362,43,0,"1",.,"A",.,"A",.,"A",.,"A",.,"A",.,"A",.,"A",.,"A",.,"A",.,"A",.,"A",.,"A",.,"A",.,"A",.,"A"
"20103",2300395,30,0,"1",.,"A",.,"A",.,"A",.,"A",17,"D",.,"A",.,"A",.,"A",.,"A",.,"A",.,"A",.,"A",35,"D",.,"A",.,"A"
"20103",2300402,53,0,"1",.,"A",.,"A",.,"A",.,"A",.,"A",.,"A",910,"D",.,"A",96,"D",.,"A",.,"A",.,"A",.,"A",.,"A",.,"A"
"20103",2300413,49,0,"1",.,"A",15,"D",.,"A",.,"A",.,"A",15,"D",.,"A",.,"A",.,"A",.,"A",.,"A",.,"A",.,"A",.,"A",.,"A"
"20103",2300422,20,0,"1",.,"A",.,"A",.,"A",.,"A",20,"D",.,"A",.,"A",.,"A",.,"A",.,"A",.,"A",.,"A",.,"A",.,"A",.,"A"
"20103",2300443,31,0,"1",.,"A",.,"A",.,"A",.,"A",9,"D",.,"A",.,"A",.,"A",.,"A",.,"A",.,"A",.,"A",30,"D",.,"A",.,"A"
"20103",2300452,22,0,"1",.,"A",.,"A",.,"A",.,"A",.,"A",.,"A",65,"D",.,"A",.,"A",42,"D",0,"D",0,"D",12,"D",14,"D",.,"A"
"20103",2300482,45,0,"1",.,"A",.,"A",.,"A",.,"A",.,"A",.,"A",.,"A",.,"A",.,"A",.,"A",.,"A",.,"A",150,"D",.,"A",.,"A"
"20103",2300522,57,0,"1",.,"A",.,"A",.,"A",.,"A",.,"A",.,"A",.,"A",.,"A",.,"A",.,"A",.,"A",.,"A",80,"D",.,"A",.,"A"
"20103",2300542,51,0,"1",.,"A",.,"A",.,"A",.,"A",.,"A",.,"A",.,"A",.,"A",.,"A",.,"A",.,"A",.,"A",90,"D",.,"A",.,"A"
"20103",2300562,33,0,"1",.,"A",.,"A",.,"A",.,"A",.,"A",.,"A",.,"A",.,"A",.,"A",75,"D",0,"D",0,"D",93,"F",25,"D",.,"A"
"20103",2300572,64,0,"1",.,"A",.,"A",.,"A",.,"A",.,"A",.,"A",.,"A",.,"A",.,"A",.,"A",.,"A",.,"A",.,"A",.,"A",.,"A"
"20103",2300583,41,0,"1",.,"A",.,"A",.,"A",.,"A",.,"A",.,"A",.,"A",.,"A",.,"A",.,"A",.,"A",.,"A",100,"D",.,"A",.,"A"
"20103",2300593,74,0,"1",.,"A",.,"A",.,"A",.,"A",.,"A",.,"A",.,"A",.,"A",.,"A",.,"A",.,"A",.,"A",150,"D",.,"A",.,"A"
"20103",2300603,43,0,"1",.,"A",.,"A",.,"A",.,"A",.,"A",.,"A",.,"A",.,"A",.,"A",0,"D",375,"D",0,"D",.,"A",0,"D",.,"A"
"20103",2300613,55,0,"1",.,"A",.,"A",.,"A",.,"A",.,"A",.,"A",1560,"D",.,"A",.,"A",.,"A",.,"A",.,"A",.,"A",.,"A",.,"A"
"20103",2300633,35,0,"1",.,"A",.,"A",.,"A",.,"A",.,"A",.,"A",.,"A",.,"A",.,"A",.,"A",.,"A",.,"A",150,"D",.,"A",.,"A"
"20103",2300642,38,0,"1",.,"A",.,"A",.,"A",.,"A",.,"A",.,"A",.,"A",.,"A",.,"A",.,"A",.,"A",.,"A",30,"D",.,"A",.,"A"
"20103",2300702,25,0,"1",.,"A",.,"A",.,"A",.,"A",.,"A",.,"A",390,"D",.,"A",.,"A",.,"A",.,"A",.,"A",.,"A",.,"A",.,"A"
"20103",2300723,37,0,"1",.,"A",.,"A",.,"A",.,"A",90,"D",.,"A",.,"A",.,"A",.,"A",.,"A",.,"A",.,"A",.,"A",.,"A",.,"A"
"20103",2300742,25,0,"1",10,"D",.,"A",.,"A",180,"D",50,"D",.,"A",.,"A",.,"A",.,"A",.,"A",.,"A",.,"A",.,"A",.,"A",.,"A"
"20103",2300763,49,0,"1",.,"A",.,"A",.,"A",.,"A",.,"A",.,"A",.,"A",.,"A",.,"A",.,"A",.,"A",.,"A",.,"A",.,"A",.,"A"
"20103",2300773,46,0,"1",.,"A",.,"A",.,"A",.,"A",.,"A",.,"A",.,"A",195,"D",.,"A",.,"A",.,"A",.,"A",100,"D",.,"A",.,"A"
"20103",2300782,34,0,"1",.,"A",.,"A",.,"A",.,"A",.,"A",.,"A",.,"A",.,"A",.,"A",.,"A",.,"A",.,"A",.,"A",.,"A",.,"A"
"20103",2300835,34,0,"1",.,"A",.,"A",.,"A",.,"A",.,"A",.,"A",.,"A",.,"A",63,"D",540,"D",0,"D",0,"D",180,"D",180,"D",.,"A"
"20103",2300902,43,0,"1",.,"A",.,"A",.,"A",.,"A",20,"D",.,"A",.,"A",.,"A",.,"A",.,"A",.,"A",.,"A",30,"D",.,"A",.,"A"
"20103",2300922,57,0,"1",.,"A",.,"A",.,"A",.,"A",.,"A",.,"A",.,"A",.,"A",.,"A",.,"A",.,"A",.,"A",.,"A",.,"A",.,"A"
"20103",2300943,65,0,"1",.,"A",.,"A",.,"A",.,"A",.,"A",.,"A",.,"A",.,"A",.,"A",.,"A",.,"A",.,"A",100,"D",.,"A",.,"A"
"20103",2300953,62,0,"1",.,"A",.,"A",.,"A",.,"A",.,"A",.,"A",.,"A",.,"A",.,"A",.,"A",.,"A",.,"A",12,"D",.,"A",.,"A"
"20103",2300983,44,0,"1",.,"A",.,"A",.,"A",.,"A",.,"A",30,"D",.,"A",.,"A",.,"A",.,"A",.,"A",.,"A",480,"D",.,"A",.,"A"
"20103",2300993,69,0,"1",.,"A",.,"A",.,"A",.,"A",80,"D",10,"D",.,"A",.,"A",.,"A",.,"A",.,"A",.,"A",.,"A",.,"A",.,"A"
"20103",2301012,44,0,"1",.,"A",.,"A",.,"A",.,"A",.,"A",.,"A",.,"A",.,"A",.,"A",.,"A",.,"A",.,"A",50,"D",.,"A",.,"A"
"20103",2301052,53,0,"1",.,"A",.,"A",.,"A",.,"A",.,"A",150,"D",.,"A",.,"A",.,"A",.,"A",.,"A",.,"A",200,"D",.,"A",.,"A"
"20103",2301062,52,0,"1",.,"A",.,"A",.,"A",.,"A",.,"A",50,"D",.,"A",.,"A",.,"A",.,"A",.,"A",.,"A",400,"D",.,"A",.,"A"
"20103",2301073,23,0,"1",.,"A",.,"A",.,"A",.,"A",72,"D",.,"A",.,"A",.,"A",.,"A",.,"A",.,"A",.,"A",.,"A",.,"A",.,"A"
"20103",2301082,45,0,"1",.,"A",.,"A",.,"A",.,"A",.,"A",.,"A",.,"A",.,"A",.,"A",.,"A",.,"A",.,"A",100,"D",.,"A",.,"A"
"20103",2301113,77,0,"1",.,"A",.,"A",.,"A",.,"A",.,"A",30,"D",.,"A",.,"A",.,"A",.,"A",.,"A",.,"A",90,"D",.,"A",.,"A"
"20103",2301152,31,0,"1",20,"D",.,"A",.,"A",.,"A",60,"D",.,"A",.,"A",.,"A",.,"A",.,"A",.,"A",.,"A",.,"A",.,"A",.,"A"
"20103",2301162,52,0,"1",.,"A",.,"A",.,"A",.,"A",.,"A",.,"A",.,"A",.,"A",.,"A",.,"A",.,"A",.,"A",300,"D",.,"A",.,"A"
"20103",2301212,80,0,"1",.,"A",.,"A",.,"A",.,"A",.,"A",35,"D",65,"D",.,"A",.,"A",.,"A",.,"A",.,"A",55,"D",.,"A",.,"A"
"20103",2301222,29,0,"1",.,"A",.,"A",.,"A",.,"A",.,"A",.,"A",.,"A",.,"A",.,"A",90,"D",0,"D",0,"D",.,"A",30,"D",.,"A"
"20103",2301252,36,0,"1",.,"A",.,"A",.,"A",.,"A",39,"D",90,"D",650,"D",.,"A",.,"A",.,"A",.,"A",.,"A",5,"D",.,"A",.,"A"
"20103",2301273,37,0,"1",.,"A",.,"A",.,"A",.,"A",30,"D",.,"A",.,"A",.,"A",.,"A",.,"A",.,"A",.,"A",10,"D",.,"A",.,"A"
"20103",2301292,83,0,"1",.,"A",.,"A",.,"A",.,"A",.,"A",.,"A",.,"A",.,"A",.,"A",.,"A",.,"A",.,"A",.,"A",.,"A",.,"A"
"20103",2301352,33,0,"1",.,"A",.,"A",.,"A",.,"A",.,"A",25,"D",.,"A",.,"A",.,"A",225,"D",0,"D",270,"D",.,"A",75,"D",.,"A"
"20103",2301363,45,0,"1",.,"A",.,"A",.,"A",.,"A",.,"A",.,"A",.,"A",.,"A",.,"A",.,"A",.,"A",.,"A",90,"D",.,"A",.,"A"
"20103",2301373,33,0,"1",12,"D",.,"A",.,"A",.,"A",18,"D",.,"A",.,"A",.,"A",.,"A",.,"A",.,"A",.,"A",.,"A",.,"A",.,"A"
"20103",2301382,68,0,"1",.,"A",.,"A",70,"D",.,"A",.,"A",.,"A",.,"A",.,"A",.,"A",.,"A",.,"A",.,"A",25,"D",.,"A",.,"A"
"20103",2301392,52,0,"1",.,"A",.,"A",.,"A",.,"A",.,"A",.,"A",.,"A",.,"A",.,"A",.,"A",.,"A",.,"A",.,"A",.,"A",.,"A"
"20103",2301412,74,0,"1",.,"A",.,"A",.,"A",.,"A",.,"A",240,"D",.,"A",.,"A",.,"A",.,"A",.,"A",.,"A",390,"D",.,"A",.,"A"
"20103",2301472,40,0,"1",.,"A",.,"A",.,"A",.,"A",.,"A",.,"A",416,"D",.,"A",.,"A",.,"A",.,"A",.,"A",30,"D",.,"A",.,"A"
"20103",2301502,32,0,"1",.,"A",.,"A",.,"A",.,"A",15,"D",55,"D",.,"A",.,"A",.,"A",.,"A",.,"A",.,"A",125,"D",.,"A",.,"A"
"20103",2301522,42,0,"1",.,"A",.,"A",.,"A",.,"A",.,"A",.,"A",.,"A",.,"A",.,"A",.,"A",.,"A",.,"A",100,"D",.,"A",.,"A"
"20103",2301532,58,0,"1",.,"A",.,"A",.,"A",.,"A",.,"A",45,"D",.,"A",650,"D",.,"A",.,"A",.,"A",.,"A",300,"D",.,"A",.,"A"
"20103",2301583,61,0,"1",.,"A",.,"A",.,"A",.,"A",.,"A",.,"A",.,"A",.,"A",.,"A",.,"A",.,"A",.,"A",300,"D",.,"A",.,"A"
"20103",2301602,67,0,"1",.,"A",25,"D",.,"A",.,"A",.,"A",0,"D",.,"A",.,"A",.,"A",.,"A",.,"A",.,"A",60,"D",.,"A",.,"A"
"20103",2301613,45,0,"1",.,"A",.,"A",.,"A",.,"A",.,"A",35,"D",.,"A",.,"A",.,"A",.,"A",.,"A",.,"A",.,"A",.,"A",.,"A"
"20103",2301632,57,0,"1",.,"A",.,"A",.,"A",.,"A",.,"A",.,"A",.,"A",.,"A",24,"D",.,"A",.,"A",.,"A",80,"D",.,"A",.,"A"
"20103",2301642,33,0,"1",.,"A",.,"A",.,"A",.,"A",100,"F",.,"A",.,"A",.,"A",.,"A",0,"D",180,"D",180,"D",.,"A",0,"D",.,"A"
"20103",2301663,28,0,"1",.,"A",.,"A",.,"A",.,"A",.,"A",.,"A",.,"A",.,"A",.,"A",.,"A",.,"A",.,"A",.,"A",.,"A",.,"A"
"20103",2301682,45,0,"1",.,"A",.,"A",.,"A",.,"A",.,"A",.,"A",273,"D",.,"A",120,"D",.,"A",.,"A",.,"A",80,"D",.,"A",.,"A"
"20103",2301693,25,0,"1",.,"A",.,"A",.,"A",.,"A",18,"D",.,"A",.,"A",.,"A",.,"A",0,"D",0,"D",90,"D",.,"A",0,"D",.,"A"
"20103",2301752,32,0,"1",50,"D",.,"A",.,"A",.,"A",150,"D",.,"A",325,"D",.,"A",.,"A",.,"A",.,"A",.,"A",.,"A",.,"A",.,"A"
"20103",2301762,62,0,"1",.,"A",.,"A",.,"A",.,"A",.,"A",25,"D",.,"A",.,"A",.,"A",.,"A",.,"A",.,"A",300,"D",.,"A",.,"A"
"20103",2301783,51,0,"1",.,"A",.,"A",.,"A",.,"A",.,"A",.,"A",364,"D",.,"A",.,"A",.,"A",.,"A",.,"A",80,"D",.,"A",.,"A"
"20103",2301823,32,0,"1",.,"A",.,"A",.,"A",.,"A",.,"A",.,"A",.,"A",.,"A",.,"A",.,"A",.,"A",.,"A",.,"A",.,"A",.,"A"
"20103",2301832,51,0,"1",.,"A",.,"A",.,"A",.,"A",.,"A",.,"A",260,"D",.,"A",.,"A",.,"A",.,"A",.,"A",100,"D",.,"A",.,"A"
"20103",2301873,32,0,"1",.,"A",.,"A",.,"A",.,"A",25,"D",.,"A",.,"A",.,"A",.,"A",.,"A",.,"A",.,"A",45,"D",.,"A",.,"A"
"20103",2301893,45,0,"1",.,"A",.,"A",.,"A",.,"A",12,"D",.,"A",.,"A",.,"A",.,"A",.,"A",.,"A",.,"A",120,"D",.,"A",.,"A"
"20103",2301983,78,0,"1",.,"A",.,"A",.,"A",.,"A",.,"A",.,"A",.,"A",.,"A",6,"D",.,"A",.,"A",.,"A",90,"D",.,"A",.,"A"
"20103",2301993,54,0,"1",.,"A",.,"A",.,"A",.,"A",.,"A",.,"A",.,"A",.,"A",30,"D",.,"A",.,"A",.,"A",50,"D",.,"A",.,"A"
"20103",2302072,45,0,"1",.,"A",.,"A",.,"A",.,"A",.,"A",.,"A",.,"A",.,"A",.,"A",.,"A",.,"A",.,"A",.,"A",.,"A",.,"A"
"20103",2302093,40,0,"1",18,"D",.,"A",.,"A",.,"A",55,"D",100,"D",.,"A",.,"A",.,"A",.,"A",.,"A",.,"A",.,"A",.,"A",.,"A"
"20103",2302163,34,0,"1",.,"A",.,"A",.,"A",.,"A",.,"A",.,"A",.,"A",.,"A",.,"A",.,"A",.,"A",.,"A",50,"D",.,"A",.,"A"
"20103",2302173,47,0,"1",.,"A",.,"A",.,"A",.,"A",.,"A",.,"A",.,"A",.,"A",.,"A",.,"A",.,"A",.,"A",.,"A",.,"A",.,"A"
"20103",2302182,70,0,"1",.,"A",.,"A",.,"A",.,"A",.,"A",.,"A",.,"A",.,"A",150,"D",0,"D",75,"D",0,"D",.,"A",0,"D",.,"A"
"20103",2302193,40,0,"1",.,"A",.,"A",.,"A",.,"A",.,"A",.,"A",1040,"D",.,"A",.,"A",.,"A",.,"A",.,"A",15,"D",.,"A",.,"A"
"20103",2302202,44,0,"1",.,"A",.,"A",.,"A",.,"A",.,"A",.,"A",.,"A",.,"A",.,"A",.,"A",.,"A",.,"A",.,"A",.,"A",.,"A"
"20103",2302212,40,0,"1",.,"A",.,"A",.,"A",.,"A",.,"A",.,"A",.,"A",.,"A",.,"A",.,"A",.,"A",.,"A",.,"A",.,"A",.,"A"
"20103",2302232,42,0,"1",.,"A",.,"A",.,"A",.,"A",.,"A",.,"A",.,"A",.,"A",6,"F",.,"A",.,"A",.,"A",15,"D",.,"A",.,"A"
"20103",2302243,54,0,"1",.,"A",.,"A",.,"A",.,"A",.,"A",.,"A",260,"D",.,"A",.,"A",.,"A",.,"A",.,"A",.,"A",.,"A",.,"A"
"20103",2302293,32,0,"1",.,"A",.,"A",.,"A",.,"A",.,"A",.,"A",.,"A",.,"A",.,"A",.,"A",.,"A",.,"A",30,"D",.,"A",.,"A"
"20103",2302303,30,0,"1",.,"A",.,"A",.,"A",.,"A",80,"D",.,"A",195,"D",.,"A",.,"A",.,"A",.,"A",.,"A",43,"D",.,"A",.,"A"
"20103",2302313,52,0,"1",.,"A",.,"A",.,"A",.,"A",.,"A",40,"D",.,"A",.,"A",.,"A",.,"A",.,"A",.,"A",90,"D",.,"A",.,"A"
"20103",2302333,67,0,"1",4,"D",.,"A",.,"A",.,"A",11,"D",50,"D",.,"A",.,"A",.,"A",.,"A",.,"A",.,"A",200,"D",.,"A",.,"A"
"20103",2302352,49,0,"1",.,"A",.,"A",.,"A",.,"A",.,"A",.,"A",.,"A",.,"A",.,"A",.,"A",.,"A",.,"A",.,"A",.,"A",.,"A"
"20103",2302382,60,0,"1",.,"A",.,"A",.,"A",.,"A",.,"A",.,"A",.,"A",.,"A",.,"A",.,"A",.,"A",.,"A",24,"D",.,"A",.,"A"
"20103",2302393,74,0,"1",.,"A",.,"A",.,"A",.,"A",24,"D",.,"A",.,"A",.,"A",18,"D",.,"A",.,"A",.,"A",.,"A",.,"A",.,"A"
"20103",2302423,23,0,"1",.,"A",.,"A",.,"A",.,"A",.,"A",.,"A",.,"A",.,"A",.,"A",.,"A",.,"A",.,"A",.,"A",.,"A",.,"A"
"20103",2302432,40,0,"1",.,"A",.,"A",.,"A",.,"A",.,"A",.,"A",.,"A",.,"A",.,"A",.,"A",.,"A",.,"A",.,"A",.,"A",.,"A"
"20103",2302452,42,0,"1",.,"A",.,"A",30,"D",.,"A",30,"D",20,"D",.,"A",.,"A",.,"A",0,"D",0,"D",0,"D",45,"D",0,"D",.,"A"
"20103",2302483,49,0,"1",.,"A",.,"A",.,"A",.,"A",.,"A",.,"A",.,"A",.,"A",.,"A",.,"A",.,"A",.,"A",.,"A",.,"A",.,"A"
"20103",2302513,50,0,"1",.,"A",.,"A",60,"D",.,"A",.,"A",.,"A",.,"A",.,"A",30,"D",.,"A",.,"A",.,"A",80,"D",.,"A",.,"A"
"20103",2302523,34,0,"1",.,"A",.,"A",.,"A",.,"A",.,"A",.,"A",.,"A",.,"A",.,"A",.,"A",.,"A",.,"A",.,"A",.,"A",.,"A"
"20103",2302572,61,0,"1",.,"A",.,"A",.,"A",.,"A",.,"A",.,"A",.,"A",.,"A",.,"A",.,"A",.,"A",.,"A",150,"D",.,"A",.,"A"
"20103",2302612,53,0,"1",.,"A",.,"A",.,"A",30,"D",30,"D",.,"A",.,"A",.,"A",.,"A",.,"A",.,"A",.,"A",200,"D",.,"A",.,"A"
"20103",2302633,61,0,"1",.,"A",.,"A",.,"A",.,"A",.,"A",.,"A",.,"A",.,"A",.,"A",.,"A",.,"A",.,"A",300,"D",.,"A",.,"A"
"20103",2302642,34,0,"1",.,"A",.,"A",.,"A",.,"A",80,"D",.,"A",.,"A",.,"A",.,"A",.,"A",.,"A",.,"A",.,"A",.,"A",.,"A"
"20103",2302662,21,0,"1",.,"A",.,"A",.,"A",.,"A",.,"A",24,"D",.,"A",.,"A",.,"A",.,"A",.,"A",.,"A",.,"A",.,"A",.,"A"
"20103",2302673,37,0,"1",.,"A",.,"A",.,"A",.,"A",.,"A",.,"A",.,"A",.,"A",.,"A",.,"A",.,"A",.,"A",105,"D",.,"A",.,"A"
"20103",2302683,66,0,"1",40,"D",.,"A",.,"A",.,"A",260,"D",.,"A",.,"A",.,"A",.,"A",.,"A",.,"A",.,"A",132,"D",.,"A",.,"A"
"20103",2302692,83,0,"1",.,"A",.,"A",.,"A",.,"A",.,"A",.,"A",.,"A",.,"A",.,"A",.,"A",.,"A",.,"A",100,"D",.,"A",.,"A"
"20103",2302702,31,0,"1",.,"A",.,"A",.,"A",.,"A",.,"A",.,"A",.,"A",.,"A",.,"A",.,"A",.,"A",.,"A",.,"A",.,"A",.,"A"
"20103",2302723,69,0,"1",.,"A",.,"A",.,"A",.,"A",.,"A",40,"D",.,"A",.,"A",.,"A",.,"A",.,"A",.,"A",120,"D",.,"A",.,"A"
"20103",2302732,34,0,"1",.,"A",.,"A",.,"A",.,"A",.,"A",.,"A",390,"D",.,"A",.,"A",0,"D",0,"D",45,"D",.,"A",0,"D",.,"A"
"20103",2302785,31,0,"1",.,"A",.,"A",.,"A",.,"A",.,"A",.,"A",.,"A",.,"A",.,"A",.,"A",.,"A",.,"A",20,"D",.,"A",.,"A"
"20103",2302793,26,0,"1",.,"A",.,"A",.,"A",.,"A",.,"A",.,"A",65,"D",.,"A",.,"A",.,"A",.,"A",.,"A",.,"A",.,"A",.,"A"
"20103",2302813,61,0,"1",.,"A",.,"A",42,"D",.,"A",.,"A",.,"A",.,"A",.,"A",.,"A",.,"A",.,"A",.,"A",.,"A",.,"A",.,"A"
"20103",2302833,29,0,"1",.,"A",.,"A",.,"A",.,"A",.,"A",.,"A",104,"F",.,"A",.,"A",.,"A",.,"A",.,"A",.,"A",.,"A",.,"A"
"20103",2302852,35,0,"1",.,"A",.,"A",.,"A",.,"A",.,"A",.,"A",.,"A",.,"A",.,"A",.,"A",.,"A",.,"A",.,"A",.,"A",.,"A"
"20103",2302872,54,0,"1",.,"A",.,"A",.,"A",.,"A",.,"A",.,"A",1300,"D",.,"A",.,"A",.,"A",.,"A",.,"A",.,"A",.,"A",.,"A"
"20103",2302893,60,0,"1",.,"A",.,"A",.,"A",.,"A",.,"A",.,"A",.,"A",.,"A",.,"A",.,"A",.,"A",.,"A",.,"A",.,"A",.,"A"
"20103",2302923,29,0,"1",.,"A",.,"A",.,"A",.,"A",.,"A",.,"A",.,"A",130,"D",.,"A",.,"A",.,"A",.,"A",.,"A",.,"A",.,"A"
"20103",2302933,50,0,"1",.,"A",.,"A",.,"A",.,"A",.,"A",.,"A",390,"D",26,"D",.,"A",.,"A",.,"A",.,"A",.,"A",.,"A",.,"A"
"20103",2302942,81,0,"1",.,"A",.,"A",.,"A",.,"A",.,"A",.,"A",.,"A",.,"A",.,"A",.,"A",.,"A",.,"A",.,"A",.,"A",.,"A"
"20103",2302952,70,0,"1",.,"A",.,"A",.,"A",.,"A",.,"A",.,"A",.,"A",.,"A",.,"A",.,"A",.,"A",.,"A",40,"D",.,"A",.,"A"
"20103",2302965,30,0,"1",.,"A",.,"A",.,"A",.,"A",.,"A",.,"A",650,"D",.,"A",.,"A",.,"A",.,"A",.,"A",.,"A",.,"A",.,"A"
"20103",2302982,34,0,"1",.,"A",.,"A",.,"A",.,"A",.,"A",.,"A",.,"A",.,"A",.,"A",.,"A",.,"A",.,"A",.,"A",.,"A",.,"A"
"20103",2303002,32,0,"1",.,"A",.,"A",.,"A",.,"A",.,"A",.,"A",.,"A",.,"A",.,"A",.,"A",.,"A",.,"A",.,"A",.,"A",.,"A"
"20103",2303015,25,0,"1",.,"A",.,"A",.,"A",.,"A",.,"A",.,"A",.,"A",.,"A",.,"A",.,"A",.,"A",.,"A",.,"A",.,"A",.,"A"
"20103",2303043,42,0,"1",5,"D",.,"A",.,"A",.,"A",45,"D",.,"A",.,"A",.,"A",30,"D",.,"A",.,"A",.,"A",.,"A",.,"A",.,"A"
"20103",2303103,43,0,"1",.,"A",.,"A",.,"A",.,"A",.,"A",.,"A",.,"A",.,"A",.,"A",.,"A",.,"A",.,"A",100,"D",.,"A",.,"A"
"20103",2303112,64,0,"1",.,"A",.,"A",.,"A",.,"A",.,"A",30,"D",.,"A",.,"A",.,"A",.,"A",.,"A",.,"A",60,"D",.,"A",.,"A"
"20103",2303132,34,0,"1",.,"A",.,"A",.,"A",.,"A",300,"D",.,"A",.,"A",.,"A",.,"A",.,"A",.,"A",.,"A",.,"A",.,"A",.,"A"
"20103",2303143,36,0,"1",.,"A",.,"A",.,"A",.,"A",.,"A",.,"A",.,"A",.,"A",.,"A",.,"A",.,"A",.,"A",30,"D",.,"A",.,"A"
"20103",2303152,78,0,"1",.,"A",.,"A",120,"D",40,"D",.,"A",40,"D",.,"A",.,"A",.,"A",.,"A",.,"A",.,"A",20,"D",.,"A",.,"A"
"20103",2303182,90,0,"1",.,"A",.,"A",.,"A",.,"A",.,"A",86,"D",1170,"D",.,"A",21,"D",.,"A",.,"A",.,"A",48,"D",.,"A",.,"A"
"20103",2303212,43,0,"1",.,"A",.,"A",.,"A",.,"A",.,"A",.,"A",.,"A",.,"A",.,"A",.,"A",.,"A",.,"A",.,"A",.,"A",.,"A"
"20103",2303242,60,0,"1",26,"D",.,"A",.,"A",.,"A",79,"D",.,"A",.,"A",.,"A",.,"A",.,"A",.,"A",.,"A",20,"D",.,"A",.,"A"
"20103",2303263,23,0,"1",.,"A",.,"A",.,"A",.,"A",80,"D",.,"A",.,"A",.,"A",.,"A",.,"A",.,"A",.,"A",.,"A",.,"A",.,"A"
"20103",2303275,34,0,"1",.,"A",.,"A",.,"A",.,"A",.,"A",.,"A",.,"A",.,"A",.,"A",.,"A",.,"A",.,"A",30,"D",.,"A",.,"A"
"20103",2303282,44,0,"1",.,"A",.,"A",.,"A",.,"A",.,"A",.,"A",.,"A",.,"A",.,"A",.,"A",.,"A",.,"A",.,"A",.,"A",.,"A"
"20103",2303323,42,0,"1",.,"A",40,"D",.,"A",.,"A",.,"A",80,"D",.,"A",.,"A",.,"A",.,"A",.,"A",.,"A",150,"D",.,"A",.,"A"
"20103",2303332,52,0,"1",.,"A",.,"A",.,"A",.,"A",.,"A",.,"A",260,"D",.,"A",.,"A",.,"A",.,"A",.,"A",180,"D",.,"A",.,"A"
"20103",2303382,35,0,"1",.,"A",.,"A",.,"A",.,"A",.,"A",.,"A",.,"A",.,"A",.,"A",.,"A",.,"A",.,"A",84,"D",.,"A",.,"A"
"20103",2303392,62,0,"1",.,"A",.,"A",.,"A",.,"A",.,"A",.,"A",.,"A",.,"A",30,"D",.,"A",.,"A",.,"A",30,"D",.,"A",.,"A"
"20103",2303423,48,0,"1",.,"A",.,"A",.,"A",.,"A",.,"A",.,"A",.,"A",.,"A",.,"A",.,"A",.,"A",.,"A",240,"D",.,"A",.,"A"
"20103",2303433,71,0,"1",.,"A",.,"A",.,"A",.,"A",.,"A",.,"A",.,"A",.,"A",.,"A",.,"A",.,"A",.,"A",120,"D",.,"A",.,"A"
"20103",2303442,48,0,"1",.,"A",.,"A",.,"A",.,"A",.,"A",.,"A",780,"D",.,"A",.,"A",.,"A",.,"A",.,"A",50,"D",.,"A",.,"A"
"20103",2303453,45,0,"1",.,"A",.,"A",.,"A",.,"A",.,"A",.,"A",.,"A",.,"A",.,"A",.,"A",.,"A",.,"A",40,"D",.,"A",.,"A"
"20103",2303492,64,0,"1",.,"A",.,"A",.,"A",.,"A",.,"A",.,"A",.,"A",.,"A",.,"A",3,"D",0,"D",0,"D",155,"D",1,"D",90,"F"
"20103",2303502,65,0,"1",.,"A",.,"A",.,"A",.,"A",.,"A",15,"D",715,"D",.,"A",.,"A",.,"A",.,"A",.,"A",.,"A",.,"A",.,"A"
"20103",2303514,31,0,"1",.,"A",.,"A",.,"A",.,"A",.,"A",.,"A",.,"A",.,"A",.,"A",.,"A",.,"A",.,"A",.,"A",.,"A",.,"A"
"20103",2303543,54,0,"1",.,"A",.,"A",.,"A",.,"A",.,"A",.,"A",.,"A",.,"A",.,"A",.,"A",.,"A",.,"A",14,"D",.,"A",.,"A"
"20103",2303622,27,0,"1",.,"A",.,"A",.,"A",.,"A",90,"D",.,"A",.,"A",.,"A",.,"A",.,"A",.,"A",.,"A",100,"D",.,"A",.,"A"
"20103",2303633,48,0,"1",.,"A",.,"A",.,"A",.,"A",.,"A",.,"A",.,"A",.,"A",.,"A",.,"A",.,"A",.,"A",.,"A",.,"A",.,"A"
"20103",2303653,33,0,"1",.,"A",.,"A",.,"A",.,"A",.,"A",.,"A",.,"A",.,"A",.,"A",.,"A",.,"A",.,"A",.,"A",.,"A",.,"A"
"20103",2303712,47,0,"1",.,"A",.,"A",.,"A",.,"A",180,"D",.,"A",.,"A",.,"A",.,"A",.,"A",.,"A",.,"A",10,"D",.,"A",.,"A"
"20103",2303725,66,0,"1",.,"A",.,"A",.,"A",80,"D",.,"A",.,"A",.,"A",.,"A",.,"A",60,"D",0,"D",0,"D",35,"D",20,"D",.,"A"
"20103",2303743,75,0,"1",.,"A",.,"A",.,"A",.,"A",.,"A",.,"A",.,"A",.,"A",.,"A",.,"A",.,"A",.,"A",.,"A",.,"A",.,"A"
"20103",2303762,30,0,"1",.,"A",.,"A",.,"A",.,"A",30,"D",.,"A",260,"D",.,"A",.,"A",.,"A",.,"A",.,"A",.,"A",.,"A",.,"A"
"20103",2303792,45,0,"1",.,"A",.,"A",.,"A",.,"A",.,"A",.,"A",.,"A",.,"A",.,"A",.,"A",.,"A",.,"A",.,"A",.,"A",.,"A"
"20103",2303803,55,0,"1",.,"A",.,"A",.,"A",.,"A",.,"A",.,"A",390,"D",.,"A",.,"A",.,"A",.,"A",.,"A",.,"A",.,"A",.,"A"
"20103",2303833,36,0,"1",.,"A",.,"A",.,"A",.,"A",.,"A",.,"A",.,"A",.,"A",.,"A",.,"A",.,"A",.,"A",40,"D",.,"A",.,"A"
"20103",2303872,43,0,"1",.,"A",.,"A",.,"A",.,"A",.,"A",.,"A",.,"A",.,"A",.,"A",0,"D",0,"D",72,"D",165,"D",0,"D",.,"A"
"20103",2303902,94,0,"1",.,"A",.,"A",.,"A",.,"A",.,"A",.,"A",1300,"D",.,"A",.,"A",.,"A",.,"A",.,"A",.,"A",.,"A",.,"A"
"20103",2303912,34,0,"1",.,"A",.,"A",.,"A",.,"A",.,"A",.,"A",.,"A",.,"A",.,"A",.,"A",.,"A",.,"A",.,"A",.,"A",.,"A"
"20103",2303922,45,0,"1",.,"A",.,"A",.,"A",.,"A",.,"A",.,"A",.,"A",.,"A",.,"A",.,"A",.,"A",.,"A",.,"A",.,"A",.,"A"
"20103",2303953,73,0,"1",.,"A",.,"A",.,"A",.,"A",.,"A",.,"A",.,"A",.,"A",.,"A",.,"A",.,"A",.,"A",80,"D",.,"A",.,"A"
"20103",2303972,52,0,"1",.,"A",.,"A",.,"A",.,"A",.,"A",20,"D",.,"A",.,"A",.,"A",.,"A",.,"A",.,"A",60,"D",.,"A",.,"A"
"20103",2303982,56,0,"1",.,"A",.,"A",.,"A",.,"A",.,"A",.,"A",.,"A",.,"A",.,"A",.,"A",.,"A",.,"A",45,"D",.,"A",.,"A"
"20103",2303993,67,0,"1",.,"A",.,"A",.,"A",.,"A",.,"A",50,"D",.,"A",.,"A",.,"A",.,"A",.,"A",.,"A",360,"D",.,"A",.,"A"
"20103",2304013,73,0,"1",.,"A",.,"A",.,"A",.,"A",.,"A",75,"D",39,"D",.,"A",120,"D",.,"A",.,"A",.,"A",300,"D",.,"A",.,"A"
"20103",2304042,59,0,"1",.,"A",.,"A",.,"A",.,"A",.,"A",.,"A",.,"A",.,"A",.,"A",.,"A",.,"A",.,"A",200,"D",.,"A",.,"A"
"20103",2304072,48,0,"1",.,"A",.,"A",.,"A",.,"A",.,"A",80,"D",.,"A",.,"A",150,"D",.,"A",.,"A",.,"A",.,"A",.,"A",.,"A"
"20103",2304082,60,0,"1",.,"A",.,"A",.,"A",.,"A",.,"A",39,"D",.,"A",.,"A",.,"A",.,"A",.,"A",.,"A",60,"D",.,"A",.,"A"
"20103",2304102,29,0,"1",.,"A",.,"A",.,"A",.,"A",.,"A",.,"A",.,"A",.,"A",.,"A",0,"D",0,"D",0,"D",.,"A",0,"D",.,"A"
"20103",2304132,38,0,"1",.,"A",.,"A",.,"A",.,"A",.,"A",.,"A",.,"A",.,"A",.,"A",.,"A",.,"A",.,"A",22,"D",.,"A",.,"A"
"20103",2304153,29,0,"1",.,"A",.,"A",.,"A",.,"A",.,"A",.,"A",.,"A",.,"A",.,"A",.,"A",.,"A",.,"A",10,"D",.,"A",.,"A"
"20103",2304163,56,0,"1",.,"A",.,"A",.,"A",.,"A",.,"A",.,"A",.,"A",.,"A",.,"A",.,"A",.,"A",.,"A",.,"A",.,"A",.,"A"
"20103",2304172,61,0,"1",.,"A",.,"A",.,"A",.,"A",.,"A",.,"A",.,"A",.,"A",.,"A",.,"A",.,"A",.,"A",40,"D",.,"A",.,"A"
"20103",2304182,70,0,"1",.,"A",.,"A",.,"A",.,"A",.,"A",.,"A",.,"A",.,"A",.,"A",.,"A",.,"A",.,"A",110,"D",.,"A",.,"A"
"20103",2304223,55,0,"1",.,"A",.,"A",.,"A",.,"A",.,"A",.,"A",260,"D",.,"A",.,"A",.,"A",.,"A",.,"A",.,"A",.,"A",.,"A"
"20103",2304243,72,0,"1",.,"A",.,"A",.,"A",.,"A",.,"A",.,"A",.,"A",.,"A",.,"A",.,"A",.,"A",.,"A",28,"D",.,"A",.,"A"
"20103",2304263,53,0,"1",.,"A",.,"A",.,"A",.,"A",.,"A",.,"A",.,"A",.,"A",.,"A",.,"A",.,"A",.,"A",.,"A",.,"A",.,"A"
"20103",2304292,23,0,"1",.,"A",.,"A",.,"A",40,"D",25,"D",.,"A",.,"A",.,"A",.,"A",267,"D",0,"D",0,"D",30,"D",89,"D",.,"A"
"20103",2304302,64,0,"1",.,"A",.,"A",.,"A",.,"A",.,"A",.,"A",.,"A",.,"A",.,"A",.,"A",.,"A",.,"A",60,"D",.,"A",.,"A"
"20103",2304323,27,0,"1",.,"A",.,"A",.,"A",.,"A",.,"A",.,"A",.,"A",.,"A",.,"A",.,"A",.,"A",.,"A",.,"A",.,"A",.,"A"
"20103",2304333,38,0,"1",.,"A",.,"A",.,"A",.,"A",.,"A",.,"A",.,"A",.,"A",.,"A",.,"A",.,"A",.,"A",100,"D",.,"A",.,"A"
"20103",2304352,52,0,"1",.,"A",.,"A",.,"A",.,"A",.,"A",.,"A",.,"A",.,"A",.,"A",.,"A",.,"A",.,"A",300,"D",.,"A",.,"A"
"20103",2304373,45,0,"1",.,"A",.,"A",.,"A",.,"A",.,"A",.,"A",.,"A",.,"A",.,"A",.,"A",.,"A",.,"A",72,"D",.,"A",.,"A"
"20103",2304412,83,0,"1",.,"A",.,"A",.,"A",.,"A",.,"A",.,"A",.,"A",.,"A",54,"D",.,"A",.,"A",.,"A",345,"D",.,"A",.,"A"
"20103",2304443,31,0,"1",.,"A",.,"A",.,"A",.,"A",110,"D",.,"A",.,"A",.,"A",.,"A",.,"A",.,"A",.,"A",.,"A",.,"A",.,"A"
"20103",2304512,35,0,"1",.,"A",.,"A",.,"A",.,"A",.,"A",.,"A",.,"A",.,"A",.,"A",0,"D",0,"D",87,"D",.,"A",0,"D",.,"A"
"20103",2304522,43,0,"1",.,"A",.,"A",.,"A",.,"A",.,"A",.,"A",.,"A",.,"A",.,"A",.,"A",.,"A",.,"A",.,"A",.,"A",.,"A"
"20103",2304552,38,0,"1",.,"A",.,"A",.,"A",.,"A",.,"A",.,"A",.,"A",.,"A",.,"A",.,"A",.,"A",.,"A",.,"A",.,"A",.,"A"
"20103",2304562,44,0,"1",.,"A",.,"A",.,"A",.,"A",.,"A",.,"A",.,"A",.,"A",.,"A",.,"A",.,"A",.,"A",120,"D",.,"A",.,"A"
"20103",2304632,30,0,"1",.,"A",.,"A",.,"A",.,"A",.,"A",200,"D",.,"A",.,"A",.,"A",.,"A",.,"A",.,"A",236,"D",.,"A",.,"A"
"20103",2304642,27,0,"1",.,"A",.,"A",.,"A",.,"A",60,"D",.,"A",.,"A",.,"A",.,"A",801,"D",0,"D",0,"D",100,"D",267,"D",.,"A"
"20103",2304662,67,0,"1",5,"D",.,"A",.,"A",.,"A",5,"D",.,"A",.,"A",.,"A",.,"A",.,"A",.,"A",.,"A",72,"D",.,"A",.,"A"
"20103",2304762,74,0,"1",.,"A",.,"A",.,"A",.,"A",.,"A",.,"A",.,"A",.,"A",0,"D",.,"A",.,"A",.,"A",160,"D",.,"A",.,"A"
"20103",2304783,51,0,"1",.,"A",.,"A",.,"A",.,"A",.,"A",.,"A",.,"A",.,"A",.,"A",.,"A",.,"A",.,"A",35,"D",.,"A",.,"A"
"20103",2304802,39,0,"1",.,"A",.,"A",.,"A",.,"A",.,"A",.,"A",39,"D",.,"A",.,"A",.,"A",.,"A",.,"A",60,"D",.,"A",.,"A"
"20103",2304813,28,0,"1",.,"A",.,"A",.,"A",.,"A",.,"A",.,"A",.,"A",.,"A",.,"A",.,"A",.,"A",.,"A",200,"D",.,"A",.,"A"
"20103",2304833,66,0,"1",.,"A",.,"A",.,"A",.,"A",.,"A",.,"A",.,"A",.,"A",.,"A",.,"A",.,"A",.,"A",.,"A",.,"A",.,"A"
"20103",2304842,57,0,"1",.,"A",.,"A",.,"A",.,"A",.,"A",.,"A",78,"D",.,"A",.,"A",.,"A",.,"A",.,"A",30,"D",.,"A",.,"A"
"20103",2304873,72,0,"1",.,"A",.,"A",.,"A",.,"A",.,"A",.,"A",.,"A",.,"A",.,"A",.,"A",.,"A",.,"A",80,"D",.,"A",.,"A"
"20103",2304882,28,0,"1",.,"A",.,"A",.,"A",.,"A",.,"A",.,"A",.,"A",.,"A",.,"A",.,"A",.,"A",.,"A",20,"D",.,"A",.,"A"
"20103",2304913,41,0,"1",.,"A",.,"A",.,"A",.,"A",.,"A",.,"A",.,"A",.,"A",.,"A",.,"A",.,"A",.,"A",90,"D",.,"A",.,"A"
"20103",2305012,43,0,"1",.,"A",.,"A",.,"A",.,"A",.,"A",.,"A",.,"A",.,"A",.,"A",.,"A",.,"A",.,"A",.,"A",.,"A",.,"A"
"20103",2305052,53,0,"1",.,"A",.,"A",.,"A",.,"A",.,"A",.,"A",780,"D",.,"A",90,"D",.,"A",.,"A",.,"A",.,"A",.,"A",.,"A"
"20103",2305092,63,0,"1",.,"A",.,"A",.,"A",.,"A",.,"A",.,"A",.,"A",.,"A",.,"A",.,"A",.,"A",.,"A",42,"D",.,"A",.,"A"
"20103",2305112,31,0,"1",.,"A",.,"A",.,"A",.,"A",.,"A",.,"A",.,"A",.,"A",30,"D",.,"A",.,"A",.,"A",10,"D",.,"A",.,"A"
"20103",2305123,37,0,"1",3,"D",.,"A",.,"A",.,"A",21,"D",.,"A",.,"A",.,"A",.,"A",.,"A",.,"A",.,"A",.,"A",.,"A",.,"A"
"20103",2305143,30,0,"1",.,"A",.,"A",.,"A",.,"A",.,"A",.,"A",.,"A",.,"A",.,"A",.,"A",.,"A",.,"A",.,"A",.,"A",.,"A"
"20103",2305153,41,0,"1",.,"A",.,"A",.,"A",.,"A",.,"A",.,"A",.,"A",.,"A",.,"A",.,"A",.,"A",.,"A",130,"D",.,"A",.,"A"
"20103",2305263,64,0,"1",.,"A",.,"A",.,"A",.,"A",.,"A",.,"A",.,"A",.,"A",.,"A",.,"A",.,"A",.,"A",45,"D",.,"A",.,"A"
"20103",2305292,43,0,"1",.,"A",.,"A",.,"A",.,"A",.,"A",.,"A",.,"A",.,"A",.,"A",.,"A",.,"A",.,"A",480,"D",.,"A",.,"A"
"20103",2305303,45,0,"1",.,"A",.,"A",.,"A",.,"A",.,"A",.,"A",.,"A",.,"A",.,"A",270,"D",0,"D",27,"D",.,"A",90,"D",.,"A"
"20103",2305313,44,0,"1",.,"A",.,"A",.,"A",.,"A",.,"A",.,"A",.,"A",.,"A",30,"D",.,"A",.,"A",.,"A",160,"D",.,"A",.,"A"
"20103",2305322,43,0,"1",.,"A",.,"A",.,"A",.,"A",.,"A",.,"A",1040,"D",.,"A",.,"A",.,"A",.,"A",.,"A",.,"A",.,"A",.,"A"
"20103",2305373,71,0,"1",.,"A",.,"A",.,"A",300,"D",.,"A",125,"D",.,"A",.,"A",.,"A",.,"A",.,"A",.,"A",400,"D",.,"A",.,"A"
"20103",2305382,29,0,"1",.,"A",.,"A",.,"A",.,"A",.,"A",.,"A",.,"A",.,"A",.,"A",276,"D",0,"D",24,"D",.,"A",92,"D",.,"A"
"20103",2305403,73,0,"1",.,"A",.,"A",375,"D",.,"A",.,"A",.,"A",.,"A",.,"A",.,"A",.,"A",.,"A",.,"A",675,"D",.,"A",.,"A"
"20103",2305422,29,0,"1",.,"A",.,"A",.,"A",.,"A",.,"A",.,"A",.,"A",.,"A",.,"A",.,"A",.,"A",.,"A",70,"D",.,"A",.,"A"
"20103",2305492,46,0,"1",.,"A",.,"A",.,"A",.,"A",.,"A",50,"D",.,"A",.,"A",.,"A",.,"A",.,"A",.,"A",50,"D",.,"A",.,"A"
"20103",2305502,25,0,"1",.,"A",.,"A",.,"A",.,"A",.,"A",.,"A",.,"A",.,"A",.,"A",.,"A",.,"A",.,"A",.,"A",.,"A",.,"A"
"20103",2305533,57,0,"1",.,"A",.,"A",.,"A",.,"A",.,"A",.,"A",.,"A",.,"A",.,"A",.,"A",.,"A",.,"A",55,"D",.,"A",.,"A"
"20103",2305542,40,0,"1",.,"A",.,"A",.,"A",.,"A",.,"A",.,"A",.,"A",.,"A",.,"A",.,"A",.,"A",.,"A",15,"D",.,"A",.,"A"
"20103",2305573,60,0,"1",.,"A",.,"A",.,"A",.,"A",.,"A",.,"A",.,"A",.,"A",.,"A",.,"A",.,"A",.,"A",.,"A",.,"A",.,"A"
"20103",2305592,61,0,"1",.,"A",.,"A",.,"A",.,"A",.,"A",.,"A",.,"A",.,"A",.,"A",.,"A",.,"A",.,"A",106,"D",.,"A",.,"A"
"20103",2305602,58,0,"1",.,"A",.,"A",.,"A",.,"A",.,"A",75,"D",.,"A",.,"A",.,"A",.,"A",.,"A",.,"A",240,"D",.,"A",.,"A"
"20103",2305643,80,0,"1",.,"A",.,"A",.,"A",.,"A",.,"A",80,"D",.,"A",.,"A",.,"A",.,"A",.,"A",.,"A",165,"D",.,"A",.,"A"
"20103",2305653,32,0,"1",.,"A",.,"A",.,"A",40,"D",.,"A",.,"A",.,"A",.,"A",.,"A",.,"A",.,"A",.,"A",.,"A",.,"A",.,"A"
"20103",2305662,67,0,"1",.,"A",.,"A",.,"A",.,"A",.,"A",100,"D",.,"A",.,"A",90,"D",.,"A",.,"A",.,"A",300,"D",.,"A",.,"A"
"20103",2305672,52,0,"1",.,"A",.,"A",.,"A",435,"D",.,"A",.,"A",.,"A",.,"A",24,"D",.,"A",.,"A",.,"A",630,"D",.,"A",.,"A"
"20103",2305693,56,0,"1",.,"A",.,"A",.,"A",.,"A",.,"A",200,"D",.,"A",.,"A",.,"A",654,"D",0,"D",0,"D",150,"D",218,"D",.,"A"
"20103",2305713,47,0,"1",.,"A",.,"A",.,"A",.,"A",.,"A",.,"A",.,"A",.,"A",30,"D",.,"A",.,"A",.,"A",5,"D",.,"A",.,"A"
"20103",2305733,69,0,"1",.,"A",.,"A",27,"D",.,"A",.,"A",.,"A",.,"A",.,"A",.,"A",.,"A",.,"A",.,"A",75,"D",.,"A",.,"A"
"20103",2305753,38,0,"1",.,"A",.,"A",.,"A",.,"A",20,"D",.,"A",.,"A",.,"A",.,"A",.,"A",.,"A",.,"A",240,"D",.,"A",.,"A"
"20103",2305802,42,0,"1",30,"D",.,"A",.,"A",.,"A",30,"D",.,"A",.,"A",.,"A",.,"A",.,"A",.,"A",.,"A",.,"A",.,"A",.,"A"
"20103",2305812,39,0,"1",.,"A",.,"A",.,"A",.,"A",65,"D",60,"D",455,"D",.,"A",.,"A",.,"A",.,"A",.,"A",210,"D",.,"A",.,"A"
"20103",2305832,62,0,"1",.,"A",.,"A",.,"A",.,"A",.,"A",30,"D",.,"A",.,"A",.,"A",.,"A",.,"A",.,"A",25,"D",.,"A",.,"A"
"20103",2305853,31,0,"1",.,"A",.,"A",.,"A",.,"A",.,"A",.,"A",.,"A",.,"A",.,"A",.,"A",.,"A",.,"A",.,"A",.,"A",.,"A"
"20103",2305864,28,0,"1",.,"A",.,"A",.,"A",.,"A",16,"D",.,"A",780,"D",.,"A",.,"A",.,"A",.,"A",.,"A",.,"A",.,"A",.,"A"
"20103",2305883,60,0,"1",.,"A",.,"A",.,"A",20,"D",.,"A",.,"A",78,"D",.,"A",.,"A",.,"A",.,"A",.,"A",135,"D",.,"A",.,"A"
"20103",2305892,26,0,"1",.,"A",.,"A",.,"A",.,"A",60,"D",.,"A",.,"A",.,"A",.,"A",.,"A",.,"A",.,"A",.,"A",.,"A",.,"A"
"20103",2305902,64,0,"1",.,"A",.,"A",.,"A",.,"A",.,"A",.,"A",.,"A",.,"A",.,"A",.,"A",.,"A",.,"A",.,"A",.,"A",.,"A"
"20103",2305913,40,0,"1",.,"A",.,"A",.,"A",.,"A",.,"A",.,"A",.,"A",.,"A",.,"A",.,"A",.,"A",.,"A",.,"A",.,"A",.,"A"
"20103",2305933,44,0,"1",.,"A",.,"A",.,"A",.,"A",8,"D",.,"A",.,"A",.,"A",.,"A",0,"D",0,"D",0,"D",.,"A",0,"D",.,"A"
"20103",2305952,34,0,"1",.,"A",.,"A",.,"A",.,"A",44,"D",.,"A",.,"A",.,"A",.,"A",.,"A",.,"A",.,"A",.,"A",.,"A",.,"A"
"20103",2305973,31,0,"1",.,"A",.,"A",.,"A",.,"A",12,"D",.,"A",.,"A",.,"A",.,"A",.,"A",.,"A",.,"A",10,"D",.,"A",.,"A"
"20103",2306002,66,0,"1",.,"A",.,"A",52,"D",.,"A",.,"A",.,"A",1625,"D",.,"A",.,"A",.,"A",.,"A",.,"A",.,"A",.,"A",.,"A"
"20103",2306032,91,0,"1",.,"A",.,"A",.,"A",.,"A",.,"A",45,"D",.,"A",195,"F",3,"D",.,"A",.,"A",.,"A",117,"D",.,"A",.,"A"
"20103",2306052,56,0,"1",.,"A",.,"A",.,"A",.,"A",.,"A",.,"A",.,"A",.,"A",.,"A",.,"A",.,"A",.,"A",60,"D",.,"A",.,"A"
"20103",2306072,43,0,"1",.,"A",.,"A",.,"A",.,"A",.,"A",.,"A",.,"A",.,"A",.,"A",.,"A",.,"A",.,"A",10,"D",.,"A",.,"A"
"20103",2306113,53,0,"1",.,"A",.,"A",.,"A",.,"A",.,"A",.,"A",.,"A",.,"A",.,"A",.,"A",.,"A",.,"A",.,"A",.,"A",.,"A"
"20103",2306122,37,0,"1",.,"A",.,"A",.,"A",.,"A",.,"A",.,"A",.,"A",.,"A",.,"A",.,"A",.,"A",.,"A",80,"D",.,"A",.,"A"
"20103",2306162,54,0,"1",.,"A",.,"A",.,"A",.,"A",.,"A",.,"A",.,"A",.,"A",600,"F",0,"D",0,"D",6,"F",50,"D",0,"D",.,"A"
"20103",2306203,53,0,"1",.,"A",.,"A",.,"A",.,"A",.,"A",.,"A",.,"A",.,"A",15,"D",.,"A",.,"A",.,"A",.,"A",.,"A",.,"A"
"20103",2306222,59,0,"1",.,"A",.,"A",.,"A",.,"A",.,"A",.,"A",.,"A",.,"A",.,"A",.,"A",.,"A",.,"A",.,"A",.,"A",.,"A"
"20103",2306243,56,0,"1",.,"A",.,"A",.,"A",.,"A",.,"A",.,"A",.,"A",.,"A",81,"D",.,"A",.,"A",.,"A",54,"D",.,"A",.,"A"
"20103",2306273,52,0,"1",.,"A",.,"A",.,"A",.,"A",.,"A",30,"D",.,"A",.,"A",.,"A",.,"A",.,"A",.,"A",150,"D",.,"A",.,"A"
"20103",2306283,49,0,"1",.,"A",.,"A",.,"A",.,"A",.,"A",.,"A",.,"A",.,"A",.,"A",.,"A",.,"A",.,"A",.,"A",.,"A",.,"A"
"20103",2306313,64,0,"1",.,"A",.,"A",.,"A",.,"A",.,"A",.,"A",.,"A",.,"A",.,"A",54,"D",0,"D",0,"D",.,"A",18,"D",110,"F"
"20103",2306352,66,0,"1",.,"A",.,"A",.,"A",.,"A",.,"A",20,"D",.,"A",.,"A",78,"D",.,"A",.,"A",.,"A",200,"D",.,"A",.,"A"
"20103",2306372,57,0,"1",.,"A",.,"A",.,"A",.,"A",.,"A",.,"A",.,"A",.,"A",.,"A",180,"D",0,"D",0,"D",180,"D",60,"D",.,"A"
"20103",2306383,47,0,"1",.,"A",.,"A",.,"A",.,"A",.,"A",.,"A",195,"D",.,"A",.,"A",.,"A",.,"A",.,"A",.,"A",.,"A",.,"A"
"20103",2306402,52,0,"1",.,"A",.,"A",.,"A",.,"A",.,"A",.,"A",.,"A",.,"A",.,"A",.,"A",.,"A",.,"A",.,"A",.,"A",.,"A"
"20103",2306422,38,0,"1",.,"A",.,"A",.,"A",.,"A",120,"D",.,"A",.,"A",.,"A",.,"A",.,"A",.,"A",.,"A",.,"A",.,"A",.,"A"
"20103",2306433,51,0,"1",.,"A",.,"A",.,"A",.,"A",.,"A",.,"A",.,"A",.,"A",.,"A",.,"A",.,"A",.,"A",.,"A",.,"A",.,"A"
"20103",2306442,41,0,"1",.,"A",.,"A",.,"A",.,"A",.,"A",.,"A",.,"A",.,"A",.,"A",.,"A",.,"A",.,"A",.,"A",.,"A",.,"A"
"20103",2306453,63,0,"1",.,"A",.,"A",.,"A",.,"A",.,"A",.,"A",520,"D",130,"D",.,"A",.,"A",.,"A",.,"A",240,"D",.,"A",.,"A"
"20103",2306472,31,0,"1",.,"A",.,"A",.,"A",.,"A",.,"A",.,"A",.,"A",.,"A",.,"A",.,"A",.,"A",.,"A",78,"D",.,"A",.,"A"
"20103",2306483,34,0,"1",.,"A",.,"A",.,"A",.,"A",18,"D",.,"A",.,"A",.,"A",.,"A",.,"A",.,"A",.,"A",.,"A",.,"A",.,"A"
"20103",2306503,34,0,"1",.,"A",.,"A",.,"A",.,"A",.,"A",.,"A",.,"A",.,"A",.,"A",.,"A",.,"A",.,"A",.,"A",.,"A",.,"A"
"20103",2306513,77,0,"1",.,"A",.,"A",.,"A",.,"A",.,"A",180,"D",.,"A",.,"A",.,"A",.,"A",.,"A",.,"A",.,"A",.,"A",.,"A"
"20103",2306532,33,0,"1",.,"A",.,"A",.,"A",.,"A",55,"D",.,"A",.,"A",.,"A",.,"A",.,"A",.,"A",.,"A",.,"A",.,"A",.,"A"
"20103",2306543,51,0,"1",.,"A",.,"A",.,"A",.,"A",.,"A",.,"A",.,"A",.,"A",.,"A",.,"A",.,"A",.,"A",.,"A",.,"A",.,"A"
"20103",2306582,34,0,"1",.,"A",.,"A",.,"A",.,"A",60,"D",10,"D",.,"A",.,"A",.,"A",90,"D",0,"D",150,"D",60,"D",30,"D",.,"A"
"20103",2306633,79,0,"1",.,"A",.,"A",.,"A",.,"A",.,"A",20,"D",.,"A",.,"A",.,"A",.,"A",.,"A",.,"A",504,"D",.,"A",.,"A"
"20103",2306652,30,0,"1",.,"A",.,"A",.,"A",.,"A",.,"A",.,"A",.,"A",.,"A",.,"A",.,"A",.,"A",.,"A",.,"A",.,"A",.,"A"
"20103",2306663,35,0,"1",.,"A",.,"A",.,"A",.,"A",.,"A",.,"A",.,"A",.,"A",.,"A",.,"A",.,"A",.,"A",.,"A",.,"A",.,"A"
"20103",2306693,49,0,"1",.,"A",.,"A",.,"A",.,"A",.,"A",.,"A",.,"A",.,"A",.,"A",.,"A",.,"A",.,"A",.,"A",.,"A",.,"A"
"20103",2306722,29,0,"1",.,"A",.,"A",.,"A",.,"A",.,"A",.,"A",520,"D",.,"A",.,"A",.,"A",.,"A",.,"A",.,"A",.,"A",.,"A"
"20103",2306742,57,0,"1",.,"A",.,"A",.,"A",.,"A",.,"A",.,"A",.,"A",.,"A",.,"A",.,"A",.,"A",.,"A",292,"D",.,"A",.,"A"
"20103",2306772,58,0,"1",15,"D",.,"A",.,"A",.,"A",0,"D",.,"A",.,"A",.,"A",.,"A",.,"A",.,"A",.,"A",60,"D",.,"A",.,"A"
"20103",2306792,38,0,"1",.,"A",.,"A",.,"A",.,"A",.,"A",.,"A",.,"A",.,"A",.,"A",.,"A",.,"A",.,"A",.,"A",.,"A",.,"A"
"20103",2306813,35,0,"1",.,"A",.,"A",.,"A",.,"A",.,"A",160,"D",.,"A",.,"A",.,"A",.,"A",.,"A",.,"A",.,"A",.,"A",.,"A"
"20103",2306872,37,0,"1",.,"A",.,"A",.,"A",.,"A",.,"A",.,"A",455,"D",.,"A",.,"A",.,"A",.,"A",.,"A",175,"D",.,"A",.,"A"
"20103",2306913,32,0,"1",.,"A",.,"A",.,"A",.,"A",.,"A",.,"A",.,"A",.,"A",72,"D",.,"A",.,"A",.,"A",40,"D",.,"A",.,"A"
"20103",2306923,92,0,"1",.,"A",.,"A",.,"A",.,"A",.,"A",6,"D",.,"A",.,"A",.,"A",.,"A",.,"A",.,"A",276,"D",.,"A",.,"A"
"20103",2306933,55,0,"1",.,"A",.,"A",.,"A",.,"A",.,"A",300,"D",.,"A",.,"A",.,"A",.,"A",.,"A",.,"A",300,"D",.,"A",.,"A"
"20103",2306943,27,0,"1",.,"A",.,"A",.,"A",.,"A",.,"A",.,"A",.,"A",.,"A",.,"A",0,"D",0,"D",420,"D",.,"A",0,"D",.,"A"
"20103",2307012,40,0,"1",.,"A",.,"A",.,"A",.,"A",.,"A",.,"A",.,"A",.,"A",.,"A",.,"A",.,"A",.,"A",24,"D",.,"A",.,"A"
"20103",2307023,43,0,"1",.,"A",.,"A",.,"A",.,"A",.,"A",.,"A",.,"A",.,"A",.,"A",.,"A",.,"A",.,"A",90,"D",.,"A",.,"A"
"20103",2307093,33,0,"1",.,"A",.,"A",.,"A",.,"A",.,"A",.,"A",.,"A",.,"A",.,"A",.,"A",.,"A",.,"A",.,"A",.,"A",.,"A"
"20103",2307122,30,0,"1",.,"A",.,"A",.,"A",.,"A",.,"A",.,"A",.,"A",.,"A",9,"D",0,"D",0,"D",0,"D",.,"A",0,"D",.,"A"
"20103",2307133,44,0,"1",.,"A",.,"A",.,"A",.,"A",.,"A",.,"A",.,"A",.,"A",.,"A",.,"A",.,"A",.,"A",.,"A",.,"A",.,"A"
"20103",2307152,106,0,"1",.,"A",.,"A",15,"D",.,"A",.,"A",115,"D",.,"A",.,"A",.,"A",.,"A",.,"A",.,"A",40,"D",.,"A",.,"A"
"20103",2307163,43,0,"1",.,"A",.,"A",.,"A",.,"A",.,"A",105,"D",.,"A",.,"A",.,"A",.,"A",.,"A",.,"A",450,"D",.,"A",.,"A"
"20103",2307173,56,0,"1",.,"A",.,"A",.,"A",.,"A",.,"A",.,"A",.,"A",.,"A",.,"A",.,"A",.,"A",.,"A",300,"D",.,"A",.,"A"
"20103",2307263,55,0,"1",.,"A",.,"A",.,"A",.,"A",12,"D",.,"A",.,"A",.,"A",.,"A",.,"A",.,"A",.,"A",.,"A",.,"A",.,"A"
"20103",2307274,56,0,"1",.,"A",.,"A",.,"A",.,"A",.,"A",150,"D",.,"A",.,"A",150,"D",.,"A",.,"A",.,"A",600,"D",.,"A",.,"A"
"20103",2307282,36,0,"1",.,"A",.,"A",.,"A",.,"A",.,"A",.,"A",.,"A",.,"A",.,"A",600,"D",0,"D",0,"D",300,"D",200,"D",.,"A"
"20103",2307292,45,0,"1",.,"A",.,"A",.,"A",.,"A",.,"A",.,"A",.,"A",.,"A",.,"A",.,"A",.,"A",.,"A",60,"D",.,"A",.,"A"
"20103",2307313,43,0,"1",.,"A",.,"A",.,"A",.,"A",.,"A",.,"A",.,"A",.,"A",.,"A",120,"D",0,"D",0,"D",.,"A",40,"D",.,"A"
"20103",2307382,44,0,"1",.,"A",.,"A",.,"A",.,"A",.,"A",.,"A",.,"A",.,"A",.,"A",.,"A",.,"A",.,"A",180,"D",.,"A",.,"A"
"20103",2307402,33,0,"1",.,"A",.,"A",.,"A",.,"A",.,"A",.,"A",.,"A",.,"A",.,"A",.,"A",.,"A",.,"A",.,"A",.,"A",.,"A"
"20103",2307413,38,0,"1",.,"A",.,"A",.,"A",.,"A",.,"A",.,"A",455,"D",.,"A",.,"A",.,"A",.,"A",.,"A",.,"A",.,"A",.,"A"
"20103",2307432,27,0,"1",.,"A",.,"A",.,"A",.,"A",.,"A",.,"A",.,"A",.,"A",.,"A",.,"A",.,"A",.,"A",28,"D",.,"A",.,"A"
"20103",2307452,74,0,"1",.,"A",.,"A",.,"A",.,"A",.,"A",.,"A",1300,"D",.,"A",.,"A",.,"A",.,"A",.,"A",160,"D",.,"A",.,"A"
"20103",2307473,40,0,"1",.,"A",.,"A",.,"A",.,"A",.,"A",.,"A",.,"A",.,"A",.,"A",.,"A",.,"A",.,"A",.,"A",.,"A",.,"A"
"20103",2307493,66,0,"1",.,"A",.,"A",.,"A",.,"A",.,"A",.,"A",390,"D",.,"A",6,"D",.,"A",.,"A",.,"A",30,"D",.,"A",.,"A"
"20103",2307502,52,0,"1",.,"A",.,"A",.,"A",.,"A",.,"A",.,"A",975,"D",52,"D",81,"D",.,"A",.,"A",.,"A",20,"D",.,"A",.,"A"
"20103",2307512,48,0,"1",.,"A",.,"A",.,"A",.,"A",.,"A",.,"A",.,"A",.,"A",.,"A",.,"A",.,"A",.,"A",262,"D",.,"A",.,"A"
"20103",2307533,46,0,"1",.,"A",.,"A",25,"D",.,"A",.,"A",75,"D",.,"A",.,"A",.,"A",.,"A",.,"A",.,"A",50,"D",.,"A",.,"A"
"20103",2307543,54,0,"1",.,"A",.,"A",.,"A",.,"A",.,"A",.,"A",.,"A",260,"F",.,"A",.,"A",.,"A",.,"A",45,"D",.,"A",.,"A"
"20103",2307555,42,0,"1",.,"A",.,"A",.,"A",.,"A",.,"A",.,"A",.,"A",.,"A",.,"A",.,"A",.,"A",.,"A",48,"D",.,"A",.,"A"
"20103",2307574,38,0,"1",.,"A",.,"A",.,"A",.,"A",.,"A",.,"A",520,"D",.,"A",.,"A",.,"A",.,"A",.,"A",.,"A",.,"A",.,"A"
"20103",2307583,56,0,"1",.,"A",.,"A",.,"A",.,"A",.,"A",.,"A",.,"A",.,"A",.,"A",.,"A",.,"A",.,"A",255,"D",.,"A",.,"A"
"20103",2307622,31,0,"1",.,"A",.,"A",.,"A",.,"A",5,"D",.,"A",.,"A",.,"A",60,"D",0,"D",0,"D",0,"D",20,"D",0,"D",.,"A"
"20103",2307633,36,0,"1",.,"A",.,"A",.,"A",.,"A",.,"A",.,"A",.,"A",260,"F",.,"A",.,"A",.,"A",.,"A",120,"F",.,"A",.,"A"
"20103",2307642,59,0,"1",.,"A",.,"A",.,"A",.,"A",.,"A",180,"D",.,"A",.,"A",.,"A",.,"A",.,"A",.,"A",402,"D",.,"A",.,"A"
"20103",2307655,44,0,"1",.,"A",.,"A",.,"A",.,"A",.,"A",.,"A",.,"A",.,"A",.,"A",.,"A",.,"A",.,"A",40,"D",.,"A",.,"A"
"20103",2307682,35,0,"1",.,"A",.,"A",.,"A",.,"A",.,"A",.,"A",.,"A",.,"A",.,"A",.,"A",.,"A",.,"A",30,"D",.,"A",.,"A"
"20103",2307692,39,0,"1",.,"A",.,"A",.,"A",.,"A",360,"D",.,"A",.,"A",.,"A",.,"A",0,"D",0,"D",120,"D",.,"A",0,"D",.,"A"
"20103",2307703,37,0,"1",.,"A",.,"A",.,"A",.,"A",.,"A",.,"A",.,"A",.,"A",.,"A",.,"A",.,"A",.,"A",225,"D",.,"A",.,"A"
"20103",2307712,30,0,"1",.,"A",.,"A",.,"A",.,"A",.,"A",.,"A",.,"A",.,"A",.,"A",.,"A",.,"A",.,"A",45,"D",.,"A",.,"A"
"20103",2307732,46,0,"1",.,"A",.,"A",.,"A",.,"A",.,"A",.,"A",.,"A",.,"A",.,"A",.,"A",.,"A",.,"A",.,"A",.,"A",.,"A"
"20103",2307743,59,0,"1",.,"A",.,"A",.,"A",.,"A",.,"A",.,"A",780,"D",.,"A",.,"A",.,"A",.,"A",.,"A",105,"D",.,"A",.,"A"
"20103",2307752,54,0,"1",.,"A",.,"A",.,"A",.,"A",.,"A",20,"D",.,"A",.,"A",.,"A",.,"A",.,"A",.,"A",200,"D",.,"A",.,"A"
"20103",2307773,63,0,"1",.,"A",.,"A",.,"A",.,"A",.,"A",6,"F",.,"A",.,"A",45,"D",.,"A",.,"A",.,"A",240,"D",.,"A",.,"A"
"20103",2307792,26,0,"1",5,"F",.,"A",.,"A",.,"A",55,"F",.,"A",.,"A",.,"A",.,"A",294,"D",0,"D",0,"D",.,"A",98,"D",.,"A"
"20103",2307832,64,0,"1",.,"A",.,"A",.,"A",.,"A",.,"A",.,"A",.,"A",.,"A",.,"A",.,"A",.,"A",.,"A",.,"A",.,"A",.,"A"
"20103",2307882,89,0,"1",.,"A",.,"A",.,"A",.,"A",.,"A",.,"A",.,"A",.,"A",.,"A",.,"A",.,"A",.,"A",204,"D",.,"A",.,"A"
"20103",2307903,59,0,"1",.,"A",.,"A",.,"A",.,"A",.,"A",.,"A",.,"A",.,"A",.,"A",.,"A",.,"A",.,"A",125,"D",.,"A",.,"A"
"20103",2307923,56,0,"1",.,"A",.,"A",.,"A",.,"A",.,"A",80,"D",.,"A",.,"A",.,"A",.,"A",.,"A",.,"A",75,"D",.,"A",.,"A"
"20103",2307982,48,0,"1",.,"A",.,"A",.,"A",.,"A",.,"A",.,"A",286,"D",.,"A",.,"A",.,"A",.,"A",.,"A",37,"D",.,"A",.,"A"
"20103",2307993,24,0,"1",.,"A",.,"A",.,"A",.,"A",.,"A",.,"A",.,"A",.,"A",.,"A",.,"A",.,"A",.,"A",15,"D",.,"A",.,"A"
"20103",2308003,75,0,"1",.,"A",.,"A",.,"A",.,"A",.,"A",20,"D",.,"A",.,"A",.,"A",345,"D",0,"D",0,"D",85,"D",115,"D",.,"A"
"20103",2308023,61,0,"1",.,"A",.,"A",.,"A",.,"A",.,"A",.,"A",.,"A",.,"A",.,"A",.,"A",.,"A",.,"A",.,"A",.,"A",.,"A"
"20103",2308033,74,0,"1",.,"A",.,"A",.,"A",.,"A",.,"A",.,"A",910,"D",.,"A",.,"A",.,"A",.,"A",.,"A",100,"D",.,"A",.,"A"
"20103",2308062,67,0,"1",.,"A",.,"A",.,"A",.,"A",.,"A",.,"A",.,"A",.,"A",.,"A",.,"A",.,"A",.,"A",175,"D",.,"A",.,"A"
"20103",2308214,43,0,"1",.,"A",.,"A",.,"A",.,"A",.,"A",.,"A",.,"A",52,"D",.,"A",.,"A",.,"A",.,"A",75,"D",.,"A",.,"A"
"20103",2308753,35,0,"1",.,"A",.,"A",.,"A",.,"A",90,"D",.,"A",260,"D",.,"A",.,"A",270,"D",0,"D",0,"D",.,"A",90,"D",.,"A"
"20103",2308934,40,0,"1",.,"A",.,"A",.,"A",.,"A",20,"D",.,"A",910,"D",.,"A",.,"A",.,"A",.,"A",.,"A",20,"D",.,"A",.,"A"
"20103",2309025,46,0,"1",10,"D",.,"A",.,"A",130,"D",45,"D",.,"A",.,"A",.,"A",.,"A",.,"A",.,"A",.,"A",45,"D",.,"A",.,"A"
"20103",2309185,48,0,"1",.,"A",.,"A",.,"A",.,"A",60,"D",28,"D",455,"D",.,"A",.,"A",.,"A",.,"A",.,"A",73,"D",.,"A",.,"A"
"20103",2309445,31,0,"1",.,"A",.,"A",.,"A",.,"A",.,"A",.,"A",.,"A",.,"A",.,"A",.,"A",.,"A",.,"A",.,"A",.,"A",.,"A"
"20103",2309483,33,0,"1",.,"A",.,"A",.,"A",.,"A",35,"D",.,"A",.,"A",.,"A",.,"A",.,"A",.,"A",.,"A",14,"D",.,"A",.,"A"
"20103",2309654,49,0,"1",.,"A",.,"A",.,"A",.,"A",.,"A",.,"A",.,"A",.,"A",.,"A",.,"A",.,"A",.,"A",100,"D",.,"A",.,"A"
"20103",2309794,35,0,"1",.,"A",.,"A",.,"A",.,"A",.,"A",.,"A",.,"A",.,"A",18,"D",.,"A",.,"A",.,"A",12,"D",.,"A",.,"A"
"20103",2310004,45,0,"1",.,"A",.,"A",.,"A",.,"A",65,"D",.,"A",.,"A",.,"A",.,"A",.,"A",.,"A",.,"A",300,"D",.,"A",.,"A"
"20103",2310432,32,0,"1",.,"A",.,"A",.,"A",.,"A",.,"A",.,"A",.,"A",.,"A",.,"A",.,"A",.,"A",.,"A",300,"D",.,"A",.,"A"
"20103",2310473,42,0,"1",.,"A",.,"A",.,"A",.,"A",.,"A",.,"A",.,"A",.,"A",.,"A",.,"A",.,"A",.,"A",120,"D",.,"A",.,"A"
"20103",2310483,31,0,"1",.,"A",.,"A",.,"A",.,"A",.,"A",.,"A",520,"D",.,"A",87,"D",.,"A",.,"A",.,"A",.,"A",.,"A",.,"A"
"20103",2310524,28,0,"1",.,"A",.,"A",.,"A",70,"D",60,"D",.,"A",.,"A",.,"A",.,"A",270,"D",0,"D",0,"D",.,"A",90,"D",.,"A"
"20103",2310773,41,0,"1",.,"A",.,"A",.,"A",.,"A",.,"A",.,"A",.,"A",.,"A",.,"A",.,"A",.,"A",.,"A",12,"D",.,"A",.,"A"
"20103",2310894,22,0,"1",.,"A",.,"A",.,"A",.,"A",.,"A",.,"A",.,"A",.,"A",.,"A",.,"A",.,"A",.,"A",.,"A",.,"A",.,"A"
"20103",2310902,29,0,"1",.,"A",.,"A",.,"A",.,"A",18,"D",.,"A",.,"A",.,"A",6,"D",.,"A",.,"A",.,"A",.,"A",.,"A",.,"A"
"20103",2311024,29,0,"1",.,"A",.,"A",.,"A",.,"A",.,"A",.,"A",.,"A",.,"A",24,"D",.,"A",.,"A",.,"A",.,"A",.,"A",.,"A"
"20103",2311124,49,0,"1",.,"A",.,"A",.,"A",.,"A",.,"A",.,"A",.,"A",.,"A",.,"A",.,"A",.,"A",.,"A",.,"A",.,"A",.,"A"
"20103",2311143,41,0,"1",.,"A",.,"A",.,"A",.,"A",10,"D",.,"A",.,"A",.,"A",.,"A",.,"A",.,"A",.,"A",.,"A",.,"A",.,"A"
"20103",2311252,33,0,"1",.,"A",.,"A",.,"A",.,"A",.,"A",.,"A",.,"A",.,"A",.,"A",.,"A",.,"A",.,"A",.,"A",.,"A",.,"A"
"20103",2311654,44,0,"1",.,"A",.,"A",.,"A",.,"A",.,"A",.,"A",.,"A",.,"A",.,"A",.,"A",.,"A",.,"A",100,"D",.,"A",.,"A"
"20103",2311782,22,0,"1",.,"A",.,"A",.,"A",.,"A",.,"A",.,"A",.,"A",.,"A",.,"A",.,"A",.,"A",.,"A",30,"D",.,"A",.,"A"
"20103",2312032,37,0,"1",.,"A",.,"A",.,"A",.,"A",.,"A",.,"A",.,"A",.,"A",.,"A",.,"A",.,"A",.,"A",40,"D",.,"A",.,"A"
"20103",2312242,26,0,"1",.,"A",.,"A",.,"A",.,"A",100,"D",.,"A",.,"A",.,"A",.,"A",0,"D",0,"D",45,"D",25,"D",0,"D",.,"A"
"20103",2312564,44,0,"1",.,"A",.,"A",.,"A",.,"A",.,"A",.,"A",.,"A",.,"A",.,"A",.,"A",.,"A",.,"A",.,"A",.,"A",.,"A"
"20103",2312834,38,0,"1",.,"A",.,"A",.,"A",.,"A",.,"A",.,"A",.,"A",.,"A",.,"A",.,"A",.,"A",.,"A",.,"A",.,"A",.,"A"
"20103",2312843,39,0,"1",.,"A",.,"A",.,"A",.,"A",.,"A",.,"A",.,"A",.,"A",.,"A",.,"A",.,"A",.,"A",60,"D",.,"A",.,"A"
"20103",2312982,32,0,"1",.,"A",.,"A",.,"A",.,"A",.,"A",.,"A",.,"A",.,"A",.,"A",.,"A",.,"A",.,"A",.,"A",.,"A",.,"A"
"20103",2313014,32,0,"1",.,"A",.,"A",.,"A",.,"A",150,"D",.,"A",156,"D",.,"A",.,"A",90,"D",0,"D",0,"D",.,"A",30,"D",.,"A"
"20103",2313142,24,0,"1",.,"A",.,"A",.,"A",.,"A",.,"A",.,"A",390,"D",.,"A",.,"A",0,"D",0,"D",60,"D",.,"A",0,"D",.,"A"
"20103",2313235,37,0,"1",.,"A",.,"A",.,"A",.,"A",.,"A",.,"A",.,"A",.,"A",.,"A",45,"F",6,"F",240,"D",200,"D",.,"C",.,"A"
"20103",2313444,23,0,"1",.,"A",.,"A",.,"A",.,"A",.,"A",.,"A",.,"A",.,"A",.,"A",.,"A",.,"A",.,"A",.,"A",.,"A",.,"A"
"20103",2313475,53,0,"1",.,"A",.,"A",.,"A",.,"A",.,"A",.,"A",.,"A",.,"A",.,"A",.,"A",.,"A",.,"A",75,"D",.,"A",.,"A"
"20103",2313495,63,0,"1",.,"A",.,"A",.,"A",.,"A",.,"A",.,"A",65,"D",.,"A",27,"D",.,"A",.,"A",.,"A",30,"D",.,"A",.,"A"
"20103",2313774,32,0,"1",.,"A",.,"A",.,"A",.,"A",.,"A",.,"A",442,"D",.,"A",.,"A",.,"A",.,"A",.,"A",96,"D",.,"A",.,"A"
"20103",2313903,24,0,"1",.,"A",.,"A",.,"A",.,"A",.,"A",.,"A",.,"A",.,"A",.,"A",.,"A",.,"A",.,"A",.,"A",.,"A",.,"A"
"20103",2314054,34,0,"1",.,"A",.,"A",.,"A",.,"A",.,"A",.,"A",.,"A",.,"A",.,"A",0,"D",0,"D",150,"D",120,"D",0,"D",.,"A"
"20103",2314064,33,0,"1",.,"A",25,"D",.,"A",.,"A",.,"A",35,"D",.,"A",.,"A",.,"A",.,"A",.,"A",.,"A",250,"D",.,"A",.,"A"
"20103",2314083,34,0,"1",.,"A",.,"A",.,"A",.,"A",.,"A",.,"A",650,"D",.,"A",15,"D",.,"A",.,"A",.,"A",12,"D",.,"A",.,"A"
"20103",2314255,54,0,"1",.,"A",.,"A",.,"A",.,"A",.,"A",.,"A",.,"A",.,"A",.,"A",.,"A",.,"A",.,"A",150,"D",.,"A",.,"A"
"20103",2314324,22,0,"1",.,"A",.,"A",.,"A",.,"A",.,"A",.,"A",.,"A",.,"A",.,"A",303,"F",0,"D",60,"F",.,"A",.,"C",.,"A"
"20103",2314625,28,0,"1",.,"A",.,"A",.,"A",.,"A",.,"A",.,"A",195,"D",.,"A",.,"A",.,"A",.,"A",.,"A",.,"A",.,"A",.,"A"
"20103",2314675,25,0,"1",.,"A",.,"A",.,"A",.,"A",.,"A",.,"A",.,"A",.,"A",.,"A",.,"A",.,"A",.,"A",.,"A",.,"A",.,"A"
"20103",2314935,22,0,"1",.,"A",.,"A",.,"A",.,"A",.,"A",.,"A",.,"A",.,"A",.,"A",.,"A",.,"A",.,"A",.,"A",.,"A",.,"A"
"20103",2315112,31,0,"1",.,"A",.,"A",.,"A",.,"A",.,"A",.,"A",.,"A",.,"A",.,"A",.,"A",.,"A",.,"A",.,"A",.,"A",.,"A"
"20103",2315125,31,0,"1",4,"D",.,"A",.,"A",.,"A",36,"D",.,"A",520,"D",.,"A",.,"A",.,"A",.,"A",.,"A",.,"A",.,"A",.,"A"
"20103",2315143,24,0,"1",.,"A",.,"A",.,"A",.,"A",.,"A",.,"A",.,"A",.,"A",.,"A",.,"A",.,"A",.,"A",.,"A",.,"A",.,"A"
"20103",2315183,36,0,"1",45,"D",.,"A",.,"A",.,"A",55,"D",.,"A",.,"A",26,"D",30,"D",.,"A",.,"A",.,"A",.,"A",.,"A",.,"A"
"20103",2315242,37,0,"1",.,"A",.,"A",.,"A",.,"A",.,"A",.,"A",.,"A",.,"A",.,"A",.,"A",.,"A",.,"A",.,"A",.,"A",.,"A"
"20103",2315452,21,0,"1",19,"D",.,"A",.,"A",.,"A",56,"D",.,"A",520,"D",.,"A",.,"A",150,"D",0,"D",0,"D",30,"D",50,"D",.,"A"
"20103",2315504,30,0,"1",.,"A",.,"A",.,"A",.,"A",.,"A",.,"A",.,"A",.,"A",.,"A",.,"A",.,"A",.,"A",.,"A",.,"A",.,"A"
"20103",2315553,36,0,"1",.,"A",.,"A",.,"A",.,"A",20,"D",.,"A",.,"A",39,"D",.,"A",.,"A",.,"A",.,"A",.,"A",.,"A",.,"A"
"20103",2315713,31,0,"1",.,"A",.,"A",.,"A",.,"A",25,"D",.,"A",.,"A",.,"A",.,"A",.,"A",.,"A",.,"A",5,"D",.,"A",.,"A"
"20103",2315774,32,0,"1",15,"D",.,"A",.,"A",.,"A",45,"D",.,"A",.,"A",.,"A",.,"A",135,"D",0,"D",0,"D",.,"A",45,"D",.,"A"
"20103",2316123,52,0,"1",.,"A",.,"A",.,"A",.,"A",.,"A",.,"A",.,"A",.,"A",75,"D",.,"A",.,"A",.,"A",20,"D",.,"A",.,"A"
"20103",2316243,33,0,"1",.,"A",.,"A",.,"A",.,"A",.,"A",.,"A",546,"D",.,"A",.,"A",.,"A",.,"A",.,"A",.,"A",.,"A",.,"A"
"20103",2316703,28,0,"1",.,"A",.,"A",.,"A",.,"A",45,"D",10,"D",.,"A",.,"A",.,"A",.,"A",.,"A",.,"A",17,"D",.,"A",.,"A"
"20103",2316943,32,0,"1",.,"A",.,"A",.,"A",.,"A",.,"A",.,"A",.,"A",.,"A",.,"A",.,"A",.,"A",.,"A",60,"D",.,"A",.,"A"
"20103",2317092,40,0,"1",.,"A",.,"A",.,"A",.,"A",.,"A",.,"A",.,"A",.,"A",45,"D",.,"A",.,"A",.,"A",40,"D",.,"A",.,"A"
"20103",2317222,39,0,"1",.,"A",.,"A",.,"A",.,"A",.,"A",.,"A",.,"A",.,"A",.,"A",.,"A",.,"A",.,"A",.,"A",.,"A",.,"A"
"20103",2317385,38,0,"1",.,"A",.,"A",.,"A",.,"A",.,"A",.,"A",.,"A",.,"A",.,"A",.,"A",.,"A",.,"A",.,"A",.,"A",.,"A"
"20103",2317593,70,0,"1",.,"A",.,"A",.,"A",.,"A",.,"A",35,"D",.,"A",.,"A",.,"A",.,"A",.,"A",.,"A",450,"D",.,"A",.,"A"
"20103",2317953,40,0,"1",.,"A",.,"A",.,"A",.,"A",.,"A",.,"A",260,"D",.,"A",.,"A",.,"A",.,"A",.,"A",30,"D",.,"A",.,"A"
"20103",2318064,21,0,"1",.,"A",.,"A",.,"A",.,"A",180,"D",25,"F",.,"A",.,"A",.,"A",216,"D",150,"D",60,"D",.,"A",72,"D",.,"A"
"20103",2318364,34,0,"1",.,"A",.,"A",.,"A",.,"A",96,"D",.,"A",390,"D",.,"A",.,"A",150,"D",12,"D",150,"D",.,"A",50,"D",.,"A"
"20103",2318685,39,0,"1",.,"A",.,"A",.,"A",.,"A",.,"A",.,"A",.,"A",.,"A",.,"A",.,"A",.,"A",.,"A",50,"D",.,"A",.,"A"
"20103",2318723,31,0,"1",.,"A",.,"A",.,"A",.,"A",.,"A",.,"A",.,"A",.,"A",.,"A",.,"A",.,"A",.,"A",.,"A",.,"A",.,"A"
"20103",2318843,40,0,"1",.,"A",.,"A",.,"A",.,"A",240,"D",.,"A",.,"A",.,"A",.,"A",.,"A",.,"A",.,"A",150,"D",.,"A",.,"A"
"20103",2319694,28,0,"1",.,"A",.,"A",.,"A",.,"A",.,"A",.,"A",.,"A",.,"A",.,"A",.,"A",.,"A",.,"A",.,"A",.,"A",.,"A"
"20103",2319825,45,0,"1",.,"A",.,"A",.,"A",.,"A",.,"A",.,"A",.,"A",.,"A",45,"D",.,"A",.,"A",.,"A",50,"D",.,"A",.,"A"
"20103",2319924,30,0,"1",.,"A",.,"A",.,"A",.,"A",96,"D",.,"A",.,"A",.,"A",.,"A",.,"A",.,"A",.,"A",.,"A",.,"A",.,"A"
"20103",2320043,25,0,"1",.,"A",.,"A",.,"A",.,"A",.,"A",.,"A",.,"A",.,"A",36,"D",0,"D",0,"D",60,"D",65,"D",0,"D",.,"A"
"20103",2320173,32,0,"1",.,"A",.,"A",.,"A",.,"A",.,"A",.,"A",.,"A",.,"A",30,"D",.,"A",.,"A",.,"A",.,"A",.,"A",.,"A"
"20103",2320194,27,0,"1",10,"D",.,"A",.,"A",.,"A",140,"D",.,"A",520,"D",.,"A",.,"A",.,"A",.,"A",.,"A",30,"D",.,"A",.,"A"
"20103",2320333,28,0,"1",.,"A",.,"A",.,"A",.,"A",.,"A",.,"A",.,"A",65,"D",.,"A",.,"A",.,"A",.,"A",14,"D",.,"A",.,"A"
"20103",2320415,23,0,"1",.,"A",.,"A",.,"A",.,"A",.,"A",.,"A",130,"D",.,"A",.,"A",.,"A",.,"A",.,"A",30,"D",.,"A",.,"A"
"20103",2320603,24,0,"1",.,"A",.,"A",.,"A",.,"A",.,"A",.,"A",.,"A",.,"A",.,"A",.,"A",.,"A",.,"A",40,"D",.,"A",.,"A"
"20103",2320805,62,0,"1",.,"A",.,"A",.,"A",.,"A",.,"A",.,"A",.,"A",130,"D",.,"A",.,"A",.,"A",.,"A",100,"D",.,"A",.,"A"
"20103",2320812,39,0,"1",.,"A",.,"A",.,"A",100,"D",.,"A",100,"D",.,"A",.,"A",.,"A",.,"A",.,"A",.,"A",150,"D",.,"A",.,"A"
"20103",2320944,22,0,"1",25,"D",.,"A",.,"A",20,"D",20,"D",.,"A",156,"D",.,"A",.,"A",.,"A",.,"A",.,"A",.,"A",.,"A",.,"A"
"20103",2321164,23,0,"1",.,"A",.,"A",.,"A",100,"D",.,"A",.,"A",65,"D",.,"A",.,"A",.,"A",.,"A",.,"A",.,"A",.,"A",.,"A"
"20103",2321354,36,0,"1",2,"D",.,"A",.,"A",40,"D",23,"D",.,"A",.,"A",260,"D",.,"A",.,"A",.,"A",.,"A",45,"D",.,"A",.,"A"
"20103",2321495,36,0,"1",.,"A",.,"A",.,"A",.,"A",.,"A",.,"A",.,"A",.,"A",.,"A",.,"A",.,"A",.,"A",.,"A",.,"A",.,"A"
"20103",2321514,69,0,"1",.,"A",.,"A",.,"A",.,"A",120,"D",.,"A",.,"A",.,"A",.,"A",.,"A",.,"A",.,"A",.,"A",.,"A",.,"A"
"20103",2321583,29,0,"1",.,"A",.,"A",.,"A",.,"A",75,"D",.,"A",.,"A",.,"A",.,"A",.,"A",.,"A",.,"A",.,"A",.,"A",.,"A"
"20103",2321604,30,0,"1",.,"A",.,"A",.,"A",.,"A",.,"A",5,"D",.,"A",.,"A",.,"A",.,"A",.,"A",.,"A",.,"A",.,"A",.,"A"
"20103",2321664,43,0,"1",.,"A",.,"A",.,"A",.,"A",.,"A",.,"A",.,"A",.,"A",.,"A",.,"A",.,"A",.,"A",230,"D",.,"A",.,"A"
"20103",2321824,22,0,"1",.,"A",.,"A",.,"A",.,"A",.,"A",.,"A",455,"D",.,"A",.,"A",.,"A",.,"A",.,"A",.,"A",.,"A",.,"A"
"20103",2322022,27,0,"1",.,"A",.,"A",.,"A",.,"A",.,"A",.,"A",.,"A",.,"A",.,"A",.,"A",.,"A",.,"A",50,"D",.,"A",.,"A"
"20103",2322143,25,0,"1",.,"A",.,"A",.,"A",.,"A",12,"D",.,"A",65,"D",.,"A",.,"A",.,"A",.,"A",.,"A",.,"A",.,"A",.,"A"
"20103",2322223,55,0,"1",.,"A",.,"A",.,"A",.,"A",.,"A",.,"A",260,"D",.,"A",.,"A",.,"A",.,"A",.,"A",50,"D",.,"A",.,"A"
"20103",2322453,27,0,"1",.,"A",.,"A",.,"A",.,"A",.,"A",.,"A",.,"A",.,"A",.,"A",.,"A",.,"A",.,"A",.,"A",.,"A",.,"A"
"20103",2322484,45,0,"1",.,"A",.,"A",.,"A",.,"A",.,"A",.,"A",.,"A",.,"A",30,"D",.,"A",.,"A",.,"A",20,"D",.,"A",.,"A"
"20103",2322983,32,0,"1",.,"A",.,"A",.,"A",.,"A",.,"A",.,"A",.,"A",.,"A",.,"A",.,"A",.,"A",.,"A",300,"D",.,"A",.,"A"
"20103",2323055,26,0,"1",.,"A",.,"A",.,"A",.,"A",5,"D",.,"A",.,"A",.,"A",15,"F",60,"D",0,"D",0,"D",36,"D",20,"D",.,"A"
"20103",2323225,41,0,"1",3,"D",.,"A",.,"A",.,"A",17,"D",.,"A",.,"A",.,"A",.,"A",.,"A",.,"A",.,"A",.,"A",.,"A",.,"A"
"20103",2323464,28,0,"1",.,"A",.,"A",.,"A",.,"A",.,"A",.,"A",.,"A",.,"A",.,"A",.,"A",.,"A",.,"A",180,"D",.,"A",.,"A"
"20103",2323613,29,0,"1",.,"A",.,"A",.,"A",20,"D",.,"A",.,"A",.,"A",.,"A",.,"A",240,"D",0,"D",0,"D",40,"D",80,"D",.,"A"
"20103",2323785,25,0,"1",.,"A",.,"A",.,"A",.,"A",.,"A",.,"A",1040,"D",.,"A",.,"A",.,"A",.,"A",.,"A",.,"A",.,"A",.,"A"
"20103",2323854,34,0,"1",.,"A",.,"A",.,"A",.,"A",136,"D",.,"A",.,"A",.,"A",108,"D",.,"A",.,"A",.,"A",24,"D",.,"A",.,"A"
"20103",2323954,57,0,"1",.,"A",.,"A",.,"A",60,"D",.,"A",20,"D",.,"A",.,"A",30,"D",.,"A",.,"A",.,"A",.,"A",.,"A",.,"A"
"20103",2324053,39,0,"1",.,"A",.,"A",.,"A",.,"A",.,"A",.,"A",.,"A",.,"A",.,"A",.,"A",.,"A",.,"A",140,"D",.,"A",.,"A"
"20103",2324095,48,0,"1",.,"A",.,"A",.,"A",.,"A",63,"D",.,"A",.,"A",.,"A",.,"A",.,"A",.,"A",.,"A",30,"D",.,"A",.,"A"
"20103",2324222,53,0,"1",.,"A",.,"A",.,"A",.,"A",.,"A",.,"A",.,"A",.,"A",.,"A",.,"A",.,"A",.,"A",35,"D",.,"A",.,"A"
"20103",2324263,36,0,"1",.,"A",.,"A",.,"A",.,"A",.,"A",.,"A",.,"A",.,"A",.,"A",.,"A",.,"A",.,"A",.,"A",.,"A",.,"A"
"20103",2324322,43,0,"1",.,"A",.,"A",.,"A",.,"A",.,"A",.,"A",.,"A",.,"A",.,"A",.,"A",.,"A",.,"A",.,"A",.,"A",.,"A"
"20103",2324513,61,0,"1",.,"A",.,"A",.,"A",.,"A",.,"A",20,"D",91,"D",.,"A",3,"D",45,"D",0,"D",0,"D",155,"D",15,"D",200,"D"
"20103",2324653,40,0,"1",.,"A",.,"A",.,"A",.,"A",.,"A",.,"A",390,"D",.,"A",.,"A",.,"A",.,"A",.,"A",60,"D",.,"A",.,"A"
"20103",2324762,32,0,"1",.,"A",.,"A",.,"A",.,"A",52,"D",.,"A",.,"A",.,"A",.,"A",120,"D",0,"D",0,"D",.,"A",40,"D",.,"A"
"20103",2325142,27,0,"1",.,"A",.,"A",.,"A",.,"A",20,"D",.,"A",.,"A",.,"A",.,"A",.,"A",.,"A",.,"A",.,"A",.,"A",.,"A"
"20103",2325194,33,0,"1",.,"A",.,"A",.,"A",.,"A",160,"D",.,"A",195,"D",.,"A",.,"A",.,"A",.,"A",.,"A",.,"A",.,"A",.,"A"
"20103",2325293,28,0,"1",.,"A",.,"A",.,"A",.,"A",50,"D",.,"A",520,"D",.,"A",480,"D",.,"A",.,"A",.,"A",30,"D",.,"A",.,"A"
"20103",2325315,76,0,"1",.,"A",.,"A",.,"A",.,"A",20,"D",.,"A",.,"A",.,"A",.,"A",.,"A",.,"A",.,"A",.,"A",.,"A",.,"A"
"20103",2325714,32,0,"1",.,"A",.,"A",.,"A",.,"A",.,"A",.,"A",.,"A",.,"A",.,"A",.,"A",.,"A",.,"A",.,"A",.,"A",.,"A"
"20103",2325805,38,0,"1",.,"A",.,"A",.,"A",.,"A",.,"A",.,"A",.,"A",.,"A",.,"A",.,"A",.,"A",.,"A",.,"A",.,"A",.,"A"
"20103",2325832,58,0,"1",.,"A",.,"A",.,"A",.,"A",.,"A",.,"A",.,"A",.,"A",.,"A",.,"A",.,"A",.,"A",76,"D",.,"A",.,"A"
"20103",2326004,25,0,"1",.,"A",.,"A",.,"A",.,"A",.,"A",60,"D",.,"A",.,"A",.,"A",0,"D",0,"D",0,"D",.,"A",0,"D",.,"A"
"20103",2326053,61,0,"1",.,"A",.,"A",.,"A",.,"A",.,"A",.,"A",.,"A",.,"A",60,"D",.,"A",.,"A",.,"A",150,"D",.,"A",.,"A"
"20103",2326104,40,0,"1",10,"D",.,"A",.,"A",.,"A",15,"D",.,"A",.,"A",.,"A",.,"A",.,"A",.,"A",.,"A",75,"D",.,"A",.,"A"
"20103",2326194,27,0,"1",.,"A",.,"A",.,"A",.,"A",50,"D",.,"A",.,"A",.,"A",.,"A",60,"D",0,"D",0,"D",30,"D",20,"D",.,"A"
"20103",2326232,53,0,"1",.,"A",.,"A",.,"A",.,"A",.,"A",40,"D",.,"A",.,"A",.,"A",.,"A",.,"A",.,"A",350,"D",.,"A",.,"A"
"20103",2326255,25,0,"1",.,"A",.,"A",.,"A",.,"A",.,"A",.,"A",.,"A",.,"A",.,"A",.,"A",.,"A",.,"A",.,"A",.,"A",.,"A"
"20103",2326293,27,0,"1",.,"A",.,"A",.,"A",.,"A",50,"D",.,"A",.,"A",.,"A",.,"A",.,"A",.,"A",.,"A",30,"D",.,"A",.,"A"
"20103",2326474,34,0,"1",.,"A",.,"A",.,"A",.,"A",.,"A",.,"A",650,"D",.,"A",.,"A",.,"A",.,"A",.,"A",11,"D",.,"A",.,"A"
"20103",2326495,23,0,"1",.,"A",.,"A",.,"A",.,"A",.,"A",.,"A",.,"A",.,"A",.,"A",.,"A",.,"A",.,"A",.,"A",.,"A",.,"A"
"20103",2326523,28,0,"1",.,"A",.,"A",.,"A",.,"A",.,"A",.,"A",.,"A",.,"A",.,"A",.,"A",.,"A",.,"A",.,"A",.,"A",.,"A"
"20103",2326543,21,0,"1",.,"A",.,"A",.,"A",.,"A",.,"A",.,"A",.,"A",.,"A",.,"A",.,"A",.,"A",.,"A",.,"A",.,"A",.,"A"
"20103",2326774,43,0,"1",.,"A",.,"A",.,"A",.,"A",.,"A",.,"A",.,"A",65,"D",30,"D",.,"A",.,"A",.,"A",.,"A",.,"A",.,"A"
"20103",2326883,71,0,"1",.,"A",.,"A",.,"A",.,"A",.,"A",.,"A",.,"A",.,"A",.,"A",.,"A",.,"A",.,"A",120,"D",.,"A",.,"A"
"20103",2327054,38,0,"1",.,"A",.,"A",.,"A",.,"A",.,"A",20,"D",.,"A",.,"A",.,"A",.,"A",.,"A",.,"A",65,"D",.,"A",.,"A"
"20103",2327164,25,0,"1",.,"A",.,"A",.,"A",.,"A",.,"A",.,"A",.,"A",.,"A",.,"A",.,"A",.,"A",.,"A",150,"D",.,"A",.,"A"
"20103",2327203,25,0,"1",.,"A",.,"A",.,"A",.,"A",40,"D",.,"A",2002,"D",.,"A",.,"A",.,"A",.,"A",.,"A",.,"A",.,"A",.,"A"
"20103",2327525,22,0,"1",.,"A",.,"A",.,"A",.,"A",.,"A",.,"A",.,"A",.,"A",.,"A",.,"A",.,"A",.,"A",30,"D",.,"A",.,"A"
"20103",2327734,67,0,"1",.,"A",.,"A",.,"A",.,"A",120,"D",.,"A",.,"A",.,"A",.,"A",.,"A",.,"A",.,"A",111,"D",.,"A",.,"A"
"20103",2327745,25,0,"1",.,"A",.,"A",.,"A",.,"A",.,"A",.,"A",.,"A",.,"A",33,"D",.,"A",.,"A",.,"A",24,"D",.,"A",.,"A"
"20103",2327763,20,0,"1",.,"A",.,"A",.,"A",.,"A",.,"A",.,"A",65,"D",.,"A",.,"A",.,"A",.,"A",.,"A",.,"A",.,"A",.,"A"
"20103",2327934,35,0,"1",.,"A",.,"A",.,"A",.,"A",.,"A",.,"A",39,"D",.,"A",.,"A",.,"A",.,"A",.,"A",120,"D",.,"A",.,"A"
"20103",2328012,32,0,"1",.,"A",.,"A",.,"A",.,"A",.,"A",.,"A",.,"A",.,"A",.,"A",.,"A",.,"A",.,"A",.,"A",.,"A",.,"A"
"20103",2328095,27,0,"1",.,"A",.,"A",.,"A",.,"A",15,"D",.,"A",.,"A",.,"A",.,"A",.,"A",.,"A",.,"A",60,"D",.,"A",.,"A"
"20103",2328103,26,0,"1",.,"A",.,"A",.,"A",.,"A",.,"A",.,"A",.,"A",.,"A",.,"A",.,"A",.,"A",.,"A",.,"A",.,"A",.,"A"
"20103",2328394,35,0,"1",.,"A",.,"A",.,"A",.,"A",.,"A",.,"A",.,"A",.,"A",.,"A",.,"A",.,"A",.,"A",.,"A",.,"A",.,"A"
"20103",2328415,32,0,"1",.,"A",.,"A",.,"A",.,"A",.,"A",20,"D",78,"D",.,"A",72,"D",.,"A",.,"A",.,"A",120,"D",.,"A",.,"A"
"20103",2328455,38,0,"1",.,"A",.,"A",.,"A",.,"A",.,"A",.,"A",.,"A",.,"A",.,"A",.,"A",.,"A",.,"A",60,"D",.,"A",.,"A"
"20103",2328632,31,0,"1",.,"A",.,"A",.,"A",.,"A",60,"D",.,"A",.,"A",.,"A",.,"A",.,"A",.,"A",.,"A",30,"D",.,"A",.,"A"
"20103",2329074,28,0,"1",.,"A",.,"A",.,"A",.,"A",5,"D",.,"A",.,"A",390,"D",.,"A",.,"A",.,"A",.,"A",.,"A",.,"A",.,"A"
"20103",2329254,31,0,"1",.,"A",.,"A",.,"A",100,"D",.,"A",.,"A",455,"D",.,"A",.,"A",.,"A",.,"A",.,"A",180,"D",.,"A",.,"A"
"20103",2329672,28,0,"1",.,"A",.,"A",.,"A",.,"A",.,"A",.,"A",.,"A",.,"A",.,"A",.,"A",.,"A",.,"A",300,"D",.,"A",.,"A"
"20103",2329743,44,0,"1",.,"A",.,"A",.,"A",350,"D",.,"A",40,"D",.,"A",.,"A",.,"A",0,"D",0,"D",0,"D",100,"D",0,"D",.,"A"
"20103",2329854,26,0,"1",.,"A",.,"A",.,"A",.,"A",10,"D",.,"A",.,"A",130,"D",.,"A",.,"A",.,"A",.,"A",.,"A",.,"A",.,"A"
"20103",2329873,25,0,"1",.,"A",.,"A",.,"A",50,"D",20,"D",.,"A",.,"A",.,"A",.,"A",150,"D",0,"D",0,"D",15,"D",50,"D",.,"A"
"20103",2329965,43,0,"1",.,"A",.,"A",.,"A",.,"A",.,"A",.,"A",.,"A",.,"A",.,"A",.,"A",.,"A",.,"A",20,"D",.,"A",.,"A"
"20103",2330153,22,0,"1",.,"A",.,"A",.,"A",.,"A",24,"D",.,"A",.,"A",.,"A",.,"A",.,"A",.,"A",.,"A",.,"A",.,"A",.,"A"
"20103",2330254,33,0,"1",.,"A",.,"A",.,"A",.,"A",.,"A",.,"A",.,"A",.,"A",.,"A",.,"A",.,"A",.,"A",.,"A",.,"A",.,"A"
"20103",2330443,29,0,"1",.,"A",.,"A",.,"A",.,"A",.,"A",.,"A",.,"A",.,"A",.,"A",.,"A",.,"A",.,"A",.,"A",.,"A",.,"A"
"20103",2330524,41,0,"1",.,"A",.,"A",.,"A",.,"A",.,"A",.,"A",.,"A",.,"A",.,"A",.,"A",.,"A",.,"A",.,"A",.,"A",.,"A"
"20103",2330543,20,0,"1",.,"A",.,"A",.,"A",.,"A",.,"A",.,"A",.,"A",.,"A",.,"A",.,"A",.,"A",.,"A",.,"A",.,"A",.,"A"
"20103",2330603,28,0,"1",.,"A",.,"A",.,"A",.,"A",.,"A",.,"A",.,"A",.,"A",.,"A",.,"A",.,"A",.,"A",.,"A",.,"A",.,"A"
"20103",2330693,36,0,"1",.,"A",.,"A",.,"A",.,"A",.,"A",.,"A",.,"A",.,"A",.,"A",.,"A",.,"A",.,"A",.,"A",.,"A",.,"A"
"20103",2330835,49,0,"1",.,"A",.,"A",.,"A",.,"A",.,"A",200,"D",.,"A",.,"A",30,"D",150,"D",0,"D",0,"D",30,"F",50,"D",.,"A"
"20103",2330852,27,0,"1",.,"A",.,"A",.,"A",.,"A",.,"A",.,"A",.,"A",.,"A",.,"A",.,"A",.,"A",.,"A",.,"A",.,"A",.,"A"
"20103",2330895,34,0,"1",.,"A",.,"A",.,"A",.,"A",.,"A",.,"A",.,"A",.,"A",.,"A",.,"A",.,"A",.,"A",100,"D",.,"A",.,"A"
"20103",2330923,36,0,"1",.,"A",.,"A",.,"A",.,"A",.,"A",.,"A",.,"A",.,"A",.,"A",.,"A",.,"A",.,"A",20,"D",.,"A",.,"A"
"20103",2330935,28,0,"1",.,"A",.,"A",.,"A",.,"A",12,"D",.,"A",.,"A",.,"A",.,"A",.,"A",.,"A",.,"A",23,"D",.,"A",.,"A"
"20103",2331025,40,0,"1",.,"A",.,"A",.,"A",20,"D",.,"A",.,"A",.,"A",65,"D",.,"A",.,"A",.,"A",.,"A",5,"D",.,"A",.,"A"
"20103",2331355,26,0,"1",.,"A",.,"A",.,"A",.,"A",.,"A",.,"A",.,"A",.,"A",.,"A",.,"A",.,"A",.,"A",.,"A",.,"A",.,"A"
"20103",2331423,53,0,"1",.,"A",.,"A",.,"A",.,"A",.,"A",.,"A",.,"A",.,"A",.,"A",.,"A",.,"A",.,"A",100,"D",.,"A",.,"A"
"20103",2331435,34,0,"1",.,"A",.,"A",.,"A",.,"A",12,"D",16,"D",325,"D",.,"A",30,"D",.,"A",.,"A",.,"A",.,"A",.,"A",.,"A"
"20103",2331442,44,0,"1",60,"D",60,"D",.,"A",.,"A",60,"D",60,"D",.,"A",.,"A",.,"A",.,"A",.,"A",.,"A",120,"D",.,"A",.,"A"
"20103",2331495,62,0,"1",.,"A",.,"A",.,"A",.,"A",.,"A",.,"A",.,"A",.,"A",60,"D",.,"A",.,"A",.,"A",.,"A",.,"A",.,"A"
"20103",2331705,35,0,"1",.,"A",.,"A",.,"A",5,"D",.,"A",.,"A",.,"A",.,"A",.,"A",6,"D",0,"D",6,"D",.,"A",2,"D",.,"A"
"20103",2331742,29,0,"1",.,"A",.,"A",.,"A",.,"A",.,"A",.,"A",.,"A",.,"A",.,"A",.,"A",.,"A",.,"A",.,"A",.,"A",.,"A"
"20103",2331813,35,0,"1",.,"A",.,"A",.,"A",.,"A",.,"A",.,"A",.,"A",.,"A",.,"A",.,"A",.,"A",.,"A",100,"D",.,"A",.,"A"
"20103",2331822,34,0,"1",.,"A",.,"A",.,"A",.,"A",.,"A",.,"A",.,"A",.,"A",.,"A",.,"A",.,"A",.,"A",.,"A",.,"A",.,"A"
"20103",2331913,31,0,"1",.,"A",.,"A",.,"A",.,"A",.,"A",.,"A",.,"A",.,"A",.,"A",.,"A",.,"A",.,"A",30,"D",.,"A",.,"A"
"20103",2331992,24,0,"1",.,"A",.,"A",.,"A",.,"A",.,"A",.,"A",.,"A",.,"A",.,"A",.,"A",.,"A",.,"A",.,"A",.,"A",.,"A"
"20103",2332005,20,0,"1",.,"A",.,"A",.,"A",.,"A",.,"A",.,"A",.,"A",.,"A",.,"A",.,"A",.,"A",.,"A",.,"A",.,"A",.,"A"
"20103",2332135,34,0,"1",.,"A",.,"A",.,"A",.,"A",.,"A",.,"A",130,"D",.,"A",.,"A",.,"A",.,"A",.,"A",60,"D",.,"A",.,"A"
"20103",2332425,47,0,"1",.,"A",.,"A",.,"A",.,"A",.,"A",420,"D",104,"D",.,"A",.,"A",.,"A",.,"A",.,"A",120,"D",.,"A",.,"A"
"20103",2332434,40,0,"1",.,"A",.,"A",.,"A",.,"A",.,"A",.,"A",.,"A",.,"A",.,"A",.,"A",.,"A",.,"A",.,"A",.,"A",.,"A"
"20103",2332545,34,0,"1",.,"A",.,"A",.,"A",.,"A",.,"A",.,"A",.,"A",.,"A",.,"A",.,"A",.,"A",.,"A",.,"A",.,"A",.,"A"
"20103",2332622,20,0,"1",.,"A",.,"A",.,"A",.,"A",.,"A",.,"A",.,"A",.,"A",.,"A",.,"A",.,"A",.,"A",.,"A",.,"A",.,"A"
"20103",2332743,23,0,"1",4,"D",.,"A",.,"A",.,"A",16,"D",.,"A",.,"A",.,"A",.,"A",.,"A",.,"A",.,"A",.,"A",.,"A",.,"A"
"20103",2332785,21,0,"1",.,"A",.,"A",.,"A",.,"A",.,"A",.,"A",455,"F",.,"A",.,"A",.,"A",.,"A",.,"A",.,"A",.,"A",.,"A"
"20103",2332805,33,0,"1",.,"A",.,"A",.,"A",.,"A",.,"A",.,"A",.,"A",.,"A",.,"A",.,"A",.,"A",.,"A",.,"A",.,"A",.,"A"
"20103",2332824,43,0,"1",.,"A",.,"A",150,"D",.,"A",.,"A",.,"A",.,"A",.,"A",.,"A",.,"A",.,"A",.,"A",50,"D",.,"A",.,"A"
"20103",2333005,32,0,"1",.,"A",.,"A",.,"A",.,"A",.,"A",.,"A",455,"D",.,"A",.,"A",.,"A",.,"A",.,"A",40,"D",.,"A",.,"A"
"20103",2333125,32,0,"1",.,"A",.,"A",.,"A",.,"A",.,"A",.,"A",.,"A",.,"A",.,"A",.,"A",.,"A",.,"A",.,"A",.,"A",.,"A"
"20103",2333185,39,0,"1",.,"A",.,"A",.,"A",.,"A",.,"A",.,"A",.,"A",78,"D",.,"A",.,"A",.,"A",.,"A",.,"A",.,"A",.,"A"
"20103",2333225,33,0,"1",.,"A",.,"A",.,"A",.,"A",4,"D",3,"D",.,"A",.,"A",.,"A",0,"D",60,"D",0,"D",40,"D",0,"D",.,"A"
"20103",2333252,24,0,"1",.,"A",.,"A",.,"A",.,"A",.,"A",.,"A",.,"A",.,"A",.,"A",.,"A",.,"A",.,"A",.,"A",.,"A",.,"A"
"20103",2333324,55,0,"1",10,"D",.,"A",.,"A",.,"A",40,"D",.,"A",195,"D",78,"D",.,"A",.,"A",.,"A",.,"A",.,"A",.,"A",.,"A"
"20103",2333453,24,0,"1",.,"A",.,"A",.,"A",42,"D",.,"A",.,"A",.,"A",.,"A",6,"D",0,"D",0,"D",30,"D",.,"A",0,"D",.,"A"
"20103",2333534,21,0,"1",.,"A",.,"A",.,"A",.,"A",.,"A",.,"A",.,"A",.,"A",.,"A",.,"A",.,"A",.,"A",.,"A",.,"A",.,"A"
"20103",2333554,25,0,"1",.,"A",.,"A",.,"A",.,"A",32,"D",.,"A",.,"A",.,"A",.,"A",.,"A",.,"A",.,"A",50,"D",.,"A",.,"A"
"20103",2333803,41,0,"1",.,"A",.,"A",.,"A",.,"A",.,"A",.,"A",325,"D",.,"A",.,"A",.,"A",.,"A",.,"A",.,"A",.,"A",.,"A"
"20103",2333934,51,0,"1",.,"A",.,"A",.,"A",.,"A",.,"A",.,"A",.,"A",.,"A",.,"A",.,"A",.,"A",.,"A",.,"A",.,"A",.,"A"
"20103",2334025,40,0,"1",.,"A",.,"A",.,"A",.,"A",.,"A",.,"A",455,"D",52,"D",24,"D",.,"A",.,"A",.,"A",.,"A",.,"A",.,"A"
"20103",2334093,39,0,"1",.,"A",.,"A",.,"A",40,"D",36,"D",30,"D",.,"A",.,"A",.,"A",0,"D",30,"D",0,"D",40,"D",0,"D",.,"A"
"20103",2334105,25,0,"1",.,"A",.,"A",.,"A",.,"A",.,"A",.,"A",.,"A",.,"A",.,"A",.,"A",.,"A",.,"A",.,"A",.,"A",.,"A"
"20103",2334142,33,0,"1",.,"A",.,"A",.,"A",.,"A",.,"A",.,"A",.,"A",.,"A",.,"A",.,"A",.,"A",.,"A",30,"D",.,"A",.,"A"
"20103",2334225,23,0,"1",.,"A",.,"A",.,"A",.,"A",25,"D",.,"A",.,"A",.,"A",.,"A",.,"A",.,"A",.,"A",.,"A",.,"A",.,"A"
"20103",2334264,51,0,"1",.,"A",.,"A",.,"A",.,"A",.,"A",.,"A",.,"A",650,"D",.,"A",.,"A",.,"A",.,"A",50,"D",.,"A",.,"A"
"20103",2334334,28,0,"1",.,"A",.,"A",.,"A",.,"A",.,"A",.,"A",.,"A",.,"A",.,"A",.,"A",.,"A",.,"A",.,"A",.,"A",.,"A"
"20103",2334595,33,0,"1",.,"A",.,"A",.,"A",.,"A",.,"A",.,"A",.,"A",.,"A",.,"A",.,"A",.,"A",.,"A",8,"D",.,"A",.,"A"
"20103",2334605,40,0,"1",.,"A",.,"A",.,"A",.,"A",.,"A",.,"A",.,"A",.,"A",.,"A",.,"A",.,"A",.,"A",20,"D",.,"A",.,"A"
"20103",2334644,34,0,"1",.,"A",.,"A",.,"A",.,"A",60,"D",.,"A",.,"A",.,"A",.,"A",.,"A",.,"A",.,"A",.,"A",.,"A",.,"A"
"20103",2334745,79,0,"1",.,"A",.,"A",.,"A",.,"A",.,"A",.,"A",.,"A",.,"A",30,"D",.,"A",.,"A",.,"A",40,"D",.,"A",.,"A"
"20103",2334884,38,0,"1",.,"A",.,"A",.,"A",.,"A",.,"A",.,"A",195,"D",.,"A",.,"A",.,"A",.,"A",.,"A",.,"A",.,"A",.,"A"
"20103",2335052,21,0,"1",.,"A",.,"A",.,"A",.,"A",.,"A",.,"A",.,"A",.,"A",.,"A",.,"A",.,"A",.,"A",.,"A",.,"A",.,"A"
"20103",2335182,25,0,"1",.,"A",.,"A",.,"A",.,"A",.,"A",.,"A",.,"A",.,"A",.,"A",.,"A",.,"A",.,"A",.,"A",.,"A",.,"A"
"20103",2335323,28,0,"1",.,"A",.,"A",.,"A",.,"A",200,"D",.,"A",.,"A",.,"A",.,"A",.,"A",.,"A",.,"A",.,"A",.,"A",.,"A"
"20103",2335494,26,0,"1",.,"A",.,"A",.,"A",.,"A",.,"A",.,"A",.,"A",.,"A",.,"A",.,"A",.,"A",.,"A",.,"A",.,"A",.,"A"
"20103",2335504,30,0,"1",.,"A",.,"A",.,"A",.,"A",.,"A",.,"A",.,"A",.,"A",.,"A",.,"A",.,"A",.,"A",15,"D",.,"A",.,"A"
"20103",2335595,29,0,"1",.,"A",.,"A",.,"A",.,"A",.,"A",.,"A",.,"A",.,"A",.,"A",.,"A",.,"A",.,"A",.,"A",.,"A",.,"A"
"20103",2335695,27,0,"1",.,"A",.,"A",.,"A",.,"A",.,"A",.,"A",.,"A",.,"A",.,"A",.,"A",.,"A",.,"A",35,"D",.,"A",.,"A"
"20103",2335764,44,0,"1",40,"D",.,"A",.,"A",50,"D",80,"D",.,"A",.,"A",.,"A",.,"A",21,"D",0,"D",3,"D",.,"A",7,"D",30,"F"
"20103",2335803,32,0,"1",5,"D",.,"A",.,"A",.,"A",15,"D",.,"A",.,"A",.,"A",.,"A",.,"A",.,"A",.,"A",150,"D",.,"A",.,"A"
"20103",2335853,23,0,"1",.,"A",.,"A",.,"A",.,"A",.,"A",.,"A",.,"A",.,"A",.,"A",.,"A",.,"A",.,"A",.,"A",.,"A",.,"A"
"20103",2335875,35,0,"1",.,"A",.,"A",.,"A",.,"A",.,"A",.,"A",.,"A",.,"A",9,"D",.,"A",.,"A",.,"A",15,"D",.,"A",.,"A"
"20103",2335955,34,0,"1",65,"D",.,"A",.,"A",.,"A",195,"D",.,"A",.,"A",.,"A",.,"A",.,"A",.,"A",.,"A",240,"D",.,"A",.,"A"
"20103",2336074,46,0,"1",.,"A",.,"A",.,"A",.,"A",20,"D",.,"A",.,"A",.,"A",.,"A",.,"A",.,"A",.,"A",.,"A",.,"A",.,"A"
"20103",2336132,29,0,"1",.,"A",.,"A",.,"A",.,"A",.,"A",.,"A",.,"A",.,"A",.,"A",.,"A",.,"A",.,"A",.,"A",.,"A",.,"A"
"20103",2336164,33,0,"1",.,"A",.,"A",.,"A",.,"A",.,"A",.,"A",520,"F",.,"A",.,"A",.,"A",.,"A",.,"A",300,"F",.,"A",.,"A"
"20103",2336313,21,0,"1",.,"A",.,"A",.,"A",.,"A",120,"D",.,"A",650,"D",.,"A",.,"A",6,"D",6,"D",150,"D",.,"A",2,"D",.,"A"
"20103",2336333,34,0,"1",.,"A",.,"A",.,"A",.,"A",.,"A",.,"A",.,"A",.,"A",.,"A",135,"D",0,"D",0,"D",.,"A",45,"D",.,"A"
"20103",2336362,21,0,"1",.,"A",.,"A",.,"A",.,"A",.,"A",.,"A",117,"D",.,"A",.,"A",.,"A",.,"A",.,"A",.,"A",.,"A",.,"A"
"20103",2336503,37,0,"1",.,"A",.,"A",.,"A",.,"A",.,"A",.,"A",.,"A",.,"A",6,"D",.,"A",.,"A",.,"A",.,"A",.,"A",.,"A"
"20103",2336655,31,0,"1",.,"A",.,"A",.,"A",.,"A",.,"A",.,"A",.,"A",.,"A",.,"A",.,"A",.,"A",.,"A",.,"A",.,"A",.,"A"
"20103",2336693,27,0,"1",.,"A",.,"A",.,"A",.,"A",.,"A",.,"A",.,"A",.,"A",.,"A",.,"A",.,"A",.,"A",.,"A",.,"A",.,"A"
"20103",2336823,33,0,"1",.,"A",.,"A",.,"A",.,"A",.,"A",.,"A",390,"D",.,"A",.,"A",.,"A",.,"A",.,"A",26,"D",.,"A",.,"A"
"20103",2337094,32,0,"1",.,"A",.,"A",.,"A",.,"A",96,"D",.,"A",.,"A",.,"A",.,"A",.,"A",.,"A",.,"A",.,"A",.,"A",.,"A"
"20103",2337163,34,0,"1",.,"A",.,"A",.,"A",.,"A",.,"A",.,"A",.,"A",.,"A",.,"A",.,"A",.,"A",.,"A",.,"A",.,"A",.,"A"
"20103",2337172,31,0,"1",16,"D",.,"A",.,"A",.,"A",49,"D",.,"A",.,"A",130,"D",.,"A",.,"A",.,"A",.,"A",.,"A",.,"A",.,"A"
"20103",2337185,29,0,"1",.,"A",.,"A",.,"A",.,"A",.,"A",.,"A",.,"A",.,"A",.,"A",.,"A",.,"A",.,"A",.,"A",.,"A",.,"A"
"20103",2337324,29,0,"1",.,"A",.,"A",.,"A",.,"A",.,"A",.,"A",.,"A",.,"A",.,"A",.,"A",.,"A",.,"A",.,"A",.,"A",.,"A"
"20103",2337415,26,0,"1",.,"A",.,"A",.,"A",.,"A",.,"A",.,"A",.,"A",.,"A",.,"A",.,"A",.,"A",.,"A",.,"A",.,"A",.,"A"
"20103",2337455,22,0,"1",.,"A",.,"A",.,"A",.,"A",.,"A",.,"A",.,"A",.,"A",.,"A",.,"A",.,"A",.,"A",.,"A",.,"A",.,"A"
"20103",2337482,33,0,"1",.,"A",.,"A",.,"A",.,"A",.,"A",.,"A",.,"A",.,"A",.,"A",.,"A",.,"A",.,"A",.,"A",.,"A",.,"A"
"20103",2337504,28,0,"1",.,"A",.,"A",.,"A",.,"A",30,"D",.,"A",.,"A",.,"A",.,"A",270,"D",0,"D",0,"D",.,"A",90,"D",.,"A"
"20103",2337513,25,0,"1",.,"A",.,"A",.,"A",20,"D",.,"A",28,"F",.,"A",.,"A",.,"A",324,"D",0,"D",0,"D",.,"A",108,"D",.,"A"
"20103",2337643,40,0,"1",.,"A",.,"A",.,"A",.,"A",.,"A",.,"A",.,"A",.,"A",.,"A",.,"A",.,"A",.,"A",.,"A",.,"A",.,"A"
"20103",2337655,30,0,"1",.,"A",.,"A",.,"A",.,"A",.,"A",.,"A",.,"A",.,"A",.,"A",.,"A",.,"A",.,"A",.,"A",.,"A",.,"A"
"20103",2337693,23,0,"1",5,"D",.,"A",.,"A",.,"A",25,"D",.,"A",.,"A",.,"A",.,"A",.,"A",.,"A",.,"A",.,"A",.,"A",.,"A"
"20103",2337723,21,0,"1",.,"A",.,"A",.,"A",.,"A",80,"D",.,"A",.,"A",.,"A",.,"A",.,"A",.,"A",.,"A",.,"A",.,"A",.,"A"
"20103",2337774,48,0,"1",.,"A",.,"A",.,"A",.,"A",.,"A",.,"A",.,"A",.,"A",.,"A",0,"D",0,"D",27,"D",100,"D",0,"D",.,"A"
"20103",2337902,30,0,"1",.,"A",.,"A",.,"A",.,"A",60,"D",.,"A",130,"D",.,"A",.,"A",.,"A",.,"A",.,"A",28,"D",.,"A",.,"A"
"20103",2337985,35,0,"1",.,"A",.,"A",.,"A",.,"A",.,"A",.,"A",.,"A",.,"A",.,"A",.,"A",.,"A",.,"A",200,"D",.,"A",.,"A"
"20103",2338053,23,0,"1",.,"A",.,"A",.,"A",.,"A",.,"A",.,"A",.,"A",.,"A",30,"D",0,"D",0,"D",0,"D",30,"D",0,"D",.,"A"
"20103",2338085,30,0,"1",10,"D",.,"A",.,"A",.,"A",20,"D",.,"A",.,"A",.,"A",.,"A",.,"A",.,"A",.,"A",.,"A",.,"A",.,"A"
"20103",2338132,40,0,"1",.,"A",.,"A",.,"A",.,"A",15,"D",.,"A",.,"A",.,"A",.,"A",.,"A",.,"A",.,"A",45,"D",.,"A",.,"A"
"20103",2338145,38,0,"1",16,"D",.,"A",.,"A",.,"A",48,"D",.,"A",.,"A",.,"A",.,"A",0,"D",0,"D",360,"D",90,"D",0,"D",.,"A"
"20103",2338253,23,0,"1",.,"A",.,"A",.,"A",.,"A",.,"A",.,"A",.,"A",.,"A",.,"A",.,"A",.,"A",.,"A",.,"A",.,"A",.,"A"
"20103",2338325,38,0,"1",.,"A",.,"A",.,"A",.,"A",.,"A",.,"A",.,"A",.,"A",27,"D",.,"A",.,"A",.,"A",25,"D",.,"A",.,"A"
"20103",2338372,22,0,"1",.,"A",.,"A",.,"A",.,"A",.,"A",.,"A",.,"A",.,"A",.,"A",.,"A",.,"A",.,"A",.,"A",.,"A",.,"A"
"20103",2338765,28,0,"1",.,"A",.,"A",.,"A",.,"A",.,"A",.,"A",.,"A",.,"A",.,"A",36,"D",36,"D",0,"D",21,"D",12,"D",.,"A"
"20103",2338824,42,0,"1",.,"A",.,"A",.,"A",.,"A",.,"A",.,"A",.,"A",.,"A",.,"A",.,"A",.,"A",.,"A",180,"D",.,"A",.,"A"
"20103",2338835,47,0,"1",.,"A",.,"A",.,"A",.,"A",.,"A",.,"A",.,"A",.,"A",.,"A",.,"A",.,"A",.,"A",55,"D",.,"A",.,"A"
"20103",2338912,32,0,"1",.,"A",.,"A",.,"A",.,"A",.,"A",.,"A",.,"A",.,"A",.,"A",.,"A",.,"A",.,"A",.,"A",.,"A",.,"A"
"20103",2339084,23,0,"1",.,"A",.,"A",.,"A",.,"A",.,"A",.,"A",.,"A",.,"A",.,"A",.,"A",.,"A",.,"A",30,"D",.,"A",.,"A"
"20103",2339132,23,0,"1",.,"A",.,"A",.,"A",.,"A",.,"A",.,"A",455,"D",.,"A",.,"A",.,"A",.,"A",.,"A",20,"D",.,"A",.,"A"
"20103",2339252,30,0,"1",.,"A",.,"A",.,"A",.,"A",.,"A",.,"A",.,"A",.,"A",9,"D",.,"A",.,"A",.,"A",14,"D",.,"A",.,"A"
"20103",2339292,45,0,"1",.,"A",.,"A",.,"A",.,"A",.,"A",.,"A",.,"A",.,"A",.,"A",.,"A",.,"A",.,"A",.,"A",.,"A",.,"A"
"20103",2339355,23,0,"1",.,"A",.,"A",.,"A",.,"A",.,"A",.,"A",208,"F",.,"A",.,"A",.,"A",.,"A",.,"A",.,"A",.,"A",.,"A"
"20103",2339413,45,0,"1",2,"D",.,"A",.,"A",.,"A",83,"D",.,"A",195,"D",.,"A",.,"A",.,"A",.,"A",.,"A",.,"A",.,"A",.,"A"
"20103",2339464,41,0,"1",.,"A",.,"A",.,"A",.,"A",.,"A",.,"A",.,"A",.,"A",.,"A",0,"D",0,"D",0,"D",.,"A",0,"D",.,"A"
"20103",2339475,26,0,"1",.,"A",.,"A",.,"A",.,"A",.,"A",.,"A",.,"A",.,"A",.,"A",.,"A",.,"A",.,"A",.,"A",.,"A",.,"A"
"20103",2339484,41,0,"1",.,"A",.,"A",.,"A",.,"A",.,"A",.,"A",.,"A",.,"A",.,"A",.,"A",.,"A",.,"A",40,"D",.,"A",.,"A"
"20103",2339664,34,0,"1",.,"A",.,"A",.,"A",.,"A",.,"A",.,"A",.,"A",.,"A",.,"A",.,"A",.,"A",.,"A",40,"D",.,"A",.,"A"
"20103",2339744,40,0,"1",.,"A",.,"A",.,"A",.,"A",.,"A",.,"A",.,"A",.,"A",.,"A",.,"A",.,"A",.,"A",60,"D",.,"A",.,"A"
"20103",2339805,48,0,"1",77,"D",.,"A",.,"A",.,"A",18,"D",.,"A",.,"A",.,"A",.,"A",.,"A",.,"A",.,"A",.,"A",.,"A",.,"A"
"20103",2339835,29,0,"1",.,"A",.,"A",.,"A",.,"A",.,"A",.,"A",.,"A",.,"A",.,"A",.,"A",.,"A",.,"A",.,"A",.,"A",.,"A"
"20103",2339904,53,0,"1",.,"A",.,"A",.,"A",.,"A",.,"A",.,"A",.,"A",.,"A",.,"A",.,"A",.,"A",.,"A",200,"D",.,"A",.,"A"
"20103",2339925,42,0,"1",40,"D",.,"A",.,"A",.,"A",110,"D",.,"A",455,"D",.,"A",.,"A",.,"A",.,"A",.,"A",18,"D",.,"A",.,"A"
"20103",2339943,52,0,"1",.,"A",.,"A",.,"A",.,"A",40,"D",30,"D",.,"A",.,"A",.,"A",0,"D",30,"D",0,"D",.,"A",0,"D",.,"A"
"20103",2340003,24,0,"1",.,"A",.,"A",.,"A",.,"A",.,"A",.,"A",.,"A",.,"A",.,"A",.,"A",.,"A",.,"A",.,"A",.,"A",.,"A"
"20103",2340044,21,0,"1",.,"A",.,"A",.,"A",.,"A",.,"A",.,"A",.,"A",.,"A",.,"A",.,"A",.,"A",.,"A",.,"A",.,"A",.,"A"
"20103",2340252,29,0,"1",.,"A",.,"A",.,"A",.,"A",60,"D",.,"A",130,"D",.,"A",.,"A",.,"A",.,"A",.,"A",28,"D",.,"A",.,"A"
"20103",2340273,21,0,"1",.,"A",.,"A",.,"A",.,"A",.,"A",.,"A",.,"A",.,"A",.,"A",6,"D",0,"D",90,"D",.,"A",2,"D",120,"F"
"20103",2340303,26,0,"1",4,"D",.,"A",.,"A",.,"A",21,"D",.,"A",.,"A",.,"A",.,"A",.,"A",.,"A",.,"A",.,"A",.,"A",.,"A"
"20103",2340312,22,0,"1",.,"A",.,"A",.,"A",.,"A",.,"A",.,"A",.,"A",.,"A",.,"A",.,"A",.,"A",.,"A",.,"A",.,"A",.,"A"
"20103",2340814,25,0,"1",.,"A",.,"A",.,"A",.,"A",.,"A",.,"A",.,"A",.,"A",.,"A",.,"A",.,"A",.,"A",114,"D",.,"A",.,"A"
"20103",2340865,44,0,"1",.,"A",.,"A",.,"A",.,"A",.,"A",.,"A",.,"A",.,"A",.,"A",.,"A",.,"A",.,"A",25,"D",.,"A",.,"A"
"20103",2340895,39,0,"1",.,"A",.,"A",.,"A",.,"A",6,"D",.,"A",.,"A",.,"A",.,"A",.,"A",.,"A",.,"A",.,"A",.,"A",.,"A"
"20103",2340932,28,0,"1",.,"A",.,"A",.,"A",.,"A",.,"A",.,"A",.,"A",.,"A",75,"D",.,"A",.,"A",.,"A",400,"D",.,"A",.,"A"
"20103",2340965,26,0,"1",5,"D",.,"A",.,"A",.,"A",0,"D",.,"A",.,"A",.,"A",.,"A",0,"D",0,"D",0,"D",.,"A",0,"D",.,"A"
"20103",2340984,73,0,"1",.,"A",.,"A",.,"A",.,"A",.,"A",15,"D",.,"A",.,"A",30,"D",.,"A",.,"A",.,"A",100,"D",.,"A",.,"A"
"20103",2341072,42,0,"1",.,"A",.,"A",.,"A",.,"A",.,"A",.,"A",.,"A",.,"A",.,"A",.,"A",.,"A",.,"A",150,"D",.,"A",.,"A"
"20103",2341202,34,0,"1",.,"A",.,"A",.,"A",.,"A",.,"A",.,"A",.,"A",.,"A",9,"D",.,"A",.,"A",.,"A",13,"D",.,"A",.,"A"
"20103",2341215,52,0,"1",.,"A",.,"A",.,"A",.,"A",.,"A",.,"A",.,"A",.,"A",.,"A",.,"A",.,"A",.,"A",50,"D",.,"A",.,"A"
"20103",2341243,25,0,"1",.,"A",.,"A",.,"A",.,"A",.,"A",.,"A",.,"A",.,"A",.,"A",.,"A",.,"A",.,"A",.,"A",.,"A",.,"A"
"20103",2341345,28,0,"1",.,"A",.,"A",.,"A",.,"A",.,"A",.,"A",.,"A",.,"A",.,"A",.,"A",.,"A",.,"A",.,"A",.,"A",.,"A"
"20103",2341434,36,0,"1",.,"A",.,"A",.,"A",.,"A",.,"A",.,"A",.,"A",.,"A",.,"A",.,"A",.,"A",.,"A",.,"A",.,"A",.,"A"
"20103",2341493,44,0,"1",10,"D",.,"A",.,"A",.,"A",40,"D",.,"A",.,"A",.,"A",.,"A",.,"A",.,"A",.,"A",55,"D",.,"A",.,"A"
"20103",2341564,42,0,"1",.,"A",.,"A",.,"A",.,"A",.,"A",.,"A",1105,"D",.,"A",.,"A",.,"A",.,"A",.,"A",.,"A",.,"A",.,"A"
"20103",2341572,29,0,"1",.,"A",.,"A",.,"A",.,"A",180,"D",.,"A",.,"A",.,"A",.,"A",.,"A",.,"A",.,"A",30,"D",.,"A",.,"A"
"20103",2341604,39,0,"1",.,"A",.,"A",.,"A",.,"A",.,"A",.,"A",520,"D",.,"A",30,"D",.,"A",.,"A",.,"A",50,"D",.,"A",.,"A"
"20103",2341844,28,0,"1",.,"A",.,"A",.,"A",.,"A",12,"D",.,"A",.,"A",78,"D",.,"A",0,"D",0,"D",45,"D",10,"D",0,"D",.,"A"
"20103",2341895,32,0,"1",.,"A",.,"A",.,"A",.,"A",150,"D",.,"A",.,"A",.,"A",.,"A",.,"A",.,"A",.,"A",36,"D",.,"A",.,"A"
"20103",2341995,32,0,"1",.,"A",.,"A",.,"A",.,"A",.,"A",.,"A",.,"A",.,"A",.,"A",.,"A",.,"A",.,"A",100,"D",.,"A",.,"A"
"20103",2342084,20,0,"1",.,"A",.,"A",.,"A",.,"A",.,"A",.,"A",.,"A",.,"A",.,"A",.,"A",.,"A",.,"A",40,"D",.,"A",.,"A"
"20103",2342114,34,0,"1",.,"A",.,"A",.,"A",.,"A",12,"D",.,"A",.,"A",.,"A",.,"A",.,"A",.,"A",.,"A",40,"D",.,"A",.,"A"
"20103",2342215,48,0,"1",.,"A",.,"A",100,"D",200,"D",.,"A",160,"D",195,"D",13,"D",.,"A",.,"A",.,"A",.,"A",20,"D",.,"A",.,"A"
"20103",2342333,30,0,"1",.,"A",.,"A",.,"A",.,"A",.,"A",.,"A",390,"D",.,"A",.,"A",.,"A",.,"A",.,"A",.,"A",.,"A",.,"A"
"20103",2342412,27,0,"1",.,"A",.,"A",.,"A",.,"A",.,"A",.,"A",.,"A",.,"A",.,"A",.,"A",.,"A",.,"A",.,"A",.,"A",.,"A"
"20104",2198175,42,0,"1",.,"A",.,"A",.,"A",.,"A",.,"A",.,"A",.,"A",.,"A",.,"A",.,"A",.,"A",.,"A",.,"A",.,"A",.,"A"
"20104",2198185,43,0,"1",.,"A",.,"A",.,"A",.,"A",.,"A",.,"A",.,"A",.,"A",30,"F",0,"D",0,"D",45,"F",30,"D",0,"D",.,"A"
"20104",2198215,62,0,"1",.,"A",.,"A",.,"A",.,"A",.,"A",.,"A",.,"A",.,"A",.,"A",.,"A",.,"A",.,"A",36,"D",.,"A",.,"A"
"20104",2198225,68,0,"1",.,"A",.,"A",.,"A",.,"A",.,"A",.,"A",.,"A",.,"A",3,"D",.,"A",.,"A",.,"A",15,"D",.,"A",.,"A"
"20104",2198235,93,0,"1",.,"A",.,"A",.,"A",.,"A",.,"A",20,"D",.,"A",.,"A",21,"D",.,"A",.,"A",.,"A",50,"D",.,"A",.,"A"
"20104",2198265,34,0,"1",.,"A",.,"A",.,"A",.,"A",.,"A",.,"A",.,"A",.,"A",.,"A",420,"D",0,"D",0,"D",75,"D",140,"D",230,"D"
"20104",2198275,36,0,"1",.,"A",.,"A",.,"A",50,"D",.,"A",.,"A",.,"A",.,"A",.,"A",.,"A",.,"A",.,"A",100,"D",.,"A",.,"A"
"20104",2198305,47,0,"1",.,"A",.,"A",.,"A",.,"A",.,"A",.,"A",.,"A",.,"A",.,"A",.,"A",.,"A",.,"A",200,"D",.,"A",.,"A"
"20104",2198315,50,0,"1",.,"A",.,"A",.,"A",.,"A",.,"A",.,"A",.,"A",.,"A",.,"A",.,"A",.,"A",.,"A",120,"D",.,"A",.,"A"
"20104",2198325,57,0,"1",.,"A",.,"A",.,"A",.,"A",.,"A",.,"A",.,"A",.,"A",.,"A",.,"A",.,"A",.,"A",200,"D",.,"A",.,"A"
"20104",2198345,40,0,"1",.,"A",.,"A",.,"A",.,"A",130,"D",.,"A",325,"D",.,"A",.,"A",.,"A",.,"A",.,"A",.,"A",.,"A",.,"A"
"20104",2198355,58,0,"1",.,"A",.,"A",.,"A",96,"D",.,"A",55,"D",.,"A",.,"A",.,"A",240,"D",0,"D",240,"D",90,"D",80,"D",.,"A"
"20104",2198365,52,0,"1",.,"A",.,"A",.,"A",.,"A",23,"D",.,"A",.,"A",.,"A",.,"A",.,"A",.,"A",.,"A",.,"A",.,"A",.,"A"
"20104",2198385,50,0,"1",.,"A",.,"A",.,"A",.,"A",.,"A",.,"A",.,"A",.,"A",.,"A",.,"A",.,"A",.,"A",.,"A",.,"A",.,"A"
"20104",2198395,45,0,"1",.,"A",.,"A",.,"A",.,"A",120,"D",45,"D",.,"A",.,"A",36,"D",150,"D",0,"D",0,"D",.,"A",50,"D",.,"A"
"20104",2198405,40,0,"1",.,"A",.,"A",.,"A",.,"A",.,"A",.,"A",.,"A",.,"A",.,"A",.,"A",.,"A",.,"A",.,"A",.,"A",.,"A"
"20104",2198415,68,0,"1",.,"A",.,"A",.,"A",.,"A",.,"A",.,"A",.,"A",.,"A",.,"A",.,"A",.,"A",.,"A",270,"D",.,"A",.,"A"
"20104",2198425,57,0,"1",.,"A",.,"A",.,"A",.,"A",.,"A",240,"D",.,"A",.,"A",.,"A",.,"A",.,"A",.,"A",500,"D",.,"A",.,"A"
"20104",2198435,45,0,"1",.,"A",.,"A",.,"A",.,"A",.,"A",.,"A",.,"A",.,"A",.,"A",.,"A",.,"A",.,"A",130,"D",.,"A",.,"A"
"20104",2198445,54,0,"1",.,"A",.,"A",.,"A",.,"A",.,"A",60,"D",.,"A",.,"A",90,"D",.,"A",.,"A",.,"A",650,"D",.,"A",.,"A"
"20104",2198455,67,0,"1",.,"A",.,"A",.,"A",.,"A",.,"A",.,"A",.,"A",.,"A",.,"A",.,"A",.,"A",.,"A",138,"D",.,"A",.,"A"
"20104",2198465,49,0,"1",.,"A",.,"A",.,"A",.,"A",.,"A",.,"A",325,"D",.,"A",.,"A",.,"A",.,"A",.,"A",.,"A",.,"A",.,"A"
"20104",2198485,36,0,"1",.,"A",.,"A",.,"A",.,"A",20,"D",.,"A",.,"A",.,"A",.,"A",.,"A",.,"A",.,"A",10,"D",.,"A",.,"A"
"20104",2198495,43,0,"1",.,"A",.,"A",.,"A",.,"A",.,"A",.,"A",.,"A",.,"A",.,"A",.,"A",.,"A",.,"A",.,"A",.,"A",.,"A"
"20104",2198505,51,0,"1",.,"A",.,"A",.,"A",.,"A",.,"A",.,"A",.,"A",.,"A",60,"D",.,"A",.,"A",.,"A",.,"A",.,"A",.,"A"
"20104",2198515,49,0,"1",.,"A",.,"A",.,"A",.,"A",.,"A",.,"A",.,"A",.,"A",.,"A",.,"A",.,"A",.,"A",120,"D",.,"A",.,"A"
"20104",2198525,98,0,"1",.,"A",.,"A",.,"A",.,"A",.,"A",25,"D",.,"A",.,"A",30,"D",.,"A",.,"A",.,"A",500,"D",.,"A",.,"A"
"20104",2198535,63,0,"1",.,"A",.,"A",.,"A",.,"A",.,"A",.,"A",.,"A",.,"A",.,"A",.,"A",.,"A",.,"A",106,"D",.,"A",.,"A"
"20104",2198545,50,0,"1",.,"A",.,"A",.,"A",.,"A",.,"A",.,"A",.,"A",.,"A",.,"A",.,"A",.,"A",.,"A",25,"D",.,"A",.,"A"
"20104",2198565,65,0,"1",.,"A",.,"A",.,"A",.,"A",.,"A",.,"A",.,"A",.,"A",.,"A",.,"A",.,"A",.,"A",30,"D",.,"A",.,"A"
"20104",2198575,47,0,"1",.,"A",.,"A",.,"A",.,"A",.,"A",.,"A",.,"A",.,"A",.,"A",.,"A",.,"A",.,"A",100,"D",.,"A",.,"A"
"20104",2198585,50,0,"1",.,"A",.,"A",.,"A",.,"A",.,"A",.,"A",.,"A",.,"A",.,"A",.,"A",.,"A",.,"A",50,"D",.,"A",.,"A"
"20104",2198595,93,0,"1",.,"A",.,"A",.,"A",.,"A",.,"A",120,"D",.,"A",.,"A",.,"A",.,"A",.,"A",.,"A",220,"D",.,"A",.,"A"
"20104",2198605,38,0,"1",.,"A",.,"A",.,"A",.,"A",.,"A",.,"A",.,"A",.,"A",.,"A",.,"A",.,"A",.,"A",.,"A",.,"A",.,"A"
"20104",2198615,38,0,"1",.,"A",.,"A",.,"A",.,"A",.,"A",.,"A",.,"A",.,"A",.,"A",.,"A",.,"A",.,"A",.,"A",.,"A",.,"A"
"20104",2198635,99,0,"1",.,"A",.,"A",.,"A",.,"A",.,"A",.,"A",.,"A",.,"A",.,"A",.,"A",.,"A",.,"A",45,"D",.,"A",.,"A"
"20104",2198655,63,0,"1",.,"A",.,"A",.,"A",.,"A",.,"A",.,"A",156,"D",.,"A",.,"A",.,"A",.,"A",.,"A",.,"A",.,"A",.,"A"
"20104",2198665,44,0,"1",20,"D",.,"A",.,"A",60,"D",40,"D",.,"A",.,"A",.,"A",.,"A",258,"D",0,"D",0,"D",75,"D",86,"D",260,"D"
"20104",2198745,54,0,"1",.,"A",.,"A",.,"A",.,"A",.,"A",.,"A",.,"A",.,"A",.,"A",.,"A",.,"A",.,"A",.,"A",.,"A",.,"A"
"20104",2198755,60,0,"1",.,"A",.,"A",.,"A",.,"A",.,"A",150,"D",.,"A",.,"A",.,"A",.,"A",.,"A",.,"A",300,"D",.,"A",.,"A"
"20104",2198765,35,0,"1",.,"A",.,"A",.,"A",.,"A",.,"A",.,"A",.,"A",.,"A",.,"A",.,"A",.,"A",.,"A",.,"A",.,"A",.,"A"
"20104",2198775,24,0,"1",.,"A",.,"A",.,"A",.,"A",.,"A",.,"A",325,"D",.,"A",.,"A",.,"A",.,"A",.,"A",.,"A",.,"A",.,"A"
"20104",2198785,86,0,"1",.,"A",.,"A",.,"A",.,"A",.,"A",.,"A",.,"A",.,"A",.,"A",0,"D",0,"D",150,"D",63,"D",0,"D",.,"A"
"20104",2198805,40,0,"1",.,"A",.,"A",.,"A",.,"A",.,"A",.,"A",130,"D",.,"A",.,"A",.,"A",.,"A",.,"A",.,"A",.,"A",.,"A"
"20104",2198815,63,0,"1",.,"A",.,"A",.,"A",.,"A",.,"A",.,"A",.,"A",.,"A",.,"A",.,"A",.,"A",.,"A",69,"D",.,"A",.,"A"
"20104",2198825,47,0,"1",.,"A",.,"A",.,"A",.,"A",.,"A",.,"A",.,"A",.,"A",.,"A",.,"A",.,"A",.,"A",.,"A",.,"A",.,"A"
"20104",2198835,48,0,"1",25,"D",.,"A",.,"A",.,"A",155,"D",60,"D",.,"A",.,"A",.,"A",.,"A",.,"A",.,"A",170,"D",.,"A",.,"A"
"20104",2198875,46,0,"1",.,"A",.,"A",.,"A",.,"A",.,"A",.,"A",.,"A",.,"A",.,"A",.,"A",.,"A",.,"A",.,"A",.,"A",.,"A"
"20104",2198885,58,0,"1",.,"A",.,"A",.,"A",.,"A",.,"A",.,"A",.,"A",.,"A",.,"A",.,"A",.,"A",.,"A",110,"D",.,"A",.,"A"
"20104",2198905,24,0,"1",.,"A",.,"A",.,"A",.,"A",.,"A",.,"A",.,"A",.,"A",.,"A",.,"A",.,"A",.,"A",.,"A",.,"A",.,"A"
"20104",2198955,52,0,"1",.,"A",.,"A",.,"A",.,"A",.,"A",.,"A",.,"A",.,"A",.,"A",.,"A",.,"A",.,"A",320,"D",.,"A",.,"A"
"20104",2198965,70,0,"1",.,"A",.,"A",.,"A",.,"A",.,"A",30,"D",.,"A",.,"A",.,"A",.,"A",.,"A",.,"A",362,"D",.,"A",.,"A"
"20104",2198995,56,0,"1",.,"A",.,"A",.,"A",.,"A",.,"A",.,"A",.,"A",.,"A",.,"A",.,"A",.,"A",.,"A",10,"D",.,"A",.,"A"
"20104",2199015,61,0,"1",.,"A",.,"A",.,"A",.,"A",.,"A",.,"A",.,"A",.,"A",.,"A",.,"A",.,"A",.,"A",.,"A",.,"A",.,"A"
"20104",2199025,57,0,"1",.,"A",.,"A",.,"A",.,"A",.,"A",.,"A",.,"A",.,"A",.,"A",.,"A",.,"A",.,"A",70,"D",.,"A",.,"A"
"20104",2199045,30,0,"1",.,"A",.,"A",.,"A",.,"A",.,"A",.,"A",169,"D",.,"A",.,"A",.,"A",.,"A",.,"A",.,"A",.,"A",.,"A"
"20104",2199085,68,0,"1",.,"A",.,"A",.,"A",.,"A",.,"A",.,"A",.,"A",.,"A",.,"A",.,"A",.,"A",.,"A",60,"D",.,"A",.,"A"
"20104",2199115,63,0,"1",.,"A",.,"A",.,"A",.,"A",.,"A",.,"A",13,"D",52,"D",.,"A",.,"A",.,"A",.,"A",.,"A",.,"A",.,"A"
"20104",2199125,66,0,"1",.,"A",.,"A",.,"A",.,"A",.,"A",.,"A",.,"A",.,"A",12,"D",.,"A",.,"A",.,"A",290,"D",.,"A",.,"A"
"20104",2199135,86,0,"1",.,"A",.,"A",.,"A",.,"A",.,"A",.,"A",520,"D",.,"A",.,"A",.,"A",.,"A",.,"A",60,"D",.,"A",.,"A"
"20104",2199145,41,0,"1",.,"A",.,"A",.,"A",.,"A",45,"D",.,"A",.,"A",.,"A",.,"A",.,"A",.,"A",.,"A",30,"D",.,"A",.,"A"
"20104",2199165,40,0,"1",.,"A",.,"A",.,"A",.,"A",60,"D",.,"A",.,"A",.,"A",.,"A",.,"A",.,"A",.,"A",64,"D",.,"A",.,"A"
"20104",2199195,66,0,"1",.,"A",.,"A",.,"A",.,"A",.,"A",20,"D",156,"D",.,"A",9,"D",.,"A",.,"A",.,"A",13,"D",.,"A",.,"A"
"20104",2199205,39,0,"1",.,"A",.,"A",.,"A",.,"A",90,"D",.,"A",.,"A",.,"A",.,"A",180,"D",0,"D",0,"D",40,"D",60,"D",.,"A"
"20104",2199215,47,0,"1",.,"A",.,"A",.,"A",.,"A",.,"A",.,"A",.,"A",.,"A",.,"A",.,"A",.,"A",.,"A",15,"D",.,"A",.,"A"
"20104",2199255,87,0,"1",.,"A",.,"A",.,"A",170,"D",.,"A",400,"D",.,"A",.,"A",450,"D",0,"D",0,"D",120,"D",50,"D",0,"D",.,"A"
"20104",2199265,60,0,"1",.,"A",.,"A",.,"A",.,"A",.,"A",.,"A",.,"A",.,"A",.,"A",.,"A",.,"A",.,"A",216,"D",.,"A",.,"A"
"20104",2199275,93,0,"1",.,"A",.,"A",.,"A",.,"A",.,"A",19,"D",.,"A",.,"A",.,"A",.,"A",.,"A",.,"A",155,"D",.,"A",.,"A"
"20104",2199295,62,0,"1",.,"A",.,"A",.,"A",.,"A",.,"A",.,"A",.,"A",.,"A",.,"A",.,"A",.,"A",.,"A",.,"A",.,"A",.,"A"
"20104",2199305,28,0,"1",.,"A",.,"A",.,"A",.,"A",.,"A",.,"A",481,"D",.,"A",.,"A",135,"D",0,"D",135,"D",.,"A",45,"D",.,"A"
"20104",2199315,41,0,"1",.,"A",.,"A",.,"A",.,"A",.,"A",.,"A",.,"A",.,"A",.,"A",.,"A",.,"A",.,"A",16,"D",.,"A",.,"A"
"20104",2199325,33,0,"1",.,"A",.,"A",.,"A",.,"A",.,"A",.,"A",.,"A",.,"A",.,"A",.,"A",.,"A",.,"A",.,"A",.,"A",.,"A"
"20104",2199345,36,0,"1",.,"A",.,"A",.,"A",.,"A",.,"A",.,"A",546,"D",.,"A",.,"A",.,"A",.,"A",.,"A",.,"A",.,"A",.,"A"
"20104",2199355,80,0,"1",.,"A",.,"A",.,"A",.,"A",.,"A",564,"D",.,"A",.,"A",.,"A",.,"A",.,"A",.,"A",100,"D",.,"A",.,"A"
"20104",2199435,32,0,"1",.,"A",.,"A",.,"A",.,"A",.,"A",.,"A",.,"A",.,"A",.,"A",.,"A",.,"A",.,"A",.,"A",.,"A",.,"A"
"20104",2199465,29,0,"1",2,"D",.,"A",.,"A",.,"A",2,"D",.,"A",.,"A",.,"A",.,"A",0,"D",0,"D",6,"D",20,"D",0,"D",.,"A"
"20104",2199475,66,0,"1",.,"A",.,"A",80,"F",.,"A",.,"A",.,"A",.,"A",.,"A",.,"A",.,"A",.,"A",.,"A",50,"D",.,"A",.,"A"
"20104",2199485,63,0,"1",.,"A",.,"A",.,"A",.,"A",.,"A",.,"A",.,"A",.,"A",.,"A",.,"A",.,"A",.,"A",.,"A",.,"A",.,"A"
"20104",2199495,27,0,"1",.,"A",.,"A",.,"A",.,"A",20,"D",.,"A",.,"A",.,"A",.,"A",.,"A",.,"A",.,"A",.,"A",.,"A",.,"A"
"20104",2199515,27,0,"1",.,"A",.,"A",.,"A",.,"A",.,"A",.,"A",.,"A",.,"A",12,"D",.,"A",.,"A",.,"A",.,"A",.,"A",.,"A"
"20104",2199525,71,0,"1",.,"A",.,"A",.,"A",.,"A",.,"A",6,"D",.,"A",.,"A",.,"A",.,"A",.,"A",.,"A",85,"D",.,"A",.,"A"
"20104",2199535,82,0,"1",.,"A",.,"A",.,"A",.,"A",.,"A",.,"A",.,"A",.,"A",.,"A",.,"A",.,"A",.,"A",30,"D",.,"A",.,"A"
"20104",2199545,38,0,"1",.,"A",.,"A",.,"A",.,"A",.,"A",.,"A",.,"A",.,"A",.,"A",.,"A",.,"A",.,"A",.,"A",.,"A",.,"A"
"20104",2199555,70,0,"1",.,"A",.,"A",.,"A",.,"A",.,"A",.,"A",.,"A",.,"A",.,"A",.,"A",.,"A",.,"A",110,"D",.,"A",.,"A"
"20104",2199565,63,0,"1",.,"A",.,"A",.,"A",.,"A",.,"A",.,"A",.,"A",.,"A",.,"A",.,"A",.,"A",.,"A",.,"A",.,"A",.,"A"
"20104",2199575,53,0,"1",.,"A",.,"A",.,"A",.,"A",.,"A",.,"A",494,"D",.,"A",.,"A",.,"A",.,"A",.,"A",200,"D",.,"A",.,"A"
"20104",2199585,69,0,"1",.,"A",.,"A",.,"A",.,"A",.,"A",.,"A",.,"A",.,"A",.,"A",.,"A",.,"A",.,"A",140,"D",.,"A",.,"A"
"20104",2199595,41,0,"1",.,"A",.,"A",.,"A",22,"D",.,"A",.,"A",.,"A",.,"A",.,"A",.,"A",.,"A",.,"A",.,"A",.,"A",.,"A"
"20104",2199605,30,0,"1",.,"A",.,"A",.,"A",.,"A",.,"A",.,"A",.,"A",.,"A",.,"A",.,"A",.,"A",.,"A",.,"A",.,"A",.,"A"
"20104",2199625,69,0,"1",.,"A",.,"A",.,"A",.,"A",.,"A",.,"A",.,"A",.,"A",.,"A",.,"A",.,"A",.,"A",100,"D",.,"A",.,"A"
"20104",2199635,37,0,"1",.,"A",.,"A",.,"A",.,"A",20,"D",.,"A",.,"A",.,"A",.,"A",0,"D",0,"D",120,"D",.,"A",0,"D",.,"A"
"20104",2199645,24,0,"1",.,"A",.,"A",.,"A",.,"A",.,"A",.,"A",.,"A",.,"A",.,"A",.,"A",.,"A",.,"A",.,"A",.,"A",.,"A"
"20104",2199655,46,0,"1",.,"A",.,"A",.,"A",.,"A",.,"A",.,"A",.,"A",.,"A",.,"A",.,"A",.,"A",.,"A",.,"A",.,"A",.,"A"
"20104",2199665,90,0,"1",.,"A",.,"A",.,"A",.,"A",.,"A",.,"A",.,"A",.,"A",.,"A",.,"A",.,"A",.,"A",.,"A",.,"A",.,"A"
"20104",2199675,76,0,"1",.,"A",.,"A",.,"A",.,"A",.,"A",.,"A",91,"D",.,"A",.,"A",.,"A",.,"A",.,"A",100,"D",.,"A",.,"A"
"20104",2199685,60,0,"1",.,"A",.,"A",.,"A",.,"A",.,"A",50,"D",.,"A",.,"A",.,"A",.,"A",.,"A",.,"A",210,"D",.,"A",.,"A"
"20104",2199725,43,0,"1",.,"A",.,"A",.,"A",.,"A",.,"A",.,"A",260,"D",.,"A",.,"A",.,"A",.,"A",.,"A",35,"D",.,"A",.,"A"
"20104",2199735,43,0,"1",.,"A",.,"A",.,"A",.,"A",.,"A",.,"A",.,"A",.,"A",.,"A",.,"A",.,"A",.,"A",.,"A",.,"A",.,"A"
"20104",2199745,59,0,"1",.,"A",.,"A",.,"A",.,"A",.,"A",.,"A",.,"A",.,"A",.,"A",.,"A",.,"A",.,"A",360,"D",.,"A",.,"A"
"20104",2199755,78,0,"1",.,"A",.,"A",.,"A",.,"A",.,"A",.,"A",.,"A",.,"A",.,"A",111,"D",6,"D",6,"D",58,"D",37,"D",270,"F"
"20104",2199815,60,0,"1",.,"A",.,"A",.,"A",.,"A",.,"A",.,"A",.,"A",.,"A",.,"A",.,"A",.,"A",.,"A",30,"D",.,"A",.,"A"
"20104",2199825,121,0,"1",.,"A",75,"D",.,"A",250,"D",.,"A",25,"D",.,"A",.,"A",180,"D",432,"D",0,"D",0,"D",135,"D",144,"D",.,"A"
"20104",2199835,114,0,"1",.,"A",.,"A",.,"A",.,"A",.,"A",.,"A",546,"D",.,"A",.,"A",.,"A",.,"A",.,"A",.,"A",.,"A",.,"A"
"20104",2199845,66,0,"1",.,"A",.,"A",.,"A",.,"A",60,"D",.,"A",.,"A",.,"A",18,"D",.,"A",.,"A",.,"A",.,"A",.,"A",.,"A"
"20104",2199855,48,0,"1",.,"A",.,"A",.,"A",.,"A",.,"A",.,"A",.,"A",.,"A",.,"A",.,"A",.,"A",.,"A",.,"A",.,"A",.,"A"
"20104",2199865,32,0,"1",.,"A",.,"A",.,"A",.,"A",.,"A",.,"A",.,"A",.,"A",.,"A",.,"A",.,"A",.,"A",.,"A",.,"A",.,"A"
"20104",2199875,46,0,"1",.,"A",.,"A",.,"A",.,"A",.,"A",.,"A",.,"A",.,"A",.,"A",.,"A",.,"A",.,"A",.,"A",.,"A",.,"A"
"20104",2199885,61,0,"1",.,"A",.,"A",.,"A",.,"A",.,"A",.,"A",.,"A",.,"A",.,"A",.,"A",.,"A",.,"A",20,"D",.,"A",.,"A"
"20104",2199895,69,0,"1",.,"A",.,"A",.,"A",.,"A",.,"A",.,"A",.,"A",.,"A",.,"A",.,"A",.,"A",.,"A",120,"D",.,"A",.,"A"
"20104",2199905,63,0,"1",.,"A",.,"A",.,"A",.,"A",.,"A",.,"A",.,"A",.,"A",.,"A",.,"A",.,"A",.,"A",40,"D",.,"A",.,"A"
"20104",2199915,63,0,"1",.,"A",.,"A",.,"A",.,"A",.,"A",.,"A",.,"A",.,"A",.,"A",.,"A",.,"A",.,"A",100,"D",.,"A",.,"A"
"20104",2199925,73,0,"1",.,"A",.,"A",.,"A",.,"A",.,"A",90,"D",.,"A",.,"A",.,"A",.,"A",.,"A",.,"A",200,"D",.,"A",.,"A"
"20104",2199935,54,0,"1",.,"A",.,"A",.,"A",.,"A",.,"A",.,"A",.,"A",117,"D",.,"A",.,"A",.,"A",.,"A",20,"D",.,"A",.,"A"
"20104",2199945,62,0,"1",.,"A",.,"A",.,"A",.,"A",.,"A",.,"A",.,"A",104,"D",.,"A",.,"A",.,"A",.,"A",165,"D",.,"A",.,"A"
"20104",2200005,37,0,"1",.,"A",.,"A",.,"A",.,"A",.,"A",.,"A",.,"A",.,"A",.,"A",.,"A",.,"A",.,"A",.,"A",.,"A",.,"A"
"20104",2200015,79,0,"1",.,"A",.,"A",.,"A",.,"A",.,"A",.,"A",.,"A",.,"A",.,"A",.,"A",.,"A",.,"A",580,"D",.,"A",.,"A"
"20104",2200025,54,0,"1",.,"A",.,"A",.,"A",.,"A",.,"A",.,"A",.,"A",.,"A",.,"A",.,"A",.,"A",.,"A",.,"A",.,"A",.,"A"
"20104",2200035,50,0,"1",.,"A",.,"A",.,"A",.,"A",.,"A",.,"A",.,"A",.,"A",.,"A",.,"A",.,"A",.,"A",258,"D",.,"A",.,"A"
"20104",2200045,48,0,"1",.,"A",.,"A",.,"A",.,"A",.,"A",.,"A",1066,"D",52,"D",60,"D",.,"A",.,"A",.,"A",.,"A",.,"A",.,"A"
"20104",2200055,65,0,"1",.,"A",.,"A",.,"A",.,"A",.,"A",.,"A",.,"A",.,"A",.,"A",.,"A",.,"A",.,"A",.,"A",.,"A",.,"A"
"20104",2200075,41,0,"1",.,"A",.,"A",.,"A",.,"A",.,"A",30,"D",.,"A",.,"A",.,"A",.,"A",.,"A",.,"A",120,"D",.,"A",.,"A"
"20104",2200085,37,0,"1",.,"A",.,"A",.,"A",.,"A",.,"A",.,"A",.,"A",.,"A",.,"A",.,"A",.,"A",.,"A",.,"A",.,"A",.,"A"
"20104",2200115,41,0,"1",.,"A",.,"A",.,"A",.,"A",200,"D",40,"D",.,"A",.,"A",.,"A",.,"A",.,"A",.,"A",192,"D",.,"A",.,"A"
"20104",2200125,91,0,"1",.,"A",.,"A",.,"A",100,"D",.,"A",300,"D",.,"A",.,"A",60,"D",0,"D",78,"D",0,"D",200,"D",0,"D",.,"A"
"20104",2200135,30,0,"1",.,"A",.,"A",.,"A",.,"A",.,"A",.,"A",.,"A",.,"A",.,"A",.,"A",.,"A",.,"A",.,"A",.,"A",.,"A"
"20104",2200145,39,0,"1",.,"A",.,"A",.,"A",.,"A",.,"A",.,"A",.,"A",.,"A",.,"A",.,"A",.,"A",.,"A",.,"A",.,"A",.,"A"
"20104",2200155,29,0,"1",.,"A",.,"A",.,"A",.,"A",.,"A",.,"A",195,"D",.,"A",.,"A",.,"A",.,"A",.,"A",.,"A",.,"A",.,"A"
"20104",2200195,32,0,"1",.,"A",.,"A",.,"A",180,"D",120,"D",120,"D",.,"A",.,"A",.,"A",0,"D",0,"D",270,"D",15,"D",0,"D",.,"A"
"20104",2200205,39,0,"1",.,"A",.,"A",.,"A",.,"A",.,"A",.,"A",.,"A",.,"A",15,"D",.,"A",.,"A",.,"A",80,"D",.,"A",.,"A"
"20104",2200215,64,0,"1",.,"A",.,"A",.,"A",60,"D",.,"A",.,"A",.,"A",.,"A",.,"A",234,"D",0,"D",0,"D",43,"D",78,"D",.,"A"
"20104",2200225,49,0,"1",.,"A",.,"A",.,"A",.,"A",.,"A",.,"A",.,"A",.,"A",.,"A",.,"A",.,"A",.,"A",80,"D",.,"A",.,"A"
"20104",2200235,31,0,"1",.,"A",.,"A",.,"A",.,"A",.,"A",.,"A",390,"D",.,"A",.,"A",0,"D",0,"D",135,"D",.,"A",0,"D",.,"A"
"20104",2200245,59,0,"1",.,"A",10,"D",.,"A",200,"D",.,"A",230,"D",.,"A",.,"A",.,"A",480,"D",0,"D",0,"D",150,"D",160,"D",.,"A"
"20104",2200255,41,0,"1",.,"A",.,"A",25,"D",.,"A",.,"A",.,"A",.,"A",.,"A",.,"A",.,"A",.,"A",.,"A",90,"D",.,"A",.,"A"
"20104",2200265,32,0,"1",.,"A",.,"A",.,"A",.,"A",.,"A",.,"A",.,"A",.,"A",.,"A",.,"A",.,"A",.,"A",.,"A",.,"A",.,"A"
"20104",2200305,78,0,"1",.,"A",.,"A",.,"A",20,"D",.,"A",.,"A",.,"A",.,"A",.,"A",.,"A",.,"A",.,"A",280,"D",.,"A",.,"A"
"20104",2200315,64,0,"1",.,"A",.,"A",.,"A",.,"A",.,"A",.,"A",.,"A",.,"A",.,"A",.,"A",.,"A",.,"A",60,"D",.,"A",.,"A"
"20104",2200325,70,0,"1",.,"A",.,"A",55,"D",.,"A",.,"A",.,"A",.,"A",.,"A",.,"A",.,"A",.,"A",.,"A",75,"D",.,"A",.,"A"
"20104",2200345,55,0,"1",.,"A",.,"A",.,"A",.,"A",.,"A",.,"A",91,"D",.,"A",30,"D",.,"A",.,"A",.,"A",90,"D",.,"A",.,"A"
"20104",2200355,53,0,"1",.,"A",.,"A",.,"A",.,"A",.,"A",.,"A",.,"A",.,"A",.,"A",.,"A",.,"A",.,"A",30,"D",.,"A",.,"A"
"20104",2200385,33,0,"1",.,"A",.,"A",.,"A",.,"A",.,"A",.,"A",65,"D",.,"A",.,"A",.,"A",.,"A",.,"A",.,"A",.,"A",.,"A"
"20104",2200395,45,0,"1",.,"A",.,"A",.,"A",.,"A",.,"A",.,"A",.,"A",.,"A",.,"A",.,"A",.,"A",.,"A",30,"D",.,"A",.,"A"
"20104",2200415,31,0,"1",.,"A",.,"A",.,"A",.,"A",140,"D",.,"A",.,"A",.,"A",.,"A",.,"A",.,"A",.,"A",150,"D",.,"A",.,"A"
"20104",2200445,33,0,"1",.,"A",.,"A",.,"A",.,"A",.,"A",.,"A",.,"A",.,"A",.,"A",.,"A",.,"A",.,"A",.,"A",.,"A",.,"A"
"20104",2200455,31,0,"1",.,"A",.,"A",.,"A",.,"A",.,"A",.,"A",.,"A",.,"A",.,"A",.,"A",.,"A",.,"A",.,"A",.,"A",.,"A"
"20104",2200465,40,0,"1",.,"A",.,"A",.,"A",.,"A",.,"A",.,"A",260,"D",.,"A",.,"A",.,"A",.,"A",.,"A",.,"A",.,"A",.,"A"
"20104",2200475,50,0,"1",.,"A",.,"A",.,"A",.,"A",.,"A",10,"D",.,"A",.,"A",.,"A",.,"A",.,"A",.,"A",36,"D",.,"A",.,"A"
"20104",2200485,71,0,"1",.,"A",.,"A",.,"A",.,"A",.,"A",.,"A",.,"A",.,"A",.,"A",.,"A",.,"A",.,"A",60,"D",.,"A",.,"A"
"20104",2200495,48,0,"1",.,"A",.,"A",.,"A",.,"A",.,"A",.,"A",.,"A",.,"A",315,"D",.,"A",.,"A",.,"A",25,"D",.,"A",.,"A"
"20104",2200505,59,0,"1",.,"A",.,"A",.,"A",.,"A",.,"A",.,"A",.,"A",.,"A",.,"A",.,"A",.,"A",.,"A",26,"D",.,"A",.,"A"
"20104",2200515,65,0,"1",.,"A",.,"A",.,"A",.,"A",.,"A",.,"A",650,"D",.,"A",.,"A",.,"A",.,"A",.,"A",.,"A",.,"A",.,"A"
"20104",2200525,52,0,"1",.,"A",.,"A",.,"A",.,"A",.,"A",.,"A",.,"A",.,"A",.,"A",.,"A",.,"A",.,"A",100,"D",.,"A",.,"A"
"20104",2200545,50,0,"1",.,"A",.,"A",.,"A",.,"A",.,"A",.,"A",.,"A",.,"A",.,"A",.,"A",.,"A",.,"A",50,"D",.,"A",.,"A"
"20104",2200555,40,0,"1",.,"A",.,"A",.,"A",.,"A",.,"A",.,"A",.,"A",.,"A",.,"A",.,"A",.,"A",.,"A",.,"A",.,"A",.,"A"
"20104",2200565,39,0,"1",.,"A",.,"A",.,"A",.,"A",.,"A",.,"A",.,"A",.,"A",.,"A",.,"A",.,"A",.,"A",.,"A",.,"A",.,"A"
"20104",2200605,38,0,"1",.,"A",.,"A",.,"A",.,"A",.,"A",.,"A",.,"A",.,"A",.,"A",.,"A",.,"A",.,"A",.,"A",.,"A",.,"A"
"20104",2200615,34,0,"1",.,"A",.,"A",.,"A",.,"A",.,"A",.,"A",.,"A",.,"A",.,"A",.,"A",.,"A",.,"A",150,"D",.,"A",.,"A"
"20104",2200645,57,0,"1",.,"A",.,"A",.,"A",.,"A",.,"A",.,"A",.,"A",.,"A",18,"D",.,"A",.,"A",.,"A",24,"D",.,"A",.,"A"
"20104",2200675,36,0,"1",.,"A",.,"A",.,"A",.,"A",120,"D",.,"A",.,"A",.,"A",.,"A",.,"A",.,"A",.,"A",30,"D",.,"A",.,"A"
"20104",2200685,43,0,"1",.,"A",.,"A",.,"A",.,"A",.,"A",.,"A",650,"D",.,"A",.,"A",.,"A",.,"A",.,"A",.,"A",.,"A",.,"A"
"20104",2200705,33,0,"1",.,"A",.,"A",.,"A",.,"A",15,"D",.,"A",.,"A",780,"D",.,"A",.,"A",.,"A",.,"A",180,"D",.,"A",.,"A"
"20104",2200715,32,0,"1",.,"A",.,"A",.,"A",.,"A",.,"A",.,"A",.,"A",.,"A",.,"A",0,"D",0,"D",336,"D",.,"A",0,"D",.,"A"
"20104",2200735,42,0,"1",.,"A",.,"A",.,"A",.,"A",.,"A",.,"A",.,"A",.,"A",.,"A",.,"A",.,"A",.,"A",.,"A",.,"A",.,"A"
"20104",2200755,46,0,"1",.,"A",.,"A",.,"A",.,"A",.,"A",.,"A",.,"A",.,"A",.,"A",.,"A",.,"A",.,"A",.,"A",.,"A",.,"A"
"20104",2200775,77,0,"1",.,"A",.,"A",.,"A",.,"A",.,"A",.,"A",.,"A",.,"A",18,"D",.,"A",.,"A",.,"A",210,"D",.,"A",.,"A"
"20104",2200785,33,0,"1",.,"A",.,"A",.,"A",.,"A",.,"A",.,"A",.,"A",.,"A",.,"A",.,"A",.,"A",.,"A",.,"A",.,"A",.,"A"
"20104",2200795,100,0,"1",.,"A",.,"A",.,"A",.,"A",.,"A",.,"A",.,"A",.,"A",.,"A",.,"A",.,"A",.,"A",180,"D",.,"A",.,"A"
"20104",2200805,113,0,"1",.,"A",.,"A",.,"A",.,"A",.,"A",640,"D",520,"D",.,"A",90,"D",.,"A",.,"A",.,"A",250,"D",.,"A",.,"A"
"20104",2200825,50,0,"1",.,"A",.,"A",.,"A",.,"A",.,"A",7,"D",.,"A",.,"A",.,"A",.,"A",.,"A",.,"A",.,"A",.,"A",.,"A"
"20104",2200835,56,0,"1",.,"A",.,"A",.,"A",.,"A",.,"A",.,"A",156,"D",.,"A",.,"A",.,"A",.,"A",.,"A",50,"D",.,"A",.,"A"
"20104",2200845,54,0,"1",.,"A",.,"A",.,"A",.,"A",.,"A",40,"D",.,"A",.,"A",.,"A",.,"A",.,"A",.,"A",235,"D",.,"A",.,"A"
"20104",2200855,33,0,"1",10,"D",.,"A",.,"A",.,"A",50,"D",.,"A",.,"A",.,"A",.,"A",.,"A",.,"A",.,"A",.,"A",.,"A",.,"A"
"20104",2200905,42,0,"1",.,"A",.,"A",.,"A",.,"A",20,"D",.,"A",.,"A",.,"A",.,"A",.,"A",.,"A",.,"A",150,"D",.,"A",.,"A"
"20104",2200915,36,0,"1",.,"A",.,"A",.,"A",.,"A",.,"A",.,"A",.,"A",.,"A",.,"A",0,"D",0,"D",135,"D",.,"A",0,"D",.,"A"
"20104",2200935,67,0,"1",.,"A",.,"A",.,"A",.,"A",.,"A",.,"A",650,"D",.,"A",.,"A",.,"A",.,"A",.,"A",.,"A",.,"A",.,"A"
"20104",2200955,63,0,"1",.,"A",.,"A",.,"A",.,"A",.,"A",.,"A",.,"A",.,"A",.,"A",.,"A",.,"A",.,"A",40,"D",.,"A",.,"A"
"20104",2200975,77,0,"1",.,"A",.,"A",.,"A",.,"A",.,"A",.,"A",.,"A",.,"A",.,"A",.,"A",.,"A",.,"A",.,"A",.,"A",.,"A"
"20104",2200985,101,0,"1",.,"A",.,"A",.,"A",.,"A",.,"A",.,"A",.,"A",.,"A",.,"A",.,"A",.,"A",.,"A",182,"D",.,"A",.,"A"
"20104",2200995,58,0,"1",.,"A",.,"A",.,"A",.,"A",.,"A",.,"A",.,"A",.,"A",.,"A",.,"A",.,"A",.,"A",72,"D",.,"A",.,"A"
"20104",2201005,64,0,"1",.,"A",.,"A",18,"D",.,"A",.,"A",.,"A",.,"A",.,"A",.,"A",.,"A",.,"A",.,"A",30,"D",.,"A",.,"A"
"20104",2201035,56,0,"1",.,"A",.,"A",.,"A",.,"A",.,"A",.,"A",.,"A",.,"A",.,"A",.,"A",.,"A",.,"A",.,"A",.,"A",.,"A"
"20104",2201045,69,0,"1",.,"A",.,"A",.,"A",.,"A",.,"A",.,"A",.,"A",.,"A",.,"A",.,"A",.,"A",.,"A",120,"D",.,"A",.,"A"
"20104",2201055,49,0,"1",.,"A",.,"A",.,"A",.,"A",.,"A",.,"A",.,"A",.,"A",.,"A",.,"A",.,"A",.,"A",.,"A",.,"A",.,"A"
"20104",2201065,50,0,"1",.,"A",.,"A",.,"A",.,"A",.,"A",.,"A",.,"A",.,"A",.,"A",.,"A",.,"A",.,"A",.,"A",.,"A",.,"A"
"20104",2201075,31,0,"1",20,"D",.,"A",.,"A",90,"D",40,"D",.,"A",.,"A",.,"A",.,"A",0,"D",0,"D",90,"D",20,"D",0,"D",.,"A"
"20104",2201085,24,0,"1",.,"A",.,"A",.,"A",.,"A",.,"A",.,"A",520,"D",.,"A",.,"A",.,"A",.,"A",.,"A",.,"A",.,"A",.,"A"
"20104",2201105,66,0,"1",.,"A",.,"A",.,"A",.,"A",.,"A",.,"A",.,"A",.,"A",.,"A",.,"A",.,"A",.,"A",.,"A",.,"A",.,"A"
"20104",2201145,22,0,"1",.,"A",.,"A",.,"A",.,"A",.,"A",.,"A",.,"A",.,"A",.,"A",.,"A",.,"A",.,"A",.,"A",.,"A",.,"A"
"20104",2201155,54,0,"1",.,"A",.,"A",.,"A",.,"A",.,"A",.,"A",.,"A",.,"A",.,"A",.,"A",.,"A",.,"A",.,"A",.,"A",.,"A"
"20104",2201165,75,0,"1",.,"A",.,"A",.,"A",.,"A",.,"A",.,"A",.,"A",.,"A",.,"A",.,"A",.,"A",.,"A",140,"D",.,"A",.,"A"
"20104",2201175,80,0,"1",.,"A",.,"A",.,"A",.,"A",.,"A",.,"A",.,"A",.,"A",.,"A",.,"A",.,"A",.,"A",26,"D",.,"A",.,"A"
"20104",2201185,54,0,"1",.,"A",.,"A",.,"A",.,"A",.,"A",400,"D",.,"A",.,"A",.,"A",.,"A",.,"A",.,"A",250,"D",.,"A",.,"A"
"20104",2201195,32,0,"1",.,"A",.,"A",.,"A",.,"A",.,"A",.,"A",.,"A",.,"A",.,"A",.,"A",.,"A",.,"A",.,"A",.,"A",.,"A"
"20104",2201205,35,0,"1",.,"A",.,"A",.,"A",.,"A",.,"A",.,"A",.,"A",.,"A",.,"A",.,"A",.,"A",.,"A",.,"A",.,"A",.,"A"
"20104",2201225,53,0,"1",.,"A",.,"A",.,"A",.,"A",.,"A",.,"A",.,"A",.,"A",.,"A",.,"A",.,"A",.,"A",50,"D",.,"A",.,"A"
"20104",2201235,60,0,"1",.,"A",.,"A",.,"A",.,"A",.,"A",.,"A",.,"A",.,"A",.,"A",.,"A",.,"A",.,"A",40,"D",.,"A",.,"A"
"20104",2201245,73,0,"1",.,"A",.,"A",75,"D",.,"A",.,"A",.,"A",299,"D",.,"A",.,"A",.,"A",.,"A",.,"A",345,"D",.,"A",.,"A"
"20104",2201295,44,0,"1",.,"A",.,"A",.,"A",.,"A",54,"D",.,"A",.,"A",.,"A",.,"A",.,"A",.,"A",.,"A",20,"D",.,"A",.,"A"
"20104",2201305,45,0,"1",.,"A",.,"A",.,"A",.,"A",.,"A",.,"A",.,"A",.,"A",.,"A",0,"D",0,"D",54,"D",45,"D",0,"D",.,"A"
"20104",2201325,55,0,"1",.,"A",.,"A",.,"A",.,"A",.,"A",42,"D",.,"A",.,"A",.,"A",.,"A",.,"A",.,"A",115,"D",.,"A",.,"A"
"20104",2201335,54,0,"1",.,"A",.,"A",.,"A",.,"A",.,"A",.,"A",.,"A",.,"A",.,"A",.,"A",.,"A",.,"A",125,"D",.,"A",.,"A"
"20104",2201345,64,0,"1",.,"A",.,"A",.,"A",.,"A",.,"A",15,"D",260,"D",.,"A",.,"A",.,"A",.,"A",.,"A",.,"A",.,"A",.,"A"
"20104",2201365,32,0,"1",.,"A",.,"A",.,"A",.,"A",.,"A",.,"A",.,"A",.,"A",.,"A",.,"A",.,"A",.,"A",.,"A",.,"A",.,"A"
"20104",2201395,54,0,"1",.,"A",.,"A",.,"A",.,"A",.,"A",.,"A",650,"D",.,"A",.,"A",.,"A",.,"A",.,"A",60,"D",.,"A",.,"A"
"20104",2201405,29,0,"1",.,"A",.,"A",.,"A",.,"A",.,"A",.,"A",.,"A",.,"A",.,"A",.,"A",.,"A",.,"A",45,"D",.,"A",.,"A"
"20104",2201415,35,0,"1",6,"D",.,"A",.,"A",.,"A",9,"D",33,"D",.,"A",.,"A",.,"A",0,"D",0,"D",90,"D",.,"A",0,"D",.,"A"
"20104",2201425,51,0,"1",.,"A",.,"A",.,"A",.,"A",.,"A",.,"A",455,"D",.,"A",.,"A",.,"A",.,"A",.,"A",.,"A",.,"A",.,"A"
"20104",2201455,35,0,"1",.,"A",.,"A",.,"A",.,"A",60,"D",.,"A",.,"A",.,"A",.,"A",.,"A",.,"A",.,"A",20,"D",.,"A",.,"A"
"20104",2201465,70,0,"1",.,"A",.,"A",.,"A",.,"A",.,"A",.,"A",.,"A",.,"A",.,"A",.,"A",.,"A",.,"A",.,"A",.,"A",.,"A"
"20104",2201475,42,0,"1",.,"A",.,"A",.,"A",.,"A",.,"A",.,"A",.,"A",.,"A",.,"A",.,"A",.,"A",.,"A",80,"D",.,"A",.,"A"
"20104",2201495,53,0,"1",.,"A",.,"A",.,"A",.,"A",.,"A",.,"A",.,"A",.,"A",.,"A",.,"A",.,"A",.,"A",.,"A",.,"A",.,"A"
"20104",2201505,39,0,"1",.,"A",.,"A",.,"A",.,"A",.,"A",.,"A",494,"D",.,"A",.,"A",.,"A",.,"A",.,"A",.,"A",.,"A",.,"A"
"20104",2201515,50,0,"1",.,"A",.,"A",.,"A",.,"A",.,"A",.,"A",.,"A",.,"A",.,"A",.,"A",.,"A",.,"A",150,"D",.,"A",.,"A"
"20104",2201535,50,0,"1",.,"A",.,"A",.,"A",.,"A",.,"A",.,"A",728,"D",.,"A",.,"A",.,"A",.,"A",.,"A",.,"A",.,"A",.,"A"
"20104",2201545,71,0,"1",.,"A",.,"A",.,"A",.,"A",.,"A",.,"A",.,"A",.,"A",15,"D",.,"A",.,"A",.,"A",200,"D",.,"A",.,"A"
"20104",2201575,53,0,"1",.,"A",.,"A",.,"A",.,"A",.,"A",.,"A",.,"A",.,"A",.,"A",288,"D",0,"D",0,"D",15,"D",96,"D",.,"A"
"20104",2201585,47,0,"1",.,"A",.,"A",.,"A",.,"A",.,"A",.,"A",.,"A",.,"A",.,"A",.,"A",.,"A",.,"A",90,"D",.,"A",.,"A"
"20104",2201605,29,0,"1",.,"A",.,"A",.,"A",.,"A",25,"D",.,"A",.,"A",.,"A",.,"A",360,"F",0,"D",0,"D",.,"A",.,"C",.,"A"
"20104",2201615,35,0,"1",.,"A",.,"A",.,"A",.,"A",.,"A",.,"A",.,"A",.,"A",.,"A",.,"A",.,"A",.,"A",.,"A",.,"A",.,"A"
"20104",2201635,95,0,"1",.,"A",.,"A",.,"A",.,"A",.,"A",275,"D",.,"A",.,"A",.,"A",.,"A",.,"A",.,"A",300,"D",.,"A",.,"A"
"20104",2201645,68,0,"1",.,"A",.,"A",.,"A",.,"A",25,"D",30,"D",.,"A",.,"A",60,"D",.,"A",.,"A",.,"A",400,"D",.,"A",.,"A"
"20104",2201665,55,0,"1",.,"A",.,"A",.,"A",.,"A",.,"A",.,"A",.,"A",234,"D",.,"A",.,"A",.,"A",.,"A",225,"D",.,"A",.,"A"
"20104",2201675,72,0,"1",.,"A",.,"A",.,"A",.,"A",.,"A",80,"D",130,"D",.,"A",.,"A",.,"A",.,"A",.,"A",240,"D",.,"A",.,"A"
"20104",2201685,39,0,"1",.,"A",.,"A",.,"A",.,"A",.,"A",.,"A",.,"A",.,"A",.,"A",.,"A",.,"A",.,"A",.,"A",.,"A",.,"A"
"20104",2201705,34,0,"1",.,"A",.,"A",.,"A",.,"A",.,"A",.,"A",.,"A",.,"A",.,"A",.,"A",.,"A",.,"A",.,"A",.,"A",.,"A"
"20104",2201715,46,0,"1",.,"A",.,"A",.,"A",.,"A",.,"A",.,"A",.,"A",.,"A",.,"A",.,"A",.,"A",.,"A",.,"A",.,"A",.,"A"
"20104",2201745,44,0,"1",.,"A",.,"A",.,"A",.,"A",.,"A",.,"A",.,"A",.,"A",.,"A",.,"A",.,"A",.,"A",.,"A",.,"A",.,"A"
"20104",2201765,52,0,"1",.,"A",.,"A",.,"A",.,"A",.,"A",.,"A",.,"A",.,"A",.,"A",.,"A",.,"A",.,"A",50,"D",.,"A",.,"A"
"20104",2201785,51,0,"1",.,"A",.,"A",41,"D",40,"D",.,"A",.,"A",.,"A",.,"A",.,"A",.,"A",.,"A",.,"A",50,"D",.,"A",.,"A"
"20104",2201795,95,0,"1",.,"A",.,"A",.,"A",.,"A",.,"A",60,"D",481,"D",.,"A",30,"D",.,"A",.,"A",.,"A",259,"D",.,"A",.,"A"
"20104",2201855,49,0,"1",.,"A",.,"A",.,"A",.,"A",.,"A",.,"A",390,"D",.,"A",54,"D",.,"A",.,"A",.,"A",45,"D",.,"A",.,"A"
"20104",2201865,94,0,"1",.,"A",.,"A",.,"A",.,"A",.,"A",400,"D",.,"A",.,"A",.,"A",.,"A",.,"A",.,"A",400,"D",.,"A",.,"A"
"20104",2201875,50,0,"1",.,"A",.,"A",.,"A",.,"A",.,"A",40,"D",.,"A",.,"A",.,"A",.,"A",.,"A",.,"A",.,"A",.,"A",.,"A"
"20104",2201905,60,0,"1",.,"A",.,"A",.,"A",.,"A",.,"A",.,"A",.,"A",.,"A",.,"A",.,"A",.,"A",.,"A",40,"D",.,"A",.,"A"
"20104",2201915,37,0,"1",.,"A",.,"A",.,"A",.,"A",.,"A",.,"A",.,"A",.,"A",.,"A",.,"A",.,"A",.,"A",20,"D",.,"A",.,"A"
"20104",2201935,85,0,"1",.,"A",.,"A",.,"A",.,"A",.,"A",150,"D",.,"A",1560,"D",.,"A",.,"A",.,"A",.,"A",350,"D",.,"A",.,"A"
"20104",2201945,71,0,"1",.,"A",.,"A",.,"A",.,"A",.,"A",.,"A",.,"A",.,"A",.,"A",0,"D",570,"D",0,"D",180,"D",0,"D",.,"A"
"20104",2201955,45,0,"1",.,"A",.,"A",.,"A",.,"A",60,"D",.,"A",.,"A",.,"A",.,"A",.,"A",.,"A",.,"A",50,"D",.,"A",.,"A"
"20104",2201975,63,0,"1",.,"A",.,"A",.,"A",.,"A",.,"A",.,"A",.,"A",.,"A",.,"A",.,"A",.,"A",.,"A",75,"D",.,"A",.,"A"
"20104",2201985,44,0,"1",.,"A",.,"A",.,"A",.,"A",.,"A",.,"A",.,"A",.,"A",.,"A",.,"A",.,"A",.,"A",70,"D",.,"A",.,"A"
"20104",2201995,68,0,"1",.,"A",.,"A",.,"A",.,"A",.,"A",.,"A",.,"A",.,"A",.,"A",.,"A",.,"A",.,"A",39,"D",.,"A",.,"A"
"20104",2202015,47,0,"1",.,"A",.,"A",.,"A",.,"A",.,"A",.,"A",.,"A",.,"A",.,"A",.,"A",.,"A",.,"A",300,"D",.,"A",.,"A"
"20104",2202035,26,0,"1",.,"A",.,"A",.,"A",40,"F",50,"D",.,"A",.,"A",.,"A",.,"A",300,"D",0,"D",0,"D",.,"A",100,"D",.,"A"
"20104",2202065,52,0,"1",.,"A",.,"A",.,"A",.,"A",.,"A",.,"A",.,"A",.,"A",.,"A",.,"A",.,"A",.,"A",200,"D",.,"A",.,"A"
"20104",2202075,42,0,"1",.,"A",.,"A",.,"A",30,"D",50,"D",.,"A",.,"A",.,"A",.,"A",.,"A",.,"A",.,"A",.,"A",.,"A",.,"A"
"20104",2202085,44,0,"1",.,"A",.,"A",.,"A",.,"A",.,"A",.,"A",.,"A",.,"A",.,"A",.,"A",.,"A",.,"A",45,"D",.,"A",.,"A"
"20104",2202115,54,0,"1",.,"A",.,"A",.,"A",.,"A",.,"A",.,"A",260,"D",.,"A",.,"A",.,"A",.,"A",.,"A",.,"A",.,"A",.,"A"
"20104",2202165,58,0,"1",.,"A",.,"A",.,"A",.,"A",.,"A",.,"A",.,"A",.,"A",.,"A",.,"A",.,"A",.,"A",450,"D",.,"A",.,"A"
"20104",2202215,28,0,"1",.,"A",.,"A",.,"A",.,"A",.,"A",.,"A",.,"A",.,"A",.,"A",.,"A",.,"A",.,"A",.,"A",.,"A",.,"A"
"20104",2202225,52,0,"1",.,"A",.,"A",.,"A",.,"A",.,"A",.,"A",260,"D",.,"A",.,"A",.,"A",.,"A",.,"A",215,"D",.,"A",.,"A"
"20104",2202245,31,0,"1",.,"A",.,"A",.,"A",60,"F",.,"A",.,"A",.,"A",.,"A",12,"D",.,"A",.,"A",.,"A",.,"A",.,"A",.,"A"
"20104",2202255,45,0,"1",.,"A",.,"A",.,"A",.,"A",.,"A",.,"A",.,"A",.,"A",.,"A",.,"A",.,"A",.,"A",.,"A",.,"A",.,"A"
"20104",2202265,61,0,"1",.,"A",.,"A",.,"A",.,"A",.,"A",.,"A",.,"A",.,"A",6,"D",.,"A",.,"A",.,"A",60,"D",.,"A",.,"A"
"20104",2202295,35,0,"1",.,"A",.,"A",.,"A",.,"A",.,"A",.,"A",.,"A",.,"A",.,"A",.,"A",.,"A",.,"A",32,"D",.,"A",.,"A"
"20104",2202315,35,0,"1",20,"D",.,"A",.,"A",.,"A",80,"D",20,"D",.,"A",.,"A",.,"A",.,"A",.,"A",.,"A",120,"D",.,"A",.,"A"
"20104",2202325,42,0,"1",.,"A",.,"A",.,"A",.,"A",.,"A",.,"A",.,"A",.,"A",.,"A",.,"A",.,"A",.,"A",.,"A",.,"A",.,"A"
"20104",2202335,73,0,"1",.,"A",.,"A",.,"A",.,"A",.,"A",.,"A",.,"A",.,"A",.,"A",.,"A",.,"A",.,"A",75,"D",.,"A",.,"A"
"20104",2202345,46,0,"1",.,"A",.,"A",.,"A",.,"A",.,"A",.,"A",.,"A",.,"A",.,"A",.,"A",.,"A",.,"A",50,"D",.,"A",.,"A"
"20104",2202355,54,0,"1",.,"A",.,"A",.,"A",.,"A",.,"A",.,"A",.,"A",.,"A",.,"A",.,"A",.,"A",.,"A",.,"A",.,"A",.,"A"
"20104",2202365,59,0,"1",.,"A",.,"A",.,"A",.,"A",.,"A",.,"A",.,"A",.,"A",.,"A",.,"A",.,"A",.,"A",120,"D",.,"A",.,"A"
"20104",2202375,47,0,"1",.,"A",.,"A",.,"A",.,"A",.,"A",.,"A",.,"A",.,"A",.,"A",.,"A",.,"A",.,"A",.,"A",.,"A",.,"A"
"20104",2202385,58,0,"1",.,"A",.,"A",.,"A",.,"A",.,"A",.,"A",.,"A",.,"A",.,"A",.,"A",.,"A",.,"A",.,"A",.,"A",.,"A"
"20104",2202395,66,0,"1",.,"A",.,"A",.,"A",.,"A",.,"A",.,"A",.,"A",.,"A",.,"A",.,"A",.,"A",.,"A",30,"D",.,"A",.,"A"
"20104",2202415,43,0,"1",.,"A",.,"A",.,"A",.,"A",.,"A",.,"A",.,"A",.,"A",.,"A",.,"A",.,"A",.,"A",.,"A",.,"A",.,"A"
"20104",2202445,39,0,"1",.,"A",.,"A",.,"A",.,"A",.,"A",.,"A",.,"A",.,"A",.,"A",.,"A",.,"A",.,"A",50,"D",.,"A",.,"A"
"20104",2202455,57,0,"1",40,"D",.,"A",.,"A",.,"A",200,"D",.,"A",.,"A",.,"A",.,"A",.,"A",.,"A",.,"A",40,"D",.,"A",.,"A"
"20104",2202465,45,0,"1",.,"A",.,"A",.,"A",.,"A",.,"A",.,"A",520,"D",.,"A",.,"A",.,"A",.,"A",.,"A",10,"D",.,"A",.,"A"
"20104",2202475,54,0,"1",.,"A",.,"A",.,"A",.,"A",.,"A",.,"A",.,"A",.,"A",.,"A",.,"A",.,"A",.,"A",150,"D",.,"A",.,"A"
"20104",2202495,46,0,"1",.,"A",.,"A",.,"A",.,"A",.,"A",.,"A",.,"A",.,"A",.,"A",.,"A",.,"A",.,"A",.,"A",.,"A",.,"A"
"20104",2202505,53,0,"1",.,"A",.,"A",.,"A",.,"A",.,"A",.,"A",195,"D",.,"A",.,"A",.,"A",.,"A",.,"A",.,"A",.,"A",.,"A"
"20104",2202515,73,0,"1",.,"A",.,"A",.,"A",.,"A",.,"A",30,"D",.,"A",.,"A",.,"A",.,"A",.,"A",.,"A",150,"D",.,"A",.,"A"
"20104",2202525,29,0,"1",.,"A",.,"A",.,"A",.,"A",.,"A",.,"A",.,"A",.,"A",.,"A",.,"A",.,"A",.,"A",.,"A",.,"A",.,"A"
"20104",2202535,99,0,"1",.,"A",.,"A",.,"A",.,"A",.,"A",.,"A",.,"A",.,"A",.,"A",.,"A",.,"A",.,"A",180,"D",.,"A",.,"A"
"20104",2202585,90,0,"1",.,"A",.,"A",.,"A",.,"A",.,"A",120,"D",130,"D",.,"A",.,"A",.,"A",.,"A",.,"A",150,"D",.,"A",.,"A"
"20104",2202595,65,0,"1",.,"A",.,"A",.,"A",.,"A",.,"A",.,"A",.,"A",.,"A",.,"A",.,"A",.,"A",.,"A",60,"D",.,"A",.,"A"
"20104",2202625,75,0,"1",.,"A",.,"A",.,"A",.,"A",.,"A",.,"A",.,"A",.,"A",.,"A",.,"A",.,"A",.,"A",133,"D",.,"A",.,"A"
"20104",2202635,46,0,"1",.,"A",.,"A",.,"A",.,"A",.,"A",.,"A",.,"A",.,"A",.,"A",.,"A",.,"A",.,"A",80,"D",.,"A",.,"A"
"20104",2202645,43,0,"1",.,"A",.,"A",.,"A",.,"A",.,"A",.,"A",.,"A",.,"A",.,"A",.,"A",.,"A",.,"A",50,"D",.,"A",.,"A"
"20104",2202655,62,0,"1",.,"A",.,"A",.,"A",.,"A",.,"A",.,"A",.,"A",.,"A",.,"A",.,"A",.,"A",.,"A",80,"D",.,"A",.,"A"
"20104",2202705,73,0,"1",.,"A",.,"A",.,"A",.,"A",.,"A",.,"A",312,"D",.,"A",.,"A",.,"A",.,"A",.,"A",.,"A",.,"A",.,"A"
"20104",2202725,41,0,"1",.,"A",.,"A",.,"A",.,"A",.,"A",.,"A",.,"A",.,"A",.,"A",.,"A",.,"A",.,"A",60,"D",.,"A",.,"A"
"20104",2202735,108,0,"1",.,"A",.,"A",.,"A",.,"A",.,"A",60,"D",.,"A",.,"A",6,"D",.,"A",.,"A",.,"A",94,"D",.,"A",.,"A"
"20104",2202745,83,0,"1",.,"A",.,"A",.,"A",.,"A",.,"A",90,"D",.,"A",.,"A",.,"A",.,"A",.,"A",.,"A",900,"D",.,"A",.,"A"
"20104",2202775,63,0,"1",.,"A",.,"A",.,"A",.,"A",.,"A",.,"A",.,"A",.,"A",.,"A",.,"A",.,"A",.,"A",21,"D",.,"A",.,"A"
"20104",2202785,37,0,"1",.,"A",.,"A",.,"A",.,"A",.,"A",.,"A",.,"A",.,"A",.,"A",.,"A",.,"A",.,"A",20,"D",.,"A",.,"A"
"20104",2202795,26,0,"1",.,"A",.,"A",.,"A",.,"A",.,"A",.,"A",.,"A",.,"A",.,"A",.,"A",.,"A",.,"A",100,"D",.,"A",.,"A"
"20104",2202805,55,0,"1",.,"A",.,"A",.,"A",.,"A",.,"A",.,"A",.,"A",.,"A",.,"A",.,"A",.,"A",.,"A",.,"A",.,"A",.,"A"
"20104",2202825,37,0,"1",.,"A",.,"A",.,"A",.,"A",.,"A",.,"A",.,"A",.,"A",.,"A",.,"A",.,"A",.,"A",6,"D",.,"A",.,"A"
"20104",2202845,92,0,"1",.,"A",.,"A",.,"A",.,"A",.,"A",.,"A",260,"D",598,"D",.,"A",.,"A",.,"A",.,"A",.,"A",.,"A",.,"A"
"20104",2202855,57,0,"1",.,"A",.,"A",.,"A",.,"A",.,"A",.,"A",.,"A",.,"A",.,"A",.,"A",.,"A",.,"A",44,"D",.,"A",.,"A"
"20104",2202865,58,0,"1",.,"A",.,"A",.,"A",.,"A",.,"A",30,"D",.,"A",.,"A",.,"A",.,"A",.,"A",.,"A",215,"D",.,"A",.,"A"
"20104",2202875,50,0,"1",.,"A",.,"A",.,"A",.,"A",.,"A",.,"A",.,"A",.,"A",.,"A",.,"A",.,"A",.,"A",.,"A",.,"A",.,"A"
"20104",2202885,34,0,"1",.,"A",.,"A",.,"A",.,"A",.,"A",.,"A",.,"A",.,"A",.,"A",.,"A",.,"A",.,"A",.,"A",.,"A",.,"A"
"20104",2202895,49,0,"1",.,"A",.,"A",.,"A",25,"D",.,"A",180,"D",.,"A",.,"A",.,"A",0,"D",0,"D",30,"D",70,"D",0,"D",.,"A"
"20104",2202915,46,0,"1",.,"A",.,"A",.,"A",.,"A",.,"A",.,"A",.,"A",.,"A",.,"A",.,"A",.,"A",.,"A",.,"A",.,"A",.,"A"
"20104",2202925,42,0,"1",.,"A",.,"A",.,"A",.,"A",.,"A",.,"A",325,"D",.,"A",.,"A",.,"A",.,"A",.,"A",.,"A",.,"A",.,"A"
"20104",2202935,28,0,"1",.,"A",.,"A",.,"A",.,"A",75,"D",186,"D",.,"A",.,"A",.,"A",.,"A",.,"A",.,"A",18,"D",.,"A",.,"A"
"20104",2202975,42,0,"1",.,"A",.,"A",.,"A",.,"A",.,"A",.,"A",.,"A",.,"A",.,"A",.,"A",.,"A",.,"A",.,"A",.,"A",.,"A"
"20104",2202985,58,0,"1",.,"A",.,"A",.,"A",.,"A",.,"A",.,"A",.,"A",.,"A",.,"A",.,"A",.,"A",.,"A",.,"A",.,"A",.,"A"
"20104",2203005,51,0,"1",.,"A",.,"A",.,"A",.,"A",.,"A",.,"A",.,"A",.,"A",.,"A",.,"A",.,"A",.,"A",.,"A",.,"A",.,"A"
"20104",2203025,37,0,"1",26,"D",.,"A",.,"A",.,"A",64,"D",.,"A",130,"D",65,"D",.,"A",0,"D",0,"D",30,"D",.,"A",0,"D",.,"A"
"20104",2203035,51,0,"1",.,"A",.,"A",.,"A",.,"A",.,"A",.,"A",.,"A",.,"A",.,"A",.,"A",.,"A",.,"A",123,"D",.,"A",.,"A"
"20104",2203055,50,0,"1",.,"A",.,"A",.,"A",.,"A",.,"A",.,"A",.,"A",.,"A",.,"A",.,"A",.,"A",.,"A",200,"D",.,"A",.,"A"
"20104",2203065,49,0,"1",.,"A",.,"A",.,"A",.,"A",.,"A",.,"A",.,"A",.,"A",.,"A",.,"A",.,"A",.,"A",32,"D",.,"A",.,"A"
"20104",2203075,23,0,"1",10,"D",.,"A",.,"A",.,"A",20,"D",.,"A",.,"A",.,"A",.,"A",.,"A",.,"A",.,"A",.,"A",.,"A",.,"A"
"20104",2203085,43,0,"1",.,"A",.,"A",.,"A",.,"A",.,"A",20,"D",.,"A",.,"A",.,"A",.,"A",.,"A",.,"A",25,"D",.,"A",.,"A"
"20104",2203115,29,0,"1",.,"A",.,"A",.,"A",.,"A",.,"A",.,"A",.,"A",.,"A",.,"A",.,"A",.,"A",.,"A",.,"A",.,"A",.,"A"
"20104",2203135,53,0,"1",.,"A",.,"A",.,"A",.,"A",.,"A",.,"A",.,"A",.,"A",.,"A",.,"A",.,"A",.,"A",48,"D",.,"A",.,"A"
"20104",2203155,38,0,"1",.,"A",.,"A",.,"A",.,"A",.,"A",.,"A",.,"A",.,"A",.,"A",.,"A",.,"A",.,"A",60,"D",.,"A",.,"A"
"20104",2203165,59,0,"1",.,"A",.,"A",.,"A",.,"A",.,"A",.,"A",.,"A",.,"A",.,"A",.,"A",.,"A",.,"A",120,"D",.,"A",.,"A"
"20104",2203175,97,0,"1",.,"A",.,"A",.,"A",.,"A",.,"A",.,"A",91,"D",.,"A",9,"D",.,"A",.,"A",.,"A",150,"D",.,"A",.,"A"
"20104",2203185,28,0,"1",.,"A",.,"A",.,"A",.,"A",.,"A",.,"A",.,"A",.,"A",.,"A",.,"A",.,"A",.,"A",.,"A",.,"A",.,"A"
"20104",2203195,65,0,"1",.,"A",.,"A",.,"A",.,"A",.,"A",.,"A",.,"A",.,"A",.,"A",.,"A",.,"A",.,"A",80,"D",.,"A",.,"A"
"20104",2203205,27,0,"1",.,"A",.,"A",.,"A",.,"A",.,"A",.,"A",130,"D",.,"A",.,"A",.,"A",.,"A",.,"A",.,"A",.,"A",.,"A"
"20104",2203215,106,0,"1",.,"A",.,"A",.,"A",.,"A",.,"A",.,"A",975,"D",13,"D",.,"A",.,"A",.,"A",.,"A",540,"D",.,"A",.,"A"
"20104",2203225,29,0,"1",.,"A",.,"A",.,"A",.,"A",.,"A",.,"A",182,"F",.,"A",.,"A",.,"A",.,"A",.,"A",.,"A",.,"A",.,"A"
"20104",2203245,48,0,"1",.,"A",.,"A",.,"A",.,"A",.,"A",.,"A",.,"A",.,"A",.,"A",.,"A",.,"A",.,"A",20,"D",.,"A",.,"A"
"20104",2203255,39,0,"1",.,"A",.,"A",.,"A",.,"A",.,"A",.,"A",325,"D",.,"A",.,"A",.,"A",.,"A",.,"A",.,"A",.,"A",.,"A"
"20104",2203275,36,0,"1",60,"D",.,"A",.,"A",.,"A",60,"D",.,"A",.,"A",.,"A",.,"A",150,"D",0,"D",0,"D",.,"A",50,"D",.,"A"
"20104",2203305,31,0,"1",.,"A",.,"A",.,"A",.,"A",.,"A",.,"A",.,"A",.,"A",.,"A",.,"A",.,"A",.,"A",.,"A",.,"A",.,"A"
"20104",2203315,39,0,"1",.,"A",.,"A",.,"A",.,"A",.,"A",.,"A",.,"A",.,"A",.,"A",.,"A",.,"A",.,"A",50,"D",.,"A",.,"A"
"20104",2203325,40,0,"1",.,"A",.,"A",.,"A",.,"A",.,"A",120,"D",.,"A",.,"A",.,"A",.,"A",.,"A",.,"A",100,"D",.,"A",.,"A"
"20104",2203345,71,0,"1",.,"A",.,"A",.,"A",.,"A",.,"A",.,"A",.,"A",.,"A",.,"A",.,"A",.,"A",.,"A",116,"D",.,"A",.,"A"
"20104",2203355,62,0,"1",.,"A",.,"A",.,"A",.,"A",.,"A",.,"A",.,"A",.,"A",9,"D",.,"A",.,"A",.,"A",20,"D",.,"A",.,"A"
"20104",2203375,63,0,"1",.,"A",.,"A",.,"A",.,"A",.,"A",.,"A",.,"A",.,"A",.,"A",.,"A",.,"A",.,"A",300,"D",.,"A",.,"A"
"20104",2203395,55,0,"1",.,"A",.,"A",.,"A",.,"A",.,"A",.,"A",.,"A",.,"A",.,"A",.,"A",.,"A",.,"A",10,"D",.,"A",.,"A"
"20104",2203405,21,0,"1",50,"D",.,"A",.,"A",.,"A",50,"D",.,"A",.,"A",.,"A",.,"A",540,"D",0,"D",0,"D",30,"D",180,"D",.,"A"
"20104",2203415,49,0,"1",.,"A",.,"A",.,"A",.,"A",.,"A",.,"A",312,"D",.,"A",.,"A",.,"A",.,"A",.,"A",30,"D",.,"A",.,"A"
"20104",2203425,59,0,"1",.,"A",.,"A",.,"A",.,"A",.,"A",70,"D",.,"A",.,"A",.,"A",.,"A",.,"A",.,"A",150,"D",.,"A",.,"A"
"20104",2203435,45,0,"1",.,"A",.,"A",.,"A",.,"A",.,"A",.,"A",.,"A",.,"A",.,"A",.,"A",.,"A",.,"A",.,"A",.,"A",.,"A"
"20104",2203445,52,0,"1",25,"D",.,"A",.,"A",.,"A",105,"D",80,"D",.,"A",.,"A",.,"A",540,"D",0,"D",0,"D",300,"D",180,"D",.,"A"
"20104",2203475,38,0,"1",.,"A",.,"A",.,"A",.,"A",.,"A",.,"A",.,"A",.,"A",.,"A",.,"A",.,"A",.,"A",.,"A",.,"A",.,"A"
"20104",2203495,56,0,"1",.,"A",.,"A",.,"A",.,"A",.,"A",.,"A",.,"A",.,"A",.,"A",.,"A",.,"A",.,"A",.,"A",.,"A",.,"A"
"20104",2203505,36,0,"1",.,"A",.,"A",.,"A",21,"D",.,"A",.,"A",.,"A",.,"A",.,"A",0,"D",0,"D",30,"D",50,"D",0,"D",.,"A"
"20104",2203515,44,0,"1",16,"D",.,"A",.,"A",20,"D",32,"D",60,"D",.,"A",.,"A",.,"A",0,"D",0,"D",60,"D",125,"D",0,"D",.,"A"
"20104",2203525,68,0,"1",.,"A",.,"A",.,"A",.,"A",.,"A",.,"A",390,"D",.,"A",84,"D",.,"A",.,"A",.,"A",120,"D",.,"A",.,"A"
"20104",2203545,42,0,"1",.,"A",.,"A",.,"A",.,"A",.,"A",.,"A",.,"A",.,"A",.,"A",.,"A",.,"A",.,"A",90,"F",.,"A",.,"A"
"20104",2203555,70,0,"1",.,"A",.,"A",.,"A",.,"A",.,"A",.,"A",.,"A",.,"A",.,"A",.,"A",.,"A",.,"A",48,"D",.,"A",.,"A"
"20104",2203575,53,0,"1",.,"A",.,"A",.,"A",.,"A",.,"A",.,"A",.,"A",.,"A",.,"A",.,"A",.,"A",.,"A",.,"A",.,"A",.,"A"
"20104",2203585,56,0,"1",.,"A",.,"A",.,"A",.,"A",.,"A",.,"A",.,"A",260,"D",.,"A",.,"A",.,"A",.,"A",.,"A",.,"A",.,"A"
"20104",2203615,34,0,"1",.,"A",.,"A",.,"A",.,"A",.,"A",.,"A",260,"D",.,"A",.,"A",.,"A",.,"A",.,"A",20,"D",.,"A",.,"A"
"20104",2203625,46,0,"1",.,"A",.,"A",.,"A",.,"A",.,"A",.,"A",.,"A",.,"A",240,"F",.,"A",.,"A",.,"A",.,"A",.,"A",.,"A"
"20104",2203645,64,0,"1",.,"A",.,"A",.,"A",.,"A",.,"A",.,"A",.,"A",325,"D",.,"A",.,"A",.,"A",.,"A",150,"D",.,"A",.,"A"
"20104",2203685,57,0,"1",.,"A",.,"A",.,"A",.,"A",.,"A",50,"D",.,"A",.,"A",18,"D",.,"A",.,"A",.,"A",.,"A",.,"A",.,"A"
"20104",2203705,76,0,"1",.,"A",.,"A",.,"A",.,"A",.,"A",.,"A",.,"A",.,"A",.,"A",.,"A",.,"A",.,"A",90,"D",.,"A",.,"A"
"20104",2203715,38,0,"1",.,"A",.,"A",.,"A",.,"A",.,"A",.,"A",1040,"F",.,"A",.,"A",.,"A",.,"A",.,"A",.,"A",.,"A",.,"A"
"20104",2203735,92,0,"1",.,"A",.,"A",.,"A",.,"A",.,"A",150,"D",.,"A",.,"A",.,"A",270,"D",0,"D",0,"D",120,"D",90,"D",.,"A"
"20104",2203755,65,0,"1",.,"A",.,"A",.,"A",.,"A",.,"A",.,"A",.,"A",.,"A",.,"A",.,"A",.,"A",.,"A",110,"D",.,"A",.,"A"
"20104",2203765,106,0,"1",.,"A",.,"A",.,"A",.,"A",.,"A",39,"D",.,"A",.,"A",.,"A",.,"A",.,"A",.,"A",90,"D",.,"A",.,"A"
"20104",2203775,54,0,"1",.,"A",.,"A",.,"A",.,"A",.,"A",25,"D",.,"A",.,"A",.,"A",.,"A",.,"A",.,"A",25,"D",.,"A",.,"A"
"20104",2203805,90,0,"1",.,"A",.,"A",.,"A",.,"A",.,"A",.,"A",.,"A",.,"A",.,"A",.,"A",.,"A",.,"A",250,"D",.,"A",.,"A"
"20104",2203815,35,0,"1",.,"A",.,"A",.,"A",.,"A",.,"A",.,"A",.,"A",.,"A",.,"A",.,"A",.,"A",.,"A",30,"D",.,"A",.,"A"
"20104",2203835,85,0,"1",.,"A",.,"A",.,"A",.,"A",.,"A",.,"A",.,"A",.,"A",.,"A",0,"D",0,"D",300,"D",600,"D",0,"D",.,"A"
"20104",2203845,31,0,"1",.,"A",.,"A",.,"A",.,"A",18,"D",.,"A",.,"A",.,"A",.,"A",.,"A",.,"A",.,"A",.,"A",.,"A",.,"A"
"20104",2203885,51,0,"1",.,"A",.,"A",.,"A",.,"A",.,"A",.,"A",273,"D",.,"A",.,"A",.,"A",.,"A",.,"A",.,"A",.,"A",.,"A"
"20104",2203895,68,0,"1",.,"A",.,"A",.,"A",.,"A",.,"A",.,"A",.,"A",.,"A",30,"D",.,"A",.,"A",.,"A",150,"D",.,"A",.,"A"
"20104",2203915,68,0,"1",30,"D",.,"A",.,"A",.,"A",0,"D",20,"D",.,"A",.,"A",.,"A",.,"A",.,"A",.,"A",500,"D",.,"A",.,"A"
"20104",2203925,71,0,"1",.,"A",.,"A",.,"A",.,"A",.,"A",30,"D",.,"A",.,"A",24,"D",.,"A",.,"A",.,"A",40,"D",.,"A",.,"A"
"20104",2203945,37,0,"1",.,"A",.,"A",.,"A",.,"A",.,"A",.,"A",.,"A",.,"A",.,"A",.,"A",.,"A",.,"A",.,"A",.,"A",.,"A"
"20104",2203955,73,0,"1",.,"A",.,"A",.,"A",.,"A",.,"A",.,"A",.,"A",65,"D",.,"A",.,"A",.,"A",.,"A",240,"D",.,"A",.,"A"
"20104",2203975,31,0,"1",.,"A",.,"A",.,"A",.,"A",.,"A",.,"A",.,"A",.,"A",.,"A",.,"A",.,"A",.,"A",.,"A",.,"A",.,"A"
"20104",2203995,43,0,"1",.,"A",.,"A",.,"A",.,"A",.,"A",.,"A",.,"A",.,"A",.,"A",.,"A",.,"A",.,"A",.,"A",.,"A",.,"A"
"20104",2204005,34,0,"1",.,"A",.,"A",.,"A",.,"A",60,"D",180,"D",780,"D",.,"A",.,"A",.,"A",.,"A",.,"A",450,"D",.,"A",.,"A"
"20104",2204015,42,0,"1",.,"A",.,"A",.,"A",.,"A",.,"A",.,"A",325,"D",.,"A",.,"A",.,"A",.,"A",.,"A",.,"A",.,"A",.,"A"
"20104",2204025,61,0,"1",.,"A",.,"A",.,"A",.,"A",.,"A",.,"A",.,"A",.,"A",30,"D",.,"A",.,"A",.,"A",.,"A",.,"A",.,"A"
"20104",2204055,48,0,"1",.,"A",.,"A",.,"A",.,"A",.,"A",.,"A",.,"A",.,"A",.,"A",.,"A",.,"A",.,"A",.,"A",.,"A",.,"A"
"20104",2204095,71,0,"1",.,"A",.,"A",.,"A",.,"A",.,"A",.,"A",.,"A",.,"A",.,"A",.,"A",.,"A",.,"A",30,"D",.,"A",.,"A"
"20104",2204125,104,0,"1",.,"A",.,"A",.,"A",.,"A",.,"A",.,"A",.,"A",.,"A",42,"D",.,"A",.,"A",.,"A",60,"D",.,"A",.,"A"
"20104",2204135,27,0,"1",.,"A",.,"A",.,"A",.,"A",.,"A",.,"A",.,"A",.,"A",.,"A",.,"A",.,"A",.,"A",.,"A",.,"A",.,"A"
"20104",2204145,50,0,"1",.,"A",.,"A",.,"A",.,"A",.,"A",.,"A",.,"A",.,"A",.,"A",.,"A",.,"A",.,"A",100,"D",.,"A",.,"A"
"20104",2204155,32,0,"1",.,"A",.,"A",.,"A",.,"A",.,"A",.,"A",.,"A",.,"A",.,"A",.,"A",.,"A",.,"A",.,"A",.,"A",.,"A"
"20104",2204175,42,0,"1",.,"A",.,"A",.,"A",.,"A",.,"A",.,"A",.,"A",.,"A",.,"A",.,"A",.,"A",.,"A",.,"A",.,"A",.,"A"
"20104",2204185,41,0,"1",.,"A",.,"A",.,"A",.,"A",.,"A",.,"A",.,"A",.,"A",.,"A",.,"A",.,"A",.,"A",.,"A",.,"A",.,"A"
"20104",2204195,50,0,"1",.,"A",.,"A",.,"A",.,"A",.,"A",.,"A",260,"D",.,"A",.,"A",.,"A",.,"A",.,"A",.,"A",.,"A",.,"A"
"20104",2204205,30,0,"1",.,"A",.,"A",.,"A",.,"A",.,"A",.,"A",.,"A",.,"A",.,"A",.,"A",.,"A",.,"A",.,"A",.,"A",.,"A"
"20104",2204225,75,0,"1",.,"A",.,"A",.,"A",.,"A",.,"A",.,"A",.,"A",.,"A",.,"A",.,"A",.,"A",.,"A",.,"A",.,"A",.,"A"
"20104",2204255,34,0,"1",.,"A",.,"A",.,"A",.,"A",.,"A",.,"A",.,"A",.,"A",.,"A",63,"D",36,"D",63,"D",15,"D",21,"D",.,"A"
"20104",2204265,33,0,"1",.,"A",.,"A",.,"A",.,"A",.,"A",.,"A",195,"D",65,"D",30,"F",.,"A",.,"A",.,"A",45,"D",.,"A",.,"A"
"20104",2204275,51,0,"1",.,"A",.,"A",.,"A",.,"A",.,"A",5,"D",.,"A",.,"A",.,"A",.,"A",.,"A",.,"A",25,"D",.,"A",.,"A"
"20104",2204305,39,0,"1",.,"A",.,"A",.,"A",.,"A",.,"A",.,"A",.,"A",.,"A",.,"A",.,"A",.,"A",.,"A",20,"D",.,"A",.,"A"
"20104",2204325,68,0,"1",.,"A",.,"A",.,"A",.,"A",.,"A",.,"A",1274,"D",.,"A",.,"A",.,"A",.,"A",.,"A",12,"D",.,"A",.,"A"
"20104",2204335,44,0,"1",.,"A",.,"A",.,"A",.,"A",.,"A",.,"A",.,"A",.,"A",.,"A",.,"A",.,"A",.,"A",.,"A",.,"A",.,"A"
"20104",2204365,60,0,"1",.,"A",.,"A",.,"A",.,"A",.,"A",.,"A",247,"D",.,"A",.,"A",.,"A",.,"A",.,"A",.,"A",.,"A",.,"A"
"20104",2204375,49,0,"1",.,"A",.,"A",.,"A",100,"D",.,"A",.,"A",.,"A",.,"A",.,"A",.,"A",.,"A",.,"A",150,"D",.,"A",.,"A"
"20104",2204385,91,0,"1",.,"A",.,"A",.,"A",25,"D",.,"A",.,"A",130,"D",.,"A",60,"D",.,"A",.,"A",.,"A",250,"D",.,"A",.,"A"
"20104",2204395,55,0,"1",.,"A",.,"A",.,"A",.,"A",.,"A",.,"A",.,"A",.,"A",.,"A",.,"A",.,"A",.,"A",200,"D",.,"A",.,"A"
"20104",2204405,71,0,"1",.,"A",.,"A",.,"A",.,"A",.,"A",.,"A",.,"A",.,"A",.,"A",.,"A",.,"A",.,"A",40,"D",.,"A",.,"A"
"20104",2204415,50,0,"1",.,"A",.,"A",.,"A",.,"A",.,"A",45,"D",.,"A",.,"A",.,"A",.,"A",.,"A",.,"A",200,"D",.,"A",.,"A"
"20104",2204425,27,0,"1",.,"A",.,"A",.,"A",.,"A",.,"A",.,"A",.,"A",.,"A",.,"A",.,"A",.,"A",.,"A",.,"A",.,"A",.,"A"
"20104",2204455,64,0,"1",.,"A",.,"A",.,"A",.,"A",.,"A",.,"A",.,"A",.,"A",.,"A",.,"A",.,"A",.,"A",60,"D",.,"A",.,"A"
"20104",2204465,113,0,"1",.,"A",.,"A",.,"A",.,"A",.,"A",100,"D",.,"A",.,"A",.,"A",15,"D",0,"D",0,"D",160,"D",5,"D",.,"A"
"20104",2204475,49,0,"1",.,"A",.,"A",.,"A",.,"A",.,"A",.,"A",.,"A",.,"A",.,"A",.,"A",.,"A",.,"A",.,"A",.,"A",.,"A"
"20104",2204485,40,0,"1",.,"A",.,"A",.,"A",.,"A",.,"A",.,"A",.,"A",.,"A",.,"A",.,"A",.,"A",.,"A",260,"D",.,"A",.,"A"
"20104",2204505,86,0,"1",.,"A",.,"A",.,"A",.,"A",.,"A",.,"A",.,"A",.,"A",.,"A",.,"A",.,"A",.,"A",80,"D",.,"A",.,"A"
"20104",2204525,40,0,"1",.,"A",.,"A",.,"A",.,"A",.,"A",.,"A",.,"A",.,"A",.,"A",.,"A",.,"A",.,"A",95,"D",.,"A",.,"A"
"20104",2204545,41,0,"1",.,"A",.,"A",.,"A",.,"A",.,"A",.,"A",.,"A",.,"A",.,"A",.,"A",.,"A",.,"A",.,"A",.,"A",.,"A"
"20104",2204555,24,0,"1",.,"A",.,"A",.,"A",.,"A",.,"A",.,"A",.,"A",.,"A",.,"A",.,"A",.,"A",.,"A",.,"A",.,"A",.,"A"
"20104",2204565,66,0,"1",.,"A",.,"A",.,"A",.,"A",.,"A",.,"A",.,"A",.,"A",.,"A",.,"A",.,"A",.,"A",220,"D",.,"A",.,"A"
"20104",2204575,32,0,"1",.,"A",.,"A",.,"A",.,"A",.,"A",.,"A",494,"D",.,"A",.,"A",.,"A",.,"A",.,"A",.,"A",.,"A",.,"A"
"20104",2204605,37,0,"1",.,"A",.,"A",.,"A",.,"A",.,"A",.,"A",.,"A",.,"A",.,"A",.,"A",.,"A",.,"A",.,"A",.,"A",.,"A"
"20104",2204615,62,0,"1",.,"A",.,"A",.,"A",.,"A",.,"A",.,"A",.,"A",.,"A",.,"A",.,"A",.,"A",.,"A",11,"D",.,"A",.,"A"
"20104",2204625,33,0,"1",.,"A",.,"A",.,"A",.,"A",.,"A",.,"A",.,"A",.,"A",.,"A",.,"A",.,"A",.,"A",.,"A",.,"A",.,"A"
"20104",2204645,34,0,"1",.,"A",.,"A",.,"A",.,"A",.,"A",.,"A",.,"A",.,"A",.,"A",30,"D",0,"D",0,"D",.,"A",10,"D",.,"A"
"20104",2204655,39,0,"1",.,"A",.,"A",.,"A",.,"A",90,"D",.,"A",195,"D",.,"A",.,"A",.,"A",.,"A",.,"A",180,"D",.,"A",.,"A"
"20104",2204665,35,0,"1",.,"A",.,"A",.,"A",.,"A",30,"D",.,"A",.,"A",.,"A",.,"A",.,"A",.,"A",.,"A",.,"A",.,"A",.,"A"
"20104",2204695,64,0,"1",.,"A",.,"A",.,"A",.,"A",.,"A",.,"A",.,"A",.,"A",.,"A",.,"A",.,"A",.,"A",40,"D",.,"A",.,"A"
"20104",2204715,61,0,"1",.,"A",.,"A",.,"A",140,"D",.,"A",.,"A",.,"A",.,"A",.,"A",.,"A",.,"A",.,"A",.,"A",.,"A",.,"A"
"20104",2204725,60,0,"1",.,"A",.,"A",.,"A",.,"A",.,"A",.,"A",.,"A",.,"A",30,"D",.,"A",.,"A",.,"A",.,"A",.,"A",.,"A"
"20104",2204735,45,0,"1",.,"A",.,"A",.,"A",.,"A",.,"A",.,"A",546,"D",.,"A",.,"A",.,"A",.,"A",.,"A",75,"D",.,"A",.,"A"
"20104",2204745,69,0,"1",.,"A",.,"A",.,"A",.,"A",.,"A",.,"A",.,"A",.,"A",.,"A",.,"A",.,"A",.,"A",120,"D",.,"A",.,"A"
"20104",2204775,32,0,"1",.,"A",.,"A",.,"A",.,"A",.,"A",.,"A",.,"A",.,"A",.,"A",.,"A",.,"A",.,"A",.,"A",.,"A",.,"A"
"20104",2204795,85,0,"1",.,"A",.,"A",.,"A",.,"A",.,"A",150,"D",520,"D",.,"A",3,"D",0,"D",0,"D",42,"D",186,"D",0,"D",.,"A"
"20104",2204805,41,0,"1",.,"A",.,"A",.,"A",.,"A",.,"A",.,"A",.,"A",.,"A",.,"A",.,"A",.,"A",.,"A",.,"A",.,"A",.,"A"
"20104",2204815,73,0,"1",.,"A",.,"A",.,"A",.,"A",.,"A",.,"A",.,"A",.,"A",0,"D",.,"A",.,"A",.,"A",95,"D",.,"A",.,"A"
"20104",2204835,39,0,"1",.,"A",.,"A",.,"A",.,"A",.,"A",.,"A",533,"D",.,"A",.,"A",.,"A",.,"A",.,"A",225,"D",.,"A",.,"A"
"20104",2204845,71,0,"1",.,"A",.,"A",.,"A",.,"A",.,"A",.,"A",.,"A",.,"A",.,"A",.,"A",.,"A",.,"A",15,"D",.,"A",.,"A"
"20104",2204855,47,0,"1",.,"A",.,"A",.,"A",.,"A",.,"A",.,"A",.,"A",.,"A",.,"A",.,"A",.,"A",.,"A",.,"A",.,"A",.,"A"
"20104",2204865,54,0,"1",.,"A",.,"A",.,"A",.,"A",.,"A",.,"A",.,"A",.,"A",.,"A",.,"A",.,"A",.,"A",.,"A",.,"A",.,"A"
"20104",2204885,70,0,"1",.,"A",.,"A",.,"A",.,"A",.,"A",.,"A",325,"D",.,"A",.,"A",.,"A",.,"A",.,"A",.,"A",.,"A",.,"A"
"20104",2204915,40,0,"1",.,"A",.,"A",.,"A",.,"A",.,"A",.,"A",.,"A",.,"A",.,"A",.,"A",.,"A",.,"A",80,"D",.,"A",.,"A"
"20104",2204945,64,0,"1",.,"A",.,"A",.,"A",.,"A",.,"A",.,"A",.,"A",.,"A",.,"A",.,"A",.,"A",.,"A",12,"D",.,"A",.,"A"
"20104",2204985,47,0,"1",.,"A",.,"A",.,"A",.,"A",.,"A",.,"A",.,"A",.,"A",.,"A",.,"A",.,"A",.,"A",.,"A",.,"A",.,"A"
"20104",2204995,82,0,"1",.,"A",.,"A",.,"A",.,"A",.,"A",.,"A",780,"D",.,"A",.,"A",.,"A",.,"A",.,"A",.,"A",.,"A",.,"A"
"20104",2205005,48,0,"1",.,"A",.,"A",.,"A",.,"A",.,"A",35,"D",.,"A",.,"A",.,"A",.,"A",.,"A",.,"A",90,"D",.,"A",.,"A"
"20104",2205015,87,0,"1",.,"A",.,"A",.,"A",.,"A",.,"A",.,"A",.,"A",.,"A",.,"A",.,"A",.,"A",.,"A",.,"A",.,"A",.,"A"
"20104",2205035,43,0,"1",.,"A",.,"A",.,"A",.,"A",.,"A",.,"A",.,"A",.,"A",.,"A",.,"A",.,"A",.,"A",60,"D",.,"A",.,"A"
"20104",2205055,40,0,"1",.,"A",.,"A",.,"A",.,"A",.,"A",80,"D",.,"A",.,"A",36,"D",.,"A",.,"A",.,"A",50,"D",.,"A",.,"A"
"20104",2205065,27,0,"1",.,"A",.,"A",.,"A",.,"A",.,"A",.,"A",.,"A",.,"A",.,"A",.,"A",.,"A",.,"A",.,"A",.,"A",.,"A"
"20104",2205075,35,0,"1",.,"A",.,"A",.,"A",.,"A",.,"A",.,"A",.,"A",.,"A",.,"A",.,"A",.,"A",.,"A",195,"D",.,"A",.,"A"
"20104",2205115,50,0,"1",.,"A",.,"A",.,"A",.,"A",.,"A",.,"A",.,"A",.,"A",.,"A",.,"A",.,"A",.,"A",.,"A",.,"A",.,"A"
"20104",2205145,67,0,"1",.,"A",.,"A",.,"A",.,"A",.,"A",.,"A",.,"A",.,"A",.,"A",.,"A",.,"A",.,"A",66,"D",.,"A",.,"A"
"20104",2205205,102,0,"1",.,"A",.,"A",.,"A",40,"D",.,"A",60,"D",.,"A",520,"D",15,"D",45,"D",0,"D",0,"D",400,"D",15,"D",.,"A"
"20104",2205215,47,0,"1",.,"A",.,"A",.,"A",.,"A",.,"A",.,"A",520,"D",.,"A",.,"A",.,"A",.,"A",.,"A",.,"A",.,"A",.,"A"
"20104",2205265,73,0,"1",.,"A",.,"A",.,"A",.,"A",.,"A",.,"A",.,"A",.,"A",.,"A",.,"A",.,"A",.,"A",210,"D",.,"A",.,"A"
"20104",2205295,40,0,"1",.,"A",.,"A",.,"A",.,"A",.,"A",.,"A",.,"A",.,"A",.,"A",.,"A",.,"A",.,"A",.,"A",.,"A",.,"A"
"20104",2205305,40,0,"1",.,"A",.,"A",.,"A",.,"A",95,"D",.,"A",455,"F",.,"A",.,"A",.,"A",.,"A",.,"A",.,"A",.,"A",.,"A"
"20104",2205315,75,0,"1",.,"A",.,"A",.,"A",.,"A",.,"A",.,"A",.,"A",.,"A",.,"A",.,"A",.,"A",.,"A",288,"D",.,"A",.,"A"
"20104",2205325,40,0,"1",.,"A",.,"A",.,"A",.,"A",.,"A",.,"A",.,"A",.,"A",.,"A",.,"A",.,"A",.,"A",.,"A",.,"A",.,"A"
"20104",2205335,57,0,"1",.,"A",.,"A",.,"A",35,"D",.,"A",.,"A",.,"A",.,"A",.,"A",0,"D",0,"D",33,"D",.,"A",0,"D",.,"A"
"20104",2205345,50,0,"1",.,"A",.,"A",.,"A",.,"A",.,"A",.,"A",.,"A",.,"A",.,"A",.,"A",.,"A",.,"A",.,"A",.,"A",.,"A"
"20104",2205355,65,0,"1",.,"A",.,"A",.,"A",.,"A",.,"A",.,"A",.,"A",.,"A",.,"A",.,"A",.,"A",.,"A",100,"D",.,"A",.,"A"
"20104",2205365,45,0,"1",.,"A",.,"A",.,"A",.,"A",.,"A",.,"A",130,"D",.,"A",.,"A",.,"A",.,"A",.,"A",.,"A",.,"A",.,"A"
"20104",2205375,45,0,"1",.,"A",.,"A",.,"A",.,"A",.,"A",.,"A",.,"A",.,"A",.,"A",.,"A",.,"A",.,"A",.,"A",.,"A",.,"A"
"20104",2205395,39,0,"1",.,"A",.,"A",.,"A",.,"A",.,"A",.,"A",.,"A",.,"A",.,"A",.,"A",.,"A",.,"A",25,"D",.,"A",.,"A"
"20104",2205415,24,0,"1",.,"A",.,"A",.,"A",.,"A",.,"A",.,"A",.,"A",.,"A",.,"A",.,"A",.,"A",.,"A",.,"A",.,"A",.,"A"
"20104",2205425,112,0,"1",.,"A",.,"A",.,"A",.,"A",.,"A",15,"D",.,"A",.,"A",15,"D",0,"D",0,"D",144,"D",400,"D",0,"D",.,"A"
"20104",2205435,44,0,"1",.,"A",.,"A",.,"A",.,"A",.,"A",.,"A",.,"A",.,"A",.,"A",0,"D",0,"D",15,"D",120,"D",0,"D",.,"A"
"20104",2205485,45,0,"1",.,"A",.,"A",.,"A",.,"A",.,"A",.,"A",.,"A",.,"A",.,"A",.,"A",.,"A",.,"A",250,"D",.,"A",.,"A"
"20104",2205495,58,0,"1",.,"A",.,"A",.,"A",.,"A",.,"A",90,"D",.,"A",.,"A",.,"A",.,"A",.,"A",.,"A",120,"D",.,"A",.,"A"
"20104",2205505,66,0,"1",.,"A",.,"A",.,"A",.,"A",.,"A",.,"A",.,"A",.,"A",.,"A",.,"A",.,"A",.,"A",100,"D",.,"A",.,"A"
"20104",2205525,49,0,"1",.,"A",.,"A",.,"A",.,"A",75,"D",.,"A",780,"D",.,"A",.,"A",.,"A",.,"A",.,"A",60,"D",.,"A",.,"A"
"20104",2205535,76,0,"1",.,"A",.,"A",.,"A",.,"A",.,"A",100,"D",.,"A",.,"A",.,"A",.,"A",.,"A",.,"A",240,"D",.,"A",.,"A"
"20104",2205545,40,0,"1",.,"A",.,"A",.,"A",.,"A",.,"A",.,"A",.,"A",.,"A",.,"A",.,"A",.,"A",.,"A",25,"D",.,"A",.,"A"
"20104",2205555,36,0,"1",.,"A",.,"A",.,"A",.,"A",.,"A",.,"A",325,"D",.,"A",.,"A",.,"A",.,"A",.,"A",.,"A",.,"A",.,"A"
"20104",2205575,61,0,"1",.,"A",.,"A",.,"A",.,"A",.,"A",.,"A",.,"A",.,"A",.,"A",.,"A",.,"A",.,"A",280,"D",.,"A",.,"A"
"20104",2205585,33,0,"1",.,"A",.,"A",.,"A",.,"A",.,"A",24,"D",.,"A",.,"A",.,"A",.,"A",.,"A",.,"A",.,"A",.,"A",.,"A"
"20104",2205595,71,0,"1",.,"A",.,"A",.,"A",.,"A",.,"A",50,"D",.,"A",.,"A",.,"A",.,"A",.,"A",.,"A",140,"D",.,"A",.,"A"
"20104",2205615,59,0,"1",.,"A",.,"A",.,"A",.,"A",.,"A",.,"A",390,"D",.,"A",.,"A",.,"A",.,"A",.,"A",100,"D",.,"A",.,"A"
"20104",2205625,54,0,"1",.,"A",.,"A",.,"A",.,"A",.,"A",40,"D",.,"A",.,"A",.,"A",.,"A",.,"A",.,"A",220,"D",.,"A",.,"A"
"20104",2205635,28,0,"1",5,"D",.,"A",.,"A",.,"A",10,"D",.,"A",.,"A",.,"A",.,"A",.,"A",.,"A",.,"A",24,"D",.,"A",.,"A"
"20104",2205645,49,0,"1",.,"A",.,"A",.,"A",.,"A",.,"A",.,"A",.,"A",.,"A",.,"A",.,"A",.,"A",.,"A",55,"D",.,"A",.,"A"
"20104",2205675,47,0,"1",.,"A",.,"A",.,"A",.,"A",.,"A",.,"A",.,"A",.,"A",.,"A",.,"A",.,"A",.,"A",.,"A",.,"A",.,"A"
"20104",2205685,39,0,"1",.,"A",.,"A",.,"A",50,"D",.,"A",60,"D",.,"A",.,"A",.,"A",300,"D",0,"D",0,"D",.,"A",100,"D",.,"A"
"20104",2205705,46,0,"1",.,"A",.,"A",22,"D",.,"A",.,"A",.,"A",.,"A",.,"A",.,"A",.,"A",.,"A",.,"A",70,"D",.,"A",.,"A"
"20104",2205725,40,0,"1",.,"A",.,"A",.,"A",.,"A",.,"A",15,"D",.,"A",.,"A",.,"A",.,"A",.,"A",.,"A",45,"D",.,"A",.,"A"
"20104",2205735,80,0,"1",.,"A",.,"A",.,"A",.,"A",.,"A",.,"A",585,"D",.,"A",15,"D",.,"A",.,"A",.,"A",250,"D",.,"A",.,"A"
"20104",2205745,38,0,"1",.,"A",.,"A",.,"A",.,"A",.,"A",.,"A",.,"A",.,"A",.,"A",.,"A",.,"A",.,"A",.,"A",.,"A",.,"A"
"20104",2205755,65,0,"1",.,"A",.,"A",.,"A",.,"A",.,"A",.,"A",.,"A",.,"A",.,"A",.,"A",.,"A",.,"A",30,"D",.,"A",.,"A"
"20104",2205765,47,0,"1",.,"A",.,"A",.,"A",.,"A",.,"A",.,"A",195,"F",.,"A",.,"A",.,"A",.,"A",.,"A",50,"D",.,"A",.,"A"
"20104",2205775,70,0,"1",.,"A",.,"A",.,"A",.,"A",.,"A",18,"D",260,"D",.,"A",.,"A",.,"A",.,"A",.,"A",55,"D",.,"A",.,"A"
"20104",2205805,38,0,"1",20,"D",.,"A",.,"A",.,"A",40,"D",.,"A",.,"A",.,"A",.,"A",.,"A",.,"A",.,"A",100,"D",.,"A",.,"A"
"20104",2205875,40,0,"1",.,"A",.,"A",.,"A",.,"A",.,"A",.,"A",1014,"D",234,"D",.,"A",.,"A",.,"A",.,"A",.,"A",.,"A",.,"A"
"20104",2205885,82,0,"1",.,"A",.,"A",.,"A",.,"A",.,"A",.,"A",.,"A",.,"A",.,"A",.,"A",.,"A",.,"A",120,"D",.,"A",.,"A"
"20104",2205915,49,0,"1",.,"A",.,"A",.,"A",.,"A",.,"A",.,"A",.,"A",.,"A",.,"A",72,"D",0,"D",0,"D",.,"A",24,"D",.,"A"
"20104",2205925,59,0,"1",.,"A",.,"A",.,"A",.,"A",.,"A",60,"D",.,"A",.,"A",.,"A",.,"A",.,"A",.,"A",150,"D",.,"A",.,"A"
"20104",2205945,28,0,"1",.,"A",.,"A",.,"A",.,"A",.,"A",.,"A",195,"D",.,"A",.,"A",.,"A",.,"A",.,"A",.,"A",.,"A",.,"A"
"20104",2205955,46,0,"1",.,"A",.,"A",.,"A",.,"A",.,"A",.,"A",.,"A",.,"A",75,"D",.,"A",.,"A",.,"A",.,"A",.,"A",.,"A"
"20104",2205995,48,0,"1",.,"A",.,"A",.,"A",.,"A",.,"A",.,"A",.,"A",.,"A",.,"A",.,"A",.,"A",.,"A",4,"D",.,"A",.,"A"
"20104",2206025,25,0,"1",.,"A",.,"A",.,"A",.,"A",80,"D",.,"A",.,"A",.,"A",.,"A",300,"D",6,"F",3,"F",45,"D",100,"D",.,"A"
"20104",2206065,42,0,"1",.,"A",.,"A",.,"A",300,"D",.,"A",.,"A",.,"A",.,"A",.,"A",.,"A",.,"A",.,"A",.,"A",.,"A",.,"A"
"20104",2206075,31,0,"1",.,"A",.,"A",.,"A",.,"A",.,"A",.,"A",.,"A",.,"A",.,"A",.,"A",.,"A",.,"A",.,"A",.,"A",.,"A"
"20104",2206085,26,0,"1",10,"D",.,"A",.,"A",.,"A",10,"D",.,"A",.,"A",.,"A",.,"A",.,"A",.,"A",.,"A",.,"A",.,"A",.,"A"
"20104",2206095,39,0,"1",.,"A",.,"A",.,"A",.,"A",.,"A",.,"A",.,"A",.,"A",.,"A",.,"A",.,"A",.,"A",70,"D",.,"A",.,"A"
"20104",2206105,45,0,"1",.,"A",.,"A",.,"A",.,"A",.,"A",.,"A",.,"A",.,"A",.,"A",.,"A",.,"A",.,"A",120,"D",.,"A",.,"A"
"20104",2206125,51,0,"1",.,"A",.,"A",.,"A",.,"A",.,"A",.,"A",.,"A",.,"A",.,"A",.,"A",.,"A",.,"A",260,"D",.,"A",.,"A"
"20104",2206145,50,0,"1",.,"A",.,"A",.,"A",.,"A",.,"A",.,"A",.,"A",.,"A",.,"A",.,"A",.,"A",.,"A",120,"D",.,"A",.,"A"
"20104",2206155,58,0,"1",.,"A",.,"A",.,"A",.,"A",.,"A",.,"A",.,"A",.,"A",.,"A",.,"A",.,"A",.,"A",100,"D",.,"A",.,"A"
"20104",2206165,59,0,"1",.,"A",.,"A",.,"A",.,"A",.,"A",.,"A",325,"D",.,"A",.,"A",.,"A",.,"A",.,"A",35,"D",.,"A",.,"A"
"20104",2206175,46,0,"1",.,"A",.,"A",.,"A",.,"A",.,"A",.,"A",.,"A",325,"D",.,"A",.,"A",.,"A",.,"A",100,"D",.,"A",.,"A"
"20104",2206185,42,0,"1",.,"A",.,"A",.,"A",.,"A",.,"A",.,"A",117,"D",.,"A",.,"A",.,"A",.,"A",.,"A",.,"A",.,"A",.,"A"
"20104",2206195,37,0,"1",.,"A",.,"A",.,"A",.,"A",.,"A",.,"A",.,"A",78,"D",.,"A",.,"A",.,"A",.,"A",.,"A",.,"A",.,"A"
"20104",2206205,60,0,"1",.,"A",.,"A",.,"A",.,"A",.,"A",25,"D",.,"A",.,"A",.,"A",.,"A",.,"A",.,"A",.,"A",.,"A",.,"A"
"20104",2206225,42,0,"1",.,"A",.,"A",.,"A",.,"A",.,"A",.,"A",.,"A",.,"A",.,"A",.,"A",.,"A",.,"A",50,"D",.,"A",.,"A"
"20104",2206245,44,0,"1",.,"A",.,"A",.,"A",.,"A",.,"A",.,"A",.,"A",.,"A",.,"A",.,"A",.,"A",.,"A",.,"A",.,"A",.,"A"
"20104",2206265,55,0,"1",.,"A",.,"A",.,"A",.,"A",.,"A",.,"A",.,"A",273,"D",.,"A",.,"A",.,"A",.,"A",15,"D",.,"A",.,"A"
"20104",2206295,55,0,"1",.,"A",.,"A",.,"A",.,"A",.,"A",.,"A",390,"D",.,"A",.,"A",.,"A",.,"A",.,"A",45,"D",.,"A",.,"A"
"20104",2206335,80,0,"1",.,"A",.,"A",.,"A",.,"A",.,"A",105,"D",.,"A",.,"A",.,"A",.,"A",.,"A",.,"A",480,"D",.,"A",.,"A"
"20104",2206365,84,0,"1",.,"A",.,"A",60,"D",.,"A",.,"A",.,"A",.,"A",.,"A",.,"A",.,"A",.,"A",.,"A",110,"D",.,"A",.,"A"
"20104",2206375,58,0,"1",.,"A",.,"A",.,"A",.,"A",.,"A",.,"A",.,"A",.,"A",.,"A",.,"A",.,"A",.,"A",.,"A",.,"A",.,"A"
"20104",2206415,44,0,"1",.,"A",.,"A",.,"A",.,"A",.,"A",.,"A",.,"A",.,"A",.,"A",.,"A",.,"A",.,"A",.,"A",.,"A",.,"A"
"20104",2206455,52,0,"1",.,"A",.,"A",.,"A",.,"A",.,"A",.,"A",.,"A",.,"A",.,"A",.,"A",.,"A",.,"A",.,"A",.,"A",.,"A"
"20104",2206465,29,0,"1",.,"A",.,"A",.,"A",.,"A",.,"A",.,"A",.,"A",.,"A",.,"A",.,"A",.,"A",.,"A",.,"A",.,"A",.,"A"
"20104",2206475,35,0,"1",.,"A",.,"A",.,"A",.,"A",.,"A",.,"A",.,"A",.,"A",.,"A",.,"A",.,"A",.,"A",.,"A",.,"A",.,"A"
"20104",2206485,68,0,"1",.,"A",.,"A",.,"A",.,"A",.,"A",.,"A",.,"A",.,"A",.,"A",.,"A",.,"A",.,"A",62,"D",.,"A",.,"A"
"20104",2206505,35,0,"1",.,"A",.,"A",.,"A",.,"A",.,"A",.,"A",.,"A",.,"A",.,"A",.,"A",.,"A",.,"A",30,"D",.,"A",.,"A"
"20104",2206585,56,0,"1",.,"A",.,"A",.,"A",.,"A",.,"A",.,"A",.,"A",.,"A",.,"A",.,"A",.,"A",.,"A",.,"A",.,"A",.,"A"
"20104",2206595,68,0,"1",.,"A",.,"A",.,"A",.,"A",.,"A",50,"D",.,"A",.,"A",.,"A",.,"A",.,"A",.,"A",80,"D",.,"A",.,"A"
"20104",2206605,34,0,"1",.,"A",.,"A",.,"A",.,"A",.,"A",.,"A",.,"A",.,"A",.,"A",.,"A",.,"A",.,"A",.,"A",.,"A",.,"A"
"20104",2206615,61,0,"1",.,"A",.,"A",.,"A",.,"A",.,"A",15,"D",.,"A",.,"A",.,"A",.,"A",.,"A",.,"A",60,"D",.,"A",.,"A"
"20104",2206645,64,0,"1",.,"A",.,"A",.,"A",.,"A",.,"A",20,"D",650,"D",.,"A",150,"D",.,"A",.,"A",.,"A",150,"D",.,"A",.,"A"
"20104",2206665,62,0,"1",.,"A",.,"A",.,"A",.,"A",.,"A",.,"A",.,"A",.,"A",.,"A",.,"A",.,"A",.,"A",146,"D",.,"A",.,"A"
"20104",2206685,45,0,"1",.,"A",.,"A",.,"A",.,"A",.,"A",.,"A",.,"A",.,"A",.,"A",.,"A",.,"A",.,"A",.,"A",.,"A",.,"A"
"20104",2206695,58,0,"1",.,"A",.,"A",.,"A",.,"A",.,"A",.,"A",.,"A",.,"A",.,"A",.,"A",.,"A",.,"A",275,"D",.,"A",.,"A"
"20104",2206705,31,0,"1",.,"A",.,"A",.,"A",.,"A",.,"A",.,"A",.,"A",.,"A",.,"A",.,"A",.,"A",.,"A",.,"A",.,"A",.,"A"
"20104",2206755,81,0,"1",.,"A",.,"A",.,"A",.,"A",6,"D",.,"A",.,"A",.,"A",.,"A",.,"A",.,"A",.,"A",70,"D",.,"A",.,"A"
"20104",2206775,60,0,"1",.,"A",.,"A",.,"A",.,"A",.,"A",120,"D",.,"A",.,"A",.,"A",.,"A",.,"A",.,"A",30,"D",.,"A",.,"A"
"20104",2206795,43,0,"1",.,"A",.,"A",.,"A",.,"A",.,"A",.,"A",.,"A",.,"A",.,"A",.,"A",.,"A",.,"A",.,"A",.,"A",.,"A"
"20104",2206815,59,0,"1",.,"A",.,"A",.,"A",.,"A",.,"A",.,"A",.,"A",.,"A",45,"D",.,"A",.,"A",.,"A",64,"D",.,"A",.,"A"
"20104",2206835,83,0,"1",.,"A",.,"A",.,"A",.,"A",.,"A",.,"A",.,"A",.,"A",.,"A",90,"D",0,"D",0,"D",240,"D",30,"D",.,"A"
"20104",2206845,84,0,"1",.,"A",.,"A",.,"A",.,"A",.,"A",.,"A",260,"D",.,"A",.,"A",.,"A",.,"A",.,"A",25,"D",.,"A",.,"A"
"20104",2206865,56,0,"1",.,"A",.,"A",.,"A",.,"A",.,"A",.,"A",.,"A",.,"A",.,"A",.,"A",.,"A",.,"A",.,"A",.,"A",.,"A"
"20104",2206895,63,0,"1",.,"A",.,"A",.,"A",.,"A",.,"A",.,"A",.,"A",.,"A",.,"A",.,"A",.,"A",.,"A",100,"D",.,"A",.,"A"
"20104",2206915,40,0,"1",.,"A",.,"A",.,"A",.,"A",.,"A",.,"A",.,"A",.,"A",.,"A",.,"A",.,"A",.,"A",60,"D",.,"A",.,"A"
"20104",2206925,74,0,"1",.,"A",.,"A",.,"A",.,"A",.,"A",30,"D",.,"A",.,"A",.,"A",.,"A",.,"A",.,"A",96,"D",.,"A",.,"A"
"20104",2206945,61,0,"1",.,"A",.,"A",.,"A",.,"A",.,"A",.,"A",.,"A",.,"A",.,"A",.,"A",.,"A",.,"A",30,"D",.,"A",.,"A"
"20104",2206955,34,0,"1",.,"A",.,"A",.,"A",.,"A",.,"A",.,"A",260,"D",.,"A",.,"A",.,"A",.,"A",.,"A",.,"A",.,"A",.,"A"
"20104",2206965,55,0,"1",.,"A",.,"A",.,"A",.,"A",.,"A",.,"A",.,"A",.,"A",.,"A",.,"A",.,"A",.,"A",.,"A",.,"A",.,"A"
"20104",2206975,42,0,"1",.,"A",.,"A",.,"A",25,"D",.,"A",.,"A",.,"A",.,"A",.,"A",.,"A",.,"A",.,"A",70,"D",.,"A",.,"A"
"20104",2206985,64,0,"1",.,"A",.,"A",.,"A",.,"A",.,"A",.,"A",.,"A",.,"A",.,"A",.,"A",.,"A",.,"A",.,"A",.,"A",.,"A"
"20104",2207005,43,0,"1",.,"A",.,"A",.,"A",.,"A",.,"A",.,"A",.,"A",.,"A",.,"A",.,"A",.,"A",.,"A",70,"D",.,"A",.,"A"
"20104",2207015,75,0,"1",.,"A",.,"A",.,"A",.,"A",.,"A",.,"A",.,"A",.,"A",.,"A",.,"A",.,"A",.,"A",50,"D",.,"A",.,"A"
"20104",2207055,40,0,"1",.,"A",.,"A",.,"A",.,"A",.,"A",.,"A",.,"A",.,"A",.,"A",.,"A",.,"A",.,"A",.,"A",.,"A",.,"A"
"20104",2207065,49,0,"1",.,"A",.,"A",.,"A",.,"A",.,"A",.,"A",.,"A",.,"A",.,"A",.,"A",.,"A",.,"A",315,"D",.,"A",.,"A"
"20104",2207085,44,0,"1",.,"A",.,"A",.,"A",.,"A",.,"A",.,"A",520,"D",130,"D",.,"A",.,"A",.,"A",.,"A",45,"D",.,"A",.,"A"
"20104",2207095,27,0,"1",.,"A",.,"A",.,"A",.,"A",.,"A",.,"A",.,"A",.,"A",.,"A",.,"A",.,"A",.,"A",.,"A",.,"A",.,"A"
"20104",2207125,52,0,"1",.,"A",.,"A",.,"A",.,"A",.,"A",.,"A",.,"A",.,"A",.,"A",.,"A",.,"A",.,"A",80,"D",.,"A",.,"A"
"20104",2207135,53,0,"1",.,"A",.,"A",.,"A",.,"A",.,"A",.,"A",.,"A",273,"D",.,"A",.,"A",.,"A",.,"A",40,"D",.,"A",.,"A"
"20104",2207145,42,0,"1",.,"A",.,"A",.,"A",.,"A",.,"A",.,"A",.,"A",.,"A",.,"A",.,"A",.,"A",.,"A",20,"D",.,"A",.,"A"
"20104",2207155,48,0,"1",.,"A",.,"A",.,"A",.,"A",90,"D",.,"A",.,"A",.,"A",.,"A",.,"A",.,"A",.,"A",40,"D",.,"A",.,"A"
"20104",2207175,43,0,"1",.,"A",.,"A",.,"A",.,"A",.,"A",.,"A",.,"A",.,"A",.,"A",.,"A",.,"A",.,"A",150,"D",.,"A",.,"A"
"20104",2207195,43,0,"1",.,"A",.,"A",.,"A",.,"A",.,"A",.,"A",.,"A",.,"A",.,"A",.,"A",.,"A",.,"A",.,"A",.,"A",.,"A"
"20104",2207205,48,0,"1",.,"A",.,"A",.,"A",.,"A",.,"A",.,"A",.,"A",.,"A",.,"A",.,"A",.,"A",.,"A",27,"D",.,"A",.,"A"
"20104",2207235,65,0,"1",.,"A",.,"A",.,"A",.,"A",.,"A",.,"A",.,"A",.,"A",.,"A",.,"A",.,"A",.,"A",220,"D",.,"A",.,"A"
"20104",2207265,94,0,"1",.,"A",80,"D",.,"A",.,"A",.,"A",46,"D",.,"A",.,"A",.,"A",255,"D",0,"D",0,"D",280,"D",85,"D",260,"D"
"20104",2207285,73,0,"1",.,"A",.,"A",.,"A",.,"A",12,"D",.,"A",.,"A",.,"A",.,"A",72,"D",6,"D",6,"D",98,"D",24,"D",.,"A"
"20104",2207325,102,0,"1",.,"A",.,"A",.,"A",.,"A",.,"A",25,"D",.,"A",.,"A",.,"A",.,"A",.,"A",.,"A",82,"D",.,"A",.,"A"
"20104",2207355,44,0,"1",.,"A",.,"A",.,"A",.,"A",.,"A",.,"A",.,"A",.,"A",.,"A",.,"A",.,"A",.,"A",12,"D",.,"A",.,"A"
"20104",2207365,43,0,"1",.,"A",.,"A",.,"A",.,"A",.,"A",.,"A",.,"A",.,"A",.,"A",.,"A",.,"A",.,"A",35,"D",.,"A",.,"A"
"20104",2207375,50,0,"1",.,"A",.,"A",.,"A",.,"A",.,"A",.,"A",.,"A",.,"A",.,"A",.,"A",.,"A",.,"A",12,"D",.,"A",.,"A"
"20104",2207435,57,0,"1",.,"A",.,"A",.,"A",.,"A",.,"A",.,"A",.,"A",.,"A",.,"A",.,"A",.,"A",.,"A",20,"D",.,"A",.,"A"
"20104",2207445,74,0,"1",.,"A",.,"A",.,"A",.,"A",.,"A",.,"A",.,"A",.,"A",.,"A",.,"A",.,"A",.,"A",400,"D",.,"A",.,"A"
"20104",2207485,25,0,"1",.,"A",.,"A",.,"A",.,"A",40,"D",.,"A",.,"A",.,"A",.,"A",0,"D",0,"D",135,"D",.,"A",0,"D",.,"A"
"20104",2207505,23,0,"1",10,"D",.,"A",.,"A",.,"A",10,"D",.,"A",.,"A",.,"A",.,"A",.,"A",.,"A",.,"A",.,"A",.,"A",.,"A"
"20104",2207555,67,0,"1",.,"A",.,"A",.,"A",.,"A",.,"A",.,"A",.,"A",.,"A",.,"A",.,"A",.,"A",.,"A",180,"D",.,"A",.,"A"
"20104",2207575,45,0,"1",.,"A",.,"A",.,"A",.,"A",.,"A",.,"A",.,"A",.,"A",.,"A",.,"A",.,"A",.,"A",.,"A",.,"A",.,"A"
"20104",2207585,34,0,"1",.,"A",.,"A",.,"A",.,"A",.,"A",.,"A",.,"A",.,"A",.,"A",.,"A",.,"A",.,"A",.,"A",.,"A",.,"A"
"20104",2207605,50,0,"1",.,"A",.,"A",.,"A",.,"A",.,"A",.,"A",.,"A",.,"A",.,"A",.,"A",.,"A",.,"A",.,"A",.,"A",.,"A"
"20104",2207615,27,0,"1",.,"A",.,"A",.,"A",.,"A",100,"D",.,"A",130,"D",.,"A",.,"A",.,"A",.,"A",.,"A",10,"D",.,"A",.,"A"
"20104",2207625,30,0,"1",.,"A",.,"A",.,"A",.,"A",.,"A",.,"A",.,"A",.,"A",.,"A",.,"A",.,"A",.,"A",.,"A",.,"A",.,"A"
"20104",2207645,35,0,"1",.,"A",.,"A",.,"A",90,"D",50,"D",60,"D",650,"D",.,"A",.,"A",0,"D",0,"D",90,"D",180,"D",0,"D",.,"A"
"20104",2207655,55,0,"1",.,"A",.,"A",.,"A",.,"A",.,"A",.,"A",.,"A",.,"A",.,"A",.,"A",.,"A",.,"A",19,"D",.,"A",.,"A"
"20104",2207665,57,0,"1",.,"A",.,"A",.,"A",.,"A",.,"A",.,"A",.,"A",.,"A",.,"A",.,"A",.,"A",.,"A",200,"D",.,"A",.,"A"
"20104",2207695,81,0,"1",.,"A",.,"A",.,"A",.,"A",.,"A",72,"D",650,"D",.,"A",18,"D",.,"A",.,"A",.,"A",.,"A",.,"A",.,"A"
"20104",2207715,55,0,"1",.,"A",.,"A",.,"A",.,"A",.,"A",.,"A",.,"A",.,"A",.,"A",.,"A",.,"A",.,"A",240,"D",.,"A",.,"A"
"20104",2207735,44,0,"1",.,"A",.,"A",.,"A",.,"A",.,"A",.,"A",.,"A",.,"A",.,"A",.,"A",.,"A",.,"A",36,"D",.,"A",.,"A"
"20104",2207765,50,0,"1",.,"A",.,"A",.,"A",.,"A",.,"A",.,"A",.,"A",.,"A",.,"A",.,"A",.,"A",.,"A",300,"D",.,"A",.,"A"
"20104",2207795,45,0,"1",.,"A",.,"A",.,"A",.,"A",.,"A",.,"A",.,"A",.,"A",.,"A",.,"A",.,"A",.,"A",150,"D",.,"A",.,"A"
"20104",2207805,62,0,"1",30,"D",.,"A",.,"A",.,"A",0,"D",.,"A",.,"A",.,"A",.,"A",.,"A",.,"A",.,"A",86,"D",.,"A",.,"A"
"20104",2207825,66,0,"1",.,"A",.,"A",.,"A",.,"A",.,"A",.,"A",.,"A",.,"A",.,"A",.,"A",.,"A",.,"A",15,"D",.,"A",.,"A"
"20104",2207855,47,0,"1",.,"A",.,"A",.,"A",.,"A",.,"A",.,"A",.,"A",.,"A",.,"A",.,"A",.,"A",.,"A",34,"D",.,"A",.,"A"
"20104",2207875,62,0,"1",.,"A",.,"A",.,"A",.,"A",.,"A",60,"D",260,"D",.,"A",.,"A",.,"A",.,"A",.,"A",80,"D",.,"A",.,"A"
"20104",2207885,59,0,"1",.,"A",.,"A",.,"A",.,"A",.,"A",.,"A",.,"A",.,"A",.,"A",.,"A",.,"A",.,"A",45,"D",.,"A",.,"A"
"20104",2207915,42,0,"1",.,"A",.,"A",.,"A",.,"A",.,"A",.,"A",.,"A",325,"D",.,"A",.,"A",.,"A",.,"A",60,"D",.,"A",.,"A"
"20104",2207955,40,0,"1",.,"A",.,"A",.,"A",.,"A",.,"A",.,"A",.,"A",.,"A",.,"A",.,"A",.,"A",.,"A",42,"D",.,"A",.,"A"
"20104",2207975,59,0,"1",.,"A",.,"A",.,"A",.,"A",.,"A",.,"A",520,"D",.,"A",.,"A",.,"A",.,"A",.,"A",300,"D",.,"A",.,"A"
"20104",2207985,32,0,"1",.,"A",.,"A",.,"A",.,"A",.,"A",.,"A",.,"A",.,"A",.,"A",.,"A",.,"A",.,"A",.,"A",.,"A",.,"A"
"20104",2207995,50,0,"1",.,"A",.,"A",.,"A",.,"A",.,"A",.,"A",.,"A",.,"A",.,"A",.,"A",.,"A",.,"A",130,"D",.,"A",.,"A"
"20104",2208005,42,0,"1",.,"A",.,"A",.,"A",.,"A",.,"A",.,"A",.,"A",.,"A",.,"A",.,"A",.,"A",.,"A",.,"A",.,"A",.,"A"
"20104",2208015,48,0,"1",.,"A",.,"A",.,"A",.,"A",240,"D",.,"A",.,"A",.,"A",.,"A",.,"A",.,"A",.,"A",.,"A",.,"A",.,"A"
"20104",2208025,72,0,"1",.,"A",.,"A",.,"A",.,"A",.,"A",.,"A",.,"A",.,"A",12,"D",.,"A",.,"A",.,"A",80,"F",.,"A",.,"A"
"20104",2208035,51,0,"1",.,"A",.,"A",.,"A",40,"D",20,"D",.,"A",130,"D",.,"A",51,"D",105,"D",0,"D",45,"D",.,"A",35,"D",.,"A"
"20104",2208045,43,0,"1",.,"A",.,"A",.,"A",.,"A",.,"A",.,"A",.,"A",.,"A",.,"A",.,"A",.,"A",.,"A",45,"D",.,"A",.,"A"
"20104",2208055,33,0,"1",.,"A",.,"A",.,"A",.,"A",.,"A",.,"A",.,"A",.,"A",.,"A",0,"D",135,"D",336,"F",50,"D",0,"D",.,"A"
"20104",2208065,57,0,"1",.,"A",.,"A",.,"A",.,"A",.,"A",20,"D",533,"F",.,"A",.,"A",.,"A",.,"A",.,"A",624,"D",.,"A",.,"A"
"20104",2208075,46,0,"1",.,"A",.,"A",.,"A",.,"A",.,"A",10,"D",.,"A",.,"A",.,"A",.,"A",.,"A",.,"A",155,"D",.,"A",.,"A"
"20104",2208085,35,0,"1",.,"A",.,"A",.,"A",.,"A",120,"D",.,"A",364,"D",.,"A",.,"A",.,"A",.,"A",.,"A",.,"A",.,"A",.,"A"
"20104",2208125,61,0,"1",.,"A",.,"A",.,"A",.,"A",.,"A",.,"A",.,"A",26,"D",.,"A",.,"A",.,"A",.,"A",.,"A",.,"A",.,"A"
"20104",2208135,56,0,"1",.,"A",.,"A",.,"A",.,"A",.,"A",.,"A",637,"D",.,"A",.,"A",.,"A",.,"A",.,"A",.,"A",.,"A",.,"A"
"20104",2208165,41,0,"1",.,"A",.,"A",.,"A",.,"A",.,"A",.,"A",.,"A",.,"A",.,"A",.,"A",.,"A",.,"A",50,"D",.,"A",.,"A"
"20104",2208185,38,0,"1",.,"A",.,"A",.,"A",.,"A",.,"A",.,"A",.,"A",104,"D",.,"A",.,"A",.,"A",.,"A",30,"D",.,"A",.,"A"
"20104",2208195,54,0,"1",.,"A",.,"A",.,"A",.,"A",.,"A",.,"A",.,"A",.,"A",.,"A",.,"A",.,"A",.,"A",300,"D",.,"A",.,"A"
"20104",2208225,53,0,"1",.,"A",.,"A",.,"A",.,"A",2,"D",.,"A",.,"A",.,"A",.,"A",.,"A",.,"A",.,"A",44,"D",.,"A",.,"A"
"20104",2208235,83,0,"1",.,"A",.,"A",.,"A",.,"A",.,"A",320,"D",.,"A",.,"A",60,"D",.,"A",.,"A",.,"A",490,"D",.,"A",.,"A"
"20104",2208245,49,0,"1",.,"A",.,"A",.,"A",.,"A",.,"A",.,"A",.,"A",.,"A",.,"A",.,"A",.,"A",.,"A",.,"A",.,"A",.,"A"
"20104",2208255,27,0,"1",.,"A",.,"A",.,"A",.,"A",12,"D",.,"A",650,"D",.,"A",.,"A",.,"A",.,"A",.,"A",.,"A",.,"A",.,"A"
"20104",2208265,59,0,"1",.,"A",.,"A",.,"A",.,"A",.,"A",20,"D",.,"A",.,"A",.,"A",.,"A",.,"A",.,"A",71,"D",.,"A",.,"A"
"20104",2208295,45,0,"1",.,"A",.,"A",.,"A",.,"A",.,"A",.,"A",.,"A",.,"A",66,"D",.,"A",.,"A",.,"A",.,"A",.,"A",.,"A"
"20104",2208305,43,0,"1",.,"A",.,"A",.,"A",.,"A",.,"A",.,"A",.,"A",.,"A",.,"A",.,"A",.,"A",.,"A",90,"D",.,"A",.,"A"
"20104",2208315,51,0,"1",.,"A",.,"A",.,"A",.,"A",.,"A",.,"A",.,"A",.,"A",.,"A",.,"A",.,"A",.,"A",40,"D",.,"A",.,"A"
"20104",2208325,29,0,"1",.,"A",.,"A",.,"A",.,"A",.,"A",.,"A",.,"A",.,"A",.,"A",0,"D",0,"D",30,"D",.,"A",0,"D",.,"A"
"20104",2208345,53,0,"1",.,"A",.,"A",.,"A",.,"A",.,"A",.,"A",.,"A",.,"A",.,"A",.,"A",.,"A",.,"A",.,"A",.,"A",.,"A"
"20104",2208355,46,0,"1",.,"A",.,"A",.,"A",.,"A",.,"A",.,"A",.,"A",.,"A",.,"A",.,"A",.,"A",.,"A",30,"D",.,"A",.,"A"
"20104",2208375,32,0,"1",.,"A",.,"A",.,"A",.,"A",.,"A",.,"A",.,"A",.,"A",.,"A",.,"A",.,"A",.,"A",.,"A",.,"A",.,"A"
"20104",2208385,45,0,"1",.,"A",.,"A",.,"A",.,"A",.,"A",.,"A",.,"A",.,"A",.,"A",.,"A",.,"A",.,"A",.,"A",.,"A",.,"A"
"20104",2208395,39,0,"1",.,"A",.,"A",.,"A",.,"A",.,"A",.,"A",.,"A",.,"A",.,"A",.,"A",.,"A",.,"A",45,"D",.,"A",.,"A"
"20104",2208415,99,0,"1",.,"A",.,"A",.,"A",6,"D",.,"A",.,"A",.,"A",.,"A",30,"D",.,"A",.,"A",.,"A",26,"D",.,"A",.,"A"
"20104",2208425,27,0,"1",15,"F",.,"A",.,"A",.,"A",25,"F",.,"A",.,"A",.,"A",.,"A",.,"A",.,"A",.,"A",.,"A",.,"A",.,"A"
"20104",2208445,44,0,"1",.,"A",.,"A",.,"A",.,"A",.,"A",4,"D",.,"A",.,"A",24,"F",.,"A",.,"A",.,"A",.,"A",.,"A",.,"A"
"20104",2208455,57,0,"1",.,"A",.,"A",.,"A",.,"A",.,"A",.,"A",.,"A",.,"A",.,"A",.,"A",.,"A",.,"A",160,"D",.,"A",.,"A"
"20104",2208495,66,0,"1",.,"A",.,"A",.,"A",.,"A",.,"A",.,"A",.,"A",.,"A",.,"A",.,"A",.,"A",.,"A",16,"D",.,"A",.,"A"
"20104",2208515,59,0,"1",.,"A",.,"A",.,"A",.,"A",.,"A",.,"A",.,"A",.,"A",.,"A",.,"A",.,"A",.,"A",60,"D",.,"A",.,"A"
"20104",2208525,38,0,"1",.,"A",.,"A",.,"A",.,"A",.,"A",.,"A",.,"A",.,"A",.,"A",.,"A",.,"A",.,"A",.,"A",.,"A",.,"A"
"20104",2208535,28,0,"1",.,"A",.,"A",.,"A",.,"A",120,"D",.,"A",.,"A",.,"A",.,"A",0,"D",0,"D",216,"D",.,"A",0,"D",.,"A"
"20104",2208545,62,0,"1",.,"A",.,"A",.,"A",.,"A",.,"A",36,"D",.,"A",.,"A",.,"A",.,"A",.,"A",.,"A",36,"D",.,"A",.,"A"
"20104",2208555,36,0,"1",.,"A",.,"A",.,"A",.,"A",.,"A",.,"A",.,"A",.,"A",.,"A",.,"A",.,"A",.,"A",.,"A",.,"A",.,"A"
"20104",2208565,39,0,"1",.,"A",.,"A",.,"A",.,"A",.,"A",14,"D",.,"A",.,"A",.,"A",.,"A",.,"A",.,"A",120,"D",.,"A",.,"A"
"20104",2208595,42,0,"1",.,"A",.,"A",.,"A",.,"A",.,"A",.,"A",130,"D",.,"A",.,"A",.,"A",.,"A",.,"A",10,"D",.,"A",.,"A"
"20104",2208615,82,0,"1",.,"A",.,"A",.,"A",.,"A",.,"A",.,"A",.,"A",.,"A",.,"A",.,"A",.,"A",.,"A",.,"A",.,"A",.,"A"
"20104",2208635,81,0,"1",.,"A",.,"A",.,"A",.,"A",.,"A",.,"A",.,"A",.,"A",15,"D",.,"A",.,"A",.,"A",30,"D",.,"A",.,"A"
"20104",2208655,33,0,"1",60,"D",.,"A",.,"A",.,"A",140,"D",.,"A",.,"A",.,"A",.,"A",.,"A",.,"A",.,"A",46,"D",.,"A",.,"A"
"20104",2208665,47,0,"1",.,"A",.,"A",.,"A",.,"A",.,"A",250,"D",.,"A",.,"A",.,"A",.,"A",.,"A",.,"A",500,"D",.,"A",.,"A"
"20104",2208675,42,0,"1",.,"A",.,"A",.,"A",.,"A",.,"A",.,"A",.,"A",.,"A",.,"A",.,"A",.,"A",.,"A",.,"A",.,"A",.,"A"
"20104",2208695,103,0,"1",30,"D",.,"A",90,"D",.,"A",70,"D",36,"D",.,"A",.,"A",.,"A",.,"A",.,"A",.,"A",180,"D",.,"A",.,"A"
"20104",2208725,52,0,"1",.,"A",.,"A",.,"A",.,"A",.,"A",.,"A",.,"A",.,"A",.,"A",.,"A",.,"A",.,"A",120,"D",.,"A",.,"A"
"20104",2208745,58,0,"1",.,"A",.,"A",.,"A",.,"A",.,"A",.,"A",.,"A",.,"A",.,"A",.,"A",.,"A",.,"A",60,"D",.,"A",.,"A"
"20104",2208775,61,0,"1",.,"A",.,"A",.,"A",.,"A",.,"A",.,"A",.,"A",.,"A",.,"A",.,"A",.,"A",.,"A",110,"D",.,"A",.,"A"
"20104",2208785,60,0,"1",.,"A",.,"A",.,"A",.,"A",.,"A",.,"A",.,"A",.,"A",.,"A",.,"A",.,"A",.,"A",140,"D",.,"A",.,"A"
"20104",2208795,53,0,"1",.,"A",.,"A",.,"A",.,"A",.,"A",50,"D",.,"A",.,"A",.,"A",.,"A",.,"A",.,"A",250,"D",.,"A",.,"A"
"20104",2208805,43,0,"1",.,"A",.,"A",.,"A",.,"A",.,"A",.,"A",546,"D",.,"A",.,"A",.,"A",.,"A",.,"A",35,"D",.,"A",.,"A"
"20104",2208825,62,0,"1",10,"D",.,"A",.,"A",150,"D",41,"D",10,"D",.,"A",.,"A",.,"A",0,"D",0,"D",60,"D",310,"D",0,"D",.,"A"
"20104",2208835,41,0,"1",.,"A",.,"A",.,"A",.,"A",.,"A",.,"A",.,"A",.,"A",.,"A",.,"A",.,"A",.,"A",.,"A",.,"A",.,"A"
"20104",2208865,34,0,"1",.,"A",.,"A",.,"A",.,"A",.,"A",.,"A",.,"A",.,"A",.,"A",.,"A",.,"A",.,"A",.,"A",.,"A",.,"A"
"20104",2208875,54,0,"1",.,"A",.,"A",.,"A",.,"A",.,"A",.,"A",.,"A",.,"A",.,"A",.,"A",.,"A",.,"A",30,"D",.,"A",.,"A"
"20104",2208895,30,0,"1",.,"A",.,"A",.,"A",.,"A",.,"A",.,"A",.,"A",.,"A",.,"A",.,"A",.,"A",.,"A",.,"A",.,"A",.,"A"
"20104",2208925,71,0,"1",.,"A",.,"A",.,"A",.,"A",.,"A",8,"D",.,"A",.,"A",.,"A",.,"A",.,"A",.,"A",100,"D",.,"A",.,"A"
"20104",2209005,63,0,"1",.,"A",.,"A",.,"A",.,"A",.,"A",.,"A",.,"A",.,"A",.,"A",.,"A",.,"A",.,"A",85,"D",.,"A",.,"A"
"20104",2209015,62,0,"1",.,"A",.,"A",.,"A",.,"A",.,"A",.,"A",.,"A",.,"A",.,"A",.,"A",.,"A",.,"A",50,"D",.,"A",.,"A"
"20104",2209025,53,0,"1",.,"A",.,"A",.,"A",.,"A",.,"A",.,"A",.,"A",.,"A",.,"A",.,"A",.,"A",.,"A",49,"D",.,"A",.,"A"
"20104",2209035,47,0,"1",.,"A",.,"A",.,"A",.,"A",.,"A",.,"A",.,"A",.,"A",.,"A",.,"A",.,"A",.,"A",.,"A",.,"A",.,"A"
"20104",2209055,42,0,"1",.,"A",.,"A",.,"A",.,"A",.,"A",.,"A",.,"A",.,"A",.,"A",.,"A",.,"A",.,"A",174,"D",.,"A",.,"A"
"20104",2209075,65,0,"1",.,"A",.,"A",.,"A",.,"A",.,"A",30,"D",.,"A",.,"A",.,"A",.,"A",.,"A",.,"A",120,"D",.,"A",.,"A"
"20104",2209095,67,0,"1",.,"A",.,"A",.,"A",.,"A",.,"A",.,"A",.,"A",.,"A",.,"A",.,"A",.,"A",.,"A",.,"A",.,"A",.,"A"
"20104",2209115,42,0,"1",.,"A",.,"A",.,"A",.,"A",150,"D",.,"A",.,"A",.,"A",.,"A",267,"D",0,"D",0,"D",.,"A",89,"D",.,"A"
"20104",2209135,40,0,"1",.,"A",.,"A",.,"A",.,"A",.,"A",.,"A",.,"A",585,"D",.,"A",.,"A",.,"A",.,"A",.,"A",.,"A",.,"A"
"20104",2209155,65,0,"1",.,"A",.,"A",.,"A",.,"A",.,"A",.,"A",.,"A",.,"A",.,"A",.,"A",.,"A",.,"A",150,"D",.,"A",.,"A"
"20104",2209175,52,0,"1",.,"A",.,"A",.,"A",.,"A",.,"A",.,"A",.,"A",.,"A",.,"A",.,"A",.,"A",.,"A",300,"F",.,"A",.,"A"
"20104",2209195,30,0,"1",.,"A",.,"A",.,"A",150,"D",60,"D",30,"D",.,"A",.,"A",30,"D",0,"D",0,"D",30,"D",.,"A",0,"D",.,"A"
"20104",2209205,28,0,"1",.,"A",.,"A",.,"A",.,"A",.,"A",.,"A",.,"A",.,"A",.,"A",.,"A",.,"A",.,"A",.,"A",.,"A",.,"A"
"20104",2209215,42,0,"1",.,"A",.,"A",.,"A",.,"A",.,"A",.,"A",.,"A",.,"A",.,"A",.,"A",.,"A",.,"A",20,"D",.,"A",.,"A"
"20104",2209245,39,0,"1",.,"A",.,"A",.,"A",.,"A",.,"A",.,"A",.,"A",.,"A",.,"A",.,"A",.,"A",.,"A",.,"A",.,"A",.,"A"
"20104",2209255,56,0,"1",.,"A",.,"A",.,"A",.,"A",.,"A",120,"D",.,"A",.,"A",.,"A",.,"A",.,"A",.,"A",500,"D",.,"A",.,"A"
"20104",2209305,32,0,"1",.,"A",.,"A",.,"A",.,"A",.,"A",.,"A",.,"A",.,"A",.,"A",.,"A",.,"A",.,"A",.,"A",.,"A",.,"A"
"20104",2209335,43,0,"1",.,"A",.,"A",.,"A",.,"A",.,"A",.,"A",.,"A",.,"A",.,"A",.,"A",.,"A",.,"A",36,"D",.,"A",.,"A"
"20104",2209345,63,0,"1",.,"A",.,"A",.,"A",.,"A",.,"A",25,"D",.,"A",.,"A",.,"A",0,"D",0,"D",30,"D",70,"D",0,"D",.,"A"
"20104",2209355,71,0,"1",.,"A",.,"A",60,"D",.,"A",.,"A",.,"A",.,"A",.,"A",.,"A",.,"A",.,"A",.,"A",175,"D",.,"A",.,"A"
"20104",2209385,50,0,"1",.,"A",.,"A",.,"A",.,"A",.,"A",.,"A",390,"D",.,"A",.,"A",.,"A",.,"A",.,"A",.,"A",.,"A",.,"A"
"20104",2209395,42,0,"1",.,"A",.,"A",.,"A",.,"A",.,"A",.,"A",195,"D",.,"A",.,"A",.,"A",.,"A",.,"A",120,"D",.,"A",.,"A"
"20104",2209405,74,0,"1",.,"A",.,"A",.,"A",.,"A",.,"A",.,"A",.,"A",.,"A",.,"A",.,"A",.,"A",.,"A",.,"A",.,"A",.,"A"
"20104",2209415,59,0,"1",39,"D",.,"A",.,"A",.,"A",91,"D",.,"A",429,"F",52,"D",.,"A",0,"D",0,"D",60,"D",38,"D",0,"D",.,"A"
"20104",2209425,73,0,"1",.,"A",.,"A",.,"A",.,"A",.,"A",.,"A",.,"A",.,"A",.,"A",.,"A",.,"A",.,"A",265,"D",.,"A",.,"A"
"20104",2209435,61,0,"1",.,"A",.,"A",.,"A",.,"A",.,"A",.,"A",104,"D",.,"A",.,"A",.,"A",.,"A",.,"A",.,"A",.,"A",.,"A"
"20104",2209465,50,0,"1",.,"A",.,"A",.,"A",.,"A",.,"A",.,"A",.,"A",.,"A",.,"A",.,"A",.,"A",.,"A",150,"D",.,"A",.,"A"
"20104",2209485,43,0,"1",.,"A",.,"A",.,"A",.,"A",.,"A",.,"A",.,"A",.,"A",.,"A",0,"D",105,"D",0,"D",35,"D",0,"D",.,"A"
"20104",2209505,80,0,"1",.,"A",.,"A",.,"A",.,"A",.,"A",.,"A",.,"A",.,"A",.,"A",.,"A",.,"A",.,"A",255,"D",.,"A",.,"A"
"20104",2209525,26,0,"1",.,"A",.,"A",.,"A",.,"A",.,"A",.,"A",.,"A",.,"A",.,"A",.,"A",.,"A",.,"A",.,"A",.,"A",.,"A"
"20104",2209585,116,0,"1",.,"A",.,"A",.,"A",.,"A",.,"A",.,"A",1755,"D",.,"A",18,"D",.,"A",.,"A",.,"A",110,"D",.,"A",.,"A"
"20104",2209595,52,0,"1",.,"A",.,"A",.,"A",.,"A",.,"A",.,"A",325,"D",.,"A",.,"A",.,"A",.,"A",.,"A",25,"D",.,"A",.,"A"
"20104",2209605,52,0,"1",.,"A",.,"A",.,"A",.,"A",.,"A",.,"A",520,"D",.,"A",12,"D",.,"A",.,"A",.,"A",100,"D",.,"A",.,"A"
"20104",2209615,82,0,"1",.,"A",.,"A",.,"A",.,"A",.,"A",90,"D",.,"A",.,"A",.,"A",.,"A",.,"A",.,"A",300,"D",.,"A",.,"A"
"20104",2209635,57,0,"1",.,"A",.,"A",.,"A",.,"A",.,"A",.,"A",.,"A",.,"A",.,"A",.,"A",.,"A",.,"A",26,"D",.,"A",.,"A"
"20104",2209665,35,0,"1",.,"A",.,"A",41,"F",.,"A",.,"A",.,"A",.,"A",.,"A",.,"A",.,"A",.,"A",.,"A",.,"A",.,"A",.,"A"
"20104",2209675,52,0,"1",.,"A",.,"A",.,"A",.,"A",.,"A",.,"A",.,"A",.,"A",.,"A",.,"A",.,"A",.,"A",12,"D",.,"A",.,"A"
"20104",2209685,42,0,"1",.,"A",.,"A",.,"A",.,"A",.,"A",.,"A",.,"A",.,"A",36,"D",.,"A",.,"A",.,"A",.,"A",.,"A",.,"A"
"20104",2209695,63,0,"1",.,"A",.,"A",.,"A",.,"A",7,"D",.,"A",650,"D",.,"A",.,"A",.,"A",.,"A",.,"A",15,"D",.,"A",.,"A"
"20104",2209715,69,0,"1",.,"A",.,"A",.,"A",.,"A",.,"A",.,"A",.,"A",.,"A",.,"A",.,"A",.,"A",.,"A",105,"D",.,"A",.,"A"
"20104",2209735,54,0,"1",.,"A",.,"A",.,"A",.,"A",.,"A",.,"A",.,"A",.,"A",.,"A",.,"A",.,"A",.,"A",.,"A",.,"A",.,"A"
"20104",2209745,32,0,"1",.,"A",.,"A",.,"A",.,"A",.,"A",125,"D",130,"D",.,"A",.,"A",.,"A",.,"A",.,"A",200,"D",.,"A",.,"A"
"20104",2209765,63,0,"1",.,"A",.,"A",.,"A",.,"A",.,"A",.,"A",.,"A",.,"A",.,"A",.,"A",.,"A",.,"A",.,"A",.,"A",.,"A"
"20104",2209775,62,0,"1",.,"A",.,"A",.,"A",.,"A",.,"A",.,"A",.,"A",.,"A",.,"A",.,"A",.,"A",.,"A",210,"D",.,"A",.,"A"
"20104",2209785,82,0,"1",60,"D",.,"A",.,"A",.,"A",0,"D",180,"D",.,"A",.,"A",60,"D",.,"A",.,"A",.,"A",100,"D",.,"A",.,"A"
"20104",2209795,25,0,"1",.,"A",.,"A",.,"A",5,"D",240,"D",.,"A",.,"A",.,"A",.,"A",300,"D",0,"D",300,"D",.,"A",100,"D",.,"A"
"20104",2209805,52,0,"1",.,"A",.,"A",.,"A",.,"A",.,"A",.,"A",546,"D",234,"D",.,"A",.,"A",.,"A",.,"A",.,"A",.,"A",.,"A"
"20104",2209835,64,0,"1",.,"A",.,"A",.,"A",.,"A",.,"A",.,"A",.,"A",.,"A",.,"A",570,"D",0,"D",0,"D",160,"D",190,"D",.,"A"
"20104",2209845,44,0,"1",.,"A",.,"A",.,"A",.,"A",.,"A",120,"D",.,"A",.,"A",.,"A",.,"A",.,"A",.,"A",375,"D",.,"A",.,"A"
"20104",2209855,38,0,"1",20,"D",.,"A",.,"A",360,"D",40,"D",.,"A",.,"A",.,"A",.,"A",270,"D",0,"D",0,"D",100,"D",90,"D",.,"A"
"20104",2209905,65,0,"1",.,"A",.,"A",.,"A",.,"A",.,"A",.,"A",.,"A",.,"A",.,"A",.,"A",.,"A",.,"A",126,"D",.,"A",.,"A"
"20104",2209925,75,0,"1",.,"A",.,"A",.,"A",.,"A",.,"A",.,"A",.,"A",.,"A",.,"A",.,"A",.,"A",.,"A",55,"D",.,"A",.,"A"
"20104",2209945,59,0,"1",.,"A",.,"A",.,"A",.,"A",.,"A",.,"A",.,"A",.,"A",.,"A",.,"A",.,"A",.,"A",.,"A",.,"A",.,"A"
"20104",2209955,68,0,"1",.,"A",.,"A",.,"A",.,"A",.,"A",.,"A",.,"A",.,"A",.,"A",.,"A",.,"A",.,"A",.,"A",.,"A",.,"A"
"20104",2209965,53,0,"1",.,"A",.,"A",.,"A",.,"A",.,"A",.,"A",117,"D",.,"A",.,"A",.,"A",.,"A",.,"A",.,"A",.,"A",.,"A"
"20104",2209975,46,0,"1",.,"A",.,"A",.,"A",.,"A",.,"A",.,"A",.,"A",.,"A",.,"A",.,"A",.,"A",.,"A",.,"A",.,"A",.,"A"
"20104",2210005,33,0,"1",.,"A",.,"A",.,"A",.,"A",.,"A",.,"A",.,"A",.,"A",.,"A",.,"A",.,"A",.,"A",.,"A",.,"A",.,"A"
"20104",2210015,38,0,"1",.,"A",.,"A",.,"A",.,"A",120,"D",.,"A",.,"A",.,"A",.,"A",225,"D",0,"D",225,"D",30,"D",75,"D",.,"A"
"20104",2210025,37,0,"1",.,"A",.,"A",.,"A",.,"A",.,"A",.,"A",.,"A",.,"A",.,"A",.,"A",.,"A",.,"A",.,"A",.,"A",.,"A"
"20104",2210035,53,0,"1",.,"A",.,"A",.,"A",.,"A",240,"D",.,"A",182,"D",.,"A",.,"A",.,"A",.,"A",.,"A",.,"A",.,"A",.,"A"
"20104",2210045,42,0,"1",.,"A",.,"A",.,"A",.,"A",.,"A",.,"A",.,"A",.,"A",.,"A",.,"A",.,"A",.,"A",33,"D",.,"A",.,"A"
"20104",2210075,35,0,"1",.,"A",.,"A",.,"A",.,"A",.,"A",.,"A",.,"A",.,"A",.,"A",.,"A",.,"A",.,"A",.,"A",.,"A",.,"A"
"20104",2210085,32,0,"1",.,"A",.,"A",.,"A",.,"A",.,"A",.,"A",.,"A",.,"A",.,"A",.,"A",.,"A",.,"A",.,"A",.,"A",.,"A"
"20104",2210095,82,0,"1",.,"A",.,"A",.,"A",.,"A",.,"A",.,"A",.,"A",.,"A",.,"A",.,"A",.,"A",.,"A",347,"D",.,"A",.,"A"
"20104",2210105,43,0,"1",.,"A",.,"A",.,"A",.,"A",.,"A",.,"A",.,"A",.,"A",.,"A",.,"A",.,"A",.,"A",12,"D",.,"A",.,"A"
"20104",2210115,47,0,"1",.,"A",.,"A",95,"F",.,"A",.,"A",.,"A",.,"A",169,"D",.,"A",.,"A",.,"A",.,"A",110,"D",.,"A",.,"A"
"20104",2210125,66,0,"1",.,"A",.,"A",.,"A",.,"A",.,"A",.,"A",.,"A",.,"A",.,"A",.,"A",.,"A",.,"A",30,"D",.,"A",.,"A"
"20104",2210135,31,0,"1",.,"A",.,"A",.,"A",.,"A",10,"D",.,"A",.,"A",.,"A",.,"A",0,"D",0,"D",30,"D",.,"A",0,"D",.,"A"
"20104",2210145,40,0,"1",.,"A",.,"A",.,"A",.,"A",.,"A",.,"A",.,"A",.,"A",.,"A",0,"D",0,"D",30,"D",30,"D",0,"D",.,"A"
"20104",2210175,43,0,"1",.,"A",.,"A",.,"A",.,"A",.,"A",.,"A",.,"A",.,"A",.,"A",.,"A",.,"A",.,"A",.,"A",.,"A",.,"A"
"20104",2210185,80,0,"1",.,"A",.,"A",.,"A",.,"A",.,"A",.,"A",.,"A",.,"A",.,"A",0,"D",0,"D",30,"D",75,"D",0,"D",.,"A"
"20104",2210195,63,0,"1",.,"A",.,"A",.,"A",.,"A",.,"A",.,"A",.,"A",.,"A",.,"A",.,"A",.,"A",.,"A",55,"D",.,"A",.,"A"
"20104",2210225,57,0,"1",68,"D",.,"A",.,"A",.,"A",172,"D",90,"D",.,"A",.,"A",.,"A",135,"D",0,"D",0,"D",180,"D",45,"D",.,"A"
"20104",2210245,49,0,"1",.,"A",.,"A",.,"A",.,"A",.,"A",150,"D",.,"A",39,"D",.,"A",.,"A",.,"A",.,"A",140,"D",.,"A",.,"A"
"20104",2210265,32,0,"1",.,"A",.,"A",.,"A",.,"A",26,"D",.,"A",.,"A",.,"A",.,"A",90,"D",0,"D",0,"D",10,"D",30,"D",.,"A"
"20104",2210285,72,0,"1",.,"A",.,"A",.,"A",.,"A",.,"A",60,"D",.,"A",.,"A",.,"A",.,"A",.,"A",.,"A",105,"D",.,"A",.,"A"
"20104",2210295,52,0,"1",.,"A",.,"A",.,"A",.,"A",.,"A",.,"A",.,"A",.,"A",.,"A",.,"A",.,"A",.,"A",50,"D",.,"A",.,"A"
"20104",2210305,59,0,"1",.,"A",.,"A",.,"A",.,"A",.,"A",.,"A",.,"A",.,"A",.,"A",.,"A",.,"A",.,"A",96,"F",.,"A",.,"A"
"20104",2210325,44,0,"1",.,"A",.,"A",.,"A",.,"A",.,"A",.,"A",.,"A",.,"A",.,"A",.,"A",.,"A",.,"A",135,"D",.,"A",.,"A"
"20104",2210355,60,0,"1",.,"A",.,"A",.,"A",.,"A",.,"A",.,"A",.,"A",.,"A",.,"A",.,"A",.,"A",.,"A",20,"D",.,"A",.,"A"
"20104",2210365,40,0,"1",.,"A",.,"A",.,"A",.,"A",.,"A",.,"A",364,"D",.,"A",6,"F",300,"D",3,"D",90,"F",400,"D",100,"D",.,"A"
"20104",2210375,49,0,"1",.,"A",.,"A",.,"A",.,"A",.,"A",.,"A",.,"A",.,"A",.,"A",.,"A",.,"A",.,"A",8,"D",.,"A",.,"A"
"20104",2210385,44,0,"1",.,"A",.,"A",.,"A",.,"A",.,"A",.,"A",195,"D",.,"A",.,"A",.,"A",.,"A",.,"A",.,"A",.,"A",.,"A"
"20104",2210395,76,0,"1",.,"A",.,"A",.,"A",.,"A",.,"A",.,"A",.,"A",.,"A",.,"A",.,"A",.,"A",.,"A",20,"D",.,"A",.,"A"
"20104",2210405,108,0,"1",.,"A",.,"A",.,"A",.,"A",.,"A",.,"A",.,"A",.,"A",.,"A",.,"A",.,"A",.,"A",185,"D",.,"A",.,"A"
"20104",2210415,54,0,"1",.,"A",.,"A",.,"A",.,"A",.,"A",.,"A",.,"A",299,"D",15,"F",.,"A",.,"A",.,"A",20,"D",.,"A",.,"A"
"20104",2210425,79,0,"1",.,"A",.,"A",.,"A",.,"A",.,"A",600,"D",.,"A",.,"A",15,"D",.,"A",.,"A",.,"A",234,"D",.,"A",.,"A"
"20104",2210435,107,0,"1",.,"A",.,"A",.,"A",.,"A",.,"A",.,"A",.,"A",.,"A",.,"A",.,"A",.,"A",.,"A",220,"D",.,"A",.,"A"
"20104",2210455,67,0,"1",.,"A",.,"A",.,"A",.,"A",.,"A",.,"A",.,"A",.,"A",.,"A",.,"A",.,"A",.,"A",30,"D",.,"A",.,"A"
"20104",2210475,74,0,"1",.,"A",.,"A",.,"A",.,"A",.,"A",.,"A",442,"D",.,"A",.,"A",.,"A",.,"A",.,"A",33,"D",.,"A",.,"A"
"20104",2210495,57,0,"1",.,"A",.,"A",.,"A",.,"A",.,"A",.,"A",.,"A",.,"A",.,"A",.,"A",.,"A",.,"A",.,"A",.,"A",.,"A"
"20104",2210525,55,0,"1",.,"A",.,"A",.,"A",.,"A",.,"A",.,"A",.,"A",.,"A",.,"A",.,"A",.,"A",.,"A",110,"D",.,"A",.,"A"
"20104",2210545,80,0,"1",.,"A",.,"A",.,"A",.,"A",.,"A",.,"A",.,"A",.,"A",.,"A",.,"A",.,"A",.,"A",360,"D",.,"A",.,"A"
"20104",2210585,39,0,"1",.,"A",.,"A",.,"A",.,"A",.,"A",.,"A",.,"A",.,"A",.,"A",.,"A",.,"A",.,"A",105,"D",.,"A",.,"A"
"20104",2210595,69,0,"1",.,"A",.,"A",.,"A",.,"A",.,"A",.,"A",130,"D",.,"A",.,"A",0,"D",0,"D",234,"D",.,"A",0,"D",.,"A"
"20104",2210605,46,0,"1",.,"A",.,"A",.,"A",.,"A",.,"A",.,"A",.,"A",.,"A",.,"A",.,"A",.,"A",.,"A",.,"A",.,"A",.,"A"
"20104",2210615,66,0,"1",.,"A",.,"A",.,"A",.,"A",.,"A",.,"A",.,"A",.,"A",.,"A",.,"A",.,"A",.,"A",450,"D",.,"A",.,"A"
"20104",2210625,77,0,"1",.,"A",.,"A",.,"A",.,"A",.,"A",.,"A",.,"A",.,"A",.,"A",.,"A",.,"A",.,"A",150,"D",.,"A",.,"A"
"20104",2210645,37,0,"1",.,"A",.,"A",.,"A",.,"A",.,"A",.,"A",.,"A",.,"A",.,"A",.,"A",.,"A",.,"A",.,"A",.,"A",.,"A"
"20104",2210665,96,0,"1",.,"A",.,"A",.,"A",.,"A",.,"A",.,"A",.,"A",.,"A",15,"D",.,"A",.,"A",.,"A",200,"D",.,"A",.,"A"
"20104",2210685,37,0,"1",.,"A",.,"A",.,"A",.,"A",.,"A",240,"D",.,"A",.,"A",.,"A",.,"A",.,"A",.,"A",50,"D",.,"A",.,"A"
"20104",2210705,104,0,"1",.,"A",.,"A",.,"A",.,"A",.,"A",5,"D",.,"A",.,"A",.,"A",.,"A",.,"A",.,"A",.,"A",.,"A",.,"A"
"20104",2210715,59,0,"1",10,"D",.,"A",.,"A",.,"A",0,"D",.,"A",.,"A",.,"A",.,"A",.,"A",.,"A",.,"A",150,"D",.,"A",.,"A"
"20104",2210725,69,0,"1",.,"A",.,"A",.,"A",.,"A",.,"A",.,"A",195,"D",.,"A",.,"A",.,"A",.,"A",.,"A",150,"D",.,"A",.,"A"
"20104",2210735,59,0,"1",.,"A",.,"A",.,"A",.,"A",.,"A",.,"A",.,"A",.,"A",.,"A",.,"A",.,"A",.,"A",33,"D",.,"A",.,"A"
"20104",2210745,38,0,"1",.,"A",.,"A",.,"A",.,"A",.,"A",.,"A",.,"A",130,"D",.,"A",.,"A",.,"A",.,"A",.,"A",.,"A",.,"A"
"20104",2210755,73,0,"1",.,"A",.,"A",.,"A",.,"A",.,"A",.,"A",.,"A",.,"A",.,"A",.,"A",.,"A",.,"A",.,"A",.,"A",.,"A"
"20104",2210765,83,0,"1",.,"A",.,"A",.,"A",.,"A",.,"A",100,"D",.,"A",.,"A",.,"A",.,"A",.,"A",.,"A",120,"D",.,"A",.,"A"
"20104",2210775,41,0,"1",.,"A",.,"A",.,"A",.,"A",.,"A",.,"A",.,"A",.,"A",.,"A",.,"A",.,"A",.,"A",.,"A",.,"A",.,"A"
"20104",2210785,46,0,"1",.,"A",.,"A",.,"A",.,"A",.,"A",.,"A",.,"A",.,"A",.,"A",.,"A",.,"A",.,"A",100,"D",.,"A",.,"A"
"20104",2210795,45,0,"1",.,"A",.,"A",.,"A",.,"A",.,"A",.,"A",.,"A",.,"A",.,"A",.,"A",.,"A",.,"A",.,"A",.,"A",.,"A"
"20104",2210815,76,0,"1",.,"A",.,"A",.,"A",.,"A",.,"A",75,"D",.,"A",.,"A",.,"A",.,"A",.,"A",.,"A",.,"A",.,"A",.,"A"
"20104",2210825,48,0,"1",.,"A",.,"A",.,"A",.,"A",.,"A",.,"A",.,"A",.,"A",18,"D",.,"A",.,"A",.,"A",.,"A",.,"A",.,"A"
"20104",2210835,53,0,"1",.,"A",.,"A",.,"A",.,"A",.,"A",.,"A",.,"A",.,"A",15,"D",.,"A",.,"A",.,"A",.,"A",.,"A",.,"A"
"20104",2210855,52,0,"1",.,"A",.,"A",.,"A",.,"A",.,"A",40,"D",.,"A",.,"A",.,"A",.,"A",.,"A",.,"A",30,"D",.,"A",.,"A"
"20104",2210865,29,0,"1",.,"A",.,"A",.,"A",.,"A",.,"A",.,"A",.,"A",.,"A",.,"A",.,"A",.,"A",.,"A",.,"A",.,"A",.,"A"
"20104",2210875,58,0,"1",.,"A",.,"A",.,"A",.,"A",.,"A",.,"A",650,"D",.,"A",30,"D",.,"A",.,"A",.,"A",.,"A",.,"A",.,"A"
"20104",2210885,75,0,"1",.,"A",.,"A",.,"A",.,"A",.,"A",.,"A",.,"A",.,"A",.,"A",.,"A",.,"A",.,"A",.,"A",.,"A",.,"A"
"20104",2210895,70,0,"1",.,"A",.,"A",.,"A",.,"A",.,"A",.,"A",.,"A",.,"A",.,"A",.,"A",.,"A",.,"A",52,"D",.,"A",.,"A"
"20104",2210915,59,0,"1",.,"A",.,"A",.,"A",.,"A",.,"A",.,"A",.,"A",.,"A",.,"A",.,"A",.,"A",.,"A",10,"D",.,"A",.,"A"
"20104",2210925,56,0,"1",.,"A",.,"A",.,"A",.,"A",.,"A",.,"A",.,"A",.,"A",.,"A",.,"A",.,"A",.,"A",20,"D",.,"A",.,"A"
"20104",2210935,48,0,"1",.,"A",.,"A",.,"A",.,"A",.,"A",.,"A",.,"A",.,"A",.,"A",.,"A",.,"A",.,"A",.,"A",.,"A",.,"A"
"20104",2210955,51,0,"1",.,"A",.,"A",.,"A",.,"A",.,"A",.,"A",.,"A",.,"A",.,"A",.,"A",.,"A",.,"A",486,"D",.,"A",.,"A"
"20104",2210965,79,0,"1",.,"A",.,"A",.,"A",.,"A",.,"A",.,"A",.,"A",.,"A",.,"A",.,"A",.,"A",.,"A",210,"D",.,"A",.,"A"
"20104",2210975,45,0,"1",.,"A",.,"A",.,"A",.,"A",.,"A",120,"D",.,"A",.,"A",.,"A",0,"D",0,"D",120,"D",140,"D",0,"D",.,"A"
"20104",2211035,93,0,"1",.,"A",.,"A",.,"A",.,"A",.,"A",.,"A",195,"D",.,"A",.,"A",.,"A",.,"A",.,"A",.,"A",.,"A",.,"A"
"20104",2211055,61,0,"1",.,"A",.,"A",.,"A",.,"A",.,"A",87,"D",.,"A",.,"A",.,"A",0,"D",0,"D",21,"D",42,"D",0,"D",.,"A"
"20104",2211065,38,0,"1",.,"A",.,"A",.,"A",.,"A",.,"A",.,"A",.,"A",.,"A",.,"A",.,"A",.,"A",.,"A",.,"A",.,"A",.,"A"
"20104",2211075,77,0,"1",.,"A",.,"A",.,"A",.,"A",.,"A",.,"A",.,"A",.,"A",.,"A",.,"A",.,"A",.,"A",426,"D",.,"A",.,"A"
"20104",2211085,53,0,"1",.,"A",.,"A",.,"A",.,"A",9,"D",.,"A",.,"A",.,"A",108,"D",6,"D",6,"D",6,"D",20,"D",2,"D",.,"A"
"20104",2211095,45,0,"1",.,"A",.,"A",.,"A",.,"A",.,"A",.,"A",.,"A",.,"A",.,"A",.,"A",.,"A",.,"A",100,"D",.,"A",.,"A"
"20104",2211145,78,0,"1",.,"A",.,"A",.,"A",.,"A",.,"A",150,"D",.,"A",.,"A",.,"A",.,"A",.,"A",.,"A",375,"D",.,"A",.,"A"
"20104",2211205,47,0,"1",.,"A",.,"A",.,"A",.,"A",.,"A",.,"A",.,"A",.,"A",.,"A",.,"A",.,"A",.,"A",.,"A",.,"A",.,"A"
"20104",2211215,51,0,"1",.,"A",.,"A",.,"A",.,"A",120,"D",.,"A",780,"D",.,"A",.,"A",.,"A",.,"A",.,"A",.,"A",.,"A",.,"A"
"20104",2211255,50,0,"1",.,"A",.,"A",.,"A",.,"A",.,"A",.,"A",.,"A",.,"A",.,"A",.,"A",.,"A",.,"A",.,"A",.,"A",.,"A"
"20104",2211265,33,0,"1",.,"A",.,"A",.,"A",.,"A",.,"A",.,"A",.,"A",.,"A",.,"A",30,"D",0,"D",0,"D",.,"A",10,"D",.,"A"
"20104",2211285,60,0,"1",.,"A",.,"A",.,"A",.,"A",.,"A",.,"A",.,"A",130,"D",.,"A",.,"A",.,"A",.,"A",200,"D",.,"A",.,"A"
"20104",2211315,23,0,"1",.,"A",.,"A",.,"A",.,"A",.,"A",.,"A",.,"A",.,"A",.,"A",.,"A",.,"A",.,"A",.,"A",.,"A",.,"A"
"20104",2211325,50,0,"1",.,"A",.,"A",.,"A",.,"A",.,"A",.,"A",390,"D",.,"A",.,"A",.,"A",.,"A",.,"A",60,"D",.,"A",.,"A"
"20104",2211355,83,0,"1",.,"A",.,"A",.,"A",.,"A",.,"A",.,"A",.,"A",.,"A",.,"A",.,"A",.,"A",.,"A",200,"D",.,"A",.,"A"
"20104",2211365,50,0,"1",.,"A",.,"A",.,"A",.,"A",.,"A",.,"A",.,"A",.,"A",.,"A",.,"A",.,"A",.,"A",32,"D",.,"A",.,"A"
"20104",2211385,25,0,"1",.,"A",.,"A",.,"A",.,"A",.,"A",.,"A",.,"A",.,"A",.,"A",.,"A",.,"A",.,"A",.,"A",.,"A",.,"A"
"20104",2211395,78,0,"1",.,"A",.,"A",.,"A",.,"A",.,"A",.,"A",.,"A",.,"A",.,"A",.,"A",.,"A",.,"A",.,"A",.,"A",.,"A"
"20104",2211405,49,0,"1",.,"A",.,"A",.,"A",.,"A",.,"A",.,"A",.,"A",.,"A",.,"A",.,"A",.,"A",.,"A",40,"F",.,"A",.,"A"
"20104",2211445,69,0,"1",.,"A",.,"A",.,"A",.,"A",.,"A",.,"A",.,"A",.,"A",9,"D",.,"A",.,"A",.,"A",28,"D",.,"A",.,"A"
"20104",2211465,78,0,"1",.,"A",.,"A",.,"A",.,"A",.,"A",.,"A",.,"A",39,"D",.,"A",.,"A",.,"A",.,"A",60,"D",.,"A",.,"A"
"20104",2211475,60,0,"1",.,"A",.,"A",.,"A",.,"A",.,"A",50,"D",.,"A",.,"A",.,"A",.,"A",.,"A",.,"A",130,"D",.,"A",.,"A"
"20104",2211485,36,0,"1",.,"A",.,"A",.,"A",.,"A",.,"A",.,"A",.,"A",.,"A",.,"A",.,"A",.,"A",.,"A",36,"F",.,"A",.,"A"
"20104",2211495,47,0,"1",.,"A",.,"A",.,"A",.,"A",.,"A",.,"A",455,"F",.,"A",.,"A",.,"A",.,"A",.,"A",225,"D",.,"A",.,"A"
"20104",2211505,81,0,"1",.,"A",.,"A",.,"A",.,"A",.,"A",.,"A",.,"A",.,"A",.,"A",.,"A",.,"A",.,"A",12,"D",.,"A",.,"A"
"20104",2211525,39,0,"1",.,"A",.,"A",.,"A",.,"A",.,"A",.,"A",.,"A",.,"A",.,"A",.,"A",.,"A",.,"A",50,"D",.,"A",.,"A"
"20104",2211535,42,0,"1",.,"A",.,"A",.,"A",.,"A",.,"A",.,"A",.,"A",.,"A",.,"A",.,"A",.,"A",.,"A",150,"D",.,"A",.,"A"
"20104",2211545,40,0,"1",.,"A",.,"A",.,"A",.,"A",.,"A",.,"A",.,"A",.,"A",.,"A",.,"A",.,"A",.,"A",.,"A",.,"A",.,"A"
"20104",2211555,57,0,"1",.,"A",.,"A",.,"A",.,"A",.,"A",.,"A",.,"A",.,"A",.,"A",.,"A",.,"A",.,"A",20,"D",.,"A",.,"A"
"20104",2211565,90,0,"1",.,"A",.,"A",20,"D",.,"A",.,"A",40,"D",.,"A",.,"A",360,"D",.,"A",.,"A",.,"A",725,"D",.,"A",.,"A"
"20104",2211575,49,0,"1",.,"A",.,"A",.,"A",.,"A",.,"A",.,"A",.,"A",.,"A",.,"A",.,"A",.,"A",.,"A",.,"A",.,"A",.,"A"
"20104",2211675,40,0,"1",.,"A",.,"A",.,"A",.,"A",.,"A",.,"A",.,"A",.,"A",.,"A",.,"A",.,"A",.,"A",.,"A",.,"A",.,"A"
"20104",2211685,55,0,"1",.,"A",.,"A",.,"A",.,"A",.,"A",.,"A",.,"A",.,"A",.,"A",.,"A",.,"A",.,"A",120,"D",.,"A",.,"A"
"20104",2211695,43,0,"1",.,"A",.,"A",.,"A",108,"D",.,"A",.,"A",.,"A",.,"A",.,"A",.,"A",.,"A",.,"A",.,"A",.,"A",.,"A"
"20104",2211705,42,0,"1",.,"A",.,"A",.,"A",.,"A",.,"A",.,"A",.,"A",.,"A",.,"A",.,"A",.,"A",.,"A",.,"A",.,"A",.,"A"
"20104",2211715,75,0,"1",.,"A",.,"A",.,"A",.,"A",.,"A",.,"A",910,"D",.,"A",.,"A",.,"A",.,"A",.,"A",.,"A",.,"A",.,"A"
"20104",2211735,51,0,"1",.,"A",.,"A",.,"A",.,"A",.,"A",.,"A",.,"A",.,"A",.,"A",.,"A",.,"A",.,"A",.,"A",.,"A",.,"A"
"20104",2211775,38,0,"1",.,"A",.,"A",.,"A",.,"A",.,"A",.,"A",.,"A",.,"A",.,"A",.,"A",.,"A",.,"A",.,"A",.,"A",.,"A"
"20104",2211785,58,0,"1",.,"A",.,"A",.,"A",.,"A",10,"D",.,"A",.,"A",.,"A",.,"A",.,"A",.,"A",.,"A",30,"D",.,"A",.,"A"
"20104",2211795,59,0,"1",.,"A",.,"A",20,"D",.,"A",.,"A",.,"A",1560,"D",.,"A",.,"A",.,"A",.,"A",.,"A",.,"A",.,"A",.,"A"
"20104",2211825,67,0,"1",.,"A",.,"A",.,"A",.,"A",.,"A",.,"A",.,"A",.,"A",.,"A",.,"A",.,"A",.,"A",45,"D",.,"A",.,"A"
"20104",2211835,58,0,"1",10,"D",.,"A",.,"A",.,"A",20,"D",100,"D",.,"A",.,"A",.,"A",.,"A",.,"A",.,"A",460,"D",.,"A",.,"A"
"20104",2211855,26,0,"1",.,"A",.,"A",.,"A",.,"A",180,"D",.,"A",.,"A",.,"A",.,"A",.,"A",.,"A",.,"A",.,"A",.,"A",.,"A"
"20104",2211885,50,0,"1",.,"A",.,"A",.,"A",.,"A",.,"A",.,"A",.,"A",.,"A",.,"A",.,"A",.,"A",.,"A",.,"A",.,"A",.,"A"
"20104",2211895,46,0,"1",.,"A",.,"A",.,"A",.,"A",.,"A",.,"A",.,"A",.,"A",.,"A",.,"A",.,"A",.,"A",.,"A",.,"A",.,"A"
"20104",2211915,61,0,"1",.,"A",.,"A",.,"A",.,"A",.,"A",.,"A",286,"D",.,"A",.,"A",.,"A",.,"A",.,"A",.,"A",.,"A",.,"A"
"20104",2211935,49,0,"1",.,"A",.,"A",.,"A",125,"D",.,"A",.,"A",.,"A",.,"A",.,"A",.,"A",.,"A",.,"A",45,"D",.,"A",.,"A"
"20104",2211955,35,0,"1",.,"A",.,"A",.,"A",.,"A",.,"A",.,"A",.,"A",.,"A",.,"A",.,"A",.,"A",.,"A",.,"A",.,"A",.,"A"
"20104",2211965,84,0,"1",.,"A",.,"A",.,"A",.,"A",.,"A",.,"A",.,"A",.,"A",.,"A",.,"A",.,"A",.,"A",36,"D",.,"A",.,"A"
"20104",2211975,67,0,"1",.,"A",.,"A",.,"A",.,"A",.,"A",.,"A",910,"D",.,"A",63,"D",.,"A",.,"A",.,"A",70,"D",.,"A",.,"A"
"20104",2211985,58,0,"1",.,"A",.,"A",.,"A",.,"A",.,"A",.,"A",208,"D",.,"A",.,"A",.,"A",.,"A",.,"A",.,"A",.,"A",.,"A"
"20104",2212005,36,0,"1",.,"A",.,"A",.,"A",.,"A",.,"A",.,"A",585,"D",.,"A",.,"A",.,"A",.,"A",.,"A",.,"A",.,"A",.,"A"
"20104",2212015,28,0,"1",.,"A",.,"A",.,"A",.,"A",.,"A",.,"A",.,"A",.,"A",.,"A",.,"A",.,"A",.,"A",.,"A",.,"A",.,"A"
"20104",2212035,43,0,"1",.,"A",.,"A",.,"A",.,"A",.,"A",25,"D",.,"A",.,"A",.,"A",.,"A",.,"A",.,"A",.,"A",.,"A",.,"A"
"20104",2212075,36,0,"1",.,"A",.,"A",.,"A",.,"A",.,"A",.,"A",.,"A",.,"A",.,"A",12,"D",0,"D",12,"D",120,"D",4,"D",.,"A"
"20104",2212085,85,0,"1",.,"A",.,"A",.,"A",.,"A",.,"A",24,"D",.,"A",.,"A",78,"D",0,"D",120,"D",54,"D",.,"A",0,"D",.,"A"
"20104",2212115,71,0,"1",.,"A",.,"A",.,"A",.,"A",.,"A",.,"A",.,"A",.,"A",.,"A",.,"A",.,"A",.,"A",30,"D",.,"A",.,"A"
"20104",2212125,76,0,"1",.,"A",.,"A",.,"A",.,"A",.,"A",28,"D",.,"A",.,"A",.,"A",.,"A",.,"A",.,"A",75,"D",.,"A",.,"A"
"20104",2212135,48,0,"1",.,"A",.,"A",.,"A",.,"A",.,"A",.,"A",.,"A",.,"A",.,"A",.,"A",.,"A",.,"A",95,"D",.,"A",.,"A"
"20104",2212145,50,0,"1",.,"A",.,"A",.,"A",.,"A",.,"A",.,"A",455,"D",.,"A",15,"D",.,"A",.,"A",.,"A",.,"A",.,"A",.,"A"
"20104",2212155,54,0,"1",.,"A",.,"A",.,"A",.,"A",.,"A",.,"A",182,"D",.,"A",72,"D",.,"A",.,"A",.,"A",100,"D",.,"A",.,"A"
"20104",2212175,70,0,"1",.,"A",.,"A",.,"A",.,"A",.,"A",.,"A",.,"A",.,"A",.,"A",.,"A",.,"A",.,"A",30,"D",.,"A",.,"A"
"20104",2212185,33,0,"1",7,"D",.,"A",.,"A",.,"A",19,"D",.,"A",.,"A",.,"A",.,"A",.,"A",.,"A",.,"A",15,"D",.,"A",.,"A"
"20104",2212195,82,0,"1",.,"A",.,"A",.,"A",.,"A",.,"A",.,"A",.,"A",.,"A",.,"A",.,"A",.,"A",.,"A",125,"D",.,"A",.,"A"
"20104",2212215,48,0,"1",.,"A",.,"A",.,"A",.,"A",.,"A",20,"D",.,"A",.,"A",.,"A",.,"A",.,"A",.,"A",48,"D",.,"A",.,"A"
"20104",2212245,73,0,"1",.,"A",.,"A",30,"D",.,"A",.,"A",.,"A",.,"A",.,"A",.,"A",.,"A",.,"A",.,"A",24,"D",.,"A",.,"A"
"20104",2212255,50,0,"1",.,"A",.,"A",.,"A",.,"A",.,"A",.,"A",.,"A",.,"A",.,"A",.,"A",.,"A",.,"A",.,"A",.,"A",.,"A"
"20104",2212295,49,0,"1",.,"A",.,"A",.,"A",.,"A",.,"A",.,"A",.,"A",.,"A",.,"A",0,"D",0,"D",30,"D",90,"D",0,"D",.,"A"
"20104",2212325,52,0,"1",.,"A",.,"A",.,"A",.,"A",.,"A",180,"D",.,"A",.,"A",.,"A",.,"A",.,"A",.,"A",240,"D",.,"A",.,"A"
"20104",2212335,47,0,"1",.,"A",.,"A",.,"A",.,"A",.,"A",.,"A",.,"A",.,"A",.,"A",.,"A",.,"A",.,"A",.,"A",.,"A",.,"A"
"20104",2212345,40,0,"1",.,"A",.,"A",.,"A",.,"A",.,"A",.,"A",.,"A",.,"A",.,"A",.,"A",.,"A",.,"A",.,"A",.,"A",.,"A"
"20104",2212365,79,0,"1",.,"A",.,"A",.,"A",.,"A",.,"A",200,"D",.,"A",.,"A",.,"A",.,"A",.,"A",.,"A",300,"D",.,"A",.,"A"
"20104",2212375,34,0,"1",.,"A",.,"A",.,"A",.,"A",.,"A",.,"A",.,"A",.,"A",.,"A",.,"A",.,"A",.,"A",10,"D",.,"A",.,"A"
"20104",2212385,54,0,"1",.,"A",.,"A",.,"A",.,"A",.,"A",.,"A",.,"A",.,"A",.,"A",.,"A",.,"A",.,"A",.,"A",.,"A",.,"A"
"20104",2212395,55,0,"1",.,"A",.,"A",.,"A",.,"A",.,"A",.,"A",.,"A",.,"A",.,"A",.,"A",.,"A",.,"A",.,"A",.,"A",.,"A"
"20104",2212405,62,0,"1",.,"A",.,"A",.,"A",.,"A",.,"A",300,"D",.,"A",.,"A",.,"A",.,"A",.,"A",.,"A",110,"D",.,"A",.,"A"
"20104",2212425,45,0,"1",.,"A",.,"A",.,"A",.,"A",.,"A",.,"A",390,"D",.,"A",.,"A",.,"A",.,"A",.,"A",20,"D",.,"A",.,"A"
"20104",2212445,70,0,"1",.,"A",.,"A",.,"A",.,"A",.,"A",.,"A",.,"A",.,"A",.,"A",.,"A",.,"A",.,"A",336,"D",.,"A",.,"A"
"20104",2212455,38,0,"1",.,"A",.,"A",.,"A",.,"A",.,"A",.,"A",.,"A",.,"A",.,"A",.,"A",.,"A",.,"A",.,"A",.,"A",.,"A"
"20104",2212465,60,0,"1",.,"A",.,"A",.,"A",.,"A",.,"A",.,"A",.,"A",.,"A",.,"A",.,"A",.,"A",.,"A",.,"A",.,"A",.,"A"
"20104",2212495,63,0,"1",.,"A",.,"A",.,"A",.,"A",.,"A",.,"A",.,"A",.,"A",.,"A",.,"A",.,"A",.,"A",.,"A",.,"A",.,"A"
"20104",2212515,50,0,"1",.,"A",.,"A",.,"A",.,"A",.,"A",85,"D",.,"A",.,"A",75,"D",.,"A",.,"A",.,"A",240,"D",.,"A",.,"A"
"20104",2212535,40,0,"1",.,"A",.,"A",.,"A",.,"A",.,"A",.,"A",.,"A",.,"A",.,"A",.,"A",.,"A",.,"A",.,"A",.,"A",.,"A"
"20104",2212555,54,0,"1",.,"A",.,"A",.,"A",.,"A",.,"A",45,"D",.,"A",.,"A",.,"A",.,"A",.,"A",.,"A",30,"D",.,"A",.,"A"
"20104",2212565,39,0,"1",15,"D",.,"A",.,"A",25,"D",60,"D",45,"D",.,"A",.,"A",18,"D",267,"D",0,"D",0,"D",.,"A",89,"D",.,"A"
"20104",2212585,37,0,"1",.,"A",.,"A",.,"A",.,"A",.,"A",80,"D",.,"A",.,"A",.,"A",.,"A",.,"A",.,"A",75,"D",.,"A",.,"A"
"20104",2212625,38,0,"1",.,"A",.,"A",.,"A",.,"A",.,"A",.,"A",.,"A",.,"A",.,"A",.,"A",.,"A",.,"A",.,"A",.,"A",.,"A"
"20104",2212655,67,0,"1",43,"D",.,"A",.,"A",.,"A",0,"D",60,"D",260,"D",.,"A",30,"D",.,"A",.,"A",.,"A",25,"D",.,"A",.,"A"
"20104",2212665,63,0,"1",.,"A",.,"A",.,"A",.,"A",.,"A",10,"D",.,"A",.,"A",.,"A",.,"A",.,"A",.,"A",55,"D",.,"A",.,"A"
"20104",2212675,47,0,"1",.,"A",.,"A",.,"A",.,"A",.,"A",.,"A",780,"D",.,"A",24,"D",.,"A",.,"A",.,"A",60,"D",.,"A",.,"A"
"20104",2212695,64,0,"1",.,"A",.,"A",.,"A",.,"A",36,"D",.,"A",.,"A",.,"A",.,"A",.,"A",.,"A",.,"A",100,"D",.,"A",.,"A"
"20104",2212705,65,0,"1",.,"A",.,"A",.,"A",.,"A",.,"A",30,"D",.,"A",.,"A",24,"D",.,"A",.,"A",.,"A",60,"D",.,"A",.,"A"
"20104",2212715,52,0,"1",.,"A",.,"A",.,"A",.,"A",.,"A",.,"A",.,"A",.,"A",.,"A",.,"A",.,"A",.,"A",45,"D",.,"A",.,"A"
"20104",2212725,40,0,"1",.,"A",.,"A",.,"A",.,"A",.,"A",.,"A",.,"A",.,"A",.,"A",.,"A",.,"A",.,"A",20,"D",.,"A",.,"A"
"20104",2212745,27,0,"1",.,"A",.,"A",.,"A",.,"A",.,"A",.,"A",.,"A",.,"A",.,"A",195,"D",0,"D",120,"F",160,"D",65,"D",.,"A"
"20104",2212755,44,0,"1",.,"A",.,"A",.,"A",.,"A",20,"D",.,"A",.,"A",.,"A",.,"A",0,"D",0,"D",240,"D",.,"A",0,"D",.,"A"
"20104",2212835,39,0,"1",.,"A",.,"A",.,"A",.,"A",.,"A",.,"A",390,"F",.,"A",.,"A",.,"A",.,"A",.,"A",.,"A",.,"A",.,"A"
"20104",2212845,57,0,"1",.,"A",.,"A",.,"A",.,"A",.,"A",.,"A",650,"D",.,"A",.,"A",.,"A",.,"A",.,"A",.,"A",.,"A",.,"A"
"20104",2212855,44,0,"1",.,"A",.,"A",.,"A",.,"A",.,"A",.,"A",611,"D",.,"A",.,"A",.,"A",.,"A",.,"A",40,"D",.,"A",.,"A"
"20104",2212885,21,0,"1",.,"A",.,"A",.,"A",.,"A",.,"A",.,"A",.,"A",.,"A",.,"A",.,"A",.,"A",.,"A",.,"A",.,"A",.,"A"
"20104",2212905,55,0,"1",.,"A",.,"A",.,"A",.,"A",.,"A",.,"A",.,"A",.,"A",.,"A",.,"A",.,"A",.,"A",120,"D",.,"A",.,"A"
"20104",2212915,81,0,"1",.,"A",.,"A",.,"A",.,"A",.,"A",.,"A",.,"A",.,"A",.,"A",.,"A",.,"A",.,"A",105,"D",.,"A",.,"A"
"20104",2212935,27,0,"1",.,"A",.,"A",.,"A",.,"A",.,"A",.,"A",.,"A",.,"A",.,"A",.,"A",.,"A",.,"A",.,"A",.,"A",.,"A"
"20104",2212945,39,0,"1",.,"A",.,"A",.,"A",.,"A",60,"D",.,"A",.,"A",.,"A",60,"D",486,"D",0,"D",0,"D",600,"D",162,"D",.,"A"
"20104",2212955,50,0,"1",.,"A",.,"A",.,"A",.,"A",.,"A",.,"A",.,"A",.,"A",.,"A",.,"A",.,"A",.,"A",200,"D",.,"A",.,"A"
"20104",2212965,52,0,"1",.,"A",.,"A",.,"A",.,"A",.,"A",.,"A",.,"A",.,"A",.,"A",.,"A",.,"A",.,"A",210,"D",.,"A",.,"A"
"20104",2213005,55,0,"1",.,"A",.,"A",.,"A",.,"A",.,"A",.,"A",390,"D",.,"A",.,"A",.,"A",.,"A",.,"A",.,"A",.,"A",.,"A"
"20104",2213015,56,0,"1",.,"A",.,"A",.,"A",.,"A",.,"A",.,"A",.,"A",.,"A",.,"A",.,"A",.,"A",.,"A",250,"D",.,"A",.,"A"
"20104",2213025,35,0,"1",.,"A",.,"A",.,"A",.,"A",.,"A",.,"A",1300,"D",.,"A",.,"A",.,"A",.,"A",.,"A",.,"A",.,"A",.,"A"
"20104",2213055,60,0,"1",.,"A",.,"A",.,"A",.,"A",.,"A",.,"A",.,"A",.,"A",.,"A",.,"A",.,"A",.,"A",60,"D",.,"A",.,"A"
"20104",2213065,73,0,"1",.,"A",.,"A",.,"A",.,"A",.,"A",30,"D",.,"A",.,"A",.,"A",.,"A",.,"A",.,"A",100,"D",.,"A",.,"A"
"20104",2213075,53,0,"1",.,"A",.,"A",.,"A",.,"A",.,"A",.,"A",.,"A",.,"A",.,"A",.,"A",.,"A",.,"A",.,"A",.,"A",.,"A"
"20104",2213085,63,0,"1",.,"A",.,"A",.,"A",.,"A",.,"A",.,"A",.,"A",.,"A",.,"A",.,"A",.,"A",.,"A",81,"D",.,"A",.,"A"
"20104",2213105,38,0,"1",.,"A",.,"A",.,"A",.,"A",.,"A",.,"A",260,"D",.,"A",9,"D",.,"A",.,"A",.,"A",.,"A",.,"A",.,"A"
"20104",2213115,52,0,"1",.,"A",.,"A",.,"A",.,"A",.,"A",.,"A",.,"A",.,"A",.,"A",.,"A",.,"A",.,"A",75,"D",.,"A",.,"A"
"20104",2213145,67,0,"1",.,"A",.,"A",.,"A",.,"A",.,"A",20,"D",.,"A",.,"A",.,"A",.,"A",.,"A",.,"A",108,"D",.,"A",.,"A"
"20104",2213165,62,0,"1",.,"A",.,"A",.,"A",.,"A",.,"A",30,"D",.,"A",.,"A",.,"A",.,"A",.,"A",.,"A",180,"D",.,"A",.,"A"
"20104",2213185,70,0,"1",.,"A",.,"A",.,"A",.,"A",.,"A",10,"D",.,"A",.,"A",.,"A",.,"A",.,"A",.,"A",62,"D",.,"A",.,"A"
"20104",2213215,33,0,"1",.,"A",.,"A",.,"A",.,"A",.,"A",.,"A",.,"A",195,"D",.,"A",.,"A",.,"A",.,"A",10,"D",.,"A",.,"A"
"20104",2213265,39,0,"1",.,"A",.,"A",.,"A",.,"A",.,"A",.,"A",.,"A",.,"A",.,"A",.,"A",.,"A",.,"A",.,"A",.,"A",.,"A"
"20104",2213275,31,0,"1",.,"A",.,"A",.,"A",.,"A",.,"A",.,"A",520,"D",.,"A",.,"A",.,"A",.,"A",.,"A",.,"A",.,"A",.,"A"
"20104",2213285,78,0,"1",.,"A",.,"A",.,"A",.,"A",.,"A",85,"D",.,"A",.,"A",30,"D",.,"A",.,"A",.,"A",100,"D",.,"A",.,"A"
"20104",2213305,47,0,"1",.,"A",.,"A",.,"A",.,"A",.,"A",.,"A",.,"A",.,"A",30,"D",.,"A",.,"A",.,"A",60,"D",.,"A",.,"A"
"20104",2213315,67,0,"1",.,"A",.,"A",.,"A",.,"A",.,"A",.,"A",.,"A",.,"A",.,"A",.,"A",.,"A",.,"A",12,"D",.,"A",.,"A"
"20104",2213325,58,0,"1",.,"A",.,"A",.,"A",.,"A",.,"A",.,"A",.,"A",.,"A",.,"A",.,"A",.,"A",.,"A",12,"D",.,"A",.,"A"
"20104",2213365,42,0,"1",.,"A",.,"A",.,"A",.,"A",60,"D",.,"A",.,"A",.,"A",.,"A",.,"A",.,"A",.,"A",50,"D",.,"A",.,"A"
"20104",2213375,77,0,"1",.,"A",.,"A",.,"A",.,"A",.,"A",60,"D",130,"D",.,"A",.,"A",.,"A",.,"A",.,"A",100,"D",.,"A",.,"A"
"20104",2213385,31,0,"1",.,"A",.,"A",.,"A",.,"A",.,"A",.,"A",.,"A",.,"A",.,"A",.,"A",.,"A",.,"A",.,"A",.,"A",.,"A"
"20104",2213395,38,0,"1",.,"A",.,"A",.,"A",.,"A",.,"A",100,"D",.,"A",.,"A",.,"A",.,"A",.,"A",.,"A",50,"D",.,"A",.,"A"
"20104",2213425,43,0,"1",.,"A",.,"A",.,"A",.,"A",.,"A",.,"A",.,"A",.,"A",.,"A",.,"A",.,"A",.,"A",100,"D",.,"A",.,"A"
"20104",2213435,54,0,"1",.,"A",.,"A",.,"A",.,"A",.,"A",100,"D",.,"A",.,"A",.,"A",.,"A",.,"A",.,"A",150,"D",.,"A",.,"A"
"20104",2213445,70,0,"1",.,"A",.,"A",.,"A",.,"A",.,"A",.,"A",.,"A",.,"A",6,"D",.,"A",.,"A",.,"A",79,"D",.,"A",.,"A"
"20104",2213505,64,0,"1",.,"A",.,"A",.,"A",.,"A",.,"A",.,"A",.,"A",.,"A",.,"A",.,"A",.,"A",.,"A",105,"D",.,"A",.,"A"
"20104",2213515,28,0,"1",.,"A",.,"A",.,"A",.,"A",.,"A",.,"A",.,"A",.,"A",.,"A",.,"A",.,"A",.,"A",60,"D",.,"A",.,"A"
"20104",2213525,42,0,"1",.,"A",.,"A",.,"A",.,"A",.,"A",.,"A",.,"A",.,"A",.,"A",.,"A",.,"A",.,"A",.,"A",.,"A",.,"A"
"20104",2213535,52,0,"1",.,"A",.,"A",.,"A",.,"A",.,"A",.,"A",.,"A",.,"A",.,"A",.,"A",.,"A",.,"A",.,"A",.,"A",.,"A"
"20104",2213545,53,0,"1",.,"A",.,"A",.,"A",.,"A",.,"A",30,"D",.,"A",195,"D",.,"A",.,"A",.,"A",.,"A",150,"D",.,"A",.,"A"
"20104",2213565,51,0,"1",.,"A",.,"A",.,"A",.,"A",.,"A",.,"A",.,"A",.,"A",.,"A",.,"A",.,"A",.,"A",660,"D",.,"A",.,"A"
"20104",2213575,62,0,"1",.,"A",.,"A",.,"A",.,"A",75,"D",.,"A",.,"A",.,"A",.,"A",.,"A",.,"A",.,"A",.,"A",.,"A",.,"A"
"20104",2213635,57,0,"1",.,"A",.,"A",.,"A",.,"A",.,"A",.,"A",.,"A",.,"A",.,"A",.,"A",.,"A",.,"A",17,"D",.,"A",.,"A"
"20104",2213645,36,0,"1",.,"A",.,"A",.,"A",.,"A",45,"D",.,"A",.,"A",.,"A",.,"A",.,"A",.,"A",.,"A",50,"D",.,"A",.,"A"
"20104",2213655,56,0,"1",.,"A",.,"A",.,"A",.,"A",.,"A",.,"A",.,"A",.,"A",.,"A",.,"A",.,"A",.,"A",.,"A",.,"A",.,"A"
"20104",2213665,118,0,"1",.,"A",.,"A",.,"A",.,"A",.,"A",9,"D",325,"D",.,"A",.,"A",.,"A",.,"A",.,"A",295,"D",.,"A",.,"A"
"20104",2213675,53,0,"1",.,"A",.,"A",.,"A",.,"A",.,"A",.,"A",.,"A",.,"A",.,"A",.,"A",.,"A",.,"A",330,"D",.,"A",.,"A"
"20104",2213715,46,0,"1",.,"A",.,"A",.,"A",.,"A",.,"A",.,"A",.,"A",.,"A",.,"A",.,"A",.,"A",.,"A",.,"A",.,"A",.,"A"
"20104",2213725,56,0,"1",.,"A",.,"A",.,"A",.,"A",.,"A",.,"A",.,"A",.,"A",.,"A",.,"A",.,"A",.,"A",100,"D",.,"A",.,"A"
"20104",2213735,42,0,"1",.,"A",.,"A",.,"A",.,"A",.,"A",.,"A",.,"A",.,"A",.,"A",.,"A",.,"A",.,"A",.,"A",.,"A",.,"A"
"20104",2213745,47,0,"1",.,"A",.,"A",.,"A",.,"A",.,"A",.,"A",.,"A",.,"A",.,"A",.,"A",.,"A",.,"A",75,"D",.,"A",.,"A"
"20104",2213785,48,0,"1",.,"A",.,"A",.,"A",.,"A",.,"A",.,"A",.,"A",.,"A",.,"A",.,"A",.,"A",.,"A",15,"D",.,"A",.,"A"
"20104",2213795,46,0,"1",.,"A",.,"A",.,"A",.,"A",.,"A",.,"A",.,"A",.,"A",9,"D",.,"A",.,"A",.,"A",40,"D",.,"A",.,"A"
"20104",2213805,55,0,"1",.,"A",.,"A",.,"A",.,"A",.,"A",.,"A",.,"A",.,"A",.,"A",0,"D",0,"D",0,"D",.,"A",0,"D",.,"A"
"20104",2213815,33,0,"1",.,"A",.,"A",.,"A",.,"A",.,"A",.,"A",.,"A",.,"A",.,"A",.,"A",.,"A",.,"A",.,"A",.,"A",.,"A"
"20104",2213835,52,0,"1",.,"A",.,"A",.,"A",.,"A",.,"A",.,"A",.,"A",.,"A",.,"A",.,"A",.,"A",.,"A",300,"D",.,"A",.,"A"
"20104",2213845,26,0,"1",.,"A",.,"A",.,"A",.,"A",.,"A",.,"A",195,"D",.,"A",.,"A",0,"D",0,"D",0,"D",.,"A",0,"D",.,"A"
"20104",2213865,53,0,"1",13,"D",.,"A",.,"A",120,"D",32,"D",60,"D",.,"A",.,"A",78,"D",180,"D",0,"D",0,"D",107,"D",60,"D",.,"A"
"20104",2213875,35,0,"1",.,"A",.,"A",.,"A",.,"A",.,"A",.,"A",.,"A",.,"A",.,"A",.,"A",.,"A",.,"A",45,"D",.,"A",.,"A"
"20104",2213915,56,0,"1",.,"A",.,"A",.,"A",.,"A",.,"A",.,"A",195,"D",.,"A",.,"A",.,"A",.,"A",.,"A",50,"D",.,"A",.,"A"
"20104",2213925,27,0,"1",.,"A",.,"A",.,"A",.,"A",150,"D",.,"A",.,"A",.,"A",.,"A",0,"D",0,"D",540,"D",60,"D",0,"D",.,"A"
"20104",2213935,45,0,"1",.,"A",.,"A",.,"A",.,"A",.,"A",.,"A",.,"A",.,"A",.,"A",.,"A",.,"A",.,"A",16,"D",.,"A",.,"A"
"20104",2213945,55,0,"1",.,"A",.,"A",.,"A",.,"A",.,"A",.,"A",.,"A",.,"A",.,"A",.,"A",.,"A",.,"A",120,"D",.,"A",.,"A"
"20104",2213965,43,0,"1",.,"A",.,"A",.,"A",200,"D",.,"A",.,"A",260,"D",.,"A",.,"A",.,"A",.,"A",.,"A",.,"A",.,"A",.,"A"
"20104",2213985,26,0,"1",.,"A",.,"A",.,"A",.,"A",36,"D",.,"A",468,"D",.,"A",.,"A",.,"A",.,"A",.,"A",.,"A",.,"A",.,"A"
"20104",2213995,48,0,"1",.,"A",.,"A",.,"A",.,"A",.,"A",.,"A",.,"A",.,"A",.,"A",.,"A",.,"A",.,"A",186,"D",.,"A",.,"A"
"20104",2214005,48,0,"1",.,"A",.,"A",.,"A",.,"A",.,"A",.,"A",.,"A",.,"A",.,"A",.,"A",.,"A",.,"A",.,"A",.,"A",.,"A"
"20104",2214035,28,0,"1",.,"A",.,"A",.,"A",.,"A",.,"A",.,"A",.,"A",.,"A",.,"A",.,"A",.,"A",.,"A",.,"A",.,"A",.,"A"
"20104",2214065,49,0,"1",.,"A",.,"A",.,"A",.,"A",.,"A",.,"A",.,"A",.,"A",.,"A",.,"A",.,"A",.,"A",.,"A",.,"A",.,"A"
"20104",2214075,44,0,"1",.,"A",.,"A",.,"A",.,"A",.,"A",.,"A",.,"A",.,"A",.,"A",.,"A",.,"A",.,"A",.,"A",.,"A",.,"A"
"20104",2214085,48,0,"1",.,"A",.,"A",.,"A",.,"A",.,"A",.,"A",.,"A",.,"A",.,"A",.,"A",.,"A",.,"A",50,"D",.,"A",.,"A"
"20104",2214095,79,0,"1",.,"A",.,"A",.,"A",.,"A",.,"A",.,"A",156,"D",.,"A",15,"D",.,"A",.,"A",.,"A",.,"A",.,"A",.,"A"
"20104",2214105,53,0,"1",.,"A",.,"A",.,"A",.,"A",.,"A",.,"A",.,"A",.,"A",15,"D",.,"A",.,"A",.,"A",335,"D",.,"A",.,"A"
"20104",2214115,32,0,"1",.,"A",.,"A",.,"A",.,"A",.,"A",.,"A",338,"D",.,"A",.,"A",.,"A",.,"A",.,"A",.,"A",.,"A",.,"A"
"20104",2214125,32,0,"1",.,"A",.,"A",.,"A",.,"A",.,"A",.,"A",.,"A",.,"A",.,"A",.,"A",.,"A",.,"A",.,"A",.,"A",.,"A"
"20104",2214135,36,0,"1",.,"A",.,"A",.,"A",.,"A",.,"A",.,"A",.,"A",.,"A",.,"A",.,"A",.,"A",.,"A",.,"A",.,"A",.,"A"
"20104",2214145,74,0,"1",.,"A",.,"A",.,"A",.,"A",.,"A",75,"D",.,"A",.,"A",90,"D",.,"A",.,"A",.,"A",500,"D",.,"A",.,"A"
"20104",2214155,42,0,"1",.,"A",.,"A",.,"A",.,"A",.,"A",.,"A",780,"D",.,"A",.,"A",.,"A",.,"A",.,"A",.,"A",.,"A",.,"A"
"20104",2214165,45,0,"1",.,"A",.,"A",.,"A",.,"A",.,"A",.,"A",.,"A",.,"A",9,"D",.,"A",.,"A",.,"A",.,"A",.,"A",.,"A"
"20104",2214185,38,0,"1",14,"D",.,"A",.,"A",.,"A",34,"D",120,"D",.,"A",.,"A",.,"A",360,"D",0,"D",0,"D",30,"D",120,"D",.,"A"
"20104",2214205,106,0,"1",.,"A",.,"A",.,"A",.,"A",.,"A",.,"A",.,"A",.,"A",.,"A",.,"A",.,"A",.,"A",128,"D",.,"A",.,"A"
"20104",2214215,45,0,"1",.,"A",.,"A",.,"A",.,"A",.,"A",.,"A",.,"A",.,"A",.,"A",.,"A",.,"A",.,"A",150,"D",.,"A",.,"A"
"20104",2214225,73,0,"1",.,"A",.,"A",.,"A",.,"A",90,"D",.,"A",.,"A",.,"A",.,"A",.,"A",.,"A",.,"A",.,"A",.,"A",.,"A"
"20104",2214245,52,0,"1",.,"A",.,"A",.,"A",.,"A",.,"A",.,"A",.,"A",.,"A",.,"A",.,"A",.,"A",.,"A",.,"A",.,"A",.,"A"
"20104",2214275,61,0,"1",.,"A",.,"A",.,"A",.,"A",.,"A",20,"D",.,"A",.,"A",.,"A",.,"A",.,"A",.,"A",150,"D",.,"A",.,"A"
"20104",2214285,48,0,"1",.,"A",.,"A",.,"A",.,"A",.,"A",.,"A",.,"A",.,"A",.,"A",.,"A",.,"A",.,"A",110,"D",.,"A",.,"A"
"20104",2214295,50,0,"1",.,"A",.,"A",.,"A",.,"A",.,"A",.,"A",.,"A",.,"A",.,"A",.,"A",.,"A",.,"A",.,"A",.,"A",.,"A"
"20104",2214305,92,0,"1",.,"A",.,"A",.,"A",.,"A",.,"A",.,"A",.,"A",.,"A",.,"A",.,"A",.,"A",.,"A",90,"D",.,"A",.,"A"
"20104",2214315,42,0,"1",.,"A",.,"A",.,"A",.,"A",.,"A",.,"A",156,"D",.,"A",15,"D",.,"A",.,"A",.,"A",.,"A",.,"A",.,"A"
"20104",2214325,72,0,"1",.,"A",.,"A",.,"A",.,"A",.,"A",.,"A",.,"A",.,"A",.,"A",.,"A",.,"A",.,"A",200,"D",.,"A",.,"A"
"20104",2214335,60,0,"1",30,"D",.,"A",.,"A",.,"A",30,"D",150,"D",286,"D",.,"A",.,"A",.,"A",.,"A",.,"A",.,"A",.,"A",.,"A"
"20104",2214345,91,0,"1",.,"A",.,"A",.,"A",.,"A",.,"A",140,"D",.,"A",.,"A",.,"A",675,"D",0,"D",0,"D",360,"D",225,"D",.,"A"
"20104",2214355,65,0,"1",.,"A",.,"A",.,"A",.,"A",.,"A",.,"A",.,"A",.,"A",.,"A",.,"A",.,"A",.,"A",50,"D",.,"A",.,"A"
"20104",2214395,49,0,"1",.,"A",.,"A",.,"A",.,"A",.,"A",.,"A",.,"A",.,"A",.,"A",.,"A",.,"A",.,"A",90,"D",.,"A",.,"A"
"20104",2214415,30,0,"1",.,"A",.,"A",.,"A",.,"A",180,"D",.,"A",.,"A",.,"A",.,"A",.,"A",.,"A",.,"A",.,"A",.,"A",.,"A"
"20104",2214425,68,0,"1",.,"A",.,"A",.,"A",.,"A",.,"A",.,"A",.,"A",.,"A",.,"A",.,"A",.,"A",.,"A",.,"A",.,"A",.,"A"
"20104",2214435,73,0,"1",.,"A",.,"A",.,"A",.,"A",.,"A",25,"D",.,"A",.,"A",.,"A",.,"A",.,"A",.,"A",86,"D",.,"A",.,"A"
"20104",2214445,62,0,"1",.,"A",.,"A",.,"A",.,"A",.,"A",.,"A",325,"D",.,"A",.,"A",.,"A",.,"A",.,"A",.,"A",.,"A",.,"A"
"20104",2214465,29,0,"1",.,"A",.,"A",.,"A",.,"A",.,"A",.,"A",.,"A",.,"A",.,"A",.,"A",.,"A",.,"A",.,"A",.,"A",.,"A"
"20104",2214515,41,0,"1",.,"A",.,"A",.,"A",.,"A",.,"A",30,"D",.,"A",.,"A",.,"A",.,"A",.,"A",.,"A",240,"D",.,"A",.,"A"
"20104",2214545,49,0,"1",.,"A",.,"A",.,"A",.,"A",.,"A",.,"A",.,"A",.,"A",.,"A",.,"A",.,"A",.,"A",.,"A",.,"A",.,"A"
"20104",2214555,48,0,"1",.,"A",.,"A",.,"A",.,"A",.,"A",.,"A",130,"D",.,"A",.,"A",.,"A",.,"A",.,"A",.,"A",.,"A",.,"A"
"20104",2214565,65,0,"1",.,"A",.,"A",.,"A",.,"A",.,"A",.,"A",.,"A",.,"A",.,"A",.,"A",.,"A",.,"A",140,"D",.,"A",.,"A"
"20104",2214585,76,0,"1",.,"A",.,"A",.,"A",.,"A",.,"A",25,"D",.,"A",.,"A",.,"A",.,"A",.,"A",.,"A",.,"A",.,"A",.,"A"
"20104",2214595,84,0,"1",.,"A",.,"A",.,"A",.,"A",.,"A",75,"D",.,"A",.,"A",.,"A",.,"A",.,"A",.,"A",500,"D",.,"A",.,"A"
"20104",2214605,38,0,"1",.,"A",.,"A",.,"A",.,"A",.,"A",.,"A",.,"A",.,"A",.,"A",.,"A",.,"A",.,"A",.,"A",.,"A",.,"A"
"20104",2214615,50,0,"1",.,"A",.,"A",.,"A",.,"A",.,"A",26,"D",130,"D",.,"A",24,"D",.,"A",.,"A",.,"A",60,"D",.,"A",.,"A"
"20104",2214625,55,0,"1",.,"A",.,"A",.,"A",.,"A",.,"A",80,"D",.,"A",.,"A",.,"A",.,"A",.,"A",.,"A",90,"D",.,"A",.,"A"
"20104",2214645,40,0,"1",.,"A",.,"A",.,"A",.,"A",.,"A",.,"A",.,"A",.,"A",.,"A",.,"A",.,"A",.,"A",.,"A",.,"A",.,"A"
"20104",2214685,49,0,"1",.,"A",.,"A",.,"A",.,"A",.,"A",90,"D",364,"D",.,"A",.,"A",.,"A",.,"A",.,"A",.,"A",.,"A",.,"A"
"20104",2214705,35,0,"1",.,"A",.,"A",.,"A",.,"A",.,"A",.,"A",156,"D",.,"A",.,"A",.,"A",.,"A",.,"A",.,"A",.,"A",.,"A"
"20104",2214715,68,0,"1",.,"A",49,"D",.,"A",.,"A",.,"A",101,"D",.,"A",.,"A",60,"D",150,"D",0,"D",0,"D",250,"D",50,"D",.,"A"
"20104",2214725,43,0,"1",.,"A",.,"A",.,"A",.,"A",.,"A",.,"A",.,"A",.,"A",.,"A",.,"A",.,"A",.,"A",.,"A",.,"A",.,"A"
"20104",2214735,64,0,"1",.,"A",.,"A",.,"A",.,"A",.,"A",.,"A",.,"A",.,"A",.,"A",0,"D",0,"D",30,"D",.,"A",0,"D",.,"A"
"20104",2214775,25,0,"1",.,"A",.,"A",.,"A",.,"A",.,"A",.,"A",.,"A",.,"A",.,"A",.,"A",.,"A",.,"A",.,"A",.,"A",.,"A"
"20104",2214785,46,0,"1",.,"A",.,"A",.,"A",.,"A",.,"A",.,"A",351,"D",.,"A",.,"A",.,"A",.,"A",.,"A",.,"A",.,"A",.,"A"
"20104",2214795,47,0,"1",.,"A",.,"A",.,"A",.,"A",.,"A",.,"A",.,"A",.,"A",.,"A",.,"A",.,"A",.,"A",30,"D",.,"A",.,"A"
"20104",2214825,84,0,"1",.,"A",.,"A",.,"A",.,"A",.,"A",.,"A",.,"A",.,"A",.,"A",.,"A",.,"A",.,"A",150,"D",.,"A",.,"A"
"20104",2214835,88,0,"1",.,"A",.,"A",.,"A",.,"A",.,"A",.,"A",.,"A",.,"A",45,"D",.,"A",.,"A",.,"A",110,"D",.,"A",.,"A"
"20104",2214845,76,0,"1",.,"A",.,"A",.,"A",.,"A",.,"A",30,"D",.,"A",.,"A",.,"A",.,"A",.,"A",.,"A",170,"D",.,"A",.,"A"
"20104",2214865,60,0,"1",.,"A",.,"A",.,"A",.,"A",.,"A",.,"A",715,"D",.,"A",.,"A",.,"A",.,"A",.,"A",45,"D",.,"A",.,"A"
"20104",2214875,38,0,"1",.,"A",.,"A",.,"A",.,"A",.,"A",.,"A",.,"A",.,"A",.,"A",.,"A",.,"A",.,"A",.,"A",.,"A",.,"A"
"20104",2214885,39,0,"1",.,"A",.,"A",.,"A",.,"A",.,"A",.,"A",.,"A",.,"A",.,"A",.,"A",.,"A",.,"A",.,"A",.,"A",.,"A"
"20104",2214915,75,0,"1",.,"A",.,"A",.,"A",.,"A",.,"A",30,"D",.,"A",.,"A",.,"A",.,"A",.,"A",.,"A",.,"A",.,"A",.,"A"
"20104",2214925,41,0,"1",.,"A",.,"A",.,"A",.,"A",120,"D",120,"D",.,"A",.,"A",.,"A",.,"A",.,"A",.,"A",120,"D",.,"A",.,"A"
"20104",2214935,57,0,"1",.,"A",.,"A",.,"A",.,"A",.,"A",.,"A",.,"A",.,"A",.,"A",.,"A",.,"A",.,"A",30,"D",.,"A",.,"A"
"20104",2214955,54,0,"1",.,"A",.,"A",.,"A",.,"A",.,"A",.,"A",.,"A",.,"A",.,"A",.,"A",.,"A",.,"A",.,"A",.,"A",.,"A"
"20104",2214965,40,0,"1",.,"A",.,"A",.,"A",.,"A",.,"A",20,"D",.,"A",.,"A",.,"A",.,"A",.,"A",.,"A",150,"D",.,"A",.,"A"
"20104",2214995,53,0,"1",.,"A",.,"A",.,"A",.,"A",.,"A",.,"A",.,"A",.,"A",.,"A",.,"A",.,"A",.,"A",40,"D",.,"A",.,"A"
"20104",2215015,81,0,"1",.,"A",.,"A",.,"A",.,"A",45,"D",.,"A",.,"A",.,"A",.,"A",.,"A",.,"A",.,"A",60,"D",.,"A",.,"A"
"20104",2215035,42,0,"1",.,"A",.,"A",.,"A",.,"A",.,"A",.,"A",.,"A",.,"A",.,"A",.,"A",.,"A",.,"A",.,"A",.,"A",.,"A"
"20104",2215045,49,0,"1",.,"A",.,"A",.,"A",.,"A",.,"A",75,"D",.,"A",.,"A",.,"A",.,"A",.,"A",.,"A",.,"A",.,"A",.,"A"
"20104",2215075,43,0,"1",.,"A",.,"A",.,"A",.,"A",.,"A",.,"A",.,"A",.,"A",.,"A",.,"A",.,"A",.,"A",30,"D",.,"A",.,"A"
"20104",2215095,57,0,"1",.,"A",.,"A",.,"A",.,"A",.,"A",30,"D",.,"A",.,"A",.,"A",.,"A",.,"A",.,"A",80,"D",.,"A",.,"A"
"20104",2215105,40,0,"1",.,"A",.,"A",.,"A",.,"A",.,"A",.,"A",.,"A",.,"A",.,"A",.,"A",.,"A",.,"A",.,"A",.,"A",.,"A"
"20104",2215125,61,0,"1",.,"A",.,"A",.,"A",.,"A",30,"D",30,"D",.,"A",.,"A",.,"A",.,"A",.,"A",.,"A",.,"A",.,"A",.,"A"
"20104",2215135,39,0,"1",77,"D",.,"A",.,"A",.,"A",193,"D",.,"A",.,"A",.,"A",.,"A",.,"A",.,"A",.,"A",.,"A",.,"A",.,"A"
"20104",2215145,44,0,"1",.,"A",.,"A",.,"A",.,"A",.,"A",.,"A",.,"A",.,"A",.,"A",.,"A",.,"A",.,"A",50,"D",.,"A",.,"A"
"20104",2215155,38,0,"1",.,"A",.,"A",.,"A",.,"A",.,"A",.,"A",.,"A",.,"A",.,"A",.,"A",.,"A",.,"A",.,"A",.,"A",.,"A"
"20104",2215175,43,0,"1",.,"A",.,"A",.,"A",.,"A",.,"A",.,"A",.,"A",.,"A",.,"A",.,"A",.,"A",.,"A",29,"D",.,"A",.,"A"
"20104",2215185,42,0,"1",.,"A",.,"A",.,"A",.,"A",.,"A",.,"A",195,"D",.,"A",.,"A",.,"A",.,"A",.,"A",.,"A",.,"A",.,"A"
"20104",2215235,67,0,"1",.,"A",.,"A",.,"A",.,"A",.,"A",144,"D",.,"A",.,"A",102,"D",510,"D",0,"D",0,"D",50,"D",170,"D",.,"A"
"20104",2215245,40,0,"1",.,"A",.,"A",.,"A",.,"A",.,"A",.,"A",377,"D",.,"A",.,"A",.,"A",.,"A",.,"A",45,"D",.,"A",.,"A"
"20104",2215265,101,0,"1",.,"A",.,"A",.,"A",.,"A",.,"A",.,"A",.,"A",.,"A",.,"A",.,"A",.,"A",.,"A",145,"D",.,"A",.,"A"
"20104",2215275,33,0,"1",.,"A",.,"A",.,"A",.,"A",.,"A",.,"A",.,"A",.,"A",60,"D",.,"A",.,"A",.,"A",.,"A",.,"A",.,"A"
"20104",2215315,43,0,"1",.,"A",.,"A",.,"A",.,"A",120,"D",.,"A",39,"D",.,"A",9,"D",.,"A",.,"A",.,"A",160,"D",.,"A",.,"A"
"20104",2215365,72,0,"1",.,"A",.,"A",.,"A",.,"A",.,"A",.,"A",.,"A",.,"A",.,"A",.,"A",.,"A",.,"A",.,"A",.,"A",.,"A"
"20104",2215375,89,0,"1",.,"A",.,"A",.,"A",.,"A",.,"A",375,"D",.,"A",.,"A",.,"A",.,"A",.,"A",.,"A",300,"D",.,"A",.,"A"
"20104",2215385,55,0,"1",.,"A",.,"A",.,"A",.,"A",.,"A",100,"D",.,"A",.,"A",.,"A",.,"A",.,"A",.,"A",150,"D",.,"A",.,"A"
"20104",2215395,52,0,"1",.,"A",.,"A",.,"A",.,"A",.,"A",.,"A",.,"A",.,"A",.,"A",.,"A",.,"A",.,"A",300,"D",.,"A",.,"A"
"20104",2215425,61,0,"1",.,"A",15,"D",.,"A",.,"A",.,"A",0,"D",.,"A",.,"A",.,"A",.,"A",.,"A",.,"A",150,"D",.,"A",.,"A"
"20104",2215435,45,0,"1",30,"D",.,"A",.,"A",.,"A",145,"D",100,"D",.,"A",.,"A",.,"A",135,"D",135,"D",0,"D",200,"D",45,"D",.,"A"
"20104",2215475,77,0,"1",.,"A",.,"A",.,"A",.,"A",.,"A",25,"D",.,"A",.,"A",.,"A",.,"A",.,"A",.,"A",120,"D",.,"A",.,"A"
"20104",2215485,63,0,"1",.,"A",.,"A",.,"A",.,"A",.,"A",75,"D",.,"A",.,"A",.,"A",60,"D",0,"D",0,"D",500,"D",20,"D",.,"A"
"20104",2215495,46,0,"1",.,"A",.,"A",.,"A",.,"A",60,"D",.,"A",260,"D",.,"A",24,"D",.,"A",.,"A",.,"A",45,"D",.,"A",.,"A"
"20104",2215525,88,0,"1",.,"A",.,"A",.,"A",.,"A",.,"A",.,"A",.,"A",.,"A",6,"D",.,"A",.,"A",.,"A",135,"D",.,"A",.,"A"
"20104",2215545,34,0,"1",.,"A",.,"A",.,"A",.,"A",.,"A",.,"A",.,"A",.,"A",.,"A",.,"A",.,"A",.,"A",.,"A",.,"A",.,"A"
"20104",2215565,43,0,"1",.,"A",.,"A",.,"A",.,"A",.,"A",.,"A",.,"A",.,"A",.,"A",.,"A",.,"A",.,"A",.,"A",.,"A",.,"A"
"20104",2215595,30,0,"1",.,"A",.,"A",.,"A",.,"A",.,"A",.,"A",.,"A",.,"A",.,"A",.,"A",.,"A",.,"A",.,"A",.,"A",.,"A"
"20104",2215605,60,0,"1",.,"A",.,"A",.,"A",.,"A",.,"A",.,"A",.,"A",.,"A",.,"A",.,"A",.,"A",.,"A",.,"A",.,"A",.,"A"
"20104",2215615,61,0,"1",.,"A",.,"A",.,"A",.,"A",.,"A",.,"A",156,"D",.,"A",.,"A",.,"A",.,"A",.,"A",.,"A",.,"A",.,"A"
"20104",2215625,47,0,"1",.,"A",.,"A",.,"A",20,"D",.,"A",.,"A",325,"D",.,"A",150,"D",.,"A",.,"A",.,"A",200,"D",.,"A",.,"A"
"20104",2215635,35,0,"1",.,"A",.,"A",.,"A",.,"A",.,"A",.,"A",260,"D",.,"A",.,"A",.,"A",.,"A",.,"A",.,"A",.,"A",.,"A"
"20104",2215655,57,0,"1",.,"A",.,"A",.,"A",.,"A",.,"A",.,"A",.,"A",.,"A",.,"A",.,"A",.,"A",.,"A",24,"D",.,"A",.,"A"
"20104",2215675,30,0,"1",.,"A",.,"A",.,"A",.,"A",.,"A",.,"A",910,"D",.,"A",.,"A",.,"A",.,"A",.,"A",.,"A",.,"A",.,"A"
"20104",2215685,42,0,"1",.,"A",.,"A",.,"A",.,"A",.,"A",.,"A",.,"A",.,"A",.,"A",.,"A",.,"A",.,"A",250,"D",.,"A",.,"A"
"20104",2215715,97,0,"1",.,"A",.,"A",.,"A",.,"A",.,"A",.,"A",.,"A",.,"A",.,"A",.,"A",.,"A",.,"A",30,"D",.,"A",.,"A"
"20104",2215735,43,0,"1",.,"A",.,"A",.,"A",.,"A",.,"A",.,"A",.,"A",.,"A",.,"A",.,"A",.,"A",.,"A",.,"A",.,"A",.,"A"
"20104",2215755,37,0,"1",.,"A",.,"A",.,"A",.,"A",80,"D",.,"A",.,"A",.,"A",.,"A",.,"A",.,"A",.,"A",.,"A",.,"A",.,"A"
"20104",2215765,65,0,"1",.,"A",.,"A",.,"A",15,"D",.,"A",100,"D",.,"A",.,"A",.,"A",.,"A",.,"A",.,"A",160,"D",.,"A",.,"A"
"20104",2215775,49,0,"1",.,"A",.,"A",.,"A",.,"A",.,"A",.,"A",.,"A",65,"D",.,"A",.,"A",.,"A",.,"A",.,"A",.,"A",.,"A"
"20104",2215785,44,0,"1",.,"A",.,"A",.,"A",.,"A",.,"A",.,"A",.,"A",.,"A",.,"A",.,"A",.,"A",.,"A",74,"D",.,"A",.,"A"
"20104",2215795,28,0,"1",.,"A",.,"A",.,"A",.,"A",.,"A",.,"A",.,"A",.,"A",.,"A",.,"A",.,"A",.,"A",.,"A",.,"A",.,"A"
"20104",2215815,34,0,"1",.,"A",.,"A",.,"A",.,"A",.,"A",.,"A",260,"D",.,"A",.,"A",0,"D",0,"D",0,"D",.,"A",0,"D",.,"A"
"20104",2215825,44,0,"1",.,"A",.,"A",.,"A",.,"A",.,"A",.,"A",.,"A",.,"A",.,"A",.,"A",.,"A",.,"A",40,"D",.,"A",.,"A"
"20104",2215835,61,0,"1",.,"A",.,"A",.,"A",.,"A",.,"A",10,"D",.,"A",.,"A",.,"A",.,"A",.,"A",.,"A",150,"D",.,"A",.,"A"
"20104",2215845,56,0,"1",.,"A",.,"A",.,"A",.,"A",.,"A",11,"D",.,"A",.,"A",.,"A",.,"A",.,"A",.,"A",50,"D",.,"A",.,"A"
"20104",2215865,44,0,"1",.,"A",.,"A",.,"A",.,"A",.,"A",.,"A",520,"D",.,"A",.,"A",.,"A",.,"A",.,"A",100,"D",.,"A",.,"A"
"20104",2215895,45,0,"1",.,"A",.,"A",.,"A",.,"A",.,"A",.,"A",390,"D",.,"A",.,"A",.,"A",.,"A",.,"A",55,"D",.,"A",.,"A"
"20104",2215905,41,0,"1",.,"A",.,"A",.,"A",.,"A",.,"A",.,"A",.,"A",.,"A",.,"A",.,"A",.,"A",.,"A",.,"A",.,"A",.,"A"
"20104",2215915,50,0,"1",.,"A",.,"A",.,"A",.,"A",.,"A",.,"A",.,"A",.,"A",.,"A",.,"A",.,"A",.,"A",50,"D",.,"A",.,"A"
"20104",2215925,81,0,"1",.,"A",.,"A",.,"A",.,"A",.,"A",.,"A",.,"A",.,"A",15,"D",.,"A",.,"A",.,"A",50,"D",.,"A",.,"A"
"20104",2215945,105,0,"1",20,"D",.,"A",120,"D",.,"A",0,"D",120,"D",.,"A",.,"A",.,"A",.,"A",.,"A",.,"A",400,"D",.,"A",.,"A"
"20104",2215955,40,0,"1",1,"D",.,"A",.,"A",.,"A",4,"D",.,"A",.,"A",.,"A",.,"A",.,"A",.,"A",.,"A",60,"D",.,"A",.,"A"
"20104",2215965,43,0,"1",.,"A",.,"A",.,"A",.,"A",.,"A",.,"A",546,"D",.,"A",.,"A",.,"A",.,"A",.,"A",.,"A",.,"A",.,"A"
"20104",2215975,52,0,"1",.,"A",.,"A",.,"A",.,"A",.,"A",30,"F",221,"F",.,"A",.,"A",.,"A",.,"A",.,"A",11,"D",.,"A",.,"A"
"20104",2215995,60,0,"1",.,"A",.,"A",78,"D",.,"A",.,"A",.,"A",.,"A",.,"A",.,"A",.,"A",.,"A",.,"A",230,"D",.,"A",.,"A"
"20104",2216015,78,0,"1",.,"A",.,"A",.,"A",.,"A",.,"A",.,"A",.,"A",.,"A",.,"A",.,"A",.,"A",.,"A",120,"D",.,"A",.,"A"
"20104",2216025,56,0,"1",.,"A",.,"A",.,"A",.,"A",.,"A",.,"A",.,"A",.,"A",12,"D",.,"A",.,"A",.,"A",100,"D",.,"A",.,"A"
"20104",2216035,36,0,"1",.,"A",.,"A",.,"A",.,"A",.,"A",33,"D",.,"A",.,"A",.,"A",.,"A",.,"A",.,"A",10,"D",.,"A",.,"A"
"20104",2216055,78,0,"1",.,"A",.,"A",.,"A",.,"A",.,"A",.,"A",.,"A",.,"A",.,"A",.,"A",.,"A",.,"A",.,"A",.,"A",.,"A"
"20104",2216075,40,0,"1",.,"A",.,"A",.,"A",.,"A",.,"A",.,"A",.,"A",.,"A",.,"A",.,"A",.,"A",.,"A",40,"D",.,"A",.,"A"
"20104",2216095,27,0,"1",.,"A",.,"A",.,"A",.,"A",.,"A",.,"A",.,"A",.,"A",.,"A",.,"A",.,"A",.,"A",.,"A",.,"A",.,"A"
"20104",2216145,49,0,"1",.,"A",.,"A",.,"A",.,"A",.,"A",.,"A",.,"A",.,"A",.,"A",.,"A",.,"A",.,"A",83,"D",.,"A",.,"A"
"20104",2216155,53,0,"1",.,"A",.,"A",.,"A",.,"A",.,"A",.,"A",260,"D",.,"A",.,"A",.,"A",.,"A",.,"A",.,"A",.,"A",.,"A"
"20104",2216165,58,0,"1",.,"A",.,"A",.,"A",.,"A",.,"A",60,"D",.,"A",.,"A",.,"A",.,"A",.,"A",.,"A",45,"D",.,"A",.,"A"
"20104",2216175,64,0,"1",20,"D",.,"A",.,"A",.,"A",100,"D",120,"D",.,"A",.,"A",.,"A",.,"A",.,"A",.,"A",.,"A",.,"A",.,"A"
"20104",2216185,36,0,"1",.,"A",.,"A",.,"A",.,"A",.,"A",.,"A",455,"D",.,"A",.,"A",0,"D",0,"D",90,"D",40,"D",0,"D",.,"A"
"20104",2216225,44,0,"1",.,"A",.,"A",.,"A",.,"A",.,"A",.,"A",.,"A",.,"A",.,"A",.,"A",.,"A",.,"A",.,"A",.,"A",.,"A"
"20104",2216235,71,0,"1",.,"A",.,"A",.,"A",.,"A",.,"A",.,"A",.,"A",.,"A",.,"A",.,"A",.,"A",.,"A",30,"D",.,"A",.,"A"
"20104",2216245,40,0,"1",.,"A",.,"A",.,"A",.,"A",.,"A",.,"A",.,"A",.,"A",.,"A",.,"A",.,"A",.,"A",130,"D",.,"A",.,"A"
"20104",2216255,102,0,"1",.,"A",.,"A",.,"A",.,"A",.,"A",.,"A",650,"D",.,"A",.,"A",.,"A",.,"A",.,"A",168,"D",.,"A",.,"A"
"20104",2216275,42,0,"1",.,"A",.,"A",.,"A",.,"A",.,"A",.,"A",.,"A",.,"A",.,"A",.,"A",.,"A",.,"A",.,"A",.,"A",.,"A"
"20104",2216285,82,0,"1",.,"A",.,"A",.,"A",.,"A",.,"A",.,"A",.,"A",.,"A",225,"D",.,"A",.,"A",.,"A",120,"D",.,"A",.,"A"
"20104",2216295,66,0,"1",.,"A",.,"A",.,"A",.,"A",.,"A",30,"D",.,"A",.,"A",.,"A",.,"A",.,"A",.,"A",120,"D",.,"A",.,"A"
"20104",2216355,50,0,"1",.,"A",.,"A",.,"A",.,"A",.,"A",.,"A",.,"A",.,"A",.,"A",.,"A",.,"A",.,"A",180,"D",.,"A",.,"A"
"20104",2216365,26,0,"1",.,"A",.,"A",.,"A",.,"A",.,"A",.,"A",.,"A",.,"A",.,"A",.,"A",.,"A",.,"A",40,"D",.,"A",.,"A"
"20104",2216375,46,0,"1",.,"A",.,"A",.,"A",.,"A",25,"D",.,"A",.,"A",.,"A",.,"A",.,"A",.,"A",.,"A",60,"D",.,"A",.,"A"
"20104",2216425,33,0,"1",.,"A",.,"A",.,"A",.,"A",.,"A",.,"A",845,"D",.,"A",.,"A",.,"A",.,"A",.,"A",.,"A",.,"A",.,"A"
"20104",2216445,67,0,"1",.,"A",.,"A",.,"A",.,"A",.,"A",.,"A",.,"A",.,"A",.,"A",.,"A",.,"A",.,"A",200,"D",.,"A",.,"A"
"20104",2216455,54,0,"1",.,"A",.,"A",.,"A",.,"A",.,"A",.,"A",390,"D",.,"A",.,"A",.,"A",.,"A",.,"A",.,"A",.,"A",.,"A"
"20104",2216465,50,0,"1",.,"A",.,"A",.,"A",.,"A",.,"A",.,"A",.,"A",.,"A",.,"A",.,"A",.,"A",.,"A",220,"D",.,"A",.,"A"
"20104",2216485,42,0,"1",.,"A",.,"A",.,"A",.,"A",.,"A",.,"A",.,"A",.,"A",.,"A",.,"A",.,"A",.,"A",90,"D",.,"A",.,"A"
"20104",2216495,91,0,"1",.,"A",.,"A",30,"D",.,"A",.,"A",50,"D",.,"A",.,"A",.,"A",.,"A",.,"A",.,"A",225,"D",.,"A",.,"A"
"20104",2216505,85,0,"1",.,"A",.,"A",15,"D",.,"A",.,"A",.,"A",.,"A",.,"A",9,"D",.,"A",.,"A",.,"A",300,"D",.,"A",.,"A"
"20104",2216515,58,0,"1",.,"A",.,"A",.,"A",.,"A",.,"A",.,"A",.,"A",.,"A",.,"A",.,"A",.,"A",.,"A",100,"D",.,"A",.,"A"
"20104",2216565,46,0,"1",.,"A",.,"A",.,"A",.,"A",.,"A",.,"A",.,"A",.,"A",.,"A",.,"A",.,"A",.,"A",15,"D",.,"A",.,"A"
"20104",2216575,66,0,"1",.,"A",.,"A",.,"A",.,"A",.,"A",.,"A",.,"A",.,"A",.,"A",.,"A",.,"A",.,"A",.,"A",.,"A",.,"A"
"20104",2216585,69,0,"1",.,"A",.,"A",.,"A",.,"A",.,"A",600,"D",.,"A",.,"A",.,"A",.,"A",.,"A",.,"A",600,"D",.,"A",.,"A"
"20104",2216605,44,0,"1",.,"A",.,"A",.,"A",.,"A",.,"A",5,"D",.,"A",.,"A",.,"A",.,"A",.,"A",.,"A",.,"A",.,"A",.,"A"
"20104",2216625,37,0,"1",.,"A",.,"A",.,"A",.,"A",.,"A",.,"A",.,"A",.,"A",.,"A",.,"A",.,"A",.,"A",.,"A",.,"A",.,"A"
"20104",2216655,34,0,"1",.,"A",.,"A",.,"A",.,"A",.,"A",.,"A",.,"A",.,"A",.,"A",.,"A",.,"A",.,"A",.,"A",.,"A",.,"A"
"20104",2216675,51,0,"1",.,"A",.,"A",.,"A",.,"A",.,"A",.,"A",.,"A",.,"A",.,"A",.,"A",.,"A",.,"A",14,"D",.,"A",.,"A"
"20104",2216705,76,0,"1",.,"A",35,"D",.,"A",.,"A",.,"A",40,"D",.,"A",.,"A",.,"A",.,"A",.,"A",.,"A",90,"D",.,"A",.,"A"
"20104",2216715,29,0,"1",.,"A",.,"A",.,"A",.,"A",.,"A",50,"D",.,"A",.,"A",.,"A",0,"D",0,"D",0,"D",250,"D",0,"D",.,"A"
"20104",2216725,55,0,"1",.,"A",.,"A",.,"A",.,"A",.,"A",.,"A",.,"A",.,"A",.,"A",.,"A",.,"A",.,"A",.,"A",.,"A",.,"A"
"20104",2216745,74,0,"1",.,"A",.,"A",.,"A",.,"A",.,"A",.,"A",.,"A",.,"A",.,"A",.,"A",.,"A",.,"A",.,"A",.,"A",.,"A"
"20104",2216775,57,0,"1",.,"A",.,"A",.,"A",.,"A",.,"A",.,"A",.,"A",.,"A",.,"A",.,"A",.,"A",.,"A",60,"D",.,"A",.,"A"
"20104",2216785,33,0,"1",.,"A",.,"A",.,"A",.,"A",24,"D",.,"A",.,"A",.,"A",.,"A",.,"A",.,"A",.,"A",10,"D",.,"A",.,"A"
"20104",2216795,89,0,"1",.,"A",.,"A",.,"A",.,"A",.,"A",.,"A",.,"A",.,"A",.,"A",.,"A",.,"A",.,"A",180,"D",.,"A",.,"A"
"20104",2216815,45,0,"1",.,"A",.,"A",.,"A",.,"A",.,"A",.,"A",.,"A",.,"A",.,"A",.,"A",.,"A",.,"A",.,"A",.,"A",.,"A"
"20104",2216825,68,0,"1",.,"A",.,"A",.,"A",.,"A",.,"A",25,"D",.,"A",.,"A",39,"D",.,"A",.,"A",.,"A",105,"D",.,"A",.,"A"
"20104",2216835,40,0,"1",.,"A",.,"A",.,"A",.,"A",.,"A",60,"D",.,"A",.,"A",.,"A",.,"A",.,"A",.,"A",15,"D",.,"A",.,"A"
"20104",2216855,42,0,"1",.,"A",.,"A",.,"A",.,"A",160,"D",.,"A",.,"A",.,"A",.,"A",.,"A",.,"A",.,"A",.,"A",.,"A",.,"A"
"20104",2216865,63,0,"1",.,"A",.,"A",.,"A",.,"A",.,"A",.,"A",650,"D",.,"A",.,"A",.,"A",.,"A",.,"A",25,"D",.,"A",.,"A"
"20104",2216915,39,0,"1",.,"A",.,"A",.,"A",.,"A",.,"A",.,"A",260,"D",.,"A",.,"A",.,"A",.,"A",.,"A",.,"A",.,"A",.,"A"
"20104",2216925,55,0,"1",.,"A",.,"A",.,"A",.,"A",.,"A",.,"A",.,"A",.,"A",.,"A",.,"A",.,"A",.,"A",110,"D",.,"A",.,"A"
"20104",2216965,41,0,"1",20,"D",.,"A",.,"A",.,"A",55,"D",.,"A",.,"A",.,"A",.,"A",.,"A",.,"A",.,"A",.,"A",.,"A",.,"A"
"20104",2216975,27,0,"1",.,"A",.,"A",.,"A",.,"A",.,"A",.,"A",.,"A",.,"A",.,"A",.,"A",.,"A",.,"A",.,"A",.,"A",.,"A"
"20104",2216995,36,0,"1",.,"A",.,"A",.,"A",.,"A",.,"A",.,"A",.,"A",.,"A",.,"A",.,"A",.,"A",.,"A",.,"A",.,"A",.,"A"
"20104",2217045,40,0,"1",51,"D",.,"A",.,"A",.,"A",129,"D",.,"A",182,"D",.,"A",18,"D",.,"A",.,"A",.,"A",.,"A",.,"A",.,"A"
"20104",2217065,68,0,"1",.,"A",.,"A",.,"A",.,"A",.,"A",.,"A",.,"A",.,"A",.,"A",.,"A",.,"A",.,"A",540,"D",.,"A",.,"A"
"20104",2217075,52,0,"1",.,"A",.,"A",.,"A",.,"A",.,"A",25,"D",.,"A",.,"A",51,"D",.,"A",.,"A",.,"A",45,"D",.,"A",.,"A"
"20104",2217085,51,0,"1",.,"A",.,"A",.,"A",.,"A",.,"A",.,"A",.,"A",.,"A",.,"A",.,"A",.,"A",.,"A",.,"A",.,"A",.,"A"
"20104",2217095,108,0,"1",.,"A",.,"A",.,"A",.,"A",.,"A",.,"A",.,"A",.,"A",18,"D",.,"A",.,"A",.,"A",44,"D",.,"A",.,"A"
"20104",2217115,37,0,"1",.,"A",.,"A",.,"A",.,"A",.,"A",.,"A",.,"A",.,"A",.,"A",.,"A",.,"A",.,"A",25,"D",.,"A",.,"A"
"20104",2217125,80,0,"1",.,"A",.,"A",.,"A",.,"A",.,"A",.,"A",.,"A",.,"A",.,"A",.,"A",.,"A",.,"A",200,"D",.,"A",.,"A"
"20104",2217135,40,0,"1",.,"A",.,"A",.,"A",.,"A",.,"A",.,"A",.,"A",.,"A",.,"A",.,"A",.,"A",.,"A",80,"D",.,"A",.,"A"
"20104",2217155,56,0,"1",.,"A",.,"A",.,"A",.,"A",.,"A",.,"A",.,"A",.,"A",75,"D",.,"A",.,"A",.,"A",125,"D",.,"A",.,"A"
"20104",2217185,46,0,"1",.,"A",.,"A",.,"A",.,"A",.,"A",.,"A",.,"A",.,"A",.,"A",.,"A",.,"A",.,"A",159,"D",.,"A",.,"A"
"20104",2217195,43,0,"1",.,"A",.,"A",.,"A",.,"A",.,"A",14,"D",.,"A",.,"A",.,"A",.,"A",.,"A",.,"A",.,"A",.,"A",.,"A"
"20104",2217205,35,0,"1",.,"A",.,"A",.,"A",.,"A",.,"A",.,"A",.,"A",.,"A",.,"A",150,"D",0,"D",0,"D",45,"D",50,"D",.,"A"
"20104",2217215,69,0,"1",.,"A",.,"A",.,"A",.,"A",.,"A",.,"A",.,"A",.,"A",.,"A",.,"A",.,"A",.,"A",100,"D",.,"A",.,"A"
"20104",2217225,41,0,"1",.,"A",.,"A",.,"A",.,"A",.,"A",.,"A",.,"A",.,"A",.,"A",.,"A",.,"A",.,"A",50,"D",.,"A",.,"A"
"20104",2217255,55,0,"1",.,"A",.,"A",.,"A",.,"A",.,"A",.,"A",.,"A",.,"A",.,"A",.,"A",.,"A",.,"A",15,"D",.,"A",.,"A"
"20104",2217275,52,0,"1",.,"A",.,"A",.,"A",.,"A",.,"A",.,"A",585,"D",.,"A",.,"A",.,"A",.,"A",.,"A",.,"A",.,"A",.,"A"
"20104",2217285,50,0,"1",.,"A",.,"A",.,"A",.,"A",.,"A",.,"A",.,"A",.,"A",.,"A",.,"A",.,"A",.,"A",.,"A",.,"A",.,"A"
"20104",2217295,37,0,"1",.,"A",.,"A",.,"A",.,"A",.,"A",.,"A",.,"A",.,"A",45,"D",.,"A",.,"A",.,"A",.,"A",.,"A",.,"A"
"20104",2217325,39,0,"1",.,"A",.,"A",.,"A",.,"A",.,"A",.,"A",.,"A",.,"A",.,"A",.,"A",.,"A",.,"A",.,"A",.,"A",.,"A"
"20104",2217335,43,0,"1",.,"A",.,"A",.,"A",.,"A",.,"A",.,"A",.,"A",.,"A",18,"D",6,"D",0,"D",0,"D",80,"D",2,"D",.,"A"
"20104",2217345,58,0,"1",.,"A",.,"A",.,"A",.,"A",.,"A",.,"A",546,"D",.,"A",.,"A",.,"A",.,"A",.,"A",13,"D",.,"A",.,"A"
"20104",2217365,62,0,"1",.,"A",.,"A",.,"A",.,"A",.,"A",.,"A",.,"A",.,"A",.,"A",.,"A",.,"A",.,"A",320,"D",.,"A",.,"A"
"20104",2217375,48,0,"1",.,"A",.,"A",.,"A",.,"A",.,"A",.,"A",91,"D",.,"A",60,"D",.,"A",.,"A",.,"A",.,"A",.,"A",.,"A"
"20104",2217385,92,0,"1",.,"A",.,"A",.,"A",.,"A",.,"A",.,"A",.,"A",65,"D",30,"D",.,"A",.,"A",.,"A",210,"D",.,"A",.,"A"
"20104",2217395,47,0,"1",.,"A",.,"A",.,"A",.,"A",.,"A",.,"A",.,"A",.,"A",.,"A",.,"A",.,"A",.,"A",.,"A",.,"A",.,"A"
"20104",2217425,84,0,"1",.,"A",.,"A",.,"A",.,"A",.,"A",60,"D",.,"A",.,"A",.,"A",.,"A",.,"A",.,"A",135,"D",.,"A",.,"A"
"20104",2217435,30,0,"1",.,"A",.,"A",.,"A",.,"A",.,"A",.,"A",.,"A",.,"A",.,"A",.,"A",.,"A",.,"A",.,"A",.,"A",.,"A"
"20104",2217465,52,0,"1",.,"A",.,"A",.,"A",.,"A",.,"A",.,"A",.,"A",390,"D",.,"A",.,"A",.,"A",.,"A",450,"D",.,"A",.,"A"
"20104",2217485,44,0,"1",.,"A",.,"A",.,"A",.,"A",.,"A",.,"A",.,"A",.,"A",.,"A",.,"A",.,"A",.,"A",80,"D",.,"A",.,"A"
"20104",2217505,64,0,"1",.,"A",25,"D",144,"D",.,"A",.,"A",30,"D",.,"A",.,"A",.,"A",.,"A",.,"A",.,"A",200,"D",.,"A",.,"A"
"20104",2217515,49,0,"1",.,"A",.,"A",.,"A",.,"A",.,"A",.,"A",.,"A",.,"A",.,"A",.,"A",.,"A",.,"A",.,"A",.,"A",.,"A"
"20104",2217535,107,0,"1",.,"A",.,"A",.,"A",.,"A",.,"A",.,"A",.,"A",.,"A",.,"A",.,"A",.,"A",.,"A",280,"D",.,"A",.,"A"
"20104",2217545,55,0,"1",.,"A",.,"A",.,"A",.,"A",.,"A",.,"A",.,"A",.,"A",.,"A",.,"A",.,"A",.,"A",120,"D",.,"A",.,"A"
"20104",2217565,99,0,"1",.,"A",.,"A",.,"A",.,"A",.,"A",.,"A",.,"A",.,"A",.,"A",.,"A",.,"A",.,"A",90,"D",.,"A",.,"A"
"20104",2217625,56,0,"1",.,"A",.,"A",.,"A",.,"A",.,"A",10,"D",.,"A",.,"A",.,"A",.,"A",.,"A",.,"A",30,"D",.,"A",.,"A"
"20104",2217685,50,0,"1",.,"A",.,"A",.,"A",.,"A",.,"A",.,"A",.,"A",.,"A",3,"D",.,"A",.,"A",.,"A",36,"D",.,"A",.,"A"
"20104",2217695,53,0,"1",.,"A",45,"D",.,"A",.,"A",150,"D",30,"D",.,"A",.,"A",.,"A",.,"A",.,"A",.,"A",64,"D",.,"A",.,"A"
"20104",2217705,60,0,"1",.,"A",.,"A",.,"A",.,"A",.,"A",.,"A",195,"D",.,"A",.,"A",.,"A",.,"A",.,"A",35,"D",.,"A",.,"A"
"20104",2217715,41,0,"1",.,"A",.,"A",.,"A",60,"D",.,"A",15,"D",234,"D",.,"A",.,"A",.,"A",.,"A",.,"A",.,"A",.,"A",.,"A"
"20104",2217725,47,0,"1",.,"A",.,"A",.,"A",.,"A",.,"A",.,"A",.,"A",.,"A",.,"A",.,"A",.,"A",.,"A",.,"A",.,"A",.,"A"
"20104",2217735,67,0,"1",.,"A",.,"A",.,"A",.,"A",.,"A",.,"A",910,"D",.,"A",.,"A",.,"A",.,"A",.,"A",54,"D",.,"A",.,"A"
"20104",2217745,37,0,"1",.,"A",.,"A",.,"A",.,"A",.,"A",.,"A",.,"A",.,"A",.,"A",.,"A",.,"A",.,"A",.,"A",.,"A",.,"A"
"20104",2217755,32,0,"1",.,"A",.,"A",.,"A",.,"A",.,"A",.,"A",182,"D",.,"A",.,"A",.,"A",.,"A",.,"A",.,"A",.,"A",.,"A"
"20104",2217775,63,0,"1",.,"A",.,"A",.,"A",.,"A",.,"A",.,"A",.,"A",.,"A",.,"A",.,"A",.,"A",.,"A",50,"D",.,"A",.,"A"
"20104",2217785,27,0,"1",.,"A",.,"A",.,"A",.,"A",85,"D",60,"D",.,"A",.,"A",.,"A",.,"A",.,"A",.,"A",.,"A",.,"A",.,"A"
"20104",2217795,70,0,"1",.,"A",.,"A",.,"A",.,"A",.,"A",.,"A",195,"D",.,"A",.,"A",.,"A",.,"A",.,"A",245,"D",.,"A",.,"A"
"20104",2217805,85,0,"1",.,"A",.,"A",.,"A",.,"A",.,"A",60,"D",.,"A",.,"A",.,"A",.,"A",.,"A",.,"A",30,"D",.,"A",.,"A"
"20104",2217825,51,0,"1",.,"A",.,"A",.,"A",.,"A",.,"A",.,"A",.,"A",.,"A",.,"A",.,"A",.,"A",.,"A",40,"D",.,"A",.,"A"
"20104",2217835,26,0,"1",.,"A",.,"A",.,"A",.,"A",30,"D",.,"A",.,"A",.,"A",.,"A",60,"D",0,"D",0,"D",50,"D",20,"D",.,"A"
"20104",2217855,66,0,"1",.,"A",.,"A",.,"A",.,"A",.,"A",.,"A",.,"A",.,"A",.,"A",.,"A",.,"A",.,"A",.,"A",.,"A",.,"A"
"20104",2217875,62,0,"1",.,"A",.,"A",.,"A",.,"A",.,"A",68,"D",.,"A",.,"A",.,"A",.,"A",.,"A",.,"A",397,"D",.,"A",.,"A"
"20104",2217915,43,0,"1",.,"A",.,"A",.,"A",.,"A",.,"A",.,"A",.,"A",.,"A",.,"A",.,"A",.,"A",.,"A",20,"D",.,"A",.,"A"
"20104",2217925,45,0,"1",.,"A",.,"A",.,"A",.,"A",.,"A",.,"A",.,"A",.,"A",.,"A",.,"A",.,"A",.,"A",.,"A",.,"A",.,"A"
"20104",2217955,47,0,"1",.,"A",.,"A",.,"A",.,"A",.,"A",.,"A",.,"A",.,"A",.,"A",.,"A",.,"A",.,"A",78,"D",.,"A",.,"A"
"20104",2217965,57,0,"1",.,"A",.,"A",.,"A",.,"A",.,"A",.,"A",.,"A",.,"A",.,"A",.,"A",.,"A",.,"A",36,"D",.,"A",.,"A"
"20104",2217975,41,0,"1",.,"A",.,"A",.,"A",.,"A",.,"A",.,"A",91,"D",.,"A",.,"A",.,"A",.,"A",.,"A",.,"A",.,"A",.,"A"
"20104",2217985,114,0,"1",.,"A",.,"A",.,"A",.,"A",.,"A",.,"A",.,"A",.,"A",.,"A",.,"A",.,"A",.,"A",200,"D",.,"A",.,"A"
"20104",2217995,51,0,"1",.,"A",.,"A",.,"A",.,"A",.,"A",120,"D",.,"A",.,"A",90,"D",.,"A",.,"A",.,"A",250,"D",.,"A",.,"A"
"20104",2218065,30,0,"1",.,"A",.,"A",.,"A",.,"A",.,"A",.,"A",.,"A",.,"A",.,"A",.,"A",.,"A",.,"A",.,"A",.,"A",.,"A"
"20104",2218075,48,0,"1",.,"A",.,"A",.,"A",.,"A",.,"A",.,"A",.,"A",.,"A",.,"A",.,"A",.,"A",.,"A",.,"A",.,"A",.,"A"
"20104",2218085,29,0,"1",.,"A",.,"A",.,"A",.,"A",.,"A",.,"A",.,"A",.,"A",.,"A",.,"A",.,"A",.,"A",120,"D",.,"A",.,"A"
"20104",2218105,32,0,"1",.,"A",.,"A",.,"A",.,"A",.,"A",.,"A",.,"A",.,"A",.,"A",.,"A",.,"A",.,"A",24,"D",.,"A",.,"A"
"20104",2218115,46,0,"1",.,"A",.,"A",.,"A",.,"A",60,"D",.,"A",.,"A",.,"A",.,"A",.,"A",.,"A",.,"A",106,"D",.,"A",.,"A"
"20104",2218125,52,0,"1",.,"A",.,"A",.,"A",.,"A",.,"A",.,"A",195,"D",.,"A",.,"A",.,"A",.,"A",.,"A",200,"D",.,"A",.,"A"
"20104",2218135,54,0,"1",.,"A",.,"A",40,"D",.,"A",.,"A",.,"A",.,"A",.,"A",.,"A",.,"A",.,"A",.,"A",120,"D",.,"A",.,"A"
"20104",2218155,28,0,"1",.,"A",.,"A",.,"A",.,"A",.,"A",.,"A",.,"A",.,"A",.,"A",.,"A",.,"A",.,"A",.,"A",.,"A",.,"A"
"20104",2218175,34,0,"1",.,"A",.,"A",.,"A",.,"A",.,"A",.,"A",.,"A",.,"A",.,"A",.,"A",.,"A",.,"A",.,"A",.,"A",.,"A"
"20104",2218185,42,0,"1",.,"A",.,"A",.,"A",.,"A",.,"A",.,"A",.,"A",.,"A",.,"A",.,"A",.,"A",.,"A",60,"D",.,"A",.,"A"
"20104",2218195,38,0,"1",.,"A",.,"A",.,"A",.,"A",.,"A",.,"A",.,"A",.,"A",.,"A",.,"A",.,"A",.,"A",120,"F",.,"A",.,"A"
"20104",2218205,87,0,"1",.,"A",.,"A",.,"A",.,"A",.,"A",18,"D",.,"A",.,"A",.,"A",.,"A",.,"A",.,"A",40,"D",.,"A",.,"A"
"20104",2218225,50,0,"1",.,"A",.,"A",.,"A",.,"A",.,"A",.,"A",.,"A",.,"A",.,"A",.,"A",.,"A",.,"A",.,"A",.,"A",.,"A"
"20104",2218235,52,0,"1",.,"A",.,"A",.,"A",.,"A",.,"A",.,"A",.,"A",.,"A",.,"A",.,"A",.,"A",.,"A",60,"D",.,"A",.,"A"
"20104",2218245,31,0,"1",.,"A",.,"A",.,"A",.,"A",.,"A",.,"A",.,"A",.,"A",.,"A",.,"A",.,"A",.,"A",.,"A",.,"A",.,"A"
"20104",2218275,58,0,"1",.,"A",.,"A",.,"A",.,"A",.,"A",.,"A",.,"A",.,"A",.,"A",60,"D",0,"D",0,"D",.,"A",20,"D",.,"A"
"20104",2218285,69,0,"1",.,"A",.,"A",.,"A",.,"A",.,"A",.,"A",.,"A",.,"A",.,"A",.,"A",.,"A",.,"A",40,"D",.,"A",.,"A"
"20104",2218295,24,0,"1",.,"A",.,"A",.,"A",.,"A",45,"D",.,"A",260,"D",.,"A",.,"A",.,"A",.,"A",.,"A",.,"A",.,"A",.,"A"
"20104",2218345,72,0,"1",.,"A",.,"A",.,"A",.,"A",.,"A",.,"A",.,"A",.,"A",.,"A",.,"A",.,"A",.,"A",96,"D",.,"A",.,"A"
"20104",2218355,36,0,"1",.,"A",.,"A",.,"A",.,"A",.,"A",.,"A",.,"A",.,"A",.,"A",.,"A",.,"A",.,"A",.,"A",.,"A",.,"A"
"20104",2218365,37,0,"1",.,"A",.,"A",.,"A",.,"A",.,"A",.,"A",.,"A",.,"A",.,"A",.,"A",.,"A",.,"A",.,"A",.,"A",.,"A"
"20104",2218375,29,0,"1",.,"A",.,"A",.,"A",.,"A",.,"A",.,"A",390,"D",.,"A",.,"A",.,"A",.,"A",.,"A",.,"A",.,"A",.,"A"
"20104",2218385,51,0,"1",.,"A",.,"A",.,"A",.,"A",.,"A",.,"A",130,"D",.,"A",.,"A",.,"A",.,"A",.,"A",.,"A",.,"A",.,"A"
"20104",2218395,63,0,"1",.,"A",.,"A",.,"A",.,"A",.,"A",.,"A",.,"A",.,"A",.,"A",.,"A",.,"A",.,"A",90,"D",.,"A",.,"A"
"20104",2218415,68,0,"1",.,"A",.,"A",.,"A",.,"A",.,"A",.,"A",.,"A",.,"A",.,"A",.,"A",.,"A",.,"A",.,"A",.,"A",.,"A"
"20104",2218425,52,0,"1",.,"A",.,"A",.,"A",.,"A",.,"A",.,"A",.,"A",.,"A",.,"A",.,"A",.,"A",.,"A",45,"D",.,"A",.,"A"
"20104",2218455,68,0,"1",.,"A",.,"A",.,"A",.,"A",.,"A",.,"A",.,"A",.,"A",.,"A",.,"A",.,"A",.,"A",55,"D",.,"A",.,"A"
"20104",2218465,56,0,"1",.,"A",.,"A",.,"A",.,"A",.,"A",.,"A",2327,"D",.,"A",30,"D",333,"D",0,"D",333,"D",.,"A",111,"D",.,"A"
"20104",2218495,38,0,"1",.,"A",.,"A",.,"A",.,"A",20,"D",.,"A",.,"A",.,"A",.,"A",.,"A",.,"A",.,"A",.,"A",.,"A",.,"A"
"20104",2218525,91,0,"1",.,"A",.,"A",.,"A",.,"A",.,"A",20,"D",.,"A",.,"A",.,"A",.,"A",.,"A",.,"A",50,"D",.,"A",.,"A"
"20104",2218535,37,0,"1",.,"A",.,"A",.,"A",.,"A",.,"A",.,"A",520,"D",.,"A",.,"A",.,"A",.,"A",.,"A",.,"A",.,"A",.,"A"
"20104",2218565,53,0,"1",.,"A",.,"A",.,"A",.,"A",.,"A",.,"A",.,"A",.,"A",.,"A",.,"A",.,"A",.,"A",95,"D",.,"A",.,"A"
"20104",2218575,86,0,"1",.,"A",.,"A",.,"A",.,"A",.,"A",.,"A",.,"A",.,"A",.,"A",.,"A",.,"A",.,"A",110,"D",.,"A",.,"A"
"20104",2218585,47,0,"1",.,"A",.,"A",.,"A",.,"A",.,"A",.,"A",130,"D",.,"A",.,"A",.,"A",.,"A",.,"A",.,"A",.,"A",.,"A"
"20104",2218595,47,0,"1",.,"A",.,"A",.,"A",.,"A",.,"A",.,"A",.,"A",.,"A",.,"A",.,"A",.,"A",.,"A",170,"D",.,"A",.,"A"
"20104",2218605,59,0,"1",.,"A",.,"A",.,"A",.,"A",.,"A",.,"A",546,"D",.,"A",.,"A",.,"A",.,"A",.,"A",.,"A",.,"A",.,"A"
"20104",2218635,53,0,"1",.,"A",.,"A",.,"A",.,"A",.,"A",.,"A",.,"A",.,"A",.,"A",.,"A",.,"A",.,"A",.,"A",.,"A",.,"A"
"20104",2218675,77,0,"1",.,"A",.,"A",.,"A",.,"A",.,"A",.,"A",.,"A",.,"A",.,"A",.,"A",.,"A",.,"A",50,"D",.,"A",.,"A"
"20104",2218685,62,0,"1",.,"A",.,"A",.,"A",.,"A",.,"A",.,"A",325,"D",.,"A",.,"A",.,"A",.,"A",.,"A",7,"D",.,"A",.,"A"
"20104",2218705,31,0,"1",.,"A",.,"A",.,"A",.,"A",.,"A",.,"A",.,"A",.,"A",.,"A",.,"A",.,"A",.,"A",.,"A",.,"A",.,"A"
"20104",2218715,29,0,"1",.,"A",.,"A",.,"A",.,"A",30,"D",.,"A",.,"A",.,"A",.,"A",.,"A",.,"A",.,"A",.,"A",.,"A",.,"A"
"20104",2218735,47,0,"1",.,"A",.,"A",.,"A",.,"A",.,"A",.,"A",.,"A",.,"A",.,"A",.,"A",.,"A",.,"A",20,"D",.,"A",.,"A"
"20104",2218745,65,0,"1",.,"A",.,"A",.,"A",.,"A",.,"A",.,"A",.,"A",.,"A",.,"A",.,"A",.,"A",.,"A",15,"D",.,"A",.,"A"
"20104",2218755,58,0,"1",.,"A",.,"A",.,"A",.,"A",.,"A",.,"A",520,"D",.,"A",.,"A",.,"A",.,"A",.,"A",201,"D",.,"A",.,"A"
"20104",2218765,85,0,"1",.,"A",.,"A",.,"A",.,"A",.,"A",.,"A",.,"A",.,"A",.,"A",.,"A",.,"A",.,"A",60,"D",.,"A",.,"A"
"20104",2218775,32,0,"1",.,"A",.,"A",.,"A",.,"A",.,"A",.,"A",.,"A",.,"A",.,"A",.,"A",.,"A",.,"A",.,"A",.,"A",.,"A"
"20104",2218795,58,0,"1",.,"A",.,"A",.,"A",.,"A",.,"A",.,"A",.,"A",260,"D",.,"A",.,"A",.,"A",.,"A",50,"D",.,"A",.,"A"
"20104",2218805,86,0,"1",.,"A",.,"A",25,"D",.,"A",.,"A",.,"A",.,"A",.,"A",.,"A",.,"A",.,"A",.,"A",.,"A",.,"A",.,"A"
"20104",2218815,58,0,"1",.,"A",.,"A",.,"A",.,"A",.,"A",.,"A",.,"A",.,"A",.,"A",.,"A",.,"A",.,"A",20,"D",.,"A",.,"A"
"20104",2218835,26,0,"1",.,"A",.,"A",.,"A",.,"A",.,"A",.,"A",.,"A",.,"A",.,"A",.,"A",.,"A",.,"A",.,"A",.,"A",.,"A"
"20104",2218865,56,0,"1",.,"A",.,"A",.,"A",.,"A",.,"A",108,"D",.,"A",.,"A",.,"A",.,"A",.,"A",.,"A",180,"D",.,"A",.,"A"
"20104",2218915,33,0,"1",.,"A",.,"A",.,"A",.,"A",.,"A",.,"A",.,"A",.,"A",.,"A",.,"A",.,"A",.,"A",.,"A",.,"A",.,"A"
"20104",2218945,41,0,"1",.,"A",.,"A",.,"A",.,"A",.,"A",20,"D",.,"A",.,"A",.,"A",.,"A",.,"A",.,"A",120,"D",.,"A",.,"A"
"20104",2218955,44,0,"1",.,"A",.,"A",.,"A",.,"A",.,"A",.,"A",.,"A",.,"A",.,"A",.,"A",.,"A",.,"A",50,"D",.,"A",.,"A"
"20104",2218975,54,0,"1",.,"A",.,"A",.,"A",.,"A",.,"A",80,"D",.,"A",.,"A",.,"A",.,"A",.,"A",.,"A",.,"A",.,"A",.,"A"
"20104",2218995,52,0,"1",.,"A",.,"A",.,"A",.,"A",30,"D",.,"A",390,"D",.,"A",.,"A",.,"A",.,"A",.,"A",60,"D",.,"A",.,"A"
"20104",2219005,54,0,"1",.,"A",.,"A",.,"A",.,"A",.,"A",.,"A",.,"A",.,"A",.,"A",.,"A",.,"A",.,"A",.,"A",.,"A",.,"A"
"20104",2219025,67,0,"1",.,"A",.,"A",.,"A",.,"A",.,"A",5,"D",.,"A",.,"A",.,"A",.,"A",.,"A",.,"A",75,"D",.,"A",.,"A"
"20104",2219055,37,0,"1",.,"A",.,"A",.,"A",.,"A",.,"A",.,"A",.,"A",.,"A",.,"A",.,"A",.,"A",.,"A",45,"D",.,"A",.,"A"
"20104",2219065,72,0,"1",.,"A",.,"A",.,"A",.,"A",.,"A",.,"A",.,"A",.,"A",.,"A",.,"A",.,"A",.,"A",40,"D",.,"A",.,"A"
"20104",2219085,46,0,"1",.,"A",.,"A",.,"A",.,"A",.,"A",.,"A",.,"A",.,"A",.,"A",.,"A",.,"A",.,"A",.,"A",.,"A",.,"A"
"20104",2219095,41,0,"1",.,"A",.,"A",.,"A",.,"A",.,"A",.,"A",.,"A",.,"A",.,"A",.,"A",.,"A",.,"A",45,"D",.,"A",.,"A"
"20104",2219125,41,0,"1",.,"A",.,"A",.,"A",.,"A",.,"A",.,"A",520,"F",.,"A",.,"A",.,"A",.,"A",.,"A",.,"A",.,"A",.,"A"
"20104",2219155,40,0,"1",.,"A",.,"A",.,"A",.,"A",.,"A",.,"A",.,"A",.,"A",.,"A",.,"A",.,"A",.,"A",28,"D",.,"A",.,"A"
"20104",2219175,62,0,"1",.,"A",.,"A",.,"A",.,"A",.,"A",.,"A",.,"A",130,"D",.,"A",.,"A",.,"A",.,"A",15,"D",.,"A",.,"A"
"20104",2219185,66,0,"1",.,"A",.,"A",.,"A",.,"A",.,"A",.,"A",390,"D",.,"A",.,"A",.,"A",.,"A",.,"A",10,"D",.,"A",.,"A"
"20104",2219195,44,0,"1",.,"A",.,"A",.,"A",.,"A",.,"A",.,"A",520,"D",.,"A",.,"A",.,"A",.,"A",.,"A",.,"A",.,"A",.,"A"
"20104",2219235,31,0,"1",.,"A",.,"A",.,"A",.,"A",.,"A",.,"A",.,"A",.,"A",.,"A",.,"A",.,"A",.,"A",.,"A",.,"A",.,"A"
"20104",2219255,59,0,"1",8,"D",.,"A",.,"A",.,"A",0,"D",80,"D",.,"A",.,"A",.,"A",.,"A",.,"A",.,"A",32,"D",.,"A",.,"A"
"20104",2219265,48,0,"1",.,"A",.,"A",.,"A",.,"A",.,"A",.,"A",520,"D",.,"A",.,"A",.,"A",.,"A",.,"A",20,"D",.,"A",.,"A"
"20104",2219285,26,0,"1",.,"A",.,"A",.,"A",.,"A",48,"D",.,"A",.,"A",.,"A",.,"A",.,"A",.,"A",.,"A",.,"A",.,"A",.,"A"
"20104",2219315,53,0,"1",.,"A",.,"A",.,"A",.,"A",.,"A",.,"A",.,"A",.,"A",.,"A",.,"A",.,"A",.,"A",30,"D",.,"A",.,"A"
"20104",2219325,86,0,"1",.,"A",.,"A",.,"A",.,"A",.,"A",.,"A",.,"A",.,"A",.,"A",.,"A",.,"A",.,"A",251,"D",.,"A",.,"A"
"20104",2219345,57,0,"1",.,"A",.,"A",.,"A",.,"A",.,"A",160,"D",.,"A",.,"A",.,"A",.,"A",.,"A",.,"A",90,"F",.,"A",.,"A"
"20104",2219365,49,0,"1",.,"A",.,"A",.,"A",.,"A",.,"A",.,"A",.,"A",.,"A",.,"A",.,"A",.,"A",.,"A",70,"D",.,"A",.,"A"
"20104",2219385,83,0,"1",.,"A",.,"A",.,"A",.,"A",.,"A",170,"D",.,"A",.,"A",.,"A",.,"A",.,"A",.,"A",375,"D",.,"A",.,"A"
"20104",2219395,45,0,"1",.,"A",.,"A",.,"A",.,"A",.,"A",.,"A",.,"A",.,"A",.,"A",.,"A",.,"A",.,"A",20,"D",.,"A",.,"A"
"20104",2219405,32,0,"1",.,"A",.,"A",.,"A",.,"A",.,"A",.,"A",.,"A",.,"A",.,"A",.,"A",.,"A",.,"A",.,"A",.,"A",.,"A"
"20104",2219415,21,0,"1",.,"A",.,"A",.,"A",.,"A",.,"A",.,"A",.,"A",.,"A",.,"A",.,"A",.,"A",.,"A",.,"A",.,"A",.,"A"
"20104",2219425,65,0,"1",.,"A",.,"A",.,"A",.,"A",.,"A",.,"A",.,"A",.,"A",.,"A",.,"A",.,"A",.,"A",67,"D",.,"A",.,"A"
"20104",2219445,81,0,"1",.,"A",.,"A",.,"A",.,"A",.,"A",.,"A",364,"D",247,"D",.,"A",.,"A",.,"A",.,"A",90,"D",.,"A",.,"A"
"20104",2219455,22,0,"1",.,"A",.,"A",.,"A",.,"A",.,"A",.,"A",.,"A",.,"A",.,"A",.,"A",.,"A",.,"A",.,"A",.,"A",.,"A"
"20104",2219475,63,0,"1",.,"A",.,"A",.,"A",.,"A",.,"A",.,"A",1300,"D",.,"A",30,"D",.,"A",.,"A",.,"A",100,"D",.,"A",.,"A"
"20104",2219485,57,0,"1",.,"A",.,"A",.,"A",.,"A",.,"A",.,"A",.,"A",130,"D",.,"A",.,"A",.,"A",.,"A",.,"A",.,"A",.,"A"
"20104",2219495,61,0,"1",.,"A",.,"A",.,"A",22,"D",.,"A",.,"A",.,"A",.,"A",15,"D",.,"A",.,"A",.,"A",83,"D",.,"A",.,"A"
"20104",2219505,22,0,"1",.,"A",.,"A",.,"A",.,"A",70,"D",.,"A",.,"A",.,"A",.,"A",.,"A",.,"A",.,"A",30,"D",.,"A",.,"A"
"20104",2219515,46,0,"1",5,"D",.,"A",.,"A",.,"A",85,"D",.,"A",.,"A",390,"D",.,"A",.,"A",.,"A",.,"A",59,"D",.,"A",.,"A"
"20104",2219525,28,0,"1",.,"A",.,"A",.,"A",.,"A",.,"A",.,"A",65,"D",.,"A",.,"A",.,"A",.,"A",.,"A",.,"A",.,"A",.,"A"
"20104",2219535,59,0,"1",.,"A",.,"A",.,"A",.,"A",.,"A",.,"A",195,"D",.,"A",.,"A",.,"A",.,"A",.,"A",95,"D",.,"A",.,"A"
"20104",2219565,50,0,"1",.,"A",.,"A",.,"A",.,"A",.,"A",.,"A",260,"D",.,"A",.,"A",.,"A",.,"A",.,"A",30,"D",.,"A",.,"A"
"20104",2219575,41,0,"1",.,"A",.,"A",.,"A",.,"A",.,"A",.,"A",.,"A",.,"A",.,"A",.,"A",.,"A",.,"A",.,"A",.,"A",.,"A"
"20104",2219585,57,0,"1",.,"A",.,"A",.,"A",.,"A",.,"A",.,"A",.,"A",.,"A",.,"A",.,"A",.,"A",.,"A",75,"D",.,"A",.,"A"
"20104",2219595,42,0,"1",.,"A",.,"A",.,"A",.,"A",30,"D",.,"A",.,"A",.,"A",.,"A",.,"A",.,"A",.,"A",12,"D",.,"A",.,"A"
"20104",2219605,40,0,"1",.,"A",.,"A",.,"A",.,"A",.,"A",.,"A",312,"D",.,"A",.,"A",.,"A",.,"A",.,"A",.,"A",.,"A",.,"A"
"20104",2219625,31,0,"1",.,"A",.,"A",.,"A",.,"A",.,"A",.,"A",.,"A",.,"A",.,"A",.,"A",.,"A",.,"A",.,"A",.,"A",.,"A"
"20104",2219645,55,0,"1",.,"A",.,"A",.,"A",.,"A",.,"A",.,"A",.,"A",.,"A",.,"A",.,"A",.,"A",.,"A",135,"D",.,"A",.,"A"
"20104",2219665,43,0,"1",.,"A",.,"A",.,"A",.,"A",.,"A",.,"A",468,"D",.,"A",.,"A",.,"A",.,"A",.,"A",70,"D",.,"A",.,"A"
"20104",2219675,68,0,"1",.,"A",.,"A",.,"A",.,"A",.,"A",20,"D",.,"A",.,"A",.,"A",.,"A",.,"A",.,"A",80,"D",.,"A",.,"A"
"20104",2219685,37,0,"1",.,"A",.,"A",.,"A",.,"A",.,"A",.,"A",.,"A",.,"A",.,"A",.,"A",.,"A",.,"A",30,"D",.,"A",.,"A"
"20104",2219695,81,0,"1",.,"A",.,"A",.,"A",.,"A",.,"A",.,"A",.,"A",.,"A",.,"A",.,"A",.,"A",.,"A",.,"A",.,"A",.,"A"
"20104",2219705,41,0,"1",.,"A",.,"A",.,"A",.,"A",.,"A",.,"A",.,"A",.,"A",.,"A",.,"A",.,"A",.,"A",.,"A",.,"A",.,"A"
"20104",2219715,49,0,"1",.,"A",.,"A",.,"A",.,"A",.,"A",.,"A",.,"A",.,"A",.,"A",.,"A",.,"A",.,"A",8,"D",.,"A",.,"A"
"20104",2219765,42,0,"1",.,"A",.,"A",.,"A",.,"A",.,"A",.,"A",.,"A",.,"A",.,"A",.,"A",.,"A",.,"A",50,"D",.,"A",.,"A"
"20104",2219775,46,0,"1",.,"A",.,"A",.,"A",.,"A",.,"A",.,"A",.,"A",.,"A",.,"A",.,"A",.,"A",.,"A",80,"D",.,"A",.,"A"
"20104",2219785,56,0,"1",.,"A",.,"A",.,"A",.,"A",.,"A",.,"A",.,"A",.,"A",.,"A",.,"A",.,"A",.,"A",15,"D",.,"A",.,"A"
"20104",2219805,61,0,"1",.,"A",.,"A",.,"A",.,"A",.,"A",40,"D",.,"A",.,"A",.,"A",.,"A",.,"A",.,"A",200,"D",.,"A",.,"A"
"20104",2219815,48,0,"1",.,"A",.,"A",.,"A",.,"A",.,"A",.,"A",.,"A",.,"A",.,"A",.,"A",.,"A",.,"A",65,"D",.,"A",.,"A"
"20104",2219855,55,0,"1",.,"A",.,"A",.,"A",23,"D",.,"A",.,"A",.,"A",.,"A",.,"A",.,"A",.,"A",.,"A",130,"D",.,"A",.,"A"
"20104",2219905,39,0,"1",.,"A",.,"A",.,"A",.,"A",.,"A",.,"A",.,"A",.,"A",.,"A",.,"A",.,"A",.,"A",.,"A",.,"A",.,"A"
"20104",2219935,62,0,"1",.,"A",.,"A",.,"A",.,"A",.,"A",.,"A",.,"A",.,"A",.,"A",.,"A",.,"A",.,"A",12,"D",.,"A",.,"A"
"20104",2220005,45,0,"1",.,"A",.,"A",.,"A",.,"A",.,"A",.,"A",.,"A",.,"A",.,"A",.,"A",.,"A",.,"A",42,"D",.,"A",.,"A"
"20104",2220015,34,0,"1",.,"A",.,"A",.,"A",.,"A",.,"A",150,"D",260,"D",.,"A",.,"A",.,"A",.,"A",.,"A",30,"D",.,"A",.,"A"
"20104",2220025,58,0,"1",.,"A",.,"A",.,"A",.,"A",.,"A",.,"A",.,"A",.,"A",.,"A",.,"A",.,"A",.,"A",90,"D",.,"A",.,"A"
"20104",2220035,60,0,"1",.,"A",.,"A",.,"A",.,"A",20,"D",.,"A",.,"A",.,"A",.,"A",.,"A",.,"A",.,"A",.,"A",.,"A",.,"A"
"20104",2220055,62,0,"1",.,"A",.,"A",.,"A",.,"A",.,"A",50,"D",.,"A",.,"A",.,"A",.,"A",.,"A",.,"A",60,"D",.,"A",.,"A"
"20104",2220065,50,0,"1",.,"A",.,"A",.,"A",.,"A",.,"A",40,"D",.,"A",.,"A",15,"D",.,"A",.,"A",.,"A",108,"D",.,"A",.,"A"
"20104",2220075,29,0,"1",.,"A",.,"A",.,"A",.,"A",.,"A",.,"A",.,"A",.,"A",.,"A",.,"A",.,"A",.,"A",.,"A",.,"A",.,"A"
"20104",2220085,51,0,"1",.,"A",.,"A",.,"A",.,"A",.,"A",.,"A",520,"D",.,"A",.,"A",.,"A",.,"A",.,"A",45,"D",.,"A",.,"A"
"20104",2220095,52,0,"1",.,"A",.,"A",.,"A",.,"A",.,"A",.,"A",520,"D",.,"A",.,"A",.,"A",.,"A",.,"A",150,"D",.,"A",.,"A"
"20104",2220115,49,0,"1",.,"A",.,"A",.,"A",.,"A",.,"A",.,"A",.,"A",.,"A",.,"A",.,"A",.,"A",.,"A",100,"D",.,"A",.,"A"
"20104",2220125,24,0,"1",.,"A",.,"A",.,"A",.,"A",.,"A",.,"A",.,"A",.,"A",.,"A",.,"A",.,"A",.,"A",.,"A",.,"A",.,"A"
"20104",2220165,71,0,"1",.,"A",.,"A",.,"A",.,"A",.,"A",.,"A",.,"A",.,"A",.,"A",.,"A",.,"A",.,"A",62,"D",.,"A",.,"A"
"20104",2220175,109,0,"1",.,"A",.,"A",.,"A",.,"A",.,"A",20,"D",.,"A",.,"A",21,"D",.,"A",.,"A",.,"A",300,"D",.,"A",.,"A"
"20104",2220215,96,0,"1",.,"A",.,"A",.,"A",.,"A",.,"A",.,"A",.,"A",.,"A",.,"A",.,"A",.,"A",.,"A",180,"D",.,"A",.,"A"
"20104",2220225,81,0,"1",.,"A",.,"A",.,"A",.,"A",.,"A",.,"A",.,"A",.,"A",.,"A",.,"A",.,"A",.,"A",.,"A",.,"A",.,"A"
"20104",2220245,54,0,"1",.,"A",.,"A",.,"A",.,"A",.,"A",100,"D",.,"A",.,"A",9,"D",.,"A",.,"A",.,"A",24,"D",.,"A",.,"A"
"20104",2220255,31,0,"1",.,"A",.,"A",.,"A",.,"A",.,"A",.,"A",390,"D",.,"A",.,"A",.,"A",.,"A",.,"A",.,"A",.,"A",.,"A"
"20104",2220275,42,0,"1",.,"A",.,"A",.,"A",.,"A",.,"A",.,"A",65,"D",.,"A",.,"A",.,"A",.,"A",.,"A",25,"D",.,"A",.,"A"
"20104",2220285,41,0,"1",30,"D",.,"A",.,"A",.,"A",90,"D",.,"A",390,"D",.,"A",.,"A",.,"A",.,"A",.,"A",.,"A",.,"A",.,"A"
"20104",2220295,47,0,"1",.,"A",.,"A",.,"A",.,"A",.,"A",.,"A",.,"A",.,"A",.,"A",.,"A",.,"A",.,"A",41,"D",.,"A",.,"A"
"20104",2220305,55,0,"1",.,"A",.,"A",.,"A",.,"A",.,"A",.,"A",.,"A",.,"A",.,"A",.,"A",.,"A",.,"A",160,"D",.,"A",.,"A"
"20104",2220315,63,0,"1",.,"A",.,"A",.,"A",.,"A",.,"A",.,"A",.,"A",.,"A",.,"A",.,"A",.,"A",.,"A",.,"A",.,"A",.,"A"
"20104",2220325,40,0,"1",.,"A",.,"A",.,"A",.,"A",.,"A",.,"A",.,"A",.,"A",.,"A",.,"A",.,"A",.,"A",.,"A",.,"A",.,"A"
"20104",2220335,47,0,"1",.,"A",.,"A",.,"A",.,"A",78,"D",.,"A",.,"A",.,"A",.,"A",.,"A",.,"A",.,"A",60,"D",.,"A",.,"A"
"20104",2220345,76,0,"1",.,"A",.,"A",.,"A",.,"A",.,"A",.,"A",.,"A",.,"A",.,"A",.,"A",.,"A",.,"A",70,"D",.,"A",.,"A"
"20104",2220365,51,0,"1",.,"A",.,"A",.,"A",.,"A",.,"A",.,"A",325,"D",130,"D",.,"A",.,"A",.,"A",.,"A",.,"A",.,"A",.,"A"
"20104",2220375,23,0,"1",.,"A",.,"A",.,"A",.,"A",.,"A",.,"A",.,"A",.,"A",.,"A",.,"A",.,"A",.,"A",.,"A",.,"A",.,"A"
"20104",2220385,68,0,"1",.,"A",.,"A",.,"A",.,"A",30,"D",.,"A",.,"A",65,"D",.,"A",.,"A",.,"A",.,"A",40,"D",.,"A",.,"A"
"20104",2220395,49,0,"1",.,"A",.,"A",.,"A",.,"A",.,"A",.,"A",.,"A",.,"A",.,"A",.,"A",.,"A",.,"A",.,"A",.,"A",.,"A"
"20104",2220415,57,0,"1",20,"D",.,"A",.,"A",.,"A",70,"D",.,"A",1456,"D",.,"A",.,"A",.,"A",.,"A",.,"A",80,"D",.,"A",.,"A"
"20104",2220425,40,0,"1",.,"A",.,"A",.,"A",.,"A",.,"A",.,"A",.,"A",.,"A",.,"A",.,"A",.,"A",.,"A",75,"D",.,"A",.,"A"
"20104",2220435,60,0,"1",.,"A",59,"D",.,"A",.,"A",.,"A",60,"D",.,"A",.,"A",.,"A",.,"A",.,"A",.,"A",460,"D",.,"A",.,"A"
"20104",2220465,52,0,"1",.,"A",.,"A",.,"A",40,"D",.,"A",.,"A",156,"D",.,"A",.,"A",.,"A",.,"A",.,"A",100,"D",.,"A",.,"A"
"20104",2220475,40,0,"1",.,"A",.,"A",.,"A",.,"A",.,"A",.,"A",.,"A",.,"A",.,"A",.,"A",.,"A",.,"A",85,"D",.,"A",.,"A"
"20104",2220485,41,0,"1",.,"A",.,"A",.,"A",.,"A",.,"A",.,"A",390,"D",.,"A",.,"A",.,"A",.,"A",.,"A",.,"A",.,"A",.,"A"
"20104",2220505,51,0,"1",.,"A",.,"A",.,"A",.,"A",.,"A",.,"A",.,"A",.,"A",.,"A",.,"A",.,"A",.,"A",40,"D",.,"A",.,"A"
"20104",2220535,44,0,"1",.,"A",.,"A",.,"A",.,"A",.,"A",.,"A",.,"A",.,"A",.,"A",0,"D",0,"D",90,"D",45,"D",0,"D",.,"A"
"20104",2220575,38,0,"1",.,"A",.,"A",.,"A",.,"A",.,"A",.,"A",.,"A",.,"A",.,"A",.,"A",.,"A",.,"A",240,"D",.,"A",.,"A"
"20104",2220585,33,0,"1",.,"A",.,"A",.,"A",.,"A",240,"D",.,"A",.,"A",.,"A",.,"A",.,"A",.,"A",.,"A",45,"D",.,"A",.,"A"
"20104",2220595,46,0,"1",.,"A",.,"A",.,"A",.,"A",.,"A",.,"A",.,"A",.,"A",.,"A",.,"A",.,"A",.,"A",21,"D",.,"A",.,"A"
"20104",2220615,68,0,"1",.,"A",.,"A",.,"A",.,"A",.,"A",.,"A",650,"D",.,"A",.,"A",.,"A",.,"A",.,"A",30,"D",.,"A",.,"A"
"20104",2220625,88,0,"1",20,"D",.,"A",.,"A",.,"A",0,"D",15,"D",.,"A",.,"A",.,"A",.,"A",.,"A",.,"A",40,"D",.,"A",.,"A"
"20104",2220695,50,0,"1",.,"A",.,"A",.,"A",50,"D",.,"A",.,"A",.,"A",.,"A",.,"A",.,"A",.,"A",.,"A",200,"D",.,"A",.,"A"
"20104",2220715,46,0,"1",.,"A",.,"A",.,"A",.,"A",75,"D",.,"A",.,"A",.,"A",408,"D",.,"A",.,"A",.,"A",.,"A",.,"A",.,"A"
"20104",2220725,57,0,"1",9,"D",.,"A",.,"A",.,"A",27,"D",.,"A",.,"A",.,"A",.,"A",60,"D",60,"D",0,"D",.,"A",20,"D",.,"A"
"20104",2220735,51,0,"1",.,"A",.,"A",.,"A",.,"A",.,"A",.,"A",.,"A",.,"A",45,"D",.,"A",.,"A",.,"A",45,"D",.,"A",.,"A"
"20104",2220755,47,0,"1",.,"A",.,"A",.,"A",.,"A",.,"A",.,"A",.,"A",.,"A",.,"A",.,"A",.,"A",.,"A",.,"A",.,"A",.,"A"
"20104",2220775,49,0,"1",12,"D",.,"A",.,"A",.,"A",24,"D",30,"D",.,"A",.,"A",.,"A",.,"A",.,"A",.,"A",.,"A",.,"A",.,"A"
"20104",2220785,57,0,"1",.,"A",.,"A",.,"A",.,"A",.,"A",11,"D",.,"A",.,"A",.,"A",.,"A",.,"A",.,"A",40,"D",.,"A",.,"A"
"20104",2220805,73,0,"1",.,"A",.,"A",.,"A",.,"A",.,"A",.,"A",.,"A",.,"A",.,"A",.,"A",.,"A",.,"A",.,"A",.,"A",.,"A"
"20104",2220825,65,0,"1",.,"A",.,"A",.,"A",.,"A",.,"A",.,"A",.,"A",.,"A",.,"A",.,"A",.,"A",.,"A",92,"D",.,"A",.,"A"
"20104",2220845,26,0,"1",50,"D",.,"A",.,"A",.,"A",50,"D",100,"D",.,"A",.,"A",.,"A",540,"D",0,"D",0,"D",30,"D",180,"D",.,"A"
"20104",2220855,57,0,"1",.,"A",.,"A",.,"A",.,"A",.,"A",.,"A",.,"A",.,"A",.,"A",.,"A",.,"A",.,"A",.,"A",.,"A",.,"A"
"20104",2220875,44,0,"1",.,"A",60,"D",.,"A",120,"D",.,"A",60,"D",.,"A",.,"A",.,"A",150,"D",0,"D",150,"D",90,"D",50,"D",.,"A"
"20104",2220895,46,0,"1",.,"A",.,"A",.,"A",.,"A",.,"A",20,"D",.,"A",.,"A",.,"A",.,"A",.,"A",.,"A",50,"D",.,"A",.,"A"
"20104",2220915,52,0,"1",.,"A",.,"A",.,"A",.,"A",.,"A",.,"A",.,"A",.,"A",.,"A",.,"A",.,"A",.,"A",.,"A",.,"A",.,"A"
"20104",2220935,58,0,"1",.,"A",.,"A",100,"D",.,"A",.,"A",.,"A",.,"A",.,"A",.,"A",.,"A",.,"A",.,"A",20,"D",.,"A",.,"A"
"20104",2220945,78,0,"1",.,"A",.,"A",.,"A",.,"A",.,"A",60,"D",.,"A",.,"A",.,"A",.,"A",.,"A",.,"A",90,"D",.,"A",.,"A"
"20104",2220975,85,0,"1",.,"A",.,"A",.,"A",.,"A",.,"A",.,"A",.,"A",.,"A",60,"D",.,"A",.,"A",.,"A",50,"D",.,"A",.,"A"
"20104",2220985,30,0,"1",.,"A",.,"A",.,"A",.,"A",.,"A",.,"A",.,"A",.,"A",.,"A",.,"A",.,"A",.,"A",.,"A",.,"A",.,"A"
"20104",2220995,93,0,"1",.,"A",.,"A",.,"A",.,"A",.,"A",90,"D",455,"D",.,"A",.,"A",.,"A",.,"A",.,"A",100,"D",.,"A",.,"A"
"20104",2221015,73,0,"1",.,"A",.,"A",.,"A",.,"A",.,"A",.,"A",533,"D",.,"A",.,"A",.,"A",.,"A",.,"A",45,"D",.,"A",.,"A"
"20104",2221045,43,0,"1",.,"A",.,"A",.,"A",.,"A",.,"A",.,"A",.,"A",.,"A",.,"A",.,"A",.,"A",.,"A",.,"A",.,"A",.,"A"
"20104",2221055,77,0,"1",.,"A",.,"A",.,"A",.,"A",.,"A",.,"A",.,"A",.,"A",.,"A",.,"A",.,"A",.,"A",30,"D",.,"A",.,"A"
"20104",2221065,55,0,"1",.,"A",.,"A",.,"A",.,"A",.,"A",.,"A",.,"A",.,"A",.,"A",.,"A",.,"A",.,"A",.,"A",.,"A",.,"A"
"20104",2221075,53,0,"1",.,"A",.,"A",.,"A",.,"A",.,"A",.,"A",.,"A",.,"A",.,"A",.,"A",.,"A",.,"A",.,"A",.,"A",.,"A"
"20104",2221085,83,0,"1",.,"A",.,"A",.,"A",.,"A",.,"A",.,"A",.,"A",.,"A",.,"A",.,"A",.,"A",.,"A",.,"A",.,"A",.,"A"
"20104",2221095,73,0,"1",.,"A",.,"A",.,"A",30,"D",.,"A",.,"A",.,"A",.,"A",.,"A",.,"A",.,"A",.,"A",.,"A",.,"A",.,"A"
"20104",2221115,22,0,"1",.,"A",.,"A",.,"A",.,"A",.,"A",.,"A",.,"A",.,"A",.,"A",240,"F",0,"D",0,"D",.,"A",.,"C",.,"A"
"20104",2221135,46,0,"1",.,"A",.,"A",.,"A",.,"A",.,"A",.,"A",.,"A",.,"A",.,"A",.,"A",.,"A",.,"A",.,"A",.,"A",.,"A"
"20104",2221165,47,0,"1",.,"A",.,"A",.,"A",.,"A",.,"A",.,"A",260,"D",260,"D",.,"A",.,"A",.,"A",.,"A",.,"A",.,"A",.,"A"
"20104",2221175,47,0,"1",.,"A",.,"A",.,"A",.,"A",.,"A",120,"D",650,"D",.,"A",.,"A",933,"D",0,"D",0,"D",200,"D",311,"D",.,"A"
"20104",2221185,72,0,"1",.,"A",.,"A",.,"A",.,"A",.,"A",.,"A",117,"D",.,"A",21,"D",.,"A",.,"A",.,"A",.,"A",.,"A",.,"A"
"20104",2221205,35,0,"1",.,"A",.,"A",.,"A",.,"A",600,"D",.,"A",.,"A",.,"A",.,"A",.,"A",.,"A",.,"A",180,"D",.,"A",.,"A"
"20104",2221215,97,0,"1",.,"A",.,"A",.,"A",.,"A",.,"A",.,"A",.,"A",.,"A",15,"F",0,"D",0,"D",90,"D",146,"D",0,"D",.,"A"
"20104",2221245,60,0,"1",.,"A",.,"A",.,"A",.,"A",.,"A",.,"A",.,"A",.,"A",.,"A",.,"A",.,"A",.,"A",.,"A",.,"A",.,"A"
"20104",2221255,65,0,"1",.,"A",.,"A",.,"A",.,"A",.,"A",.,"A",.,"A",.,"A",.,"A",.,"A",.,"A",.,"A",30,"D",.,"A",.,"A"
"20104",2221265,38,0,"1",.,"A",.,"A",.,"A",.,"A",.,"A",.,"A",260,"D",.,"A",.,"A",.,"A",.,"A",.,"A",32,"D",.,"A",.,"A"
"20104",2221275,44,0,"1",.,"A",.,"A",.,"A",.,"A",.,"A",50,"D",.,"A",.,"A",.,"A",.,"A",.,"A",.,"A",60,"D",.,"A",.,"A"
"20104",2221295,37,0,"1",.,"A",.,"A",.,"A",.,"A",70,"D",.,"A",.,"A",.,"A",.,"A",.,"A",.,"A",.,"A",.,"A",.,"A",.,"A"
"20104",2221315,31,0,"1",.,"A",.,"A",.,"A",.,"A",.,"A",25,"D",325,"D",.,"A",.,"A",.,"A",.,"A",.,"A",.,"A",.,"A",.,"A"
"20104",2221335,42,0,"1",150,"D",.,"A",.,"A",.,"A",150,"D",.,"A",325,"D",.,"A",.,"A",.,"A",.,"A",.,"A",50,"D",.,"A",.,"A"
"20104",2221345,61,0,"1",.,"A",.,"A",.,"A",.,"A",.,"A",.,"A",.,"A",.,"A",.,"A",.,"A",.,"A",.,"A",100,"D",.,"A",.,"A"
"20104",2221385,37,0,"1",.,"A",.,"A",.,"A",.,"A",.,"A",.,"A",.,"A",.,"A",.,"A",.,"A",.,"A",.,"A",50,"D",.,"A",.,"A"
"20104",2221395,87,0,"1",.,"A",.,"A",.,"A",.,"A",.,"A",.,"A",364,"D",156,"D",.,"A",.,"A",.,"A",.,"A",25,"D",.,"A",.,"A"
"20104",2221405,58,0,"1",.,"A",.,"A",.,"A",.,"A",.,"A",.,"A",520,"D",.,"A",135,"D",.,"A",.,"A",.,"A",.,"A",.,"A",.,"A"
"20104",2221415,49,0,"1",.,"A",.,"A",.,"A",.,"A",300,"D",20,"D",.,"A",.,"A",.,"A",.,"A",.,"A",.,"A",60,"D",.,"A",.,"A"
"20104",2221435,126,0,"1",.,"A",.,"A",.,"A",.,"A",.,"A",.,"A",.,"A",.,"A",36,"D",.,"A",.,"A",.,"A",200,"D",.,"A",.,"A"
"20104",2221445,64,0,"1",.,"A",.,"A",.,"A",.,"A",.,"A",.,"A",780,"D",.,"A",.,"A",.,"A",.,"A",.,"A",.,"A",.,"A",.,"A"
"20104",2221455,63,0,"1",.,"A",.,"A",.,"A",.,"A",.,"A",.,"A",.,"A",.,"A",.,"A",.,"A",.,"A",.,"A",.,"A",.,"A",.,"A"
"20104",2221465,54,0,"1",.,"A",.,"A",.,"A",.,"A",.,"A",.,"A",.,"A",.,"A",9,"D",.,"A",.,"A",.,"A",50,"D",.,"A",.,"A"
"20104",2221505,45,0,"1",.,"A",.,"A",.,"A",.,"A",.,"A",40,"D",.,"A",.,"A",.,"A",.,"A",.,"A",.,"A",156,"D",.,"A",.,"A"
"20104",2221515,44,0,"1",.,"A",.,"A",.,"A",.,"A",.,"A",.,"A",.,"A",130,"D",.,"A",.,"A",.,"A",.,"A",120,"D",.,"A",.,"A"
"20104",2221545,73,0,"1",.,"A",.,"A",.,"A",.,"A",.,"A",.,"A",.,"A",.,"A",.,"A",.,"A",.,"A",.,"A",25,"D",.,"A",.,"A"
"20104",2221565,26,0,"1",.,"A",.,"A",.,"A",.,"A",35,"D",.,"A",.,"A",.,"A",.,"A",240,"D",0,"D",0,"D",.,"A",80,"D",.,"A"
"20104",2221575,79,0,"1",.,"A",.,"A",.,"A",.,"A",.,"A",60,"D",.,"A",.,"A",75,"D",.,"A",.,"A",.,"A",100,"D",.,"A",.,"A"
"20104",2221615,40,0,"1",.,"A",.,"A",.,"A",.,"A",.,"A",.,"A",.,"A",.,"A",.,"A",.,"A",.,"A",.,"A",.,"A",.,"A",.,"A"
"20104",2221635,27,0,"1",.,"A",.,"A",.,"A",.,"A",.,"A",.,"A",.,"A",78,"D",.,"A",.,"A",.,"A",.,"A",.,"A",.,"A",.,"A"
"20104",2221645,58,0,"1",.,"A",.,"A",.,"A",.,"A",.,"A",.,"A",.,"A",.,"A",.,"A",.,"A",.,"A",.,"A",.,"A",.,"A",.,"A"
"20104",2221655,58,0,"1",.,"A",.,"A",54,"D",.,"A",.,"A",.,"A",156,"F",.,"A",69,"D",.,"A",.,"A",.,"A",75,"D",.,"A",.,"A"
"20104",2221665,28,0,"1",.,"A",.,"A",.,"A",.,"A",.,"A",.,"A",.,"A",.,"A",.,"A",.,"A",.,"A",.,"A",.,"A",.,"A",.,"A"
"20104",2221675,25,0,"1",.,"A",.,"A",.,"A",.,"A",.,"A",.,"A",260,"D",.,"A",.,"A",.,"A",.,"A",.,"A",.,"A",.,"A",.,"A"
"20104",2221695,50,0,"1",.,"A",.,"A",.,"A",.,"A",.,"A",.,"A",.,"A",.,"A",.,"A",165,"D",0,"D",0,"D",35,"D",55,"D",.,"A"
"20104",2221705,28,0,"1",.,"A",.,"A",.,"A",.,"A",.,"A",.,"A",585,"D",.,"A",.,"A",.,"A",.,"A",.,"A",.,"A",.,"A",.,"A"
"20104",2221725,24,0,"1",.,"A",.,"A",.,"A",.,"A",.,"A",.,"A",.,"A",.,"A",.,"A",.,"A",.,"A",.,"A",.,"A",.,"A",.,"A"
"20104",2221735,52,0,"1",.,"A",.,"A",.,"A",.,"A",.,"A",.,"A",.,"A",.,"A",.,"A",.,"A",.,"A",.,"A",121,"D",.,"A",.,"A"
"20104",2221755,54,0,"1",.,"A",.,"A",.,"A",.,"A",.,"A",.,"A",.,"A",.,"A",.,"A",.,"A",.,"A",.,"A",72,"D",.,"A",.,"A"
"20104",2221775,25,0,"1",.,"A",.,"A",.,"A",.,"A",.,"A",.,"A",.,"A",.,"A",.,"A",.,"A",.,"A",.,"A",.,"A",.,"A",.,"A"
"20104",2221785,63,0,"1",.,"A",.,"A",.,"A",.,"A",.,"A",.,"A",.,"A",.,"A",.,"A",.,"A",.,"A",.,"A",80,"D",.,"A",.,"A"
"20104",2221795,47,0,"1",.,"A",.,"A",.,"A",.,"A",.,"A",.,"A",.,"A",.,"A",.,"A",0,"D",120,"D",0,"D",30,"D",0,"D",.,"A"
"20104",2221825,46,0,"1",.,"A",.,"A",.,"A",.,"A",.,"A",.,"A",.,"A",.,"A",.,"A",.,"A",.,"A",.,"A",77,"D",.,"A",.,"A"
"20104",2221835,42,0,"1",.,"A",.,"A",.,"A",.,"A",.,"A",.,"A",.,"A",.,"A",.,"A",.,"A",.,"A",.,"A",.,"A",.,"A",.,"A"
"20104",2221855,40,0,"1",.,"A",.,"A",.,"A",.,"A",.,"A",.,"A",.,"A",.,"A",.,"A",.,"A",.,"A",.,"A",135,"D",.,"A",.,"A"
"20104",2221875,75,0,"1",.,"A",.,"A",.,"A",.,"A",.,"A",37,"D",.,"A",.,"A",.,"A",.,"A",.,"A",.,"A",44,"D",.,"A",.,"A"
"20104",2221885,49,0,"1",.,"A",.,"A",.,"A",.,"A",.,"A",.,"A",325,"D",.,"A",.,"A",.,"A",.,"A",.,"A",.,"A",.,"A",.,"A"
"20104",2221905,126,0,"1",.,"A",.,"A",.,"A",.,"A",.,"A",.,"A",.,"A",.,"A",.,"A",.,"A",.,"A",.,"A",135,"D",.,"A",.,"A"
"20104",2221925,86,0,"1",.,"A",.,"A",.,"A",.,"A",.,"A",.,"A",.,"A",.,"A",.,"A",.,"A",.,"A",.,"A",130,"D",.,"A",.,"A"
"20104",2221935,34,0,"1",.,"A",.,"A",.,"A",.,"A",.,"A",.,"A",520,"D",.,"A",.,"A",.,"A",.,"A",.,"A",25,"D",.,"A",.,"A"
"20104",2221945,34,0,"1",.,"A",.,"A",.,"A",.,"A",.,"A",.,"A",.,"A",.,"A",.,"A",.,"A",.,"A",.,"A",.,"A",.,"A",.,"A"
"20104",2221965,55,0,"1",.,"A",.,"A",.,"A",.,"A",.,"A",.,"A",.,"A",.,"A",.,"A",.,"A",.,"A",.,"A",100,"D",.,"A",.,"A"
"20104",2221975,31,0,"1",.,"A",.,"A",.,"A",.,"A",20,"D",.,"A",364,"D",.,"A",.,"A",.,"A",.,"A",.,"A",30,"D",.,"A",.,"A"
"20104",2221995,59,0,"1",.,"A",.,"A",.,"A",.,"A",.,"A",.,"A",.,"A",780,"D",.,"A",.,"A",.,"A",.,"A",150,"D",.,"A",.,"A"
"20104",2222005,30,0,"1",.,"A",.,"A",.,"A",.,"A",.,"A",126,"D",.,"A",.,"A",30,"D",.,"A",.,"A",.,"A",117,"D",.,"A",.,"A"
"20104",2222015,58,0,"1",.,"A",.,"A",.,"A",.,"A",.,"A",.,"A",.,"A",.,"A",.,"A",.,"A",.,"A",.,"A",50,"D",.,"A",.,"A"
"20104",2222025,57,0,"1",.,"A",.,"A",.,"A",.,"A",.,"A",.,"A",.,"A",.,"A",.,"A",.,"A",.,"A",.,"A",90,"D",.,"A",.,"A"
"20104",2222035,45,0,"1",.,"A",.,"A",.,"A",.,"A",.,"A",.,"A",.,"A",.,"A",.,"A",.,"A",.,"A",.,"A",100,"D",.,"A",.,"A"
"20104",2222065,58,0,"1",.,"A",.,"A",.,"A",100,"D",.,"A",.,"A",.,"A",.,"A",.,"A",0,"D",0,"D",90,"D",120,"D",0,"D",.,"A"
"20104",2222085,51,0,"1",.,"A",.,"A",.,"A",.,"A",.,"A",.,"A",.,"A",.,"A",.,"A",.,"A",.,"A",.,"A",340,"D",.,"A",.,"A"
"20104",2222135,84,0,"1",.,"A",.,"A",.,"A",.,"A",.,"A",.,"A",.,"A",.,"A",.,"A",.,"A",.,"A",.,"A",.,"A",.,"A",.,"A"
"20104",2222155,54,0,"1",.,"A",.,"A",.,"A",.,"A",.,"A",.,"A",.,"A",.,"A",.,"A",.,"A",.,"A",.,"A",.,"A",.,"A",.,"A"
"20104",2222165,66,0,"1",.,"A",.,"A",.,"A",.,"A",.,"A",.,"A",.,"A",.,"A",.,"A",.,"A",.,"A",.,"A",.,"A",.,"A",.,"A"
"20104",2222175,46,0,"1",.,"A",.,"A",.,"A",.,"A",340,"D",.,"A",.,"A",.,"A",.,"A",.,"A",.,"A",.,"A",.,"A",.,"A",.,"A"
"20104",2222185,55,0,"1",.,"A",.,"A",.,"A",.,"A",.,"A",40,"D",.,"A",.,"A",.,"A",.,"A",.,"A",.,"A",200,"D",.,"A",.,"A"
"20104",2222195,33,0,"1",18,"D",.,"A",.,"A",.,"A",18,"D",.,"A",.,"A",.,"A",.,"A",.,"A",.,"A",.,"A",.,"A",.,"A",.,"A"
"20104",2222205,63,0,"1",.,"A",.,"A",.,"A",.,"A",.,"A",.,"A",.,"A",.,"A",.,"A",.,"A",.,"A",.,"A",300,"D",.,"A",.,"A"
"20104",2222225,46,0,"1",.,"A",.,"A",.,"A",.,"A",.,"A",.,"A",.,"A",.,"A",.,"A",.,"A",.,"A",.,"A",.,"A",.,"A",.,"A"
"20104",2222235,73,0,"1",.,"A",.,"A",.,"A",.,"A",.,"A",.,"A",.,"A",.,"A",.,"A",.,"A",.,"A",.,"A",80,"D",.,"A",.,"A"
"20104",2222245,72,0,"1",.,"A",.,"A",.,"A",.,"A",.,"A",.,"A",.,"A",.,"A",.,"A",.,"A",.,"A",.,"A",.,"A",.,"A",.,"A"
"20104",2222255,68,0,"1",.,"A",.,"A",.,"A",.,"A",.,"A",.,"A",.,"A",.,"A",.,"A",30,"D",0,"D",0,"D",.,"A",10,"D",.,"A"
"20104",2222275,89,0,"1",.,"A",.,"A",.,"A",.,"A",.,"A",.,"A",.,"A",.,"A",.,"A",.,"A",.,"A",.,"A",120,"D",.,"A",.,"A"
"20104",2222285,36,0,"1",.,"A",.,"A",.,"A",.,"A",.,"A",.,"A",780,"D",.,"A",.,"A",.,"A",.,"A",.,"A",.,"A",.,"A",.,"A"
"20104",2222305,51,0,"1",.,"A",.,"A",.,"A",.,"A",60,"D",.,"A",.,"A",.,"A",120,"D",135,"D",0,"D",15,"D",40,"D",45,"D",.,"A"
"20104",2222315,66,0,"1",.,"A",29,"D",.,"A",.,"A",.,"A",0,"D",.,"A",.,"A",12,"D",.,"A",.,"A",.,"A",359,"D",.,"A",.,"A"
"20104",2222345,28,0,"1",.,"A",.,"A",.,"A",.,"A",.,"A",.,"A",.,"A",.,"A",.,"A",.,"A",.,"A",.,"A",160,"D",.,"A",.,"A"
"20104",2222355,57,0,"1",.,"A",.,"A",.,"A",.,"A",.,"A",.,"A",.,"A",.,"A",.,"A",.,"A",.,"A",.,"A",.,"A",.,"A",.,"A"
"20104",2222375,45,0,"1",.,"A",15,"D",.,"A",.,"A",.,"A",45,"D",.,"A",.,"A",.,"A",.,"A",.,"A",.,"A",.,"A",.,"A",.,"A"
"20104",2222385,44,0,"1",.,"A",.,"A",.,"A",.,"A",.,"A",.,"A",65,"D",.,"A",.,"A",.,"A",.,"A",.,"A",20,"D",.,"A",.,"A"
"20104",2222395,90,0,"1",.,"A",.,"A",37,"D",.,"A",.,"A",.,"A",.,"A",.,"A",.,"A",.,"A",.,"A",.,"A",.,"A",.,"A",.,"A"
"20104",2222425,72,0,"1",10,"D",.,"A",.,"A",.,"A",0,"D",.,"A",325,"D",.,"A",9,"D",.,"A",.,"A",.,"A",110,"D",.,"A",.,"A"
"20104",2222435,71,0,"1",11,"D",.,"A",.,"A",.,"A",0,"D",.,"A",.,"A",.,"A",.,"A",.,"A",.,"A",.,"A",75,"D",.,"A",.,"A"
"20104",2222445,62,0,"1",.,"A",.,"A",.,"A",.,"A",360,"D",30,"D",260,"D",26,"D",75,"D",.,"A",.,"A",.,"A",12,"D",.,"A",.,"A"
"20104",2222475,68,0,"1",.,"A",.,"A",.,"A",.,"A",.,"A",.,"A",.,"A",130,"D",.,"A",.,"A",.,"A",.,"A",105,"D",.,"A",.,"A"
"20104",2222485,77,0,"1",.,"A",.,"A",.,"A",.,"A",.,"A",.,"A",.,"A",.,"A",45,"D",.,"A",.,"A",.,"A",120,"D",.,"A",.,"A"
"20104",2222495,75,0,"1",.,"A",.,"A",.,"A",.,"A",.,"A",.,"A",.,"A",.,"A",.,"A",0,"D",0,"D",39,"D",20,"D",0,"D",.,"A"
"20104",2222505,84,0,"1",.,"A",.,"A",.,"A",.,"A",.,"A",.,"A",.,"A",.,"A",.,"A",.,"A",.,"A",.,"A",100,"D",.,"A",.,"A"
"20104",2222515,51,0,"1",.,"A",.,"A",.,"A",.,"A",.,"A",.,"A",819,"D",.,"A",84,"D",.,"A",.,"A",.,"A",.,"A",.,"A",.,"A"
"20104",2222525,66,0,"1",.,"A",.,"A",.,"A",.,"A",.,"A",.,"A",585,"D",130,"D",.,"A",.,"A",.,"A",.,"A",.,"A",.,"A",.,"A"
"20104",2222545,63,0,"1",.,"A",.,"A",.,"A",.,"A",.,"A",.,"A",.,"A",.,"A",.,"A",.,"A",.,"A",.,"A",.,"A",.,"A",.,"A"
"20104",2222565,33,0,"1",.,"A",.,"A",.,"A",.,"A",.,"A",.,"A",520,"D",.,"A",.,"A",.,"A",.,"A",.,"A",.,"A",.,"A",.,"A"
"20104",2222575,53,0,"1",.,"A",.,"A",.,"A",.,"A",.,"A",.,"A",.,"A",.,"A",.,"A",.,"A",.,"A",.,"A",60,"D",.,"A",.,"A"
"20104",2222585,55,0,"1",.,"A",.,"A",.,"A",.,"A",.,"A",.,"A",.,"A",.,"A",51,"F",.,"A",.,"A",.,"A",.,"A",.,"A",.,"A"
"20104",2222605,73,0,"1",.,"A",.,"A",.,"A",.,"A",.,"A",.,"A",715,"D",.,"A",.,"A",.,"A",.,"A",.,"A",24,"D",.,"A",.,"A"
"20104",2222625,51,0,"1",.,"A",.,"A",.,"A",.,"A",60,"D",.,"A",.,"A",.,"A",.,"A",.,"A",.,"A",.,"A",660,"D",.,"A",.,"A"
"20104",2222655,38,0,"1",.,"A",.,"A",.,"A",.,"A",.,"A",.,"A",.,"A",.,"A",.,"A",.,"A",.,"A",.,"A",.,"A",.,"A",.,"A"
"20104",2222665,56,0,"1",.,"A",.,"A",.,"A",.,"A",.,"A",.,"A",.,"A",.,"A",.,"A",.,"A",.,"A",.,"A",120,"D",.,"A",.,"A"
"20104",2222675,44,0,"1",.,"A",.,"A",.,"A",.,"A",.,"A",.,"A",.,"A",.,"A",30,"D",.,"A",.,"A",.,"A",100,"D",.,"A",.,"A"
"20104",2222695,49,0,"1",.,"A",.,"A",.,"A",.,"A",.,"A",.,"A",.,"A",.,"A",.,"A",.,"A",.,"A",.,"A",.,"A",.,"A",.,"A"
"20104",2222705,63,0,"1",.,"A",.,"A",.,"A",.,"A",.,"A",.,"A",.,"A",.,"A",.,"A",.,"A",.,"A",.,"A",75,"D",.,"A",.,"A"
"20104",2222735,48,0,"1",.,"A",.,"A",.,"A",.,"A",.,"A",20,"D",.,"A",.,"A",15,"D",.,"A",.,"A",.,"A",50,"D",.,"A",.,"A"
"20104",2222745,45,0,"1",.,"A",.,"A",.,"A",.,"A",.,"A",240,"D",.,"A",.,"A",.,"A",.,"A",.,"A",.,"A",75,"D",.,"A",.,"A"
"20104",2222755,109,0,"1",.,"A",.,"A",.,"A",.,"A",.,"A",.,"A",.,"A",.,"A",.,"A",.,"A",.,"A",.,"A",8,"D",.,"A",.,"A"
"20104",2222765,34,0,"1",.,"A",.,"A",.,"A",.,"A",.,"A",.,"A",.,"A",.,"A",.,"A",.,"A",.,"A",.,"A",.,"A",.,"A",.,"A"
"20104",2222775,53,0,"1",.,"A",.,"A",.,"A",.,"A",.,"A",.,"A",.,"A",.,"A",.,"A",.,"A",.,"A",.,"A",100,"D",.,"A",.,"A"
"20104",2222785,36,0,"1",.,"A",.,"A",.,"A",.,"A",25,"D",74,"D",.,"A",.,"A",.,"A",.,"A",.,"A",.,"A",145,"D",.,"A",.,"A"
"20104",2222805,37,0,"1",.,"A",.,"A",.,"A",.,"A",.,"A",.,"A",260,"D",.,"A",.,"A",.,"A",.,"A",.,"A",.,"A",.,"A",.,"A"
"20104",2222825,73,0,"1",.,"A",.,"A",.,"A",.,"A",.,"A",60,"D",.,"A",.,"A",.,"A",.,"A",.,"A",.,"A",250,"D",.,"A",.,"A"
"20104",2222835,44,0,"1",.,"A",.,"A",.,"A",.,"A",.,"A",.,"A",.,"A",.,"A",.,"A",.,"A",.,"A",.,"A",20,"D",.,"A",.,"A"
"20104",2222845,49,0,"1",.,"A",.,"A",.,"A",.,"A",.,"A",.,"A",.,"A",.,"A",.,"A",.,"A",.,"A",.,"A",300,"D",.,"A",.,"A"
"20104",2222865,53,0,"1",.,"A",.,"A",.,"A",.,"A",.,"A",.,"A",624,"D",.,"A",.,"A",.,"A",.,"A",.,"A",.,"A",.,"A",.,"A"
"20104",2222885,49,0,"1",.,"A",.,"A",.,"A",.,"A",.,"A",.,"A",.,"A",.,"A",.,"A",.,"A",.,"A",.,"A",180,"D",.,"A",.,"A"
"20104",2222915,95,0,"1",.,"A",.,"A",.,"A",.,"A",.,"A",.,"A",1300,"D",.,"A",.,"A",.,"A",.,"A",.,"A",.,"A",.,"A",.,"A"
"20104",2222925,30,0,"1",.,"A",.,"A",.,"A",.,"A",.,"A",.,"A",.,"A",.,"A",.,"A",0,"D",0,"D",30,"D",.,"A",0,"D",.,"A"
"20104",2222935,35,0,"1",.,"A",.,"A",.,"A",.,"A",.,"A",.,"A",.,"A",.,"A",.,"A",.,"A",.,"A",.,"A",.,"A",.,"A",.,"A"
"20104",2222945,89,0,"1",.,"A",.,"A",.,"A",.,"A",.,"A",.,"A",.,"A",.,"A",.,"A",.,"A",.,"A",.,"A",280,"D",.,"A",.,"A"
"20104",2222965,66,0,"1",.,"A",.,"A",.,"A",.,"A",.,"A",.,"A",.,"A",.,"A",.,"A",.,"A",.,"A",.,"A",20,"D",.,"A",.,"A"
"20104",2222975,75,0,"1",.,"A",.,"A",.,"A",.,"A",.,"A",.,"A",.,"A",.,"A",.,"A",.,"A",.,"A",.,"A",80,"D",.,"A",.,"A"
"20104",2223005,61,0,"1",.,"A",.,"A",.,"A",.,"A",.,"A",.,"A",1365,"D",.,"A",.,"A",.,"A",.,"A",.,"A",.,"A",.,"A",.,"A"
"20104",2223015,55,0,"1",10,"D",.,"A",.,"A",.,"A",55,"D",.,"A",.,"A",.,"A",.,"A",.,"A",.,"A",.,"A",.,"A",.,"A",.,"A"
"20104",2223025,65,0,"1",.,"A",.,"A",.,"A",.,"A",.,"A",.,"A",195,"D",130,"D",.,"A",.,"A",.,"A",.,"A",.,"A",.,"A",.,"A"
"20104",2223045,66,0,"1",.,"A",.,"A",30,"D",.,"A",.,"A",30,"D",.,"A",.,"A",.,"A",.,"A",.,"A",.,"A",200,"D",.,"A",.,"A"
"20104",2223055,45,0,"1",.,"A",.,"A",.,"A",.,"A",.,"A",.,"A",117,"D",.,"A",.,"A",.,"A",.,"A",.,"A",.,"A",.,"A",.,"A"
"20104",2223065,49,0,"1",.,"A",.,"A",.,"A",.,"A",.,"A",.,"A",.,"A",.,"A",.,"A",.,"A",.,"A",.,"A",30,"D",.,"A",.,"A"
"20104",2223085,39,0,"1",15,"D",.,"A",.,"A",.,"A",21,"D",.,"A",.,"A",.,"A",.,"A",.,"A",.,"A",.,"A",30,"D",.,"A",.,"A"
"20104",2223095,30,0,"1",.,"A",.,"A",.,"A",.,"A",.,"A",.,"A",.,"A",.,"A",.,"A",.,"A",.,"A",.,"A",120,"D",.,"A",.,"A"
"20104",2223115,36,0,"1",.,"A",.,"A",.,"A",.,"A",.,"A",.,"A",.,"A",.,"A",.,"A",.,"A",.,"A",.,"A",52,"D",.,"A",.,"A"
"20104",2223135,76,0,"1",.,"A",.,"A",.,"A",.,"A",.,"A",150,"D",.,"A",.,"A",.,"A",.,"A",.,"A",.,"A",175,"D",.,"A",.,"A"
"20104",2223165,31,0,"1",.,"A",.,"A",.,"A",.,"A",.,"A",.,"A",.,"A",.,"A",.,"A",.,"A",.,"A",.,"A",.,"A",.,"A",.,"A"
"20104",2223185,59,0,"1",.,"A",.,"A",.,"A",.,"A",.,"A",55,"D",.,"A",.,"A",.,"A",.,"A",.,"A",.,"A",210,"D",.,"A",.,"A"
"20104",2223205,49,0,"1",.,"A",.,"A",.,"A",.,"A",.,"A",.,"A",.,"A",.,"A",.,"A",.,"A",.,"A",.,"A",.,"A",.,"A",.,"A"
"20104",2223215,49,0,"1",.,"A",.,"A",.,"A",.,"A",.,"A",.,"A",39,"D",.,"A",.,"A",.,"A",.,"A",.,"A",80,"D",.,"A",.,"A"
"20104",2223225,51,0,"1",.,"A",.,"A",.,"A",.,"A",.,"A",.,"A",.,"A",.,"A",.,"A",.,"A",.,"A",.,"A",75,"D",.,"A",.,"A"
"20104",2223265,41,0,"1",.,"A",.,"A",.,"A",.,"A",.,"A",.,"A",195,"D",.,"A",.,"A",.,"A",.,"A",.,"A",.,"A",.,"A",.,"A"
"20104",2223285,79,0,"1",.,"A",.,"A",.,"A",.,"A",25,"D",.,"A",.,"A",.,"A",9,"D",.,"A",.,"A",.,"A",150,"D",.,"A",.,"A"
"20104",2223295,66,0,"1",.,"A",.,"A",64,"D",.,"A",.,"A",.,"A",.,"A",.,"A",.,"A",.,"A",.,"A",.,"A",220,"D",.,"A",.,"A"
"20104",2223305,72,0,"1",.,"A",.,"A",.,"A",.,"A",.,"A",.,"A",.,"A",.,"A",.,"A",.,"A",.,"A",.,"A",500,"D",.,"A",.,"A"
"20104",2223315,60,0,"1",.,"A",.,"A",.,"A",.,"A",.,"A",480,"D",325,"D",.,"A",.,"A",.,"A",.,"A",.,"A",480,"D",.,"A",.,"A"
"20104",2223325,51,0,"1",.,"A",.,"A",.,"A",.,"A",.,"A",.,"A",.,"A",.,"A",.,"A",.,"A",.,"A",.,"A",35,"D",.,"A",.,"A"
"20104",2223335,86,0,"1",.,"A",.,"A",.,"A",.,"A",.,"A",40,"D",.,"A",.,"A",.,"A",.,"A",.,"A",.,"A",260,"D",.,"A",.,"A"
"20104",2223345,28,0,"1",.,"A",.,"A",.,"A",.,"A",60,"F",.,"A",.,"A",.,"A",.,"A",.,"A",.,"A",.,"A",.,"A",.,"A",.,"A"
"20104",2223355,55,0,"1",.,"A",.,"A",.,"A",.,"A",.,"A",.,"A",.,"A",52,"F",.,"A",.,"A",.,"A",.,"A",.,"A",.,"A",.,"A"
"20104",2223375,74,0,"1",.,"A",.,"A",.,"A",.,"A",.,"A",160,"D",.,"A",.,"A",.,"A",.,"A",.,"A",.,"A",640,"D",.,"A",.,"A"
"20104",2223385,35,0,"1",.,"A",.,"A",.,"A",.,"A",.,"A",.,"A",.,"A",.,"A",.,"A",.,"A",.,"A",.,"A",95,"D",.,"A",.,"A"
"20104",2223395,43,0,"1",.,"A",.,"A",.,"A",.,"A",.,"A",.,"A",.,"A",.,"A",.,"A",.,"A",.,"A",.,"A",.,"A",.,"A",.,"A"
"20104",2223405,38,0,"1",.,"A",.,"A",.,"A",.,"A",.,"A",.,"A",.,"A",.,"A",.,"A",.,"A",.,"A",.,"A",.,"A",.,"A",.,"A"
"20104",2223425,60,0,"1",.,"A",.,"A",.,"A",.,"A",.,"A",.,"A",.,"A",.,"A",.,"A",.,"A",.,"A",.,"A",63,"D",.,"A",.,"A"
"20104",2223475,67,0,"1",.,"A",.,"A",.,"A",.,"A",.,"A",.,"A",.,"A",.,"A",.,"A",.,"A",.,"A",.,"A",135,"D",.,"A",.,"A"
"20104",2223485,36,0,"1",.,"A",.,"A",.,"A",.,"A",.,"A",.,"A",.,"A",.,"A",.,"A",.,"A",.,"A",.,"A",.,"A",.,"A",.,"A"
"20104",2223555,53,0,"1",.,"A",.,"A",.,"A",.,"A",.,"A",75,"D",.,"A",.,"A",.,"A",300,"D",0,"D",0,"D",60,"D",100,"D",.,"A"
"20104",2223595,32,0,"1",.,"A",.,"A",.,"A",.,"A",.,"A",.,"A",195,"D",.,"A",9,"D",.,"A",.,"A",.,"A",.,"A",.,"A",.,"A"
"20104",2223605,50,0,"1",.,"A",.,"A",.,"A",.,"A",63,"D",.,"A",.,"A",.,"A",.,"A",.,"A",.,"A",.,"A",.,"A",.,"A",.,"A"
"20104",2223625,59,0,"1",.,"A",.,"A",.,"A",.,"A",.,"A",.,"A",.,"A",.,"A",.,"A",.,"A",.,"A",.,"A",56,"D",.,"A",.,"A"
"20104",2223635,43,0,"1",.,"A",10,"D",25,"D",40,"D",.,"A",15,"D",.,"A",.,"A",75,"D",0,"D",0,"D",120,"D",250,"D",0,"D",.,"A"
"20104",2223645,78,0,"1",.,"A",.,"A",.,"A",.,"A",.,"A",.,"A",260,"D",130,"D",24,"D",.,"A",.,"A",.,"A",300,"D",.,"A",.,"A"
"20104",2223655,44,0,"1",.,"A",.,"A",.,"A",.,"A",.,"A",.,"A",.,"A",.,"A",.,"A",.,"A",.,"A",.,"A",.,"A",.,"A",.,"A"
"20104",2223665,79,0,"1",.,"A",.,"A",.,"A",.,"A",.,"A",.,"A",.,"A",.,"A",.,"A",0,"D",228,"D",0,"D",60,"D",0,"D",.,"A"
"20104",2223675,45,0,"1",.,"A",.,"A",.,"A",.,"A",.,"A",.,"A",.,"A",.,"A",.,"A",.,"A",.,"A",.,"A",.,"A",.,"A",.,"A"
"20104",2223685,59,0,"1",.,"A",.,"A",.,"A",.,"A",.,"A",.,"A",.,"A",.,"A",.,"A",.,"A",.,"A",.,"A",60,"D",.,"A",.,"A"
"20104",2223695,80,0,"1",.,"A",.,"A",.,"A",.,"A",.,"A",.,"A",1144,"D",.,"A",36,"D",.,"A",.,"A",.,"A",11,"D",.,"A",.,"A"
"20104",2223705,54,0,"1",.,"A",.,"A",.,"A",.,"A",.,"A",.,"A",.,"A",.,"A",.,"A",.,"A",.,"A",.,"A",100,"D",.,"A",.,"A"
"20104",2223715,42,0,"1",.,"A",.,"A",.,"A",.,"A",.,"A",.,"A",.,"A",.,"A",.,"A",.,"A",.,"A",.,"A",120,"D",.,"A",.,"A"
"20104",2223725,41,0,"1",.,"A",.,"A",.,"A",.,"A",.,"A",.,"A",416,"D",39,"D",.,"A",.,"A",.,"A",.,"A",30,"D",.,"A",.,"A"
"20104",2223765,37,0,"1",.,"A",.,"A",.,"A",.,"A",.,"A",.,"A",.,"A",.,"A",.,"A",.,"A",.,"A",.,"A",.,"A",.,"A",.,"A"
"20104",2223775,65,0,"1",.,"A",.,"A",.,"A",6,"D",.,"A",.,"A",.,"A",260,"D",21,"D",.,"A",.,"A",.,"A",160,"D",.,"A",.,"A"
"20104",2223795,65,0,"1",.,"A",.,"A",.,"A",.,"A",.,"A",.,"A",.,"A",.,"A",120,"D",.,"A",.,"A",.,"A",110,"D",.,"A",.,"A"
"20104",2223805,25,0,"1",.,"A",.,"A",.,"A",.,"A",.,"A",.,"A",.,"A",.,"A",.,"A",.,"A",.,"A",.,"A",.,"A",.,"A",.,"A"
"20104",2223815,74,0,"1",.,"A",.,"A",.,"A",.,"A",.,"A",.,"A",.,"A",.,"A",.,"A",.,"A",.,"A",.,"A",70,"D",.,"A",.,"A"
"20104",2223825,51,0,"1",.,"A",.,"A",.,"A",.,"A",.,"A",.,"A",.,"A",.,"A",.,"A",.,"A",.,"A",.,"A",120,"D",.,"A",.,"A"
"20104",2223845,34,0,"1",.,"A",.,"A",.,"A",.,"A",.,"A",.,"A",520,"D",.,"A",.,"A",.,"A",.,"A",.,"A",.,"A",.,"A",.,"A"
"20104",2223855,39,0,"1",.,"A",.,"A",.,"A",.,"A",.,"A",.,"A",.,"A",.,"A",.,"A",75,"D",0,"D",0,"D",12,"D",25,"D",.,"A"
"20104",2223865,69,0,"1",.,"A",.,"A",.,"A",.,"A",.,"A",.,"A",.,"A",.,"A",.,"A",.,"A",.,"A",.,"A",115,"D",.,"A",.,"A"
"20104",2223875,43,0,"1",.,"A",.,"A",.,"A",.,"A",.,"A",12,"D",.,"A",.,"A",.,"A",.,"A",.,"A",.,"A",35,"D",.,"A",.,"A"
"20104",2223895,33,0,"1",10,"D",.,"A",.,"A",60,"D",90,"D",75,"D",.,"A",.,"A",.,"A",270,"D",0,"D",0,"D",120,"D",90,"D",.,"A"
"20104",2223925,29,0,"1",.,"A",.,"A",.,"A",.,"A",.,"A",.,"A",.,"A",.,"A",.,"A",.,"A",.,"A",.,"A",.,"A",.,"A",.,"A"
"20104",2223945,40,0,"1",.,"A",.,"A",.,"A",200,"D",15,"D",.,"A",260,"D",.,"A",.,"A",.,"A",.,"A",.,"A",.,"A",.,"A",.,"A"
"20104",2223955,62,0,"1",.,"A",.,"A",.,"A",.,"A",.,"A",.,"A",.,"A",.,"A",.,"A",.,"A",.,"A",.,"A",75,"D",.,"A",.,"A"
"20104",2223965,65,0,"1",.,"A",.,"A",.,"A",.,"A",.,"A",.,"A",.,"A",.,"A",.,"A",.,"A",.,"A",.,"A",50,"D",.,"A",.,"A"
"20104",2223975,39,0,"1",20,"D",.,"A",.,"A",.,"A",10,"D",.,"A",130,"D",.,"A",.,"A",0,"D",195,"D",30,"D",.,"A",0,"D",.,"A"
"20104",2223995,45,0,"1",22,"D",.,"A",.,"A",40,"D",56,"D",120,"D",650,"D",.,"A",18,"D",240,"D",0,"D",0,"D",60,"D",80,"D",.,"A"
"20104",2224005,47,0,"1",.,"A",.,"A",.,"A",.,"A",.,"A",.,"A",.,"A",.,"A",.,"A",.,"A",.,"A",.,"A",.,"A",.,"A",.,"A"
"20104",2224025,48,0,"1",.,"A",.,"A",.,"A",.,"A",.,"A",.,"A",.,"A",.,"A",.,"A",.,"A",.,"A",.,"A",40,"D",.,"A",.,"A"
"20104",2224035,48,0,"1",.,"A",.,"A",.,"A",.,"A",.,"A",.,"A",.,"A",.,"A",.,"A",.,"A",.,"A",.,"A",14,"D",.,"A",.,"A"
"20104",2224045,52,0,"1",.,"A",.,"A",.,"A",.,"A",.,"A",.,"A",.,"A",.,"A",.,"A",.,"A",.,"A",.,"A",70,"D",.,"A",.,"A"
"20104",2224055,40,0,"1",.,"A",.,"A",.,"A",.,"A",.,"A",.,"A",195,"D",.,"A",.,"A",.,"A",.,"A",.,"A",.,"A",.,"A",.,"A"
"20104",2224065,36,0,"1",.,"A",.,"A",.,"A",.,"A",.,"A",.,"A",.,"A",.,"A",.,"A",.,"A",.,"A",.,"A",.,"A",.,"A",.,"A"
"20104",2224075,51,0,"1",.,"A",.,"A",.,"A",.,"A",.,"A",.,"A",.,"A",.,"A",.,"A",.,"A",.,"A",.,"A",125,"D",.,"A",.,"A"
"20104",2224085,58,0,"1",.,"A",.,"A",.,"A",.,"A",.,"A",.,"A",.,"A",.,"A",36,"D",.,"A",.,"A",.,"A",.,"A",.,"A",.,"A"
"20104",2224155,52,0,"1",.,"A",.,"A",.,"A",.,"A",.,"A",120,"D",.,"A",.,"A",.,"A",.,"A",.,"A",.,"A",250,"D",.,"A",.,"A"
"20104",2224205,28,0,"1",.,"A",.,"A",.,"A",.,"A",.,"A",.,"A",.,"A",.,"A",.,"A",.,"A",.,"A",.,"A",.,"A",.,"A",.,"A"
"20104",2224225,42,0,"1",.,"A",.,"A",.,"A",.,"A",.,"A",.,"A",169,"D",.,"A",.,"A",.,"A",.,"A",.,"A",.,"A",.,"A",.,"A"
"20104",2224235,44,0,"1",.,"A",.,"A",.,"A",.,"A",.,"A",.,"A",.,"A",.,"A",.,"A",.,"A",.,"A",.,"A",.,"A",.,"A",.,"A"
"20104",2224255,27,0,"1",.,"A",.,"A",.,"A",.,"A",.,"A",.,"A",.,"A",.,"A",.,"A",.,"A",.,"A",.,"A",.,"A",.,"A",.,"A"
"20104",2224315,37,0,"1",.,"A",.,"A",.,"A",.,"A",.,"A",.,"A",.,"A",.,"A",.,"A",.,"A",.,"A",.,"A",.,"A",.,"A",.,"A"
"20104",2224335,49,0,"1",.,"A",.,"A",.,"A",.,"A",.,"A",.,"A",.,"A",.,"A",.,"A",.,"A",.,"A",.,"A",.,"A",.,"A",.,"A"
"20104",2224435,41,0,"1",.,"A",.,"A",.,"A",.,"A",60,"D",.,"A",.,"A",.,"A",.,"A",.,"A",.,"A",.,"A",60,"D",.,"A",.,"A"
"20104",2224525,31,0,"1",.,"A",.,"A",.,"A",.,"A",.,"A",.,"A",.,"A",.,"A",.,"A",.,"A",.,"A",.,"A",.,"A",.,"A",.,"A"
"20104",2224545,64,0,"1",.,"A",.,"A",.,"A",.,"A",.,"A",.,"A",.,"A",.,"A",0,"D",.,"A",.,"A",.,"A",250,"D",.,"A",.,"A"
"20104",2224635,37,0,"1",.,"A",.,"A",.,"A",.,"A",60,"D",.,"A",650,"D",.,"A",.,"A",.,"A",.,"A",.,"A",50,"D",.,"A",.,"A"
"20104",2224655,57,0,"1",.,"A",.,"A",.,"A",.,"A",.,"A",.,"A",286,"D",.,"A",.,"A",.,"A",.,"A",.,"A",.,"A",.,"A",.,"A"
"20104",2224745,51,0,"1",5,"D",.,"A",.,"A",.,"A",25,"D",.,"A",195,"D",.,"A",.,"A",.,"A",.,"A",.,"A",.,"A",.,"A",.,"A"
"20104",2224785,54,0,"1",.,"A",.,"A",.,"A",.,"A",.,"A",.,"A",.,"A",.,"A",.,"A",.,"A",.,"A",.,"A",100,"F",.,"A",.,"A"
"20104",2224835,46,0,"1",.,"A",.,"A",.,"A",.,"A",.,"A",.,"A",169,"D",.,"A",.,"A",.,"A",.,"A",.,"A",.,"A",.,"A",.,"A"
"20104",2224845,54,0,"1",.,"A",.,"A",.,"A",.,"A",.,"A",40,"D",.,"A",.,"A",.,"A",.,"A",.,"A",.,"A",150,"D",.,"A",.,"A"
"20104",2224855,87,0,"1",.,"A",.,"A",.,"A",.,"A",.,"A",.,"A",.,"A",.,"A",.,"A",.,"A",.,"A",.,"A",42,"D",.,"A",.,"A"
"20104",2224935,55,0,"1",.,"A",.,"A",.,"A",.,"A",.,"A",.,"A",.,"A",.,"A",.,"A",.,"A",.,"A",.,"A",100,"D",.,"A",.,"A"
"20104",2224975,27,0,"1",.,"A",.,"A",.,"A",.,"A",.,"A",.,"A",.,"A",.,"A",.,"A",.,"A",.,"A",.,"A",.,"A",.,"A",.,"A"
"20104",2225035,43,0,"1",.,"A",.,"A",.,"A",.,"A",.,"A",.,"A",.,"A",.,"A",.,"A",.,"A",.,"A",.,"A",55,"D",.,"A",.,"A"
"20104",2225105,37,0,"1",.,"A",.,"A",.,"A",.,"A",.,"A",.,"A",.,"A",.,"A",.,"A",.,"A",.,"A",.,"A",60,"D",.,"A",.,"A"
"20104",2225115,36,0,"1",.,"A",.,"A",.,"A",.,"A",.,"A",.,"A",.,"A",.,"A",.,"A",.,"A",.,"A",.,"A",15,"D",.,"A",.,"A"
"20104",2225155,40,0,"1",.,"A",.,"A",.,"A",40,"D",60,"D",.,"A",.,"A",.,"A",6,"D",.,"A",.,"A",.,"A",.,"A",.,"A",.,"A"
"20104",2225325,41,0,"1",.,"A",.,"A",.,"A",.,"A",60,"D",.,"A",.,"A",.,"A",.,"A",177,"D",0,"D",0,"D",.,"A",59,"D",.,"A"
"20104",2225435,41,0,"1",.,"A",.,"A",.,"A",.,"A",.,"A",.,"A",130,"D",.,"A",.,"A",.,"A",.,"A",.,"A",25,"D",.,"A",.,"A"
"20104",2225445,41,0,"1",.,"A",.,"A",.,"A",.,"A",.,"A",.,"A",.,"A",.,"A",.,"A",.,"A",.,"A",.,"A",60,"D",.,"A",.,"A"
"20104",2225505,43,0,"1",.,"A",.,"A",.,"A",.,"A",.,"A",.,"A",.,"A",.,"A",.,"A",.,"A",.,"A",.,"A",.,"A",.,"A",.,"A"
"20104",2225625,69,0,"1",.,"A",.,"A",.,"A",.,"A",.,"A",.,"A",.,"A",.,"A",.,"A",.,"A",.,"A",.,"A",.,"A",.,"A",.,"A"
"20104",2225665,46,0,"1",.,"A",.,"A",.,"A",.,"A",.,"A",.,"A",.,"A",.,"A",.,"A",.,"A",.,"A",.,"A",120,"D",.,"A",.,"A"
"20104",2225685,61,0,"1",.,"A",.,"A",.,"A",.,"A",.,"A",.,"A",.,"A",.,"A",45,"D",.,"A",.,"A",.,"A",315,"D",.,"A",.,"A"
"20104",2225695,70,0,"1",.,"A",.,"A",.,"A",.,"A",.,"A",38,"D",.,"A",.,"A",.,"A",.,"A",.,"A",.,"A",145,"D",.,"A",.,"A"
"20104",2225715,35,0,"1",.,"A",.,"A",.,"A",.,"A",.,"A",.,"A",.,"A",.,"A",.,"A",.,"A",.,"A",.,"A",.,"A",.,"A",.,"A"
"20104",2226075,34,0,"1",.,"A",.,"A",.,"A",.,"A",.,"A",.,"A",.,"A",.,"A",.,"A",.,"A",.,"A",.,"A",.,"A",.,"A",.,"A"
"20104",2226175,39,0,"1",.,"A",.,"A",.,"A",.,"A",.,"A",.,"A",.,"A",.,"A",.,"A",.,"A",.,"A",.,"A",.,"A",.,"A",.,"A"
"20104",2226185,38,0,"1",.,"A",.,"A",.,"A",.,"A",.,"A",.,"A",.,"A",.,"A",.,"A",.,"A",.,"A",.,"A",.,"A",.,"A",.,"A"
"20104",2226205,33,0,"1",.,"A",.,"A",.,"A",.,"A",60,"D",.,"A",585,"D",.,"A",.,"A",.,"A",.,"A",.,"A",.,"A",.,"A",.,"A"
"20104",2226215,37,0,"1",.,"A",.,"A",.,"A",.,"A",.,"A",.,"A",780,"D",.,"A",.,"A",.,"A",.,"A",.,"A",.,"A",.,"A",.,"A"
"20104",2226285,62,0,"1",.,"A",.,"A",.,"A",.,"A",.,"A",.,"A",208,"D",.,"A",.,"A",.,"A",.,"A",.,"A",50,"D",.,"A",.,"A"
"20104",2226415,37,0,"1",.,"A",.,"A",.,"A",.,"A",7,"D",.,"A",.,"A",.,"A",.,"A",.,"A",.,"A",.,"A",.,"A",.,"A",.,"A"
"20104",2226425,39,0,"1",.,"A",.,"A",.,"A",.,"A",.,"A",.,"A",.,"A",.,"A",.,"A",.,"A",.,"A",.,"A",12,"D",.,"A",.,"A"
"20104",2226465,23,0,"1",.,"A",.,"A",.,"A",.,"A",.,"A",.,"A",195,"D",78,"D",.,"A",18,"D",0,"D",18,"D",.,"A",6,"D",.,"A"
"20104",2226585,86,0,"1",.,"A",.,"A",.,"A",.,"A",.,"A",.,"A",520,"D",.,"A",.,"A",.,"A",.,"A",.,"A",240,"D",.,"A",.,"A"
"20104",2226615,30,0,"1",.,"A",.,"A",.,"A",.,"A",.,"A",.,"A",.,"A",.,"A",.,"A",.,"A",.,"A",.,"A",.,"A",.,"A",.,"A"
"20104",2226645,39,0,"1",44,"D",.,"A",.,"A",.,"A",67,"D",.,"A",195,"D",.,"A",.,"A",12,"D",9,"D",9,"D",.,"A",4,"D",.,"A"
"20104",2226655,55,0,"1",.,"A",.,"A",.,"A",.,"A",.,"A",100,"D",.,"A",.,"A",.,"A",.,"A",.,"A",.,"A",105,"D",.,"A",.,"A"
"20104",2226685,39,0,"1",.,"A",.,"A",.,"A",.,"A",.,"A",.,"A",195,"D",.,"A",.,"A",.,"A",.,"A",.,"A",.,"A",.,"A",.,"A"
"20104",2226715,55,0,"1",90,"D",.,"A",.,"A",.,"A",90,"D",.,"A",520,"D",.,"A",.,"A",.,"A",.,"A",.,"A",.,"A",.,"A",.,"A"
"20104",2226755,24,0,"1",.,"A",.,"A",.,"A",.,"A",30,"D",.,"A",.,"A",.,"A",.,"A",0,"D",0,"D",15,"D",.,"A",0,"D",.,"A"
"20104",2226825,27,0,"1",.,"A",.,"A",.,"A",.,"A",.,"A",.,"A",.,"A",.,"A",.,"A",.,"A",.,"A",.,"A",.,"A",.,"A",.,"A"
"20104",2226945,31,0,"1",.,"A",.,"A",.,"A",.,"A",.,"A",.,"A",.,"A",.,"A",.,"A",.,"A",.,"A",.,"A",80,"D",.,"A",.,"A"
"20104",2226965,26,0,"1",.,"A",.,"A",.,"A",.,"A",40,"D",.,"A",.,"A",.,"A",.,"A",0,"D",0,"D",150,"D",21,"D",0,"D",.,"A"
"20104",2227015,27,0,"1",.,"A",.,"A",.,"A",.,"A",100,"D",.,"A",.,"A",.,"A",.,"A",0,"D",0,"D",6,"F",.,"A",0,"D",.,"A"
"20104",2227155,45,0,"1",.,"A",.,"A",.,"A",.,"A",.,"A",.,"A",.,"A",.,"A",.,"A",.,"A",.,"A",.,"A",.,"A",.,"A",.,"A"
"20104",2227195,50,0,"1",.,"A",.,"A",.,"A",.,"A",45,"D",.,"A",.,"A",.,"A",21,"D",.,"A",.,"A",.,"A",.,"A",.,"A",.,"A"
"20104",2227225,36,0,"1",.,"A",.,"A",.,"A",.,"A",.,"A",.,"A",.,"A",.,"A",.,"A",.,"A",.,"A",.,"A",100,"D",.,"A",.,"A"
"20104",2227235,37,0,"1",.,"A",.,"A",.,"A",.,"A",90,"D",.,"A",.,"A",.,"A",.,"A",.,"A",.,"A",.,"A",15,"D",.,"A",.,"A"
"20104",2227245,38,0,"1",34,"D",.,"A",.,"A",.,"A",86,"D",.,"A",.,"A",.,"A",.,"A",.,"A",.,"A",.,"A",.,"A",.,"A",.,"A"
"20104",2227345,38,0,"1",.,"A",.,"A",.,"A",.,"A",12,"D",.,"A",.,"A",.,"A",.,"A",.,"A",.,"A",.,"A",80,"D",.,"A",.,"A"
"20104",2227365,47,0,"1",.,"A",.,"A",.,"A",.,"A",.,"A",.,"A",.,"A",.,"A",.,"A",.,"A",.,"A",.,"A",.,"A",.,"A",.,"A"
"20104",2227385,37,0,"1",.,"A",.,"A",.,"A",.,"A",.,"A",.,"A",.,"A",.,"A",.,"A",.,"A",.,"A",.,"A",.,"A",.,"A",.,"A"
"20104",2227535,69,0,"1",.,"A",.,"A",.,"A",.,"A",.,"A",.,"A",.,"A",.,"A",15,"D",.,"A",.,"A",.,"A",300,"D",.,"A",.,"A"
"20104",2227585,47,0,"1",.,"A",.,"A",.,"A",.,"A",40,"D",.,"A",.,"A",.,"A",.,"A",.,"A",.,"A",.,"A",30,"D",.,"A",.,"A"
"20104",2227625,32,0,"1",.,"A",.,"A",.,"A",.,"A",.,"A",.,"A",.,"A",.,"A",.,"A",.,"A",.,"A",.,"A",.,"A",.,"A",.,"A"
"20104",2227673,37,0,"1",.,"A",.,"A",.,"A",.,"A",.,"A",.,"A",.,"A",.,"A",.,"A",.,"A",.,"A",.,"A",.,"A",.,"A",.,"A"
"20104",2227733,31,0,"1",.,"A",.,"A",.,"A",.,"A",.,"A",.,"A",.,"A",.,"A",.,"A",.,"A",.,"A",.,"A",.,"A",.,"A",.,"A"
"20104",2227753,43,0,"1",.,"A",.,"A",.,"A",.,"A",.,"A",.,"A",.,"A",.,"A",.,"A",.,"A",.,"A",.,"A",36,"D",.,"A",.,"A"
"20104",2227763,35,0,"1",.,"A",.,"A",.,"A",.,"A",.,"A",.,"A",.,"A",.,"A",.,"A",.,"A",.,"A",.,"A",.,"A",.,"A",.,"A"
"20104",2227774,59,0,"1",.,"A",.,"A",.,"A",.,"A",.,"A",120,"D",.,"A",.,"A",.,"A",.,"A",.,"A",.,"A",125,"D",.,"A",.,"A"
"20104",2227813,24,0,"1",34,"D",.,"A",.,"A",.,"A",86,"D",.,"A",.,"A",.,"A",.,"A",0,"D",0,"D",60,"D",30,"D",0,"D",.,"A"
"20104",2227823,59,0,"1",.,"A",.,"A",.,"A",.,"A",.,"A",.,"A",260,"D",.,"A",.,"A",.,"A",.,"A",.,"A",150,"D",.,"A",.,"A"
"20104",2227834,29,0,"1",.,"A",.,"A",.,"A",.,"A",25,"D",20,"D",.,"A",.,"A",.,"A",180,"D",0,"D",0,"D",.,"A",60,"D",.,"A"
"20104",2227844,59,0,"1",.,"A",.,"A",.,"A",.,"A",.,"A",.,"A",.,"A",.,"A",.,"A",.,"A",.,"A",.,"A",60,"D",.,"A",.,"A"
"20104",2227863,33,0,"1",.,"A",.,"A",.,"A",.,"A",.,"A",.,"A",.,"A",.,"A",.,"A",.,"A",.,"A",.,"A",.,"A",.,"A",.,"A"
"20104",2227884,44,0,"1",.,"A",.,"A",.,"A",.,"A",.,"A",.,"A",.,"A",.,"A",.,"A",.,"A",.,"A",.,"A",30,"D",.,"A",.,"A"
"20104",2227913,68,0,"1",.,"A",.,"A",.,"A",.,"A",.,"A",.,"A",.,"A",.,"A",24,"D",.,"A",.,"A",.,"A",125,"D",.,"A",.,"A"
"20104",2227943,41,0,"1",.,"A",.,"A",.,"A",.,"A",.,"A",60,"D",.,"A",.,"A",.,"A",.,"A",.,"A",.,"A",45,"D",.,"A",.,"A"
"20104",2227974,28,0,"1",.,"A",.,"A",.,"A",.,"A",60,"D",.,"A",1300,"D",.,"A",.,"A",.,"A",.,"A",.,"A",.,"A",.,"A",.,"A"
"20104",2227983,50,0,"1",.,"A",.,"A",.,"A",.,"A",.,"A",.,"A",.,"A",.,"A",.,"A",.,"A",.,"A",.,"A",20,"D",.,"A",.,"A"
"20104",2228023,51,0,"1",.,"A",.,"A",.,"A",.,"A",.,"A",.,"A",.,"A",.,"A",.,"A",.,"A",.,"A",.,"A",.,"A",.,"A",.,"A"
"20104",2228033,55,0,"1",.,"A",.,"A",.,"A",.,"A",.,"A",.,"A",.,"A",.,"A",12,"D",.,"A",.,"A",.,"A",.,"A",.,"A",.,"A"
"20104",2228074,37,0,"1",.,"A",.,"A",.,"A",.,"A",.,"A",.,"A",650,"D",.,"A",.,"A",.,"A",.,"A",.,"A",.,"A",.,"A",.,"A"
"20104",2228093,64,0,"1",.,"A",.,"A",.,"A",.,"A",.,"A",.,"A",.,"A",.,"A",.,"A",.,"A",.,"A",.,"A",140,"D",.,"A",.,"A"
"20104",2228104,30,0,"1",.,"A",.,"A",.,"A",.,"A",.,"A",.,"A",.,"A",.,"A",.,"A",.,"A",.,"A",.,"A",.,"A",.,"A",.,"A"
"20104",2228114,83,0,"1",.,"A",.,"A",.,"A",.,"A",.,"A",.,"A",.,"A",.,"A",.,"A",.,"A",.,"A",.,"A",70,"D",.,"A",.,"A"
"20104",2228123,38,0,"1",.,"A",.,"A",.,"A",.,"A",.,"A",.,"A",.,"A",.,"A",.,"A",.,"A",.,"A",.,"A",10,"D",.,"A",.,"A"
"20104",2228184,44,0,"1",.,"A",100,"D",.,"A",600,"D",.,"A",500,"D",.,"A",.,"A",.,"A",.,"A",.,"A",.,"A",170,"D",.,"A",.,"A"
"20104",2228193,35,0,"1",.,"A",.,"A",.,"A",.,"A",.,"A",.,"A",.,"A",.,"A",.,"A",.,"A",.,"A",.,"A",.,"A",.,"A",.,"A"
"20104",2228203,47,0,"1",.,"A",.,"A",.,"A",.,"A",.,"A",15,"D",520,"D",.,"A",90,"D",.,"A",.,"A",.,"A",.,"A",.,"A",.,"A"
"20104",2228224,43,0,"1",.,"A",.,"A",.,"A",.,"A",.,"A",.,"A",.,"A",.,"A",.,"A",.,"A",.,"A",.,"A",135,"D",.,"A",.,"A"
"20104",2228233,47,0,"1",.,"A",.,"A",.,"A",.,"A",.,"A",.,"A",.,"A",.,"A",.,"A",.,"A",.,"A",.,"A",75,"D",.,"A",.,"A"
"20104",2228243,62,0,"1",.,"A",.,"A",.,"A",.,"A",.,"A",.,"A",.,"A",.,"A",18,"D",.,"A",.,"A",.,"A",200,"D",.,"A",.,"A"
"20104",2228253,58,0,"1",.,"A",.,"A",.,"A",.,"A",.,"A",7,"D",520,"D",.,"A",.,"A",.,"A",.,"A",.,"A",15,"D",.,"A",.,"A"
"20104",2228273,36,0,"1",.,"A",.,"A",.,"A",.,"A",.,"A",.,"A",.,"A",.,"A",15,"D",0,"D",57,"D",0,"D",.,"A",0,"D",.,"A"
"20104",2228324,54,0,"1",.,"A",.,"A",.,"A",.,"A",.,"A",.,"A",.,"A",.,"A",.,"A",.,"A",.,"A",.,"A",.,"A",.,"A",.,"A"
"20104",2228374,78,0,"1",.,"A",.,"A",.,"A",.,"A",.,"A",.,"A",.,"A",.,"A",.,"A",.,"A",.,"A",.,"A",60,"D",.,"A",.,"A"
"20104",2228414,48,0,"1",.,"A",.,"A",.,"A",.,"A",.,"A",.,"A",.,"A",.,"A",.,"A",.,"A",.,"A",.,"A",45,"D",.,"A",.,"A"
"20104",2228433,32,0,"1",.,"A",.,"A",.,"A",.,"A",.,"A",.,"A",1300,"D",.,"A",.,"A",.,"A",.,"A",.,"A",10,"D",.,"A",.,"A"
"20104",2228444,38,0,"1",.,"A",.,"A",.,"A",.,"A",.,"A",.,"A",.,"A",.,"A",.,"A",.,"A",.,"A",.,"A",10,"D",.,"A",.,"A"
"20104",2228454,45,0,"1",.,"A",.,"A",.,"A",.,"A",.,"A",.,"A",.,"A",.,"A",.,"A",0,"D",0,"D",3,"D",.,"A",0,"D",.,"A"
"20104",2228463,58,0,"1",.,"A",.,"A",.,"A",.,"A",.,"A",5,"D",.,"A",.,"A",.,"A",.,"A",.,"A",.,"A",25,"D",.,"A",.,"A"
"20104",2228493,24,0,"1",.,"A",.,"A",.,"A",.,"A",.,"A",.,"A",650,"D",.,"A",.,"A",.,"A",.,"A",.,"A",.,"A",.,"A",.,"A"
"20104",2228534,53,0,"1",.,"A",.,"A",.,"A",.,"A",.,"A",25,"D",.,"A",.,"A",.,"A",0,"D",0,"D",12,"D",150,"D",0,"D",.,"A"
"20104",2228543,26,0,"1",.,"A",.,"A",.,"A",.,"A",240,"D",.,"A",.,"A",.,"A",.,"A",.,"A",.,"A",.,"A",15,"D",.,"A",.,"A"
"20104",2228613,49,0,"1",.,"A",.,"A",.,"A",.,"A",.,"A",.,"A",.,"A",.,"A",.,"A",300,"D",0,"D",150,"D",210,"D",100,"D",.,"A"
"20104",2228623,34,0,"1",3,"D",.,"A",.,"A",.,"A",7,"D",.,"A",.,"A",.,"A",.,"A",.,"A",.,"A",.,"A",20,"D",.,"A",.,"A"
"20104",2228634,32,0,"1",.,"A",.,"A",.,"A",.,"A",117,"D",.,"A",.,"A",.,"A",.,"A",.,"A",.,"A",.,"A",120,"D",.,"A",.,"A"
"20104",2228643,30,0,"1",.,"A",.,"A",.,"A",40,"D",40,"D",.,"A",546,"D",.,"A",.,"A",0,"D",0,"D",150,"D",10,"D",0,"D",.,"A"
"20104",2228704,40,0,"1",.,"A",.,"A",.,"A",.,"A",.,"A",.,"A",.,"A",.,"A",.,"A",.,"A",.,"A",.,"A",.,"A",.,"A",.,"A"
"20104",2228714,53,0,"1",.,"A",.,"A",.,"A",.,"A",.,"A",25,"D",.,"A",.,"A",.,"A",.,"A",.,"A",.,"A",100,"D",.,"A",.,"A"
"20104",2228734,31,0,"1",.,"A",.,"A",.,"A",.,"A",.,"A",.,"A",.,"A",.,"A",30,"D",.,"A",.,"A",.,"A",.,"A",.,"A",.,"A"
"20104",2228755,29,0,"1",.,"A",.,"A",.,"A",.,"A",15,"D",.,"A",.,"A",.,"A",6,"D",0,"D",0,"D",0,"D",20,"D",0,"D",.,"A"
"20104",2228773,29,0,"1",.,"A",.,"A",.,"A",.,"A",.,"A",.,"A",.,"A",.,"A",.,"A",.,"A",.,"A",.,"A",35,"D",.,"A",.,"A"
"20104",2228783,32,0,"1",.,"A",.,"A",.,"A",.,"A",.,"A",.,"A",390,"D",.,"A",.,"A",.,"A",.,"A",.,"A",.,"A",.,"A",.,"A"
"20104",2228803,54,0,"1",.,"A",.,"A",.,"A",.,"A",.,"A",.,"A",.,"A",.,"A",.,"A",.,"A",.,"A",.,"A",.,"A",.,"A",.,"A"
"20104",2228814,40,0,"1",.,"A",.,"A",.,"A",.,"A",78,"D",.,"A",.,"A",.,"A",.,"A",.,"A",.,"A",.,"A",20,"D",.,"A",.,"A"
"20104",2228854,35,0,"1",.,"A",.,"A",.,"A",.,"A",.,"A",.,"A",.,"A",.,"A",.,"A",.,"A",.,"A",.,"A",190,"D",.,"A",.,"A"
"20104",2228873,26,0,"1",.,"A",.,"A",.,"A",.,"A",.,"A",.,"A",.,"A",.,"A",.,"A",.,"A",.,"A",.,"A",.,"A",.,"A",.,"A"
"20104",2228903,41,0,"1",.,"A",.,"A",.,"A",.,"A",.,"A",.,"A",.,"A",.,"A",.,"A",.,"A",.,"A",.,"A",.,"A",.,"A",.,"A"
"20104",2228914,45,0,"1",.,"A",.,"A",.,"A",.,"A",.,"A",.,"A",.,"A",.,"A",.,"A",.,"A",.,"A",.,"A",25,"D",.,"A",.,"A"
"20104",2228923,30,0,"1",.,"A",.,"A",.,"A",.,"A",.,"A",.,"A",.,"A",.,"A",.,"A",.,"A",.,"A",.,"A",.,"A",.,"A",.,"A"
"20104",2228934,32,0,"1",.,"A",.,"A",.,"A",.,"A",.,"A",.,"A",130,"D",.,"A",.,"A",.,"A",.,"A",.,"A",.,"A",.,"A",.,"A"
"20104",2228963,78,0,"1",.,"A",.,"A",.,"A",240,"D",.,"A",260,"D",.,"A",.,"A",.,"A",900,"D",0,"D",330,"D",240,"D",300,"D",.,"A"
"20104",2228973,41,0,"1",.,"A",.,"A",.,"A",.,"A",.,"A",.,"A",.,"A",.,"A",.,"A",.,"A",.,"A",.,"A",.,"A",.,"A",.,"A"
"20104",2228984,47,0,"1",.,"A",.,"A",.,"A",.,"A",.,"A",.,"A",702,"D",.,"A",.,"A",.,"A",.,"A",.,"A",50,"D",.,"A",.,"A"
"20104",2229003,28,0,"1",.,"A",.,"A",.,"A",.,"A",.,"A",.,"A",.,"A",.,"A",.,"A",.,"A",.,"A",.,"A",.,"A",.,"A",.,"A"
"20104",2229014,42,0,"1",.,"A",.,"A",.,"A",.,"A",.,"A",.,"A",.,"A",.,"A",.,"A",.,"A",.,"A",.,"A",125,"D",.,"A",.,"A"
"20104",2229044,45,0,"1",.,"A",.,"A",.,"A",.,"A",.,"A",.,"A",.,"A",.,"A",.,"A",.,"A",.,"A",.,"A",60,"D",.,"A",.,"A"
"20104",2229093,39,0,"1",.,"A",.,"A",.,"A",.,"A",25,"D",.,"A",.,"A",.,"A",.,"A",.,"A",.,"A",.,"A",50,"D",.,"A",.,"A"
"20104",2229103,43,0,"1",.,"A",.,"A",.,"A",.,"A",.,"A",.,"A",.,"A",.,"A",.,"A",.,"A",.,"A",.,"A",.,"A",.,"A",.,"A"
"20104",2229143,44,0,"1",.,"A",.,"A",.,"A",.,"A",.,"A",.,"A",.,"A",.,"A",.,"A",.,"A",.,"A",.,"A",.,"A",.,"A",.,"A"
"20104",2229164,55,0,"1",.,"A",.,"A",.,"A",.,"A",.,"A",.,"A",780,"D",.,"A",.,"A",.,"A",.,"A",.,"A",.,"A",.,"A",.,"A"
"20104",2229263,46,0,"1",.,"A",.,"A",.,"A",.,"A",.,"A",.,"A",.,"A",.,"A",.,"A",.,"A",.,"A",.,"A",.,"A",.,"A",.,"A"
"20104",2229274,59,0,"1",.,"A",.,"A",.,"A",.,"A",.,"A",.,"A",.,"A",.,"A",.,"A",.,"A",.,"A",.,"A",100,"D",.,"A",.,"A"
"20104",2229293,38,0,"1",.,"A",.,"A",.,"A",.,"A",.,"A",.,"A",.,"A",.,"A",.,"A",.,"A",.,"A",.,"A",.,"A",.,"A",.,"A"
"20104",2229314,48,0,"1",.,"A",.,"A",.,"A",.,"A",.,"A",.,"A",.,"A",.,"A",.,"A",.,"A",.,"A",.,"A",200,"D",.,"A",.,"A"
"20104",2229335,54,0,"1",.,"A",.,"A",.,"A",.,"A",.,"A",40,"D",.,"A",.,"A",36,"D",.,"A",.,"A",.,"A",36,"D",.,"A",.,"A"
"20104",2229354,55,0,"1",.,"A",.,"A",.,"A",.,"A",.,"A",36,"D",.,"A",.,"A",.,"A",.,"A",.,"A",.,"A",30,"D",.,"A",.,"A"
"20104",2229364,64,0,"1",.,"A",.,"A",.,"A",.,"A",.,"A",.,"A",.,"A",.,"A",.,"A",.,"A",.,"A",.,"A",28,"D",.,"A",.,"A"
"20104",2229373,52,0,"1",30,"D",.,"A",.,"A",.,"A",90,"D",.,"A",.,"A",.,"A",.,"A",0,"D",0,"D",45,"D",130,"D",0,"D",.,"A"
"20104",2229383,38,0,"1",.,"A",.,"A",.,"A",.,"A",.,"A",.,"A",.,"A",.,"A",.,"A",.,"A",.,"A",.,"A",160,"D",.,"A",.,"A"
"20104",2229404,47,0,"1",.,"A",.,"A",.,"A",.,"A",.,"A",.,"A",.,"A",.,"A",.,"A",.,"A",.,"A",.,"A",60,"D",.,"A",.,"A"
"20104",2229413,60,0,"1",.,"A",.,"A",.,"A",.,"A",.,"A",.,"A",.,"A",.,"A",.,"A",.,"A",.,"A",.,"A",.,"A",.,"A",.,"A"
"20104",2229423,42,0,"1",.,"A",.,"A",.,"A",.,"A",.,"A",.,"A",.,"A",.,"A",.,"A",.,"A",.,"A",.,"A",60,"D",.,"A",.,"A"
"20104",2229434,93,0,"1",.,"A",.,"A",.,"A",.,"A",.,"A",.,"A",.,"A",.,"A",.,"A",.,"A",.,"A",.,"A",.,"A",.,"A",.,"A"
"20104",2229454,74,0,"1",.,"A",.,"A",.,"A",.,"A",.,"A",120,"D",.,"A",.,"A",45,"D",0,"D",0,"D",30,"D",100,"D",0,"D",.,"A"
"20104",2229504,62,0,"1",.,"A",.,"A",35,"D",.,"A",.,"A",.,"A",.,"A",.,"A",.,"A",.,"A",.,"A",.,"A",170,"D",.,"A",.,"A"
"20104",2229554,46,0,"1",.,"A",.,"A",.,"A",300,"D",.,"A",.,"A",.,"A",.,"A",.,"A",.,"A",.,"A",.,"A",60,"D",.,"A",.,"A"
"20104",2229564,63,0,"1",.,"A",.,"A",.,"A",.,"A",.,"A",.,"A",.,"A",.,"A",.,"A",.,"A",.,"A",.,"A",100,"D",.,"A",.,"A"
"20104",2229573,22,0,"1",.,"A",.,"A",.,"A",.,"A",.,"A",.,"A",.,"A",.,"A",.,"A",.,"A",.,"A",.,"A",.,"A",.,"A",.,"A"
"20104",2229584,45,0,"1",.,"A",.,"A",.,"A",60,"D",.,"A",75,"D",.,"A",.,"A",.,"A",.,"A",.,"A",.,"A",300,"D",.,"A",.,"A"
"20104",2229623,29,0,"1",.,"A",.,"A",.,"A",.,"A",.,"A",.,"A",.,"A",.,"A",.,"A",.,"A",.,"A",.,"A",30,"D",.,"A",.,"A"
"20104",2229633,52,0,"1",2,"D",.,"A",.,"A",.,"A",88,"D",.,"A",.,"A",.,"A",.,"A",.,"A",.,"A",.,"A",28,"D",.,"A",.,"A"
"20104",2229655,69,0,"1",.,"A",.,"A",.,"A",.,"A",.,"A",.,"A",.,"A",.,"A",.,"A",.,"A",.,"A",.,"A",108,"D",.,"A",.,"A"
"20104",2229674,50,0,"1",.,"A",.,"A",.,"A",.,"A",.,"A",.,"A",.,"A",.,"A",36,"D",.,"A",.,"A",.,"A",.,"A",.,"A",.,"A"
"20104",2229703,79,0,"1",.,"A",.,"A",.,"A",10,"D",.,"A",.,"A",.,"A",.,"A",.,"A",.,"A",.,"A",.,"A",85,"D",.,"A",.,"A"
"20104",2229723,64,0,"1",.,"A",.,"A",.,"A",.,"A",.,"A",.,"A",.,"A",.,"A",36,"D",.,"A",.,"A",.,"A",240,"D",.,"A",.,"A"
"20104",2229793,69,0,"1",.,"A",.,"A",.,"A",.,"A",.,"A",.,"A",.,"A",.,"A",.,"A",.,"A",.,"A",.,"A",80,"D",.,"A",.,"A"
"20104",2229814,68,0,"1",.,"A",.,"A",.,"A",.,"A",.,"A",.,"A",.,"A",.,"A",.,"A",.,"A",.,"A",.,"A",160,"D",.,"A",.,"A"
"20104",2229823,70,0,"1",.,"A",.,"A",.,"A",.,"A",.,"A",24,"D",.,"A",.,"A",45,"D",.,"A",.,"A",.,"A",.,"A",.,"A",.,"A"
"20104",2229834,41,0,"1",.,"A",.,"A",.,"A",.,"A",.,"A",.,"A",.,"A",.,"A",.,"A",.,"A",.,"A",.,"A",180,"D",.,"A",.,"A"
"20104",2229914,85,0,"1",.,"A",.,"A",.,"A",.,"A",.,"A",.,"A",.,"A",130,"D",27,"D",.,"A",.,"A",.,"A",400,"D",.,"A",.,"A"
"20104",2229923,107,0,"1",.,"A",.,"A",.,"A",.,"A",.,"A",.,"A",.,"A",260,"D",.,"A",.,"A",.,"A",.,"A",86,"D",.,"A",.,"A"
"20104",2229933,41,0,"1",.,"A",.,"A",.,"A",.,"A",.,"A",.,"A",455,"D",.,"A",.,"A",.,"A",.,"A",.,"A",70,"D",.,"A",.,"A"
"20104",2229954,69,0,"1",.,"A",.,"A",.,"A",.,"A",.,"A",.,"A",117,"D",.,"A",30,"D",.,"A",.,"A",.,"A",60,"D",.,"A",.,"A"
"20104",2230033,32,0,"1",.,"A",.,"A",.,"A",.,"A",.,"A",27,"D",.,"A",.,"A",.,"A",.,"A",.,"A",.,"A",.,"A",.,"A",.,"A"
"20104",2230044,31,0,"1",30,"D",.,"A",.,"A",480,"D",90,"D",.,"A",195,"D",.,"A",15,"F",.,"A",.,"A",.,"A",90,"D",.,"A",.,"A"
"20104",2230083,29,0,"1",.,"A",.,"A",.,"A",.,"A",.,"A",.,"A",26,"D",.,"A",.,"A",.,"A",.,"A",.,"A",.,"A",.,"A",.,"A"
"20104",2230105,38,0,"1",.,"A",.,"A",.,"A",.,"A",.,"A",.,"A",.,"A",.,"A",9,"D",.,"A",.,"A",.,"A",.,"A",.,"A",.,"A"
"20104",2230113,51,0,"1",.,"A",.,"A",.,"A",.,"A",70,"D",.,"A",1300,"D",.,"A",.,"A",.,"A",.,"A",.,"A",120,"D",.,"A",.,"A"
"20104",2230174,44,0,"1",.,"A",.,"A",.,"A",.,"A",.,"A",.,"A",780,"D",.,"A",.,"A",.,"A",.,"A",.,"A",30,"D",.,"A",.,"A"
"20104",2230213,42,0,"1",.,"A",.,"A",.,"A",.,"A",.,"A",.,"A",.,"A",.,"A",.,"A",.,"A",.,"A",.,"A",.,"A",.,"A",.,"A"
"20104",2230234,66,0,"1",.,"A",.,"A",.,"A",.,"A",.,"A",.,"A",.,"A",.,"A",.,"A",.,"A",.,"A",.,"A",128,"D",.,"A",.,"A"
"20104",2230244,31,0,"1",.,"A",.,"A",.,"A",.,"A",60,"D",.,"A",273,"D",.,"A",.,"A",.,"A",.,"A",.,"A",.,"A",.,"A",.,"A"
"20104",2230254,36,0,"1",.,"A",.,"A",.,"A",.,"A",.,"A",.,"A",390,"D",.,"A",.,"A",.,"A",.,"A",.,"A",.,"A",.,"A",.,"A"
"20104",2230293,47,0,"1",.,"A",.,"A",.,"A",.,"A",.,"A",.,"A",.,"A",.,"A",.,"A",.,"A",.,"A",.,"A",.,"A",.,"A",.,"A"
"20104",2230304,33,0,"1",.,"A",.,"A",.,"A",.,"A",.,"A",.,"A",.,"A",.,"A",.,"A",.,"A",.,"A",.,"A",50,"D",.,"A",.,"A"
"20104",2230314,73,0,"1",.,"A",.,"A",.,"A",.,"A",.,"A",.,"A",.,"A",.,"A",.,"A",.,"A",.,"A",.,"A",63,"D",.,"A",.,"A"
"20104",2230323,82,0,"1",.,"A",.,"A",.,"A",.,"A",.,"A",60,"D",650,"D",.,"A",90,"D",.,"A",.,"A",.,"A",30,"D",.,"A",.,"A"
"20104",2230334,37,0,"1",.,"A",.,"A",.,"A",.,"A",.,"A",.,"A",.,"A",.,"A",.,"A",.,"A",.,"A",.,"A",80,"D",.,"A",.,"A"
"20104",2230353,28,0,"1",.,"A",.,"A",.,"A",.,"A",.,"A",.,"A",.,"A",.,"A",.,"A",.,"A",.,"A",.,"A",.,"A",.,"A",.,"A"
"20104",2230364,51,0,"1",.,"A",.,"A",.,"A",.,"A",.,"A",100,"D",.,"A",.,"A",60,"D",270,"D",0,"D",0,"D",170,"D",90,"D",270,"D"
"20104",2230413,55,0,"1",.,"A",.,"A",.,"A",.,"A",.,"A",.,"A",.,"A",.,"A",.,"A",.,"A",.,"A",.,"A",.,"A",.,"A",.,"A"
"20104",2230424,54,0,"1",.,"A",.,"A",.,"A",.,"A",.,"A",.,"A",975,"D",.,"A",.,"A",.,"A",.,"A",.,"A",100,"D",.,"A",.,"A"
"20104",2230433,47,0,"1",.,"A",.,"A",.,"A",.,"A",54,"D",.,"A",.,"A",.,"A",.,"A",.,"A",.,"A",.,"A",42,"D",.,"A",.,"A"
"20104",2230493,26,0,"1",.,"A",.,"A",.,"A",.,"A",22,"D",.,"A",.,"A",.,"A",.,"A",.,"A",.,"A",.,"A",.,"A",.,"A",.,"A"
"20104",2230523,34,0,"1",.,"A",.,"A",.,"A",.,"A",.,"A",.,"A",.,"A",.,"A",.,"A",120,"D",0,"D",0,"D",200,"D",40,"D",.,"A"
"20104",2230544,48,0,"1",.,"A",.,"A",.,"A",.,"A",.,"A",.,"A",.,"A",.,"A",.,"A",.,"A",.,"A",.,"A",.,"A",.,"A",.,"A"
"20104",2230564,99,0,"1",.,"A",.,"A",.,"A",.,"A",.,"A",.,"A",.,"A",.,"A",.,"A",.,"A",.,"A",.,"A",50,"D",.,"A",.,"A"
"20104",2230594,25,0,"1",.,"A",.,"A",.,"A",.,"A",.,"A",.,"A",.,"A",.,"A",.,"A",.,"A",.,"A",.,"A",.,"A",.,"A",.,"A"
"20104",2230624,53,0,"1",.,"A",.,"A",.,"A",.,"A",.,"A",.,"A",455,"D",.,"A",.,"A",.,"A",.,"A",.,"A",120,"D",.,"A",.,"A"
"20104",2230653,40,0,"1",.,"A",.,"A",.,"A",.,"A",.,"A",.,"A",.,"A",.,"A",9,"D",.,"A",.,"A",.,"A",40,"D",.,"A",.,"A"
"20104",2230674,60,0,"1",.,"A",.,"A",.,"A",.,"A",.,"A",12,"D",.,"A",.,"A",.,"A",.,"A",.,"A",.,"A",40,"D",.,"A",.,"A"
"20104",2230684,55,0,"1",.,"A",.,"A",.,"A",.,"A",.,"A",.,"A",.,"A",.,"A",.,"A",.,"A",.,"A",.,"A",200,"D",.,"A",.,"A"
"20104",2230703,30,0,"1",.,"A",.,"A",.,"A",.,"A",120,"D",.,"A",.,"A",.,"A",.,"A",.,"A",.,"A",.,"A",75,"D",.,"A",.,"A"
"20104",2230754,31,0,"1",.,"A",.,"A",.,"A",.,"A",.,"A",.,"A",.,"A",.,"A",.,"A",.,"A",.,"A",.,"A",.,"A",.,"A",.,"A"
"20104",2230774,24,0,"1",.,"A",.,"A",.,"A",.,"A",.,"A",.,"A",.,"A",.,"A",.,"A",.,"A",.,"A",.,"A",.,"A",.,"A",.,"A"
"20104",2230784,65,0,"1",.,"A",.,"A",.,"A",.,"A",.,"A",100,"D",.,"A",.,"A",.,"A",.,"A",.,"A",.,"A",110,"D",.,"A",.,"A"
"20104",2230813,70,0,"1",.,"A",.,"A",.,"A",.,"A",.,"A",60,"D",.,"A",.,"A",.,"A",.,"A",.,"A",.,"A",120,"D",.,"A",.,"A"
"20104",2230824,40,0,"1",.,"A",.,"A",.,"A",.,"A",.,"A",.,"A",377,"D",.,"A",.,"A",.,"A",.,"A",.,"A",84,"D",.,"A",.,"A"
"20104",2230833,62,0,"1",.,"A",.,"A",.,"A",.,"A",.,"A",.,"A",.,"A",.,"A",.,"A",.,"A",.,"A",.,"A",.,"A",.,"A",.,"A"
"20104",2230843,77,0,"1",.,"A",.,"A",.,"A",.,"A",.,"A",.,"A",.,"A",.,"A",.,"A",.,"A",.,"A",.,"A",51,"D",.,"A",.,"A"
"20104",2230894,53,0,"1",.,"A",.,"A",.,"A",.,"A",.,"A",.,"A",.,"A",.,"A",.,"A",.,"A",.,"A",.,"A",.,"A",.,"A",.,"A"
"20104",2230904,34,0,"1",.,"A",.,"A",.,"A",.,"A",.,"A",.,"A",.,"A",.,"A",.,"A",.,"A",.,"A",.,"A",.,"A",.,"A",.,"A"
"20104",2230923,62,0,"1",.,"A",.,"A",.,"A",.,"A",.,"A",.,"A",.,"A",.,"A",.,"A",.,"A",.,"A",.,"A",90,"D",.,"A",.,"A"
"20104",2230954,53,0,"1",.,"A",.,"A",.,"A",.,"A",.,"A",.,"A",.,"A",.,"A",.,"A",.,"A",.,"A",.,"A",20,"D",.,"A",.,"A"
"20104",2230964,59,0,"1",.,"A",.,"A",.,"A",.,"A",.,"A",.,"A",.,"A",.,"A",.,"A",.,"A",.,"A",.,"A",10,"D",.,"A",.,"A"
"20104",2230983,29,0,"1",.,"A",.,"A",.,"A",.,"A",48,"D",.,"A",.,"A",.,"A",.,"A",.,"A",.,"A",.,"A",26,"D",.,"A",.,"A"
"20104",2230993,56,0,"1",.,"A",.,"A",.,"A",.,"A",.,"A",.,"A",.,"A",.,"A",.,"A",.,"A",.,"A",.,"A",200,"D",.,"A",.,"A"
"20104",2231014,101,0,"1",.,"A",.,"A",.,"A",.,"A",.,"A",.,"A",.,"A",.,"A",.,"A",.,"A",.,"A",.,"A",300,"D",.,"A",.,"A"
"20104",2231044,43,0,"1",.,"A",.,"A",.,"A",.,"A",.,"A",.,"A",.,"A",.,"A",.,"A",.,"A",.,"A",.,"A",15,"D",.,"A",.,"A"
"20104",2231064,34,0,"1",.,"A",.,"A",.,"A",.,"A",.,"A",.,"A",.,"A",.,"A",.,"A",.,"A",.,"A",.,"A",.,"A",.,"A",.,"A"
"20104",2231095,43,0,"1",.,"A",.,"A",.,"A",.,"A",.,"A",60,"D",.,"A",.,"A",15,"D",0,"D",0,"D",636,"D",365,"D",0,"D",.,"A"
"20104",2231103,62,0,"1",.,"A",.,"A",.,"A",.,"A",.,"A",.,"A",.,"A",.,"A",.,"A",.,"A",.,"A",.,"A",.,"A",.,"A",.,"A"
"20104",2231123,59,0,"1",.,"A",.,"A",.,"A",.,"A",.,"A",.,"A",.,"A",.,"A",.,"A",.,"A",.,"A",.,"A",25,"D",.,"A",.,"A"
"20104",2231144,74,0,"1",.,"A",.,"A",.,"A",1000,"D",.,"A",.,"A",.,"A",.,"A",.,"A",0,"D",0,"D",12,"D",390,"D",0,"D",.,"A"
"20104",2231154,43,0,"1",.,"A",.,"A",.,"A",.,"A",.,"A",.,"A",.,"A",.,"A",.,"A",.,"A",.,"A",.,"A",.,"A",.,"A",.,"A"
"20104",2231163,32,0,"1",.,"A",.,"A",.,"A",.,"A",.,"A",.,"A",.,"A",.,"A",.,"A",.,"A",.,"A",.,"A",.,"A",.,"A",.,"A"
"20104",2231194,71,0,"1",.,"A",.,"A",.,"A",.,"A",.,"A",.,"A",.,"A",.,"A",.,"A",.,"A",.,"A",.,"A",200,"D",.,"A",.,"A"
"20104",2231224,39,0,"1",.,"A",.,"A",.,"A",225,"D",52,"D",.,"A",.,"A",.,"A",48,"D",0,"D",0,"D",30,"D",.,"A",0,"D",.,"A"
"20104",2231243,54,0,"1",.,"A",.,"A",.,"A",.,"A",.,"A",18,"D",.,"A",.,"A",.,"A",.,"A",.,"A",.,"A",25,"D",.,"A",.,"A"
"20104",2231254,41,0,"1",.,"A",.,"A",.,"A",.,"A",90,"D",.,"A",.,"A",.,"A",.,"A",.,"A",.,"A",.,"A",72,"D",.,"A",.,"A"
"20104",2231273,79,0,"1",.,"A",.,"A",.,"A",.,"A",.,"A",.,"A",.,"A",.,"A",.,"A",.,"A",.,"A",.,"A",140,"D",.,"A",.,"A"
"20104",2231285,111,0,"1",.,"A",.,"A",.,"A",.,"A",.,"A",.,"A",.,"A",.,"A",.,"A",.,"A",.,"A",.,"A",125,"D",.,"A",.,"A"
"20104",2231304,48,0,"1",.,"A",.,"A",.,"A",.,"A",.,"A",.,"A",390,"D",.,"A",.,"A",.,"A",.,"A",.,"A",50,"D",.,"A",.,"A"
"20104",2231344,37,0,"1",.,"A",.,"A",.,"A",.,"A",.,"A",.,"A",.,"A",.,"A",.,"A",.,"A",.,"A",.,"A",.,"A",.,"A",.,"A"
"20104",2231364,59,0,"1",.,"A",.,"A",.,"A",.,"A",.,"A",.,"A",.,"A",.,"A",.,"A",.,"A",.,"A",.,"A",200,"D",.,"A",.,"A"
"20104",2231393,48,0,"1",.,"A",.,"A",.,"A",.,"A",.,"A",.,"A",.,"A",.,"A",.,"A",.,"A",.,"A",.,"A",30,"D",.,"A",.,"A"
"20104",2231425,44,0,"1",39,"D",.,"A",.,"A",.,"A",81,"D",60,"D",260,"D",.,"A",.,"A",.,"A",.,"A",.,"A",120,"D",.,"A",.,"A"
"20104",2231443,43,0,"1",.,"A",.,"A",.,"A",.,"A",.,"A",.,"A",.,"A",.,"A",.,"A",.,"A",.,"A",.,"A",.,"A",.,"A",.,"A"
"20104",2231453,27,0,"1",.,"A",.,"A",.,"A",.,"A",8,"D",.,"A",.,"A",.,"A",15,"F",.,"A",.,"A",.,"A",.,"A",.,"A",.,"A"
"20104",2231463,50,0,"1",.,"A",.,"A",.,"A",.,"A",.,"A",.,"A",.,"A",.,"A",.,"A",.,"A",.,"A",.,"A",80,"D",.,"A",.,"A"
"20104",2231494,56,0,"1",.,"A",.,"A",.,"A",.,"A",.,"A",.,"A",1300,"D",.,"A",.,"A",.,"A",.,"A",.,"A",30,"D",.,"A",.,"A"
"20104",2231523,47,0,"1",.,"A",.,"A",.,"A",150,"D",.,"A",.,"A",.,"A",.,"A",.,"A",.,"A",.,"A",.,"A",80,"D",.,"A",.,"A"
"20104",2231533,27,0,"1",25,"D",.,"A",.,"A",.,"A",100,"D",100,"D",.,"A",.,"A",.,"A",540,"D",0,"D",0,"D",180,"D",180,"D",.,"A"
"20104",2231544,37,0,"1",.,"A",.,"A",.,"A",.,"A",.,"A",.,"A",.,"A",.,"A",.,"A",.,"A",.,"A",.,"A",55,"D",.,"A",.,"A"
"20104",2231554,44,0,"1",.,"A",.,"A",.,"A",.,"A",90,"D",.,"A",.,"A",.,"A",.,"A",.,"A",.,"A",.,"A",45,"D",.,"A",.,"A"
"20104",2231564,104,0,"1",.,"A",.,"A",.,"A",.,"A",.,"A",50,"D",.,"A",.,"A",.,"A",.,"A",.,"A",.,"A",180,"D",.,"A",.,"A"
"20104",2231584,44,0,"1",.,"A",.,"A",.,"A",.,"A",.,"A",.,"A",.,"A",.,"A",.,"A",.,"A",.,"A",.,"A",.,"A",.,"A",.,"A"
"20104",2231594,42,0,"1",.,"A",.,"A",.,"A",.,"A",.,"A",.,"A",.,"A",.,"A",24,"F",.,"A",.,"A",.,"A",15,"D",.,"A",.,"A"
"20104",2231604,28,0,"1",.,"A",.,"A",.,"A",.,"A",200,"D",.,"A",.,"A",.,"A",.,"A",75,"D",0,"D",75,"D",100,"D",25,"D",.,"A"
"20104",2231613,80,0,"1",.,"A",.,"A",.,"A",.,"A",.,"A",.,"A",.,"A",.,"A",30,"D",.,"A",.,"A",.,"A",100,"D",.,"A",.,"A"
"20104",2231653,81,0,"1",.,"A",.,"A",.,"A",.,"A",.,"A",.,"A",.,"A",.,"A",.,"A",.,"A",.,"A",.,"A",52,"D",.,"A",.,"A"
"20104",2231704,53,0,"1",.,"A",.,"A",.,"A",.,"A",.,"A",.,"A",.,"A",.,"A",.,"A",.,"A",.,"A",.,"A",18,"D",.,"A",.,"A"
"20104",2231724,68,0,"1",.,"A",.,"A",.,"A",.,"A",.,"A",.,"A",234,"D",.,"A",.,"A",.,"A",.,"A",.,"A",60,"D",.,"A",.,"A"
"20104",2231733,71,0,"1",10,"D",.,"A",.,"A",.,"A",65,"D",.,"A",.,"A",.,"A",.,"A",.,"A",.,"A",.,"A",68,"D",.,"A",.,"A"
"20104",2231744,59,0,"1",.,"A",.,"A",.,"A",.,"A",.,"A",.,"A",.,"A",.,"A",.,"A",.,"A",.,"A",.,"A",.,"A",.,"A",.,"A"
"20104",2231753,50,0,"1",.,"A",.,"A",.,"A",.,"A",.,"A",.,"A",.,"A",.,"A",.,"A",.,"A",.,"A",.,"A",92,"D",.,"A",.,"A"
"20104",2231783,28,0,"1",.,"A",.,"A",.,"A",.,"A",60,"D",.,"A",.,"A",.,"A",.,"A",.,"A",.,"A",.,"A",.,"A",.,"A",.,"A"
"20104",2231813,52,0,"1",.,"A",.,"A",.,"A",.,"A",.,"A",.,"A",.,"A",.,"A",.,"A",.,"A",.,"A",.,"A",220,"D",.,"A",.,"A"
"20104",2231823,76,0,"1",.,"A",.,"A",.,"A",.,"A",.,"A",15,"D",.,"A",.,"A",.,"A",.,"A",.,"A",.,"A",120,"D",.,"A",.,"A"
"20104",2231865,26,0,"1",.,"A",.,"A",.,"A",.,"A",.,"A",.,"A",.,"A",.,"A",.,"A",.,"A",.,"A",.,"A",.,"A",.,"A",.,"A"
"20104",2231903,35,0,"1",.,"A",.,"A",.,"A",120,"F",.,"A",225,"D",.,"A",.,"A",.,"A",.,"A",.,"A",.,"A",150,"D",.,"A",.,"A"
"20104",2231924,44,0,"1",.,"A",.,"A",.,"A",.,"A",.,"A",.,"A",1300,"D",.,"A",.,"A",.,"A",.,"A",.,"A",100,"D",.,"A",.,"A"
"20104",2231964,53,0,"1",.,"A",.,"A",.,"A",.,"A",.,"A",.,"A",.,"A",.,"A",.,"A",.,"A",.,"A",.,"A",100,"F",.,"A",.,"A"
"20104",2232034,52,0,"1",.,"A",.,"A",.,"A",.,"A",.,"A",.,"A",.,"A",.,"A",.,"A",.,"A",.,"A",.,"A",.,"A",.,"A",.,"A"
"20104",2232093,40,0,"1",.,"A",.,"A",.,"A",.,"A",.,"A",.,"A",.,"A",.,"A",.,"A",.,"A",.,"A",.,"A",.,"A",.,"A",.,"A"
"20104",2232103,59,0,"1",.,"A",.,"A",.,"A",.,"A",.,"A",45,"D",.,"A",.,"A",.,"A",.,"A",.,"A",.,"A",200,"D",.,"A",.,"A"
"20104",2232114,24,0,"1",.,"A",.,"A",.,"A",.,"A",.,"A",.,"A",.,"A",.,"A",.,"A",.,"A",.,"A",.,"A",.,"A",.,"A",.,"A"
"20104",2232164,82,0,"1",.,"A",.,"A",.,"A",.,"A",.,"A",.,"A",.,"A",.,"A",.,"A",.,"A",.,"A",.,"A",90,"D",.,"A",.,"A"
"20104",2232243,87,0,"1",.,"A",.,"A",.,"A",.,"A",.,"A",30,"D",.,"A",.,"A",.,"A",.,"A",.,"A",.,"A",450,"D",.,"A",.,"A"
"20104",2232253,25,0,"1",.,"A",.,"A",.,"A",.,"A",.,"A",.,"A",.,"A",.,"A",.,"A",.,"A",.,"A",.,"A",.,"A",.,"A",.,"A"
"20104",2232273,56,0,"1",.,"A",.,"A",.,"A",.,"A",.,"A",40,"D",910,"D",.,"A",.,"A",.,"A",.,"A",.,"A",.,"A",.,"A",.,"A"
"20104",2232293,62,0,"1",.,"A",.,"A",.,"A",.,"A",.,"A",.,"A",.,"A",.,"A",.,"A",.,"A",.,"A",.,"A",350,"D",.,"A",.,"A"
"20104",2232334,65,0,"1",.,"A",.,"A",.,"A",.,"A",.,"A",120,"D",.,"A",.,"A",.,"A",.,"A",.,"A",.,"A",90,"D",.,"A",.,"A"
"20104",2232343,43,0,"1",.,"A",.,"A",150,"D",.,"A",60,"D",.,"A",.,"A",.,"A",.,"A",.,"A",.,"A",.,"A",.,"A",.,"A",.,"A"
"20104",2232363,64,0,"1",.,"A",.,"A",.,"A",.,"A",.,"A",.,"A",.,"A",.,"A",.,"A",.,"A",.,"A",.,"A",320,"D",.,"A",.,"A"
"20104",2232373,34,0,"1",.,"A",.,"A",.,"A",.,"A",.,"A",.,"A",.,"A",.,"A",.,"A",.,"A",.,"A",.,"A",.,"A",.,"A",.,"A"
"20104",2232393,73,0,"1",.,"A",.,"A",.,"A",.,"A",.,"A",40,"D",.,"A",.,"A",60,"D",.,"A",.,"A",.,"A",115,"D",.,"A",.,"A"
"20104",2232413,80,0,"1",.,"A",.,"A",.,"A",.,"A",.,"A",.,"A",.,"A",.,"A",.,"A",.,"A",.,"A",.,"A",60,"D",.,"A",.,"A"
"20104",2232444,39,0,"1",.,"A",.,"A",.,"A",.,"A",.,"A",.,"A",.,"A",.,"A",.,"A",.,"A",.,"A",.,"A",.,"A",.,"A",.,"A"
"20104",2232463,39,0,"1",.,"A",.,"A",.,"A",.,"A",.,"A",55,"D",.,"A",.,"A",.,"A",.,"A",.,"A",.,"A",26,"D",.,"A",.,"A"
"20104",2232503,53,0,"1",.,"A",.,"A",.,"A",.,"A",.,"A",.,"A",.,"A",.,"A",.,"A",.,"A",.,"A",.,"A",60,"D",.,"A",.,"A"
"20104",2232513,60,0,"1",.,"A",.,"A",.,"A",.,"A",.,"A",.,"A",.,"A",.,"A",36,"D",.,"A",.,"A",.,"A",86,"D",.,"A",.,"A"
"20104",2232523,41,0,"1",.,"A",.,"A",.,"A",.,"A",.,"A",.,"A",.,"A",.,"A",36,"D",.,"A",.,"A",.,"A",75,"D",.,"A",.,"A"
"20104",2232573,50,0,"1",.,"A",.,"A",.,"A",.,"A",.,"A",.,"A",.,"A",.,"A",.,"A",.,"A",.,"A",.,"A",20,"D",.,"A",.,"A"
"20104",2232583,57,0,"1",.,"A",.,"A",.,"A",.,"A",.,"A",.,"A",1118,"D",.,"A",.,"A",.,"A",.,"A",.,"A",90,"D",.,"A",.,"A"
"20104",2232643,41,0,"1",5,"D",.,"A",.,"A",.,"A",35,"D",.,"A",.,"A",.,"A",.,"A",.,"A",.,"A",.,"A",.,"A",.,"A",.,"A"
"20104",2232664,71,0,"1",.,"A",.,"A",.,"A",.,"A",.,"A",.,"A",.,"A",.,"A",60,"D",.,"A",.,"A",.,"A",.,"A",.,"A",.,"A"
"20104",2232694,73,0,"1",.,"A",.,"A",.,"A",.,"A",.,"A",.,"A",.,"A",.,"A",.,"A",.,"A",.,"A",.,"A",175,"D",.,"A",.,"A"
"20104",2232703,42,0,"1",.,"A",.,"A",.,"A",.,"A",.,"A",.,"A",260,"D",.,"A",.,"A",.,"A",.,"A",.,"A",60,"D",.,"A",.,"A"
"20104",2232713,80,0,"1",.,"A",.,"A",.,"A",.,"A",.,"A",20,"D",.,"A",.,"A",.,"A",.,"A",.,"A",.,"A",150,"D",.,"A",.,"A"
"20104",2232724,45,0,"1",.,"A",.,"A",.,"A",.,"A",.,"A",.,"A",.,"A",.,"A",.,"A",.,"A",.,"A",.,"A",40,"D",.,"A",.,"A"
"20104",2232733,41,0,"1",.,"A",.,"A",.,"A",.,"A",.,"A",.,"A",.,"A",.,"A",.,"A",.,"A",.,"A",.,"A",150,"D",.,"A",.,"A"
"20104",2232754,40,0,"1",.,"A",.,"A",.,"A",.,"A",.,"A",.,"A",.,"A",.,"A",.,"A",.,"A",.,"A",.,"A",50,"D",.,"A",.,"A"
"20104",2232773,38,0,"1",.,"A",.,"A",.,"A",.,"A",.,"A",.,"A",.,"A",.,"A",.,"A",.,"A",.,"A",.,"A",.,"A",.,"A",.,"A"
"20104",2232794,43,0,"1",.,"A",.,"A",.,"A",.,"A",.,"A",.,"A",.,"A",.,"A",.,"A",.,"A",.,"A",.,"A",.,"A",.,"A",.,"A"
"20104",2232803,30,0,"1",.,"A",.,"A",.,"A",.,"A",.,"A",.,"A",.,"A",.,"A",.,"A",.,"A",.,"A",.,"A",50,"D",.,"A",.,"A"
"20104",2232843,58,0,"1",.,"A",.,"A",.,"A",.,"A",.,"A",.,"A",.,"A",.,"A",.,"A",.,"A",.,"A",.,"A",.,"A",.,"A",.,"A"
"20104",2232854,48,0,"1",.,"A",.,"A",.,"A",.,"A",.,"A",.,"A",.,"A",.,"A",.,"A",.,"A",.,"A",.,"A",100,"D",.,"A",.,"A"
"20104",2232874,28,0,"1",.,"A",.,"A",.,"A",.,"A",.,"A",.,"A",.,"A",.,"A",.,"A",.,"A",.,"A",.,"A",.,"A",.,"A",.,"A"
"20104",2232914,41,0,"1",.,"A",.,"A",.,"A",.,"A",.,"A",.,"A",.,"A",.,"A",.,"A",.,"A",.,"A",.,"A",12,"D",.,"A",.,"A"
"20104",2232934,104,0,"1",.,"A",.,"A",.,"A",.,"A",.,"A",75,"D",.,"A",.,"A",.,"A",.,"A",.,"A",.,"A",460,"D",.,"A",.,"A"
"20104",2232944,28,0,"1",.,"A",.,"A",.,"A",.,"A",.,"A",.,"A",.,"A",.,"A",.,"A",.,"A",.,"A",.,"A",20,"D",.,"A",.,"A"
"20104",2232953,35,0,"1",.,"A",.,"A",.,"A",.,"A",.,"A",.,"A",.,"A",.,"A",.,"A",.,"A",.,"A",.,"A",50,"D",.,"A",.,"A"
"20104",2232974,80,0,"1",.,"A",.,"A",.,"A",.,"A",.,"A",200,"D",.,"A",.,"A",.,"A",.,"A",.,"A",.,"A",150,"D",.,"A",.,"A"
"20104",2233014,76,0,"1",.,"A",.,"A",.,"A",.,"A",.,"A",.,"A",.,"A",.,"A",.,"A",.,"A",.,"A",.,"A",58,"D",.,"A",.,"A"
"20104",2233034,110,0,"1",.,"A",.,"A",.,"A",300,"D",.,"A",180,"D",.,"A",.,"A",.,"A",840,"D",0,"D",135,"D",300,"D",280,"D",.,"A"
"20104",2233044,38,0,"1",.,"A",.,"A",.,"A",.,"A",.,"A",.,"A",.,"A",.,"A",.,"A",.,"A",.,"A",.,"A",60,"D",.,"A",.,"A"
"20104",2233093,36,0,"1",.,"A",.,"A",.,"A",.,"A",.,"A",.,"A",.,"A",.,"A",.,"A",.,"A",.,"A",.,"A",100,"D",.,"A",.,"A"
"20104",2233143,53,0,"1",.,"A",.,"A",.,"A",.,"A",.,"A",.,"A",.,"A",.,"A",.,"A",660,"D",0,"D",0,"D",40,"F",220,"D",.,"A"
"20104",2233164,33,0,"1",.,"A",.,"A",.,"A",.,"A",.,"A",.,"A",.,"A",.,"A",.,"A",.,"A",.,"A",.,"A",.,"A",.,"A",.,"A"
"20104",2233193,54,0,"1",.,"A",.,"A",.,"A",.,"A",.,"A",.,"A",.,"A",.,"A",.,"A",.,"A",.,"A",.,"A",150,"D",.,"A",.,"A"
"20104",2233224,47,0,"1",.,"A",.,"A",.,"A",.,"A",.,"A",.,"A",.,"A",.,"A",.,"A",.,"A",.,"A",.,"A",.,"A",.,"A",.,"A"
"20104",2233233,53,0,"1",.,"A",.,"A",.,"A",.,"A",20,"D",20,"D",.,"A",.,"A",72,"D",.,"A",.,"A",.,"A",150,"D",.,"A",.,"A"
"20104",2233244,36,0,"1",.,"A",.,"A",.,"A",.,"A",180,"D",.,"A",.,"A",.,"A",.,"A",.,"A",.,"A",.,"A",.,"A",.,"A",.,"A"
"20104",2233314,51,0,"1",.,"A",.,"A",.,"A",.,"A",.,"A",50,"D",.,"A",.,"A",.,"A",.,"A",.,"A",.,"A",90,"D",.,"A",.,"A"
"20104",2233343,62,0,"1",.,"A",.,"A",.,"A",.,"A",.,"A",.,"A",.,"A",.,"A",.,"A",.,"A",.,"A",.,"A",140,"D",.,"A",.,"A"
"20104",2233384,49,0,"1",.,"A",.,"A",.,"A",.,"A",.,"A",.,"A",.,"A",.,"A",.,"A",.,"A",.,"A",.,"A",.,"A",.,"A",.,"A"
"20104",2233394,56,0,"1",.,"A",.,"A",35,"D",.,"A",.,"A",.,"A",.,"A",.,"A",.,"A",.,"A",.,"A",.,"A",300,"D",.,"A",.,"A"
"20104",2233404,53,0,"1",.,"A",.,"A",.,"A",.,"A",.,"A",80,"D",.,"A",.,"A",.,"A",.,"A",.,"A",.,"A",140,"D",.,"A",.,"A"
"20104",2233423,37,0,"1",.,"A",.,"A",.,"A",.,"A",.,"A",.,"A",.,"A",.,"A",.,"A",.,"A",.,"A",.,"A",5,"D",.,"A",.,"A"
"20104",2233434,36,0,"1",.,"A",.,"A",.,"A",.,"A",.,"A",.,"A",.,"A",.,"A",.,"A",.,"A",.,"A",.,"A",120,"D",.,"A",.,"A"
"20104",2233443,58,0,"1",.,"A",.,"A",.,"A",.,"A",.,"A",.,"A",.,"A",.,"A",.,"A",.,"A",.,"A",.,"A",160,"D",.,"A",.,"A"
"20104",2233453,36,0,"1",.,"A",.,"A",.,"A",.,"A",.,"A",40,"D",.,"A",.,"A",.,"A",.,"A",.,"A",.,"A",.,"A",.,"A",.,"A"
"20104",2233474,40,0,"1",.,"A",.,"A",.,"A",.,"A",.,"A",.,"A",.,"A",.,"A",.,"A",.,"A",.,"A",.,"A",.,"A",.,"A",.,"A"
"20104",2233504,52,0,"1",.,"A",.,"A",.,"A",.,"A",.,"A",.,"A",780,"D",.,"A",.,"A",.,"A",.,"A",.,"A",200,"D",.,"A",.,"A"
"20104",2233553,72,0,"1",.,"A",.,"A",.,"A",.,"A",.,"A",.,"A",.,"A",13,"D",.,"A",.,"A",.,"A",.,"A",110,"D",.,"A",.,"A"
"20104",2233574,49,0,"1",.,"A",.,"A",.,"A",.,"A",.,"A",.,"A",.,"A",.,"A",.,"A",.,"A",.,"A",.,"A",.,"A",.,"A",.,"A"
"20104",2233605,27,0,"1",.,"A",.,"A",.,"A",.,"A",.,"A",.,"A",.,"A",.,"A",.,"A",.,"A",.,"A",.,"A",.,"A",.,"A",.,"A"
"20104",2233633,44,0,"1",.,"A",.,"A",.,"A",.,"A",40,"D",.,"A",.,"A",.,"A",.,"A",.,"A",.,"A",.,"A",.,"A",.,"A",.,"A"
"20104",2233653,48,0,"1",.,"A",.,"A",.,"A",.,"A",.,"A",.,"A",.,"A",.,"A",.,"A",.,"A",.,"A",.,"A",120,"D",.,"A",.,"A"
"20104",2233663,29,0,"1",.,"A",.,"A",.,"A",.,"A",.,"A",.,"A",520,"D",.,"A",.,"A",.,"A",.,"A",.,"A",.,"A",.,"A",.,"A"
"20104",2233684,29,0,"1",.,"A",.,"A",.,"A",.,"A",.,"A",.,"A",.,"A",.,"A",.,"A",.,"A",.,"A",.,"A",100,"D",.,"A",.,"A"
"20104",2233743,39,0,"1",.,"A",.,"A",.,"A",.,"A",.,"A",.,"A",.,"A",.,"A",.,"A",.,"A",.,"A",.,"A",25,"D",.,"A",.,"A"
"20104",2233754,82,0,"1",.,"A",.,"A",.,"A",.,"A",.,"A",22,"D",325,"D",.,"A",.,"A",.,"A",.,"A",.,"A",500,"D",.,"A",.,"A"
"20104",2233773,40,0,"1",.,"A",.,"A",.,"A",.,"A",.,"A",.,"A",260,"D",.,"A",.,"A",.,"A",.,"A",.,"A",.,"A",.,"A",.,"A"
"20104",2233804,51,0,"1",.,"A",.,"A",.,"A",.,"A",.,"A",500,"D",.,"A",.,"A",.,"A",.,"A",.,"A",.,"A",200,"D",.,"A",.,"A"
"20104",2233823,48,0,"1",.,"A",.,"A",.,"A",.,"A",.,"A",.,"A",1365,"D",.,"A",.,"A",.,"A",.,"A",.,"A",.,"A",.,"A",.,"A"
"20104",2233834,48,0,"1",.,"A",.,"A",.,"A",.,"A",.,"A",.,"A",.,"A",325,"F",.,"A",.,"A",.,"A",.,"A",100,"D",.,"A",.,"A"
"20104",2233914,44,0,"1",.,"A",.,"A",.,"A",.,"A",.,"A",.,"A",.,"A",.,"A",.,"A",.,"A",.,"A",.,"A",30,"D",.,"A",.,"A"
"20104",2233954,39,0,"1",.,"A",.,"A",.,"A",.,"A",.,"A",.,"A",.,"A",.,"A",.,"A",.,"A",.,"A",.,"A",.,"A",.,"A",.,"A"
"20104",2233973,50,0,"1",.,"A",.,"A",.,"A",.,"A",.,"A",.,"A",.,"A",.,"A",.,"A",.,"A",.,"A",.,"A",140,"D",.,"A",.,"A"
"20104",2233984,59,0,"1",.,"A",.,"A",.,"A",.,"A",.,"A",.,"A",.,"A",.,"A",.,"A",.,"A",.,"A",.,"A",120,"D",.,"A",.,"A"
"20104",2234003,53,0,"1",.,"A",.,"A",.,"A",.,"A",.,"A",.,"A",.,"A",.,"A",.,"A",.,"A",.,"A",.,"A",60,"D",.,"A",.,"A"
"20104",2234043,36,0,"1",.,"A",.,"A",.,"A",.,"A",.,"A",.,"A",.,"A",.,"A",.,"A",.,"A",.,"A",.,"A",35,"D",.,"A",.,"A"
"20104",2234053,51,0,"1",.,"A",.,"A",.,"A",.,"A",.,"A",.,"A",.,"A",.,"A",.,"A",.,"A",.,"A",.,"A",65,"D",.,"A",.,"A"
"20104",2234073,44,0,"1",.,"A",.,"A",.,"A",.,"A",.,"A",.,"A",.,"A",.,"A",.,"A",.,"A",.,"A",.,"A",.,"A",.,"A",.,"A"
"20104",2234084,83,0,"1",.,"A",.,"A",.,"A",.,"A",.,"A",.,"A",.,"A",.,"A",.,"A",12,"D",0,"D",0,"D",155,"D",4,"D",.,"A"
"20104",2234113,54,0,"1",.,"A",.,"A",.,"A",.,"A",.,"A",.,"A",.,"A",.,"A",.,"A",.,"A",.,"A",.,"A",.,"A",.,"A",.,"A"
"20104",2234123,34,0,"1",.,"A",.,"A",.,"A",.,"A",.,"A",.,"A",.,"A",.,"A",.,"A",.,"A",.,"A",.,"A",.,"A",.,"A",.,"A"
"20104",2234143,45,0,"1",.,"A",.,"A",.,"A",.,"A",.,"A",.,"A",780,"D",.,"A",.,"A",.,"A",.,"A",.,"A",.,"A",.,"A",.,"A"
"20104",2234243,69,0,"1",.,"A",.,"A",.,"A",.,"A",.,"A",20,"D",.,"A",.,"A",.,"A",.,"A",.,"A",.,"A",40,"D",.,"A",.,"A"
"20104",2234264,126,0,"1",.,"A",.,"A",.,"A",.,"A",.,"A",60,"D",.,"A",.,"A",.,"A",.,"A",.,"A",.,"A",200,"D",.,"A",.,"A"
"20104",2234273,70,0,"1",.,"A",.,"A",.,"A",.,"A",.,"A",.,"A",.,"A",.,"A",.,"A",.,"A",.,"A",.,"A",.,"A",.,"A",.,"A"
"20104",2234283,61,0,"1",.,"A",.,"A",.,"A",.,"A",.,"A",.,"A",.,"A",.,"A",27,"D",.,"A",.,"A",.,"A",60,"D",.,"A",.,"A"
"20104",2234313,75,0,"1",.,"A",.,"A",.,"A",.,"A",.,"A",12,"D",.,"A",.,"A",156,"D",.,"A",.,"A",.,"A",272,"D",.,"A",.,"A"
"20104",2234325,26,0,"1",.,"A",.,"A",.,"A",.,"A",.,"A",.,"A",.,"A",.,"A",.,"A",.,"A",.,"A",.,"A",20,"D",.,"A",.,"A"
"20104",2234374,41,0,"1",.,"A",.,"A",.,"A",.,"A",.,"A",.,"A",.,"A",.,"A",.,"A",.,"A",.,"A",.,"A",.,"A",.,"A",.,"A"
"20104",2234383,42,0,"1",.,"A",.,"A",.,"A",.,"A",.,"A",.,"A",.,"A",.,"A",15,"D",.,"A",.,"A",.,"A",.,"A",.,"A",.,"A"
"20104",2234394,49,0,"1",.,"A",.,"A",.,"A",.,"A",.,"A",.,"A",.,"A",.,"A",.,"A",.,"A",.,"A",.,"A",40,"D",.,"A",.,"A"
"20104",2234414,104,0,"1",.,"A",.,"A",.,"A",35,"D",.,"A",355,"D",.,"A",.,"A",.,"A",.,"A",.,"A",.,"A",678,"D",.,"A",.,"A"
"20104",2234423,58,0,"1",.,"A",.,"A",.,"A",.,"A",.,"A",.,"A",.,"A",.,"A",.,"A",.,"A",.,"A",.,"A",285,"D",.,"A",.,"A"
"20104",2234445,28,0,"1",.,"A",.,"A",.,"A",.,"A",.,"A",.,"A",.,"A",.,"A",.,"A",.,"A",.,"A",.,"A",.,"A",.,"A",.,"A"
"20104",2234503,64,0,"1",.,"A",.,"A",.,"A",.,"A",.,"A",.,"A",.,"A",.,"A",.,"A",0,"D",0,"D",18,"D",35,"D",0,"D",.,"A"
"20104",2234524,55,0,"1",.,"A",.,"A",.,"A",.,"A",.,"A",.,"A",.,"A",.,"A",.,"A",.,"A",.,"A",.,"A",.,"A",.,"A",.,"A"
"20104",2234534,43,0,"1",.,"A",.,"A",.,"A",.,"A",.,"A",.,"A",.,"A",.,"A",.,"A",.,"A",.,"A",.,"A",30,"F",.,"A",.,"A"
"20104",2234624,23,0,"1",.,"A",.,"A",.,"A",.,"A",.,"A",.,"A",.,"A",.,"A",.,"A",156,"F",0,"D",150,"F",.,"A",.,"C",.,"A"
"20104",2234633,34,0,"1",.,"A",.,"A",.,"A",.,"A",.,"A",.,"A",.,"A",.,"A",.,"A",.,"A",.,"A",.,"A",.,"A",.,"A",.,"A"
"20104",2234643,76,0,"1",.,"A",.,"A",.,"A",.,"A",.,"A",.,"A",.,"A",.,"A",.,"A",0,"D",0,"D",45,"D",90,"D",0,"D",.,"A"
"20104",2234653,40,0,"1",.,"A",.,"A",.,"A",.,"A",.,"A",.,"A",.,"A",.,"A",.,"A",.,"A",.,"A",.,"A",15,"D",.,"A",.,"A"
"20104",2234674,38,0,"1",.,"A",.,"A",.,"A",.,"A",.,"A",.,"A",.,"A",.,"A",.,"A",.,"A",.,"A",.,"A",.,"A",.,"A",.,"A"
"20104",2234684,30,0,"1",.,"A",.,"A",.,"A",.,"A",.,"A",.,"A",.,"A",.,"A",.,"A",.,"A",.,"A",.,"A",.,"A",.,"A",.,"A"
"20104",2234694,39,0,"1",.,"A",.,"A",.,"A",.,"A",.,"A",.,"A",.,"A",.,"A",.,"A",.,"A",.,"A",.,"A",45,"D",.,"A",.,"A"
"20104",2234713,52,0,"1",.,"A",.,"A",.,"A",.,"A",.,"A",.,"A",.,"A",.,"A",.,"A",.,"A",.,"A",.,"A",.,"A",.,"A",.,"A"
"20104",2234753,47,0,"1",.,"A",.,"A",.,"A",.,"A",.,"A",.,"A",195,"D",.,"A",30,"D",.,"A",.,"A",.,"A",45,"D",.,"A",.,"A"
"20104",2234774,29,0,"1",.,"A",.,"A",.,"A",.,"A",.,"A",.,"A",65,"D",.,"A",.,"A",.,"A",.,"A",.,"A",.,"A",.,"A",.,"A"
"20104",2234784,50,0,"1",.,"A",.,"A",.,"A",.,"A",.,"A",.,"A",208,"D",.,"A",.,"A",.,"A",.,"A",.,"A",.,"A",.,"A",.,"A"
"20104",2234813,46,0,"1",.,"A",.,"A",.,"A",.,"A",.,"A",.,"A",.,"A",.,"A",.,"A",.,"A",.,"A",.,"A",.,"A",.,"A",.,"A"
"20104",2234823,84,0,"1",.,"A",.,"A",.,"A",.,"A",.,"A",90,"D",.,"A",.,"A",.,"A",.,"A",.,"A",.,"A",255,"D",.,"A",.,"A"
"20104",2234873,37,0,"1",.,"A",.,"A",.,"A",.,"A",.,"A",.,"A",.,"A",.,"A",.,"A",.,"A",.,"A",.,"A",.,"A",.,"A",.,"A"
"20104",2234884,100,0,"1",.,"A",.,"A",.,"A",.,"A",.,"A",90,"D",.,"A",.,"A",30,"D",.,"A",.,"A",.,"A",150,"D",.,"A",.,"A"
"20104",2234903,51,0,"1",.,"A",.,"A",.,"A",.,"A",.,"A",.,"A",520,"D",.,"A",.,"A",.,"A",.,"A",.,"A",120,"D",.,"A",.,"A"
"20104",2234983,44,0,"1",.,"A",.,"A",.,"A",.,"A",.,"A",12,"D",.,"A",.,"A",.,"A",.,"A",.,"A",.,"A",30,"D",.,"A",.,"A"
"20104",2234993,99,0,"1",.,"A",.,"A",.,"A",.,"A",5,"D",.,"A",.,"A",.,"A",3,"D",.,"A",.,"A",.,"A",.,"A",.,"A",.,"A"
"20104",2235014,71,0,"1",.,"A",.,"A",.,"A",300,"D",.,"A",.,"A",.,"A",.,"A",.,"A",.,"A",.,"A",.,"A",.,"A",.,"A",.,"A"
"20104",2235024,40,0,"1",.,"A",.,"A",.,"A",.,"A",.,"A",.,"A",.,"A",.,"A",.,"A",.,"A",.,"A",.,"A",20,"D",.,"A",.,"A"
"20104",2235034,46,0,"1",.,"A",.,"A",.,"A",165,"D",.,"A",.,"A",.,"A",.,"A",.,"A",.,"A",.,"A",.,"A",.,"A",.,"A",.,"A"
"20104",2235045,42,0,"1",.,"A",.,"A",.,"A",.,"A",.,"A",10,"D",.,"A",.,"A",.,"A",.,"A",.,"A",.,"A",.,"A",.,"A",.,"A"
"20104",2235055,47,0,"1",.,"A",.,"A",.,"A",.,"A",.,"A",.,"A",78,"D",.,"A",.,"A",.,"A",.,"A",.,"A",320,"D",.,"A",.,"A"
"20104",2235063,48,0,"1",.,"A",.,"A",.,"A",.,"A",.,"A",.,"A",.,"A",78,"D",.,"A",.,"A",.,"A",.,"A",65,"D",.,"A",.,"A"
"20104",2235104,59,0,"1",.,"A",.,"A",.,"A",.,"A",.,"A",1200,"D",910,"D",.,"A",.,"A",.,"A",.,"A",.,"A",730,"D",.,"A",.,"A"
"20104",2235113,39,0,"1",.,"A",.,"A",.,"A",.,"A",.,"A",.,"A",.,"A",.,"A",.,"A",.,"A",.,"A",.,"A",40,"D",.,"A",.,"A"
"20104",2235134,61,0,"1",.,"A",.,"A",.,"A",.,"A",.,"A",.,"A",520,"D",.,"A",.,"A",0,"D",0,"D",30,"D",.,"A",0,"D",.,"A"
"20104",2235143,80,0,"1",.,"A",.,"A",.,"A",.,"A",.,"A",90,"D",.,"A",.,"A",300,"D",177,"D",0,"D",0,"D",400,"D",59,"D",.,"A"
"20104",2235154,58,0,"1",.,"A",.,"A",.,"A",.,"A",.,"A",.,"A",.,"A",.,"A",.,"A",.,"A",.,"A",.,"A",230,"D",.,"A",.,"A"
"20104",2235194,33,0,"1",.,"A",.,"A",.,"A",.,"A",.,"A",.,"A",.,"A",.,"A",.,"A",.,"A",.,"A",.,"A",40,"D",.,"A",.,"A"
"20104",2235213,42,0,"1",.,"A",.,"A",.,"A",.,"A",.,"A",.,"A",.,"A",.,"A",.,"A",.,"A",.,"A",.,"A",289,"D",.,"A",.,"A"
"20104",2235263,40,0,"1",.,"A",.,"A",.,"A",.,"A",.,"A",.,"A",.,"A",.,"A",.,"A",.,"A",.,"A",.,"A",.,"A",.,"A",.,"A"
"20104",2235284,53,0,"1",.,"A",.,"A",.,"A",.,"A",.,"A",50,"D",.,"A",.,"A",.,"A",.,"A",.,"A",.,"A",100,"D",.,"A",.,"A"
"20104",2235304,58,0,"1",.,"A",.,"A",.,"A",.,"A",.,"A",.,"A",.,"A",.,"A",.,"A",.,"A",.,"A",.,"A",20,"D",.,"A",.,"A"
"20104",2235323,34,0,"1",.,"A",.,"A",.,"A",.,"A",300,"D",.,"A",.,"A",.,"A",.,"A",.,"A",.,"A",.,"A",.,"A",.,"A",.,"A"
"20104",2235334,41,0,"1",75,"D",.,"A",.,"A",.,"A",75,"D",150,"D",.,"A",.,"A",18,"F",300,"D",0,"D",0,"D",200,"D",100,"D",.,"A"
"20104",2235413,45,0,"1",.,"A",.,"A",.,"A",.,"A",.,"A",.,"A",.,"A",.,"A",.,"A",.,"A",.,"A",.,"A",80,"D",.,"A",.,"A"
"20104",2235433,51,0,"1",.,"A",.,"A",.,"A",.,"A",.,"A",.,"A",260,"D",.,"A",.,"A",9,"D",0,"D",0,"D",20,"D",3,"D",.,"A"
"20104",2235444,38,0,"1",256,"D",.,"A",.,"A",.,"A",644,"D",.,"A",.,"A",.,"A",900,"D",.,"A",.,"A",.,"A",200,"D",.,"A",.,"A"
"20104",2235453,117,0,"1",.,"A",.,"A",.,"A",.,"A",.,"A",150,"D",.,"A",.,"A",.,"A",.,"A",.,"A",.,"A",375,"D",.,"A",.,"A"
"20104",2235473,47,0,"1",.,"A",.,"A",.,"A",.,"A",.,"A",.,"A",.,"A",.,"A",.,"A",.,"A",.,"A",.,"A",.,"A",.,"A",.,"A"
"20104",2235483,46,0,"1",.,"A",.,"A",.,"A",.,"A",.,"A",.,"A",.,"A",.,"A",.,"A",.,"A",.,"A",.,"A",120,"D",.,"A",.,"A"
"20104",2235514,36,0,"1",.,"A",.,"A",.,"A",.,"A",120,"D",.,"A",.,"A",.,"A",.,"A",.,"A",.,"A",.,"A",.,"A",.,"A",.,"A"
"20104",2235533,36,0,"1",.,"A",.,"A",.,"A",.,"A",.,"A",.,"A",.,"A",.,"A",.,"A",.,"A",.,"A",.,"A",.,"A",.,"A",.,"A"
"20104",2235554,26,0,"1",.,"A",.,"A",.,"A",.,"A",.,"A",.,"A",156,"D",.,"A",.,"A",.,"A",.,"A",.,"A",.,"A",.,"A",.,"A"
"20104",2235574,47,0,"1",.,"A",.,"A",.,"A",.,"A",.,"A",.,"A",.,"A",.,"A",.,"A",.,"A",.,"A",.,"A",50,"D",.,"A",.,"A"
"20104",2235593,31,0,"1",.,"A",.,"A",.,"A",.,"A",45,"D",.,"A",.,"A",.,"A",.,"A",.,"A",.,"A",.,"A",.,"A",.,"A",.,"A"
"20104",2235643,45,0,"1",.,"A",.,"A",.,"A",.,"A",.,"A",.,"A",.,"A",.,"A",.,"A",.,"A",.,"A",.,"A",200,"D",.,"A",.,"A"
"20104",2235704,48,0,"1",.,"A",.,"A",.,"A",.,"A",.,"A",.,"A",.,"A",.,"A",.,"A",.,"A",.,"A",.,"A",75,"D",.,"A",.,"A"
"20104",2235724,48,0,"1",.,"A",.,"A",.,"A",.,"A",35,"D",125,"D",.,"A",.,"A",.,"A",555,"D",0,"D",0,"D",145,"D",185,"D",.,"A"
"20104",2235744,71,0,"1",.,"A",.,"A",.,"A",.,"A",.,"A",120,"D",.,"A",.,"A",.,"A",.,"A",.,"A",.,"A",300,"D",.,"A",.,"A"
"20104",2235753,38,0,"1",.,"A",.,"A",.,"A",.,"A",210,"D",.,"A",130,"D",130,"D",.,"A",.,"A",.,"A",.,"A",60,"D",.,"A",.,"A"
"20104",2235764,31,0,"1",.,"A",.,"A",.,"A",.,"A",.,"A",.,"A",.,"A",.,"A",.,"A",.,"A",.,"A",.,"A",.,"A",.,"A",.,"A"
"20104",2235783,57,0,"1",.,"A",.,"A",.,"A",.,"A",.,"A",.,"A",.,"A",.,"A",36,"D",.,"A",.,"A",.,"A",.,"A",.,"A",.,"A"
"20104",2235793,39,0,"1",.,"A",.,"A",.,"A",.,"A",.,"A",.,"A",325,"D",.,"A",.,"A",.,"A",.,"A",.,"A",.,"A",.,"A",.,"A"
"20104",2235834,49,0,"1",.,"A",.,"A",.,"A",.,"A",.,"A",40,"D",.,"A",.,"A",.,"A",.,"A",.,"A",.,"A",180,"D",.,"A",.,"A"
"20104",2235844,40,0,"1",.,"A",.,"A",.,"A",.,"A",.,"A",.,"A",.,"A",.,"A",.,"A",.,"A",.,"A",.,"A",50,"D",.,"A",.,"A"
"20104",2235854,31,0,"1",.,"A",.,"A",.,"A",.,"A",.,"A",.,"A",.,"A",91,"D",.,"A",.,"A",.,"A",.,"A",.,"A",.,"A",.,"A"
"20104",2235913,50,0,"1",.,"A",.,"A",.,"A",.,"A",.,"A",.,"A",.,"A",.,"A",.,"A",.,"A",.,"A",.,"A",75,"D",.,"A",.,"A"
"20104",2235993,59,0,"1",.,"A",.,"A",.,"A",.,"A",.,"A",.,"A",.,"A",.,"A",.,"A",.,"A",.,"A",.,"A",.,"A",.,"A",.,"A"
"20104",2236054,39,0,"1",.,"A",.,"A",.,"A",.,"A",.,"A",.,"A",.,"A",.,"A",.,"A",.,"A",.,"A",.,"A",12,"D",.,"A",.,"A"
"20104",2236064,29,0,"1",.,"A",.,"A",.,"A",10,"F",20,"F",12,"D",.,"A",.,"A",.,"A",120,"F",0,"D",0,"D",30,"D",.,"C",.,"A"
"20104",2236093,48,0,"1",.,"A",.,"A",.,"A",.,"A",.,"A",10,"D",260,"D",52,"D",.,"A",.,"A",.,"A",.,"A",45,"D",.,"A",.,"A"
"20104",2236113,57,0,"1",.,"A",.,"A",.,"A",.,"A",.,"A",.,"A",.,"A",.,"A",.,"A",.,"A",.,"A",.,"A",50,"D",.,"A",.,"A"
"20104",2236133,68,0,"1",.,"A",.,"A",.,"A",.,"A",.,"A",69,"D",.,"A",.,"A",.,"A",.,"A",.,"A",.,"A",10,"D",.,"A",.,"A"
"20104",2236144,41,0,"1",.,"A",.,"A",.,"A",.,"A",.,"A",.,"A",.,"A",.,"A",.,"A",.,"A",.,"A",.,"A",.,"A",.,"A",.,"A"
"20104",2236173,33,0,"1",.,"A",.,"A",.,"A",.,"A",40,"D",.,"A",.,"A",.,"A",.,"A",.,"A",.,"A",.,"A",.,"A",.,"A",.,"A"
"20104",2236184,48,0,"1",.,"A",.,"A",.,"A",.,"A",.,"A",.,"A",.,"A",.,"A",.,"A",.,"A",.,"A",.,"A",.,"A",.,"A",.,"A"
"20104",2236193,37,0,"1",.,"A",.,"A",.,"A",.,"A",.,"A",.,"A",520,"D",.,"A",.,"A",0,"D",0,"D",0,"D",.,"A",0,"D",.,"A"
"20104",2236204,70,0,"1",.,"A",.,"A",.,"A",.,"A",.,"A",.,"A",.,"A",.,"A",.,"A",.,"A",.,"A",.,"A",5,"D",.,"A",.,"A"
"20104",2236233,60,0,"1",.,"A",.,"A",.,"A",.,"A",.,"A",.,"A",.,"A",.,"A",.,"A",.,"A",.,"A",.,"A",.,"A",.,"A",.,"A"
"20104",2236244,85,0,"1",.,"A",.,"A",.,"A",.,"A",10,"D",.,"A",.,"A",.,"A",.,"A",.,"A",.,"A",.,"A",300,"D",.,"A",.,"A"
"20104",2236254,58,0,"1",.,"A",.,"A",.,"A",.,"A",.,"A",.,"A",.,"A",.,"A",.,"A",.,"A",.,"A",.,"A",150,"D",.,"A",.,"A"
"20104",2236263,75,0,"1",.,"A",.,"A",.,"A",.,"A",.,"A",50,"D",.,"A",169,"D",.,"A",.,"A",.,"A",.,"A",185,"D",.,"A",.,"A"
"20104",2236274,23,0,"1",.,"A",.,"A",.,"A",.,"A",.,"A",.,"A",.,"A",.,"A",.,"A",.,"A",.,"A",.,"A",.,"A",.,"A",.,"A"
"20104",2236333,54,0,"1",.,"A",.,"A",.,"A",.,"A",170,"D",.,"A",195,"D",.,"A",.,"A",.,"A",.,"A",.,"A",.,"A",.,"A",.,"A"
"20104",2236343,48,0,"1",.,"A",.,"A",.,"A",.,"A",.,"A",.,"A",299,"D",.,"A",.,"A",.,"A",.,"A",.,"A",15,"D",.,"A",.,"A"
"20104",2236363,64,0,"1",.,"A",.,"A",.,"A",.,"A",.,"A",.,"A",.,"A",.,"A",.,"A",.,"A",.,"A",.,"A",50,"D",.,"A",.,"A"
"20104",2236394,42,0,"1",.,"A",.,"A",.,"A",.,"A",.,"A",.,"A",.,"A",.,"A",.,"A",.,"A",.,"A",.,"A",.,"A",.,"A",.,"A"
"20104",2236414,65,0,"1",.,"A",.,"A",.,"A",.,"A",.,"A",.,"A",.,"A",.,"A",30,"D",.,"A",.,"A",.,"A",15,"D",.,"A",.,"A"
"20104",2236423,94,0,"1",.,"A",.,"A",.,"A",.,"A",.,"A",.,"A",390,"D",.,"A",.,"A",.,"A",.,"A",.,"A",.,"A",.,"A",.,"A"
"20104",2236464,61,0,"1",.,"A",.,"A",.,"A",.,"A",.,"A",.,"A",.,"A",.,"A",.,"A",.,"A",.,"A",.,"A",125,"D",.,"A",.,"A"
"20104",2236473,26,0,"1",9,"D",.,"A",.,"A",.,"A",21,"D",.,"A",.,"A",.,"A",.,"A",0,"D",0,"D",48,"D",.,"A",0,"D",.,"A"
"20104",2236544,83,0,"1",.,"A",.,"A",.,"A",.,"A",.,"A",.,"A",.,"A",.,"A",.,"A",.,"A",.,"A",.,"A",.,"A",.,"A",.,"A"
"20104",2236553,48,0,"1",.,"A",.,"A",.,"A",.,"A",.,"A",40,"D",.,"A",.,"A",.,"A",.,"A",.,"A",.,"A",60,"D",.,"A",.,"A"
"20104",2236593,50,0,"1",.,"A",.,"A",.,"A",.,"A",.,"A",.,"A",.,"A",.,"A",.,"A",.,"A",.,"A",.,"A",.,"A",.,"A",.,"A"
"20104",2236613,60,0,"1",.,"A",.,"A",.,"A",.,"A",.,"A",.,"A",.,"A",.,"A",.,"A",.,"A",.,"A",.,"A",75,"D",.,"A",.,"A"
"20104",2236624,47,0,"1",.,"A",.,"A",.,"A",.,"A",.,"A",.,"A",.,"A",.,"A",.,"A",.,"A",.,"A",.,"A",50,"D",.,"A",.,"A"
"20104",2236664,34,0,"1",.,"A",.,"A",.,"A",.,"A",300,"D",.,"A",.,"A",.,"A",.,"A",.,"A",.,"A",.,"A",.,"A",.,"A",.,"A"
"20104",2236723,78,0,"1",.,"A",.,"A",.,"A",.,"A",.,"A",.,"A",.,"A",.,"A",.,"A",.,"A",.,"A",.,"A",25,"D",.,"A",.,"A"
"20104",2236784,58,0,"1",.,"A",.,"A",.,"A",.,"A",.,"A",.,"A",.,"A",.,"A",.,"A",.,"A",.,"A",.,"A",.,"A",.,"A",.,"A"
"20104",2236804,42,0,"1",.,"A",.,"A",.,"A",.,"A",.,"A",.,"A",.,"A",.,"A",.,"A",.,"A",.,"A",.,"A",90,"D",.,"A",.,"A"
"20104",2236914,42,0,"1",.,"A",.,"A",.,"A",.,"A",.,"A",.,"A",.,"A",.,"A",.,"A",.,"A",.,"A",.,"A",160,"D",.,"A",.,"A"
"20104",2236944,42,0,"1",.,"A",.,"A",.,"A",.,"A",.,"A",.,"A",390,"D",.,"A",.,"A",.,"A",.,"A",.,"A",50,"D",.,"A",.,"A"
"20104",2236963,70,0,"1",.,"A",.,"A",.,"A",.,"A",.,"A",.,"A",.,"A",.,"A",.,"A",.,"A",.,"A",.,"A",.,"A",.,"A",.,"A"
"20104",2236973,60,0,"1",.,"A",.,"A",.,"A",.,"A",.,"A",.,"A",.,"A",.,"A",.,"A",.,"A",.,"A",.,"A",75,"D",.,"A",.,"A"
"20104",2236994,81,0,"1",.,"A",.,"A",.,"A",.,"A",.,"A",.,"A",.,"A",.,"A",.,"A",.,"A",.,"A",.,"A",.,"A",.,"A",.,"A"
"20104",2237013,53,0,"1",.,"A",.,"A",.,"A",.,"A",.,"A",.,"A",520,"D",.,"A",.,"A",.,"A",.,"A",.,"A",150,"D",.,"A",.,"A"
"20104",2237023,70,0,"1",.,"A",.,"A",.,"A",.,"A",.,"A",.,"A",.,"A",.,"A",.,"A",.,"A",.,"A",.,"A",45,"D",.,"A",.,"A"
"20104",2237044,59,0,"1",.,"A",.,"A",.,"A",.,"A",.,"A",.,"A",.,"A",.,"A",.,"A",.,"A",.,"A",.,"A",200,"D",.,"A",.,"A"
"20104",2237084,52,0,"1",.,"A",.,"A",.,"A",.,"A",.,"A",.,"A",650,"D",.,"A",.,"A",.,"A",.,"A",.,"A",60,"D",.,"A",.,"A"
"20104",2237114,69,0,"1",.,"A",.,"A",.,"A",.,"A",.,"A",.,"A",910,"D",.,"A",.,"A",.,"A",.,"A",.,"A",50,"D",.,"A",.,"A"
"20104",2237124,55,0,"1",.,"A",.,"A",30,"D",.,"A",.,"A",.,"A",.,"A",.,"A",24,"D",.,"A",.,"A",.,"A",.,"A",.,"A",.,"A"
"20104",2237153,27,0,"1",.,"A",.,"A",.,"A",.,"A",240,"D",.,"A",.,"A",.,"A",.,"A",0,"D",60,"D",0,"D",.,"A",0,"D",.,"A"
"20104",2237165,30,0,"1",.,"A",.,"A",.,"A",.,"A",.,"A",.,"A",.,"A",.,"A",.,"A",.,"A",.,"A",.,"A",.,"A",.,"A",.,"A"
"20104",2237174,28,0,"1",.,"A",.,"A",.,"A",.,"A",.,"A",.,"A",390,"D",.,"A",.,"A",.,"A",.,"A",.,"A",.,"A",.,"A",.,"A"
"20104",2237183,38,0,"1",.,"A",.,"A",.,"A",.,"A",.,"A",.,"A",.,"A",.,"A",.,"A",.,"A",.,"A",.,"A",45,"D",.,"A",.,"A"
"20104",2237214,54,0,"1",.,"A",.,"A",.,"A",.,"A",.,"A",.,"A",.,"A",.,"A",.,"A",.,"A",.,"A",.,"A",100,"D",.,"A",.,"A"
"20104",2237234,66,0,"1",.,"A",12,"D",.,"A",.,"A",.,"A",0,"D",13,"D",.,"A",.,"A",.,"A",.,"A",.,"A",466,"D",.,"A",.,"A"
"20104",2237273,21,0,"1",.,"A",.,"A",.,"A",.,"A",120,"D",.,"A",1560,"D",.,"A",.,"A",.,"A",.,"A",.,"A",.,"A",.,"A",.,"A"
"20104",2237333,90,0,"1",.,"A",10,"D",.,"A",.,"A",.,"A",140,"D",.,"A",.,"A",.,"A",.,"A",.,"A",.,"A",215,"D",.,"A",.,"A"
"20104",2237363,51,0,"1",.,"A",.,"A",.,"A",.,"A",.,"A",.,"A",312,"D",.,"A",.,"A",.,"A",.,"A",.,"A",19,"D",.,"A",.,"A"
"20104",2237374,57,0,"1",.,"A",.,"A",.,"A",.,"A",.,"A",120,"D",.,"A",.,"A",.,"A",.,"A",.,"A",.,"A",120,"D",.,"A",.,"A"
"20104",2237414,38,0,"1",.,"A",.,"A",.,"A",.,"A",.,"A",.,"A",.,"A",.,"A",.,"A",.,"A",.,"A",.,"A",.,"A",.,"A",.,"A"
"20104",2237443,60,0,"1",.,"A",.,"A",.,"A",.,"A",.,"A",.,"A",650,"D",.,"A",.,"A",.,"A",.,"A",.,"A",.,"A",.,"A",.,"A"
"20104",2237464,45,0,"1",.,"A",.,"A",.,"A",.,"A",.,"A",.,"A",.,"A",.,"A",24,"D",.,"A",.,"A",.,"A",60,"D",.,"A",.,"A"
"20104",2237514,53,0,"1",.,"A",.,"A",.,"A",.,"A",.,"A",.,"A",.,"A",.,"A",.,"A",.,"A",.,"A",.,"A",100,"D",.,"A",.,"A"
"20104",2237523,53,0,"1",.,"A",.,"A",.,"A",.,"A",.,"A",.,"A",.,"A",.,"A",.,"A",.,"A",.,"A",.,"A",.,"A",.,"A",.,"A"
"20104",2237534,47,0,"1",.,"A",.,"A",.,"A",.,"A",.,"A",.,"A",.,"A",.,"A",.,"A",.,"A",.,"A",.,"A",.,"A",.,"A",.,"A"
"20104",2237563,51,0,"1",.,"A",.,"A",.,"A",.,"A",.,"A",.,"A",.,"A",.,"A",.,"A",.,"A",.,"A",.,"A",20,"D",.,"A",.,"A"
"20104",2237574,48,0,"1",.,"A",.,"A",.,"A",.,"A",80,"D",.,"A",78,"D",52,"D",.,"A",.,"A",.,"A",.,"A",.,"A",.,"A",.,"A"
"20104",2237594,36,0,"1",.,"A",.,"A",.,"A",.,"A",.,"A",.,"A",.,"A",.,"A",.,"A",.,"A",.,"A",.,"A",.,"A",.,"A",.,"A"
"20104",2237604,33,0,"1",.,"A",.,"A",.,"A",.,"A",.,"A",.,"A",.,"A",.,"A",.,"A",.,"A",.,"A",.,"A",.,"A",.,"A",.,"A"
"20104",2237623,37,0,"1",.,"A",.,"A",.,"A",.,"A",.,"A",.,"A",.,"A",.,"A",.,"A",.,"A",.,"A",.,"A",.,"A",.,"A",.,"A"
"20104",2237653,40,0,"1",10,"D",.,"A",.,"A",.,"A",50,"D",.,"A",.,"A",.,"A",.,"A",.,"A",.,"A",.,"A",.,"A",.,"A",.,"A"
"20104",2237664,75,0,"1",.,"A",.,"A",.,"A",.,"A",.,"A",.,"A",.,"A",.,"A",.,"A",.,"A",.,"A",.,"A",.,"A",.,"A",.,"A"
"20104",2237693,53,0,"1",.,"A",.,"A",.,"A",.,"A",.,"A",.,"A",.,"A",.,"A",.,"A",.,"A",.,"A",.,"A",70,"D",.,"A",.,"A"
"20104",2237704,48,0,"1",.,"A",.,"A",.,"A",.,"A",.,"A",.,"A",.,"A",.,"A",.,"A",.,"A",.,"A",.,"A",44,"D",.,"A",.,"A"
"20104",2237723,23,0,"1",.,"A",.,"A",.,"A",.,"A",.,"A",.,"A",.,"A",.,"A",.,"A",.,"A",.,"A",.,"A",.,"A",.,"A",.,"A"
"20104",2237744,25,0,"1",.,"A",.,"A",.,"A",.,"A",.,"A",.,"A",.,"A",.,"A",.,"A",.,"A",.,"A",.,"A",45,"D",.,"A",.,"A"
"20104",2237754,98,0,"1",.,"A",.,"A",.,"A",.,"A",.,"A",.,"A",.,"A",.,"A",.,"A",.,"A",.,"A",.,"A",67,"D",.,"A",.,"A"
"20104",2237764,65,0,"1",.,"A",.,"A",.,"A",.,"A",.,"A",.,"A",1040,"D",.,"A",.,"A",.,"A",.,"A",.,"A",150,"D",.,"A",.,"A"
"20104",2237774,42,0,"1",.,"A",.,"A",.,"A",.,"A",.,"A",150,"D",.,"A",.,"A",.,"A",.,"A",.,"A",.,"A",.,"A",.,"A",.,"A"
"20104",2237813,44,0,"1",.,"A",.,"A",.,"A",.,"A",.,"A",.,"A",.,"A",.,"A",.,"A",.,"A",.,"A",.,"A",.,"A",.,"A",.,"A"
"20104",2237834,74,0,"1",.,"A",.,"A",.,"A",.,"A",.,"A",150,"D",.,"A",65,"F",.,"A",.,"A",.,"A",.,"A",160,"D",.,"A",.,"A"
"20104",2237843,33,0,"1",.,"A",.,"A",.,"A",.,"A",.,"A",40,"D",.,"A",.,"A",.,"A",.,"A",.,"A",.,"A",118,"D",.,"A",.,"A"
"20104",2237874,42,0,"1",.,"A",.,"A",.,"A",50,"D",40,"D",.,"A",.,"A",.,"A",.,"A",90,"D",90,"D",45,"D",40,"D",30,"D",.,"A"
"20104",2237884,26,0,"1",.,"A",.,"A",.,"A",.,"A",30,"D",.,"A",.,"A",.,"A",.,"A",.,"A",.,"A",.,"A",.,"A",.,"A",.,"A"
"20104",2237924,36,0,"1",.,"A",.,"A",.,"A",.,"A",.,"A",35,"D",325,"D",.,"A",.,"A",.,"A",.,"A",.,"A",85,"D",.,"A",.,"A"
"20104",2237953,27,0,"1",.,"A",.,"A",.,"A",.,"A",.,"A",.,"A",.,"A",.,"A",.,"A",.,"A",.,"A",.,"A",.,"A",.,"A",.,"A"
"20104",2237983,35,0,"1",.,"A",.,"A",.,"A",.,"A",.,"A",.,"A",.,"A",.,"A",.,"A",.,"A",.,"A",.,"A",.,"A",.,"A",.,"A"
"20104",2237993,34,0,"1",.,"A",.,"A",.,"A",.,"A",.,"A",.,"A",.,"A",.,"A",.,"A",.,"A",.,"A",.,"A",.,"A",.,"A",.,"A"
"20104",2238023,68,0,"1",.,"A",.,"A",.,"A",.,"A",.,"A",.,"A",.,"A",.,"A",.,"A",.,"A",.,"A",.,"A",.,"A",.,"A",.,"A"
"20104",2238043,33,0,"1",.,"A",.,"A",.,"A",.,"A",.,"A",.,"A",.,"A",.,"A",.,"A",.,"A",.,"A",.,"A",100,"D",.,"A",.,"A"
"20104",2238054,24,0,"1",.,"A",.,"A",.,"A",10,"D",10,"D",.,"A",.,"A",.,"A",9,"D",90,"D",0,"D",0,"D",.,"A",30,"D",.,"A"
"20104",2238114,38,0,"1",.,"A",.,"A",.,"A",.,"A",.,"A",.,"A",.,"A",.,"A",.,"A",.,"A",.,"A",.,"A",.,"A",.,"A",.,"A"
"20104",2238194,62,0,"1",.,"A",.,"A",.,"A",.,"A",.,"A",.,"A",.,"A",.,"A",.,"A",.,"A",.,"A",.,"A",232,"D",.,"A",.,"A"
"20104",2238204,53,0,"1",.,"A",.,"A",.,"A",.,"A",.,"A",.,"A",.,"A",.,"A",.,"A",.,"A",.,"A",.,"A",.,"A",.,"A",.,"A"
"20104",2238223,43,0,"1",.,"A",.,"A",.,"A",.,"A",.,"A",.,"A",.,"A",260,"D",.,"A",.,"A",.,"A",.,"A",45,"D",.,"A",.,"A"
"20104",2238234,56,0,"1",.,"A",.,"A",.,"A",.,"A",.,"A",.,"A",.,"A",.,"A",.,"A",.,"A",.,"A",.,"A",150,"D",.,"A",.,"A"
"20104",2238254,37,0,"1",.,"A",.,"A",.,"A",.,"A",.,"A",.,"A",.,"A",.,"A",.,"A",.,"A",.,"A",.,"A",20,"D",.,"A",.,"A"
"20104",2238264,59,0,"1",.,"A",.,"A",.,"A",.,"A",.,"A",.,"A",.,"A",.,"A",.,"A",.,"A",.,"A",.,"A",200,"D",.,"A",.,"A"
"20104",2238284,37,0,"1",.,"A",.,"A",.,"A",.,"A",.,"A",.,"A",260,"D",65,"D",.,"A",.,"A",.,"A",.,"A",10,"D",.,"A",.,"A"
"20104",2238303,86,0,"1",.,"A",.,"A",.,"A",.,"A",.,"A",300,"D",.,"A",.,"A",.,"A",.,"A",.,"A",.,"A",600,"D",.,"A",.,"A"
"20104",2238314,61,0,"1",.,"A",.,"A",.,"A",.,"A",.,"A",.,"A",390,"D",.,"A",.,"A",.,"A",.,"A",.,"A",20,"D",.,"A",.,"A"
"20104",2238323,41,0,"1",.,"A",.,"A",.,"A",.,"A",.,"A",.,"A",260,"D",.,"A",.,"A",.,"A",.,"A",.,"A",.,"A",.,"A",.,"A"
"20104",2238423,45,0,"1",.,"A",.,"A",.,"A",.,"A",.,"A",.,"A",.,"A",.,"A",.,"A",.,"A",.,"A",.,"A",260,"D",.,"A",.,"A"
"20104",2238444,30,0,"1",.,"A",.,"A",.,"A",.,"A",.,"A",60,"D",.,"A",.,"A",30,"F",120,"D",0,"D",45,"D",240,"D",40,"D",.,"A"
"20104",2238453,34,0,"1",.,"A",.,"A",.,"A",.,"A",.,"A",.,"A",.,"A",.,"A",.,"A",.,"A",.,"A",.,"A",.,"A",.,"A",.,"A"
"20104",2238504,27,0,"1",.,"A",.,"A",.,"A",.,"A",300,"D",.,"A",.,"A",.,"A",.,"A",.,"A",.,"A",.,"A",30,"D",.,"A",.,"A"
"20104",2238544,24,0,"1",2,"D",.,"A",.,"A",.,"A",4,"D",.,"A",.,"A",.,"A",.,"A",90,"D",0,"D",0,"D",.,"A",30,"D",.,"A"
"20104",2238554,76,0,"1",.,"A",.,"A",.,"A",.,"A",.,"A",.,"A",.,"A",39,"D",30,"D",.,"A",.,"A",.,"A",.,"A",.,"A",.,"A"
"20104",2238565,58,0,"1",.,"A",.,"A",.,"A",.,"A",.,"A",.,"A",.,"A",.,"A",.,"A",.,"A",.,"A",.,"A",40,"D",.,"A",.,"A"
"20104",2238573,35,0,"1",.,"A",.,"A",.,"A",.,"A",.,"A",.,"A",.,"A",.,"A",.,"A",.,"A",.,"A",.,"A",.,"A",.,"A",.,"A"
"20104",2238583,67,0,"1",.,"A",.,"A",.,"A",.,"A",.,"A",50,"D",.,"A",.,"A",.,"A",.,"A",.,"A",.,"A",180,"D",.,"A",.,"A"
"20104",2238604,52,0,"1",.,"A",.,"A",.,"A",.,"A",.,"A",.,"A",.,"A",.,"A",.,"A",.,"A",.,"A",.,"A",120,"D",.,"A",.,"A"
"20104",2238623,41,0,"1",.,"A",.,"A",.,"A",.,"A",.,"A",.,"A",1300,"D",.,"A",.,"A",.,"A",.,"A",.,"A",195,"D",.,"A",.,"A"
"20104",2238704,83,0,"1",.,"A",.,"A",.,"A",.,"A",.,"A",.,"A",.,"A",.,"A",.,"A",.,"A",.,"A",.,"A",200,"D",.,"A",.,"A"
"20104",2238754,78,0,"1",.,"A",.,"A",.,"A",.,"A",.,"A",.,"A",.,"A",.,"A",.,"A",.,"A",.,"A",.,"A",450,"D",.,"A",.,"A"
"20104",2238794,50,0,"1",.,"A",.,"A",.,"A",.,"A",.,"A",.,"A",.,"A",.,"A",.,"A",.,"A",.,"A",.,"A",22,"D",.,"A",.,"A"
"20104",2238804,53,0,"1",.,"A",.,"A",.,"A",.,"A",.,"A",.,"A",.,"A",.,"A",.,"A",.,"A",.,"A",.,"A",60,"D",.,"A",.,"A"
"20104",2238814,62,0,"1",.,"A",.,"A",.,"A",.,"A",.,"A",.,"A",.,"A",.,"A",.,"A",.,"A",.,"A",.,"A",200,"D",.,"A",.,"A"
"20104",2238844,51,0,"1",.,"A",.,"A",.,"A",.,"A",.,"A",.,"A",.,"A",.,"A",.,"A",.,"A",.,"A",.,"A",216,"D",.,"A",.,"A"
"20104",2238864,50,0,"1",.,"A",.,"A",.,"A",.,"A",.,"A",.,"A",.,"A",.,"A",.,"A",.,"A",.,"A",.,"A",.,"A",.,"A",.,"A"
"20104",2238874,64,0,"1",.,"A",.,"A",.,"A",.,"A",.,"A",.,"A",.,"A",.,"A",.,"A",0,"D",0,"D",12,"D",80,"D",0,"D",.,"A"
"20104",2238883,41,0,"1",.,"A",.,"A",.,"A",.,"A",.,"A",.,"A",.,"A",.,"A",.,"A",.,"A",.,"A",.,"A",.,"A",.,"A",.,"A"
"20104",2238894,30,0,"1",.,"A",.,"A",.,"A",.,"A",.,"A",.,"A",.,"A",.,"A",.,"A",.,"A",.,"A",.,"A",.,"A",.,"A",.,"A"
"20104",2238903,38,0,"1",.,"A",.,"A",.,"A",.,"A",.,"A",.,"A",.,"A",.,"A",.,"A",.,"A",.,"A",.,"A",40,"D",.,"A",.,"A"
"20104",2238924,38,0,"1",.,"A",.,"A",.,"A",.,"A",.,"A",.,"A",715,"D",130,"D",.,"A",.,"A",.,"A",.,"A",.,"A",.,"A",.,"A"
"20104",2238943,71,0,"1",.,"A",.,"A",.,"A",.,"A",.,"A",.,"A",.,"A",.,"A",.,"A",.,"A",.,"A",.,"A",.,"A",.,"A",.,"A"
"20104",2238963,57,0,"1",.,"A",.,"A",.,"A",.,"A",.,"A",.,"A",.,"A",.,"A",.,"A",.,"A",.,"A",.,"A",.,"A",.,"A",.,"A"
"20104",2239004,78,0,"1",.,"A",.,"A",.,"A",.,"A",.,"A",.,"A",143,"D",.,"A",.,"A",.,"A",.,"A",.,"A",60,"D",.,"A",.,"A"
"20104",2239033,50,0,"1",.,"A",.,"A",.,"A",.,"A",.,"A",.,"A",.,"A",.,"A",.,"A",.,"A",.,"A",.,"A",60,"D",.,"A",.,"A"
"20104",2239043,27,0,"1",.,"A",.,"A",.,"A",.,"A",.,"A",.,"A",.,"A",.,"A",.,"A",243,"D",0,"D",0,"D",50,"D",81,"D",.,"A"
"20104",2239065,51,0,"1",.,"A",.,"A",.,"A",.,"A",.,"A",.,"A",.,"A",.,"A",.,"A",.,"A",.,"A",.,"A",.,"A",.,"A",.,"A"
"20104",2239094,56,0,"1",.,"A",.,"A",.,"A",.,"A",.,"A",.,"A",.,"A",.,"A",3,"D",.,"A",.,"A",.,"A",300,"D",.,"A",.,"A"
"20104",2239104,59,0,"1",.,"A",.,"A",.,"A",.,"A",.,"A",.,"A",650,"D",.,"A",.,"A",.,"A",.,"A",.,"A",.,"A",.,"A",.,"A"
"20104",2239234,62,0,"1",.,"A",.,"A",.,"A",.,"A",.,"A",.,"A",.,"A",.,"A",.,"A",0,"D",0,"D",120,"D",135,"D",0,"D",.,"A"
"20104",2239243,36,0,"1",.,"A",.,"A",.,"A",.,"A",.,"A",.,"A",.,"A",.,"A",.,"A",.,"A",.,"A",.,"A",400,"D",.,"A",.,"A"
"20104",2239254,43,0,"1",.,"A",.,"A",.,"A",.,"A",.,"A",.,"A",.,"A",.,"A",.,"A",.,"A",.,"A",.,"A",.,"A",.,"A",.,"A"
"20104",2239284,44,0,"1",.,"A",.,"A",.,"A",100,"D",.,"A",200,"D",.,"A",.,"A",.,"A",.,"A",.,"A",.,"A",300,"D",.,"A",.,"A"
"20104",2239294,21,0,"1",.,"A",.,"A",.,"A",.,"A",.,"A",.,"A",.,"A",.,"A",.,"A",.,"A",.,"A",.,"A",.,"A",.,"A",.,"A"
"20104",2239334,34,0,"1",.,"A",.,"A",.,"A",.,"A",.,"A",.,"A",.,"A",.,"A",.,"A",.,"A",.,"A",.,"A",.,"A",.,"A",.,"A"
"20104",2239344,42,0,"1",.,"A",.,"A",.,"A",.,"A",.,"A",.,"A",.,"A",.,"A",.,"A",.,"A",.,"A",.,"A",.,"A",.,"A",.,"A"
"20104",2239354,49,0,"1",.,"A",.,"A",.,"A",.,"A",.,"A",.,"A",.,"A",.,"A",.,"A",.,"A",.,"A",.,"A",.,"A",.,"A",.,"A"
"20104",2239374,69,0,"1",.,"A",.,"A",.,"A",.,"A",.,"A",.,"A",1170,"D",.,"A",.,"A",.,"A",.,"A",.,"A",.,"A",.,"A",.,"A"
"20104",2239394,33,0,"1",.,"A",.,"A",.,"A",.,"A",.,"A",.,"A",.,"A",.,"A",.,"A",.,"A",.,"A",.,"A",.,"A",.,"A",.,"A"
"20104",2239413,78,0,"1",.,"A",.,"A",.,"A",.,"A",.,"A",.,"A",.,"A",.,"A",.,"A",.,"A",.,"A",.,"A",222,"D",.,"A",.,"A"
"20104",2239453,61,0,"1",.,"A",.,"A",.,"A",.,"A",.,"A",.,"A",.,"A",.,"A",.,"A",.,"A",.,"A",.,"A",.,"A",.,"A",.,"A"
"20104",2239463,75,0,"1",.,"A",.,"A",.,"A",.,"A",.,"A",10,"D",.,"A",.,"A",60,"D",.,"A",.,"A",.,"A",60,"D",.,"A",.,"A"
"20104",2239473,61,0,"1",.,"A",.,"A",.,"A",.,"A",.,"A",.,"A",.,"A",.,"A",.,"A",.,"A",.,"A",.,"A",40,"D",.,"A",.,"A"
"20104",2239523,71,0,"1",.,"A",.,"A",.,"A",24,"D",.,"A",5,"D",.,"A",.,"A",.,"A",.,"A",.,"A",.,"A",78,"D",.,"A",.,"A"
"20104",2239544,42,0,"1",.,"A",.,"A",.,"A",.,"A",.,"A",.,"A",.,"A",.,"A",.,"A",.,"A",.,"A",.,"A",120,"D",.,"A",.,"A"
"20104",2239554,91,0,"1",.,"A",.,"A",.,"A",.,"A",.,"A",240,"D",.,"A",.,"A",.,"A",.,"A",.,"A",.,"A",740,"D",.,"A",.,"A"
"20104",2239574,43,0,"1",.,"A",.,"A",.,"A",.,"A",.,"A",.,"A",.,"A",.,"A",.,"A",.,"A",.,"A",.,"A",90,"D",.,"A",.,"A"
"20104",2239584,47,0,"1",.,"A",.,"A",.,"A",.,"A",.,"A",.,"A",364,"D",.,"A",.,"A",.,"A",.,"A",.,"A",13,"D",.,"A",.,"A"
"20104",2239643,33,0,"1",.,"A",.,"A",.,"A",.,"A",.,"A",.,"A",.,"A",.,"A",.,"A",.,"A",.,"A",.,"A",10,"D",.,"A",.,"A"
"20104",2239683,49,0,"1",.,"A",.,"A",.,"A",.,"A",.,"A",12,"D",.,"A",.,"A",.,"A",.,"A",.,"A",.,"A",90,"D",.,"A",.,"A"
"20104",2239695,40,0,"1",.,"A",.,"A",.,"A",.,"A",.,"A",.,"A",195,"D",.,"A",.,"A",.,"A",.,"A",.,"A",90,"D",.,"A",.,"A"
"20104",2239713,49,0,"1",.,"A",.,"A",.,"A",.,"A",.,"A",.,"A",.,"A",.,"A",.,"A",.,"A",.,"A",.,"A",.,"A",.,"A",.,"A"
"20104",2239754,46,0,"1",.,"A",.,"A",.,"A",.,"A",.,"A",.,"A",.,"A",.,"A",.,"A",.,"A",.,"A",.,"A",51,"D",.,"A",.,"A"
"20104",2239803,35,0,"1",.,"A",.,"A",.,"A",.,"A",90,"F",.,"A",.,"A",.,"A",.,"A",.,"A",.,"A",.,"A",.,"A",.,"A",.,"A"
"20104",2239814,45,0,"1",.,"A",.,"A",.,"A",.,"A",.,"A",.,"A",650,"D",.,"A",.,"A",.,"A",.,"A",.,"A",100,"D",.,"A",.,"A"
"20104",2239843,42,0,"1",.,"A",.,"A",.,"A",.,"A",.,"A",.,"A",.,"A",.,"A",.,"A",.,"A",.,"A",.,"A",60,"D",.,"A",.,"A"
"20104",2239853,34,0,"1",.,"A",.,"A",.,"A",.,"A",70,"D",60,"D",.,"A",.,"A",.,"A",180,"D",6,"D",6,"D",60,"D",60,"D",.,"A"
"20104",2239874,59,0,"1",.,"A",.,"A",.,"A",.,"A",.,"A",.,"A",.,"A",.,"A",.,"A",.,"A",.,"A",.,"A",24,"D",.,"A",.,"A"
"20104",2239883,50,0,"1",.,"A",.,"A",.,"A",.,"A",.,"A",60,"D",.,"A",.,"A",.,"A",.,"A",.,"A",.,"A",480,"D",.,"A",.,"A"
"20104",2239924,38,0,"1",.,"A",.,"A",.,"A",.,"A",.,"A",.,"A",.,"A",.,"A",81,"D",.,"A",.,"A",.,"A",90,"D",.,"A",.,"A"
"20104",2239934,83,0,"1",.,"A",.,"A",.,"A",.,"A",.,"A",.,"A",.,"A",.,"A",.,"A",.,"A",.,"A",.,"A",100,"D",.,"A",.,"A"
"20104",2239944,33,0,"1",.,"A",.,"A",.,"A",.,"A",.,"A",.,"A",.,"A",.,"A",.,"A",.,"A",.,"A",.,"A",.,"A",.,"A",.,"A"
"20104",2239963,26,0,"1",.,"A",.,"A",.,"A",.,"A",.,"A",.,"A",.,"A",.,"A",.,"A",.,"A",.,"A",.,"A",.,"A",.,"A",.,"A"
"20104",2239983,43,0,"1",.,"A",.,"A",.,"A",.,"A",.,"A",.,"A",.,"A",.,"A",.,"A",.,"A",.,"A",.,"A",.,"A",.,"A",.,"A"
"20104",2240003,55,0,"1",.,"A",.,"A",15,"D",.,"A",15,"D",.,"A",156,"D",.,"A",.,"A",.,"A",.,"A",.,"A",100,"D",.,"A",.,"A"
"20104",2240013,92,0,"1",.,"A",.,"A",.,"A",.,"A",.,"A",.,"A",.,"A",.,"A",45,"D",.,"A",.,"A",.,"A",.,"A",.,"A",.,"A"
"20104",2240034,28,0,"1",.,"A",.,"A",.,"A",.,"A",.,"A",.,"A",.,"A",.,"A",.,"A",.,"A",.,"A",.,"A",40,"D",.,"A",.,"A"
"20104",2240044,93,0,"1",.,"A",.,"A",.,"A",.,"A",.,"A",.,"A",.,"A",.,"A",.,"A",.,"A",.,"A",.,"A",85,"D",.,"A",.,"A"
"20104",2240055,29,0,"1",.,"A",.,"A",.,"A",.,"A",.,"A",.,"A",.,"A",.,"A",.,"A",.,"A",.,"A",.,"A",.,"A",.,"A",.,"A"
"20104",2240093,63,0,"1",.,"A",.,"A",.,"A",.,"A",.,"A",40,"D",.,"A",.,"A",.,"A",.,"A",.,"A",.,"A",140,"D",.,"A",.,"A"
"20104",2240163,50,0,"1",.,"A",.,"A",.,"A",.,"A",.,"A",.,"A",.,"A",.,"A",.,"A",.,"A",.,"A",.,"A",40,"D",.,"A",.,"A"
"20104",2240184,32,0,"1",.,"A",.,"A",.,"A",.,"A",.,"A",.,"A",260,"D",.,"A",.,"A",.,"A",.,"A",.,"A",.,"A",.,"A",.,"A"
"20104",2240214,62,0,"1",.,"A",.,"A",.,"A",.,"A",.,"A",100,"D",780,"D",.,"A",.,"A",0,"D",0,"D",15,"D",100,"D",0,"D",.,"A"
"20104",2240283,41,0,"1",.,"A",.,"A",.,"A",.,"A",.,"A",.,"A",.,"A",.,"A",.,"A",.,"A",.,"A",.,"A",.,"A",.,"A",.,"A"
"20104",2240294,56,0,"1",.,"A",.,"A",.,"A",.,"A",.,"A",.,"A",104,"D",.,"A",.,"A",.,"A",.,"A",.,"A",160,"D",.,"A",.,"A"
"20104",2240323,68,0,"1",.,"A",.,"A",.,"A",.,"A",.,"A",.,"A",.,"A",.,"A",.,"A",.,"A",.,"A",.,"A",50,"D",.,"A",.,"A"
"20104",2240363,36,0,"1",.,"A",.,"A",.,"A",.,"A",.,"A",.,"A",.,"A",.,"A",.,"A",.,"A",.,"A",.,"A",.,"A",.,"A",.,"A"
"20104",2240444,38,0,"1",.,"A",.,"A",.,"A",.,"A",.,"A",.,"A",.,"A",.,"A",.,"A",.,"A",.,"A",.,"A",.,"A",.,"A",.,"A"
"20104",2240494,32,0,"1",.,"A",.,"A",.,"A",.,"A",.,"A",.,"A",.,"A",.,"A",.,"A",.,"A",.,"A",.,"A",.,"A",.,"A",.,"A"
"20104",2240573,82,0,"1",.,"A",.,"A",.,"A",.,"A",.,"A",.,"A",.,"A",.,"A",.,"A",.,"A",.,"A",.,"A",150,"D",.,"A",.,"A"
"20104",2240583,30,0,"1",.,"A",.,"A",.,"A",.,"A",78,"D",156,"D",780,"D",.,"A",.,"A",.,"A",.,"A",.,"A",.,"A",.,"A",.,"A"
"20104",2240594,70,0,"1",.,"A",.,"A",.,"A",.,"A",.,"A",.,"A",.,"A",.,"A",.,"A",.,"A",.,"A",.,"A",24,"D",.,"A",.,"A"
"20104",2240623,36,0,"1",.,"A",.,"A",.,"A",.,"A",.,"A",.,"A",169,"F",.,"A",.,"A",.,"A",.,"A",.,"A",.,"A",.,"A",.,"A"
"20104",2240633,46,0,"1",.,"A",.,"A",.,"A",.,"A",.,"A",.,"A",650,"D",.,"A",.,"A",.,"A",.,"A",.,"A",.,"A",.,"A",.,"A"
"20104",2240704,50,0,"1",.,"A",.,"A",.,"A",.,"A",.,"A",.,"A",.,"A",.,"A",.,"A",.,"A",.,"A",.,"A",.,"A",.,"A",.,"A"
"20104",2240734,36,0,"1",.,"A",.,"A",.,"A",.,"A",.,"A",.,"A",.,"A",.,"A",.,"A",.,"A",.,"A",.,"A",.,"A",.,"A",.,"A"
"20104",2240744,42,0,"1",.,"A",.,"A",.,"A",.,"A",30,"D",.,"A",.,"A",.,"A",.,"A",.,"A",.,"A",.,"A",45,"D",.,"A",.,"A"
"20104",2240763,21,0,"1",.,"A",.,"A",.,"A",.,"A",5,"D",.,"A",.,"A",.,"A",.,"A",.,"A",.,"A",.,"A",.,"A",.,"A",.,"A"
"20104",2240804,57,0,"1",.,"A",.,"A",.,"A",.,"A",.,"A",.,"A",.,"A",.,"A",.,"A",.,"A",.,"A",.,"A",130,"D",.,"A",.,"A"
"20104",2240814,39,0,"1",.,"A",.,"A",.,"A",.,"A",360,"D",.,"A",.,"A",.,"A",.,"A",.,"A",.,"A",.,"A",200,"D",.,"A",.,"A"
"20104",2240844,35,0,"1",.,"A",.,"A",.,"A",.,"A",.,"A",.,"A",.,"A",.,"A",.,"A",.,"A",.,"A",.,"A",.,"A",.,"A",.,"A"
"20104",2240864,85,0,"1",.,"A",.,"A",.,"A",.,"A",.,"A",.,"A",.,"A",.,"A",.,"A",.,"A",.,"A",.,"A",280,"D",.,"A",.,"A"
"20104",2240893,32,0,"1",.,"A",.,"A",.,"A",.,"A",.,"A",.,"A",.,"A",.,"A",.,"A",.,"A",.,"A",.,"A",.,"A",.,"A",.,"A"
"20104",2240904,35,0,"1",.,"A",.,"A",.,"A",.,"A",.,"A",.,"A",.,"A",.,"A",.,"A",.,"A",.,"A",.,"A",.,"A",.,"A",.,"A"
"20104",2240924,67,0,"1",.,"A",.,"A",.,"A",.,"A",.,"A",.,"A",.,"A",.,"A",.,"A",.,"A",.,"A",.,"A",.,"A",.,"A",.,"A"
"20104",2240953,35,0,"1",25,"D",.,"A",.,"A",.,"A",95,"D",60,"D",.,"A",.,"A",.,"A",540,"D",0,"D",0,"D",160,"D",180,"D",.,"A"
"20104",2240963,56,0,"1",.,"A",.,"A",.,"A",.,"A",.,"A",.,"A",.,"A",.,"A",.,"A",.,"A",.,"A",.,"A",25,"D",.,"A",.,"A"
"20104",2241023,74,0,"1",.,"A",.,"A",.,"A",.,"A",.,"A",.,"A",.,"A",.,"A",.,"A",.,"A",.,"A",.,"A",50,"D",.,"A",.,"A"
"20104",2241033,40,0,"1",.,"A",.,"A",.,"A",.,"A",180,"D",.,"A",.,"A",.,"A",.,"A",.,"A",.,"A",.,"A",25,"D",.,"A",.,"A"
"20104",2241044,73,0,"1",.,"A",.,"A",.,"A",.,"A",.,"A",.,"A",.,"A",.,"A",.,"A",.,"A",.,"A",.,"A",30,"D",.,"A",.,"A"
"20104",2241074,38,0,"1",.,"A",.,"A",.,"A",.,"A",.,"A",.,"A",780,"D",.,"A",.,"A",.,"A",.,"A",.,"A",23,"D",.,"A",.,"A"
"20104",2241084,30,0,"1",.,"A",.,"A",.,"A",.,"A",.,"A",.,"A",.,"A",.,"A",.,"A",.,"A",.,"A",.,"A",.,"A",.,"A",.,"A"
"20104",2241094,51,0,"1",.,"A",.,"A",.,"A",.,"A",.,"A",.,"A",.,"A",.,"A",.,"A",.,"A",.,"A",.,"A",150,"D",.,"A",.,"A"
"20104",2241104,31,0,"1",.,"A",.,"A",.,"A",.,"A",.,"A",.,"A",.,"A",.,"A",.,"A",.,"A",.,"A",.,"A",30,"D",.,"A",.,"A"
"20104",2241113,62,0,"1",.,"A",.,"A",.,"A",.,"A",.,"A",.,"A",.,"A",260,"D",.,"A",.,"A",.,"A",.,"A",.,"A",.,"A",.,"A"
"20104",2241134,39,0,"1",.,"A",.,"A",.,"A",.,"A",.,"A",.,"A",.,"A",.,"A",.,"A",.,"A",.,"A",.,"A",.,"A",.,"A",.,"A"
"20104",2241153,55,0,"1",.,"A",.,"A",.,"A",.,"A",.,"A",150,"D",.,"A",.,"A",.,"A",.,"A",.,"A",.,"A",20,"D",.,"A",.,"A"
"20104",2241184,39,0,"1",.,"A",.,"A",.,"A",.,"A",.,"A",.,"A",.,"A",.,"A",.,"A",.,"A",.,"A",.,"A",.,"A",.,"A",.,"A"
"20104",2241234,39,0,"1",.,"A",.,"A",.,"A",.,"A",.,"A",.,"A",.,"A",195,"D",.,"A",.,"A",.,"A",.,"A",11,"D",.,"A",.,"A"
"20104",2241253,40,0,"1",.,"A",.,"A",.,"A",.,"A",.,"A",.,"A",.,"A",.,"A",.,"A",.,"A",.,"A",.,"A",30,"D",.,"A",.,"A"
"20104",2241294,30,0,"1",.,"A",.,"A",.,"A",.,"A",120,"D",.,"A",.,"A",.,"A",.,"A",.,"A",.,"A",.,"A",.,"A",.,"A",.,"A"
"20104",2241304,79,0,"1",.,"A",.,"A",.,"A",.,"A",.,"A",25,"D",.,"A",.,"A",18,"D",.,"A",.,"A",.,"A",.,"A",.,"A",.,"A"
"20104",2241313,36,0,"1",.,"A",.,"A",.,"A",.,"A",.,"A",.,"A",.,"A",.,"A",105,"F",.,"A",.,"A",.,"A",32,"D",.,"A",.,"A"
"20104",2241324,36,0,"1",.,"A",.,"A",.,"A",.,"A",15,"D",45,"D",.,"A",.,"A",.,"A",.,"A",.,"A",.,"A",.,"A",.,"A",.,"A"
"20104",2241334,63,0,"1",.,"A",.,"A",.,"A",.,"A",.,"A",50,"D",.,"A",.,"A",.,"A",.,"A",.,"A",.,"A",20,"D",.,"A",.,"A"
"20104",2241364,29,0,"1",150,"D",.,"A",.,"A",.,"A",150,"D",.,"A",1300,"D",.,"A",681,"D",.,"A",.,"A",.,"A",30,"D",.,"A",.,"A"
"20104",2241394,101,0,"1",.,"A",.,"A",.,"A",.,"A",.,"A",.,"A",.,"A",.,"A",.,"A",.,"A",.,"A",.,"A",100,"D",.,"A",.,"A"
"20104",2241434,39,0,"1",.,"A",.,"A",.,"A",.,"A",48,"D",.,"A",.,"A",.,"A",.,"A",.,"A",.,"A",.,"A",110,"D",.,"A",.,"A"
"20104",2241444,41,0,"1",.,"A",.,"A",.,"A",.,"A",.,"A",.,"A",.,"A",.,"A",.,"A",.,"A",.,"A",.,"A",.,"A",.,"A",.,"A"
"20104",2241473,36,0,"1",.,"A",.,"A",.,"A",.,"A",.,"A",100,"D",780,"D",.,"A",39,"D",.,"A",.,"A",.,"A",120,"D",.,"A",.,"A"
"20104",2241513,64,0,"1",.,"A",.,"A",.,"A",.,"A",.,"A",.,"A",.,"A",.,"A",.,"A",.,"A",.,"A",.,"A",.,"A",.,"A",.,"A"
"20104",2241523,44,0,"1",.,"A",.,"A",.,"A",.,"A",30,"D",.,"A",.,"A",.,"A",.,"A",0,"D",0,"D",9,"D",36,"D",0,"D",.,"A"
"20104",2241534,28,0,"1",.,"A",.,"A",.,"A",.,"A",.,"A",.,"A",.,"A",.,"A",.,"A",240,"D",0,"D",0,"D",25,"D",80,"D",.,"A"
"20104",2241554,87,0,"1",.,"A",.,"A",.,"A",.,"A",.,"A",.,"A",.,"A",.,"A",.,"A",.,"A",.,"A",.,"A",100,"D",.,"A",.,"A"
"20104",2241574,53,0,"1",.,"A",.,"A",.,"A",.,"A",.,"A",.,"A",.,"A",.,"A",60,"D",.,"A",.,"A",.,"A",.,"A",.,"A",.,"A"
"20104",2241604,49,0,"1",.,"A",.,"A",.,"A",.,"A",.,"A",.,"A",182,"D",.,"A",.,"A",.,"A",.,"A",.,"A",200,"D",.,"A",.,"A"
"20104",2241634,48,0,"1",.,"A",.,"A",.,"A",.,"A",.,"A",.,"A",.,"A",.,"A",.,"A",.,"A",.,"A",.,"A",180,"D",.,"A",.,"A"
"20104",2241643,53,0,"1",.,"A",.,"A",.,"A",.,"A",.,"A",.,"A",260,"D",.,"A",.,"A",.,"A",.,"A",.,"A",120,"D",.,"A",.,"A"
"20104",2241684,50,0,"1",.,"A",.,"A",.,"A",.,"A",.,"A",.,"A",.,"A",.,"A",.,"A",.,"A",.,"A",.,"A",.,"A",.,"A",.,"A"
"20104",2241714,69,0,"1",.,"A",.,"A",.,"A",60,"D",40,"D",.,"A",.,"A",.,"A",30,"D",.,"A",.,"A",.,"A",360,"D",.,"A",.,"A"
"20104",2241734,56,0,"1",.,"A",.,"A",.,"A",.,"A",.,"A",.,"A",325,"D",.,"A",.,"A",.,"A",.,"A",.,"A",.,"A",.,"A",.,"A"
"20104",2241753,57,0,"1",.,"A",.,"A",.,"A",.,"A",.,"A",.,"A",.,"A",.,"A",.,"A",.,"A",.,"A",.,"A",165,"D",.,"A",.,"A"
"20104",2241764,62,0,"1",.,"A",.,"A",.,"A",.,"A",.,"A",.,"A",130,"D",.,"A",.,"A",.,"A",.,"A",.,"A",135,"D",.,"A",.,"A"
"20104",2241813,51,0,"1",.,"A",.,"A",.,"A",.,"A",.,"A",.,"A",.,"A",.,"A",.,"A",.,"A",.,"A",.,"A",500,"D",.,"A",.,"A"
"20104",2241834,42,0,"1",.,"A",.,"A",.,"A",.,"A",.,"A",.,"A",.,"A",.,"A",.,"A",.,"A",.,"A",.,"A",.,"A",.,"A",.,"A"
"20104",2241844,68,0,"1",.,"A",.,"A",.,"A",.,"A",.,"A",70,"D",.,"A",.,"A",90,"D",.,"A",.,"A",.,"A",350,"D",.,"A",.,"A"
"20104",2241895,42,0,"1",.,"A",.,"A",.,"A",.,"A",.,"A",.,"A",.,"A",.,"A",.,"A",.,"A",.,"A",.,"A",50,"D",.,"A",.,"A"
"20104",2241903,60,0,"1",.,"A",.,"A",.,"A",.,"A",.,"A",.,"A",.,"A",.,"A",.,"A",.,"A",.,"A",.,"A",25,"D",.,"A",.,"A"
"20104",2241924,40,0,"1",.,"A",.,"A",.,"A",.,"A",.,"A",.,"A",.,"A",.,"A",.,"A",.,"A",.,"A",.,"A",200,"D",.,"A",.,"A"
"20104",2241944,30,0,"1",.,"A",.,"A",.,"A",.,"A",20,"D",.,"A",260,"D",.,"A",.,"A",0,"D",0,"D",45,"D",20,"D",0,"D",.,"A"
"20104",2241994,50,0,"1",.,"A",.,"A",.,"A",.,"A",.,"A",.,"A",.,"A",.,"A",.,"A",.,"A",.,"A",.,"A",.,"A",.,"A",.,"A"
"20104",2242034,31,0,"1",.,"A",.,"A",.,"A",.,"A",.,"A",.,"A",.,"A",.,"A",.,"A",.,"A",.,"A",.,"A",.,"A",.,"A",.,"A"
"20104",2242053,47,0,"1",.,"A",.,"A",.,"A",.,"A",.,"A",.,"A",.,"A",.,"A",.,"A",.,"A",.,"A",.,"A",11,"D",.,"A",.,"A"
"20104",2242093,48,0,"1",.,"A",.,"A",.,"A",.,"A",.,"A",120,"D",.,"A",.,"A",.,"A",.,"A",.,"A",.,"A",75,"D",.,"A",.,"A"
"20104",2242154,31,0,"1",.,"A",.,"A",.,"A",.,"A",.,"A",.,"A",390,"D",.,"A",.,"A",.,"A",.,"A",.,"A",.,"A",.,"A",.,"A"
"20104",2242204,20,0,"1",.,"A",.,"A",.,"A",.,"A",.,"A",.,"A",.,"A",.,"A",.,"A",.,"A",.,"A",.,"A",.,"A",.,"A",.,"A"
"20104",2242244,44,0,"1",.,"A",45,"D",.,"A",.,"A",.,"A",0,"D",.,"A",.,"A",.,"A",.,"A",.,"A",.,"A",.,"A",.,"A",.,"A"
"20104",2242274,39,0,"1",.,"A",.,"A",.,"A",.,"A",.,"A",.,"A",.,"A",.,"A",.,"A",.,"A",.,"A",.,"A",300,"D",.,"A",.,"A"
"20104",2242293,53,0,"1",.,"A",.,"A",.,"A",.,"A",.,"A",.,"A",.,"A",.,"A",.,"A",.,"A",.,"A",.,"A",.,"A",.,"A",.,"A"
"20104",2242313,29,0,"1",.,"A",.,"A",.,"A",.,"A",45,"D",.,"A",.,"A",.,"A",.,"A",258,"D",0,"D",0,"D",120,"D",86,"D",.,"A"
"20104",2242323,68,0,"1",.,"A",.,"A",.,"A",.,"A",750,"D",.,"A",.,"A",.,"A",.,"A",894,"D",0,"D",0,"D",.,"A",298,"D",.,"A"
"20104",2242344,72,0,"1",.,"A",.,"A",.,"A",320,"D",.,"A",.,"A",130,"D",.,"A",.,"A",.,"A",.,"A",.,"A",200,"D",.,"A",.,"A"
"20104",2242354,42,0,"1",.,"A",.,"A",.,"A",.,"A",.,"A",.,"A",.,"A",.,"A",.,"A",.,"A",.,"A",.,"A",.,"A",.,"A",.,"A"
"20104",2242383,30,0,"1",.,"A",.,"A",.,"A",.,"A",110,"D",.,"A",.,"A",.,"A",45,"D",.,"A",.,"A",.,"A",70,"D",.,"A",.,"A"
"20104",2242393,49,0,"1",.,"A",.,"A",.,"A",.,"A",.,"A",.,"A",.,"A",.,"A",.,"A",.,"A",.,"A",.,"A",35,"D",.,"A",.,"A"
"20104",2242413,42,0,"1",.,"A",100,"D",.,"A",.,"A",.,"A",250,"D",.,"A",.,"A",.,"A",.,"A",.,"A",.,"A",375,"D",.,"A",.,"A"
"20104",2242433,80,0,"1",.,"A",.,"A",.,"A",.,"A",.,"A",.,"A",.,"A",.,"A",.,"A",.,"A",.,"A",.,"A",.,"A",.,"A",.,"A"
"20104",2242454,36,0,"1",.,"A",.,"A",.,"A",.,"A",.,"A",.,"A",.,"A",.,"A",.,"A",.,"A",.,"A",.,"A",.,"A",.,"A",.,"A"
"20104",2242484,26,0,"1",.,"A",.,"A",.,"A",.,"A",30,"D",.,"A",.,"A",.,"A",.,"A",267,"D",0,"D",0,"D",.,"A",89,"D",.,"A"
"20104",2242513,78,0,"1",.,"A",.,"A",.,"A",.,"A",.,"A",.,"A",650,"D",.,"A",30,"D",.,"A",.,"A",.,"A",.,"A",.,"A",.,"A"
"20104",2242543,39,0,"1",.,"A",.,"A",.,"A",.,"A",.,"A",.,"A",.,"A",.,"A",.,"A",.,"A",.,"A",.,"A",.,"A",.,"A",.,"A"
"20104",2242553,42,0,"1",.,"A",.,"A",.,"A",.,"A",.,"A",.,"A",377,"D",.,"A",45,"D",.,"A",.,"A",.,"A",200,"D",.,"A",.,"A"
"20104",2242563,44,0,"1",.,"A",.,"A",.,"A",.,"A",.,"A",.,"A",.,"A",.,"A",.,"A",.,"A",.,"A",.,"A",180,"D",.,"A",.,"A"
"20104",2242573,102,0,"1",.,"A",.,"A",.,"A",.,"A",.,"A",400,"D",.,"A",.,"A",6,"D",.,"A",.,"A",.,"A",150,"D",.,"A",.,"A"
"20104",2242584,72,0,"1",.,"A",.,"A",.,"A",.,"A",.,"A",.,"A",.,"A",.,"A",.,"A",.,"A",.,"A",.,"A",90,"D",.,"A",.,"A"
"20104",2242594,48,0,"1",.,"A",.,"A",3,"D",.,"A",.,"A",25,"D",.,"A",.,"A",.,"A",.,"A",.,"A",.,"A",195,"D",.,"A",.,"A"
"20104",2242604,72,0,"1",.,"A",.,"A",.,"A",.,"A",.,"A",.,"A",.,"A",.,"A",.,"A",.,"A",.,"A",.,"A",60,"D",.,"A",.,"A"
"20104",2242613,42,0,"1",.,"A",.,"A",.,"A",.,"A",.,"A",.,"A",.,"A",.,"A",.,"A",.,"A",.,"A",.,"A",30,"D",.,"A",.,"A"
"20104",2242623,52,0,"1",.,"A",.,"A",.,"A",.,"A",.,"A",.,"A",.,"A",.,"A",.,"A",.,"A",.,"A",.,"A",90,"D",.,"A",.,"A"
"20104",2242633,44,0,"1",.,"A",.,"A",.,"A",.,"A",.,"A",.,"A",.,"A",.,"A",.,"A",.,"A",.,"A",.,"A",.,"A",.,"A",.,"A"
"20104",2242673,37,0,"1",.,"A",.,"A",.,"A",.,"A",.,"A",.,"A",130,"D",.,"A",.,"A",0,"D",0,"D",12,"D",.,"A",0,"D",.,"A"
"20104",2242693,46,0,"1",.,"A",.,"A",.,"A",.,"A",.,"A",120,"D",.,"A",.,"A",.,"A",.,"A",.,"A",.,"A",.,"A",.,"A",.,"A"
"20104",2242713,45,0,"1",.,"A",.,"A",.,"A",.,"A",.,"A",.,"A",.,"A",.,"A",.,"A",.,"A",.,"A",.,"A",.,"A",.,"A",.,"A"
"20104",2242733,48,0,"1",.,"A",.,"A",.,"A",.,"A",.,"A",.,"A",.,"A",.,"A",.,"A",.,"A",.,"A",.,"A",.,"A",.,"A",.,"A"
"20104",2242783,53,0,"1",.,"A",.,"A",.,"A",.,"A",.,"A",.,"A",.,"A",.,"A",.,"A",.,"A",.,"A",.,"A",150,"D",.,"A",.,"A"
"20104",2242793,38,0,"1",.,"A",.,"A",.,"A",.,"A",30,"D",.,"A",.,"A",.,"A",.,"A",.,"A",.,"A",.,"A",.,"A",.,"A",.,"A"
"20104",2242813,69,0,"1",.,"A",.,"A",.,"A",.,"A",.,"A",15,"D",.,"A",.,"A",.,"A",.,"A",.,"A",.,"A",400,"D",.,"A",.,"A"
"20104",2242824,39,0,"1",.,"A",.,"A",.,"A",.,"A",.,"A",.,"A",.,"A",.,"A",.,"A",.,"A",.,"A",.,"A",30,"D",.,"A",.,"A"
"20104",2242853,45,0,"1",.,"A",.,"A",.,"A",.,"A",.,"A",.,"A",.,"A",.,"A",.,"A",.,"A",.,"A",.,"A",150,"D",.,"A",.,"A"
"20104",2242864,49,0,"1",.,"A",30,"D",.,"A",.,"A",.,"A",20,"D",.,"A",.,"A",.,"A",.,"A",.,"A",.,"A",.,"A",.,"A",.,"A"
"20104",2242883,55,0,"1",.,"A",.,"A",.,"A",.,"A",.,"A",.,"A",.,"A",195,"D",.,"A",.,"A",.,"A",.,"A",100,"D",.,"A",.,"A"
"20104",2242953,44,0,"1",.,"A",.,"A",.,"A",.,"A",.,"A",.,"A",728,"D",.,"A",45,"D",.,"A",.,"A",.,"A",.,"A",.,"A",.,"A"
"20104",2242964,41,0,"1",.,"A",.,"A",.,"A",.,"A",25,"D",.,"A",.,"A",.,"A",15,"D",0,"D",0,"D",36,"D",75,"D",0,"D",.,"A"
"20104",2242984,32,0,"1",.,"A",.,"A",.,"A",.,"A",.,"A",.,"A",.,"A",.,"A",.,"A",.,"A",.,"A",.,"A",.,"A",.,"A",.,"A"
"20104",2242993,52,0,"1",.,"A",.,"A",.,"A",.,"A",.,"A",.,"A",520,"D",.,"A",.,"A",.,"A",.,"A",.,"A",.,"A",.,"A",.,"A"
"20104",2243013,95,0,"1",.,"A",.,"A",.,"A",.,"A",.,"A",180,"D",.,"A",.,"A",.,"A",.,"A",.,"A",.,"A",336,"D",.,"A",.,"A"
"20104",2243023,41,0,"1",.,"A",.,"A",.,"A",.,"A",.,"A",.,"A",.,"A",.,"A",.,"A",.,"A",.,"A",.,"A",.,"A",.,"A",.,"A"
"20104",2243044,50,0,"1",.,"A",.,"A",.,"A",.,"A",.,"A",.,"A",.,"A",.,"A",.,"A",.,"A",.,"A",.,"A",80,"D",.,"A",.,"A"
"20104",2243063,39,0,"1",.,"A",.,"A",.,"A",.,"A",.,"A",.,"A",455,"F",.,"A",.,"A",.,"A",.,"A",.,"A",.,"A",.,"A",.,"A"
"20104",2243083,38,0,"1",.,"A",.,"A",.,"A",.,"A",.,"A",.,"A",.,"A",.,"A",.,"A",.,"A",.,"A",.,"A",60,"D",.,"A",.,"A"
"20104",2243124,63,0,"1",.,"A",.,"A",.,"A",.,"A",.,"A",150,"D",.,"A",.,"A",.,"A",.,"A",.,"A",.,"A",720,"D",.,"A",.,"A"
"20104",2243144,25,0,"1",.,"A",.,"A",.,"A",.,"A",.,"A",.,"A",.,"A",.,"A",.,"A",.,"A",.,"A",.,"A",90,"D",.,"A",.,"A"
"20104",2243174,41,0,"1",.,"A",.,"A",.,"A",.,"A",.,"A",.,"A",.,"A",.,"A",.,"A",.,"A",.,"A",.,"A",120,"D",.,"A",.,"A"
"20104",2243194,43,0,"1",.,"A",.,"A",.,"A",.,"A",.,"A",.,"A",.,"A",.,"A",.,"A",.,"A",.,"A",.,"A",150,"D",.,"A",.,"A"
"20104",2243204,54,0,"1",.,"A",.,"A",.,"A",.,"A",.,"A",.,"A",.,"A",.,"A",.,"A",.,"A",.,"A",.,"A",150,"D",.,"A",.,"A"
"20104",2243214,65,0,"1",.,"A",.,"A",.,"A",.,"A",.,"A",34,"D",.,"A",.,"A",.,"A",.,"A",.,"A",.,"A",170,"D",.,"A",.,"A"
"20104",2243233,53,0,"1",.,"A",.,"A",.,"A",.,"A",.,"A",.,"A",.,"A",.,"A",.,"A",.,"A",.,"A",.,"A",150,"D",.,"A",.,"A"
"20104",2243243,40,0,"1",.,"A",.,"A",.,"A",.,"A",.,"A",.,"A",130,"D",.,"A",60,"D",.,"A",.,"A",.,"A",90,"D",.,"A",.,"A"
"20104",2243254,59,0,"1",.,"A",.,"A",.,"A",.,"A",.,"A",.,"A",.,"A",.,"A",.,"A",.,"A",.,"A",.,"A",55,"D",.,"A",.,"A"
"20104",2243294,80,0,"1",.,"A",.,"A",.,"A",.,"A",.,"A",.,"A",.,"A",.,"A",450,"D",.,"A",.,"A",.,"A",100,"D",.,"A",.,"A"
"20104",2243314,32,0,"1",.,"A",.,"A",.,"A",55,"D",.,"A",.,"A",.,"A",.,"A",.,"A",.,"A",.,"A",.,"A",.,"A",.,"A",.,"A"
"20104",2243353,35,0,"1",.,"A",.,"A",.,"A",.,"A",.,"A",.,"A",.,"A",.,"A",.,"A",.,"A",.,"A",.,"A",.,"A",.,"A",.,"A"
"20104",2243364,28,0,"1",10,"D",.,"A",.,"A",.,"A",110,"D",.,"A",.,"A",.,"A",.,"A",270,"D",0,"D",0,"D",45,"D",90,"D",.,"A"
"20104",2243383,44,0,"1",.,"A",.,"A",.,"A",.,"A",.,"A",.,"A",.,"A",.,"A",.,"A",.,"A",.,"A",.,"A",.,"A",.,"A",.,"A"
"20104",2243394,39,0,"1",.,"A",.,"A",.,"A",.,"A",.,"A",.,"A",.,"A",.,"A",.,"A",.,"A",.,"A",.,"A",.,"A",.,"A",.,"A"
"20104",2243414,55,0,"1",.,"A",.,"A",.,"A",.,"A",.,"A",.,"A",.,"A",.,"A",.,"A",.,"A",.,"A",.,"A",120,"D",.,"A",.,"A"
"20104",2243433,39,0,"1",.,"A",.,"A",.,"A",60,"D",.,"A",10,"F",.,"A",.,"A",600,"F",225,"D",0,"D",0,"D",200,"D",75,"D",.,"A"
"20104",2243443,40,0,"1",.,"A",.,"A",.,"A",.,"A",.,"A",.,"A",195,"D",.,"A",15,"D",.,"A",.,"A",.,"A",20,"D",.,"A",.,"A"
"20104",2243463,82,0,"1",.,"A",.,"A",.,"A",.,"A",.,"A",.,"A",.,"A",.,"A",.,"A",.,"A",.,"A",.,"A",45,"D",.,"A",.,"A"
"20104",2243474,46,0,"1",.,"A",.,"A",.,"A",.,"A",.,"A",.,"A",.,"A",.,"A",.,"A",.,"A",.,"A",.,"A",80,"D",.,"A",.,"A"
"20104",2243493,45,0,"1",.,"A",.,"A",.,"A",.,"A",.,"A",.,"A",.,"A",.,"A",15,"D",3,"D",0,"D",0,"D",28,"D",1,"D",.,"A"
"20104",2243504,37,0,"1",.,"A",.,"A",.,"A",.,"A",.,"A",.,"A",.,"A",.,"A",.,"A",.,"A",.,"A",.,"A",.,"A",.,"A",.,"A"
"20104",2243534,22,0,"1",.,"A",.,"A",.,"A",10,"D",60,"D",.,"A",.,"A",.,"A",.,"A",225,"D",0,"D",18,"D",12,"D",75,"D",.,"A"
"20104",2243553,71,0,"1",.,"A",.,"A",.,"A",.,"A",.,"A",.,"A",520,"D",.,"A",.,"A",.,"A",.,"A",.,"A",180,"D",.,"A",.,"A"
"20104",2243633,37,0,"1",.,"A",.,"A",.,"A",.,"A",.,"A",.,"A",.,"A",.,"A",.,"A",.,"A",.,"A",.,"A",.,"A",.,"A",.,"A"
"20104",2243643,90,0,"1",.,"A",.,"A",.,"A",.,"A",.,"A",.,"A",455,"D",.,"A",.,"A",.,"A",.,"A",.,"A",150,"D",.,"A",.,"A"
"20104",2243724,101,0,"1",.,"A",.,"A",.,"A",.,"A",7,"D",227,"D",.,"A",.,"A",.,"A",.,"A",.,"A",.,"A",442,"D",.,"A",.,"A"
"20104",2243774,44,0,"1",.,"A",.,"A",.,"A",.,"A",.,"A",.,"A",.,"A",.,"A",18,"D",.,"A",.,"A",.,"A",30,"D",.,"A",.,"A"
"20104",2243794,65,0,"1",.,"A",.,"A",.,"A",.,"A",.,"A",.,"A",.,"A",.,"A",.,"A",.,"A",.,"A",.,"A",45,"D",.,"A",.,"A"
"20104",2243804,61,0,"1",.,"A",.,"A",.,"A",.,"A",.,"A",.,"A",.,"A",.,"A",.,"A",.,"A",.,"A",.,"A",.,"A",.,"A",.,"A"
"20104",2243823,59,0,"1",.,"A",.,"A",.,"A",.,"A",.,"A",40,"D",.,"A",.,"A",.,"A",.,"A",.,"A",.,"A",100,"D",.,"A",.,"A"
"20104",2243844,50,0,"1",.,"A",.,"A",.,"A",.,"A",.,"A",.,"A",.,"A",.,"A",.,"A",.,"A",.,"A",.,"A",.,"A",.,"A",.,"A"
"20104",2243864,75,0,"1",.,"A",.,"A",.,"A",.,"A",.,"A",.,"A",.,"A",.,"A",.,"A",.,"A",.,"A",.,"A",200,"D",.,"A",.,"A"
"20104",2243874,67,0,"1",.,"A",.,"A",.,"A",.,"A",.,"A",.,"A",.,"A",.,"A",.,"A",.,"A",.,"A",.,"A",110,"D",.,"A",.,"A"
"20104",2243904,58,0,"1",.,"A",.,"A",.,"A",.,"A",.,"A",.,"A",195,"D",.,"A",.,"A",.,"A",.,"A",.,"A",.,"A",.,"A",.,"A"
"20104",2243914,48,0,"1",.,"A",.,"A",.,"A",.,"A",.,"A",.,"A",.,"A",.,"A",.,"A",.,"A",.,"A",.,"A",100,"D",.,"A",.,"A"
"20104",2243943,42,0,"1",.,"A",.,"A",.,"A",.,"A",80,"D",.,"A",.,"A",.,"A",.,"A",0,"D",0,"D",195,"D",.,"A",0,"D",.,"A"
"20104",2243953,49,0,"1",.,"A",.,"A",.,"A",.,"A",.,"A",120,"D",.,"A",.,"A",.,"A",.,"A",.,"A",.,"A",300,"D",.,"A",.,"A"
"20104",2243973,88,0,"1",.,"A",.,"A",.,"A",.,"A",.,"A",135,"D",130,"D",.,"A",.,"A",0,"D",0,"D",0,"D",36,"D",0,"D",.,"A"
"20104",2244004,35,0,"1",.,"A",.,"A",.,"A",.,"A",.,"A",1,"D",.,"A",.,"A",.,"A",.,"A",.,"A",.,"A",1,"D",.,"A",.,"A"
"20104",2244014,60,0,"1",.,"A",.,"A",.,"A",.,"A",.,"A",.,"A",.,"A",.,"A",.,"A",.,"A",.,"A",.,"A",15,"D",.,"A",.,"A"
"20104",2244024,50,0,"1",.,"A",.,"A",.,"A",100,"D",.,"A",.,"A",.,"A",.,"A",.,"A",.,"A",.,"A",.,"A",50,"D",.,"A",.,"A"
"20104",2244044,48,0,"1",.,"A",.,"A",.,"A",.,"A",.,"A",.,"A",.,"A",.,"A",.,"A",120,"D",0,"D",0,"D",70,"D",40,"D",.,"A"
"20104",2244073,40,0,"1",.,"A",.,"A",.,"A",.,"A",.,"A",.,"A",.,"A",.,"A",.,"A",.,"A",.,"A",.,"A",.,"A",.,"A",.,"A"
"20104",2244164,69,0,"1",.,"A",.,"A",.,"A",.,"A",.,"A",.,"A",.,"A",.,"A",.,"A",.,"A",.,"A",.,"A",.,"A",.,"A",.,"A"
"20104",2244213,53,0,"1",.,"A",.,"A",.,"A",.,"A",.,"A",.,"A",.,"A",.,"A",.,"A",.,"A",.,"A",.,"A",.,"A",.,"A",.,"A"
"20104",2244303,81,0,"1",.,"A",.,"A",.,"A",.,"A",.,"A",.,"A",.,"A",.,"A",.,"A",.,"A",.,"A",.,"A",180,"D",.,"A",.,"A"
"20104",2244313,29,0,"1",.,"A",.,"A",.,"A",.,"A",.,"A",.,"A",507,"D",.,"A",.,"A",.,"A",.,"A",.,"A",.,"A",.,"A",.,"A"
"20104",2244334,61,0,"1",.,"A",.,"A",.,"A",.,"A",.,"A",.,"A",.,"A",.,"A",.,"A",.,"A",.,"A",.,"A",180,"D",.,"A",.,"A"
"20104",2244344,23,0,"1",.,"A",.,"A",.,"A",.,"A",.,"A",.,"A",.,"A",.,"A",.,"A",.,"A",.,"A",.,"A",.,"A",.,"A",.,"A"
"20104",2244364,70,0,"1",.,"A",.,"A",.,"A",.,"A",.,"A",.,"A",.,"A",.,"A",30,"D",135,"D",0,"D",0,"D",113,"D",45,"D",.,"A"
"20104",2244374,66,0,"1",.,"A",.,"A",60,"D",.,"A",.,"A",.,"A",.,"A",.,"A",.,"A",.,"A",.,"A",.,"A",200,"D",.,"A",.,"A"
"20104",2244383,41,0,"1",.,"A",.,"A",.,"A",.,"A",.,"A",.,"A",.,"A",.,"A",.,"A",.,"A",.,"A",.,"A",90,"D",.,"A",.,"A"
"20104",2244394,44,0,"1",.,"A",.,"A",.,"A",.,"A",.,"A",.,"A",.,"A",.,"A",.,"A",.,"A",.,"A",.,"A",50,"D",.,"A",.,"A"
"20104",2244403,49,0,"1",.,"A",.,"A",.,"A",.,"A",.,"A",.,"A",.,"A",.,"A",.,"A",.,"A",.,"A",.,"A",54,"D",.,"A",.,"A"
"20104",2244424,119,0,"1",.,"A",.,"A",.,"A",.,"A",.,"A",.,"A",689,"D",.,"A",6,"D",.,"A",.,"A",.,"A",75,"D",.,"A",.,"A"
"20104",2244443,34,0,"1",.,"A",.,"A",.,"A",.,"A",20,"D",.,"A",.,"A",.,"A",.,"A",.,"A",.,"A",.,"A",.,"A",.,"A",.,"A"
"20104",2244455,65,0,"1",.,"A",.,"A",.,"A",.,"A",.,"A",45,"D",.,"A",.,"A",.,"A",.,"A",.,"A",.,"A",130,"D",.,"A",.,"A"
"20104",2244494,37,0,"1",.,"A",.,"A",.,"A",.,"A",.,"A",.,"A",182,"D",.,"A",.,"A",.,"A",.,"A",.,"A",.,"A",.,"A",.,"A"
"20104",2244534,41,0,"1",.,"A",.,"A",.,"A",.,"A",.,"A",.,"A",.,"A",.,"A",.,"A",.,"A",.,"A",.,"A",.,"A",.,"A",.,"A"
"20104",2244573,36,0,"1",.,"A",.,"A",.,"A",.,"A",.,"A",.,"A",.,"A",.,"A",.,"A",.,"A",.,"A",.,"A",.,"A",.,"A",.,"A"
"20104",2244584,83,0,"1",.,"A",.,"A",6,"D",.,"A",.,"A",.,"A",.,"A",.,"A",18,"D",.,"A",.,"A",.,"A",75,"D",.,"A",.,"A"
"20104",2244604,67,0,"1",.,"A",.,"A",.,"A",.,"A",.,"A",.,"A",.,"A",.,"A",.,"A",.,"A",.,"A",.,"A",150,"D",.,"A",.,"A"
"20104",2244644,39,0,"1",.,"A",.,"A",.,"A",.,"A",.,"A",.,"A",.,"A",.,"A",45,"D",.,"A",.,"A",.,"A",.,"A",.,"A",.,"A"
"20104",2244655,50,0,"1",.,"A",.,"A",.,"A",.,"A",.,"A",.,"A",.,"A",.,"A",.,"A",.,"A",.,"A",.,"A",125,"F",.,"A",.,"A"
"20104",2244683,60,0,"1",.,"A",.,"A",.,"A",.,"A",.,"A",.,"A",1040,"D",.,"A",.,"A",.,"A",.,"A",.,"A",200,"D",.,"A",.,"A"
"20104",2244714,35,0,"1",.,"A",.,"A",.,"A",.,"A",6,"D",.,"A",.,"A",.,"A",.,"A",.,"A",.,"A",.,"A",30,"D",.,"A",.,"A"
"20104",2244763,44,0,"1",.,"A",.,"A",.,"A",.,"A",.,"A",60,"D",.,"A",.,"A",.,"A",270,"D",0,"D",0,"D",200,"D",90,"D",.,"A"
"20104",2244783,32,0,"1",.,"A",.,"A",.,"A",.,"A",.,"A",.,"A",.,"A",.,"A",.,"A",.,"A",.,"A",.,"A",.,"A",.,"A",.,"A"
"20104",2244793,85,0,"1",.,"A",.,"A",.,"A",.,"A",.,"A",.,"A",.,"A",.,"A",33,"D",.,"A",.,"A",.,"A",64,"D",.,"A",.,"A"
"20104",2244803,32,0,"1",.,"A",.,"A",.,"A",240,"D",.,"A",.,"A",.,"A",.,"A",.,"A",.,"A",.,"A",.,"A",0,"D",.,"A",.,"A"
"20104",2244814,46,0,"1",.,"A",.,"A",.,"A",.,"A",.,"A",.,"A",650,"D",.,"A",.,"A",.,"A",.,"A",.,"A",60,"D",.,"A",.,"A"
"20104",2244824,43,0,"1",.,"A",.,"A",.,"A",.,"A",.,"A",.,"A",.,"A",.,"A",.,"A",.,"A",.,"A",.,"A",50,"D",.,"A",.,"A"
"20104",2244843,37,0,"1",.,"A",.,"A",.,"A",.,"A",.,"A",.,"A",455,"D",.,"A",.,"A",.,"A",.,"A",.,"A",.,"A",.,"A",.,"A"
"20104",2244864,29,0,"1",.,"A",.,"A",.,"A",.,"A",.,"A",.,"A",.,"A",.,"A",.,"A",.,"A",.,"A",.,"A",.,"A",.,"A",.,"A"
"20104",2244874,51,0,"1",.,"A",.,"A",.,"A",.,"A",.,"A",40,"D",.,"A",.,"A",.,"A",.,"A",.,"A",.,"A",150,"D",.,"A",.,"A"
"20104",2244883,38,0,"1",.,"A",.,"A",.,"A",.,"A",.,"A",17,"D",455,"D",.,"A",.,"A",.,"A",.,"A",.,"A",180,"D",.,"A",.,"A"
"20104",2244903,22,0,"1",.,"A",.,"A",.,"A",.,"A",.,"A",.,"A",.,"A",.,"A",.,"A",.,"A",.,"A",.,"A",.,"A",.,"A",.,"A"
"20104",2244924,42,0,"1",.,"A",.,"A",.,"A",.,"A",.,"A",.,"A",.,"A",.,"A",.,"A",.,"A",.,"A",.,"A",100,"D",.,"A",.,"A"
"20104",2244933,93,0,"1",.,"A",.,"A",.,"A",.,"A",.,"A",.,"A",.,"A",.,"A",.,"A",.,"A",.,"A",.,"A",100,"D",.,"A",.,"A"
"20104",2244994,41,0,"1",.,"A",.,"A",.,"A",.,"A",240,"D",.,"A",.,"A",.,"A",.,"A",.,"A",.,"A",.,"A",75,"D",.,"A",.,"A"
"20104",2245003,78,0,"1",.,"A",.,"A",.,"A",.,"A",.,"A",140,"D",.,"A",.,"A",6,"D",.,"A",.,"A",.,"A",240,"D",.,"A",.,"A"
"20104",2245013,45,0,"1",.,"A",.,"A",.,"A",.,"A",.,"A",.,"A",.,"A",.,"A",.,"A",.,"A",.,"A",.,"A",.,"A",.,"A",.,"A"
"20104",2245073,33,0,"1",.,"A",.,"A",.,"A",.,"A",.,"A",.,"A",.,"A",.,"A",.,"A",.,"A",.,"A",.,"A",45,"D",.,"A",.,"A"
"20104",2245103,61,0,"1",.,"A",.,"A",.,"A",.,"A",.,"A",.,"A",325,"F",.,"A",.,"A",.,"A",.,"A",.,"A",24,"D",.,"A",.,"A"
"20104",2245114,30,0,"1",20,"D",.,"A",.,"A",.,"A",40,"D",.,"A",390,"D",.,"A",.,"A",.,"A",.,"A",.,"A",.,"A",.,"A",.,"A"
"20104",2245224,46,0,"1",.,"A",.,"A",.,"A",.,"A",.,"A",.,"A",.,"A",.,"A",.,"A",.,"A",.,"A",.,"A",60,"D",.,"A",.,"A"
"20104",2245235,33,0,"1",.,"A",.,"A",.,"A",.,"A",90,"D",.,"A",65,"D",.,"A",.,"A",0,"D",0,"D",36,"D",50,"D",0,"D",.,"A"
"20104",2245254,49,0,"1",.,"A",.,"A",.,"A",.,"A",.,"A",.,"A",.,"A",.,"A",.,"A",.,"A",.,"A",.,"A",65,"D",.,"A",.,"A"
"20104",2245294,47,0,"1",.,"A",.,"A",.,"A",.,"A",20,"D",.,"A",130,"F",.,"A",.,"A",.,"A",.,"A",.,"A",40,"D",.,"A",.,"A"
"20104",2245323,39,0,"1",.,"A",.,"A",.,"A",.,"A",.,"A",.,"A",.,"A",.,"A",.,"A",.,"A",.,"A",.,"A",70,"D",.,"A",.,"A"
"20104",2245343,42,0,"1",.,"A",.,"A",.,"A",.,"A",.,"A",.,"A",.,"A",.,"A",.,"A",.,"A",.,"A",.,"A",.,"A",.,"A",.,"A"
"20104",2245353,74,0,"1",.,"A",.,"A",.,"A",.,"A",.,"A",.,"A",455,"D",.,"A",.,"A",.,"A",.,"A",.,"A",50,"D",.,"A",.,"A"
"20104",2245504,46,0,"1",.,"A",.,"A",.,"A",.,"A",.,"A",.,"A",260,"D",.,"A",.,"A",.,"A",.,"A",.,"A",.,"A",.,"A",.,"A"
"20104",2245514,56,0,"1",.,"A",.,"A",.,"A",.,"A",.,"A",.,"A",520,"D",.,"A",.,"A",.,"A",.,"A",.,"A",14,"D",.,"A",.,"A"
"20104",2245563,54,0,"1",.,"A",.,"A",.,"A",.,"A",.,"A",80,"D",.,"A",.,"A",.,"A",.,"A",.,"A",.,"A",240,"D",.,"A",.,"A"
"20104",2245593,36,0,"1",.,"A",.,"A",.,"A",.,"A",.,"A",.,"A",.,"A",.,"A",.,"A",.,"A",.,"A",.,"A",.,"A",.,"A",.,"A"
"20104",2245614,35,0,"1",.,"A",.,"A",.,"A",.,"A",.,"A",.,"A",325,"D",.,"A",.,"A",.,"A",.,"A",.,"A",.,"A",.,"A",.,"A"
"20104",2245643,55,0,"1",.,"A",.,"A",.,"A",.,"A",.,"A",.,"A",.,"A",.,"A",24,"D",.,"A",.,"A",.,"A",.,"A",.,"A",.,"A"
"20104",2245673,91,0,"1",.,"A",.,"A",.,"A",.,"A",.,"A",.,"A",.,"A",390,"D",.,"A",.,"A",.,"A",.,"A",135,"D",.,"A",.,"A"
"20104",2245703,38,0,"1",.,"A",.,"A",.,"A",.,"A",.,"A",.,"A",.,"A",.,"A",.,"A",.,"A",.,"A",.,"A",.,"A",.,"A",.,"A"
"20104",2245724,33,0,"1",.,"A",.,"A",.,"A",.,"A",.,"A",.,"A",.,"A",.,"A",.,"A",.,"A",.,"A",.,"A",.,"A",.,"A",.,"A"
"20104",2245744,33,0,"1",8,"D",.,"A",.,"A",.,"A",46,"D",.,"A",.,"A",.,"A",.,"A",84,"D",0,"D",48,"D",15,"D",28,"D",.,"A"
"20104",2245764,32,0,"1",.,"A",.,"A",.,"A",.,"A",.,"A",.,"A",.,"A",.,"A",.,"A",.,"A",.,"A",.,"A",.,"A",.,"A",.,"A"
"20104",2245804,45,0,"1",.,"A",.,"A",.,"A",.,"A",.,"A",.,"A",.,"A",.,"A",.,"A",.,"A",.,"A",.,"A",.,"A",.,"A",.,"A"
"20104",2245834,48,0,"1",.,"A",.,"A",.,"A",.,"A",.,"A",.,"A",.,"A",.,"A",.,"A",.,"A",.,"A",.,"A",60,"D",.,"A",.,"A"
"20104",2245853,41,0,"1",.,"A",.,"A",.,"A",.,"A",.,"A",.,"A",.,"A",.,"A",.,"A",.,"A",.,"A",.,"A",180,"D",.,"A",.,"A"
"20104",2245874,31,0,"1",.,"A",.,"A",.,"A",.,"A",.,"A",.,"A",.,"A",.,"A",.,"A",.,"A",.,"A",.,"A",.,"A",.,"A",.,"A"
"20104",2245884,92,0,"1",.,"A",.,"A",.,"A",.,"A",.,"A",.,"A",.,"A",.,"A",.,"A",.,"A",.,"A",.,"A",25,"D",.,"A",.,"A"
"20104",2245893,27,0,"1",.,"A",.,"A",.,"A",.,"A",90,"D",.,"A",78,"D",.,"A",.,"A",.,"A",.,"A",.,"A",.,"A",.,"A",.,"A"
"20104",2245943,63,0,"1",.,"A",.,"A",.,"A",.,"A",20,"D",.,"A",.,"A",.,"A",.,"A",.,"A",.,"A",.,"A",.,"A",.,"A",.,"A"
"20104",2245984,23,0,"1",.,"A",.,"A",.,"A",.,"A",.,"A",.,"A",.,"A",.,"A",.,"A",.,"A",.,"A",.,"A",.,"A",.,"A",.,"A"
"20104",2245993,35,0,"1",.,"A",.,"A",.,"A",.,"A",.,"A",.,"A",78,"D",.,"A",.,"A",.,"A",.,"A",.,"A",300,"D",.,"A",.,"A"
"20104",2246043,49,0,"1",.,"A",.,"A",.,"A",.,"A",.,"A",.,"A",.,"A",.,"A",33,"D",.,"A",.,"A",.,"A",40,"D",.,"A",.,"A"
"20104",2246054,36,0,"1",.,"A",.,"A",.,"A",.,"A",.,"A",.,"A",.,"A",.,"A",.,"A",.,"A",.,"A",.,"A",.,"A",.,"A",.,"A"
"20104",2246085,49,0,"1",.,"A",.,"A",.,"A",.,"A",.,"A",.,"A",.,"A",.,"A",.,"A",.,"A",.,"A",.,"A",75,"D",.,"A",.,"A"
"20104",2246094,68,0,"1",.,"A",.,"A",.,"A",.,"A",.,"A",.,"A",.,"A",.,"A",.,"A",.,"A",.,"A",.,"A",240,"D",.,"A",.,"A"
"20104",2246133,48,0,"1",.,"A",.,"A",.,"A",.,"A",.,"A",.,"A",.,"A",.,"A",.,"A",.,"A",.,"A",.,"A",.,"A",.,"A",.,"A"
"20104",2246144,45,0,"1",5,"D",.,"A",.,"A",.,"A",25,"D",.,"A",.,"A",.,"A",.,"A",.,"A",.,"A",.,"A",20,"D",.,"A",.,"A"
"20104",2246155,22,0,"1",.,"A",.,"A",.,"A",.,"A",.,"A",.,"A",.,"A",.,"A",.,"A",.,"A",.,"A",.,"A",.,"A",.,"A",.,"A"
"20104",2246163,26,0,"1",.,"A",.,"A",.,"A",.,"A",36,"D",.,"A",.,"A",.,"A",.,"A",.,"A",.,"A",.,"A",10,"D",.,"A",.,"A"
"20104",2246173,50,0,"1",.,"A",.,"A",.,"A",.,"A",.,"A",.,"A",130,"D",.,"A",.,"A",.,"A",.,"A",.,"A",.,"A",.,"A",.,"A"
"20104",2246193,25,0,"1",.,"A",.,"A",.,"A",.,"A",.,"A",.,"A",.,"A",.,"A",18,"D",225,"D",0,"D",0,"D",.,"A",75,"D",.,"A"
"20104",2246223,28,0,"1",15,"D",.,"A",.,"A",.,"A",45,"D",.,"A",91,"D",.,"A",.,"A",.,"A",.,"A",.,"A",.,"A",.,"A",.,"A"
"20104",2246244,95,0,"1",.,"A",.,"A",.,"A",.,"A",.,"A",.,"A",.,"A",.,"A",.,"A",.,"A",.,"A",.,"A",70,"D",.,"A",.,"A"
"20104",2246274,32,0,"1",.,"A",.,"A",.,"A",.,"A",.,"A",.,"A",.,"A",.,"A",.,"A",.,"A",.,"A",.,"A",30,"D",.,"A",.,"A"
"20104",2246304,31,0,"1",.,"A",.,"A",.,"A",.,"A",.,"A",.,"A",.,"A",.,"A",.,"A",.,"A",.,"A",.,"A",.,"A",.,"A",.,"A"
"20104",2246314,25,0,"1",.,"A",.,"A",.,"A",.,"A",.,"A",.,"A",.,"A",.,"A",.,"A",.,"A",.,"A",.,"A",.,"A",.,"A",.,"A"
"20104",2246353,44,0,"1",.,"A",.,"A",.,"A",.,"A",.,"A",.,"A",702,"D",.,"A",.,"A",.,"A",.,"A",.,"A",.,"A",.,"A",.,"A"
"20104",2246373,51,0,"1",.,"A",.,"A",.,"A",.,"A",.,"A",.,"A",.,"A",.,"A",.,"A",.,"A",.,"A",.,"A",400,"F",.,"A",.,"A"
"20104",2246383,43,0,"1",10,"D",.,"A",.,"A",.,"A",15,"D",.,"A",.,"A",.,"A",.,"A",.,"A",.,"A",.,"A",.,"A",.,"A",.,"A"
"20104",2246404,57,0,"1",.,"A",.,"A",.,"A",.,"A",.,"A",50,"D",.,"A",.,"A",.,"A",.,"A",.,"A",.,"A",200,"D",.,"A",.,"A"
"20104",2246413,45,0,"1",.,"A",.,"A",.,"A",.,"A",.,"A",.,"A",.,"A",.,"A",.,"A",.,"A",.,"A",.,"A",.,"A",.,"A",.,"A"
"20104",2246453,61,0,"1",.,"A",.,"A",.,"A",.,"A",.,"A",.,"A",104,"D",.,"A",.,"A",.,"A",.,"A",.,"A",30,"D",.,"A",.,"A"
"20104",2246463,45,0,"1",.,"A",.,"A",.,"A",.,"A",.,"A",.,"A",.,"A",.,"A",.,"A",.,"A",.,"A",.,"A",.,"A",.,"A",.,"A"
"20104",2246484,48,0,"1",.,"A",.,"A",.,"A",.,"A",.,"A",.,"A",.,"A",.,"A",30,"D",.,"A",.,"A",.,"A",60,"D",.,"A",.,"A"
"20104",2246534,80,0,"1",.,"A",.,"A",.,"A",.,"A",.,"A",.,"A",.,"A",.,"A",.,"A",.,"A",.,"A",.,"A",90,"D",.,"A",.,"A"
"20104",2246563,22,0,"1",.,"A",.,"A",.,"A",.,"A",33,"F",.,"A",.,"A",.,"A",.,"A",.,"A",.,"A",.,"A",.,"A",.,"A",.,"A"
"20104",2246583,50,0,"1",.,"A",.,"A",.,"A",.,"A",.,"A",.,"A",390,"D",.,"A",.,"A",.,"A",.,"A",.,"A",.,"A",.,"A",.,"A"
"20104",2246593,56,0,"1",.,"A",.,"A",.,"A",.,"A",.,"A",.,"A",.,"A",.,"A",.,"A",.,"A",.,"A",.,"A",120,"D",.,"A",.,"A"
"20104",2246614,84,0,"1",.,"A",.,"A",.,"A",.,"A",.,"A",.,"A",195,"D",.,"A",.,"A",.,"A",.,"A",.,"A",21,"D",.,"A",.,"A"
"20104",2246623,74,0,"1",.,"A",.,"A",.,"A",.,"A",.,"A",60,"D",.,"A",.,"A",24,"D",.,"A",.,"A",.,"A",300,"D",.,"A",.,"A"
"20104",2246724,26,0,"1",.,"A",.,"A",.,"A",.,"A",.,"A",.,"A",.,"A",.,"A",.,"A",.,"A",.,"A",.,"A",60,"D",.,"A",.,"A"
"20104",2246733,58,0,"1",.,"A",.,"A",.,"A",.,"A",.,"A",.,"A",.,"A",.,"A",.,"A",.,"A",.,"A",.,"A",.,"A",.,"A",.,"A"
"20104",2246744,65,0,"1",.,"A",.,"A",.,"A",.,"A",.,"A",.,"A",.,"A",.,"A",.,"A",.,"A",.,"A",.,"A",75,"D",.,"A",.,"A"
"20104",2246803,37,0,"1",.,"A",.,"A",.,"A",.,"A",.,"A",.,"A",.,"A",.,"A",.,"A",.,"A",.,"A",.,"A",12,"D",.,"A",.,"A"
"20104",2246834,50,0,"1",.,"A",.,"A",.,"A",.,"A",.,"A",.,"A",.,"A",.,"A",.,"A",.,"A",.,"A",.,"A",140,"D",.,"A",.,"A"
"20104",2246843,48,0,"1",.,"A",.,"A",.,"A",.,"A",.,"A",.,"A",.,"A",.,"A",.,"A",.,"A",.,"A",.,"A",20,"D",.,"A",.,"A"
"20104",2246855,28,0,"1",.,"A",.,"A",.,"A",.,"A",.,"A",.,"A",.,"A",.,"A",.,"A",.,"A",.,"A",.,"A",30,"D",.,"A",.,"A"
"20104",2246873,23,0,"1",.,"A",.,"A",.,"A",.,"A",.,"A",.,"A",195,"D",.,"A",.,"A",.,"A",.,"A",.,"A",.,"A",.,"A",.,"A"
"20104",2246893,39,0,"1",.,"A",.,"A",.,"A",.,"A",.,"A",.,"A",234,"D",.,"A",.,"A",.,"A",.,"A",.,"A",18,"D",.,"A",.,"A"
"20104",2246913,59,0,"1",.,"A",.,"A",.,"A",.,"A",.,"A",.,"A",.,"A",.,"A",6,"D",.,"A",.,"A",.,"A",.,"A",.,"A",.,"A"
"20104",2246944,56,0,"1",.,"A",.,"A",.,"A",.,"A",.,"A",.,"A",.,"A",.,"A",.,"A",.,"A",.,"A",.,"A",90,"D",.,"A",.,"A"
"20104",2246955,30,0,"1",.,"A",.,"A",.,"A",.,"A",6,"D",.,"A",.,"A",.,"A",.,"A",.,"A",.,"A",.,"A",210,"D",.,"A",.,"A"
"20104",2246963,42,0,"1",.,"A",.,"A",.,"A",.,"A",.,"A",.,"A",.,"A",.,"A",.,"A",.,"A",.,"A",.,"A",60,"D",.,"A",.,"A"
"20104",2246973,51,0,"1",.,"A",.,"A",.,"A",.,"A",.,"A",.,"A",.,"A",.,"A",.,"A",.,"A",.,"A",.,"A",10,"D",.,"A",.,"A"
"20104",2247003,53,0,"1",.,"A",.,"A",.,"A",.,"A",.,"A",.,"A",.,"A",.,"A",.,"A",.,"A",.,"A",.,"A",.,"A",.,"A",.,"A"
"20104",2247013,61,0,"1",.,"A",.,"A",.,"A",.,"A",.,"A",.,"A",.,"A",.,"A",.,"A",.,"A",.,"A",.,"A",70,"D",.,"A",.,"A"
"20104",2247024,46,0,"1",.,"A",.,"A",.,"A",.,"A",.,"A",.,"A",.,"A",.,"A",.,"A",.,"A",.,"A",.,"A",.,"A",.,"A",.,"A"
"20104",2247034,53,0,"1",.,"A",.,"A",.,"A",.,"A",.,"A",.,"A",.,"A",.,"A",.,"A",.,"A",.,"A",.,"A",.,"A",.,"A",.,"A"
"20104",2247043,56,0,"1",.,"A",.,"A",.,"A",.,"A",.,"A",.,"A",.,"A",.,"A",.,"A",.,"A",.,"A",.,"A",60,"D",.,"A",.,"A"
"20104",2247094,66,0,"1",.,"A",.,"A",.,"A",.,"A",.,"A",.,"A",.,"A",.,"A",.,"A",.,"A",.,"A",.,"A",60,"D",.,"A",.,"A"
"20104",2247123,59,0,"1",.,"A",.,"A",.,"A",.,"A",.,"A",.,"A",910,"D",.,"A",.,"A",.,"A",.,"A",.,"A",220,"D",.,"A",.,"A"
"20104",2247133,37,0,"1",.,"A",.,"A",.,"A",18,"D",.,"A",80,"D",.,"A",.,"A",.,"A",.,"A",.,"A",.,"A",225,"D",.,"A",.,"A"
"20104",2247143,45,0,"1",.,"A",.,"A",.,"A",.,"A",.,"A",20,"D",.,"A",.,"A",300,"D",.,"A",.,"A",.,"A",160,"D",.,"A",.,"A"
"20104",2247174,46,0,"1",.,"A",.,"A",.,"A",.,"A",.,"A",.,"A",.,"A",.,"A",.,"A",.,"A",.,"A",.,"A",75,"D",.,"A",.,"A"
"20104",2247264,69,0,"1",.,"A",.,"A",.,"A",.,"A",.,"A",.,"A",.,"A",.,"A",.,"A",.,"A",.,"A",.,"A",30,"D",.,"A",.,"A"
"20104",2247273,60,0,"1",.,"A",.,"A",24,"D",.,"A",.,"A",.,"A",.,"A",.,"A",.,"A",.,"A",.,"A",.,"A",96,"D",.,"A",.,"A"
"20104",2247284,86,0,"1",.,"A",.,"A",.,"A",.,"A",.,"A",.,"A",.,"A",.,"A",.,"A",.,"A",.,"A",.,"A",135,"D",.,"A",.,"A"
"20104",2247323,50,0,"1",.,"A",.,"A",.,"A",.,"A",.,"A",75,"D",975,"D",104,"D",.,"A",.,"A",.,"A",.,"A",240,"D",.,"A",.,"A"
"20104",2247334,30,0,"1",.,"A",.,"A",.,"A",.,"A",20,"D",.,"A",.,"A",.,"A",.,"A",267,"D",0,"D",0,"D",20,"D",89,"D",.,"A"
"20104",2247343,35,0,"1",.,"A",.,"A",.,"A",.,"A",.,"A",.,"A",.,"A",.,"A",.,"A",.,"A",.,"A",.,"A",.,"A",.,"A",.,"A"
"20104",2247374,45,0,"1",.,"A",.,"A",.,"A",.,"A",.,"A",.,"A",.,"A",.,"A",.,"A",.,"A",.,"A",.,"A",.,"A",.,"A",.,"A"
"20104",2247423,69,0,"1",.,"A",.,"A",.,"A",.,"A",.,"A",.,"A",.,"A",.,"A",.,"A",.,"A",.,"A",.,"A",.,"A",.,"A",.,"A"
"20104",2247453,56,0,"1",.,"A",.,"A",.,"A",.,"A",.,"A",.,"A",.,"A",.,"A",.,"A",45,"D",0,"D",0,"D",220,"D",15,"D",.,"A"
"20104",2247463,39,0,"1",.,"A",.,"A",.,"A",.,"A",.,"A",.,"A",.,"A",.,"A",.,"A",.,"A",.,"A",.,"A",.,"A",.,"A",.,"A"
"20104",2247474,61,0,"1",.,"A",.,"A",40,"D",.,"A",.,"A",.,"A",.,"A",.,"A",.,"A",.,"A",.,"A",.,"A",26,"D",.,"A",.,"A"
"20104",2247493,43,0,"1",60,"D",.,"A",.,"A",.,"A",60,"D",.,"A",.,"A",.,"A",.,"A",.,"A",.,"A",.,"A",72,"D",.,"A",.,"A"
"20104",2247504,49,0,"1",.,"A",.,"A",.,"A",.,"A",.,"A",.,"A",1040,"D",.,"A",.,"A",.,"A",.,"A",.,"A",.,"A",.,"A",.,"A"
"20104",2247523,25,0,"1",.,"A",.,"A",.,"A",.,"A",.,"A",.,"A",.,"A",.,"A",.,"A",.,"A",.,"A",.,"A",.,"A",.,"A",.,"A"
"20104",2247533,73,0,"1",.,"A",.,"A",.,"A",.,"A",.,"A",.,"A",.,"A",.,"A",.,"A",.,"A",.,"A",.,"A",20,"D",.,"A",.,"A"
"20104",2247574,40,0,"1",.,"A",.,"A",.,"A",.,"A",.,"A",.,"A",728,"D",.,"A",.,"A",.,"A",.,"A",.,"A",.,"A",.,"A",.,"A"
"20104",2247604,44,0,"1",.,"A",.,"A",.,"A",8,"D",.,"A",.,"A",.,"A",.,"A",.,"A",0,"D",0,"D",60,"D",9,"D",0,"D",.,"A"
"20104",2247614,64,0,"1",.,"A",.,"A",.,"A",.,"A",.,"A",.,"A",.,"A",.,"A",.,"A",.,"A",.,"A",.,"A",105,"D",.,"A",.,"A"
"20104",2247633,54,0,"1",.,"A",.,"A",.,"A",.,"A",.,"A",.,"A",.,"A",.,"A",.,"A",.,"A",.,"A",.,"A",20,"D",.,"A",.,"A"
"20104",2247654,69,0,"1",.,"A",.,"A",.,"A",.,"A",.,"A",.,"A",1248,"D",.,"A",.,"A",.,"A",.,"A",.,"A",.,"A",.,"A",.,"A"
"20104",2247743,42,0,"1",.,"A",.,"A",.,"A",.,"A",.,"A",.,"A",.,"A",.,"A",45,"D",150,"D",0,"D",75,"D",50,"D",50,"D",.,"A"
"20104",2247763,33,0,"1",.,"A",.,"A",.,"A",.,"A",.,"A",.,"A",.,"A",39,"D",.,"A",.,"A",.,"A",.,"A",.,"A",.,"A",.,"A"
"20104",2247784,44,0,"1",.,"A",.,"A",.,"A",.,"A",.,"A",.,"A",520,"D",.,"A",.,"A",.,"A",.,"A",.,"A",200,"D",.,"A",.,"A"
"20104",2247793,46,0,"1",.,"A",.,"A",.,"A",.,"A",.,"A",.,"A",.,"A",.,"A",.,"A",.,"A",.,"A",.,"A",190,"D",.,"A",.,"A"
"20104",2247814,55,0,"1",.,"A",.,"A",.,"A",223,"D",.,"A",14,"D",.,"A",.,"A",.,"A",.,"A",.,"A",.,"A",51,"D",.,"A",.,"A"
"20104",2247854,82,0,"1",.,"A",.,"A",.,"A",.,"A",.,"A",.,"A",.,"A",.,"A",.,"A",.,"A",.,"A",.,"A",80,"D",.,"A",.,"A"
"20104",2247883,41,0,"1",.,"A",.,"A",.,"A",.,"A",.,"A",.,"A",.,"A",.,"A",.,"A",.,"A",.,"A",.,"A",.,"A",.,"A",.,"A"
"20104",2247934,54,0,"1",.,"A",.,"A",.,"A",.,"A",.,"A",.,"A",.,"A",.,"A",.,"A",.,"A",.,"A",.,"A",.,"A",.,"A",.,"A"
"20104",2247974,39,0,"1",.,"A",.,"A",.,"A",.,"A",.,"A",.,"A",.,"A",.,"A",.,"A",.,"A",.,"A",.,"A",45,"D",.,"A",.,"A"
"20104",2248013,35,0,"1",.,"A",.,"A",.,"A",.,"A",.,"A",.,"A",.,"A",.,"A",.,"A",.,"A",.,"A",.,"A",.,"A",.,"A",.,"A"
"20104",2248024,46,0,"1",.,"A",.,"A",.,"A",.,"A",.,"A",30,"D",.,"A",.,"A",.,"A",.,"A",.,"A",.,"A",40,"D",.,"A",.,"A"
"20104",2248083,45,0,"1",.,"A",.,"A",.,"A",.,"A",.,"A",.,"A",52,"D",1014,"D",.,"A",.,"A",.,"A",.,"A",22,"D",.,"A",.,"A"
"20104",2248094,36,0,"1",.,"A",.,"A",.,"A",.,"A",.,"A",.,"A",.,"A",.,"A",.,"A",.,"A",.,"A",.,"A",.,"A",.,"A",.,"A"
"20104",2248104,49,0,"1",.,"A",.,"A",.,"A",.,"A",.,"A",.,"A",.,"A",.,"A",.,"A",.,"A",.,"A",.,"A",36,"D",.,"A",.,"A"
"20104",2248114,55,0,"1",.,"A",.,"A",.,"A",.,"A",.,"A",180,"D",.,"A",.,"A",.,"A",.,"A",.,"A",.,"A",408,"D",.,"A",.,"A"
"20104",2248124,76,0,"1",.,"A",.,"A",.,"A",.,"A",.,"A",.,"A",.,"A",.,"A",.,"A",.,"A",.,"A",.,"A",.,"A",.,"A",.,"A"
"20104",2248133,26,0,"1",.,"A",.,"A",.,"A",.,"A",.,"A",.,"A",.,"A",.,"A",.,"A",.,"A",.,"A",.,"A",.,"A",.,"A",.,"A"
"20104",2248143,46,0,"1",.,"A",.,"A",.,"A",.,"A",.,"A",.,"A",.,"A",.,"A",.,"A",.,"A",.,"A",.,"A",.,"A",.,"A",.,"A"
"20104",2248154,71,0,"1",.,"A",.,"A",.,"A",.,"A",.,"A",.,"A",.,"A",.,"A",.,"A",21,"D",0,"D",0,"D",580,"D",7,"D",.,"A"
"20104",2248164,55,0,"1",.,"A",.,"A",.,"A",40,"D",40,"D",.,"A",.,"A",.,"A",18,"D",0,"D",0,"D",30,"D",20,"D",0,"D",.,"A"
"20104",2248193,72,0,"1",.,"A",30,"D",.,"A",.,"A",.,"A",0,"D",.,"A",.,"A",.,"A",.,"A",.,"A",.,"A",80,"D",.,"A",.,"A"
"20104",2248213,40,0,"1",.,"A",.,"A",.,"A",.,"A",.,"A",.,"A",.,"A",.,"A",.,"A",.,"A",.,"A",.,"A",.,"A",.,"A",.,"A"
"20104",2248223,44,0,"1",.,"A",.,"A",.,"A",.,"A",.,"A",.,"A",.,"A",.,"A",.,"A",.,"A",.,"A",.,"A",39,"D",.,"A",.,"A"
"20104",2248243,35,0,"1",.,"A",.,"A",.,"A",50,"D",.,"A",.,"A",.,"A",.,"A",.,"A",.,"A",.,"A",.,"A",150,"D",.,"A",.,"A"
"20104",2248263,48,0,"1",.,"A",.,"A",.,"A",.,"A",.,"A",.,"A",.,"A",.,"A",9,"D",.,"A",.,"A",.,"A",180,"D",.,"A",.,"A"
"20104",2248284,39,0,"1",.,"A",.,"A",.,"A",.,"A",20,"D",.,"A",.,"A",.,"A",.,"A",.,"A",.,"A",.,"A",20,"D",.,"A",.,"A"
"20104",2248324,59,0,"1",.,"A",.,"A",.,"A",.,"A",.,"A",.,"A",.,"A",.,"A",.,"A",.,"A",.,"A",.,"A",30,"D",.,"A",.,"A"
"20104",2248334,31,0,"1",.,"A",.,"A",.,"A",.,"A",40,"D",.,"A",.,"A",.,"A",.,"A",.,"A",.,"A",.,"A",.,"A",.,"A",.,"A"
"20104",2248383,30,0,"1",.,"A",.,"A",.,"A",.,"A",.,"A",.,"A",.,"A",.,"A",.,"A",.,"A",.,"A",.,"A",40,"D",.,"A",.,"A"
"20104",2248394,24,0,"1",.,"A",.,"A",.,"A",.,"A",20,"D",.,"A",.,"A",.,"A",.,"A",.,"A",.,"A",.,"A",.,"A",.,"A",.,"A"
"20104",2248434,52,0,"1",3,"D",.,"A",.,"A",50,"D",7,"D",.,"A",.,"A",.,"A",.,"A",180,"D",0,"D",0,"D",350,"D",60,"D",.,"A"
"20104",2248444,38,0,"1",.,"A",.,"A",.,"A",.,"A",240,"D",.,"A",325,"D",.,"A",.,"A",.,"A",.,"A",.,"A",.,"A",.,"A",.,"A"
"20104",2248524,54,0,"1",.,"A",.,"A",.,"A",.,"A",.,"A",45,"D",.,"A",.,"A",.,"A",.,"A",.,"A",.,"A",288,"D",.,"A",.,"A"
"20104",2248533,74,0,"1",.,"A",.,"A",.,"A",.,"A",.,"A",.,"A",.,"A",.,"A",.,"A",.,"A",.,"A",.,"A",121,"D",.,"A",.,"A"
"20104",2248573,35,0,"1",.,"A",.,"A",.,"A",.,"A",.,"A",.,"A",.,"A",78,"D",54,"D",.,"A",.,"A",.,"A",.,"A",.,"A",.,"A"
"20104",2248584,29,0,"1",.,"A",.,"A",.,"A",.,"A",27,"D",10,"D",.,"A",.,"A",.,"A",.,"A",.,"A",.,"A",30,"D",.,"A",.,"A"
"20104",2248613,35,0,"1",.,"A",.,"A",.,"A",.,"A",.,"A",.,"A",.,"A",.,"A",.,"A",.,"A",.,"A",.,"A",.,"A",.,"A",.,"A"
"20104",2248644,65,0,"1",.,"A",.,"A",.,"A",.,"A",.,"A",.,"A",.,"A",.,"A",.,"A",.,"A",.,"A",.,"A",60,"D",.,"A",.,"A"
"20104",2248674,51,0,"1",.,"A",.,"A",.,"A",.,"A",.,"A",.,"A",.,"A",.,"A",.,"A",.,"A",.,"A",.,"A",120,"D",.,"A",.,"A"
"20104",2248684,57,0,"1",.,"A",.,"A",.,"A",.,"A",.,"A",.,"A",325,"D",.,"A",.,"A",.,"A",.,"A",.,"A",.,"A",.,"A",.,"A"
"20104",2248704,44,0,"1",.,"A",.,"A",.,"A",.,"A",.,"A",.,"A",.,"A",.,"A",.,"A",.,"A",.,"A",.,"A",.,"A",.,"A",.,"A"
"20104",2248714,89,0,"1",.,"A",.,"A",.,"A",.,"A",.,"A",.,"A",.,"A",.,"A",180,"D",.,"A",.,"A",.,"A",75,"D",.,"A",.,"A"
"20104",2248724,37,0,"1",.,"A",.,"A",.,"A",.,"A",.,"A",.,"A",.,"A",.,"A",.,"A",.,"A",.,"A",.,"A",15,"D",.,"A",.,"A"
"20104",2248734,31,0,"1",.,"A",.,"A",.,"A",.,"A",.,"A",.,"A",.,"A",.,"A",.,"A",.,"A",.,"A",.,"A",.,"A",.,"A",.,"A"
"20104",2248754,53,0,"1",.,"A",.,"A",.,"A",.,"A",.,"A",.,"A",.,"A",.,"A",.,"A",.,"A",.,"A",.,"A",80,"D",.,"A",.,"A"
"20104",2248763,29,0,"1",.,"A",.,"A",.,"A",.,"A",.,"A",.,"A",130,"D",.,"A",.,"A",.,"A",.,"A",.,"A",.,"A",.,"A",.,"A"
"20104",2248794,45,0,"1",.,"A",.,"A",.,"A",.,"A",.,"A",.,"A",.,"A",.,"A",45,"D",.,"A",.,"A",.,"A",.,"A",.,"A",.,"A"
"20104",2248823,40,0,"1",.,"A",.,"A",.,"A",.,"A",.,"A",.,"A",.,"A",.,"A",.,"A",.,"A",.,"A",.,"A",150,"D",.,"A",.,"A"
"20104",2248913,34,0,"1",.,"A",.,"A",.,"A",.,"A",150,"D",.,"A",.,"A",.,"A",.,"A",.,"A",.,"A",.,"A",100,"D",.,"A",.,"A"
"20104",2248924,49,0,"1",.,"A",.,"A",.,"A",.,"A",.,"A",.,"A",.,"A",.,"A",.,"A",.,"A",.,"A",.,"A",60,"D",.,"A",.,"A"
"20104",2248933,35,0,"1",.,"A",.,"A",.,"A",.,"A",.,"A",.,"A",.,"A",.,"A",.,"A",.,"A",.,"A",.,"A",.,"A",.,"A",.,"A"
"20104",2248944,46,0,"1",.,"A",.,"A",.,"A",.,"A",.,"A",.,"A",.,"A",.,"A",.,"A",.,"A",.,"A",.,"A",.,"A",.,"A",.,"A"
"20104",2248974,64,0,"1",.,"A",.,"A",.,"A",.,"A",.,"A",.,"A",.,"A",.,"A",.,"A",.,"A",.,"A",.,"A",.,"A",.,"A",.,"A"
"20104",2248993,48,0,"1",.,"A",.,"A",.,"A",.,"A",25,"D",63,"D",.,"A",.,"A",.,"A",.,"A",.,"A",.,"A",.,"A",.,"A",.,"A"
"20104",2249053,48,0,"1",.,"A",.,"A",.,"A",.,"A",.,"A",.,"A",.,"A",.,"A",.,"A",.,"A",.,"A",.,"A",250,"D",.,"A",.,"A"
"20104",2249064,52,0,"1",.,"A",.,"A",.,"A",.,"A",.,"A",.,"A",.,"A",.,"A",.,"A",.,"A",.,"A",.,"A",70,"D",.,"A",.,"A"
"20104",2249073,27,0,"1",.,"A",.,"A",.,"A",.,"A",.,"A",.,"A",.,"A",.,"A",.,"A",.,"A",.,"A",.,"A",.,"A",.,"A",.,"A"
"20104",2249083,32,0,"1",.,"A",.,"A",.,"A",.,"A",65,"D",.,"A",.,"A",.,"A",.,"A",.,"A",.,"A",.,"A",35,"D",.,"A",.,"A"
"20104",2249133,48,0,"1",.,"A",.,"A",.,"A",.,"A",.,"A",.,"A",.,"A",.,"A",.,"A",.,"A",.,"A",.,"A",.,"A",.,"A",.,"A"
"20104",2249154,46,0,"1",.,"A",.,"A",.,"A",.,"A",.,"A",200,"D",.,"A",.,"A",.,"A",.,"A",.,"A",.,"A",600,"D",.,"A",.,"A"
"20104",2249194,31,0,"1",.,"A",.,"A",.,"A",.,"A",.,"A",.,"A",.,"A",.,"A",.,"A",.,"A",.,"A",.,"A",15,"D",.,"A",.,"A"
"20104",2249214,47,0,"1",.,"A",.,"A",.,"A",.,"A",.,"A",.,"A",.,"A",.,"A",.,"A",.,"A",.,"A",.,"A",.,"A",.,"A",.,"A"
"20104",2249235,35,0,"1",.,"A",.,"A",1,"D",.,"A",.,"A",.,"A",910,"F",.,"A",.,"A",.,"A",.,"A",.,"A",.,"A",.,"A",.,"A"
"20104",2249243,41,0,"1",.,"A",.,"A",.,"A",.,"A",.,"A",.,"A",.,"A",.,"A",.,"A",.,"A",.,"A",.,"A",.,"A",.,"A",.,"A"
"20104",2249264,61,0,"1",.,"A",.,"A",.,"A",.,"A",.,"A",.,"A",.,"A",.,"A",.,"A",0,"D",0,"D",9,"D",12,"D",0,"D",.,"A"
"20104",2249273,24,0,"1",.,"A",.,"A",.,"A",.,"A",.,"A",.,"A",260,"D",.,"A",.,"A",.,"A",.,"A",.,"A",.,"A",.,"A",.,"A"
"20104",2249303,51,0,"1",.,"A",.,"A",1,"D",.,"A",.,"A",.,"A",.,"A",.,"A",.,"A",.,"A",.,"A",.,"A",.,"A",.,"A",.,"A"
"20104",2249314,47,0,"1",.,"A",.,"A",.,"A",.,"A",.,"A",.,"A",1040,"D",.,"A",.,"A",.,"A",.,"A",.,"A",30,"D",.,"A",.,"A"
"20104",2249324,65,0,"1",.,"A",.,"A",.,"A",.,"A",.,"A",.,"A",.,"A",.,"A",.,"A",.,"A",.,"A",.,"A",90,"D",.,"A",.,"A"
"20104",2249333,44,0,"1",.,"A",.,"A",.,"A",.,"A",300,"D",.,"A",.,"A",.,"A",.,"A",.,"A",.,"A",.,"A",.,"A",.,"A",.,"A"
"20104",2249343,32,0,"1",.,"A",.,"A",.,"A",.,"A",60,"D",.,"A",390,"D",.,"A",.,"A",.,"A",.,"A",.,"A",.,"A",.,"A",.,"A"
"20104",2249353,35,0,"1",.,"A",.,"A",.,"A",.,"A",.,"A",.,"A",.,"A",.,"A",.,"A",.,"A",.,"A",.,"A",.,"A",.,"A",.,"A"
"20104",2249363,50,0,"1",.,"A",.,"A",.,"A",.,"A",.,"A",.,"A",.,"A",.,"A",.,"A",.,"A",.,"A",.,"A",25,"D",.,"A",.,"A"
"20104",2249374,29,0,"1",.,"A",.,"A",.,"A",.,"A",.,"A",.,"A",.,"A",.,"A",.,"A",.,"A",.,"A",.,"A",.,"A",.,"A",.,"A"
"20104",2249394,46,0,"1",.,"A",.,"A",.,"A",.,"A",.,"A",.,"A",.,"A",.,"A",.,"A",.,"A",.,"A",.,"A",24,"D",.,"A",.,"A"
"20104",2249423,44,0,"1",.,"A",.,"A",.,"A",.,"A",.,"A",.,"A",.,"A",.,"A",.,"A",.,"A",.,"A",.,"A",39,"D",.,"A",.,"A"
"20104",2249443,43,0,"1",.,"A",.,"A",.,"A",.,"A",.,"A",.,"A",.,"A",.,"A",.,"A",.,"A",.,"A",.,"A",12,"D",.,"A",.,"A"
"20104",2249473,38,0,"1",9,"D",.,"A",.,"A",260,"D",22,"D",.,"A",.,"A",.,"A",.,"A",.,"A",.,"A",.,"A",.,"A",.,"A",.,"A"
"20104",2249533,48,0,"1",.,"A",.,"A",.,"A",.,"A",.,"A",.,"A",.,"A",.,"A",.,"A",.,"A",.,"A",.,"A",100,"D",.,"A",.,"A"
"20104",2249543,37,0,"1",20,"D",.,"A",.,"A",.,"A",25,"D",.,"A",.,"A",.,"A",.,"A",.,"A",.,"A",.,"A",.,"A",.,"A",.,"A"
"20104",2249584,31,0,"1",5,"D",.,"A",.,"A",70,"D",15,"D",.,"A",.,"A",.,"A",.,"A",0,"D",0,"D",45,"D",.,"A",0,"D",.,"A"
"20104",2249613,52,0,"1",.,"A",.,"A",.,"A",.,"A",.,"A",.,"A",130,"D",.,"A",.,"A",.,"A",.,"A",.,"A",320,"D",.,"A",.,"A"
"20104",2249674,63,0,"1",.,"A",.,"A",.,"A",.,"A",.,"A",.,"A",.,"A",.,"A",.,"A",.,"A",.,"A",.,"A",120,"D",.,"A",.,"A"
"20104",2249683,64,0,"1",.,"A",.,"A",.,"A",.,"A",.,"A",100,"D",.,"A",.,"A",45,"D",.,"A",.,"A",.,"A",600,"D",.,"A",.,"A"
"20104",2249733,30,0,"1",.,"A",.,"A",.,"A",.,"A",160,"D",.,"A",.,"A",.,"A",.,"A",.,"A",.,"A",.,"A",.,"A",.,"A",.,"A"
"20104",2249744,82,0,"1",.,"A",.,"A",.,"A",.,"A",.,"A",.,"A",.,"A",.,"A",.,"A",.,"A",.,"A",.,"A",300,"D",.,"A",.,"A"
"20104",2249783,42,0,"1",.,"A",.,"A",.,"A",.,"A",.,"A",.,"A",.,"A",.,"A",.,"A",.,"A",.,"A",.,"A",100,"D",.,"A",.,"A"
"20104",2249794,61,0,"1",.,"A",.,"A",.,"A",.,"A",.,"A",44,"D",.,"A",.,"A",.,"A",.,"A",.,"A",.,"A",18,"D",.,"A",.,"A"
"20104",2249813,81,0,"1",.,"A",.,"A",.,"A",.,"A",.,"A",.,"A",.,"A",.,"A",.,"A",.,"A",.,"A",.,"A",105,"D",.,"A",.,"A"
"20104",2249853,37,0,"1",.,"A",.,"A",.,"A",.,"A",.,"A",.,"A",.,"A",.,"A",.,"A",.,"A",.,"A",.,"A",.,"A",.,"A",.,"A"
"20104",2249873,44,0,"1",.,"A",.,"A",.,"A",.,"A",.,"A",.,"A",325,"D",.,"A",.,"A",.,"A",.,"A",.,"A",10,"D",.,"A",.,"A"
"20104",2249924,53,0,"1",.,"A",.,"A",.,"A",.,"A",.,"A",.,"A",.,"A",.,"A",.,"A",.,"A",.,"A",.,"A",55,"D",.,"A",.,"A"
"20104",2249944,55,0,"1",.,"A",.,"A",.,"A",.,"A",.,"A",360,"D",260,"D",260,"D",.,"A",.,"A",.,"A",.,"A",225,"D",.,"A",.,"A"
"20104",2249965,52,0,"1",.,"A",.,"A",.,"A",.,"A",.,"A",.,"A",455,"D",.,"A",75,"D",0,"D",0,"D",90,"D",40,"D",0,"D",.,"A"
"20104",2249974,55,0,"1",.,"A",.,"A",.,"A",.,"A",.,"A",.,"A",.,"A",.,"A",.,"A",.,"A",.,"A",.,"A",12,"D",.,"A",.,"A"
"20104",2249983,43,0,"1",.,"A",.,"A",.,"A",.,"A",.,"A",.,"A",.,"A",.,"A",105,"F",.,"A",.,"A",.,"A",240,"D",.,"A",.,"A"
"20104",2250014,43,0,"1",.,"A",.,"A",.,"A",.,"A",.,"A",.,"A",.,"A",.,"A",.,"A",.,"A",.,"A",.,"A",.,"A",.,"A",.,"A"
"20104",2250033,78,0,"1",.,"A",.,"A",.,"A",.,"A",.,"A",.,"A",.,"A",.,"A",.,"A",.,"A",.,"A",.,"A",60,"D",.,"A",.,"A"
"20104",2250044,78,0,"1",.,"A",.,"A",.,"A",.,"A",.,"A",12,"D",.,"A",.,"A",.,"A",.,"A",.,"A",.,"A",375,"D",.,"A",.,"A"
"20104",2250073,39,0,"1",.,"A",.,"A",.,"A",.,"A",.,"A",.,"A",.,"A",.,"A",.,"A",.,"A",.,"A",.,"A",.,"A",.,"A",.,"A"
"20104",2250104,94,0,"1",.,"A",.,"A",.,"A",.,"A",.,"A",.,"A",1274,"D",.,"A",.,"A",.,"A",.,"A",.,"A",12,"D",.,"A",.,"A"
"20104",2250113,52,0,"1",.,"A",.,"A",.,"A",.,"A",.,"A",.,"A",.,"A",.,"A",.,"A",.,"A",.,"A",.,"A",300,"D",.,"A",.,"A"
"20104",2250164,72,0,"1",.,"A",.,"A",.,"A",.,"A",.,"A",.,"A",.,"A",.,"A",.,"A",.,"A",.,"A",.,"A",150,"D",.,"A",.,"A"
"20104",2250204,65,0,"1",.,"A",.,"A",.,"A",.,"A",350,"D",32,"D",.,"A",.,"A",.,"A",.,"A",.,"A",.,"A",.,"A",.,"A",.,"A"
"20104",2250243,36,0,"1",.,"A",.,"A",.,"A",.,"A",.,"A",.,"A",.,"A",.,"A",3,"D",.,"A",.,"A",.,"A",.,"A",.,"A",.,"A"
"20104",2250253,39,0,"1",.,"A",.,"A",.,"A",.,"A",79,"D",.,"A",.,"A",.,"A",.,"A",.,"A",.,"A",.,"A",.,"A",.,"A",.,"A"
"20104",2250314,55,0,"1",.,"A",.,"A",.,"A",.,"A",.,"A",.,"A",.,"A",.,"A",18,"D",.,"A",.,"A",.,"A",300,"D",.,"A",.,"A"
"20104",2250334,50,0,"1",.,"A",.,"A",.,"A",.,"A",.,"A",150,"D",.,"A",.,"A",.,"A",.,"A",.,"A",.,"A",360,"D",.,"A",.,"A"
"20104",2250343,66,0,"1",4,"D",.,"A",.,"A",.,"A",0,"D",.,"A",.,"A",.,"A",.,"A",.,"A",.,"A",.,"A",60,"D",.,"A",.,"A"
"20104",2250354,64,0,"1",.,"A",.,"A",.,"A",.,"A",.,"A",40,"D",585,"D",.,"A",.,"A",.,"A",.,"A",.,"A",40,"D",.,"A",.,"A"
"20104",2250374,48,0,"1",.,"A",.,"A",.,"A",.,"A",.,"A",.,"A",.,"A",.,"A",.,"A",.,"A",.,"A",.,"A",15,"D",.,"A",.,"A"
"20104",2250433,54,0,"1",.,"A",.,"A",.,"A",.,"A",.,"A",.,"A",.,"A",.,"A",.,"A",.,"A",.,"A",.,"A",150,"D",.,"A",.,"A"
"20104",2250473,59,0,"1",.,"A",.,"A",.,"A",.,"A",.,"A",.,"A",.,"A",325,"D",.,"A",.,"A",.,"A",.,"A",180,"D",.,"A",.,"A"
"20104",2250543,41,0,"1",.,"A",.,"A",.,"A",.,"A",.,"A",.,"A",.,"A",.,"A",.,"A",.,"A",.,"A",.,"A",75,"D",.,"A",.,"A"
"20104",2250564,58,0,"1",.,"A",.,"A",.,"A",.,"A",.,"A",.,"A",.,"A",.,"A",.,"A",.,"A",.,"A",.,"A",28,"D",.,"A",.,"A"
"20104",2250593,61,0,"1",.,"A",.,"A",.,"A",.,"A",.,"A",.,"A",.,"A",.,"A",75,"D",.,"A",.,"A",.,"A",30,"D",.,"A",.,"A"
"20104",2250604,27,0,"1",.,"A",.,"A",.,"A",.,"A",.,"A",.,"A",104,"D",26,"D",.,"A",.,"A",.,"A",.,"A",7,"D",.,"A",.,"A"
"20104",2250643,40,0,"1",.,"A",.,"A",.,"A",.,"A",.,"A",.,"A",520,"D",.,"A",.,"A",.,"A",.,"A",.,"A",.,"A",.,"A",.,"A"
"20104",2250684,35,0,"1",.,"A",.,"A",.,"A",.,"A",.,"A",.,"A",.,"A",.,"A",.,"A",.,"A",.,"A",.,"A",300,"D",.,"A",.,"A"
"20104",2250704,30,0,"1",.,"A",.,"A",.,"A",.,"A",.,"A",.,"A",.,"A",.,"A",.,"A",.,"A",.,"A",.,"A",.,"A",.,"A",.,"A"
"20104",2250713,30,0,"1",.,"A",.,"A",.,"A",.,"A",80,"D",.,"A",.,"A",.,"A",60,"D",.,"A",.,"A",.,"A",65,"D",.,"A",.,"A"
"20104",2250734,33,0,"1",.,"A",.,"A",.,"A",.,"A",.,"A",.,"A",520,"D",.,"A",.,"A",.,"A",.,"A",.,"A",.,"A",.,"A",.,"A"
"20104",2250744,50,0,"1",.,"A",.,"A",.,"A",.,"A",.,"A",.,"A",390,"D",.,"A",.,"A",.,"A",.,"A",.,"A",.,"A",.,"A",.,"A"
"20104",2250764,28,0,"1",.,"A",.,"A",.,"A",.,"A",75,"D",.,"A",.,"A",.,"A",.,"A",.,"A",.,"A",.,"A",80,"D",.,"A",.,"A"
"20104",2250784,48,0,"1",.,"A",.,"A",.,"A",.,"A",.,"A",.,"A",.,"A",195,"D",18,"D",.,"A",.,"A",.,"A",170,"D",.,"A",.,"A"
"20104",2250795,71,0,"1",.,"A",.,"A",.,"A",.,"A",.,"A",30,"D",.,"A",.,"A",.,"A",.,"A",.,"A",.,"A",60,"D",.,"A",.,"A"
"20104",2250834,44,0,"1",.,"A",.,"A",.,"A",.,"A",.,"A",.,"A",.,"A",.,"A",.,"A",.,"A",.,"A",.,"A",.,"A",.,"A",.,"A"
"20104",2250843,46,0,"1",.,"A",.,"A",.,"A",.,"A",100,"D",.,"A",.,"A",.,"A",.,"A",.,"A",.,"A",.,"A",.,"A",.,"A",.,"A"
"20104",2250863,25,0,"1",.,"A",.,"A",.,"A",.,"A",.,"A",.,"A",.,"A",.,"A",.,"A",.,"A",.,"A",.,"A",.,"A",.,"A",.,"A"
"20104",2250874,42,0,"1",.,"A",.,"A",.,"A",.,"A",.,"A",250,"D",78,"D",.,"A",.,"A",.,"A",.,"A",.,"A",90,"D",.,"A",.,"A"
"20104",2250904,41,0,"1",.,"A",.,"A",.,"A",.,"A",.,"A",40,"D",.,"A",.,"A",.,"A",.,"A",.,"A",.,"A",70,"D",.,"A",.,"A"
"20104",2250914,66,0,"1",.,"A",.,"A",.,"A",.,"A",.,"A",.,"A",.,"A",.,"A",.,"A",.,"A",.,"A",.,"A",180,"D",.,"A",.,"A"
"20104",2250924,56,0,"1",.,"A",.,"A",.,"A",.,"A",.,"A",.,"A",.,"A",.,"A",.,"A",.,"A",.,"A",.,"A",.,"A",.,"A",.,"A"
"20104",2250934,55,0,"1",.,"A",45,"D",.,"A",.,"A",.,"A",45,"D",.,"A",.,"A",.,"A",.,"A",.,"A",.,"A",40,"D",.,"A",.,"A"
"20104",2250983,53,0,"1",.,"A",.,"A",.,"A",.,"A",.,"A",30,"D",.,"A",.,"A",.,"A",.,"A",.,"A",.,"A",20,"D",.,"A",.,"A"
"20104",2250994,57,0,"1",.,"A",.,"A",.,"A",.,"A",.,"A",.,"A",182,"D",.,"A",75,"D",.,"A",.,"A",.,"A",216,"D",.,"A",.,"A"
"20104",2251003,36,0,"1",.,"A",.,"A",.,"A",.,"A",.,"A",.,"A",.,"A",.,"A",.,"A",.,"A",.,"A",.,"A",.,"A",.,"A",.,"A"
"20104",2251024,71,0,"1",.,"A",.,"A",.,"A",.,"A",.,"A",.,"A",.,"A",.,"A",.,"A",.,"A",.,"A",.,"A",.,"A",.,"A",.,"A"
"20104",2251034,31,0,"1",.,"A",.,"A",.,"A",.,"A",.,"A",.,"A",143,"D",.,"A",.,"A",.,"A",.,"A",.,"A",.,"A",.,"A",.,"A"
"20104",2251043,73,0,"1",.,"A",.,"A",.,"A",.,"A",.,"A",.,"A",.,"A",.,"A",.,"A",.,"A",.,"A",.,"A",305,"D",.,"A",.,"A"
"20104",2251053,96,0,"1",.,"A",.,"A",.,"A",.,"A",.,"A",.,"A",.,"A",.,"A",.,"A",.,"A",.,"A",.,"A",90,"D",.,"A",.,"A"
"20104",2251114,85,0,"1",.,"A",.,"A",.,"A",.,"A",.,"A",30,"D",.,"A",.,"A",.,"A",.,"A",.,"A",.,"A",420,"D",.,"A",.,"A"
"20104",2251124,61,0,"1",.,"A",.,"A",.,"A",.,"A",.,"A",42,"D",.,"A",.,"A",.,"A",.,"A",.,"A",.,"A",56,"D",.,"A",.,"A"
"20104",2251133,40,0,"1",.,"A",.,"A",.,"A",.,"A",.,"A",.,"A",455,"D",.,"A",.,"A",.,"A",.,"A",.,"A",.,"A",.,"A",.,"A"
"20104",2251143,50,0,"1",.,"A",.,"A",.,"A",.,"A",.,"A",.,"A",.,"A",.,"A",.,"A",.,"A",.,"A",.,"A",.,"A",.,"A",.,"A"
"20104",2251154,34,0,"1",.,"A",.,"A",.,"A",250,"D",.,"A",.,"A",.,"A",.,"A",.,"A",.,"A",.,"A",.,"A",.,"A",.,"A",.,"A"
"20104",2251183,52,0,"1",.,"A",.,"A",20,"D",.,"A",.,"A",250,"D",325,"D",.,"A",.,"A",.,"A",.,"A",.,"A",150,"D",.,"A",.,"A"
"20104",2251194,37,0,"1",.,"A",.,"A",.,"A",.,"A",300,"D",.,"A",.,"A",.,"A",.,"A",30,"D",0,"D",30,"D",.,"A",10,"D",.,"A"
"20104",2251213,75,0,"1",.,"A",.,"A",.,"A",.,"A",.,"A",.,"A",.,"A",.,"A",.,"A",.,"A",.,"A",.,"A",150,"D",.,"A",.,"A"
"20104",2251254,36,0,"1",.,"A",.,"A",.,"A",.,"A",.,"A",.,"A",.,"A",.,"A",.,"A",.,"A",.,"A",.,"A",50,"D",.,"A",.,"A"
"20104",2251273,34,0,"1",.,"A",.,"A",.,"A",.,"A",.,"A",.,"A",.,"A",195,"D",195,"F",.,"A",.,"A",.,"A",45,"D",.,"A",.,"A"
"20104",2251303,50,0,"1",.,"A",.,"A",.,"A",.,"A",.,"A",.,"A",.,"A",.,"A",.,"A",.,"A",.,"A",.,"A",10,"D",.,"A",.,"A"
"20104",2251333,55,0,"1",.,"A",.,"A",.,"A",.,"A",.,"A",.,"A",.,"A",.,"A",.,"A",225,"D",0,"D",0,"D",250,"D",75,"D",.,"A"
"20104",2251363,56,0,"1",.,"A",.,"A",.,"A",.,"A",.,"A",.,"A",.,"A",325,"D",.,"A",.,"A",.,"A",.,"A",20,"D",.,"A",.,"A"
"20104",2251413,43,0,"1",.,"A",.,"A",.,"A",.,"A",.,"A",.,"A",91,"D",.,"A",.,"A",.,"A",.,"A",.,"A",60,"D",.,"A",.,"A"
"20104",2251433,58,0,"1",.,"A",.,"A",.,"A",.,"A",.,"A",.,"A",.,"A",.,"A",30,"D",.,"A",.,"A",.,"A",.,"A",.,"A",.,"A"
"20104",2251443,27,0,"1",.,"A",.,"A",.,"A",.,"A",.,"A",.,"A",.,"A",.,"A",.,"A",.,"A",.,"A",.,"A",.,"A",.,"A",.,"A"
"20104",2251465,27,0,"1",.,"A",.,"A",.,"A",.,"A",.,"A",.,"A",.,"A",.,"A",.,"A",.,"A",.,"A",.,"A",.,"A",.,"A",.,"A"
"20104",2251483,55,0,"1",.,"A",.,"A",.,"A",.,"A",96,"D",.,"A",.,"A",.,"A",.,"A",.,"A",.,"A",.,"A",60,"D",.,"A",.,"A"
"20104",2251514,28,0,"1",.,"A",.,"A",.,"A",.,"A",.,"A",.,"A",.,"A",.,"A",.,"A",.,"A",.,"A",.,"A",.,"A",.,"A",.,"A"
"20104",2251523,47,0,"1",.,"A",.,"A",.,"A",20,"D",24,"D",.,"A",.,"A",.,"A",.,"A",.,"A",.,"A",.,"A",.,"A",.,"A",.,"A"
"20104",2251534,50,0,"1",.,"A",.,"A",.,"A",.,"A",.,"A",.,"A",.,"A",.,"A",.,"A",.,"A",.,"A",.,"A",84,"D",.,"A",.,"A"
"20104",2251543,45,0,"1",.,"A",.,"A",.,"A",.,"A",.,"A",.,"A",.,"A",.,"A",.,"A",.,"A",.,"A",.,"A",20,"D",.,"A",.,"A"
"20104",2251583,45,0,"1",.,"A",.,"A",.,"A",.,"A",.,"A",.,"A",.,"A",.,"A",.,"A",.,"A",.,"A",.,"A",150,"D",.,"A",.,"A"
"20104",2251594,33,0,"1",.,"A",.,"A",.,"A",.,"A",.,"A",.,"A",.,"A",.,"A",.,"A",.,"A",.,"A",.,"A",75,"D",.,"A",.,"A"
"20104",2251613,51,0,"1",.,"A",.,"A",.,"A",.,"A",65,"D",12,"D",.,"A",.,"A",.,"A",.,"A",.,"A",.,"A",45,"D",.,"A",.,"A"
"20104",2251633,81,0,"1",.,"A",.,"A",.,"A",.,"A",.,"A",.,"A",182,"D",.,"A",.,"A",750,"D",0,"D",180,"D",109,"D",250,"D",.,"A"
"20104",2251653,81,0,"1",.,"A",.,"A",.,"A",.,"A",.,"A",45,"D",.,"A",.,"A",.,"A",.,"A",.,"A",.,"A",170,"D",.,"A",.,"A"
"20104",2251673,67,0,"1",.,"A",.,"A",.,"A",.,"A",.,"A",.,"A",.,"A",.,"A",.,"A",.,"A",.,"A",.,"A",660,"D",.,"A",.,"A"
"20104",2251683,43,0,"1",.,"A",.,"A",.,"A",.,"A",.,"A",.,"A",.,"A",156,"D",.,"A",.,"A",.,"A",.,"A",.,"A",.,"A",.,"A"
"20104",2251724,53,0,"1",.,"A",.,"A",.,"A",.,"A",60,"D",.,"A",.,"A",.,"A",.,"A",.,"A",.,"A",.,"A",180,"D",.,"A",.,"A"
"20104",2251735,24,0,"1",.,"A",.,"A",.,"A",.,"A",.,"A",.,"A",.,"A",.,"A",.,"A",.,"A",.,"A",.,"A",.,"A",.,"A",.,"A"
"20104",2251745,50,0,"1",.,"A",.,"A",.,"A",.,"A",180,"D",.,"A",39,"D",.,"A",.,"A",.,"A",.,"A",.,"A",120,"D",.,"A",.,"A"
"20104",2251763,54,0,"1",.,"A",.,"A",.,"A",.,"A",.,"A",.,"A",.,"A",.,"A",.,"A",.,"A",.,"A",.,"A",.,"A",.,"A",.,"A"
"20104",2251793,25,0,"1",4,"D",.,"A",.,"A",20,"D",16,"D",.,"A",.,"A",.,"A",.,"A",267,"D",0,"D",0,"D",.,"A",89,"D",.,"A"
"20104",2251804,48,0,"1",.,"A",.,"A",.,"A",.,"A",.,"A",.,"A",.,"A",390,"D",.,"A",.,"A",.,"A",.,"A",30,"D",.,"A",.,"A"
"20104",2251813,56,0,"1",.,"A",.,"A",.,"A",.,"A",.,"A",.,"A",.,"A",.,"A",.,"A",.,"A",.,"A",.,"A",65,"D",.,"A",.,"A"
"20104",2251853,43,0,"1",.,"A",.,"A",.,"A",.,"A",.,"A",.,"A",494,"D",.,"A",9,"D",.,"A",.,"A",.,"A",25,"D",.,"A",.,"A"
"20104",2251863,42,0,"1",.,"A",.,"A",.,"A",.,"A",.,"A",.,"A",715,"D",.,"A",15,"D",.,"A",.,"A",.,"A",.,"A",.,"A",.,"A"
"20104",2251923,39,0,"1",7,"D",.,"A",.,"A",40,"D",18,"D",25,"D",.,"A",.,"A",9,"D",0,"D",0,"D",0,"D",15,"D",0,"D",.,"A"
"20104",2251943,45,0,"1",.,"A",.,"A",.,"A",.,"A",45,"D",.,"A",260,"D",.,"A",.,"A",.,"A",.,"A",.,"A",120,"D",.,"A",.,"A"
"20104",2251964,52,0,"1",.,"A",.,"A",.,"A",.,"A",.,"A",.,"A",.,"A",.,"A",.,"A",.,"A",.,"A",.,"A",185,"D",.,"A",.,"A"
"20104",2251994,87,0,"1",.,"A",.,"A",.,"A",.,"A",.,"A",.,"A",260,"D",.,"A",30,"D",.,"A",.,"A",.,"A",120,"D",.,"A",.,"A"
"20104",2252004,42,0,"1",.,"A",.,"A",.,"A",.,"A",.,"A",.,"A",.,"A",.,"A",.,"A",.,"A",.,"A",.,"A",300,"D",.,"A",.,"A"
"20104",2252014,63,0,"1",.,"A",.,"A",.,"A",.,"A",.,"A",.,"A",.,"A",.,"A",.,"A",.,"A",.,"A",.,"A",.,"A",.,"A",.,"A"
"20104",2252044,42,0,"1",.,"A",.,"A",.,"A",.,"A",.,"A",.,"A",.,"A",.,"A",.,"A",.,"A",.,"A",.,"A",100,"F",.,"A",.,"A"
"20104",2252093,46,0,"1",.,"A",.,"A",.,"A",.,"A",80,"D",.,"A",.,"A",.,"A",.,"A",.,"A",.,"A",.,"A",10,"D",.,"A",.,"A"
"20104",2252103,26,0,"1",.,"A",.,"A",.,"A",.,"A",150,"D",.,"A",325,"D",.,"A",.,"A",216,"D",0,"D",0,"D",30,"D",72,"D",.,"A"
"20104",2252114,38,0,"1",.,"A",.,"A",.,"A",.,"A",.,"A",25,"D",.,"A",.,"A",.,"A",.,"A",.,"A",.,"A",120,"D",.,"A",.,"A"
"20104",2252124,77,0,"1",.,"A",.,"A",.,"A",.,"A",.,"A",.,"A",.,"A",.,"A",.,"A",.,"A",.,"A",.,"A",90,"D",.,"A",.,"A"
"20104",2252133,72,0,"1",.,"A",.,"A",.,"A",.,"A",.,"A",.,"A",.,"A",.,"A",.,"A",.,"A",.,"A",.,"A",45,"D",.,"A",.,"A"
"20104",2252183,56,0,"1",.,"A",.,"A",.,"A",.,"A",.,"A",.,"A",.,"A",.,"A",.,"A",.,"A",.,"A",.,"A",90,"D",.,"A",.,"A"
"20104",2252224,53,0,"1",.,"A",.,"A",.,"A",.,"A",.,"A",30,"D",.,"A",.,"A",.,"A",0,"D",0,"D",15,"D",36,"D",0,"D",.,"A"
"20104",2252264,50,0,"1",.,"A",.,"A",.,"A",.,"A",.,"A",.,"A",.,"A",.,"A",.,"A",.,"A",.,"A",.,"A",140,"D",.,"A",.,"A"
"20104",2252284,34,0,"1",.,"A",.,"A",.,"A",.,"A",.,"A",.,"A",.,"A",.,"A",.,"A",.,"A",.,"A",.,"A",.,"A",.,"A",.,"A"
"20104",2252314,53,0,"1",.,"A",.,"A",.,"A",.,"A",.,"A",.,"A",.,"A",.,"A",.,"A",.,"A",.,"A",.,"A",140,"D",.,"A",.,"A"
"20104",2252353,37,0,"1",.,"A",.,"A",.,"A",.,"A",.,"A",.,"A",260,"D",.,"A",.,"A",21,"D",0,"D",21,"D",50,"D",7,"D",.,"A"
"20104",2252364,52,0,"1",.,"A",.,"A",.,"A",.,"A",.,"A",.,"A",65,"D",.,"A",.,"A",.,"A",.,"A",.,"A",230,"D",.,"A",.,"A"
"20104",2252414,36,0,"1",.,"A",.,"A",.,"A",.,"A",.,"A",.,"A",.,"A",.,"A",.,"A",.,"A",.,"A",.,"A",24,"D",.,"A",.,"A"
"20104",2252433,39,0,"1",.,"A",.,"A",.,"A",.,"A",.,"A",.,"A",.,"A",.,"A",.,"A",.,"A",.,"A",.,"A",.,"A",.,"A",.,"A"
"20104",2252443,48,0,"1",.,"A",.,"A",.,"A",45,"D",.,"A",.,"A",.,"A",.,"A",.,"A",312,"D",0,"D",0,"D",21,"D",104,"D",.,"A"
"20104",2252453,53,0,"1",.,"A",.,"A",.,"A",.,"A",.,"A",.,"A",260,"D",234,"D",.,"A",.,"A",.,"A",.,"A",.,"A",.,"A",.,"A"
"20104",2252504,38,0,"1",.,"A",.,"A",.,"A",.,"A",.,"A",.,"A",780,"D",.,"A",.,"A",.,"A",.,"A",.,"A",.,"A",.,"A",.,"A"
"20104",2252534,66,0,"1",.,"A",.,"A",.,"A",.,"A",.,"A",.,"A",.,"A",.,"A",.,"A",.,"A",.,"A",.,"A",100,"D",.,"A",.,"A"
"20104",2252545,41,0,"1",.,"A",.,"A",.,"A",.,"A",96,"D",.,"A",.,"A",.,"A",.,"A",.,"A",.,"A",.,"A",.,"A",.,"A",.,"A"
"20104",2252555,73,0,"1",.,"A",.,"A",.,"A",.,"A",.,"A",.,"A",.,"A",.,"A",.,"A",.,"A",.,"A",.,"A",40,"D",.,"A",.,"A"
"20104",2252563,54,0,"1",.,"A",.,"A",.,"A",.,"A",.,"A",.,"A",.,"A",.,"A",.,"A",.,"A",.,"A",.,"A",280,"D",.,"A",.,"A"
"20104",2252573,33,0,"1",.,"A",.,"A",.,"A",.,"A",.,"A",.,"A",.,"A",.,"A",.,"A",.,"A",.,"A",.,"A",30,"D",.,"A",.,"A"
"20104",2252584,55,0,"1",.,"A",.,"A",.,"A",.,"A",.,"A",80,"D",.,"A",.,"A",.,"A",.,"A",.,"A",.,"A",300,"D",.,"A",.,"A"
"20104",2252625,35,0,"1",.,"A",.,"A",.,"A",.,"A",.,"A",.,"A",.,"A",.,"A",.,"A",.,"A",.,"A",.,"A",.,"A",.,"A",.,"A"
"20104",2252653,62,0,"1",.,"A",.,"A",.,"A",300,"D",.,"A",100,"D",.,"A",.,"A",.,"A",.,"A",.,"A",.,"A",500,"D",.,"A",.,"A"
"20104",2252664,49,0,"1",.,"A",.,"A",.,"A",.,"A",.,"A",.,"A",.,"A",130,"D",.,"A",.,"A",.,"A",.,"A",20,"D",.,"A",.,"A"
"20104",2252684,68,0,"1",.,"A",.,"A",.,"A",.,"A",.,"A",.,"A",.,"A",.,"A",.,"A",.,"A",.,"A",.,"A",364,"D",.,"A",.,"A"
"20104",2252704,57,0,"1",.,"A",.,"A",.,"A",.,"A",.,"A",.,"A",182,"D",.,"A",.,"A",.,"A",.,"A",.,"A",60,"D",.,"A",.,"A"
"20104",2252714,45,0,"1",.,"A",.,"A",.,"A",.,"A",.,"A",.,"A",.,"A",.,"A",.,"A",.,"A",.,"A",.,"A",170,"D",.,"A",.,"A"
"20104",2252743,58,0,"1",.,"A",.,"A",.,"A",.,"A",.,"A",.,"A",.,"A",.,"A",.,"A",.,"A",.,"A",.,"A",14,"D",.,"A",.,"A"
"20104",2252754,57,0,"1",.,"A",.,"A",.,"A",.,"A",.,"A",.,"A",.,"A",.,"A",.,"A",.,"A",.,"A",.,"A",.,"A",.,"A",.,"A"
"20104",2252774,37,0,"1",.,"A",.,"A",.,"A",.,"A",.,"A",.,"A",.,"A",.,"A",.,"A",.,"A",.,"A",.,"A",.,"A",.,"A",.,"A"
"20104",2252783,53,0,"1",.,"A",.,"A",.,"A",.,"A",.,"A",.,"A",637,"D",.,"A",.,"A",.,"A",.,"A",.,"A",60,"D",.,"A",.,"A"
"20104",2252824,65,0,"1",.,"A",.,"A",.,"A",.,"A",.,"A",60,"D",.,"A",65,"D",75,"D",.,"A",.,"A",.,"A",365,"D",.,"A",.,"A"
"20104",2252853,48,0,"1",.,"A",.,"A",.,"A",.,"A",.,"A",25,"D",.,"A",.,"A",15,"D",.,"A",.,"A",.,"A",60,"D",.,"A",.,"A"
"20104",2252864,66,0,"1",.,"A",.,"A",.,"A",.,"A",.,"A",50,"D",195,"D",.,"A",.,"A",.,"A",.,"A",.,"A",135,"D",.,"A",.,"A"
"20104",2252873,63,0,"1",.,"A",.,"A",.,"A",.,"A",.,"A",.,"A",.,"A",.,"A",.,"A",.,"A",.,"A",.,"A",0,"D",.,"A",.,"A"
"20104",2252893,58,0,"1",.,"A",.,"A",.,"A",.,"A",.,"A",44,"D",.,"A",.,"A",.,"A",.,"A",.,"A",.,"A",16,"D",.,"A",.,"A"
"20104",2252904,32,0,"1",.,"A",.,"A",.,"A",7,"D",96,"D",.,"A",.,"A",.,"A",.,"A",6,"D",0,"D",0,"D",25,"D",2,"D",.,"A"
"20104",2252923,77,0,"1",.,"A",.,"A",.,"A",.,"A",.,"A",.,"A",455,"D",.,"A",.,"A",9,"D",0,"D",9,"D",120,"D",3,"D",.,"A"
"20104",2252964,74,0,"1",.,"A",.,"A",.,"A",.,"A",.,"A",25,"D",.,"A",.,"A",.,"A",.,"A",.,"A",.,"A",30,"D",.,"A",.,"A"
"20104",2253003,35,0,"1",.,"A",.,"A",.,"A",.,"A",.,"A",.,"A",.,"A",.,"A",.,"A",.,"A",.,"A",.,"A",.,"A",.,"A",.,"A"
"20104",2253023,48,0,"1",.,"A",.,"A",.,"A",.,"A",.,"A",.,"A",.,"A",.,"A",.,"A",.,"A",.,"A",.,"A",100,"D",.,"A",.,"A"
"20104",2253043,96,0,"1",.,"A",.,"A",.,"A",.,"A",.,"A",.,"A",.,"A",.,"A",60,"F",.,"A",.,"A",.,"A",300,"D",.,"A",.,"A"
"20104",2253053,61,0,"1",.,"A",.,"A",.,"A",.,"A",.,"A",.,"A",.,"A",.,"A",.,"A",.,"A",.,"A",.,"A",154,"D",.,"A",.,"A"
"20104",2253104,70,0,"1",10,"D",.,"A",.,"A",.,"A",0,"D",.,"A",.,"A",.,"A",.,"A",.,"A",.,"A",.,"A",50,"D",.,"A",.,"A"
"20104",2253123,24,0,"1",.,"A",.,"A",.,"A",.,"A",.,"A",.,"A",.,"A",.,"A",.,"A",0,"D",0,"D",90,"D",.,"A",0,"D",.,"A"
"20104",2253144,32,0,"1",30,"D",.,"A",.,"A",.,"A",50,"D",.,"A",.,"A",.,"A",.,"A",.,"A",.,"A",.,"A",.,"A",.,"A",.,"A"
"20104",2253163,43,0,"1",.,"A",.,"A",.,"A",.,"A",.,"A",.,"A",325,"D",.,"A",.,"A",.,"A",.,"A",.,"A",15,"D",.,"A",.,"A"
"20104",2253184,42,0,"1",.,"A",.,"A",.,"A",.,"A",.,"A",.,"A",.,"A",.,"A",.,"A",.,"A",.,"A",.,"A",.,"A",.,"A",.,"A"
"20104",2253193,41,0,"1",.,"A",.,"A",.,"A",.,"A",135,"D",.,"A",.,"A",.,"A",.,"A",.,"A",.,"A",.,"A",.,"A",.,"A",.,"A"
"20104",2253204,72,0,"1",.,"A",.,"A",.,"A",.,"A",.,"A",.,"A",.,"A",.,"A",.,"A",.,"A",.,"A",.,"A",45,"D",.,"A",.,"A"
"20104",2253294,77,0,"1",.,"A",.,"A",.,"A",.,"A",.,"A",.,"A",.,"A",.,"A",.,"A",.,"A",.,"A",.,"A",.,"A",.,"A",.,"A"
"20104",2253333,53,0,"1",50,"D",.,"A",.,"A",.,"A",50,"D",.,"A",.,"A",.,"A",.,"A",.,"A",.,"A",.,"A",.,"A",.,"A",.,"A"
"20104",2253354,66,0,"1",.,"A",.,"A",.,"A",.,"A",.,"A",55,"D",.,"A",.,"A",.,"A",.,"A",.,"A",.,"A",130,"D",.,"A",.,"A"
"20104",2253364,55,0,"1",.,"A",.,"A",.,"A",.,"A",.,"A",.,"A",.,"A",.,"A",.,"A",.,"A",.,"A",.,"A",70,"D",.,"A",.,"A"
"20104",2253373,52,0,"1",.,"A",.,"A",.,"A",.,"A",.,"A",30,"D",.,"A",.,"A",.,"A",0,"D",60,"D",60,"D",90,"D",0,"D",.,"A"
"20104",2253393,47,0,"1",.,"A",.,"A",.,"A",.,"A",40,"F",180,"D",.,"A",.,"A",.,"A",.,"A",.,"A",.,"A",.,"A",.,"A",.,"A"
"20104",2253403,79,0,"1",.,"A",.,"A",.,"A",.,"A",.,"A",260,"D",.,"A",.,"A",.,"A",.,"A",.,"A",.,"A",200,"D",.,"A",.,"A"
"20104",2253444,51,0,"1",.,"A",.,"A",.,"A",.,"A",.,"A",.,"A",.,"A",.,"A",.,"A",.,"A",.,"A",.,"A",45,"D",.,"A",.,"A"
"20104",2253463,30,0,"1",.,"A",.,"A",.,"A",.,"A",.,"A",.,"A",.,"A",.,"A",.,"A",.,"A",.,"A",.,"A",.,"A",.,"A",.,"A"
"20104",2253483,42,0,"1",.,"A",.,"A",.,"A",.,"A",6,"D",.,"A",.,"A",.,"A",.,"A",.,"A",.,"A",.,"A",.,"A",.,"A",.,"A"
"20104",2253493,36,0,"1",.,"A",.,"A",.,"A",.,"A",.,"A",.,"A",195,"D",.,"A",.,"A",.,"A",.,"A",.,"A",5,"D",.,"A",.,"A"
"20104",2253523,38,0,"1",.,"A",.,"A",.,"A",.,"A",91,"D",.,"A",.,"A",.,"A",.,"A",.,"A",.,"A",.,"A",36,"D",.,"A",.,"A"
"20104",2253534,41,0,"1",.,"A",.,"A",.,"A",.,"A",.,"A",.,"A",.,"A",.,"A",.,"A",.,"A",.,"A",.,"A",.,"A",.,"A",.,"A"
"20104",2253564,45,0,"1",.,"A",.,"A",.,"A",.,"A",.,"A",.,"A",.,"A",.,"A",.,"A",.,"A",.,"A",.,"A",.,"A",.,"A",.,"A"
"20104",2253573,39,0,"1",20,"D",.,"A",.,"A",.,"A",52,"D",.,"A",143,"D",.,"A",.,"A",.,"A",.,"A",.,"A",.,"A",.,"A",.,"A"
"20104",2253583,34,0,"1",.,"A",.,"A",.,"A",.,"A",.,"A",.,"A",.,"A",.,"A",.,"A",.,"A",.,"A",.,"A",.,"A",.,"A",.,"A"
"20104",2253623,48,0,"1",.,"A",.,"A",.,"A",.,"A",.,"A",.,"A",.,"A",.,"A",.,"A",.,"A",.,"A",.,"A",.,"A",.,"A",.,"A"
"20104",2253634,50,0,"1",.,"A",.,"A",.,"A",.,"A",.,"A",600,"D",.,"A",.,"A",.,"A",.,"A",.,"A",.,"A",250,"D",.,"A",.,"A"
"20104",2253684,34,0,"1",.,"A",.,"A",.,"A",.,"A",.,"A",.,"A",520,"D",.,"A",24,"D",.,"A",.,"A",.,"A",40,"D",.,"A",.,"A"
"20104",2253703,49,0,"1",.,"A",.,"A",.,"A",.,"A",.,"A",.,"A",.,"A",.,"A",.,"A",.,"A",.,"A",.,"A",60,"D",.,"A",.,"A"
"20104",2253713,102,0,"1",.,"A",.,"A",.,"A",.,"A",.,"A",18,"D",.,"A",.,"A",.,"A",.,"A",.,"A",.,"A",90,"D",.,"A",.,"A"
"20104",2253744,42,0,"1",.,"A",.,"A",.,"A",.,"A",.,"A",.,"A",.,"A",.,"A",.,"A",.,"A",.,"A",.,"A",35,"D",.,"A",.,"A"
"20104",2253763,37,0,"1",.,"A",.,"A",.,"A",.,"A",.,"A",.,"A",650,"D",.,"A",.,"A",.,"A",.,"A",.,"A",.,"A",.,"A",.,"A"
"20104",2253773,43,0,"1",.,"A",.,"A",.,"A",.,"A",.,"A",.,"A",.,"A",.,"A",.,"A",.,"A",.,"A",.,"A",100,"D",.,"A",.,"A"
"20104",2253803,44,0,"1",.,"A",.,"A",.,"A",.,"A",.,"A",.,"A",.,"A",.,"A",.,"A",.,"A",.,"A",.,"A",.,"A",.,"A",.,"A"
"20104",2253823,42,0,"1",.,"A",.,"A",.,"A",.,"A",.,"A",.,"A",.,"A",.,"A",.,"A",.,"A",.,"A",.,"A",.,"A",.,"A",.,"A"
"20104",2253833,68,0,"1",.,"A",.,"A",.,"A",.,"A",260,"D",.,"A",.,"A",.,"A",.,"A",.,"A",.,"A",.,"A",100,"D",.,"A",.,"A"
"20104",2253843,46,0,"1",.,"A",.,"A",.,"A",.,"A",.,"A",.,"A",.,"A",.,"A",.,"A",.,"A",.,"A",.,"A",.,"A",.,"A",.,"A"
"20104",2253863,46,0,"1",.,"A",.,"A",.,"A",.,"A",.,"A",.,"A",130,"D",.,"A",.,"A",.,"A",.,"A",.,"A",10,"D",.,"A",.,"A"
"20104",2253874,50,0,"1",.,"A",.,"A",.,"A",.,"A",.,"A",.,"A",195,"D",.,"A",.,"A",.,"A",.,"A",.,"A",35,"D",.,"A",.,"A"
"20104",2253893,45,0,"1",.,"A",.,"A",.,"A",.,"A",.,"A",.,"A",780,"D",.,"A",.,"A",.,"A",.,"A",.,"A",50,"D",.,"A",.,"A"
"20104",2253903,65,0,"1",.,"A",.,"A",.,"A",.,"A",.,"A",.,"A",.,"A",.,"A",.,"A",.,"A",.,"A",.,"A",60,"D",.,"A",.,"A"
"20104",2253913,51,0,"1",.,"A",.,"A",.,"A",.,"A",.,"A",.,"A",.,"A",.,"A",.,"A",.,"A",.,"A",.,"A",.,"A",.,"A",.,"A"
"20104",2253964,43,0,"1",.,"A",.,"A",.,"A",.,"A",.,"A",.,"A",.,"A",.,"A",.,"A",.,"A",.,"A",.,"A",.,"A",.,"A",.,"A"
"20104",2253993,43,0,"1",.,"A",.,"A",.,"A",.,"A",.,"A",.,"A",390,"D",.,"A",.,"A",.,"A",.,"A",.,"A",.,"A",.,"A",.,"A"
"20104",2254044,53,0,"1",.,"A",.,"A",.,"A",.,"A",10,"D",.,"A",.,"A",.,"A",.,"A",.,"A",.,"A",.,"A",100,"D",.,"A",.,"A"
"20104",2254063,79,0,"1",.,"A",.,"A",.,"A",.,"A",.,"A",.,"A",.,"A",.,"A",.,"A",.,"A",.,"A",.,"A",50,"D",.,"A",.,"A"
"20104",2254074,31,0,"1",.,"A",.,"A",.,"A",.,"A",.,"A",.,"A",.,"A",65,"D",.,"A",.,"A",.,"A",.,"A",.,"A",.,"A",.,"A"
"20104",2254103,51,0,"1",3,"D",.,"A",.,"A",.,"A",17,"D",.,"A",.,"A",.,"A",21,"D",0,"D",0,"D",90,"D",.,"A",0,"D",.,"A"
"20104",2254114,54,0,"1",.,"A",.,"A",.,"A",.,"A",.,"A",.,"A",.,"A",.,"A",90,"D",60,"D",60,"D",0,"D",100,"D",20,"D",.,"A"
"20104",2254124,36,0,"1",.,"A",.,"A",.,"A",.,"A",240,"D",60,"D",1950,"D",.,"A",.,"A",225,"D",0,"D",0,"D",360,"D",75,"D",.,"A"
"20104",2254133,47,0,"1",.,"A",.,"A",.,"A",.,"A",.,"A",.,"A",.,"A",.,"A",12,"D",.,"A",.,"A",.,"A",.,"A",.,"A",.,"A"
"20104",2254143,60,0,"1",10,"D",.,"A",.,"A",.,"A",0,"D",.,"A",.,"A",.,"A",.,"A",.,"A",.,"A",.,"A",90,"D",.,"A",.,"A"
"20104",2254153,39,0,"1",.,"A",.,"A",.,"A",.,"A",.,"A",.,"A",1040,"D",.,"A",.,"A",.,"A",.,"A",.,"A",.,"A",.,"A",.,"A"
"20104",2254213,91,0,"1",26,"D",.,"A",.,"A",.,"A",0,"D",.,"A",195,"D",.,"A",.,"A",.,"A",.,"A",.,"A",150,"D",.,"A",.,"A"
"20104",2254264,37,0,"1",.,"A",.,"A",.,"A",.,"A",.,"A",.,"A",.,"A",.,"A",.,"A",150,"D",0,"D",60,"D",120,"D",50,"D",.,"A"
"20104",2254273,32,0,"1",.,"A",.,"A",.,"A",.,"A",.,"A",.,"A",.,"A",.,"A",.,"A",.,"A",.,"A",.,"A",10,"D",.,"A",.,"A"
"20104",2254294,38,0,"1",.,"A",.,"A",.,"A",.,"A",.,"A",.,"A",.,"A",.,"A",.,"A",.,"A",.,"A",.,"A",32,"D",.,"A",.,"A"
"20104",2254303,56,0,"1",.,"A",.,"A",.,"A",.,"A",.,"A",.,"A",.,"A",.,"A",.,"A",.,"A",.,"A",.,"A",.,"A",.,"A",.,"A"
"20104",2254323,24,0,"1",.,"A",.,"A",.,"A",.,"A",.,"A",.,"A",78,"D",.,"A",.,"A",.,"A",.,"A",.,"A",.,"A",.,"A",.,"A"
"20104",2254343,50,0,"1",.,"A",.,"A",.,"A",.,"A",.,"A",.,"A",.,"A",.,"A",.,"A",.,"A",.,"A",.,"A",.,"A",.,"A",.,"A"
"20104",2254364,43,0,"1",.,"A",.,"A",.,"A",.,"A",.,"A",.,"A",.,"A",.,"A",.,"A",.,"A",.,"A",.,"A",150,"D",.,"A",.,"A"
"20104",2254394,36,0,"1",.,"A",.,"A",.,"A",.,"A",.,"A",.,"A",.,"A",.,"A",.,"A",.,"A",.,"A",.,"A",.,"A",.,"A",.,"A"
"20104",2254433,45,0,"1",.,"A",.,"A",.,"A",.,"A",.,"A",.,"A",.,"A",.,"A",.,"A",.,"A",.,"A",.,"A",84,"D",.,"A",.,"A"
"20104",2254443,41,0,"1",.,"A",.,"A",.,"A",.,"A",.,"A",.,"A",39,"F",.,"A",9,"F",.,"A",.,"A",.,"A",.,"A",.,"A",.,"A"
"20104",2254483,41,0,"1",.,"A",.,"A",.,"A",.,"A",.,"A",.,"A",.,"A",.,"A",.,"A",.,"A",.,"A",.,"A",110,"D",.,"A",.,"A"
"20104",2254503,49,0,"1",.,"A",.,"A",.,"A",.,"A",.,"A",.,"A",.,"A",.,"A",.,"A",90,"D",6,"D",6,"D",200,"F",30,"D",.,"A"
"20104",2254514,35,0,"1",.,"A",.,"A",.,"A",.,"A",.,"A",.,"A",.,"A",.,"A",.,"A",.,"A",.,"A",.,"A",.,"A",.,"A",.,"A"
"20104",2254524,36,0,"1",.,"A",.,"A",.,"A",.,"A",.,"A",.,"A",.,"A",.,"A",.,"A",.,"A",.,"A",.,"A",.,"A",.,"A",.,"A"
"20104",2254574,74,0,"1",.,"A",.,"A",.,"A",.,"A",.,"A",.,"A",.,"A",.,"A",.,"A",.,"A",.,"A",.,"A",.,"A",.,"A",.,"A"
"20104",2254643,40,0,"1",.,"A",.,"A",.,"A",.,"A",.,"A",.,"A",.,"A",.,"A",21,"D",.,"A",.,"A",.,"A",100,"D",.,"A",.,"A"
"20104",2254654,26,0,"1",.,"A",.,"A",.,"A",.,"A",.,"A",.,"A",260,"D",.,"A",.,"A",180,"D",0,"D",0,"D",.,"A",60,"D",.,"A"
"20104",2254683,39,0,"1",.,"A",.,"A",.,"A",.,"A",.,"A",.,"A",.,"A",.,"A",.,"A",.,"A",.,"A",.,"A",.,"A",.,"A",.,"A"
"20104",2254694,54,0,"1",.,"A",.,"A",.,"A",.,"A",.,"A",.,"A",.,"A",.,"A",.,"A",.,"A",.,"A",.,"A",70,"D",.,"A",.,"A"
"20104",2254713,31,0,"1",.,"A",.,"A",.,"A",.,"A",.,"A",20,"D",.,"A",.,"A",.,"A",.,"A",.,"A",.,"A",.,"A",.,"A",.,"A"
"20104",2254723,53,0,"1",.,"A",.,"A",.,"A",.,"A",.,"A",.,"A",520,"D",.,"A",.,"A",.,"A",.,"A",.,"A",.,"A",.,"A",.,"A"
"20104",2254734,44,0,"1",.,"A",.,"A",.,"A",.,"A",.,"A",.,"A",.,"A",.,"A",.,"A",90,"D",90,"D",0,"D",15,"D",30,"D",.,"A"
"20104",2254754,41,0,"1",.,"A",.,"A",.,"A",.,"A",.,"A",.,"A",260,"D",.,"A",.,"A",.,"A",.,"A",.,"A",.,"A",.,"A",.,"A"
"20104",2254774,45,0,"1",.,"A",.,"A",.,"A",.,"A",.,"A",.,"A",.,"A",.,"A",.,"A",.,"A",.,"A",.,"A",30,"D",.,"A",.,"A"
"20104",2254793,29,0,"1",.,"A",.,"A",.,"A",.,"A",20,"D",.,"A",.,"A",.,"A",.,"A",.,"A",.,"A",.,"A",50,"D",.,"A",.,"A"
"20104",2254804,54,0,"1",.,"A",.,"A",13,"D",18,"D",.,"A",40,"D",.,"A",.,"A",.,"A",.,"A",.,"A",.,"A",98,"D",.,"A",.,"A"
"20104",2254823,45,0,"1",.,"A",.,"A",.,"A",.,"A",.,"A",.,"A",.,"A",.,"A",.,"A",.,"A",.,"A",.,"A",52,"D",.,"A",.,"A"
"20104",2254863,61,0,"1",.,"A",.,"A",.,"A",.,"A",.,"A",30,"D",.,"A",.,"A",.,"A",.,"A",.,"A",.,"A",120,"D",.,"A",.,"A"
"20104",2254944,98,0,"1",.,"A",.,"A",.,"A",.,"A",.,"A",.,"A",.,"A",.,"A",36,"D",.,"A",.,"A",.,"A",45,"D",.,"A",.,"A"
"20104",2254953,35,0,"1",.,"A",.,"A",.,"A",.,"A",45,"F",.,"A",.,"A",.,"A",.,"A",.,"A",.,"A",.,"A",.,"A",.,"A",.,"A"
"20104",2254964,53,0,"1",.,"A",.,"A",.,"A",.,"A",.,"A",.,"A",.,"A",.,"A",.,"A",.,"A",.,"A",.,"A",.,"A",.,"A",.,"A"
"20104",2254973,80,0,"1",.,"A",.,"A",.,"A",.,"A",48,"D",.,"A",.,"A",.,"A",96,"D",.,"A",.,"A",.,"A",20,"D",.,"A",.,"A"
"20104",2255004,51,0,"1",.,"A",.,"A",.,"A",.,"A",.,"A",.,"A",.,"A",.,"A",.,"A",.,"A",.,"A",.,"A",200,"D",.,"A",.,"A"
"20104",2255013,36,0,"1",.,"A",.,"A",.,"A",.,"A",.,"A",.,"A",.,"A",.,"A",.,"A",.,"A",.,"A",.,"A",.,"A",.,"A",.,"A"
"20104",2255034,60,0,"1",.,"A",.,"A",.,"A",.,"A",.,"A",.,"A",260,"D",.,"A",6,"D",.,"A",.,"A",.,"A",.,"A",.,"A",.,"A"
"20104",2255063,51,0,"1",.,"A",.,"A",.,"A",.,"A",.,"A",.,"A",.,"A",.,"A",.,"A",.,"A",.,"A",.,"A",12,"D",.,"A",.,"A"
"20104",2255113,43,0,"1",17,"D",.,"A",.,"A",.,"A",43,"D",.,"A",455,"D",.,"A",.,"A",.,"A",.,"A",.,"A",85,"D",.,"A",.,"A"
"20104",2255123,25,0,"1",.,"A",.,"A",.,"A",.,"A",.,"A",.,"A",.,"A",.,"A",.,"A",.,"A",.,"A",.,"A",.,"A",.,"A",.,"A"
"20104",2255163,43,0,"1",.,"A",.,"A",.,"A",.,"A",.,"A",.,"A",.,"A",.,"A",.,"A",.,"A",.,"A",.,"A",17,"D",.,"A",.,"A"
"20104",2255173,48,0,"1",.,"A",.,"A",.,"A",.,"A",.,"A",.,"A",.,"A",.,"A",.,"A",.,"A",.,"A",.,"A",.,"A",.,"A",.,"A"
"20104",2255184,35,0,"1",.,"A",.,"A",.,"A",.,"A",.,"A",.,"A",.,"A",.,"A",.,"A",.,"A",.,"A",.,"A",.,"A",.,"A",.,"A"
"20104",2255203,62,0,"1",.,"A",.,"A",40,"D",.,"A",.,"A",.,"A",546,"D",.,"A",.,"A",.,"A",.,"A",.,"A",80,"D",.,"A",.,"A"
"20104",2255253,32,0,"1",.,"A",.,"A",.,"A",.,"A",.,"A",.,"A",.,"A",.,"A",.,"A",.,"A",.,"A",.,"A",26,"D",.,"A",.,"A"
"20104",2255264,23,0,"1",12,"D",.,"A",.,"A",.,"A",23,"D",.,"A",.,"A",.,"A",.,"A",.,"A",.,"A",.,"A",90,"D",.,"A",.,"A"
"20104",2255274,27,0,"1",.,"A",.,"A",.,"A",.,"A",.,"A",.,"A",.,"A",.,"A",.,"A",.,"A",.,"A",.,"A",.,"A",.,"A",.,"A"
"20104",2255314,61,0,"1",.,"A",.,"A",.,"A",64,"D",.,"A",52,"D",.,"A",.,"A",.,"A",.,"A",.,"A",.,"A",130,"D",.,"A",.,"A"
"20104",2255335,59,0,"1",.,"A",.,"A",.,"A",.,"A",.,"A",.,"A",.,"A",.,"A",.,"A",.,"A",.,"A",.,"A",75,"D",.,"A",.,"A"
"20104",2255383,36,0,"1",.,"A",.,"A",.,"A",.,"A",.,"A",.,"A",65,"D",.,"A",18,"D",.,"A",.,"A",.,"A",.,"A",.,"A",.,"A"
"20104",2255415,23,0,"1",.,"A",.,"A",.,"A",.,"A",.,"A",.,"A",195,"D",.,"A",.,"A",.,"A",.,"A",.,"A",.,"A",.,"A",.,"A"
"20104",2255463,48,0,"1",.,"A",.,"A",.,"A",.,"A",.,"A",.,"A",.,"A",.,"A",30,"D",.,"A",.,"A",.,"A",.,"A",.,"A",.,"A"
"20104",2255474,60,0,"1",.,"A",.,"A",.,"A",.,"A",.,"A",.,"A",.,"A",.,"A",.,"A",.,"A",.,"A",.,"A",164,"D",.,"A",.,"A"
"20104",2255513,65,0,"1",.,"A",.,"A",.,"A",.,"A",.,"A",.,"A",.,"A",.,"A",.,"A",.,"A",.,"A",.,"A",.,"A",.,"A",.,"A"
"20104",2255523,37,0,"1",.,"A",.,"A",.,"A",25,"D",.,"A",.,"A",.,"A",.,"A",.,"A",.,"A",.,"A",.,"A",50,"D",.,"A",.,"A"
"20104",2255544,28,0,"1",20,"D",.,"A",.,"A",.,"A",0,"D",.,"A",.,"A",.,"A",.,"A",.,"A",.,"A",.,"A",23,"D",.,"A",.,"A"
"20104",2255555,33,0,"1",.,"A",.,"A",.,"A",.,"A",.,"A",.,"A",65,"D",.,"A",.,"A",.,"A",.,"A",.,"A",.,"A",.,"A",.,"A"
"20104",2255563,49,0,"1",.,"A",.,"A",.,"A",.,"A",.,"A",.,"A",910,"D",.,"A",.,"A",.,"A",.,"A",.,"A",.,"A",.,"A",.,"A"
"20104",2255573,25,0,"1",.,"A",.,"A",.,"A",.,"A",120,"D",.,"A",.,"A",.,"A",.,"A",.,"A",.,"A",.,"A",.,"A",.,"A",.,"A"
"20104",2255583,58,0,"1",.,"A",.,"A",.,"A",.,"A",.,"A",45,"D",.,"A",.,"A",.,"A",.,"A",.,"A",.,"A",155,"D",.,"A",.,"A"
"20104",2255593,46,0,"1",.,"A",.,"A",.,"A",.,"A",.,"A",.,"A",.,"A",130,"D",.,"A",.,"A",.,"A",.,"A",.,"A",.,"A",.,"A"
"20104",2255604,32,0,"1",.,"A",.,"A",.,"A",.,"A",.,"A",.,"A",.,"A",.,"A",.,"A",.,"A",.,"A",.,"A",.,"A",.,"A",.,"A"
"20104",2255613,47,0,"1",.,"A",.,"A",.,"A",.,"A",.,"A",.,"A",.,"A",.,"A",.,"A",.,"A",.,"A",.,"A",.,"A",.,"A",.,"A"
"20104",2255624,65,0,"1",.,"A",.,"A",.,"A",.,"A",.,"A",.,"A",.,"A",.,"A",.,"A",.,"A",.,"A",.,"A",.,"A",.,"A",.,"A"
"20104",2255633,45,0,"1",.,"A",.,"A",.,"A",.,"A",.,"A",.,"A",.,"A",195,"D",.,"A",.,"A",.,"A",.,"A",.,"A",.,"A",.,"A"
"20104",2255664,51,0,"1",.,"A",.,"A",.,"A",.,"A",.,"A",.,"A",598,"D",.,"A",.,"A",.,"A",.,"A",.,"A",.,"A",.,"A",.,"A"
"20104",2255694,53,0,"1",.,"A",.,"A",.,"A",.,"A",.,"A",.,"A",.,"A",.,"A",.,"A",.,"A",.,"A",.,"A",.,"A",.,"A",.,"A"
"20104",2255714,60,0,"1",.,"A",.,"A",.,"A",.,"A",.,"A",.,"A",.,"A",.,"A",.,"A",.,"A",.,"A",.,"A",150,"D",.,"A",.,"A"
"20104",2255743,76,0,"1",.,"A",.,"A",.,"A",.,"A",.,"A",.,"A",.,"A",.,"A",.,"A",.,"A",.,"A",.,"A",128,"D",.,"A",.,"A"
"20104",2255753,79,0,"1",.,"A",.,"A",50,"D",.,"A",.,"A",.,"A",.,"A",.,"A",.,"A",.,"A",.,"A",.,"A",140,"D",.,"A",.,"A"
"20104",2255814,24,0,"1",.,"A",.,"A",.,"A",.,"A",.,"A",.,"A",.,"A",.,"A",.,"A",.,"A",.,"A",.,"A",.,"A",.,"A",.,"A"
"20104",2255824,29,0,"1",.,"A",.,"A",.,"A",.,"A",.,"A",.,"A",.,"A",.,"A",.,"A",.,"A",.,"A",.,"A",.,"A",.,"A",.,"A"
"20104",2255833,46,0,"1",.,"A",.,"A",.,"A",.,"A",.,"A",.,"A",.,"A",65,"D",.,"A",.,"A",.,"A",.,"A",300,"D",.,"A",.,"A"
"20104",2255863,53,0,"1",.,"A",.,"A",.,"A",.,"A",.,"A",.,"A",.,"A",.,"A",.,"A",.,"A",.,"A",.,"A",100,"D",.,"A",.,"A"
"20104",2255884,67,0,"1",.,"A",.,"A",.,"A",.,"A",.,"A",40,"D",.,"A",.,"A",.,"A",0,"D",0,"D",45,"D",.,"A",0,"D",.,"A"
"20104",2255903,62,0,"1",.,"A",.,"A",.,"A",.,"A",.,"A",.,"A",390,"D",.,"A",15,"D",.,"A",.,"A",.,"A",.,"A",.,"A",.,"A"
"20104",2256023,59,0,"1",.,"A",.,"A",.,"A",.,"A",.,"A",.,"A",.,"A",.,"A",.,"A",.,"A",.,"A",.,"A",30,"D",.,"A",.,"A"
"20104",2256033,63,0,"1",.,"A",.,"A",.,"A",.,"A",.,"A",90,"D",.,"A",.,"A",.,"A",.,"A",.,"A",.,"A",375,"D",.,"A",.,"A"
"20104",2256053,35,0,"1",.,"A",.,"A",.,"A",.,"A",.,"A",.,"A",.,"A",.,"A",.,"A",.,"A",.,"A",.,"A",.,"A",.,"A",.,"A"
"20104",2256074,37,0,"1",.,"A",.,"A",.,"A",.,"A",.,"A",.,"A",.,"A",.,"A",.,"A",.,"A",.,"A",.,"A",50,"D",.,"A",.,"A"
"20104",2256084,26,0,"1",.,"A",.,"A",.,"A",.,"A",.,"A",.,"A",.,"A",.,"A",.,"A",0,"D",30,"D",0,"D",.,"A",0,"D",.,"A"
"20104",2256113,50,0,"1",.,"A",.,"A",.,"A",.,"A",.,"A",.,"A",.,"A",.,"A",.,"A",.,"A",.,"A",.,"A",10,"D",.,"A",.,"A"
"20104",2256124,51,0,"1",.,"A",.,"A",.,"A",.,"A",.,"A",80,"D",130,"D",.,"A",.,"A",.,"A",.,"A",.,"A",90,"D",.,"A",.,"A"
"20104",2256183,78,0,"1",.,"A",.,"A",.,"A",.,"A",.,"A",30,"D",.,"A",.,"A",.,"A",.,"A",.,"A",.,"A",599,"D",.,"A",.,"A"
"20104",2256213,27,0,"1",.,"A",.,"A",.,"A",.,"A",.,"A",.,"A",.,"A",.,"A",.,"A",.,"A",.,"A",.,"A",.,"A",.,"A",.,"A"
"20104",2256244,45,0,"1",.,"A",.,"A",.,"A",.,"A",.,"A",25,"D",.,"A",.,"A",.,"A",.,"A",.,"A",.,"A",80,"D",.,"A",.,"A"
"20104",2256254,68,0,"1",.,"A",.,"A",.,"A",.,"A",.,"A",.,"A",.,"A",.,"A",.,"A",.,"A",.,"A",.,"A",25,"D",.,"A",.,"A"
"20104",2256273,41,0,"1",.,"A",.,"A",.,"A",.,"A",.,"A",.,"A",.,"A",.,"A",.,"A",.,"A",.,"A",.,"A",.,"A",.,"A",.,"A"
"20104",2256284,53,0,"1",.,"A",.,"A",.,"A",.,"A",.,"A",.,"A",.,"A",.,"A",.,"A",0,"D",144,"D",0,"D",130,"D",0,"D",.,"A"
"20104",2256354,56,0,"1",.,"A",.,"A",.,"A",.,"A",.,"A",.,"A",182,"D",.,"A",.,"A",.,"A",.,"A",.,"A",.,"A",.,"A",.,"A"
"20104",2256363,53,0,"1",.,"A",.,"A",.,"A",.,"A",.,"A",.,"A",.,"A",.,"A",.,"A",.,"A",.,"A",.,"A",25,"D",.,"A",.,"A"
"20104",2256404,60,0,"1",.,"A",.,"A",.,"A",.,"A",.,"A",.,"A",.,"A",.,"A",.,"A",.,"A",.,"A",.,"A",55,"D",.,"A",.,"A"
"20104",2256443,67,0,"1",.,"A",.,"A",.,"A",.,"A",.,"A",.,"A",.,"A",.,"A",.,"A",.,"A",.,"A",.,"A",10,"D",.,"A",.,"A"
"20104",2256453,39,0,"1",.,"A",.,"A",.,"A",.,"A",.,"A",.,"A",.,"A",.,"A",.,"A",.,"A",.,"A",.,"A",80,"D",.,"A",.,"A"
"20104",2256464,71,0,"1",.,"A",.,"A",.,"A",.,"A",.,"A",.,"A",.,"A",.,"A",.,"A",.,"A",.,"A",.,"A",300,"D",.,"A",.,"A"
"20104",2256494,27,0,"1",.,"A",.,"A",.,"A",.,"A",100,"D",.,"A",.,"A",.,"A",.,"A",15,"D",0,"D",30,"D",40,"D",5,"D",.,"A"
"20104",2256503,37,0,"1",.,"A",.,"A",.,"A",.,"A",.,"A",.,"A",.,"A",.,"A",.,"A",15,"D",0,"D",0,"D",25,"D",5,"D",.,"A"
"20104",2256524,50,0,"1",.,"A",.,"A",.,"A",.,"A",.,"A",60,"D",.,"A",.,"A",.,"A",.,"A",.,"A",.,"A",80,"D",.,"A",.,"A"
"20104",2256534,35,0,"1",15,"D",.,"A",.,"A",.,"A",120,"D",.,"A",455,"D",.,"A",21,"D",0,"D",0,"D",42,"D",40,"D",0,"D",.,"A"
"20104",2256553,48,0,"1",.,"A",.,"A",.,"A",.,"A",.,"A",20,"D",.,"A",.,"A",.,"A",.,"A",.,"A",.,"A",60,"D",.,"A",.,"A"
"20104",2256573,101,0,"1",15,"D",.,"A",.,"A",.,"A",0,"D",.,"A",.,"A",.,"A",45,"D",.,"A",.,"A",.,"A",80,"D",.,"A",.,"A"
"20104",2256584,47,0,"1",.,"A",.,"A",.,"A",.,"A",.,"A",.,"A",.,"A",.,"A",.,"A",.,"A",.,"A",.,"A",20,"D",.,"A",.,"A"
"20104",2256594,58,0,"1",.,"A",.,"A",.,"A",.,"A",.,"A",.,"A",1105,"D",.,"A",.,"A",.,"A",.,"A",.,"A",.,"A",.,"A",.,"A"
"20104",2256614,55,0,"1",.,"A",.,"A",.,"A",.,"A",.,"A",.,"A",.,"A",.,"A",.,"A",.,"A",.,"A",.,"A",11,"D",.,"A",.,"A"
"20104",2256623,74,0,"1",.,"A",.,"A",.,"A",.,"A",.,"A",.,"A",.,"A",.,"A",.,"A",.,"A",.,"A",.,"A",205,"D",.,"A",.,"A"
"20104",2256633,41,0,"1",.,"A",.,"A",.,"A",.,"A",.,"A",.,"A",.,"A",195,"D",.,"A",.,"A",.,"A",.,"A",40,"D",.,"A",.,"A"
"20104",2256694,43,0,"1",.,"A",.,"A",.,"A",.,"A",.,"A",.,"A",.,"A",.,"A",.,"A",.,"A",.,"A",.,"A",20,"D",.,"A",.,"A"
"20104",2256713,34,0,"1",.,"A",.,"A",.,"A",.,"A",.,"A",.,"A",650,"D",.,"A",.,"A",.,"A",.,"A",.,"A",.,"A",.,"A",.,"A"
"20104",2256725,56,0,"1",.,"A",.,"A",.,"A",.,"A",.,"A",.,"A",.,"A",.,"A",.,"A",.,"A",.,"A",.,"A",240,"D",.,"A",.,"A"
"20104",2256794,28,0,"1",.,"A",.,"A",.,"A",.,"A",.,"A",.,"A",104,"D",.,"A",.,"A",180,"D",0,"D",0,"D",.,"A",60,"D",.,"A"
"20104",2256823,44,0,"1",.,"A",.,"A",.,"A",.,"A",.,"A",.,"A",156,"D",.,"A",.,"A",.,"A",.,"A",.,"A",.,"A",.,"A",.,"A"
"20104",2256833,36,0,"1",.,"A",.,"A",.,"A",.,"A",.,"A",.,"A",.,"A",.,"A",.,"A",.,"A",.,"A",.,"A",.,"A",.,"A",.,"A"
"20104",2256853,67,0,"1",.,"A",.,"A",.,"A",.,"A",.,"A",.,"A",.,"A",.,"A",.,"A",0,"D",0,"D",0,"D",281,"D",0,"D",.,"A"
"20104",2256864,55,0,"1",.,"A",.,"A",.,"A",.,"A",.,"A",.,"A",39,"D",.,"A",.,"A",.,"A",.,"A",.,"A",.,"A",.,"A",.,"A"
"20104",2256884,52,0,"1",.,"A",.,"A",.,"A",.,"A",.,"A",20,"D",.,"A",.,"A",.,"A",0,"D",0,"D",0,"D",200,"D",0,"D",.,"A"
"20104",2256903,46,0,"1",4,"D",.,"A",.,"A",.,"A",6,"D",.,"A",.,"A",.,"A",.,"A",.,"A",.,"A",.,"A",.,"A",.,"A",.,"A"
"20104",2256933,36,0,"1",.,"A",.,"A",.,"A",.,"A",.,"A",.,"A",.,"A",.,"A",.,"A",.,"A",.,"A",.,"A",.,"A",.,"A",.,"A"
"20104",2257004,57,0,"1",.,"A",.,"A",.,"A",.,"A",.,"A",275,"D",.,"A",.,"A",.,"A",.,"A",.,"A",.,"A",.,"A",.,"A",.,"A"
"20104",2257014,30,0,"1",.,"A",.,"A",.,"A",.,"A",.,"A",.,"A",.,"A",.,"A",.,"A",.,"A",.,"A",.,"A",.,"A",.,"A",.,"A"
"20104",2257023,23,0,"1",.,"A",.,"A",.,"A",.,"A",.,"A",.,"A",.,"A",.,"A",.,"A",.,"A",.,"A",.,"A",.,"A",.,"A",.,"A"
"20104",2257074,72,0,"1",.,"A",.,"A",.,"A",.,"A",.,"A",.,"A",.,"A",.,"A",.,"A",.,"A",.,"A",.,"A",425,"D",.,"A",.,"A"
"20104",2257083,57,0,"1",.,"A",.,"A",.,"A",.,"A",.,"A",.,"A",.,"A",.,"A",.,"A",.,"A",.,"A",.,"A",.,"A",.,"A",.,"A"
"20104",2257133,35,0,"1",.,"A",.,"A",.,"A",.,"A",.,"A",.,"A",455,"D",.,"A",36,"D",.,"A",.,"A",.,"A",20,"D",.,"A",.,"A"
"20104",2257143,68,0,"1",.,"A",.,"A",.,"A",.,"A",.,"A",.,"A",.,"A",.,"A",.,"A",.,"A",.,"A",.,"A",250,"D",.,"A",.,"A"
"20104",2257154,38,0,"1",.,"A",.,"A",.,"A",.,"A",.,"A",.,"A",.,"A",.,"A",.,"A",.,"A",.,"A",.,"A",12,"D",.,"A",.,"A"
"20104",2257163,35,0,"1",.,"A",.,"A",50,"D",.,"A",.,"A",.,"A",.,"A",.,"A",.,"A",.,"A",.,"A",.,"A",25,"D",.,"A",.,"A"
"20104",2257174,64,0,"1",5,"D",.,"A",.,"A",.,"A",0,"D",.,"A",.,"A",.,"A",.,"A",.,"A",.,"A",.,"A",.,"A",.,"A",.,"A"
"20104",2257214,27,0,"1",.,"A",.,"A",.,"A",.,"A",20,"D",.,"A",.,"A",.,"A",.,"A",.,"A",.,"A",.,"A",.,"A",.,"A",.,"A"
"20104",2257234,39,0,"1",.,"A",.,"A",.,"A",.,"A",125,"D",.,"A",.,"A",.,"A",.,"A",.,"A",.,"A",.,"A",216,"D",.,"A",.,"A"
"20104",2257244,69,0,"1",.,"A",.,"A",.,"A",.,"A",.,"A",.,"A",.,"A",.,"A",.,"A",.,"A",.,"A",.,"A",85,"D",.,"A",.,"A"
"20104",2257274,49,0,"1",.,"A",.,"A",.,"A",.,"A",.,"A",.,"A",.,"A",.,"A",.,"A",.,"A",.,"A",.,"A",35,"D",.,"A",.,"A"
"20104",2257294,29,0,"1",.,"A",.,"A",.,"A",.,"A",.,"A",.,"A",.,"A",.,"A",.,"A",.,"A",.,"A",.,"A",.,"A",.,"A",.,"A"
"20104",2257313,31,0,"1",30,"D",.,"A",.,"A",.,"A",75,"D",.,"A",78,"D",.,"A",.,"A",480,"D",0,"D",0,"D",90,"D",160,"D",.,"A"
"20104",2257323,36,0,"1",.,"A",.,"A",.,"A",.,"A",.,"A",.,"A",.,"A",.,"A",.,"A",.,"A",.,"A",.,"A",50,"D",.,"A",.,"A"
"20104",2257353,44,0,"1",.,"A",.,"A",.,"A",.,"A",.,"A",.,"A",78,"D",.,"A",.,"A",.,"A",.,"A",.,"A",.,"A",.,"A",.,"A"
"20104",2257364,54,0,"1",.,"A",.,"A",.,"A",.,"A",.,"A",.,"A",.,"A",.,"A",.,"A",.,"A",.,"A",.,"A",120,"D",.,"A",.,"A"
"20104",2257414,27,0,"1",.,"A",.,"A",.,"A",.,"A",.,"A",.,"A",.,"A",.,"A",.,"A",.,"A",.,"A",.,"A",.,"A",.,"A",.,"A"
"20104",2257424,56,0,"1",.,"A",.,"A",.,"A",.,"A",.,"A",.,"A",.,"A",.,"A",.,"A",.,"A",.,"A",.,"A",15,"D",.,"A",.,"A"
"20104",2257433,51,0,"1",.,"A",.,"A",.,"A",.,"A",.,"A",.,"A",.,"A",.,"A",.,"A",.,"A",.,"A",.,"A",120,"D",.,"A",.,"A"
"20104",2257454,47,0,"1",.,"A",.,"A",.,"A",.,"A",.,"A",.,"A",.,"A",.,"A",.,"A",.,"A",.,"A",.,"A",200,"D",.,"A",.,"A"
"20104",2257493,58,0,"1",.,"A",.,"A",.,"A",.,"A",.,"A",120,"D",.,"A",.,"A",.,"A",.,"A",.,"A",.,"A",50,"D",.,"A",.,"A"
"20104",2257554,61,0,"1",.,"A",.,"A",.,"A",.,"A",.,"A",.,"A",.,"A",.,"A",.,"A",.,"A",.,"A",.,"A",120,"D",.,"A",.,"A"
"20104",2257664,38,0,"1",.,"A",.,"A",.,"A",.,"A",25,"D",.,"A",.,"A",.,"A",.,"A",.,"A",.,"A",.,"A",.,"A",.,"A",.,"A"
"20104",2257704,87,0,"1",.,"A",.,"A",.,"A",75,"D",.,"A",.,"A",.,"A",.,"A",.,"A",0,"D",0,"D",60,"D",180,"D",0,"D",.,"A"
"20104",2257733,45,0,"1",.,"A",.,"A",.,"A",.,"A",.,"A",.,"A",.,"A",.,"A",.,"A",0,"D",0,"D",120,"D",250,"D",0,"D",.,"A"
"20104",2257744,46,0,"1",.,"A",.,"A",.,"A",.,"A",.,"A",22,"D",.,"A",.,"A",.,"A",.,"A",.,"A",.,"A",80,"D",.,"A",.,"A"
"20104",2257754,32,0,"1",.,"A",.,"A",.,"A",.,"A",.,"A",.,"A",.,"A",.,"A",.,"A",.,"A",.,"A",.,"A",40,"D",.,"A",.,"A"
"20104",2257774,35,0,"1",.,"A",.,"A",.,"A",.,"A",.,"A",.,"A",.,"A",.,"A",.,"A",.,"A",.,"A",.,"A",140,"D",.,"A",.,"A"
"20104",2257804,48,0,"1",.,"A",.,"A",.,"A",.,"A",.,"A",.,"A",.,"A",.,"A",.,"A",.,"A",.,"A",.,"A",.,"A",.,"A",.,"A"
"20104",2257825,32,0,"1",.,"A",.,"A",.,"A",.,"A",.,"A",.,"A",.,"A",.,"A",.,"A",.,"A",.,"A",.,"A",.,"A",.,"A",.,"A"
"20104",2257834,70,0,"1",.,"A",.,"A",.,"A",.,"A",.,"A",.,"A",.,"A",.,"A",.,"A",.,"A",.,"A",.,"A",62,"D",.,"A",.,"A"
"20104",2257864,36,0,"1",.,"A",.,"A",.,"A",.,"A",.,"A",.,"A",.,"A",.,"A",.,"A",0,"D",0,"D",195,"D",60,"D",0,"D",.,"A"
"20104",2257885,42,0,"1",.,"A",.,"A",.,"A",.,"A",50,"F",.,"A",.,"A",.,"A",.,"A",.,"A",.,"A",.,"A",.,"A",.,"A",.,"A"
"20104",2257913,53,0,"1",.,"A",40,"D",.,"A",.,"A",.,"A",0,"D",.,"A",.,"A",.,"A",.,"A",.,"A",.,"A",120,"D",.,"A",.,"A"
"20104",2257943,58,0,"1",.,"A",.,"A",30,"D",.,"A",.,"A",.,"A",.,"A",.,"A",.,"A",.,"A",.,"A",.,"A",240,"D",.,"A",.,"A"
"20104",2257953,48,0,"1",.,"A",.,"A",.,"A",.,"A",.,"A",.,"A",.,"A",.,"A",.,"A",.,"A",.,"A",.,"A",.,"A",.,"A",.,"A"
"20104",2257975,32,0,"1",.,"A",.,"A",.,"A",.,"A",.,"A",.,"A",520,"D",.,"A",.,"A",.,"A",.,"A",.,"A",.,"A",.,"A",.,"A"
"20104",2258013,46,0,"1",.,"A",.,"A",.,"A",.,"A",.,"A",.,"A",.,"A",.,"A",.,"A",.,"A",.,"A",.,"A",50,"D",.,"A",.,"A"
"20104",2258024,39,0,"1",.,"A",.,"A",.,"A",.,"A",.,"A",.,"A",.,"A",.,"A",21,"D",.,"A",.,"A",.,"A",120,"D",.,"A",.,"A"
"20104",2258044,51,0,"1",.,"A",.,"A",.,"A",.,"A",.,"A",.,"A",.,"A",.,"A",.,"A",.,"A",.,"A",.,"A",135,"D",.,"A",.,"A"
"20104",2258073,50,0,"1",.,"A",.,"A",.,"A",.,"A",.,"A",.,"A",.,"A",.,"A",.,"A",.,"A",.,"A",.,"A",50,"D",.,"A",.,"A"
"20104",2258104,35,0,"1",.,"A",.,"A",.,"A",.,"A",.,"A",.,"A",.,"A",.,"A",.,"A",.,"A",.,"A",.,"A",.,"A",.,"A",.,"A"
"20104",2258184,93,0,"1",.,"A",.,"A",.,"A",.,"A",.,"A",75,"D",.,"A",.,"A",.,"A",738,"D",0,"D",0,"D",100,"D",246,"D",.,"A"
"20104",2258204,92,0,"1",.,"A",.,"A",.,"A",.,"A",.,"A",10,"D",.,"A",.,"A",.,"A",.,"A",.,"A",.,"A",370,"D",.,"A",.,"A"
"20104",2258233,36,0,"1",.,"A",.,"A",.,"A",.,"A",240,"D",.,"A",.,"A",.,"A",21,"D",0,"D",0,"D",57,"D",120,"D",0,"D",.,"A"
"20104",2258264,57,0,"1",.,"A",.,"A",.,"A",.,"A",.,"A",.,"A",.,"A",260,"D",.,"A",.,"A",.,"A",.,"A",.,"A",.,"A",.,"A"
"20104",2258274,31,0,"1",.,"A",.,"A",.,"A",.,"A",.,"A",.,"A",.,"A",.,"A",.,"A",.,"A",.,"A",.,"A",.,"A",.,"A",.,"A"
"20104",2258283,67,0,"1",.,"A",.,"A",.,"A",.,"A",.,"A",.,"A",195,"D",.,"A",.,"A",.,"A",.,"A",.,"A",42,"D",.,"A",.,"A"
"20104",2258304,22,0,"1",.,"A",.,"A",.,"A",.,"A",.,"A",.,"A",.,"A",.,"A",.,"A",.,"A",.,"A",.,"A",.,"A",.,"A",.,"A"
"20104",2258314,64,0,"1",.,"A",.,"A",.,"A",.,"A",.,"A",.,"A",.,"A",.,"A",.,"A",.,"A",.,"A",.,"A",110,"D",.,"A",.,"A"
"20104",2258323,49,0,"1",.,"A",.,"A",.,"A",.,"A",.,"A",.,"A",.,"A",.,"A",.,"A",.,"A",.,"A",.,"A",.,"A",.,"A",.,"A"
"20104",2258343,44,0,"1",.,"A",.,"A",.,"A",.,"A",.,"A",10,"D",.,"A",.,"A",.,"A",150,"D",0,"D",0,"D",100,"D",50,"D",.,"A"
"20104",2258353,25,0,"1",.,"A",.,"A",.,"A",.,"A",.,"A",.,"A",.,"A",.,"A",.,"A",.,"A",.,"A",.,"A",.,"A",.,"A",.,"A"
"20104",2258364,40,0,"1",.,"A",.,"A",.,"A",.,"A",.,"A",.,"A",.,"A",.,"A",.,"A",600,"D",0,"D",0,"D",.,"A",200,"D",300,"D"
"20104",2258374,48,0,"1",100,"D",.,"A",.,"A",.,"A",95,"D",90,"D",.,"A",.,"A",.,"A",.,"A",.,"A",.,"A",111,"D",.,"A",.,"A"
"20104",2258384,30,0,"1",.,"A",.,"A",.,"A",.,"A",.,"A",.,"A",.,"A",.,"A",.,"A",.,"A",.,"A",.,"A",.,"A",.,"A",.,"A"
"20104",2258394,60,0,"1",.,"A",.,"A",.,"A",.,"A",.,"A",.,"A",.,"A",.,"A",.,"A",.,"A",.,"A",.,"A",160,"D",.,"A",.,"A"
"20104",2258433,45,0,"1",.,"A",.,"A",.,"A",.,"A",.,"A",.,"A",.,"A",.,"A",.,"A",.,"A",.,"A",.,"A",.,"A",.,"A",.,"A"
"20104",2258483,107,0,"1",.,"A",.,"A",.,"A",.,"A",.,"A",.,"A",.,"A",.,"A",.,"A",.,"A",.,"A",.,"A",.,"A",.,"A",.,"A"
"20104",2258504,55,0,"1",.,"A",.,"A",.,"A",.,"A",.,"A",.,"A",.,"A",.,"A",.,"A",.,"A",.,"A",.,"A",45,"D",.,"A",.,"A"
"20104",2258533,50,0,"1",.,"A",.,"A",.,"A",.,"A",.,"A",.,"A",.,"A",.,"A",.,"A",.,"A",.,"A",.,"A",80,"D",.,"A",.,"A"
"20104",2258553,35,0,"1",.,"A",.,"A",.,"A",.,"A",.,"A",.,"A",.,"A",.,"A",.,"A",.,"A",.,"A",.,"A",.,"A",.,"A",.,"A"
"20104",2258573,31,0,"1",.,"A",.,"A",.,"A",.,"A",.,"A",.,"A",.,"A",.,"A",.,"A",.,"A",.,"A",.,"A",120,"D",.,"A",.,"A"
"20104",2258604,62,0,"1",.,"A",.,"A",.,"A",.,"A",.,"A",200,"D",.,"A",.,"A",.,"A",.,"A",.,"A",.,"A",100,"D",.,"A",.,"A"
"20104",2258614,49,0,"1",.,"A",.,"A",.,"A",.,"A",.,"A",.,"A",.,"A",.,"A",.,"A",.,"A",.,"A",.,"A",42,"D",.,"A",.,"A"
"20104",2258623,34,0,"1",.,"A",.,"A",.,"A",.,"A",60,"D",.,"A",.,"A",.,"A",.,"A",.,"A",.,"A",.,"A",.,"A",.,"A",.,"A"
"20104",2258653,33,0,"1",.,"A",.,"A",.,"A",40,"D",.,"A",.,"A",.,"A",.,"A",.,"A",.,"A",.,"A",.,"A",24,"D",.,"A",.,"A"
"20104",2258665,40,0,"1",.,"A",.,"A",.,"A",.,"A",.,"A",.,"A",.,"A",.,"A",.,"A",.,"A",.,"A",.,"A",.,"A",.,"A",.,"A"
"20104",2258673,52,0,"1",.,"A",.,"A",.,"A",30,"D",.,"A",.,"A",.,"A",.,"A",.,"A",30,"D",6,"D",6,"D",50,"D",10,"D",.,"A"
"20104",2258684,38,0,"1",.,"A",.,"A",.,"A",.,"A",120,"D",.,"A",.,"A",.,"A",.,"A",.,"A",.,"A",.,"A",.,"A",.,"A",.,"A"
"20104",2258733,46,0,"1",.,"A",.,"A",.,"A",.,"A",.,"A",.,"A",.,"A",.,"A",.,"A",.,"A",.,"A",.,"A",40,"D",.,"A",.,"A"
"20104",2258774,47,0,"1",.,"A",.,"A",.,"A",.,"A",.,"A",.,"A",.,"A",.,"A",.,"A",.,"A",.,"A",.,"A",.,"A",.,"A",.,"A"
"20104",2258794,47,0,"1",.,"A",.,"A",.,"A",.,"A",4,"D",.,"A",.,"A",.,"A",.,"A",.,"A",.,"A",.,"A",25,"D",.,"A",.,"A"
"20104",2258824,38,0,"1",.,"A",.,"A",.,"A",.,"A",.,"A",.,"A",.,"A",.,"A",.,"A",.,"A",.,"A",.,"A",.,"A",.,"A",.,"A"
"20104",2258853,52,0,"1",.,"A",.,"A",.,"A",.,"A",.,"A",.,"A",.,"A",.,"A",.,"A",.,"A",.,"A",.,"A",500,"D",.,"A",.,"A"
"20104",2258904,73,0,"1",.,"A",.,"A",.,"A",.,"A",.,"A",.,"A",.,"A",.,"A",.,"A",.,"A",.,"A",.,"A",225,"D",.,"A",.,"A"
"20104",2258963,43,0,"1",.,"A",.,"A",.,"A",.,"A",.,"A",.,"A",.,"A",.,"A",.,"A",.,"A",.,"A",.,"A",.,"A",.,"A",.,"A"
"20104",2258983,50,0,"1",.,"A",.,"A",.,"A",.,"A",.,"A",25,"D",.,"A",.,"A",.,"A",.,"A",.,"A",.,"A",50,"D",.,"A",.,"A"
"20104",2258993,45,0,"1",.,"A",.,"A",.,"A",.,"A",.,"A",.,"A",364,"D",.,"A",.,"A",0,"D",0,"D",3,"D",.,"A",0,"D",.,"A"
"20104",2259003,42,0,"1",.,"A",.,"A",.,"A",.,"A",96,"D",25,"D",.,"A",.,"A",.,"A",.,"A",.,"A",.,"A",.,"A",.,"A",.,"A"
"20104",2259014,47,0,"1",.,"A",.,"A",.,"A",.,"A",.,"A",.,"A",.,"A",.,"A",.,"A",.,"A",.,"A",.,"A",14,"D",.,"A",.,"A"
"20104",2259024,67,0,"1",.,"A",.,"A",.,"A",.,"A",.,"A",.,"A",.,"A",.,"A",.,"A",.,"A",.,"A",.,"A",.,"A",.,"A",.,"A"
"20104",2259044,54,0,"1",.,"A",.,"A",.,"A",.,"A",36,"D",.,"A",.,"A",.,"A",.,"A",.,"A",.,"A",.,"A",40,"D",.,"A",.,"A"
"20104",2259073,66,0,"1",.,"A",.,"A",.,"A",.,"A",.,"A",.,"A",.,"A",.,"A",.,"A",.,"A",.,"A",.,"A",.,"A",.,"A",.,"A"
"20104",2259113,41,0,"1",.,"A",.,"A",.,"A",.,"A",.,"A",.,"A",.,"A",.,"A",.,"A",.,"A",.,"A",.,"A",56,"D",.,"A",.,"A"
"20104",2259123,33,0,"1",.,"A",.,"A",.,"A",20,"D",8,"D",.,"A",.,"A",.,"A",.,"A",114,"D",0,"D",15,"D",80,"D",38,"D",.,"A"
"20104",2259133,47,0,"1",.,"A",.,"A",.,"A",.,"A",.,"A",.,"A",.,"A",.,"A",15,"D",.,"A",.,"A",.,"A",.,"A",.,"A",.,"A"
"20104",2259154,30,0,"1",.,"A",.,"A",.,"A",.,"A",.,"A",.,"A",.,"A",.,"A",.,"A",.,"A",.,"A",.,"A",90,"D",.,"A",.,"A"
"20104",2259194,58,0,"1",.,"A",.,"A",.,"A",.,"A",.,"A",.,"A",.,"A",.,"A",.,"A",.,"A",.,"A",.,"A",1000,"D",.,"A",.,"A"
"20104",2259203,45,0,"1",.,"A",.,"A",.,"A",.,"A",.,"A",.,"A",.,"A",.,"A",21,"D",.,"A",.,"A",.,"A",30,"D",.,"A",.,"A"
"20104",2259214,60,0,"1",.,"A",.,"A",.,"A",.,"A",.,"A",100,"D",.,"A",.,"A",15,"D",.,"A",.,"A",.,"A",175,"D",.,"A",.,"A"
"20104",2259234,29,0,"1",.,"A",.,"A",.,"A",.,"A",.,"A",.,"A",.,"A",.,"A",.,"A",.,"A",.,"A",.,"A",.,"A",.,"A",.,"A"
"20104",2259284,47,0,"1",.,"A",.,"A",.,"A",.,"A",243,"D",.,"A",.,"A",.,"A",.,"A",.,"A",.,"A",.,"A",24,"D",.,"A",.,"A"
"20104",2259294,64,0,"1",.,"A",.,"A",.,"A",.,"A",.,"A",100,"D",390,"D",.,"A",.,"A",.,"A",.,"A",.,"A",.,"A",.,"A",.,"A"
"20104",2259303,45,0,"1",.,"A",.,"A",.,"A",.,"A",.,"A",.,"A",.,"A",.,"A",.,"A",.,"A",.,"A",.,"A",25,"D",.,"A",.,"A"
"20104",2259323,48,0,"1",.,"A",.,"A",.,"A",.,"A",.,"A",6,"D",.,"A",.,"A",45,"D",.,"A",.,"A",.,"A",237,"D",.,"A",.,"A"
"20104",2259354,55,0,"1",.,"A",.,"A",.,"A",.,"A",.,"A",.,"A",.,"A",.,"A",.,"A",.,"A",.,"A",.,"A",30,"D",.,"A",.,"A"
"20104",2259364,51,0,"1",.,"A",.,"A",.,"A",.,"A",.,"A",.,"A",.,"A",.,"A",.,"A",.,"A",.,"A",.,"A",60,"D",.,"A",.,"A"
"20104",2259373,48,0,"1",.,"A",.,"A",.,"A",.,"A",.,"A",.,"A",.,"A",195,"D",30,"D",.,"A",.,"A",.,"A",175,"D",.,"A",.,"A"
"20104",2259384,60,0,"1",.,"A",.,"A",.,"A",.,"A",.,"A",20,"D",.,"A",.,"A",.,"A",105,"D",0,"D",0,"D",300,"D",35,"D",60,"D"
"20104",2259403,36,0,"1",.,"A",.,"A",.,"A",.,"A",.,"A",.,"A",195,"D",.,"A",.,"A",.,"A",.,"A",.,"A",.,"A",.,"A",.,"A"
"20104",2259434,39,0,"1",.,"A",.,"A",.,"A",.,"A",.,"A",.,"A",325,"D",.,"A",.,"A",.,"A",.,"A",.,"A",.,"A",.,"A",.,"A"
"20104",2259444,33,0,"1",.,"A",.,"A",.,"A",.,"A",.,"A",.,"A",.,"A",.,"A",.,"A",.,"A",.,"A",.,"A",.,"A",.,"A",.,"A"
"20104",2259453,32,0,"1",.,"A",.,"A",.,"A",.,"A",30,"D",.,"A",.,"A",.,"A",.,"A",.,"A",.,"A",.,"A",.,"A",.,"A",.,"A"
"20104",2259463,33,0,"1",.,"A",.,"A",.,"A",.,"A",60,"D",.,"A",.,"A",.,"A",.,"A",.,"A",.,"A",.,"A",.,"A",.,"A",.,"A"
"20104",2259493,38,0,"1",.,"A",.,"A",.,"A",.,"A",.,"A",.,"A",.,"A",.,"A",.,"A",.,"A",.,"A",.,"A",.,"A",.,"A",.,"A"
"20104",2259503,26,0,"1",.,"A",.,"A",.,"A",.,"A",120,"D",.,"A",.,"A",.,"A",.,"A",.,"A",.,"A",.,"A",90,"D",.,"A",.,"A"
"20104",2259523,100,0,"1",.,"A",.,"A",.,"A",.,"A",.,"A",450,"D",.,"A",.,"A",.,"A",.,"A",.,"A",.,"A",500,"D",.,"A",.,"A"
"20104",2259543,65,0,"1",.,"A",.,"A",.,"A",.,"A",.,"A",.,"A",.,"A",.,"A",.,"A",.,"A",.,"A",.,"A",.,"A",.,"A",.,"A"
"20104",2259563,37,0,"1",.,"A",.,"A",.,"A",.,"A",.,"A",.,"A",.,"A",.,"A",3,"D",.,"A",.,"A",.,"A",.,"A",.,"A",.,"A"
"20104",2259573,29,0,"1",.,"A",.,"A",.,"A",.,"A",.,"A",.,"A",.,"A",.,"A",.,"A",.,"A",.,"A",.,"A",.,"A",.,"A",.,"A"
"20104",2259624,27,0,"1",.,"A",.,"A",.,"A",.,"A",.,"A",.,"A",.,"A",.,"A",.,"A",.,"A",.,"A",.,"A",120,"D",.,"A",.,"A"
"20104",2259653,32,0,"1",.,"A",.,"A",.,"A",.,"A",.,"A",.,"A",.,"A",.,"A",.,"A",.,"A",.,"A",.,"A",.,"A",.,"A",.,"A"
"20104",2259664,46,0,"1",.,"A",.,"A",.,"A",.,"A",.,"A",.,"A",.,"A",.,"A",.,"A",.,"A",.,"A",.,"A",40,"D",.,"A",.,"A"
"20104",2259674,35,0,"1",.,"A",.,"A",.,"A",.,"A",.,"A",.,"A",.,"A",.,"A",.,"A",.,"A",.,"A",.,"A",.,"A",.,"A",.,"A"
"20104",2259723,28,0,"1",10,"D",.,"A",.,"A",.,"A",85,"D",.,"A",650,"D",.,"A",.,"A",45,"D",0,"D",45,"D",.,"A",15,"D",.,"A"
"20104",2259744,65,0,"1",.,"A",.,"A",.,"A",.,"A",.,"A",.,"A",.,"A",65,"D",75,"D",.,"A",.,"A",.,"A",.,"A",.,"A",.,"A"
"20104",2259753,27,0,"1",.,"A",.,"A",.,"A",.,"A",25,"D",.,"A",.,"A",.,"A",.,"A",0,"D",0,"D",18,"D",15,"D",0,"D",.,"A"
"20104",2259774,33,0,"1",.,"A",.,"A",.,"A",.,"A",60,"D",.,"A",.,"A",.,"A",.,"A",.,"A",.,"A",.,"A",20,"D",.,"A",.,"A"
"20104",2259784,33,0,"1",.,"A",.,"A",.,"A",.,"A",.,"A",.,"A",.,"A",.,"A",.,"A",.,"A",.,"A",.,"A",.,"A",.,"A",.,"A"
"20104",2259814,26,0,"1",.,"A",.,"A",.,"A",.,"A",150,"D",.,"A",.,"A",.,"A",.,"A",0,"D",0,"D",90,"D",75,"D",0,"D",.,"A"
"20104",2259864,62,0,"1",.,"A",.,"A",.,"A",.,"A",.,"A",.,"A",.,"A",.,"A",.,"A",.,"A",.,"A",.,"A",.,"A",.,"A",.,"A"
"20104",2259883,42,0,"1",.,"A",.,"A",.,"A",.,"A",.,"A",.,"A",.,"A",.,"A",.,"A",.,"A",.,"A",.,"A",.,"A",.,"A",.,"A"
"20104",2259904,45,0,"1",.,"A",.,"A",.,"A",.,"A",.,"A",.,"A",.,"A",546,"D",.,"A",.,"A",.,"A",.,"A",.,"A",.,"A",.,"A"
"20104",2259914,64,0,"1",14,"D",.,"A",.,"A",.,"A",34,"D",.,"A",.,"A",.,"A",36,"D",.,"A",.,"A",.,"A",.,"A",.,"A",.,"A"
"20104",2259943,49,0,"1",.,"A",.,"A",.,"A",.,"A",.,"A",.,"A",780,"D",.,"A",.,"A",.,"A",.,"A",.,"A",.,"A",.,"A",.,"A"
"20104",2259953,37,0,"1",.,"A",.,"A",.,"A",.,"A",.,"A",.,"A",.,"A",.,"A",.,"A",.,"A",.,"A",.,"A",43,"D",.,"A",.,"A"
"20104",2259983,30,0,"1",.,"A",.,"A",.,"A",.,"A",.,"A",.,"A",.,"A",.,"A",.,"A",.,"A",.,"A",.,"A",60,"D",.,"A",.,"A"
"20104",2259993,39,0,"1",.,"A",.,"A",.,"A",.,"A",.,"A",.,"A",.,"A",.,"A",.,"A",.,"A",.,"A",.,"A",40,"D",.,"A",.,"A"
"20104",2260024,26,0,"1",.,"A",.,"A",.,"A",.,"A",.,"A",.,"A",520,"D",.,"A",.,"A",.,"A",.,"A",.,"A",.,"A",.,"A",.,"A"
"20104",2260033,79,0,"1",.,"A",.,"A",.,"A",.,"A",.,"A",.,"A",.,"A",.,"A",.,"A",.,"A",.,"A",.,"A",48,"D",.,"A",.,"A"
"20104",2260043,29,0,"1",45,"D",.,"A",.,"A",.,"A",45,"D",.,"A",.,"A",.,"A",.,"A",156,"D",60,"D",0,"D",90,"D",52,"D",.,"A"
"20104",2260083,52,0,"1",.,"A",.,"A",.,"A",.,"A",.,"A",.,"A",.,"A",.,"A",.,"A",0,"D",0,"D",45,"D",200,"D",0,"D",.,"A"
"20104",2260103,32,0,"1",.,"A",.,"A",.,"A",.,"A",.,"A",.,"A",.,"A",.,"A",.,"A",.,"A",.,"A",.,"A",.,"A",.,"A",.,"A"
"20104",2260123,47,0,"1",.,"A",.,"A",.,"A",.,"A",.,"A",.,"A",.,"A",.,"A",.,"A",.,"A",.,"A",.,"A",.,"A",.,"A",.,"A"
"20104",2260133,40,0,"1",.,"A",.,"A",.,"A",.,"A",.,"A",.,"A",.,"A",.,"A",.,"A",.,"A",.,"A",.,"A",96,"D",.,"A",.,"A"
"20104",2260153,45,0,"1",.,"A",.,"A",.,"A",.,"A",.,"A",.,"A",195,"D",.,"A",.,"A",.,"A",.,"A",.,"A",21,"D",.,"A",.,"A"
"20104",2260174,72,0,"1",.,"A",.,"A",.,"A",.,"A",.,"A",.,"A",.,"A",.,"A",.,"A",.,"A",.,"A",.,"A",.,"A",.,"A",.,"A"
"20104",2260183,61,0,"1",.,"A",.,"A",.,"A",.,"A",.,"A",.,"A",.,"A",.,"A",.,"A",.,"A",.,"A",.,"A",240,"D",.,"A",.,"A"
"20104",2260194,44,0,"1",.,"A",.,"A",.,"A",.,"A",300,"D",30,"D",.,"A",.,"A",.,"A",.,"A",.,"A",.,"A",360,"D",.,"A",.,"A"
"20104",2260233,51,0,"1",.,"A",.,"A",.,"A",.,"A",.,"A",.,"A",.,"A",.,"A",12,"D",.,"A",.,"A",.,"A",100,"D",.,"A",.,"A"
"20104",2260254,42,0,"1",.,"A",.,"A",.,"A",.,"A",20,"D",.,"A",.,"A",.,"A",.,"A",.,"A",.,"A",.,"A",.,"A",.,"A",.,"A"
"20104",2260313,65,0,"1",.,"A",.,"A",.,"A",.,"A",.,"A",.,"A",910,"D",.,"A",30,"D",.,"A",.,"A",.,"A",250,"D",.,"A",.,"A"
"20104",2260324,66,0,"1",.,"A",.,"A",.,"A",.,"A",.,"A",.,"A",.,"A",.,"A",.,"A",.,"A",.,"A",.,"A",300,"D",.,"A",.,"A"
"20104",2260334,50,0,"1",.,"A",.,"A",.,"A",.,"A",.,"A",.,"A",.,"A",.,"A",.,"A",.,"A",.,"A",.,"A",.,"A",.,"A",.,"A"
"20104",2260344,79,0,"1",.,"A",.,"A",.,"A",.,"A",.,"A",16,"D",.,"A",.,"A",.,"A",.,"A",.,"A",.,"A",.,"A",.,"A",.,"A"
"20104",2260353,31,0,"1",.,"A",.,"A",.,"A",.,"A",63,"D",.,"A",.,"A",.,"A",.,"A",.,"A",.,"A",.,"A",90,"D",.,"A",.,"A"
"20104",2260424,60,0,"1",.,"A",.,"A",.,"A",.,"A",.,"A",.,"A",.,"A",.,"A",.,"A",.,"A",.,"A",.,"A",180,"D",.,"A",.,"A"
"20104",2260434,37,0,"1",.,"A",.,"A",.,"A",.,"A",.,"A",.,"A",.,"A",.,"A",.,"A",.,"A",.,"A",.,"A",35,"D",.,"A",.,"A"
"20104",2260443,48,0,"1",.,"A",.,"A",.,"A",.,"A",.,"A",15,"D",.,"A",.,"A",.,"A",.,"A",.,"A",.,"A",87,"D",.,"A",.,"A"
"20104",2260454,62,0,"1",.,"A",.,"A",.,"A",.,"A",.,"A",.,"A",.,"A",.,"A",.,"A",.,"A",.,"A",.,"A",33,"D",.,"A",.,"A"
"20104",2260463,40,0,"1",.,"A",.,"A",.,"A",.,"A",20,"D",.,"A",.,"A",.,"A",.,"A",.,"A",.,"A",.,"A",200,"D",.,"A",.,"A"
"20104",2260484,34,0,"1",.,"A",.,"A",.,"A",.,"A",.,"A",.,"A",.,"A",.,"A",.,"A",.,"A",.,"A",.,"A",30,"D",.,"A",.,"A"
"20104",2260503,27,0,"1",.,"A",.,"A",.,"A",.,"A",.,"A",.,"A",325,"D",.,"A",.,"A",.,"A",.,"A",.,"A",.,"A",.,"A",.,"A"
"20104",2260514,22,0,"1",.,"A",.,"A",.,"A",.,"A",.,"A",.,"A",.,"A",.,"A",.,"A",.,"A",.,"A",.,"A",.,"A",.,"A",.,"A"
"20104",2260524,83,0,"1",.,"A",.,"A",10,"D",.,"A",.,"A",.,"A",.,"A",.,"A",30,"D",.,"A",.,"A",.,"A",.,"A",.,"A",.,"A"
"20104",2260534,42,0,"1",.,"A",.,"A",.,"A",.,"A",.,"A",.,"A",234,"D",.,"A",.,"A",.,"A",.,"A",.,"A",.,"A",.,"A",.,"A"
"20104",2260553,42,0,"1",.,"A",.,"A",.,"A",.,"A",30,"D",.,"A",.,"A",.,"A",.,"A",48,"D",0,"D",0,"D",20,"D",16,"D",42,"D"
"20104",2260573,84,0,"1",.,"A",.,"A",.,"A",.,"A",.,"A",60,"D",.,"A",.,"A",.,"A",.,"A",.,"A",.,"A",560,"D",.,"A",.,"A"
"20104",2260594,57,0,"1",.,"A",.,"A",.,"A",.,"A",.,"A",30,"D",.,"A",.,"A",.,"A",.,"A",.,"A",.,"A",180,"D",.,"A",.,"A"
"20104",2260633,31,0,"1",.,"A",.,"A",.,"A",.,"A",.,"A",.,"A",.,"A",.,"A",.,"A",150,"D",90,"D",0,"D",40,"D",50,"D",.,"A"
"20104",2260643,50,0,"1",.,"A",.,"A",.,"A",.,"A",.,"A",.,"A",325,"D",.,"A",.,"A",.,"A",.,"A",.,"A",.,"A",.,"A",.,"A"
"20104",2260654,57,0,"1",.,"A",.,"A",.,"A",.,"A",.,"A",.,"A",.,"A",.,"A",.,"A",.,"A",.,"A",.,"A",15,"D",.,"A",.,"A"
"20104",2260664,41,0,"1",.,"A",.,"A",.,"A",.,"A",.,"A",.,"A",1300,"D",.,"A",.,"A",.,"A",.,"A",.,"A",70,"D",.,"A",.,"A"
"20104",2260674,42,0,"1",.,"A",.,"A",.,"A",.,"A",.,"A",.,"A",.,"A",.,"A",.,"A",.,"A",.,"A",.,"A",.,"A",.,"A",.,"A"
"20104",2260683,28,0,"1",.,"A",.,"A",.,"A",.,"A",70,"D",.,"A",.,"A",.,"A",.,"A",.,"A",.,"A",.,"A",45,"D",.,"A",.,"A"
"20104",2260703,40,0,"1",.,"A",.,"A",.,"A",.,"A",.,"A",.,"A",.,"A",.,"A",.,"A",.,"A",.,"A",.,"A",85,"D",.,"A",.,"A"
"20104",2260714,46,0,"1",.,"A",.,"A",.,"A",.,"A",.,"A",.,"A",.,"A",.,"A",60,"D",.,"A",.,"A",.,"A",.,"A",.,"A",.,"A"
"20104",2260753,75,0,"1",.,"A",.,"A",.,"A",.,"A",.,"A",.,"A",.,"A",.,"A",18,"D",.,"A",.,"A",.,"A",80,"D",.,"A",.,"A"
"20104",2260763,30,0,"1",4,"D",.,"A",.,"A",.,"A",9,"D",.,"A",.,"A",.,"A",.,"A",.,"A",.,"A",.,"A",.,"A",.,"A",.,"A"
"20104",2260783,33,0,"1",.,"A",.,"A",.,"A",.,"A",.,"A",.,"A",.,"A",.,"A",.,"A",.,"A",.,"A",.,"A",80,"D",.,"A",.,"A"
"20104",2260793,38,0,"1",.,"A",.,"A",.,"A",.,"A",.,"A",.,"A",.,"A",.,"A",.,"A",.,"A",.,"A",.,"A",.,"A",.,"A",.,"A"
"20104",2260803,90,0,"1",.,"A",.,"A",.,"A",.,"A",.,"A",.,"A",.,"A",.,"A",.,"A",.,"A",.,"A",.,"A",129,"D",.,"A",.,"A"
"20104",2260824,31,0,"1",.,"A",.,"A",.,"A",.,"A",.,"A",.,"A",.,"A",.,"A",.,"A",.,"A",.,"A",.,"A",150,"D",.,"A",.,"A"
"20104",2260833,47,0,"1",.,"A",.,"A",16,"D",.,"A",.,"A",.,"A",.,"A",.,"A",.,"A",.,"A",.,"A",.,"A",.,"A",.,"A",.,"A"
"20104",2260874,49,0,"1",.,"A",.,"A",.,"A",.,"A",.,"A",.,"A",195,"D",.,"A",.,"A",.,"A",.,"A",.,"A",.,"A",.,"A",.,"A"
"20104",2260883,39,0,"1",.,"A",.,"A",.,"A",.,"A",.,"A",.,"A",.,"A",.,"A",.,"A",.,"A",.,"A",.,"A",85,"D",.,"A",.,"A"
"20104",2260934,70,0,"1",.,"A",.,"A",.,"A",.,"A",.,"A",30,"D",.,"A",.,"A",.,"A",.,"A",.,"A",.,"A",80,"D",.,"A",.,"A"
"20104",2260943,29,0,"1",.,"A",.,"A",.,"A",.,"A",.,"A",.,"A",.,"A",.,"A",.,"A",.,"A",.,"A",.,"A",70,"D",.,"A",.,"A"
"20104",2260953,55,0,"1",.,"A",.,"A",.,"A",150,"D",.,"A",60,"D",.,"A",.,"A",36,"D",.,"A",.,"A",.,"A",200,"D",.,"A",.,"A"
"20104",2260973,42,0,"1",.,"A",.,"A",.,"A",.,"A",.,"A",120,"D",.,"A",.,"A",.,"A",.,"A",.,"A",.,"A",.,"A",.,"A",.,"A"
"20104",2260984,67,0,"1",.,"A",.,"A",.,"A",.,"A",.,"A",.,"A",.,"A",.,"A",.,"A",.,"A",.,"A",.,"A",75,"D",.,"A",.,"A"
"20104",2261004,44,0,"1",10,"D",.,"A",.,"A",.,"A",50,"D",.,"A",.,"A",.,"A",.,"A",.,"A",.,"A",.,"A",45,"D",.,"A",.,"A"
"20104",2261043,72,0,"1",.,"A",.,"A",.,"A",.,"A",.,"A",.,"A",.,"A",.,"A",.,"A",.,"A",.,"A",.,"A",52,"D",.,"A",.,"A"
"20104",2261054,39,0,"1",.,"A",.,"A",.,"A",.,"A",.,"A",.,"A",.,"A",.,"A",.,"A",.,"A",.,"A",.,"A",19,"D",.,"A",.,"A"
"20104",2261074,58,0,"1",.,"A",.,"A",.,"A",.,"A",6,"D",.,"A",.,"A",.,"A",.,"A",.,"A",.,"A",.,"A",27,"D",.,"A",.,"A"
"20104",2261083,46,0,"1",10,"D",.,"A",.,"A",.,"A",90,"D",.,"A",.,"A",.,"A",.,"A",.,"A",.,"A",.,"A",90,"D",.,"A",.,"A"
"20104",2261094,38,0,"1",.,"A",.,"A",.,"A",.,"A",.,"A",.,"A",.,"A",.,"A",.,"A",.,"A",.,"A",.,"A",.,"A",.,"A",.,"A"
"20104",2261103,75,0,"1",.,"A",.,"A",.,"A",.,"A",.,"A",.,"A",.,"A",.,"A",.,"A",.,"A",.,"A",.,"A",45,"D",.,"A",.,"A"
"20104",2261114,65,0,"1",.,"A",.,"A",.,"A",.,"A",.,"A",.,"A",.,"A",.,"A",.,"A",.,"A",.,"A",.,"A",70,"D",.,"A",.,"A"
"20104",2261133,64,0,"1",.,"A",.,"A",.,"A",.,"A",.,"A",.,"A",.,"A",.,"A",.,"A",.,"A",.,"A",.,"A",105,"D",.,"A",.,"A"
"20104",2261164,39,0,"1",.,"A",.,"A",.,"A",.,"A",240,"D",.,"A",.,"A",.,"A",.,"A",225,"D",0,"D",0,"D",.,"A",75,"D",.,"A"
"20104",2261183,50,0,"1",.,"A",.,"A",.,"A",.,"A",.,"A",45,"D",.,"A",.,"A",.,"A",.,"A",.,"A",.,"A",150,"D",.,"A",.,"A"
"20104",2261203,42,0,"1",.,"A",.,"A",.,"A",.,"A",.,"A",10,"D",.,"A",.,"A",.,"A",.,"A",.,"A",.,"A",.,"A",.,"A",.,"A"
"20104",2261223,48,0,"1",.,"A",.,"A",37,"F",.,"A",.,"A",.,"A",.,"A",.,"A",.,"A",.,"A",.,"A",.,"A",100,"D",.,"A",.,"A"
"20104",2261234,53,0,"1",.,"A",.,"A",.,"A",.,"A",.,"A",.,"A",.,"A",.,"A",12,"D",.,"A",.,"A",.,"A",220,"D",.,"A",.,"A"
"20104",2261243,50,0,"1",.,"A",.,"A",.,"A",.,"A",.,"A",.,"A",.,"A",.,"A",.,"A",.,"A",.,"A",.,"A",225,"D",.,"A",.,"A"
"20104",2261254,74,0,"1",.,"A",.,"A",.,"A",.,"A",.,"A",40,"D",.,"A",.,"A",.,"A",.,"A",.,"A",.,"A",330,"D",.,"A",.,"A"
"20104",2261273,99,0,"1",.,"A",.,"A",.,"A",.,"A",.,"A",.,"A",.,"A",.,"A",.,"A",.,"A",.,"A",.,"A",208,"D",.,"A",.,"A"
"20104",2261284,61,0,"1",.,"A",.,"A",.,"A",.,"A",56,"D",.,"A",.,"A",.,"A",.,"A",.,"A",.,"A",.,"A",.,"A",.,"A",.,"A"
"20104",2261294,52,0,"1",.,"A",.,"A",.,"A",.,"A",.,"A",4,"D",.,"A",.,"A",.,"A",.,"A",.,"A",.,"A",100,"D",.,"A",.,"A"
"20104",2261323,58,0,"1",.,"A",.,"A",.,"A",.,"A",.,"A",.,"A",.,"A",.,"A",.,"A",.,"A",.,"A",.,"A",50,"D",.,"A",.,"A"
"20104",2261383,65,0,"1",.,"A",.,"A",.,"A",.,"A",.,"A",130,"D",.,"A",.,"A",.,"A",.,"A",.,"A",.,"A",560,"D",.,"A",.,"A"
"20104",2261433,36,0,"1",.,"A",.,"A",.,"A",.,"A",.,"A",.,"A",.,"A",.,"A",.,"A",.,"A",.,"A",.,"A",.,"A",.,"A",.,"A"
"20104",2261464,49,0,"1",.,"A",.,"A",.,"A",.,"A",.,"A",.,"A",325,"D",.,"A",.,"A",.,"A",.,"A",.,"A",.,"A",.,"A",.,"A"
"20104",2261474,75,0,"1",.,"A",.,"A",.,"A",.,"A",.,"A",16,"D",.,"A",.,"A",.,"A",.,"A",.,"A",.,"A",180,"D",.,"A",.,"A"
"20104",2261483,37,0,"1",.,"A",.,"A",.,"A",.,"A",52,"D",.,"A",.,"A",.,"A",.,"A",.,"A",.,"A",.,"A",.,"A",.,"A",.,"A"
"20104",2261514,42,0,"1",6,"D",.,"A",.,"A",.,"A",18,"D",.,"A",.,"A",.,"A",.,"A",.,"A",.,"A",.,"A",25,"D",.,"A",.,"A"
"20104",2261524,57,0,"1",.,"A",.,"A",.,"A",.,"A",.,"A",.,"A",.,"A",.,"A",.,"A",.,"A",.,"A",.,"A",.,"A",.,"A",.,"A"
"20104",2261544,38,0,"1",24,"D",.,"A",.,"A",.,"A",24,"D",.,"A",.,"A",.,"A",.,"A",.,"A",.,"A",.,"A",32,"D",.,"A",.,"A"
"20104",2261553,49,0,"1",.,"A",.,"A",.,"A",.,"A",.,"A",.,"A",.,"A",.,"A",.,"A",.,"A",.,"A",.,"A",10,"D",.,"A",.,"A"
"20104",2261563,33,0,"1",.,"A",.,"A",.,"A",.,"A",75,"D",.,"A",.,"A",.,"A",.,"A",.,"A",.,"A",.,"A",.,"A",.,"A",.,"A"
"20104",2261574,46,0,"1",.,"A",.,"A",.,"A",.,"A",.,"A",.,"A",.,"A",.,"A",.,"A",.,"A",.,"A",.,"A",15,"D",.,"A",.,"A"
"20104",2261594,35,0,"1",.,"A",.,"A",.,"A",.,"A",.,"A",75,"D",.,"A",.,"A",.,"A",.,"A",.,"A",.,"A",125,"D",.,"A",.,"A"
"20104",2261604,53,0,"1",.,"A",.,"A",.,"A",.,"A",.,"A",.,"A",520,"D",.,"A",.,"A",.,"A",.,"A",.,"A",.,"A",.,"A",.,"A"
"20104",2261624,37,0,"1",.,"A",.,"A",.,"A",.,"A",.,"A",20,"D",.,"A",.,"A",.,"A",.,"A",.,"A",.,"A",.,"A",.,"A",.,"A"
"20104",2261634,41,0,"1",.,"A",.,"A",.,"A",.,"A",.,"A",.,"A",.,"A",.,"A",.,"A",.,"A",.,"A",.,"A",.,"A",.,"A",.,"A"
"20104",2261644,44,0,"1",.,"A",.,"A",.,"A",.,"A",.,"A",.,"A",.,"A",.,"A",.,"A",.,"A",.,"A",.,"A",120,"D",.,"A",.,"A"
"20104",2261653,56,0,"1",.,"A",.,"A",.,"A",.,"A",.,"A",.,"A",.,"A",.,"A",.,"A",.,"A",.,"A",.,"A",90,"D",.,"A",.,"A"
"20104",2261704,40,0,"1",.,"A",.,"A",.,"A",.,"A",.,"A",.,"A",390,"D",.,"A",.,"A",.,"A",.,"A",.,"A",.,"A",.,"A",.,"A"
"20104",2261715,46,0,"1",.,"A",.,"A",.,"A",.,"A",360,"D",.,"A",.,"A",.,"A",.,"A",.,"A",.,"A",.,"A",102,"D",.,"A",.,"A"
"20104",2261784,40,0,"1",.,"A",.,"A",.,"A",.,"A",.,"A",15,"D",494,"D",.,"A",.,"A",.,"A",.,"A",.,"A",75,"D",.,"A",.,"A"
"20104",2261793,47,0,"1",.,"A",.,"A",.,"A",.,"A",.,"A",.,"A",390,"D",.,"A",.,"A",.,"A",.,"A",.,"A",90,"D",.,"A",.,"A"
"20104",2261803,30,0,"1",.,"A",.,"A",.,"A",.,"A",.,"A",.,"A",.,"A",.,"A",.,"A",.,"A",.,"A",.,"A",20,"D",.,"A",.,"A"
"20104",2261853,22,0,"1",.,"A",.,"A",.,"A",.,"A",.,"A",.,"A",.,"A",.,"A",.,"A",.,"A",.,"A",.,"A",.,"A",.,"A",.,"A"
"20104",2261863,61,0,"1",.,"A",.,"A",.,"A",.,"A",.,"A",50,"D",.,"A",.,"A",.,"A",.,"A",.,"A",.,"A",100,"D",.,"A",.,"A"
"20104",2261883,46,0,"1",.,"A",.,"A",.,"A",.,"A",.,"A",.,"A",.,"A",.,"A",.,"A",.,"A",.,"A",.,"A",.,"A",.,"A",.,"A"
"20104",2261924,49,0,"1",.,"A",.,"A",.,"A",.,"A",.,"A",.,"A",.,"A",.,"A",.,"A",.,"A",.,"A",.,"A",39,"D",.,"A",.,"A"
"20104",2261973,37,0,"1",.,"A",.,"A",.,"A",.,"A",15,"D",.,"A",.,"A",.,"A",.,"A",.,"A",.,"A",.,"A",.,"A",.,"A",.,"A"
"20104",2262013,47,0,"1",.,"A",.,"A",.,"A",.,"A",.,"A",.,"A",.,"A",.,"A",.,"A",.,"A",.,"A",.,"A",.,"A",.,"A",.,"A"
"20104",2262023,52,0,"1",.,"A",.,"A",.,"A",.,"A",65,"D",.,"A",.,"A",.,"A",9,"D",.,"A",.,"A",.,"A",12,"D",.,"A",.,"A"
"20104",2262093,32,0,"1",.,"A",.,"A",.,"A",.,"A",.,"A",.,"A",.,"A",.,"A",.,"A",.,"A",.,"A",.,"A",.,"A",.,"A",.,"A"
"20104",2262113,46,0,"1",.,"A",.,"A",.,"A",.,"A",.,"A",.,"A",.,"A",.,"A",.,"A",.,"A",.,"A",.,"A",26,"D",.,"A",.,"A"
"20104",2262135,36,0,"1",.,"A",.,"A",.,"A",.,"A",.,"A",.,"A",.,"A",.,"A",.,"A",.,"A",.,"A",.,"A",.,"A",.,"A",.,"A"
"20104",2262155,42,0,"1",.,"A",.,"A",.,"A",.,"A",.,"A",25,"D",.,"A",.,"A",.,"A",.,"A",.,"A",.,"A",.,"A",.,"A",.,"A"
"20104",2262174,55,0,"1",.,"A",.,"A",.,"A",.,"A",.,"A",.,"A",.,"A",.,"A",.,"A",.,"A",.,"A",.,"A",390,"D",.,"A",.,"A"
"20104",2262183,22,0,"1",.,"A",.,"A",.,"A",.,"A",.,"A",.,"A",.,"A",.,"A",.,"A",.,"A",.,"A",.,"A",.,"A",.,"A",.,"A"
"20104",2262204,37,0,"1",.,"A",.,"A",.,"A",40,"D",40,"D",.,"A",.,"A",.,"A",.,"A",660,"D",0,"D",0,"D",40,"D",220,"D",.,"A"
"20104",2262214,46,0,"1",.,"A",.,"A",.,"A",.,"A",75,"D",150,"D",.,"A",.,"A",.,"A",0,"D",0,"D",24,"D",45,"D",0,"D",.,"A"
"20104",2262234,40,0,"1",.,"A",.,"A",.,"A",.,"A",.,"A",.,"A",65,"D",.,"A",.,"A",.,"A",.,"A",.,"A",.,"A",.,"A",.,"A"
"20104",2262263,55,0,"1",.,"A",.,"A",.,"A",.,"A",120,"D",.,"A",390,"D",.,"A",.,"A",.,"A",.,"A",.,"A",28,"D",.,"A",.,"A"
"20104",2262273,36,0,"1",.,"A",.,"A",.,"A",.,"A",.,"A",.,"A",715,"D",.,"A",.,"A",.,"A",.,"A",.,"A",.,"A",.,"A",.,"A"
"20104",2262284,46,0,"1",.,"A",.,"A",.,"A",.,"A",.,"A",.,"A",.,"A",.,"A",.,"A",.,"A",.,"A",.,"A",.,"A",.,"A",.,"A"
"20104",2262303,45,0,"1",.,"A",.,"A",.,"A",.,"A",.,"A",.,"A",.,"A",.,"A",.,"A",.,"A",.,"A",.,"A",250,"D",.,"A",.,"A"
"20104",2262324,80,0,"1",.,"A",.,"A",15,"D",.,"A",.,"A",150,"D",130,"D",65,"D",600,"D",.,"A",.,"A",.,"A",795,"D",.,"A",.,"A"
"20104",2262334,44,0,"1",.,"A",.,"A",.,"A",.,"A",.,"A",.,"A",.,"A",.,"A",.,"A",.,"A",.,"A",.,"A",50,"D",.,"A",.,"A"
"20104",2262354,73,0,"1",.,"A",.,"A",.,"A",.,"A",.,"A",40,"D",.,"A",.,"A",9,"D",.,"A",.,"A",.,"A",.,"A",.,"A",.,"A"
"20104",2262414,66,0,"1",.,"A",.,"A",.,"A",.,"A",.,"A",.,"A",.,"A",.,"A",.,"A",.,"A",.,"A",.,"A",500,"D",.,"A",.,"A"
"20104",2262454,94,0,"1",.,"A",.,"A",.,"A",.,"A",.,"A",150,"D",.,"A",.,"A",.,"A",.,"A",.,"A",.,"A",45,"D",.,"A",.,"A"
"20104",2262503,62,0,"1",.,"A",.,"A",.,"A",.,"A",.,"A",160,"D",.,"A",.,"A",45,"D",180,"D",0,"D",0,"D",200,"D",60,"D",.,"A"
"20104",2262524,52,0,"1",.,"A",.,"A",.,"A",.,"A",.,"A",.,"A",.,"A",.,"A",.,"A",.,"A",.,"A",.,"A",10,"D",.,"A",.,"A"
"20104",2262563,24,0,"1",.,"A",.,"A",.,"A",.,"A",.,"A",.,"A",.,"A",.,"A",.,"A",.,"A",.,"A",.,"A",.,"A",.,"A",.,"A"
"20104",2262573,26,0,"1",30,"D",.,"A",.,"A",.,"A",170,"D",.,"A",.,"A",.,"A",.,"A",270,"D",90,"D",0,"D",75,"D",90,"D",.,"A"
"20104",2262604,47,0,"1",.,"A",.,"A",.,"A",.,"A",20,"D",.,"A",65,"D",.,"A",.,"A",.,"A",.,"A",.,"A",.,"A",.,"A",.,"A"
"20104",2262613,54,0,"1",.,"A",.,"A",.,"A",.,"A",.,"A",.,"A",910,"D",.,"A",.,"A",.,"A",.,"A",.,"A",100,"D",.,"A",.,"A"
"20104",2262673,35,0,"1",.,"A",.,"A",.,"A",.,"A",48,"D",.,"A",.,"A",.,"A",.,"A",.,"A",.,"A",.,"A",.,"A",.,"A",.,"A"
"20104",2262683,45,0,"1",.,"A",.,"A",.,"A",.,"A",.,"A",.,"A",.,"A",.,"A",.,"A",.,"A",.,"A",.,"A",45,"D",.,"A",.,"A"
"20104",2262694,58,0,"1",.,"A",.,"A",.,"A",.,"A",.,"A",.,"A",.,"A",.,"A",.,"A",.,"A",.,"A",.,"A",220,"D",.,"A",.,"A"
"20104",2262704,38,0,"1",15,"D",.,"A",.,"A",.,"A",75,"D",.,"A",.,"A",.,"A",.,"A",.,"A",.,"A",.,"A",.,"A",.,"A",.,"A"
"20104",2262743,59,0,"1",5,"D",.,"A",.,"A",.,"A",85,"D",30,"D",.,"A",.,"A",.,"A",0,"D",450,"D",0,"D",40,"D",0,"D",.,"A"
"20104",2262753,59,0,"1",.,"A",.,"A",.,"A",.,"A",.,"A",.,"A",.,"A",.,"A",3,"D",.,"A",.,"A",.,"A",14,"D",.,"A",.,"A"
"20104",2262763,31,0,"1",.,"A",.,"A",.,"A",.,"A",.,"A",.,"A",.,"A",52,"D",.,"A",.,"A",.,"A",.,"A",12,"D",.,"A",.,"A"
"20104",2262844,63,0,"1",.,"A",.,"A",.,"A",.,"A",.,"A",.,"A",.,"A",.,"A",.,"A",.,"A",.,"A",.,"A",39,"D",.,"A",.,"A"
"20104",2262894,46,0,"1",.,"A",.,"A",.,"A",.,"A",.,"A",.,"A",.,"A",.,"A",.,"A",.,"A",.,"A",.,"A",60,"D",.,"A",.,"A"
"20104",2262964,113,0,"1",.,"A",.,"A",.,"A",.,"A",.,"A",.,"A",2340,"D",.,"A",.,"A",.,"A",.,"A",.,"A",60,"D",.,"A",.,"A"
"20104",2262973,62,0,"1",.,"A",.,"A",.,"A",.,"A",.,"A",25,"D",.,"A",.,"A",.,"A",.,"A",.,"A",.,"A",.,"A",.,"A",.,"A"
"20104",2262983,28,0,"1",.,"A",.,"A",.,"A",.,"A",5,"D",.,"A",.,"A",.,"A",.,"A",.,"A",.,"A",.,"A",93,"D",.,"A",.,"A"
"20104",2263023,50,0,"1",.,"A",.,"A",.,"A",.,"A",.,"A",.,"A",.,"A",.,"A",.,"A",.,"A",.,"A",.,"A",.,"A",.,"A",.,"A"
"20104",2263033,28,0,"1",.,"A",.,"A",.,"A",.,"A",.,"A",.,"A",.,"A",.,"A",.,"A",.,"A",.,"A",.,"A",.,"A",.,"A",.,"A"
"20104",2263104,49,0,"1",.,"A",.,"A",.,"A",.,"A",.,"A",.,"A",.,"A",.,"A",.,"A",.,"A",.,"A",.,"A",15,"D",.,"A",.,"A"
"20104",2263123,52,0,"1",.,"A",.,"A",.,"A",.,"A",.,"A",50,"D",.,"A",.,"A",.,"A",.,"A",.,"A",.,"A",100,"D",.,"A",.,"A"
"20104",2263164,61,0,"1",.,"A",.,"A",.,"A",.,"A",.,"A",.,"A",.,"A",.,"A",.,"A",.,"A",.,"A",.,"A",50,"D",.,"A",.,"A"
"20104",2263183,60,0,"1",.,"A",.,"A",.,"A",.,"A",.,"A",.,"A",.,"A",.,"A",.,"A",.,"A",.,"A",.,"A",.,"A",.,"A",.,"A"
"20104",2263194,61,0,"1",.,"A",.,"A",.,"A",.,"A",.,"A",40,"D",.,"A",.,"A",.,"A",126,"D",0,"D",0,"D",300,"D",42,"D",.,"A"
"20104",2263234,46,0,"1",.,"A",.,"A",.,"A",.,"A",.,"A",40,"D",.,"A",.,"A",30,"D",0,"D",0,"D",18,"D",50,"D",0,"D",.,"A"
"20104",2263243,46,0,"1",.,"A",.,"A",.,"A",50,"D",.,"A",.,"A",.,"A",.,"A",.,"A",.,"A",.,"A",.,"A",60,"D",.,"A",.,"A"
"20104",2263293,27,0,"1",.,"A",.,"A",.,"A",.,"A",.,"A",.,"A",.,"A",.,"A",.,"A",.,"A",.,"A",.,"A",.,"A",.,"A",.,"A"
"20104",2263304,49,0,"1",.,"A",.,"A",.,"A",.,"A",.,"A",.,"A",.,"A",.,"A",.,"A",165,"D",0,"D",0,"D",20,"D",55,"D",66,"D"
"20104",2263314,32,0,"1",.,"A",.,"A",.,"A",.,"A",.,"A",.,"A",.,"A",.,"A",.,"A",.,"A",.,"A",.,"A",.,"A",.,"A",.,"A"
"20104",2263324,35,0,"1",.,"A",.,"A",.,"A",.,"A",.,"A",.,"A",.,"A",.,"A",.,"A",.,"A",.,"A",.,"A",.,"A",.,"A",.,"A"
"20104",2263343,49,0,"1",.,"A",.,"A",.,"A",.,"A",.,"A",.,"A",208,"D",.,"A",.,"A",.,"A",.,"A",.,"A",23,"D",.,"A",.,"A"
"20104",2263354,44,0,"1",.,"A",.,"A",.,"A",.,"A",.,"A",.,"A",.,"A",.,"A",.,"A",.,"A",.,"A",.,"A",200,"D",.,"A",.,"A"
"20104",2263363,29,0,"1",.,"A",.,"A",.,"A",.,"A",.,"A",.,"A",260,"D",.,"A",.,"A",.,"A",.,"A",.,"A",.,"A",.,"A",.,"A"
"20104",2263384,66,0,"1",.,"A",.,"A",.,"A",.,"A",.,"A",200,"D",.,"A",.,"A",24,"D",.,"A",.,"A",.,"A",100,"D",.,"A",.,"A"
"20104",2263413,53,0,"1",.,"A",.,"A",.,"A",.,"A",200,"D",.,"A",.,"A",.,"A",.,"A",.,"A",.,"A",.,"A",250,"D",.,"A",.,"A"
"20104",2263424,60,0,"1",.,"A",.,"A",.,"A",.,"A",.,"A",52,"D",650,"D",.,"A",.,"A",.,"A",.,"A",.,"A",25,"D",.,"A",.,"A"
"20104",2263484,35,0,"1",.,"A",.,"A",.,"A",.,"A",.,"A",.,"A",.,"A",.,"A",.,"A",.,"A",.,"A",.,"A",240,"D",.,"A",.,"A"
"20104",2263494,65,0,"1",.,"A",.,"A",.,"A",.,"A",.,"A",100,"D",.,"A",.,"A",180,"D",.,"A",.,"A",.,"A",225,"D",.,"A",.,"A"
"20104",2263523,40,0,"1",.,"A",.,"A",.,"A",.,"A",.,"A",.,"A",260,"D",.,"A",.,"A",.,"A",.,"A",.,"A",.,"A",.,"A",.,"A"
"20104",2263534,38,0,"1",.,"A",.,"A",.,"A",.,"A",.,"A",.,"A",.,"A",.,"A",.,"A",.,"A",.,"A",.,"A",.,"A",.,"A",.,"A"
"20104",2263553,34,0,"1",.,"A",.,"A",.,"A",.,"A",.,"A",.,"A",.,"A",.,"A",.,"A",.,"A",.,"A",.,"A",.,"A",.,"A",.,"A"
"20104",2263593,44,0,"1",.,"A",.,"A",.,"A",.,"A",.,"A",.,"A",.,"A",.,"A",.,"A",.,"A",.,"A",.,"A",135,"D",.,"A",.,"A"
"20104",2263613,25,0,"1",.,"A",.,"A",.,"A",.,"A",.,"A",.,"A",.,"A",.,"A",.,"A",.,"A",.,"A",.,"A",.,"A",.,"A",.,"A"
"20104",2263663,38,0,"1",.,"A",.,"A",.,"A",.,"A",70,"D",.,"A",325,"D",.,"A",.,"A",.,"A",.,"A",.,"A",35,"D",.,"A",.,"A"
"20104",2263683,36,0,"1",.,"A",.,"A",.,"A",.,"A",.,"A",.,"A",.,"A",.,"A",.,"A",.,"A",.,"A",.,"A",.,"A",.,"A",.,"A"
"20104",2263733,59,0,"1",.,"A",.,"A",.,"A",.,"A",.,"A",.,"A",.,"A",.,"A",225,"D",.,"A",.,"A",.,"A",450,"D",.,"A",.,"A"
"20104",2263763,31,0,"1",.,"A",.,"A",.,"A",.,"A",.,"A",.,"A",.,"A",.,"A",.,"A",.,"A",.,"A",.,"A",80,"D",.,"A",.,"A"
"20104",2263773,50,0,"1",.,"A",.,"A",.,"A",.,"A",.,"A",.,"A",.,"A",.,"A",.,"A",.,"A",.,"A",.,"A",105,"D",.,"A",.,"A"
"20104",2263813,52,0,"1",.,"A",.,"A",.,"A",40,"D",.,"A",.,"A",.,"A",.,"A",.,"A",120,"D",0,"D",60,"D",60,"D",40,"D",.,"A"
"20104",2263824,54,0,"1",.,"A",.,"A",.,"A",.,"A",.,"A",.,"A",.,"A",.,"A",.,"A",.,"A",.,"A",.,"A",30,"D",.,"A",.,"A"
"20104",2263844,41,0,"1",.,"A",.,"A",.,"A",.,"A",.,"A",60,"D",.,"A",.,"A",.,"A",.,"A",.,"A",.,"A",75,"D",.,"A",.,"A"
"20104",2263854,31,0,"1",.,"A",.,"A",.,"A",.,"A",.,"A",.,"A",.,"A",.,"A",.,"A",.,"A",.,"A",.,"A",.,"A",.,"A",.,"A"
"20104",2263873,29,0,"1",.,"A",.,"A",.,"A",.,"A",.,"A",.,"A",.,"A",.,"A",.,"A",.,"A",.,"A",.,"A",75,"D",.,"A",.,"A"
"20104",2263885,58,0,"1",.,"A",.,"A",.,"A",.,"A",.,"A",12,"D",.,"A",.,"A",.,"A",.,"A",.,"A",.,"A",10,"D",.,"A",.,"A"
"20104",2263943,35,0,"1",.,"A",.,"A",.,"A",.,"A",.,"A",.,"A",.,"A",.,"A",9,"D",.,"A",.,"A",.,"A",30,"D",.,"A",.,"A"
"20104",2263954,67,0,"1",.,"A",.,"A",.,"A",.,"A",.,"A",.,"A",.,"A",.,"A",.,"A",0,"D",0,"D",30,"D",40,"D",0,"D",.,"A"
"20104",2263993,43,0,"1",.,"A",.,"A",.,"A",.,"A",.,"A",.,"A",.,"A",.,"A",.,"A",.,"A",.,"A",.,"A",.,"A",.,"A",.,"A"
"20104",2264004,38,0,"1",.,"A",.,"A",.,"A",.,"A",60,"D",.,"A",.,"A",.,"A",.,"A",.,"A",.,"A",.,"A",240,"D",.,"A",.,"A"
"20104",2264034,57,0,"1",.,"A",.,"A",.,"A",.,"A",.,"A",.,"A",.,"A",.,"A",.,"A",.,"A",.,"A",.,"A",120,"D",.,"A",.,"A"
"20104",2264054,43,0,"1",.,"A",.,"A",.,"A",.,"A",.,"A",.,"A",.,"A",.,"A",.,"A",.,"A",.,"A",.,"A",30,"D",.,"A",.,"A"
"20104",2264083,37,0,"1",.,"A",.,"A",.,"A",.,"A",.,"A",.,"A",130,"D",.,"A",.,"A",.,"A",.,"A",.,"A",.,"A",.,"A",.,"A"
"20104",2264094,41,0,"1",.,"A",.,"A",.,"A",.,"A",5,"D",.,"A",.,"A",.,"A",.,"A",.,"A",.,"A",.,"A",.,"A",.,"A",.,"A"
"20104",2264163,47,0,"1",.,"A",.,"A",.,"A",.,"A",.,"A",.,"A",.,"A",.,"A",.,"A",.,"A",.,"A",.,"A",.,"A",.,"A",.,"A"
"20104",2264204,92,0,"1",.,"A",.,"A",.,"A",.,"A",.,"A",.,"A",.,"A",.,"A",.,"A",.,"A",.,"A",.,"A",.,"A",.,"A",.,"A"
"20104",2264223,33,0,"1",.,"A",.,"A",.,"A",.,"A",.,"A",.,"A",.,"A",.,"A",.,"A",.,"A",.,"A",.,"A",.,"A",.,"A",.,"A"
"20104",2264243,68,0,"1",.,"A",.,"A",.,"A",.,"A",.,"A",.,"A",.,"A",.,"A",.,"A",.,"A",.,"A",.,"A",140,"D",.,"A",.,"A"
"20104",2264254,37,0,"1",.,"A",.,"A",.,"A",.,"A",.,"A",.,"A",.,"A",.,"A",.,"A",.,"A",.,"A",.,"A",.,"A",.,"A",.,"A"
"20104",2264275,35,0,"1",.,"A",.,"A",.,"A",.,"A",30,"D",.,"A",156,"D",.,"A",.,"A",0,"D",0,"D",150,"D",30,"D",0,"D",.,"A"
"20104",2264284,50,0,"1",.,"A",.,"A",.,"A",.,"A",.,"A",.,"A",.,"A",.,"A",.,"A",.,"A",.,"A",.,"A",.,"A",.,"A",.,"A"
"20104",2264304,30,0,"1",.,"A",.,"A",.,"A",.,"A",.,"A",.,"A",.,"A",.,"A",.,"A",.,"A",.,"A",.,"A",45,"D",.,"A",.,"A"
"20104",2264314,70,0,"1",.,"A",.,"A",.,"A",.,"A",.,"A",7,"D",.,"A",.,"A",.,"A",.,"A",.,"A",.,"A",140,"D",.,"A",.,"A"
"20104",2264324,103,0,"1",.,"A",.,"A",.,"A",.,"A",.,"A",150,"D",.,"A",.,"A",.,"A",.,"A",.,"A",.,"A",300,"D",.,"A",.,"A"
"20104",2264344,93,0,"1",.,"A",.,"A",.,"A",.,"A",.,"A",.,"A",.,"A",.,"A",.,"A",.,"A",.,"A",.,"A",25,"D",.,"A",.,"A"
"20104",2264363,69,0,"1",.,"A",.,"A",.,"A",.,"A",.,"A",.,"A",.,"A",.,"A",.,"A",.,"A",.,"A",.,"A",285,"D",.,"A",.,"A"
"20104",2264375,45,0,"1",.,"A",.,"A",.,"A",.,"A",59,"D",.,"A",.,"A",.,"A",.,"A",.,"A",.,"A",.,"A",10,"D",.,"A",.,"A"
"20104",2264404,53,0,"1",.,"A",.,"A",70,"D",.,"A",.,"A",46,"D",.,"A",.,"A",.,"A",0,"D",0,"D",27,"D",180,"D",0,"D",.,"A"
"20104",2264413,43,0,"1",.,"A",.,"A",.,"A",.,"A",20,"D",.,"A",.,"A",.,"A",.,"A",480,"D",120,"D",0,"D",.,"A",160,"D",.,"A"
"20104",2264433,54,0,"1",.,"A",.,"A",.,"A",.,"A",.,"A",.,"A",.,"A",.,"A",.,"A",.,"A",.,"A",.,"A",.,"A",.,"A",.,"A"
"20104",2264443,34,0,"1",.,"A",.,"A",.,"A",.,"A",15,"D",50,"D",.,"A",.,"A",.,"A",.,"A",.,"A",.,"A",45,"D",.,"A",.,"A"
"20104",2264494,69,0,"1",.,"A",.,"A",.,"A",.,"A",.,"A",.,"A",.,"A",.,"A",.,"A",.,"A",.,"A",.,"A",270,"D",.,"A",.,"A"
"20104",2264505,44,0,"1",.,"A",.,"A",.,"A",100,"D",.,"A",.,"A",.,"A",.,"A",.,"A",.,"A",.,"A",.,"A",200,"D",.,"A",.,"A"
"20104",2264534,58,0,"1",.,"A",.,"A",.,"A",.,"A",.,"A",.,"A",780,"D",.,"A",.,"A",.,"A",.,"A",.,"A",60,"D",.,"A",.,"A"
"20104",2264543,44,0,"1",.,"A",.,"A",.,"A",.,"A",.,"A",.,"A",.,"A",.,"A",.,"A",.,"A",.,"A",.,"A",.,"A",.,"A",.,"A"
"20104",2264564,35,0,"1",.,"A",.,"A",.,"A",.,"A",.,"A",.,"A",195,"D",.,"A",.,"A",.,"A",.,"A",.,"A",.,"A",.,"A",.,"A"
"20104",2264614,48,0,"1",.,"A",.,"A",.,"A",.,"A",.,"A",.,"A",.,"A",.,"A",.,"A",.,"A",.,"A",.,"A",.,"A",.,"A",.,"A"
"20104",2264644,33,0,"1",.,"A",.,"A",.,"A",.,"A",.,"A",.,"A",.,"A",.,"A",30,"D",.,"A",.,"A",.,"A",.,"A",.,"A",.,"A"
"20104",2264653,24,0,"1",.,"A",.,"A",.,"A",.,"A",.,"A",.,"A",.,"A",.,"A",.,"A",.,"A",.,"A",.,"A",.,"A",.,"A",.,"A"
"20104",2264733,44,0,"1",.,"A",.,"A",.,"A",.,"A",.,"A",.,"A",.,"A",.,"A",.,"A",.,"A",.,"A",.,"A",120,"D",.,"A",.,"A"
"20104",2264764,72,0,"1",.,"A",.,"A",.,"A",.,"A",.,"A",.,"A",.,"A",.,"A",.,"A",.,"A",.,"A",.,"A",200,"D",.,"A",.,"A"
"20104",2264773,40,0,"1",.,"A",.,"A",.,"A",.,"A",.,"A",.,"A",.,"A",78,"D",.,"A",.,"A",.,"A",.,"A",.,"A",.,"A",.,"A"
"20104",2264805,24,0,"1",.,"A",.,"A",.,"A",.,"A",.,"A",.,"A",.,"A",117,"D",.,"A",.,"A",.,"A",.,"A",.,"A",.,"A",.,"A"
"20104",2264823,54,0,"1",.,"A",.,"A",.,"A",.,"A",.,"A",.,"A",455,"D",.,"A",.,"A",.,"A",.,"A",.,"A",45,"D",.,"A",.,"A"
"20104",2264864,84,0,"1",.,"A",.,"A",.,"A",.,"A",.,"A",.,"A",.,"A",.,"A",.,"A",.,"A",.,"A",.,"A",25,"D",.,"A",.,"A"
"20104",2264874,26,0,"1",.,"A",.,"A",.,"A",.,"A",.,"A",.,"A",.,"A",.,"A",.,"A",.,"A",.,"A",.,"A",.,"A",.,"A",.,"A"
"20104",2264904,54,0,"1",.,"A",.,"A",.,"A",.,"A",.,"A",.,"A",.,"A",.,"A",45,"D",.,"A",.,"A",.,"A",40,"D",.,"A",.,"A"
"20104",2264923,55,0,"1",.,"A",.,"A",.,"A",.,"A",5,"D",.,"A",.,"A",.,"A",.,"A",.,"A",.,"A",.,"A",12,"D",.,"A",.,"A"
"20104",2264933,60,0,"1",.,"A",.,"A",.,"A",.,"A",.,"A",.,"A",.,"A",.,"A",.,"A",.,"A",.,"A",.,"A",65,"D",.,"A",.,"A"
"20104",2264983,50,0,"1",.,"A",.,"A",.,"A",.,"A",.,"A",.,"A",.,"A",.,"A",30,"D",.,"A",.,"A",.,"A",200,"D",.,"A",.,"A"
"20104",2264994,37,0,"1",.,"A",.,"A",.,"A",.,"A",.,"A",.,"A",.,"A",.,"A",.,"A",.,"A",.,"A",.,"A",.,"A",.,"A",.,"A"
"20104",2265003,44,0,"1",.,"A",.,"A",.,"A",.,"A",.,"A",.,"A",.,"A",.,"A",.,"A",.,"A",.,"A",.,"A",70,"D",.,"A",.,"A"
"20104",2265023,36,0,"1",.,"A",.,"A",.,"A",.,"A",.,"A",.,"A",260,"D",.,"A",.,"A",.,"A",.,"A",.,"A",.,"A",.,"A",.,"A"
"20104",2265033,37,0,"1",.,"A",.,"A",.,"A",.,"A",.,"A",100,"D",.,"A",.,"A",.,"A",.,"A",.,"A",.,"A",24,"D",.,"A",.,"A"
"20104",2265053,39,0,"1",.,"A",.,"A",.,"A",.,"A",.,"A",.,"A",.,"A",.,"A",.,"A",.,"A",.,"A",.,"A",30,"D",.,"A",.,"A"
"20104",2265083,66,0,"1",.,"A",.,"A",.,"A",.,"A",.,"A",.,"A",455,"D",.,"A",.,"A",.,"A",.,"A",.,"A",43,"D",.,"A",.,"A"
"20104",2265094,33,0,"1",.,"A",.,"A",.,"A",.,"A",.,"A",.,"A",.,"A",.,"A",.,"A",.,"A",.,"A",.,"A",.,"A",.,"A",.,"A"
"20104",2265104,61,0,"1",.,"A",.,"A",.,"A",.,"A",.,"A",.,"A",.,"A",.,"A",.,"A",.,"A",.,"A",.,"A",26,"D",.,"A",.,"A"
"20104",2265163,24,0,"1",.,"A",.,"A",.,"A",.,"A",.,"A",.,"A",.,"A",.,"A",.,"A",.,"A",.,"A",.,"A",.,"A",.,"A",.,"A"
"20104",2265184,29,0,"1",.,"A",.,"A",.,"A",.,"A",.,"A",.,"A",.,"A",.,"A",.,"A",0,"D",195,"D",0,"D",.,"A",0,"D",.,"A"
"20104",2265264,51,0,"1",.,"A",.,"A",.,"A",.,"A",.,"A",.,"A",.,"A",.,"A",.,"A",.,"A",.,"A",.,"A",.,"A",.,"A",.,"A"
"20104",2265303,36,0,"1",.,"A",.,"A",.,"A",.,"A",.,"A",.,"A",.,"A",52,"D",.,"A",.,"A",.,"A",.,"A",.,"A",.,"A",.,"A"
"20104",2265314,54,0,"1",.,"A",.,"A",.,"A",.,"A",.,"A",.,"A",.,"A",.,"A",.,"A",.,"A",.,"A",.,"A",100,"D",.,"A",.,"A"
"20104",2265343,91,0,"1",.,"A",.,"A",.,"A",.,"A",.,"A",450,"D",845,"D",.,"A",.,"A",.,"A",.,"A",.,"A",180,"D",.,"A",.,"A"
"20104",2265354,47,0,"1",.,"A",.,"A",1,"F",.,"A",.,"A",.,"A",.,"A",.,"A",.,"A",0,"D",0,"D",12,"D",.,"A",0,"D",.,"A"
"20104",2265384,89,0,"1",.,"A",.,"A",.,"A",.,"A",.,"A",.,"A",.,"A",.,"A",.,"A",.,"A",.,"A",.,"A",.,"A",.,"A",.,"A"
"20104",2265414,38,0,"1",.,"A",.,"A",.,"A",.,"A",.,"A",.,"A",.,"A",.,"A",.,"A",.,"A",.,"A",.,"A",.,"A",.,"A",.,"A"
"20104",2265464,37,0,"1",.,"A",.,"A",.,"A",.,"A",130,"D",.,"A",130,"D",.,"A",.,"A",0,"D",0,"D",12,"D",40,"D",0,"D",.,"A"
"20104",2265483,79,0,"1",.,"A",.,"A",.,"A",.,"A",.,"A",.,"A",260,"D",.,"A",.,"A",.,"A",.,"A",.,"A",65,"D",.,"A",.,"A"
"20104",2265533,55,0,"1",.,"A",.,"A",.,"A",.,"A",.,"A",.,"A",.,"A",.,"A",180,"D",.,"A",.,"A",.,"A",140,"D",.,"A",.,"A"
"20104",2265574,83,0,"1",.,"A",.,"A",.,"A",.,"A",.,"A",10,"D",.,"A",.,"A",.,"A",.,"A",.,"A",.,"A",45,"D",.,"A",.,"A"
"20104",2265634,34,0,"1",.,"A",.,"A",.,"A",12,"D",.,"A",.,"A",.,"A",.,"A",.,"A",.,"A",.,"A",.,"A",.,"A",.,"A",.,"A"
"20104",2265643,47,0,"1",.,"A",.,"A",.,"A",.,"A",.,"A",.,"A",.,"A",.,"A",.,"A",.,"A",.,"A",.,"A",.,"A",.,"A",.,"A"
"20104",2265664,41,0,"1",.,"A",.,"A",.,"A",.,"A",.,"A",.,"A",.,"A",.,"A",.,"A",.,"A",.,"A",.,"A",.,"A",.,"A",.,"A"
"20104",2265683,49,0,"1",.,"A",.,"A",.,"A",.,"A",.,"A",.,"A",.,"A",.,"A",.,"A",.,"A",.,"A",.,"A",.,"A",.,"A",.,"A"
"20104",2265693,47,0,"1",.,"A",.,"A",.,"A",.,"A",.,"A",.,"A",.,"A",.,"A",.,"A",192,"D",0,"D",0,"D",.,"A",64,"D",.,"A"
"20104",2265714,49,0,"1",.,"A",.,"A",.,"A",.,"A",.,"A",.,"A",.,"A",.,"A",.,"A",.,"A",.,"A",.,"A",.,"A",.,"A",.,"A"
"20104",2265733,51,0,"1",.,"A",.,"A",.,"A",.,"A",.,"A",50,"D",.,"A",.,"A",.,"A",.,"A",.,"A",.,"A",100,"D",.,"A",.,"A"
"20104",2265754,47,0,"1",.,"A",.,"A",.,"A",.,"A",.,"A",.,"A",.,"A",.,"A",.,"A",.,"A",.,"A",.,"A",120,"D",.,"A",.,"A"
"20104",2265794,47,0,"1",.,"A",.,"A",.,"A",.,"A",.,"A",.,"A",.,"A",.,"A",.,"A",.,"A",.,"A",.,"A",.,"A",.,"A",.,"A"
"20104",2265843,40,0,"1",.,"A",.,"A",.,"A",.,"A",.,"A",.,"A",.,"A",130,"D",.,"A",.,"A",.,"A",.,"A",.,"A",.,"A",.,"A"
"20104",2265854,43,0,"1",.,"A",.,"A",.,"A",.,"A",.,"A",.,"A",.,"A",.,"A",.,"A",.,"A",.,"A",.,"A",.,"A",.,"A",.,"A"
"20104",2265874,79,0,"1",.,"A",.,"A",.,"A",.,"A",.,"A",250,"D",130,"D",.,"A",147,"D",.,"A",.,"A",.,"A",200,"D",.,"A",.,"A"
"20104",2265883,43,0,"1",.,"A",.,"A",.,"A",.,"A",.,"A",.,"A",.,"A",.,"A",.,"A",.,"A",.,"A",.,"A",65,"D",.,"A",.,"A"
"20104",2265924,40,0,"1",.,"A",.,"A",.,"A",.,"A",.,"A",.,"A",.,"A",.,"A",.,"A",0,"D",0,"D",0,"D",.,"A",0,"D",.,"A"
"20104",2265943,52,0,"1",.,"A",.,"A",.,"A",.,"A",.,"A",.,"A",1040,"D",.,"A",.,"A",.,"A",.,"A",.,"A",24,"D",.,"A",.,"A"
"20104",2265953,24,0,"1",8,"D",.,"A",.,"A",.,"A",40,"D",.,"A",.,"A",.,"A",.,"A",120,"D",0,"D",120,"D",.,"A",40,"D",.,"A"
"20104",2265984,45,0,"1",.,"A",.,"A",.,"A",.,"A",.,"A",.,"A",.,"A",260,"D",.,"A",.,"A",.,"A",.,"A",200,"D",.,"A",.,"A"
"20104",2265993,48,0,"1",.,"A",.,"A",.,"A",.,"A",.,"A",600,"D",.,"A",.,"A",.,"A",.,"A",.,"A",.,"A",75,"D",.,"A",.,"A"
"20104",2266023,24,0,"1",.,"A",.,"A",.,"A",.,"A",140,"D",.,"A",.,"A",.,"A",18,"D",.,"A",.,"A",.,"A",.,"A",.,"A",.,"A"
"20104",2266053,63,0,"1",.,"A",.,"A",.,"A",.,"A",.,"A",.,"A",650,"D",.,"A",60,"D",.,"A",.,"A",.,"A",.,"A",.,"A",.,"A"
"20104",2266114,27,0,"1",8,"D",.,"A",.,"A",.,"A",22,"D",.,"A",455,"D",.,"A",.,"A",0,"D",0,"D",18,"D",.,"A",0,"D",.,"A"
"20104",2266133,40,0,"1",.,"A",.,"A",.,"A",.,"A",.,"A",.,"A",728,"D",.,"A",.,"A",.,"A",.,"A",.,"A",.,"A",.,"A",.,"A"
"20104",2266174,42,0,"1",20,"D",.,"A",.,"A",.,"A",40,"D",.,"A",.,"A",.,"A",.,"A",.,"A",.,"A",.,"A",.,"A",.,"A",.,"A"
"20104",2266183,74,0,"1",.,"A",.,"A",.,"A",.,"A",.,"A",15,"D",.,"A",195,"D",.,"A",.,"A",.,"A",.,"A",.,"A",.,"A",.,"A"
"20104",2266254,76,0,"1",.,"A",.,"A",.,"A",.,"A",.,"A",.,"A",.,"A",.,"A",.,"A",.,"A",.,"A",.,"A",48,"D",.,"A",.,"A"
"20104",2266274,69,0,"1",.,"A",.,"A",.,"A",.,"A",.,"A",.,"A",.,"A",13,"D",.,"A",.,"A",.,"A",.,"A",30,"D",.,"A",.,"A"
"20104",2266284,68,0,"1",.,"A",.,"A",.,"A",.,"A",.,"A",.,"A",.,"A",.,"A",.,"A",.,"A",.,"A",.,"A",125,"D",.,"A",.,"A"
"20104",2266313,49,0,"1",.,"A",.,"A",.,"A",.,"A",.,"A",30,"D",.,"A",.,"A",.,"A",.,"A",.,"A",.,"A",40,"D",.,"A",.,"A"
"20104",2266323,52,0,"1",.,"A",.,"A",.,"A",.,"A",.,"A",2,"D",.,"A",.,"A",.,"A",.,"A",.,"A",.,"A",68,"D",.,"A",.,"A"
"20104",2266354,53,0,"1",20,"D",.,"A",.,"A",.,"A",80,"D",.,"A",260,"D",.,"A",.,"A",90,"D",0,"D",210,"D",300,"D",30,"D",.,"A"
"20104",2266374,40,0,"1",.,"A",.,"A",.,"A",.,"A",.,"A",.,"A",.,"A",.,"A",.,"A",.,"A",.,"A",.,"A",.,"A",.,"A",.,"A"
"20104",2266423,33,0,"1",.,"A",.,"A",.,"A",.,"A",.,"A",.,"A",.,"A",.,"A",.,"A",.,"A",.,"A",.,"A",.,"A",.,"A",.,"A"
"20104",2266434,39,0,"1",.,"A",.,"A",.,"A",.,"A",.,"A",.,"A",.,"A",.,"A",.,"A",.,"A",.,"A",.,"A",.,"A",.,"A",.,"A"
"20104",2266484,68,0,"1",.,"A",.,"A",.,"A",.,"A",.,"A",.,"A",.,"A",130,"D",18,"D",.,"A",.,"A",.,"A",40,"D",.,"A",.,"A"
"20104",2266493,40,0,"1",.,"A",.,"A",.,"A",.,"A",.,"A",.,"A",.,"A",.,"A",.,"A",255,"F",0,"D",0,"D",.,"A",.,"C",.,"A"
"20104",2266524,71,0,"1",.,"A",.,"A",55,"D",.,"A",.,"A",135,"D",.,"A",.,"A",.,"A",.,"A",.,"A",.,"A",305,"D",.,"A",.,"A"
"20104",2266543,43,0,"1",.,"A",.,"A",.,"A",.,"A",.,"A",30,"F",.,"A",.,"A",.,"A",.,"A",.,"A",.,"A",.,"A",.,"A",.,"A"
"20104",2266553,36,0,"1",.,"A",.,"A",.,"A",.,"A",.,"A",.,"A",.,"A",.,"A",.,"A",.,"A",.,"A",.,"A",.,"A",.,"A",.,"A"
"20104",2266584,70,0,"1",.,"A",.,"A",.,"A",.,"A",.,"A",.,"A",.,"A",.,"A",.,"A",.,"A",.,"A",.,"A",39,"D",.,"A",.,"A"
"20104",2266614,23,0,"1",.,"A",.,"A",.,"A",.,"A",.,"A",.,"A",.,"A",.,"A",.,"A",.,"A",.,"A",.,"A",.,"A",.,"A",.,"A"
"20104",2266623,43,0,"1",.,"A",.,"A",.,"A",.,"A",.,"A",.,"A",.,"A",.,"A",.,"A",.,"A",.,"A",.,"A",90,"D",.,"A",.,"A"
"20104",2266673,83,0,"1",.,"A",.,"A",.,"A",.,"A",.,"A",.,"A",.,"A",.,"A",.,"A",.,"A",.,"A",.,"A",105,"D",.,"A",.,"A"
"20104",2266693,55,0,"1",.,"A",.,"A",.,"A",.,"A",.,"A",.,"A",.,"A",.,"A",.,"A",.,"A",.,"A",.,"A",90,"D",.,"A",.,"A"
"20104",2266723,31,0,"1",.,"A",.,"A",.,"A",.,"A",.,"A",.,"A",.,"A",.,"A",.,"A",.,"A",.,"A",.,"A",70,"D",.,"A",.,"A"
"20104",2266733,73,0,"1",.,"A",.,"A",.,"A",.,"A",.,"A",.,"A",.,"A",.,"A",.,"A",.,"A",.,"A",.,"A",90,"D",.,"A",.,"A"
"20104",2266753,50,0,"1",.,"A",.,"A",.,"A",.,"A",.,"A",20,"F",.,"A",.,"A",.,"A",.,"A",.,"A",.,"A",.,"A",.,"A",.,"A"
"20104",2266774,39,0,"1",.,"A",.,"A",.,"A",.,"A",60,"D",.,"A",.,"A",.,"A",.,"A",.,"A",.,"A",.,"A",.,"A",.,"A",.,"A"
"20104",2266803,37,0,"1",.,"A",.,"A",.,"A",.,"A",.,"A",.,"A",.,"A",.,"A",.,"A",.,"A",.,"A",.,"A",.,"A",.,"A",.,"A"
"20104",2266823,92,0,"1",.,"A",.,"A",.,"A",.,"A",.,"A",.,"A",78,"D",.,"A",.,"A",.,"A",.,"A",.,"A",60,"D",.,"A",.,"A"
"20104",2266834,57,0,"1",.,"A",.,"A",.,"A",.,"A",.,"A",.,"A",.,"A",.,"A",.,"A",.,"A",.,"A",.,"A",30,"D",.,"A",.,"A"
"20104",2266863,48,0,"1",.,"A",.,"A",.,"A",.,"A",.,"A",.,"A",.,"A",.,"A",.,"A",.,"A",.,"A",.,"A",120,"F",.,"A",.,"A"
"20104",2266884,83,0,"1",.,"A",.,"A",.,"A",.,"A",.,"A",.,"A",.,"A",.,"A",0,"D",.,"A",.,"A",.,"A",135,"D",.,"A",.,"A"
"20104",2266914,41,0,"1",.,"A",.,"A",.,"A",.,"A",.,"A",.,"A",546,"D",.,"A",6,"D",.,"A",.,"A",.,"A",.,"A",.,"A",.,"A"
"20104",2266934,34,0,"1",.,"A",.,"A",.,"A",.,"A",.,"A",.,"A",650,"D",.,"A",24,"D",.,"A",.,"A",.,"A",.,"A",.,"A",.,"A"
"20104",2266964,28,0,"1",.,"A",.,"A",.,"A",.,"A",15,"D",.,"A",.,"A",.,"A",.,"A",.,"A",.,"A",.,"A",.,"A",.,"A",.,"A"
"20104",2266974,27,0,"1",.,"A",.,"A",.,"A",80,"D",120,"D",.,"A",.,"A",.,"A",.,"A",.,"A",.,"A",.,"A",.,"A",.,"A",.,"A"
"20104",2266984,45,0,"1",.,"A",.,"A",.,"A",150,"D",.,"A",360,"D",.,"A",.,"A",.,"A",.,"A",.,"A",.,"A",300,"D",.,"A",.,"A"
"20104",2266994,49,0,"1",.,"A",.,"A",.,"A",.,"A",.,"A",.,"A",156,"D",.,"A",.,"A",.,"A",.,"A",.,"A",24,"D",.,"A",.,"A"
"20104",2267004,31,0,"1",.,"A",.,"A",.,"A",.,"A",.,"A",.,"A",.,"A",.,"A",.,"A",.,"A",.,"A",.,"A",100,"D",.,"A",.,"A"
"20104",2267023,50,0,"1",.,"A",.,"A",.,"A",.,"A",.,"A",.,"A",.,"A",.,"A",.,"A",0,"D",0,"D",9,"D",.,"A",0,"D",.,"A"
"20104",2267053,35,0,"1",.,"A",.,"A",.,"A",.,"A",.,"A",.,"A",.,"A",.,"A",.,"A",.,"A",.,"A",.,"A",180,"D",.,"A",.,"A"
"20104",2267073,48,0,"1",.,"A",.,"A",.,"A",10,"D",.,"A",.,"A",.,"A",.,"A",.,"A",0,"D",0,"D",60,"D",600,"D",0,"D",.,"A"
"20104",2267083,53,0,"1",.,"A",.,"A",.,"A",.,"A",.,"A",.,"A",273,"F",.,"A",.,"A",.,"A",.,"A",.,"A",104,"D",.,"A",.,"A"
"20104",2267093,25,0,"1",.,"A",.,"A",.,"A",.,"A",.,"A",.,"A",260,"D",.,"A",.,"A",.,"A",.,"A",.,"A",.,"A",.,"A",.,"A"
"20104",2267104,42,0,"1",10,"D",.,"A",.,"A",.,"A",20,"D",60,"D",65,"D",.,"A",.,"A",120,"D",0,"D",0,"D",250,"D",40,"D",45,"D"
"20104",2267114,48,0,"1",.,"A",.,"A",.,"A",.,"A",.,"A",.,"A",.,"A",.,"A",.,"A",.,"A",.,"A",.,"A",.,"A",.,"A",.,"A"
"20104",2267123,74,0,"1",.,"A",.,"A",.,"A",.,"A",.,"A",.,"A",.,"A",.,"A",.,"A",.,"A",.,"A",.,"A",.,"A",.,"A",.,"A"
"20104",2267133,39,0,"1",.,"A",.,"A",.,"A",.,"A",.,"A",.,"A",.,"A",.,"A",.,"A",.,"A",.,"A",.,"A",20,"D",.,"A",.,"A"
"20104",2267154,42,0,"1",.,"A",.,"A",.,"A",.,"A",15,"D",.,"A",130,"D",.,"A",.,"A",.,"A",.,"A",.,"A",.,"A",.,"A",.,"A"
"20104",2267163,58,0,"1",.,"A",.,"A",.,"A",.,"A",.,"A",.,"A",.,"A",.,"A",.,"A",.,"A",.,"A",.,"A",.,"A",.,"A",.,"A"
"20104",2267204,53,0,"1",.,"A",.,"A",.,"A",.,"A",.,"A",.,"A",.,"A",.,"A",.,"A",.,"A",.,"A",.,"A",50,"D",.,"A",.,"A"
"20104",2267214,53,0,"1",.,"A",50,"D",.,"A",.,"A",.,"A",50,"D",.,"A",.,"A",.,"A",.,"A",.,"A",.,"A",320,"D",.,"A",.,"A"
"20104",2267285,34,0,"1",.,"A",.,"A",.,"A",200,"D",.,"A",300,"D",.,"A",.,"A",150,"D",0,"D",0,"D",120,"D",100,"D",0,"D",.,"A"
"20104",2267294,53,0,"1",.,"A",.,"A",.,"A",.,"A",.,"A",.,"A",.,"A",.,"A",.,"A",.,"A",.,"A",.,"A",90,"D",.,"A",.,"A"
"20104",2267304,39,0,"1",.,"A",.,"A",.,"A",.,"A",60,"D",.,"A",.,"A",.,"A",.,"A",216,"D",0,"D",0,"D",100,"D",72,"D",.,"A"
"20104",2267364,55,0,"1",.,"A",.,"A",.,"A",.,"A",120,"D",4,"D",.,"A",.,"A",.,"A",.,"A",.,"A",.,"A",115,"D",.,"A",.,"A"
"20104",2267373,55,0,"1",.,"A",.,"A",.,"A",.,"A",.,"A",.,"A",.,"A",.,"A",.,"A",.,"A",.,"A",.,"A",.,"A",.,"A",.,"A"
"20104",2267384,56,0,"1",.,"A",.,"A",.,"A",.,"A",.,"A",180,"D",.,"A",.,"A",.,"A",.,"A",.,"A",.,"A",.,"A",.,"A",.,"A"
"20104",2267453,43,0,"1",.,"A",.,"A",.,"A",.,"A",.,"A",.,"A",312,"D",.,"A",.,"A",.,"A",.,"A",.,"A",6,"D",.,"A",.,"A"
"20104",2267463,34,0,"1",.,"A",.,"A",.,"A",.,"A",.,"A",.,"A",.,"A",.,"A",.,"A",.,"A",.,"A",.,"A",15,"D",.,"A",.,"A"
"20104",2267474,42,0,"1",.,"A",.,"A",.,"A",.,"A",60,"D",.,"A",.,"A",.,"A",.,"A",.,"A",.,"A",.,"A",.,"A",.,"A",.,"A"
"20104",2267483,49,0,"1",.,"A",.,"A",.,"A",.,"A",.,"A",75,"D",.,"A",.,"A",.,"A",.,"A",.,"A",.,"A",180,"D",.,"A",.,"A"
"20104",2267533,53,0,"1",.,"A",.,"A",.,"A",60,"D",.,"A",90,"D",.,"A",.,"A",.,"A",.,"A",.,"A",.,"A",.,"A",.,"A",.,"A"
"20104",2267553,47,0,"1",.,"A",.,"A",.,"A",.,"A",.,"A",.,"A",.,"A",.,"A",21,"D",.,"A",.,"A",.,"A",120,"D",.,"A",.,"A"
"20104",2267574,29,0,"1",.,"A",.,"A",.,"A",.,"A",120,"D",.,"A",.,"A",.,"A",.,"A",.,"A",.,"A",.,"A",45,"D",.,"A",.,"A"
"20104",2267594,53,0,"1",.,"A",.,"A",.,"A",.,"A",.,"A",.,"A",.,"A",.,"A",.,"A",.,"A",.,"A",.,"A",.,"A",.,"A",.,"A"
"20104",2267613,44,0,"1",.,"A",.,"A",.,"A",.,"A",.,"A",.,"A",.,"A",.,"A",.,"A",.,"A",.,"A",.,"A",.,"A",.,"A",.,"A"
"20104",2267633,45,0,"1",.,"A",.,"A",.,"A",.,"A",270,"D",90,"D",.,"A",.,"A",300,"D",300,"D",0,"D",0,"D",90,"D",100,"D",.,"A"
"20104",2267654,40,0,"1",.,"A",.,"A",.,"A",.,"A",.,"A",99,"D",.,"A",.,"A",48,"D",.,"A",.,"A",.,"A",.,"A",.,"A",.,"A"
"20104",2267674,61,0,"1",.,"A",.,"A",.,"A",.,"A",.,"A",.,"A",.,"A",.,"A",.,"A",.,"A",.,"A",.,"A",28,"D",.,"A",.,"A"
"20104",2267704,28,0,"1",.,"A",.,"A",.,"A",.,"A",30,"D",.,"A",.,"A",.,"A",.,"A",.,"A",.,"A",.,"A",60,"D",.,"A",.,"A"
"20104",2267743,58,0,"1",.,"A",.,"A",.,"A",.,"A",.,"A",.,"A",.,"A",.,"A",.,"A",.,"A",.,"A",.,"A",130,"D",.,"A",.,"A"
"20104",2267753,44,0,"1",.,"A",.,"A",.,"A",.,"A",.,"A",.,"A",.,"A",.,"A",.,"A",.,"A",.,"A",.,"A",.,"A",.,"A",.,"A"
"20104",2267774,104,0,"1",.,"A",.,"A",.,"A",.,"A",.,"A",.,"A",.,"A",.,"A",.,"A",.,"A",.,"A",.,"A",90,"D",.,"A",.,"A"
"20104",2267783,37,0,"1",.,"A",.,"A",.,"A",.,"A",.,"A",.,"A",.,"A",.,"A",.,"A",.,"A",.,"A",.,"A",33,"D",.,"A",.,"A"
"20104",2267844,30,0,"1",.,"A",.,"A",.,"A",.,"A",.,"A",.,"A",.,"A",.,"A",.,"A",.,"A",.,"A",.,"A",.,"A",.,"A",.,"A"
"20104",2267853,87,0,"1",.,"A",.,"A",.,"A",.,"A",.,"A",300,"D",.,"A",.,"A",45,"D",.,"A",.,"A",.,"A",300,"D",.,"A",.,"A"
"20104",2267864,70,0,"1",.,"A",.,"A",.,"A",.,"A",.,"A",.,"A",455,"D",.,"A",.,"A",.,"A",.,"A",.,"A",80,"D",.,"A",.,"A"
"20104",2267893,37,0,"1",.,"A",.,"A",.,"A",.,"A",.,"A",.,"A",.,"A",.,"A",.,"A",.,"A",.,"A",.,"A",.,"A",.,"A",.,"A"
"20104",2267914,28,0,"1",.,"A",.,"A",.,"A",.,"A",.,"A",.,"A",.,"A",.,"A",.,"A",.,"A",.,"A",.,"A",.,"A",.,"A",.,"A"
"20104",2267924,55,0,"1",.,"A",.,"A",.,"A",.,"A",.,"A",150,"F",.,"A",.,"A",.,"A",.,"A",.,"A",.,"A",750,"D",.,"A",.,"A"
"20104",2267944,46,0,"1",.,"A",.,"A",.,"A",.,"A",.,"A",.,"A",.,"A",.,"A",.,"A",.,"A",.,"A",.,"A",.,"A",.,"A",.,"A"
"20104",2267953,26,0,"1",.,"A",.,"A",.,"A",.,"A",.,"A",.,"A",.,"A",.,"A",.,"A",.,"A",.,"A",.,"A",.,"A",.,"A",.,"A"
"20104",2267963,72,0,"1",.,"A",.,"A",.,"A",.,"A",.,"A",.,"A",.,"A",.,"A",.,"A",.,"A",.,"A",.,"A",50,"D",.,"A",.,"A"
"20104",2267993,49,0,"1",.,"A",.,"A",.,"A",.,"A",.,"A",20,"D",.,"A",.,"A",.,"A",.,"A",.,"A",.,"A",70,"D",.,"A",.,"A"
"20104",2268043,39,0,"1",.,"A",.,"A",.,"A",.,"A",.,"A",.,"A",.,"A",.,"A",.,"A",.,"A",.,"A",.,"A",.,"A",.,"A",.,"A"
"20104",2268074,76,0,"1",.,"A",.,"A",.,"A",.,"A",.,"A",.,"A",.,"A",.,"A",.,"A",.,"A",.,"A",.,"A",40,"D",.,"A",.,"A"
"20104",2268113,53,0,"1",.,"A",.,"A",.,"A",.,"A",.,"A",.,"A",.,"A",.,"A",.,"A",.,"A",.,"A",.,"A",.,"A",.,"A",.,"A"
"20104",2268134,35,0,"1",.,"A",.,"A",.,"A",.,"A",.,"A",.,"A",.,"A",.,"A",.,"A",.,"A",.,"A",.,"A",30,"D",.,"A",.,"A"
"20104",2268154,43,0,"1",.,"A",.,"A",.,"A",.,"A",.,"A",.,"A",.,"A",.,"A",.,"A",.,"A",.,"A",.,"A",11,"D",.,"A",.,"A"
"20104",2268203,42,0,"1",.,"A",.,"A",.,"A",.,"A",.,"A",.,"A",.,"A",.,"A",.,"A",.,"A",.,"A",.,"A",.,"A",.,"A",.,"A"
"20104",2268214,40,0,"1",.,"A",.,"A",.,"A",.,"A",.,"A",.,"A",.,"A",.,"A",18,"D",267,"D",0,"D",0,"D",330,"D",89,"D",.,"A"
"20104",2268224,44,0,"1",.,"A",.,"A",.,"A",.,"A",.,"A",.,"A",.,"A",.,"A",.,"A",.,"A",.,"A",.,"A",.,"A",.,"A",.,"A"
"20104",2268243,40,0,"1",.,"A",.,"A",.,"A",.,"A",.,"A",.,"A",.,"A",.,"A",.,"A",.,"A",.,"A",.,"A",.,"A",.,"A",.,"A"
"20104",2268264,44,0,"1",.,"A",.,"A",.,"A",.,"A",.,"A",.,"A",.,"A",.,"A",.,"A",.,"A",.,"A",.,"A",.,"A",.,"A",.,"A"
"20104",2268294,74,0,"1",.,"A",.,"A",.,"A",.,"A",.,"A",.,"A",.,"A",.,"A",.,"A",.,"A",.,"A",.,"A",400,"D",.,"A",.,"A"
"20104",2268313,33,0,"1",.,"A",.,"A",.,"A",.,"A",.,"A",.,"A",.,"A",.,"A",.,"A",.,"A",.,"A",.,"A",.,"A",.,"A",.,"A"
"20104",2268325,38,0,"1",.,"A",.,"A",.,"A",.,"A",60,"D",.,"A",.,"A",.,"A",.,"A",.,"A",.,"A",.,"A",.,"A",.,"A",.,"A"
"20104",2268343,52,0,"1",.,"A",.,"A",.,"A",.,"A",.,"A",.,"A",.,"A",.,"A",.,"A",.,"A",.,"A",.,"A",.,"A",.,"A",.,"A"
"20104",2268354,46,0,"1",.,"A",.,"A",.,"A",.,"A",.,"A",.,"A",.,"A",.,"A",.,"A",.,"A",.,"A",.,"A",.,"A",.,"A",.,"A"
"20104",2268363,27,0,"1",.,"A",.,"A",.,"A",.,"A",40,"D",.,"A",.,"A",.,"A",15,"D",.,"A",.,"A",.,"A",.,"A",.,"A",.,"A"
"20104",2268373,83,0,"1",.,"A",.,"A",.,"A",.,"A",.,"A",150,"D",.,"A",.,"A",24,"D",.,"A",.,"A",.,"A",450,"D",.,"A",.,"A"
"20104",2268443,49,0,"1",.,"A",.,"A",.,"A",.,"A",.,"A",.,"A",.,"A",.,"A",.,"A",.,"A",.,"A",.,"A",190,"D",.,"A",.,"A"
"20104",2268453,42,0,"1",.,"A",.,"A",.,"A",.,"A",.,"A",.,"A",.,"A",.,"A",.,"A",.,"A",.,"A",.,"A",.,"A",.,"A",.,"A"
"20104",2268463,76,0,"1",.,"A",.,"A",.,"A",.,"A",.,"A",.,"A",.,"A",.,"A",.,"A",.,"A",.,"A",.,"A",63,"D",.,"A",.,"A"
"20104",2268473,39,0,"1",.,"A",.,"A",.,"A",.,"A",.,"A",.,"A",.,"A",.,"A",.,"A",.,"A",.,"A",.,"A",.,"A",.,"A",.,"A"
"20104",2268504,66,0,"1",.,"A",.,"A",.,"A",.,"A",.,"A",.,"A",195,"D",.,"A",.,"A",.,"A",.,"A",.,"A",36,"D",.,"A",.,"A"
"20104",2268524,22,0,"1",.,"A",.,"A",.,"A",.,"A",.,"A",.,"A",.,"A",.,"A",.,"A",.,"A",.,"A",.,"A",.,"A",.,"A",.,"A"
"20104",2268544,38,0,"1",.,"A",.,"A",.,"A",.,"A",.,"A",.,"A",.,"A",.,"A",.,"A",.,"A",.,"A",.,"A",.,"A",.,"A",.,"A"
"20104",2268604,61,0,"1",.,"A",.,"A",.,"A",.,"A",.,"A",.,"A",.,"A",.,"A",.,"A",.,"A",.,"A",.,"A",.,"A",.,"A",.,"A"
"20104",2268644,34,0,"1",.,"A",.,"A",.,"A",.,"A",.,"A",.,"A",.,"A",.,"A",.,"A",.,"A",.,"A",.,"A",.,"A",.,"A",.,"A"
"20104",2268653,45,0,"1",.,"A",.,"A",.,"A",.,"A",.,"A",.,"A",.,"A",.,"A",.,"A",.,"A",.,"A",.,"A",75,"D",.,"A",.,"A"
"20104",2268743,62,0,"1",.,"A",.,"A",.,"A",.,"A",.,"A",.,"A",.,"A",.,"A",.,"A",.,"A",.,"A",.,"A",200,"D",.,"A",.,"A"
"20104",2268754,39,0,"1",.,"A",.,"A",.,"A",.,"A",.,"A",.,"A",.,"A",.,"A",.,"A",.,"A",.,"A",.,"A",.,"A",.,"A",.,"A"
"20104",2268784,23,0,"1",.,"A",.,"A",.,"A",.,"A",.,"A",.,"A",.,"A",.,"A",.,"A",.,"A",.,"A",.,"A",.,"A",.,"A",.,"A"
"20104",2268794,49,0,"1",.,"A",.,"A",.,"A",.,"A",.,"A",.,"A",.,"A",.,"A",.,"A",.,"A",.,"A",.,"A",85,"D",.,"A",.,"A"
"20104",2268813,37,0,"1",.,"A",.,"A",.,"A",.,"A",.,"A",.,"A",.,"A",.,"A",.,"A",.,"A",.,"A",.,"A",16,"D",.,"A",.,"A"
"20104",2268844,67,0,"1",.,"A",.,"A",.,"A",.,"A",.,"A",.,"A",650,"D",.,"A",18,"D",0,"D",168,"D",0,"D",20,"D",0,"D",.,"A"
"20104",2268873,52,0,"1",.,"A",.,"A",.,"A",.,"A",.,"A",.,"A",.,"A",.,"A",.,"A",.,"A",.,"A",.,"A",30,"D",.,"A",.,"A"
"20104",2268893,46,0,"1",.,"A",.,"A",.,"A",.,"A",120,"D",.,"A",.,"A",.,"A",.,"A",.,"A",.,"A",.,"A",.,"A",.,"A",.,"A"
"20104",2268904,30,0,"1",.,"A",.,"A",.,"A",.,"A",.,"A",25,"D",.,"A",.,"A",.,"A",264,"D",0,"D",0,"D",.,"A",88,"D",.,"A"
"20104",2268914,56,0,"1",.,"A",.,"A",.,"A",.,"A",.,"A",.,"A",910,"D",.,"A",.,"A",.,"A",.,"A",.,"A",.,"A",.,"A",.,"A"
"20104",2268923,40,0,"1",.,"A",.,"A",.,"A",.,"A",.,"A",.,"A",455,"D",.,"A",.,"A",.,"A",.,"A",.,"A",36,"D",.,"A",.,"A"
"20104",2268933,52,0,"1",.,"A",.,"A",.,"A",.,"A",.,"A",30,"D",.,"A",.,"A",.,"A",.,"A",.,"A",.,"A",32,"D",.,"A",.,"A"
"20104",2268954,42,0,"1",.,"A",.,"A",.,"A",.,"A",.,"A",.,"A",.,"A",.,"A",.,"A",.,"A",.,"A",.,"A",.,"A",.,"A",.,"A"
"20104",2268974,38,0,"1",.,"A",.,"A",.,"A",.,"A",.,"A",.,"A",.,"A",.,"A",.,"A",.,"A",.,"A",.,"A",.,"A",.,"A",.,"A"
"20104",2268983,25,0,"1",.,"A",.,"A",.,"A",.,"A",.,"A",.,"A",.,"A",.,"A",.,"A",.,"A",.,"A",.,"A",.,"A",.,"A",.,"A"
"20104",2269003,48,0,"1",.,"A",.,"A",.,"A",.,"A",.,"A",.,"A",.,"A",.,"A",.,"A",.,"A",.,"A",.,"A",180,"D",.,"A",.,"A"
"20104",2269034,46,0,"1",.,"A",.,"A",.,"A",.,"A",.,"A",.,"A",650,"D",.,"A",.,"A",.,"A",.,"A",.,"A",900,"D",.,"A",.,"A"
"20104",2269054,26,0,"1",.,"A",.,"A",.,"A",30,"D",.,"A",.,"A",.,"A",.,"A",.,"A",261,"D",0,"D",0,"D",60,"D",87,"D",.,"A"
"20104",2269074,34,0,"1",.,"A",.,"A",.,"A",.,"A",.,"A",.,"A",.,"A",.,"A",.,"A",.,"A",.,"A",.,"A",.,"A",.,"A",.,"A"
"20104",2269083,30,0,"1",.,"A",.,"A",.,"A",.,"A",24,"D",66,"D",.,"A",.,"A",.,"A",.,"A",.,"A",.,"A",.,"A",.,"A",.,"A"
"20104",2269114,74,0,"1",.,"A",.,"A",.,"A",.,"A",.,"A",.,"A",260,"D",.,"A",.,"A",.,"A",.,"A",.,"A",190,"D",.,"A",.,"A"
"20104",2269184,29,0,"1",.,"A",.,"A",.,"A",.,"A",.,"A",.,"A",.,"A",.,"A",.,"A",.,"A",.,"A",.,"A",.,"A",.,"A",.,"A"
"20104",2269203,38,0,"1",.,"A",.,"A",.,"A",.,"A",90,"D",.,"A",.,"A",.,"A",.,"A",90,"D",75,"D",15,"D",.,"A",30,"D",.,"A"
"20104",2269244,44,0,"1",.,"A",.,"A",.,"A",.,"A",.,"A",.,"A",390,"D",.,"A",.,"A",.,"A",.,"A",.,"A",.,"A",.,"A",.,"A"
"20104",2269264,52,0,"1",.,"A",.,"A",.,"A",.,"A",.,"A",50,"D",.,"A",.,"A",.,"A",.,"A",.,"A",.,"A",60,"D",.,"A",.,"A"
"20104",2269274,32,0,"1",.,"A",.,"A",.,"A",.,"A",.,"A",.,"A",.,"A",.,"A",.,"A",.,"A",.,"A",.,"A",45,"D",.,"A",.,"A"
"20104",2269283,46,0,"1",.,"A",.,"A",.,"A",.,"A",.,"A",.,"A",.,"A",.,"A",.,"A",.,"A",.,"A",.,"A",600,"D",.,"A",.,"A"
"20104",2269343,58,0,"1",.,"A",.,"A",.,"A",.,"A",.,"A",.,"A",.,"A",.,"A",.,"A",.,"A",.,"A",.,"A",50,"D",.,"A",.,"A"
"20104",2269354,57,0,"1",.,"A",.,"A",.,"A",.,"A",.,"A",.,"A",.,"A",.,"A",.,"A",.,"A",.,"A",.,"A",300,"D",.,"A",.,"A"
"20104",2269363,44,0,"1",.,"A",.,"A",.,"A",.,"A",.,"A",.,"A",.,"A",.,"A",.,"A",165,"D",0,"D",165,"D",54,"D",55,"D",.,"A"
"20104",2269384,49,0,"1",.,"A",.,"A",.,"A",.,"A",.,"A",.,"A",780,"D",.,"A",.,"A",.,"A",.,"A",.,"A",24,"D",.,"A",.,"A"
"20104",2269394,73,0,"1",.,"A",.,"A",.,"A",.,"A",.,"A",.,"A",.,"A",.,"A",.,"A",.,"A",.,"A",.,"A",25,"D",.,"A",.,"A"
"20104",2269513,99,0,"1",.,"A",.,"A",.,"A",.,"A",.,"A",270,"D",.,"A",.,"A",.,"A",.,"A",.,"A",.,"A",385,"D",.,"A",.,"A"
"20104",2269534,56,0,"1",.,"A",.,"A",.,"A",.,"A",.,"A",.,"A",1300,"D",.,"A",.,"A",.,"A",.,"A",.,"A",25,"D",.,"A",.,"A"
"20104",2269543,41,0,"1",.,"A",.,"A",.,"A",.,"A",.,"A",.,"A",.,"A",.,"A",.,"A",.,"A",.,"A",.,"A",125,"D",.,"A",.,"A"
"20104",2269553,71,0,"1",.,"A",.,"A",.,"A",.,"A",150,"D",.,"A",.,"A",.,"A",.,"A",255,"D",0,"D",0,"D",314,"D",85,"D",.,"A"
"20104",2269564,50,0,"1",.,"A",.,"A",.,"A",.,"A",.,"A",.,"A",.,"A",.,"A",.,"A",.,"A",.,"A",.,"A",180,"D",.,"A",.,"A"
"20104",2269573,77,0,"1",.,"A",.,"A",.,"A",.,"A",.,"A",.,"A",.,"A",.,"A",.,"A",.,"A",.,"A",.,"A",100,"D",.,"A",.,"A"
"20104",2269584,34,0,"1",.,"A",.,"A",.,"A",.,"A",.,"A",.,"A",.,"A",.,"A",.,"A",.,"A",.,"A",.,"A",.,"A",.,"A",.,"A"
"20104",2269614,36,0,"1",.,"A",.,"A",.,"A",.,"A",.,"A",.,"A",.,"A",.,"A",.,"A",.,"A",.,"A",.,"A",.,"A",.,"A",.,"A"
"20104",2269634,39,0,"1",.,"A",.,"A",.,"A",.,"A",.,"A",240,"D",468,"D",.,"A",.,"A",.,"A",.,"A",.,"A",.,"A",.,"A",.,"A"
"20104",2269643,31,0,"1",.,"A",.,"A",.,"A",.,"A",.,"A",.,"A",.,"A",.,"A",.,"A",.,"A",.,"A",.,"A",.,"A",.,"A",.,"A"
"20104",2269743,47,0,"1",.,"A",.,"A",.,"A",.,"A",.,"A",.,"A",.,"A",.,"A",.,"A",.,"A",.,"A",.,"A",65,"D",.,"A",.,"A"
"20104",2269754,54,0,"1",.,"A",.,"A",.,"A",.,"A",.,"A",.,"A",728,"D",.,"A",.,"A",.,"A",.,"A",.,"A",.,"A",.,"A",.,"A"
"20104",2269763,74,0,"1",.,"A",.,"A",.,"A",.,"A",.,"A",.,"A",.,"A",.,"A",12,"D",.,"A",.,"A",.,"A",.,"A",.,"A",.,"A"
"20104",2269783,81,0,"1",.,"A",.,"A",.,"A",.,"A",.,"A",.,"A",.,"A",.,"A",60,"D",.,"A",.,"A",.,"A",240,"D",.,"A",.,"A"
"20104",2269794,64,0,"1",.,"A",.,"A",.,"A",.,"A",.,"A",.,"A",260,"D",.,"A",.,"A",60,"D",0,"D",0,"D",160,"D",20,"D",.,"A"
"20104",2269825,45,0,"1",.,"A",.,"A",.,"A",.,"A",.,"A",.,"A",.,"A",.,"A",.,"A",.,"A",.,"A",.,"A",52,"D",.,"A",.,"A"
"20104",2269844,38,0,"1",.,"A",.,"A",.,"A",.,"A",.,"A",.,"A",780,"D",.,"A",.,"A",.,"A",.,"A",.,"A",.,"A",.,"A",.,"A"
"20104",2269884,38,0,"1",.,"A",.,"A",.,"A",.,"A",.,"A",30,"D",.,"A",.,"A",.,"A",.,"A",.,"A",.,"A",180,"F",.,"A",.,"A"
"20104",2269893,24,0,"1",.,"A",.,"A",.,"A",.,"A",36,"D",.,"A",.,"A",.,"A",.,"A",.,"A",.,"A",.,"A",.,"A",.,"A",.,"A"
"20104",2269943,53,0,"1",10,"D",.,"A",.,"A",.,"A",74,"D",.,"A",.,"A",.,"A",15,"D",0,"D",0,"D",12,"D",180,"D",0,"D",.,"A"
"20104",2269964,45,0,"1",.,"A",.,"A",.,"A",.,"A",.,"A",.,"A",.,"A",.,"A",.,"A",.,"A",.,"A",.,"A",.,"A",.,"A",.,"A"
"20104",2269973,24,0,"1",.,"A",.,"A",.,"A",.,"A",120,"D",.,"A",.,"A",.,"A",.,"A",.,"A",.,"A",.,"A",.,"A",.,"A",.,"A"
"20104",2269983,31,0,"1",.,"A",.,"A",.,"A",.,"A",30,"D",.,"A",.,"A",.,"A",.,"A",.,"A",.,"A",.,"A",11,"D",.,"A",.,"A"
"20104",2270003,53,0,"1",.,"A",.,"A",.,"A",.,"A",.,"A",.,"A",.,"A",.,"A",.,"A",360,"D",0,"D",0,"D",300,"F",120,"D",.,"A"
"20104",2270015,24,0,"1",.,"A",.,"A",.,"A",.,"A",.,"A",.,"A",.,"A",.,"A",.,"A",.,"A",.,"A",.,"A",.,"A",.,"A",.,"A"
"20104",2270023,66,0,"1",18,"D",.,"A",.,"A",.,"A",30,"D",.,"A",910,"D",.,"A",.,"A",.,"A",.,"A",.,"A",75,"D",.,"A",.,"A"
"20104",2270104,51,0,"1",.,"A",.,"A",.,"A",.,"A",.,"A",.,"A",.,"A",.,"A",.,"A",.,"A",.,"A",.,"A",355,"F",.,"A",.,"A"
"20104",2270113,31,0,"1",.,"A",.,"A",.,"A",.,"A",110,"D",.,"A",325,"D",.,"A",.,"A",.,"A",.,"A",.,"A",.,"A",.,"A",.,"A"
"20104",2270123,55,0,"1",.,"A",.,"A",.,"A",.,"A",.,"A",.,"A",.,"A",.,"A",.,"A",.,"A",.,"A",.,"A",80,"D",.,"A",.,"A"
"20104",2270153,57,0,"1",.,"A",.,"A",.,"A",.,"A",.,"A",.,"A",.,"A",.,"A",.,"A",.,"A",.,"A",.,"A",16,"D",.,"A",.,"A"
"20104",2270174,68,0,"1",.,"A",.,"A",.,"A",.,"A",.,"A",.,"A",.,"A",.,"A",.,"A",.,"A",.,"A",.,"A",.,"A",.,"A",.,"A"
"20104",2270195,35,0,"1",.,"A",.,"A",.,"A",.,"A",.,"A",.,"A",260,"D",.,"A",.,"A",.,"A",.,"A",.,"A",.,"A",.,"A",.,"A"
"20104",2270203,30,0,"1",.,"A",.,"A",.,"A",.,"A",.,"A",.,"A",.,"A",.,"A",.,"A",.,"A",.,"A",.,"A",75,"D",.,"A",.,"A"
"20104",2270214,55,0,"1",.,"A",.,"A",.,"A",.,"A",.,"A",.,"A",.,"A",.,"A",.,"A",.,"A",.,"A",.,"A",75,"D",.,"A",.,"A"
"20104",2270244,44,0,"1",25,"D",.,"A",.,"A",.,"A",95,"D",.,"A",.,"A",.,"A",27,"D",.,"A",.,"A",.,"A",.,"A",.,"A",.,"A"
"20104",2270263,58,0,"1",.,"A",.,"A",.,"A",.,"A",.,"A",.,"A",.,"A",.,"A",600,"D",.,"A",.,"A",.,"A",.,"A",.,"A",.,"A"
"20104",2270344,38,0,"1",.,"A",.,"A",.,"A",.,"A",.,"A",.,"A",.,"A",91,"D",.,"A",.,"A",.,"A",.,"A",40,"D",.,"A",.,"A"
"20104",2270353,57,0,"1",.,"A",.,"A",.,"A",.,"A",.,"A",.,"A",.,"A",.,"A",.,"A",.,"A",.,"A",.,"A",60,"D",.,"A",.,"A"
"20104",2270373,37,0,"1",.,"A",.,"A",.,"A",.,"A",10,"D",10,"D",.,"A",.,"A",.,"A",.,"A",.,"A",.,"A",28,"D",.,"A",.,"A"
"20104",2270434,34,0,"1",.,"A",.,"A",.,"A",.,"A",.,"A",.,"A",.,"A",.,"A",.,"A",.,"A",.,"A",.,"A",.,"A",.,"A",.,"A"
"20104",2270484,43,0,"1",.,"A",.,"A",.,"A",.,"A",.,"A",.,"A",.,"A",.,"A",.,"A",.,"A",.,"A",.,"A",180,"D",.,"A",.,"A"
"20104",2270504,44,0,"1",.,"A",.,"A",.,"A",.,"A",.,"A",.,"A",.,"A",.,"A",.,"A",.,"A",.,"A",.,"A",15,"D",.,"A",.,"A"
"20104",2270553,58,0,"1",.,"A",.,"A",.,"A",.,"A",.,"A",.,"A",.,"A",104,"D",.,"A",.,"A",.,"A",.,"A",30,"D",.,"A",.,"A"
"20104",2270565,47,0,"1",.,"A",.,"A",.,"A",.,"A",.,"A",.,"A",.,"A",.,"A",.,"A",.,"A",.,"A",.,"A",118,"D",.,"A",.,"A"
"20104",2270573,66,0,"1",.,"A",.,"A",.,"A",.,"A",.,"A",.,"A",.,"A",.,"A",.,"A",.,"A",.,"A",.,"A",.,"A",.,"A",.,"A"
"20104",2270594,38,0,"1",.,"A",.,"A",.,"A",.,"A",12,"D",.,"A",.,"A",.,"A",.,"A",.,"A",.,"A",.,"A",60,"D",.,"A",.,"A"
"20104",2270604,30,0,"1",.,"A",.,"A",.,"A",.,"A",50,"D",.,"A",650,"D",.,"A",.,"A",.,"A",.,"A",.,"A",.,"A",.,"A",.,"A"
"20104",2270624,56,0,"1",.,"A",.,"A",.,"A",.,"A",30,"D",.,"A",.,"A",.,"A",.,"A",.,"A",.,"A",.,"A",15,"D",.,"A",.,"A"
"20104",2270633,38,0,"1",.,"A",.,"A",.,"A",.,"A",.,"A",.,"A",.,"A",.,"A",.,"A",750,"D",0,"D",0,"D",100,"D",250,"D",.,"A"
"20104",2270654,29,0,"1",.,"A",.,"A",.,"A",.,"A",.,"A",.,"A",.,"A",.,"A",.,"A",0,"D",0,"D",60,"D",.,"A",0,"D",.,"A"
"20104",2270674,83,0,"1",.,"A",.,"A",.,"A",.,"A",.,"A",.,"A",.,"A",.,"A",.,"A",.,"A",.,"A",.,"A",114,"D",.,"A",.,"A"
"20104",2270694,60,0,"1",.,"A",.,"A",.,"A",.,"A",.,"A",90,"D",.,"A",.,"A",.,"A",.,"A",.,"A",.,"A",180,"D",.,"A",.,"A"
"20104",2270713,51,0,"1",.,"A",.,"A",.,"A",.,"A",.,"A",.,"A",.,"A",.,"A",.,"A",.,"A",.,"A",.,"A",20,"D",.,"A",.,"A"
"20104",2270733,49,0,"1",.,"A",.,"A",.,"A",.,"A",.,"A",.,"A",.,"A",.,"A",.,"A",0,"D",0,"D",9,"D",.,"A",0,"D",.,"A"
"20104",2270794,41,0,"1",.,"A",.,"A",.,"A",.,"A",.,"A",.,"A",.,"A",.,"A",.,"A",.,"A",.,"A",.,"A",.,"A",.,"A",.,"A"
"20104",2270814,53,0,"1",.,"A",.,"A",.,"A",.,"A",.,"A",.,"A",.,"A",.,"A",.,"A",.,"A",.,"A",.,"A",.,"A",.,"A",.,"A"
"20104",2270833,60,0,"1",.,"A",.,"A",.,"A",.,"A",.,"A",50,"D",.,"A",.,"A",.,"A",0,"D",0,"D",60,"D",.,"A",0,"D",.,"A"
"20104",2270844,74,0,"1",.,"A",.,"A",.,"A",.,"A",.,"A",.,"A",.,"A",.,"A",.,"A",.,"A",.,"A",.,"A",18,"D",.,"A",.,"A"
"20104",2270904,41,0,"1",.,"A",.,"A",.,"A",.,"A",280,"D",.,"A",.,"A",.,"A",.,"A",0,"D",0,"D",90,"D",25,"D",0,"D",.,"A"
"20104",2270914,61,0,"1",.,"A",.,"A",.,"A",.,"A",.,"A",.,"A",.,"A",.,"A",.,"A",.,"A",.,"A",.,"A",100,"D",.,"A",.,"A"
"20104",2270964,26,0,"1",.,"A",.,"A",.,"A",.,"A",.,"A",.,"A",.,"A",.,"A",.,"A",210,"D",0,"D",0,"D",.,"A",70,"D",.,"A"
"20104",2270993,66,0,"1",.,"A",.,"A",.,"A",.,"A",.,"A",.,"A",.,"A",.,"A",.,"A",.,"A",.,"A",.,"A",.,"A",.,"A",.,"A"
"20104",2271004,59,0,"1",.,"A",.,"A",.,"A",.,"A",.,"A",.,"A",130,"D",.,"A",12,"D",.,"A",.,"A",.,"A",46,"D",.,"A",.,"A"
"20104",2271013,46,0,"1",.,"A",.,"A",.,"A",.,"A",.,"A",.,"A",.,"A",.,"A",.,"A",.,"A",.,"A",.,"A",80,"D",.,"A",.,"A"
"20104",2271043,34,0,"1",.,"A",.,"A",.,"A",.,"A",.,"A",.,"A",.,"A",260,"D",12,"D",0,"D",0,"D",54,"D",20,"D",0,"D",.,"A"
"20104",2271053,22,0,"1",.,"A",.,"A",.,"A",.,"A",.,"A",.,"A",.,"A",.,"A",.,"A",.,"A",.,"A",.,"A",.,"A",.,"A",.,"A"
"20104",2271063,56,0,"1",.,"A",.,"A",.,"A",.,"A",20,"D",.,"A",520,"D",.,"A",.,"A",.,"A",.,"A",.,"A",.,"A",.,"A",.,"A"
"20104",2271103,41,0,"1",.,"A",.,"A",.,"A",.,"A",.,"A",130,"D",2080,"D",.,"A",.,"A",.,"A",.,"A",.,"A",.,"A",.,"A",.,"A"
"20104",2271133,42,0,"1",.,"A",.,"A",.,"A",.,"A",.,"A",.,"A",.,"A",.,"A",.,"A",.,"A",.,"A",.,"A",.,"A",.,"A",.,"A"
"20104",2271143,28,0,"1",.,"A",.,"A",.,"A",.,"A",.,"A",.,"A",.,"A",.,"A",.,"A",.,"A",.,"A",.,"A",75,"D",.,"A",.,"A"
"20104",2271153,68,0,"1",.,"A",.,"A",.,"A",.,"A",40,"D",.,"A",195,"D",.,"A",9,"D",.,"A",.,"A",.,"A",.,"A",.,"A",.,"A"
"20104",2271163,32,0,"1",.,"A",.,"A",.,"A",.,"A",.,"A",.,"A",260,"D",.,"A",.,"A",.,"A",.,"A",.,"A",.,"A",.,"A",.,"A"
"20104",2271174,42,0,"1",.,"A",.,"A",.,"A",.,"A",.,"A",.,"A",650,"D",.,"A",.,"A",210,"D",0,"D",0,"D",.,"A",70,"D",.,"A"
"20104",2271223,57,0,"1",.,"A",.,"A",.,"A",.,"A",.,"A",20,"D",.,"A",.,"A",.,"A",.,"A",.,"A",.,"A",.,"A",.,"A",.,"A"
"20104",2271254,37,0,"1",.,"A",.,"A",.,"A",.,"A",.,"A",.,"A",.,"A",.,"A",.,"A",.,"A",.,"A",.,"A",.,"A",.,"A",.,"A"
"20104",2271324,49,0,"1",.,"A",.,"A",.,"A",.,"A",.,"A",.,"A",.,"A",.,"A",.,"A",.,"A",.,"A",.,"A",100,"D",.,"A",.,"A"
"20104",2271344,37,0,"1",.,"A",.,"A",.,"A",.,"A",.,"A",.,"A",.,"A",.,"A",.,"A",.,"A",.,"A",.,"A",.,"A",.,"A",.,"A"
"20104",2271354,58,0,"1",.,"A",.,"A",.,"A",.,"A",.,"A",.,"A",.,"A",104,"D",.,"A",.,"A",.,"A",.,"A",50,"D",.,"A",.,"A"
"20104",2271364,66,0,"1",.,"A",.,"A",.,"A",.,"A",.,"A",.,"A",.,"A",.,"A",.,"A",.,"A",.,"A",.,"A",23,"D",.,"A",.,"A"
"20104",2271374,48,0,"1",.,"A",.,"A",.,"A",.,"A",.,"A",.,"A",429,"D",.,"A",.,"A",.,"A",.,"A",.,"A",126,"D",.,"A",.,"A"
"20104",2271384,35,0,"1",.,"A",.,"A",.,"A",.,"A",.,"A",.,"A",.,"A",.,"A",.,"A",.,"A",.,"A",.,"A",.,"A",.,"A",.,"A"
"20104",2271394,49,0,"1",.,"A",.,"A",.,"A",.,"A",.,"A",.,"A",390,"D",.,"A",.,"A",.,"A",.,"A",.,"A",115,"D",.,"A",.,"A"
"20104",2271413,52,0,"1",.,"A",.,"A",.,"A",.,"A",.,"A",.,"A",.,"A",.,"A",105,"D",.,"A",.,"A",.,"A",135,"D",.,"A",.,"A"
"20104",2271424,60,0,"1",.,"A",.,"A",.,"A",.,"A",.,"A",.,"A",.,"A",.,"A",.,"A",.,"A",.,"A",.,"A",90,"D",.,"A",.,"A"
"20104",2271433,48,0,"1",.,"A",.,"A",.,"A",.,"A",.,"A",.,"A",.,"A",.,"A",.,"A",.,"A",.,"A",.,"A",.,"A",.,"A",.,"A"
"20104",2271444,56,0,"1",.,"A",.,"A",.,"A",.,"A",.,"A",.,"A",390,"D",.,"A",.,"A",.,"A",.,"A",.,"A",130,"D",.,"A",.,"A"
"20104",2271474,47,0,"1",.,"A",.,"A",.,"A",.,"A",.,"A",.,"A",.,"A",.,"A",.,"A",.,"A",.,"A",.,"A",.,"A",.,"A",.,"A"
"20104",2271484,46,0,"1",.,"A",.,"A",.,"A",.,"A",.,"A",.,"A",208,"D",.,"A",.,"A",.,"A",.,"A",.,"A",.,"A",.,"A",.,"A"
"20104",2271533,82,0,"1",.,"A",.,"A",.,"A",.,"A",.,"A",200,"D",.,"A",.,"A",.,"A",.,"A",.,"A",.,"A",500,"D",.,"A",.,"A"
"20104",2271574,53,0,"1",.,"A",.,"A",.,"A",.,"A",.,"A",.,"A",.,"A",.,"A",.,"A",.,"A",.,"A",.,"A",90,"D",.,"A",.,"A"
"20104",2271584,59,0,"1",.,"A",.,"A",.,"A",.,"A",.,"A",.,"A",.,"A",.,"A",.,"A",.,"A",.,"A",.,"A",257,"D",.,"A",.,"A"
"20104",2271593,74,0,"1",.,"A",.,"A",.,"A",.,"A",.,"A",240,"D",.,"A",.,"A",90,"D",.,"A",.,"A",.,"A",200,"D",.,"A",.,"A"
"20104",2271603,34,0,"1",.,"A",.,"A",.,"A",.,"A",.,"A",.,"A",.,"A",.,"A",.,"A",.,"A",.,"A",.,"A",.,"A",.,"A",.,"A"
"20104",2271644,71,0,"1",.,"A",.,"A",.,"A",.,"A",.,"A",50,"D",.,"A",.,"A",.,"A",.,"A",.,"A",.,"A",600,"D",.,"A",.,"A"
"20104",2271654,38,0,"1",.,"A",.,"A",.,"A",.,"A",.,"A",.,"A",.,"A",.,"A",.,"A",.,"A",.,"A",.,"A",.,"A",.,"A",.,"A"
"20104",2271664,57,0,"1",.,"A",.,"A",.,"A",.,"A",.,"A",.,"A",.,"A",.,"A",.,"A",.,"A",.,"A",.,"A",65,"D",.,"A",.,"A"
"20104",2271684,45,0,"1",.,"A",.,"A",.,"A",.,"A",.,"A",.,"A",.,"A",.,"A",.,"A",.,"A",.,"A",.,"A",.,"A",.,"A",.,"A"
"20104",2271704,63,0,"1",.,"A",.,"A",.,"A",.,"A",.,"A",.,"A",.,"A",.,"A",.,"A",.,"A",.,"A",.,"A",300,"D",.,"A",.,"A"
"20104",2271753,76,0,"1",.,"A",.,"A",12,"D",.,"A",.,"A",.,"A",.,"A",.,"A",30,"D",.,"A",.,"A",.,"A",40,"D",.,"A",.,"A"
"20104",2271774,31,0,"1",.,"A",.,"A",.,"A",.,"A",.,"A",12,"D",.,"A",.,"A",15,"D",0,"D",0,"D",0,"D",60,"D",0,"D",.,"A"
"20104",2271784,28,0,"1",.,"A",.,"A",.,"A",.,"A",10,"D",.,"A",.,"A",.,"A",.,"A",.,"A",.,"A",.,"A",40,"D",.,"A",.,"A"
"20104",2271823,23,0,"1",.,"A",.,"A",.,"A",.,"A",.,"A",.,"A",325,"D",.,"A",.,"A",.,"A",.,"A",.,"A",.,"A",.,"A",.,"A"
"20104",2271843,49,0,"1",.,"A",.,"A",.,"A",.,"A",.,"A",.,"A",520,"D",.,"A",.,"A",.,"A",.,"A",.,"A",60,"D",.,"A",.,"A"
"20104",2271884,54,0,"1",.,"A",.,"A",.,"A",.,"A",.,"A",40,"D",.,"A",.,"A",.,"A",330,"D",300,"D",0,"D",200,"D",110,"D",.,"A"
"20104",2271914,50,0,"1",.,"A",.,"A",.,"A",.,"A",.,"A",20,"D",.,"A",.,"A",.,"A",.,"A",.,"A",.,"A",.,"A",.,"A",.,"A"
"20104",2271924,44,0,"1",.,"A",.,"A",.,"A",.,"A",.,"A",.,"A",.,"A",.,"A",.,"A",.,"A",.,"A",.,"A",.,"A",.,"A",.,"A"
"20104",2271944,65,0,"1",.,"A",.,"A",.,"A",.,"A",.,"A",70,"D",.,"A",.,"A",.,"A",0,"D",120,"D",0,"D",110,"D",0,"D",.,"A"
"20104",2271993,47,0,"1",.,"A",.,"A",.,"A",.,"A",.,"A",.,"A",.,"A",.,"A",.,"A",.,"A",.,"A",.,"A",30,"F",.,"A",.,"A"
"20104",2272003,36,0,"1",.,"A",.,"A",.,"A",.,"A",.,"A",.,"A",.,"A",.,"A",.,"A",0,"D",0,"D",0,"D",250,"D",0,"D",.,"A"
"20104",2272023,59,0,"1",.,"A",.,"A",.,"A",.,"A",.,"A",.,"A",.,"A",.,"A",.,"A",.,"A",.,"A",.,"A",48,"D",.,"A",.,"A"
"20104",2272034,45,0,"1",.,"A",.,"A",60,"D",.,"A",.,"A",.,"A",.,"A",.,"A",.,"A",.,"A",.,"A",.,"A",90,"D",.,"A",.,"A"
"20104",2272054,28,0,"1",.,"A",.,"A",.,"A",.,"A",.,"A",.,"A",.,"A",.,"A",.,"A",.,"A",.,"A",.,"A",.,"A",.,"A",.,"A"
"20104",2272065,61,0,"1",.,"A",.,"A",.,"A",.,"A",.,"A",.,"A",975,"D",.,"A",.,"A",.,"A",.,"A",.,"A",60,"D",.,"A",.,"A"
"20104",2272104,44,0,"1",.,"A",.,"A",.,"A",.,"A",.,"A",.,"A",.,"A",.,"A",.,"A",.,"A",.,"A",.,"A",.,"A",.,"A",.,"A"
"20104",2272115,42,0,"1",.,"A",.,"A",.,"A",.,"A",.,"A",.,"A",546,"D",.,"A",60,"D",.,"A",.,"A",.,"A",.,"A",.,"A",.,"A"
"20104",2272134,46,0,"1",.,"A",.,"A",.,"A",.,"A",.,"A",.,"A",910,"D",.,"A",.,"A",.,"A",.,"A",.,"A",40,"D",.,"A",.,"A"
"20104",2272163,46,0,"1",.,"A",.,"A",.,"A",.,"A",.,"A",.,"A",.,"A",.,"A",.,"A",.,"A",.,"A",.,"A",300,"D",.,"A",.,"A"
"20104",2272173,36,0,"1",.,"A",.,"A",.,"A",.,"A",105,"D",.,"A",273,"D",.,"A",.,"A",.,"A",.,"A",.,"A",.,"A",.,"A",.,"A"
"20104",2272184,71,0,"1",.,"A",.,"A",.,"A",.,"A",.,"A",.,"A",.,"A",.,"A",.,"A",.,"A",.,"A",.,"A",114,"D",.,"A",.,"A"
"20104",2272224,25,0,"1",.,"A",.,"A",.,"A",.,"A",.,"A",.,"A",.,"A",.,"A",.,"A",300,"D",0,"D",0,"D",.,"A",100,"D",.,"A"
"20104",2272253,62,0,"1",.,"A",.,"A",.,"A",.,"A",.,"A",.,"A",.,"A",.,"A",.,"A",.,"A",.,"A",.,"A",60,"D",.,"A",.,"A"
"20104",2272273,45,0,"1",.,"A",.,"A",.,"A",.,"A",.,"A",.,"A",.,"A",.,"A",.,"A",.,"A",.,"A",.,"A",.,"A",.,"A",.,"A"
"20104",2272283,87,0,"1",10,"D",.,"A",.,"A",.,"A",40,"D",105,"D",.,"A",.,"A",30,"D",.,"A",.,"A",.,"A",250,"D",.,"A",.,"A"
"20104",2272293,32,0,"1",.,"A",.,"A",.,"A",.,"A",.,"A",.,"A",.,"A",.,"A",.,"A",.,"A",.,"A",.,"A",.,"A",.,"A",.,"A"
"20104",2272304,36,0,"1",.,"A",.,"A",.,"A",.,"A",.,"A",.,"A",.,"A",.,"A",.,"A",.,"A",.,"A",.,"A",.,"A",.,"A",.,"A"
"20104",2272333,65,0,"1",.,"A",.,"A",.,"A",.,"A",.,"A",.,"A",.,"A",.,"A",.,"A",.,"A",.,"A",.,"A",300,"D",.,"A",.,"A"
"20104",2272344,63,0,"1",.,"A",.,"A",.,"A",.,"A",.,"A",.,"A",.,"A",.,"A",.,"A",.,"A",.,"A",.,"A",140,"D",.,"A",.,"A"
"20104",2272364,64,0,"1",.,"A",.,"A",.,"A",.,"A",5,"D",.,"A",.,"A",.,"A",.,"A",.,"A",.,"A",.,"A",180,"D",.,"A",.,"A"
"20104",2272374,34,0,"1",.,"A",.,"A",.,"A",.,"A",.,"A",.,"A",390,"D",.,"A",.,"A",.,"A",.,"A",.,"A",.,"A",.,"A",.,"A"
"20104",2272384,30,0,"1",20,"D",.,"A",.,"A",20,"D",70,"D",60,"D",.,"A",.,"A",.,"A",270,"D",0,"D",0,"D",50,"D",90,"D",.,"A"
"20104",2272394,54,0,"1",.,"A",.,"A",.,"A",.,"A",.,"A",.,"A",.,"A",.,"A",.,"A",.,"A",.,"A",.,"A",80,"D",.,"A",.,"A"
"20104",2272433,62,0,"1",.,"A",.,"A",.,"A",.,"A",.,"A",.,"A",.,"A",.,"A",.,"A",.,"A",.,"A",.,"A",300,"D",.,"A",.,"A"
"20104",2272464,38,0,"1",37,"D",.,"A",.,"A",.,"A",93,"D",.,"A",.,"A",.,"A",.,"A",.,"A",.,"A",.,"A",40,"D",.,"A",.,"A"
"20104",2272474,46,0,"1",.,"A",.,"A",.,"A",.,"A",.,"A",.,"A",390,"D",.,"A",.,"A",.,"A",.,"A",.,"A",225,"D",.,"A",.,"A"
"20104",2272484,28,0,"1",.,"A",.,"A",.,"A",.,"A",210,"D",.,"A",390,"D",.,"A",.,"A",.,"A",.,"A",.,"A",360,"D",.,"A",.,"A"
"20104",2272504,63,0,"1",.,"A",.,"A",.,"A",.,"A",.,"A",.,"A",.,"A",.,"A",.,"A",.,"A",.,"A",.,"A",50,"D",.,"A",.,"A"
"20104",2272524,42,0,"1",.,"A",.,"A",.,"A",.,"A",.,"A",.,"A",1300,"D",.,"A",.,"A",.,"A",.,"A",.,"A",.,"A",.,"A",.,"A"
"20104",2272594,54,0,"1",.,"A",.,"A",.,"A",.,"A",.,"A",.,"A",.,"A",.,"A",.,"A",.,"A",.,"A",.,"A",100,"D",.,"A",.,"A"
"20104",2272603,39,0,"1",.,"A",.,"A",.,"A",.,"A",.,"A",.,"A",.,"A",.,"A",.,"A",.,"A",.,"A",.,"A",.,"A",.,"A",.,"A"
"20104",2272614,92,0,"1",.,"A",.,"A",.,"A",.,"A",.,"A",.,"A",1040,"D",.,"A",.,"A",.,"A",.,"A",.,"A",120,"D",.,"A",.,"A"
"20104",2272624,45,0,"1",.,"A",.,"A",.,"A",.,"A",.,"A",.,"A",403,"D",.,"A",.,"A",.,"A",.,"A",.,"A",42,"D",.,"A",.,"A"
"20104",2272653,31,0,"1",.,"A",.,"A",.,"A",.,"A",12,"D",.,"A",.,"A",.,"A",.,"A",.,"A",.,"A",.,"A",.,"A",.,"A",.,"A"
"20104",2272664,77,0,"1",.,"A",.,"A",.,"A",.,"A",.,"A",90,"D",.,"A",.,"A",75,"D",.,"A",.,"A",.,"A",240,"D",.,"A",.,"A"
"20104",2272674,61,0,"1",.,"A",.,"A",.,"A",.,"A",.,"A",.,"A",.,"A",.,"A",.,"A",.,"A",.,"A",.,"A",100,"D",.,"A",.,"A"
"20104",2272714,47,0,"1",.,"A",.,"A",.,"A",.,"A",.,"A",.,"A",.,"A",.,"A",.,"A",.,"A",.,"A",.,"A",120,"D",.,"A",.,"A"
"20104",2272733,38,0,"1",.,"A",.,"A",.,"A",.,"A",.,"A",.,"A",.,"A",.,"A",.,"A",.,"A",.,"A",.,"A",45,"D",.,"A",.,"A"
"20104",2272743,37,0,"1",.,"A",60,"D",.,"A",.,"A",.,"A",60,"D",.,"A",.,"A",.,"A",267,"D",0,"D",267,"D",.,"A",89,"D",.,"A"
"20104",2272763,46,0,"1",.,"A",.,"A",.,"A",.,"A",.,"A",.,"A",.,"A",.,"A",.,"A",.,"A",.,"A",.,"A",100,"D",.,"A",.,"A"
"20104",2272833,46,0,"1",.,"A",.,"A",65,"D",.,"A",210,"D",40,"D",.,"A",.,"A",.,"A",.,"A",.,"A",.,"A",220,"D",.,"A",.,"A"
"20104",2272844,26,0,"1",.,"A",.,"A",.,"A",.,"A",.,"A",.,"A",.,"A",.,"A",.,"A",75,"D",0,"D",75,"D",.,"A",25,"D",.,"A"
"20104",2272883,52,0,"1",.,"A",.,"A",.,"A",.,"A",.,"A",120,"F",.,"A",.,"A",.,"A",.,"A",.,"A",.,"A",290,"F",.,"A",.,"A"
"20104",2272904,24,0,"1",.,"A",.,"A",.,"A",.,"A",45,"D",.,"A",.,"A",.,"A",.,"A",.,"A",.,"A",.,"A",150,"D",.,"A",.,"A"
"20104",2272914,44,0,"1",.,"A",.,"A",.,"A",.,"A",.,"A",.,"A",260,"D",.,"A",.,"A",.,"A",.,"A",.,"A",.,"A",.,"A",.,"A"
"20104",2272925,47,0,"1",.,"A",.,"A",.,"A",.,"A",.,"A",.,"A",.,"A",.,"A",.,"A",.,"A",.,"A",.,"A",35,"D",.,"A",.,"A"
"20104",2272953,29,0,"1",.,"A",.,"A",.,"A",.,"A",120,"D",.,"A",.,"A",.,"A",.,"A",.,"A",.,"A",.,"A",40,"D",.,"A",.,"A"
"20104",2272964,42,0,"1",.,"A",.,"A",.,"A",.,"A",.,"A",.,"A",.,"A",.,"A",.,"A",.,"A",.,"A",.,"A",50,"D",.,"A",.,"A"
"20104",2272973,45,0,"1",.,"A",.,"A",.,"A",.,"A",.,"A",.,"A",.,"A",.,"A",.,"A",.,"A",.,"A",.,"A",.,"A",.,"A",.,"A"
"20104",2273003,76,0,"1",.,"A",.,"A",.,"A",.,"A",.,"A",.,"A",.,"A",.,"A",.,"A",.,"A",.,"A",.,"A",115,"D",.,"A",.,"A"
"20104",2273063,47,0,"1",.,"A",.,"A",.,"A",.,"A",.,"A",.,"A",.,"A",.,"A",.,"A",570,"D",0,"D",0,"D",60,"D",190,"D",.,"A"
"20104",2273105,53,0,"1",.,"A",.,"A",.,"A",.,"A",.,"A",.,"A",.,"A",.,"A",.,"A",.,"A",.,"A",.,"A",270,"D",.,"A",.,"A"
"20104",2273113,24,0,"1",.,"A",.,"A",.,"A",.,"A",.,"A",.,"A",.,"A",.,"A",.,"A",.,"A",.,"A",.,"A",.,"A",.,"A",.,"A"
"20104",2273153,47,0,"1",.,"A",.,"A",.,"A",.,"A",.,"A",.,"A",.,"A",104,"D",.,"A",.,"A",.,"A",.,"A",.,"A",.,"A",.,"A"
"20104",2273164,57,0,"1",.,"A",.,"A",.,"A",.,"A",.,"A",.,"A",.,"A",.,"A",.,"A",.,"A",.,"A",.,"A",130,"D",.,"A",.,"A"
"20104",2273183,54,0,"1",.,"A",.,"A",.,"A",.,"A",.,"A",.,"A",.,"A",.,"A",90,"D",.,"A",.,"A",.,"A",200,"D",.,"A",.,"A"
"20104",2273194,27,0,"1",12,"D",.,"A",.,"A",.,"A",38,"D",15,"D",.,"A",.,"A",.,"A",.,"A",.,"A",.,"A",.,"A",.,"A",.,"A"
"20104",2273203,43,0,"1",.,"A",.,"A",.,"A",.,"A",.,"A",.,"A",.,"A",.,"A",.,"A",.,"A",.,"A",.,"A",.,"A",.,"A",.,"A"
"20104",2273233,48,0,"1",.,"A",.,"A",.,"A",.,"A",.,"A",.,"A",.,"A",.,"A",.,"A",.,"A",.,"A",.,"A",75,"F",.,"A",.,"A"
"20104",2273274,40,0,"1",.,"A",.,"A",.,"A",.,"A",.,"A",.,"A",.,"A",.,"A",.,"A",.,"A",.,"A",.,"A",.,"A",.,"A",.,"A"
"20104",2273294,29,0,"1",.,"A",.,"A",.,"A",16,"D",90,"D",13,"D",.,"A",.,"A",.,"A",0,"D",0,"D",63,"D",.,"A",0,"D",.,"A"
"20104",2273314,35,0,"1",.,"A",.,"A",.,"A",.,"A",.,"A",.,"A",.,"A",.,"A",.,"A",.,"A",.,"A",.,"A",150,"F",.,"A",.,"A"
"20104",2273334,63,0,"1",.,"A",.,"A",.,"A",.,"A",.,"A",.,"A",.,"A",.,"A",.,"A",.,"A",.,"A",.,"A",248,"D",.,"A",.,"A"
"20104",2273344,67,0,"1",.,"A",.,"A",.,"A",.,"A",.,"A",.,"A",390,"D",.,"A",.,"A",.,"A",.,"A",.,"A",90,"D",.,"A",.,"A"
"20104",2273363,72,0,"1",.,"A",.,"A",.,"A",.,"A",.,"A",.,"A",.,"A",.,"A",.,"A",.,"A",.,"A",.,"A",150,"D",.,"A",.,"A"
"20104",2273374,52,0,"1",.,"A",.,"A",.,"A",.,"A",.,"A",.,"A",.,"A",.,"A",.,"A",.,"A",.,"A",.,"A",40,"D",.,"A",.,"A"
"20104",2273414,35,0,"1",.,"A",.,"A",.,"A",.,"A",120,"D",.,"A",.,"A",.,"A",.,"A",.,"A",.,"A",.,"A",.,"A",.,"A",.,"A"
"20104",2273464,52,0,"1",.,"A",.,"A",.,"A",.,"A",.,"A",.,"A",.,"A",.,"A",42,"D",.,"A",.,"A",.,"A",130,"D",.,"A",.,"A"
"20104",2273473,47,0,"1",.,"A",.,"A",.,"A",52,"D",.,"A",.,"A",.,"A",.,"A",.,"A",.,"A",.,"A",.,"A",30,"D",.,"A",.,"A"
"20104",2273483,52,0,"1",.,"A",.,"A",.,"A",.,"A",.,"A",210,"D",.,"A",.,"A",.,"A",.,"A",.,"A",.,"A",700,"D",.,"A",.,"A"
"20104",2273504,37,0,"1",.,"A",.,"A",.,"A",.,"A",.,"A",.,"A",.,"A",.,"A",72,"D",.,"A",.,"A",.,"A",15,"D",.,"A",.,"A"
"20104",2273533,47,0,"1",.,"A",.,"A",40,"D",.,"A",.,"A",.,"A",.,"A",.,"A",27,"D",.,"A",.,"A",.,"A",300,"D",.,"A",.,"A"
"20104",2273544,51,0,"1",.,"A",.,"A",.,"A",.,"A",.,"A",.,"A",.,"A",.,"A",.,"A",.,"A",.,"A",.,"A",.,"A",.,"A",.,"A"
"20104",2273553,31,0,"1",.,"A",.,"A",.,"A",.,"A",15,"D",.,"A",.,"A",.,"A",.,"A",.,"A",.,"A",.,"A",.,"A",.,"A",.,"A"
"20104",2273574,52,0,"1",.,"A",.,"A",.,"A",.,"A",.,"A",.,"A",520,"D",.,"A",.,"A",.,"A",.,"A",.,"A",.,"A",.,"A",.,"A"
"20104",2273583,75,0,"1",.,"A",.,"A",.,"A",.,"A",.,"A",.,"A",.,"A",.,"A",.,"A",.,"A",.,"A",.,"A",120,"D",.,"A",.,"A"
"20104",2273604,56,0,"1",.,"A",.,"A",.,"A",.,"A",.,"A",.,"A",.,"A",.,"A",.,"A",.,"A",.,"A",.,"A",.,"A",.,"A",.,"A"
"20104",2273614,37,0,"1",.,"A",.,"A",.,"A",.,"A",.,"A",.,"A",.,"A",.,"A",.,"A",.,"A",.,"A",.,"A",120,"D",.,"A",.,"A"
"20104",2273623,37,0,"1",.,"A",.,"A",.,"A",.,"A",.,"A",.,"A",.,"A",.,"A",.,"A",.,"A",.,"A",.,"A",.,"A",.,"A",.,"A"
"20104",2273643,81,0,"1",.,"A",125,"D",.,"A",.,"A",.,"A",175,"D",.,"A",.,"A",.,"A",.,"A",.,"A",.,"A",300,"D",.,"A",.,"A"
"20104",2273654,99,0,"1",.,"A",.,"A",.,"A",.,"A",.,"A",.,"A",520,"D",.,"A",30,"D",.,"A",.,"A",.,"A",480,"D",.,"A",.,"A"
"20104",2273664,33,0,"1",.,"A",.,"A",.,"A",.,"A",150,"D",.,"A",.,"A",.,"A",.,"A",960,"D",0,"D",0,"D",40,"D",320,"D",.,"A"
"20104",2273674,74,0,"1",.,"A",.,"A",.,"A",.,"A",.,"A",200,"D",.,"A",.,"A",.,"A",.,"A",.,"A",.,"A",400,"D",.,"A",.,"A"
"20104",2273703,24,0,"1",.,"A",.,"A",.,"A",.,"A",60,"D",.,"A",.,"A",.,"A",.,"A",258,"D",0,"D",0,"D",120,"D",86,"D",75,"D"
"20104",2273723,29,0,"1",.,"A",.,"A",.,"A",.,"A",.,"A",.,"A",.,"A",.,"A",.,"A",.,"A",.,"A",.,"A",30,"D",.,"A",.,"A"
"20104",2273733,36,0,"1",.,"A",.,"A",.,"A",.,"A",.,"A",.,"A",.,"A",.,"A",.,"A",.,"A",.,"A",.,"A",.,"A",.,"A",.,"A"
"20104",2273743,70,0,"1",.,"A",.,"A",.,"A",.,"A",.,"A",.,"A",.,"A",.,"A",.,"A",.,"A",.,"A",.,"A",40,"D",.,"A",.,"A"
"20104",2273754,28,0,"1",.,"A",.,"A",.,"A",.,"A",50,"D",.,"A",.,"A",.,"A",.,"A",267,"D",0,"D",0,"D",.,"A",89,"D",.,"A"
"20104",2273773,79,0,"1",.,"A",.,"A",.,"A",.,"A",.,"A",.,"A",910,"D",39,"D",.,"A",.,"A",.,"A",.,"A",75,"D",.,"A",.,"A"
"20104",2273784,43,0,"1",.,"A",.,"A",.,"A",.,"A",.,"A",.,"A",.,"A",.,"A",.,"A",.,"A",.,"A",.,"A",50,"D",.,"A",.,"A"
"20104",2273793,59,0,"1",.,"A",.,"A",.,"A",.,"A",.,"A",.,"A",.,"A",.,"A",.,"A",.,"A",.,"A",.,"A",105,"D",.,"A",.,"A"
"20104",2273833,66,0,"1",.,"A",.,"A",.,"A",.,"A",.,"A",.,"A",.,"A",.,"A",.,"A",.,"A",.,"A",.,"A",200,"D",.,"A",.,"A"
"20104",2273844,26,0,"1",.,"A",.,"A",.,"A",.,"A",.,"A",.,"A",.,"A",.,"A",.,"A",.,"A",.,"A",.,"A",.,"A",.,"A",.,"A"
"20104",2273864,52,0,"1",.,"A",.,"A",.,"A",.,"A",.,"A",.,"A",975,"D",.,"A",.,"A",.,"A",.,"A",.,"A",.,"A",.,"A",.,"A"
"20104",2273873,37,0,"1",.,"A",20,"D",.,"A",.,"A",.,"A",0,"D",.,"A",.,"A",.,"A",.,"A",.,"A",.,"A",20,"D",.,"A",.,"A"
"20104",2273944,89,0,"1",.,"A",.,"A",45,"D",.,"A",.,"A",.,"A",.,"A",.,"A",.,"A",.,"A",.,"A",.,"A",96,"D",.,"A",.,"A"
"20104",2273954,63,0,"1",.,"A",.,"A",.,"A",.,"A",.,"A",150,"D",.,"A",.,"A",45,"D",.,"A",.,"A",.,"A",120,"D",.,"A",.,"A"
"20104",2273963,53,0,"1",.,"A",.,"A",.,"A",.,"A",.,"A",120,"D",.,"A",.,"A",.,"A",.,"A",.,"A",.,"A",60,"D",.,"A",.,"A"
"20104",2273973,33,0,"1",.,"A",.,"A",.,"A",.,"A",45,"D",.,"A",.,"A",.,"A",.,"A",72,"D",0,"D",0,"D",.,"A",24,"D",.,"A"
"20104",2273994,70,0,"1",.,"A",.,"A",.,"A",.,"A",.,"A",.,"A",.,"A",.,"A",.,"A",.,"A",.,"A",.,"A",205,"D",.,"A",.,"A"
"20104",2274064,58,0,"1",.,"A",.,"A",.,"A",.,"A",.,"A",60,"D",.,"A",.,"A",.,"A",.,"A",.,"A",.,"A",.,"A",.,"A",.,"A"
"20104",2274073,44,0,"1",.,"A",.,"A",.,"A",.,"A",.,"A",.,"A",.,"A",.,"A",.,"A",.,"A",.,"A",.,"A",180,"D",.,"A",.,"A"
"20104",2274103,23,0,"1",.,"A",.,"A",.,"A",.,"A",.,"A",.,"A",.,"A",.,"A",.,"A",.,"A",.,"A",.,"A",.,"A",.,"A",.,"A"
"20104",2274124,51,0,"1",.,"A",.,"A",.,"A",.,"A",.,"A",.,"A",910,"D",.,"A",.,"A",.,"A",.,"A",.,"A",.,"A",.,"A",.,"A"
"20104",2274134,70,0,"1",.,"A",.,"A",.,"A",.,"A",.,"A",90,"D",.,"A",.,"A",.,"A",.,"A",.,"A",.,"A",180,"D",.,"A",.,"A"
"20104",2274193,38,0,"1",.,"A",.,"A",.,"A",.,"A",.,"A",.,"A",.,"A",.,"A",.,"A",.,"A",.,"A",.,"A",50,"D",.,"A",.,"A"
"20104",2274204,57,0,"1",.,"A",.,"A",.,"A",.,"A",.,"A",.,"A",520,"D",.,"A",.,"A",.,"A",.,"A",.,"A",75,"D",.,"A",.,"A"
"20104",2274254,34,0,"1",.,"A",.,"A",.,"A",.,"A",.,"A",.,"A",.,"A",.,"A",.,"A",.,"A",.,"A",.,"A",.,"A",.,"A",.,"A"
"20104",2274274,53,0,"1",.,"A",.,"A",.,"A",.,"A",.,"A",.,"A",.,"A",.,"A",.,"A",.,"A",.,"A",.,"A",270,"D",.,"A",.,"A"
"20104",2274284,48,0,"1",.,"A",.,"A",.,"A",.,"A",.,"A",.,"A",.,"A",.,"A",.,"A",.,"A",.,"A",.,"A",30,"D",.,"A",.,"A"
"20104",2274324,53,0,"1",.,"A",.,"A",.,"A",.,"A",.,"A",.,"A",.,"A",.,"A",.,"A",.,"A",.,"A",.,"A",54,"D",.,"A",.,"A"
"20104",2274333,48,0,"1",.,"A",.,"A",.,"A",.,"A",.,"A",.,"A",.,"A",.,"A",.,"A",.,"A",.,"A",.,"A",45,"D",.,"A",.,"A"
"20104",2274353,54,0,"1",.,"A",.,"A",.,"A",.,"A",.,"A",75,"D",.,"A",.,"A",.,"A",.,"A",.,"A",.,"A",100,"D",.,"A",.,"A"
"20104",2274414,62,0,"1",.,"A",.,"A",.,"A",.,"A",.,"A",75,"D",91,"D",.,"A",.,"A",.,"A",.,"A",.,"A",60,"D",.,"A",.,"A"
"20104",2274433,47,0,"1",.,"A",.,"A",.,"A",.,"A",.,"A",.,"A",.,"A",.,"A",.,"A",.,"A",.,"A",.,"A",50,"D",.,"A",.,"A"
"20104",2274443,102,0,"1",.,"A",.,"A",.,"A",.,"A",.,"A",80,"D",.,"A",13,"D",.,"A",.,"A",.,"A",.,"A",245,"D",.,"A",.,"A"
"20104",2274453,35,0,"1",.,"A",.,"A",.,"A",.,"A",.,"A",.,"A",.,"A",.,"A",.,"A",.,"A",.,"A",.,"A",180,"D",.,"A",.,"A"
"20104",2274464,27,0,"1",.,"A",.,"A",.,"A",.,"A",60,"D",.,"A",.,"A",.,"A",.,"A",.,"A",.,"A",.,"A",.,"A",.,"A",.,"A"
"20104",2274484,63,0,"1",.,"A",.,"A",.,"A",.,"A",.,"A",.,"A",650,"D",130,"D",.,"A",.,"A",.,"A",.,"A",60,"D",.,"A",.,"A"
"20104",2274494,39,0,"1",.,"A",.,"A",.,"A",.,"A",.,"A",.,"A",.,"A",.,"A",.,"A",.,"A",.,"A",.,"A",.,"A",.,"A",.,"A"
"20104",2274504,37,0,"1",.,"A",.,"A",.,"A",.,"A",.,"A",.,"A",.,"A",.,"A",.,"A",.,"A",.,"A",.,"A",.,"A",.,"A",.,"A"
"20104",2274553,46,0,"1",.,"A",.,"A",.,"A",.,"A",48,"D",.,"A",117,"D",.,"A",.,"A",.,"A",.,"A",.,"A",24,"D",.,"A",.,"A"
"20104",2274563,54,0,"1",.,"A",.,"A",.,"A",.,"A",.,"A",40,"D",.,"A",.,"A",12,"D",.,"A",.,"A",.,"A",40,"D",.,"A",.,"A"
"20104",2274594,35,0,"1",.,"A",.,"A",.,"A",.,"A",6,"D",.,"A",.,"A",.,"A",.,"A",.,"A",.,"A",.,"A",15,"D",.,"A",.,"A"
"20104",2274634,65,0,"1",.,"A",.,"A",.,"A",.,"A",.,"A",144,"F",.,"A",.,"A",.,"A",.,"A",.,"A",.,"A",200,"F",.,"A",.,"A"
"20104",2274683,37,0,"1",.,"A",.,"A",.,"A",.,"A",.,"A",.,"A",.,"A",.,"A",24,"D",.,"A",.,"A",.,"A",13,"D",.,"A",.,"A"
"20104",2274693,51,0,"1",.,"A",.,"A",.,"A",.,"A",80,"D",.,"A",.,"A",.,"A",.,"A",.,"A",.,"A",.,"A",100,"D",.,"A",.,"A"
"20104",2274713,73,0,"1",.,"A",.,"A",.,"A",.,"A",.,"A",.,"A",.,"A",.,"A",.,"A",.,"A",.,"A",.,"A",200,"D",.,"A",.,"A"
"20104",2274733,57,0,"1",.,"A",.,"A",.,"A",.,"A",1,"D",.,"A",78,"D",.,"A",.,"A",.,"A",.,"A",.,"A",.,"A",.,"A",.,"A"
"20104",2274744,24,0,"1",.,"A",.,"A",.,"A",.,"A",.,"A",.,"A",.,"A",.,"A",.,"A",.,"A",.,"A",.,"A",.,"A",.,"A",.,"A"
"20104",2274763,60,0,"1",.,"A",.,"A",.,"A",.,"A",.,"A",.,"A",.,"A",.,"A",.,"A",.,"A",.,"A",.,"A",.,"A",.,"A",.,"A"
"20104",2274773,43,0,"1",.,"A",.,"A",.,"A",.,"A",.,"A",.,"A",.,"A",.,"A",.,"A",.,"A",.,"A",.,"A",.,"A",.,"A",.,"A"
"20104",2274794,27,0,"1",.,"A",.,"A",.,"A",.,"A",30,"D",.,"A",.,"A",.,"A",.,"A",.,"A",.,"A",.,"A",.,"A",.,"A",.,"A"
"20104",2274803,41,0,"1",.,"A",.,"A",.,"A",.,"A",.,"A",.,"A",.,"A",.,"A",.,"A",.,"A",.,"A",.,"A",40,"D",.,"A",.,"A"
"20104",2274823,45,0,"1",6,"D",.,"A",.,"A",.,"A",30,"D",.,"A",.,"A",.,"A",105,"D",240,"D",240,"D",0,"D",.,"A",80,"D",.,"A"
"20104",2274833,23,0,"1",.,"A",.,"A",.,"A",.,"A",.,"A",.,"A",.,"A",.,"A",.,"A",.,"A",.,"A",.,"A",.,"A",.,"A",.,"A"
"20104",2274843,57,0,"1",.,"A",.,"A",.,"A",.,"A",.,"A",15,"D",.,"A",.,"A",.,"A",.,"A",.,"A",.,"A",180,"D",.,"A",.,"A"
"20104",2274853,49,0,"1",.,"A",.,"A",.,"A",.,"A",.,"A",.,"A",.,"A",.,"A",.,"A",.,"A",.,"A",.,"A",15,"D",.,"A",.,"A"
"20104",2274874,44,0,"1",.,"A",.,"A",.,"A",.,"A",.,"A",.,"A",.,"A",.,"A",.,"A",.,"A",.,"A",.,"A",.,"A",.,"A",.,"A"
"20104",2274893,38,0,"1",40,"D",.,"A",.,"A",15,"D",80,"D",75,"D",.,"A",.,"A",.,"A",258,"D",0,"D",0,"D",65,"F",86,"D",.,"A"
"20104",2274903,39,0,"1",.,"A",.,"A",.,"A",.,"A",.,"A",.,"A",.,"A",.,"A",.,"A",.,"A",.,"A",.,"A",153,"D",.,"A",.,"A"
"20104",2274914,44,0,"1",.,"A",.,"A",.,"A",.,"A",.,"A",.,"A",.,"A",.,"A",.,"A",.,"A",.,"A",.,"A",.,"A",.,"A",.,"A"
"20104",2274943,61,0,"1",.,"A",.,"A",.,"A",.,"A",.,"A",.,"A",.,"A",65,"D",.,"A",.,"A",.,"A",.,"A",20,"D",.,"A",.,"A"
"20104",2274955,63,0,"1",.,"A",.,"A",.,"A",.,"A",.,"A",.,"A",.,"A",.,"A",.,"A",.,"A",.,"A",.,"A",.,"A",.,"A",.,"A"
"20104",2274974,43,0,"1",.,"A",.,"A",.,"A",.,"A",.,"A",.,"A",260,"D",.,"A",.,"A",.,"A",.,"A",.,"A",.,"A",.,"A",.,"A"
"20104",2274994,33,0,"1",.,"A",.,"A",.,"A",.,"A",.,"A",.,"A",.,"A",.,"A",.,"A",.,"A",.,"A",.,"A",36,"D",.,"A",.,"A"
"20104",2275004,83,0,"1",.,"A",.,"A",.,"A",.,"A",.,"A",.,"A",.,"A",.,"A",.,"A",.,"A",.,"A",.,"A",.,"A",.,"A",.,"A"
"20104",2275013,42,0,"1",.,"A",.,"A",.,"A",.,"A",.,"A",50,"D",.,"A",.,"A",.,"A",.,"A",.,"A",.,"A",.,"A",.,"A",.,"A"
"20104",2275023,24,0,"1",.,"A",.,"A",.,"A",.,"A",.,"A",.,"A",.,"A",.,"A",.,"A",.,"A",.,"A",.,"A",30,"D",.,"A",.,"A"
"20104",2275033,34,0,"1",.,"A",.,"A",.,"A",.,"A",.,"A",.,"A",.,"A",.,"A",.,"A",.,"A",.,"A",.,"A",.,"A",.,"A",.,"A"
"20104",2275044,52,0,"1",.,"A",.,"A",.,"A",.,"A",80,"D",.,"A",.,"A",.,"A",.,"A",.,"A",.,"A",.,"A",20,"D",.,"A",.,"A"
"20104",2275053,26,0,"1",.,"A",.,"A",.,"A",250,"F",.,"A",.,"A",.,"A",.,"A",.,"A",150,"F",0,"D",0,"D",.,"A",.,"C",.,"A"
"20104",2275133,41,0,"1",.,"A",.,"A",.,"A",.,"A",.,"A",.,"A",.,"A",.,"A",.,"A",.,"A",.,"A",.,"A",.,"A",.,"A",.,"A"
"20104",2275144,25,0,"1",.,"A",.,"A",.,"A",.,"A",14,"D",.,"A",.,"A",.,"A",.,"A",.,"A",.,"A",.,"A",.,"A",.,"A",.,"A"
"20104",2275153,56,0,"1",.,"A",.,"A",.,"A",.,"A",.,"A",80,"D",.,"A",.,"A",.,"A",.,"A",.,"A",.,"A",450,"D",.,"A",.,"A"
"20104",2275163,33,0,"1",.,"A",.,"A",.,"A",.,"A",100,"D",.,"A",.,"A",.,"A",.,"A",.,"A",.,"A",.,"A",.,"A",.,"A",.,"A"
"20104",2275223,31,0,"1",.,"A",.,"A",.,"A",.,"A",.,"A",.,"A",.,"A",.,"A",.,"A",.,"A",.,"A",.,"A",.,"A",.,"A",.,"A"
"20104",2275253,68,0,"1",.,"A",.,"A",.,"A",.,"A",.,"A",.,"A",130,"D",.,"A",.,"A",.,"A",.,"A",.,"A",.,"A",.,"A",.,"A"
"20104",2275274,44,0,"1",.,"A",.,"A",.,"A",.,"A",.,"A",.,"A",.,"A",.,"A",.,"A",.,"A",.,"A",.,"A",100,"D",.,"A",.,"A"
"20104",2275304,41,0,"1",.,"A",.,"A",.,"A",.,"A",.,"A",.,"A",.,"A",.,"A",.,"A",255,"D",0,"D",0,"D",375,"D",85,"D",.,"A"
"20104",2275314,28,0,"1",.,"A",.,"A",.,"A",.,"A",24,"D",.,"A",.,"A",.,"A",.,"A",0,"D",0,"D",60,"D",24,"D",0,"D",.,"A"
"20104",2275323,41,0,"1",.,"A",.,"A",.,"A",.,"A",.,"A",.,"A",910,"D",.,"A",.,"A",.,"A",.,"A",.,"A",.,"A",.,"A",.,"A"
"20104",2275333,90,0,"1",.,"A",.,"A",.,"A",.,"A",.,"A",30,"D",.,"A",.,"A",.,"A",.,"A",.,"A",.,"A",50,"D",.,"A",.,"A"
"20104",2275424,42,0,"1",.,"A",.,"A",.,"A",.,"A",.,"A",.,"A",.,"A",.,"A",.,"A",.,"A",.,"A",.,"A",250,"D",.,"A",.,"A"
"20104",2275464,34,0,"1",.,"A",.,"A",.,"A",.,"A",.,"A",.,"A",.,"A",.,"A",.,"A",.,"A",.,"A",.,"A",.,"A",.,"A",.,"A"
"20104",2275485,43,0,"1",.,"A",.,"A",.,"A",.,"A",.,"A",.,"A",.,"A",.,"A",.,"A",.,"A",.,"A",.,"A",.,"A",.,"A",.,"A"
"20104",2275494,45,0,"1",.,"A",.,"A",.,"A",.,"A",.,"A",.,"A",.,"A",.,"A",.,"A",.,"A",.,"A",.,"A",150,"D",.,"A",.,"A"
"20104",2275504,48,0,"1",.,"A",.,"A",.,"A",.,"A",.,"A",.,"A",.,"A",.,"A",.,"A",.,"A",.,"A",.,"A",15,"D",.,"A",.,"A"
"20104",2275514,32,0,"1",.,"A",.,"A",.,"A",.,"A",.,"A",.,"A",.,"A",.,"A",.,"A",288,"D",0,"D",0,"D",.,"A",96,"D",.,"A"
"20104",2275543,51,0,"1",.,"A",.,"A",.,"A",.,"A",.,"A",.,"A",.,"A",.,"A",.,"A",30,"D",0,"D",0,"D",80,"D",10,"D",.,"A"
"20104",2275553,30,0,"1",.,"A",.,"A",.,"A",.,"A",.,"A",.,"A",.,"A",.,"A",.,"A",.,"A",.,"A",.,"A",30,"D",.,"A",.,"A"
"20104",2275593,38,0,"1",.,"A",.,"A",.,"A",.,"A",.,"A",.,"A",.,"A",.,"A",.,"A",.,"A",.,"A",.,"A",.,"A",.,"A",.,"A"
"20104",2275613,42,0,"1",.,"A",.,"A",.,"A",.,"A",.,"A",.,"A",.,"A",.,"A",.,"A",.,"A",.,"A",.,"A",.,"A",.,"A",.,"A"
"20104",2275624,69,0,"1",.,"A",.,"A",.,"A",.,"A",.,"A",.,"A",.,"A",.,"A",.,"A",.,"A",.,"A",.,"A",140,"D",.,"A",.,"A"
"20104",2275634,55,0,"1",.,"A",.,"A",.,"A",.,"A",.,"A",40,"D",.,"A",.,"A",.,"A",.,"A",.,"A",.,"A",10,"D",.,"A",.,"A"
"20104",2275724,66,0,"1",.,"A",.,"A",.,"A",.,"A",.,"A",.,"A",.,"A",.,"A",.,"A",.,"A",.,"A",.,"A",115,"D",.,"A",.,"A"
"20104",2275754,24,0,"1",.,"A",.,"A",.,"A",.,"A",360,"D",.,"A",.,"A",.,"A",.,"A",324,"D",0,"D",0,"D",.,"A",108,"D",.,"A"
"20104",2275783,33,0,"1",.,"A",.,"A",.,"A",.,"A",.,"A",.,"A",.,"A",.,"A",.,"A",.,"A",.,"A",.,"A",.,"A",.,"A",.,"A"
"20104",2275794,44,0,"1",.,"A",.,"A",.,"A",.,"A",.,"A",.,"A",910,"D",.,"A",.,"A",.,"A",.,"A",.,"A",90,"D",.,"A",.,"A"
"20104",2275804,62,0,"1",.,"A",.,"A",.,"A",.,"A",23,"D",25,"D",.,"A",.,"A",.,"A",135,"D",0,"D",0,"D",80,"D",45,"D",.,"A"
"20104",2275823,44,0,"1",.,"A",.,"A",.,"A",.,"A",.,"A",.,"A",.,"A",.,"A",.,"A",.,"A",.,"A",.,"A",35,"D",.,"A",.,"A"
"20104",2275834,32,0,"1",.,"A",.,"A",.,"A",.,"A",.,"A",.,"A",.,"A",.,"A",.,"A",.,"A",.,"A",.,"A",.,"A",.,"A",.,"A"
"20104",2275863,49,0,"1",.,"A",.,"A",.,"A",.,"A",.,"A",.,"A",.,"A",.,"A",.,"A",.,"A",.,"A",.,"A",.,"A",.,"A",.,"A"
"20104",2275873,70,0,"1",.,"A",.,"A",.,"A",.,"A",.,"A",.,"A",.,"A",.,"A",.,"A",.,"A",.,"A",.,"A",250,"D",.,"A",.,"A"
"20104",2275893,69,0,"1",.,"A",.,"A",.,"A",.,"A",.,"A",.,"A",.,"A",.,"A",30,"D",.,"A",.,"A",.,"A",.,"A",.,"A",.,"A"
"20104",2275934,55,0,"1",.,"A",.,"A",.,"A",.,"A",.,"A",.,"A",650,"D",.,"A",.,"A",.,"A",.,"A",.,"A",241,"D",.,"A",.,"A"
"20104",2275945,47,0,"1",.,"A",.,"A",.,"A",.,"A",.,"A",70,"D",.,"A",.,"A",.,"A",300,"D",0,"D",0,"D",300,"D",100,"D",.,"A"
"20104",2275953,23,0,"1",.,"A",.,"A",.,"A",.,"A",10,"D",.,"A",.,"A",.,"A",.,"A",.,"A",.,"A",.,"A",150,"D",.,"A",.,"A"
"20104",2276034,40,0,"1",.,"A",.,"A",.,"A",.,"A",.,"A",.,"A",.,"A",.,"A",.,"A",.,"A",.,"A",.,"A",.,"A",.,"A",.,"A"
"20104",2276044,41,0,"1",.,"A",.,"A",.,"A",.,"A",.,"A",30,"D",.,"A",.,"A",.,"A",.,"A",.,"A",.,"A",135,"D",.,"A",.,"A"
"20104",2276054,55,0,"1",.,"A",.,"A",.,"A",.,"A",.,"A",.,"A",.,"A",.,"A",.,"A",.,"A",.,"A",.,"A",15,"D",.,"A",.,"A"
"20104",2276074,38,0,"1",.,"A",.,"A",.,"A",.,"A",.,"A",.,"A",.,"A",.,"A",.,"A",.,"A",.,"A",.,"A",.,"A",.,"A",.,"A"
"20104",2276123,66,0,"1",.,"A",.,"A",.,"A",.,"A",.,"A",.,"A",.,"A",.,"A",.,"A",.,"A",.,"A",.,"A",175,"D",.,"A",.,"A"
"20104",2276134,47,0,"1",.,"A",.,"A",.,"A",.,"A",.,"A",.,"A",.,"A",.,"A",.,"A",.,"A",.,"A",.,"A",.,"A",.,"A",.,"A"
"20104",2276153,33,0,"1",.,"A",.,"A",.,"A",.,"A",36,"D",.,"A",.,"A",.,"A",.,"A",90,"D",90,"D",0,"D",.,"A",30,"D",.,"A"
"20104",2276183,39,0,"1",.,"A",.,"A",.,"A",.,"A",.,"A",.,"A",.,"A",156,"D",.,"A",.,"A",.,"A",.,"A",.,"A",.,"A",.,"A"
"20104",2276203,62,0,"1",.,"A",.,"A",16,"F",.,"A",.,"A",.,"A",.,"A",.,"A",.,"A",.,"A",.,"A",.,"A",35,"D",.,"A",.,"A"
"20104",2276224,70,0,"1",.,"A",.,"A",.,"A",30,"D",.,"A",90,"D",.,"A",.,"A",.,"A",.,"A",.,"A",.,"A",120,"D",.,"A",.,"A"
"20104",2276234,44,0,"1",.,"A",.,"A",.,"A",.,"A",.,"A",.,"A",585,"D",.,"A",.,"A",.,"A",.,"A",.,"A",.,"A",.,"A",.,"A"
"20104",2276243,56,0,"1",.,"A",.,"A",.,"A",.,"A",.,"A",.,"A",2275,"D",.,"A",.,"A",.,"A",.,"A",.,"A",.,"A",.,"A",.,"A"
"20104",2276263,109,0,"1",80,"D",.,"A",.,"A",.,"A",0,"D",.,"A",.,"A",.,"A",.,"A",.,"A",.,"A",.,"A",300,"D",.,"A",.,"A"
"20104",2276274,33,0,"1",.,"A",.,"A",.,"A",.,"A",.,"A",.,"A",.,"A",.,"A",.,"A",.,"A",.,"A",.,"A",80,"D",.,"A",.,"A"
"20104",2276283,30,0,"1",.,"A",.,"A",.,"A",.,"A",.,"A",.,"A",.,"A",.,"A",.,"A",.,"A",.,"A",.,"A",80,"D",.,"A",.,"A"
"20104",2276333,45,0,"1",.,"A",.,"A",.,"A",.,"A",.,"A",.,"A",.,"A",.,"A",.,"A",.,"A",.,"A",.,"A",111,"D",.,"A",.,"A"
"20104",2276363,38,0,"1",.,"A",.,"A",.,"A",.,"A",36,"D",.,"A",195,"D",65,"D",.,"A",.,"A",.,"A",.,"A",35,"D",.,"A",.,"A"
"20104",2276413,46,0,"1",.,"A",.,"A",.,"A",.,"A",15,"D",45,"D",.,"A",.,"A",.,"A",.,"A",.,"A",.,"A",80,"D",.,"A",.,"A"
"20104",2276433,42,0,"1",.,"A",.,"A",.,"A",.,"A",.,"A",.,"A",429,"D",.,"A",.,"A",.,"A",.,"A",.,"A",.,"A",.,"A",.,"A"
"20104",2276483,30,0,"1",.,"A",.,"A",.,"A",.,"A",125,"D",.,"A",.,"A",.,"A",.,"A",.,"A",.,"A",.,"A",100,"D",.,"A",.,"A"
"20104",2276505,38,0,"1",.,"A",.,"A",.,"A",.,"A",15,"D",.,"A",169,"D",.,"A",.,"A",.,"A",.,"A",.,"A",10,"D",.,"A",.,"A"
"20104",2276514,49,0,"1",.,"A",.,"A",.,"A",.,"A",.,"A",.,"A",715,"D",.,"A",.,"A",.,"A",.,"A",.,"A",65,"D",.,"A",.,"A"
"20104",2276523,58,0,"1",.,"A",.,"A",.,"A",.,"A",.,"A",240,"D",.,"A",.,"A",.,"A",.,"A",.,"A",.,"A",600,"D",.,"A",.,"A"
"20104",2276544,66,0,"1",.,"A",.,"A",.,"A",.,"A",.,"A",.,"A",.,"A",.,"A",30,"D",.,"A",.,"A",.,"A",100,"D",.,"A",.,"A"
"20104",2276564,42,0,"1",.,"A",.,"A",.,"A",.,"A",.,"A",.,"A",.,"A",.,"A",.,"A",.,"A",.,"A",.,"A",30,"D",.,"A",.,"A"
"20104",2276605,32,0,"1",.,"A",.,"A",.,"A",.,"A",.,"A",.,"A",325,"D",.,"A",.,"A",.,"A",.,"A",.,"A",22,"D",.,"A",.,"A"
"20104",2276614,46,0,"1",.,"A",.,"A",.,"A",.,"A",.,"A",.,"A",.,"A",.,"A",.,"A",.,"A",.,"A",.,"A",60,"D",.,"A",.,"A"
"20104",2276645,47,0,"1",.,"A",.,"A",.,"A",.,"A",.,"A",.,"A",260,"D",.,"A",30,"D",.,"A",.,"A",.,"A",25,"D",.,"A",.,"A"
"20104",2276653,65,0,"1",.,"A",.,"A",.,"A",.,"A",.,"A",20,"D",.,"A",.,"A",.,"A",60,"F",240,"D",0,"D",400,"D",.,"C",.,"A"
"20104",2276664,52,0,"1",.,"A",.,"A",.,"A",.,"A",.,"A",30,"D",.,"A",.,"A",.,"A",.,"A",.,"A",.,"A",80,"D",.,"A",.,"A"
"20104",2276683,53,0,"1",.,"A",.,"A",75,"D",.,"A",.,"A",.,"A",.,"A",.,"A",.,"A",.,"A",.,"A",.,"A",.,"A",.,"A",.,"A"
"20104",2276713,70,0,"1",.,"A",.,"A",.,"A",.,"A",.,"A",.,"A",.,"A",.,"A",.,"A",.,"A",.,"A",.,"A",150,"D",.,"A",.,"A"
"20104",2276723,32,0,"1",.,"A",.,"A",.,"A",.,"A",.,"A",.,"A",.,"A",.,"A",.,"A",.,"A",.,"A",.,"A",.,"A",.,"A",.,"A"
"20104",2276754,27,0,"1",.,"A",.,"A",.,"A",.,"A",.,"A",.,"A",.,"A",.,"A",.,"A",.,"A",.,"A",.,"A",.,"A",.,"A",.,"A"
"20104",2276764,51,0,"1",.,"A",.,"A",.,"A",.,"A",.,"A",.,"A",.,"A",13,"D",.,"A",.,"A",.,"A",.,"A",.,"A",.,"A",.,"A"
"20104",2276775,31,0,"1",24,"D",.,"A",.,"A",60,"D",24,"D",.,"A",.,"A",.,"A",.,"A",.,"A",.,"A",.,"A",.,"A",.,"A",.,"A"
"20104",2276793,51,0,"1",.,"A",.,"A",.,"A",.,"A",.,"A",.,"A",312,"D",.,"A",.,"A",.,"A",.,"A",.,"A",.,"A",.,"A",.,"A"
"20104",2276854,36,0,"1",.,"A",.,"A",.,"A",.,"A",25,"D",50,"D",.,"A",.,"A",.,"A",.,"A",.,"A",.,"A",30,"D",.,"A",.,"A"
"20104",2276904,50,0,"1",.,"A",.,"A",.,"A",.,"A",.,"A",.,"A",234,"D",.,"A",.,"A",.,"A",.,"A",.,"A",.,"A",.,"A",.,"A"
"20104",2276913,57,0,"1",.,"A",.,"A",.,"A",.,"A",.,"A",.,"A",.,"A",.,"A",.,"A",.,"A",.,"A",.,"A",.,"A",.,"A",.,"A"
"20104",2276983,35,0,"1",.,"A",.,"A",.,"A",.,"A",.,"A",.,"A",.,"A",.,"A",.,"A",.,"A",.,"A",.,"A",.,"A",.,"A",.,"A"
"20104",2276993,67,0,"1",.,"A",.,"A",.,"A",.,"A",.,"A",.,"A",.,"A",520,"D",.,"A",.,"A",.,"A",.,"A",25,"F",.,"A",.,"A"
"20104",2277024,41,0,"1",.,"A",.,"A",.,"A",.,"A",.,"A",.,"A",.,"A",.,"A",150,"D",135,"D",0,"D",0,"D",.,"A",45,"D",.,"A"
"20104",2277074,37,0,"1",.,"A",.,"A",.,"A",.,"A",.,"A",.,"A",.,"A",.,"A",.,"A",.,"A",.,"A",.,"A",7,"D",.,"A",.,"A"
"20104",2277083,62,0,"1",.,"A",.,"A",.,"A",.,"A",.,"A",.,"A",.,"A",195,"D",.,"A",.,"A",.,"A",.,"A",60,"D",.,"A",.,"A"
"20104",2277093,60,0,"1",.,"A",.,"A",.,"A",.,"A",.,"A",70,"D",.,"A",.,"A",.,"A",.,"A",.,"A",.,"A",75,"D",.,"A",.,"A"
"20104",2277114,49,0,"1",.,"A",.,"A",.,"A",.,"A",.,"A",.,"A",.,"A",.,"A",.,"A",.,"A",.,"A",.,"A",.,"A",.,"A",.,"A"
"20104",2277184,50,0,"1",.,"A",.,"A",.,"A",.,"A",.,"A",.,"A",.,"A",.,"A",.,"A",.,"A",.,"A",.,"A",.,"A",.,"A",.,"A"
"20104",2277234,25,0,"1",.,"A",.,"A",.,"A",.,"A",30,"D",.,"A",.,"A",.,"A",.,"A",270,"D",0,"D",270,"D",39,"D",90,"D",.,"A"
"20104",2277243,81,0,"1",.,"A",.,"A",.,"A",.,"A",.,"A",75,"D",.,"A",.,"A",.,"A",.,"A",.,"A",.,"A",300,"D",.,"A",.,"A"
"20104",2277253,34,0,"1",.,"A",.,"A",.,"A",.,"A",.,"A",.,"A",.,"A",.,"A",15,"D",.,"A",.,"A",.,"A",.,"A",.,"A",.,"A"
"20104",2277274,63,0,"1",.,"A",.,"A",.,"A",.,"A",.,"A",.,"A",390,"D",.,"A",.,"A",.,"A",.,"A",.,"A",47,"D",.,"A",.,"A"
"20104",2277294,32,0,"1",.,"A",.,"A",.,"A",.,"A",.,"A",30,"D",.,"A",.,"A",.,"A",.,"A",.,"A",.,"A",.,"A",.,"A",.,"A"
"20104",2277303,64,0,"1",.,"A",.,"A",.,"A",.,"A",.,"A",.,"A",.,"A",.,"A",.,"A",.,"A",.,"A",.,"A",52,"D",.,"A",.,"A"
"20104",2277334,62,0,"1",.,"A",.,"A",.,"A",.,"A",.,"A",20,"D",.,"A",.,"A",.,"A",.,"A",.,"A",.,"A",300,"D",.,"A",.,"A"
"20104",2277344,47,0,"1",.,"A",.,"A",.,"A",.,"A",.,"A",.,"A",.,"A",.,"A",42,"D",.,"A",.,"A",.,"A",50,"D",.,"A",.,"A"
"20104",2277384,50,0,"1",.,"A",.,"A",.,"A",.,"A",.,"A",.,"A",.,"A",.,"A",.,"A",.,"A",.,"A",.,"A",.,"A",.,"A",.,"A"
"20104",2277394,66,0,"1",.,"A",.,"A",.,"A",.,"A",.,"A",150,"D",.,"A",.,"A",.,"A",.,"A",.,"A",.,"A",420,"D",.,"A",.,"A"
"20104",2277424,56,0,"1",.,"A",.,"A",.,"A",.,"A",.,"A",.,"A",.,"A",.,"A",15,"D",.,"A",.,"A",.,"A",.,"A",.,"A",.,"A"
"20104",2277434,45,0,"1",.,"A",.,"A",.,"A",.,"A",.,"A",.,"A",.,"A",.,"A",.,"A",.,"A",.,"A",.,"A",.,"A",.,"A",.,"A"
"20104",2277484,97,0,"1",.,"A",.,"A",.,"A",.,"A",.,"A",17,"D",.,"A",.,"A",0,"D",.,"A",.,"A",.,"A",17,"D",.,"A",.,"A"
"20104",2277494,25,0,"1",.,"A",.,"A",.,"A",.,"A",.,"A",.,"A",.,"A",.,"A",.,"A",.,"A",.,"A",.,"A",.,"A",.,"A",.,"A"
"20104",2277505,27,0,"1",10,"D",.,"A",.,"A",30,"D",10,"D",.,"A",.,"A",.,"A",.,"A",.,"A",.,"A",.,"A",.,"A",.,"A",.,"A"
"20104",2277514,65,0,"1",.,"A",.,"A",.,"A",.,"A",.,"A",.,"A",.,"A",.,"A",.,"A",.,"A",.,"A",.,"A",180,"D",.,"A",.,"A"
"20104",2277533,28,0,"1",.,"A",.,"A",.,"A",.,"A",120,"D",.,"A",455,"D",.,"A",24,"D",.,"A",.,"A",.,"A",.,"A",.,"A",.,"A"
"20104",2277543,32,0,"1",.,"A",.,"A",.,"A",.,"A",.,"A",.,"A",.,"A",.,"A",.,"A",.,"A",.,"A",.,"A",.,"A",.,"A",.,"A"
"20104",2277573,34,0,"1",60,"D",.,"A",.,"A",.,"A",120,"D",.,"A",.,"A",.,"A",.,"A",.,"A",.,"A",.,"A",.,"A",.,"A",.,"A"
"20104",2277593,44,0,"1",.,"A",.,"A",.,"A",.,"A",.,"A",.,"A",.,"A",.,"A",.,"A",.,"A",.,"A",.,"A",.,"A",.,"A",.,"A"
"20104",2277693,48,0,"1",.,"A",.,"A",.,"A",.,"A",.,"A",.,"A",.,"A",.,"A",.,"A",.,"A",.,"A",.,"A",.,"A",.,"A",.,"A"
"20104",2277713,48,0,"1",5,"D",.,"A",.,"A",.,"A",0,"D",.,"A",.,"A",.,"A",.,"A",.,"A",.,"A",.,"A",150,"D",.,"A",.,"A"
"20104",2277784,80,0,"1",.,"A",.,"A",.,"A",.,"A",.,"A",.,"A",.,"A",.,"A",.,"A",.,"A",.,"A",.,"A",.,"A",.,"A",.,"A"
"20104",2277814,75,0,"1",.,"A",.,"A",.,"A",.,"A",.,"A",.,"A",.,"A",.,"A",.,"A",.,"A",.,"A",.,"A",.,"A",.,"A",.,"A"
"20104",2277853,40,0,"1",.,"A",.,"A",.,"A",.,"A",.,"A",.,"A",650,"D",.,"A",.,"A",.,"A",.,"A",.,"A",.,"A",.,"A",.,"A"
"20104",2277903,61,0,"1",.,"A",.,"A",.,"A",.,"A",.,"A",.,"A",.,"A",.,"A",.,"A",.,"A",.,"A",.,"A",.,"A",.,"A",.,"A"
"20104",2277944,34,0,"1",.,"A",.,"A",.,"A",.,"A",.,"A",.,"A",.,"A",.,"A",.,"A",.,"A",.,"A",.,"A",138,"D",.,"A",.,"A"
"20104",2277974,61,0,"1",.,"A",.,"A",.,"A",.,"A",.,"A",.,"A",.,"A",.,"A",.,"A",.,"A",.,"A",.,"A",210,"D",.,"A",.,"A"
"20104",2277983,92,0,"1",.,"A",.,"A",.,"A",.,"A",.,"A",.,"A",195,"D",.,"A",.,"A",.,"A",.,"A",.,"A",60,"D",.,"A",.,"A"
"20104",2277994,32,0,"1",.,"A",.,"A",.,"A",.,"A",10,"D",.,"A",.,"A",.,"A",.,"A",.,"A",.,"A",.,"A",50,"D",.,"A",.,"A"
"20104",2278023,36,0,"1",.,"A",.,"A",.,"A",.,"A",.,"A",100,"D",.,"A",.,"A",.,"A",.,"A",.,"A",.,"A",150,"D",.,"A",.,"A"
"20104",2278044,41,0,"1",.,"A",.,"A",.,"A",.,"A",.,"A",.,"A",.,"A",.,"A",.,"A",.,"A",.,"A",.,"A",160,"D",.,"A",.,"A"
"20104",2278053,45,0,"1",.,"A",.,"A",.,"A",.,"A",.,"A",.,"A",.,"A",.,"A",.,"A",.,"A",.,"A",.,"A",100,"D",.,"A",.,"A"
"20104",2278104,64,0,"1",.,"A",.,"A",.,"A",.,"A",.,"A",.,"A",.,"A",.,"A",21,"D",.,"A",.,"A",.,"A",.,"A",.,"A",.,"A"
"20104",2278124,79,0,"1",.,"A",.,"A",.,"A",.,"A",.,"A",80,"D",.,"A",.,"A",.,"A",.,"A",.,"A",.,"A",60,"D",.,"A",.,"A"
"20104",2278144,65,0,"1",.,"A",.,"A",.,"A",.,"A",.,"A",.,"A",.,"A",.,"A",.,"A",.,"A",.,"A",.,"A",175,"D",.,"A",.,"A"
"20104",2278153,41,0,"1",.,"A",.,"A",.,"A",.,"A",.,"A",.,"A",.,"A",.,"A",.,"A",.,"A",.,"A",.,"A",125,"D",.,"A",.,"A"
"20104",2278193,67,0,"1",.,"A",.,"A",.,"A",.,"A",.,"A",.,"A",.,"A",.,"A",.,"A",.,"A",.,"A",.,"A",120,"D",.,"A",.,"A"
"20104",2278214,56,0,"1",.,"A",.,"A",.,"A",.,"A",.,"A",400,"D",.,"A",.,"A",.,"A",.,"A",.,"A",.,"A",15,"D",.,"A",.,"A"
"20104",2278224,40,0,"1",.,"A",.,"A",.,"A",.,"A",24,"D",.,"A",.,"A",.,"A",.,"A",.,"A",.,"A",.,"A",.,"A",.,"A",.,"A"
"20104",2278253,92,0,"1",.,"A",.,"A",.,"A",.,"A",.,"A",75,"D",.,"A",390,"D",.,"A",.,"A",.,"A",.,"A",170,"D",.,"A",.,"A"
"20104",2278273,64,0,"1",.,"A",.,"A",.,"A",.,"A",.,"A",.,"A",.,"A",.,"A",.,"A",.,"A",.,"A",.,"A",30,"D",.,"A",.,"A"
"20104",2278324,54,0,"1",.,"A",.,"A",.,"A",.,"A",.,"A",.,"A",546,"D",.,"A",12,"D",.,"A",.,"A",.,"A",.,"A",.,"A",.,"A"
"20104",2278334,30,0,"1",.,"A",.,"A",.,"A",.,"A",80,"D",.,"A",.,"A",.,"A",.,"A",.,"A",.,"A",.,"A",.,"A",.,"A",.,"A"
"20104",2278344,42,0,"1",.,"A",.,"A",.,"A",.,"A",.,"A",.,"A",.,"A",.,"A",.,"A",.,"A",.,"A",.,"A",.,"A",.,"A",.,"A"
"20104",2278354,43,0,"1",12,"D",.,"A",.,"A",.,"A",0,"D",.,"A",455,"D",.,"A",24,"D",.,"A",.,"A",.,"A",.,"A",.,"A",.,"A"
"20104",2278363,59,0,"1",.,"A",.,"A",.,"A",.,"A",.,"A",.,"A",.,"A",.,"A",.,"A",.,"A",.,"A",.,"A",189,"D",.,"A",.,"A"
"20104",2278404,87,0,"1",.,"A",.,"A",.,"A",.,"A",.,"A",.,"A",.,"A",156,"D",.,"A",.,"A",.,"A",.,"A",200,"D",.,"A",.,"A"
"20104",2278415,44,0,"1",.,"A",.,"A",.,"A",.,"A",40,"D",.,"A",.,"A",.,"A",.,"A",.,"A",.,"A",.,"A",.,"A",.,"A",.,"A"
"20104",2278424,59,0,"1",.,"A",.,"A",.,"A",.,"A",.,"A",.,"A",.,"A",.,"A",.,"A",.,"A",.,"A",.,"A",45,"D",.,"A",.,"A"
"20104",2278433,31,0,"1",.,"A",.,"A",.,"A",.,"A",.,"A",.,"A",.,"A",.,"A",.,"A",.,"A",.,"A",.,"A",.,"A",.,"A",.,"A"
"20104",2278463,58,0,"1",.,"A",.,"A",.,"A",.,"A",.,"A",.,"A",650,"D",.,"A",.,"A",.,"A",.,"A",.,"A",.,"A",.,"A",.,"A"
"20104",2278484,42,0,"1",.,"A",.,"A",.,"A",.,"A",.,"A",.,"A",1274,"F",.,"A",.,"A",.,"A",.,"A",.,"A",.,"A",.,"A",.,"A"
"20104",2278513,44,0,"1",.,"A",.,"A",.,"A",.,"A",.,"A",.,"A",.,"A",.,"A",.,"A",.,"A",.,"A",.,"A",.,"A",.,"A",.,"A"
"20104",2278533,47,0,"1",.,"A",.,"A",.,"A",.,"A",.,"A",20,"D",780,"D",.,"A",.,"A",.,"A",.,"A",.,"A",60,"D",.,"A",.,"A"
"20104",2278563,83,0,"1",.,"A",.,"A",.,"A",.,"A",.,"A",.,"A",.,"A",.,"A",.,"A",.,"A",.,"A",.,"A",1035,"D",.,"A",.,"A"
"20104",2278574,60,0,"1",.,"A",.,"A",.,"A",.,"A",.,"A",180,"D",.,"A",.,"A",90,"D",.,"A",.,"A",.,"A",300,"D",.,"A",.,"A"
"20104",2278584,31,0,"1",.,"A",.,"A",.,"A",.,"A",.,"A",.,"A",.,"A",.,"A",.,"A",.,"A",.,"A",.,"A",.,"A",.,"A",.,"A"
"20104",2278603,45,0,"1",.,"A",.,"A",.,"A",.,"A",.,"A",.,"A",.,"A",.,"A",.,"A",.,"A",.,"A",.,"A",145,"D",.,"A",.,"A"
"20104",2278613,53,0,"1",.,"A",.,"A",.,"A",.,"A",.,"A",.,"A",.,"A",.,"A",.,"A",.,"A",.,"A",.,"A",250,"D",.,"A",.,"A"
"20104",2278624,40,0,"1",.,"A",.,"A",.,"A",.,"A",.,"A",.,"A",.,"A",.,"A",.,"A",.,"A",.,"A",.,"A",40,"D",.,"A",.,"A"
"20104",2278654,43,0,"1",.,"A",.,"A",.,"A",.,"A",.,"A",.,"A",.,"A",.,"A",.,"A",.,"A",.,"A",.,"A",25,"D",.,"A",.,"A"
"20104",2278664,72,0,"1",.,"A",.,"A",.,"A",.,"A",.,"A",15,"D",.,"A",.,"A",.,"A",.,"A",.,"A",.,"A",.,"A",.,"A",.,"A"
"20104",2278674,65,0,"1",.,"A",.,"A",.,"A",.,"A",.,"A",34,"D",.,"A",.,"A",.,"A",.,"A",.,"A",.,"A",110,"D",.,"A",.,"A"
"20104",2278723,30,0,"1",.,"A",.,"A",.,"A",.,"A",.,"A",.,"A",.,"A",.,"A",.,"A",0,"D",0,"D",60,"D",80,"D",0,"D",.,"A"
"20104",2278733,73,0,"1",.,"A",.,"A",.,"A",.,"A",.,"A",.,"A",.,"A",.,"A",.,"A",.,"A",.,"A",.,"A",20,"D",.,"A",.,"A"
"20104",2278744,25,0,"1",25,"D",.,"A",.,"A",.,"A",25,"D",.,"A",.,"A",.,"A",.,"A",0,"D",0,"D",15,"D",.,"A",0,"D",.,"A"
"20104",2278764,70,0,"1",.,"A",.,"A",.,"A",.,"A",.,"A",.,"A",.,"A",.,"A",.,"A",.,"A",.,"A",.,"A",14,"D",.,"A",.,"A"
"20104",2278773,60,0,"1",.,"A",.,"A",.,"A",.,"A",60,"D",.,"A",.,"A",.,"A",.,"A",.,"A",.,"A",.,"A",120,"D",.,"A",.,"A"
"20104",2278804,38,0,"1",.,"A",.,"A",.,"A",.,"A",.,"A",.,"A",.,"A",.,"A",.,"A",.,"A",.,"A",.,"A",.,"A",.,"A",.,"A"
"20104",2278813,53,0,"1",.,"A",.,"A",.,"A",.,"A",.,"A",.,"A",260,"D",.,"A",.,"A",.,"A",.,"A",.,"A",60,"D",.,"A",.,"A"
"20104",2278843,36,0,"1",.,"A",.,"A",.,"A",.,"A",.,"A",.,"A",.,"A",.,"A",.,"A",.,"A",.,"A",.,"A",100,"D",.,"A",.,"A"
"20104",2278863,55,0,"1",.,"A",.,"A",.,"A",.,"A",.,"A",20,"D",.,"A",.,"A",.,"A",.,"A",.,"A",.,"A",400,"D",.,"A",.,"A"
"20104",2278894,64,0,"1",.,"A",50,"D",.,"A",150,"D",.,"A",310,"D",.,"A",.,"A",.,"A",.,"A",.,"A",.,"A",.,"A",.,"A",.,"A"
"20104",2278924,53,0,"1",.,"A",.,"A",.,"A",.,"A",.,"A",.,"A",.,"A",.,"A",.,"A",.,"A",.,"A",.,"A",.,"A",.,"A",.,"A"
"20104",2278954,42,0,"1",.,"A",.,"A",.,"A",.,"A",.,"A",.,"A",.,"A",.,"A",.,"A",.,"A",.,"A",.,"A",.,"A",.,"A",.,"A"
"20104",2278975,32,0,"1",.,"A",.,"A",.,"A",.,"A",.,"A",.,"A",.,"A",.,"A",.,"A",.,"A",.,"A",.,"A",150,"D",.,"A",.,"A"
"20104",2279014,33,0,"1",20,"D",.,"A",.,"A",.,"A",40,"D",.,"A",.,"A",.,"A",.,"A",.,"A",.,"A",.,"A",.,"A",.,"A",.,"A"
"20104",2279033,74,0,"1",.,"A",.,"A",.,"A",.,"A",.,"A",.,"A",.,"A",.,"A",.,"A",.,"A",.,"A",.,"A",70,"D",.,"A",.,"A"
"20104",2279054,86,0,"1",.,"A",.,"A",.,"A",.,"A",.,"A",38,"D",.,"A",.,"A",.,"A",.,"A",.,"A",.,"A",135,"D",.,"A",.,"A"
"20104",2279063,34,0,"1",.,"A",.,"A",.,"A",.,"A",.,"A",.,"A",.,"A",.,"A",.,"A",.,"A",.,"A",.,"A",48,"D",.,"A",.,"A"
"20104",2279074,34,0,"1",.,"A",.,"A",.,"A",.,"A",.,"A",.,"A",.,"A",.,"A",.,"A",.,"A",.,"A",.,"A",.,"A",.,"A",.,"A"
"20104",2279113,55,0,"1",.,"A",.,"A",.,"A",.,"A",.,"A",.,"A",.,"A",260,"D",.,"A",.,"A",.,"A",.,"A",.,"A",.,"A",.,"A"
"20104",2279133,74,0,"1",.,"A",.,"A",.,"A",.,"A",.,"A",.,"A",.,"A",.,"A",.,"A",.,"A",.,"A",.,"A",80,"D",.,"A",.,"A"
"20104",2279144,33,0,"1",.,"A",.,"A",.,"A",.,"A",.,"A",.,"A",130,"D",.,"A",.,"A",.,"A",.,"A",.,"A",32,"D",.,"A",.,"A"
"20104",2279194,59,0,"1",.,"A",.,"A",.,"A",.,"A",.,"A",29,"D",.,"A",.,"A",.,"A",.,"A",.,"A",.,"A",100,"D",.,"A",.,"A"
"20104",2279243,62,0,"1",.,"A",.,"A",.,"A",.,"A",.,"A",200,"D",.,"A",.,"A",.,"A",.,"A",.,"A",.,"A",285,"D",.,"A",.,"A"
"20104",2279264,53,0,"1",.,"A",.,"A",.,"A",.,"A",.,"A",.,"A",.,"A",.,"A",.,"A",.,"A",.,"A",.,"A",.,"A",.,"A",.,"A"
"20104",2279294,47,0,"1",.,"A",.,"A",.,"A",.,"A",.,"A",.,"A",.,"A",.,"A",.,"A",.,"A",.,"A",.,"A",.,"A",.,"A",.,"A"
"20104",2279303,59,0,"1",.,"A",.,"A",.,"A",.,"A",.,"A",.,"A",.,"A",.,"A",.,"A",.,"A",.,"A",.,"A",.,"A",.,"A",.,"A"
"20104",2279374,43,0,"1",.,"A",.,"A",.,"A",.,"A",.,"A",.,"A",156,"D",.,"A",.,"A",.,"A",.,"A",.,"A",30,"D",.,"A",.,"A"
"20104",2279423,51,0,"1",.,"A",.,"A",.,"A",.,"A",.,"A",.,"A",.,"A",.,"A",.,"A",.,"A",.,"A",.,"A",100,"D",.,"A",.,"A"
"20104",2279434,69,0,"1",.,"A",.,"A",.,"A",8,"D",.,"A",40,"D",.,"A",.,"A",.,"A",.,"A",.,"A",.,"A",265,"D",.,"A",.,"A"
"20104",2279453,40,0,"1",.,"A",.,"A",.,"A",.,"A",.,"A",.,"A",1300,"D",.,"A",.,"A",.,"A",.,"A",.,"A",50,"D",.,"A",.,"A"
"20104",2279473,42,0,"1",.,"A",.,"A",.,"A",.,"A",.,"A",.,"A",.,"A",.,"A",.,"A",.,"A",.,"A",.,"A",.,"A",.,"A",.,"A"
"20104",2279494,71,0,"1",.,"A",.,"A",.,"A",.,"A",.,"A",.,"A",.,"A",.,"A",.,"A",.,"A",.,"A",.,"A",.,"A",.,"A",.,"A"
"20104",2279504,53,0,"1",.,"A",.,"A",.,"A",.,"A",.,"A",.,"A",.,"A",.,"A",.,"A",.,"A",.,"A",.,"A",.,"A",.,"A",.,"A"
"20104",2279513,25,0,"1",.,"A",.,"A",.,"A",.,"A",.,"A",.,"A",.,"A",.,"A",.,"A",.,"A",.,"A",.,"A",.,"A",.,"A",.,"A"
"20104",2279543,65,0,"1",.,"A",.,"A",.,"A",.,"A",.,"A",.,"A",780,"D",.,"A",.,"A",.,"A",.,"A",.,"A",.,"A",.,"A",.,"A"
"20104",2279554,50,0,"1",.,"A",.,"A",45,"D",.,"A",.,"A",.,"A",.,"A",.,"A",.,"A",.,"A",.,"A",.,"A",28,"D",.,"A",.,"A"
"20104",2279574,52,0,"1",.,"A",.,"A",.,"A",.,"A",.,"A",.,"A",.,"A",.,"A",36,"D",.,"A",.,"A",.,"A",20,"D",.,"A",.,"A"
"20104",2279594,35,0,"1",.,"A",.,"A",.,"A",.,"A",.,"A",.,"A",.,"A",.,"A",.,"A",.,"A",.,"A",.,"A",.,"A",.,"A",.,"A"
"20104",2279624,50,0,"1",.,"A",.,"A",.,"A",.,"A",.,"A",42,"D",.,"A",.,"A",.,"A",.,"A",.,"A",.,"A",75,"D",.,"A",.,"A"
"20104",2279664,40,0,"1",.,"A",.,"A",.,"A",.,"A",.,"A",.,"A",156,"D",.,"A",.,"A",.,"A",.,"A",.,"A",.,"A",.,"A",.,"A"
"20104",2279684,39,0,"1",.,"A",.,"A",.,"A",.,"A",.,"A",.,"A",.,"A",.,"A",.,"A",.,"A",.,"A",.,"A",.,"A",.,"A",.,"A"
"20104",2279703,31,0,"1",.,"A",.,"A",.,"A",.,"A",.,"A",.,"A",.,"A",.,"A",.,"A",.,"A",.,"A",.,"A",.,"A",.,"A",.,"A"
"20104",2279743,29,0,"1",45,"D",.,"A",.,"A",90,"D",125,"D",85,"D",.,"A",.,"A",.,"A",270,"D",0,"D",0,"D",225,"D",90,"D",.,"A"
"20104",2279754,35,0,"1",.,"A",.,"A",.,"A",.,"A",.,"A",40,"D",.,"A",65,"D",.,"A",.,"A",.,"A",.,"A",120,"D",.,"A",.,"A"
"20104",2279803,28,0,"1",.,"A",.,"A",.,"A",.,"A",110,"D",.,"A",.,"A",.,"A",.,"A",.,"A",.,"A",.,"A",120,"D",.,"A",.,"A"
"20104",2279823,91,0,"1",.,"A",.,"A",.,"A",.,"A",.,"A",30,"D",.,"A",.,"A",.,"A",387,"D",0,"D",0,"D",525,"D",129,"D",.,"A"
"20104",2279844,36,0,"1",.,"A",.,"A",.,"A",.,"A",.,"A",.,"A",325,"D",.,"A",.,"A",.,"A",.,"A",.,"A",.,"A",.,"A",.,"A"
"20104",2279873,36,0,"1",.,"A",.,"A",.,"A",.,"A",.,"A",.,"A",.,"A",.,"A",.,"A",.,"A",.,"A",.,"A",.,"A",.,"A",.,"A"
"20104",2279893,37,0,"1",.,"A",.,"A",.,"A",.,"A",.,"A",.,"A",.,"A",.,"A",.,"A",.,"A",.,"A",.,"A",30,"D",.,"A",.,"A"
"20104",2279914,39,0,"1",.,"A",.,"A",.,"A",.,"A",.,"A",.,"A",.,"A",.,"A",.,"A",.,"A",.,"A",.,"A",.,"A",.,"A",.,"A"
"20104",2279964,42,0,"1",.,"A",.,"A",.,"A",.,"A",.,"A",.,"A",.,"A",.,"A",.,"A",.,"A",.,"A",.,"A",40,"D",.,"A",.,"A"
"20104",2279973,65,0,"1",.,"A",.,"A",.,"A",.,"A",.,"A",.,"A",455,"D",.,"A",.,"A",.,"A",.,"A",.,"A",.,"A",.,"A",.,"A"
"20104",2279984,58,0,"1",.,"A",.,"A",.,"A",.,"A",.,"A",.,"A",260,"D",.,"A",.,"A",.,"A",.,"A",.,"A",.,"A",.,"A",.,"A"
"20104",2280003,32,0,"1",.,"A",.,"A",.,"A",.,"A",150,"D",.,"A",.,"A",.,"A",.,"A",267,"D",6,"D",6,"D",129,"D",89,"D",.,"A"
"20104",2280043,78,0,"1",.,"A",.,"A",.,"A",.,"A",.,"A",300,"D",.,"A",.,"A",90,"D",.,"A",.,"A",.,"A",185,"D",.,"A",.,"A"
"20104",2280074,51,0,"1",.,"A",.,"A",.,"A",.,"A",.,"A",30,"D",455,"D",.,"A",.,"A",.,"A",.,"A",.,"A",165,"D",.,"A",.,"A"
"20104",2280093,48,0,"1",.,"A",.,"A",.,"A",.,"A",.,"A",.,"A",.,"A",.,"A",.,"A",.,"A",.,"A",.,"A",.,"A",.,"A",.,"A"
"20104",2280103,34,0,"1",.,"A",.,"A",.,"A",.,"A",.,"A",.,"A",.,"A",.,"A",.,"A",.,"A",.,"A",.,"A",40,"D",.,"A",.,"A"
"20104",2280113,63,0,"1",.,"A",.,"A",.,"A",.,"A",.,"A",25,"D",455,"D",.,"A",.,"A",.,"A",.,"A",.,"A",240,"D",.,"A",.,"A"
"20104",2280134,40,0,"1",.,"A",.,"A",.,"A",.,"A",.,"A",.,"A",.,"A",.,"A",.,"A",.,"A",.,"A",.,"A",.,"A",.,"A",.,"A"
"20104",2280153,62,0,"1",.,"A",.,"A",.,"A",.,"A",.,"A",.,"A",780,"D",.,"A",.,"A",.,"A",.,"A",.,"A",45,"D",.,"A",.,"A"
"20104",2280173,43,0,"1",.,"A",.,"A",.,"A",.,"A",.,"A",120,"D",.,"A",.,"A",.,"A",.,"A",.,"A",.,"A",105,"D",.,"A",.,"A"
"20104",2280203,43,0,"1",.,"A",.,"A",.,"A",.,"A",.,"A",.,"A",.,"A",.,"A",.,"A",.,"A",.,"A",.,"A",180,"D",.,"A",.,"A"
"20104",2280264,92,0,"1",.,"A",.,"A",.,"A",.,"A",.,"A",.,"A",.,"A",.,"A",.,"A",.,"A",.,"A",.,"A",25,"D",.,"A",.,"A"
"20104",2280283,59,0,"1",.,"A",.,"A",.,"A",.,"A",.,"A",.,"A",.,"A",.,"A",.,"A",.,"A",.,"A",.,"A",114,"D",.,"A",.,"A"
"20104",2280293,33,0,"1",.,"A",.,"A",.,"A",.,"A",.,"A",.,"A",208,"D",130,"D",60,"F",.,"A",.,"A",.,"A",.,"A",.,"A",.,"A"
"20104",2280313,44,0,"1",.,"A",.,"A",.,"A",.,"A",.,"A",.,"A",.,"A",52,"D",.,"A",.,"A",.,"A",.,"A",.,"A",.,"A",.,"A"
"20104",2280343,48,0,"1",.,"A",.,"A",.,"A",.,"A",.,"A",.,"A",.,"A",.,"A",.,"A",.,"A",.,"A",.,"A",.,"A",.,"A",.,"A"
"20104",2280354,55,0,"1",.,"A",.,"A",.,"A",.,"A",.,"A",.,"A",.,"A",.,"A",.,"A",.,"A",.,"A",.,"A",11,"D",.,"A",.,"A"
"20104",2280373,57,0,"1",.,"A",.,"A",.,"A",.,"A",.,"A",.,"A",.,"A",.,"A",.,"A",.,"A",.,"A",.,"A",45,"D",.,"A",.,"A"
"20104",2280383,24,0,"1",.,"A",.,"A",.,"A",.,"A",20,"D",.,"A",.,"A",.,"A",.,"A",240,"D",0,"D",0,"D",25,"D",80,"D",.,"A"
"20104",2280404,33,0,"1",.,"A",.,"A",.,"A",.,"A",.,"A",.,"A",.,"A",.,"A",.,"A",.,"A",.,"A",.,"A",.,"A",.,"A",.,"A"
"20104",2280423,65,0,"1",.,"A",.,"A",.,"A",.,"A",.,"A",20,"D",455,"D",.,"A",30,"D",.,"A",.,"A",.,"A",.,"A",.,"A",.,"A"
"20104",2280464,56,0,"1",.,"A",.,"A",.,"A",.,"A",.,"A",.,"A",.,"A",.,"A",.,"A",.,"A",.,"A",.,"A",.,"A",.,"A",.,"A"
"20104",2280483,49,0,"1",.,"A",.,"A",.,"A",.,"A",.,"A",.,"A",.,"A",.,"A",.,"A",0,"D",0,"D",15,"D",28,"D",0,"D",.,"A"
"20104",2280494,71,0,"1",.,"A",.,"A",.,"A",.,"A",.,"A",.,"A",.,"A",.,"A",.,"A",.,"A",.,"A",.,"A",480,"D",.,"A",.,"A"
"20104",2280515,46,0,"1",.,"A",.,"A",.,"A",.,"A",.,"A",.,"A",.,"A",.,"A",21,"F",.,"A",.,"A",.,"A",100,"D",.,"A",.,"A"
"20104",2280534,74,0,"1",.,"A",.,"A",.,"A",.,"A",.,"A",.,"A",1274,"D",.,"A",.,"A",.,"A",.,"A",.,"A",240,"D",.,"A",.,"A"
"20104",2280544,23,0,"1",.,"A",.,"A",.,"A",.,"A",.,"A",.,"A",.,"A",.,"A",.,"A",.,"A",.,"A",.,"A",.,"A",.,"A",.,"A"
"20104",2280563,44,0,"1",.,"A",.,"A",.,"A",.,"A",.,"A",.,"A",.,"A",.,"A",.,"A",.,"A",.,"A",.,"A",120,"D",.,"A",.,"A"
"20104",2280583,25,0,"1",.,"A",.,"A",.,"A",.,"A",.,"A",.,"A",.,"A",.,"A",.,"A",.,"A",.,"A",.,"A",.,"A",.,"A",.,"A"
"20104",2280624,62,0,"1",.,"A",.,"A",.,"A",60,"D",.,"A",124,"D",.,"A",.,"A",12,"D",45,"D",0,"D",0,"D",72,"D",15,"D",.,"A"
"20104",2280653,36,0,"1",.,"A",.,"A",.,"A",.,"A",.,"A",.,"A",.,"A",.,"A",.,"A",.,"A",.,"A",.,"A",150,"D",.,"A",.,"A"
"20104",2280713,55,0,"1",.,"A",.,"A",.,"A",.,"A",.,"A",.,"A",.,"A",.,"A",.,"A",.,"A",.,"A",.,"A",135,"D",.,"A",.,"A"
"20104",2280724,51,0,"1",.,"A",.,"A",.,"A",.,"A",.,"A",.,"A",.,"A",.,"A",.,"A",573,"D",0,"D",0,"D",25,"D",191,"D",.,"A"
"20104",2280783,40,0,"1",.,"A",.,"A",.,"A",.,"A",.,"A",300,"D",.,"A",.,"A",15,"D",.,"A",.,"A",.,"A",75,"D",.,"A",.,"A"
"20104",2280804,45,0,"1",.,"A",.,"A",.,"A",.,"A",.,"A",.,"A",65,"F",.,"A",.,"A",.,"A",.,"A",.,"A",.,"A",.,"A",.,"A"
"20104",2280844,59,0,"1",.,"A",.,"A",.,"A",.,"A",.,"A",.,"A",.,"A",.,"A",75,"D",.,"A",.,"A",.,"A",.,"A",.,"A",.,"A"
"20104",2280863,74,0,"1",.,"A",.,"A",.,"A",40,"D",.,"A",120,"D",520,"D",.,"A",.,"A",.,"A",.,"A",.,"A",300,"D",.,"A",.,"A"
"20104",2280884,40,0,"1",.,"A",.,"A",.,"A",.,"A",.,"A",.,"A",.,"A",.,"A",.,"A",.,"A",.,"A",.,"A",.,"A",.,"A",.,"A"
"20104",2280923,33,0,"1",.,"A",.,"A",.,"A",.,"A",.,"A",.,"A",.,"A",.,"A",.,"A",.,"A",.,"A",.,"A",160,"D",.,"A",.,"A"
"20104",2280953,52,0,"1",.,"A",.,"A",.,"A",.,"A",.,"A",.,"A",.,"A",.,"A",.,"A",.,"A",.,"A",.,"A",.,"A",.,"A",.,"A"
"20104",2281004,39,0,"1",.,"A",.,"A",.,"A",.,"A",.,"A",.,"A",.,"A",.,"A",.,"A",.,"A",.,"A",.,"A",.,"A",.,"A",.,"A"
"20104",2281054,59,0,"1",.,"A",.,"A",.,"A",.,"A",.,"A",.,"A",.,"A",.,"A",.,"A",.,"A",.,"A",.,"A",15,"D",.,"A",.,"A"
"20104",2281063,49,0,"1",30,"D",.,"A",.,"A",.,"A",30,"D",.,"A",.,"A",.,"A",.,"A",.,"A",.,"A",.,"A",18,"D",.,"A",.,"A"
"20104",2281084,24,0,"1",.,"A",.,"A",.,"A",.,"A",25,"D",.,"A",.,"A",.,"A",.,"A",.,"A",.,"A",.,"A",.,"A",.,"A",.,"A"
"20104",2281114,54,0,"1",.,"A",.,"A",.,"A",.,"A",.,"A",20,"D",.,"A",.,"A",.,"A",.,"A",.,"A",.,"A",.,"A",.,"A",.,"A"
"20104",2281123,67,0,"1",.,"A",.,"A",.,"A",.,"A",.,"A",.,"A",.,"A",104,"D",.,"A",.,"A",.,"A",.,"A",36,"D",.,"A",.,"A"
"20104",2281145,29,0,"1",.,"A",.,"A",.,"A",.,"A",.,"A",.,"A",.,"A",.,"A",.,"A",.,"A",.,"A",.,"A",.,"A",.,"A",.,"A"
"20104",2281153,59,0,"1",.,"A",.,"A",.,"A",.,"A",.,"A",.,"A",.,"A",.,"A",.,"A",.,"A",.,"A",.,"A",22,"D",.,"A",.,"A"
"20104",2281183,38,0,"1",.,"A",.,"A",.,"A",.,"A",.,"A",.,"A",.,"A",.,"A",.,"A",.,"A",.,"A",.,"A",.,"A",.,"A",.,"A"
"20104",2281204,44,0,"1",.,"A",.,"A",.,"A",.,"A",.,"A",.,"A",.,"A",.,"A",.,"A",.,"A",.,"A",.,"A",.,"A",.,"A",.,"A"
"20104",2281213,44,0,"1",.,"A",.,"A",.,"A",.,"A",160,"D",17,"D",.,"A",.,"A",.,"A",.,"A",.,"A",.,"A",14,"D",.,"A",.,"A"
"20104",2281224,58,0,"1",.,"A",28,"D",.,"A",.,"A",.,"A",32,"D",.,"A",.,"A",.,"A",.,"A",.,"A",.,"A",108,"D",.,"A",.,"A"
"20104",2281243,52,0,"1",.,"A",.,"A",.,"A",.,"A",.,"A",.,"A",520,"D",.,"A",.,"A",.,"A",.,"A",.,"A",0,"D",.,"A",.,"A"
"20104",2281283,77,0,"1",.,"A",.,"A",.,"A",.,"A",.,"A",.,"A",.,"A",.,"A",.,"A",.,"A",.,"A",.,"A",180,"D",.,"A",.,"A"
"20104",2281303,45,0,"1",.,"A",.,"A",.,"A",.,"A",.,"A",.,"A",.,"A",.,"A",.,"A",.,"A",.,"A",.,"A",54,"D",.,"A",.,"A"
"20104",2281353,29,0,"1",.,"A",.,"A",.,"A",.,"A",.,"A",.,"A",.,"A",.,"A",.,"A",.,"A",.,"A",.,"A",.,"A",.,"A",.,"A"
"20104",2281365,35,0,"1",.,"A",.,"A",.,"A",.,"A",.,"A",.,"A",.,"A",.,"A",.,"A",.,"A",.,"A",.,"A",.,"A",.,"A",.,"A"
"20104",2281394,53,0,"1",.,"A",.,"A",.,"A",.,"A",.,"A",150,"D",.,"A",.,"A",.,"A",0,"D",90,"D",0,"D",300,"D",0,"D",.,"A"
"20104",2281413,50,0,"1",.,"A",.,"A",.,"A",.,"A",.,"A",.,"A",.,"A",.,"A",.,"A",.,"A",.,"A",.,"A",.,"A",.,"A",.,"A"
"20104",2281423,65,0,"1",.,"A",.,"A",.,"A",.,"A",.,"A",.,"A",.,"A",.,"A",.,"A",.,"A",.,"A",.,"A",.,"A",.,"A",.,"A"
"20104",2281453,90,0,"1",.,"A",.,"A",.,"A",.,"A",.,"A",.,"A",.,"A",.,"A",.,"A",.,"A",.,"A",.,"A",68,"D",.,"A",.,"A"
"20104",2281513,45,0,"1",.,"A",.,"A",.,"A",.,"A",.,"A",.,"A",.,"A",.,"A",.,"A",.,"A",.,"A",.,"A",10,"D",.,"A",.,"A"
"20104",2281544,39,0,"1",.,"A",.,"A",.,"A",.,"A",.,"A",.,"A",.,"A",.,"A",.,"A",.,"A",.,"A",.,"A",70,"D",.,"A",.,"A"
"20104",2281574,36,0,"1",.,"A",.,"A",.,"A",.,"A",.,"A",.,"A",.,"A",.,"A",.,"A",.,"A",.,"A",.,"A",.,"A",.,"A",.,"A"
"20104",2281624,57,0,"1",.,"A",.,"A",.,"A",.,"A",.,"A",.,"A",.,"A",.,"A",.,"A",.,"A",.,"A",.,"A",.,"A",.,"A",.,"A"
"20104",2281643,31,0,"1",.,"A",.,"A",.,"A",.,"A",15,"D",.,"A",130,"D",.,"A",.,"A",.,"A",.,"A",.,"A",20,"D",.,"A",.,"A"
"20104",2281655,30,0,"1",.,"A",.,"A",.,"A",.,"A",.,"A",.,"A",.,"A",.,"A",.,"A",.,"A",.,"A",.,"A",.,"A",.,"A",.,"A"
"20104",2281684,42,0,"1",.,"A",.,"A",.,"A",.,"A",.,"A",.,"A",.,"A",650,"D",.,"A",.,"A",.,"A",.,"A",.,"A",.,"A",.,"A"
"20104",2281703,46,0,"1",.,"A",.,"A",.,"A",.,"A",.,"A",.,"A",.,"A",.,"A",.,"A",.,"A",.,"A",.,"A",.,"A",.,"A",.,"A"
"20104",2281744,49,0,"1",.,"A",.,"A",.,"A",.,"A",.,"A",.,"A",91,"D",.,"A",.,"A",.,"A",.,"A",.,"A",.,"A",.,"A",.,"A"
"20104",2281773,66,0,"1",.,"A",.,"A",.,"A",.,"A",.,"A",.,"A",.,"A",.,"A",.,"A",.,"A",.,"A",.,"A",.,"A",.,"A",.,"A"
"20104",2281803,27,0,"1",.,"A",.,"A",.,"A",.,"A",.,"A",.,"A",.,"A",.,"A",.,"A",.,"A",.,"A",.,"A",.,"A",.,"A",.,"A"
"20104",2281834,44,0,"1",.,"A",.,"A",.,"A",.,"A",.,"A",.,"A",.,"A",.,"A",.,"A",.,"A",.,"A",.,"A",.,"A",.,"A",.,"A"
"20104",2281853,42,0,"1",.,"A",.,"A",.,"A",35,"D",.,"A",.,"A",.,"A",.,"A",222,"D",.,"A",.,"A",.,"A",.,"A",.,"A",.,"A"
"20104",2281894,38,0,"1",.,"A",.,"A",.,"A",.,"A",.,"A",.,"A",.,"A",.,"A",.,"A",.,"A",.,"A",.,"A",.,"A",.,"A",.,"A"
"20104",2281904,82,0,"1",.,"A",.,"A",.,"A",.,"A",.,"A",.,"A",.,"A",.,"A",.,"A",.,"A",.,"A",.,"A",31,"D",.,"A",.,"A"
"20104",2281924,72,0,"1",.,"A",.,"A",.,"A",.,"A",.,"A",.,"A",.,"A",.,"A",.,"A",.,"A",.,"A",.,"A",50,"D",.,"A",.,"A"
"20104",2281935,72,0,"1",.,"A",.,"A",.,"A",.,"A",.,"A",.,"A",.,"A",.,"A",.,"A",.,"A",.,"A",.,"A",420,"D",.,"A",.,"A"
"20104",2281953,25,0,"1",.,"A",.,"A",.,"A",.,"A",16,"D",.,"A",.,"A",.,"A",.,"A",.,"A",.,"A",.,"A",39,"D",.,"A",.,"A"
"20104",2281963,68,0,"1",.,"A",.,"A",.,"A",.,"A",.,"A",.,"A",.,"A",.,"A",.,"A",60,"D",0,"D",30,"D",60,"D",20,"D",.,"A"
"20104",2282014,48,0,"1",.,"A",.,"A",.,"A",.,"A",.,"A",.,"A",.,"A",.,"A",.,"A",.,"A",.,"A",.,"A",20,"D",.,"A",.,"A"
"20104",2282064,34,0,"1",.,"A",.,"A",.,"A",.,"A",120,"D",.,"A",.,"A",.,"A",.,"A",.,"A",.,"A",.,"A",.,"A",.,"A",.,"A"
"20104",2282114,28,0,"1",.,"A",.,"A",.,"A",.,"A",.,"A",.,"A",.,"A",130,"D",.,"A",.,"A",.,"A",.,"A",.,"A",.,"A",.,"A"
"20104",2282124,38,0,"1",.,"A",.,"A",.,"A",.,"A",.,"A",.,"A",.,"A",.,"A",.,"A",.,"A",.,"A",.,"A",60,"D",.,"A",.,"A"
"20104",2282144,79,0,"1",.,"A",.,"A",.,"A",.,"A",.,"A",.,"A",.,"A",.,"A",.,"A",.,"A",.,"A",.,"A",.,"A",.,"A",.,"A"
"20104",2282243,76,0,"1",.,"A",.,"A",.,"A",.,"A",.,"A",18,"D",.,"A",.,"A",.,"A",.,"A",.,"A",.,"A",73,"D",.,"A",.,"A"
"20104",2282263,63,0,"1",.,"A",.,"A",.,"A",.,"A",.,"A",.,"A",.,"A",.,"A",.,"A",.,"A",.,"A",.,"A",440,"D",.,"A",.,"A"
"20104",2282273,55,0,"1",.,"A",.,"A",.,"A",.,"A",.,"A",.,"A",.,"A",.,"A",.,"A",.,"A",.,"A",.,"A",90,"D",.,"A",.,"A"
"20104",2282283,35,0,"1",.,"A",.,"A",.,"A",.,"A",.,"A",.,"A",.,"A",.,"A",.,"A",.,"A",.,"A",.,"A",.,"A",.,"A",.,"A"
"20104",2282293,46,0,"1",.,"A",.,"A",.,"A",.,"A",.,"A",.,"A",520,"D",.,"A",.,"A",.,"A",.,"A",.,"A",10,"D",.,"A",.,"A"
"20104",2282303,77,0,"1",.,"A",.,"A",.,"A",.,"A",.,"A",.,"A",.,"A",.,"A",18,"D",.,"A",.,"A",.,"A",90,"D",.,"A",.,"A"
"20104",2282334,56,0,"1",.,"A",.,"A",.,"A",.,"A",.,"A",.,"A",.,"A",.,"A",.,"A",.,"A",.,"A",.,"A",150,"D",.,"A",.,"A"
"20104",2282403,27,0,"1",.,"A",.,"A",.,"A",.,"A",24,"D",.,"A",.,"A",.,"A",.,"A",.,"A",.,"A",.,"A",30,"D",.,"A",.,"A"
"20104",2282444,49,0,"1",.,"A",.,"A",.,"A",.,"A",.,"A",.,"A",.,"A",.,"A",.,"A",.,"A",.,"A",.,"A",.,"A",.,"A",.,"A"
"20104",2282463,95,0,"1",.,"A",.,"A",.,"A",.,"A",.,"A",12,"D",143,"D",.,"A",.,"A",.,"A",.,"A",.,"A",231,"D",.,"A",.,"A"
"20104",2282514,29,0,"1",.,"A",.,"A",.,"A",.,"A",.,"A",.,"A",.,"A",.,"A",.,"A",.,"A",.,"A",.,"A",30,"D",.,"A",.,"A"
"20104",2282524,80,0,"1",.,"A",.,"A",.,"A",.,"A",.,"A",30,"D",.,"A",.,"A",.,"A",.,"A",.,"A",.,"A",160,"D",.,"A",.,"A"
"20104",2282544,29,0,"1",.,"A",.,"A",.,"A",.,"A",.,"A",.,"A",.,"A",.,"A",.,"A",.,"A",.,"A",.,"A",.,"A",.,"A",.,"A"
"20104",2282574,76,0,"1",.,"A",.,"A",.,"A",.,"A",.,"A",.,"A",.,"A",.,"A",.,"A",1191,"D",0,"D",0,"D",45,"D",397,"D",.,"A"
"20104",2282594,63,0,"1",.,"A",.,"A",.,"A",.,"A",.,"A",.,"A",.,"A",.,"A",.,"A",.,"A",.,"A",.,"A",240,"D",.,"A",.,"A"
"20104",2282604,41,0,"1",80,"D",.,"A",.,"A",.,"A",100,"D",.,"A",520,"D",.,"A",.,"A",.,"A",.,"A",.,"A",90,"D",.,"A",.,"A"
"20104",2282673,40,0,"1",.,"A",.,"A",.,"A",.,"A",.,"A",.,"A",.,"A",.,"A",.,"A",.,"A",.,"A",.,"A",.,"A",.,"A",.,"A"
"20104",2282693,49,0,"1",.,"A",20,"D",.,"A",.,"A",.,"A",0,"D",.,"A",.,"A",.,"A",.,"A",.,"A",.,"A",.,"A",.,"A",.,"A"
"20104",2282714,27,0,"1",.,"A",.,"A",.,"A",.,"A",.,"A",.,"A",.,"A",39,"D",.,"A",.,"A",.,"A",.,"A",.,"A",.,"A",.,"A"
"20104",2282723,89,0,"1",.,"A",.,"A",.,"A",.,"A",.,"A",.,"A",91,"D",.,"A",.,"A",.,"A",.,"A",.,"A",35,"D",.,"A",.,"A"
"20104",2282744,62,0,"1",.,"A",.,"A",.,"A",.,"A",.,"A",.,"A",.,"A",.,"A",.,"A",.,"A",.,"A",.,"A",.,"A",.,"A",.,"A"
"20104",2282774,52,0,"1",.,"A",.,"A",.,"A",.,"A",.,"A",.,"A",.,"A",.,"A",.,"A",.,"A",.,"A",.,"A",.,"A",.,"A",.,"A"
"20104",2282944,59,0,"1",.,"A",.,"A",.,"A",.,"A",.,"A",.,"A",104,"D",.,"A",.,"A",.,"A",.,"A",.,"A",24,"D",.,"A",.,"A"
"20104",2283024,44,0,"1",.,"A",.,"A",.,"A",.,"A",.,"A",.,"A",.,"A",.,"A",.,"A",.,"A",.,"A",.,"A",120,"D",.,"A",.,"A"
"20104",2283104,38,0,"1",.,"A",.,"A",.,"A",.,"A",.,"A",.,"A",.,"A",.,"A",.,"A",.,"A",.,"A",.,"A",50,"D",.,"A",.,"A"
"20104",2283114,56,0,"1",.,"A",.,"A",.,"A",.,"A",.,"A",.,"A",3900,"D",.,"A",.,"A",.,"A",.,"A",.,"A",27,"D",.,"A",.,"A"
"20104",2283124,46,0,"1",.,"A",.,"A",.,"A",.,"A",.,"A",.,"A",.,"A",.,"A",.,"A",.,"A",.,"A",.,"A",100,"D",.,"A",.,"A"
"20104",2283135,69,0,"1",.,"A",.,"A",.,"A",.,"A",.,"A",.,"A",.,"A",.,"A",39,"D",.,"A",.,"A",.,"A",14,"D",.,"A",.,"A"
"20104",2283153,42,0,"1",.,"A",.,"A",.,"A",20,"D",180,"D",.,"A",.,"A",.,"A",.,"A",.,"A",.,"A",.,"A",.,"A",.,"A",.,"A"
"20104",2283184,42,0,"1",.,"A",.,"A",.,"A",.,"A",.,"A",.,"A",650,"D",.,"A",.,"A",.,"A",.,"A",.,"A",.,"A",.,"A",.,"A"
"20104",2283213,36,0,"1",.,"A",.,"A",.,"A",.,"A",180,"D",.,"A",.,"A",.,"A",.,"A",.,"A",.,"A",.,"A",60,"D",.,"A",.,"A"
"20104",2283273,62,0,"1",.,"A",.,"A",.,"A",.,"A",.,"A",.,"A",.,"A",26,"D",.,"A",.,"A",.,"A",.,"A",90,"D",.,"A",.,"A"
"20104",2283334,57,0,"1",.,"A",.,"A",.,"A",.,"A",.,"A",.,"A",.,"A",.,"A",.,"A",.,"A",.,"A",.,"A",20,"D",.,"A",.,"A"
"20104",2283354,37,0,"1",.,"A",.,"A",.,"A",.,"A",.,"A",.,"A",.,"A",.,"A",.,"A",.,"A",.,"A",.,"A",60,"D",.,"A",.,"A"
"20104",2283374,63,0,"1",.,"A",.,"A",.,"A",.,"A",.,"A",.,"A",377,"D",.,"A",.,"A",.,"A",.,"A",.,"A",130,"D",.,"A",.,"A"
"20104",2283414,33,0,"1",.,"A",.,"A",.,"A",.,"A",.,"A",.,"A",.,"A",.,"A",.,"A",.,"A",.,"A",.,"A",100,"D",.,"A",.,"A"
"20104",2283424,36,0,"1",.,"A",.,"A",.,"A",.,"A",.,"A",.,"A",.,"A",.,"A",15,"D",.,"A",.,"A",.,"A",.,"A",.,"A",.,"A"
"20104",2283444,45,0,"1",.,"A",.,"A",.,"A",.,"A",.,"A",30,"D",.,"A",.,"A",.,"A",.,"A",.,"A",.,"A",30,"D",.,"A",.,"A"
"20104",2283463,45,0,"1",.,"A",.,"A",.,"A",.,"A",.,"A",.,"A",.,"A",.,"A",.,"A",.,"A",.,"A",.,"A",180,"D",.,"A",.,"A"
"20104",2283473,49,0,"1",.,"A",.,"A",.,"A",.,"A",.,"A",.,"A",.,"A",.,"A",.,"A",.,"A",.,"A",.,"A",120,"D",.,"A",.,"A"
"20104",2283494,37,0,"1",.,"A",.,"A",.,"A",.,"A",100,"D",.,"A",.,"A",.,"A",.,"A",.,"A",.,"A",.,"A",30,"D",.,"A",.,"A"
"20104",2283503,42,0,"1",.,"A",.,"A",.,"A",.,"A",.,"A",.,"A",.,"A",.,"A",.,"A",.,"A",.,"A",.,"A",.,"A",.,"A",.,"A"
"20104",2283513,43,0,"1",.,"A",.,"A",.,"A",.,"A",.,"A",.,"A",.,"A",.,"A",.,"A",.,"A",.,"A",.,"A",.,"A",.,"A",.,"A"
"20104",2283565,35,0,"1",.,"A",.,"A",.,"A",.,"A",.,"A",.,"A",.,"A",.,"A",15,"F",.,"A",.,"A",.,"A",.,"A",.,"A",.,"A"
"20104",2283584,25,0,"1",.,"A",.,"A",.,"A",.,"A",.,"A",.,"A",390,"F",.,"A",.,"A",.,"A",.,"A",.,"A",.,"A",.,"A",.,"A"
"20104",2283603,44,0,"1",.,"A",.,"A",.,"A",.,"A",.,"A",.,"A",.,"A",.,"A",.,"A",.,"A",.,"A",.,"A",.,"A",.,"A",.,"A"
"20104",2283663,63,0,"1",.,"A",.,"A",.,"A",.,"A",.,"A",.,"A",.,"A",.,"A",.,"A",.,"A",.,"A",.,"A",20,"D",.,"A",.,"A"
"20104",2283684,85,0,"1",.,"A",.,"A",.,"A",.,"A",.,"A",236,"D",.,"A",.,"A",.,"A",.,"A",.,"A",.,"A",200,"D",.,"A",.,"A"
"20104",2283724,62,0,"1",.,"A",.,"A",.,"A",.,"A",.,"A",.,"A",.,"A",.,"A",.,"A",.,"A",.,"A",.,"A",210,"D",.,"A",.,"A"
"20104",2283794,38,0,"1",.,"A",.,"A",.,"A",.,"A",.,"A",.,"A",.,"A",.,"A",.,"A",.,"A",.,"A",.,"A",75,"D",.,"A",.,"A"
"20104",2283814,67,0,"1",.,"A",.,"A",.,"A",.,"A",.,"A",.,"A",.,"A",.,"A",.,"A",.,"A",.,"A",.,"A",20,"D",.,"A",.,"A"
"20104",2283833,62,0,"1",.,"A",.,"A",.,"A",.,"A",.,"A",100,"D",.,"A",.,"A",.,"A",.,"A",.,"A",.,"A",208,"D",.,"A",.,"A"
"20104",2283875,56,0,"1",.,"A",.,"A",.,"A",.,"A",.,"A",50,"D",.,"A",.,"A",.,"A",.,"A",.,"A",.,"A",25,"D",.,"A",.,"A"
"20104",2283883,22,0,"1",.,"A",.,"A",.,"A",.,"A",.,"A",.,"A",117,"D",.,"A",.,"A",.,"A",.,"A",.,"A",.,"A",.,"A",.,"A"
"20104",2283893,23,0,"1",.,"A",.,"A",.,"A",.,"A",.,"A",.,"A",.,"A",.,"A",.,"A",.,"A",.,"A",.,"A",.,"A",.,"A",.,"A"
"20104",2283924,53,0,"1",.,"A",.,"A",.,"A",.,"A",.,"A",45,"D",.,"A",.,"A",.,"A",.,"A",.,"A",.,"A",110,"D",.,"A",.,"A"
"20104",2283963,36,0,"1",.,"A",.,"A",.,"A",.,"A",.,"A",25,"D",273,"D",.,"A",.,"A",.,"A",.,"A",.,"A",30,"D",.,"A",.,"A"
"20104",2283974,44,0,"1",.,"A",.,"A",.,"A",.,"A",.,"A",.,"A",.,"A",.,"A",.,"A",.,"A",.,"A",.,"A",100,"D",.,"A",.,"A"
"20104",2283983,47,0,"1",.,"A",.,"A",.,"A",.,"A",.,"A",.,"A",.,"A",.,"A",.,"A",.,"A",.,"A",.,"A",.,"A",.,"A",.,"A"
"20104",2283993,40,0,"1",.,"A",.,"A",.,"A",.,"A",.,"A",25,"D",.,"A",.,"A",.,"A",.,"A",.,"A",.,"A",75,"D",.,"A",.,"A"
"20104",2284023,81,0,"1",.,"A",.,"A",.,"A",.,"A",.,"A",.,"A",91,"D",.,"A",.,"A",.,"A",.,"A",.,"A",50,"F",.,"A",.,"A"
"20104",2284043,65,0,"1",.,"A",.,"A",.,"A",.,"A",.,"A",.,"A",.,"A",.,"A",.,"A",.,"A",.,"A",.,"A",50,"D",.,"A",.,"A"
"20104",2284063,47,0,"1",.,"A",.,"A",.,"A",.,"A",.,"A",.,"A",.,"A",.,"A",.,"A",.,"A",.,"A",.,"A",50,"D",.,"A",.,"A"
"20104",2284083,61,0,"1",.,"A",.,"A",.,"A",.,"A",.,"A",.,"A",.,"A",.,"A",.,"A",.,"A",.,"A",.,"A",400,"D",.,"A",.,"A"
"20104",2284093,43,0,"1",.,"A",.,"A",.,"A",.,"A",.,"A",.,"A",.,"A",.,"A",.,"A",.,"A",.,"A",.,"A",45,"D",.,"A",.,"A"
"20104",2284164,24,0,"1",.,"A",.,"A",.,"A",.,"A",.,"A",.,"A",.,"A",.,"A",.,"A",.,"A",.,"A",.,"A",.,"A",.,"A",.,"A"
"20104",2284195,34,0,"1",.,"A",.,"A",.,"A",.,"A",180,"D",.,"A",.,"A",.,"A",.,"A",.,"A",.,"A",.,"A",.,"A",.,"A",.,"A"
"20104",2284204,47,0,"1",.,"A",.,"A",.,"A",.,"A",.,"A",.,"A",.,"A",.,"A",15,"D",.,"A",.,"A",.,"A",.,"A",.,"A",.,"A"
"20104",2284223,42,0,"1",.,"A",.,"A",.,"A",.,"A",.,"A",.,"A",.,"A",.,"A",.,"A",.,"A",.,"A",.,"A",.,"A",.,"A",.,"A"
"20104",2284234,71,0,"1",.,"A",.,"A",.,"A",.,"A",.,"A",.,"A",260,"D",130,"D",.,"A",.,"A",.,"A",.,"A",20,"D",.,"A",.,"A"
"20104",2284244,62,0,"1",.,"A",.,"A",.,"A",.,"A",.,"A",.,"A",.,"A",.,"A",.,"A",.,"A",.,"A",.,"A",.,"A",.,"A",.,"A"
"20104",2284303,48,0,"1",.,"A",.,"A",.,"A",.,"A",.,"A",.,"A",.,"A",.,"A",.,"A",.,"A",.,"A",.,"A",288,"D",.,"A",.,"A"
"20104",2284314,90,0,"1",.,"A",.,"A",.,"A",.,"A",.,"A",35,"D",.,"A",.,"A",.,"A",.,"A",.,"A",.,"A",550,"D",.,"A",.,"A"
"20104",2284334,28,0,"1",.,"A",.,"A",.,"A",.,"A",.,"A",.,"A",.,"A",.,"A",.,"A",.,"A",.,"A",.,"A",.,"A",.,"A",.,"A"
"20104",2284344,29,0,"1",.,"A",.,"A",.,"A",.,"A",.,"A",.,"A",273,"D",.,"A",.,"A",.,"A",.,"A",.,"A",.,"A",.,"A",.,"A"
"20104",2284374,34,0,"1",12,"D",.,"A",.,"A",174,"D",24,"D",.,"A",.,"A",.,"A",30,"D",48,"D",0,"D",0,"D",34,"D",16,"D",140,"D"
"20104",2284413,85,0,"1",.,"A",.,"A",.,"A",.,"A",.,"A",.,"A",.,"A",.,"A",36,"D",.,"A",.,"A",.,"A",45,"D",.,"A",.,"A"
"20104",2284433,49,0,"1",.,"A",.,"A",.,"A",.,"A",.,"A",.,"A",.,"A",.,"A",.,"A",.,"A",.,"A",.,"A",85,"D",.,"A",.,"A"
"20104",2284444,34,0,"1",.,"A",.,"A",.,"A",.,"A",.,"A",.,"A",.,"A",.,"A",.,"A",.,"A",.,"A",.,"A",30,"D",.,"A",.,"A"
"20104",2284453,63,0,"1",.,"A",.,"A",.,"A",.,"A",.,"A",.,"A",.,"A",.,"A",135,"D",540,"D",0,"D",0,"D",40,"D",180,"D",.,"A"
"20104",2284494,48,0,"1",.,"A",.,"A",.,"A",.,"A",.,"A",.,"A",.,"A",.,"A",.,"A",.,"A",.,"A",.,"A",180,"F",.,"A",.,"A"
"20104",2284623,37,0,"1",.,"A",.,"A",.,"A",.,"A",.,"A",55,"D",.,"A",.,"A",.,"A",.,"A",.,"A",.,"A",75,"D",.,"A",.,"A"
"20104",2284644,36,0,"1",.,"A",.,"A",.,"A",.,"A",40,"D",.,"A",.,"A",130,"D",240,"D",.,"A",.,"A",.,"A",.,"A",.,"A",.,"A"
"20104",2284744,41,0,"1",.,"A",.,"A",.,"A",.,"A",90,"D",.,"A",.,"A",.,"A",.,"A",.,"A",.,"A",.,"A",.,"A",.,"A",.,"A"
"20104",2284783,44,0,"1",.,"A",.,"A",.,"A",.,"A",.,"A",.,"A",.,"A",.,"A",.,"A",.,"A",.,"A",.,"A",300,"D",.,"A",.,"A"
"20104",2284843,42,0,"1",.,"A",.,"A",.,"A",.,"A",.,"A",.,"A",.,"A",.,"A",.,"A",.,"A",.,"A",.,"A",36,"D",.,"A",.,"A"
"20104",2284854,35,0,"1",.,"A",.,"A",.,"A",.,"A",.,"A",.,"A",.,"A",.,"A",.,"A",.,"A",.,"A",.,"A",66,"D",.,"A",.,"A"
"20104",2284894,27,0,"1",.,"A",.,"A",.,"A",.,"A",.,"A",.,"A",.,"A",.,"A",.,"A",.,"A",.,"A",.,"A",.,"A",.,"A",.,"A"
"20104",2284913,47,0,"1",.,"A",.,"A",.,"A",.,"A",.,"A",320,"D",.,"A",.,"A",24,"D",.,"A",.,"A",.,"A",14,"D",.,"A",.,"A"
"20104",2284923,47,0,"1",.,"A",.,"A",.,"A",.,"A",.,"A",300,"D",.,"A",.,"A",.,"A",.,"A",.,"A",.,"A",150,"D",.,"A",.,"A"
"20104",2284953,112,0,"1",.,"A",.,"A",.,"A",.,"A",.,"A",10,"D",.,"A",.,"A",.,"A",.,"A",.,"A",.,"A",55,"D",.,"A",.,"A"
"20104",2284974,54,0,"1",.,"A",.,"A",.,"A",.,"A",.,"A",160,"D",.,"A",.,"A",.,"A",.,"A",.,"A",.,"A",180,"D",.,"A",.,"A"
"20104",2285014,51,0,"1",.,"A",.,"A",.,"A",75,"D",.,"A",150,"D",.,"A",.,"A",30,"D",75,"D",0,"D",0,"D",300,"D",25,"D",60,"D"
"20104",2285024,56,0,"1",.,"A",.,"A",.,"A",.,"A",.,"A",60,"D",.,"A",.,"A",15,"D",.,"A",.,"A",.,"A",250,"D",.,"A",.,"A"
"20104",2285044,49,0,"1",.,"A",.,"A",.,"A",280,"D",120,"D",40,"D",.,"A",.,"A",30,"D",.,"A",.,"A",.,"A",.,"A",.,"A",.,"A"
"20104",2285063,28,0,"1",5,"D",.,"A",.,"A",.,"A",5,"D",.,"A",.,"A",.,"A",.,"A",.,"A",.,"A",.,"A",.,"A",.,"A",.,"A"
"20104",2285074,44,0,"1",.,"A",.,"A",.,"A",.,"A",.,"A",.,"A",.,"A",.,"A",.,"A",0,"D",0,"D",6,"D",.,"A",0,"D",.,"A"
"20104",2285093,43,0,"1",.,"A",.,"A",.,"A",.,"A",.,"A",.,"A",.,"A",.,"A",.,"A",.,"A",.,"A",.,"A",.,"A",.,"A",.,"A"
"20104",2285113,51,0,"1",.,"A",.,"A",.,"A",.,"A",.,"A",.,"A",.,"A",.,"A",90,"D",.,"A",.,"A",.,"A",20,"D",.,"A",.,"A"
"20104",2285123,34,0,"1",.,"A",.,"A",.,"A",.,"A",.,"A",.,"A",.,"A",.,"A",.,"A",.,"A",.,"A",.,"A",48,"D",.,"A",.,"A"
"20104",2285134,74,0,"1",.,"A",.,"A",.,"A",.,"A",.,"A",.,"A",.,"A",.,"A",.,"A",.,"A",.,"A",.,"A",165,"D",.,"A",.,"A"
"20104",2285143,47,0,"1",.,"A",.,"A",.,"A",250,"D",.,"A",.,"A",.,"A",.,"A",.,"A",.,"A",.,"A",.,"A",500,"D",.,"A",.,"A"
"20104",2285213,30,0,"1",.,"A",.,"A",.,"A",.,"A",.,"A",.,"A",.,"A",.,"A",.,"A",.,"A",.,"A",.,"A",.,"A",.,"A",.,"A"
"20104",2285224,72,0,"1",.,"A",.,"A",.,"A",.,"A",.,"A",.,"A",325,"D",.,"A",.,"A",.,"A",.,"A",.,"A",.,"A",.,"A",.,"A"
"20104",2285234,55,0,"1",.,"A",.,"A",.,"A",.,"A",.,"A",40,"D",.,"A",520,"D",12,"D",0,"D",0,"D",45,"D",180,"D",0,"D",.,"A"
"20104",2285304,54,0,"1",.,"A",.,"A",.,"A",.,"A",.,"A",.,"A",117,"D",.,"A",.,"A",.,"A",.,"A",.,"A",.,"A",.,"A",.,"A"
"20104",2285323,86,0,"1",.,"A",.,"A",.,"A",.,"A",60,"D",.,"A",585,"D",.,"A",.,"A",.,"A",.,"A",.,"A",75,"D",.,"A",.,"A"
"20104",2285363,36,0,"1",.,"A",.,"A",.,"A",.,"A",.,"A",.,"A",.,"A",.,"A",.,"A",.,"A",.,"A",.,"A",100,"D",.,"A",.,"A"
"20104",2285393,35,0,"1",.,"A",.,"A",.,"A",.,"A",.,"A",.,"A",.,"A",.,"A",.,"A",.,"A",.,"A",.,"A",37,"D",.,"A",.,"A"
"20104",2285414,50,0,"1",.,"A",.,"A",.,"A",.,"A",.,"A",.,"A",.,"A",.,"A",.,"A",.,"A",.,"A",.,"A",48,"D",.,"A",.,"A"
"20104",2285434,87,0,"1",.,"A",.,"A",.,"A",.,"A",.,"A",.,"A",.,"A",.,"A",.,"A",.,"A",.,"A",.,"A",120,"D",.,"A",.,"A"
"20104",2285454,44,0,"1",.,"A",.,"A",.,"A",.,"A",.,"A",.,"A",.,"A",.,"A",.,"A",.,"A",.,"A",.,"A",.,"A",.,"A",.,"A"
"20104",2285474,54,0,"1",.,"A",.,"A",.,"A",.,"A",.,"A",.,"A",.,"A",.,"A",.,"A",.,"A",.,"A",.,"A",.,"A",.,"A",.,"A"
"20104",2285523,62,0,"1",.,"A",.,"A",.,"A",.,"A",.,"A",.,"A",.,"A",.,"A",.,"A",.,"A",.,"A",.,"A",150,"D",.,"A",.,"A"
"20104",2285554,59,0,"1",.,"A",.,"A",.,"A",.,"A",60,"D",.,"A",.,"A",.,"A",.,"A",0,"D",0,"D",12,"D",80,"D",0,"D",.,"A"
"20104",2285574,47,0,"1",.,"A",.,"A",.,"A",.,"A",.,"A",.,"A",.,"A",.,"A",.,"A",.,"A",.,"A",.,"A",20,"D",.,"A",.,"A"
"20104",2285583,57,0,"1",.,"A",.,"A",.,"A",.,"A",.,"A",.,"A",.,"A",.,"A",.,"A",.,"A",.,"A",.,"A",35,"D",.,"A",.,"A"
"20104",2285594,44,0,"1",.,"A",.,"A",.,"A",200,"D",.,"A",.,"A",390,"D",.,"A",.,"A",.,"A",.,"A",.,"A",.,"A",.,"A",.,"A"
"20104",2285623,48,0,"1",.,"A",.,"A",.,"A",.,"A",.,"A",.,"A",.,"A",.,"A",.,"A",.,"A",.,"A",.,"A",148,"D",.,"A",.,"A"
"20104",2285704,85,0,"1",.,"A",.,"A",.,"A",.,"A",.,"A",.,"A",.,"A",.,"A",.,"A",0,"D",0,"D",90,"D",35,"D",0,"D",.,"A"
"20104",2285784,36,0,"1",.,"A",.,"A",.,"A",.,"A",.,"A",.,"A",.,"A",.,"A",.,"A",.,"A",.,"A",.,"A",.,"A",.,"A",.,"A"
"20104",2285794,44,0,"1",.,"A",.,"A",.,"A",.,"A",.,"A",.,"A",.,"A",.,"A",.,"A",.,"A",.,"A",.,"A",.,"A",.,"A",.,"A"
"20104",2285804,52,0,"1",.,"A",.,"A",.,"A",.,"A",.,"A",.,"A",.,"A",.,"A",.,"A",.,"A",.,"A",.,"A",340,"D",.,"A",.,"A"
"20104",2285844,33,0,"1",.,"A",.,"A",.,"A",.,"A",.,"A",.,"A",.,"A",.,"A",.,"A",.,"A",.,"A",.,"A",.,"A",.,"A",.,"A"
"20104",2285883,62,0,"1",.,"A",.,"A",.,"A",.,"A",.,"A",.,"A",.,"A",.,"A",.,"A",.,"A",.,"A",.,"A",13,"D",.,"A",.,"A"
"20104",2285913,33,0,"1",.,"A",.,"A",.,"A",.,"A",.,"A",.,"A",65,"D",.,"A",.,"A",.,"A",.,"A",.,"A",.,"A",.,"A",.,"A"
"20104",2285933,56,0,"1",.,"A",.,"A",.,"A",.,"A",.,"A",.,"A",.,"A",.,"A",60,"D",.,"A",.,"A",.,"A",150,"D",.,"A",.,"A"
"20104",2285974,43,0,"1",.,"A",.,"A",.,"A",.,"A",.,"A",.,"A",.,"A",.,"A",.,"A",.,"A",.,"A",.,"A",.,"A",.,"A",.,"A"
"20104",2285984,38,0,"1",.,"A",.,"A",.,"A",.,"A",.,"A",.,"A",130,"D",.,"A",120,"D",0,"D",0,"D",0,"D",35,"D",0,"D",.,"A"
"20104",2286013,38,0,"1",.,"A",.,"A",.,"A",.,"A",.,"A",.,"A",.,"A",.,"A",.,"A",.,"A",.,"A",.,"A",80,"D",.,"A",.,"A"
"20104",2286024,40,0,"1",.,"A",.,"A",.,"A",.,"A",.,"A",.,"A",.,"A",.,"A",.,"A",.,"A",.,"A",.,"A",.,"A",.,"A",.,"A"
"20104",2286053,57,0,"1",.,"A",.,"A",.,"A",.,"A",.,"A",175,"D",.,"A",.,"A",.,"A",.,"A",.,"A",.,"A",280,"D",.,"A",.,"A"
"20104",2286074,34,0,"1",.,"A",.,"A",.,"A",.,"A",.,"A",.,"A",.,"A",.,"A",.,"A",.,"A",.,"A",.,"A",.,"A",.,"A",.,"A"
"20104",2286093,30,0,"1",.,"A",.,"A",.,"A",.,"A",.,"A",.,"A",.,"A",.,"A",.,"A",.,"A",.,"A",.,"A",15,"F",.,"A",.,"A"
"20104",2286123,42,0,"1",.,"A",.,"A",.,"A",.,"A",.,"A",.,"A",.,"A",.,"A",.,"A",.,"A",.,"A",.,"A",.,"A",.,"A",.,"A"
"20104",2286155,45,0,"1",.,"A",.,"A",.,"A",.,"A",.,"A",.,"A",.,"A",.,"A",.,"A",.,"A",.,"A",.,"A",.,"A",.,"A",.,"A"
"20104",2286224,70,0,"1",.,"A",.,"A",.,"A",.,"A",.,"A",25,"D",.,"A",.,"A",27,"D",.,"A",.,"A",.,"A",120,"D",.,"A",.,"A"
"20104",2286233,58,0,"1",.,"A",.,"A",.,"A",.,"A",.,"A",.,"A",.,"A",.,"A",.,"A",.,"A",.,"A",.,"A",21,"D",.,"A",.,"A"
"20104",2286304,44,0,"1",5,"D",.,"A",.,"A",.,"A",4,"D",.,"A",.,"A",.,"A",.,"A",.,"A",.,"A",.,"A",.,"A",.,"A",.,"A"
"20104",2286314,52,0,"1",.,"A",.,"A",.,"A",.,"A",.,"A",.,"A",.,"A",.,"A",.,"A",.,"A",.,"A",.,"A",22,"D",.,"A",.,"A"
"20104",2286323,64,0,"1",.,"A",.,"A",.,"A",.,"A",.,"A",.,"A",.,"A",.,"A",15,"D",.,"A",.,"A",.,"A",60,"D",.,"A",.,"A"
"20104",2286333,83,0,"1",.,"A",.,"A",.,"A",.,"A",.,"A",.,"A",.,"A",.,"A",.,"A",.,"A",.,"A",.,"A",187,"D",.,"A",.,"A"
"20104",2286344,44,0,"1",.,"A",.,"A",.,"A",.,"A",.,"A",.,"A",.,"A",.,"A",.,"A",.,"A",.,"A",.,"A",360,"D",.,"A",.,"A"
"20104",2286364,51,0,"1",.,"A",.,"A",.,"A",.,"A",210,"D",.,"A",.,"A",.,"A",.,"A",0,"D",0,"D",54,"D",60,"D",0,"D",.,"A"
"20104",2286384,64,0,"1",.,"A",.,"A",.,"A",.,"A",.,"A",.,"A",.,"A",.,"A",.,"A",.,"A",.,"A",.,"A",.,"A",.,"A",.,"A"
"20104",2286453,40,0,"1",.,"A",.,"A",.,"A",.,"A",.,"A",.,"A",.,"A",.,"A",.,"A",.,"A",.,"A",.,"A",45,"D",.,"A",.,"A"
"20104",2286464,54,0,"1",.,"A",.,"A",.,"A",.,"A",.,"A",.,"A",.,"A",.,"A",.,"A",.,"A",.,"A",.,"A",.,"A",.,"A",.,"A"
"20104",2286474,44,0,"1",.,"A",.,"A",.,"A",.,"A",.,"A",.,"A",.,"A",.,"A",.,"A",.,"A",.,"A",.,"A",175,"D",.,"A",.,"A"
"20104",2286524,41,0,"1",.,"A",.,"A",.,"A",.,"A",.,"A",.,"A",.,"A",.,"A",.,"A",99,"D",0,"D",0,"D",.,"A",33,"D",.,"A"
"20104",2286593,61,0,"1",.,"A",.,"A",.,"A",.,"A",.,"A",.,"A",.,"A",.,"A",.,"A",.,"A",.,"A",.,"A",165,"D",.,"A",.,"A"
"20104",2286614,56,0,"1",.,"A",.,"A",.,"A",.,"A",.,"A",30,"D",.,"A",.,"A",.,"A",.,"A",.,"A",.,"A",400,"D",.,"A",.,"A"
"20104",2286633,35,0,"1",.,"A",.,"A",.,"A",.,"A",.,"A",.,"A",.,"A",.,"A",.,"A",.,"A",.,"A",.,"A",.,"A",.,"A",.,"A"
"20104",2286654,44,0,"1",.,"A",.,"A",.,"A",.,"A",.,"A",.,"A",.,"A",.,"A",.,"A",.,"A",.,"A",.,"A",225,"D",.,"A",.,"A"
"20104",2286673,93,0,"1",.,"A",.,"A",30,"D",.,"A",.,"A",60,"D",.,"A",.,"A",.,"A",.,"A",.,"A",.,"A",250,"D",.,"A",.,"A"
"20104",2286704,44,0,"1",.,"A",.,"A",.,"A",.,"A",18,"D",65,"D",.,"A",.,"A",.,"A",255,"D",0,"D",0,"D",85,"D",85,"D",.,"A"
"20104",2286733,50,0,"1",.,"A",.,"A",.,"A",.,"A",.,"A",.,"A",.,"A",.,"A",.,"A",.,"A",.,"A",.,"A",150,"D",.,"A",.,"A"
"20104",2286774,48,0,"1",.,"A",.,"A",.,"A",.,"A",.,"A",35,"D",.,"A",.,"A",.,"A",990,"D",0,"D",0,"D",300,"D",330,"D",.,"A"
"20104",2286794,68,0,"1",.,"A",.,"A",.,"A",.,"A",.,"A",150,"D",390,"D",.,"A",.,"A",.,"A",.,"A",.,"A",180,"D",.,"A",.,"A"
"20104",2286854,56,0,"1",.,"A",.,"A",.,"A",.,"A",.,"A",.,"A",.,"A",.,"A",.,"A",.,"A",.,"A",.,"A",8,"D",.,"A",.,"A"
"20104",2286874,59,0,"1",.,"A",.,"A",.,"A",.,"A",.,"A",.,"A",.,"A",.,"A",.,"A",.,"A",.,"A",.,"A",56,"D",.,"A",.,"A"
"20104",2286933,51,0,"1",.,"A",.,"A",.,"A",.,"A",.,"A",.,"A",.,"A",520,"D",.,"A",.,"A",.,"A",.,"A",60,"D",.,"A",.,"A"
"20104",2286964,29,0,"1",.,"A",.,"A",.,"A",.,"A",.,"A",.,"A",.,"A",.,"A",.,"A",.,"A",.,"A",.,"A",.,"A",.,"A",.,"A"
"20104",2286974,79,0,"1",.,"A",.,"A",.,"A",.,"A",150,"D",30,"D",.,"A",.,"A",15,"D",.,"A",.,"A",.,"A",150,"D",.,"A",.,"A"
"20104",2287043,68,0,"1",.,"A",.,"A",.,"A",.,"A",25,"D",.,"A",.,"A",.,"A",45,"D",.,"A",.,"A",.,"A",25,"D",.,"A",.,"A"
"20104",2287093,44,0,"1",.,"A",.,"A",.,"A",.,"A",6,"D",.,"A",.,"A",.,"A",.,"A",.,"A",.,"A",.,"A",40,"D",.,"A",.,"A"
"20104",2287103,48,0,"1",.,"A",.,"A",.,"A",.,"A",.,"A",60,"D",.,"A",.,"A",.,"A",.,"A",.,"A",.,"A",80,"D",.,"A",.,"A"
"20104",2287114,47,0,"1",.,"A",.,"A",.,"A",.,"A",.,"A",25,"D",.,"A",.,"A",.,"A",.,"A",.,"A",.,"A",45,"D",.,"A",.,"A"
"20104",2287153,36,0,"1",.,"A",.,"A",3,"D",.,"A",.,"A",.,"A",.,"A",.,"A",.,"A",.,"A",.,"A",.,"A",.,"A",.,"A",.,"A"
"20104",2287174,40,0,"1",.,"A",.,"A",.,"A",.,"A",.,"A",.,"A",585,"D",.,"A",.,"A",.,"A",.,"A",.,"A",.,"A",.,"A",.,"A"
"20104",2287193,53,0,"1",.,"A",.,"A",.,"A",.,"A",.,"A",.,"A",.,"A",.,"A",.,"A",.,"A",.,"A",.,"A",15,"D",.,"A",.,"A"
"20104",2287224,52,0,"1",.,"A",.,"A",.,"A",.,"A",.,"A",.,"A",.,"A",.,"A",.,"A",.,"A",.,"A",.,"A",.,"A",.,"A",.,"A"
"20104",2287233,39,0,"1",.,"A",.,"A",.,"A",.,"A",.,"A",.,"A",.,"A",.,"A",.,"A",.,"A",.,"A",.,"A",36,"D",.,"A",.,"A"
"20104",2287254,37,0,"1",.,"A",.,"A",.,"A",.,"A",18,"D",.,"A",.,"A",.,"A",.,"A",.,"A",.,"A",.,"A",18,"D",.,"A",.,"A"
"20104",2287303,33,0,"1",.,"A",.,"A",.,"A",.,"A",10,"D",.,"A",78,"D",.,"A",.,"A",.,"A",.,"A",.,"A",54,"D",.,"A",.,"A"
"20104",2287314,29,0,"1",.,"A",.,"A",.,"A",.,"A",15,"D",.,"A",.,"A",.,"A",.,"A",.,"A",.,"A",.,"A",30,"D",.,"A",.,"A"
"20104",2287323,48,0,"1",.,"A",.,"A",.,"A",.,"A",.,"A",.,"A",91,"D",.,"A",.,"A",.,"A",.,"A",.,"A",.,"A",.,"A",.,"A"
"20104",2287334,38,0,"1",.,"A",.,"A",.,"A",.,"A",.,"A",30,"D",.,"A",.,"A",.,"A",.,"A",.,"A",.,"A",95,"D",.,"A",.,"A"
"20104",2287353,61,0,"1",.,"A",.,"A",.,"A",.,"A",.,"A",.,"A",.,"A",.,"A",.,"A",.,"A",.,"A",.,"A",165,"D",.,"A",.,"A"
"20104",2287364,43,0,"1",.,"A",.,"A",.,"A",.,"A",.,"A",60,"D",.,"A",.,"A",.,"A",270,"D",0,"D",0,"D",.,"A",90,"D",.,"A"
"20104",2287373,25,0,"1",.,"A",.,"A",.,"A",.,"A",35,"F",.,"A",.,"A",.,"A",.,"A",.,"A",.,"A",.,"A",.,"A",.,"A",.,"A"
"20104",2287383,44,0,"1",15,"D",.,"A",.,"A",.,"A",60,"D",15,"D",.,"A",.,"A",6,"D",60,"D",60,"D",60,"D",70,"D",20,"D",260,"D"
"20104",2287394,31,0,"1",.,"A",.,"A",.,"A",.,"A",.,"A",.,"A",.,"A",.,"A",.,"A",.,"A",.,"A",.,"A",.,"A",.,"A",.,"A"
"20104",2287424,55,0,"1",.,"A",.,"A",.,"A",.,"A",.,"A",.,"A",.,"A",.,"A",.,"A",.,"A",.,"A",.,"A",54,"D",.,"A",.,"A"
"20104",2287433,37,0,"1",.,"A",.,"A",.,"A",.,"A",.,"A",.,"A",.,"A",.,"A",.,"A",.,"A",.,"A",.,"A",.,"A",.,"A",.,"A"
"20104",2287453,40,0,"1",.,"A",.,"A",.,"A",.,"A",.,"A",.,"A",.,"A",.,"A",.,"A",.,"A",.,"A",.,"A",.,"A",.,"A",.,"A"
"20104",2287464,50,0,"1",.,"A",.,"A",.,"A",.,"A",.,"A",40,"D",.,"A",.,"A",.,"A",.,"A",.,"A",.,"A",40,"D",.,"A",.,"A"
"20104",2287474,48,0,"1",.,"A",.,"A",.,"A",.,"A",40,"D",.,"A",.,"A",.,"A",.,"A",195,"D",0,"D",0,"D",120,"D",65,"D",.,"A"
"20104",2287503,63,0,"1",.,"A",.,"A",.,"A",.,"A",.,"A",.,"A",117,"D",.,"A",.,"A",.,"A",.,"A",.,"A",18,"D",.,"A",.,"A"
"20104",2287514,47,0,"1",.,"A",.,"A",.,"A",.,"A",.,"A",300,"D",.,"A",.,"A",.,"A",.,"A",.,"A",.,"A",60,"D",.,"A",.,"A"
"20104",2287524,40,0,"1",.,"A",.,"A",.,"A",.,"A",150,"D",.,"A",.,"A",.,"A",30,"D",.,"A",.,"A",.,"A",.,"A",.,"A",.,"A"
"20104",2287584,63,0,"1",.,"A",.,"A",.,"A",.,"A",.,"A",.,"A",.,"A",.,"A",.,"A",.,"A",.,"A",.,"A",64,"D",.,"A",.,"A"
"20104",2287653,47,0,"1",.,"A",.,"A",.,"A",.,"A",.,"A",.,"A",260,"D",.,"A",.,"A",.,"A",.,"A",.,"A",.,"A",.,"A",.,"A"
"20104",2287683,39,0,"1",.,"A",.,"A",.,"A",.,"A",.,"A",.,"A",975,"D",.,"A",.,"A",.,"A",.,"A",.,"A",.,"A",.,"A",.,"A"
"20104",2287694,52,0,"1",.,"A",.,"A",.,"A",.,"A",.,"A",.,"A",.,"A",.,"A",.,"A",.,"A",.,"A",.,"A",50,"D",.,"A",.,"A"
"20104",2287734,53,0,"1",.,"A",.,"A",.,"A",.,"A",.,"A",.,"A",.,"A",.,"A",54,"D",.,"A",.,"A",.,"A",60,"D",.,"A",.,"A"
"20104",2287744,62,0,"1",.,"A",.,"A",.,"A",.,"A",.,"A",.,"A",.,"A",.,"A",.,"A",.,"A",.,"A",.,"A",600,"D",.,"A",.,"A"
"20104",2287864,39,0,"1",.,"A",.,"A",.,"A",.,"A",.,"A",.,"A",.,"A",.,"A",.,"A",.,"A",.,"A",.,"A",.,"A",.,"A",.,"A"
"20104",2287874,47,0,"1",.,"A",.,"A",.,"A",.,"A",.,"A",.,"A",.,"A",.,"A",.,"A",.,"A",.,"A",.,"A",21,"D",.,"A",.,"A"
"20104",2287884,65,0,"1",.,"A",.,"A",.,"A",.,"A",.,"A",.,"A",.,"A",.,"A",.,"A",.,"A",.,"A",.,"A",50,"D",.,"A",.,"A"
"20104",2287905,31,0,"1",.,"A",.,"A",.,"A",.,"A",.,"A",.,"A",325,"D",.,"A",.,"A",.,"A",.,"A",.,"A",.,"A",.,"A",.,"A"
"20104",2287914,86,0,"1",.,"A",.,"A",.,"A",.,"A",.,"A",.,"A",.,"A",.,"A",.,"A",.,"A",.,"A",.,"A",90,"D",.,"A",.,"A"
"20104",2287923,56,0,"1",.,"A",.,"A",.,"A",.,"A",.,"A",.,"A",.,"A",.,"A",.,"A",0,"D",0,"D",3,"D",150,"D",0,"D",.,"A"
"20104",2287933,63,0,"1",.,"A",.,"A",.,"A",.,"A",.,"A",20,"D",676,"D",.,"A",.,"A",360,"D",0,"D",0,"D",110,"D",120,"D",.,"A"
"20104",2287954,33,0,"1",.,"A",.,"A",.,"A",.,"A",.,"A",.,"A",.,"A",.,"A",.,"A",.,"A",.,"A",.,"A",50,"D",.,"A",.,"A"
"20104",2287974,39,0,"1",.,"A",.,"A",.,"A",.,"A",.,"A",.,"A",26,"D",.,"A",.,"A",.,"A",.,"A",.,"A",.,"A",.,"A",.,"A"
"20104",2288024,31,0,"1",.,"A",.,"A",.,"A",.,"A",.,"A",.,"A",.,"A",.,"A",.,"A",.,"A",.,"A",.,"A",.,"A",.,"A",.,"A"
"20104",2288063,36,0,"1",.,"A",.,"A",.,"A",.,"A",.,"A",.,"A",.,"A",.,"A",.,"A",.,"A",.,"A",.,"A",.,"A",.,"A",.,"A"
"20104",2288104,36,0,"1",.,"A",.,"A",.,"A",.,"A",.,"A",.,"A",.,"A",.,"A",.,"A",.,"A",.,"A",.,"A",40,"D",.,"A",.,"A"
"20104",2288114,61,0,"1",.,"A",.,"A",.,"A",.,"A",.,"A",.,"A",.,"A",.,"A",.,"A",.,"A",.,"A",.,"A",.,"A",.,"A",.,"A"
"20104",2288124,73,0,"1",.,"A",.,"A",.,"A",.,"A",.,"A",.,"A",.,"A",.,"A",.,"A",.,"A",.,"A",.,"A",15,"D",.,"A",.,"A"
"20104",2288133,30,0,"1",5,"D",.,"A",.,"A",.,"A",25,"D",.,"A",390,"D",.,"A",30,"D",0,"D",0,"D",60,"D",15,"D",0,"D",.,"A"
"20104",2288213,30,0,"1",20,"D",.,"A",.,"A",.,"A",100,"D",.,"A",325,"D",.,"A",.,"A",.,"A",.,"A",.,"A",.,"A",.,"A",.,"A"
"20104",2288254,44,0,"1",.,"A",.,"A",.,"A",.,"A",.,"A",.,"A",.,"A",.,"A",.,"A",.,"A",.,"A",.,"A",.,"A",.,"A",.,"A"
"20104",2288264,85,0,"1",.,"A",.,"A",.,"A",.,"A",.,"A",36,"D",.,"A",.,"A",.,"A",.,"A",.,"A",.,"A",24,"D",.,"A",.,"A"
"20104",2288293,32,0,"1",.,"A",.,"A",.,"A",.,"A",.,"A",.,"A",.,"A",.,"A",.,"A",.,"A",.,"A",.,"A",30,"D",.,"A",.,"A"
"20104",2288303,36,0,"1",.,"A",.,"A",.,"A",.,"A",.,"A",.,"A",.,"A",.,"A",.,"A",.,"A",.,"A",.,"A",.,"A",.,"A",.,"A"
"20104",2288314,78,0,"1",.,"A",.,"A",.,"A",.,"A",.,"A",.,"A",.,"A",.,"A",.,"A",.,"A",.,"A",.,"A",18,"D",.,"A",.,"A"
"20104",2288353,20,0,"1",.,"A",.,"A",.,"A",.,"A",10,"D",.,"A",.,"A",.,"A",.,"A",.,"A",.,"A",.,"A",.,"A",.,"A",.,"A"
"20104",2288363,49,0,"1",.,"A",.,"A",.,"A",.,"A",.,"A",.,"A",.,"A",.,"A",.,"A",.,"A",.,"A",.,"A",.,"A",.,"A",.,"A"
"20104",2288403,109,0,"1",.,"A",.,"A",.,"A",.,"A",.,"A",.,"A",.,"A",.,"A",60,"D",.,"A",.,"A",.,"A",350,"D",.,"A",.,"A"
"20104",2288414,87,0,"1",.,"A",.,"A",.,"A",.,"A",.,"A",.,"A",.,"A",.,"A",30,"D",.,"A",.,"A",.,"A",60,"D",.,"A",.,"A"
"20104",2288434,45,0,"1",.,"A",.,"A",.,"A",.,"A",.,"A",.,"A",.,"A",.,"A",.,"A",.,"A",.,"A",.,"A",.,"A",.,"A",.,"A"
"20104",2288444,55,0,"1",.,"A",.,"A",.,"A",.,"A",.,"A",.,"A",.,"A",.,"A",.,"A",.,"A",.,"A",.,"A",65,"D",.,"A",.,"A"
"20104",2288464,38,0,"1",.,"A",.,"A",.,"A",.,"A",.,"A",.,"A",.,"A",.,"A",.,"A",.,"A",.,"A",.,"A",20,"D",.,"A",.,"A"
"20104",2288494,71,0,"1",.,"A",.,"A",.,"A",.,"A",.,"A",.,"A",260,"D",.,"A",30,"D",.,"A",.,"A",.,"A",50,"D",.,"A",.,"A"
"20104",2288523,42,0,"1",.,"A",.,"A",.,"A",.,"A",.,"A",.,"A",.,"A",.,"A",.,"A",.,"A",.,"A",.,"A",.,"A",.,"A",.,"A"
"20104",2288543,38,0,"1",.,"A",.,"A",.,"A",.,"A",.,"A",.,"A",.,"A",.,"A",.,"A",.,"A",.,"A",.,"A",57,"D",.,"A",.,"A"
"20104",2288574,54,0,"1",.,"A",.,"A",.,"A",.,"A",.,"A",.,"A",.,"A",.,"A",.,"A",.,"A",.,"A",.,"A",100,"D",.,"A",.,"A"
"20104",2288583,31,0,"1",.,"A",.,"A",.,"A",.,"A",.,"A",.,"A",.,"A",.,"A",.,"A",.,"A",.,"A",.,"A",.,"A",.,"A",.,"A"
"20104",2288594,42,0,"1",.,"A",.,"A",.,"A",.,"A",.,"A",.,"A",.,"A",.,"A",.,"A",.,"A",.,"A",.,"A",30,"D",.,"A",.,"A"
"20104",2288624,33,0,"1",.,"A",.,"A",.,"A",.,"A",.,"A",.,"A",.,"A",.,"A",.,"A",.,"A",.,"A",.,"A",.,"A",.,"A",.,"A"
"20104",2288634,24,0,"1",.,"A",.,"A",.,"A",.,"A",120,"D",.,"A",.,"A",.,"A",.,"A",.,"A",.,"A",.,"A",25,"D",.,"A",.,"A"
"20104",2288643,55,0,"1",.,"A",.,"A",.,"A",.,"A",.,"A",.,"A",.,"A",.,"A",.,"A",.,"A",.,"A",.,"A",.,"A",.,"A",.,"A"
"20104",2288654,26,0,"1",.,"A",.,"A",.,"A",.,"A",.,"A",.,"A",.,"A",.,"A",.,"A",.,"A",.,"A",.,"A",.,"A",.,"A",.,"A"
"20104",2288663,34,0,"1",.,"A",.,"A",.,"A",.,"A",.,"A",.,"A",.,"A",.,"A",.,"A",.,"A",.,"A",.,"A",40,"D",.,"A",.,"A"
"20104",2288693,49,0,"1",.,"A",.,"A",.,"A",.,"A",.,"A",.,"A",.,"A",.,"A",.,"A",.,"A",.,"A",.,"A",92,"D",.,"A",.,"A"
"20104",2288715,48,0,"1",.,"A",.,"A",.,"A",.,"A",.,"A",.,"A",.,"A",.,"A",.,"A",.,"A",.,"A",.,"A",.,"A",.,"A",.,"A"
"20104",2288723,78,0,"1",.,"A",.,"A",.,"A",40,"D",.,"A",.,"A",.,"A",.,"A",.,"A",.,"A",.,"A",.,"A",100,"D",.,"A",.,"A"
"20104",2288734,63,0,"1",.,"A",.,"A",.,"A",.,"A",.,"A",.,"A",.,"A",.,"A",.,"A",.,"A",.,"A",.,"A",60,"D",.,"A",.,"A"
"20104",2288764,30,0,"1",.,"A",.,"A",.,"A",.,"A",.,"A",.,"A",.,"A",.,"A",.,"A",.,"A",.,"A",.,"A",.,"A",.,"A",.,"A"
"20104",2288774,41,0,"1",.,"A",.,"A",.,"A",.,"A",.,"A",150,"D",.,"A",455,"D",.,"A",.,"A",.,"A",.,"A",180,"D",.,"A",.,"A"
"20104",2288784,30,0,"1",.,"A",.,"A",.,"A",.,"A",.,"A",.,"A",.,"A",.,"A",.,"A",.,"A",.,"A",.,"A",.,"A",.,"A",.,"A"
"20104",2288793,30,0,"1",.,"A",.,"A",.,"A",.,"A",.,"A",.,"A",.,"A",.,"A",.,"A",0,"D",0,"D",60,"D",.,"A",0,"D",.,"A"
"20104",2288813,23,0,"1",.,"A",.,"A",.,"A",.,"A",.,"A",.,"A",.,"A",.,"A",.,"A",.,"A",.,"A",.,"A",.,"A",.,"A",.,"A"
"20104",2288844,56,0,"1",.,"A",.,"A",.,"A",20,"D",.,"A",.,"A",.,"A",26,"D",30,"D",.,"A",.,"A",.,"A",50,"D",.,"A",.,"A"
"20104",2288854,54,0,"1",50,"D",.,"A",.,"A",.,"A",34,"D",.,"A",.,"A",.,"A",.,"A",.,"A",.,"A",.,"A",.,"A",.,"A",.,"A"
"20104",2288893,44,0,"1",.,"A",.,"A",.,"A",.,"A",.,"A",.,"A",.,"A",.,"A",.,"A",.,"A",.,"A",.,"A",20,"D",.,"A",.,"A"
"20104",2288904,27,0,"1",.,"A",.,"A",.,"A",.,"A",.,"A",.,"A",260,"D",.,"A",.,"A",.,"A",.,"A",.,"A",40,"D",.,"A",.,"A"
"20104",2288913,37,0,"1",.,"A",.,"A",.,"A",.,"A",.,"A",.,"A",.,"A",.,"A",60,"D",.,"A",.,"A",.,"A",.,"A",.,"A",.,"A"
"20104",2288983,29,0,"1",.,"A",.,"A",.,"A",.,"A",.,"A",.,"A",234,"D",.,"A",.,"A",.,"A",.,"A",.,"A",.,"A",.,"A",.,"A"
"20104",2288993,29,0,"1",.,"A",.,"A",.,"A",.,"A",30,"D",.,"A",.,"A",.,"A",.,"A",600,"D",0,"D",0,"D",.,"A",200,"D",.,"A"
"20104",2289013,53,0,"1",.,"A",.,"A",.,"A",.,"A",.,"A",60,"D",.,"A",.,"A",.,"A",.,"A",.,"A",.,"A",200,"D",.,"A",.,"A"
"20104",2289063,34,0,"1",.,"A",.,"A",.,"A",.,"A",.,"A",.,"A",.,"A",.,"A",.,"A",.,"A",.,"A",.,"A",22,"D",.,"A",.,"A"
"20104",2289074,35,0,"1",.,"A",.,"A",.,"A",.,"A",.,"A",.,"A",.,"A",.,"A",.,"A",0,"D",0,"D",30,"D",.,"A",0,"D",.,"A"
"20104",2289083,61,0,"1",.,"A",.,"A",.,"A",.,"A",.,"A",.,"A",.,"A",.,"A",.,"A",.,"A",.,"A",.,"A",.,"A",.,"A",.,"A"
"20104",2289093,82,0,"1",.,"A",.,"A",.,"A",.,"A",.,"A",281,"D",.,"A",.,"A",.,"A",.,"A",.,"A",.,"A",280,"D",.,"A",.,"A"
"20104",2289113,38,0,"1",.,"A",.,"A",.,"A",.,"A",.,"A",.,"A",.,"A",.,"A",.,"A",.,"A",.,"A",.,"A",.,"A",.,"A",.,"A"
"20104",2289124,33,0,"1",.,"A",.,"A",.,"A",.,"A",.,"A",.,"A",.,"A",.,"A",.,"A",.,"A",.,"A",.,"A",.,"A",.,"A",.,"A"
"20104",2289144,63,0,"1",.,"A",.,"A",.,"A",.,"A",.,"A",.,"A",143,"D",.,"A",.,"A",.,"A",.,"A",.,"A",75,"D",.,"A",.,"A"
"20104",2289193,35,0,"1",.,"A",.,"A",.,"A",.,"A",80,"D",20,"D",.,"A",.,"A",.,"A",.,"A",.,"A",.,"A",50,"D",.,"A",.,"A"
"20104",2289214,44,0,"1",.,"A",.,"A",.,"A",.,"A",.,"A",.,"A",.,"A",.,"A",.,"A",.,"A",.,"A",.,"A",75,"D",.,"A",.,"A"
"20104",2289224,68,0,"1",.,"A",.,"A",.,"A",.,"A",.,"A",25,"D",.,"A",.,"A",.,"A",.,"A",.,"A",.,"A",40,"D",.,"A",.,"A"
"20104",2289263,45,0,"1",.,"A",.,"A",.,"A",.,"A",.,"A",.,"A",.,"A",.,"A",.,"A",.,"A",.,"A",.,"A",30,"D",.,"A",.,"A"
"20104",2289284,27,0,"1",.,"A",.,"A",.,"A",.,"A",30,"D",.,"A",130,"D",.,"A",.,"A",.,"A",.,"A",.,"A",11,"D",.,"A",.,"A"
"20104",2289334,52,0,"1",.,"A",.,"A",.,"A",.,"A",.,"A",.,"A",.,"A",.,"A",.,"A",.,"A",.,"A",.,"A",.,"A",.,"A",.,"A"
"20104",2289344,36,0,"1",.,"A",.,"A",.,"A",.,"A",.,"A",.,"A",.,"A",.,"A",.,"A",.,"A",.,"A",.,"A",60,"F",.,"A",.,"A"
"20104",2289393,57,0,"1",.,"A",.,"A",.,"A",.,"A",.,"A",.,"A",.,"A",.,"A",.,"A",.,"A",.,"A",.,"A",.,"A",.,"A",.,"A"
"20104",2289424,51,0,"1",.,"A",.,"A",.,"A",.,"A",.,"A",.,"A",650,"D",.,"A",.,"A",.,"A",.,"A",.,"A",320,"D",.,"A",.,"A"
"20104",2289433,49,0,"1",.,"A",.,"A",.,"A",.,"A",.,"A",.,"A",.,"A",.,"A",.,"A",.,"A",.,"A",.,"A",20,"D",.,"A",.,"A"
"20104",2289454,66,0,"1",.,"A",.,"A",.,"A",.,"A",.,"A",300,"D",.,"A",.,"A",.,"A",.,"A",.,"A",.,"A",700,"D",.,"A",.,"A"
"20104",2289494,44,0,"1",.,"A",.,"A",.,"A",.,"A",.,"A",.,"A",780,"D",.,"A",.,"A",.,"A",.,"A",.,"A",240,"D",.,"A",.,"A"
"20104",2289513,54,0,"1",.,"A",.,"A",.,"A",.,"A",.,"A",.,"A",.,"A",.,"A",.,"A",.,"A",.,"A",.,"A",.,"A",.,"A",.,"A"
"20104",2289533,59,0,"1",.,"A",.,"A",.,"A",.,"A",.,"A",75,"D",.,"A",.,"A",.,"A",75,"D",0,"D",75,"D",200,"D",25,"D",.,"A"
"20104",2289543,42,0,"1",.,"A",.,"A",.,"A",.,"A",.,"A",.,"A",.,"A",.,"A",.,"A",.,"A",.,"A",.,"A",30,"D",.,"A",.,"A"
"20104",2289554,49,0,"1",.,"A",.,"A",.,"A",.,"A",.,"A",.,"A",.,"A",.,"A",.,"A",.,"A",.,"A",.,"A",30,"D",.,"A",.,"A"
"20104",2289563,33,0,"1",.,"A",.,"A",.,"A",.,"A",.,"A",.,"A",390,"D",.,"A",.,"A",.,"A",.,"A",.,"A",.,"A",.,"A",.,"A"
"20104",2289643,31,0,"1",.,"A",.,"A",.,"A",.,"A",.,"A",.,"A",.,"A",.,"A",.,"A",0,"D",0,"D",30,"D",.,"A",0,"D",.,"A"
"20104",2289654,41,0,"1",.,"A",.,"A",.,"A",.,"A",.,"A",.,"A",325,"D",13,"D",.,"A",.,"A",.,"A",.,"A",15,"D",.,"A",.,"A"
"20104",2289753,42,0,"1",.,"A",.,"A",.,"A",.,"A",60,"D",.,"A",.,"A",.,"A",.,"A",.,"A",.,"A",.,"A",75,"D",.,"A",.,"A"
"20104",2289784,27,0,"1",.,"A",.,"A",.,"A",.,"A",15,"D",.,"A",.,"A",.,"A",.,"A",.,"A",.,"A",.,"A",.,"A",.,"A",.,"A"
"20104",2289794,53,0,"1",.,"A",.,"A",.,"A",.,"A",.,"A",.,"A",.,"A",.,"A",.,"A",.,"A",.,"A",.,"A",25,"D",.,"A",.,"A"
"20104",2289803,34,0,"1",.,"A",.,"A",.,"A",.,"A",.,"A",.,"A",260,"D",.,"A",.,"A",.,"A",.,"A",.,"A",30,"D",.,"A",.,"A"
"20104",2289824,73,0,"1",.,"A",.,"A",.,"A",.,"A",.,"A",60,"D",.,"A",.,"A",.,"A",.,"A",.,"A",.,"A",75,"D",.,"A",.,"A"
"20104",2289843,57,0,"1",.,"A",.,"A",.,"A",.,"A",.,"A",.,"A",.,"A",.,"A",.,"A",.,"A",.,"A",.,"A",.,"A",.,"A",.,"A"
"20104",2289854,40,0,"1",.,"A",.,"A",.,"A",.,"A",75,"D",.,"A",.,"A",.,"A",.,"A",.,"A",.,"A",.,"A",.,"A",.,"A",.,"A"
"20104",2289894,25,0,"1",.,"A",.,"A",.,"A",.,"A",240,"D",.,"A",.,"A",.,"A",.,"A",267,"D",0,"D",0,"D",.,"A",89,"D",.,"A"
"20104",2289914,47,0,"1",.,"A",.,"A",.,"A",.,"A",.,"A",.,"A",.,"A",.,"A",.,"A",.,"A",.,"A",.,"A",60,"D",.,"A",.,"A"
"20104",2290015,27,0,"1",.,"A",.,"A",.,"A",.,"A",24,"D",.,"A",.,"A",.,"A",.,"A",.,"A",.,"A",.,"A",20,"D",.,"A",.,"A"
"20104",2290044,31,0,"1",.,"A",.,"A",.,"A",.,"A",.,"A",.,"A",.,"A",.,"A",.,"A",.,"A",.,"A",.,"A",60,"D",.,"A",.,"A"
"20104",2290054,57,0,"1",.,"A",.,"A",.,"A",.,"A",.,"A",.,"A",.,"A",.,"A",.,"A",.,"A",.,"A",.,"A",.,"A",.,"A",.,"A"
"20104",2290153,31,0,"1",.,"A",.,"A",.,"A",.,"A",.,"A",.,"A",.,"A",.,"A",.,"A",.,"A",.,"A",.,"A",.,"A",.,"A",.,"A"
"20104",2290183,24,0,"1",.,"A",.,"A",.,"A",20,"D",25,"D",25,"D",.,"A",.,"A",.,"A",630,"D",0,"D",0,"D",40,"D",210,"D",.,"A"
"20104",2290195,37,0,"1",.,"A",.,"A",.,"A",.,"A",.,"A",.,"A",.,"A",.,"A",.,"A",.,"A",.,"A",.,"A",200,"D",.,"A",.,"A"
"20104",2290243,60,0,"1",.,"A",.,"A",.,"A",70,"D",.,"A",40,"D",.,"A",.,"A",.,"A",420,"D",0,"D",0,"D",40,"D",140,"D",.,"A"
"20104",2290254,54,0,"1",.,"A",.,"A",.,"A",.,"A",.,"A",.,"A",.,"A",.,"A",.,"A",.,"A",.,"A",.,"A",55,"D",.,"A",.,"A"
"20104",2290274,29,0,"1",.,"A",.,"A",.,"A",.,"A",16,"D",.,"A",.,"A",.,"A",12,"D",.,"A",.,"A",.,"A",35,"D",.,"A",.,"A"
"20104",2290284,29,0,"1",.,"A",.,"A",.,"A",.,"A",32,"D",.,"A",.,"A",.,"A",.,"A",0,"D",0,"D",0,"D",30,"D",0,"D",.,"A"
"20104",2290313,27,0,"1",.,"A",.,"A",.,"A",.,"A",30,"D",.,"A",.,"A",.,"A",.,"A",0,"D",0,"D",15,"D",30,"D",0,"D",.,"A"
"20104",2290333,35,0,"1",.,"A",.,"A",.,"A",.,"A",.,"A",.,"A",.,"A",.,"A",.,"A",.,"A",.,"A",.,"A",.,"A",.,"A",.,"A"
"20104",2290354,41,0,"1",.,"A",.,"A",.,"A",.,"A",.,"A",.,"A",260,"D",.,"A",12,"D",.,"A",.,"A",.,"A",.,"A",.,"A",.,"A"
"20104",2290374,41,0,"1",.,"A",.,"A",.,"A",.,"A",.,"A",.,"A",520,"D",.,"A",.,"A",.,"A",.,"A",.,"A",.,"A",.,"A",.,"A"
"20104",2290434,38,0,"1",.,"A",.,"A",.,"A",.,"A",.,"A",.,"A",.,"A",.,"A",.,"A",.,"A",.,"A",.,"A",60,"D",.,"A",.,"A"
"20104",2290464,47,0,"1",.,"A",.,"A",.,"A",.,"A",.,"A",.,"A",.,"A",.,"A",45,"D",.,"A",.,"A",.,"A",70,"D",.,"A",.,"A"
"20104",2290523,27,0,"1",.,"A",.,"A",.,"A",.,"A",.,"A",.,"A",260,"D",.,"A",.,"A",.,"A",.,"A",.,"A",.,"A",.,"A",.,"A"
"20104",2290583,36,0,"1",.,"A",.,"A",.,"A",.,"A",.,"A",.,"A",.,"A",.,"A",.,"A",.,"A",.,"A",.,"A",.,"A",.,"A",.,"A"
"20104",2290593,31,0,"1",3,"D",.,"A",.,"A",.,"A",0,"D",.,"A",.,"A",.,"A",.,"A",.,"A",.,"A",.,"A",11,"D",.,"A",.,"A"
"20104",2290633,58,0,"1",.,"A",.,"A",.,"A",.,"A",.,"A",.,"A",.,"A",.,"A",.,"A",.,"A",.,"A",.,"A",100,"D",.,"A",.,"A"
"20104",2290654,54,0,"1",.,"A",.,"A",.,"A",.,"A",.,"A",.,"A",.,"A",.,"A",.,"A",.,"A",.,"A",.,"A",200,"D",.,"A",.,"A"
"20104",2290663,46,0,"1",.,"A",.,"A",.,"A",.,"A",10,"D",.,"A",.,"A",.,"A",.,"A",.,"A",.,"A",.,"A",17,"D",.,"A",.,"A"
"20104",2290673,47,0,"1",.,"A",.,"A",.,"A",.,"A",.,"A",100,"D",.,"A",.,"A",.,"A",.,"A",.,"A",.,"A",150,"D",.,"A",.,"A"
"20104",2290684,54,0,"1",.,"A",.,"A",.,"A",.,"A",.,"A",90,"D",.,"A",.,"A",.,"A",.,"A",.,"A",.,"A",50,"D",.,"A",.,"A"
"20104",2290694,105,0,"1",.,"A",.,"A",.,"A",.,"A",.,"A",.,"A",.,"A",.,"A",.,"A",.,"A",.,"A",.,"A",45,"D",.,"A",.,"A"
"20104",2290723,31,0,"1",.,"A",.,"A",.,"A",.,"A",.,"A",.,"A",.,"A",.,"A",.,"A",90,"F",0,"D",0,"D",.,"A",.,"C",.,"A"
"20104",2290754,52,0,"1",.,"A",.,"A",.,"A",.,"A",.,"A",32,"D",.,"A",.,"A",.,"A",.,"A",.,"A",.,"A",120,"D",.,"A",.,"A"
"20104",2290784,78,0,"1",.,"A",.,"A",.,"A",.,"A",.,"A",.,"A",.,"A",.,"A",.,"A",.,"A",.,"A",.,"A",.,"A",.,"A",.,"A"
"20104",2290804,72,0,"1",.,"A",.,"A",.,"A",.,"A",.,"A",.,"A",.,"A",.,"A",.,"A",.,"A",.,"A",.,"A",130,"D",.,"A",.,"A"
"20104",2290813,41,0,"1",.,"A",.,"A",.,"A",.,"A",.,"A",.,"A",.,"A",.,"A",.,"A",.,"A",.,"A",.,"A",30,"D",.,"A",.,"A"
"20104",2290833,49,0,"1",.,"A",.,"A",.,"A",.,"A",.,"A",.,"A",.,"A",.,"A",.,"A",.,"A",.,"A",.,"A",100,"D",.,"A",.,"A"
"20104",2290853,77,0,"1",.,"A",.,"A",.,"A",.,"A",.,"A",75,"D",.,"A",65,"D",.,"A",.,"A",.,"A",.,"A",250,"D",.,"A",.,"A"
"20104",2290883,30,0,"1",.,"A",.,"A",.,"A",.,"A",30,"D",.,"A",195,"D",.,"A",60,"D",.,"A",.,"A",.,"A",.,"A",.,"A",.,"A"
"20104",2290894,65,0,"1",.,"A",.,"A",.,"A",.,"A",.,"A",25,"D",1287,"D",.,"A",.,"A",.,"A",.,"A",.,"A",36,"D",.,"A",.,"A"
"20104",2290903,42,0,"1",.,"A",.,"A",.,"A",.,"A",.,"A",.,"A",.,"A",.,"A",.,"A",.,"A",.,"A",.,"A",27,"D",.,"A",.,"A"
"20104",2290913,31,0,"1",.,"A",.,"A",.,"A",.,"A",120,"D",.,"A",.,"A",.,"A",24,"D",210,"D",0,"D",0,"D",30,"D",70,"D",.,"A"
"20104",2290924,55,0,"1",.,"A",.,"A",.,"A",.,"A",.,"A",.,"A",.,"A",.,"A",.,"A",.,"A",.,"A",.,"A",30,"D",.,"A",.,"A"
"20104",2290933,26,0,"1",.,"A",.,"A",.,"A",.,"A",15,"D",.,"A",.,"A",.,"A",15,"D",0,"D",0,"D",0,"D",.,"A",0,"D",.,"A"
"20104",2290973,50,0,"1",.,"A",.,"A",.,"A",.,"A",.,"A",10,"D",.,"A",.,"A",.,"A",.,"A",.,"A",.,"A",.,"A",.,"A",.,"A"
"20104",2290984,36,0,"1",.,"A",.,"A",.,"A",.,"A",.,"A",.,"A",520,"D",.,"A",.,"A",.,"A",.,"A",.,"A",.,"A",.,"A",.,"A"
"20104",2290994,57,0,"1",.,"A",.,"A",.,"A",.,"A",.,"A",.,"A",260,"D",.,"A",.,"A",.,"A",.,"A",.,"A",.,"A",.,"A",.,"A"
"20104",2291003,38,0,"1",.,"A",.,"A",.,"A",150,"D",50,"D",.,"A",.,"A",.,"A",.,"A",150,"D",0,"D",0,"D",100,"D",50,"D",.,"A"
"20104",2291023,69,0,"1",.,"A",.,"A",.,"A",.,"A",.,"A",.,"A",.,"A",.,"A",60,"D",.,"A",.,"A",.,"A",.,"A",.,"A",.,"A"
"20104",2291044,30,0,"1",3,"D",.,"A",.,"A",.,"A",33,"D",.,"A",.,"A",.,"A",.,"A",93,"D",0,"D",60,"D",.,"A",31,"D",.,"A"
"20104",2291074,40,0,"1",.,"A",.,"A",.,"A",.,"A",30,"D",.,"A",.,"A",.,"A",.,"A",.,"A",.,"A",.,"A",.,"A",.,"A",.,"A"
"20104",2291113,38,0,"1",.,"A",.,"A",.,"A",.,"A",.,"A",.,"A",.,"A",.,"A",.,"A",.,"A",.,"A",.,"A",.,"A",.,"A",.,"A"
"20104",2291143,49,0,"1",.,"A",.,"A",.,"A",.,"A",.,"A",50,"D",1300,"D",.,"A",.,"A",.,"A",.,"A",.,"A",600,"D",.,"A",.,"A"
"20104",2291174,43,0,"1",.,"A",.,"A",.,"A",.,"A",.,"A",.,"A",.,"A",.,"A",.,"A",.,"A",.,"A",.,"A",40,"D",.,"A",.,"A"
"20104",2291194,46,0,"1",.,"A",.,"A",.,"A",.,"A",.,"A",50,"D",.,"A",.,"A",.,"A",.,"A",.,"A",.,"A",100,"D",.,"A",.,"A"
"20104",2291204,47,0,"1",.,"A",.,"A",.,"A",.,"A",.,"A",.,"A",.,"A",.,"A",.,"A",.,"A",.,"A",.,"A",70,"D",.,"A",.,"A"
"20104",2291233,28,0,"1",.,"A",.,"A",.,"A",.,"A",.,"A",.,"A",.,"A",.,"A",.,"A",.,"A",.,"A",.,"A",.,"A",.,"A",.,"A"
"20104",2291243,40,0,"1",.,"A",.,"A",.,"A",.,"A",.,"A",.,"A",.,"A",.,"A",.,"A",.,"A",.,"A",.,"A",.,"A",.,"A",.,"A"
"20104",2291263,42,0,"1",11,"D",.,"A",.,"A",25,"D",29,"D",.,"A",.,"A",.,"A",30,"D",120,"D",0,"D",12,"F",50,"D",40,"D",.,"A"
"20104",2291283,40,0,"1",.,"A",.,"A",.,"A",.,"A",.,"A",.,"A",.,"A",.,"A",.,"A",.,"A",.,"A",.,"A",90,"D",.,"A",.,"A"
"20104",2291294,72,0,"1",.,"A",.,"A",.,"A",240,"D",.,"A",.,"A",.,"A",.,"A",.,"A",.,"A",.,"A",.,"A",360,"D",.,"A",.,"A"
"20104",2291323,46,0,"1",.,"A",.,"A",.,"A",.,"A",.,"A",.,"A",.,"A",.,"A",.,"A",.,"A",.,"A",.,"A",.,"A",.,"A",.,"A"
"20104",2291333,47,0,"1",.,"A",.,"A",.,"A",.,"A",.,"A",.,"A",780,"D",.,"A",.,"A",.,"A",.,"A",.,"A",.,"A",.,"A",.,"A"
"20104",2291373,33,0,"1",.,"A",.,"A",.,"A",70,"D",.,"A",.,"A",.,"A",.,"A",.,"A",90,"D",0,"D",0,"D",.,"A",30,"D",.,"A"
"20104",2291383,77,0,"1",.,"A",.,"A",.,"A",.,"A",.,"A",100,"D",.,"A",.,"A",.,"A",.,"A",.,"A",.,"A",755,"D",.,"A",.,"A"
"20104",2291423,51,0,"1",.,"A",.,"A",.,"A",.,"A",.,"A",.,"A",.,"A",.,"A",.,"A",.,"A",.,"A",.,"A",15,"D",.,"A",.,"A"
"20104",2291433,128,0,"1",.,"A",.,"A",.,"A",.,"A",.,"A",34,"D",.,"A",.,"A",.,"A",.,"A",.,"A",.,"A",60,"D",.,"A",.,"A"
"20104",2291444,41,0,"1",.,"A",.,"A",.,"A",.,"A",.,"A",.,"A",.,"A",.,"A",.,"A",.,"A",.,"A",.,"A",.,"A",.,"A",.,"A"
"20104",2291455,43,0,"1",.,"A",.,"A",.,"A",30,"D",.,"A",.,"A",.,"A",.,"A",.,"A",0,"D",0,"D",90,"D",20,"D",0,"D",.,"A"
"20104",2291474,44,0,"1",.,"A",.,"A",.,"A",.,"A",.,"A",.,"A",.,"A",.,"A",.,"A",267,"D",0,"D",0,"D",600,"D",89,"D",.,"A"
"20104",2291494,58,0,"1",.,"A",.,"A",.,"A",.,"A",.,"A",60,"D",.,"A",.,"A",.,"A",.,"A",.,"A",.,"A",60,"D",.,"A",.,"A"
"20104",2291504,49,0,"1",.,"A",.,"A",.,"A",.,"A",60,"D",.,"A",.,"A",.,"A",.,"A",.,"A",.,"A",.,"A",60,"D",.,"A",.,"A"
"20104",2291523,58,0,"1",.,"A",.,"A",.,"A",150,"D",.,"A",.,"A",.,"A",.,"A",.,"A",.,"A",.,"A",.,"A",.,"A",.,"A",.,"A"
"20104",2291533,42,0,"1",.,"A",.,"A",.,"A",.,"A",.,"A",.,"A",455,"D",.,"A",.,"A",.,"A",.,"A",.,"A",.,"A",.,"A",.,"A"
"20104",2291544,52,0,"1",.,"A",.,"A",15,"D",.,"A",.,"A",.,"A",.,"A",.,"A",21,"F",.,"A",.,"A",.,"A",20,"D",.,"A",.,"A"
"20104",2291554,37,0,"1",.,"A",.,"A",.,"A",.,"A",.,"A",.,"A",.,"A",.,"A",.,"A",.,"A",.,"A",.,"A",.,"A",.,"A",.,"A"
"20104",2291563,48,0,"1",.,"A",.,"A",.,"A",.,"A",.,"A",.,"A",.,"A",.,"A",.,"A",.,"A",.,"A",.,"A",20,"D",.,"A",.,"A"
"20104",2291593,43,0,"1",.,"A",.,"A",.,"A",.,"A",.,"A",.,"A",351,"D",.,"A",24,"D",.,"A",.,"A",.,"A",.,"A",.,"A",.,"A"
"20104",2291644,37,0,"1",.,"A",.,"A",.,"A",.,"A",.,"A",.,"A",.,"A",.,"A",.,"A",.,"A",.,"A",.,"A",45,"D",.,"A",.,"A"
"20104",2291673,55,0,"1",.,"A",.,"A",.,"A",.,"A",.,"A",.,"A",.,"A",.,"A",.,"A",.,"A",.,"A",.,"A",.,"A",.,"A",.,"A"
"20104",2291693,53,0,"1",.,"A",.,"A",.,"A",.,"A",.,"A",.,"A",.,"A",.,"A",.,"A",.,"A",.,"A",.,"A",210,"D",.,"A",.,"A"
"20104",2291713,39,0,"1",.,"A",.,"A",.,"A",.,"A",.,"A",.,"A",.,"A",.,"A",.,"A",.,"A",.,"A",.,"A",.,"A",.,"A",.,"A"
"20104",2291734,80,0,"1",.,"A",.,"A",.,"A",.,"A",.,"A",.,"A",.,"A",.,"A",30,"D",.,"A",.,"A",.,"A",300,"D",.,"A",.,"A"
"20104",2291743,38,0,"1",.,"A",.,"A",.,"A",.,"A",35,"D",.,"A",.,"A",.,"A",.,"A",240,"D",0,"D",0,"D",.,"A",80,"D",.,"A"
"20104",2291754,62,0,"1",.,"A",.,"A",.,"A",.,"A",.,"A",.,"A",.,"A",.,"A",.,"A",.,"A",.,"A",.,"A",.,"A",.,"A",.,"A"
"20104",2291764,42,0,"1",.,"A",.,"A",.,"A",.,"A",260,"D",.,"A",390,"D",.,"A",.,"A",.,"A",.,"A",.,"A",.,"A",.,"A",.,"A"
"20104",2291773,34,0,"1",.,"A",.,"A",.,"A",.,"A",.,"A",.,"A",.,"A",.,"A",.,"A",.,"A",.,"A",.,"A",.,"A",.,"A",.,"A"
"20104",2291784,48,0,"1",.,"A",.,"A",.,"A",.,"A",.,"A",.,"A",.,"A",.,"A",.,"A",.,"A",.,"A",.,"A",.,"A",.,"A",.,"A"
"20104",2291794,29,0,"1",.,"A",.,"A",.,"A",.,"A",.,"A",.,"A",.,"A",.,"A",.,"A",.,"A",.,"A",.,"A",50,"D",.,"A",.,"A"
"20104",2291813,55,0,"1",.,"A",.,"A",.,"A",.,"A",.,"A",.,"A",.,"A",.,"A",.,"A",.,"A",.,"A",.,"A",25,"D",.,"A",.,"A"
"20104",2291843,38,0,"1",.,"A",.,"A",.,"A",.,"A",40,"D",18,"D",.,"A",.,"A",.,"A",48,"D",0,"D",255,"D",50,"D",16,"D",.,"A"
"20104",2291874,75,0,"1",.,"A",.,"A",.,"A",.,"A",.,"A",.,"A",.,"A",.,"A",.,"A",.,"A",.,"A",.,"A",30,"D",.,"A",.,"A"
"20104",2291894,92,0,"1",.,"A",.,"A",.,"A",.,"A",.,"A",.,"A",.,"A",.,"A",.,"A",.,"A",.,"A",.,"A",55,"D",.,"A",.,"A"
"20104",2291913,45,0,"1",.,"A",.,"A",.,"A",.,"A",.,"A",.,"A",.,"A",.,"A",.,"A",.,"A",.,"A",.,"A",.,"A",.,"A",.,"A"
"20104",2291943,47,0,"1",.,"A",.,"A",.,"A",.,"A",.,"A",.,"A",.,"A",.,"A",.,"A",.,"A",.,"A",.,"A",18,"D",.,"A",.,"A"
"20104",2291973,48,0,"1",.,"A",.,"A",.,"A",.,"A",.,"A",.,"A",1560,"F",.,"A",60,"F",.,"A",.,"A",.,"A",25,"F",.,"A",.,"A"
"20104",2291983,59,0,"1",.,"A",.,"A",.,"A",.,"A",.,"A",.,"A",.,"A",.,"A",.,"A",0,"D",0,"D",12,"D",60,"D",0,"D",.,"A"
"20104",2291994,37,0,"1",50,"D",.,"A",.,"A",12,"F",70,"D",150,"D",.,"A",.,"A",.,"A",324,"D",324,"D",0,"D",400,"D",108,"D",.,"A"
"20104",2292014,58,0,"1",.,"A",.,"A",.,"A",.,"A",.,"A",.,"A",1300,"D",.,"A",.,"A",.,"A",.,"A",.,"A",40,"D",.,"A",.,"A"
"20104",2292024,83,0,"1",.,"A",.,"A",.,"A",.,"A",.,"A",20,"D",78,"D",.,"A",12,"D",.,"A",.,"A",.,"A",60,"D",.,"A",.,"A"
"20104",2292054,62,0,"1",.,"A",.,"A",.,"A",.,"A",.,"A",.,"A",.,"A",.,"A",.,"A",.,"A",.,"A",.,"A",20,"D",.,"A",.,"A"
"20104",2292063,42,0,"1",.,"A",.,"A",.,"A",.,"A",.,"A",.,"A",832,"D",.,"A",.,"A",.,"A",.,"A",.,"A",.,"A",.,"A",.,"A"
"20104",2292084,77,0,"1",.,"A",.,"A",.,"A",.,"A",.,"A",.,"A",.,"A",.,"A",.,"A",.,"A",.,"A",.,"A",.,"A",.,"A",.,"A"
"20104",2292104,46,0,"1",.,"A",.,"A",.,"A",.,"A",.,"A",.,"A",650,"D",.,"A",.,"A",.,"A",.,"A",.,"A",30,"D",.,"A",.,"A"
"20104",2292124,61,0,"1",.,"A",.,"A",.,"A",.,"A",.,"A",.,"A",13,"D",.,"A",.,"A",.,"A",.,"A",.,"A",.,"A",.,"A",.,"A"
"20104",2292143,36,0,"1",30,"D",.,"A",.,"A",.,"A",60,"D",.,"A",.,"A",.,"A",.,"A",.,"A",.,"A",.,"A",36,"D",.,"A",.,"A"
"20104",2292184,39,0,"1",.,"A",.,"A",.,"A",.,"A",.,"A",.,"A",.,"A",.,"A",.,"A",.,"A",.,"A",.,"A",45,"D",.,"A",.,"A"
"20104",2292193,65,0,"1",.,"A",.,"A",.,"A",.,"A",.,"A",.,"A",.,"A",.,"A",.,"A",.,"A",.,"A",.,"A",.,"A",.,"A",.,"A"
"20104",2292204,58,0,"1",.,"A",.,"A",.,"A",.,"A",.,"A",250,"D",.,"A",.,"A",.,"A",.,"A",.,"A",.,"A",300,"D",.,"A",.,"A"
"20104",2292233,59,0,"1",.,"A",.,"A",.,"A",.,"A",.,"A",.,"A",260,"D",78,"D",.,"A",.,"A",.,"A",.,"A",.,"A",.,"A",.,"A"
"20104",2292243,37,0,"1",.,"A",.,"A",.,"A",.,"A",.,"A",.,"A",.,"A",.,"A",.,"A",.,"A",.,"A",.,"A",.,"A",.,"A",.,"A"
"20104",2292263,29,0,"1",.,"A",.,"A",.,"A",.,"A",.,"A",.,"A",.,"A",.,"A",.,"A",.,"A",.,"A",.,"A",.,"A",.,"A",.,"A"
"20104",2292274,43,0,"1",.,"A",.,"A",.,"A",.,"A",.,"A",150,"D",.,"A",.,"A",69,"D",.,"A",.,"A",.,"A",60,"D",.,"A",.,"A"
"20104",2292293,23,0,"1",.,"A",.,"A",.,"A",.,"A",30,"D",.,"A",.,"A",.,"A",.,"A",261,"D",0,"D",0,"D",30,"D",87,"D",.,"A"
"20104",2292304,72,0,"1",.,"A",.,"A",.,"A",.,"A",.,"A",40,"D",.,"A",.,"A",.,"A",.,"A",.,"A",.,"A",415,"D",.,"A",.,"A"
"20104",2292323,49,0,"1",.,"A",.,"A",.,"A",.,"A",.,"A",.,"A",.,"A",.,"A",.,"A",.,"A",.,"A",.,"A",.,"A",.,"A",.,"A"
"20104",2292353,60,0,"1",.,"A",.,"A",.,"A",.,"A",.,"A",40,"D",.,"A",.,"A",.,"A",.,"A",.,"A",.,"A",60,"D",.,"A",.,"A"
"20104",2292364,36,0,"1",.,"A",.,"A",.,"A",.,"A",.,"A",.,"A",.,"A",.,"A",.,"A",.,"A",.,"A",.,"A",.,"A",.,"A",.,"A"
"20104",2292385,43,0,"1",.,"A",.,"A",.,"A",.,"A",.,"A",.,"A",.,"A",.,"A",.,"A",.,"A",.,"A",.,"A",.,"A",.,"A",.,"A"
"20104",2292393,45,0,"1",.,"A",.,"A",.,"A",.,"A",.,"A",.,"A",.,"A",.,"A",.,"A",.,"A",.,"A",.,"A",68,"F",.,"A",.,"A"
"20104",2292413,36,0,"1",.,"A",.,"A",.,"A",.,"A",.,"A",.,"A",.,"A",.,"A",.,"A",.,"A",.,"A",.,"A",60,"D",.,"A",.,"A"
"20104",2292423,53,0,"1",.,"A",.,"A",.,"A",.,"A",.,"A",.,"A",.,"A",.,"A",.,"A",.,"A",.,"A",.,"A",60,"D",.,"A",.,"A"
"20104",2292454,23,0,"1",.,"A",.,"A",.,"A",.,"A",.,"A",.,"A",.,"A",650,"D",.,"A",.,"A",.,"A",.,"A",.,"A",.,"A",.,"A"
"20104",2292463,43,0,"1",.,"A",.,"A",.,"A",38,"D",18,"D",28,"D",.,"A",.,"A",9,"D",.,"A",.,"A",.,"A",125,"D",.,"A",.,"A"
"20104",2292474,74,0,"1",.,"A",.,"A",.,"A",.,"A",20,"D",30,"D",.,"A",.,"A",.,"A",.,"A",.,"A",.,"A",640,"D",.,"A",.,"A"
"20104",2292504,55,0,"1",.,"A",.,"A",.,"A",.,"A",.,"A",.,"A",260,"D",.,"A",.,"A",.,"A",.,"A",.,"A",50,"D",.,"A",.,"A"
"20104",2292564,38,0,"1",8,"D",.,"A",.,"A",.,"A",56,"D",.,"A",.,"A",.,"A",15,"D",0,"D",0,"D",48,"D",60,"D",0,"D",.,"A"
"20104",2292594,76,0,"1",.,"A",.,"A",.,"A",.,"A",.,"A",.,"A",.,"A",.,"A",.,"A",.,"A",.,"A",.,"A",87,"D",.,"A",.,"A"
"20104",2292635,23,0,"1",.,"A",.,"A",.,"A",.,"A",.,"A",.,"A",.,"A",.,"A",.,"A",.,"A",.,"A",.,"A",.,"A",.,"A",.,"A"
"20104",2292644,63,0,"1",.,"A",.,"A",.,"A",.,"A",.,"A",.,"A",.,"A",.,"A",.,"A",.,"A",.,"A",.,"A",130,"F",.,"A",.,"A"
"20104",2292653,55,0,"1",120,"D",.,"A",.,"A",11,"D",240,"D",175,"D",.,"A",.,"A",.,"A",108,"D",0,"D",0,"D",480,"D",36,"D",.,"A"
"20104",2292673,27,0,"1",.,"A",.,"A",.,"A",.,"A",100,"D",.,"A",520,"D",.,"A",.,"A",.,"A",.,"A",.,"A",.,"A",.,"A",.,"A"
"20104",2292714,87,0,"1",.,"A",.,"A",.,"A",.,"A",.,"A",47,"D",.,"A",.,"A",.,"A",.,"A",.,"A",.,"A",150,"D",.,"A",.,"A"
"20104",2292733,25,0,"1",.,"A",.,"A",.,"A",.,"A",.,"A",.,"A",.,"A",.,"A",.,"A",.,"A",.,"A",.,"A",18,"D",.,"A",.,"A"
"20104",2292774,30,0,"1",.,"A",.,"A",.,"A",.,"A",.,"A",.,"A",.,"A",.,"A",.,"A",.,"A",.,"A",.,"A",.,"A",.,"A",.,"A"
"20104",2292804,109,0,"1",.,"A",.,"A",.,"A",.,"A",.,"A",200,"D",.,"A",.,"A",.,"A",.,"A",.,"A",.,"A",400,"D",.,"A",.,"A"
"20104",2292823,39,0,"1",.,"A",.,"A",.,"A",.,"A",.,"A",.,"A",.,"A",.,"A",.,"A",.,"A",.,"A",.,"A",.,"A",.,"A",.,"A"
"20104",2292863,88,0,"1",.,"A",.,"A",.,"A",.,"A",.,"A",40,"D",.,"A",.,"A",.,"A",.,"A",.,"A",.,"A",100,"D",.,"A",.,"A"
"20104",2292874,96,0,"1",.,"A",.,"A",.,"A",.,"A",.,"A",.,"A",520,"D",.,"A",30,"D",.,"A",.,"A",.,"A",.,"A",.,"A",.,"A"
"20104",2292894,65,0,"1",.,"A",.,"A",.,"A",.,"A",.,"A",.,"A",.,"A",.,"A",.,"A",.,"A",.,"A",.,"A",420,"D",.,"A",.,"A"
"20104",2292944,42,0,"1",.,"A",.,"A",.,"A",.,"A",.,"A",.,"A",585,"D",.,"A",.,"A",.,"A",.,"A",.,"A",50,"D",.,"A",.,"A"
"20104",2292953,25,0,"1",.,"A",.,"A",.,"A",.,"A",.,"A",15,"D",.,"A",.,"A",.,"A",.,"A",.,"A",.,"A",.,"A",.,"A",.,"A"
"20104",2292963,54,0,"1",.,"A",.,"A",.,"A",.,"A",.,"A",.,"A",1300,"D",.,"A",.,"A",.,"A",.,"A",.,"A",.,"A",.,"A",.,"A"
"20104",2293004,42,0,"1",.,"A",.,"A",.,"A",.,"A",.,"A",.,"A",.,"A",.,"A",.,"A",.,"A",.,"A",.,"A",.,"A",.,"A",.,"A"
"20104",2293033,49,0,"1",.,"A",.,"A",.,"A",.,"A",.,"A",.,"A",.,"A",.,"A",.,"A",.,"A",.,"A",.,"A",.,"A",.,"A",.,"A"
"20104",2293044,43,0,"1",.,"A",.,"A",.,"A",.,"A",.,"A",.,"A",.,"A",.,"A",.,"A",.,"A",.,"A",.,"A",125,"D",.,"A",.,"A"
"20104",2293083,47,0,"1",.,"A",.,"A",.,"A",.,"A",.,"A",200,"D",.,"A",.,"A",.,"A",.,"A",.,"A",.,"A",600,"D",.,"A",.,"A"
"20104",2293093,50,0,"1",.,"A",.,"A",.,"A",.,"A",.,"A",.,"A",455,"D",.,"A",.,"A",.,"A",.,"A",.,"A",.,"A",.,"A",.,"A"
"20104",2293143,83,0,"1",.,"A",.,"A",.,"A",.,"A",.,"A",.,"A",.,"A",.,"A",18,"D",.,"A",.,"A",.,"A",50,"D",.,"A",.,"A"
"20104",2293153,88,0,"1",.,"A",.,"A",.,"A",.,"A",.,"A",.,"A",.,"A",.,"A",99,"D",.,"A",.,"A",.,"A",90,"D",.,"A",.,"A"
"20104",2293165,51,0,"1",.,"A",.,"A",.,"A",.,"A",.,"A",.,"A",.,"A",.,"A",.,"A",.,"A",.,"A",.,"A",15,"D",.,"A",.,"A"
"20104",2293224,35,0,"1",.,"A",.,"A",.,"A",.,"A",.,"A",.,"A",780,"D",.,"A",.,"A",.,"A",.,"A",.,"A",.,"A",.,"A",.,"A"
"20104",2293234,32,0,"1",.,"A",.,"A",.,"A",.,"A",180,"D",.,"A",.,"A",.,"A",.,"A",.,"A",.,"A",.,"A",.,"A",.,"A",.,"A"
"20104",2293253,52,0,"1",.,"A",.,"A",.,"A",60,"D",.,"A",80,"D",.,"A",.,"A",15,"D",.,"A",.,"A",.,"A",.,"A",.,"A",.,"A"
"20104",2293283,34,0,"1",.,"A",.,"A",.,"A",.,"A",.,"A",.,"A",.,"A",.,"A",.,"A",.,"A",.,"A",.,"A",24,"D",.,"A",.,"A"
"20104",2293304,30,0,"1",30,"D",.,"A",.,"A",20,"D",95,"D",.,"A",.,"A",.,"A",.,"A",540,"D",0,"D",0,"D",100,"D",180,"D",.,"A"
"20104",2293314,56,0,"1",.,"A",.,"A",.,"A",.,"A",.,"A",.,"A",.,"A",.,"A",.,"A",.,"A",.,"A",.,"A",125,"D",.,"A",.,"A"
"20104",2293333,58,0,"1",.,"A",.,"A",.,"A",.,"A",.,"A",112,"D",.,"A",.,"A",45,"D",.,"A",.,"A",.,"A",375,"D",.,"A",.,"A"
"20104",2293343,70,0,"1",15,"D",.,"A",.,"A",.,"A",0,"D",50,"D",.,"A",.,"A",.,"A",.,"A",.,"A",.,"A",206,"D",.,"A",.,"A"
"20104",2293393,38,0,"1",.,"A",.,"A",.,"A",.,"A",.,"A",.,"A",.,"A",.,"A",.,"A",300,"D",0,"D",0,"D",150,"D",100,"D",.,"A"
"20104",2293443,83,0,"1",.,"A",.,"A",.,"A",.,"A",.,"A",.,"A",.,"A",.,"A",.,"A",.,"A",.,"A",.,"A",220,"D",.,"A",.,"A"
"20104",2293455,32,0,"1",.,"A",.,"A",.,"A",.,"A",96,"D",.,"A",.,"A",.,"A",.,"A",480,"D",0,"D",0,"D",60,"D",160,"D",.,"A"
"20104",2293463,80,0,"1",.,"A",.,"A",.,"A",.,"A",.,"A",25,"D",.,"A",.,"A",.,"A",.,"A",.,"A",.,"A",345,"D",.,"A",.,"A"
"20104",2293473,65,0,"1",.,"A",.,"A",.,"A",.,"A",.,"A",.,"A",.,"A",.,"A",.,"A",.,"A",.,"A",.,"A",.,"A",.,"A",.,"A"
"20104",2293504,47,0,"1",.,"A",.,"A",.,"A",.,"A",.,"A",.,"A",.,"A",.,"A",27,"D",.,"A",.,"A",.,"A",.,"A",.,"A",.,"A"
"20104",2293524,37,0,"1",.,"A",.,"A",.,"A",.,"A",.,"A",.,"A",130,"D",.,"A",.,"A",.,"A",.,"A",.,"A",.,"A",.,"A",.,"A"
"20104",2293534,52,0,"1",.,"A",.,"A",.,"A",.,"A",.,"A",.,"A",.,"A",.,"A",.,"A",.,"A",.,"A",.,"A",180,"D",.,"A",.,"A"
"20104",2293543,31,0,"1",.,"A",.,"A",.,"A",.,"A",.,"A",.,"A",.,"A",.,"A",.,"A",.,"A",.,"A",.,"A",15,"D",.,"A",.,"A"
"20104",2293553,69,0,"1",.,"A",.,"A",.,"A",.,"A",.,"A",.,"A",.,"A",.,"A",.,"A",.,"A",.,"A",.,"A",20,"D",.,"A",.,"A"
"20104",2293573,27,0,"1",.,"A",.,"A",.,"A",.,"A",.,"A",.,"A",650,"D",.,"A",.,"A",.,"A",.,"A",.,"A",.,"A",.,"A",.,"A"
"20104",2293603,41,0,"1",.,"A",.,"A",.,"A",.,"A",.,"A",.,"A",.,"A",.,"A",.,"A",.,"A",.,"A",.,"A",.,"A",.,"A",.,"A"
"20104",2293613,48,0,"1",.,"A",.,"A",.,"A",.,"A",.,"A",.,"A",.,"A",.,"A",.,"A",.,"A",.,"A",.,"A",.,"A",.,"A",.,"A"
"20104",2293643,51,0,"1",.,"A",.,"A",.,"A",.,"A",.,"A",.,"A",1092,"D",.,"A",.,"A",.,"A",.,"A",.,"A",120,"D",.,"A",.,"A"
"20104",2293653,24,0,"1",.,"A",.,"A",.,"A",.,"A",.,"A",.,"A",.,"A",.,"A",.,"A",.,"A",.,"A",.,"A",.,"A",.,"A",.,"A"
"20104",2293694,26,0,"1",10,"F",.,"A",.,"A",20,"F",30,"F",.,"A",.,"A",.,"A",.,"A",267,"F",0,"D",60,"F",.,"A",.,"C",.,"A"
"20104",2293704,50,0,"1",.,"A",.,"A",.,"A",.,"A",60,"D",.,"A",.,"A",.,"A",72,"D",.,"A",.,"A",.,"A",14,"D",.,"A",.,"A"
"20104",2293723,40,0,"1",.,"A",.,"A",.,"A",.,"A",.,"A",.,"A",.,"A",.,"A",.,"A",.,"A",.,"A",.,"A",.,"A",.,"A",.,"A"
"20104",2293764,69,0,"1",.,"A",.,"A",.,"A",.,"A",.,"A",.,"A",.,"A",.,"A",.,"A",60,"D",0,"D",0,"D",.,"A",20,"D",.,"A"
"20104",2293784,44,0,"1",.,"A",.,"A",.,"A",.,"A",.,"A",.,"A",.,"A",.,"A",.,"A",.,"A",.,"A",.,"A",45,"D",.,"A",.,"A"
"20104",2293793,53,0,"1",.,"A",.,"A",.,"A",.,"A",.,"A",.,"A",.,"A",.,"A",.,"A",.,"A",.,"A",.,"A",200,"D",.,"A",.,"A"
"20104",2293834,69,0,"1",.,"A",.,"A",.,"A",.,"A",.,"A",240,"D",.,"A",.,"A",.,"A",300,"D",0,"D",0,"D",50,"D",100,"D",300,"D"
"20104",2293854,39,0,"1",.,"A",.,"A",.,"A",.,"A",.,"A",.,"A",.,"A",.,"A",.,"A",.,"A",.,"A",.,"A",.,"A",.,"A",.,"A"
"20104",2293874,66,0,"1",.,"A",.,"A",.,"A",.,"A",.,"A",.,"A",.,"A",.,"A",.,"A",.,"A",.,"A",.,"A",40,"D",.,"A",.,"A"
"20104",2293904,35,0,"1",.,"A",.,"A",.,"A",.,"A",.,"A",.,"A",.,"A",.,"A",.,"A",.,"A",.,"A",.,"A",.,"A",.,"A",.,"A"
"20104",2293923,66,0,"1",.,"A",.,"A",.,"A",.,"A",.,"A",122,"D",130,"D",.,"A",.,"A",.,"A",.,"A",.,"A",43,"D",.,"A",.,"A"
"20104",2293953,47,0,"1",.,"A",.,"A",.,"A",.,"A",.,"A",.,"A",1560,"D",.,"A",.,"A",.,"A",.,"A",.,"A",.,"A",.,"A",.,"A"
"20104",2293975,23,0,"1",.,"A",.,"A",.,"A",.,"A",100,"D",.,"A",.,"A",.,"A",.,"A",.,"A",.,"A",.,"A",.,"A",.,"A",.,"A"
"20104",2294034,62,0,"1",.,"A",.,"A",.,"A",.,"A",.,"A",.,"A",.,"A",.,"A",.,"A",.,"A",.,"A",.,"A",90,"D",.,"A",.,"A"
"20104",2294043,34,0,"1",.,"A",.,"A",.,"A",.,"A",120,"D",.,"A",.,"A",.,"A",.,"A",.,"A",.,"A",.,"A",.,"A",.,"A",.,"A"
"20104",2294063,29,0,"1",.,"A",.,"A",.,"A",.,"A",120,"D",.,"A",325,"D",.,"A",.,"A",.,"A",.,"A",.,"A",.,"A",.,"A",.,"A"
"20104",2294083,47,0,"1",.,"A",.,"A",.,"A",.,"A",.,"A",.,"A",.,"A",.,"A",.,"A",.,"A",.,"A",.,"A",.,"A",.,"A",.,"A"
"20104",2294094,40,0,"1",.,"A",.,"A",.,"A",.,"A",80,"D",.,"A",.,"A",.,"A",.,"A",.,"A",.,"A",.,"A",30,"D",.,"A",.,"A"
"20104",2294163,74,0,"1",.,"A",.,"A",.,"A",.,"A",.,"A",25,"D",.,"A",.,"A",27,"D",.,"A",.,"A",.,"A",10,"D",.,"A",.,"A"
"20104",2294174,31,0,"1",.,"A",.,"A",.,"A",12,"D",.,"A",.,"A",.,"A",.,"A",.,"A",0,"D",0,"D",60,"D",.,"A",0,"D",.,"A"
"20104",2294193,56,0,"1",.,"A",.,"A",.,"A",.,"A",.,"A",.,"A",.,"A",.,"A",24,"D",.,"A",.,"A",.,"A",40,"D",.,"A",.,"A"
"20104",2294223,53,0,"1",.,"A",.,"A",.,"A",.,"A",.,"A",.,"A",.,"A",.,"A",.,"A",.,"A",.,"A",.,"A",220,"D",.,"A",.,"A"
"20104",2294233,96,0,"1",.,"A",.,"A",.,"A",.,"A",.,"A",25,"D",.,"A",.,"A",60,"D",.,"A",.,"A",.,"A",100,"D",.,"A",.,"A"
"20104",2294284,54,0,"1",.,"A",.,"A",.,"A",.,"A",.,"A",.,"A",.,"A",.,"A",.,"A",.,"A",.,"A",.,"A",210,"D",.,"A",.,"A"
"20104",2294294,46,0,"1",.,"A",.,"A",.,"A",.,"A",23,"D",195,"D",.,"A",.,"A",.,"A",.,"A",.,"A",.,"A",90,"D",.,"A",.,"A"
"20104",2294323,40,0,"1",.,"A",.,"A",.,"A",.,"A",.,"A",50,"D",455,"D",.,"A",18,"D",.,"A",.,"A",.,"A",.,"A",.,"A",.,"A"
"20104",2294333,44,0,"1",.,"A",.,"A",.,"A",.,"A",.,"A",.,"A",.,"A",.,"A",.,"A",3,"D",0,"D",15,"D",.,"A",1,"D",240,"D"
"20104",2294343,39,0,"1",.,"A",.,"A",.,"A",.,"A",.,"A",.,"A",.,"A",.,"A",.,"A",45,"D",0,"D",0,"D",45,"D",15,"D",.,"A"
"20104",2294374,60,0,"1",.,"A",.,"A",.,"A",.,"A",.,"A",.,"A",.,"A",.,"A",.,"A",.,"A",.,"A",.,"A",60,"D",.,"A",.,"A"
"20104",2294395,52,0,"1",.,"A",.,"A",.,"A",.,"A",.,"A",.,"A",.,"A",39,"D",.,"A",.,"A",.,"A",.,"A",.,"A",.,"A",.,"A"
"20104",2294414,45,0,"1",.,"A",.,"A",.,"A",.,"A",.,"A",.,"A",390,"D",.,"A",.,"A",.,"A",.,"A",.,"A",25,"D",.,"A",.,"A"
"20104",2294443,24,0,"1",.,"A",.,"A",.,"A",.,"A",.,"A",.,"A",.,"A",.,"A",.,"A",900,"D",0,"D",0,"D",.,"A",300,"D",600,"D"
"20104",2294454,28,0,"1",.,"A",.,"A",.,"A",.,"A",.,"A",.,"A",.,"A",.,"A",.,"A",.,"A",.,"A",.,"A",.,"A",.,"A",.,"A"
"20104",2294464,62,0,"1",.,"A",.,"A",.,"A",.,"A",.,"A",.,"A",.,"A",.,"A",.,"A",.,"A",.,"A",.,"A",.,"A",.,"A",.,"A"
"20104",2294474,59,0,"1",.,"A",.,"A",.,"A",.,"A",.,"A",.,"A",.,"A",.,"A",45,"D",.,"A",.,"A",.,"A",55,"D",.,"A",.,"A"
"20104",2294573,24,0,"1",.,"A",.,"A",.,"A",.,"A",60,"D",.,"A",.,"A",.,"A",.,"A",.,"A",.,"A",.,"A",.,"A",.,"A",.,"A"
"20104",2294593,42,0,"1",.,"A",.,"A",.,"A",.,"A",.,"A",.,"A",780,"D",.,"A",.,"A",.,"A",.,"A",.,"A",13,"D",.,"A",.,"A"
"20104",2294604,47,0,"1",.,"A",.,"A",.,"A",.,"A",.,"A",.,"A",.,"A",.,"A",.,"A",.,"A",.,"A",.,"A",250,"D",.,"A",.,"A"
"20104",2294613,24,0,"1",.,"A",.,"A",.,"A",.,"A",.,"A",.,"A",.,"A",.,"A",.,"A",.,"A",.,"A",.,"A",30,"D",.,"A",.,"A"
"20104",2294653,45,0,"1",.,"A",.,"A",.,"A",.,"A",.,"A",.,"A",585,"D",364,"D",.,"A",.,"A",.,"A",.,"A",18,"D",.,"A",.,"A"
"20104",2294664,50,0,"1",.,"A",.,"A",.,"A",.,"A",.,"A",.,"A",117,"D",.,"A",.,"A",.,"A",.,"A",.,"A",88,"D",.,"A",.,"A"
"20104",2294674,37,0,"1",.,"A",.,"A",.,"A",.,"A",.,"A",.,"A",.,"A",.,"A",.,"A",.,"A",.,"A",.,"A",0,"D",.,"A",.,"A"
"20104",2294804,55,0,"1",.,"A",.,"A",.,"A",.,"A",.,"A",.,"A",.,"A",.,"A",30,"D",90,"D",0,"D",0,"D",.,"A",30,"D",.,"A"
"20104",2294814,62,0,"1",.,"A",.,"A",.,"A",.,"A",.,"A",.,"A",.,"A",.,"A",9,"D",.,"A",.,"A",.,"A",20,"D",.,"A",.,"A"
"20104",2294823,35,0,"1",4,"D",.,"A",.,"A",.,"A",0,"D",.,"A",585,"D",.,"A",.,"A",.,"A",.,"A",.,"A",.,"A",.,"A",.,"A"
"20104",2294833,80,0,"1",.,"A",.,"A",.,"A",.,"A",.,"A",53,"D",.,"A",.,"A",90,"D",.,"A",.,"A",.,"A",75,"D",.,"A",.,"A"
"20104",2294884,47,0,"1",.,"A",.,"A",.,"A",.,"A",.,"A",.,"A",.,"A",.,"A",.,"A",.,"A",.,"A",.,"A",.,"A",.,"A",.,"A"
"20104",2294903,58,0,"1",.,"A",.,"A",.,"A",.,"A",.,"A",.,"A",.,"A",.,"A",.,"A",.,"A",.,"A",.,"A",220,"D",.,"A",.,"A"
"20104",2294923,67,0,"1",.,"A",.,"A",.,"A",.,"A",.,"A",.,"A",.,"A",.,"A",.,"A",.,"A",.,"A",.,"A",40,"D",.,"A",.,"A"
"20104",2294974,68,0,"1",.,"A",.,"A",60,"D",.,"A",.,"A",.,"A",.,"A",.,"A",.,"A",.,"A",.,"A",.,"A",170,"D",.,"A",.,"A"
"20104",2294994,31,0,"1",.,"A",.,"A",.,"A",.,"A",.,"A",.,"A",.,"A",.,"A",.,"A",.,"A",.,"A",.,"A",.,"A",.,"A",.,"A"
"20104",2295014,62,0,"1",.,"A",.,"A",.,"A",.,"A",.,"A",.,"A",.,"A",390,"D",.,"A",.,"A",.,"A",.,"A",12,"D",.,"A",.,"A"
"20104",2295034,37,0,"1",.,"A",.,"A",.,"A",.,"A",.,"A",.,"A",.,"A",.,"A",.,"A",.,"A",.,"A",.,"A",60,"D",.,"A",.,"A"
"20104",2295043,49,0,"1",.,"A",.,"A",.,"A",.,"A",.,"A",.,"A",.,"A",.,"A",.,"A",453,"D",0,"D",0,"D",40,"D",151,"D",.,"A"
"20104",2295053,56,0,"1",.,"A",.,"A",.,"A",.,"A",.,"A",.,"A",208,"D",.,"A",.,"A",.,"A",.,"A",.,"A",120,"D",.,"A",.,"A"
"20104",2295064,61,0,"1",.,"A",.,"A",.,"A",.,"A",.,"A",.,"A",.,"A",.,"A",.,"A",.,"A",.,"A",.,"A",.,"A",.,"A",.,"A"
"20104",2295083,34,0,"1",.,"A",.,"A",.,"A",.,"A",.,"A",.,"A",.,"A",.,"A",.,"A",.,"A",.,"A",.,"A",.,"A",.,"A",.,"A"
"20104",2295094,40,0,"1",.,"A",.,"A",.,"A",.,"A",60,"D",.,"A",.,"A",.,"A",.,"A",.,"A",.,"A",.,"A",50,"D",.,"A",.,"A"
"20104",2295113,49,0,"1",.,"A",.,"A",.,"A",.,"A",.,"A",.,"A",650,"D",.,"A",.,"A",.,"A",.,"A",.,"A",50,"D",.,"A",.,"A"
"20104",2295134,46,0,"1",.,"A",.,"A",.,"A",.,"A",.,"A",50,"D",.,"A",.,"A",.,"A",.,"A",.,"A",.,"A",100,"D",.,"A",.,"A"
"20104",2295214,42,0,"1",.,"A",.,"A",.,"A",.,"A",.,"A",.,"A",65,"D",.,"A",.,"A",.,"A",.,"A",.,"A",.,"A",.,"A",.,"A"
"20104",2295223,52,0,"1",.,"A",.,"A",.,"A",.,"A",.,"A",.,"A",.,"A",.,"A",.,"A",.,"A",.,"A",.,"A",.,"A",.,"A",.,"A"
"20104",2295234,49,0,"1",.,"A",.,"A",.,"A",.,"A",.,"A",.,"A",.,"A",.,"A",.,"A",.,"A",.,"A",.,"A",180,"D",.,"A",.,"A"
"20104",2295313,60,0,"1",.,"A",.,"A",.,"A",.,"A",.,"A",.,"A",.,"A",.,"A",.,"A",.,"A",.,"A",.,"A",200,"D",.,"A",.,"A"
"20104",2295324,45,0,"1",.,"A",.,"A",.,"A",.,"A",.,"A",.,"A",.,"A",.,"A",.,"A",.,"A",.,"A",.,"A",60,"D",.,"A",.,"A"
"20104",2295344,31,0,"1",.,"A",.,"A",.,"A",.,"A",.,"A",.,"A",.,"A",.,"A",.,"A",.,"A",.,"A",.,"A",50,"D",.,"A",.,"A"
"20104",2295353,32,0,"1",.,"A",.,"A",.,"A",.,"A",.,"A",.,"A",.,"A",.,"A",15,"D",.,"A",.,"A",.,"A",.,"A",.,"A",.,"A"
"20104",2295364,66,0,"1",.,"A",.,"A",.,"A",.,"A",.,"A",7,"D",.,"A",.,"A",.,"A",.,"A",.,"A",.,"A",80,"D",.,"A",.,"A"
"20104",2295373,25,0,"1",.,"A",.,"A",.,"A",.,"A",.,"A",.,"A",.,"A",.,"A",.,"A",.,"A",.,"A",.,"A",.,"A",.,"A",.,"A"
"20104",2295394,52,0,"1",.,"A",.,"A",.,"A",.,"A",.,"A",.,"A",.,"A",.,"A",15,"D",.,"A",.,"A",.,"A",.,"A",.,"A",.,"A"
"20104",2295403,23,0,"1",.,"A",.,"A",.,"A",.,"A",.,"A",.,"A",.,"A",.,"A",.,"A",.,"A",.,"A",.,"A",.,"A",.,"A",.,"A"
"20104",2295413,61,0,"1",100,"D",.,"A",.,"A",.,"A",140,"D",.,"A",429,"D",.,"A",.,"A",.,"A",.,"A",.,"A",.,"A",.,"A",.,"A"
"20104",2295464,102,0,"1",.,"A",.,"A",.,"A",.,"A",.,"A",.,"A",.,"A",.,"A",.,"A",.,"A",.,"A",.,"A",100,"D",.,"A",.,"A"
"20104",2295474,43,0,"1",.,"A",.,"A",.,"A",.,"A",.,"A",10,"D",.,"A",.,"A",.,"A",.,"A",.,"A",.,"A",90,"D",.,"A",.,"A"
"20104",2295523,36,0,"1",.,"A",.,"A",.,"A",.,"A",.,"A",.,"A",.,"A",.,"A",.,"A",330,"D",0,"D",0,"D",.,"A",110,"D",.,"A"
"20104",2295534,31,0,"1",.,"A",.,"A",.,"A",.,"A",.,"A",.,"A",.,"A",.,"A",.,"A",.,"A",.,"A",.,"A",.,"A",.,"A",.,"A"
"20104",2295564,60,0,"1",.,"A",.,"A",.,"A",.,"A",.,"A",10,"D",.,"A",.,"A",.,"A",.,"A",.,"A",.,"A",140,"D",.,"A",.,"A"
"20104",2295623,45,0,"1",.,"A",.,"A",.,"A",.,"A",.,"A",.,"A",390,"D",.,"A",.,"A",.,"A",.,"A",.,"A",19,"D",.,"A",.,"A"
"20104",2295633,65,0,"1",.,"A",.,"A",.,"A",.,"A",.,"A",300,"D",.,"A",.,"A",.,"A",.,"A",.,"A",.,"A",390,"D",.,"A",.,"A"
"20104",2295673,66,0,"1",.,"A",.,"A",.,"A",.,"A",.,"A",.,"A",351,"D",.,"A",.,"A",.,"A",.,"A",.,"A",130,"D",.,"A",.,"A"
"20104",2295683,36,0,"1",.,"A",.,"A",.,"A",.,"A",75,"D",.,"A",.,"A",.,"A",.,"A",.,"A",.,"A",.,"A",120,"D",.,"A",.,"A"
"20104",2295693,41,0,"1",.,"A",.,"A",.,"A",.,"A",.,"A",.,"A",845,"D",.,"A",.,"A",.,"A",.,"A",.,"A",65,"D",.,"A",.,"A"
"20104",2295703,84,0,"1",.,"A",.,"A",.,"A",.,"A",.,"A",.,"A",.,"A",.,"A",.,"A",.,"A",.,"A",.,"A",85,"D",.,"A",.,"A"
"20104",2295713,65,0,"1",.,"A",.,"A",.,"A",.,"A",.,"A",.,"A",1300,"D",.,"A",15,"D",.,"A",.,"A",.,"A",60,"D",.,"A",.,"A"
"20104",2295743,55,0,"1",.,"A",.,"A",.,"A",.,"A",48,"D",.,"A",.,"A",.,"A",.,"A",.,"A",.,"A",.,"A",175,"D",.,"A",.,"A"
"20104",2295784,59,0,"1",.,"A",.,"A",.,"A",.,"A",.,"A",.,"A",780,"D",.,"A",.,"A",240,"D",0,"D",0,"D",170,"D",80,"D",.,"A"
"20104",2295793,46,0,"1",.,"A",.,"A",.,"A",.,"A",.,"A",35,"D",.,"A",.,"A",.,"A",.,"A",.,"A",.,"A",20,"D",.,"A",.,"A"
"20104",2295833,44,0,"1",.,"A",.,"A",.,"A",.,"A",.,"A",.,"A",.,"A",.,"A",.,"A",.,"A",.,"A",.,"A",130,"D",.,"A",.,"A"
"20104",2295864,36,0,"1",.,"A",.,"A",.,"A",.,"A",.,"A",.,"A",325,"D",.,"A",.,"A",.,"A",.,"A",.,"A",.,"A",.,"A",.,"A"
"20104",2295884,25,0,"1",.,"A",.,"A",.,"A",.,"A",30,"D",.,"A",.,"A",.,"A",.,"A",240,"D",0,"D",0,"D",40,"D",80,"D",.,"A"
"20104",2295903,24,0,"1",.,"A",.,"A",.,"A",.,"A",.,"A",.,"A",.,"A",.,"A",.,"A",.,"A",.,"A",.,"A",.,"A",.,"A",.,"A"
"20104",2295953,37,0,"1",.,"A",.,"A",.,"A",.,"A",.,"A",150,"D",.,"A",.,"A",.,"A",.,"A",.,"A",.,"A",100,"D",.,"A",.,"A"
"20104",2295984,39,0,"1",.,"A",.,"A",.,"A",.,"A",.,"A",.,"A",.,"A",.,"A",.,"A",.,"A",.,"A",.,"A",.,"A",.,"A",.,"A"
"20104",2295994,45,0,"1",.,"A",.,"A",.,"A",.,"A",.,"A",.,"A",.,"A",.,"A",.,"A",.,"A",.,"A",.,"A",65,"D",.,"A",.,"A"
"20104",2296035,29,0,"1",.,"A",.,"A",.,"A",.,"A",.,"A",.,"A",195,"D",.,"A",.,"A",.,"A",.,"A",.,"A",30,"D",.,"A",.,"A"
"20104",2296054,38,0,"1",.,"A",.,"A",.,"A",.,"A",.,"A",.,"A",.,"A",.,"A",.,"A",.,"A",.,"A",.,"A",.,"A",.,"A",.,"A"
"20104",2296103,69,0,"1",.,"A",.,"A",.,"A",.,"A",.,"A",.,"A",.,"A",.,"A",.,"A",0,"D",0,"D",12,"D",.,"A",0,"D",.,"A"
"20104",2296174,20,0,"1",.,"A",.,"A",.,"A",.,"A",.,"A",.,"A",.,"A",.,"A",.,"A",.,"A",.,"A",.,"A",.,"A",.,"A",.,"A"
"20104",2296214,62,0,"1",.,"A",.,"A",.,"A",.,"A",.,"A",.,"A",.,"A",.,"A",.,"A",.,"A",.,"A",.,"A",25,"D",.,"A",.,"A"
"20104",2296244,43,0,"1",.,"A",.,"A",.,"A",500,"D",.,"A",.,"A",.,"A",.,"A",.,"A",.,"A",.,"A",.,"A",.,"A",.,"A",.,"A"
"20104",2296254,47,0,"1",.,"A",.,"A",.,"A",.,"A",.,"A",.,"A",.,"A",.,"A",.,"A",.,"A",.,"A",.,"A",36,"D",.,"A",.,"A"
"20104",2296295,57,0,"1",.,"A",.,"A",.,"A",.,"A",.,"A",30,"D",.,"A",.,"A",.,"A",.,"A",.,"A",.,"A",60,"D",.,"A",.,"A"
"20104",2296303,41,0,"1",.,"A",.,"A",.,"A",.,"A",.,"A",.,"A",260,"D",.,"A",.,"A",.,"A",.,"A",.,"A",.,"A",.,"A",.,"A"
"20104",2296354,49,0,"1",.,"A",.,"A",.,"A",.,"A",.,"A",.,"A",.,"A",.,"A",.,"A",.,"A",.,"A",.,"A",.,"A",.,"A",.,"A"
"20104",2296393,33,0,"1",.,"A",.,"A",.,"A",.,"A",.,"A",.,"A",520,"D",.,"A",30,"D",.,"A",.,"A",.,"A",45,"D",.,"A",.,"A"
"20104",2296403,37,0,"1",.,"A",.,"A",.,"A",.,"A",.,"A",.,"A",.,"A",.,"A",.,"A",.,"A",.,"A",.,"A",.,"A",.,"A",.,"A"
"20104",2296453,33,0,"1",20,"D",.,"A",.,"A",.,"A",40,"D",.,"A",.,"A",.,"A",.,"A",.,"A",.,"A",.,"A",.,"A",.,"A",.,"A"
"20104",2296463,59,0,"1",.,"A",.,"A",.,"A",.,"A",.,"A",.,"A",.,"A",.,"A",.,"A",.,"A",.,"A",.,"A",150,"D",.,"A",.,"A"
"20104",2296473,66,0,"1",.,"A",.,"A",.,"A",.,"A",.,"A",.,"A",.,"A",.,"A",18,"D",.,"A",.,"A",.,"A",30,"D",.,"A",.,"A"
"20104",2296483,47,0,"1",.,"A",.,"A",.,"A",.,"A",.,"A",20,"D",.,"A",.,"A",.,"A",0,"D",0,"D",225,"D",70,"D",0,"D",.,"A"
"20104",2296494,56,0,"1",.,"A",.,"A",.,"A",60,"D",6,"D",16,"D",.,"A",.,"A",.,"A",540,"D",0,"D",0,"D",375,"D",180,"D",.,"A"
"20104",2296504,52,0,"1",.,"A",.,"A",.,"A",.,"A",.,"A",.,"A",.,"A",.,"A",.,"A",.,"A",.,"A",.,"A",135,"D",.,"A",.,"A"
"20104",2296524,27,0,"1",.,"A",.,"A",.,"A",.,"A",.,"A",.,"A",.,"A",.,"A",.,"A",.,"A",.,"A",.,"A",.,"A",.,"A",.,"A"
"20104",2296553,47,0,"1",.,"A",.,"A",.,"A",.,"A",.,"A",22,"D",.,"A",.,"A",.,"A",.,"A",.,"A",.,"A",.,"A",.,"A",.,"A"
"20104",2296564,43,0,"1",.,"A",.,"A",.,"A",.,"A",.,"A",.,"A",.,"A",.,"A",.,"A",.,"A",.,"A",.,"A",20,"D",.,"A",.,"A"
"20104",2296574,30,0,"1",.,"A",.,"A",.,"A",.,"A",.,"A",.,"A",.,"A",.,"A",.,"A",.,"A",.,"A",.,"A",.,"A",.,"A",.,"A"
"20104",2296583,60,0,"1",.,"A",.,"A",.,"A",10,"D",10,"D",.,"A",.,"A",.,"A",.,"A",.,"A",.,"A",.,"A",.,"A",.,"A",.,"A"
"20104",2296614,51,0,"1",.,"A",.,"A",.,"A",.,"A",.,"A",.,"A",.,"A",.,"A",.,"A",.,"A",.,"A",.,"A",.,"A",.,"A",.,"A"
"20104",2296635,38,0,"1",.,"A",.,"A",.,"A",.,"A",40,"D",.,"A",.,"A",.,"A",.,"A",.,"A",.,"A",.,"A",100,"D",.,"A",.,"A"
"20104",2296665,49,0,"1",.,"A",.,"A",.,"A",.,"A",.,"A",.,"A",.,"A",.,"A",.,"A",.,"A",.,"A",.,"A",110,"D",.,"A",.,"A"
"20104",2296684,50,0,"1",.,"A",.,"A",.,"A",.,"A",15,"D",.,"A",.,"A",.,"A",.,"A",.,"A",.,"A",.,"A",36,"D",.,"A",.,"A"
"20104",2296704,41,0,"1",.,"A",.,"A",.,"A",.,"A",.,"A",.,"A",.,"A",.,"A",.,"A",.,"A",.,"A",.,"A",.,"A",.,"A",.,"A"
"20104",2296723,92,0,"1",.,"A",.,"A",.,"A",.,"A",.,"A",.,"A",.,"A",.,"A",18,"D",.,"A",.,"A",.,"A",55,"D",.,"A",.,"A"
"20104",2296734,27,0,"1",.,"A",.,"A",.,"A",.,"A",.,"A",.,"A",520,"D",.,"A",.,"A",.,"A",.,"A",.,"A",.,"A",.,"A",.,"A"
"20104",2296773,38,0,"1",.,"A",.,"A",.,"A",.,"A",.,"A",.,"A",.,"A",.,"A",.,"A",.,"A",.,"A",.,"A",60,"D",.,"A",.,"A"
"20104",2296784,50,0,"1",.,"A",.,"A",.,"A",.,"A",.,"A",.,"A",.,"A",.,"A",.,"A",.,"A",.,"A",.,"A",.,"A",.,"A",.,"A"
"20104",2296794,31,0,"1",75,"D",.,"A",.,"A",240,"D",165,"D",.,"A",.,"A",.,"A",.,"A",.,"A",.,"A",.,"A",120,"D",.,"A",.,"A"
"20104",2296804,69,0,"1",.,"A",.,"A",.,"A",.,"A",.,"A",.,"A",.,"A",.,"A",.,"A",.,"A",.,"A",.,"A",84,"D",.,"A",.,"A"
"20104",2296824,77,0,"1",.,"A",.,"A",.,"A",.,"A",.,"A",30,"D",.,"A",.,"A",.,"A",.,"A",.,"A",.,"A",500,"D",.,"A",.,"A"
"20104",2296834,73,0,"1",.,"A",.,"A",.,"A",.,"A",.,"A",.,"A",325,"D",.,"A",.,"A",.,"A",.,"A",.,"A",16,"D",.,"A",.,"A"
"20104",2296885,27,0,"1",.,"A",.,"A",.,"A",.,"A",.,"A",.,"A",.,"A",.,"A",.,"A",.,"A",.,"A",.,"A",.,"A",.,"A",.,"A"
"20104",2296894,60,0,"1",.,"A",.,"A",.,"A",.,"A",.,"A",.,"A",325,"D",.,"A",.,"A",306,"D",0,"D",0,"D",35,"D",102,"D",.,"A"
"20104",2296915,46,0,"1",.,"A",.,"A",.,"A",.,"A",56,"D",.,"A",.,"A",.,"A",.,"A",.,"A",.,"A",.,"A",100,"D",.,"A",.,"A"
"20104",2296934,40,0,"1",.,"A",.,"A",.,"A",.,"A",.,"A",.,"A",.,"A",.,"A",.,"A",.,"A",.,"A",.,"A",100,"D",.,"A",.,"A"
"20104",2296943,64,0,"1",.,"A",.,"A",.,"A",.,"A",.,"A",.,"A",.,"A",.,"A",.,"A",.,"A",.,"A",.,"A",200,"D",.,"A",.,"A"
"20104",2296953,56,0,"1",.,"A",.,"A",.,"A",.,"A",.,"A",.,"A",.,"A",.,"A",.,"A",.,"A",.,"A",.,"A",55,"D",.,"A",.,"A"
"20104",2296963,50,0,"1",.,"A",.,"A",.,"A",.,"A",.,"A",40,"D",.,"A",.,"A",.,"A",.,"A",.,"A",.,"A",.,"A",.,"A",.,"A"
"20104",2296983,83,0,"1",.,"A",.,"A",.,"A",.,"A",.,"A",.,"A",.,"A",.,"A",.,"A",.,"A",.,"A",.,"A",120,"D",.,"A",.,"A"
"20104",2296994,43,0,"1",.,"A",.,"A",.,"A",.,"A",.,"A",.,"A",.,"A",.,"A",.,"A",.,"A",.,"A",.,"A",20,"D",.,"A",.,"A"
"20104",2297034,42,0,"1",.,"A",.,"A",.,"A",.,"A",.,"A",.,"A",.,"A",.,"A",.,"A",.,"A",.,"A",.,"A",600,"D",.,"A",.,"A"
"20104",2297043,43,0,"1",.,"A",.,"A",.,"A",.,"A",.,"A",.,"A",.,"A",.,"A",.,"A",438,"D",6,"D",3,"D",100,"D",146,"D",.,"A"
"20104",2297114,32,0,"1",.,"A",.,"A",.,"A",288,"D",45,"D",.,"A",65,"D",.,"A",.,"A",0,"D",0,"D",84,"D",.,"A",0,"D",.,"A"
"20104",2297124,64,0,"1",.,"A",.,"A",.,"A",.,"A",.,"A",.,"A",650,"D",.,"A",.,"A",.,"A",.,"A",.,"A",120,"D",.,"A",.,"A"
"20104",2297184,49,0,"1",.,"A",.,"A",.,"A",.,"A",.,"A",.,"A",1274,"D",.,"A",.,"A",.,"A",.,"A",.,"A",40,"D",.,"A",.,"A"
"20104",2297194,25,0,"1",.,"A",.,"A",.,"A",.,"A",120,"D",.,"A",.,"A",.,"A",.,"A",.,"A",.,"A",.,"A",120,"D",.,"A",.,"A"
"20104",2297213,64,0,"1",.,"A",.,"A",.,"A",.,"A",.,"A",.,"A",.,"A",.,"A",.,"A",.,"A",.,"A",.,"A",260,"D",.,"A",.,"A"
"20104",2297275,54,0,"1",.,"A",.,"A",.,"A",.,"A",.,"A",.,"A",.,"A",.,"A",30,"D",.,"A",.,"A",.,"A",30,"D",.,"A",.,"A"
"20104",2297293,39,0,"1",.,"A",.,"A",.,"A",.,"A",.,"A",.,"A",.,"A",.,"A",.,"A",.,"A",.,"A",.,"A",355,"D",.,"A",.,"A"
"20104",2297363,63,0,"1",.,"A",.,"A",.,"A",.,"A",.,"A",40,"D",.,"A",.,"A",.,"A",.,"A",.,"A",.,"A",200,"D",.,"A",.,"A"
"20104",2297374,54,0,"1",.,"A",.,"A",.,"A",.,"A",.,"A",.,"A",650,"D",.,"A",.,"A",.,"A",.,"A",.,"A",135,"D",.,"A",.,"A"
"20104",2297403,71,0,"1",.,"A",.,"A",.,"A",.,"A",.,"A",.,"A",.,"A",.,"A",9,"D",.,"A",.,"A",.,"A",234,"D",.,"A",.,"A"
"20104",2297423,44,0,"1",.,"A",.,"A",.,"A",.,"A",.,"A",.,"A",.,"A",.,"A",.,"A",.,"A",.,"A",.,"A",.,"A",.,"A",.,"A"
"20104",2297464,48,0,"1",.,"A",.,"A",.,"A",.,"A",.,"A",.,"A",156,"D",.,"A",.,"A",.,"A",.,"A",.,"A",.,"A",.,"A",.,"A"
"20104",2297474,69,0,"1",10,"D",.,"A",.,"A",.,"A",0,"D",.,"A",260,"D",.,"A",.,"A",.,"A",.,"A",.,"A",215,"D",.,"A",.,"A"
"20104",2297483,25,0,"1",13,"D",.,"A",.,"A",.,"A",32,"D",.,"A",.,"A",.,"A",.,"A",.,"A",.,"A",.,"A",180,"D",.,"A",.,"A"
"20104",2297513,74,0,"1",.,"A",.,"A",.,"A",.,"A",.,"A",.,"A",.,"A",.,"A",.,"A",.,"A",.,"A",.,"A",156,"D",.,"A",.,"A"
"20104",2297523,31,0,"1",.,"A",.,"A",.,"A",.,"A",.,"A",.,"A",.,"A",.,"A",.,"A",.,"A",.,"A",.,"A",15,"D",.,"A",.,"A"
"20104",2297534,77,0,"1",.,"A",.,"A",.,"A",.,"A",.,"A",300,"D",.,"A",.,"A",.,"A",.,"A",.,"A",.,"A",100,"D",.,"A",.,"A"
"20104",2297544,35,0,"1",.,"A",.,"A",.,"A",.,"A",.,"A",.,"A",.,"A",.,"A",.,"A",.,"A",.,"A",.,"A",.,"A",.,"A",.,"A"
"20104",2297553,50,0,"1",.,"A",.,"A",.,"A",.,"A",.,"A",.,"A",.,"A",.,"A",.,"A",.,"A",.,"A",.,"A",12,"D",.,"A",.,"A"
"20104",2297564,57,0,"1",.,"A",.,"A",.,"A",.,"A",.,"A",.,"A",.,"A",.,"A",.,"A",.,"A",.,"A",.,"A",120,"D",.,"A",.,"A"
"20104",2297603,31,0,"1",.,"A",.,"A",.,"A",.,"A",.,"A",.,"A",.,"A",.,"A",.,"A",.,"A",.,"A",.,"A",.,"A",.,"A",.,"A"
"20104",2297673,40,0,"1",.,"A",.,"A",.,"A",.,"A",.,"A",.,"A",455,"D",65,"D",.,"A",.,"A",.,"A",.,"A",30,"D",.,"A",.,"A"
"20104",2297694,80,0,"1",.,"A",.,"A",.,"A",50,"D",.,"A",20,"D",.,"A",.,"A",.,"A",60,"D",0,"D",60,"D",200,"D",20,"D",.,"A"
"20104",2297713,43,0,"1",.,"A",.,"A",.,"A",.,"A",.,"A",.,"A",650,"D",.,"A",18,"D",.,"A",.,"A",.,"A",.,"A",.,"A",.,"A"
"20104",2297743,35,0,"1",.,"A",.,"A",.,"A",.,"A",.,"A",.,"A",.,"A",.,"A",.,"A",.,"A",.,"A",.,"A",75,"D",.,"A",.,"A"
"20104",2297794,64,0,"1",.,"A",.,"A",.,"A",.,"A",.,"A",.,"A",.,"A",.,"A",.,"A",.,"A",.,"A",.,"A",17,"D",.,"A",.,"A"
"20104",2297813,42,0,"1",.,"A",.,"A",.,"A",.,"A",.,"A",.,"A",.,"A",.,"A",.,"A",.,"A",.,"A",.,"A",.,"A",.,"A",.,"A"
"20104",2297843,67,0,"1",.,"A",.,"A",.,"A",.,"A",.,"A",200,"D",.,"A",.,"A",.,"A",.,"A",.,"A",.,"A",110,"D",.,"A",.,"A"
"20104",2297864,52,0,"1",.,"A",.,"A",.,"A",.,"A",.,"A",.,"A",.,"A",.,"A",.,"A",.,"A",.,"A",.,"A",42,"D",.,"A",.,"A"
"20104",2297873,26,0,"1",.,"A",.,"A",.,"A",.,"A",.,"A",.,"A",.,"A",.,"A",.,"A",.,"A",.,"A",.,"A",.,"A",.,"A",.,"A"
"20104",2297884,57,0,"1",.,"A",.,"A",.,"A",.,"A",.,"A",.,"A",.,"A",.,"A",.,"A",.,"A",.,"A",.,"A",.,"A",.,"A",.,"A"
"20104",2297894,32,0,"1",.,"A",.,"A",.,"A",.,"A",.,"A",.,"A",130,"D",.,"A",.,"A",.,"A",.,"A",.,"A",45,"D",.,"A",.,"A"
"20104",2297913,66,0,"1",.,"A",.,"A",.,"A",.,"A",.,"A",.,"A",.,"A",.,"A",.,"A",.,"A",.,"A",.,"A",.,"A",.,"A",.,"A"
"20104",2297923,40,0,"1",.,"A",.,"A",.,"A",.,"A",.,"A",.,"A",.,"A",.,"A",.,"A",.,"A",.,"A",.,"A",.,"A",.,"A",.,"A"
"20104",2297943,65,0,"1",.,"A",.,"A",.,"A",.,"A",.,"A",130,"D",.,"A",.,"A",15,"D",0,"D",0,"D",30,"D",.,"A",0,"D",.,"A"
"20104",2297974,55,0,"1",.,"A",.,"A",.,"A",.,"A",.,"A",.,"A",.,"A",.,"A",.,"A",.,"A",.,"A",.,"A",13,"D",.,"A",.,"A"
"20104",2297994,49,0,"1",.,"A",.,"A",.,"A",.,"A",.,"A",15,"D",.,"A",.,"A",.,"A",.,"A",.,"A",.,"A",160,"D",.,"A",.,"A"
"20104",2298023,48,0,"1",.,"A",.,"A",.,"A",.,"A",.,"A",.,"A",.,"A",.,"A",.,"A",.,"A",.,"A",.,"A",45,"D",.,"A",.,"A"
"20104",2298043,47,0,"1",.,"A",.,"A",.,"A",.,"A",.,"A",.,"A",.,"A",.,"A",.,"A",.,"A",.,"A",.,"A",.,"A",.,"A",.,"A"
"20104",2298054,33,0,"1",.,"A",.,"A",.,"A",.,"A",.,"A",.,"A",.,"A",.,"A",.,"A",.,"A",.,"A",.,"A",19,"D",.,"A",.,"A"
"20104",2298093,40,0,"1",.,"A",.,"A",.,"A",.,"A",.,"A",.,"A",.,"A",.,"A",.,"A",.,"A",.,"A",.,"A",140,"D",.,"A",.,"A"
"20104",2298134,80,0,"1",30,"D",.,"A",.,"A",.,"A",120,"D",.,"A",260,"D",.,"A",.,"A",.,"A",.,"A",.,"A",.,"A",.,"A",.,"A"
"20104",2298143,49,0,"1",.,"A",.,"A",.,"A",.,"A",.,"A",.,"A",104,"F",.,"A",.,"A",.,"A",.,"A",.,"A",400,"D",.,"A",.,"A"
"20104",2298174,70,0,"1",.,"A",.,"A",.,"A",.,"A",.,"A",50,"D",.,"A",.,"A",.,"A",.,"A",.,"A",.,"A",180,"D",.,"A",.,"A"
"20104",2298184,58,0,"1",.,"A",35,"D",.,"A",.,"A",.,"A",0,"D",.,"A",.,"A",.,"A",.,"A",.,"A",.,"A",300,"D",.,"A",.,"A"
"20104",2298214,29,0,"1",.,"A",.,"A",.,"A",.,"A",120,"D",.,"A",.,"A",.,"A",.,"A",.,"A",.,"A",.,"A",60,"D",.,"A",.,"A"
"20104",2298223,49,0,"1",.,"A",.,"A",.,"A",.,"A",.,"A",.,"A",.,"A",.,"A",.,"A",.,"A",.,"A",.,"A",110,"D",.,"A",.,"A"
"20104",2298233,52,0,"1",.,"A",.,"A",.,"A",.,"A",.,"A",.,"A",.,"A",.,"A",.,"A",.,"A",.,"A",.,"A",24,"D",.,"A",.,"A"
"20104",2298243,40,0,"1",.,"A",.,"A",.,"A",.,"A",90,"D",.,"A",.,"A",.,"A",.,"A",.,"A",.,"A",.,"A",40,"D",.,"A",.,"A"
"20104",2298254,39,0,"1",.,"A",.,"A",.,"A",.,"A",.,"A",.,"A",.,"A",338,"D",.,"A",.,"A",.,"A",.,"A",.,"A",.,"A",.,"A"
"20104",2298263,41,0,"1",.,"A",.,"A",.,"A",.,"A",.,"A",.,"A",650,"D",.,"A",.,"A",.,"A",.,"A",.,"A",.,"A",.,"A",.,"A"
"20104",2298314,39,0,"1",.,"A",.,"A",.,"A",.,"A",.,"A",.,"A",.,"A",.,"A",15,"D",.,"A",.,"A",.,"A",20,"D",.,"A",.,"A"
"20104",2298324,40,0,"1",.,"A",.,"A",.,"A",.,"A",.,"A",.,"A",.,"A",.,"A",.,"A",.,"A",.,"A",.,"A",50,"D",.,"A",.,"A"
"20104",2298354,32,0,"1",.,"A",.,"A",.,"A",.,"A",.,"A",.,"A",286,"D",.,"A",.,"A",.,"A",.,"A",.,"A",.,"A",.,"A",.,"A"
"20104",2298374,38,0,"1",.,"A",.,"A",.,"A",.,"A",.,"A",.,"A",.,"A",.,"A",.,"A",.,"A",.,"A",.,"A",.,"A",.,"A",.,"A"
"20104",2298394,49,0,"1",.,"A",.,"A",.,"A",.,"A",.,"A",.,"A",.,"A",.,"A",9,"D",.,"A",.,"A",.,"A",15,"D",.,"A",.,"A"
"20104",2298434,67,0,"1",.,"A",.,"A",.,"A",.,"A",.,"A",.,"A",.,"A",.,"A",75,"D",.,"A",.,"A",.,"A",250,"D",.,"A",.,"A"
"20104",2298454,33,0,"1",.,"A",.,"A",.,"A",.,"A",20,"D",.,"A",.,"A",.,"A",.,"A",.,"A",.,"A",.,"A",12,"D",.,"A",.,"A"
"20104",2298464,61,0,"1",.,"A",.,"A",.,"A",.,"A",20,"D",20,"D",.,"A",.,"A",.,"A",.,"A",.,"A",.,"A",.,"A",.,"A",.,"A"
"20104",2298473,33,0,"1",.,"A",.,"A",.,"A",.,"A",.,"A",2,"D",.,"A",.,"A",.,"A",.,"A",.,"A",.,"A",300,"D",.,"A",.,"A"
"20104",2298483,41,0,"1",.,"A",.,"A",.,"A",.,"A",.,"A",.,"A",.,"A",.,"A",.,"A",.,"A",.,"A",.,"A",.,"A",.,"A",.,"A"
"20104",2298514,57,0,"1",.,"A",.,"A",.,"A",.,"A",.,"A",30,"D",.,"A",.,"A",.,"A",.,"A",.,"A",.,"A",180,"D",.,"A",.,"A"
"20104",2298524,64,0,"1",.,"A",.,"A",.,"A",.,"A",.,"A",.,"A",.,"A",.,"A",.,"A",.,"A",.,"A",.,"A",62,"D",.,"A",.,"A"
"20104",2298563,42,0,"1",.,"A",.,"A",.,"A",.,"A",.,"A",.,"A",.,"A",.,"A",36,"D",.,"A",.,"A",.,"A",.,"A",.,"A",.,"A"
"20104",2298574,61,0,"1",.,"A",.,"A",.,"A",.,"A",.,"A",.,"A",.,"A",.,"A",.,"A",.,"A",.,"A",.,"A",50,"D",.,"A",.,"A"
"20104",2298583,50,0,"1",.,"A",.,"A",.,"A",.,"A",.,"A",.,"A",325,"D",.,"A",.,"A",.,"A",.,"A",.,"A",185,"D",.,"A",.,"A"
"20104",2298593,46,0,"1",.,"A",.,"A",.,"A",.,"A",.,"A",.,"A",.,"A",.,"A",.,"A",.,"A",.,"A",.,"A",.,"A",.,"A",.,"A"
"20104",2298624,56,0,"1",.,"A",.,"A",.,"A",.,"A",.,"A",.,"A",.,"A",.,"A",.,"A",.,"A",.,"A",.,"A",100,"D",.,"A",.,"A"
"20104",2298633,63,0,"1",.,"A",.,"A",.,"A",.,"A",.,"A",.,"A",.,"A",.,"A",.,"A",.,"A",.,"A",.,"A",250,"D",.,"A",.,"A"
"20104",2298643,28,0,"1",.,"A",.,"A",.,"A",.,"A",.,"A",.,"A",.,"A",.,"A",.,"A",.,"A",.,"A",.,"A",.,"A",.,"A",.,"A"
"20104",2298664,43,0,"1",.,"A",.,"A",.,"A",.,"A",.,"A",.,"A",.,"A",.,"A",.,"A",.,"A",.,"A",.,"A",180,"D",.,"A",.,"A"
"20104",2298694,48,0,"1",.,"A",.,"A",.,"A",.,"A",.,"A",.,"A",.,"A",.,"A",.,"A",.,"A",.,"A",.,"A",50,"D",.,"A",.,"A"
"20104",2298724,56,0,"1",.,"A",.,"A",.,"A",.,"A",.,"A",.,"A",455,"D",.,"A",.,"A",.,"A",.,"A",.,"A",.,"A",.,"A",.,"A"
"20104",2298734,37,0,"1",.,"A",.,"A",.,"A",.,"A",.,"A",100,"F",.,"A",.,"A",.,"A",.,"A",.,"A",.,"A",40,"F",.,"A",.,"A"
"20104",2298754,62,0,"1",.,"A",.,"A",.,"A",.,"A",.,"A",.,"A",1560,"D",.,"A",.,"A",.,"A",.,"A",.,"A",15,"D",.,"A",.,"A"
"20104",2298843,69,0,"1",.,"A",.,"A",.,"A",.,"A",.,"A",60,"D",780,"D",.,"A",.,"A",.,"A",.,"A",.,"A",60,"D",.,"A",.,"A"
"20104",2298853,36,0,"1",.,"A",.,"A",.,"A",.,"A",.,"A",.,"A",.,"A",.,"A",.,"A",.,"A",.,"A",.,"A",.,"A",.,"A",.,"A"
"20104",2298863,47,0,"1",.,"A",.,"A",.,"A",.,"A",.,"A",.,"A",.,"A",.,"A",.,"A",.,"A",.,"A",.,"A",20,"D",.,"A",.,"A"
"20104",2298903,92,0,"1",.,"A",.,"A",.,"A",.,"A",.,"A",.,"A",195,"D",.,"A",.,"A",.,"A",.,"A",.,"A",15,"D",.,"A",.,"A"
"20104",2298923,44,0,"1",.,"A",.,"A",.,"A",.,"A",.,"A",.,"A",.,"A",.,"A",30,"D",.,"A",.,"A",.,"A",.,"A",.,"A",.,"A"
"20104",2298964,41,0,"1",.,"A",.,"A",.,"A",.,"A",.,"A",.,"A",.,"A",650,"D",.,"A",.,"A",.,"A",.,"A",.,"A",.,"A",.,"A"
"20104",2299023,51,0,"1",.,"A",.,"A",.,"A",.,"A",.,"A",55,"D",.,"A",.,"A",.,"A",.,"A",.,"A",.,"A",200,"D",.,"A",.,"A"
"20104",2299033,26,0,"1",.,"A",.,"A",.,"A",.,"A",.,"A",.,"A",.,"A",.,"A",.,"A",.,"A",.,"A",.,"A",.,"A",.,"A",.,"A"
"20104",2299054,33,0,"1",.,"A",.,"A",.,"A",.,"A",90,"D",.,"A",.,"A",.,"A",.,"A",.,"A",.,"A",.,"A",.,"A",.,"A",.,"A"
"20104",2299063,57,0,"1",.,"A",.,"A",.,"A",.,"A",.,"A",.,"A",.,"A",.,"A",.,"A",.,"A",.,"A",.,"A",183,"D",.,"A",.,"A"
"20104",2299094,39,0,"1",.,"A",.,"A",.,"A",.,"A",.,"A",.,"A",195,"D",.,"A",.,"A",.,"A",.,"A",.,"A",.,"A",.,"A",.,"A"
"20104",2299104,60,0,"1",.,"A",.,"A",.,"A",45,"D",.,"A",.,"A",.,"A",.,"A",.,"A",.,"A",.,"A",.,"A",80,"D",.,"A",.,"A"
"20104",2299134,54,0,"1",.,"A",.,"A",.,"A",.,"A",.,"A",100,"D",.,"A",.,"A",.,"A",.,"A",.,"A",.,"A",200,"D",.,"A",.,"A"
"20104",2299163,36,0,"1",.,"A",.,"A",.,"A",.,"A",.,"A",.,"A",.,"A",.,"A",.,"A",0,"D",0,"D",75,"D",100,"D",0,"D",.,"A"
"20104",2299223,23,0,"1",.,"A",.,"A",.,"A",.,"A",.,"A",.,"A",.,"A",.,"A",.,"A",0,"D",0,"D",60,"D",30,"D",0,"D",.,"A"
"20104",2299243,62,0,"1",.,"A",.,"A",.,"A",.,"A",.,"A",.,"A",.,"A",.,"A",.,"A",.,"A",.,"A",.,"A",330,"D",.,"A",.,"A"
"20104",2299254,60,0,"1",.,"A",.,"A",.,"A",.,"A",.,"A",.,"A",.,"A",.,"A",6,"D",.,"A",.,"A",.,"A",140,"D",.,"A",.,"A"
"20104",2299293,64,0,"1",.,"A",.,"A",.,"A",.,"A",.,"A",.,"A",.,"A",.,"A",30,"D",.,"A",.,"A",.,"A",200,"D",.,"A",.,"A"
"20104",2299303,55,0,"1",.,"A",.,"A",.,"A",.,"A",.,"A",.,"A",.,"A",.,"A",.,"A",.,"A",.,"A",.,"A",.,"A",.,"A",.,"A"
"20104",2299344,52,0,"1",.,"A",.,"A",.,"A",.,"A",.,"A",.,"A",156,"D",286,"D",.,"A",.,"A",.,"A",.,"A",.,"A",.,"A",.,"A"
"20104",2299363,29,0,"1",.,"A",.,"A",.,"A",.,"A",.,"A",.,"A",520,"D",.,"A",.,"A",.,"A",.,"A",.,"A",.,"A",.,"A",.,"A"
"20104",2299374,70,0,"1",.,"A",.,"A",.,"A",.,"A",.,"A",.,"A",910,"D",.,"A",.,"A",.,"A",.,"A",.,"A",.,"A",.,"A",.,"A"
"20104",2299424,64,0,"1",.,"A",.,"A",.,"A",.,"A",.,"A",36,"D",.,"A",.,"A",.,"A",.,"A",.,"A",.,"A",150,"D",.,"A",.,"A"
"20104",2299433,51,0,"1",.,"A",.,"A",.,"A",.,"A",.,"A",.,"A",52,"D",.,"A",.,"A",.,"A",.,"A",.,"A",15,"D",.,"A",.,"A"
"20104",2299444,38,0,"1",.,"A",.,"A",.,"A",.,"A",.,"A",.,"A",.,"A",.,"A",.,"A",.,"A",.,"A",.,"A",.,"A",.,"A",.,"A"
"20104",2299464,53,0,"1",.,"A",.,"A",80,"D",.,"A",.,"A",.,"A",.,"A",.,"A",.,"A",.,"A",.,"A",.,"A",.,"A",.,"A",.,"A"
"20104",2299514,20,0,"1",.,"A",.,"A",.,"A",.,"A",.,"A",.,"A",.,"A",.,"A",.,"A",.,"A",.,"A",.,"A",.,"A",.,"A",.,"A"
"20104",2299533,40,0,"1",.,"A",.,"A",.,"A",.,"A",.,"A",.,"A",325,"D",.,"A",.,"A",.,"A",.,"A",.,"A",75,"D",.,"A",.,"A"
"20104",2299543,73,0,"1",.,"A",.,"A",.,"A",.,"A",.,"A",.,"A",.,"A",.,"A",.,"A",.,"A",.,"A",.,"A",41,"D",.,"A",.,"A"
"20104",2299563,48,0,"1",.,"A",35,"D",.,"A",.,"A",.,"A",0,"D",.,"A",.,"A",.,"A",.,"A",.,"A",.,"A",.,"A",.,"A",.,"A"
"20104",2299573,84,0,"1",.,"A",.,"A",.,"A",.,"A",.,"A",40,"D",.,"A",.,"A",15,"D",.,"A",.,"A",.,"A",110,"D",.,"A",.,"A"
"20104",2299594,62,0,"1",.,"A",.,"A",.,"A",.,"A",.,"A",.,"A",.,"A",.,"A",39,"F",.,"A",.,"A",.,"A",10,"D",.,"A",.,"A"
"20104",2299603,34,0,"1",.,"A",.,"A",.,"A",.,"A",120,"D",.,"A",.,"A",.,"A",.,"A",.,"A",.,"A",.,"A",.,"A",.,"A",.,"A"
"20104",2299624,38,0,"1",.,"A",.,"A",.,"A",.,"A",.,"A",.,"A",.,"A",.,"A",.,"A",.,"A",.,"A",.,"A",.,"A",.,"A",.,"A"
"20104",2299643,54,0,"1",.,"A",.,"A",.,"A",.,"A",.,"A",.,"A",.,"A",.,"A",.,"A",.,"A",.,"A",.,"A",23,"D",.,"A",.,"A"
"20104",2299663,47,0,"1",.,"A",.,"A",.,"A",.,"A",.,"A",.,"A",.,"A",.,"A",.,"A",.,"A",.,"A",.,"A",150,"D",.,"A",.,"A"
"20104",2299764,31,0,"1",.,"A",.,"A",.,"A",.,"A",.,"A",.,"A",.,"A",.,"A",.,"A",.,"A",.,"A",.,"A",.,"A",.,"A",.,"A"
"20104",2299773,50,0,"1",.,"A",.,"A",.,"A",.,"A",.,"A",.,"A",78,"D",.,"A",.,"A",.,"A",.,"A",.,"A",80,"D",.,"A",.,"A"
"20104",2299783,34,0,"1",.,"A",.,"A",.,"A",.,"A",.,"A",.,"A",650,"D",.,"A",.,"A",.,"A",.,"A",.,"A",.,"A",.,"A",.,"A"
"20104",2299804,48,0,"1",.,"A",.,"A",.,"A",.,"A",.,"A",120,"D",.,"A",.,"A",.,"A",.,"A",.,"A",.,"A",300,"D",.,"A",.,"A"
"20104",2299864,63,0,"1",.,"A",.,"A",.,"A",.,"A",.,"A",50,"D",.,"A",.,"A",.,"A",.,"A",.,"A",.,"A",450,"D",.,"A",.,"A"
"20104",2299883,26,0,"1",.,"A",.,"A",.,"A",.,"A",.,"A",.,"A",221,"D",.,"A",.,"A",.,"A",.,"A",.,"A",.,"A",.,"A",.,"A"
"20104",2299904,57,0,"1",.,"A",.,"A",.,"A",.,"A",.,"A",.,"A",.,"A",.,"A",.,"A",.,"A",.,"A",.,"A",100,"D",.,"A",.,"A"
"20104",2299923,66,0,"1",.,"A",.,"A",.,"A",.,"A",.,"A",.,"A",.,"A",.,"A",.,"A",.,"A",.,"A",.,"A",130,"D",.,"A",.,"A"
"20104",2299953,46,0,"1",.,"A",.,"A",.,"A",.,"A",.,"A",.,"A",.,"A",.,"A",.,"A",.,"A",.,"A",.,"A",230,"D",.,"A",.,"A"
"20104",2299964,45,0,"1",.,"A",.,"A",.,"A",.,"A",.,"A",.,"A",39,"D",.,"A",.,"A",.,"A",.,"A",.,"A",.,"A",.,"A",.,"A"
"20104",2300054,42,0,"1",.,"A",.,"A",.,"A",.,"A",.,"A",.,"A",.,"A",.,"A",.,"A",.,"A",.,"A",.,"A",60,"D",.,"A",.,"A"
"20104",2300074,46,0,"1",.,"A",.,"A",.,"A",.,"A",.,"A",.,"A",390,"D",.,"A",24,"F",.,"A",.,"A",.,"A",60,"D",.,"A",.,"A"
"20104",2300084,51,0,"1",.,"A",.,"A",.,"A",55,"D",20,"D",.,"A",.,"A",.,"A",.,"A",.,"A",.,"A",.,"A",147,"D",.,"A",.,"A"
"20104",2300104,43,0,"1",.,"A",.,"A",.,"A",.,"A",.,"A",.,"A",.,"A",.,"A",.,"A",.,"A",.,"A",.,"A",40,"D",.,"A",.,"A"
"20104",2300144,69,0,"1",.,"A",.,"A",.,"A",.,"A",.,"A",25,"D",.,"A",.,"A",.,"A",.,"A",.,"A",.,"A",100,"D",.,"A",.,"A"
"20104",2300163,78,0,"1",.,"A",.,"A",.,"A",.,"A",.,"A",.,"A",.,"A",.,"A",.,"A",.,"A",.,"A",.,"A",210,"D",.,"A",.,"A"
"20104",2300174,24,0,"1",10,"D",.,"A",.,"A",.,"A",15,"D",.,"A",.,"A",.,"A",.,"A",.,"A",.,"A",.,"A",50,"D",.,"A",.,"A"
"20104",2300183,21,0,"1",.,"A",.,"A",.,"A",.,"A",20,"D",.,"A",.,"A",.,"A",.,"A",0,"D",0,"D",45,"D",.,"A",0,"D",.,"A"
"20104",2300214,31,0,"1",60,"D",.,"A",.,"A",.,"A",60,"D",.,"A",.,"A",.,"A",.,"A",.,"A",.,"A",.,"A",.,"A",.,"A",.,"A"
"20104",2300265,41,0,"1",.,"A",.,"A",.,"A",.,"A",.,"A",.,"A",.,"A",.,"A",.,"A",.,"A",.,"A",.,"A",120,"D",.,"A",.,"A"
"20104",2300293,63,0,"1",.,"A",.,"A",.,"A",.,"A",.,"A",.,"A",.,"A",.,"A",.,"A",.,"A",.,"A",.,"A",100,"D",.,"A",.,"A"
"20104",2300304,56,0,"1",.,"A",.,"A",.,"A",.,"A",.,"A",15,"D",.,"A",.,"A",.,"A",.,"A",.,"A",.,"A",.,"A",.,"A",.,"A"
"20104",2300344,65,0,"1",.,"A",.,"A",.,"A",.,"A",.,"A",.,"A",.,"A",.,"A",.,"A",.,"A",.,"A",.,"A",.,"A",.,"A",.,"A"
"20104",2300363,43,0,"1",.,"A",.,"A",.,"A",.,"A",.,"A",.,"A",.,"A",.,"A",.,"A",.,"A",.,"A",.,"A",120,"D",.,"A",.,"A"
"20104",2300403,56,0,"1",.,"A",.,"A",.,"A",.,"A",.,"A",.,"A",481,"D",.,"A",108,"D",6,"D",0,"D",6,"D",19,"D",2,"D",.,"A"
"20104",2300414,51,0,"1",.,"A",.,"A",.,"A",.,"A",.,"A",.,"A",.,"A",.,"A",.,"A",.,"A",.,"A",.,"A",.,"A",.,"A",.,"A"
"20104",2300423,22,0,"1",.,"A",.,"A",.,"A",.,"A",40,"D",.,"A",.,"A",.,"A",.,"A",.,"A",.,"A",.,"A",.,"A",.,"A",.,"A"
"20104",2300433,71,0,"1",.,"A",.,"A",.,"A",.,"A",.,"A",100,"D",.,"A",.,"A",60,"F",.,"A",.,"A",.,"A",200,"D",.,"A",.,"A"
"20104",2300444,31,0,"1",.,"A",.,"A",.,"A",.,"A",36,"D",.,"A",.,"A",.,"A",.,"A",.,"A",.,"A",.,"A",.,"A",.,"A",.,"A"
"20104",2300473,39,0,"1",.,"A",.,"A",.,"A",.,"A",.,"A",25,"D",.,"A",.,"A",.,"A",.,"A",.,"A",.,"A",350,"D",.,"A",.,"A"
"20104",2300523,55,0,"1",.,"A",.,"A",.,"A",.,"A",.,"A",.,"A",.,"A",130,"D",.,"A",.,"A",.,"A",.,"A",200,"D",.,"A",.,"A"
"20104",2300543,49,0,"1",.,"A",.,"A",.,"A",.,"A",.,"A",.,"A",.,"A",.,"A",.,"A",.,"A",.,"A",.,"A",240,"D",.,"A",.,"A"
"20104",2300563,33,0,"1",.,"A",.,"A",.,"A",.,"A",.,"A",.,"A",.,"A",.,"A",.,"A",360,"D",0,"D",0,"D",60,"F",120,"D",.,"A"
"20104",2300584,40,0,"1",.,"A",.,"A",.,"A",.,"A",.,"A",.,"A",.,"A",.,"A",90,"D",.,"A",.,"A",.,"A",30,"D",.,"A",.,"A"
"20104",2300594,86,0,"1",.,"A",.,"A",.,"A",.,"A",.,"A",.,"A",.,"A",.,"A",15,"D",.,"A",.,"A",.,"A",105,"D",.,"A",.,"A"
"20104",2300604,44,0,"1",.,"A",.,"A",.,"A",.,"A",.,"A",.,"A",.,"A",.,"A",.,"A",.,"A",.,"A",.,"A",45,"D",.,"A",.,"A"
"20104",2300614,60,0,"1",.,"A",.,"A",.,"A",.,"A",.,"A",.,"A",1040,"D",.,"A",.,"A",.,"A",.,"A",.,"A",.,"A",.,"A",.,"A"
"20104",2300634,36,0,"1",.,"A",.,"A",.,"A",.,"A",.,"A",.,"A",1040,"D",.,"A",.,"A",.,"A",.,"A",.,"A",200,"D",.,"A",.,"A"
"20104",2300684,45,0,"1",.,"A",.,"A",.,"A",.,"A",.,"A",.,"A",.,"A",.,"A",.,"A",.,"A",.,"A",.,"A",270,"D",.,"A",.,"A"
"20104",2300694,25,0,"1",.,"A",.,"A",.,"A",.,"A",.,"A",30,"D",.,"A",.,"A",.,"A",480,"D",0,"D",0,"D",47,"D",160,"D",.,"A"
"20104",2300703,34,0,"1",.,"A",.,"A",.,"A",.,"A",.,"A",.,"A",390,"D",.,"A",.,"A",0,"D",0,"D",69,"D",.,"A",0,"D",.,"A"
"20104",2300724,36,0,"1",.,"A",.,"A",.,"A",.,"A",20,"D",.,"A",.,"A",.,"A",.,"A",.,"A",.,"A",.,"A",.,"A",.,"A",.,"A"
"20104",2300743,26,0,"1",.,"A",.,"A",.,"A",120,"D",20,"D",.,"A",.,"A",.,"A",24,"D",.,"A",.,"A",.,"A",.,"A",.,"A",.,"A"
"20104",2300764,48,0,"1",.,"A",.,"A",.,"A",.,"A",.,"A",.,"A",.,"A",65,"D",.,"A",.,"A",.,"A",.,"A",.,"A",.,"A",.,"A"
"20104",2300774,47,0,"1",.,"A",.,"A",.,"A",.,"A",.,"A",.,"A",.,"A",195,"D",.,"A",.,"A",.,"A",.,"A",.,"A",.,"A",.,"A"
"20104",2300783,33,0,"1",.,"A",.,"A",.,"A",.,"A",.,"A",.,"A",.,"A",.,"A",.,"A",.,"A",.,"A",.,"A",.,"A",.,"A",.,"A"
"20104",2300903,80,0,"1",.,"A",.,"A",.,"A",75,"D",72,"D",90,"D",.,"A",.,"A",.,"A",.,"A",.,"A",.,"A",75,"D",.,"A",.,"A"
"20104",2300944,61,0,"1",.,"A",.,"A",.,"A",.,"A",.,"A",.,"A",.,"A",.,"A",.,"A",.,"A",.,"A",.,"A",50,"D",.,"A",.,"A"
"20104",2300954,58,0,"1",.,"A",.,"A",.,"A",.,"A",.,"A",.,"A",.,"A",.,"A",.,"A",.,"A",.,"A",.,"A",14,"D",.,"A",.,"A"
"20104",2300984,51,0,"1",.,"A",.,"A",.,"A",.,"A",.,"A",.,"A",.,"A",.,"A",.,"A",.,"A",.,"A",.,"A",.,"A",.,"A",.,"A"
"20104",2300994,62,0,"1",.,"A",.,"A",.,"A",.,"A",120,"D",.,"A",.,"A",.,"A",.,"A",.,"A",.,"A",.,"A",40,"D",.,"A",.,"A"
"20104",2301013,47,0,"1",.,"A",.,"A",.,"A",.,"A",.,"A",.,"A",.,"A",.,"A",.,"A",.,"A",.,"A",.,"A",50,"D",.,"A",.,"A"
"20104",2301053,53,0,"1",.,"A",.,"A",.,"A",.,"A",.,"A",80,"D",.,"A",.,"A",.,"A",.,"A",.,"A",.,"A",50,"D",.,"A",.,"A"
"20104",2301063,58,0,"1",.,"A",.,"A",.,"A",.,"A",.,"A",75,"D",.,"A",.,"A",15,"D",.,"A",.,"A",.,"A",400,"D",.,"A",.,"A"
"20104",2301074,22,0,"1",.,"A",.,"A",.,"A",.,"A",.,"A",.,"A",390,"F",.,"A",.,"A",.,"A",.,"A",.,"A",.,"A",.,"A",.,"A"
"20104",2301083,47,0,"1",.,"A",.,"A",.,"A",.,"A",.,"A",.,"A",.,"A",.,"A",.,"A",.,"A",.,"A",.,"A",60,"D",.,"A",.,"A"
"20104",2301114,101,0,"1",.,"A",.,"A",.,"A",.,"A",.,"A",40,"D",.,"A",.,"A",.,"A",.,"A",.,"A",.,"A",130,"D",.,"A",.,"A"
"20104",2301153,35,0,"1",.,"A",.,"A",.,"A",.,"A",120,"D",.,"A",.,"A",.,"A",.,"A",.,"A",.,"A",.,"A",10,"D",.,"A",.,"A"
"20104",2301213,73,0,"1",.,"A",.,"A",.,"A",.,"A",.,"A",.,"A",.,"A",.,"A",.,"A",.,"A",.,"A",.,"A",30,"D",.,"A",.,"A"
"20104",2301223,30,0,"1",.,"A",.,"A",.,"A",.,"A",.,"A",.,"A",.,"A",.,"A",.,"A",264,"D",0,"D",0,"D",85,"D",88,"D",120,"D"
"20104",2301253,40,0,"1",11,"D",.,"A",.,"A",.,"A",29,"D",200,"D",780,"D",.,"A",30,"D",.,"A",.,"A",.,"A",10,"D",.,"A",.,"A"
"20104",2301353,33,0,"1",.,"A",.,"A",.,"A",.,"A",.,"A",.,"A",.,"A",.,"A",.,"A",225,"D",0,"D",0,"D",.,"A",75,"D",.,"A"
"20104",2301364,45,0,"1",.,"A",.,"A",.,"A",.,"A",.,"A",35,"D",.,"A",.,"A",.,"A",.,"A",.,"A",.,"A",100,"F",.,"A",.,"A"
"20104",2301374,30,0,"1",8,"D",.,"A",.,"A",.,"A",22,"D",.,"A",.,"A",.,"A",.,"A",0,"D",0,"D",30,"D",20,"D",0,"D",.,"A"
"20104",2301383,62,0,"1",.,"A",.,"A",.,"A",.,"A",.,"A",.,"A",.,"A",.,"A",.,"A",.,"A",.,"A",.,"A",15,"D",.,"A",.,"A"
"20104",2301393,58,0,"1",.,"A",.,"A",.,"A",.,"A",.,"A",50,"D",.,"A",.,"A",.,"A",.,"A",.,"A",.,"A",75,"D",.,"A",.,"A"
"20104",2301404,36,0,"1",.,"A",.,"A",.,"A",.,"A",.,"A",.,"A",.,"A",.,"A",.,"A",.,"A",.,"A",.,"A",.,"A",.,"A",.,"A"
"20104",2301433,29,0,"1",.,"A",.,"A",.,"A",.,"A",.,"A",.,"A",.,"A",.,"A",.,"A",.,"A",.,"A",.,"A",.,"A",.,"A",.,"A"
"20104",2301473,37,0,"1",.,"A",.,"A",.,"A",.,"A",.,"A",.,"A",676,"D",.,"A",.,"A",.,"A",.,"A",.,"A",75,"D",.,"A",.,"A"
"20104",2301503,30,0,"1",.,"A",.,"A",.,"A",.,"A",10,"D",65,"D",.,"A",.,"A",.,"A",.,"A",.,"A",.,"A",120,"D",.,"A",.,"A"
"20104",2301523,45,0,"1",.,"A",.,"A",.,"A",.,"A",.,"A",.,"A",.,"A",.,"A",.,"A",.,"A",.,"A",.,"A",200,"D",.,"A",.,"A"
"20104",2301533,63,0,"1",.,"A",.,"A",.,"A",.,"A",.,"A",.,"A",.,"A",390,"D",60,"D",.,"A",.,"A",.,"A",.,"A",.,"A",.,"A"
"20104",2301584,62,0,"1",20,"D",.,"A",.,"A",.,"A",0,"D",.,"A",.,"A",.,"A",.,"A",.,"A",.,"A",.,"A",75,"D",.,"A",.,"A"
"20104",2301614,43,0,"1",.,"A",.,"A",.,"A",.,"A",.,"A",.,"A",.,"A",.,"A",.,"A",.,"A",.,"A",.,"A",.,"A",.,"A",.,"A"
"20104",2301633,52,0,"1",.,"A",.,"A",.,"A",.,"A",.,"A",.,"A",.,"A",.,"A",.,"A",.,"A",.,"A",.,"A",.,"A",.,"A",.,"A"
"20104",2301643,34,0,"1",114,"D",.,"A",.,"A",.,"A",286,"D",.,"A",.,"A",.,"A",.,"A",0,"D",90,"D",240,"D",.,"A",0,"D",.,"A"
"20104",2301664,28,0,"1",.,"A",.,"A",.,"A",.,"A",.,"A",.,"A",.,"A",.,"A",.,"A",225,"D",0,"D",0,"D",.,"A",75,"D",230,"D"
"20104",2301673,59,0,"1",.,"A",.,"A",.,"A",.,"A",.,"A",.,"A",.,"A",.,"A",.,"A",.,"A",.,"A",.,"A",60,"D",.,"A",.,"A"
"20104",2301683,37,0,"1",.,"A",.,"A",.,"A",.,"A",.,"A",.,"A",273,"D",.,"A",.,"A",.,"A",.,"A",.,"A",.,"A",.,"A",.,"A"
"20104",2301694,26,0,"1",.,"A",.,"A",.,"A",.,"A",20,"D",.,"A",.,"A",.,"A",.,"A",0,"D",0,"D",30,"D",40,"D",0,"D",.,"A"
"20104",2301723,68,0,"1",.,"A",.,"A",.,"A",.,"A",.,"A",.,"A",.,"A",.,"A",.,"A",.,"A",.,"A",.,"A",230,"D",.,"A",.,"A"
"20104",2301753,35,0,"1",71,"D",.,"A",.,"A",.,"A",179,"D",.,"A",260,"D",.,"A",.,"A",.,"A",.,"A",.,"A",.,"A",.,"A",.,"A"
"20104",2301774,61,0,"1",.,"A",.,"A",.,"A",.,"A",.,"A",100,"D",.,"A",13,"D",.,"A",.,"A",.,"A",.,"A",500,"D",.,"A",.,"A"
"20104",2301784,47,0,"1",.,"A",.,"A",.,"A",.,"A",.,"A",.,"A",377,"D",.,"A",.,"A",.,"A",.,"A",.,"A",.,"A",.,"A",.,"A"
"20104",2301794,33,0,"1",.,"A",.,"A",.,"A",.,"A",.,"A",.,"A",.,"A",.,"A",.,"A",.,"A",.,"A",.,"A",.,"A",.,"A",.,"A"
"20104",2301833,53,0,"1",.,"A",.,"A",.,"A",.,"A",.,"A",15,"D",91,"D",.,"A",.,"A",.,"A",.,"A",.,"A",160,"D",.,"A",.,"A"
"20104",2301843,34,0,"1",.,"A",.,"A",.,"A",.,"A",50,"D",60,"D",.,"A",.,"A",.,"A",.,"A",.,"A",.,"A",.,"A",.,"A",.,"A"
"20104",2301874,38,0,"1",.,"A",.,"A",.,"A",.,"A",.,"A",.,"A",.,"A",.,"A",.,"A",.,"A",.,"A",.,"A",.,"A",.,"A",.,"A"
"20104",2301894,45,0,"1",5,"D",.,"A",.,"A",.,"A",15,"D",.,"A",.,"A",.,"A",.,"A",.,"A",.,"A",.,"A",120,"D",.,"A",.,"A"
"20104",2301984,75,0,"1",.,"A",.,"A",.,"A",.,"A",.,"A",.,"A",.,"A",.,"A",.,"A",.,"A",.,"A",.,"A",95,"D",.,"A",.,"A"
"20104",2302033,32,0,"1",.,"A",.,"A",.,"A",.,"A",.,"A",15,"D",.,"A",.,"A",.,"A",.,"A",.,"A",.,"A",108,"D",.,"A",.,"A"
"20104",2302073,48,0,"1",.,"A",.,"A",.,"A",.,"A",.,"A",.,"A",.,"A",.,"A",.,"A",.,"A",.,"A",.,"A",.,"A",.,"A",.,"A"
"20104",2302094,40,0,"1",3,"D",.,"A",.,"A",.,"A",27,"D",20,"D",65,"D",.,"A",30,"D",18,"D",0,"D",6,"D",80,"D",6,"D",.,"A"
"20104",2302174,54,0,"1",.,"A",.,"A",.,"A",.,"A",.,"A",.,"A",.,"A",.,"A",.,"A",.,"A",.,"A",.,"A",.,"A",.,"A",.,"A"
"20104",2302183,71,0,"1",.,"A",.,"A",.,"A",.,"A",.,"A",.,"A",.,"A",.,"A",.,"A",.,"A",.,"A",.,"A",.,"A",.,"A",.,"A"
"20104",2302203,45,0,"1",.,"A",.,"A",.,"A",.,"A",.,"A",15,"D",.,"A",.,"A",.,"A",.,"A",.,"A",.,"A",.,"A",.,"A",.,"A"
"20104",2302213,37,0,"1",.,"A",.,"A",.,"A",.,"A",.,"A",.,"A",.,"A",.,"A",.,"A",.,"A",.,"A",.,"A",.,"A",.,"A",.,"A"
"20104",2302233,36,0,"1",.,"A",.,"A",.,"A",.,"A",.,"A",.,"A",104,"D",.,"A",90,"D",.,"A",.,"A",.,"A",.,"A",.,"A",.,"A"
"20104",2302244,51,0,"1",.,"A",.,"A",.,"A",.,"A",180,"D",.,"A",390,"D",.,"A",.,"A",.,"A",.,"A",.,"A",.,"A",.,"A",.,"A"
"20104",2302274,45,0,"1",.,"A",.,"A",.,"A",.,"A",.,"A",.,"A",520,"D",.,"A",30,"D",.,"A",.,"A",.,"A",75,"D",.,"A",.,"A"
"20104",2302294,28,0,"1",.,"A",.,"A",.,"A",.,"A",.,"A",.,"A",.,"A",.,"A",.,"A",.,"A",.,"A",.,"A",.,"A",.,"A",.,"A"
"20104",2302304,22,0,"1",.,"A",.,"A",.,"A",.,"A",60,"D",.,"A",221,"D",.,"A",.,"A",.,"A",.,"A",.,"A",26,"D",.,"A",.,"A"
"20104",2302314,43,0,"1",.,"A",.,"A",.,"A",.,"A",.,"A",100,"D",.,"A",.,"A",.,"A",.,"A",.,"A",.,"A",180,"D",.,"A",.,"A"
"20104",2302334,56,0,"1",9,"D",.,"A",95,"D",40,"D",21,"D",23,"D",.,"A",.,"A",.,"A",.,"A",.,"A",.,"A",240,"D",.,"A",.,"A"
"20104",2302353,51,0,"1",.,"A",.,"A",.,"A",.,"A",.,"A",.,"A",.,"A",.,"A",.,"A",.,"A",.,"A",.,"A",.,"A",.,"A",.,"A"
"20104",2302383,58,0,"1",.,"A",.,"A",.,"A",.,"A",.,"A",.,"A",.,"A",.,"A",.,"A",.,"A",.,"A",.,"A",30,"D",.,"A",.,"A"
"20104",2302394,67,0,"1",.,"A",.,"A",.,"A",.,"A",.,"A",.,"A",.,"A",.,"A",24,"D",.,"A",.,"A",.,"A",.,"A",.,"A",.,"A"
"20104",2302405,62,0,"1",.,"A",.,"A",.,"A",10,"D",.,"A",.,"A",130,"D",.,"A",15,"D",.,"A",.,"A",.,"A",150,"D",.,"A",.,"A"
"20104",2302424,23,0,"1",.,"A",.,"A",.,"A",.,"A",.,"A",.,"A",.,"A",.,"A",.,"A",.,"A",.,"A",.,"A",.,"A",.,"A",.,"A"
"20104",2302433,36,0,"1",.,"A",.,"A",.,"A",.,"A",.,"A",.,"A",.,"A",.,"A",.,"A",.,"A",.,"A",.,"A",.,"A",.,"A",.,"A"
"20104",2302453,31,0,"1",.,"A",.,"A",.,"A",.,"A",20,"D",12,"D",.,"A",.,"A",.,"A",.,"A",.,"A",.,"A",36,"D",.,"A",.,"A"
"20104",2302514,54,0,"1",.,"A",.,"A",.,"A",.,"A",.,"A",.,"A",.,"A",.,"A",.,"A",.,"A",.,"A",.,"A",.,"A",.,"A",.,"A"
"20104",2302524,36,0,"1",.,"A",.,"A",.,"A",.,"A",.,"A",.,"A",.,"A",.,"A",.,"A",.,"A",.,"A",.,"A",.,"A",.,"A",.,"A"
"20104",2302613,43,0,"1",.,"A",.,"A",.,"A",.,"A",120,"D",.,"A",.,"A",.,"A",.,"A",.,"A",.,"A",.,"A",.,"A",.,"A",.,"A"
"20104",2302634,56,0,"1",.,"A",157,"D",.,"A",.,"A",.,"A",323,"D",.,"A",.,"A",.,"A",.,"A",.,"A",.,"A",360,"D",.,"A",.,"A"
"20104",2302643,37,0,"1",.,"A",.,"A",.,"A",.,"A",80,"D",.,"A",.,"A",.,"A",.,"A",.,"A",.,"A",.,"A",.,"A",.,"A",.,"A"
"20104",2302674,37,0,"1",.,"A",.,"A",.,"A",.,"A",.,"A",.,"A",.,"A",.,"A",.,"A",.,"A",.,"A",.,"A",80,"D",.,"A",.,"A"
"20104",2302684,81,0,"1",.,"A",.,"A",.,"A",.,"A",300,"D",.,"A",.,"A",.,"A",.,"A",.,"A",.,"A",.,"A",122,"D",.,"A",.,"A"
"20104",2302693,56,0,"1",.,"A",.,"A",.,"A",.,"A",.,"A",.,"A",.,"A",.,"A",.,"A",.,"A",.,"A",.,"A",150,"D",.,"A",.,"A"
"20104",2302724,69,0,"1",.,"A",.,"A",.,"A",.,"A",.,"A",.,"A",.,"A",.,"A",.,"A",.,"A",.,"A",.,"A",.,"A",.,"A",.,"A"
"20104",2302733,37,0,"1",.,"A",.,"A",.,"A",.,"A",.,"A",.,"A",455,"D",.,"A",.,"A",.,"A",.,"A",.,"A",.,"A",.,"A",.,"A"
"20104",2302754,29,0,"1",.,"A",.,"A",.,"A",.,"A",.,"A",.,"A",.,"A",.,"A",.,"A",.,"A",.,"A",.,"A",165,"D",.,"A",.,"A"
"20104",2302794,34,0,"1",.,"A",.,"A",.,"A",.,"A",.,"A",.,"A",650,"D",.,"A",.,"A",.,"A",.,"A",.,"A",.,"A",.,"A",.,"A"
"20104",2302803,44,0,"1",.,"A",.,"A",.,"A",.,"A",.,"A",20,"D",.,"A",.,"A",36,"D",.,"A",.,"A",.,"A",250,"D",.,"A",.,"A"
"20104",2302814,60,0,"1",.,"A",.,"A",.,"A",.,"A",.,"A",.,"A",.,"A",.,"A",.,"A",.,"A",.,"A",.,"A",.,"A",.,"A",.,"A"
"20104",2302834,30,0,"1",.,"A",.,"A",.,"A",.,"A",.,"A",.,"A",390,"F",.,"A",.,"A",.,"A",.,"A",.,"A",.,"A",.,"A",.,"A"
"20104",2302853,36,0,"1",.,"A",.,"A",.,"A",.,"A",.,"A",.,"A",.,"A",.,"A",.,"A",.,"A",.,"A",.,"A",.,"A",.,"A",.,"A"
"20104",2302873,63,0,"1",.,"A",.,"A",.,"A",.,"A",.,"A",288,"D",520,"D",.,"A",.,"A",.,"A",.,"A",.,"A",.,"A",.,"A",.,"A"
"20104",2302894,67,0,"1",.,"A",.,"A",.,"A",.,"A",.,"A",.,"A",.,"A",.,"A",.,"A",.,"A",.,"A",.,"A",.,"A",.,"A",.,"A"
"20104",2302924,27,0,"1",.,"A",.,"A",.,"A",.,"A",.,"A",.,"A",.,"A",130,"D",.,"A",0,"D",0,"D",588,"D",.,"A",0,"D",.,"A"
"20104",2302934,46,0,"1",.,"A",.,"A",.,"A",.,"A",.,"A",.,"A",403,"D",.,"A",.,"A",.,"A",.,"A",.,"A",.,"A",.,"A",.,"A"
"20104",2302943,77,0,"1",.,"A",.,"A",.,"A",.,"A",.,"A",.,"A",.,"A",.,"A",.,"A",.,"A",.,"A",.,"A",45,"D",.,"A",.,"A"
"20104",2302953,69,0,"1",.,"A",.,"A",.,"A",.,"A",.,"A",.,"A",.,"A",.,"A",.,"A",.,"A",.,"A",.,"A",40,"D",.,"A",.,"A"
"20104",2302983,31,0,"1",.,"A",.,"A",.,"A",.,"A",.,"A",.,"A",.,"A",.,"A",.,"A",.,"A",.,"A",.,"A",.,"A",.,"A",.,"A"
"20104",2303003,40,0,"1",15,"D",.,"A",.,"A",.,"A",45,"D",.,"A",.,"A",.,"A",.,"A",.,"A",.,"A",.,"A",150,"D",.,"A",.,"A"
"20104",2303044,37,0,"1",5,"D",.,"A",.,"A",.,"A",35,"D",.,"A",.,"A",.,"A",.,"A",.,"A",.,"A",.,"A",25,"D",.,"A",.,"A"
"20104",2303104,42,0,"1",.,"A",.,"A",.,"A",.,"A",.,"A",.,"A",.,"A",.,"A",.,"A",.,"A",.,"A",.,"A",.,"A",.,"A",.,"A"
"20104",2303133,36,0,"1",.,"A",.,"A",.,"A",.,"A",150,"D",.,"A",.,"A",.,"A",.,"A",.,"A",.,"A",.,"A",.,"A",.,"A",.,"A"
"20104",2303144,34,0,"1",.,"A",.,"A",.,"A",.,"A",.,"A",.,"A",.,"A",.,"A",.,"A",.,"A",.,"A",.,"A",.,"A",.,"A",.,"A"
"20104",2303153,62,0,"1",.,"A",.,"A",120,"D",.,"A",.,"A",.,"A",.,"A",.,"A",.,"A",.,"A",.,"A",.,"A",.,"A",.,"A",.,"A"
"20104",2303183,92,0,"1",.,"A",.,"A",.,"A",.,"A",.,"A",.,"A",650,"D",.,"A",36,"D",.,"A",.,"A",.,"A",24,"D",.,"A",.,"A"
"20104",2303213,39,0,"1",.,"A",.,"A",.,"A",.,"A",.,"A",.,"A",.,"A",.,"A",.,"A",.,"A",.,"A",.,"A",.,"A",.,"A",.,"A"
"20104",2303243,52,0,"1",.,"A",.,"A",.,"A",70,"D",90,"D",18,"D",.,"A",.,"A",.,"A",.,"A",.,"A",.,"A",30,"D",.,"A",.,"A"
"20104",2303324,40,0,"1",.,"A",.,"A",.,"A",.,"A",.,"A",.,"A",.,"A",.,"A",.,"A",.,"A",.,"A",.,"A",60,"D",.,"A",.,"A"
"20104",2303333,52,0,"1",.,"A",.,"A",.,"A",.,"A",.,"A",.,"A",546,"F",.,"A",.,"A",.,"A",.,"A",.,"A",175,"D",.,"A",.,"A"
"20104",2303393,52,0,"1",.,"A",.,"A",.,"A",.,"A",.,"A",.,"A",.,"A",.,"A",.,"A",.,"A",.,"A",.,"A",60,"D",.,"A",.,"A"
"20104",2303424,53,0,"1",.,"A",.,"A",.,"A",.,"A",.,"A",.,"A",.,"A",.,"A",.,"A",.,"A",.,"A",.,"A",60,"D",.,"A",.,"A"
"20104",2303434,54,0,"1",.,"A",.,"A",.,"A",.,"A",.,"A",.,"A",.,"A",.,"A",.,"A",.,"A",.,"A",.,"A",70,"D",.,"A",.,"A"
"20104",2303443,49,0,"1",.,"A",.,"A",.,"A",.,"A",.,"A",.,"A",936,"D",.,"A",.,"A",.,"A",.,"A",.,"A",80,"D",.,"A",.,"A"
"20104",2303454,43,0,"1",.,"A",.,"A",.,"A",.,"A",.,"A",.,"A",.,"A",.,"A",.,"A",.,"A",.,"A",.,"A",20,"D",.,"A",.,"A"
"20104",2303493,60,0,"1",.,"A",.,"A",.,"A",.,"A",.,"A",30,"D",.,"A",.,"A",.,"A",.,"A",.,"A",.,"A",60,"D",.,"A",.,"A"
"20104",2303503,64,0,"1",.,"A",.,"A",.,"A",.,"A",.,"A",.,"A",.,"A",.,"A",.,"A",.,"A",.,"A",.,"A",.,"A",.,"A",.,"A"
"20104",2303515,33,0,"1",.,"A",.,"A",.,"A",.,"A",.,"A",.,"A",.,"A",.,"A",.,"A",.,"A",.,"A",.,"A",.,"A",.,"A",.,"A"
"20104",2303544,64,0,"1",.,"A",.,"A",.,"A",.,"A",.,"A",.,"A",.,"A",.,"A",.,"A",.,"A",.,"A",.,"A",250,"D",.,"A",.,"A"
"20104",2303553,72,0,"1",.,"A",.,"A",.,"A",.,"A",.,"A",.,"A",.,"A",.,"A",39,"D",.,"A",.,"A",.,"A",90,"D",.,"A",.,"A"
"20104",2303623,28,0,"1",.,"A",.,"A",.,"A",.,"A",50,"D",50,"D",.,"A",.,"A",.,"A",.,"A",.,"A",.,"A",100,"D",.,"A",.,"A"
"20104",2303634,45,0,"1",.,"A",.,"A",.,"A",.,"A",.,"A",.,"A",.,"A",.,"A",.,"A",.,"A",.,"A",.,"A",.,"A",.,"A",.,"A"
"20104",2303654,52,0,"1",.,"A",.,"A",.,"A",.,"A",.,"A",.,"A",.,"A",.,"A",.,"A",.,"A",.,"A",.,"A",.,"A",.,"A",.,"A"
"20104",2303713,45,0,"1",.,"A",.,"A",.,"A",.,"A",260,"D",.,"A",.,"A",.,"A",.,"A",.,"A",.,"A",.,"A",.,"A",.,"A",.,"A"
"20104",2303744,60,0,"1",.,"A",.,"A",.,"A",.,"A",.,"A",.,"A",.,"A",.,"A",.,"A",.,"A",.,"A",.,"A",20,"F",.,"A",.,"A"
"20104",2303763,29,0,"1",.,"A",.,"A",.,"A",.,"A",10,"D",.,"A",104,"D",.,"A",.,"A",.,"A",.,"A",.,"A",.,"A",.,"A",.,"A"
"20104",2303804,55,0,"1",.,"A",.,"A",.,"A",.,"A",.,"A",.,"A",.,"A",.,"A",.,"A",.,"A",.,"A",.,"A",.,"A",.,"A",.,"A"
"20104",2303834,31,0,"1",.,"A",.,"A",.,"A",.,"A",.,"A",.,"A",.,"A",.,"A",.,"A",.,"A",.,"A",.,"A",.,"A",.,"A",.,"A"
"20104",2303903,105,0,"1",.,"A",.,"A",.,"A",.,"A",.,"A",.,"A",780,"D",.,"A",.,"A",.,"A",.,"A",.,"A",40,"D",.,"A",.,"A"
"20104",2303913,36,0,"1",.,"A",.,"A",.,"A",.,"A",.,"A",.,"A",.,"A",.,"A",.,"A",.,"A",.,"A",.,"A",100,"D",.,"A",.,"A"
"20104",2303923,45,0,"1",.,"A",.,"A",.,"A",.,"A",.,"A",.,"A",.,"A",.,"A",.,"A",.,"A",.,"A",.,"A",.,"A",.,"A",.,"A"
"20104",2303954,63,0,"1",.,"A",.,"A",.,"A",.,"A",.,"A",.,"A",.,"A",.,"A",.,"A",.,"A",.,"A",.,"A",210,"D",.,"A",.,"A"
"20104",2303973,48,0,"1",.,"A",.,"A",.,"A",.,"A",.,"A",.,"A",.,"A",.,"A",.,"A",.,"A",.,"A",.,"A",45,"D",.,"A",.,"A"
"20104",2303983,51,0,"1",.,"A",.,"A",.,"A",.,"A",.,"A",.,"A",.,"A",.,"A",.,"A",.,"A",.,"A",.,"A",40,"D",.,"A",.,"A"
"20104",2303994,69,0,"1",.,"A",.,"A",.,"A",.,"A",.,"A",115,"D",.,"A",.,"A",.,"A",.,"A",.,"A",.,"A",223,"D",.,"A",.,"A"
"20104",2304014,70,0,"1",.,"A",.,"A",.,"A",.,"A",.,"A",130,"D",.,"A",325,"D",27,"D",.,"A",.,"A",.,"A",255,"D",.,"A",.,"A"
"20104",2304043,62,0,"1",.,"A",.,"A",.,"A",.,"A",.,"A",.,"A",130,"D",.,"A",.,"A",.,"A",.,"A",.,"A",75,"D",.,"A",.,"A"
"20104",2304063,43,0,"1",.,"A",.,"A",.,"A",.,"A",.,"A",.,"A",.,"A",.,"A",.,"A",.,"A",.,"A",.,"A",.,"A",.,"A",.,"A"
"20104",2304073,50,0,"1",.,"A",.,"A",.,"A",.,"A",.,"A",100,"D",.,"A",.,"A",.,"A",.,"A",.,"A",.,"A",.,"A",.,"A",.,"A"
"20104",2304083,62,0,"1",.,"A",.,"A",.,"A",.,"A",.,"A",36,"D",.,"A",.,"A",.,"A",.,"A",.,"A",.,"A",32,"D",.,"A",.,"A"
"20104",2304103,27,0,"1",.,"A",.,"A",.,"A",.,"A",.,"A",.,"A",.,"A",.,"A",.,"A",0,"D",0,"D",0,"D",.,"A",0,"D",.,"A"
"20104",2304133,41,0,"1",.,"A",.,"A",.,"A",.,"A",.,"A",.,"A",.,"A",.,"A",.,"A",.,"A",.,"A",.,"A",85,"D",.,"A",.,"A"
"20104",2304154,31,0,"1",.,"A",.,"A",.,"A",.,"A",.,"A",.,"A",.,"A",.,"A",.,"A",.,"A",.,"A",.,"A",10,"D",.,"A",.,"A"
"20104",2304173,58,0,"1",.,"A",.,"A",.,"A",.,"A",.,"A",.,"A",.,"A",.,"A",.,"A",.,"A",.,"A",.,"A",190,"D",.,"A",.,"A"
"20104",2304183,59,0,"1",.,"A",.,"A",.,"A",.,"A",.,"A",.,"A",.,"A",.,"A",.,"A",.,"A",.,"A",.,"A",185,"D",.,"A",.,"A"
"20104",2304214,56,0,"1",.,"A",.,"A",.,"A",.,"A",.,"A",.,"A",.,"A",.,"A",.,"A",.,"A",.,"A",.,"A",24,"D",.,"A",.,"A"
"20104",2304224,69,0,"1",.,"A",.,"A",.,"A",.,"A",.,"A",.,"A",390,"D",.,"A",.,"A",.,"A",.,"A",.,"A",65,"D",.,"A",.,"A"
"20104",2304244,76,0,"1",.,"A",.,"A",.,"A",.,"A",.,"A",.,"A",.,"A",.,"A",3,"D",.,"A",.,"A",.,"A",60,"D",.,"A",.,"A"
"20104",2304293,24,0,"1",.,"A",.,"A",.,"A",.,"A",30,"D",30,"D",.,"A",.,"A",.,"A",261,"D",6,"D",6,"D",20,"D",87,"D",.,"A"
"20104",2304303,63,0,"1",.,"A",.,"A",.,"A",.,"A",.,"A",.,"A",.,"A",.,"A",.,"A",.,"A",.,"A",.,"A",77,"D",.,"A",.,"A"
"20104",2304353,42,0,"1",.,"A",.,"A",.,"A",.,"A",.,"A",.,"A",.,"A",.,"A",.,"A",.,"A",.,"A",.,"A",.,"A",.,"A",.,"A"
"20104",2304374,47,0,"1",.,"A",.,"A",.,"A",.,"A",.,"A",.,"A",.,"A",.,"A",.,"A",.,"A",.,"A",.,"A",150,"D",.,"A",.,"A"
"20104",2304404,41,0,"1",.,"A",.,"A",.,"A",.,"A",.,"A",.,"A",.,"A",.,"A",.,"A",.,"A",.,"A",.,"A",93,"D",.,"A",.,"A"
"20104",2304413,86,0,"1",.,"A",.,"A",.,"A",.,"A",.,"A",.,"A",.,"A",.,"A",3,"D",.,"A",.,"A",.,"A",345,"D",.,"A",.,"A"
"20104",2304444,35,0,"1",.,"A",.,"A",.,"A",.,"A",130,"D",.,"A",.,"A",.,"A",.,"A",.,"A",.,"A",.,"A",100,"D",.,"A",.,"A"
"20104",2304513,32,0,"1",.,"A",.,"A",.,"A",.,"A",.,"A",.,"A",.,"A",.,"A",.,"A",0,"D",0,"D",72,"D",.,"A",0,"D",.,"A"
"20104",2304523,49,0,"1",.,"A",.,"A",.,"A",.,"A",.,"A",.,"A",.,"A",.,"A",.,"A",.,"A",.,"A",.,"A",.,"A",.,"A",.,"A"
"20104",2304563,32,0,"1",.,"A",.,"A",.,"A",.,"A",.,"A",.,"A",.,"A",.,"A",.,"A",.,"A",.,"A",.,"A",50,"D",.,"A",.,"A"
"20104",2304633,33,0,"1",.,"A",.,"A",.,"A",.,"A",.,"A",50,"D",.,"A",.,"A",.,"A",.,"A",.,"A",.,"A",.,"A",.,"A",.,"A"
"20104",2304643,23,0,"1",.,"A",.,"A",.,"A",.,"A",240,"D",.,"A",.,"A",.,"A",18,"D",957,"D",0,"D",0,"D",30,"D",319,"D",150,"D"
"20104",2304663,83,0,"1",.,"A",.,"A",.,"A",.,"A",10,"D",.,"A",.,"A",.,"A",.,"A",.,"A",.,"A",.,"A",64,"D",.,"A",.,"A"
"20104",2304763,77,0,"1",.,"A",.,"A",.,"A",.,"A",.,"A",.,"A",.,"A",.,"A",.,"A",.,"A",.,"A",.,"A",160,"D",.,"A",.,"A"
"20104",2304784,53,0,"1",.,"A",.,"A",.,"A",.,"A",.,"A",.,"A",.,"A",.,"A",.,"A",.,"A",.,"A",.,"A",.,"A",.,"A",.,"A"
"20104",2304803,51,0,"1",.,"A",.,"A",.,"A",.,"A",30,"D",.,"A",.,"A",.,"A",.,"A",.,"A",.,"A",.,"A",72,"D",.,"A",.,"A"
"20104",2304814,20,0,"1",.,"A",.,"A",.,"A",25,"D",.,"A",.,"A",.,"A",.,"A",.,"A",.,"A",.,"A",.,"A",.,"A",.,"A",.,"A"
"20104",2304824,43,0,"1",.,"A",.,"A",.,"A",.,"A",.,"A",.,"A",.,"A",.,"A",.,"A",.,"A",.,"A",.,"A",30,"D",.,"A",.,"A"
"20104",2304834,56,0,"1",.,"A",.,"A",.,"A",.,"A",.,"A",.,"A",.,"A",.,"A",.,"A",.,"A",.,"A",.,"A",48,"D",.,"A",.,"A"
"20104",2304843,44,0,"1",.,"A",.,"A",.,"A",.,"A",.,"A",.,"A",52,"D",.,"A",.,"A",.,"A",.,"A",.,"A",30,"D",.,"A",.,"A"
"20104",2304874,69,0,"1",.,"A",.,"A",.,"A",.,"A",.,"A",.,"A",.,"A",.,"A",.,"A",.,"A",.,"A",.,"A",.,"A",.,"A",.,"A"
"20104",2304883,25,0,"1",.,"A",.,"A",.,"A",.,"A",.,"A",40,"D",.,"A",.,"A",.,"A",.,"A",.,"A",.,"A",50,"D",.,"A",.,"A"
"20104",2304903,45,0,"1",.,"A",.,"A",.,"A",.,"A",.,"A",.,"A",.,"A",.,"A",.,"A",.,"A",.,"A",.,"A",180,"D",.,"A",.,"A"
"20104",2304914,47,0,"1",.,"A",.,"A",.,"A",.,"A",.,"A",.,"A",.,"A",.,"A",.,"A",.,"A",.,"A",.,"A",.,"A",.,"A",.,"A"
"20104",2304974,25,0,"1",.,"A",.,"A",.,"A",.,"A",40,"D",.,"A",780,"D",.,"A",.,"A",.,"A",.,"A",.,"A",.,"A",.,"A",.,"A"
"20104",2305013,49,0,"1",.,"A",.,"A",.,"A",.,"A",.,"A",.,"A",.,"A",.,"A",.,"A",.,"A",.,"A",.,"A",45,"D",.,"A",.,"A"
"20104",2305053,70,0,"1",.,"A",.,"A",.,"A",.,"A",.,"A",.,"A",.,"A",.,"A",6,"D",.,"A",.,"A",.,"A",.,"A",.,"A",.,"A"
"20104",2305093,57,0,"1",.,"A",.,"A",.,"A",.,"A",.,"A",.,"A",.,"A",.,"A",.,"A",.,"A",.,"A",.,"A",79,"D",.,"A",.,"A"
"20104",2305113,31,0,"1",.,"A",.,"A",.,"A",.,"A",.,"A",.,"A",.,"A",.,"A",.,"A",.,"A",.,"A",.,"A",.,"A",.,"A",.,"A"
"20104",2305124,34,0,"1",.,"A",.,"A",.,"A",.,"A",30,"D",.,"A",.,"A",.,"A",.,"A",.,"A",.,"A",.,"A",.,"A",.,"A",.,"A"
"20104",2305144,28,0,"1",.,"A",.,"A",.,"A",.,"A",.,"A",.,"A",.,"A",.,"A",.,"A",.,"A",.,"A",.,"A",.,"A",.,"A",.,"A"
"20104",2305154,62,0,"1",.,"A",.,"A",.,"A",.,"A",.,"A",16,"D",.,"A",.,"A",.,"A",.,"A",.,"A",.,"A",187,"D",.,"A",.,"A"
"20104",2305264,71,0,"1",.,"A",.,"A",.,"A",.,"A",.,"A",.,"A",.,"A",.,"A",.,"A",.,"A",.,"A",.,"A",.,"A",.,"A",.,"A"
"20104",2305304,51,0,"1",.,"A",.,"A",.,"A",.,"A",.,"A",.,"A",.,"A",.,"A",.,"A",.,"A",.,"A",.,"A",.,"A",.,"A",.,"A"
"20104",2305374,75,0,"1",.,"A",.,"A",.,"A",600,"D",.,"A",360,"D",.,"A",.,"A",.,"A",.,"A",.,"A",.,"A",485,"D",.,"A",.,"A"
"20104",2305383,30,0,"1",.,"A",.,"A",.,"A",.,"A",.,"A",.,"A",.,"A",.,"A",.,"A",0,"D",0,"D",120,"D",15,"D",0,"D",.,"A"
"20104",2305404,80,0,"1",.,"A",.,"A",.,"A",.,"A",.,"A",.,"A",.,"A",.,"A",.,"A",.,"A",.,"A",.,"A",600,"D",.,"A",.,"A"
"20104",2305423,35,0,"1",.,"A",.,"A",.,"A",.,"A",18,"D",.,"A",.,"A",.,"A",0,"D",.,"A",.,"A",.,"A",.,"A",.,"A",.,"A"
"20104",2305493,41,0,"1",.,"A",.,"A",.,"A",.,"A",.,"A",.,"A",.,"A",.,"A",.,"A",.,"A",.,"A",.,"A",50,"D",.,"A",.,"A"
"20104",2305503,27,0,"1",.,"A",.,"A",.,"A",.,"A",.,"A",.,"A",.,"A",.,"A",.,"A",.,"A",.,"A",.,"A",.,"A",.,"A",.,"A"
"20104",2305534,71,0,"1",.,"A",.,"A",.,"A",.,"A",.,"A",.,"A",.,"A",.,"A",.,"A",.,"A",.,"A",.,"A",11,"D",.,"A",.,"A"
"20104",2305543,41,0,"1",.,"A",.,"A",.,"A",.,"A",.,"A",.,"A",.,"A",.,"A",.,"A",.,"A",.,"A",.,"A",15,"D",.,"A",.,"A"
"20104",2305574,56,0,"1",.,"A",.,"A",.,"A",.,"A",.,"A",30,"D",.,"A",.,"A",.,"A",.,"A",.,"A",.,"A",40,"D",.,"A",.,"A"
"20104",2305593,73,0,"1",.,"A",.,"A",.,"A",.,"A",.,"A",.,"A",.,"A",.,"A",.,"A",.,"A",.,"A",.,"A",120,"D",.,"A",.,"A"
"20104",2305603,53,0,"1",.,"A",.,"A",.,"A",.,"A",.,"A",.,"A",.,"A",.,"A",.,"A",.,"A",.,"A",.,"A",225,"D",.,"A",.,"A"
"20104",2305644,71,0,"1",.,"A",.,"A",.,"A",.,"A",.,"A",200,"D",.,"A",.,"A",.,"A",.,"A",.,"A",.,"A",175,"D",.,"A",.,"A"
"20104",2305663,56,0,"1",.,"A",.,"A",.,"A",.,"A",.,"A",40,"D",.,"A",.,"A",.,"A",.,"A",.,"A",.,"A",150,"D",.,"A",.,"A"
"20104",2305673,56,0,"1",.,"A",.,"A",.,"A",600,"D",.,"A",.,"A",.,"A",.,"A",.,"A",.,"A",.,"A",.,"A",490,"D",.,"A",.,"A"
"20104",2305694,59,0,"1",.,"A",.,"A",.,"A",.,"A",.,"A",450,"D",.,"A",.,"A",.,"A",690,"D",0,"D",0,"D",300,"D",230,"D",.,"A"
"20104",2305714,43,0,"1",.,"A",.,"A",.,"A",.,"A",.,"A",.,"A",13,"D",.,"A",30,"D",.,"A",.,"A",.,"A",12,"D",.,"A",.,"A"
"20104",2305734,66,0,"1",.,"A",.,"A",.,"A",.,"A",.,"A",.,"A",.,"A",.,"A",18,"D",.,"A",.,"A",.,"A",72,"D",.,"A",.,"A"
"20104",2305754,42,0,"1",.,"A",.,"A",.,"A",.,"A",60,"D",.,"A",.,"A",.,"A",6,"D",.,"A",.,"A",.,"A",240,"D",.,"A",.,"A"
"20104",2305803,43,0,"1",26,"D",.,"A",.,"A",.,"A",58,"D",.,"A",.,"A",.,"A",.,"A",.,"A",.,"A",.,"A",.,"A",.,"A",.,"A"
"20104",2305813,36,0,"1",.,"A",20,"D",.,"A",.,"A",105,"D",40,"D",455,"D",.,"A",.,"A",.,"A",.,"A",.,"A",195,"D",.,"A",.,"A"
"20104",2305833,48,0,"1",.,"A",.,"A",.,"A",.,"A",.,"A",.,"A",.,"A",.,"A",.,"A",.,"A",.,"A",.,"A",.,"A",.,"A",.,"A"
"20104",2305854,31,0,"1",.,"A",.,"A",.,"A",.,"A",.,"A",.,"A",.,"A",.,"A",.,"A",.,"A",.,"A",.,"A",.,"A",.,"A",.,"A"
"20104",2305865,30,0,"1",.,"A",.,"A",.,"A",.,"A",15,"D",.,"A",.,"A",.,"A",.,"A",66,"D",0,"D",0,"D",.,"A",22,"D",.,"A"
"20104",2305884,52,0,"1",.,"A",.,"A",.,"A",30,"D",.,"A",.,"A",78,"D",.,"A",.,"A",.,"A",.,"A",.,"A",90,"D",.,"A",.,"A"
"20104",2305903,55,0,"1",.,"A",.,"A",.,"A",.,"A",.,"A",.,"A",.,"A",.,"A",.,"A",.,"A",.,"A",.,"A",35,"D",.,"A",.,"A"
"20104",2305914,41,0,"1",.,"A",.,"A",.,"A",.,"A",.,"A",.,"A",.,"A",.,"A",.,"A",.,"A",.,"A",.,"A",42,"D",.,"A",.,"A"
"20104",2305934,29,0,"1",.,"A",.,"A",.,"A",.,"A",12,"D",.,"A",.,"A",.,"A",.,"A",0,"D",0,"D",30,"D",.,"A",0,"D",.,"A"
"20104",2305953,35,0,"1",.,"A",.,"A",.,"A",.,"A",66,"D",.,"A",.,"A",.,"A",.,"A",.,"A",.,"A",.,"A",.,"A",.,"A",.,"A"
"20104",2305974,35,0,"1",4,"D",.,"A",.,"A",.,"A",14,"D",.,"A",.,"A",.,"A",.,"A",.,"A",.,"A",.,"A",11,"D",.,"A",.,"A"
"20104",2306003,74,0,"1",.,"A",.,"A",51,"D",.,"A",.,"A",28,"D",1924,"D",.,"A",.,"A",.,"A",.,"A",.,"A",30,"D",.,"A",.,"A"
"20104",2306033,89,0,"1",.,"A",.,"A",.,"A",.,"A",.,"A",.,"A",.,"A",130,"D",.,"A",.,"A",.,"A",.,"A",83,"D",.,"A",.,"A"
"20104",2306043,48,0,"1",.,"A",.,"A",.,"A",.,"A",.,"A",.,"A",.,"A",.,"A",.,"A",.,"A",.,"A",.,"A",.,"A",.,"A",.,"A"
"20104",2306053,58,0,"1",.,"A",.,"A",.,"A",.,"A",.,"A",.,"A",78,"D",.,"A",.,"A",.,"A",.,"A",.,"A",50,"D",.,"A",.,"A"
"20104",2306073,42,0,"1",.,"A",.,"A",.,"A",.,"A",.,"A",.,"A",.,"A",.,"A",.,"A",.,"A",.,"A",.,"A",10,"D",.,"A",.,"A"
"20104",2306114,60,0,"1",.,"A",.,"A",.,"A",.,"A",.,"A",.,"A",.,"A",.,"A",.,"A",.,"A",.,"A",.,"A",.,"A",.,"A",.,"A"
"20104",2306163,59,0,"1",.,"A",.,"A",.,"A",.,"A",.,"A",.,"A",.,"A",.,"A",210,"D",.,"A",.,"A",.,"A",50,"D",.,"A",.,"A"
"20104",2306174,48,0,"1",.,"A",.,"A",.,"A",.,"A",.,"A",.,"A",.,"A",.,"A",.,"A",.,"A",.,"A",.,"A",80,"D",.,"A",.,"A"
"20104",2306204,49,0,"1",.,"A",.,"A",.,"A",.,"A",.,"A",.,"A",.,"A",.,"A",.,"A",.,"A",.,"A",.,"A",.,"A",.,"A",.,"A"
"20104",2306223,67,0,"1",.,"A",.,"A",.,"A",.,"A",.,"A",.,"A",.,"A",.,"A",.,"A",.,"A",.,"A",.,"A",.,"A",.,"A",.,"A"
"20104",2306244,62,0,"1",.,"A",.,"A",.,"A",.,"A",.,"A",.,"A",.,"A",.,"A",105,"D",.,"A",.,"A",.,"A",.,"A",.,"A",.,"A"
"20104",2306314,63,0,"1",.,"A",.,"A",.,"A",.,"A",.,"A",30,"D",.,"A",.,"A",30,"D",27,"D",6,"D",6,"D",.,"A",9,"D",.,"A"
"20104",2306353,76,0,"1",.,"A",.,"A",.,"A",.,"A",.,"A",.,"A",.,"A",.,"A",.,"A",.,"A",.,"A",.,"A",300,"D",.,"A",.,"A"
"20104",2306373,57,0,"1",.,"A",.,"A",65,"D",.,"A",.,"A",.,"A",.,"A",.,"A",.,"A",720,"D",0,"D",0,"D",200,"D",240,"D",.,"A"
"20104",2306403,47,0,"1",.,"A",.,"A",.,"A",.,"A",.,"A",.,"A",.,"A",.,"A",.,"A",.,"A",.,"A",.,"A",.,"A",.,"A",.,"A"
"20104",2306423,33,0,"1",.,"A",.,"A",.,"A",.,"A",120,"D",.,"A",.,"A",.,"A",.,"A",.,"A",.,"A",.,"A",.,"A",.,"A",.,"A"
"20104",2306434,48,0,"1",.,"A",.,"A",.,"A",.,"A",.,"A",.,"A",.,"A",.,"A",.,"A",.,"A",.,"A",.,"A",.,"A",.,"A",.,"A"
"20104",2306443,45,0,"1",.,"A",.,"A",.,"A",.,"A",.,"A",.,"A",.,"A",.,"A",.,"A",.,"A",.,"A",.,"A",.,"A",.,"A",.,"A"
"20104",2306454,40,0,"1",.,"A",.,"A",.,"A",.,"A",180,"D",.,"A",260,"D",.,"A",.,"A",.,"A",.,"A",.,"A",180,"D",.,"A",.,"A"
"20104",2306473,34,0,"1",.,"A",.,"A",.,"A",.,"A",.,"A",.,"A",78,"D",.,"A",.,"A",.,"A",.,"A",.,"A",96,"D",.,"A",.,"A"
"20104",2306504,34,0,"1",.,"A",.,"A",.,"A",.,"A",.,"A",.,"A",.,"A",.,"A",.,"A",.,"A",.,"A",.,"A",.,"A",.,"A",.,"A"
"20104",2306514,65,0,"1",.,"A",50,"D",.,"A",.,"A",.,"A",350,"D",.,"A",.,"A",15,"D",.,"A",.,"A",.,"A",.,"A",.,"A",.,"A"
"20104",2306533,40,0,"1",.,"A",.,"A",.,"A",.,"A",20,"D",.,"A",.,"A",.,"A",.,"A",.,"A",.,"A",.,"A",50,"D",.,"A",.,"A"
"20104",2306544,51,0,"1",.,"A",.,"A",.,"A",.,"A",.,"A",.,"A",.,"A",.,"A",.,"A",.,"A",.,"A",.,"A",14,"D",.,"A",.,"A"
"20104",2306583,33,0,"1",.,"A",.,"A",.,"A",.,"A",100,"D",25,"D",.,"A",.,"A",.,"A",840,"D",0,"D",0,"D",160,"D",280,"D",.,"A"
"20104",2306595,27,0,"1",.,"A",.,"A",.,"A",.,"A",.,"A",.,"A",.,"A",.,"A",.,"A",.,"A",.,"A",.,"A",45,"D",.,"A",.,"A"
"20104",2306653,30,0,"1",.,"A",.,"A",.,"A",.,"A",.,"A",.,"A",.,"A",.,"A",.,"A",.,"A",.,"A",.,"A",.,"A",.,"A",.,"A"
"20104",2306664,41,0,"1",.,"A",.,"A",.,"A",.,"A",.,"A",.,"A",.,"A",.,"A",.,"A",.,"A",.,"A",.,"A",.,"A",.,"A",.,"A"
"20104",2306683,59,0,"1",.,"A",.,"A",.,"A",.,"A",.,"A",.,"A",.,"A",.,"A",.,"A",.,"A",.,"A",.,"A",50,"D",.,"A",.,"A"
"20104",2306723,33,0,"1",.,"A",.,"A",.,"A",.,"A",.,"A",.,"A",208,"D",.,"A",.,"A",.,"A",.,"A",.,"A",.,"A",.,"A",.,"A"
"20104",2306743,56,0,"1",.,"A",.,"A",.,"A",.,"A",.,"A",.,"A",.,"A",.,"A",.,"A",.,"A",.,"A",.,"A",275,"D",.,"A",.,"A"
"20104",2306773,53,0,"1",10,"D",.,"A",.,"A",.,"A",0,"D",.,"A",.,"A",.,"A",.,"A",.,"A",.,"A",.,"A",120,"D",.,"A",.,"A"
"20104",2306793,33,0,"1",.,"A",.,"A",.,"A",.,"A",.,"A",.,"A",.,"A",.,"A",.,"A",.,"A",.,"A",.,"A",35,"D",.,"A",.,"A"
"20104",2306814,36,0,"1",.,"A",.,"A",.,"A",.,"A",.,"A",.,"A",.,"A",.,"A",.,"A",.,"A",.,"A",.,"A",.,"A",.,"A",.,"A"
"20104",2306873,35,0,"1",12,"D",.,"A",.,"A",.,"A",108,"D",80,"D",260,"D",.,"A",.,"A",.,"A",.,"A",.,"A",120,"D",.,"A",.,"A"
"20104",2306914,31,0,"1",.,"A",.,"A",.,"A",.,"A",.,"A",.,"A",.,"A",.,"A",.,"A",0,"D",0,"D",120,"D",.,"A",0,"D",.,"A"
"20104",2306934,62,0,"1",.,"A",.,"A",.,"A",.,"A",.,"A",240,"D",.,"A",.,"A",.,"A",.,"A",.,"A",.,"A",200,"D",.,"A",.,"A"
"20104",2306944,28,0,"1",.,"A",.,"A",.,"A",.,"A",.,"A",.,"A",.,"A",.,"A",.,"A",0,"D",0,"D",420,"D",.,"A",0,"D",.,"A"
"20104",2306975,38,0,"1",34,"D",.,"A",.,"A",.,"A",86,"D",.,"A",.,"A",.,"A",.,"A",.,"A",.,"A",.,"A",240,"D",.,"A",.,"A"
"20104",2307013,45,0,"1",.,"A",.,"A",.,"A",.,"A",.,"A",.,"A",.,"A",.,"A",.,"A",.,"A",.,"A",.,"A",.,"A",.,"A",.,"A"
"20104",2307024,39,0,"1",.,"A",.,"A",.,"A",.,"A",.,"A",.,"A",.,"A",.,"A",.,"A",.,"A",.,"A",.,"A",25,"D",.,"A",.,"A"
"20104",2307034,37,0,"1",.,"A",.,"A",.,"A",.,"A",.,"A",.,"A",.,"A",.,"A",.,"A",.,"A",.,"A",.,"A",.,"A",.,"A",.,"A"
"20104",2307094,33,0,"1",.,"A",.,"A",.,"A",.,"A",.,"A",.,"A",.,"A",.,"A",.,"A",.,"A",.,"A",.,"A",.,"A",.,"A",.,"A"
"20104",2307123,27,0,"1",.,"A",.,"A",.,"A",.,"A",.,"A",.,"A",.,"A",.,"A",.,"A",0,"D",0,"D",0,"D",15,"D",0,"D",.,"A"
"20104",2307134,42,0,"1",.,"A",.,"A",.,"A",.,"A",.,"A",.,"A",.,"A",.,"A",.,"A",.,"A",.,"A",.,"A",.,"A",.,"A",.,"A"
"20104",2307153,104,0,"1",.,"A",.,"A",.,"A",.,"A",.,"A",60,"D",.,"A",.,"A",.,"A",.,"A",.,"A",.,"A",40,"D",.,"A",.,"A"
"20104",2307164,52,0,"1",.,"A",.,"A",.,"A",.,"A",.,"A",.,"A",.,"A",.,"A",.,"A",.,"A",.,"A",.,"A",.,"A",.,"A",.,"A"
"20104",2307174,61,0,"1",.,"A",.,"A",.,"A",.,"A",.,"A",20,"D",.,"A",.,"A",.,"A",.,"A",.,"A",.,"A",130,"D",.,"A",.,"A"
"20104",2307223,26,0,"1",.,"A",.,"A",.,"A",.,"A",.,"A",.,"A",.,"A",195,"D",.,"A",.,"A",.,"A",.,"A",130,"D",.,"A",.,"A"
"20104",2307264,65,0,"1",.,"A",.,"A",.,"A",.,"A",.,"A",.,"A",.,"A",.,"A",.,"A",.,"A",.,"A",.,"A",16,"D",.,"A",.,"A"
"20104",2307283,46,0,"1",.,"A",.,"A",.,"A",.,"A",.,"A",.,"A",.,"A",.,"A",.,"A",.,"A",.,"A",.,"A",.,"A",.,"A",.,"A"
"20104",2307293,43,0,"1",.,"A",.,"A",.,"A",.,"A",.,"A",.,"A",.,"A",.,"A",.,"A",.,"A",.,"A",.,"A",.,"A",.,"A",.,"A"
"20104",2307383,44,0,"1",.,"A",.,"A",.,"A",.,"A",.,"A",.,"A",325,"D",.,"A",.,"A",.,"A",.,"A",.,"A",60,"D",.,"A",.,"A"
"20104",2307414,41,0,"1",.,"A",.,"A",.,"A",.,"A",.,"A",.,"A",195,"D",.,"A",.,"A",.,"A",.,"A",.,"A",.,"A",.,"A",.,"A"
"20104",2307453,78,0,"1",20,"D",.,"A",.,"A",.,"A",0,"D",.,"A",1300,"D",.,"A",.,"A",.,"A",.,"A",.,"A",100,"D",.,"A",.,"A"
"20104",2307474,42,0,"1",.,"A",.,"A",.,"A",.,"A",.,"A",.,"A",.,"A",.,"A",.,"A",.,"A",.,"A",.,"A",.,"A",.,"A",.,"A"
"20104",2307494,69,0,"1",.,"A",.,"A",.,"A",.,"A",.,"A",.,"A",195,"D",.,"A",.,"A",.,"A",.,"A",.,"A",30,"D",.,"A",.,"A"
"20104",2307513,45,0,"1",.,"A",.,"A",.,"A",.,"A",.,"A",.,"A",.,"A",.,"A",.,"A",.,"A",.,"A",.,"A",200,"D",.,"A",.,"A"
"20104",2307534,54,0,"1",.,"A",.,"A",.,"A",.,"A",.,"A",25,"D",.,"A",.,"A",.,"A",.,"A",.,"A",.,"A",25,"D",.,"A",.,"A"
"20104",2307544,50,0,"1",.,"A",.,"A",.,"A",.,"A",.,"A",.,"A",.,"A",325,"D",.,"A",.,"A",.,"A",.,"A",50,"D",.,"A",.,"A"
"20104",2307584,65,0,"1",.,"A",.,"A",.,"A",.,"A",.,"A",11,"D",.,"A",.,"A",.,"A",.,"A",.,"A",.,"A",325,"D",.,"A",.,"A"
"20104",2307623,28,0,"1",.,"A",.,"A",.,"A",.,"A",.,"A",.,"A",.,"A",.,"A",15,"D",0,"D",0,"D",0,"D",.,"A",0,"D",.,"A"
"20104",2307643,59,0,"1",.,"A",.,"A",.,"A",.,"A",.,"A",120,"D",.,"A",.,"A",.,"A",.,"A",.,"A",.,"A",242,"D",.,"A",.,"A"
"20104",2307683,37,0,"1",.,"A",.,"A",.,"A",.,"A",.,"A",.,"A",.,"A",.,"A",.,"A",.,"A",.,"A",.,"A",40,"D",.,"A",.,"A"
"20104",2307693,48,0,"1",.,"A",.,"A",.,"A",.,"A",240,"D",.,"A",.,"A",.,"A",.,"A",.,"A",.,"A",.,"A",.,"A",.,"A",.,"A"
"20104",2307704,43,0,"1",.,"A",.,"A",.,"A",.,"A",.,"A",.,"A",.,"A",.,"A",.,"A",.,"A",.,"A",.,"A",180,"D",.,"A",.,"A"
"20104",2307733,44,0,"1",.,"A",.,"A",.,"A",.,"A",.,"A",.,"A",.,"A",.,"A",.,"A",.,"A",.,"A",.,"A",80,"D",.,"A",.,"A"
"20104",2307744,54,0,"1",.,"A",.,"A",.,"A",.,"A",.,"A",.,"A",689,"D",.,"A",.,"A",.,"A",.,"A",.,"A",.,"A",.,"A",.,"A"
"20104",2307753,43,0,"1",.,"A",.,"A",.,"A",.,"A",.,"A",25,"D",.,"A",.,"A",.,"A",.,"A",.,"A",.,"A",200,"D",.,"A",.,"A"
"20104",2307774,62,0,"1",.,"A",.,"A",.,"A",.,"A",.,"A",160,"F",.,"A",.,"A",15,"F",.,"A",.,"A",.,"A",300,"F",.,"A",.,"A"
"20104",2307833,63,0,"1",.,"A",.,"A",.,"A",.,"A",.,"A",.,"A",.,"A",.,"A",.,"A",.,"A",.,"A",.,"A",.,"A",.,"A",.,"A"
"20104",2307883,80,0,"1",.,"A",.,"A",.,"A",.,"A",.,"A",.,"A",.,"A",.,"A",.,"A",.,"A",.,"A",.,"A",204,"D",.,"A",.,"A"
"20104",2307904,56,0,"1",.,"A",.,"A",.,"A",.,"A",.,"A",.,"A",.,"A",.,"A",.,"A",.,"A",.,"A",.,"A",100,"D",.,"A",.,"A"
"20104",2307924,49,0,"1",.,"A",.,"A",.,"A",.,"A",.,"A",.,"A",.,"A",.,"A",.,"A",.,"A",.,"A",.,"A",50,"D",.,"A",.,"A"
"20104",2307983,48,0,"1",.,"A",.,"A",.,"A",.,"A",.,"A",.,"A",130,"D",.,"A",.,"A",.,"A",.,"A",.,"A",25,"D",.,"A",.,"A"
"20104",2307994,23,0,"1",.,"A",.,"A",.,"A",.,"A",.,"A",.,"A",195,"D",.,"A",.,"A",150,"D",60,"D",150,"D",.,"A",50,"D",30,"D"
"20104",2308004,70,0,"1",.,"A",.,"A",.,"A",50,"D",.,"A",20,"D",.,"A",.,"A",.,"A",342,"D",0,"D",0,"D",100,"D",114,"D",.,"A"
"20104",2308024,67,0,"1",.,"A",.,"A",.,"A",.,"A",.,"A",.,"A",.,"A",.,"A",.,"A",.,"A",.,"A",.,"A",.,"A",.,"A",.,"A"
"20104",2308034,58,0,"1",.,"A",.,"A",.,"A",.,"A",.,"A",.,"A",.,"A",.,"A",.,"A",.,"A",.,"A",.,"A",.,"A",.,"A",.,"A"
"20104",2308063,67,0,"1",.,"A",.,"A",.,"A",.,"A",.,"A",.,"A",.,"A",.,"A",.,"A",.,"A",.,"A",.,"A",101,"D",.,"A",.,"A"
"20104",2308092,43,0,"1",.,"A",.,"A",.,"A",.,"A",.,"A",.,"A",.,"A",.,"A",.,"A",.,"A",.,"A",.,"A",.,"A",.,"A",.,"A"
"20104",2308102,32,0,"1",.,"A",.,"A",.,"A",.,"A",.,"A",.,"A",.,"A",.,"A",.,"A",120,"D",0,"D",0,"D",.,"A",40,"D",.,"A"
"20104",2308112,37,0,"1",.,"A",.,"A",.,"A",.,"A",.,"A",.,"A",.,"A",.,"A",.,"A",.,"A",.,"A",.,"A",.,"A",.,"A",.,"A"
"20104",2308132,60,0,"1",.,"A",.,"A",.,"A",.,"A",.,"A",.,"A",.,"A",.,"A",.,"A",.,"A",.,"A",.,"A",300,"D",.,"A",.,"A"
"20104",2308162,57,0,"1",.,"A",.,"A",.,"A",.,"A",.,"A",.,"A",.,"A",.,"A",.,"A",.,"A",.,"A",.,"A",70,"D",.,"A",.,"A"
"20104",2308182,47,0,"1",.,"A",.,"A",.,"A",.,"A",.,"A",.,"A",.,"A",.,"A",0,"D",.,"A",.,"A",.,"A",.,"A",.,"A",.,"A"
"20104",2308202,29,0,"1",60,"D",.,"A",.,"A",.,"A",60,"D",.,"A",.,"A",.,"A",.,"A",.,"A",.,"A",.,"A",.,"A",.,"A",.,"A"
"20104",2308215,52,0,"1",.,"A",.,"A",.,"A",.,"A",.,"A",.,"A",520,"D",.,"A",.,"A",.,"A",.,"A",.,"A",35,"D",.,"A",.,"A"
"20104",2308222,59,0,"1",.,"A",.,"A",.,"A",.,"A",.,"A",.,"A",.,"A",.,"A",.,"A",.,"A",.,"A",.,"A",50,"D",.,"A",.,"A"
"20104",2308232,35,0,"1",.,"A",.,"A",.,"A",.,"A",.,"A",.,"A",260,"D",.,"A",.,"A",.,"A",.,"A",.,"A",.,"A",.,"A",.,"A"
"20104",2308242,28,0,"1",.,"A",.,"A",.,"A",.,"A",.,"A",.,"A",.,"A",156,"D",.,"A",.,"A",.,"A",.,"A",.,"A",.,"A",.,"A"
"20104",2308252,26,0,"1",.,"A",.,"A",.,"A",.,"A",.,"A",.,"A",.,"A",.,"A",.,"A",.,"A",.,"A",.,"A",100,"D",.,"A",.,"A"
"20104",2308272,33,0,"1",.,"A",.,"A",.,"A",30,"D",.,"A",.,"A",.,"A",.,"A",.,"A",0,"D",0,"D",24,"D",.,"A",0,"D",.,"A"
"20104",2308282,32,0,"1",.,"A",.,"A",.,"A",.,"A",.,"A",.,"A",130,"D",.,"A",.,"A",60,"D",0,"D",60,"D",.,"A",20,"D",.,"A"
"20104",2308292,37,0,"1",.,"A",.,"A",.,"A",.,"A",.,"A",.,"A",.,"A",.,"A",.,"A",.,"A",.,"A",.,"A",60,"D",.,"A",.,"A"
"20104",2308302,44,0,"1",.,"A",.,"A",.,"A",.,"A",.,"A",.,"A",.,"A",.,"A",.,"A",.,"A",.,"A",.,"A",120,"D",.,"A",.,"A"
"20104",2308312,83,0,"1",.,"A",.,"A",.,"A",.,"A",.,"A",.,"A",.,"A",.,"A",30,"D",.,"A",.,"A",.,"A",150,"D",.,"A",.,"A"
"20104",2308322,72,0,"1",.,"A",.,"A",1,"D",.,"A",.,"A",10,"D",.,"A",.,"A",.,"A",.,"A",.,"A",.,"A",430,"D",.,"A",.,"A"
"20104",2308332,29,0,"1",.,"A",.,"A",.,"A",.,"A",.,"A",.,"A",.,"A",.,"A",.,"A",.,"A",.,"A",.,"A",.,"A",.,"A",.,"A"
"20104",2308352,33,0,"1",14,"D",.,"A",.,"A",.,"A",36,"D",.,"A",.,"A",.,"A",.,"A",.,"A",.,"A",.,"A",.,"A",.,"A",.,"A"
"20104",2308372,37,0,"1",.,"A",.,"A",.,"A",.,"A",45,"D",.,"A",.,"A",.,"A",.,"A",.,"A",.,"A",.,"A",.,"A",.,"A",.,"A"
"20104",2308402,36,0,"1",.,"A",.,"A",.,"A",.,"A",.,"A",15,"D",.,"A",.,"A",.,"A",.,"A",.,"A",.,"A",75,"D",.,"A",.,"A"
"20104",2308412,82,0,"1",.,"A",.,"A",.,"A",.,"A",.,"A",.,"A",.,"A",.,"A",.,"A",.,"A",.,"A",.,"A",195,"D",.,"A",.,"A"
"20104",2308432,79,0,"1",.,"A",.,"A",.,"A",.,"A",.,"A",.,"A",.,"A",.,"A",12,"D",45,"D",0,"D",0,"D",200,"D",15,"D",.,"A"
"20104",2308452,43,0,"1",.,"A",25,"D",.,"A",.,"A",.,"A",25,"D",.,"A",.,"A",.,"A",.,"A",.,"A",.,"A",200,"D",.,"A",.,"A"
"20104",2308462,35,0,"1",.,"A",.,"A",.,"A",.,"A",40,"D",.,"A",.,"A",.,"A",24,"D",.,"A",.,"A",.,"A",.,"A",.,"A",.,"A"
"20104",2308472,30,0,"1",.,"A",.,"A",.,"A",.,"A",.,"A",.,"A",949,"D",.,"A",.,"A",.,"A",.,"A",.,"A",56,"D",.,"A",.,"A"
"20104",2308482,48,0,"1",.,"A",.,"A",.,"A",.,"A",.,"A",60,"D",.,"A",.,"A",.,"A",.,"A",.,"A",.,"A",180,"D",.,"A",.,"A"
"20104",2308522,43,0,"1",.,"A",.,"A",.,"A",1200,"D",.,"A",10,"D",.,"A",.,"A",30,"D",.,"A",.,"A",.,"A",300,"D",.,"A",.,"A"
"20104",2308532,45,0,"1",.,"A",.,"A",.,"A",.,"A",.,"A",.,"A",.,"A",.,"A",.,"A",.,"A",.,"A",.,"A",.,"A",.,"A",.,"A"
"20104",2308542,31,0,"1",.,"A",.,"A",.,"A",.,"A",40,"D",.,"A",.,"A",.,"A",.,"A",.,"A",.,"A",.,"A",16,"D",.,"A",.,"A"
"20104",2308552,64,0,"1",.,"A",.,"A",.,"A",50,"D",.,"A",.,"A",.,"A",.,"A",60,"D",1200,"D",0,"D",60,"D",100,"D",400,"D",1200,"D"
"20104",2308562,40,0,"1",20,"D",.,"A",.,"A",.,"A",70,"D",.,"A",.,"A",.,"A",.,"A",.,"A",.,"A",.,"A",.,"A",.,"A",.,"A"
"20104",2308572,38,0,"1",.,"A",.,"A",.,"A",.,"A",.,"A",.,"A",.,"A",.,"A",.,"A",.,"A",.,"A",.,"A",.,"A",.,"A",.,"A"
"20104",2308582,34,0,"1",.,"A",.,"A",.,"A",.,"A",.,"A",.,"A",.,"A",.,"A",.,"A",.,"A",.,"A",.,"A",.,"A",.,"A",.,"A"
"20104",2308642,97,0,"1",.,"A",.,"A",.,"A",.,"A",.,"A",.,"A",.,"A",.,"A",90,"D",.,"A",.,"A",.,"A",145,"D",.,"A",.,"A"
"20104",2308662,38,0,"1",.,"A",.,"A",.,"A",.,"A",.,"A",.,"A",.,"A",.,"A",.,"A",.,"A",.,"A",.,"A",300,"D",.,"A",.,"A"
"20104",2308692,80,0,"1",.,"A",.,"A",.,"A",.,"A",.,"A",.,"A",390,"D",.,"A",.,"A",.,"A",.,"A",.,"A",120,"D",.,"A",.,"A"
"20104",2308702,38,0,"1",.,"A",.,"A",.,"A",.,"A",.,"A",.,"A",.,"A",.,"A",18,"D",.,"A",.,"A",.,"A",.,"A",.,"A",.,"A"
"20104",2308732,56,0,"1",.,"A",.,"A",.,"A",.,"A",.,"A",.,"A",.,"A",.,"A",18,"D",.,"A",.,"A",.,"A",100,"D",.,"A",.,"A"
"20104",2308742,62,0,"1",.,"A",.,"A",50,"D",.,"A",.,"A",12,"F",.,"A",.,"A",.,"A",.,"A",.,"A",.,"A",36,"D",.,"A",.,"A"
"20104",2308754,32,0,"1",.,"A",.,"A",.,"A",.,"A",100,"D",.,"A",520,"D",.,"A",.,"A",1200,"D",0,"D",0,"D",.,"A",400,"D",.,"A"
"20104",2308772,57,0,"1",.,"A",.,"A",.,"A",.,"A",.,"A",120,"D",.,"A",.,"A",.,"A",.,"A",.,"A",.,"A",90,"D",.,"A",.,"A"
"20104",2308792,44,0,"1",.,"A",.,"A",.,"A",.,"A",.,"A",.,"A",.,"A",.,"A",.,"A",.,"A",.,"A",.,"A",.,"A",.,"A",.,"A"
"20104",2308812,35,0,"1",.,"A",.,"A",.,"A",.,"A",.,"A",60,"D",.,"A",.,"A",.,"A",.,"A",.,"A",.,"A",90,"D",.,"A",.,"A"
"20104",2308822,34,0,"1",10,"D",.,"A",.,"A",.,"A",40,"D",.,"A",130,"D",.,"A",.,"A",.,"A",.,"A",.,"A",.,"A",.,"A",.,"A"
"20104",2308842,41,0,"1",.,"A",.,"A",.,"A",.,"A",.,"A",.,"A",.,"A",.,"A",.,"A",.,"A",.,"A",.,"A",80,"D",.,"A",.,"A"
"20104",2308852,44,0,"1",.,"A",.,"A",.,"A",.,"A",20,"D",.,"A",.,"A",.,"A",.,"A",.,"A",.,"A",.,"A",60,"D",.,"A",.,"A"
"20104",2308862,48,0,"1",.,"A",.,"A",.,"A",.,"A",.,"A",.,"A",.,"A",.,"A",.,"A",.,"A",.,"A",.,"A",.,"A",.,"A",.,"A"
"20104",2308882,66,0,"1",.,"A",.,"A",.,"A",.,"A",.,"A",.,"A",.,"A",585,"D",.,"A",.,"A",.,"A",.,"A",90,"D",.,"A",.,"A"
"20104",2308894,19,0,"1",.,"A",.,"A",.,"A",.,"A",.,"A",.,"A",.,"A",.,"A",.,"A",.,"A",.,"A",.,"A",.,"A",.,"A",.,"A"
"20104",2308935,36,0,"1",.,"A",.,"A",.,"A",.,"A",20,"D",.,"A",260,"D",.,"A",.,"A",.,"A",.,"A",.,"A",.,"A",.,"A",.,"A"
"20104",2308972,60,0,"1",.,"A",.,"A",.,"A",.,"A",.,"A",.,"A",.,"A",.,"A",.,"A",.,"A",.,"A",.,"A",168,"D",.,"A",.,"A"
"20104",2308982,72,0,"1",.,"A",.,"A",.,"A",200,"D",.,"A",40,"D",.,"A",.,"A",60,"D",.,"A",.,"A",.,"A",300,"D",.,"A",.,"A"
"20104",2308992,47,0,"1",.,"A",100,"D",.,"A",.,"A",.,"A",200,"D",.,"A",.,"A",.,"A",.,"A",.,"A",.,"A",240,"D",.,"A",.,"A"
"20104",2309052,39,0,"1",.,"A",.,"A",.,"A",.,"A",.,"A",.,"A",.,"A",.,"A",.,"A",.,"A",.,"A",.,"A",50,"D",.,"A",.,"A"
"20104",2309072,47,0,"1",.,"A",.,"A",.,"A",.,"A",.,"A",.,"A",.,"A",.,"A",12,"D",.,"A",.,"A",.,"A",.,"A",.,"A",.,"A"
"20104",2309092,48,0,"1",.,"A",.,"A",.,"A",.,"A",.,"A",.,"A",.,"A",.,"A",.,"A",.,"A",.,"A",.,"A",250,"D",.,"A",.,"A"
"20104",2309112,30,0,"1",85,"D",.,"A",.,"A",300,"D",215,"D",.,"A",.,"A",.,"A",.,"A",.,"A",.,"A",.,"A",200,"D",.,"A",.,"A"
"20104",2309122,62,0,"1",.,"A",20,"D",.,"A",.,"A",.,"A",0,"D",.,"A",.,"A",18,"D",.,"A",.,"A",.,"A",430,"D",.,"A",.,"A"
"20104",2309142,85,0,"1",.,"A",.,"A",.,"A",.,"A",.,"A",.,"A",416,"D",260,"D",.,"A",.,"A",.,"A",.,"A",136,"D",.,"A",.,"A"
"20104",2309162,41,0,"1",.,"A",.,"A",.,"A",.,"A",.,"A",.,"A",455,"D",.,"A",.,"A",.,"A",.,"A",.,"A",20,"D",.,"A",.,"A"
"20104",2309192,52,0,"1",.,"A",.,"A",.,"A",.,"A",.,"A",.,"A",.,"A",.,"A",.,"A",.,"A",.,"A",.,"A",600,"D",.,"A",.,"A"
"20104",2309202,48,0,"1",.,"A",.,"A",.,"A",.,"A",.,"A",.,"A",.,"A",.,"A",.,"A",.,"A",.,"A",.,"A",14,"D",.,"A",.,"A"
"20104",2309212,46,0,"1",.,"A",.,"A",.,"A",.,"A",.,"A",45,"D",325,"D",.,"A",.,"A",.,"A",.,"A",.,"A",.,"A",.,"A",.,"A"
"20104",2309222,39,0,"1",.,"A",.,"A",.,"A",.,"A",120,"D",.,"A",.,"A",.,"A",.,"A",.,"A",.,"A",.,"A",.,"A",.,"A",.,"A"
"20104",2309232,39,0,"1",.,"A",.,"A",.,"A",.,"A",.,"A",.,"A",.,"A",.,"A",.,"A",.,"A",.,"A",.,"A",.,"A",.,"A",.,"A"
"20104",2309242,53,0,"1",.,"A",.,"A",.,"A",.,"A",.,"A",.,"A",.,"A",.,"A",.,"A",.,"A",.,"A",.,"A",300,"D",.,"A",.,"A"
"20104",2309272,54,0,"1",.,"A",.,"A",.,"A",.,"A",.,"A",.,"A",.,"A",.,"A",9,"D",.,"A",.,"A",.,"A",.,"A",.,"A",.,"A"
"20104",2309292,47,0,"1",.,"A",.,"A",.,"A",.,"A",.,"A",.,"A",.,"A",.,"A",.,"A",.,"A",.,"A",.,"A",20,"D",.,"A",.,"A"
"20104",2309302,50,0,"1",.,"A",.,"A",.,"A",.,"A",.,"A",240,"D",.,"A",.,"A",.,"A",.,"A",.,"A",.,"A",60,"D",.,"A",.,"A"
"20104",2309312,67,0,"1",.,"A",.,"A",.,"A",.,"A",.,"A",.,"A",.,"A",.,"A",123,"D",.,"A",.,"A",.,"A",200,"D",.,"A",.,"A"
"20104",2309332,29,0,"1",.,"A",.,"A",.,"A",.,"A",10,"D",.,"A",.,"A",.,"A",.,"A",0,"D",30,"F",0,"D",.,"A",0,"D",.,"A"
"20104",2309342,52,0,"1",.,"A",.,"A",.,"A",.,"A",.,"A",.,"A",.,"A",.,"A",.,"A",.,"A",.,"A",.,"A",.,"A",.,"A",.,"A"
"20104",2309362,48,0,"1",.,"A",.,"A",.,"A",.,"A",.,"A",.,"A",260,"D",.,"A",.,"A",.,"A",.,"A",.,"A",.,"A",.,"A",.,"A"
"20104",2309382,39,0,"1",.,"A",.,"A",.,"A",.,"A",.,"A",.,"A",.,"A",.,"A",.,"A",.,"A",.,"A",.,"A",.,"A",.,"A",.,"A"
"20104",2309392,30,0,"1",30,"D",.,"A",.,"A",.,"A",90,"D",.,"A",.,"A",.,"A",.,"A",267,"D",0,"D",0,"D",120,"D",89,"D",.,"A"
"20104",2309402,27,0,"1",13,"D",.,"A",.,"A",.,"A",32,"D",.,"A",.,"A",.,"A",45,"D",.,"A",.,"A",.,"A",.,"A",.,"A",.,"A"
"20104",2309412,50,0,"1",.,"A",.,"A",.,"A",.,"A",.,"A",.,"A",1300,"D",.,"A",.,"A",0,"D",0,"D",30,"D",.,"A",0,"D",.,"A"
"20104",2309462,42,0,"1",.,"A",.,"A",.,"A",.,"A",.,"A",.,"A",.,"A",.,"A",.,"A",.,"A",.,"A",.,"A",100,"D",.,"A",.,"A"
"20104",2309472,50,0,"1",.,"A",.,"A",.,"A",.,"A",.,"A",.,"A",.,"A",.,"A",.,"A",450,"D",0,"D",0,"D",150,"D",150,"D",.,"A"
"20104",2309492,53,0,"1",.,"A",.,"A",.,"A",.,"A",.,"A",.,"A",.,"A",.,"A",.,"A",.,"A",.,"A",.,"A",90,"D",.,"A",.,"A"
"20104",2309502,50,0,"1",.,"A",.,"A",.,"A",.,"A",.,"A",.,"A",.,"A",.,"A",.,"A",.,"A",.,"A",.,"A",.,"A",.,"A",.,"A"
"20104",2309532,39,0,"1",.,"A",.,"A",.,"A",.,"A",.,"A",.,"A",.,"A",.,"A",.,"A",150,"D",0,"D",0,"D",80,"D",50,"D",.,"A"
"20104",2309562,43,0,"1",.,"A",.,"A",36,"D",.,"A",.,"A",.,"A",.,"A",.,"A",.,"A",.,"A",.,"A",.,"A",161,"D",.,"A",.,"A"
"20104",2309622,65,0,"1",.,"A",.,"A",.,"A",.,"A",.,"A",30,"D",.,"A",.,"A",.,"A",.,"A",.,"A",.,"A",96,"D",.,"A",.,"A"
"20104",2309632,28,0,"1",.,"A",.,"A",.,"A",.,"A",.,"A",.,"A",260,"D",.,"A",.,"A",.,"A",.,"A",.,"A",.,"A",.,"A",.,"A"
"20104",2309655,50,0,"1",.,"A",.,"A",.,"A",.,"A",.,"A",.,"A",.,"A",.,"A",.,"A",.,"A",.,"A",.,"A",150,"D",.,"A",.,"A"
"20104",2309662,35,0,"1",.,"A",.,"A",.,"A",.,"A",.,"A",.,"A",.,"A",.,"A",.,"A",.,"A",.,"A",.,"A",180,"D",.,"A",.,"A"
"20104",2309682,30,0,"1",.,"A",.,"A",.,"A",.,"A",.,"A",.,"A",.,"A",.,"A",.,"A",0,"D",0,"D",0,"D",.,"A",0,"D",.,"A"
"20104",2309702,49,0,"1",.,"A",.,"A",.,"A",.,"A",.,"A",.,"A",.,"A",.,"A",.,"A",.,"A",.,"A",.,"A",30,"D",.,"A",.,"A"
"20104",2309712,34,0,"1",.,"A",.,"A",.,"A",.,"A",.,"A",.,"A",.,"A",.,"A",.,"A",.,"A",.,"A",.,"A",.,"A",.,"A",.,"A"
"20104",2309722,81,0,"1",.,"A",.,"A",75,"D",.,"A",.,"A",.,"A",.,"A",.,"A",.,"A",.,"A",.,"A",.,"A",.,"A",.,"A",.,"A"
"20104",2309742,52,0,"1",.,"A",.,"A",.,"A",.,"A",.,"A",.,"A",.,"A",.,"A",.,"A",.,"A",.,"A",.,"A",600,"D",.,"A",.,"A"
"20104",2309772,32,0,"1",.,"A",.,"A",.,"A",.,"A",.,"A",.,"A",169,"D",.,"A",.,"A",.,"A",.,"A",.,"A",200,"D",.,"A",.,"A"
"20104",2309782,47,0,"1",.,"A",.,"A",.,"A",60,"D",.,"A",60,"D",.,"A",.,"A",45,"D",0,"D",0,"D",36,"D",.,"A",0,"D",.,"A"
"20104",2309795,39,0,"1",.,"A",.,"A",.,"A",.,"A",.,"A",.,"A",.,"A",.,"A",60,"D",.,"A",.,"A",.,"A",15,"D",.,"A",.,"A"
"20104",2309802,62,0,"1",.,"A",.,"A",.,"A",.,"A",.,"A",.,"A",.,"A",.,"A",.,"A",.,"A",.,"A",.,"A",160,"D",.,"A",.,"A"
"20104",2309832,58,0,"1",.,"A",.,"A",.,"A",.,"A",.,"A",.,"A",.,"A",.,"A",.,"A",.,"A",.,"A",.,"A",60,"D",.,"A",.,"A"
"20104",2309842,33,0,"1",.,"A",.,"A",.,"A",.,"A",.,"A",.,"A",.,"A",.,"A",.,"A",.,"A",.,"A",.,"A",120,"D",.,"A",.,"A"
"20104",2309852,29,0,"1",.,"A",.,"A",.,"A",80,"D",.,"A",45,"D",390,"D",.,"A",.,"A",120,"D",0,"D",0,"D",.,"A",40,"D",.,"A"
"20104",2309862,60,0,"1",.,"A",.,"A",.,"A",.,"A",.,"A",.,"A",.,"A",.,"A",.,"A",.,"A",.,"A",.,"A",156,"D",.,"A",.,"A"
"20104",2309872,29,0,"1",.,"A",.,"A",.,"A",.,"A",30,"D",.,"A",.,"A",.,"A",.,"A",.,"A",.,"A",.,"A",.,"A",.,"A",.,"A"
"20104",2309882,78,0,"1",.,"A",.,"A",.,"A",.,"A",.,"A",.,"A",.,"A",.,"A",30,"D",.,"A",.,"A",.,"A",45,"D",.,"A",.,"A"
"20104",2309932,43,0,"1",.,"A",.,"A",.,"A",.,"A",.,"A",.,"A",.,"A",.,"A",.,"A",.,"A",.,"A",.,"A",22,"D",.,"A",.,"A"
"20104",2309972,27,0,"1",.,"A",.,"A",.,"A",.,"A",40,"D",.,"A",.,"A",.,"A",.,"A",.,"A",.,"A",.,"A",.,"A",.,"A",.,"A"
"20104",2309982,33,0,"1",.,"A",.,"A",.,"A",.,"A",.,"A",260,"D",.,"A",.,"A",.,"A",.,"A",.,"A",.,"A",.,"A",.,"A",.,"A"
"20104",2309992,72,0,"1",.,"A",.,"A",.,"A",.,"A",.,"A",.,"A",780,"D",.,"A",.,"A",.,"A",.,"A",.,"A",60,"D",.,"A",.,"A"
"20104",2310005,48,0,"1",.,"A",.,"A",.,"A",.,"A",260,"D",.,"A",.,"A",.,"A",.,"A",.,"A",.,"A",.,"A",210,"D",.,"A",.,"A"
"20104",2310022,55,0,"1",.,"A",.,"A",.,"A",.,"A",.,"A",.,"A",520,"D",.,"A",.,"A",.,"A",.,"A",.,"A",70,"D",.,"A",.,"A"
"20104",2310032,28,0,"1",.,"A",.,"A",.,"A",.,"A",.,"A",.,"A",.,"A",.,"A",.,"A",.,"A",.,"A",.,"A",.,"A",.,"A",.,"A"
"20104",2310042,56,0,"1",.,"A",.,"A",.,"A",.,"A",.,"A",.,"A",.,"A",.,"A",.,"A",.,"A",.,"A",.,"A",18,"D",.,"A",.,"A"
"20104",2310052,34,0,"1",.,"A",.,"A",.,"A",.,"A",50,"D",.,"A",585,"D",.,"A",.,"A",.,"A",.,"A",.,"A",.,"A",.,"A",.,"A"
"20104",2310082,43,0,"1",.,"A",.,"A",.,"A",.,"A",.,"A",.,"A",.,"A",.,"A",.,"A",.,"A",.,"A",.,"A",75,"D",.,"A",.,"A"
"20104",2310092,55,0,"1",.,"A",.,"A",.,"A",.,"A",.,"A",.,"A",.,"A",.,"A",.,"A",.,"A",.,"A",.,"A",230,"D",.,"A",.,"A"
"20104",2310112,38,0,"1",.,"A",.,"A",.,"A",.,"A",.,"A",.,"A",.,"A",.,"A",.,"A",.,"A",.,"A",.,"A",150,"D",.,"A",.,"A"
"20104",2310132,92,0,"1",6,"D",.,"A",.,"A",.,"A",9,"D",.,"A",.,"A",.,"A",.,"A",.,"A",.,"A",.,"A",50,"D",.,"A",.,"A"
"20104",2310142,47,0,"1",.,"A",.,"A",.,"A",.,"A",.,"A",.,"A",.,"A",.,"A",.,"A",.,"A",.,"A",.,"A",20,"D",.,"A",.,"A"
"20104",2310152,45,0,"1",.,"A",.,"A",.,"A",.,"A",.,"A",.,"A",.,"A",.,"A",.,"A",.,"A",.,"A",.,"A",300,"D",.,"A",.,"A"
"20104",2310162,43,0,"1",.,"A",.,"A",.,"A",.,"A",.,"A",.,"A",.,"A",.,"A",.,"A",.,"A",.,"A",.,"A",45,"F",.,"A",.,"A"
"20104",2310172,39,0,"1",.,"A",.,"A",.,"A",.,"A",.,"A",.,"A",39,"D",.,"A",.,"A",.,"A",.,"A",.,"A",.,"A",.,"A",.,"A"
"20104",2310182,37,0,"1",.,"A",.,"A",.,"A",.,"A",.,"A",.,"A",.,"A",.,"A",.,"A",.,"A",.,"A",.,"A",.,"A",.,"A",.,"A"
"20104",2310192,113,0,"1",.,"A",.,"A",.,"A",.,"A",.,"A",90,"F",.,"A",.,"A",.,"A",.,"A",.,"A",.,"A",385,"F",.,"A",.,"A"
"20104",2310202,48,0,"1",.,"A",.,"A",65,"D",.,"A",.,"A",4,"D",.,"A",.,"A",.,"A",48,"D",0,"D",0,"D",.,"A",16,"D",.,"A"
"20104",2310242,29,0,"1",.,"A",.,"A",.,"A",.,"A",.,"A",.,"A",.,"A",.,"A",.,"A",.,"A",.,"A",.,"A",.,"A",.,"A",.,"A"
"20104",2310252,48,0,"1",.,"A",.,"A",.,"A",.,"A",.,"A",.,"A",.,"A",.,"A",.,"A",.,"A",.,"A",.,"A",.,"A",.,"A",.,"A"
"20104",2310272,55,0,"1",.,"A",.,"A",.,"A",.,"A",.,"A",.,"A",.,"A",.,"A",.,"A",.,"A",.,"A",.,"A",210,"D",.,"A",.,"A"
"20104",2310292,30,0,"1",.,"A",.,"A",.,"A",.,"A",180,"D",.,"A",624,"D",.,"A",.,"A",.,"A",.,"A",.,"A",96,"D",.,"A",.,"A"
"20104",2310322,28,0,"1",.,"A",.,"A",.,"A",.,"A",.,"A",.,"A",.,"A",.,"A",.,"A",321,"D",0,"D",30,"D",50,"D",107,"D",.,"A"
"20104",2310362,43,0,"1",.,"A",.,"A",.,"A",.,"A",.,"A",.,"A",.,"A",.,"A",.,"A",.,"A",.,"A",.,"A",60,"D",.,"A",.,"A"
"20104",2310372,46,0,"1",.,"A",.,"A",.,"A",.,"A",.,"A",72,"D",.,"A",.,"A",.,"A",.,"A",.,"A",.,"A",300,"D",.,"A",.,"A"
"20104",2310412,36,0,"1",.,"A",.,"A",.,"A",.,"A",90,"D",18,"D",.,"A",.,"A",.,"A",30,"D",0,"D",30,"D",.,"A",10,"D",.,"A"
"20104",2310433,30,0,"1",.,"A",.,"A",.,"A",.,"A",.,"A",.,"A",.,"A",.,"A",.,"A",.,"A",.,"A",.,"A",182,"F",.,"A",.,"A"
"20104",2310452,49,0,"1",.,"A",.,"A",.,"A",.,"A",.,"A",.,"A",.,"A",.,"A",.,"A",.,"A",.,"A",.,"A",.,"A",.,"A",.,"A"
"20104",2310462,37,0,"1",.,"A",.,"A",.,"A",.,"A",.,"A",.,"A",.,"A",.,"A",.,"A",75,"D",0,"D",0,"D",.,"A",25,"D",.,"A"
"20104",2310474,30,0,"1",.,"A",.,"A",.,"A",.,"A",.,"A",.,"A",.,"A",.,"A",.,"A",.,"A",.,"A",.,"A",.,"A",.,"A",.,"A"
"20104",2310484,29,0,"1",.,"A",.,"A",.,"A",.,"A",.,"A",.,"A",689,"D",.,"A",87,"D",.,"A",.,"A",.,"A",.,"A",.,"A",.,"A"
"20104",2310492,69,0,"1",.,"A",.,"A",.,"A",.,"A",.,"A",.,"A",.,"A",.,"A",.,"A",.,"A",.,"A",.,"A",125,"D",.,"A",.,"A"
"20104",2310512,64,0,"1",.,"A",.,"A",.,"A",.,"A",.,"A",.,"A",546,"D",.,"A",.,"A",.,"A",.,"A",.,"A",110,"D",.,"A",.,"A"
"20104",2310525,29,0,"1",.,"A",.,"A",.,"A",.,"A",.,"A",.,"A",.,"A",.,"A",.,"A",.,"A",.,"A",.,"A",.,"A",.,"A",.,"A"
"20104",2310532,38,0,"1",.,"A",.,"A",.,"A",.,"A",.,"A",.,"A",.,"A",.,"A",.,"A",0,"D",0,"D",36,"D",.,"A",0,"D",.,"A"
"20104",2310542,43,0,"1",.,"A",.,"A",.,"A",.,"A",20,"D",.,"A",.,"A",.,"A",.,"A",.,"A",.,"A",.,"A",120,"D",.,"A",.,"A"
"20104",2310552,43,0,"1",.,"A",.,"A",.,"A",.,"A",.,"A",.,"A",.,"A",.,"A",.,"A",.,"A",.,"A",.,"A",9,"D",.,"A",.,"A"
"20104",2310562,38,0,"1",.,"A",.,"A",.,"A",.,"A",.,"A",.,"A",.,"A",.,"A",.,"A",.,"A",.,"A",.,"A",22,"D",.,"A",.,"A"
"20104",2310582,71,0,"1",.,"A",.,"A",.,"A",.,"A",.,"A",60,"D",.,"A",.,"A",.,"A",210,"D",0,"D",0,"D",90,"D",70,"D",.,"A"
"20104",2310592,45,0,"1",.,"A",.,"A",.,"A",.,"A",.,"A",.,"A",.,"A",.,"A",.,"A",.,"A",.,"A",.,"A",.,"A",.,"A",.,"A"
"20104",2310602,34,0,"1",.,"A",.,"A",.,"A",.,"A",.,"A",.,"A",.,"A",.,"A",.,"A",.,"A",.,"A",.,"A",75,"D",.,"A",.,"A"
"20104",2310632,46,0,"1",.,"A",.,"A",.,"A",.,"A",.,"A",.,"A",.,"A",.,"A",90,"D",.,"A",.,"A",.,"A",70,"D",.,"A",.,"A"
"20104",2310642,84,0,"1",.,"A",.,"A",.,"A",30,"D",.,"A",125,"D",182,"D",.,"A",.,"A",.,"A",.,"A",.,"A",410,"D",.,"A",.,"A"
"20104",2310652,45,0,"1",.,"A",.,"A",.,"A",.,"A",.,"A",.,"A",.,"A",.,"A",30,"F",.,"A",.,"A",.,"A",.,"A",.,"A",.,"A"
"20104",2310662,26,0,"1",.,"A",.,"A",.,"A",.,"A",.,"A",.,"A",.,"A",.,"A",.,"A",.,"A",.,"A",.,"A",30,"D",.,"A",.,"A"
"20104",2310672,32,0,"1",.,"A",.,"A",.,"A",.,"A",.,"A",.,"A",.,"A",.,"A",.,"A",.,"A",.,"A",.,"A",.,"A",.,"A",.,"A"
"20104",2310692,40,0,"1",.,"A",.,"A",.,"A",.,"A",.,"A",.,"A",.,"A",26,"F",.,"A",.,"A",.,"A",.,"A",.,"A",.,"A",.,"A"
"20104",2310702,27,0,"1",.,"A",.,"A",.,"A",.,"A",50,"D",.,"A",364,"D",.,"A",.,"A",360,"D",6,"D",90,"D",10,"D",120,"D",.,"A"
"20104",2310712,50,0,"1",.,"A",.,"A",.,"A",.,"A",.,"A",.,"A",.,"A",.,"A",.,"A",.,"A",.,"A",.,"A",.,"A",.,"A",.,"A"
"20104",2310722,53,0,"1",.,"A",.,"A",.,"A",.,"A",.,"A",.,"A",.,"A",.,"A",.,"A",.,"A",.,"A",.,"A",.,"A",.,"A",.,"A"
"20104",2310732,79,0,"1",.,"A",.,"A",.,"A",.,"A",.,"A",35,"D",.,"A",.,"A",21,"D",15,"D",0,"D",0,"D",80,"D",5,"D",.,"A"
"20104",2310742,54,0,"1",.,"A",.,"A",.,"A",.,"A",.,"A",24,"D",65,"D",78,"D",.,"A",.,"A",.,"A",.,"A",.,"A",.,"A",.,"A"
"20104",2310762,62,0,"1",.,"A",.,"A",.,"A",.,"A",.,"A",.,"A",.,"A",.,"A",.,"A",957,"D",0,"D",0,"D",250,"D",319,"D",.,"A"
"20104",2310782,47,0,"1",.,"A",.,"A",.,"A",.,"A",.,"A",.,"A",.,"A",.,"A",.,"A",.,"A",.,"A",.,"A",.,"A",.,"A",.,"A"
"20104",2310832,26,0,"1",.,"A",.,"A",.,"A",.,"A",.,"A",.,"A",.,"A",.,"A",.,"A",105,"D",0,"D",0,"D",.,"A",35,"D",.,"A"
"20104",2310842,85,0,"1",.,"A",.,"A",.,"A",.,"A",.,"A",50,"D",.,"A",.,"A",27,"D",537,"D",0,"D",0,"D",225,"D",179,"D",600,"D"
"20104",2310852,31,0,"1",.,"A",.,"A",.,"A",.,"A",.,"A",.,"A",221,"D",.,"A",.,"A",.,"A",.,"A",.,"A",.,"A",.,"A",.,"A"
"20104",2310882,37,0,"1",.,"A",.,"A",.,"A",.,"A",.,"A",.,"A",.,"A",.,"A",.,"A",.,"A",.,"A",.,"A",35,"D",.,"A",.,"A"
"20104",2310895,35,0,"1",.,"A",.,"A",.,"A",.,"A",.,"A",.,"A",.,"A",.,"A",.,"A",.,"A",.,"A",.,"A",.,"A",.,"A",.,"A"
"20104",2310903,24,0,"1",.,"A",.,"A",.,"A",.,"A",2,"D",.,"A",.,"A",.,"A",.,"A",.,"A",.,"A",.,"A",.,"A",.,"A",.,"A"
"20104",2310912,65,0,"1",.,"A",.,"A",.,"A",.,"A",.,"A",.,"A",.,"A",.,"A",.,"A",0,"D",99,"D",0,"D",50,"D",0,"D",.,"A"
"20104",2310922,39,0,"1",.,"A",.,"A",.,"A",.,"A",.,"A",.,"A",.,"A",.,"A",.,"A",.,"A",.,"A",.,"A",.,"A",.,"A",.,"A"
"20104",2310932,40,0,"1",.,"A",.,"A",.,"A",.,"A",.,"A",.,"A",.,"A",.,"A",.,"A",.,"A",.,"A",.,"A",.,"A",.,"A",.,"A"
"20104",2310962,29,0,"1",.,"A",.,"A",.,"A",.,"A",.,"A",.,"A",.,"A",.,"A",.,"A",.,"A",.,"A",.,"A",30,"D",.,"A",.,"A"
"20104",2311002,54,0,"1",.,"A",.,"A",.,"A",.,"A",.,"A",.,"A",.,"A",.,"A",.,"A",.,"A",.,"A",.,"A",150,"D",.,"A",.,"A"
"20104",2311012,44,0,"1",.,"A",.,"A",.,"A",.,"A",.,"A",.,"A",.,"A",.,"A",.,"A",.,"A",.,"A",.,"A",.,"A",.,"A",.,"A"
"20104",2311025,40,0,"1",.,"A",.,"A",.,"A",.,"A",.,"A",.,"A",.,"A",.,"A",.,"A",60,"D",0,"D",0,"D",.,"A",20,"D",.,"A"
"20104",2311052,27,0,"1",.,"A",.,"A",.,"A",.,"A",.,"A",.,"A",.,"A",.,"A",.,"A",.,"A",.,"A",.,"A",30,"D",.,"A",.,"A"
"20104",2311062,37,0,"1",.,"A",.,"A",.,"A",.,"A",.,"A",.,"A",.,"A",.,"A",.,"A",.,"A",.,"A",.,"A",200,"D",.,"A",.,"A"
"20104",2311082,35,0,"1",.,"A",.,"A",.,"A",.,"A",.,"A",.,"A",.,"A",.,"A",.,"A",.,"A",.,"A",.,"A",.,"A",.,"A",.,"A"
"20104",2311125,59,0,"1",.,"A",.,"A",.,"A",.,"A",.,"A",15,"D",.,"A",.,"A",.,"A",.,"A",.,"A",.,"A",23,"D",.,"A",.,"A"
"20104",2311132,52,0,"1",6,"D",.,"A",.,"A",.,"A",16,"D",.,"A",.,"A",.,"A",.,"A",.,"A",.,"A",.,"A",10,"D",.,"A",.,"A"
"20104",2311144,42,0,"1",.,"A",.,"A",.,"A",.,"A",5,"D",.,"A",.,"A",.,"A",.,"A",.,"A",.,"A",.,"A",.,"A",.,"A",.,"A"
"20104",2311152,44,0,"1",.,"A",.,"A",.,"A",.,"A",.,"A",.,"A",.,"A",.,"A",.,"A",.,"A",.,"A",.,"A",.,"A",.,"A",.,"A"
"20104",2311162,67,0,"1",.,"A",.,"A",.,"A",.,"A",.,"A",.,"A",.,"A",.,"A",.,"A",.,"A",.,"A",.,"A",120,"D",.,"A",.,"A"
"20104",2311192,56,0,"1",.,"A",.,"A",.,"A",.,"A",.,"A",.,"A",.,"A",.,"A",.,"A",.,"A",.,"A",.,"A",80,"D",.,"A",.,"A"
"20104",2311202,35,0,"1",.,"A",.,"A",.,"A",.,"A",.,"A",.,"A",.,"A",.,"A",45,"D",.,"A",.,"A",.,"A",100,"D",.,"A",.,"A"
"20104",2311232,73,0,"1",.,"A",.,"A",.,"A",.,"A",.,"A",.,"A",.,"A",.,"A",30,"D",.,"A",.,"A",.,"A",100,"D",.,"A",.,"A"
"20104",2311242,29,0,"1",.,"A",.,"A",.,"A",.,"A",.,"A",.,"A",676,"D",.,"A",.,"A",.,"A",.,"A",.,"A",.,"A",.,"A",.,"A"
"20104",2311272,34,0,"1",.,"A",.,"A",.,"A",.,"A",.,"A",.,"A",.,"A",.,"A",.,"A",.,"A",.,"A",.,"A",150,"D",.,"A",.,"A"
"20104",2311282,31,0,"1",.,"A",.,"A",.,"A",.,"A",.,"A",.,"A",.,"A",.,"A",.,"A",.,"A",.,"A",.,"A",.,"A",.,"A",.,"A"
"20104",2311292,35,0,"1",.,"A",.,"A",.,"A",.,"A",.,"A",.,"A",.,"A",.,"A",.,"A",.,"A",.,"A",.,"A",.,"A",.,"A",.,"A"
"20104",2311312,31,0,"1",.,"A",.,"A",.,"A",.,"A",.,"A",.,"A",.,"A",.,"A",.,"A",.,"A",.,"A",.,"A",240,"D",.,"A",.,"A"
"20104",2311342,67,0,"1",.,"A",.,"A",.,"A",.,"A",.,"A",.,"A",.,"A",.,"A",45,"D",.,"A",.,"A",.,"A",210,"D",.,"A",.,"A"
"20104",2311352,27,0,"1",.,"A",.,"A",.,"A",.,"A",36,"D",.,"A",.,"A",.,"A",.,"A",.,"A",.,"A",.,"A",.,"A",.,"A",.,"A"
"20104",2311362,58,0,"1",.,"A",.,"A",.,"A",.,"A",.,"A",.,"A",156,"D",.,"A",15,"D",.,"A",.,"A",.,"A",15,"D",.,"A",.,"A"
"20104",2311382,24,0,"1",.,"A",.,"A",.,"A",.,"A",10,"D",.,"A",.,"A",.,"A",.,"A",.,"A",.,"A",.,"A",.,"A",.,"A",.,"A"
"20104",2311392,55,0,"1",.,"A",.,"A",.,"A",.,"A",.,"A",80,"D",.,"A",.,"A",.,"A",720,"D",0,"D",0,"D",280,"D",240,"D",.,"A"
"20104",2311402,50,0,"1",.,"A",.,"A",.,"A",.,"A",.,"A",.,"A",975,"D",.,"A",60,"D",.,"A",.,"A",.,"A",.,"A",.,"A",.,"A"
"20104",2311412,71,0,"1",.,"A",.,"A",.,"A",.,"A",.,"A",.,"A",.,"A",.,"A",.,"A",.,"A",.,"A",.,"A",.,"A",.,"A",.,"A"
"20104",2311422,28,0,"1",.,"A",.,"A",.,"A",.,"A",.,"A",.,"A",.,"A",.,"A",.,"A",.,"A",.,"A",.,"A",.,"A",.,"A",.,"A"
"20104",2311432,57,0,"1",.,"A",.,"A",.,"A",.,"A",.,"A",.,"A",.,"A",.,"A",.,"A",.,"A",.,"A",.,"A",75,"D",.,"A",.,"A"
"20104",2311452,35,0,"1",.,"A",.,"A",.,"A",.,"A",.,"A",.,"A",.,"A",.,"A",.,"A",.,"A",.,"A",.,"A",.,"A",.,"A",.,"A"
"20104",2311462,71,0,"1",.,"A",.,"A",.,"A",.,"A",.,"A",35,"D",.,"A",130,"D",.,"A",84,"D",0,"D",0,"D",30,"D",28,"D",.,"A"
"20104",2311482,55,0,"1",.,"A",.,"A",.,"A",.,"A",.,"A",.,"A",.,"A",.,"A",.,"A",.,"A",.,"A",.,"A",123,"D",.,"A",.,"A"
"20104",2311492,45,0,"1",.,"A",.,"A",.,"A",.,"A",.,"A",60,"D",.,"A",.,"A",.,"A",75,"D",0,"D",0,"D",60,"D",25,"D",.,"A"
"20104",2311502,25,0,"1",.,"A",.,"A",.,"A",.,"A",60,"D",.,"A",.,"A",.,"A",.,"A",.,"A",.,"A",.,"A",.,"A",.,"A",.,"A"
"20104",2311512,65,0,"1",.,"A",.,"A",.,"A",.,"A",.,"A",15,"D",.,"A",.,"A",.,"A",.,"A",.,"A",.,"A",.,"A",.,"A",.,"A"
"20104",2311532,58,0,"1",60,"D",.,"A",.,"A",.,"A",120,"D",.,"A",.,"A",.,"A",36,"F",.,"A",.,"A",.,"A",.,"A",.,"A",.,"A"
"20104",2311542,49,0,"1",.,"A",.,"A",.,"A",.,"A",.,"A",.,"A",.,"A",.,"A",24,"D",.,"A",.,"A",.,"A",25,"D",.,"A",.,"A"
"20104",2311562,29,0,"1",.,"A",.,"A",.,"A",.,"A",.,"A",.,"A",.,"A",.,"A",.,"A",.,"A",.,"A",.,"A",.,"A",.,"A",.,"A"
"20104",2311572,48,0,"1",.,"A",.,"A",.,"A",20,"D",.,"A",.,"A",.,"A",.,"A",.,"A",120,"D",0,"D",0,"D",100,"D",40,"D",.,"A"
"20104",2311582,44,0,"1",.,"A",.,"A",.,"A",.,"A",.,"A",.,"A",.,"A",.,"A",.,"A",.,"A",.,"A",.,"A",300,"D",.,"A",.,"A"
"20104",2311602,61,0,"1",.,"A",.,"A",.,"A",.,"A",.,"A",360,"D",.,"A",.,"A",.,"A",.,"A",.,"A",.,"A",150,"D",.,"A",.,"A"
"20104",2311612,44,0,"1",.,"A",.,"A",.,"A",.,"A",.,"A",.,"A",.,"A",.,"A",.,"A",.,"A",.,"A",.,"A",.,"A",.,"A",.,"A"
"20104",2311632,36,0,"1",.,"A",.,"A",.,"A",.,"A",.,"A",.,"A",.,"A",.,"A",.,"A",.,"A",.,"A",.,"A",40,"D",.,"A",.,"A"
"20104",2311642,71,0,"1",.,"A",.,"A",.,"A",.,"A",.,"A",.,"A",.,"A",.,"A",.,"A",.,"A",.,"A",.,"A",80,"F",.,"A",.,"A"
"20104",2311655,67,0,"1",.,"A",.,"A",.,"A",.,"A",.,"A",.,"A",.,"A",.,"A",.,"A",.,"A",.,"A",.,"A",40,"D",.,"A",.,"A"
"20104",2311702,62,0,"1",.,"A",.,"A",.,"A",.,"A",.,"A",33,"D",.,"A",.,"A",.,"A",.,"A",.,"A",.,"A",100,"D",.,"A",.,"A"
"20104",2311712,36,0,"1",.,"A",.,"A",.,"A",.,"A",.,"A",.,"A",.,"A",.,"A",.,"A",.,"A",.,"A",.,"A",.,"A",.,"A",.,"A"
"20104",2311742,54,0,"1",.,"A",.,"A",.,"A",.,"A",.,"A",.,"A",.,"A",.,"A",.,"A",.,"A",.,"A",.,"A",110,"D",.,"A",.,"A"
"20104",2311772,38,0,"1",.,"A",.,"A",.,"A",.,"A",80,"D",.,"A",.,"A",.,"A",.,"A",.,"A",.,"A",.,"A",.,"A",.,"A",.,"A"
"20104",2311783,24,0,"1",.,"A",.,"A",.,"A",.,"A",90,"D",.,"A",.,"A",.,"A",.,"A",.,"A",.,"A",.,"A",.,"A",.,"A",.,"A"
"20104",2311792,56,0,"1",.,"A",.,"A",.,"A",.,"A",.,"A",.,"A",.,"A",.,"A",.,"A",.,"A",.,"A",.,"A",.,"A",.,"A",.,"A"
"20104",2311802,48,0,"1",60,"D",.,"A",.,"A",.,"A",240,"D",.,"A",559,"D",.,"A",.,"A",.,"A",.,"A",.,"A",.,"A",.,"A",.,"A"
"20104",2311812,67,0,"1",.,"A",.,"A",.,"A",.,"A",.,"A",.,"A",.,"A",.,"A",.,"A",.,"A",.,"A",.,"A",100,"D",.,"A",.,"A"
"20104",2311822,25,0,"1",.,"A",.,"A",.,"A",.,"A",.,"A",.,"A",.,"A",.,"A",.,"A",.,"A",.,"A",.,"A",.,"A",.,"A",.,"A"
"20104",2311832,47,0,"1",.,"A",.,"A",.,"A",.,"A",.,"A",.,"A",.,"A",.,"A",.,"A",1185,"D",0,"D",0,"D",.,"A",395,"D",.,"A"
"20104",2311842,40,0,"1",.,"A",.,"A",.,"A",.,"A",.,"A",.,"A",.,"A",.,"A",.,"A",.,"A",.,"A",.,"A",460,"D",.,"A",.,"A"
"20104",2311852,71,0,"1",.,"A",.,"A",.,"A",.,"A",.,"A",.,"A",299,"D",.,"A",.,"A",.,"A",.,"A",.,"A",20,"D",.,"A",.,"A"
"20104",2311872,43,0,"1",.,"A",.,"A",.,"A",.,"A",.,"A",.,"A",.,"A",.,"A",.,"A",.,"A",.,"A",.,"A",100,"D",.,"A",.,"A"
"20104",2311902,40,0,"1",.,"A",.,"A",.,"A",.,"A",.,"A",.,"A",.,"A",.,"A",.,"A",.,"A",.,"A",.,"A",18,"D",.,"A",.,"A"
"20104",2311922,66,0,"1",.,"A",.,"A",.,"A",.,"A",.,"A",.,"A",520,"D",.,"A",.,"A",.,"A",.,"A",.,"A",360,"D",.,"A",.,"A"
"20104",2311942,73,0,"1",.,"A",.,"A",.,"A",.,"A",.,"A",.,"A",.,"A",.,"A",.,"A",.,"A",.,"A",.,"A",360,"D",.,"A",.,"A"
"20104",2311962,49,0,"1",.,"A",.,"A",.,"A",.,"A",.,"A",.,"A",.,"A",.,"A",.,"A",.,"A",.,"A",.,"A",.,"A",.,"A",.,"A"
"20104",2311982,50,0,"1",.,"A",.,"A",.,"A",.,"A",.,"A",.,"A",130,"D",.,"A",.,"A",.,"A",.,"A",.,"A",.,"A",.,"A",.,"A"
"20104",2312012,37,0,"1",5,"D",.,"A",.,"A",.,"A",115,"D",80,"D",.,"A",.,"A",.,"A",.,"A",.,"A",.,"A",.,"A",.,"A",.,"A"
"20104",2312033,42,0,"1",.,"A",.,"A",.,"A",.,"A",.,"A",.,"A",.,"A",.,"A",.,"A",.,"A",.,"A",.,"A",.,"A",.,"A",.,"A"
"20104",2312072,50,0,"1",.,"A",.,"A",.,"A",.,"A",.,"A",.,"A",.,"A",.,"A",.,"A",.,"A",.,"A",.,"A",150,"D",.,"A",.,"A"
"20104",2312112,31,0,"1",.,"A",.,"A",.,"A",.,"A",.,"A",.,"A",.,"A",.,"A",.,"A",.,"A",.,"A",.,"A",.,"A",.,"A",.,"A"
"20104",2312122,27,0,"1",.,"A",.,"A",.,"A",.,"A",.,"A",.,"A",780,"D",130,"D",.,"A",.,"A",.,"A",.,"A",40,"D",.,"A",.,"A"
"20104",2312132,67,0,"1",.,"A",.,"A",.,"A",.,"A",754,"D",27,"D",.,"A",.,"A",30,"D",504,"D",0,"D",0,"D",90,"D",168,"D",.,"A"
"20104",2312142,24,0,"1",.,"A",.,"A",.,"A",.,"A",.,"A",.,"A",.,"A",.,"A",.,"A",.,"A",.,"A",.,"A",.,"A",.,"A",.,"A"
"20104",2312162,45,0,"1",.,"A",.,"A",.,"A",.,"A",.,"A",.,"A",.,"A",.,"A",.,"A",.,"A",.,"A",.,"A",18,"D",.,"A",.,"A"
"20104",2312172,46,0,"1",.,"A",.,"A",.,"A",.,"A",.,"A",20,"D",.,"A",.,"A",.,"A",.,"A",.,"A",.,"A",25,"D",.,"A",.,"A"
"20104",2312182,42,0,"1",.,"A",.,"A",.,"A",.,"A",.,"A",.,"A",.,"A",.,"A",.,"A",.,"A",.,"A",.,"A",110,"D",.,"A",.,"A"
"20104",2312232,49,0,"1",.,"A",.,"A",.,"A",.,"A",.,"A",.,"A",.,"A",.,"A",.,"A",.,"A",.,"A",.,"A",45,"D",.,"A",.,"A"
"20104",2312243,25,0,"1",.,"A",.,"A",.,"A",.,"A",120,"D",.,"A",.,"A",.,"A",.,"A",0,"D",0,"D",210,"D",.,"A",0,"D",.,"A"
"20104",2312252,61,0,"1",.,"A",.,"A",.,"A",.,"A",.,"A",.,"A",650,"D",.,"A",.,"A",.,"A",.,"A",.,"A",.,"A",.,"A",.,"A"
"20104",2312282,50,0,"1",.,"A",.,"A",.,"A",.,"A",.,"A",30,"D",.,"A",.,"A",15,"D",.,"A",.,"A",.,"A",65,"D",.,"A",.,"A"
"20104",2312302,53,0,"1",.,"A",.,"A",.,"A",.,"A",.,"A",.,"A",.,"A",.,"A",.,"A",.,"A",.,"A",.,"A",80,"D",.,"A",.,"A"
"20104",2312312,38,0,"1",.,"A",.,"A",.,"A",.,"A",40,"D",.,"A",195,"F",.,"A",.,"A",135,"D",0,"D",0,"D",40,"D",45,"D",.,"A"
"20104",2312332,51,0,"1",.,"A",.,"A",.,"A",.,"A",.,"A",.,"A",.,"A",.,"A",.,"A",.,"A",.,"A",.,"A",100,"D",.,"A",.,"A"
"20104",2312362,76,0,"1",.,"A",.,"A",.,"A",.,"A",.,"A",40,"D",.,"A",.,"A",.,"A",.,"A",.,"A",.,"A",315,"D",.,"A",.,"A"
"20104",2312382,42,0,"1",.,"A",.,"A",.,"A",.,"A",.,"A",.,"A",.,"A",.,"A",.,"A",.,"A",.,"A",.,"A",.,"A",.,"A",.,"A"
"20104",2312422,29,0,"1",.,"A",.,"A",.,"A",.,"A",.,"A",.,"A",65,"D",.,"A",.,"A",.,"A",.,"A",.,"A",.,"A",.,"A",.,"A"
"20104",2312432,52,0,"1",.,"A",.,"A",.,"A",.,"A",.,"A",.,"A",.,"A",.,"A",.,"A",.,"A",.,"A",.,"A",60,"D",.,"A",.,"A"
"20104",2312472,87,0,"1",.,"A",.,"A",.,"A",.,"A",.,"A",27,"D",.,"A",.,"A",.,"A",.,"A",.,"A",.,"A",230,"D",.,"A",.,"A"
"20104",2312502,70,0,"1",.,"A",.,"A",.,"A",.,"A",.,"A",.,"A",.,"A",.,"A",.,"A",.,"A",.,"A",.,"A",240,"D",.,"A",.,"A"
"20104",2312512,73,0,"1",.,"A",.,"A",.,"A",.,"A",.,"A",.,"A",.,"A",.,"A",.,"A",.,"A",.,"A",.,"A",24,"D",.,"A",.,"A"
"20104",2312522,74,0,"1",.,"A",.,"A",.,"A",.,"A",.,"A",.,"A",.,"A",.,"A",24,"D",.,"A",.,"A",.,"A",12,"D",.,"A",.,"A"
"20104",2312532,44,0,"1",.,"A",.,"A",.,"A",.,"A",.,"A",.,"A",.,"A",.,"A",.,"A",.,"A",.,"A",.,"A",320,"D",.,"A",.,"A"
"20104",2312552,46,0,"1",.,"A",.,"A",.,"A",.,"A",.,"A",.,"A",.,"A",.,"A",.,"A",.,"A",.,"A",.,"A",400,"D",.,"A",.,"A"
"20104",2312565,57,0,"1",.,"A",.,"A",.,"A",.,"A",.,"A",.,"A",.,"A",.,"A",.,"A",.,"A",.,"A",.,"A",100,"D",.,"A",.,"A"
"20104",2312572,55,0,"1",.,"A",.,"A",.,"A",.,"A",.,"A",.,"A",520,"D",.,"A",.,"A",.,"A",.,"A",.,"A",.,"A",.,"A",.,"A"
"20104",2312582,49,0,"1",.,"A",.,"A",.,"A",.,"A",.,"A",.,"A",.,"A",.,"A",.,"A",.,"A",.,"A",.,"A",.,"A",.,"A",.,"A"
"20104",2312592,34,0,"1",.,"A",.,"A",.,"A",.,"A",90,"D",.,"A",.,"A",.,"A",.,"A",294,"D",0,"D",60,"D",300,"D",98,"D",.,"A"
"20104",2312602,33,0,"1",.,"A",.,"A",.,"A",.,"A",.,"A",.,"A",.,"A",.,"A",15,"D",.,"A",.,"A",.,"A",75,"D",.,"A",.,"A"
"20104",2312612,64,0,"1",.,"A",.,"A",.,"A",.,"A",.,"A",.,"A",.,"A",.,"A",.,"A",.,"A",.,"A",.,"A",.,"A",.,"A",.,"A"
"20104",2312642,28,0,"1",.,"A",.,"A",.,"A",.,"A",20,"D",.,"A",.,"A",.,"A",12,"D",0,"D",0,"D",0,"D",.,"A",0,"D",.,"A"
"20104",2312652,36,0,"1",.,"A",.,"A",.,"A",.,"A",60,"D",.,"A",.,"A",.,"A",15,"D",.,"A",.,"A",.,"A",18,"D",.,"A",.,"A"
"20104",2312662,59,0,"1",.,"A",.,"A",.,"A",.,"A",.,"A",.,"A",.,"A",.,"A",.,"A",.,"A",.,"A",.,"A",.,"A",.,"A",.,"A"
"20104",2312732,43,0,"1",.,"A",.,"A",.,"A",.,"A",.,"A",60,"D",.,"A",.,"A",.,"A",.,"A",.,"A",.,"A",120,"D",.,"A",.,"A"
"20104",2312742,33,0,"1",.,"A",.,"A",.,"A",.,"A",120,"D",.,"A",.,"A",.,"A",.,"A",.,"A",.,"A",.,"A",100,"D",.,"A",.,"A"
"20104",2312762,40,0,"1",.,"A",.,"A",.,"A",.,"A",.,"A",.,"A",.,"A",.,"A",.,"A",.,"A",.,"A",.,"A",.,"A",.,"A",.,"A"
"20104",2312782,39,0,"1",.,"A",.,"A",.,"A",.,"A",.,"A",.,"A",.,"A",.,"A",30,"D",.,"A",.,"A",.,"A",.,"A",.,"A",.,"A"
"20104",2312835,41,0,"1",.,"A",.,"A",.,"A",.,"A",.,"A",.,"A",.,"A",.,"A",.,"A",.,"A",.,"A",.,"A",.,"A",.,"A",.,"A"
"20104",2312844,39,0,"1",.,"A",.,"A",.,"A",.,"A",.,"A",.,"A",.,"A",.,"A",.,"A",.,"A",.,"A",.,"A",60,"D",.,"A",.,"A"
"20104",2312862,76,0,"1",.,"A",.,"A",.,"A",.,"A",.,"A",30,"D",.,"A",.,"A",.,"A",.,"A",.,"A",.,"A",210,"D",.,"A",.,"A"
"20104",2312872,60,0,"1",.,"A",.,"A",.,"A",.,"A",.,"A",.,"A",.,"A",.,"A",.,"A",.,"A",.,"A",.,"A",50,"D",.,"A",.,"A"
"20104",2312902,51,0,"1",.,"A",.,"A",.,"A",.,"A",.,"A",.,"A",.,"A",.,"A",.,"A",.,"A",.,"A",.,"A",.,"A",.,"A",.,"A"
"20104",2312932,38,0,"1",.,"A",.,"A",.,"A",.,"A",20,"D",75,"D",.,"A",.,"A",21,"D",.,"A",.,"A",.,"A",.,"A",.,"A",.,"A"
"20104",2312942,30,0,"1",.,"A",.,"A",.,"A",.,"A",.,"A",.,"A",390,"D",.,"A",.,"A",.,"A",.,"A",.,"A",.,"A",.,"A",.,"A"
"20104",2312992,57,0,"1",.,"A",.,"A",.,"A",.,"A",.,"A",.,"A",1560,"D",.,"A",.,"A",.,"A",.,"A",.,"A",.,"A",.,"A",.,"A"
"20104",2313002,39,0,"1",.,"A",.,"A",.,"A",.,"A",20,"D",.,"A",.,"A",.,"A",.,"A",.,"A",.,"A",.,"A",.,"A",.,"A",.,"A"
"20104",2313015,37,0,"1",.,"A",.,"A",.,"A",.,"A",40,"D",.,"A",.,"A",.,"A",30,"D",30,"D",0,"D",0,"D",90,"D",10,"D",.,"A"
"20104",2313022,42,0,"1",.,"A",.,"A",.,"A",.,"A",.,"A",.,"A",273,"D",.,"A",.,"A",.,"A",.,"A",.,"A",.,"A",.,"A",.,"A"
"20104",2313042,40,0,"1",.,"A",.,"A",.,"A",.,"A",.,"A",.,"A",.,"A",.,"A",.,"A",.,"A",.,"A",.,"A",.,"A",.,"A",.,"A"
"20104",2313082,44,0,"1",.,"A",.,"A",.,"A",.,"A",.,"A",.,"A",.,"A",.,"A",.,"A",.,"A",.,"A",.,"A",.,"A",.,"A",.,"A"
"20104",2313112,38,0,"1",.,"A",.,"A",.,"A",.,"A",.,"A",.,"A",455,"D",.,"A",.,"A",.,"A",.,"A",.,"A",10,"D",.,"A",.,"A"
"20104",2313122,36,0,"1",.,"A",.,"A",.,"A",150,"D",75,"D",.,"A",.,"A",.,"A",.,"A",0,"D",180,"D",0,"D",.,"A",0,"D",.,"A"
"20104",2313132,42,0,"1",.,"A",.,"A",.,"A",.,"A",.,"A",.,"A",.,"A",.,"A",.,"A",.,"A",.,"A",.,"A",50,"D",.,"A",.,"A"
"20104",2313182,40,0,"1",.,"A",.,"A",.,"A",.,"A",.,"A",.,"A",.,"A",.,"A",36,"D",.,"A",.,"A",.,"A",.,"A",.,"A",.,"A"
"20104",2313212,61,0,"1",6,"D",.,"A",.,"A",.,"A",0,"D",.,"A",.,"A",.,"A",.,"A",.,"A",.,"A",.,"A",18,"D",.,"A",.,"A"
"20104",2313262,51,0,"1",.,"A",.,"A",.,"A",.,"A",.,"A",.,"A",650,"D",.,"A",.,"A",.,"A",.,"A",.,"A",40,"D",.,"A",.,"A"
"20104",2313312,51,0,"1",.,"A",.,"A",.,"A",.,"A",.,"A",.,"A",.,"A",.,"A",.,"A",.,"A",.,"A",.,"A",.,"A",.,"A",.,"A"
"20104",2313342,26,0,"1",.,"A",.,"A",.,"A",.,"A",60,"D",.,"A",390,"D",.,"A",.,"A",.,"A",.,"A",.,"A",20,"D",.,"A",.,"A"
"20104",2313362,58,0,"1",.,"A",.,"A",.,"A",.,"A",.,"A",.,"A",.,"A",.,"A",.,"A",.,"A",.,"A",.,"A",99,"D",.,"A",.,"A"
"20104",2313372,56,0,"1",.,"A",.,"A",70,"D",160,"D",.,"A",.,"A",.,"A",.,"A",.,"A",0,"D",0,"D",0,"D",180,"D",0,"D",.,"A"
"20104",2313382,45,0,"1",.,"A",.,"A",.,"A",.,"A",.,"A",.,"A",65,"D",169,"D",.,"A",.,"A",.,"A",.,"A",6,"D",.,"A",.,"A"
"20104",2313392,26,0,"1",.,"A",.,"A",.,"A",.,"A",.,"A",.,"A",.,"A",.,"A",.,"A",.,"A",.,"A",.,"A",.,"A",.,"A",.,"A"
"20104",2313402,30,0,"1",.,"A",.,"A",.,"A",.,"A",.,"A",.,"A",260,"D",.,"A",.,"A",.,"A",.,"A",.,"A",.,"A",.,"A",.,"A"
"20104",2313445,24,0,"1",.,"A",.,"A",.,"A",.,"A",.,"A",.,"A",.,"A",.,"A",.,"A",.,"A",.,"A",.,"A",.,"A",.,"A",.,"A"
"20104",2313462,35,0,"1",.,"A",.,"A",.,"A",.,"A",.,"A",.,"A",.,"A",.,"A",.,"A",.,"A",.,"A",.,"A",.,"A",.,"A",.,"A"
"20104",2313502,51,0,"1",23,"D",.,"A",.,"A",.,"A",67,"D",.,"A",.,"A",.,"A",.,"A",.,"A",.,"A",.,"A",105,"D",.,"A",.,"A"
"20104",2313542,76,0,"1",.,"A",.,"A",.,"A",.,"A",.,"A",.,"A",.,"A",.,"A",.,"A",.,"A",.,"A",.,"A",110,"D",.,"A",.,"A"
"20104",2313582,22,0,"1",.,"A",.,"A",.,"A",.,"A",40,"D",.,"A",.,"A",.,"A",.,"A",.,"A",.,"A",.,"A",.,"A",.,"A",.,"A"
"20104",2313592,24,0,"1",.,"A",.,"A",.,"A",.,"A",.,"A",.,"A",.,"A",.,"A",.,"A",.,"A",.,"A",.,"A",150,"D",.,"A",.,"A"
"20104",2313612,54,0,"1",.,"A",.,"A",.,"A",.,"A",.,"A",.,"A",.,"A",.,"A",.,"A",.,"A",.,"A",.,"A",182,"D",.,"A",.,"A"
"20104",2313622,41,0,"1",.,"A",.,"A",.,"A",.,"A",54,"D",.,"A",.,"A",.,"A",.,"A",.,"A",.,"A",.,"A",63,"D",.,"A",.,"A"
"20104",2313652,40,0,"1",.,"A",.,"A",.,"A",.,"A",.,"A",.,"A",.,"A",.,"A",.,"A",.,"A",.,"A",.,"A",.,"A",.,"A",.,"A"
"20104",2313662,92,0,"1",.,"A",.,"A",.,"A",.,"A",.,"A",.,"A",.,"A",.,"A",.,"A",.,"A",.,"A",.,"A",20,"D",.,"A",.,"A"
"20104",2313672,46,0,"1",.,"A",.,"A",.,"A",.,"A",.,"A",.,"A",.,"A",.,"A",.,"A",.,"A",.,"A",.,"A",.,"A",.,"A",.,"A"
"20104",2313682,36,0,"1",.,"A",.,"A",.,"A",100,"D",.,"A",.,"A",.,"A",.,"A",45,"F",105,"D",0,"D",0,"D",.,"A",35,"D",.,"A"
"20104",2313732,47,0,"1",.,"A",.,"A",.,"A",.,"A",.,"A",.,"A",.,"A",.,"A",90,"D",.,"A",.,"A",.,"A",180,"D",.,"A",.,"A"
"20104",2313742,27,0,"1",.,"A",.,"A",.,"A",.,"A",.,"A",.,"A",455,"D",.,"A",.,"A",.,"A",.,"A",.,"A",12,"D",.,"A",.,"A"
"20104",2313752,43,0,"1",.,"A",.,"A",.,"A",.,"A",.,"A",.,"A",.,"A",.,"A",.,"A",.,"A",.,"A",.,"A",20,"D",.,"A",.,"A"
"20104",2313782,31,0,"1",.,"A",.,"A",.,"A",.,"A",240,"D",.,"A",.,"A",.,"A",.,"A",.,"A",.,"A",.,"A",.,"A",.,"A",.,"A"
"20104",2313792,49,0,"1",.,"A",.,"A",.,"A",.,"A",.,"A",.,"A",.,"A",.,"A",.,"A",.,"A",.,"A",.,"A",.,"A",.,"A",.,"A"
"20104",2313802,77,0,"1",.,"A",.,"A",.,"A",.,"A",.,"A",.,"A",.,"A",.,"A",.,"A",.,"A",.,"A",.,"A",.,"A",.,"A",.,"A"
"20104",2313822,56,0,"1",.,"A",.,"A",.,"A",.,"A",.,"A",.,"A",.,"A",.,"A",.,"A",.,"A",.,"A",.,"A",.,"A",.,"A",.,"A"
"20104",2313832,62,0,"1",.,"A",.,"A",.,"A",.,"A",.,"A",.,"A",.,"A",.,"A",.,"A",.,"A",.,"A",.,"A",150,"D",.,"A",.,"A"
"20104",2313842,29,0,"1",.,"A",.,"A",.,"A",.,"A",36,"D",.,"A",.,"A",.,"A",.,"A",.,"A",.,"A",.,"A",60,"D",.,"A",.,"A"
"20104",2313852,74,0,"1",.,"A",.,"A",.,"A",.,"A",.,"A",120,"D",.,"A",.,"A",810,"D",.,"A",.,"A",.,"A",220,"D",.,"A",.,"A"
"20104",2313862,22,0,"1",.,"A",.,"A",.,"A",.,"A",.,"A",.,"A",650,"D",520,"D",9,"D",.,"A",.,"A",.,"A",.,"A",.,"A",.,"A"
"20104",2313872,66,0,"1",.,"A",.,"A",30,"D",.,"A",.,"A",.,"A",.,"A",.,"A",63,"D",.,"A",.,"A",.,"A",120,"D",.,"A",.,"A"
"20104",2313892,61,0,"1",.,"A",.,"A",.,"A",.,"A",.,"A",.,"A",.,"A",.,"A",.,"A",.,"A",.,"A",.,"A",160,"F",.,"A",.,"A"
"20104",2313904,45,0,"1",.,"A",.,"A",.,"A",24,"D",150,"D",240,"D",.,"A",.,"A",225,"D",.,"A",.,"A",.,"A",360,"D",.,"A",.,"A"
"20104",2313912,45,0,"1",.,"A",.,"A",.,"A",.,"A",.,"A",.,"A",.,"A",.,"A",.,"A",.,"A",.,"A",.,"A",60,"D",.,"A",.,"A"
"20104",2313922,62,0,"1",.,"A",.,"A",.,"A",.,"A",.,"A",.,"A",.,"A",.,"A",.,"A",.,"A",.,"A",.,"A",30,"D",.,"A",.,"A"
"20104",2313932,37,0,"1",.,"A",.,"A",.,"A",.,"A",18,"D",.,"A",.,"A",.,"A",.,"A",.,"A",.,"A",.,"A",.,"A",.,"A",.,"A"
"20104",2313962,34,0,"1",.,"A",.,"A",.,"A",.,"A",.,"A",.,"A",.,"A",.,"A",.,"A",.,"A",.,"A",.,"A",.,"A",.,"A",.,"A"
"20104",2313972,65,0,"1",.,"A",.,"A",.,"A",.,"A",.,"A",.,"A",.,"A",.,"A",.,"A",.,"A",.,"A",.,"A",.,"A",.,"A",.,"A"
"20104",2313992,65,0,"1",.,"A",.,"A",.,"A",.,"A",.,"A",.,"A",.,"A",.,"A",.,"A",.,"A",.,"A",.,"A",.,"A",.,"A",.,"A"
"20104",2314012,88,0,"1",.,"A",.,"A",.,"A",.,"A",.,"A",.,"A",.,"A",.,"A",.,"A",.,"A",.,"A",.,"A",180,"D",.,"A",.,"A"
"20104",2314022,27,0,"1",.,"A",.,"A",.,"A",.,"A",.,"A",.,"A",.,"A",.,"A",12,"D",0,"D",0,"D",0,"D",.,"A",0,"D",.,"A"
"20104",2314055,56,0,"1",.,"A",.,"A",.,"A",.,"A",.,"A",.,"A",.,"A",.,"A",.,"A",.,"A",.,"A",.,"A",100,"D",.,"A",.,"A"
"20104",2314065,46,0,"1",93,"D",.,"A",.,"A",.,"A",232,"D",200,"D",.,"A",.,"A",.,"A",.,"A",.,"A",.,"A",250,"D",.,"A",.,"A"
"20104",2314072,55,0,"1",.,"A",.,"A",.,"A",.,"A",.,"A",10,"D",208,"D",.,"A",.,"A",0,"D",120,"D",0,"D",.,"A",0,"D",.,"A"
"20104",2314112,36,0,"1",.,"A",.,"A",.,"A",.,"A",.,"A",.,"A",.,"A",.,"A",.,"A",.,"A",.,"A",.,"A",.,"A",.,"A",.,"A"
"20104",2314172,58,0,"1",.,"A",.,"A",.,"A",.,"A",.,"A",.,"A",.,"A",.,"A",.,"A",.,"A",.,"A",.,"A",36,"D",.,"A",.,"A"
"20104",2314182,35,0,"1",.,"A",.,"A",.,"A",.,"A",.,"A",.,"A",637,"D",.,"A",.,"A",.,"A",.,"A",.,"A",.,"A",.,"A",.,"A"
"20104",2314192,70,0,"1",.,"A",.,"A",.,"A",.,"A",.,"A",.,"A",.,"A",.,"A",.,"A",.,"A",.,"A",.,"A",500,"D",.,"A",.,"A"
"20104",2314242,26,0,"1",.,"A",.,"A",.,"A",.,"A",.,"A",.,"A",.,"A",.,"A",.,"A",.,"A",.,"A",.,"A",.,"A",.,"A",.,"A"
"20104",2314262,35,0,"1",.,"A",.,"A",.,"A",.,"A",10,"D",.,"A",.,"A",.,"A",.,"A",.,"A",.,"A",.,"A",.,"A",.,"A",.,"A"
"20104",2314302,28,0,"1",.,"A",.,"A",.,"A",.,"A",.,"A",.,"A",260,"D",.,"A",.,"A",.,"A",.,"A",.,"A",.,"A",.,"A",.,"A"
"20104",2314312,63,0,"1",.,"A",.,"A",.,"A",.,"A",.,"A",.,"A",.,"A",.,"A",15,"D",.,"A",.,"A",.,"A",140,"D",.,"A",.,"A"
"20104",2314325,26,0,"1",.,"A",.,"A",.,"A",.,"A",6,"F",.,"A",.,"A",.,"A",.,"A",120,"D",0,"D",75,"F",.,"A",40,"D",.,"A"
"20104",2314332,64,0,"1",.,"A",.,"A",.,"A",.,"A",.,"A",.,"A",910,"D",.,"A",15,"D",.,"A",.,"A",.,"A",.,"A",.,"A",.,"A"
"20104",2314352,71,0,"1",.,"A",.,"A",.,"A",.,"A",.,"A",.,"A",.,"A",.,"A",.,"A",.,"A",.,"A",.,"A",.,"A",.,"A",.,"A"
"20104",2314362,31,0,"1",.,"A",.,"A",.,"A",.,"A",.,"A",.,"A",.,"A",.,"A",36,"D",0,"D",0,"D",15,"D",25,"D",0,"D",.,"A"
"20104",2314372,40,0,"1",.,"A",.,"A",.,"A",.,"A",50,"D",.,"A",.,"A",.,"A",.,"A",0,"D",0,"D",267,"D",.,"A",0,"D",.,"A"
"20104",2314382,44,0,"1",.,"A",.,"A",.,"A",.,"A",.,"A",.,"A",.,"A",.,"A",21,"D",.,"A",.,"A",.,"A",50,"D",.,"A",.,"A"
"20104",2314422,56,0,"1",.,"A",.,"A",.,"A",.,"A",.,"A",34,"D",.,"A",.,"A",18,"D",.,"A",.,"A",.,"A",120,"D",.,"A",.,"A"
"20104",2314452,71,0,"1",.,"A",.,"A",.,"A",.,"A",.,"A",.,"A",.,"A",.,"A",.,"A",.,"A",.,"A",.,"A",150,"D",.,"A",.,"A"
"20104",2314472,70,0,"1",.,"A",.,"A",.,"A",60,"D",.,"A",48,"D",260,"D",.,"A",75,"D",.,"A",.,"A",.,"A",365,"D",.,"A",.,"A"
"20104",2314492,38,0,"1",.,"A",.,"A",.,"A",.,"A",.,"A",.,"A",650,"D",.,"A",.,"A",.,"A",.,"A",.,"A",50,"D",.,"A",.,"A"
"20104",2314522,35,0,"1",.,"A",.,"A",.,"A",.,"A",.,"A",.,"A",325,"D",.,"A",.,"A",.,"A",.,"A",.,"A",.,"A",.,"A",.,"A"
"20104",2314532,53,0,"1",.,"A",.,"A",.,"A",.,"A",.,"A",50,"D",.,"A",.,"A",.,"A",.,"A",.,"A",.,"A",200,"D",.,"A",.,"A"
"20104",2314542,68,0,"1",.,"A",.,"A",.,"A",.,"A",.,"A",150,"D",.,"A",.,"A",.,"A",.,"A",.,"A",.,"A",900,"D",.,"A",.,"A"
"20104",2314552,30,0,"1",.,"A",.,"A",.,"A",.,"A",95,"F",.,"A",.,"A",.,"A",.,"A",225,"D",0,"D",75,"D",40,"D",75,"D",.,"A"
"20104",2314572,47,0,"1",.,"A",.,"A",.,"A",.,"A",.,"A",.,"A",.,"A",.,"A",.,"A",.,"A",.,"A",.,"A",.,"A",.,"A",.,"A"
"20104",2314602,53,0,"1",.,"A",.,"A",.,"A",.,"A",.,"A",105,"D",.,"A",.,"A",.,"A",.,"A",.,"A",.,"A",90,"D",.,"A",.,"A"
"20104",2314612,40,0,"1",.,"A",.,"A",.,"A",.,"A",.,"A",.,"A",.,"A",.,"A",15,"F",.,"A",.,"A",.,"A",.,"A",.,"A",.,"A"
"20104",2314632,48,0,"1",.,"A",.,"A",.,"A",.,"A",.,"A",.,"A",.,"A",.,"A",.,"A",0,"D",0,"D",15,"D",33,"D",0,"D",.,"A"
"20104",2314642,64,0,"1",.,"A",.,"A",.,"A",.,"A",.,"A",.,"A",.,"A",.,"A",.,"A",.,"A",.,"A",.,"A",70,"D",.,"A",.,"A"
"20104",2314652,39,0,"1",.,"A",.,"A",.,"A",.,"A",.,"A",.,"A",.,"A",.,"A",.,"A",.,"A",.,"A",.,"A",30,"D",.,"A",.,"A"
"20104",2314662,35,0,"1",.,"A",.,"A",.,"A",.,"A",.,"A",.,"A",.,"A",.,"A",.,"A",.,"A",.,"A",.,"A",.,"A",.,"A",.,"A"
"20104",2314682,39,0,"1",.,"A",.,"A",.,"A",.,"A",.,"A",.,"A",.,"A",.,"A",.,"A",0,"D",0,"D",30,"D",160,"D",0,"D",.,"A"
"20104",2314722,80,0,"1",.,"A",.,"A",.,"A",.,"A",.,"A",.,"A",.,"A",.,"A",42,"D",105,"D",0,"D",0,"D",.,"A",35,"D",.,"A"
"20104",2314752,49,0,"1",.,"A",.,"A",.,"A",.,"A",.,"A",.,"A",.,"A",.,"A",.,"A",.,"A",.,"A",.,"A",.,"A",.,"A",.,"A"
"20104",2314782,42,0,"1",.,"A",.,"A",.,"A",.,"A",.,"A",.,"A",.,"A",.,"A",.,"A",.,"A",.,"A",.,"A",120,"D",.,"A",.,"A"
"20104",2314812,56,0,"1",.,"A",.,"A",.,"A",.,"A",.,"A",.,"A",.,"A",.,"A",.,"A",.,"A",.,"A",.,"A",250,"D",.,"A",.,"A"
"20104",2314822,63,0,"1",.,"A",.,"A",.,"A",.,"A",.,"A",300,"D",.,"A",.,"A",.,"A",.,"A",.,"A",.,"A",110,"D",.,"A",.,"A"
"20104",2314832,32,0,"1",.,"A",.,"A",.,"A",.,"A",.,"A",.,"A",325,"D",.,"A",.,"A",.,"A",.,"A",.,"A",.,"A",.,"A",.,"A"
"20104",2314842,45,0,"1",.,"A",.,"A",.,"A",.,"A",.,"A",.,"A",.,"A",.,"A",.,"A",0,"D",0,"D",30,"D",.,"A",0,"D",.,"A"
"20104",2314852,96,0,"1",.,"A",.,"A",.,"A",.,"A",.,"A",.,"A",.,"A",.,"A",.,"A",.,"A",.,"A",.,"A",57,"D",.,"A",.,"A"
"20104",2314902,48,0,"1",.,"A",.,"A",.,"A",.,"A",.,"A",50,"D",.,"A",.,"A",.,"A",.,"A",.,"A",.,"A",250,"D",.,"A",.,"A"
"20104",2314912,47,0,"1",.,"A",.,"A",.,"A",.,"A",.,"A",.,"A",.,"A",.,"A",.,"A",42,"D",0,"D",0,"D",50,"D",14,"D",.,"A"
"20104",2314942,46,0,"1",.,"A",.,"A",.,"A",.,"A",.,"A",.,"A",.,"A",273,"D",.,"A",.,"A",.,"A",.,"A",.,"A",.,"A",.,"A"
"20104",2314992,34,0,"1",.,"A",.,"A",.,"A",.,"A",.,"A",.,"A",.,"A",.,"A",.,"A",.,"A",.,"A",.,"A",50,"D",.,"A",.,"A"
"20104",2315022,82,0,"1",.,"A",.,"A",.,"A",.,"A",.,"A",.,"A",.,"A",.,"A",.,"A",.,"A",.,"A",.,"A",180,"D",.,"A",.,"A"
"20104",2315042,36,0,"1",.,"A",.,"A",.,"A",.,"A",.,"A",.,"A",.,"A",.,"A",.,"A",.,"A",.,"A",.,"A",.,"A",.,"A",.,"A"
"20104",2315052,41,0,"1",.,"A",.,"A",.,"A",.,"A",.,"A",.,"A",.,"A",.,"A",.,"A",.,"A",.,"A",.,"A",225,"D",.,"A",.,"A"
"20104",2315062,97,0,"1",.,"A",.,"A",.,"A",.,"A",.,"A",.,"A",.,"A",.,"A",.,"A",.,"A",.,"A",.,"A",166,"D",.,"A",.,"A"
"20104",2315072,59,0,"1",.,"A",.,"A",.,"A",.,"A",.,"A",.,"A",520,"D",.,"A",.,"A",.,"A",.,"A",.,"A",40,"D",.,"A",.,"A"
"20104",2315102,34,0,"1",.,"A",.,"A",.,"A",.,"A",.,"A",.,"A",455,"D",.,"A",.,"A",.,"A",.,"A",.,"A",.,"A",.,"A",.,"A"
"20104",2315113,56,0,"1",.,"A",.,"A",.,"A",.,"A",.,"A",.,"A",.,"A",.,"A",.,"A",.,"A",.,"A",.,"A",.,"A",.,"A",.,"A"
"20104",2315152,24,0,"1",.,"A",.,"A",.,"A",45,"D",.,"A",.,"A",.,"A",.,"A",.,"A",0,"D",0,"D",12,"D",20,"D",0,"D",.,"A"
"20104",2315162,33,0,"1",.,"A",.,"A",.,"A",.,"A",.,"A",.,"A",91,"D",.,"A",.,"A",.,"A",.,"A",.,"A",60,"D",.,"A",.,"A"
"20104",2315172,48,0,"1",.,"A",.,"A",.,"A",364,"D",.,"A",90,"D",195,"D",.,"A",45,"D",120,"D",0,"D",0,"D",150,"D",40,"D",.,"A"
"20104",2315202,48,0,"1",.,"A",.,"A",.,"A",.,"A",.,"A",.,"A",.,"A",.,"A",.,"A",.,"A",.,"A",.,"A",.,"A",.,"A",.,"A"
"20104",2315212,42,0,"1",.,"A",.,"A",.,"A",.,"A",.,"A",.,"A",390,"D",.,"A",.,"A",.,"A",.,"A",.,"A",150,"D",.,"A",.,"A"
"20104",2315272,42,0,"1",.,"A",.,"A",.,"A",.,"A",.,"A",.,"A",.,"A",.,"A",.,"A",.,"A",.,"A",.,"A",318,"D",.,"A",.,"A"
"20104",2315282,49,0,"1",.,"A",.,"A",.,"A",.,"A",.,"A",.,"A",.,"A",.,"A",.,"A",.,"A",.,"A",.,"A",150,"D",.,"A",.,"A"
"20104",2315302,43,0,"1",.,"A",.,"A",.,"A",.,"A",35,"D",35,"D",182,"D",.,"A",.,"A",.,"A",.,"A",.,"A",.,"A",.,"A",.,"A"
"20104",2315362,29,0,"1",.,"A",.,"A",.,"A",.,"A",.,"A",.,"A",390,"D",.,"A",24,"D",0,"D",0,"D",0,"D",30,"D",0,"D",.,"A"
"20104",2315422,75,0,"1",.,"A",.,"A",.,"A",.,"A",.,"A",.,"A",.,"A",.,"A",.,"A",.,"A",.,"A",.,"A",68,"D",.,"A",.,"A"
"20104",2315442,32,0,"1",.,"A",.,"A",.,"A",.,"A",.,"A",.,"A",585,"D",.,"A",.,"A",.,"A",.,"A",.,"A",55,"D",.,"A",.,"A"
"20104",2315462,32,0,"1",.,"A",.,"A",.,"A",.,"A",.,"A",.,"A",.,"A",.,"A",.,"A",.,"A",.,"A",.,"A",197,"D",.,"A",.,"A"
"20104",2315505,34,0,"1",.,"A",.,"A",.,"A",.,"A",.,"A",.,"A",.,"A",.,"A",.,"A",.,"A",.,"A",.,"A",.,"A",.,"A",.,"A"
"20104",2315512,66,0,"1",.,"A",.,"A",.,"A",.,"A",.,"A",.,"A",182,"D",.,"A",.,"A",.,"A",.,"A",.,"A",5,"D",.,"A",.,"A"
"20104",2315522,36,0,"1",.,"A",.,"A",.,"A",.,"A",.,"A",.,"A",.,"A",.,"A",.,"A",750,"D",0,"D",0,"D",.,"A",250,"D",.,"A"
"20104",2315532,42,0,"1",.,"A",.,"A",.,"A",.,"A",30,"D",.,"A",.,"A",.,"A",.,"A",0,"D",0,"D",0,"D",30,"D",0,"D",.,"A"
"20104",2315542,41,0,"1",.,"A",.,"A",.,"A",.,"A",.,"A",.,"A",.,"A",.,"A",.,"A",.,"A",.,"A",.,"A",25,"D",.,"A",.,"A"
"20104",2315554,44,0,"1",.,"A",.,"A",.,"A",10,"D",80,"D",.,"A",.,"A",.,"A",.,"A",.,"A",.,"A",.,"A",.,"A",.,"A",.,"A"
"20104",2315562,49,0,"1",.,"A",.,"A",.,"A",.,"A",.,"A",.,"A",.,"A",.,"A",.,"A",.,"A",.,"A",.,"A",.,"A",.,"A",.,"A"
"20104",2315582,49,0,"1",.,"A",.,"A",.,"A",.,"A",.,"A",15,"D",.,"A",.,"A",.,"A",0,"D",0,"D",15,"D",.,"A",0,"D",.,"A"
"20104",2315602,47,0,"1",.,"A",.,"A",.,"A",.,"A",.,"A",.,"A",.,"A",.,"A",.,"A",.,"A",.,"A",.,"A",.,"A",.,"A",.,"A"
"20104",2315612,61,0,"1",.,"A",.,"A",.,"A",.,"A",.,"A",20,"D",.,"A",.,"A",.,"A",.,"A",.,"A",.,"A",65,"D",.,"A",.,"A"
"20104",2315622,39,0,"1",.,"A",.,"A",.,"A",.,"A",.,"A",.,"A",.,"A",.,"A",.,"A",.,"A",.,"A",.,"A",83,"D",.,"A",.,"A"
"20104",2315632,37,0,"1",.,"A",.,"A",.,"A",.,"A",.,"A",.,"A",.,"A",.,"A",.,"A",.,"A",.,"A",.,"A",35,"D",.,"A",.,"A"
"20104",2315642,29,0,"1",.,"A",.,"A",.,"A",.,"A",.,"A",.,"A",.,"A",.,"A",.,"A",.,"A",.,"A",.,"A",.,"A",.,"A",.,"A"
"20104",2315652,57,0,"1",.,"A",.,"A",60,"D",.,"A",.,"A",.,"A",.,"A",.,"A",.,"A",.,"A",.,"A",.,"A",.,"A",.,"A",.,"A"
"20104",2315682,29,0,"1",2,"D",.,"A",.,"A",.,"A",3,"D",.,"A",1300,"D",.,"A",.,"A",0,"D",0,"D",90,"D",20,"D",0,"D",.,"A"
"20104",2315692,30,0,"1",.,"A",.,"A",.,"A",.,"A",.,"A",.,"A",.,"A",.,"A",.,"A",.,"A",.,"A",.,"A",.,"A",.,"A",.,"A"
"20104",2315702,33,0,"1",9,"D",.,"A",.,"A",.,"A",21,"D",.,"A",.,"A",.,"A",.,"A",.,"A",.,"A",.,"A",28,"D",.,"A",.,"A"
"20104",2315732,39,0,"1",.,"A",.,"A",.,"A",.,"A",.,"A",.,"A",.,"A",.,"A",.,"A",.,"A",.,"A",.,"A",60,"D",.,"A",.,"A"
"20104",2315752,53,0,"1",.,"A",.,"A",.,"A",.,"A",.,"A",50,"D",65,"D",.,"A",.,"A",.,"A",.,"A",.,"A",.,"A",.,"A",.,"A"
"20104",2315782,35,0,"1",.,"A",.,"A",.,"A",.,"A",.,"A",.,"A",.,"A",.,"A",.,"A",.,"A",.,"A",.,"A",30,"D",.,"A",.,"A"
"20104",2315792,46,0,"1",.,"A",.,"A",.,"A",.,"A",.,"A",.,"A",.,"A",.,"A",.,"A",.,"A",.,"A",.,"A",60,"D",.,"A",.,"A"
"20104",2315802,21,0,"1",.,"A",.,"A",.,"A",.,"A",.,"A",.,"A",.,"A",.,"A",.,"A",.,"A",.,"A",.,"A",.,"A",.,"A",.,"A"
"20104",2315822,32,0,"1",.,"A",.,"A",.,"A",.,"A",20,"D",.,"A",.,"A",.,"A",.,"A",.,"A",.,"A",.,"A",.,"A",.,"A",.,"A"
"20104",2315842,70,0,"1",.,"A",.,"A",.,"A",.,"A",.,"A",240,"D",143,"D",.,"A",24,"D",.,"A",.,"A",.,"A",120,"D",.,"A",.,"A"
"20104",2315852,74,0,"1",.,"A",.,"A",.,"A",.,"A",.,"A",.,"A",.,"A",.,"A",.,"A",.,"A",.,"A",.,"A",100,"D",.,"A",.,"A"
"20104",2315862,59,0,"1",.,"A",.,"A",.,"A",.,"A",.,"A",20,"D",.,"A",.,"A",.,"A",.,"A",.,"A",.,"A",.,"A",.,"A",.,"A"
"20104",2315882,36,0,"1",.,"A",.,"A",.,"A",.,"A",.,"A",.,"A",364,"D",.,"A",.,"A",.,"A",.,"A",.,"A",.,"A",.,"A",.,"A"
"20104",2315892,29,0,"1",.,"A",.,"A",.,"A",.,"A",.,"A",.,"A",.,"A",.,"A",.,"A",.,"A",.,"A",.,"A",.,"A",.,"A",.,"A"
"20104",2315932,37,0,"1",.,"A",.,"A",.,"A",.,"A",.,"A",.,"A",.,"A",.,"A",.,"A",.,"A",.,"A",.,"A",75,"D",.,"A",.,"A"
"20104",2315952,130,0,"1",.,"A",.,"A",.,"A",.,"A",.,"A",.,"A",.,"A",65,"D",.,"A",0,"D",0,"D",0,"D",70,"D",0,"D",.,"A"
"20104",2316042,52,0,"1",.,"A",.,"A",.,"A",.,"A",.,"A",40,"D",.,"A",.,"A",.,"A",.,"A",.,"A",.,"A",160,"D",.,"A",.,"A"
"20104",2316082,96,0,"1",.,"A",.,"A",.,"A",.,"A",.,"A",.,"A",390,"D",.,"A",.,"A",.,"A",.,"A",.,"A",50,"D",.,"A",.,"A"
"20104",2316092,34,0,"1",.,"A",.,"A",.,"A",.,"A",.,"A",.,"A",65,"D",.,"A",.,"A",.,"A",.,"A",.,"A",.,"A",.,"A",.,"A"
"20104",2316124,67,0,"1",.,"A",.,"A",.,"A",.,"A",.,"A",.,"A",.,"A",.,"A",.,"A",.,"A",.,"A",.,"A",.,"A",.,"A",.,"A"
"20104",2316152,36,0,"1",.,"A",.,"A",.,"A",.,"A",.,"A",100,"D",546,"D",.,"A",.,"A",.,"A",.,"A",.,"A",80,"D",.,"A",.,"A"
"20104",2316162,36,0,"1",.,"A",.,"A",.,"A",.,"A",.,"A",20,"D",.,"A",.,"A",.,"A",.,"A",.,"A",.,"A",35,"D",.,"A",.,"A"
"20104",2316172,34,0,"1",.,"A",.,"A",.,"A",.,"A",.,"A",.,"A",.,"A",.,"A",.,"A",.,"A",.,"A",.,"A",.,"A",.,"A",.,"A"
"20104",2316182,62,0,"1",.,"A",.,"A",.,"A",.,"A",.,"A",.,"A",.,"A",520,"D",30,"D",.,"A",.,"A",.,"A",305,"D",.,"A",.,"A"
"20104",2316222,30,0,"1",.,"A",.,"A",.,"A",.,"A",.,"A",.,"A",.,"A",.,"A",.,"A",.,"A",.,"A",.,"A",.,"A",.,"A",.,"A"
"20104",2316244,26,0,"1",.,"A",.,"A",.,"A",.,"A",.,"A",.,"A",546,"D",.,"A",.,"A",.,"A",.,"A",.,"A",.,"A",.,"A",.,"A"
"20104",2316272,85,0,"1",.,"A",.,"A",.,"A",.,"A",.,"A",90,"D",.,"A",.,"A",.,"A",.,"A",.,"A",.,"A",200,"D",.,"A",.,"A"
"20104",2316282,35,0,"1",.,"A",.,"A",.,"A",.,"A",.,"A",.,"A",910,"D",.,"A",.,"A",.,"A",.,"A",.,"A",.,"A",.,"A",.,"A"
"20104",2316292,44,0,"1",.,"A",.,"A",.,"A",.,"A",.,"A",.,"A",585,"D",.,"A",.,"A",.,"A",.,"A",.,"A",.,"A",.,"A",.,"A"
"20104",2316342,22,0,"1",.,"A",.,"A",.,"A",.,"A",.,"A",.,"A",.,"A",.,"A",.,"A",.,"A",.,"A",.,"A",.,"A",.,"A",.,"A"
"20104",2316352,25,0,"1",10,"D",.,"A",.,"A",45,"D",40,"D",.,"A",195,"D",13,"D",.,"A",0,"D",0,"D",252,"D",180,"D",0,"D",.,"A"
"20104",2316392,49,0,"1",.,"A",.,"A",.,"A",.,"A",.,"A",.,"A",.,"A",.,"A",.,"A",.,"A",.,"A",.,"A",.,"A",.,"A",.,"A"
"20104",2316422,68,0,"1",.,"A",.,"A",.,"A",.,"A",.,"A",.,"A",260,"D",.,"A",.,"A",.,"A",.,"A",.,"A",45,"D",.,"A",.,"A"
"20104",2316442,36,0,"1",.,"A",.,"A",.,"A",.,"A",.,"A",.,"A",130,"D",.,"A",.,"A",.,"A",.,"A",.,"A",.,"A",.,"A",.,"A"
"20104",2316452,46,0,"1",.,"A",.,"A",.,"A",.,"A",200,"D",20,"D",.,"A",.,"A",9,"D",252,"D",0,"D",0,"D",182,"D",84,"D",.,"A"
"20104",2316472,105,0,"1",.,"A",.,"A",.,"A",.,"A",.,"A",60,"D",.,"A",.,"A",12,"D",.,"A",.,"A",.,"A",210,"D",.,"A",.,"A"
"20104",2316492,65,0,"1",.,"A",.,"A",.,"A",.,"A",.,"A",120,"D",78,"D",.,"A",.,"A",.,"A",.,"A",.,"A",450,"D",.,"A",.,"A"
"20104",2316502,40,0,"1",.,"A",.,"A",.,"A",.,"A",.,"A",.,"A",260,"D",.,"A",.,"A",.,"A",.,"A",.,"A",25,"D",.,"A",.,"A"
"20104",2316552,29,0,"1",.,"A",.,"A",.,"A",.,"A",.,"A",.,"A",.,"A",.,"A",.,"A",450,"D",0,"D",0,"D",.,"A",150,"D",.,"A"
"20104",2316572,35,0,"1",.,"A",.,"A",.,"A",.,"A",.,"A",.,"A",.,"A",.,"A",.,"A",.,"A",.,"A",.,"A",.,"A",.,"A",.,"A"
"20104",2316592,39,0,"1",.,"A",.,"A",.,"A",.,"A",30,"D",35,"D",.,"A",.,"A",.,"A",.,"A",.,"A",.,"A",20,"D",.,"A",.,"A"
"20104",2316632,38,0,"1",.,"A",.,"A",.,"A",.,"A",.,"A",.,"A",325,"D",.,"A",.,"A",.,"A",.,"A",.,"A",300,"D",.,"A",.,"A"
"20104",2316672,33,0,"1",.,"A",.,"A",.,"A",.,"A",.,"A",.,"A",.,"A",.,"A",.,"A",.,"A",.,"A",.,"A",.,"A",.,"A",.,"A"
"20104",2316682,50,0,"1",.,"A",.,"A",.,"A",.,"A",.,"A",30,"D",.,"A",.,"A",.,"A",.,"A",.,"A",.,"A",200,"D",.,"A",.,"A"
"20104",2316692,42,0,"1",.,"A",.,"A",.,"A",.,"A",.,"A",.,"A",.,"A",.,"A",.,"A",.,"A",.,"A",.,"A",.,"A",.,"A",.,"A"
"20104",2316722,46,0,"1",.,"A",.,"A",.,"A",.,"A",.,"A",.,"A",.,"A",.,"A",.,"A",.,"A",.,"A",.,"A",210,"D",.,"A",.,"A"
"20104",2316732,70,0,"1",.,"A",.,"A",.,"A",.,"A",.,"A",.,"A",.,"A",.,"A",.,"A",.,"A",.,"A",.,"A",300,"D",.,"A",.,"A"
"20104",2316742,24,0,"1",.,"A",.,"A",.,"A",.,"A",.,"A",.,"A",169,"D",.,"A",.,"A",.,"A",.,"A",.,"A",.,"A",.,"A",.,"A"
"20104",2316762,44,0,"1",.,"A",.,"A",.,"A",.,"A",.,"A",.,"A",.,"A",.,"A",.,"A",.,"A",.,"A",.,"A",80,"D",.,"A",.,"A"
"20104",2316782,29,0,"1",.,"A",.,"A",.,"A",.,"A",.,"A",.,"A",.,"A",.,"A",9,"D",0,"D",0,"D",0,"D",13,"D",0,"D",.,"A"
"20104",2316802,72,0,"1",.,"A",.,"A",.,"A",.,"A",.,"A",180,"D",.,"A",.,"A",6,"D",.,"A",.,"A",.,"A",.,"A",.,"A",.,"A"
"20104",2316822,36,0,"1",.,"A",.,"A",.,"A",.,"A",10,"D",17,"D",.,"A",.,"A",15,"D",.,"A",.,"A",.,"A",70,"D",.,"A",.,"A"
"20104",2316832,29,0,"1",.,"A",.,"A",.,"A",.,"A",.,"A",.,"A",.,"A",.,"A",.,"A",.,"A",.,"A",.,"A",30,"D",.,"A",.,"A"
"20104",2316872,24,0,"1",.,"A",.,"A",.,"A",.,"A",.,"A",.,"A",.,"A",.,"A",.,"A",0,"D",0,"D",0,"D",.,"A",0,"D",.,"A"
"20104",2316882,44,0,"1",.,"A",.,"A",.,"A",.,"A",.,"A",.,"A",.,"A",.,"A",.,"A",.,"A",.,"A",.,"A",.,"A",.,"A",.,"A"
"20104",2316902,35,0,"1",2,"D",.,"A",.,"A",.,"A",5,"D",9,"D",.,"A",.,"A",.,"A",.,"A",.,"A",.,"A",12,"D",.,"A",.,"A"
"20104",2316922,38,0,"1",.,"A",.,"A",.,"A",.,"A",.,"A",.,"A",.,"A",.,"A",.,"A",.,"A",.,"A",.,"A",200,"D",.,"A",.,"A"
"20104",2316944,36,0,"1",.,"A",.,"A",.,"A",.,"A",.,"A",.,"A",.,"A",.,"A",.,"A",.,"A",.,"A",.,"A",60,"D",.,"A",.,"A"
"20104",2316992,43,0,"1",.,"A",.,"A",.,"A",.,"A",.,"A",.,"A",.,"A",39,"D",.,"A",.,"A",.,"A",.,"A",.,"A",.,"A",.,"A"
"20104",2317022,28,0,"1",.,"A",.,"A",.,"A",.,"A",240,"D",.,"A",650,"D",.,"A",.,"A",360,"D",0,"D",0,"D",.,"A",120,"D",.,"A"
"20104",2317042,43,0,"1",.,"A",.,"A",.,"A",.,"A",.,"A",.,"A",.,"A",.,"A",.,"A",.,"A",.,"A",.,"A",300,"D",.,"A",.,"A"
"20104",2317052,29,0,"1",.,"A",.,"A",.,"A",.,"A",.,"A",.,"A",.,"A",.,"A",.,"A",.,"A",.,"A",.,"A",.,"A",.,"A",.,"A"
"20104",2317062,32,0,"1",.,"A",.,"A",.,"A",.,"A",.,"A",.,"A",.,"A",.,"A",.,"A",.,"A",.,"A",.,"A",.,"A",.,"A",.,"A"
"20104",2317072,47,0,"1",.,"A",.,"A",.,"A",.,"A",.,"A",.,"A",.,"A",.,"A",.,"A",.,"A",.,"A",.,"A",44,"D",.,"A",.,"A"
"20104",2317082,68,0,"1",.,"A",.,"A",.,"A",.,"A",.,"A",.,"A",.,"A",.,"A",.,"A",.,"A",.,"A",.,"A",207,"D",.,"A",.,"A"
"20104",2317093,32,0,"1",.,"A",.,"A",.,"A",.,"A",80,"D",.,"A",.,"A",.,"A",30,"D",.,"A",.,"A",.,"A",50,"D",.,"A",.,"A"
"20104",2317162,67,0,"1",.,"A",.,"A",.,"A",.,"A",.,"A",9,"D",390,"D",.,"A",.,"A",0,"D",0,"D",90,"D",120,"D",0,"D",.,"A"
"20104",2317172,53,0,"1",.,"A",.,"A",.,"A",.,"A",.,"A",.,"A",.,"A",455,"D",.,"A",.,"A",.,"A",.,"A",15,"D",.,"A",.,"A"
"20104",2317182,47,0,"1",.,"A",.,"A",.,"A",.,"A",.,"A",240,"D",.,"A",.,"A",.,"A",.,"A",.,"A",.,"A",600,"D",.,"A",.,"A"
"20104",2317202,48,0,"1",.,"A",.,"A",.,"A",.,"A",.,"A",.,"A",.,"A",.,"A",.,"A",.,"A",.,"A",.,"A",300,"D",.,"A",.,"A"
"20104",2317212,61,0,"1",.,"A",.,"A",.,"A",.,"A",.,"A",.,"A",.,"A",.,"A",.,"A",.,"A",.,"A",.,"A",150,"D",.,"A",.,"A"
"20104",2317232,61,0,"1",.,"A",.,"A",.,"A",.,"A",.,"A",.,"A",.,"A",.,"A",.,"A",.,"A",.,"A",.,"A",120,"D",.,"A",.,"A"
"20104",2317262,69,0,"1",.,"A",.,"A",.,"A",.,"A",.,"A",.,"A",.,"A",.,"A",.,"A",.,"A",.,"A",.,"A",.,"A",.,"A",.,"A"
"20104",2317292,30,0,"1",.,"A",.,"A",.,"A",.,"A",.,"A",.,"A",.,"A",.,"A",.,"A",.,"A",.,"A",.,"A",60,"D",.,"A",.,"A"
"20104",2317302,57,0,"1",.,"A",.,"A",.,"A",.,"A",.,"A",.,"A",.,"A",.,"A",.,"A",.,"A",.,"A",.,"A",.,"A",.,"A",.,"A"
"20104",2317322,48,0,"1",.,"A",.,"A",.,"A",.,"A",.,"A",.,"A",.,"A",.,"A",.,"A",.,"A",.,"A",.,"A",.,"A",.,"A",.,"A"
"20104",2317332,44,0,"1",60,"D",.,"A",.,"A",.,"A",60,"D",.,"A",.,"A",.,"A",.,"A",.,"A",.,"A",.,"A",15,"D",.,"A",.,"A"
"20104",2317342,82,0,"1",.,"A",.,"A",.,"A",.,"A",.,"A",15,"D",.,"A",.,"A",.,"A",.,"A",.,"A",.,"A",250,"D",.,"A",.,"A"
"20104",2317352,42,0,"1",.,"A",.,"A",.,"A",.,"A",.,"A",.,"A",520,"D",.,"A",.,"A",.,"A",.,"A",.,"A",150,"D",.,"A",.,"A"
"20104",2317402,28,0,"1",.,"A",.,"A",.,"A",.,"A",.,"A",.,"A",.,"A",.,"A",.,"A",.,"A",.,"A",.,"A",.,"A",.,"A",.,"A"
"20104",2317412,23,0,"1",9,"D",.,"A",.,"A",.,"A",21,"D",.,"A",.,"A",.,"A",.,"A",.,"A",.,"A",.,"A",.,"A",.,"A",.,"A"
"20104",2317472,46,0,"1",.,"A",.,"A",.,"A",.,"A",.,"A",.,"A",.,"A",.,"A",.,"A",.,"A",.,"A",.,"A",12,"D",.,"A",.,"A"
"20104",2317482,62,0,"1",.,"A",.,"A",.,"A",.,"A",.,"A",.,"A",390,"D",130,"D",.,"A",.,"A",.,"A",.,"A",25,"D",.,"A",.,"A"
"20104",2317492,44,0,"1",.,"A",.,"A",.,"A",.,"A",10,"D",.,"A",390,"D",.,"A",18,"D",.,"A",.,"A",.,"A",45,"D",.,"A",.,"A"
"20104",2317502,31,0,"1",.,"A",.,"A",.,"A",.,"A",.,"A",.,"A",.,"A",.,"A",.,"A",.,"A",.,"A",.,"A",182,"D",.,"A",.,"A"
"20104",2317512,65,0,"1",.,"A",.,"A",.,"A",.,"A",.,"A",10,"D",1950,"D",.,"A",.,"A",.,"A",.,"A",.,"A",320,"D",.,"A",.,"A"
"20104",2317522,67,0,"1",.,"A",.,"A",.,"A",.,"A",.,"A",.,"A",.,"A",.,"A",.,"A",.,"A",.,"A",.,"A",23,"D",.,"A",.,"A"
"20104",2317542,46,0,"1",.,"A",.,"A",.,"A",.,"A",.,"A",.,"A",156,"D",.,"A",15,"D",.,"A",.,"A",.,"A",.,"A",.,"A",.,"A"
"20104",2317552,42,0,"1",.,"A",.,"A",.,"A",.,"A",.,"A",.,"A",.,"A",.,"A",.,"A",.,"A",.,"A",.,"A",60,"D",.,"A",.,"A"
"20104",2317594,69,0,"1",.,"A",.,"A",.,"A",.,"A",.,"A",30,"D",.,"A",.,"A",.,"A",.,"A",.,"A",.,"A",350,"D",.,"A",.,"A"
"20104",2317602,35,0,"1",.,"A",.,"A",.,"A",.,"A",20,"D",.,"A",.,"A",.,"A",.,"A",.,"A",.,"A",.,"A",180,"D",.,"A",.,"A"
"20104",2317612,52,0,"1",.,"A",.,"A",.,"A",.,"A",.,"A",.,"A",.,"A",.,"A",12,"D",.,"A",.,"A",.,"A",250,"D",.,"A",.,"A"
"20104",2317622,128,0,"1",.,"A",.,"A",.,"A",.,"A",.,"A",55,"D",.,"A",.,"A",30,"D",.,"A",.,"A",.,"A",1275,"D",.,"A",.,"A"
"20104",2317632,29,0,"1",.,"A",.,"A",.,"A",.,"A",100,"D",.,"A",.,"A",.,"A",.,"A",.,"A",.,"A",.,"A",20,"D",.,"A",.,"A"
"20104",2317642,29,0,"1",.,"A",.,"A",.,"A",.,"A",30,"D",.,"A",.,"A",.,"A",.,"A",.,"A",.,"A",.,"A",.,"A",.,"A",.,"A"
"20104",2317662,56,0,"1",.,"A",.,"A",.,"A",.,"A",.,"A",.,"A",.,"A",.,"A",.,"A",.,"A",.,"A",.,"A",.,"A",.,"A",.,"A"
"20104",2317712,45,0,"1",.,"A",.,"A",.,"A",.,"A",.,"A",.,"A",.,"A",.,"A",.,"A",.,"A",.,"A",.,"A",.,"A",.,"A",.,"A"
"20104",2317742,33,0,"1",.,"A",.,"A",.,"A",.,"A",.,"A",.,"A",130,"D",.,"A",.,"A",.,"A",.,"A",.,"A",.,"A",.,"A",.,"A"
"20104",2317752,57,0,"1",.,"A",.,"A",.,"A",.,"A",.,"A",240,"D",.,"A",.,"A",.,"A",.,"A",.,"A",.,"A",100,"D",.,"A",.,"A"
"20104",2317762,31,0,"1",.,"A",.,"A",.,"A",.,"A",.,"A",.,"A",156,"D",.,"A",.,"A",.,"A",.,"A",.,"A",.,"A",.,"A",.,"A"
"20104",2317782,40,0,"1",.,"A",.,"A",.,"A",.,"A",45,"D",.,"A",.,"A",.,"A",.,"A",.,"A",.,"A",.,"A",100,"D",.,"A",.,"A"
"20104",2317822,63,0,"1",.,"A",.,"A",.,"A",.,"A",.,"A",.,"A",.,"A",.,"A",.,"A",.,"A",.,"A",.,"A",276,"D",.,"A",.,"A"
"20104",2317852,35,0,"1",.,"A",.,"A",.,"A",.,"A",.,"A",.,"A",.,"A",.,"A",.,"A",.,"A",.,"A",.,"A",.,"A",.,"A",.,"A"
"20104",2317872,42,0,"1",.,"A",.,"A",.,"A",40,"D",.,"A",.,"A",.,"A",.,"A",.,"A",.,"A",.,"A",.,"A",90,"D",.,"A",.,"A"
"20104",2317882,137,0,"1",.,"A",.,"A",.,"A",.,"A",.,"A",150,"D",.,"A",.,"A",150,"D",.,"A",.,"A",.,"A",800,"D",.,"A",.,"A"
"20104",2317892,52,0,"1",.,"A",.,"A",.,"A",.,"A",.,"A",.,"A",312,"D",.,"A",.,"A",.,"A",.,"A",.,"A",50,"D",.,"A",.,"A"
"20104",2317902,27,0,"1",.,"A",.,"A",.,"A",.,"A",.,"A",.,"A",1300,"D",.,"A",.,"A",.,"A",.,"A",.,"A",.,"A",.,"A",.,"A"
"20104",2317922,32,0,"1",.,"A",.,"A",.,"A",.,"A",.,"A",.,"A",130,"D",.,"A",.,"A",.,"A",.,"A",.,"A",.,"A",.,"A",.,"A"
"20104",2317954,47,0,"1",.,"A",.,"A",.,"A",.,"A",.,"A",.,"A",260,"D",.,"A",42,"D",.,"A",.,"A",.,"A",30,"D",.,"A",.,"A"
"20104",2317972,43,0,"1",.,"A",.,"A",.,"A",.,"A",.,"A",.,"A",.,"A",.,"A",.,"A",.,"A",.,"A",.,"A",.,"A",.,"A",.,"A"
"20104",2318012,60,0,"1",.,"A",.,"A",.,"A",.,"A",.,"A",.,"A",.,"A",.,"A",.,"A",.,"A",.,"A",.,"A",300,"D",.,"A",.,"A"
"20104",2318022,75,0,"1",.,"A",.,"A",.,"A",.,"A",20,"D",30,"D",325,"D",.,"A",.,"A",.,"A",.,"A",.,"A",84,"D",.,"A",.,"A"
"20104",2318042,67,0,"1",.,"A",.,"A",.,"A",.,"A",.,"A",.,"A",.,"A",.,"A",30,"D",.,"A",.,"A",.,"A",700,"D",.,"A",.,"A"
"20104",2318072,30,0,"1",.,"A",.,"A",.,"A",.,"A",.,"A",.,"A",.,"A",.,"A",.,"A",.,"A",.,"A",.,"A",100,"D",.,"A",.,"A"
"20104",2318082,37,0,"1",.,"A",.,"A",.,"A",.,"A",80,"D",.,"A",.,"A",.,"A",.,"A",.,"A",.,"A",.,"A",.,"A",.,"A",.,"A"
"20104",2318102,46,0,"1",.,"A",.,"A",.,"A",.,"A",.,"A",.,"A",.,"A",.,"A",.,"A",.,"A",.,"A",.,"A",200,"D",.,"A",.,"A"
"20104",2318112,57,0,"1",.,"A",.,"A",.,"A",.,"A",.,"A",.,"A",.,"A",.,"A",.,"A",.,"A",.,"A",.,"A",70,"D",.,"A",.,"A"
"20104",2318132,68,0,"1",.,"A",.,"A",.,"A",.,"A",.,"A",.,"A",.,"A",.,"A",.,"A",.,"A",.,"A",.,"A",30,"D",.,"A",.,"A"
"20104",2318142,37,0,"1",.,"A",.,"A",.,"A",.,"A",.,"A",.,"A",.,"A",.,"A",.,"A",.,"A",.,"A",.,"A",.,"A",.,"A",.,"A"
"20104",2318172,27,0,"1",.,"A",.,"A",.,"A",.,"A",120,"F",.,"A",.,"A",.,"A",.,"A",.,"A",.,"A",.,"A",.,"A",.,"A",.,"A"
"20104",2318192,27,0,"1",.,"A",.,"A",.,"A",.,"A",.,"A",.,"A",.,"A",.,"A",.,"A",252,"D",0,"D",0,"D",32,"D",84,"D",170,"D"
"20104",2318202,46,0,"1",.,"A",.,"A",.,"A",.,"A",.,"A",.,"A",.,"A",.,"A",60,"D",.,"A",.,"A",.,"A",15,"D",.,"A",.,"A"
"20104",2318222,55,0,"1",10,"D",.,"A",.,"A",.,"A",0,"D",.,"A",520,"D",.,"A",.,"A",.,"A",.,"A",.,"A",60,"D",.,"A",.,"A"
"20104",2318232,47,0,"1",.,"A",.,"A",.,"A",.,"A",.,"A",.,"A",715,"D",.,"A",.,"A",.,"A",.,"A",.,"A",.,"A",.,"A",.,"A"
"20104",2318252,64,0,"1",.,"A",.,"A",.,"A",.,"A",.,"A",.,"A",.,"A",.,"A",.,"A",.,"A",.,"A",.,"A",.,"A",.,"A",.,"A"
"20104",2318262,43,0,"1",.,"A",.,"A",.,"A",.,"A",.,"A",.,"A",.,"A",.,"A",.,"A",.,"A",.,"A",.,"A",.,"A",.,"A",.,"A"
"20104",2318272,41,0,"1",.,"A",.,"A",.,"A",.,"A",.,"A",.,"A",.,"A",.,"A",.,"A",.,"A",.,"A",.,"A",.,"A",.,"A",.,"A"
"20104",2318292,51,0,"1",.,"A",.,"A",.,"A",.,"A",.,"A",.,"A",.,"A",.,"A",.,"A",.,"A",.,"A",.,"A",.,"A",.,"A",.,"A"
"20104",2318302,50,0,"1",.,"A",.,"A",.,"A",.,"A",.,"A",.,"A",.,"A",.,"A",15,"D",.,"A",.,"A",.,"A",15,"D",.,"A",.,"A"
"20104",2318312,66,0,"1",.,"A",.,"A",.,"A",.,"A",.,"A",.,"A",.,"A",.,"A",.,"A",.,"A",.,"A",.,"A",125,"D",.,"A",.,"A"
"20104",2318322,52,0,"1",.,"A",.,"A",.,"A",.,"A",.,"A",.,"A",.,"A",.,"A",18,"D",.,"A",.,"A",.,"A",.,"A",.,"A",.,"A"
"20104",2318332,56,0,"1",.,"A",.,"A",140,"D",.,"A",.,"A",5,"D",.,"A",.,"A",.,"A",.,"A",.,"A",.,"A",125,"D",.,"A",.,"A"
"20104",2318382,83,0,"1",.,"A",.,"A",15,"F",.,"A",.,"A",.,"A",.,"A",.,"A",.,"A",.,"A",.,"A",.,"A",250,"D",.,"A",.,"A"
"20104",2318402,69,0,"1",.,"A",.,"A",.,"A",.,"A",.,"A",.,"A",.,"A",.,"A",.,"A",.,"A",.,"A",.,"A",75,"D",.,"A",.,"A"
"20104",2318412,39,0,"1",.,"A",.,"A",.,"A",.,"A",.,"A",.,"A",416,"D",.,"A",.,"A",.,"A",.,"A",.,"A",30,"D",.,"A",.,"A"
"20104",2318422,57,0,"1",.,"A",.,"A",.,"A",.,"A",.,"A",.,"A",.,"A",.,"A",.,"A",.,"A",.,"A",.,"A",40,"D",.,"A",.,"A"
"20104",2318432,47,0,"1",.,"A",.,"A",.,"A",.,"A",.,"A",.,"A",.,"A",.,"A",.,"A",.,"A",.,"A",.,"A",22,"D",.,"A",.,"A"
"20104",2318442,55,0,"1",.,"A",.,"A",.,"A",.,"A",.,"A",.,"A",1690,"D",.,"A",.,"A",.,"A",.,"A",.,"A",.,"A",.,"A",.,"A"
"20104",2318452,60,0,"1",.,"A",.,"A",.,"A",.,"A",.,"A",80,"D",.,"A",.,"A",.,"A",.,"A",.,"A",.,"A",420,"D",.,"A",.,"A"
"20104",2318462,69,0,"1",.,"A",.,"A",.,"A",.,"A",.,"A",.,"A",.,"A",.,"A",6,"D",.,"A",.,"A",.,"A",150,"D",.,"A",.,"A"
"20104",2318492,66,0,"1",.,"A",.,"A",.,"A",.,"A",.,"A",.,"A",.,"A",.,"A",.,"A",.,"A",.,"A",.,"A",100,"D",.,"A",.,"A"
"20104",2318502,85,0,"1",.,"A",.,"A",.,"A",.,"A",.,"A",.,"A",.,"A",.,"A",18,"D",.,"A",.,"A",.,"A",350,"D",.,"A",.,"A"
"20104",2318512,59,0,"1",.,"A",.,"A",.,"A",.,"A",.,"A",.,"A",.,"A",.,"A",18,"D",.,"A",.,"A",.,"A",126,"D",.,"A",.,"A"
"20104",2318522,51,0,"1",.,"A",.,"A",.,"A",.,"A",.,"A",.,"A",.,"A",.,"A",.,"A",.,"A",.,"A",.,"A",211,"D",.,"A",.,"A"
"20104",2318532,55,0,"1",.,"A",.,"A",.,"A",.,"A",.,"A",.,"A",.,"A",.,"A",.,"A",519,"D",0,"D",519,"D",15,"D",173,"D",.,"A"
"20104",2318572,28,0,"1",.,"A",.,"A",.,"A",.,"A",.,"A",.,"A",.,"A",.,"A",.,"A",120,"D",120,"D",0,"D",.,"A",40,"D",.,"A"
"20104",2318582,43,0,"1",.,"A",.,"A",.,"A",.,"A",.,"A",.,"A",.,"A",.,"A",.,"A",.,"A",.,"A",.,"A",.,"A",.,"A",.,"A"
"20104",2318602,49,0,"1",.,"A",.,"A",.,"A",.,"A",.,"A",150,"D",.,"A",.,"A",.,"A",.,"A",.,"A",.,"A",45,"D",.,"A",.,"A"
"20104",2318612,30,0,"1",.,"A",.,"A",.,"A",.,"A",.,"A",.,"A",.,"A",.,"A",.,"A",.,"A",.,"A",.,"A",.,"A",.,"A",.,"A"
"20104",2318622,36,0,"1",.,"A",.,"A",.,"A",.,"A",.,"A",.,"A",.,"A",.,"A",.,"A",.,"A",.,"A",.,"A",.,"A",.,"A",.,"A"
"20104",2318632,59,0,"1",.,"A",.,"A",.,"A",.,"A",.,"A",.,"A",520,"D",.,"A",.,"A",.,"A",.,"A",.,"A",300,"D",.,"A",.,"A"
"20104",2318652,25,0,"1",17,"D",.,"A",.,"A",.,"A",43,"D",.,"A",78,"D",.,"A",.,"A",.,"A",.,"A",.,"A",51,"D",.,"A",.,"A"
"20104",2318692,54,0,"1",.,"A",.,"A",.,"A",.,"A",.,"A",.,"A",.,"A",.,"A",.,"A",.,"A",.,"A",.,"A",40,"D",.,"A",.,"A"
"20104",2318702,44,0,"1",.,"A",.,"A",.,"A",.,"A",.,"A",.,"A",.,"A",.,"A",.,"A",.,"A",.,"A",.,"A",45,"D",.,"A",.,"A"
"20104",2318724,26,0,"1",.,"A",.,"A",.,"A",.,"A",.,"A",.,"A",.,"A",.,"A",.,"A",.,"A",.,"A",.,"A",.,"A",.,"A",.,"A"
"20104",2318732,38,0,"1",.,"A",.,"A",.,"A",.,"A",.,"A",.,"A",.,"A",.,"A",.,"A",.,"A",.,"A",.,"A",55,"D",.,"A",.,"A"
"20104",2318742,31,0,"1",.,"A",.,"A",.,"A",.,"A",30,"D",.,"A",.,"A",.,"A",.,"A",.,"A",.,"A",.,"A",60,"D",.,"A",.,"A"
"20104",2318762,51,0,"1",.,"A",.,"A",.,"A",.,"A",.,"A",10,"D",.,"A",.,"A",.,"A",.,"A",.,"A",.,"A",105,"D",.,"A",.,"A"
"20104",2318782,58,0,"1",.,"A",.,"A",.,"A",.,"A",60,"D",.,"A",.,"A",.,"A",.,"A",180,"D",0,"D",0,"D",50,"D",60,"D",.,"A"
"20104",2318802,25,0,"1",.,"A",.,"A",.,"A",.,"A",18,"D",.,"A",455,"D",.,"A",.,"A",0,"D",0,"D",99,"D",15,"D",0,"D",.,"A"
"20104",2318812,69,0,"1",.,"A",.,"A",.,"A",.,"A",.,"A",40,"D",.,"A",.,"A",.,"A",.,"A",.,"A",.,"A",250,"D",.,"A",.,"A"
"20104",2318844,37,0,"1",.,"A",.,"A",.,"A",.,"A",480,"D",.,"A",.,"A",.,"A",.,"A",.,"A",.,"A",.,"A",.,"A",.,"A",.,"A"
"20104",2318892,39,0,"1",.,"A",.,"A",.,"A",.,"A",.,"A",.,"A",.,"A",.,"A",.,"A",.,"A",.,"A",.,"A",120,"D",.,"A",.,"A"
"20104",2318902,34,0,"1",.,"A",.,"A",.,"A",.,"A",.,"A",24,"D",.,"A",.,"A",.,"A",.,"A",.,"A",.,"A",.,"A",.,"A",.,"A"
"20104",2318912,34,0,"1",.,"A",.,"A",.,"A",.,"A",.,"A",.,"A",.,"A",.,"A",.,"A",.,"A",.,"A",.,"A",.,"A",.,"A",.,"A"
"20104",2318922,31,0,"1",.,"A",.,"A",.,"A",.,"A",25,"D",.,"A",.,"A",.,"A",.,"A",.,"A",.,"A",.,"A",100,"D",.,"A",.,"A"
"20104",2318932,35,0,"1",.,"A",.,"A",.,"A",.,"A",.,"A",.,"A",.,"A",.,"A",.,"A",.,"A",.,"A",.,"A",.,"A",.,"A",.,"A"
"20104",2319012,81,0,"1",.,"A",.,"A",.,"A",.,"A",.,"A",50,"D",.,"A",.,"A",.,"A",.,"A",.,"A",.,"A",250,"D",.,"A",.,"A"
"20104",2319062,54,0,"1",.,"A",.,"A",.,"A",.,"A",.,"A",.,"A",.,"A",.,"A",.,"A",.,"A",.,"A",.,"A",120,"D",.,"A",.,"A"
"20104",2319082,33,0,"1",.,"A",.,"A",.,"A",.,"A",.,"A",.,"A",.,"A",.,"A",.,"A",.,"A",.,"A",.,"A",54,"D",.,"A",.,"A"
"20104",2319112,69,0,"1",.,"A",.,"A",.,"A",.,"A",.,"A",.,"A",.,"A",.,"A",30,"D",.,"A",.,"A",.,"A",380,"D",.,"A",.,"A"
"20104",2319132,71,0,"1",.,"A",.,"A",.,"A",.,"A",.,"A",275,"D",.,"A",.,"A",36,"D",.,"A",.,"A",.,"A",500,"D",.,"A",.,"A"
"20104",2319172,27,0,"1",.,"A",.,"A",.,"A",.,"A",24,"D",.,"A",.,"A",.,"A",.,"A",267,"D",0,"D",0,"D",.,"A",89,"D",.,"A"
"20104",2319182,29,0,"1",.,"A",.,"A",.,"A",.,"A",.,"A",.,"A",.,"A",.,"A",.,"A",0,"D",0,"D",63,"D",.,"A",0,"D",.,"A"
"20104",2319212,41,0,"1",.,"A",.,"A",.,"A",.,"A",.,"A",.,"A",.,"A",.,"A",.,"A",.,"A",.,"A",.,"A",114,"D",.,"A",.,"A"
"20104",2319222,26,0,"1",.,"A",.,"A",.,"A",.,"A",.,"A",.,"A",.,"A",.,"A",.,"A",.,"A",.,"A",.,"A",10,"D",.,"A",.,"A"
"20104",2319232,65,0,"1",.,"A",.,"A",.,"A",.,"A",.,"A",.,"A",.,"A",.,"A",.,"A",.,"A",.,"A",.,"A",100,"D",.,"A",.,"A"
"20104",2319242,65,0,"1",.,"A",.,"A",.,"A",.,"A",.,"A",.,"A",.,"A",.,"A",.,"A",.,"A",.,"A",.,"A",300,"D",.,"A",.,"A"
"20104",2319252,50,0,"1",26,"D",.,"A",.,"A",.,"A",64,"D",.,"A",.,"A",.,"A",.,"A",.,"A",.,"A",.,"A",10,"D",.,"A",.,"A"
"20104",2319272,46,0,"1",.,"A",.,"A",.,"A",.,"A",20,"D",20,"D",.,"A",.,"A",.,"A",.,"A",.,"A",.,"A",300,"D",.,"A",.,"A"
"20104",2319292,29,0,"1",.,"A",.,"A",.,"A",.,"A",300,"D",.,"A",.,"A",.,"A",.,"A",.,"A",.,"A",.,"A",.,"A",.,"A",.,"A"
"20104",2319302,41,0,"1",.,"A",.,"A",.,"A",.,"A",.,"A",.,"A",.,"A",.,"A",.,"A",.,"A",.,"A",.,"A",.,"A",.,"A",.,"A"
"20104",2319322,58,0,"1",.,"A",.,"A",.,"A",.,"A",18,"D",18,"D",.,"A",.,"A",.,"A",0,"D",0,"D",30,"D",36,"D",0,"D",.,"A"
"20104",2319342,46,0,"1",.,"A",.,"A",.,"A",.,"A",.,"A",.,"A",260,"D",.,"A",.,"A",.,"A",.,"A",.,"A",60,"D",.,"A",.,"A"
"20104",2319352,55,0,"1",.,"A",.,"A",.,"A",.,"A",.,"A",.,"A",.,"A",.,"A",.,"A",.,"A",.,"A",.,"A",60,"D",.,"A",.,"A"
"20104",2319372,54,0,"1",.,"A",.,"A",.,"A",.,"A",.,"A",.,"A",.,"A",.,"A",.,"A",.,"A",.,"A",.,"A",20,"D",.,"A",.,"A"
"20104",2319382,36,0,"1",.,"A",.,"A",.,"A",.,"A",.,"A",.,"A",.,"A",.,"A",.,"A",.,"A",.,"A",.,"A",70,"D",.,"A",.,"A"
"20104",2319402,33,0,"1",.,"A",.,"A",.,"A",.,"A",.,"A",.,"A",.,"A",.,"A",.,"A",.,"A",.,"A",.,"A",30,"D",.,"A",.,"A"
"20104",2319432,47,0,"1",.,"A",.,"A",.,"A",.,"A",.,"A",7,"D",.,"A",.,"A",.,"A",.,"A",.,"A",.,"A",62,"D",.,"A",.,"A"
"20104",2319442,35,0,"1",.,"A",.,"A",.,"A",.,"A",.,"A",.,"A",585,"D",.,"A",195,"D",.,"A",.,"A",.,"A",.,"A",.,"A",.,"A"
"20104",2319462,29,0,"1",.,"A",.,"A",.,"A",.,"A",.,"A",.,"A",.,"A",.,"A",.,"A",.,"A",.,"A",.,"A",.,"A",.,"A",.,"A"
"20104",2319482,75,0,"1",.,"A",.,"A",.,"A",.,"A",.,"A",.,"A",.,"A",.,"A",45,"D",.,"A",.,"A",.,"A",420,"D",.,"A",.,"A"
"20104",2319492,78,0,"1",.,"A",.,"A",.,"A",.,"A",.,"A",.,"A",325,"D",.,"A",.,"A",.,"A",.,"A",.,"A",.,"A",.,"A",.,"A"
"20104",2319502,31,0,"1",.,"A",.,"A",.,"A",.,"A",.,"A",.,"A",.,"A",.,"A",.,"A",.,"A",.,"A",.,"A",.,"A",.,"A",.,"A"
"20104",2319542,28,0,"1",.,"A",.,"A",.,"A",.,"A",.,"A",.,"A",.,"A",.,"A",.,"A",.,"A",.,"A",.,"A",20,"D",.,"A",.,"A"
"20104",2319562,31,0,"1",.,"A",.,"A",.,"A",.,"A",.,"A",.,"A",.,"A",.,"A",.,"A",.,"A",.,"A",.,"A",.,"A",.,"A",.,"A"
"20104",2319652,52,0,"1",.,"A",.,"A",.,"A",252,"D",.,"A",.,"A",325,"D",.,"A",.,"A",.,"A",.,"A",.,"A",72,"D",.,"A",.,"A"
"20104",2319702,77,0,"1",.,"A",.,"A",.,"A",.,"A",.,"A",75,"D",.,"A",325,"D",24,"D",.,"A",.,"A",.,"A",138,"D",.,"A",.,"A"
"20104",2319722,27,0,"1",.,"A",.,"A",.,"A",24,"D",15,"D",.,"A",.,"A",.,"A",.,"A",.,"A",.,"A",.,"A",.,"A",.,"A",.,"A"
"20104",2319732,28,0,"1",.,"A",.,"A",.,"A",.,"A",.,"A",.,"A",.,"A",.,"A",.,"A",.,"A",.,"A",.,"A",.,"A",.,"A",.,"A"
"20104",2319782,26,0,"1",.,"A",.,"A",.,"A",.,"A",10,"D",.,"A",520,"D",.,"A",.,"A",.,"A",.,"A",.,"A",.,"A",.,"A",.,"A"
"20104",2319812,51,0,"1",.,"A",.,"A",.,"A",.,"A",.,"A",.,"A",.,"A",.,"A",.,"A",.,"A",.,"A",.,"A",90,"D",.,"A",.,"A"
"20104",2319842,28,0,"1",9,"D",.,"A",.,"A",.,"A",21,"D",.,"A",.,"A",.,"A",.,"A",.,"A",.,"A",.,"A",30,"D",.,"A",.,"A"
"20104",2319852,34,0,"1",5,"D",.,"A",.,"A",.,"A",15,"D",.,"A",.,"A",.,"A",.,"A",0,"D",0,"D",18,"D",24,"D",0,"D",.,"A"
"20104",2319882,42,0,"1",.,"A",.,"A",.,"A",.,"A",.,"A",.,"A",.,"A",.,"A",.,"A",.,"A",.,"A",.,"A",60,"D",.,"A",.,"A"
"20104",2319892,39,0,"1",.,"A",.,"A",.,"A",.,"A",.,"A",.,"A",.,"A",.,"A",.,"A",.,"A",.,"A",.,"A",15,"D",.,"A",.,"A"
"20104",2319902,77,0,"1",.,"A",.,"A",.,"A",50,"D",.,"A",800,"D",.,"A",.,"A",.,"A",600,"D",0,"D",0,"D",300,"D",200,"D",.,"A"
"20104",2319942,46,0,"1",.,"A",.,"A",.,"A",.,"A",.,"A",.,"A",.,"A",.,"A",.,"A",.,"A",.,"A",.,"A",30,"D",.,"A",.,"A"
"20104",2319962,69,0,"1",.,"A",.,"A",.,"A",.,"A",.,"A",.,"A",.,"A",260,"D",.,"A",.,"A",.,"A",.,"A",167,"D",.,"A",.,"A"
"20104",2319982,43,0,"1",.,"A",.,"A",.,"A",.,"A",.,"A",.,"A",.,"A",.,"A",.,"A",.,"A",.,"A",.,"A",100,"D",.,"A",.,"A"
"20104",2319992,44,0,"1",.,"A",.,"A",.,"A",.,"A",.,"A",.,"A",.,"A",.,"A",.,"A",.,"A",.,"A",.,"A",.,"A",.,"A",.,"A"
"20104",2320002,70,0,"1",.,"A",.,"A",.,"A",.,"A",.,"A",.,"A",.,"A",.,"A",.,"A",.,"A",.,"A",.,"A",600,"D",.,"A",.,"A"
"20104",2320022,47,0,"1",.,"A",.,"A",.,"A",.,"A",.,"A",.,"A",.,"A",.,"A",.,"A",.,"A",.,"A",.,"A",.,"A",.,"A",.,"A"
"20104",2320052,58,0,"1",.,"A",.,"A",.,"A",.,"A",.,"A",50,"D",.,"A",.,"A",.,"A",.,"A",.,"A",.,"A",160,"D",.,"A",.,"A"
"20104",2320092,21,0,"1",.,"A",.,"A",.,"A",.,"A",.,"A",.,"A",.,"A",.,"A",.,"A",.,"A",.,"A",.,"A",.,"A",.,"A",.,"A"
"20104",2320102,31,0,"1",.,"A",.,"A",.,"A",5,"F",35,"D",.,"A",.,"A",.,"A",.,"A",.,"A",.,"A",.,"A",.,"A",.,"A",.,"A"
"20104",2320112,51,0,"1",.,"A",.,"A",.,"A",.,"A",.,"A",15,"D",.,"A",.,"A",.,"A",.,"A",.,"A",.,"A",142,"D",.,"A",.,"A"
"20104",2320122,36,0,"1",.,"A",.,"A",.,"A",.,"A",.,"A",.,"A",.,"A",.,"A",.,"A",0,"D",15,"D",0,"D",.,"A",0,"D",.,"A"
"20104",2320132,33,0,"1",.,"A",.,"A",.,"A",.,"A",.,"A",.,"A",.,"A",.,"A",.,"A",.,"A",.,"A",.,"A",1120,"D",.,"A",.,"A"
"20104",2320182,35,0,"1",.,"A",.,"A",.,"A",.,"A",.,"A",.,"A",260,"D",.,"A",.,"A",.,"A",.,"A",.,"A",25,"D",.,"A",.,"A"
"20104",2320195,38,0,"1",.,"A",.,"A",.,"A",.,"A",120,"D",.,"A",325,"D",.,"A",.,"A",.,"A",.,"A",.,"A",40,"D",.,"A",.,"A"
"20104",2320232,34,0,"1",160,"D",.,"A",.,"A",.,"A",160,"D",.,"A",.,"A",.,"A",.,"A",.,"A",.,"A",.,"A",.,"A",.,"A",.,"A"
"20104",2320292,41,0,"1",.,"A",.,"A",.,"A",.,"A",.,"A",.,"A",.,"A",.,"A",.,"A",.,"A",.,"A",.,"A",120,"D",.,"A",.,"A"
"20104",2320322,27,0,"1",.,"A",.,"A",.,"A",.,"A",.,"A",.,"A",.,"A",.,"A",.,"A",.,"A",.,"A",.,"A",.,"A",.,"A",.,"A"
"20104",2320334,36,0,"1",.,"A",.,"A",.,"A",.,"A",.,"A",.,"A",.,"A",.,"A",.,"A",0,"D",0,"D",0,"D",.,"A",0,"D",.,"A"
"20104",2320342,82,0,"1",.,"A",.,"A",.,"A",.,"A",.,"A",.,"A",.,"A",.,"A",.,"A",.,"A",.,"A",.,"A",90,"D",.,"A",.,"A"
"20104",2320352,31,0,"1",.,"A",.,"A",.,"A",.,"A",.,"A",.,"A",.,"A",.,"A",.,"A",.,"A",.,"A",.,"A",180,"D",.,"A",.,"A"
"20104",2320362,68,0,"1",.,"A",.,"A",.,"A",.,"A",.,"A",.,"A",169,"D",.,"A",12,"D",.,"A",.,"A",.,"A",15,"D",.,"A",.,"A"
"20104",2320372,43,0,"1",.,"A",.,"A",.,"A",.,"A",.,"A",.,"A",.,"A",.,"A",.,"A",.,"A",.,"A",.,"A",300,"D",.,"A",.,"A"
"20104",2320432,49,0,"1",.,"A",.,"A",.,"A",.,"A",.,"A",100,"D",.,"A",.,"A",18,"D",.,"A",.,"A",.,"A",400,"D",.,"A",.,"A"
"20104",2320442,47,0,"1",.,"A",.,"A",.,"A",.,"A",.,"A",.,"A",65,"D",.,"A",.,"A",.,"A",.,"A",.,"A",.,"A",.,"A",.,"A"
"20104",2320472,44,0,"1",.,"A",.,"A",.,"A",.,"A",.,"A",.,"A",.,"A",.,"A",.,"A",.,"A",.,"A",.,"A",50,"D",.,"A",.,"A"
"20104",2320512,69,0,"1",.,"A",.,"A",.,"A",.,"A",.,"A",130,"D",.,"A",.,"A",.,"A",.,"A",.,"A",.,"A",220,"D",.,"A",.,"A"
"20104",2320592,44,0,"1",.,"A",.,"A",.,"A",.,"A",.,"A",.,"A",.,"A",.,"A",.,"A",.,"A",.,"A",.,"A",30,"D",.,"A",.,"A"
"20104",2320604,26,0,"1",.,"A",.,"A",.,"A",.,"A",.,"A",.,"A",.,"A",.,"A",.,"A",.,"A",.,"A",.,"A",40,"D",.,"A",.,"A"
"20104",2320622,45,0,"1",.,"A",.,"A",.,"A",10,"D",.,"A",.,"A",.,"A",.,"A",.,"A",.,"A",.,"A",.,"A",72,"D",.,"A",.,"A"
"20104",2320642,46,0,"1",.,"A",.,"A",.,"A",.,"A",.,"A",50,"D",.,"A",.,"A",.,"A",.,"A",.,"A",.,"A",250,"D",.,"A",.,"A"
"20104",2320652,59,0,"1",.,"A",.,"A",.,"A",.,"A",.,"A",.,"A",104,"D",.,"A",.,"A",.,"A",.,"A",.,"A",35,"D",.,"A",.,"A"
"20104",2320662,53,0,"1",.,"A",.,"A",.,"A",.,"A",.,"A",.,"A",.,"A",.,"A",.,"A",.,"A",.,"A",.,"A",100,"D",.,"A",.,"A"
"20104",2320672,42,0,"1",.,"A",.,"A",.,"A",.,"A",.,"A",.,"A",.,"A",.,"A",6,"D",.,"A",.,"A",.,"A",36,"D",.,"A",.,"A"
"20104",2320682,42,0,"1",.,"A",.,"A",.,"A",.,"A",.,"A",.,"A",.,"A",.,"A",.,"A",.,"A",.,"A",.,"A",.,"A",.,"A",.,"A"
"20104",2320692,84,0,"1",.,"A",.,"A",.,"A",10,"D",.,"A",150,"D",.,"A",.,"A",.,"A",.,"A",.,"A",.,"A",250,"D",.,"A",.,"A"
"20104",2320702,53,0,"1",.,"A",.,"A",.,"A",.,"A",.,"A",.,"A",.,"A",.,"A",.,"A",.,"A",.,"A",.,"A",30,"D",.,"A",.,"A"
"20104",2320712,40,0,"1",.,"A",.,"A",.,"A",.,"A",106,"D",60,"D",.,"A",.,"A",135,"D",.,"A",.,"A",.,"A",50,"D",.,"A",.,"A"
"20104",2320742,37,0,"1",.,"A",.,"A",.,"A",.,"A",.,"A",.,"A",.,"A",.,"A",.,"A",.,"A",.,"A",.,"A",.,"A",.,"A",.,"A"
"20104",2320752,60,0,"1",.,"A",.,"A",.,"A",.,"A",.,"A",15,"D",.,"A",.,"A",.,"A",.,"A",.,"A",.,"A",60,"D",.,"A",.,"A"
"20104",2320772,52,0,"1",.,"A",.,"A",.,"A",.,"A",.,"A",.,"A",.,"A",.,"A",.,"A",.,"A",.,"A",.,"A",15,"D",.,"A",.,"A"
"20104",2320813,42,0,"1",.,"A",.,"A",.,"A",.,"A",.,"A",.,"A",.,"A",.,"A",.,"A",.,"A",.,"A",.,"A",.,"A",.,"A",.,"A"
"20104",2320852,71,0,"1",.,"A",.,"A",.,"A",.,"A",.,"A",.,"A",.,"A",.,"A",.,"A",.,"A",.,"A",.,"A",200,"D",.,"A",.,"A"
"20104",2320885,27,0,"1",.,"A",.,"A",.,"A",.,"A",.,"A",.,"A",.,"A",.,"A",.,"A",.,"A",.,"A",.,"A",.,"A",.,"A",.,"A"
"20104",2320902,64,0,"1",.,"A",.,"A",.,"A",.,"A",.,"A",.,"A",.,"A",.,"A",.,"A",.,"A",.,"A",.,"A",62,"D",.,"A",.,"A"
"20104",2320912,36,0,"1",.,"A",.,"A",.,"A",.,"A",.,"A",.,"A",.,"A",.,"A",.,"A",.,"A",.,"A",.,"A",350,"D",.,"A",.,"A"
"20104",2320922,57,0,"1",.,"A",.,"A",.,"A",.,"A",.,"A",.,"A",.,"A",.,"A",.,"A",.,"A",.,"A",.,"A",25,"D",.,"A",.,"A"
"20104",2320932,30,0,"1",.,"A",.,"A",.,"A",.,"A",.,"A",.,"A",715,"D",.,"A",51,"D",0,"D",0,"D",75,"D",15,"D",0,"D",.,"A"
"20104",2320972,55,0,"1",.,"A",.,"A",.,"A",.,"A",.,"A",.,"A",.,"A",.,"A",.,"A",.,"A",.,"A",.,"A",50,"D",.,"A",.,"A"
"20104",2320992,48,0,"1",.,"A",.,"A",.,"A",.,"A",.,"A",.,"A",.,"A",.,"A",.,"A",.,"A",.,"A",.,"A",210,"D",.,"A",.,"A"
"20104",2321032,48,0,"1",.,"A",.,"A",.,"A",.,"A",.,"A",.,"A",.,"A",.,"A",.,"A",.,"A",.,"A",.,"A",.,"A",.,"A",.,"A"
"20104",2321042,48,0,"1",.,"A",.,"A",.,"A",.,"A",.,"A",.,"A",.,"A",.,"A",.,"A",.,"A",.,"A",.,"A",25,"D",.,"A",.,"A"
"20104",2321062,48,0,"1",.,"A",.,"A",.,"A",.,"A",.,"A",.,"A",.,"A",.,"A",.,"A",.,"A",.,"A",.,"A",30,"D",.,"A",.,"A"
"20104",2321072,56,0,"1",.,"A",.,"A",.,"A",.,"A",.,"A",150,"D",.,"A",.,"A",.,"A",.,"A",.,"A",.,"A",180,"D",.,"A",.,"A"
"20104",2321122,52,0,"1",.,"A",.,"A",.,"A",.,"A",.,"A",.,"A",.,"A",.,"A",.,"A",.,"A",.,"A",.,"A",.,"A",.,"A",.,"A"
"20104",2321142,44,0,"1",.,"A",.,"A",.,"A",.,"A",.,"A",.,"A",.,"A",.,"A",.,"A",.,"A",.,"A",.,"A",100,"D",.,"A",.,"A"
"20104",2321152,30,0,"1",.,"A",.,"A",.,"A",.,"A",.,"A",.,"A",.,"A",.,"A",.,"A",.,"A",.,"A",.,"A",.,"A",.,"A",.,"A"
"20104",2321165,27,0,"1",.,"A",.,"A",.,"A",90,"D",.,"A",20,"D",130,"D",.,"A",.,"A",.,"A",.,"A",.,"A",.,"A",.,"A",.,"A"
"20104",2321192,37,0,"1",20,"D",.,"A",.,"A",.,"A",160,"D",.,"A",.,"A",.,"A",.,"A",.,"A",.,"A",.,"A",.,"A",.,"A",.,"A"
"20104",2321232,46,0,"1",.,"A",.,"A",.,"A",68,"D",.,"A",.,"A",.,"A",130,"D",.,"A",.,"A",.,"A",.,"A",60,"D",.,"A",.,"A"
"20104",2321252,62,0,"1",.,"A",.,"A",.,"A",.,"A",.,"A",.,"A",39,"F",.,"A",.,"A",.,"A",.,"A",.,"A",.,"A",.,"A",.,"A"
"20104",2321282,53,0,"1",.,"A",.,"A",.,"A",.,"A",.,"A",.,"A",.,"A",.,"A",.,"A",.,"A",.,"A",.,"A",104,"D",.,"A",.,"A"
"20104",2321332,26,0,"1",.,"A",.,"A",.,"A",.,"A",.,"A",.,"A",.,"A",.,"A",.,"A",.,"A",.,"A",.,"A",.,"A",.,"A",.,"A"
"20104",2321342,37,0,"1",.,"A",.,"A",.,"A",.,"A",.,"A",.,"A",.,"A",.,"A",.,"A",.,"A",.,"A",.,"A",22,"D",.,"A",.,"A"
"20104",2321355,40,0,"1",.,"A",.,"A",.,"A",.,"A",21,"D",.,"A",.,"A",260,"D",54,"D",.,"A",.,"A",.,"A",36,"D",.,"A",.,"A"
"20104",2321382,39,0,"1",3,"D",.,"A",.,"A",.,"A",33,"D",.,"A",.,"A",.,"A",.,"A",15,"D",0,"D",15,"D",6,"D",5,"D",.,"A"
"20104",2321412,49,0,"1",.,"A",.,"A",.,"A",.,"A",.,"A",.,"A",.,"A",.,"A",.,"A",.,"A",.,"A",.,"A",60,"D",.,"A",.,"A"
"20104",2321444,24,0,"1",.,"A",.,"A",.,"A",.,"A",50,"D",.,"A",65,"D",.,"A",15,"D",0,"D",0,"D",0,"D",.,"A",0,"D",.,"A"
"20104",2321462,28,0,"1",.,"A",.,"A",.,"A",.,"A",.,"A",.,"A",.,"A",.,"A",.,"A",.,"A",.,"A",.,"A",12,"D",.,"A",.,"A"
"20104",2321472,40,0,"1",10,"D",.,"A",.,"A",.,"A",35,"D",.,"A",195,"D",.,"A",.,"A",.,"A",.,"A",.,"A",.,"A",.,"A",.,"A"
"20104",2321502,27,0,"1",.,"A",.,"A",.,"A",.,"A",30,"D",.,"A",.,"A",.,"A",.,"A",267,"D",0,"D",0,"D",180,"D",89,"D",.,"A"
"20104",2321515,87,0,"1",5,"D",.,"A",.,"A",.,"A",25,"D",.,"A",.,"A",.,"A",.,"A",.,"A",.,"A",.,"A",15,"D",.,"A",.,"A"
"20104",2321522,42,0,"1",.,"A",.,"A",.,"A",.,"A",.,"A",.,"A",.,"A",.,"A",.,"A",.,"A",.,"A",.,"A",270,"D",.,"A",.,"A"
"20104",2321532,48,0,"1",.,"A",.,"A",.,"A",.,"A",.,"A",.,"A",.,"A",.,"A",48,"D",.,"A",.,"A",.,"A",50,"D",.,"A",.,"A"
"20104",2321552,35,0,"1",.,"A",.,"A",.,"A",.,"A",.,"A",.,"A",.,"A",.,"A",.,"A",.,"A",.,"A",.,"A",20,"D",.,"A",.,"A"
"20104",2321622,89,0,"1",.,"A",.,"A",.,"A",.,"A",.,"A",.,"A",.,"A",.,"A",.,"A",0,"D",900,"D",0,"D",120,"D",0,"D",.,"A"
"20104",2321642,39,0,"1",.,"A",.,"A",.,"A",.,"A",.,"A",.,"A",.,"A",.,"A",.,"A",.,"A",.,"A",.,"A",12,"D",.,"A",.,"A"
"20104",2321652,36,0,"1",.,"A",.,"A",.,"A",.,"A",.,"A",.,"A",.,"A",.,"A",.,"A",.,"A",.,"A",.,"A",120,"D",.,"A",.,"A"
"20104",2321672,26,0,"1",.,"A",.,"A",.,"A",.,"A",.,"A",.,"A",130,"D",.,"A",.,"A",.,"A",.,"A",.,"A",.,"A",.,"A",.,"A"
"20104",2321712,55,0,"1",.,"A",.,"A",.,"A",.,"A",.,"A",.,"A",.,"A",.,"A",.,"A",.,"A",.,"A",.,"A",.,"A",.,"A",.,"A"
"20104",2321722,54,0,"1",.,"A",.,"A",.,"A",.,"A",.,"A",.,"A",.,"A",.,"A",.,"A",.,"A",.,"A",.,"A",60,"D",.,"A",.,"A"
"20104",2321732,20,0,"1",.,"A",.,"A",.,"A",.,"A",.,"A",.,"A",.,"A",.,"A",.,"A",.,"A",.,"A",.,"A",.,"A",.,"A",.,"A"
"20104",2321742,62,0,"1",.,"A",.,"A",.,"A",.,"A",.,"A",.,"A",.,"A",.,"A",.,"A",.,"A",.,"A",.,"A",113,"D",.,"A",.,"A"
"20104",2321752,61,0,"1",.,"A",.,"A",.,"A",.,"A",.,"A",30,"D",.,"A",.,"A",.,"A",.,"A",.,"A",.,"A",210,"D",.,"A",.,"A"
"20104",2321772,51,0,"1",.,"A",.,"A",.,"A",.,"A",.,"A",.,"A",.,"A",.,"A",.,"A",0,"D",0,"D",270,"D",22,"D",0,"D",.,"A"
"20104",2321782,39,0,"1",.,"A",.,"A",.,"A",.,"A",.,"A",20,"D",455,"D",.,"A",.,"A",.,"A",.,"A",.,"A",.,"A",.,"A",.,"A"
"20104",2321792,27,0,"1",.,"A",.,"A",.,"A",.,"A",.,"A",.,"A",.,"A",.,"A",.,"A",.,"A",.,"A",.,"A",.,"A",.,"A",.,"A"
"20104",2321832,76,0,"1",.,"A",.,"A",.,"A",.,"A",.,"A",.,"A",.,"A",.,"A",18,"D",.,"A",.,"A",.,"A",125,"D",.,"A",.,"A"
"20104",2321842,50,0,"1",.,"A",.,"A",.,"A",.,"A",.,"A",.,"A",.,"A",.,"A",.,"A",.,"A",.,"A",.,"A",20,"D",.,"A",.,"A"
"20104",2321872,51,0,"1",.,"A",.,"A",.,"A",.,"A",.,"A",.,"A",.,"A",.,"A",.,"A",.,"A",.,"A",.,"A",70,"D",.,"A",.,"A"
"20104",2321882,55,0,"1",.,"A",.,"A",.,"A",.,"A",.,"A",.,"A",.,"A",65,"D",30,"D",.,"A",.,"A",.,"A",100,"D",.,"A",.,"A"
"20104",2321892,60,0,"1",.,"A",.,"A",.,"A",.,"A",.,"A",.,"A",.,"A",.,"A",84,"D",.,"A",.,"A",.,"A",175,"D",.,"A",.,"A"
"20104",2321912,58,0,"1",.,"A",.,"A",.,"A",.,"A",.,"A",.,"A",.,"A",.,"A",.,"A",.,"A",.,"A",.,"A",20,"D",.,"A",.,"A"
"20104",2321962,20,0,"1",.,"A",.,"A",.,"A",.,"A",.,"A",.,"A",.,"A",.,"A",.,"A",.,"A",.,"A",.,"A",.,"A",.,"A",.,"A"
"20104",2321982,42,0,"1",.,"A",.,"A",.,"A",.,"A",10,"D",.,"A",.,"A",.,"A",.,"A",0,"D",0,"D",30,"D",90,"D",0,"D",.,"A"
"20104",2321992,48,0,"1",.,"A",.,"A",.,"A",.,"A",.,"A",.,"A",624,"D",156,"D",.,"A",.,"A",.,"A",.,"A",40,"D",.,"A",.,"A"
"20104",2322002,44,0,"1",.,"A",.,"A",.,"A",.,"A",.,"A",.,"A",325,"D",.,"A",.,"A",.,"A",.,"A",.,"A",.,"A",.,"A",.,"A"
"20104",2322012,64,0,"1",.,"A",.,"A",.,"A",.,"A",.,"A",20,"D",.,"A",.,"A",54,"D",.,"A",.,"A",.,"A",20,"D",.,"A",.,"A"
"20104",2322023,30,0,"1",.,"A",.,"A",.,"A",.,"A",.,"A",.,"A",.,"A",.,"A",.,"A",.,"A",.,"A",.,"A",.,"A",.,"A",.,"A"
"20104",2322042,79,0,"1",.,"A",.,"A",.,"A",.,"A",.,"A",.,"A",.,"A",.,"A",.,"A",.,"A",.,"A",.,"A",.,"A",.,"A",.,"A"
"20104",2322072,69,0,"1",.,"A",.,"A",.,"A",.,"A",.,"A",.,"A",.,"A",.,"A",.,"A",.,"A",.,"A",.,"A",310,"D",.,"A",.,"A"
"20104",2322082,42,0,"1",.,"A",.,"A",.,"A",.,"A",.,"A",.,"A",.,"A",.,"A",.,"A",.,"A",.,"A",.,"A",.,"A",.,"A",.,"A"
"20104",2322112,46,0,"1",.,"A",.,"A",.,"A",.,"A",.,"A",.,"A",.,"A",.,"A",.,"A",.,"A",.,"A",.,"A",.,"A",.,"A",.,"A"
"20104",2322132,21,0,"1",.,"A",.,"A",.,"A",.,"A",.,"A",.,"A",.,"A",.,"A",.,"A",.,"A",.,"A",.,"A",.,"A",.,"A",.,"A"
"20104",2322144,31,0,"1",.,"A",.,"A",.,"A",.,"A",5,"D",.,"A",65,"D",.,"A",.,"A",180,"D",0,"D",0,"D",.,"A",60,"D",.,"A"
"20104",2322152,27,0,"1",.,"A",.,"A",.,"A",.,"A",.,"A",.,"A",.,"A",.,"A",.,"A",.,"A",.,"A",.,"A",.,"A",.,"A",.,"A"
"20104",2322162,44,0,"1",.,"A",.,"A",.,"A",.,"A",.,"A",.,"A",325,"D",52,"D",.,"A",.,"A",.,"A",.,"A",.,"A",.,"A",.,"A"
"20104",2322182,67,0,"1",.,"A",.,"A",.,"A",.,"A",.,"A",.,"A",.,"A",.,"A",117,"D",.,"A",.,"A",.,"A",.,"A",.,"A",.,"A"
"20104",2322192,63,0,"1",.,"A",.,"A",.,"A",.,"A",.,"A",125,"D",.,"A",.,"A",.,"A",.,"A",.,"A",.,"A",40,"D",.,"A",.,"A"
"20104",2322202,53,0,"1",.,"A",.,"A",.,"A",.,"A",.,"A",.,"A",.,"A",.,"A",.,"A",.,"A",.,"A",.,"A",.,"A",.,"A",.,"A"
"20104",2322212,35,0,"1",.,"A",.,"A",.,"A",.,"A",.,"A",.,"A",.,"A",.,"A",.,"A",.,"A",.,"A",.,"A",200,"D",.,"A",.,"A"
"20104",2322224,67,0,"1",.,"A",.,"A",.,"A",.,"A",.,"A",.,"A",169,"D",.,"A",.,"A",.,"A",.,"A",.,"A",.,"A",.,"A",.,"A"
"20104",2322242,35,0,"1",.,"A",.,"A",.,"A",.,"A",.,"A",.,"A",.,"A",.,"A",.,"A",.,"A",.,"A",.,"A",.,"A",.,"A",.,"A"
"20104",2322252,91,0,"1",.,"A",30,"D",.,"A",.,"A",.,"A",0,"D",.,"A",.,"A",.,"A",0,"D",0,"D",0,"D",215,"D",0,"D",.,"A"
"20104",2322262,74,0,"1",.,"A",.,"A",.,"A",.,"A",.,"A",.,"A",.,"A",.,"A",.,"A",.,"A",.,"A",.,"A",75,"D",.,"A",.,"A"
"20104",2322282,32,0,"1",.,"A",.,"A",.,"A",300,"D",.,"A",.,"A",.,"A",.,"A",.,"A",.,"A",.,"A",.,"A",.,"A",.,"A",.,"A"
"20104",2322292,38,0,"1",.,"A",.,"A",.,"A",.,"A",.,"A",.,"A",715,"D",.,"A",.,"A",.,"A",.,"A",.,"A",.,"A",.,"A",.,"A"
"20104",2322332,36,0,"1",.,"A",.,"A",.,"A",.,"A",.,"A",.,"A",325,"D",.,"A",.,"A",.,"A",.,"A",.,"A",.,"A",.,"A",.,"A"
"20104",2322342,59,0,"1",.,"A",.,"A",.,"A",.,"A",.,"A",.,"A",.,"A",.,"A",30,"D",600,"D",0,"D",0,"D",20,"D",200,"D",.,"A"
"20104",2322362,54,0,"1",.,"A",.,"A",.,"A",.,"A",.,"A",.,"A",390,"D",.,"A",.,"A",.,"A",.,"A",.,"A",30,"D",.,"A",.,"A"
"20104",2322372,40,0,"1",.,"A",.,"A",.,"A",.,"A",.,"A",.,"A",.,"A",.,"A",.,"A",.,"A",.,"A",.,"A",.,"A",.,"A",.,"A"
"20104",2322392,42,0,"1",10,"D",.,"A",.,"A",16,"D",20,"D",10,"D",.,"A",.,"A",.,"A",135,"D",0,"D",60,"D",.,"A",45,"D",.,"A"
"20104",2322402,27,0,"1",.,"A",.,"A",.,"A",.,"A",45,"D",.,"A",.,"A",.,"A",.,"A",150,"D",0,"D",150,"D",135,"D",50,"D",.,"A"
"20104",2322412,35,0,"1",.,"A",.,"A",.,"A",.,"A",.,"A",.,"A",.,"A",.,"A",.,"A",.,"A",.,"A",.,"A",86,"D",.,"A",.,"A"
"20104",2322422,39,0,"1",.,"A",.,"A",.,"A",.,"A",.,"A",.,"A",.,"A",.,"A",.,"A",.,"A",.,"A",.,"A",.,"A",.,"A",.,"A"
"20104",2322472,31,0,"1",.,"A",.,"A",.,"A",30,"D",.,"A",.,"A",.,"A",.,"A",.,"A",.,"A",.,"A",.,"A",43,"D",.,"A",.,"A"
"20104",2322485,53,0,"1",.,"A",.,"A",.,"A",.,"A",.,"A",.,"A",.,"A",.,"A",.,"A",.,"A",.,"A",.,"A",.,"A",.,"A",.,"A"
"20104",2322552,37,0,"1",.,"A",.,"A",.,"A",.,"A",2,"D",.,"A",.,"A",.,"A",.,"A",.,"A",.,"A",.,"A",.,"A",.,"A",.,"A"
"20104",2322572,51,0,"1",.,"A",.,"A",.,"A",.,"A",.,"A",.,"A",.,"A",.,"A",.,"A",.,"A",.,"A",.,"A",.,"A",.,"A",.,"A"
"20104",2322605,29,0,"1",.,"A",.,"A",.,"A",.,"A",10,"D",.,"A",.,"A",.,"A",3,"D",0,"D",0,"D",0,"D",.,"A",0,"D",.,"A"
"20104",2322612,38,0,"1",.,"A",.,"A",.,"A",.,"A",15,"D",.,"A",.,"A",.,"A",.,"A",0,"D",0,"D",60,"D",.,"A",0,"D",.,"A"
"20104",2322622,58,0,"1",.,"A",.,"A",.,"A",50,"D",.,"A",360,"D",728,"D",.,"A",30,"D",0,"D",0,"D",120,"D",1200,"D",0,"D",.,"A"
"20104",2322642,33,0,"1",50,"D",.,"A",.,"A",50,"D",110,"D",.,"A",.,"A",.,"A",.,"A",270,"D",0,"D",75,"D",200,"D",90,"D",.,"A"
"20104",2322652,44,0,"1",.,"A",.,"A",.,"A",.,"A",.,"A",.,"A",.,"A",.,"A",.,"A",.,"A",.,"A",.,"A",400,"D",.,"A",.,"A"
"20104",2322662,42,0,"1",.,"A",.,"A",.,"A",.,"A",.,"A",.,"A",.,"A",.,"A",.,"A",.,"A",.,"A",.,"A",24,"D",.,"A",.,"A"
"20104",2322672,49,0,"1",.,"A",.,"A",.,"A",.,"A",.,"A",.,"A",.,"A",.,"A",.,"A",.,"A",.,"A",.,"A",100,"D",.,"A",.,"A"
"20104",2322692,33,0,"1",.,"A",.,"A",.,"A",.,"A",.,"A",.,"A",.,"A",65,"D",.,"A",.,"A",.,"A",.,"A",.,"A",.,"A",.,"A"
"20104",2322712,35,0,"1",.,"A",.,"A",.,"A",.,"A",.,"A",.,"A",390,"D",.,"A",.,"A",.,"A",.,"A",.,"A",.,"A",.,"A",.,"A"
"20104",2322742,54,0,"1",.,"A",.,"A",.,"A",.,"A",.,"A",.,"A",1560,"D",.,"A",.,"A",.,"A",.,"A",.,"A",30,"D",.,"A",.,"A"
"20104",2322752,48,0,"1",.,"A",.,"A",.,"A",.,"A",.,"A",.,"A",.,"A",.,"A",.,"A",.,"A",.,"A",.,"A",200,"D",.,"A",.,"A"
"20104",2322792,46,0,"1",.,"A",.,"A",.,"A",.,"A",42,"D",.,"A",130,"D",.,"A",.,"A",.,"A",.,"A",.,"A",30,"D",.,"A",.,"A"
"20104",2322802,29,0,"1",.,"A",.,"A",.,"A",.,"A",.,"A",.,"A",.,"A",.,"A",.,"A",.,"A",.,"A",.,"A",.,"A",.,"A",.,"A"
"20104",2322822,59,0,"1",.,"A",.,"A",.,"A",.,"A",.,"A",.,"A",.,"A",.,"A",.,"A",192,"D",0,"D",0,"D",240,"D",64,"D",300,"D"
"20104",2322832,50,0,"1",.,"A",.,"A",.,"A",.,"A",.,"A",.,"A",.,"A",.,"A",.,"A",.,"A",.,"A",.,"A",105,"D",.,"A",.,"A"
"20104",2322842,48,0,"1",.,"A",.,"A",.,"A",.,"A",.,"A",.,"A",.,"A",.,"A",.,"A",.,"A",.,"A",.,"A",90,"D",.,"A",.,"A"
"20104",2322862,44,0,"1",.,"A",.,"A",.,"A",.,"A",.,"A",.,"A",.,"A",.,"A",.,"A",.,"A",.,"A",.,"A",213,"D",.,"A",.,"A"
"20104",2322882,86,0,"1",.,"A",.,"A",.,"A",.,"A",.,"A",.,"A",117,"D",.,"A",.,"A",.,"A",.,"A",.,"A",.,"A",.,"A",.,"A"
"20104",2322892,31,0,"1",.,"A",.,"A",.,"A",.,"A",.,"A",.,"A",.,"A",.,"A",.,"A",.,"A",.,"A",.,"A",.,"A",.,"A",.,"A"
"20104",2322932,42,0,"1",.,"A",.,"A",5,"D",.,"A",.,"A",100,"D",.,"A",.,"A",.,"A",.,"A",.,"A",.,"A",40,"D",.,"A",.,"A"
"20104",2322952,27,0,"1",.,"A",.,"A",.,"A",.,"A",.,"A",.,"A",.,"A",.,"A",.,"A",0,"D",15,"D",0,"D",.,"A",0,"D",.,"A"
"20104",2322962,47,0,"1",.,"A",.,"A",.,"A",.,"A",.,"A",.,"A",.,"A",.,"A",.,"A",.,"A",.,"A",.,"A",.,"A",.,"A",.,"A"
"20104",2322972,68,0,"1",.,"A",.,"A",.,"A",.,"A",.,"A",.,"A",.,"A",.,"A",.,"A",0,"D",0,"D",30,"D",70,"D",0,"D",.,"A"
"20104",2322984,30,0,"1",.,"A",.,"A",.,"A",.,"A",.,"A",.,"A",.,"A",.,"A",.,"A",.,"A",.,"A",.,"A",160,"D",.,"A",.,"A"
"20104",2322992,37,0,"1",.,"A",.,"A",.,"A",.,"A",.,"A",.,"A",.,"A",.,"A",.,"A",.,"A",.,"A",.,"A",150,"D",.,"A",.,"A"
"20104",2323012,57,0,"1",.,"A",.,"A",.,"A",.,"A",.,"A",.,"A",.,"A",.,"A",24,"D",.,"A",.,"A",.,"A",100,"D",.,"A",.,"A"
"20104",2323032,63,0,"1",.,"A",.,"A",.,"A",.,"A",.,"A",.,"A",.,"A",.,"A",.,"A",.,"A",.,"A",.,"A",.,"A",.,"A",.,"A"
"20104",2323042,61,0,"1",.,"A",.,"A",.,"A",.,"A",.,"A",120,"D",.,"A",.,"A",9,"D",.,"A",.,"A",.,"A",270,"D",.,"A",.,"A"
"20104",2323082,30,0,"1",.,"A",.,"A",.,"A",.,"A",.,"A",.,"A",.,"A",.,"A",.,"A",.,"A",.,"A",.,"A",.,"A",.,"A",.,"A"
"20104",2323102,33,0,"1",.,"A",.,"A",.,"A",.,"A",.,"A",.,"A",.,"A",.,"A",.,"A",.,"A",.,"A",.,"A",.,"A",.,"A",.,"A"
"20104",2323112,49,0,"1",.,"A",.,"A",.,"A",.,"A",.,"A",.,"A",104,"D",.,"A",.,"A",.,"A",.,"A",.,"A",180,"D",.,"A",.,"A"
"20104",2323122,54,0,"1",.,"A",.,"A",.,"A",.,"A",.,"A",.,"A",.,"A",.,"A",.,"A",.,"A",.,"A",.,"A",.,"A",.,"A",.,"A"
"20104",2323172,37,0,"1",.,"A",.,"A",.,"A",.,"A",.,"A",.,"A",.,"A",.,"A",.,"A",0,"D",0,"D",3,"D",.,"A",0,"D",.,"A"
"20104",2323192,23,0,"1",.,"A",.,"A",.,"A",.,"A",.,"A",.,"A",.,"A",.,"A",.,"A",.,"A",.,"A",.,"A",100,"D",.,"A",.,"A"
"20104",2323212,93,0,"1",.,"A",40,"D",.,"A",.,"A",.,"A",60,"D",65,"D",.,"A",24,"D",.,"A",.,"A",.,"A",30,"D",.,"A",.,"A"
"20104",2323232,37,0,"1",.,"A",.,"A",.,"A",.,"A",.,"A",.,"A",.,"A",.,"A",9,"D",.,"A",.,"A",.,"A",.,"A",.,"A",.,"A"
"20104",2323252,47,0,"1",.,"A",.,"A",.,"A",.,"A",.,"A",.,"A",585,"D",.,"A",.,"A",.,"A",.,"A",.,"A",.,"A",.,"A",.,"A"
"20104",2323282,30,0,"1",.,"A",.,"A",.,"A",.,"A",75,"D",.,"A",.,"A",.,"A",.,"A",0,"D",0,"D",27,"D",.,"A",0,"D",.,"A"
"20104",2323292,27,0,"1",.,"A",.,"A",.,"A",.,"A",.,"A",.,"A",.,"A",.,"A",.,"A",.,"A",.,"A",.,"A",.,"A",.,"A",.,"A"
"20104",2323312,31,0,"1",.,"A",.,"A",.,"A",.,"A",.,"A",.,"A",.,"A",.,"A",.,"A",.,"A",.,"A",.,"A",.,"A",.,"A",.,"A"
"20104",2323322,35,0,"1",.,"A",.,"A",.,"A",.,"A",120,"D",.,"A",260,"D",.,"A",.,"A",.,"A",.,"A",.,"A",.,"A",.,"A",.,"A"
"20104",2323342,45,0,"1",.,"A",.,"A",.,"A",.,"A",.,"A",.,"A",.,"A",.,"A",.,"A",.,"A",.,"A",.,"A",.,"A",.,"A",.,"A"
"20104",2323352,31,0,"1",.,"A",.,"A",.,"A",.,"A",.,"A",.,"A",.,"A",.,"A",.,"A",.,"A",.,"A",.,"A",20,"D",.,"A",.,"A"
"20104",2323362,58,0,"1",.,"A",.,"A",.,"A",.,"A",.,"A",.,"A",.,"A",.,"A",.,"A",.,"A",.,"A",.,"A",800,"D",.,"A",.,"A"
"20104",2323372,35,0,"1",.,"A",.,"A",.,"A",.,"A",.,"A",.,"A",.,"A",.,"A",.,"A",.,"A",.,"A",.,"A",.,"A",.,"A",.,"A"
"20104",2323402,69,0,"1",.,"A",.,"A",.,"A",.,"A",.,"A",.,"A",.,"A",.,"A",.,"A",.,"A",.,"A",.,"A",160,"D",.,"A",.,"A"
"20104",2323412,34,0,"1",.,"A",.,"A",.,"A",.,"A",120,"D",.,"A",.,"A",.,"A",.,"A",.,"A",.,"A",.,"A",.,"A",.,"A",.,"A"
"20104",2323422,35,0,"1",.,"A",.,"A",.,"A",.,"A",120,"D",.,"A",.,"A",.,"A",.,"A",.,"A",.,"A",.,"A",30,"D",.,"A",.,"A"
"20104",2323432,66,0,"1",.,"A",.,"A",.,"A",.,"A",.,"A",.,"A",.,"A",.,"A",18,"D",.,"A",.,"A",.,"A",36,"D",.,"A",.,"A"
"20104",2323442,35,0,"1",.,"A",.,"A",.,"A",.,"A",.,"A",.,"A",.,"A",.,"A",.,"A",.,"A",.,"A",.,"A",.,"A",.,"A",.,"A"
"20104",2323452,73,0,"1",.,"A",.,"A",.,"A",.,"A",.,"A",.,"A",.,"A",.,"A",.,"A",.,"A",.,"A",.,"A",240,"D",.,"A",.,"A"
"20104",2323465,36,0,"1",.,"A",.,"A",.,"A",.,"A",.,"A",60,"D",.,"A",.,"A",.,"A",.,"A",.,"A",.,"A",300,"D",.,"A",.,"A"
"20104",2323472,44,0,"1",.,"A",.,"A",.,"A",.,"A",.,"A",.,"A",.,"A",.,"A",.,"A",0,"D",24,"D",0,"D",.,"A",0,"D",.,"A"
"20104",2323502,45,0,"1",20,"D",.,"A",.,"A",.,"A",60,"D",.,"A",.,"A",.,"A",.,"A",.,"A",.,"A",.,"A",250,"D",.,"A",.,"A"
"20104",2323512,24,0,"1",.,"A",.,"A",.,"A",.,"A",.,"A",.,"A",.,"A",.,"A",.,"A",.,"A",.,"A",.,"A",.,"A",.,"A",.,"A"
"20104",2323542,34,0,"1",.,"A",.,"A",.,"A",.,"A",.,"A",.,"A",.,"A",.,"A",.,"A",.,"A",.,"A",.,"A",.,"A",.,"A",.,"A"
"20104",2323552,35,0,"1",.,"A",.,"A",.,"A",.,"A",.,"A",.,"A",.,"A",.,"A",.,"A",.,"A",.,"A",.,"A",.,"A",.,"A",.,"A"
"20104",2323582,43,0,"1",.,"A",.,"A",.,"A",.,"A",.,"A",.,"A",.,"A",.,"A",.,"A",.,"A",.,"A",.,"A",.,"A",.,"A",.,"A"
"20104",2323592,54,0,"1",.,"A",.,"A",.,"A",.,"A",.,"A",.,"A",.,"A",.,"A",.,"A",.,"A",.,"A",.,"A",40,"D",.,"A",.,"A"
"20104",2323614,55,0,"1",.,"A",30,"D",.,"A",60,"D",.,"A",90,"D",.,"A",.,"A",45,"D",0,"D",0,"D",60,"D",120,"D",0,"D",.,"A"
"20104",2323622,50,0,"1",.,"A",.,"A",.,"A",.,"A",.,"A",.,"A",.,"A",.,"A",.,"A",.,"A",.,"A",.,"A",80,"D",.,"A",.,"A"
"20104",2323632,37,0,"1",.,"A",.,"A",.,"A",.,"A",.,"A",.,"A",91,"D",.,"A",.,"A",0,"D",0,"D",51,"D",.,"A",0,"D",.,"A"
"20104",2323642,22,0,"1",.,"A",.,"A",.,"A",.,"A",130,"D",.,"A",.,"A",.,"A",.,"A",.,"A",.,"A",.,"A",.,"A",.,"A",.,"A"
"20104",2323662,45,0,"1",.,"A",.,"A",.,"A",.,"A",.,"A",.,"A",.,"A",.,"A",.,"A",.,"A",.,"A",.,"A",45,"D",.,"A",.,"A"
"20104",2323672,54,0,"1",.,"A",.,"A",.,"A",.,"A",.,"A",.,"A",.,"A",.,"A",.,"A",.,"A",.,"A",.,"A",12,"D",.,"A",.,"A"
"20104",2323682,24,0,"1",.,"A",.,"A",.,"A",.,"A",90,"D",.,"A",.,"A",.,"A",.,"A",.,"A",.,"A",.,"A",.,"A",.,"A",.,"A"
"20104",2323732,38,0,"1",.,"A",.,"A",.,"A",300,"D",.,"A",.,"A",.,"A",.,"A",.,"A",.,"A",.,"A",.,"A",.,"A",.,"A",.,"A"
"20104",2323742,62,0,"1",.,"A",.,"A",.,"A",.,"A",.,"A",.,"A",.,"A",.,"A",.,"A",.,"A",.,"A",.,"A",100,"D",.,"A",.,"A"
"20104",2323752,78,0,"1",.,"A",.,"A",.,"A",.,"A",.,"A",.,"A",26,"D",.,"A",6,"D",.,"A",.,"A",.,"A",.,"A",.,"A",.,"A"
"20104",2323792,38,0,"1",.,"A",.,"A",.,"A",.,"A",.,"A",.,"A",.,"A",.,"A",.,"A",.,"A",.,"A",.,"A",.,"A",.,"A",.,"A"
"20104",2323855,39,0,"1",.,"A",.,"A",.,"A",.,"A",50,"D",.,"A",.,"A",.,"A",.,"A",.,"A",.,"A",.,"A",.,"A",.,"A",.,"A"
"20104",2323872,44,0,"1",8,"D",.,"A",.,"A",.,"A",10,"D",.,"A",.,"A",.,"A",.,"A",0,"D",231,"D",0,"D",20,"D",0,"D",.,"A"
"20104",2323882,63,0,"1",.,"A",.,"A",.,"A",.,"A",.,"A",50,"D",208,"D",.,"A",.,"A",.,"A",.,"A",.,"A",360,"D",.,"A",.,"A"
"20104",2323892,80,0,"1",.,"A",.,"A",.,"A",.,"A",.,"A",.,"A",.,"A",325,"D",.,"A",.,"A",.,"A",.,"A",30,"D",.,"A",.,"A"
"20104",2323912,47,0,"1",.,"A",.,"A",.,"A",.,"A",.,"A",.,"A",.,"A",.,"A",.,"A",.,"A",.,"A",.,"A",29,"D",.,"A",.,"A"
"20104",2323932,32,0,"1",.,"A",.,"A",.,"A",.,"A",15,"D",.,"A",.,"A",.,"A",.,"A",.,"A",.,"A",.,"A",.,"A",.,"A",.,"A"
"20104",2323942,92,0,"1",.,"A",.,"A",.,"A",80,"D",.,"A",300,"D",.,"A",.,"A",600,"F",225,"D",225,"D",6,"F",500,"D",75,"D",.,"A"
"20104",2323955,62,0,"1",.,"A",.,"A",.,"A",60,"D",.,"A",25,"D",.,"A",.,"A",15,"D",.,"A",.,"A",.,"A",200,"D",.,"A",.,"A"
"20104",2323972,40,0,"1",.,"A",.,"A",.,"A",.,"A",.,"A",.,"A",.,"A",.,"A",.,"A",.,"A",.,"A",.,"A",100,"D",.,"A",.,"A"
"20104",2323985,27,0,"1",.,"A",.,"A",.,"A",.,"A",.,"A",.,"A",.,"A",.,"A",.,"A",0,"D",0,"D",0,"D",.,"A",0,"D",.,"A"
"20104",2323992,43,0,"1",.,"A",.,"A",.,"A",.,"A",.,"A",.,"A",.,"A",.,"A",15,"D",.,"A",.,"A",.,"A",.,"A",.,"A",.,"A"
"20104",2324022,52,0,"1",.,"A",.,"A",.,"A",.,"A",.,"A",.,"A",.,"A",.,"A",.,"A",.,"A",.,"A",.,"A",.,"A",.,"A",.,"A"
"20104",2324042,58,0,"1",.,"A",.,"A",.,"A",.,"A",.,"A",.,"A",.,"A",.,"A",9,"D",.,"A",.,"A",.,"A",183,"D",.,"A",.,"A"
"20104",2324054,43,0,"1",.,"A",.,"A",.,"A",.,"A",.,"A",.,"A",.,"A",.,"A",.,"A",.,"A",.,"A",.,"A",70,"D",.,"A",.,"A"
"20104",2324062,37,0,"1",.,"A",.,"A",.,"A",.,"A",.,"A",.,"A",.,"A",.,"A",.,"A",.,"A",.,"A",.,"A",80,"D",.,"A",.,"A"
"20104",2324072,30,0,"1",12,"D",.,"A",.,"A",8,"D",36,"D",.,"A",416,"D",104,"D",60,"D",0,"D",0,"D",30,"D",.,"A",0,"D",.,"A"
"20104",2324082,66,0,"1",.,"A",.,"A",.,"A",.,"A",.,"A",.,"A",585,"D",.,"A",.,"A",.,"A",.,"A",.,"A",47,"D",.,"A",.,"A"
"20104",2324112,32,0,"1",.,"A",.,"A",.,"A",.,"A",.,"A",.,"A",429,"D",.,"A",.,"A",.,"A",.,"A",.,"A",50,"D",.,"A",.,"A"
"20104",2324122,65,0,"1",.,"A",.,"A",.,"A",.,"A",.,"A",.,"A",.,"A",.,"A",.,"A",.,"A",.,"A",.,"A",150,"D",.,"A",.,"A"
"20104",2324142,65,0,"1",.,"A",.,"A",.,"A",.,"A",.,"A",30,"D",.,"A",.,"A",.,"A",.,"A",.,"A",.,"A",245,"D",.,"A",.,"A"
"20104",2324152,51,0,"1",.,"A",.,"A",.,"A",.,"A",.,"A",.,"A",.,"A",.,"A",.,"A",.,"A",.,"A",.,"A",120,"D",.,"A",.,"A"
"20104",2324162,39,0,"1",.,"A",.,"A",40,"D",.,"A",.,"A",.,"A",.,"A",.,"A",.,"A",.,"A",.,"A",.,"A",105,"D",.,"A",.,"A"
"20104",2324172,65,0,"1",.,"A",.,"A",.,"A",.,"A",.,"A",.,"A",1040,"D",.,"A",.,"A",.,"A",.,"A",.,"A",.,"A",.,"A",.,"A"
"20104",2324182,36,0,"1",.,"A",.,"A",.,"A",.,"A",.,"A",.,"A",.,"A",.,"A",.,"A",.,"A",.,"A",.,"A",.,"A",.,"A",.,"A"
"20104",2324212,65,0,"1",.,"A",.,"A",.,"A",.,"A",.,"A",.,"A",.,"A",.,"A",.,"A",.,"A",.,"A",.,"A",.,"A",.,"A",.,"A"
"20104",2324223,63,0,"1",.,"A",.,"A",.,"A",.,"A",.,"A",.,"A",.,"A",.,"A",.,"A",.,"A",.,"A",.,"A",15,"D",.,"A",.,"A"
"20104",2324252,26,0,"1",.,"A",.,"A",.,"A",.,"A",.,"A",.,"A",.,"A",.,"A",.,"A",.,"A",.,"A",.,"A",.,"A",.,"A",.,"A"
"20104",2324264,37,0,"1",.,"A",.,"A",.,"A",.,"A",.,"A",.,"A",.,"A",.,"A",.,"A",0,"D",336,"D",0,"D",.,"A",0,"D",.,"A"
"20104",2324302,99,0,"1",.,"A",.,"A",.,"A",.,"A",.,"A",.,"A",.,"A",.,"A",.,"A",.,"A",.,"A",.,"A",360,"D",.,"A",.,"A"
"20104",2324323,47,0,"1",.,"A",.,"A",.,"A",.,"A",.,"A",.,"A",.,"A",.,"A",.,"A",.,"A",.,"A",.,"A",25,"D",.,"A",.,"A"
"20104",2324342,30,0,"1",.,"A",.,"A",.,"A",.,"A",.,"A",.,"A",.,"A",.,"A",.,"A",.,"A",.,"A",.,"A",35,"D",.,"A",.,"A"
"20104",2324352,31,0,"1",.,"A",.,"A",.,"A",.,"A",15,"D",30,"D",.,"A",.,"A",.,"A",0,"D",0,"D",60,"D",.,"A",0,"D",.,"A"
"20104",2324372,42,0,"1",.,"A",.,"A",.,"A",.,"A",.,"A",.,"A",.,"A",.,"A",.,"A",.,"A",.,"A",.,"A",135,"D",.,"A",.,"A"
"20104",2324382,35,0,"1",.,"A",.,"A",.,"A",.,"A",.,"A",.,"A",.,"A",.,"A",.,"A",.,"A",.,"A",.,"A",.,"A",.,"A",.,"A"
"20104",2324392,133,0,"1",.,"A",.,"A",.,"A",.,"A",.,"A",160,"D",.,"A",.,"A",240,"D",369,"D",0,"D",0,"D",.,"A",123,"D",690,"D"
"20104",2324412,31,0,"1",.,"A",.,"A",.,"A",.,"A",.,"A",.,"A",.,"A",.,"A",.,"A",.,"A",.,"A",.,"A",30,"D",.,"A",.,"A"
"20104",2324422,42,0,"1",.,"A",.,"A",.,"A",.,"A",.,"A",.,"A",.,"A",.,"A",.,"A",.,"A",.,"A",.,"A",12,"D",.,"A",.,"A"
"20104",2324452,40,0,"1",.,"A",.,"A",.,"A",.,"A",.,"A",.,"A",1040,"D",.,"A",.,"A",.,"A",.,"A",.,"A",.,"A",.,"A",.,"A"
"20104",2324462,24,0,"1",.,"A",.,"A",.,"A",.,"A",30,"D",.,"A",.,"A",.,"A",.,"A",.,"A",.,"A",.,"A",.,"A",.,"A",.,"A"
"20104",2324472,58,0,"1",.,"A",.,"A",.,"A",.,"A",60,"D",.,"A",.,"A",.,"A",.,"A",.,"A",.,"A",.,"A",400,"D",.,"A",.,"A"
"20104",2324482,55,0,"1",.,"A",.,"A",.,"A",.,"A",.,"A",.,"A",.,"A",.,"A",.,"A",.,"A",.,"A",.,"A",50,"D",.,"A",.,"A"
"20104",2324492,41,0,"1",.,"A",.,"A",.,"A",.,"A",.,"A",.,"A",.,"A",.,"A",.,"A",.,"A",.,"A",.,"A",100,"D",.,"A",.,"A"
"20104",2324502,40,0,"1",20,"D",.,"A",.,"A",.,"A",40,"D",.,"A",455,"D",.,"A",.,"A",.,"A",.,"A",.,"A",45,"D",.,"A",.,"A"
"20104",2324514,73,0,"1",.,"A",.,"A",.,"A",.,"A",.,"A",.,"A",156,"D",.,"A",.,"A",45,"D",0,"D",0,"D",.,"A",15,"D",200,"D"
"20104",2324542,26,0,"1",.,"A",.,"A",.,"A",.,"A",.,"A",.,"A",.,"A",.,"A",.,"A",.,"A",.,"A",.,"A",.,"A",.,"A",.,"A"
"20104",2324552,63,0,"1",.,"A",.,"A",.,"A",.,"A",10,"D",.,"A",910,"D",.,"A",75,"D",.,"A",.,"A",.,"A",20,"D",.,"A",.,"A"
"20104",2324562,69,0,"1",.,"A",.,"A",.,"A",.,"A",.,"A",.,"A",.,"A",.,"A",.,"A",0,"D",0,"D",36,"D",15,"D",0,"D",.,"A"
"20104",2324572,40,0,"1",.,"A",.,"A",.,"A",.,"A",.,"A",.,"A",.,"A",.,"A",.,"A",.,"A",.,"A",.,"A",30,"D",.,"A",.,"A"
"20104",2324582,71,0,"1",10,"D",.,"A",.,"A",.,"A",0,"D",.,"A",.,"A",.,"A",0,"D",.,"A",.,"A",.,"A",40,"D",.,"A",.,"A"
"20104",2324612,54,0,"1",.,"A",.,"A",40,"D",.,"A",.,"A",330,"D",.,"A",.,"A",.,"A",.,"A",.,"A",.,"A",1250,"D",.,"A",.,"A"
"20104",2324622,44,0,"1",.,"A",.,"A",.,"A",.,"A",.,"A",.,"A",260,"D",.,"A",.,"A",.,"A",.,"A",.,"A",65,"D",.,"A",.,"A"
"20104",2324642,55,0,"1",.,"A",.,"A",.,"A",.,"A",180,"D",.,"A",.,"A",.,"A",.,"A",.,"A",.,"A",.,"A",.,"A",.,"A",.,"A"
"20104",2324662,50,0,"1",.,"A",.,"A",.,"A",.,"A",.,"A",.,"A",.,"A",.,"A",.,"A",.,"A",.,"A",.,"A",30,"D",.,"A",.,"A"
"20104",2324672,31,0,"1",.,"A",.,"A",.,"A",.,"A",.,"A",.,"A",130,"D",.,"A",.,"A",.,"A",.,"A",.,"A",.,"A",.,"A",.,"A"
"20104",2324682,64,0,"1",.,"A",.,"A",.,"A",.,"A",.,"A",.,"A",.,"A",.,"A",.,"A",.,"A",.,"A",.,"A",60,"D",.,"A",.,"A"
"20104",2324692,33,0,"1",5,"D",.,"A",.,"A",.,"A",17,"D",.,"A",455,"D",.,"A",45,"D",.,"A",.,"A",.,"A",.,"A",.,"A",.,"A"
"20104",2324734,40,0,"1",.,"A",.,"A",.,"A",.,"A",35,"D",.,"A",.,"A",.,"A",.,"A",.,"A",.,"A",.,"A",15,"D",.,"A",.,"A"
"20104",2324752,42,0,"1",.,"A",.,"A",.,"A",.,"A",.,"A",.,"A",390,"D",.,"A",.,"A",534,"D",0,"D",0,"D",276,"D",178,"D",.,"A"
"20104",2324772,83,0,"1",.,"A",.,"A",.,"A",.,"A",.,"A",.,"A",.,"A",.,"A",.,"A",.,"A",.,"A",.,"A",.,"A",.,"A",.,"A"
"20104",2324792,53,0,"1",.,"A",.,"A",.,"A",.,"A",.,"A",.,"A",.,"A",.,"A",.,"A",180,"D",0,"D",0,"D",240,"D",60,"D",.,"A"
"20104",2324832,54,0,"1",.,"A",.,"A",.,"A",20,"D",.,"A",.,"A",.,"A",.,"A",15,"D",.,"A",.,"A",.,"A",30,"D",.,"A",.,"A"
"20104",2324892,36,0,"1",.,"A",.,"A",.,"A",.,"A",.,"A",40,"D",.,"A",.,"A",.,"A",270,"D",0,"D",0,"D",170,"D",90,"D",.,"A"
"20104",2324902,50,0,"1",.,"A",.,"A",.,"A",.,"A",.,"A",70,"D",.,"A",.,"A",30,"D",.,"A",.,"A",.,"A",200,"D",.,"A",.,"A"
"20104",2324912,40,0,"1",.,"A",.,"A",.,"A",.,"A",.,"A",.,"A",.,"A",.,"A",.,"A",.,"A",.,"A",.,"A",20,"D",.,"A",.,"A"
"20104",2324942,42,0,"1",.,"A",.,"A",.,"A",.,"A",.,"A",.,"A",.,"A",.,"A",.,"A",.,"A",.,"A",.,"A",.,"A",.,"A",.,"A"
"20104",2324952,42,0,"1",.,"A",.,"A",.,"A",.,"A",.,"A",.,"A",.,"A",.,"A",.,"A",.,"A",.,"A",.,"A",.,"A",.,"A",.,"A"
"20104",2324992,36,0,"1",.,"A",.,"A",.,"A",.,"A",.,"A",.,"A",.,"A",.,"A",.,"A",.,"A",.,"A",.,"A",.,"A",.,"A",.,"A"
"20104",2325002,50,0,"1",.,"A",.,"A",.,"A",.,"A",.,"A",.,"A",.,"A",.,"A",.,"A",330,"D",0,"D",0,"D",360,"D",110,"D",.,"A"
"20104",2325012,27,0,"1",.,"A",.,"A",.,"A",.,"A",240,"D",.,"A",.,"A",.,"A",.,"A",.,"A",.,"A",.,"A",.,"A",.,"A",.,"A"
"20104",2325022,49,0,"1",.,"A",.,"A",.,"A",.,"A",.,"A",.,"A",.,"A",.,"A",.,"A",.,"A",.,"A",.,"A",.,"A",.,"A",.,"A"
"20104",2325032,53,0,"1",.,"A",.,"A",.,"A",.,"A",.,"A",.,"A",.,"A",.,"A",.,"A",.,"A",.,"A",.,"A",600,"D",.,"A",.,"A"
"20104",2325052,44,0,"1",.,"A",.,"A",.,"A",.,"A",.,"A",.,"A",.,"A",.,"A",.,"A",.,"A",.,"A",.,"A",.,"A",.,"A",.,"A"
"20104",2325062,46,0,"1",.,"A",.,"A",.,"A",.,"A",.,"A",.,"A",.,"A",.,"A",.,"A",.,"A",.,"A",.,"A",25,"D",.,"A",.,"A"
"20104",2325082,67,0,"1",.,"A",.,"A",.,"A",.,"A",.,"A",25,"D",.,"A",.,"A",.,"A",.,"A",.,"A",.,"A",140,"D",.,"A",.,"A"
"20104",2325092,44,0,"1",.,"A",.,"A",.,"A",.,"A",.,"A",60,"D",.,"A",.,"A",.,"A",.,"A",.,"A",.,"A",300,"D",.,"A",.,"A"
"20104",2325102,35,0,"1",.,"A",.,"A",.,"A",.,"A",.,"A",.,"A",.,"A",.,"A",.,"A",.,"A",.,"A",.,"A",.,"A",.,"A",.,"A"
"20104",2325112,24,0,"1",.,"A",.,"A",.,"A",.,"A",.,"A",.,"A",.,"A",.,"A",.,"A",.,"A",.,"A",.,"A",75,"D",.,"A",.,"A"
"20104",2325122,79,0,"1",.,"A",.,"A",.,"A",.,"A",.,"A",80,"D",.,"A",.,"A",.,"A",.,"A",.,"A",.,"A",270,"D",.,"A",.,"A"
"20104",2325143,28,0,"1",.,"A",.,"A",.,"A",.,"A",30,"D",.,"A",.,"A",.,"A",.,"A",.,"A",.,"A",.,"A",15,"D",.,"A",.,"A"
"20104",2325152,23,0,"1",.,"A",.,"A",.,"A",50,"D",.,"A",.,"A",.,"A",.,"A",.,"A",.,"A",.,"A",.,"A",45,"D",.,"A",.,"A"
"20104",2325182,53,0,"1",.,"A",.,"A",.,"A",.,"A",.,"A",.,"A",.,"A",.,"A",.,"A",.,"A",.,"A",.,"A",20,"D",.,"A",.,"A"
"20104",2325195,33,0,"1",.,"A",.,"A",.,"A",.,"A",160,"D",.,"A",130,"D",.,"A",.,"A",.,"A",.,"A",.,"A",.,"A",.,"A",.,"A"
"20104",2325212,28,0,"1",.,"A",.,"A",.,"A",.,"A",.,"A",.,"A",390,"D",.,"A",.,"A",.,"A",.,"A",.,"A",.,"A",.,"A",.,"A"
"20104",2325222,57,0,"1",.,"A",.,"A",.,"A",.,"A",.,"A",.,"A",.,"A",.,"A",.,"A",.,"A",.,"A",.,"A",75,"D",.,"A",.,"A"
"20104",2325242,48,0,"1",.,"A",.,"A",.,"A",.,"A",.,"A",.,"A",585,"D",.,"A",.,"A",.,"A",.,"A",.,"A",.,"A",.,"A",.,"A"
"20104",2325252,46,0,"1",.,"A",.,"A",.,"A",.,"A",.,"A",.,"A",.,"A",.,"A",.,"A",.,"A",.,"A",.,"A",120,"D",.,"A",.,"A"
"20104",2325272,30,0,"1",.,"A",.,"A",.,"A",.,"A",.,"A",.,"A",.,"A",.,"A",.,"A",.,"A",.,"A",.,"A",.,"A",.,"A",.,"A"
"20104",2325282,58,0,"1",.,"A",.,"A",.,"A",.,"A",.,"A",.,"A",.,"A",.,"A",.,"A",.,"A",.,"A",.,"A",120,"D",.,"A",.,"A"
"20104",2325294,28,0,"1",.,"A",.,"A",.,"A",.,"A",120,"D",.,"A",390,"D",.,"A",.,"A",.,"A",.,"A",.,"A",60,"D",.,"A",.,"A"
"20104",2325302,60,0,"1",.,"A",.,"A",.,"A",.,"A",.,"A",80,"D",.,"A",.,"A",.,"A",.,"A",.,"A",.,"A",200,"D",.,"A",.,"A"
"20104",2325342,41,0,"1",.,"A",.,"A",.,"A",.,"A",.,"A",.,"A",.,"A",.,"A",.,"A",.,"A",.,"A",.,"A",.,"A",.,"A",.,"A"
"20104",2325362,41,0,"1",.,"A",.,"A",.,"A",.,"A",.,"A",.,"A",.,"A",.,"A",.,"A",.,"A",.,"A",.,"A",20,"D",.,"A",.,"A"
"20104",2325372,45,0,"1",.,"A",.,"A",.,"A",.,"A",75,"D",.,"A",390,"D",.,"A",9,"D",.,"A",.,"A",.,"A",52,"D",.,"A",.,"A"
"20104",2325392,63,0,"1",.,"A",.,"A",.,"A",.,"A",.,"A",.,"A",910,"D",.,"A",.,"A",.,"A",.,"A",.,"A",.,"A",.,"A",.,"A"
"20104",2325422,48,0,"1",.,"A",.,"A",.,"A",.,"A",.,"A",.,"A",1300,"D",.,"A",.,"A",.,"A",.,"A",.,"A",56,"D",.,"A",.,"A"
"20104",2325432,50,0,"1",60,"F",.,"A",.,"A",.,"A",120,"F",.,"A",39,"D",.,"A",.,"A",.,"A",.,"A",.,"A",.,"A",.,"A",.,"A"
"20104",2325462,54,0,"1",.,"A",.,"A",80,"D",.,"A",.,"A",.,"A",260,"D",91,"D",.,"A",.,"A",.,"A",.,"A",36,"D",.,"A",.,"A"
"20104",2325512,54,0,"1",.,"A",.,"A",.,"A",.,"A",.,"A",.,"A",78,"D",.,"A",.,"A",0,"D",114,"D",0,"D",.,"A",0,"D",.,"A"
"20104",2325532,77,0,"1",.,"A",.,"A",.,"A",.,"A",.,"A",250,"D",.,"A",.,"A",.,"A",.,"A",.,"A",.,"A",250,"D",.,"A",.,"A"
"20104",2325542,53,0,"1",.,"A",.,"A",.,"A",.,"A",.,"A",.,"A",.,"A",.,"A",.,"A",.,"A",.,"A",.,"A",10,"D",.,"A",.,"A"
"20104",2325562,45,0,"1",.,"A",.,"A",.,"A",.,"A",.,"A",.,"A",.,"A",.,"A",.,"A",.,"A",.,"A",.,"A",.,"A",.,"A",.,"A"
"20104",2325582,114,0,"1",.,"A",.,"A",.,"A",.,"A",.,"A",.,"A",.,"A",.,"A",.,"A",0,"D",0,"D",18,"D",230,"D",0,"D",.,"A"
"20104",2325592,36,0,"1",.,"A",.,"A",.,"A",.,"A",.,"A",.,"A",.,"A",.,"A",.,"A",0,"D",15,"D",0,"D",.,"A",0,"D",.,"A"
"20104",2325612,36,0,"1",.,"A",.,"A",.,"A",.,"A",.,"A",.,"A",.,"A",.,"A",.,"A",.,"A",.,"A",.,"A",.,"A",.,"A",.,"A"
"20104",2325632,57,0,"1",.,"A",.,"A",.,"A",.,"A",.,"A",.,"A",.,"A",.,"A",.,"A",.,"A",.,"A",.,"A",60,"D",.,"A",.,"A"
"20104",2325662,28,0,"1",30,"D",.,"A",.,"A",.,"A",120,"D",.,"A",260,"D",.,"A",.,"A",540,"D",0,"D",0,"D",160,"D",180,"D",.,"A"
"20104",2325672,48,0,"1",.,"A",.,"A",.,"A",.,"A",.,"A",75,"D",.,"A",.,"A",.,"A",.,"A",.,"A",.,"A",.,"A",.,"A",.,"A"
"20104",2325682,64,0,"1",.,"A",.,"A",.,"A",.,"A",.,"A",.,"A",390,"D",.,"A",.,"A",.,"A",.,"A",.,"A",.,"A",.,"A",.,"A"
"20104",2325715,29,0,"1",.,"A",.,"A",.,"A",240,"D",.,"A",.,"A",.,"A",.,"A",.,"A",.,"A",.,"A",.,"A",.,"A",.,"A",.,"A"
"20104",2325722,31,0,"1",.,"A",.,"A",.,"A",.,"A",.,"A",.,"A",.,"A",.,"A",.,"A",.,"A",.,"A",.,"A",.,"A",.,"A",.,"A"
"20104",2325732,37,0,"1",.,"A",.,"A",.,"A",.,"A",.,"A",.,"A",.,"A",.,"A",.,"A",.,"A",.,"A",.,"A",225,"D",.,"A",.,"A"
"20104",2325742,34,0,"1",.,"A",.,"A",.,"A",.,"A",.,"A",.,"A",.,"A",143,"D",.,"A",.,"A",.,"A",.,"A",.,"A",.,"A",.,"A"
"20104",2325762,25,0,"1",.,"A",.,"A",.,"A",.,"A",.,"A",.,"A",.,"A",.,"A",.,"A",.,"A",.,"A",.,"A",.,"A",.,"A",.,"A"
"20104",2325772,68,0,"1",.,"A",.,"A",120,"D",.,"A",.,"A",.,"A",.,"A",.,"A",.,"A",.,"A",.,"A",.,"A",100,"D",.,"A",.,"A"
"20104",2325782,58,0,"1",.,"A",.,"A",.,"A",.,"A",.,"A",.,"A",.,"A",104,"D",.,"A",0,"D",120,"D",0,"D",125,"D",0,"D",.,"A"
"20104",2325792,111,0,"1",.,"A",.,"A",.,"A",.,"A",.,"A",25,"D",.,"A",.,"A",.,"A",.,"A",.,"A",.,"A",700,"D",.,"A",.,"A"
"20104",2325833,57,0,"1",.,"A",.,"A",.,"A",.,"A",.,"A",.,"A",.,"A",.,"A",.,"A",.,"A",.,"A",.,"A",32,"D",.,"A",.,"A"
"20104",2325852,47,0,"1",.,"A",.,"A",.,"A",.,"A",.,"A",.,"A",.,"A",.,"A",.,"A",.,"A",.,"A",.,"A",175,"D",.,"A",.,"A"
"20104",2325862,62,0,"1",.,"A",.,"A",.,"A",.,"A",100,"D",.,"A",.,"A",.,"A",.,"A",.,"A",.,"A",.,"A",200,"D",.,"A",.,"A"
"20104",2325892,49,0,"1",.,"A",.,"A",.,"A",.,"A",.,"A",.,"A",.,"A",.,"A",.,"A",.,"A",.,"A",.,"A",55,"D",.,"A",.,"A"
"20104",2325902,55,0,"1",.,"A",.,"A",.,"A",.,"A",.,"A",.,"A",.,"A",.,"A",.,"A",.,"A",.,"A",.,"A",60,"D",.,"A",.,"A"
"20104",2325942,36,0,"1",.,"A",.,"A",.,"A",.,"A",.,"A",.,"A",.,"A",.,"A",.,"A",0,"D",0,"D",15,"D",48,"D",0,"D",.,"A"
"20104",2325952,46,0,"1",.,"A",.,"A",.,"A",.,"A",.,"A",.,"A",.,"A",.,"A",.,"A",.,"A",.,"A",.,"A",.,"A",.,"A",.,"A"
"20104",2325962,25,0,"1",.,"A",.,"A",.,"A",.,"A",31,"D",.,"A",.,"A",.,"A",.,"A",0,"D",0,"D",9,"D",.,"A",0,"D",.,"A"
"20104",2325972,48,0,"1",.,"A",.,"A",.,"A",.,"A",.,"A",.,"A",.,"A",.,"A",.,"A",.,"A",.,"A",.,"A",100,"D",.,"A",.,"A"
"20104",2325992,50,0,"1",.,"A",.,"A",.,"A",.,"A",.,"A",50,"D",.,"A",.,"A",.,"A",.,"A",.,"A",.,"A",.,"A",.,"A",.,"A"
"20104",2326005,28,0,"1",.,"A",.,"A",.,"A",.,"A",.,"A",30,"D",.,"A",.,"A",.,"A",0,"D",0,"D",30,"D",70,"D",0,"D",.,"A"
"20104",2326012,42,0,"1",.,"A",.,"A",.,"A",.,"A",.,"A",.,"A",.,"A",.,"A",.,"A",.,"A",.,"A",.,"A",.,"A",.,"A",.,"A"
"20104",2326032,32,0,"1",.,"A",.,"A",.,"A",.,"A",40,"D",.,"A",.,"A",.,"A",.,"A",.,"A",.,"A",.,"A",.,"A",.,"A",.,"A"
"20104",2326042,40,0,"1",.,"A",.,"A",.,"A",.,"A",.,"A",.,"A",520,"D",.,"A",.,"A",.,"A",.,"A",.,"A",.,"A",.,"A",.,"A"
"20104",2326054,52,0,"1",.,"A",.,"A",.,"A",.,"A",.,"A",.,"A",.,"A",.,"A",.,"A",.,"A",.,"A",.,"A",200,"D",.,"A",.,"A"
"20104",2326062,27,0,"1",.,"A",.,"A",.,"A",.,"A",.,"A",.,"A",.,"A",.,"A",.,"A",.,"A",.,"A",.,"A",90,"D",.,"A",.,"A"
"20104",2326082,62,0,"1",.,"A",.,"A",.,"A",.,"A",140,"D",.,"A",.,"A",.,"A",.,"A",.,"A",.,"A",.,"A",30,"D",.,"A",.,"A"
"20104",2326092,75,0,"1",.,"A",.,"A",.,"A",.,"A",.,"A",.,"A",.,"A",.,"A",.,"A",.,"A",.,"A",.,"A",60,"D",.,"A",.,"A"
"20104",2326112,34,0,"1",.,"A",.,"A",.,"A",.,"A",23,"D",.,"A",.,"A",.,"A",.,"A",.,"A",.,"A",.,"A",.,"A",.,"A",.,"A"
"20104",2326172,74,0,"1",.,"A",.,"A",.,"A",.,"A",.,"A",.,"A",.,"A",.,"A",.,"A",.,"A",.,"A",.,"A",50,"D",.,"A",.,"A"
"20104",2326195,30,0,"1",.,"A",.,"A",.,"A",.,"A",45,"D",.,"A",.,"A",.,"A",.,"A",300,"D",0,"D",0,"D",25,"D",100,"D",.,"A"
"20104",2326233,44,0,"1",.,"A",.,"A",.,"A",.,"A",.,"A",50,"D",.,"A",.,"A",.,"A",.,"A",.,"A",.,"A",300,"D",.,"A",.,"A"
"20104",2326242,34,0,"1",.,"A",.,"A",.,"A",.,"A",.,"A",.,"A",.,"A",.,"A",.,"A",.,"A",.,"A",.,"A",.,"A",.,"A",.,"A"
"20104",2326282,44,0,"1",.,"A",.,"A",.,"A",.,"A",.,"A",.,"A",.,"A",.,"A",.,"A",.,"A",.,"A",.,"A",32,"D",.,"A",.,"A"
"20104",2326294,31,0,"1",.,"A",.,"A",.,"A",.,"A",80,"D",.,"A",.,"A",.,"A",.,"A",.,"A",.,"A",.,"A",45,"D",.,"A",.,"A"
"20104",2326302,32,0,"1",.,"A",.,"A",.,"A",.,"A",.,"A",.,"A",.,"A",.,"A",.,"A",.,"A",.,"A",.,"A",.,"A",.,"A",.,"A"
"20104",2326312,32,0,"1",.,"A",.,"A",.,"A",.,"A",.,"A",.,"A",.,"A",78,"D",.,"A",.,"A",.,"A",.,"A",.,"A",.,"A",.,"A"
"20104",2326342,62,0,"1",.,"A",.,"A",.,"A",.,"A",.,"A",.,"A",.,"A",.,"A",.,"A",.,"A",.,"A",.,"A",.,"A",.,"A",.,"A"
"20104",2326362,64,0,"1",.,"A",.,"A",.,"A",.,"A",.,"A",.,"A",.,"A",.,"A",.,"A",.,"A",.,"A",.,"A",200,"D",.,"A",.,"A"
"20104",2326382,37,0,"1",.,"A",.,"A",.,"A",.,"A",.,"A",.,"A",390,"D",.,"A",30,"D",.,"A",.,"A",.,"A",.,"A",.,"A",.,"A"
"20104",2326392,61,0,"1",25,"D",.,"A",.,"A",.,"A",25,"D",100,"D",780,"D",.,"A",.,"A",.,"A",.,"A",.,"A",150,"D",.,"A",.,"A"
"20104",2326402,45,0,"1",.,"A",.,"A",.,"A",.,"A",.,"A",.,"A",1079,"D",.,"A",.,"A",.,"A",.,"A",.,"A",.,"A",.,"A",.,"A"
"20104",2326412,29,0,"1",.,"A",.,"A",.,"A",.,"A",50,"D",.,"A",52,"D",.,"A",.,"A",0,"D",0,"D",24,"D",.,"A",0,"D",.,"A"
"20104",2326452,54,0,"1",.,"A",.,"A",.,"A",.,"A",.,"A",.,"A",.,"A",.,"A",.,"A",.,"A",.,"A",.,"A",45,"D",.,"A",.,"A"
"20104",2326462,36,0,"1",.,"A",.,"A",.,"A",.,"A",.,"A",.,"A",1820,"D",.,"A",.,"A",.,"A",.,"A",.,"A",60,"D",.,"A",.,"A"
"20104",2326482,31,0,"1",.,"A",.,"A",.,"A",.,"A",.,"A",.,"A",260,"D",.,"A",.,"A",.,"A",.,"A",.,"A",.,"A",.,"A",.,"A"
"20104",2326524,36,0,"1",.,"A",.,"A",.,"A",.,"A",.,"A",.,"A",.,"A",.,"A",.,"A",.,"A",.,"A",.,"A",.,"A",.,"A",.,"A"
"20104",2326532,39,0,"1",.,"A",.,"A",.,"A",.,"A",.,"A",.,"A",.,"A",.,"A",.,"A",360,"D",0,"D",0,"D",25,"D",120,"D",.,"A"
"20104",2326544,24,0,"1",.,"A",.,"A",.,"A",.,"A",.,"A",.,"A",39,"D",.,"A",15,"D",.,"A",.,"A",.,"A",.,"A",.,"A",.,"A"
"20104",2326552,55,0,"1",.,"A",.,"A",.,"A",.,"A",.,"A",.,"A",.,"A",.,"A",.,"A",.,"A",.,"A",.,"A",50,"D",.,"A",.,"A"
"20104",2326562,50,0,"1",23,"D",.,"A",.,"A",.,"A",57,"D",.,"A",.,"A",.,"A",.,"A",.,"A",.,"A",.,"A",.,"A",.,"A",.,"A"
"20104",2326572,50,0,"1",.,"A",.,"A",.,"A",.,"A",.,"A",.,"A",.,"A",.,"A",.,"A",.,"A",.,"A",.,"A",420,"D",.,"A",.,"A"
"20104",2326592,43,0,"1",.,"A",.,"A",.,"A",.,"A",.,"A",.,"A",104,"D",.,"A",.,"A",.,"A",.,"A",.,"A",30,"D",.,"A",.,"A"
"20104",2326612,90,0,"1",.,"A",.,"A",.,"A",.,"A",.,"A",75,"D",.,"A",104,"D",60,"D",.,"A",.,"A",.,"A",500,"D",.,"A",.,"A"
"20104",2326622,32,0,"1",.,"A",.,"A",.,"A",.,"A",.,"A",.,"A",.,"A",.,"A",.,"A",.,"A",.,"A",.,"A",.,"A",.,"A",.,"A"
"20104",2326632,82,0,"1",.,"A",.,"A",.,"A",.,"A",.,"A",.,"A",.,"A",.,"A",.,"A",.,"A",.,"A",.,"A",90,"D",.,"A",.,"A"
"20104",2326642,29,0,"1",.,"A",.,"A",.,"A",.,"A",30,"D",.,"A",.,"A",.,"A",.,"A",.,"A",.,"A",.,"A",.,"A",.,"A",.,"A"
"20104",2326652,45,0,"1",.,"A",.,"A",.,"A",.,"A",30,"D",.,"A",.,"A",.,"A",.,"A",.,"A",.,"A",.,"A",300,"D",.,"A",.,"A"
"20104",2326662,44,0,"1",.,"A",.,"A",.,"A",.,"A",.,"A",240,"D",.,"A",.,"A",.,"A",.,"A",.,"A",.,"A",600,"D",.,"A",.,"A"
"20104",2326692,38,0,"1",.,"A",.,"A",.,"A",.,"A",.,"A",.,"A",.,"A",.,"A",.,"A",.,"A",.,"A",.,"A",.,"A",.,"A",.,"A"
"20104",2326702,57,0,"1",.,"A",.,"A",.,"A",.,"A",.,"A",.,"A",.,"A",.,"A",.,"A",.,"A",.,"A",.,"A",.,"A",.,"A",.,"A"
"20104",2326712,61,0,"1",.,"A",.,"A",.,"A",.,"A",.,"A",.,"A",1040,"D",169,"D",.,"A",.,"A",.,"A",.,"A",.,"A",.,"A",.,"A"
"20104",2326722,51,0,"1",.,"A",.,"A",.,"A",.,"A",.,"A",.,"A",.,"A",.,"A",.,"A",.,"A",.,"A",.,"A",50,"D",.,"A",.,"A"
"20104",2326732,43,0,"1",.,"A",.,"A",.,"A",.,"A",.,"A",.,"A",.,"A",.,"A",.,"A",.,"A",.,"A",.,"A",.,"A",.,"A",.,"A"
"20104",2326752,64,0,"1",.,"A",.,"A",.,"A",.,"A",.,"A",360,"D",.,"A",.,"A",.,"A",.,"A",.,"A",.,"A",120,"D",.,"A",.,"A"
"20104",2326775,47,0,"1",.,"A",.,"A",.,"A",.,"A",20,"D",.,"A",.,"A",65,"D",15,"D",.,"A",.,"A",.,"A",.,"A",.,"A",.,"A"
"20104",2326782,41,0,"1",.,"A",.,"A",.,"A",.,"A",.,"A",.,"A",.,"A",.,"A",.,"A",.,"A",.,"A",.,"A",.,"A",.,"A",.,"A"
"20104",2326802,38,0,"1",.,"A",.,"A",.,"A",.,"A",.,"A",.,"A",910,"D",.,"A",.,"A",.,"A",.,"A",.,"A",.,"A",.,"A",.,"A"
"20104",2326812,42,0,"1",.,"A",.,"A",.,"A",.,"A",.,"A",.,"A",.,"A",.,"A",.,"A",.,"A",.,"A",.,"A",20,"D",.,"A",.,"A"
"20104",2326822,59,0,"1",.,"A",.,"A",.,"A",.,"A",.,"A",.,"A",.,"A",.,"A",.,"A",.,"A",.,"A",.,"A",.,"A",.,"A",.,"A"
"20104",2326832,28,0,"1",.,"A",.,"A",.,"A",.,"A",.,"A",.,"A",.,"A",.,"A",.,"A",.,"A",.,"A",.,"A",12,"D",.,"A",.,"A"
"20104",2326842,54,0,"1",.,"A",.,"A",.,"A",.,"A",.,"A",.,"A",650,"D",.,"A",.,"A",.,"A",.,"A",.,"A",20,"D",.,"A",.,"A"
"20104",2326852,85,0,"1",.,"A",.,"A",.,"A",.,"A",.,"A",.,"A",.,"A",.,"A",.,"A",.,"A",.,"A",.,"A",.,"A",.,"A",.,"A"
"20104",2326872,37,0,"1",.,"A",.,"A",.,"A",.,"A",.,"A",.,"A",.,"A",52,"D",.,"A",.,"A",.,"A",.,"A",.,"A",.,"A",.,"A"
"20104",2326884,50,0,"1",.,"A",.,"A",.,"A",.,"A",.,"A",.,"A",.,"A",.,"A",.,"A",.,"A",.,"A",.,"A",.,"A",.,"A",.,"A"
"20104",2326892,76,0,"1",.,"A",.,"A",.,"A",.,"A",.,"A",.,"A",.,"A",78,"D",.,"A",.,"A",.,"A",.,"A",100,"D",.,"A",.,"A"
"20104",2326932,42,0,"1",.,"A",.,"A",.,"A",.,"A",.,"A",.,"A",364,"D",.,"A",.,"A",.,"A",.,"A",.,"A",.,"A",.,"A",.,"A"
"20104",2326942,50,0,"1",.,"A",.,"A",.,"A",.,"A",.,"A",210,"D",.,"A",.,"A",.,"A",.,"A",.,"A",.,"A",175,"D",.,"A",.,"A"
"20104",2326992,33,0,"1",.,"A",.,"A",.,"A",.,"A",.,"A",.,"A",.,"A",.,"A",.,"A",.,"A",.,"A",.,"A",.,"A",.,"A",.,"A"
"20104",2327002,91,0,"1",.,"A",.,"A",.,"A",.,"A",.,"A",.,"A",.,"A",.,"A",6,"D",.,"A",.,"A",.,"A",62,"D",.,"A",.,"A"
"20104",2327022,36,0,"1",.,"A",.,"A",.,"A",.,"A",.,"A",.,"A",.,"A",.,"A",.,"A",.,"A",.,"A",.,"A",150,"D",.,"A",.,"A"
"20104",2327055,40,0,"1",.,"A",.,"A",.,"A",.,"A",.,"A",75,"D",.,"A",.,"A",.,"A",.,"A",.,"A",.,"A",90,"D",.,"A",.,"A"
"20104",2327062,37,0,"1",.,"A",.,"A",.,"A",.,"A",.,"A",.,"A",.,"A",.,"A",.,"A",.,"A",.,"A",.,"A",14,"D",.,"A",.,"A"
"20104",2327072,48,0,"1",.,"A",.,"A",.,"A",.,"A",.,"A",78,"D",.,"A",.,"A",.,"A",.,"A",.,"A",.,"A",11,"D",.,"A",.,"A"
"20104",2327082,44,0,"1",.,"A",25,"D",.,"A",.,"A",.,"A",15,"D",.,"A",.,"A",.,"A",.,"A",.,"A",.,"A",80,"D",.,"A",.,"A"
"20104",2327112,34,0,"1",.,"A",.,"A",.,"A",.,"A",.,"A",.,"A",.,"A",.,"A",.,"A",.,"A",.,"A",.,"A",.,"A",.,"A",.,"A"
"20104",2327142,47,0,"1",.,"A",.,"A",.,"A",.,"A",.,"A",.,"A",.,"A",.,"A",.,"A",.,"A",.,"A",.,"A",.,"A",.,"A",.,"A"
"20104",2327192,34,0,"1",.,"A",.,"A",.,"A",.,"A",.,"A",.,"A",.,"A",.,"A",.,"A",.,"A",.,"A",.,"A",16,"D",.,"A",.,"A"
"20104",2327204,43,0,"1",.,"A",.,"A",.,"A",.,"A",120,"D",.,"A",1170,"D",.,"A",.,"A",.,"A",.,"A",.,"A",85,"D",.,"A",.,"A"
"20104",2327212,64,0,"1",.,"A",.,"A",.,"A",.,"A",.,"A",.,"A",.,"A",.,"A",.,"A",.,"A",.,"A",.,"A",200,"D",.,"A",.,"A"
"20104",2327232,77,0,"1",.,"A",.,"A",.,"A",.,"A",.,"A",120,"D",.,"A",.,"A",60,"D",.,"A",.,"A",.,"A",235,"D",.,"A",.,"A"
"20104",2327242,50,0,"1",.,"A",.,"A",.,"A",20,"D",.,"A",.,"A",.,"A",.,"A",39,"D",.,"A",.,"A",.,"A",80,"D",.,"A",.,"A"
"20104",2327252,34,0,"1",.,"A",.,"A",.,"A",.,"A",.,"A",.,"A",182,"D",.,"A",9,"D",.,"A",.,"A",.,"A",.,"A",.,"A",.,"A"
"20104",2327262,22,0,"1",.,"A",.,"A",.,"A",20,"D",10,"D",.,"A",.,"A",.,"A",.,"A",267,"D",6,"D",6,"D",.,"A",89,"D",.,"A"
"20104",2327302,52,0,"1",.,"A",.,"A",.,"A",.,"A",.,"A",.,"A",.,"A",.,"A",.,"A",45,"D",0,"D",0,"D",10,"D",15,"D",.,"A"
"20104",2327312,34,0,"1",.,"A",.,"A",.,"A",.,"A",240,"D",.,"A",.,"A",.,"A",.,"A",.,"A",.,"A",.,"A",40,"D",.,"A",.,"A"
"20104",2327322,50,0,"1",.,"A",.,"A",.,"A",.,"A",.,"A",.,"A",.,"A",.,"A",.,"A",.,"A",.,"A",.,"A",.,"A",.,"A",.,"A"
"20104",2327332,89,0,"1",.,"A",.,"A",.,"A",.,"A",.,"A",.,"A",.,"A",.,"A",.,"A",.,"A",.,"A",.,"A",125,"D",.,"A",.,"A"
"20104",2327372,62,0,"1",.,"A",.,"A",.,"A",.,"A",.,"A",.,"A",.,"A",.,"A",.,"A",.,"A",.,"A",.,"A",.,"A",.,"A",.,"A"
"20104",2327382,39,0,"1",.,"A",.,"A",.,"A",.,"A",.,"A",.,"A",.,"A",.,"A",.,"A",.,"A",.,"A",.,"A",60,"D",.,"A",.,"A"
"20104",2327392,68,0,"1",.,"A",.,"A",.,"A",.,"A",.,"A",.,"A",520,"D",.,"A",.,"A",.,"A",.,"A",.,"A",50,"D",.,"A",.,"A"
"20104",2327402,70,0,"1",.,"A",.,"A",.,"A",.,"A",.,"A",.,"A",.,"A",.,"A",.,"A",.,"A",.,"A",.,"A",400,"D",.,"A",.,"A"
"20104",2327442,35,0,"1",.,"A",.,"A",.,"A",.,"A",.,"A",.,"A",156,"D",.,"A",.,"A",.,"A",.,"A",.,"A",.,"A",.,"A",.,"A"
"20104",2327452,37,0,"1",.,"A",.,"A",.,"A",.,"A",.,"A",.,"A",.,"A",.,"A",.,"A",.,"A",.,"A",.,"A",12,"D",.,"A",.,"A"
"20104",2327462,62,0,"1",.,"A",.,"A",.,"A",.,"A",.,"A",.,"A",130,"D",.,"A",.,"A",.,"A",.,"A",.,"A",.,"A",.,"A",.,"A"
"20104",2327472,74,0,"1",.,"A",.,"A",.,"A",.,"A",.,"A",.,"A",325,"D",.,"A",.,"A",.,"A",.,"A",.,"A",120,"D",.,"A",.,"A"
"20104",2327492,59,0,"1",.,"A",.,"A",.,"A",.,"A",.,"A",.,"A",.,"A",.,"A",15,"D",.,"A",.,"A",.,"A",.,"A",.,"A",.,"A"
"20104",2327502,58,0,"1",.,"A",.,"A",.,"A",.,"A",.,"A",.,"A",.,"A",.,"A",.,"A",.,"A",.,"A",.,"A",40,"D",.,"A",.,"A"
"20104",2327532,25,0,"1",.,"A",.,"A",.,"A",.,"A",15,"D",.,"A",.,"A",.,"A",.,"A",.,"A",.,"A",.,"A",60,"D",.,"A",.,"A"
"20104",2327562,25,0,"1",.,"A",.,"A",.,"A",.,"A",.,"A",.,"A",.,"A",.,"A",.,"A",0,"D",0,"D",30,"D",.,"A",0,"D",.,"A"
"20104",2327582,62,0,"1",.,"A",.,"A",.,"A",.,"A",.,"A",1200,"D",.,"A",.,"A",.,"A",.,"A",.,"A",.,"A",660,"D",.,"A",.,"A"
"20104",2327592,99,0,"1",.,"A",.,"A",.,"A",.,"A",11,"D",.,"A",.,"A",.,"A",.,"A",.,"A",.,"A",.,"A",165,"D",.,"A",.,"A"
"20104",2327602,105,0,"1",.,"A",.,"A",27,"D",.,"A",.,"A",.,"A",.,"A",.,"A",.,"A",96,"D",0,"D",0,"D",851,"D",32,"D",45,"D"
"20104",2327612,23,0,"1",.,"A",.,"A",.,"A",.,"A",.,"A",.,"A",.,"A",.,"A",.,"A",.,"A",.,"A",.,"A",.,"A",.,"A",.,"A"
"20104",2327632,52,0,"1",.,"A",.,"A",.,"A",.,"A",.,"A",.,"A",.,"A",.,"A",.,"A",.,"A",.,"A",.,"A",75,"D",.,"A",.,"A"
"20104",2327652,45,0,"1",.,"A",.,"A",.,"A",.,"A",.,"A",.,"A",.,"A",.,"A",.,"A",.,"A",.,"A",.,"A",.,"A",.,"A",.,"A"
"20104",2327682,37,0,"1",.,"A",.,"A",.,"A",.,"A",.,"A",.,"A",.,"A",.,"A",.,"A",.,"A",.,"A",.,"A",.,"A",.,"A",.,"A"
"20104",2327692,36,0,"1",.,"A",.,"A",.,"A",.,"A",.,"A",.,"A",.,"A",.,"A",.,"A",.,"A",.,"A",.,"A",20,"D",.,"A",.,"A"
"20104",2327702,50,0,"1",.,"A",.,"A",.,"A",.,"A",.,"A",.,"A",.,"A",.,"A",.,"A",.,"A",.,"A",.,"A",70,"D",.,"A",.,"A"
"20104",2327722,45,0,"1",.,"A",.,"A",.,"A",.,"A",.,"A",.,"A",.,"A",.,"A",.,"A",.,"A",.,"A",.,"A",35,"D",.,"A",.,"A"
"20104",2327735,43,0,"1",.,"A",.,"A",.,"A",.,"A",20,"D",.,"A",.,"A",.,"A",.,"A",.,"A",.,"A",.,"A",80,"D",.,"A",.,"A"
"20104",2327782,57,0,"1",.,"A",.,"A",.,"A",.,"A",.,"A",120,"D",.,"A",.,"A",.,"A",.,"A",.,"A",.,"A",300,"D",.,"A",.,"A"
"20104",2327812,33,0,"1",.,"A",.,"A",.,"A",.,"A",20,"D",45,"D",.,"A",.,"A",.,"A",.,"A",.,"A",.,"A",9,"D",.,"A",.,"A"
"20104",2327822,44,0,"1",.,"A",.,"A",.,"A",.,"A",25,"D",.,"A",182,"D",.,"A",.,"A",0,"D",0,"D",0,"D",.,"A",0,"D",.,"A"
"20104",2327832,39,0,"1",.,"A",.,"A",.,"A",.,"A",.,"A",.,"A",.,"A",.,"A",.,"A",.,"A",.,"A",.,"A",75,"D",.,"A",.,"A"
"20104",2327852,56,0,"1",.,"A",.,"A",.,"A",.,"A",.,"A",.,"A",1300,"D",.,"A",.,"A",.,"A",.,"A",.,"A",15,"D",.,"A",.,"A"
"20104",2327862,46,0,"1",.,"A",.,"A",.,"A",.,"A",75,"D",.,"A",260,"D",.,"A",.,"A",.,"A",.,"A",.,"A",.,"A",.,"A",.,"A"
"20104",2327882,39,0,"1",.,"A",.,"A",.,"A",.,"A",.,"A",.,"A",.,"A",.,"A",.,"A",.,"A",.,"A",.,"A",.,"A",.,"A",.,"A"
"20104",2327892,26,0,"1",.,"A",.,"A",.,"A",.,"A",360,"D",.,"A",.,"A",.,"A",.,"A",.,"A",.,"A",.,"A",.,"A",.,"A",.,"A"
"20104",2327902,47,0,"1",.,"A",.,"A",.,"A",.,"A",.,"A",13,"D",.,"A",.,"A",24,"D",135,"D",0,"D",60,"D",90,"D",45,"D",.,"A"
"20104",2327912,100,0,"1",.,"A",.,"A",.,"A",.,"A",.,"A",360,"D",156,"D",.,"A",.,"A",.,"A",.,"A",.,"A",296,"D",.,"A",.,"A"
"20104",2327922,43,0,"1",.,"A",.,"A",.,"A",.,"A",.,"A",.,"A",91,"D",.,"A",.,"A",.,"A",.,"A",.,"A",.,"A",.,"A",.,"A"
"20104",2327972,35,0,"1",.,"A",.,"A",.,"A",.,"A",.,"A",.,"A",.,"A",.,"A",.,"A",.,"A",.,"A",.,"A",.,"A",.,"A",.,"A"
"20104",2327992,50,0,"1",24,"D",.,"A",.,"A",120,"D",24,"D",.,"A",.,"A",.,"A",.,"A",828,"D",0,"D",135,"D",100,"D",276,"D",.,"A"
"20104",2328013,37,0,"1",.,"A",.,"A",.,"A",.,"A",.,"A",.,"A",.,"A",.,"A",.,"A",.,"A",.,"A",.,"A",.,"A",.,"A",.,"A"
"20104",2328032,67,0,"1",.,"A",.,"A",.,"A",.,"A",.,"A",5,"D",.,"A",.,"A",.,"A",.,"A",.,"A",.,"A",330,"D",.,"A",.,"A"
"20104",2328052,49,0,"1",.,"A",.,"A",.,"A",.,"A",.,"A",.,"A",.,"A",.,"A",.,"A",.,"A",.,"A",.,"A",60,"D",.,"A",.,"A"
"20104",2328062,55,0,"1",.,"A",.,"A",.,"A",.,"A",.,"A",.,"A",.,"A",.,"A",.,"A",.,"A",.,"A",.,"A",.,"A",.,"A",.,"A"
"20104",2328072,54,0,"1",.,"A",.,"A",.,"A",.,"A",.,"A",.,"A",.,"A",.,"A",150,"D",.,"A",.,"A",.,"A",30,"D",.,"A",.,"A"
"20104",2328104,26,0,"1",.,"A",.,"A",.,"A",.,"A",.,"A",.,"A",.,"A",.,"A",.,"A",.,"A",.,"A",.,"A",.,"A",.,"A",.,"A"
"20104",2328122,52,0,"1",.,"A",.,"A",.,"A",.,"A",.,"A",.,"A",.,"A",.,"A",.,"A",.,"A",.,"A",.,"A",.,"A",.,"A",.,"A"
"20104",2328142,46,0,"1",.,"A",.,"A",.,"A",.,"A",.,"A",50,"D",780,"D",780,"D",.,"A",.,"A",.,"A",.,"A",65,"D",.,"A",.,"A"
"20104",2328152,61,0,"1",30,"D",.,"A",.,"A",.,"A",120,"D",.,"A",.,"A",.,"A",.,"A",.,"A",.,"A",.,"A",120,"D",.,"A",.,"A"
"20104",2328162,33,0,"1",.,"A",.,"A",.,"A",30,"D",30,"D",.,"A",.,"A",.,"A",.,"A",360,"D",0,"D",0,"D",30,"D",120,"D",.,"A"
"20104",2328182,94,0,"1",.,"A",.,"A",.,"A",.,"A",.,"A",135,"D",.,"A",.,"A",.,"A",.,"A",.,"A",.,"A",153,"D",.,"A",.,"A"
"20104",2328192,28,0,"1",.,"A",.,"A",.,"A",.,"A",.,"A",.,"A",.,"A",.,"A",.,"A",.,"A",.,"A",.,"A",.,"A",.,"A",.,"A"
"20104",2328202,70,0,"1",.,"A",.,"A",.,"A",.,"A",.,"A",.,"A",.,"A",.,"A",.,"A",.,"A",.,"A",.,"A",40,"D",.,"A",.,"A"
"20104",2328222,37,0,"1",.,"A",.,"A",.,"A",.,"A",.,"A",.,"A",.,"A",.,"A",.,"A",.,"A",.,"A",.,"A",.,"A",.,"A",.,"A"
"20104",2328242,40,0,"1",.,"A",.,"A",.,"A",.,"A",.,"A",.,"A",.,"A",.,"A",.,"A",.,"A",.,"A",.,"A",600,"D",.,"A",.,"A"
"20104",2328252,59,0,"1",.,"A",.,"A",.,"A",.,"A",.,"A",.,"A",.,"A",.,"A",.,"A",.,"A",.,"A",.,"A",.,"A",.,"A",.,"A"
"20104",2328262,44,0,"1",.,"A",.,"A",.,"A",.,"A",.,"A",.,"A",.,"A",.,"A",.,"A",.,"A",.,"A",.,"A",.,"A",.,"A",.,"A"
"20104",2328292,94,0,"1",.,"A",.,"A",25,"D",.,"A",.,"A",.,"A",.,"A",.,"A",.,"A",.,"A",.,"A",.,"A",250,"D",.,"A",.,"A"
"20104",2328312,29,0,"1",.,"A",.,"A",.,"A",.,"A",.,"A",.,"A",.,"A",.,"A",.,"A",.,"A",.,"A",.,"A",.,"A",.,"A",.,"A"
"20104",2328322,40,0,"1",.,"A",.,"A",.,"A",.,"A",.,"A",.,"A",.,"A",.,"A",9,"D",.,"A",.,"A",.,"A",.,"A",.,"A",.,"A"
"20104",2328332,82,0,"1",24,"D",.,"A",.,"A",.,"A",0,"D",.,"A",.,"A",.,"A",.,"A",.,"A",.,"A",.,"A",486,"D",.,"A",.,"A"
"20104",2328362,37,0,"1",.,"A",.,"A",.,"A",60,"D",.,"A",.,"A",.,"A",39,"D",.,"A",.,"A",.,"A",.,"A",.,"A",.,"A",.,"A"
"20104",2328372,25,0,"1",10,"D",.,"A",.,"A",.,"A",20,"D",10,"D",.,"A",.,"A",.,"A",450,"D",0,"D",84,"D",.,"A",150,"D",.,"A"
"20104",2328382,51,0,"1",.,"A",.,"A",.,"A",.,"A",.,"A",.,"A",.,"A",.,"A",.,"A",.,"A",.,"A",.,"A",100,"D",.,"A",.,"A"
"20104",2328422,33,0,"1",.,"A",.,"A",.,"A",.,"A",.,"A",.,"A",.,"A",.,"A",.,"A",.,"A",.,"A",.,"A",.,"A",.,"A",.,"A"
"20104",2328432,39,0,"1",.,"A",.,"A",.,"A",.,"A",.,"A",.,"A",.,"A",.,"A",.,"A",.,"A",.,"A",.,"A",.,"A",.,"A",.,"A"
"20104",2328462,69,0,"1",.,"A",.,"A",.,"A",.,"A",.,"A",.,"A",650,"D",.,"A",.,"A",.,"A",.,"A",.,"A",185,"D",.,"A",.,"A"
"20104",2328472,45,0,"1",.,"A",.,"A",.,"A",.,"A",.,"A",.,"A",.,"A",.,"A",.,"A",.,"A",.,"A",.,"A",60,"D",.,"A",.,"A"
"20104",2328482,50,0,"1",.,"A",.,"A",.,"A",.,"A",.,"A",.,"A",260,"D",.,"A",.,"A",.,"A",.,"A",.,"A",50,"D",.,"A",.,"A"
"20104",2328492,34,0,"1",.,"A",.,"A",.,"A",.,"A",60,"D",.,"A",.,"A",.,"A",.,"A",.,"A",.,"A",.,"A",.,"A",.,"A",.,"A"
"20104",2328512,64,0,"1",.,"A",.,"A",.,"A",.,"A",.,"A",105,"D",390,"D",.,"A",.,"A",.,"A",.,"A",.,"A",240,"D",.,"A",.,"A"
"20104",2328522,80,0,"1",.,"A",.,"A",.,"A",.,"A",.,"A",.,"A",.,"A",.,"A",.,"A",.,"A",.,"A",.,"A",230,"D",.,"A",.,"A"
"20104",2328542,46,0,"1",.,"A",.,"A",.,"A",.,"A",.,"A",.,"A",1040,"D",.,"A",.,"A",.,"A",.,"A",.,"A",30,"D",.,"A",.,"A"
"20104",2328552,49,0,"1",.,"A",.,"A",.,"A",.,"A",.,"A",.,"A",.,"A",416,"D",.,"A",.,"A",.,"A",.,"A",60,"D",.,"A",.,"A"
"20104",2328582,35,0,"1",.,"A",.,"A",.,"A",.,"A",.,"A",.,"A",.,"A",.,"A",.,"A",.,"A",.,"A",.,"A",7,"D",.,"A",.,"A"
"20104",2328622,45,0,"1",.,"A",.,"A",.,"A",.,"A",.,"A",.,"A",.,"A",.,"A",.,"A",.,"A",.,"A",.,"A",80,"D",.,"A",.,"A"
"20104",2328633,42,0,"1",.,"A",.,"A",.,"A",.,"A",.,"A",.,"A",.,"A",.,"A",.,"A",.,"A",.,"A",.,"A",28,"D",.,"A",.,"A"
"20104",2328642,33,0,"1",.,"A",.,"A",.,"A",.,"A",120,"D",.,"A",.,"A",.,"A",.,"A",.,"A",.,"A",.,"A",27,"D",.,"A",.,"A"
"20104",2328652,62,0,"1",.,"A",.,"A",.,"A",.,"A",.,"A",.,"A",.,"A",.,"A",.,"A",.,"A",.,"A",.,"A",500,"D",.,"A",.,"A"
"20104",2328662,56,0,"1",.,"A",.,"A",.,"A",.,"A",.,"A",.,"A",.,"A",.,"A",.,"A",.,"A",.,"A",.,"A",.,"A",.,"A",.,"A"
"20104",2328722,57,0,"1",.,"A",.,"A",.,"A",.,"A",.,"A",.,"A",.,"A",.,"A",.,"A",.,"A",.,"A",.,"A",150,"D",.,"A",.,"A"
"20104",2328752,85,0,"1",.,"A",.,"A",.,"A",.,"A",.,"A",.,"A",.,"A",455,"D",.,"A",.,"A",.,"A",.,"A",100,"D",.,"A",.,"A"
"20104",2328762,36,0,"1",.,"A",.,"A",.,"A",.,"A",.,"A",.,"A",910,"D",.,"A",.,"A",.,"A",.,"A",.,"A",.,"A",.,"A",.,"A"
"20104",2328772,62,0,"1",.,"A",.,"A",.,"A",.,"A",.,"A",12,"D",130,"F",.,"A",.,"A",.,"A",.,"A",.,"A",300,"D",.,"A",.,"A"
"20104",2328782,60,0,"1",.,"A",.,"A",.,"A",.,"A",.,"A",200,"D",.,"A",.,"A",75,"D",.,"A",.,"A",.,"A",200,"D",.,"A",.,"A"
"20104",2328802,75,0,"1",.,"A",.,"A",.,"A",30,"D",.,"A",.,"A",.,"A",.,"A",45,"D",.,"A",.,"A",.,"A",400,"D",.,"A",.,"A"
"20104",2328842,52,0,"1",.,"A",.,"A",.,"A",.,"A",.,"A",.,"A",.,"A",.,"A",.,"A",.,"A",.,"A",.,"A",.,"A",.,"A",.,"A"
"20104",2328872,39,0,"1",.,"A",.,"A",.,"A",.,"A",.,"A",30,"D",.,"A",.,"A",.,"A",.,"A",.,"A",.,"A",400,"D",.,"A",.,"A"
"20104",2328892,45,0,"1",.,"A",.,"A",.,"A",.,"A",.,"A",.,"A",.,"A",.,"A",.,"A",.,"A",.,"A",.,"A",120,"D",.,"A",.,"A"
"20104",2328902,49,0,"1",.,"A",.,"A",.,"A",.,"A",.,"A",.,"A",.,"A",.,"A",.,"A",.,"A",.,"A",.,"A",120,"D",.,"A",.,"A"
"20104",2328912,59,0,"1",.,"A",.,"A",.,"A",.,"A",.,"A",.,"A",.,"A",.,"A",.,"A",.,"A",.,"A",.,"A",.,"A",.,"A",.,"A"
"20104",2328922,70,0,"1",.,"A",.,"A",.,"A",.,"A",.,"A",.,"A",.,"A",.,"A",3,"D",.,"A",.,"A",.,"A",13,"D",.,"A",.,"A"
"20104",2328942,22,0,"1",.,"A",.,"A",.,"A",25,"D",18,"D",.,"A",.,"A",.,"A",.,"A",180,"D",0,"D",0,"D",30,"D",60,"D",.,"A"
"20104",2328962,41,0,"1",.,"A",.,"A",.,"A",.,"A",.,"A",.,"A",.,"A",.,"A",.,"A",.,"A",.,"A",.,"A",.,"A",.,"A",.,"A"
"20104",2328972,52,0,"1",.,"A",.,"A",.,"A",.,"A",.,"A",.,"A",2431,"D",.,"A",201,"D",.,"A",.,"A",.,"A",.,"A",.,"A",.,"A"
"20104",2328982,45,0,"1",.,"A",.,"A",.,"A",.,"A",.,"A",.,"A",.,"A",.,"A",.,"A",267,"D",0,"D",0,"D",150,"D",89,"D",60,"D"
"20104",2328992,54,0,"1",.,"A",.,"A",.,"A",.,"A",.,"A",30,"D",.,"A",.,"A",.,"A",0,"D",0,"D",30,"D",80,"D",0,"D",.,"A"
"20104",2329022,40,0,"1",.,"A",.,"A",.,"A",.,"A",.,"A",.,"A",.,"A",.,"A",.,"A",.,"A",.,"A",.,"A",.,"A",.,"A",.,"A"
"20104",2329042,29,0,"1",.,"A",.,"A",.,"A",.,"A",.,"A",.,"A",.,"A",.,"A",.,"A",.,"A",.,"A",.,"A",.,"A",.,"A",.,"A"
"20104",2329052,40,0,"1",.,"A",.,"A",.,"A",.,"A",.,"A",.,"A",260,"D",.,"A",.,"A",.,"A",.,"A",.,"A",70,"D",.,"A",.,"A"
"20104",2329075,40,0,"1",.,"A",.,"A",.,"A",.,"A",75,"D",.,"A",.,"A",.,"A",.,"A",.,"A",.,"A",.,"A",40,"D",.,"A",.,"A"
"20104",2329092,36,0,"1",40,"D",.,"A",.,"A",.,"A",80,"D",.,"A",.,"A",.,"A",.,"A",0,"D",0,"D",30,"D",90,"D",0,"D",.,"A"
"20104",2329122,36,0,"1",.,"A",.,"A",.,"A",.,"A",.,"A",.,"A",.,"A",.,"A",.,"A",.,"A",.,"A",.,"A",.,"A",.,"A",.,"A"
"20104",2329132,60,0,"1",.,"A",.,"A",.,"A",.,"A",.,"A",.,"A",.,"A",.,"A",.,"A",.,"A",.,"A",.,"A",180,"D",.,"A",.,"A"
"20104",2329142,76,0,"1",.,"A",.,"A",.,"A",.,"A",.,"A",16,"D",.,"A",.,"A",.,"A",180,"D",0,"D",0,"D",34,"D",60,"D",.,"A"
"20104",2329152,50,0,"1",.,"A",.,"A",.,"A",.,"A",.,"A",.,"A",.,"A",.,"A",15,"D",.,"A",.,"A",.,"A",.,"A",.,"A",.,"A"
"20104",2329162,37,0,"1",93,"D",.,"A",.,"A",.,"A",232,"D",195,"F",.,"A",.,"A",.,"A",.,"A",.,"A",.,"A",.,"A",.,"A",.,"A"
"20104",2329172,53,0,"1",.,"A",.,"A",.,"A",.,"A",.,"A",.,"A",.,"A",.,"A",.,"A",0,"D",0,"D",120,"D",420,"D",0,"D",.,"A"
"20104",2329182,49,0,"1",.,"A",.,"A",.,"A",.,"A",.,"A",.,"A",.,"A",.,"A",.,"A",.,"A",.,"A",.,"A",17,"D",.,"A",.,"A"
"20104",2329192,53,0,"1",.,"A",.,"A",.,"A",.,"A",.,"A",30,"D",.,"A",.,"A",.,"A",.,"A",.,"A",.,"A",.,"A",.,"A",.,"A"
"20104",2329212,53,0,"1",.,"A",.,"A",.,"A",.,"A",.,"A",.,"A",.,"A",.,"A",.,"A",.,"A",.,"A",.,"A",12,"D",.,"A",.,"A"
"20104",2329222,35,0,"1",.,"A",.,"A",.,"A",.,"A",70,"D",.,"A",130,"D",.,"A",30,"D",.,"A",.,"A",.,"A",60,"D",.,"A",.,"A"
"20104",2329232,60,0,"1",.,"A",.,"A",.,"A",.,"A",.,"A",60,"D",.,"A",.,"A",.,"A",.,"A",.,"A",.,"A",77,"D",.,"A",.,"A"
"20104",2329242,35,0,"1",.,"A",.,"A",.,"A",.,"A",.,"A",.,"A",260,"F",.,"A",.,"A",.,"A",.,"A",.,"A",.,"A",.,"A",.,"A"
"20104",2329272,120,0,"1",.,"A",.,"A",.,"A",110,"D",.,"A",.,"A",.,"A",.,"A",60,"D",.,"A",.,"A",.,"A",450,"D",.,"A",.,"A"
"20104",2329282,42,0,"1",.,"A",.,"A",.,"A",.,"A",.,"A",24,"D",.,"A",78,"D",.,"A",.,"A",.,"A",.,"A",60,"D",.,"A",.,"A"
"20104",2329292,50,0,"1",.,"A",.,"A",.,"A",.,"A",.,"A",.,"A",390,"D",.,"A",.,"A",.,"A",.,"A",.,"A",.,"A",.,"A",.,"A"
"20104",2329302,42,0,"1",.,"A",.,"A",.,"A",.,"A",.,"A",.,"A",.,"A",.,"A",.,"A",0,"D",0,"D",6,"D",.,"A",0,"D",.,"A"
"20104",2329322,48,0,"1",.,"A",.,"A",.,"A",.,"A",.,"A",.,"A",.,"A",.,"A",60,"D",.,"A",.,"A",.,"A",75,"D",.,"A",.,"A"
"20104",2329332,49,0,"1",.,"A",.,"A",.,"A",.,"A",.,"A",.,"A",143,"D",.,"A",15,"D",.,"A",.,"A",.,"A",30,"D",.,"A",.,"A"
"20104",2329342,59,0,"1",.,"A",.,"A",.,"A",.,"A",.,"A",.,"A",.,"A",13,"D",.,"A",.,"A",.,"A",.,"A",.,"A",.,"A",.,"A"
"20104",2329382,28,0,"1",.,"A",.,"A",.,"A",.,"A",.,"A",.,"A",754,"D",.,"A",.,"A",.,"A",.,"A",.,"A",.,"A",.,"A",.,"A"
"20104",2329402,31,0,"1",.,"A",.,"A",.,"A",.,"A",.,"A",.,"A",.,"A",.,"A",.,"A",.,"A",.,"A",.,"A",.,"A",.,"A",.,"A"
"20104",2329422,84,0,"1",.,"A",.,"A",.,"A",.,"A",.,"A",.,"A",.,"A",.,"A",.,"A",.,"A",.,"A",.,"A",240,"D",.,"A",.,"A"
"20104",2329432,37,0,"1",.,"A",.,"A",.,"A",.,"A",.,"A",.,"A",.,"A",.,"A",.,"A",.,"A",.,"A",.,"A",.,"A",.,"A",.,"A"
"20104",2329462,39,0,"1",.,"A",.,"A",.,"A",.,"A",.,"A",.,"A",.,"A",.,"A",15,"D",.,"A",.,"A",.,"A",.,"A",.,"A",.,"A"
"20104",2329482,37,0,"1",.,"A",.,"A",.,"A",.,"A",.,"A",.,"A",.,"A",.,"A",.,"A",.,"A",.,"A",.,"A",.,"A",.,"A",.,"A"
"20104",2329492,31,0,"1",.,"A",.,"A",.,"A",.,"A",10,"D",.,"A",.,"A",.,"A",18,"D",.,"A",.,"A",.,"A",90,"D",.,"A",.,"A"
"20104",2329502,39,0,"1",.,"A",.,"A",.,"A",.,"A",.,"A",.,"A",.,"A",.,"A",.,"A",.,"A",.,"A",.,"A",.,"A",.,"A",.,"A"
"20104",2329512,39,0,"1",.,"A",.,"A",.,"A",.,"A",.,"A",.,"A",.,"A",.,"A",.,"A",.,"A",.,"A",.,"A",.,"A",.,"A",.,"A"
"20104",2329532,25,0,"1",.,"A",.,"A",.,"A",.,"A",.,"A",.,"A",.,"A",.,"A",.,"A",.,"A",.,"A",.,"A",20,"D",.,"A",.,"A"
"20104",2329542,34,0,"1",.,"A",.,"A",.,"A",.,"A",.,"A",.,"A",.,"A",.,"A",.,"A",.,"A",.,"A",.,"A",.,"A",.,"A",.,"A"
"20104",2329552,39,0,"1",.,"A",.,"A",.,"A",.,"A",.,"A",.,"A",.,"A",.,"A",.,"A",.,"A",.,"A",.,"A",.,"A",.,"A",.,"A"
"20104",2329572,59,0,"1",.,"A",.,"A",.,"A",.,"A",.,"A",45,"D",.,"A",.,"A",9,"D",.,"A",.,"A",.,"A",56,"D",.,"A",.,"A"
"20104",2329602,65,0,"1",.,"A",.,"A",.,"A",.,"A",.,"A",20,"D",325,"D",.,"A",.,"A",.,"A",.,"A",.,"A",150,"D",.,"A",.,"A"
"20104",2329612,57,0,"1",.,"A",.,"A",.,"A",.,"A",.,"A",.,"A",.,"A",.,"A",.,"A",.,"A",.,"A",.,"A",20,"D",.,"A",.,"A"
"20104",2329632,33,0,"1",.,"A",.,"A",.,"A",.,"A",.,"A",.,"A",.,"A",.,"A",.,"A",.,"A",.,"A",.,"A",.,"A",.,"A",.,"A"
"20104",2329642,48,0,"1",.,"A",.,"A",.,"A",.,"A",.,"A",.,"A",780,"D",.,"A",.,"A",.,"A",.,"A",.,"A",138,"D",.,"A",.,"A"
"20104",2329692,37,0,"1",.,"A",.,"A",.,"A",.,"A",.,"A",.,"A",.,"A",.,"A",.,"A",.,"A",.,"A",.,"A",180,"D",.,"A",.,"A"
"20104",2329702,42,0,"1",.,"A",.,"A",.,"A",.,"A",.,"A",.,"A",325,"D",.,"A",.,"A",.,"A",.,"A",.,"A",30,"D",.,"A",.,"A"
"20104",2329722,48,0,"1",.,"A",.,"A",.,"A",.,"A",.,"A",.,"A",.,"A",.,"A",.,"A",.,"A",.,"A",.,"A",120,"D",.,"A",.,"A"
"20104",2329744,49,0,"1",.,"A",.,"A",.,"A",100,"D",.,"A",50,"D",.,"A",.,"A",.,"A",.,"A",.,"A",.,"A",180,"D",.,"A",.,"A"
"20104",2329752,24,0,"1",.,"A",.,"A",.,"A",.,"A",.,"A",.,"A",.,"A",.,"A",.,"A",.,"A",.,"A",.,"A",20,"D",.,"A",.,"A"
"20104",2329762,52,0,"1",.,"A",.,"A",.,"A",.,"A",120,"D",60,"D",.,"A",.,"A",.,"A",264,"D",0,"D",0,"D",180,"D",88,"D",.,"A"
"20104",2329782,40,0,"1",.,"A",.,"A",.,"A",.,"A",.,"A",.,"A",.,"A",.,"A",.,"A",.,"A",.,"A",.,"A",.,"A",.,"A",.,"A"
"20104",2329855,35,0,"1",.,"A",.,"A",.,"A",.,"A",65,"D",.,"A",.,"A",.,"A",.,"A",.,"A",.,"A",.,"A",60,"D",.,"A",.,"A"
"20104",2329874,43,0,"1",.,"A",.,"A",.,"A",75,"D",48,"D",.,"A",.,"A",.,"A",.,"A",180,"D",0,"D",0,"D",60,"D",60,"D",.,"A"
"20104",2329882,62,0,"1",.,"A",.,"A",.,"A",.,"A",.,"A",.,"A",.,"A",.,"A",15,"D",0,"D",0,"D",180,"D",30,"D",0,"D",.,"A"
"20104",2329902,65,0,"1",.,"A",.,"A",.,"A",.,"A",.,"A",.,"A",650,"D",.,"A",.,"A",.,"A",.,"A",.,"A",.,"A",.,"A",.,"A"
"20104",2329952,65,0,"1",.,"A",.,"A",.,"A",.,"A",.,"A",.,"A",.,"A",.,"A",.,"A",.,"A",.,"A",.,"A",180,"D",.,"A",.,"A"
"20104",2329972,43,0,"1",.,"A",.,"A",.,"A",.,"A",.,"A",.,"A",.,"A",.,"A",.,"A",.,"A",.,"A",.,"A",120,"D",.,"A",.,"A"
"20104",2329982,40,0,"1",20,"D",.,"A",.,"A",.,"A",220,"D",.,"A",.,"A",.,"A",24,"D",.,"A",.,"A",.,"A",50,"D",.,"A",.,"A"
"20104",2330002,44,0,"1",.,"A",.,"A",.,"A",.,"A",7,"D",.,"A",.,"A",.,"A",.,"A",.,"A",.,"A",.,"A",10,"D",.,"A",.,"A"
"20104",2330012,39,0,"1",.,"A",.,"A",.,"A",.,"A",.,"A",.,"A",.,"A",.,"A",30,"D",.,"A",.,"A",.,"A",80,"D",.,"A",.,"A"
"20104",2330032,51,0,"1",.,"A",.,"A",.,"A",.,"A",99,"D",.,"A",.,"A",.,"A",6,"D",.,"A",.,"A",.,"A",14,"D",.,"A",.,"A"
"20104",2330052,52,0,"1",.,"A",.,"A",.,"A",.,"A",.,"A",.,"A",650,"D",.,"A",.,"A",.,"A",.,"A",.,"A",65,"D",.,"A",.,"A"
"20104",2330062,40,0,"1",.,"A",.,"A",.,"A",.,"A",.,"A",.,"A",260,"D",.,"A",105,"D",.,"A",.,"A",.,"A",.,"A",.,"A",.,"A"
"20104",2330072,28,0,"1",.,"A",.,"A",.,"A",.,"A",30,"D",.,"A",1040,"D",.,"A",.,"A",.,"A",.,"A",.,"A",60,"D",.,"A",.,"A"
"20104",2330092,60,0,"1",.,"A",.,"A",.,"A",.,"A",.,"A",.,"A",.,"A",.,"A",.,"A",.,"A",.,"A",.,"A",38,"D",.,"A",.,"A"
"20104",2330102,53,0,"1",.,"A",.,"A",.,"A",.,"A",.,"A",.,"A",.,"A",.,"A",.,"A",.,"A",.,"A",.,"A",40,"D",.,"A",.,"A"
"20104",2330112,38,0,"1",.,"A",.,"A",.,"A",.,"A",.,"A",.,"A",130,"D",.,"A",.,"A",.,"A",.,"A",.,"A",.,"A",.,"A",.,"A"
"20104",2330132,44,0,"1",.,"A",.,"A",.,"A",.,"A",.,"A",.,"A",.,"A",.,"A",.,"A",.,"A",.,"A",.,"A",.,"A",.,"A",.,"A"
"20104",2330142,38,0,"1",.,"A",.,"A",.,"A",.,"A",.,"A",.,"A",.,"A",.,"A",.,"A",.,"A",.,"A",.,"A",50,"D",.,"A",.,"A"
"20104",2330192,51,0,"1",.,"A",.,"A",.,"A",.,"A",.,"A",.,"A",.,"A",.,"A",.,"A",.,"A",.,"A",.,"A",175,"D",.,"A",.,"A"
"20104",2330212,89,0,"1",.,"A",.,"A",.,"A",40,"D",.,"A",.,"A",.,"A",.,"A",6,"D",15,"D",0,"D",15,"D",300,"D",5,"D",.,"A"
"20104",2330222,34,0,"1",.,"A",.,"A",.,"A",.,"A",.,"A",.,"A",.,"A",.,"A",.,"A",.,"A",.,"A",.,"A",45,"D",.,"A",.,"A"
"20104",2330232,60,0,"1",.,"A",.,"A",.,"A",.,"A",.,"A",.,"A",.,"A",.,"A",.,"A",.,"A",.,"A",.,"A",100,"D",.,"A",.,"A"
"20104",2330242,52,0,"1",.,"A",.,"A",.,"A",.,"A",.,"A",.,"A",.,"A",.,"A",.,"A",.,"A",.,"A",.,"A",100,"D",.,"A",.,"A"
"20104",2330262,50,0,"1",.,"A",.,"A",.,"A",.,"A",.,"A",25,"D",.,"A",.,"A",.,"A",.,"A",.,"A",.,"A",150,"D",.,"A",.,"A"
"20104",2330282,30,0,"1",.,"A",.,"A",.,"A",.,"A",.,"A",.,"A",.,"A",.,"A",.,"A",.,"A",.,"A",.,"A",.,"A",.,"A",.,"A"
"20104",2330292,42,0,"1",.,"A",.,"A",.,"A",.,"A",.,"A",.,"A",.,"A",.,"A",.,"A",.,"A",.,"A",.,"A",.,"A",.,"A",.,"A"
"20104",2330332,43,0,"1",.,"A",.,"A",.,"A",.,"A",.,"A",.,"A",1430,"D",.,"A",150,"D",.,"A",.,"A",.,"A",96,"D",.,"A",.,"A"
"20104",2330342,82,0,"1",.,"A",.,"A",.,"A",.,"A",.,"A",300,"D",.,"A",.,"A",.,"A",.,"A",.,"A",.,"A",80,"D",.,"A",.,"A"
"20104",2330352,43,0,"1",.,"A",.,"A",.,"A",.,"A",.,"A",100,"D",1560,"D",.,"A",.,"A",.,"A",.,"A",.,"A",320,"D",.,"A",.,"A"
"20104",2330362,36,0,"1",.,"A",.,"A",.,"A",90,"D",.,"A",.,"A",.,"A",.,"A",.,"A",.,"A",.,"A",.,"A",.,"A",.,"A",.,"A"
"20104",2330382,88,0,"1",.,"A",.,"A",96,"D",.,"A",.,"A",.,"A",208,"F",.,"A",.,"A",15,"D",0,"D",0,"D",190,"D",5,"D",.,"A"
"20104",2330392,54,0,"1",.,"A",.,"A",.,"A",200,"D",.,"A",.,"A",.,"A",.,"A",.,"A",.,"A",.,"A",.,"A",.,"A",.,"A",.,"A"
"20104",2330402,59,0,"1",.,"A",.,"A",.,"A",.,"A",.,"A",.,"A",325,"D",.,"A",.,"A",.,"A",.,"A",.,"A",.,"A",.,"A",.,"A"
"20104",2330422,31,0,"1",.,"A",.,"A",.,"A",.,"A",.,"A",.,"A",.,"A",.,"A",.,"A",.,"A",.,"A",.,"A",100,"D",.,"A",.,"A"
"20104",2330444,33,0,"1",.,"A",.,"A",.,"A",.,"A",.,"A",.,"A",.,"A",.,"A",.,"A",.,"A",.,"A",.,"A",.,"A",.,"A",.,"A"
"20104",2330462,29,0,"1",.,"A",.,"A",.,"A",.,"A",.,"A",.,"A",130,"D",.,"A",.,"A",.,"A",.,"A",.,"A",.,"A",.,"A",.,"A"
"20104",2330472,65,0,"1",.,"A",.,"A",.,"A",.,"A",.,"A",.,"A",.,"A",.,"A",360,"D",.,"A",.,"A",.,"A",60,"D",.,"A",.,"A"
"20104",2330482,37,0,"1",.,"A",.,"A",.,"A",.,"A",.,"A",.,"A",195,"D",.,"A",.,"A",.,"A",.,"A",.,"A",35,"D",.,"A",.,"A"
"20104",2330492,77,0,"1",.,"A",.,"A",.,"A",.,"A",.,"A",.,"A",.,"A",.,"A",.,"A",.,"A",.,"A",.,"A",125,"D",.,"A",.,"A"
"20104",2330525,70,0,"1",.,"A",.,"A",.,"A",.,"A",.,"A",.,"A",.,"A",.,"A",.,"A",.,"A",.,"A",.,"A",160,"D",.,"A",.,"A"
"20104",2330544,22,0,"1",.,"A",.,"A",.,"A",.,"A",.,"A",.,"A",.,"A",.,"A",.,"A",.,"A",.,"A",.,"A",.,"A",.,"A",.,"A"
"20104",2330552,79,0,"1",.,"A",.,"A",.,"A",.,"A",.,"A",.,"A",.,"A",.,"A",.,"A",.,"A",.,"A",.,"A",60,"D",.,"A",.,"A"
"20104",2330582,52,0,"1",.,"A",.,"A",.,"A",.,"A",.,"A",.,"A",.,"A",.,"A",.,"A",.,"A",.,"A",.,"A",60,"D",.,"A",.,"A"
"20104",2330592,41,0,"1",.,"A",.,"A",.,"A",.,"A",.,"A",.,"A",.,"A",.,"A",.,"A",.,"A",.,"A",.,"A",55,"D",.,"A",.,"A"
"20104",2330604,29,0,"1",.,"A",.,"A",.,"A",.,"A",.,"A",.,"A",.,"A",.,"A",.,"A",.,"A",.,"A",.,"A",35,"D",.,"A",.,"A"
"20104",2330612,70,0,"1",.,"A",.,"A",.,"A",.,"A",.,"A",.,"A",.,"A",.,"A",180,"D",.,"A",.,"A",.,"A",76,"D",.,"A",.,"A"
"20104",2330622,35,0,"1",.,"A",.,"A",.,"A",.,"A",.,"A",.,"A",.,"A",.,"A",.,"A",.,"A",.,"A",.,"A",.,"A",.,"A",.,"A"
"20104",2330632,48,0,"1",.,"A",.,"A",.,"A",.,"A",.,"A",.,"A",.,"A",.,"A",.,"A",.,"A",.,"A",.,"A",60,"D",.,"A",.,"A"
"20104",2330642,37,0,"1",.,"A",.,"A",.,"A",.,"A",.,"A",.,"A",.,"A",.,"A",.,"A",.,"A",.,"A",.,"A",75,"D",.,"A",.,"A"
"20104",2330662,66,0,"1",.,"A",.,"A",.,"A",.,"A",.,"A",.,"A",.,"A",.,"A",.,"A",450,"D",0,"D",0,"D",65,"D",150,"D",.,"A"
"20104",2330672,48,0,"1",.,"A",.,"A",.,"A",.,"A",.,"A",.,"A",.,"A",.,"A",.,"A",.,"A",.,"A",.,"A",465,"D",.,"A",.,"A"
"20104",2330682,35,0,"1",.,"A",.,"A",.,"A",.,"A",.,"A",.,"A",780,"D",.,"A",.,"A",.,"A",.,"A",.,"A",.,"A",.,"A",.,"A"
"20104",2330694,47,0,"1",.,"A",.,"A",.,"A",.,"A",.,"A",.,"A",.,"A",.,"A",.,"A",.,"A",.,"A",.,"A",35,"D",.,"A",.,"A"
"20104",2330712,34,0,"1",.,"A",.,"A",.,"A",.,"A",150,"D",.,"A",182,"D",.,"A",.,"A",.,"A",.,"A",.,"A",.,"A",.,"A",.,"A"
"20104",2330722,34,0,"1",.,"A",.,"A",.,"A",.,"A",.,"A",.,"A",.,"A",.,"A",.,"A",.,"A",.,"A",.,"A",20,"D",.,"A",.,"A"
"20104",2330752,39,0,"1",.,"A",.,"A",.,"A",.,"A",.,"A",.,"A",.,"A",.,"A",.,"A",.,"A",.,"A",.,"A",.,"A",.,"A",.,"A"
"20104",2330772,41,0,"1",.,"A",.,"A",.,"A",.,"A",160,"D",.,"A",585,"D",.,"A",.,"A",240,"D",0,"D",0,"D",.,"A",80,"D",.,"A"
"20104",2330782,85,0,"1",.,"A",.,"A",.,"A",.,"A",.,"A",.,"A",.,"A",.,"A",.,"A",.,"A",.,"A",.,"A",100,"D",.,"A",.,"A"
"20104",2330792,64,0,"1",.,"A",.,"A",.,"A",.,"A",.,"A",.,"A",.,"A",.,"A",.,"A",.,"A",.,"A",.,"A",40,"D",.,"A",.,"A"
"20104",2330853,38,0,"1",.,"A",.,"A",.,"A",.,"A",20,"D",.,"A",.,"A",78,"D",18,"D",.,"A",.,"A",.,"A",.,"A",.,"A",.,"A"
"20104",2330862,22,0,"1",.,"A",.,"A",.,"A",.,"A",24,"D",.,"A",390,"D",.,"A",.,"A",.,"A",.,"A",.,"A",.,"A",.,"A",.,"A"
"20104",2330872,53,0,"1",.,"A",.,"A",.,"A",.,"A",.,"A",.,"A",.,"A",.,"A",.,"A",.,"A",.,"A",.,"A",60,"D",.,"A",.,"A"
"20104",2330902,35,0,"1",.,"A",.,"A",.,"A",.,"A",.,"A",.,"A",325,"D",.,"A",.,"A",.,"A",.,"A",.,"A",.,"A",.,"A",.,"A"
"20104",2330912,99,0,"1",.,"A",.,"A",.,"A",.,"A",.,"A",.,"A",.,"A",.,"A",.,"A",.,"A",.,"A",.,"A",233,"D",.,"A",.,"A"
"20104",2330924,46,0,"1",.,"A",.,"A",.,"A",.,"A",.,"A",.,"A",.,"A",.,"A",.,"A",.,"A",.,"A",.,"A",.,"A",.,"A",.,"A"
"20104",2330952,35,0,"1",.,"A",.,"A",.,"A",.,"A",.,"A",.,"A",.,"A",.,"A",.,"A",.,"A",.,"A",.,"A",20,"D",.,"A",.,"A"
"20104",2330962,28,0,"1",.,"A",.,"A",.,"A",.,"A",.,"A",.,"A",.,"A",.,"A",.,"A",.,"A",.,"A",.,"A",.,"A",.,"A",.,"A"
"20104",2331082,55,0,"1",.,"A",.,"A",50,"D",.,"A",.,"A",45,"D",.,"A",.,"A",.,"A",30,"D",0,"D",0,"D",40,"D",10,"D",.,"A"
"20104",2331092,49,0,"1",.,"A",.,"A",.,"A",.,"A",.,"A",.,"A",.,"A",.,"A",.,"A",.,"A",.,"A",.,"A",270,"D",.,"A",.,"A"
"20104",2331132,38,0,"1",.,"A",.,"A",.,"A",.,"A",84,"D",.,"A",.,"A",.,"A",.,"A",.,"A",.,"A",.,"A",40,"D",.,"A",.,"A"
"20104",2331142,30,0,"1",.,"A",.,"A",.,"A",.,"A",12,"D",45,"D",.,"A",.,"A",.,"A",255,"D",0,"D",75,"D",120,"D",85,"D",.,"A"
"20104",2331152,47,0,"1",.,"A",.,"A",.,"A",.,"A",.,"A",.,"A",.,"A",.,"A",.,"A",.,"A",.,"A",.,"A",100,"D",.,"A",.,"A"
"20104",2331172,54,0,"1",.,"A",.,"A",.,"A",.,"A",.,"A",.,"A",.,"A",.,"A",.,"A",.,"A",.,"A",.,"A",240,"D",.,"A",.,"A"
"20104",2331182,34,0,"1",.,"A",.,"A",.,"A",.,"A",.,"A",.,"A",.,"A",.,"A",.,"A",.,"A",.,"A",.,"A",10,"D",.,"A",.,"A"
"20104",2331222,31,0,"1",.,"A",.,"A",.,"A",.,"A",.,"A",24,"D",234,"D",.,"A",.,"A",.,"A",.,"A",.,"A",.,"A",.,"A",.,"A"
"20104",2331232,65,0,"1",.,"A",.,"A",.,"A",.,"A",.,"A",20,"D",.,"A",.,"A",.,"A",.,"A",.,"A",.,"A",160,"D",.,"A",.,"A"
"20104",2331262,40,0,"1",.,"A",.,"A",.,"A",.,"A",.,"A",.,"A",.,"A",.,"A",.,"A",.,"A",.,"A",.,"A",120,"D",.,"A",.,"A"
"20104",2331272,31,0,"1",.,"A",.,"A",.,"A",.,"A",36,"D",.,"A",.,"A",.,"A",.,"A",.,"A",.,"A",.,"A",.,"A",.,"A",.,"A"
"20104",2331292,39,0,"1",.,"A",.,"A",.,"A",.,"A",.,"A",.,"A",.,"A",.,"A",.,"A",.,"A",.,"A",.,"A",.,"A",.,"A",.,"A"
"20104",2331312,55,0,"1",.,"A",.,"A",.,"A",.,"A",.,"A",.,"A",.,"A",.,"A",30,"D",.,"A",.,"A",.,"A",.,"A",.,"A",.,"A"
"20104",2331332,36,0,"1",.,"A",.,"A",.,"A",.,"A",.,"A",.,"A",.,"A",.,"A",.,"A",.,"A",.,"A",.,"A",60,"D",.,"A",.,"A"
"20104",2331382,60,0,"1",.,"A",.,"A",.,"A",.,"A",.,"A",.,"A",.,"A",.,"A",.,"A",.,"A",.,"A",.,"A",.,"A",.,"A",.,"A"
"20104",2331402,51,0,"1",.,"A",.,"A",.,"A",.,"A",.,"A",.,"A",.,"A",.,"A",.,"A",.,"A",.,"A",.,"A",.,"A",.,"A",.,"A"
"20104",2331443,50,0,"1",.,"A",.,"A",.,"A",.,"A",.,"A",.,"A",.,"A",.,"A",.,"A",.,"A",.,"A",.,"A",90,"D",.,"A",.,"A"
"20104",2331482,24,0,"1",.,"A",.,"A",.,"A",.,"A",120,"D",.,"A",.,"A",.,"A",.,"A",.,"A",.,"A",.,"A",60,"D",.,"A",.,"A"
"20104",2331502,37,0,"1",.,"A",.,"A",.,"A",.,"A",.,"A",.,"A",325,"D",.,"A",.,"A",.,"A",.,"A",.,"A",10,"D",.,"A",.,"A"
"20104",2331512,61,0,"1",60,"D",.,"A",.,"A",.,"A",0,"D",.,"A",104,"D",.,"A",.,"A",.,"A",.,"A",.,"A",200,"D",.,"A",.,"A"
"20104",2331522,27,0,"1",.,"A",.,"A",.,"A",.,"A",.,"A",.,"A",520,"D",.,"A",.,"A",.,"A",.,"A",.,"A",.,"A",.,"A",.,"A"
"20104",2331542,44,0,"1",.,"A",.,"A",.,"A",.,"A",.,"A",.,"A",.,"A",.,"A",.,"A",.,"A",.,"A",.,"A",75,"D",.,"A",.,"A"
"20104",2331562,35,0,"1",.,"A",.,"A",.,"A",.,"A",60,"D",.,"A",.,"A",.,"A",.,"A",.,"A",.,"A",.,"A",.,"A",.,"A",.,"A"
"20104",2331612,52,0,"1",.,"A",.,"A",.,"A",.,"A",.,"A",255,"D",.,"A",.,"A",.,"A",.,"A",.,"A",.,"A",40,"D",.,"A",.,"A"
"20104",2331622,40,0,"1",.,"A",.,"A",.,"A",.,"A",.,"A",.,"A",.,"A",.,"A",.,"A",.,"A",.,"A",.,"A",.,"A",.,"A",.,"A"
"20104",2331632,49,0,"1",.,"A",.,"A",.,"A",240,"D",.,"A",.,"A",65,"D",.,"A",.,"A",.,"A",.,"A",.,"A",360,"D",.,"A",.,"A"
"20104",2331662,31,0,"1",.,"A",.,"A",.,"A",.,"A",120,"D",.,"A",.,"A",.,"A",.,"A",.,"A",.,"A",.,"A",.,"A",.,"A",.,"A"
"20104",2331672,47,0,"1",.,"A",.,"A",.,"A",100,"D",.,"A",.,"A",.,"A",.,"A",.,"A",72,"F",0,"D",0,"D",10,"D",.,"C",.,"A"
"20104",2331762,74,0,"1",.,"A",.,"A",.,"A",.,"A",.,"A",.,"A",.,"A",.,"A",6,"D",.,"A",.,"A",.,"A",.,"A",.,"A",.,"A"
"20104",2331802,53,0,"1",.,"A",.,"A",.,"A",.,"A",.,"A",.,"A",.,"A",.,"A",.,"A",.,"A",.,"A",.,"A",20,"D",.,"A",.,"A"
"20104",2331823,39,0,"1",.,"A",.,"A",.,"A",.,"A",.,"A",.,"A",.,"A",.,"A",.,"A",.,"A",.,"A",.,"A",.,"A",.,"A",.,"A"
"20104",2331832,43,0,"1",.,"A",.,"A",.,"A",.,"A",.,"A",.,"A",.,"A",273,"D",.,"A",.,"A",.,"A",.,"A",175,"D",.,"A",.,"A"
"20104",2331842,48,0,"1",.,"A",.,"A",.,"A",.,"A",.,"A",.,"A",.,"A",.,"A",.,"A",.,"A",.,"A",.,"A",80,"D",.,"A",.,"A"
"20104",2331852,60,0,"1",.,"A",.,"A",.,"A",.,"A",.,"A",58,"D",.,"A",.,"A",.,"A",.,"A",.,"A",.,"A",25,"D",.,"A",.,"A"
"20104",2331862,20,0,"1",.,"A",.,"A",.,"A",.,"A",.,"A",.,"A",.,"A",.,"A",.,"A",.,"A",.,"A",.,"A",.,"A",.,"A",.,"A"
"20104",2331892,41,0,"1",.,"A",.,"A",.,"A",.,"A",.,"A",.,"A",325,"D",.,"A",.,"A",.,"A",.,"A",.,"A",20,"D",.,"A",.,"A"
"20104",2331902,41,0,"1",.,"A",.,"A",.,"A",.,"A",.,"A",.,"A",.,"A",.,"A",.,"A",.,"A",.,"A",.,"A",.,"A",.,"A",.,"A"
"20104",2331914,30,0,"1",.,"A",.,"A",.,"A",.,"A",.,"A",.,"A",.,"A",.,"A",.,"A",.,"A",.,"A",.,"A",15,"D",.,"A",.,"A"
"20104",2331922,77,0,"1",.,"A",10,"D",.,"A",105,"D",35,"D",25,"D",.,"A",.,"A",21,"D",225,"D",0,"D",0,"D",266,"D",75,"D",.,"A"
"20104",2331952,30,0,"1",.,"A",.,"A",.,"A",.,"A",80,"D",.,"A",65,"D",.,"A",.,"A",.,"A",.,"A",.,"A",.,"A",.,"A",.,"A"
"20104",2331962,100,0,"1",.,"A",.,"A",.,"A",.,"A",.,"A",50,"D",.,"A",.,"A",.,"A",.,"A",.,"A",.,"A",350,"D",.,"A",.,"A"
"20104",2331993,33,0,"1",.,"A",.,"A",.,"A",.,"A",.,"A",.,"A",.,"A",.,"A",.,"A",.,"A",.,"A",.,"A",24,"D",.,"A",.,"A"
"20104",2332042,35,0,"1",.,"A",.,"A",.,"A",.,"A",.,"A",.,"A",.,"A",.,"A",.,"A",0,"D",0,"D",60,"D",.,"A",0,"D",.,"A"
"20104",2332092,55,0,"1",.,"A",.,"A",.,"A",.,"A",.,"A",.,"A",.,"A",.,"A",.,"A",.,"A",.,"A",.,"A",85,"D",.,"A",.,"A"
"20104",2332142,81,0,"1",.,"A",.,"A",.,"A",.,"A",.,"A",100,"D",.,"A",.,"A",18,"F",.,"A",.,"A",.,"A",230,"D",.,"A",.,"A"
"20104",2332152,31,0,"1",.,"A",.,"A",.,"A",.,"A",.,"A",.,"A",325,"D",.,"A",.,"A",.,"A",.,"A",.,"A",.,"A",.,"A",.,"A"
"20104",2332182,94,0,"1",.,"A",.,"A",.,"A",.,"A",.,"A",.,"A",.,"A",.,"A",.,"A",.,"A",.,"A",.,"A",70,"D",.,"A",.,"A"
"20104",2332222,60,0,"1",54,"D",.,"A",.,"A",31,"D",126,"D",.,"A",.,"A",52,"D",12,"D",75,"D",0,"D",0,"D",.,"A",25,"D",.,"A"
"20104",2332242,25,0,"1",8,"D",.,"A",.,"A",.,"A",22,"D",.,"A",.,"A",.,"A",.,"A",0,"D",0,"D",45,"D",.,"A",0,"D",.,"A"
"20104",2332252,61,0,"1",.,"A",.,"A",.,"A",.,"A",.,"A",.,"A",.,"A",.,"A",.,"A",.,"A",.,"A",.,"A",130,"D",.,"A",.,"A"
"20104",2332262,48,0,"1",.,"A",.,"A",.,"A",.,"A",.,"A",.,"A",520,"D",.,"A",.,"A",.,"A",.,"A",.,"A",22,"D",.,"A",.,"A"
"20104",2332292,60,0,"1",50,"D",.,"A",.,"A",.,"A",270,"D",.,"A",.,"A",.,"A",42,"D",240,"D",0,"D",0,"D",.,"A",80,"D",.,"A"
"20104",2332302,42,0,"1",.,"A",.,"A",.,"A",.,"A",.,"A",.,"A",.,"A",.,"A",.,"A",.,"A",.,"A",.,"A",.,"A",.,"A",.,"A"
"20104",2332312,43,0,"1",.,"A",.,"A",.,"A",.,"A",120,"D",.,"A",.,"A",.,"A",30,"D",.,"A",.,"A",.,"A",.,"A",.,"A",.,"A"
"20104",2332322,52,0,"1",.,"A",.,"A",.,"A",.,"A",.,"A",125,"D",130,"D",.,"A",30,"D",.,"A",.,"A",.,"A",950,"D",.,"A",.,"A"
"20104",2332332,59,0,"1",.,"A",.,"A",.,"A",.,"A",.,"A",.,"A",.,"A",.,"A",.,"A",.,"A",.,"A",.,"A",150,"D",.,"A",.,"A"
"20104",2332352,77,0,"1",.,"A",.,"A",.,"A",.,"A",.,"A",.,"A",.,"A",.,"A",.,"A",.,"A",.,"A",.,"A",.,"A",.,"A",.,"A"
"20104",2332382,67,0,"1",.,"A",.,"A",.,"A",.,"A",.,"A",40,"D",.,"A",.,"A",24,"D",.,"A",.,"A",.,"A",120,"D",.,"A",.,"A"
"20104",2332402,29,0,"1",.,"A",.,"A",.,"A",.,"A",.,"A",.,"A",.,"A",.,"A",.,"A",120,"F",0,"D",540,"F",.,"A",.,"C",.,"A"
"20104",2332412,103,0,"1",.,"A",.,"A",.,"A",.,"A",.,"A",.,"A",.,"A",.,"A",.,"A",.,"A",.,"A",.,"A",68,"D",.,"A",.,"A"
"20104",2332435,47,0,"1",.,"A",.,"A",.,"A",.,"A",.,"A",.,"A",.,"A",.,"A",.,"A",.,"A",.,"A",.,"A",.,"A",.,"A",.,"A"
"20104",2332442,65,0,"1",.,"A",.,"A",.,"A",.,"A",.,"A",.,"A",390,"D",.,"A",.,"A",.,"A",.,"A",.,"A",.,"A",.,"A",.,"A"
"20104",2332462,47,0,"1",.,"A",.,"A",.,"A",.,"A",.,"A",.,"A",.,"A",.,"A",.,"A",.,"A",.,"A",.,"A",.,"A",.,"A",.,"A"
"20104",2332492,48,0,"1",.,"A",.,"A",.,"A",.,"A",.,"A",.,"A",.,"A",.,"A",.,"A",.,"A",.,"A",.,"A",100,"D",.,"A",.,"A"
"20104",2332512,58,0,"1",.,"A",.,"A",.,"A",.,"A",.,"A",45,"D",.,"A",.,"A",.,"A",.,"A",.,"A",.,"A",40,"D",.,"A",.,"A"
"20104",2332532,39,0,"1",.,"A",.,"A",.,"A",.,"A",.,"A",.,"A",.,"A",.,"A",.,"A",.,"A",.,"A",.,"A",15,"D",.,"A",.,"A"
"20104",2332552,38,0,"1",.,"A",.,"A",.,"A",.,"A",.,"A",.,"A",39,"D",.,"A",.,"A",.,"A",.,"A",.,"A",.,"A",.,"A",.,"A"
"20104",2332582,72,0,"1",.,"A",.,"A",.,"A",.,"A",.,"A",70,"D",.,"A",.,"A",.,"A",0,"D",0,"D",60,"D",325,"D",0,"D",.,"A"
"20104",2332602,40,0,"1",.,"A",.,"A",.,"A",.,"A",.,"A",.,"A",.,"A",.,"A",6,"D",.,"A",.,"A",.,"A",.,"A",.,"A",.,"A"
"20104",2332652,77,0,"1",.,"A",.,"A",.,"A",.,"A",.,"A",.,"A",.,"A",.,"A",.,"A",.,"A",.,"A",.,"A",200,"D",.,"A",.,"A"
"20104",2332672,43,0,"1",.,"A",.,"A",.,"A",.,"A",.,"A",10,"D",.,"A",.,"A",.,"A",.,"A",.,"A",.,"A",60,"D",.,"A",.,"A"
"20104",2332682,40,0,"1",.,"A",.,"A",.,"A",.,"A",.,"A",.,"A",.,"A",.,"A",.,"A",.,"A",.,"A",.,"A",.,"A",.,"A",.,"A"
"20104",2332692,58,0,"1",.,"A",.,"A",.,"A",.,"A",.,"A",360,"D",.,"A",.,"A",.,"A",.,"A",.,"A",.,"A",120,"D",.,"A",.,"A"
"20104",2332712,59,0,"1",.,"A",.,"A",.,"A",.,"A",.,"A",.,"A",.,"A",.,"A",9,"D",.,"A",.,"A",.,"A",10,"D",.,"A",.,"A"
"20104",2332722,27,0,"1",.,"A",.,"A",.,"A",.,"A",.,"A",.,"A",455,"D",.,"A",.,"A",.,"A",.,"A",.,"A",.,"A",.,"A",.,"A"
"20104",2332732,28,0,"1",.,"A",.,"A",.,"A",.,"A",30,"D",.,"A",390,"D",.,"A",.,"A",.,"A",.,"A",.,"A",.,"A",.,"A",.,"A"
"20104",2332744,24,0,"1",.,"A",.,"A",.,"A",.,"A",.,"A",.,"A",.,"A",.,"A",.,"A",.,"A",.,"A",.,"A",.,"A",.,"A",.,"A"
"20104",2332772,30,0,"1",.,"A",.,"A",.,"A",.,"A",.,"A",.,"A",.,"A",.,"A",.,"A",.,"A",.,"A",.,"A",.,"A",.,"A",.,"A"
"20104",2332792,47,0,"1",.,"A",.,"A",.,"A",.,"A",.,"A",.,"A",.,"A",.,"A",.,"A",.,"A",.,"A",.,"A",.,"A",.,"A",.,"A"
"20104",2332812,40,0,"1",.,"A",.,"A",.,"A",.,"A",.,"A",.,"A",.,"A",.,"A",.,"A",.,"A",.,"A",.,"A",.,"A",.,"A",.,"A"
"20104",2332825,49,0,"1",.,"A",.,"A",.,"A",.,"A",.,"A",.,"A",.,"A",.,"A",60,"D",.,"A",.,"A",.,"A",30,"D",.,"A",.,"A"
"20104",2332842,84,0,"1",.,"A",.,"A",.,"A",.,"A",.,"A",.,"A",.,"A",.,"A",.,"A",.,"A",.,"A",.,"A",75,"D",.,"A",.,"A"
"20104",2332852,29,0,"1",.,"A",.,"A",.,"A",.,"A",.,"A",.,"A",.,"A",.,"A",.,"A",51,"D",0,"D",0,"D",.,"A",17,"D",.,"A"
"20104",2332862,72,0,"1",.,"A",.,"A",.,"A",.,"A",.,"A",.,"A",.,"A",.,"A",15,"D",.,"A",.,"A",.,"A",30,"D",.,"A",.,"A"
"20104",2332892,43,0,"1",.,"A",.,"A",.,"A",.,"A",.,"A",.,"A",520,"D",.,"A",36,"D",.,"A",.,"A",.,"A",.,"A",.,"A",.,"A"
"20104",2332922,29,0,"1",.,"A",.,"A",.,"A",.,"A",.,"A",.,"A",260,"D",.,"A",.,"A",.,"A",.,"A",.,"A",20,"D",.,"A",.,"A"
"20104",2332932,63,0,"1",60,"D",.,"A",.,"A",.,"A",120,"D",.,"A",455,"D",.,"A",.,"A",.,"A",.,"A",.,"A",.,"A",.,"A",.,"A"
"20104",2332952,41,0,"1",.,"A",.,"A",.,"A",.,"A",.,"A",.,"A",.,"A",.,"A",.,"A",.,"A",.,"A",.,"A",.,"A",.,"A",.,"A"
"20104",2333022,68,0,"1",50,"D",.,"A",.,"A",20,"D",100,"D",50,"D",.,"A",.,"A",.,"A",600,"D",0,"D",150,"D",300,"D",200,"D",.,"A"
"20104",2333052,17,0,"1",.,"A",.,"A",.,"A",.,"A",.,"A",.,"A",.,"A",.,"A",.,"A",.,"A",.,"A",.,"A",.,"A",.,"A",.,"A"
"20104",2333062,33,0,"1",.,"A",.,"A",.,"A",.,"A",60,"D",45,"D",.,"A",.,"A",9,"D",90,"D",0,"D",30,"D",.,"A",30,"D",.,"A"
"20104",2333072,55,0,"1",.,"A",.,"A",.,"A",.,"A",.,"A",25,"D",.,"A",.,"A",.,"A",.,"A",.,"A",.,"A",300,"D",.,"A",.,"A"
"20104",2333082,43,0,"1",.,"A",.,"A",.,"A",.,"A",.,"A",.,"A",.,"A",.,"A",18,"D",.,"A",.,"A",.,"A",.,"A",.,"A",.,"A"
"20104",2333102,58,0,"1",.,"A",.,"A",.,"A",.,"A",.,"A",150,"D",.,"A",.,"A",.,"A",0,"D",0,"D",135,"D",90,"D",0,"D",.,"A"
"20104",2333112,58,0,"1",.,"A",.,"A",.,"A",.,"A",.,"A",.,"A",.,"A",.,"A",.,"A",.,"A",.,"A",.,"A",210,"D",.,"A",.,"A"
"20104",2333162,60,0,"1",.,"A",.,"A",.,"A",.,"A",.,"A",.,"A",.,"A",.,"A",.,"A",.,"A",.,"A",.,"A",.,"A",.,"A",.,"A"
"20104",2333192,32,0,"1",.,"A",.,"A",.,"A",.,"A",.,"A",.,"A",.,"A",.,"A",.,"A",.,"A",.,"A",.,"A",.,"A",.,"A",.,"A"
"20104",2333202,35,0,"1",.,"A",.,"A",.,"A",.,"A",.,"A",.,"A",.,"A",.,"A",.,"A",.,"A",.,"A",.,"A",24,"D",.,"A",.,"A"
"20104",2333212,49,0,"1",.,"A",.,"A",.,"A",.,"A",.,"A",.,"A",.,"A",.,"A",.,"A",.,"A",.,"A",.,"A",.,"A",.,"A",.,"A"
"20104",2333232,31,0,"1",.,"A",.,"A",.,"A",.,"A",180,"D",.,"A",.,"A",.,"A",.,"A",.,"A",.,"A",.,"A",60,"D",.,"A",.,"A"
"20104",2333253,45,0,"1",.,"A",.,"A",.,"A",.,"A",.,"A",.,"A",.,"A",.,"A",.,"A",.,"A",.,"A",.,"A",45,"D",.,"A",.,"A"
"20104",2333272,54,0,"1",.,"A",.,"A",.,"A",.,"A",.,"A",.,"A",520,"D",.,"A",.,"A",.,"A",.,"A",.,"A",.,"A",.,"A",.,"A"
"20104",2333282,57,0,"1",.,"A",.,"A",.,"A",.,"A",.,"A",50,"D",.,"A",.,"A",.,"A",0,"D",0,"D",90,"D",25,"D",0,"D",.,"A"
"20104",2333292,46,0,"1",.,"A",.,"A",.,"A",.,"A",.,"A",.,"A",.,"A",.,"A",.,"A",.,"A",.,"A",.,"A",50,"D",.,"A",.,"A"
"20104",2333302,88,0,"1",.,"A",.,"A",.,"A",.,"A",.,"A",.,"A",.,"A",.,"A",.,"A",.,"A",.,"A",.,"A",180,"D",.,"A",.,"A"
"20104",2333325,37,0,"1",.,"A",.,"A",.,"A",.,"A",.,"A",.,"A",.,"A",.,"A",.,"A",.,"A",.,"A",.,"A",20,"D",.,"A",.,"A"
"20104",2333372,55,0,"1",.,"A",.,"A",.,"A",.,"A",.,"A",.,"A",.,"A",104,"D",.,"A",.,"A",.,"A",.,"A",150,"D",.,"A",.,"A"
"20104",2333412,56,0,"1",.,"A",.,"A",.,"A",.,"A",.,"A",.,"A",.,"A",.,"A",.,"A",.,"A",.,"A",.,"A",.,"A",.,"A",.,"A"
"20104",2333422,39,0,"1",.,"A",.,"A",.,"A",.,"A",.,"A",.,"A",.,"A",.,"A",.,"A",.,"A",.,"A",.,"A",120,"D",.,"A",.,"A"
"20104",2333432,38,0,"1",.,"A",.,"A",.,"A",.,"A",358,"D",.,"A",.,"A",.,"A",.,"A",.,"A",.,"A",.,"A",.,"A",.,"A",.,"A"
"20104",2333442,26,0,"1",.,"A",.,"A",.,"A",.,"A",10,"D",.,"A",.,"A",.,"A",.,"A",240,"D",0,"D",0,"D",20,"D",80,"D",.,"A"
"20104",2333482,52,0,"1",.,"A",.,"A",.,"A",.,"A",.,"A",.,"A",.,"A",.,"A",.,"A",.,"A",.,"A",.,"A",180,"D",.,"A",.,"A"
"20104",2333535,23,0,"1",.,"A",.,"A",.,"A",.,"A",.,"A",.,"A",.,"A",.,"A",.,"A",.,"A",.,"A",.,"A",.,"A",.,"A",.,"A"
"20104",2333555,34,0,"1",.,"A",.,"A",.,"A",.,"A",36,"D",6,"D",.,"A",.,"A",.,"A",.,"A",.,"A",.,"A",.,"A",.,"A",.,"A"
"20104",2333572,41,0,"1",.,"A",.,"A",.,"A",.,"A",.,"A",.,"A",1092,"D",.,"A",.,"A",.,"A",.,"A",.,"A",10,"D",.,"A",.,"A"
"20104",2333592,97,0,"1",.,"A",.,"A",.,"A",.,"A",.,"A",35,"D",.,"A",.,"A",15,"D",0,"D",0,"D",9,"D",600,"D",0,"D",.,"A"
"20104",2333642,39,0,"1",.,"A",.,"A",.,"A",.,"A",.,"A",.,"A",.,"A",.,"A",.,"A",.,"A",.,"A",.,"A",50,"D",.,"A",.,"A"
"20104",2333652,41,0,"1",.,"A",.,"A",.,"A",.,"A",.,"A",.,"A",130,"D",65,"D",.,"A",.,"A",.,"A",.,"A",25,"D",.,"A",.,"A"
"20104",2333662,25,0,"1",.,"A",.,"A",.,"A",.,"A",50,"D",.,"A",.,"A",.,"A",.,"A",.,"A",.,"A",.,"A",50,"D",.,"A",.,"A"
"20104",2333672,38,0,"1",.,"A",.,"A",.,"A",.,"A",.,"A",.,"A",.,"A",.,"A",.,"A",.,"A",.,"A",.,"A",.,"A",.,"A",.,"A"
"20104",2333682,49,0,"1",.,"A",.,"A",.,"A",.,"A",.,"A",30,"D",.,"A",.,"A",.,"A",.,"A",.,"A",.,"A",156,"D",.,"A",.,"A"
"20104",2333692,50,0,"1",15,"D",.,"A",.,"A",.,"A",50,"D",.,"A",299,"D",.,"A",.,"A",.,"A",.,"A",.,"A",.,"A",.,"A",.,"A"
"20104",2333702,75,0,"1",.,"A",.,"A",.,"A",.,"A",.,"A",100,"D",.,"A",.,"A",45,"D",0,"D",0,"D",75,"D",410,"D",0,"D",.,"A"
"20104",2333742,87,0,"1",.,"A",.,"A",.,"A",.,"A",.,"A",.,"A",.,"A",169,"D",.,"A",.,"A",.,"A",.,"A",7,"D",.,"A",.,"A"
"20104",2333822,39,0,"1",.,"A",.,"A",.,"A",.,"A",.,"A",160,"D",650,"D",.,"A",.,"A",.,"A",.,"A",.,"A",170,"F",.,"A",.,"A"
"20104",2333832,37,0,"1",.,"A",.,"A",.,"A",.,"A",.,"A",.,"A",.,"A",.,"A",.,"A",.,"A",.,"A",.,"A",15,"D",.,"A",.,"A"
"20104",2333852,45,0,"1",.,"A",.,"A",.,"A",.,"A",5,"D",.,"A",.,"A",.,"A",.,"A",.,"A",.,"A",.,"A",10,"D",.,"A",.,"A"
"20104",2333872,51,0,"1",.,"A",.,"A",.,"A",.,"A",.,"A",.,"A",.,"A",.,"A",.,"A",.,"A",.,"A",.,"A",80,"D",.,"A",.,"A"
"20104",2333892,42,0,"1",.,"A",.,"A",.,"A",.,"A",.,"A",.,"A",.,"A",.,"A",.,"A",.,"A",.,"A",.,"A",15,"D",.,"A",.,"A"
"20104",2333902,44,0,"1",.,"A",.,"A",.,"A",.,"A",.,"A",.,"A",.,"A",.,"A",.,"A",.,"A",.,"A",.,"A",45,"D",.,"A",.,"A"
"20104",2333912,48,0,"1",.,"A",.,"A",.,"A",.,"A",.,"A",.,"A",.,"A",.,"A",.,"A",.,"A",.,"A",.,"A",.,"A",.,"A",.,"A"
"20104",2333935,38,0,"1",.,"A",.,"A",.,"A",.,"A",.,"A",.,"A",.,"A",.,"A",.,"A",.,"A",.,"A",.,"A",36,"D",.,"A",.,"A"
"20104",2333942,65,0,"1",.,"A",.,"A",.,"A",.,"A",.,"A",75,"D",.,"A",.,"A",.,"A",.,"A",.,"A",.,"A",335,"D",.,"A",.,"A"
"20104",2333962,30,0,"1",.,"A",.,"A",.,"A",.,"A",.,"A",.,"A",.,"A",.,"A",.,"A",.,"A",.,"A",.,"A",15,"D",.,"A",.,"A"
"20104",2334012,68,0,"1",.,"A",.,"A",.,"A",.,"A",.,"A",.,"A",.,"A",.,"A",.,"A",.,"A",.,"A",.,"A",.,"A",.,"A",.,"A"
"20104",2334032,50,0,"1",.,"A",.,"A",4,"D",.,"A",.,"A",.,"A",.,"A",.,"A",.,"A",.,"A",.,"A",.,"A",60,"D",.,"A",.,"A"
"20104",2334052,27,0,"1",.,"A",.,"A",.,"A",.,"A",.,"A",.,"A",455,"D",.,"A",.,"A",.,"A",.,"A",.,"A",.,"A",.,"A",.,"A"
"20104",2334082,28,0,"1",.,"A",.,"A",.,"A",.,"A",10,"D",.,"A",.,"A",.,"A",.,"A",.,"A",.,"A",.,"A",8,"D",.,"A",.,"A"
"20104",2334094,37,0,"1",.,"A",.,"A",.,"A",50,"D",30,"D",.,"A",.,"A",.,"A",.,"A",0,"D",30,"D",0,"D",.,"A",0,"D",.,"A"
"20104",2334122,40,0,"1",.,"A",.,"A",.,"A",.,"A",.,"A",.,"A",910,"D",.,"A",.,"A",.,"A",.,"A",.,"A",.,"A",.,"A",.,"A"
"20104",2334143,42,0,"1",.,"A",.,"A",.,"A",.,"A",.,"A",.,"A",.,"A",.,"A",.,"A",.,"A",.,"A",.,"A",40,"D",.,"A",.,"A"
"20104",2334162,53,0,"1",.,"A",.,"A",.,"A",.,"A",.,"A",.,"A",.,"A",.,"A",.,"A",.,"A",.,"A",.,"A",50,"D",.,"A",.,"A"
"20104",2334172,53,0,"1",.,"A",.,"A",.,"A",.,"A",.,"A",.,"A",455,"D",.,"A",.,"A",.,"A",.,"A",.,"A",140,"D",.,"A",.,"A"
"20104",2334192,41,0,"1",.,"A",.,"A",.,"A",.,"A",.,"A",.,"A",.,"A",.,"A",.,"A",.,"A",.,"A",.,"A",200,"D",.,"A",.,"A"
"20104",2334202,21,0,"1",.,"A",.,"A",.,"A",.,"A",9,"D",.,"A",143,"D",.,"A",.,"A",.,"A",.,"A",.,"A",.,"A",.,"A",.,"A"
"20104",2334232,36,0,"1",30,"D",.,"A",.,"A",.,"A",90,"D",.,"A",.,"A",.,"A",18,"D",.,"A",.,"A",.,"A",.,"A",.,"A",.,"A"
"20104",2334252,46,0,"1",.,"A",.,"A",.,"A",.,"A",.,"A",.,"A",.,"A",195,"D",.,"A",.,"A",.,"A",.,"A",.,"A",.,"A",.,"A"
"20104",2334265,50,0,"1",.,"A",.,"A",.,"A",.,"A",.,"A",.,"A",650,"D",.,"A",21,"D",.,"A",.,"A",.,"A",.,"A",.,"A",.,"A"
"20104",2334272,38,0,"1",.,"A",.,"A",.,"A",.,"A",.,"A",.,"A",.,"A",.,"A",.,"A",.,"A",.,"A",.,"A",.,"A",.,"A",.,"A"
"20104",2334292,65,0,"1",.,"A",.,"A",.,"A",.,"A",.,"A",.,"A",455,"D",.,"A",.,"A",.,"A",.,"A",.,"A",210,"D",.,"A",.,"A"
"20104",2334312,58,0,"1",.,"A",.,"A",.,"A",.,"A",.,"A",8,"D",.,"A",.,"A",.,"A",.,"A",.,"A",.,"A",200,"D",.,"A",.,"A"
"20104",2334322,66,0,"1",.,"A",.,"A",.,"A",.,"A",.,"A",45,"D",.,"A",520,"D",.,"A",.,"A",.,"A",.,"A",150,"D",.,"A",.,"A"
"20104",2334342,39,0,"1",6,"D",.,"A",.,"A",.,"A",0,"D",.,"A",416,"D",.,"A",.,"A",.,"A",.,"A",.,"A",30,"D",.,"A",.,"A"
"20104",2334362,39,0,"1",.,"A",.,"A",.,"A",.,"A",.,"A",.,"A",.,"A",.,"A",.,"A",.,"A",.,"A",.,"A",54,"D",.,"A",.,"A"
"20104",2334382,30,0,"1",.,"A",.,"A",.,"A",.,"A",.,"A",180,"D",130,"D",.,"A",.,"A",.,"A",.,"A",.,"A",210,"D",.,"A",.,"A"
"20104",2334422,47,0,"1",.,"A",.,"A",.,"A",.,"A",.,"A",.,"A",260,"D",.,"A",.,"A",.,"A",.,"A",.,"A",260,"D",.,"A",.,"A"
"20104",2334432,41,0,"1",.,"A",.,"A",.,"A",.,"A",.,"A",.,"A",.,"A",.,"A",.,"A",.,"A",.,"A",.,"A",.,"A",.,"A",.,"A"
"20104",2334452,61,0,"1",.,"A",.,"A",.,"A",.,"A",.,"A",40,"D",.,"A",.,"A",.,"A",.,"A",.,"A",.,"A",159,"D",.,"A",.,"A"
"20104",2334462,27,0,"1",.,"A",.,"A",.,"A",.,"A",45,"D",.,"A",.,"A",.,"A",.,"A",.,"A",.,"A",.,"A",.,"A",.,"A",.,"A"
"20104",2334512,31,0,"1",2,"D",.,"A",.,"A",.,"A",8,"D",.,"A",.,"A",156,"D",.,"A",.,"A",.,"A",.,"A",.,"A",.,"A",.,"A"
"20104",2334522,26,0,"1",.,"A",.,"A",.,"A",.,"A",60,"D",.,"A",.,"A",.,"A",.,"A",225,"D",0,"D",180,"D",60,"D",75,"D",.,"A"
"20104",2334542,51,0,"1",.,"A",.,"A",.,"A",.,"A",.,"A",40,"D",.,"A",.,"A",18,"D",.,"A",.,"A",.,"A",90,"D",.,"A",.,"A"
"20104",2334562,46,0,"1",.,"A",.,"A",.,"A",.,"A",.,"A",.,"A",520,"D",.,"A",.,"A",.,"A",.,"A",.,"A",32,"D",.,"A",.,"A"
"20104",2334582,77,0,"1",.,"A",.,"A",.,"A",.,"A",.,"A",.,"A",.,"A",.,"A",.,"A",.,"A",.,"A",.,"A",15,"D",.,"A",.,"A"
"20104",2334622,42,0,"1",.,"A",.,"A",.,"A",.,"A",120,"D",.,"A",.,"A",.,"A",.,"A",.,"A",.,"A",.,"A",10,"D",.,"A",.,"A"
"20104",2334632,42,0,"1",.,"A",.,"A",.,"A",.,"A",.,"A",.,"A",650,"D",.,"A",.,"A",.,"A",.,"A",.,"A",.,"A",.,"A",.,"A"
"20104",2334645,37,0,"1",.,"A",.,"A",.,"A",.,"A",.,"A",.,"A",.,"A",.,"A",.,"A",.,"A",.,"A",.,"A",.,"A",.,"A",.,"A"
"20104",2334662,40,0,"1",.,"A",.,"A",.,"A",.,"A",.,"A",.,"A",.,"A",.,"A",.,"A",.,"A",.,"A",.,"A",36,"D",.,"A",.,"A"
"20104",2334672,61,0,"1",.,"A",.,"A",.,"A",.,"A",.,"A",.,"A",234,"D",.,"A",.,"A",.,"A",.,"A",.,"A",20,"D",.,"A",.,"A"
"20104",2334682,110,0,"1",.,"A",.,"A",.,"A",.,"A",.,"A",.,"A",.,"A",.,"A",.,"A",.,"A",.,"A",.,"A",612,"D",.,"A",.,"A"
"20104",2334692,59,0,"1",.,"A",.,"A",.,"A",.,"A",.,"A",.,"A",.,"A",.,"A",15,"D",.,"A",.,"A",.,"A",95,"D",.,"A",.,"A"
"20104",2334702,43,0,"1",.,"A",.,"A",50,"D",250,"D",.,"A",120,"D",780,"D",.,"A",60,"D",0,"D",0,"D",360,"D",150,"D",0,"D",.,"A"
"20104",2334722,50,0,"1",.,"A",.,"A",.,"A",.,"A",.,"A",27,"D",.,"A",.,"A",.,"A",.,"A",.,"A",.,"A",.,"A",.,"A",.,"A"
"20104",2334752,49,0,"1",.,"A",.,"A",.,"A",.,"A",.,"A",.,"A",.,"A",.,"A",.,"A",.,"A",.,"A",.,"A",10,"D",.,"A",.,"A"
"20104",2334762,27,0,"1",.,"A",.,"A",.,"A",.,"A",20,"D",.,"A",.,"A",.,"A",.,"A",.,"A",.,"A",.,"A",.,"A",.,"A",.,"A"
"20104",2334772,51,0,"1",.,"A",.,"A",.,"A",.,"A",.,"A",.,"A",.,"A",.,"A",.,"A",.,"A",.,"A",.,"A",60,"D",.,"A",.,"A"
"20104",2334802,33,0,"1",20,"D",.,"A",.,"A",.,"A",60,"D",.,"A",104,"D",.,"A",105,"F",120,"D",0,"D",180,"D",25,"D",40,"D",.,"A"
"20104",2334812,43,0,"1",.,"A",.,"A",.,"A",.,"A",.,"A",.,"A",.,"A",195,"D",30,"D",.,"A",.,"A",.,"A",.,"A",.,"A",.,"A"
"20104",2334822,27,0,"1",.,"A",.,"A",.,"A",.,"A",180,"D",.,"A",.,"A",.,"A",.,"A",.,"A",.,"A",.,"A",.,"A",.,"A",.,"A"
"20104",2334862,51,0,"1",.,"A",.,"A",.,"A",.,"A",.,"A",.,"A",.,"A",.,"A",.,"A",.,"A",.,"A",.,"A",50,"D",.,"A",.,"A"
"20104",2334872,34,0,"1",.,"A",.,"A",.,"A",.,"A",.,"A",.,"A",.,"A",.,"A",.,"A",.,"A",.,"A",.,"A",.,"A",.,"A",.,"A"
"20104",2334885,33,0,"1",.,"A",.,"A",.,"A",.,"A",.,"A",.,"A",.,"A",.,"A",.,"A",.,"A",.,"A",.,"A",.,"A",.,"A",.,"A"
"20104",2334892,41,0,"1",.,"A",.,"A",.,"A",.,"A",.,"A",.,"A",.,"A",.,"A",.,"A",.,"A",.,"A",.,"A",60,"D",.,"A",.,"A"
"20104",2334902,42,0,"1",.,"A",.,"A",.,"A",.,"A",.,"A",.,"A",.,"A",.,"A",.,"A",.,"A",.,"A",.,"A",60,"D",.,"A",.,"A"
"20104",2334912,35,0,"1",.,"A",.,"A",.,"A",.,"A",.,"A",.,"A",.,"A",.,"A",72,"D",.,"A",.,"A",.,"A",85,"D",.,"A",.,"A"
"20104",2334922,91,0,"1",.,"A",.,"A",.,"A",.,"A",.,"A",.,"A",.,"A",.,"A",.,"A",.,"A",.,"A",.,"A",52,"D",.,"A",.,"A"
"20104",2334933,28,0,"1",.,"A",.,"A",.,"A",.,"A",120,"D",.,"A",.,"A",.,"A",.,"A",.,"A",.,"A",.,"A",.,"A",.,"A",.,"A"
"20104",2334942,74,0,"1",.,"A",.,"A",.,"A",.,"A",.,"A",144,"D",.,"A",.,"A",.,"A",.,"A",.,"A",.,"A",260,"D",.,"A",.,"A"
"20104",2334972,35,0,"1",.,"A",.,"A",.,"A",.,"A",108,"D",.,"A",520,"D",.,"A",.,"A",.,"A",.,"A",.,"A",.,"A",.,"A",.,"A"
"20104",2334992,22,0,"1",.,"A",.,"A",.,"A",.,"A",30,"D",.,"A",.,"A",.,"A",.,"A",.,"A",.,"A",.,"A",.,"A",.,"A",.,"A"
"20104",2335012,47,0,"1",.,"A",.,"A",.,"A",.,"A",.,"A",80,"D",.,"A",.,"A",30,"F",.,"A",.,"A",.,"A",240,"D",.,"A",.,"A"
"20104",2335032,35,0,"1",.,"A",.,"A",.,"A",.,"A",.,"A",.,"A",.,"A",.,"A",.,"A",.,"A",.,"A",.,"A",.,"A",.,"A",.,"A"
"20104",2335053,30,0,"1",.,"A",.,"A",.,"A",.,"A",.,"A",.,"A",.,"A",.,"A",.,"A",.,"A",.,"A",.,"A",0,"D",.,"A",.,"A"
"20104",2335082,29,0,"1",60,"D",.,"A",.,"A",.,"A",60,"D",.,"A",.,"A",.,"A",.,"A",162,"D",0,"D",0,"D",80,"D",54,"D",.,"A"
"20104",2335112,30,0,"1",.,"A",.,"A",.,"A",.,"A",.,"A",.,"A",78,"D",.,"A",.,"A",.,"A",.,"A",.,"A",.,"A",.,"A",.,"A"
"20104",2335122,57,0,"1",.,"A",.,"A",.,"A",.,"A",.,"A",.,"A",.,"A",.,"A",.,"A",.,"A",.,"A",.,"A",230,"D",.,"A",.,"A"
"20104",2335132,97,0,"1",.,"A",.,"A",.,"A",.,"A",.,"A",.,"A",.,"A",.,"A",.,"A",.,"A",.,"A",.,"A",90,"D",.,"A",.,"A"
"20104",2335142,34,0,"1",.,"A",.,"A",.,"A",.,"A",.,"A",.,"A",520,"F",.,"A",.,"A",.,"A",.,"A",.,"A",.,"A",.,"A",.,"A"
"20104",2335152,61,0,"1",.,"A",.,"A",.,"A",.,"A",.,"A",.,"A",.,"A",.,"A",.,"A",.,"A",.,"A",.,"A",150,"D",.,"A",.,"A"
"20104",2335162,39,0,"1",.,"A",.,"A",.,"A",.,"A",.,"A",.,"A",.,"A",.,"A",.,"A",.,"A",.,"A",.,"A",257,"F",.,"A",.,"A"
"20104",2335172,34,0,"1",.,"A",.,"A",.,"A",.,"A",96,"D",.,"A",.,"A",.,"A",.,"A",.,"A",.,"A",.,"A",15,"D",.,"A",.,"A"
"20104",2335183,31,0,"1",.,"A",.,"A",.,"A",.,"A",.,"A",.,"A",143,"D",.,"A",.,"A",.,"A",.,"A",.,"A",.,"A",.,"A",.,"A"
"20104",2335192,37,0,"1",.,"A",.,"A",.,"A",.,"A",.,"A",.,"A",.,"A",.,"A",.,"A",.,"A",.,"A",.,"A",50,"D",.,"A",.,"A"
"20104",2335222,47,0,"1",.,"A",.,"A",.,"A",.,"A",15,"D",300,"D",.,"A",.,"A",360,"D",.,"A",.,"A",.,"A",.,"A",.,"A",.,"A"
"20104",2335242,64,0,"1",.,"A",.,"A",.,"A",.,"A",.,"A",.,"A",.,"A",.,"A",.,"A",.,"A",.,"A",.,"A",255,"D",.,"A",.,"A"
"20104",2335272,56,0,"1",.,"A",.,"A",.,"A",.,"A",.,"A",.,"A",.,"A",.,"A",.,"A",.,"A",.,"A",.,"A",150,"D",.,"A",.,"A"
"20104",2335332,61,0,"1",.,"A",.,"A",20,"D",.,"A",.,"A",.,"A",650,"D",.,"A",.,"A",.,"A",.,"A",.,"A",47,"D",.,"A",.,"A"
"20104",2335342,49,0,"1",.,"A",.,"A",.,"A",.,"A",.,"A",.,"A",.,"A",.,"A",.,"A",.,"A",.,"A",.,"A",30,"D",.,"A",.,"A"
"20104",2335352,45,0,"1",.,"A",.,"A",.,"A",.,"A",.,"A",.,"A",.,"A",.,"A",.,"A",.,"A",.,"A",.,"A",240,"D",.,"A",.,"A"
"20104",2335372,58,0,"1",.,"A",.,"A",.,"A",.,"A",.,"A",.,"A",.,"A",.,"A",.,"A",.,"A",.,"A",.,"A",.,"A",.,"A",.,"A"
"20104",2335382,50,0,"1",.,"A",.,"A",.,"A",.,"A",.,"A",.,"A",.,"A",.,"A",.,"A",.,"A",.,"A",.,"A",.,"A",.,"A",.,"A"
"20104",2335442,74,0,"1",.,"A",.,"A",.,"A",.,"A",.,"A",57,"D",325,"D",.,"A",.,"A",.,"A",.,"A",.,"A",151,"D",.,"A",.,"A"
"20104",2335462,49,0,"1",.,"A",.,"A",.,"A",.,"A",.,"A",.,"A",.,"A",.,"A",.,"A",.,"A",.,"A",.,"A",.,"A",.,"A",.,"A"
"20104",2335495,35,0,"1",.,"A",.,"A",.,"A",.,"A",24,"D",.,"A",.,"A",.,"A",.,"A",.,"A",.,"A",.,"A",.,"A",.,"A",.,"A"
"20104",2335505,26,0,"1",.,"A",.,"A",.,"A",.,"A",.,"A",.,"A",.,"A",.,"A",.,"A",.,"A",.,"A",.,"A",7,"D",.,"A",.,"A"
"20104",2335512,30,0,"1",.,"A",.,"A",.,"A",.,"A",.,"A",10,"D",.,"A",.,"A",.,"A",.,"A",.,"A",.,"A",150,"D",.,"A",.,"A"
"20104",2335522,74,0,"1",.,"A",.,"A",.,"A",.,"A",.,"A",.,"A",.,"A",.,"A",.,"A",.,"A",.,"A",.,"A",40,"D",.,"A",.,"A"
"20104",2335532,52,0,"1",.,"A",.,"A",10,"D",.,"A",.,"A",.,"A",.,"A",.,"A",.,"A",.,"A",.,"A",.,"A",33,"D",.,"A",.,"A"
"20104",2335552,48,0,"1",.,"A",.,"A",.,"A",.,"A",.,"A",.,"A",.,"A",.,"A",.,"A",.,"A",.,"A",.,"A",.,"A",.,"A",.,"A"
"20104",2335562,51,0,"1",.,"A",.,"A",.,"A",.,"A",.,"A",.,"A",.,"A",.,"A",.,"A",.,"A",.,"A",.,"A",20,"D",.,"A",.,"A"
"20104",2335602,75,0,"1",.,"A",.,"A",.,"A",.,"A",.,"A",.,"A",.,"A",.,"A",6,"D",.,"A",.,"A",.,"A",144,"D",.,"A",.,"A"
"20104",2335612,64,0,"1",.,"A",.,"A",.,"A",.,"A",.,"A",20,"D",.,"A",.,"A",.,"A",.,"A",.,"A",.,"A",30,"D",.,"A",.,"A"
"20104",2335622,32,0,"1",.,"A",.,"A",.,"A",.,"A",.,"A",.,"A",.,"A",.,"A",.,"A",.,"A",.,"A",.,"A",80,"D",.,"A",.,"A"
"20104",2335632,65,0,"1",.,"A",.,"A",.,"A",.,"A",.,"A",12,"D",.,"A",.,"A",.,"A",.,"A",.,"A",.,"A",150,"D",.,"A",.,"A"
"20104",2335652,58,0,"1",.,"A",.,"A",.,"A",.,"A",.,"A",.,"A",.,"A",.,"A",.,"A",.,"A",.,"A",.,"A",90,"D",.,"A",.,"A"
"20104",2335662,58,0,"1",.,"A",.,"A",.,"A",.,"A",.,"A",150,"D",.,"A",.,"A",.,"A",.,"A",.,"A",.,"A",150,"D",.,"A",.,"A"
"20104",2335672,20,0,"1",.,"A",.,"A",.,"A",.,"A",20,"D",.,"A",.,"A",.,"A",.,"A",.,"A",.,"A",.,"A",.,"A",.,"A",.,"A"
"20104",2335682,47,0,"1",.,"A",.,"A",.,"A",.,"A",.,"A",.,"A",.,"A",.,"A",.,"A",.,"A",.,"A",.,"A",225,"F",.,"A",.,"A"
"20104",2335702,43,0,"1",.,"A",.,"A",.,"A",.,"A",.,"A",60,"D",.,"A",.,"A",.,"A",.,"A",.,"A",.,"A",60,"D",.,"A",.,"A"
"20104",2335712,41,0,"1",.,"A",.,"A",.,"A",.,"A",.,"A",.,"A",.,"A",.,"A",.,"A",.,"A",.,"A",.,"A",.,"A",.,"A",.,"A"
"20104",2335742,52,0,"1",.,"A",.,"A",.,"A",.,"A",.,"A",.,"A",780,"D",.,"A",.,"A",1860,"D",1860,"D",0,"D",.,"A",620,"D",.,"A"
"20104",2335782,74,0,"1",.,"A",.,"A",.,"A",.,"A",.,"A",.,"A",.,"A",.,"A",.,"A",.,"A",.,"A",.,"A",120,"D",.,"A",.,"A"
"20104",2335792,48,0,"1",.,"A",.,"A",.,"A",.,"A",.,"A",195,"D",507,"D",130,"D",.,"A",.,"A",.,"A",.,"A",120,"D",.,"A",.,"A"
"20104",2335812,22,0,"1",13,"D",.,"A",.,"A",.,"A",32,"D",.,"A",.,"A",.,"A",.,"A",.,"A",.,"A",.,"A",.,"A",.,"A",.,"A"
"20104",2335882,51,0,"1",.,"A",.,"A",.,"A",.,"A",.,"A",.,"A",.,"A",.,"A",.,"A",120,"D",0,"D",0,"D",.,"A",40,"D",.,"A"
"20104",2335892,21,0,"1",.,"A",.,"A",.,"A",.,"A",.,"A",.,"A",.,"A",.,"A",.,"A",.,"A",.,"A",.,"A",.,"A",.,"A",.,"A"
"20104",2335902,44,0,"1",.,"A",.,"A",.,"A",.,"A",.,"A",.,"A",520,"D",.,"A",24,"D",.,"A",.,"A",.,"A",.,"A",.,"A",.,"A"
"20104",2335922,64,0,"1",.,"A",.,"A",.,"A",.,"A",.,"A",.,"A",.,"A",.,"A",.,"A",.,"A",.,"A",.,"A",270,"D",.,"A",.,"A"
"20104",2335942,29,0,"1",.,"A",.,"A",.,"A",.,"A",.,"A",.,"A",.,"A",.,"A",.,"A",.,"A",.,"A",.,"A",15,"D",.,"A",.,"A"
"20104",2335972,24,0,"1",.,"A",.,"A",.,"A",.,"A",.,"A",.,"A",.,"A",650,"D",.,"A",.,"A",.,"A",.,"A",.,"A",.,"A",.,"A"
"20104",2336012,40,0,"1",.,"A",.,"A",.,"A",.,"A",.,"A",.,"A",.,"A",.,"A",.,"A",.,"A",.,"A",.,"A",80,"D",.,"A",.,"A"
"20104",2336022,47,0,"1",.,"A",.,"A",.,"A",.,"A",.,"A",.,"A",104,"D",.,"A",.,"A",.,"A",.,"A",.,"A",55,"D",.,"A",.,"A"
"20104",2336032,48,0,"1",.,"A",.,"A",.,"A",.,"A",.,"A",40,"F",.,"A",.,"A",.,"A",.,"A",.,"A",.,"A",58,"F",.,"A",.,"A"
"20104",2336042,30,0,"1",.,"A",.,"A",.,"A",.,"A",50,"D",.,"A",390,"D",.,"A",.,"A",600,"D",0,"D",0,"D",.,"A",200,"D",.,"A"
"20104",2336052,48,0,"1",.,"A",.,"A",.,"A",.,"A",.,"A",.,"A",.,"A",.,"A",.,"A",.,"A",.,"A",.,"A",.,"A",.,"A",.,"A"
"20104",2336062,28,0,"1",.,"A",.,"A",.,"A",.,"A",.,"A",15,"D",.,"A",.,"A",.,"A",.,"A",.,"A",.,"A",300,"D",.,"A",.,"A"
"20104",2336075,44,0,"1",.,"A",.,"A",.,"A",.,"A",.,"A",.,"A",.,"A",.,"A",.,"A",.,"A",.,"A",.,"A",150,"D",.,"A",.,"A"
"20104",2336082,53,0,"1",.,"A",.,"A",.,"A",.,"A",.,"A",.,"A",.,"A",.,"A",.,"A",.,"A",.,"A",.,"A",.,"A",.,"A",.,"A"
"20104",2336092,28,0,"1",.,"A",.,"A",.,"A",.,"A",.,"A",.,"A",.,"A",.,"A",.,"A",0,"D",0,"D",30,"D",.,"A",0,"D",.,"A"
"20104",2336102,34,0,"1",.,"A",.,"A",.,"A",.,"A",.,"A",.,"A",.,"A",.,"A",.,"A",.,"A",.,"A",.,"A",.,"A",.,"A",.,"A"
"20104",2336112,28,0,"1",.,"A",.,"A",.,"A",.,"A",.,"A",.,"A",.,"A",.,"A",.,"A",.,"A",.,"A",.,"A",120,"F",.,"A",.,"A"
"20104",2336142,31,0,"1",10,"D",.,"A",.,"A",30,"D",20,"D",.,"A",.,"A",.,"A",.,"A",.,"A",.,"A",.,"A",20,"D",.,"A",.,"A"
"20104",2336182,53,0,"1",.,"A",.,"A",18,"D",.,"A",.,"A",.,"A",.,"A",.,"A",.,"A",.,"A",.,"A",.,"A",40,"D",.,"A",.,"A"
"20104",2336192,39,0,"1",.,"A",.,"A",.,"A",.,"A",.,"A",.,"A",.,"A",.,"A",.,"A",.,"A",.,"A",.,"A",.,"A",.,"A",.,"A"
"20104",2336202,27,0,"1",.,"A",.,"A",.,"A",.,"A",.,"A",.,"A",.,"A",.,"A",.,"A",.,"A",.,"A",.,"A",.,"A",.,"A",.,"A"
"20104",2336212,35,0,"1",.,"A",.,"A",.,"A",.,"A",.,"A",.,"A",325,"D",.,"A",.,"A",.,"A",.,"A",.,"A",120,"D",.,"A",.,"A"
"20104",2336222,52,0,"1",.,"A",.,"A",.,"A",.,"A",.,"A",.,"A",.,"A",.,"A",.,"A",645,"D",0,"D",0,"D",150,"D",215,"D",.,"A"
"20104",2336232,90,0,"1",.,"A",.,"A",.,"A",.,"A",.,"A",40,"D",.,"A",.,"A",.,"A",.,"A",.,"A",.,"A",350,"D",.,"A",.,"A"
"20104",2336272,40,0,"1",.,"A",.,"A",.,"A",.,"A",.,"A",.,"A",.,"A",.,"A",.,"A",.,"A",.,"A",.,"A",.,"A",.,"A",.,"A"
"20104",2336282,44,0,"1",.,"A",.,"A",.,"A",.,"A",.,"A",.,"A",.,"A",.,"A",.,"A",.,"A",.,"A",.,"A",85,"D",.,"A",.,"A"
"20104",2336292,42,0,"1",.,"A",.,"A",.,"A",.,"A",.,"A",.,"A",.,"A",.,"A",.,"A",267,"D",0,"D",0,"D",40,"D",89,"D",270,"D"
"20104",2336302,52,0,"1",.,"A",.,"A",.,"A",.,"A",.,"A",.,"A",455,"D",.,"A",.,"A",.,"A",.,"A",.,"A",.,"A",.,"A",.,"A"
"20104",2336334,40,0,"1",.,"A",.,"A",.,"A",.,"A",.,"A",.,"A",.,"A",.,"A",.,"A",0,"D",0,"D",90,"D",.,"A",0,"D",.,"A"
"20104",2336363,34,0,"1",.,"A",.,"A",.,"A",.,"A",.,"A",.,"A",273,"D",.,"A",.,"A",.,"A",.,"A",.,"A",45,"D",.,"A",.,"A"
"20104",2336372,68,0,"1",.,"A",.,"A",.,"A",.,"A",.,"A",.,"A",156,"D",.,"A",.,"A",.,"A",.,"A",.,"A",.,"A",.,"A",.,"A"
"20104",2336382,32,0,"1",.,"A",.,"A",.,"A",.,"A",.,"A",.,"A",455,"D",.,"A",.,"A",.,"A",.,"A",.,"A",.,"A",.,"A",.,"A"
"20104",2336392,46,0,"1",.,"A",.,"A",.,"A",.,"A",.,"A",.,"A",.,"A",.,"A",.,"A",.,"A",.,"A",.,"A",70,"D",.,"A",.,"A"
"20104",2336412,47,0,"1",.,"A",.,"A",.,"A",50,"D",.,"A",120,"D",.,"A",.,"A",21,"D",.,"A",.,"A",.,"A",.,"A",.,"A",.,"A"
"20104",2336442,92,0,"1",.,"A",.,"A",.,"A",.,"A",.,"A",30,"D",.,"A",.,"A",12,"D",0,"D",0,"D",48,"D",70,"D",0,"D",.,"A"
"20104",2336452,64,0,"1",.,"A",.,"A",.,"A",.,"A",.,"A",.,"A",.,"A",.,"A",.,"A",.,"A",.,"A",.,"A",160,"D",.,"A",.,"A"
"20104",2336462,72,0,"1",.,"A",.,"A",.,"A",.,"A",.,"A",75,"D",.,"A",.,"A",.,"A",.,"A",.,"A",.,"A",300,"D",.,"A",.,"A"
"20104",2336472,46,0,"1",.,"A",.,"A",.,"A",.,"A",.,"A",.,"A",.,"A",.,"A",.,"A",.,"A",.,"A",.,"A",.,"A",.,"A",.,"A"
"20104",2336482,50,0,"1",.,"A",.,"A",.,"A",.,"A",.,"A",.,"A",390,"D",.,"A",.,"A",.,"A",.,"A",.,"A",20,"D",.,"A",.,"A"
"20104",2336512,44,0,"1",.,"A",.,"A",.,"A",.,"A",.,"A",.,"A",.,"A",.,"A",.,"A",0,"D",0,"D",9,"D",57,"D",0,"D",.,"A"
"20104",2336522,78,0,"1",.,"A",.,"A",.,"A",.,"A",.,"A",360,"D",364,"D",.,"A",.,"A",.,"A",.,"A",.,"A",30,"D",.,"A",.,"A"
"20104",2336572,69,0,"1",.,"A",.,"A",.,"A",.,"A",.,"A",.,"A",.,"A",.,"A",.,"A",.,"A",.,"A",.,"A",200,"D",.,"A",.,"A"
"20104",2336582,37,0,"1",.,"A",.,"A",1,"D",.,"A",60,"D",.,"A",975,"D",.,"A",.,"A",0,"D",0,"D",9,"D",.,"A",0,"D",.,"A"
"20104",2336592,47,0,"1",.,"A",.,"A",.,"A",.,"A",.,"A",.,"A",.,"A",.,"A",.,"A",.,"A",.,"A",.,"A",.,"A",.,"A",.,"A"
"20104",2336602,24,0,"1",.,"A",.,"A",.,"A",.,"A",.,"A",.,"A",1300,"F",.,"A",.,"A",.,"A",.,"A",.,"A",90,"F",.,"A",.,"A"
"20104",2336612,39,0,"1",.,"A",.,"A",.,"A",.,"A",.,"A",.,"A",.,"A",.,"A",.,"A",.,"A",.,"A",.,"A",60,"D",.,"A",.,"A"
"20104",2336622,35,0,"1",.,"A",.,"A",.,"A",.,"A",40,"D",20,"D",.,"A",.,"A",.,"A",.,"A",.,"A",.,"A",.,"A",.,"A",.,"A"
"20104",2336672,46,0,"1",.,"A",.,"A",.,"A",.,"A",.,"A",.,"A",.,"A",.,"A",.,"A",96,"D",6,"D",6,"D",.,"A",32,"D",.,"A"
"20104",2336682,54,0,"1",.,"A",.,"A",.,"A",.,"A",.,"A",70,"D",.,"A",.,"A",18,"D",.,"A",.,"A",.,"A",65,"D",.,"A",.,"A"
"20104",2336694,20,0,"1",.,"A",.,"A",.,"A",.,"A",.,"A",.,"A",.,"A",.,"A",.,"A",.,"A",.,"A",.,"A",.,"A",.,"A",.,"A"
"20104",2336712,50,0,"1",.,"A",.,"A",.,"A",.,"A",.,"A",.,"A",780,"D",.,"A",.,"A",.,"A",.,"A",.,"A",45,"D",.,"A",.,"A"
"20104",2336722,28,0,"1",.,"A",.,"A",.,"A",.,"A",.,"A",20,"D",.,"A",.,"A",.,"A",.,"A",.,"A",.,"A",45,"D",.,"A",.,"A"
"20104",2336732,48,0,"1",.,"A",.,"A",.,"A",.,"A",.,"A",.,"A",.,"A",.,"A",.,"A",.,"A",.,"A",.,"A",45,"D",.,"A",.,"A"
"20104",2336752,88,0,"1",.,"A",.,"A",.,"A",.,"A",.,"A",120,"D",780,"D",.,"A",.,"A",.,"A",.,"A",.,"A",370,"D",.,"A",.,"A"
"20104",2336772,31,0,"1",.,"A",.,"A",.,"A",.,"A",90,"D",.,"A",.,"A",.,"A",.,"A",.,"A",.,"A",.,"A",60,"D",.,"A",.,"A"
"20104",2336832,27,0,"1",.,"A",.,"A",.,"A",.,"A",.,"A",.,"A",.,"A",.,"A",.,"A",.,"A",.,"A",.,"A",.,"A",.,"A",.,"A"
"20104",2336862,55,0,"1",.,"A",.,"A",.,"A",30,"D",.,"A",.,"A",650,"D",650,"D",30,"D",.,"A",.,"A",.,"A",15,"D",.,"A",.,"A"
"20104",2336872,31,0,"1",.,"A",45,"D",.,"A",.,"A",22,"D",35,"D",.,"A",.,"A",.,"A",.,"A",.,"A",.,"A",85,"D",.,"A",.,"A"
"20104",2336912,49,0,"1",.,"A",.,"A",.,"A",.,"A",.,"A",.,"A",.,"A",.,"A",.,"A",.,"A",.,"A",.,"A",.,"A",.,"A",.,"A"
"20104",2336923,44,0,"1",80,"D",.,"A",.,"A",12,"D",200,"D",.,"A",.,"A",.,"A",24,"D",.,"A",.,"A",.,"A",280,"D",.,"A",.,"A"
"20104",2336932,40,0,"1",.,"A",.,"A",.,"A",.,"A",.,"A",.,"A",.,"A",.,"A",.,"A",.,"A",.,"A",.,"A",120,"D",.,"A",.,"A"
"20104",2336952,41,0,"1",.,"A",.,"A",.,"A",.,"A",.,"A",.,"A",.,"A",.,"A",.,"A",.,"A",.,"A",.,"A",.,"A",.,"A",.,"A"
"20104",2336962,37,0,"1",.,"A",.,"A",.,"A",.,"A",.,"A",.,"A",.,"A",.,"A",.,"A",.,"A",.,"A",.,"A",.,"A",.,"A",.,"A"
"20104",2336982,76,0,"1",.,"A",.,"A",.,"A",.,"A",.,"A",20,"D",.,"A",.,"A",.,"A",.,"A",.,"A",.,"A",200,"D",.,"A",.,"A"
"20104",2336992,27,0,"1",.,"A",.,"A",.,"A",.,"A",.,"A",.,"A",.,"A",.,"A",.,"A",.,"A",.,"A",.,"A",.,"A",.,"A",.,"A"
"20104",2337002,103,0,"1",.,"A",.,"A",.,"A",.,"A",.,"A",.,"A",260,"F",.,"A",.,"A",.,"A",.,"A",.,"A",80,"D",.,"A",.,"A"
"20104",2337022,33,0,"1",.,"A",.,"A",.,"A",.,"A",.,"A",.,"A",.,"A",.,"A",.,"A",.,"A",.,"A",.,"A",.,"A",.,"A",.,"A"
"20104",2337062,75,0,"1",.,"A",.,"A",.,"A",.,"A",.,"A",.,"A",.,"A",.,"A",21,"D",.,"A",.,"A",.,"A",60,"D",.,"A",.,"A"
"20104",2337082,78,0,"1",.,"A",.,"A",.,"A",.,"A",.,"A",.,"A",.,"A",.,"A",.,"A",.,"A",.,"A",.,"A",25,"D",.,"A",.,"A"
"20104",2337095,38,0,"1",16,"D",.,"A",.,"A",.,"A",74,"D",.,"A",.,"A",.,"A",.,"A",.,"A",.,"A",.,"A",60,"D",.,"A",.,"A"
"20104",2337122,65,0,"1",.,"A",.,"A",.,"A",.,"A",.,"A",.,"A",.,"A",.,"A",.,"A",.,"A",.,"A",.,"A",100,"D",.,"A",.,"A"
"20104",2337132,69,0,"1",.,"A",.,"A",.,"A",.,"A",.,"A",300,"D",.,"A",.,"A",.,"A",.,"A",.,"A",.,"A",140,"D",.,"A",.,"A"
"20104",2337142,21,0,"1",24,"D",.,"A",.,"A",.,"A",61,"D",.,"A",.,"A",.,"A",.,"A",0,"D",0,"D",120,"D",.,"A",0,"D",.,"A"
"20104",2337164,35,0,"1",.,"A",.,"A",.,"A",.,"A",.,"A",.,"A",.,"A",.,"A",.,"A",.,"A",.,"A",.,"A",.,"A",.,"A",.,"A"
"20104",2337173,38,0,"1",.,"A",.,"A",.,"A",.,"A",.,"A",.,"A",.,"A",130,"D",.,"A",.,"A",.,"A",.,"A",12,"D",.,"A",.,"A"
"20104",2337202,52,0,"1",.,"A",.,"A",.,"A",.,"A",.,"A",20,"D",.,"A",.,"A",30,"D",.,"A",.,"A",.,"A",5,"D",.,"A",.,"A"
"20104",2337232,36,0,"1",15,"D",.,"A",.,"A",.,"A",180,"D",.,"A",130,"D",.,"A",.,"A",.,"A",.,"A",.,"A",30,"D",.,"A",.,"A"
"20104",2337242,28,0,"1",.,"A",.,"A",.,"A",.,"A",.,"A",.,"A",546,"D",.,"A",.,"A",.,"A",.,"A",.,"A",40,"D",.,"A",.,"A"
"20104",2337262,36,0,"1",.,"A",.,"A",.,"A",.,"A",160,"D",.,"A",.,"A",.,"A",.,"A",.,"A",.,"A",.,"A",60,"D",.,"A",.,"A"
"20104",2337272,62,0,"1",.,"A",.,"A",.,"A",.,"A",.,"A",.,"A",.,"A",.,"A",.,"A",.,"A",.,"A",.,"A",20,"D",.,"A",.,"A"
"20104",2337282,78,0,"1",.,"A",.,"A",.,"A",.,"A",.,"A",450,"D",.,"A",.,"A",.,"A",.,"A",.,"A",.,"A",750,"D",.,"A",.,"A"
"20104",2337292,37,0,"1",26,"D",.,"A",.,"A",.,"A",64,"D",.,"A",.,"A",.,"A",.,"A",.,"A",.,"A",.,"A",50,"D",.,"A",.,"A"
"20104",2337312,49,0,"1",.,"A",.,"A",.,"A",.,"A",.,"A",.,"A",.,"A",.,"A",.,"A",.,"A",.,"A",.,"A",25,"D",.,"A",.,"A"
"20104",2337332,57,0,"1",.,"A",.,"A",52,"D",.,"A",.,"A",.,"A",.,"A",.,"A",.,"A",.,"A",.,"A",.,"A",.,"A",.,"A",.,"A"
"20104",2337342,67,0,"1",.,"A",.,"A",.,"A",.,"A",.,"A",.,"A",429,"D",.,"A",.,"A",.,"A",.,"A",.,"A",.,"A",.,"A",.,"A"
"20104",2337352,38,0,"1",.,"A",.,"A",.,"A",.,"A",.,"A",.,"A",.,"A",.,"A",21,"D",.,"A",.,"A",.,"A",.,"A",.,"A",.,"A"
"20104",2337372,84,0,"1",.,"A",.,"A",.,"A",.,"A",.,"A",50,"D",.,"A",.,"A",.,"A",.,"A",.,"A",.,"A",150,"D",.,"A",.,"A"
"20104",2337382,33,0,"1",.,"A",.,"A",.,"A",.,"A",.,"A",.,"A",260,"D",.,"A",.,"A",.,"A",.,"A",.,"A",.,"A",.,"A",.,"A"
"20104",2337392,59,0,"1",.,"A",.,"A",.,"A",.,"A",.,"A",.,"A",.,"A",.,"A",.,"A",.,"A",.,"A",.,"A",16,"D",.,"A",.,"A"
"20104",2337422,39,0,"1",.,"A",.,"A",.,"A",.,"A",.,"A",.,"A",.,"A",.,"A",.,"A",.,"A",.,"A",.,"A",56,"D",.,"A",.,"A"
"20104",2337462,52,0,"1",.,"A",.,"A",.,"A",.,"A",.,"A",.,"A",.,"A",.,"A",.,"A",.,"A",.,"A",.,"A",78,"D",.,"A",.,"A"
"20104",2337472,75,0,"1",.,"A",.,"A",.,"A",.,"A",.,"A",21,"D",.,"A",.,"A",.,"A",.,"A",.,"A",.,"A",15,"D",.,"A",.,"A"
"20104",2337483,23,0,"1",.,"A",.,"A",.,"A",.,"A",.,"A",.,"A",.,"A",.,"A",.,"A",.,"A",.,"A",.,"A",.,"A",.,"A",.,"A"
"20104",2337505,34,0,"1",.,"A",.,"A",.,"A",.,"A",60,"D",.,"A",.,"A",.,"A",.,"A",195,"D",0,"D",0,"D",.,"A",65,"D",.,"A"
"20104",2337514,21,0,"1",.,"A",.,"A",.,"A",.,"A",.,"A",.,"A",.,"A",.,"A",.,"A",120,"D",0,"D",0,"D",.,"A",40,"D",.,"A"
"20104",2337522,50,0,"1",.,"A",.,"A",.,"A",.,"A",.,"A",.,"A",.,"A",.,"A",.,"A",.,"A",.,"A",.,"A",280,"D",.,"A",.,"A"
"20104",2337532,36,0,"1",80,"D",.,"A",.,"A",.,"A",160,"D",.,"A",.,"A",.,"A",.,"A",0,"D",0,"D",0,"D",45,"D",0,"D",.,"A"
"20104",2337542,28,0,"1",.,"A",.,"A",.,"A",.,"A",10,"D",.,"A",.,"A",.,"A",.,"A",.,"A",.,"A",.,"A",.,"A",.,"A",.,"A"
"20104",2337552,48,0,"1",5,"D",.,"A",.,"A",.,"A",200,"D",.,"A",1300,"D",.,"A",45,"D",.,"A",.,"A",.,"A",.,"A",.,"A",.,"A"
"20104",2337562,31,0,"1",.,"A",.,"A",.,"A",.,"A",.,"A",.,"A",.,"A",.,"A",.,"A",.,"A",.,"A",.,"A",.,"A",.,"A",.,"A"
"20104",2337622,44,0,"1",.,"A",.,"A",.,"A",.,"A",.,"A",.,"A",455,"D",.,"A",.,"A",.,"A",.,"A",.,"A",286,"D",.,"A",.,"A"
"20104",2337682,74,0,"1",.,"A",.,"A",.,"A",.,"A",.,"A",.,"A",.,"A",.,"A",.,"A",.,"A",.,"A",.,"A",42,"D",.,"A",.,"A"
"20104",2337694,24,0,"1",.,"A",.,"A",.,"A",.,"A",.,"A",.,"A",.,"A",.,"A",.,"A",.,"A",.,"A",.,"A",.,"A",.,"A",.,"A"
"20104",2337702,45,0,"1",.,"A",.,"A",.,"A",.,"A",.,"A",12,"D",.,"A",.,"A",.,"A",.,"A",.,"A",.,"A",42,"D",.,"A",.,"A"
"20104",2337724,24,0,"1",.,"A",.,"A",.,"A",.,"A",120,"D",.,"A",.,"A",.,"A",.,"A",.,"A",.,"A",.,"A",.,"A",.,"A",.,"A"
"20104",2337762,50,0,"1",.,"A",.,"A",.,"A",.,"A",.,"A",.,"A",143,"D",.,"A",.,"A",.,"A",.,"A",.,"A",.,"A",.,"A",.,"A"
"20104",2337775,63,0,"1",.,"A",.,"A",.,"A",.,"A",.,"A",.,"A",.,"A",.,"A",.,"A",.,"A",.,"A",.,"A",.,"A",.,"A",.,"A"
"20104",2337782,75,0,"1",.,"A",.,"A",.,"A",.,"A",.,"A",.,"A",.,"A",.,"A",.,"A",.,"A",.,"A",.,"A",180,"D",.,"A",.,"A"
"20104",2337802,33,0,"1",.,"A",.,"A",.,"A",.,"A",.,"A",70,"D",.,"A",.,"A",.,"A",.,"A",.,"A",.,"A",220,"D",.,"A",.,"A"
"20104",2337832,31,0,"1",.,"A",.,"A",.,"A",.,"A",.,"A",200,"D",.,"A",.,"A",.,"A",.,"A",.,"A",.,"A",120,"D",.,"A",.,"A"
"20104",2337842,43,0,"1",.,"A",.,"A",.,"A",.,"A",.,"A",.,"A",.,"A",.,"A",.,"A",.,"A",.,"A",.,"A",12,"D",.,"A",.,"A"
"20104",2337892,34,0,"1",.,"A",.,"A",.,"A",.,"A",240,"D",.,"A",.,"A",.,"A",.,"A",267,"D",0,"D",0,"D",240,"D",89,"D",.,"A"
"20104",2337903,24,0,"1",.,"A",.,"A",.,"A",.,"A",.,"A",.,"A",.,"A",.,"A",.,"A",.,"A",.,"A",.,"A",24,"D",.,"A",.,"A"
"20104",2337922,40,0,"1",.,"A",.,"A",.,"A",.,"A",.,"A",.,"A",.,"A",.,"A",6,"D",.,"A",.,"A",.,"A",.,"A",.,"A",.,"A"
"20104",2337942,32,0,"1",.,"A",.,"A",.,"A",.,"A",.,"A",.,"A",.,"A",.,"A",.,"A",.,"A",.,"A",.,"A",.,"A",.,"A",.,"A"
"20104",2337952,45,0,"1",.,"A",.,"A",.,"A",.,"A",.,"A",25,"D",.,"A",.,"A",.,"A",.,"A",.,"A",.,"A",240,"D",.,"A",.,"A"
"20104",2337962,54,0,"1",.,"A",.,"A",.,"A",.,"A",.,"A",.,"A",.,"A",.,"A",.,"A",.,"A",.,"A",.,"A",50,"D",.,"A",.,"A"
"20104",2337992,22,0,"1",.,"A",.,"A",.,"A",.,"A",.,"A",.,"A",.,"A",.,"A",.,"A",.,"A",.,"A",.,"A",.,"A",.,"A",.,"A"
"20104",2338002,37,0,"1",.,"A",.,"A",.,"A",.,"A",.,"A",40,"D",.,"A",.,"A",.,"A",.,"A",.,"A",.,"A",.,"A",.,"A",.,"A"
"20104",2338012,58,0,"1",.,"A",.,"A",.,"A",3,"D",.,"A",.,"A",.,"A",.,"A",.,"A",0,"D",0,"D",75,"D",.,"A",0,"D",.,"A"
"20104",2338054,27,0,"1",10,"D",.,"A",.,"A",.,"A",30,"D",.,"A",.,"A",.,"A",24,"D",0,"D",0,"D",0,"D",20,"D",0,"D",.,"A"
"20104",2338072,47,0,"1",.,"A",.,"A",.,"A",.,"A",.,"A",.,"A",.,"A",.,"A",.,"A",.,"A",.,"A",.,"A",.,"A",.,"A",.,"A"
"20104",2338092,54,0,"1",.,"A",.,"A",.,"A",.,"A",.,"A",.,"A",.,"A",.,"A",.,"A",.,"A",.,"A",.,"A",40,"D",.,"A",.,"A"
"20104",2338112,34,0,"1",.,"A",.,"A",.,"A",.,"A",.,"A",.,"A",.,"A",.,"A",.,"A",.,"A",.,"A",.,"A",15,"D",.,"A",.,"A"
"20104",2338133,41,0,"1",.,"A",.,"A",.,"A",.,"A",60,"D",.,"A",.,"A",.,"A",.,"A",.,"A",.,"A",.,"A",.,"A",.,"A",.,"A"
"20104",2338152,50,0,"1",.,"A",.,"A",.,"A",.,"A",.,"A",.,"A",.,"A",.,"A",.,"A",.,"A",.,"A",.,"A",20,"D",.,"A",.,"A"
"20104",2338162,57,0,"1",.,"A",.,"A",.,"A",.,"A",.,"A",75,"D",.,"A",.,"A",.,"A",.,"A",.,"A",.,"A",60,"D",.,"A",.,"A"
"20104",2338172,35,0,"1",.,"A",.,"A",.,"A",.,"A",.,"A",.,"A",.,"A",.,"A",.,"A",.,"A",.,"A",.,"A",.,"A",.,"A",.,"A"
"20104",2338202,42,0,"1",.,"A",.,"A",.,"A",.,"A",.,"A",.,"A",.,"A",.,"A",.,"A",.,"A",.,"A",.,"A",.,"A",.,"A",.,"A"
"20104",2338242,59,0,"1",.,"A",.,"A",.,"A",.,"A",.,"A",.,"A",.,"A",.,"A",.,"A",.,"A",.,"A",.,"A",20,"D",.,"A",.,"A"
"20104",2338282,26,0,"1",.,"A",.,"A",.,"A",.,"A",.,"A",.,"A",325,"D",.,"A",.,"A",.,"A",.,"A",.,"A",40,"D",.,"A",.,"A"
"20104",2338292,34,0,"1",.,"A",.,"A",.,"A",.,"A",.,"A",.,"A",.,"A",.,"A",.,"A",.,"A",.,"A",.,"A",160,"D",.,"A",.,"A"
"20104",2338302,25,0,"1",.,"A",.,"A",.,"A",.,"A",.,"A",.,"A",.,"A",.,"A",.,"A",.,"A",.,"A",.,"A",.,"A",.,"A",.,"A"
"20104",2338312,48,0,"1",.,"A",.,"A",.,"A",.,"A",.,"A",.,"A",.,"A",.,"A",.,"A",.,"A",.,"A",.,"A",72,"D",.,"A",.,"A"
"20104",2338332,54,0,"1",.,"A",200,"D",.,"A",75,"D",.,"A",300,"D",.,"A",.,"A",.,"A",.,"A",.,"A",.,"A",500,"D",.,"A",.,"A"
"20104",2338352,23,0,"1",.,"A",.,"A",.,"A",.,"A",.,"A",.,"A",.,"A",.,"A",.,"A",.,"A",.,"A",.,"A",.,"A",.,"A",.,"A"
"20104",2338373,23,0,"1",.,"A",.,"A",.,"A",.,"A",.,"A",.,"A",.,"A",.,"A",.,"A",.,"A",.,"A",.,"A",.,"A",.,"A",.,"A"
"20104",2338382,114,0,"1",.,"A",.,"A",.,"A",.,"A",.,"A",75,"D",.,"A",.,"A",270,"D",.,"A",.,"A",.,"A",432,"D",.,"A",.,"A"
"20104",2338402,42,0,"1",.,"A",.,"A",.,"A",.,"A",50,"D",.,"A",.,"A",.,"A",.,"A",.,"A",.,"A",.,"A",60,"D",.,"A",.,"A"
"20104",2338422,35,0,"1",.,"A",.,"A",.,"A",.,"A",.,"A",.,"A",.,"A",195,"D",.,"A",.,"A",.,"A",.,"A",45,"D",.,"A",.,"A"
"20104",2338432,24,0,"1",.,"A",.,"A",.,"A",.,"A",.,"A",.,"A",.,"A",.,"A",.,"A",.,"A",.,"A",.,"A",.,"A",.,"A",.,"A"
"20104",2338442,36,0,"1",.,"A",.,"A",.,"A",.,"A",.,"A",.,"A",.,"A",.,"A",.,"A",.,"A",.,"A",.,"A",.,"A",.,"A",.,"A"
"20104",2338452,31,0,"1",.,"A",.,"A",.,"A",.,"A",.,"A",.,"A",.,"A",.,"A",.,"A",.,"A",.,"A",.,"A",.,"A",.,"A",.,"A"
"20104",2338462,55,0,"1",.,"A",.,"A",.,"A",.,"A",.,"A",.,"A",455,"D",.,"A",.,"A",.,"A",.,"A",.,"A",15,"D",.,"A",.,"A"
"20104",2338472,27,0,"1",.,"A",.,"A",.,"A",.,"A",9,"D",15,"D",.,"A",.,"A",.,"A",0,"D",0,"D",90,"D",35,"D",0,"D",.,"A"
"20104",2338492,34,0,"1",.,"A",.,"A",.,"A",.,"A",.,"A",.,"A",.,"A",.,"A",.,"A",.,"A",.,"A",.,"A",.,"A",.,"A",.,"A"
"20104",2338512,43,0,"1",.,"A",.,"A",.,"A",.,"A",.,"A",.,"A",.,"A",.,"A",.,"A",.,"A",.,"A",.,"A",.,"A",.,"A",.,"A"
"20104",2338522,52,0,"1",.,"A",.,"A",45,"D",.,"A",.,"A",.,"A",780,"D",.,"A",.,"A",.,"A",.,"A",.,"A",80,"D",.,"A",.,"A"
"20104",2338542,58,0,"1",.,"A",.,"A",.,"A",.,"A",.,"A",.,"A",.,"A",.,"A",30,"D",.,"A",.,"A",.,"A",150,"D",.,"A",.,"A"
"20104",2338582,60,0,"1",.,"A",.,"A",.,"A",.,"A",72,"D",60,"D",.,"A",.,"A",30,"D",414,"D",0,"D",0,"D",.,"A",138,"D",210,"D"
"20104",2338592,52,0,"1",.,"A",.,"A",.,"A",.,"A",.,"A",.,"A",910,"D",.,"A",.,"A",.,"A",.,"A",.,"A",30,"D",.,"A",.,"A"
"20104",2338622,39,0,"1",50,"D",.,"A",.,"A",.,"A",130,"D",.,"A",546,"D",.,"A",.,"A",.,"A",.,"A",.,"A",.,"A",.,"A",.,"A"
"20104",2338632,71,0,"1",.,"A",.,"A",.,"A",.,"A",.,"A",30,"D",.,"A",.,"A",.,"A",.,"A",.,"A",.,"A",285,"D",.,"A",.,"A"
"20104",2338642,64,0,"1",8,"D",.,"A",.,"A",.,"A",0,"D",.,"A",.,"A",.,"A",.,"A",.,"A",.,"A",.,"A",.,"A",.,"A",.,"A"
"20104",2338652,62,0,"1",.,"A",.,"A",.,"A",.,"A",.,"A",.,"A",.,"A",.,"A",.,"A",.,"A",.,"A",.,"A",100,"D",.,"A",.,"A"
"20104",2338672,42,0,"1",.,"A",.,"A",.,"A",.,"A",.,"A",.,"A",.,"A",.,"A",.,"A",.,"A",.,"A",.,"A",30,"D",.,"A",.,"A"
"20104",2338682,63,0,"1",.,"A",.,"A",.,"A",.,"A",.,"A",100,"D",.,"A",.,"A",.,"A",.,"A",.,"A",.,"A",30,"D",.,"A",.,"A"
"20104",2338692,34,0,"1",.,"A",.,"A",.,"A",37,"D",30,"D",.,"A",.,"A",.,"A",.,"A",27,"D",0,"D",0,"D",30,"D",9,"D",.,"A"
"20104",2338702,57,0,"1",.,"A",.,"A",.,"A",.,"A",.,"A",.,"A",130,"D",.,"A",.,"A",.,"A",.,"A",.,"A",45,"D",.,"A",.,"A"
"20104",2338712,32,0,"1",.,"A",.,"A",.,"A",.,"A",.,"A",.,"A",390,"D",.,"A",.,"A",.,"A",.,"A",.,"A",.,"A",.,"A",.,"A"
"20104",2338722,42,0,"1",.,"A",.,"A",.,"A",.,"A",.,"A",.,"A",.,"A",.,"A",.,"A",.,"A",.,"A",.,"A",75,"D",.,"A",.,"A"
"20104",2338752,45,0,"1",.,"A",.,"A",.,"A",.,"A",.,"A",.,"A",.,"A",.,"A",.,"A",.,"A",.,"A",.,"A",40,"D",.,"A",.,"A"
"20104",2338782,33,0,"1",.,"A",.,"A",.,"A",.,"A",.,"A",.,"A",.,"A",.,"A",.,"A",.,"A",.,"A",.,"A",.,"A",.,"A",.,"A"
"20104",2338792,25,0,"1",.,"A",.,"A",.,"A",.,"A",40,"F",.,"A",.,"A",.,"A",.,"A",.,"A",.,"A",.,"A",.,"A",.,"A",.,"A"
"20104",2338802,73,0,"1",.,"A",.,"A",.,"A",.,"A",.,"A",18,"D",.,"A",.,"A",315,"D",0,"D",0,"D",45,"D",95,"D",0,"D",.,"A"
"20104",2338812,37,0,"1",.,"A",.,"A",.,"A",.,"A",60,"D",.,"A",.,"A",130,"D",.,"A",.,"A",.,"A",.,"A",90,"D",.,"A",.,"A"
"20104",2338825,41,0,"1",.,"A",.,"A",.,"A",.,"A",.,"A",.,"A",.,"A",.,"A",.,"A",.,"A",.,"A",.,"A",65,"D",.,"A",.,"A"
"20104",2338842,72,0,"1",.,"A",.,"A",.,"A",.,"A",.,"A",75,"D",.,"A",.,"A",.,"A",.,"A",.,"A",.,"A",150,"D",.,"A",.,"A"
"20104",2338872,48,0,"1",.,"A",.,"A",.,"A",.,"A",.,"A",.,"A",.,"A",.,"A",.,"A",.,"A",.,"A",.,"A",40,"D",.,"A",.,"A"
"20104",2338882,47,0,"1",.,"A",.,"A",.,"A",.,"A",.,"A",.,"A",546,"D",.,"A",.,"A",.,"A",.,"A",.,"A",15,"D",.,"A",.,"A"
"20104",2338902,46,0,"1",.,"A",.,"A",.,"A",.,"A",.,"A",.,"A",.,"A",.,"A",.,"A",.,"A",.,"A",.,"A",75,"D",.,"A",.,"A"
"20104",2338913,37,0,"1",.,"A",.,"A",.,"A",10,"D",.,"A",.,"A",.,"A",.,"A",.,"A",.,"A",.,"A",.,"A",45,"D",.,"A",.,"A"
"20104",2338922,75,0,"1",.,"A",.,"A",.,"A",.,"A",.,"A",.,"A",.,"A",.,"A",6,"D",.,"A",.,"A",.,"A",.,"A",.,"A",.,"A"
"20104",2338942,39,0,"1",.,"A",.,"A",.,"A",.,"A",.,"A",.,"A",.,"A",.,"A",.,"A",.,"A",.,"A",.,"A",.,"A",.,"A",.,"A"
"20104",2338952,32,0,"1",.,"A",.,"A",.,"A",.,"A",.,"A",.,"A",.,"A",.,"A",.,"A",.,"A",.,"A",.,"A",150,"D",.,"A",.,"A"
"20104",2338992,37,0,"1",.,"A",.,"A",.,"A",.,"A",.,"A",.,"A",.,"A",.,"A",.,"A",.,"A",.,"A",.,"A",.,"A",.,"A",.,"A"
"20104",2339002,30,0,"1",.,"A",.,"A",.,"A",.,"A",.,"A",.,"A",.,"A",.,"A",.,"A",.,"A",.,"A",.,"A",.,"A",.,"A",.,"A"
"20104",2339022,64,0,"1",.,"A",.,"A",.,"A",75,"D",.,"A",.,"A",546,"D",.,"A",.,"A",.,"A",.,"A",.,"A",300,"D",.,"A",.,"A"
"20104",2339032,50,0,"1",.,"A",.,"A",.,"A",.,"A",.,"A",.,"A",.,"A",.,"A",.,"A",.,"A",.,"A",.,"A",100,"D",.,"A",.,"A"
"20104",2339052,48,0,"1",.,"A",.,"A",.,"A",.,"A",.,"A",110,"D",.,"A",.,"A",.,"A",.,"A",.,"A",.,"A",150,"D",.,"A",.,"A"
"20104",2339062,35,0,"1",.,"A",.,"A",.,"A",.,"A",.,"A",.,"A",.,"A",.,"A",.,"A",.,"A",.,"A",.,"A",.,"A",.,"A",.,"A"
"20104",2339072,50,0,"1",.,"A",.,"A",.,"A",.,"A",.,"A",.,"A",.,"A",.,"A",.,"A",.,"A",.,"A",.,"A",.,"A",.,"A",.,"A"
"20104",2339085,23,0,"1",.,"A",.,"A",.,"A",.,"A",.,"A",.,"A",.,"A",.,"A",.,"A",.,"A",.,"A",.,"A",40,"D",.,"A",.,"A"
"20104",2339092,51,0,"1",.,"A",.,"A",.,"A",.,"A",.,"A",.,"A",.,"A",.,"A",.,"A",.,"A",.,"A",.,"A",30,"D",.,"A",.,"A"
"20104",2339122,53,0,"1",.,"A",.,"A",.,"A",.,"A",.,"A",.,"A",312,"D",.,"A",.,"A",9,"D",0,"D",0,"D",220,"D",3,"D",.,"A"
"20104",2339133,24,0,"1",.,"A",.,"A",.,"A",.,"A",.,"A",.,"A",.,"A",.,"A",.,"A",.,"A",.,"A",.,"A",.,"A",.,"A",.,"A"
"20104",2339142,36,0,"1",.,"A",.,"A",.,"A",.,"A",.,"A",110,"D",.,"A",.,"A",.,"A",.,"A",.,"A",.,"A",.,"A",.,"A",.,"A"
"20104",2339162,41,0,"1",.,"A",.,"A",.,"A",.,"A",.,"A",.,"A",130,"D",.,"A",.,"A",.,"A",.,"A",.,"A",.,"A",.,"A",.,"A"
"20104",2339172,46,0,"1",.,"A",.,"A",.,"A",.,"A",.,"A",.,"A",.,"A",.,"A",.,"A",.,"A",.,"A",.,"A",80,"D",.,"A",.,"A"
"20104",2339212,28,0,"1",.,"A",.,"A",.,"A",.,"A",.,"A",.,"A",78,"D",.,"A",.,"A",.,"A",.,"A",.,"A",.,"A",.,"A",.,"A"
"20104",2339253,23,0,"1",.,"A",.,"A",.,"A",.,"A",35,"D",.,"A",.,"A",.,"A",.,"A",.,"A",.,"A",.,"A",.,"A",.,"A",.,"A"
"20104",2339262,61,0,"1",.,"A",.,"A",.,"A",.,"A",.,"A",.,"A",.,"A",.,"A",.,"A",.,"A",.,"A",.,"A",.,"A",.,"A",.,"A"
"20104",2339272,43,0,"1",30,"D",.,"A",.,"A",.,"A",60,"D",.,"A",.,"A",.,"A",.,"A",.,"A",.,"A",.,"A",.,"A",.,"A",.,"A"
"20104",2339293,41,0,"1",.,"A",.,"A",.,"A",.,"A",.,"A",.,"A",.,"A",.,"A",.,"A",.,"A",.,"A",.,"A",.,"A",.,"A",.,"A"
"20104",2339322,91,0,"1",.,"A",.,"A",.,"A",.,"A",.,"A",20,"D",.,"A",.,"A",.,"A",.,"A",.,"A",.,"A",.,"A",.,"A",.,"A"
"20104",2339332,62,0,"1",.,"A",.,"A",.,"A",.,"A",.,"A",.,"A",.,"A",.,"A",.,"A",.,"A",.,"A",.,"A",.,"A",.,"A",.,"A"
"20104",2339342,45,0,"1",.,"A",.,"A",.,"A",.,"A",.,"A",.,"A",.,"A",.,"A",.,"A",.,"A",.,"A",.,"A",15,"D",.,"A",.,"A"
"20104",2339362,28,0,"1",.,"A",.,"A",.,"A",.,"A",.,"A",.,"A",.,"A",.,"A",.,"A",.,"A",.,"A",.,"A",.,"A",.,"A",.,"A"
"20104",2339402,38,0,"1",.,"A",.,"A",.,"A",.,"A",.,"A",.,"A",.,"A",.,"A",.,"A",300,"D",0,"D",0,"D",.,"A",100,"D",.,"A"
"20104",2339414,35,0,"1",25,"D",.,"A",.,"A",.,"A",35,"D",.,"A",143,"D",.,"A",12,"D",.,"A",.,"A",.,"A",.,"A",.,"A",.,"A"
"20104",2339442,45,0,"1",.,"A",.,"A",.,"A",.,"A",.,"A",.,"A",.,"A",.,"A",.,"A",.,"A",.,"A",.,"A",85,"D",.,"A",.,"A"
"20104",2339452,35,0,"1",.,"A",.,"A",.,"A",.,"A",.,"A",.,"A",.,"A",.,"A",.,"A",.,"A",.,"A",.,"A",.,"A",.,"A",.,"A"
"20104",2339465,39,0,"1",.,"A",.,"A",.,"A",.,"A",.,"A",.,"A",.,"A",.,"A",.,"A",0,"D",0,"D",0,"D",25,"D",0,"D",.,"A"
"20104",2339485,45,0,"1",.,"A",.,"A",.,"A",.,"A",.,"A",.,"A",.,"A",.,"A",.,"A",.,"A",.,"A",.,"A",.,"A",.,"A",.,"A"
"20104",2339492,36,0,"1",.,"A",.,"A",.,"A",.,"A",.,"A",.,"A",.,"A",.,"A",.,"A",.,"A",.,"A",.,"A",30,"D",.,"A",.,"A"
"20104",2339502,57,0,"1",.,"A",.,"A",.,"A",.,"A",.,"A",.,"A",.,"A",.,"A",.,"A",.,"A",.,"A",.,"A",54,"D",.,"A",.,"A"
"20104",2339552,62,0,"1",.,"A",.,"A",.,"A",.,"A",.,"A",.,"A",520,"D",.,"A",.,"A",.,"A",.,"A",.,"A",11,"F",.,"A",.,"A"
"20104",2339582,67,0,"1",.,"A",.,"A",.,"A",.,"A",.,"A",180,"D",104,"D",130,"D",120,"D",.,"A",.,"A",.,"A",.,"A",.,"A",.,"A"
"20104",2339642,46,0,"1",.,"A",.,"A",.,"A",.,"A",.,"A",.,"A",182,"D",.,"A",.,"A",.,"A",.,"A",.,"A",.,"A",.,"A",.,"A"
"20104",2339652,31,0,"1",.,"A",.,"A",.,"A",.,"A",.,"A",.,"A",403,"D",.,"A",.,"A",.,"A",.,"A",.,"A",30,"D",.,"A",.,"A"
"20104",2339665,29,0,"1",.,"A",.,"A",.,"A",.,"A",.,"A",.,"A",.,"A",.,"A",.,"A",.,"A",.,"A",.,"A",.,"A",.,"A",.,"A"
"20104",2339682,74,0,"1",.,"A",.,"A",.,"A",.,"A",.,"A",60,"D",.,"A",.,"A",.,"A",.,"A",.,"A",.,"A",150,"D",.,"A",.,"A"
"20104",2339692,55,0,"1",.,"A",75,"D",.,"A",.,"A",.,"A",25,"D",.,"A",.,"A",.,"A",.,"A",.,"A",.,"A",140,"D",.,"A",.,"A"
"20104",2339722,32,0,"1",.,"A",.,"A",.,"A",.,"A",.,"A",.,"A",.,"A",.,"A",.,"A",.,"A",.,"A",.,"A",.,"A",.,"A",.,"A"
"20104",2339745,46,0,"1",.,"A",.,"A",.,"A",.,"A",.,"A",.,"A",.,"A",.,"A",30,"D",.,"A",.,"A",.,"A",130,"D",.,"A",.,"A"
"20104",2339752,30,0,"1",.,"A",.,"A",.,"A",.,"A",.,"A",.,"A",.,"A",.,"A",.,"A",.,"A",.,"A",.,"A",.,"A",.,"A",.,"A"
"20104",2339762,45,0,"1",.,"A",.,"A",.,"A",.,"A",.,"A",60,"D",.,"A",.,"A",.,"A",267,"D",0,"D",0,"D",.,"A",89,"D",.,"A"
"20104",2339772,25,0,"1",.,"A",.,"A",.,"A",.,"A",.,"A",.,"A",.,"A",.,"A",.,"A",.,"A",.,"A",.,"A",.,"A",.,"A",.,"A"
"20104",2339792,43,0,"1",.,"A",.,"A",.,"A",70,"D",210,"D",.,"A",208,"D",.,"A",30,"D",45,"D",0,"D",30,"D",.,"A",15,"D",.,"A"
"20104",2339842,101,0,"1",.,"A",.,"A",.,"A",.,"A",.,"A",.,"A",.,"A",.,"A",.,"A",.,"A",.,"A",.,"A",255,"D",.,"A",.,"A"
"20104",2339852,42,0,"1",.,"A",.,"A",.,"A",60,"D",.,"A",240,"D",.,"A",.,"A",.,"A",540,"D",270,"D",0,"D",80,"D",180,"D",30,"F"
"20104",2339872,44,0,"1",.,"A",.,"A",.,"A",.,"A",.,"A",.,"A",.,"A",.,"A",.,"A",.,"A",.,"A",.,"A",.,"A",.,"A",.,"A"
"20104",2339905,70,0,"1",.,"A",.,"A",.,"A",.,"A",.,"A",.,"A",.,"A",.,"A",.,"A",.,"A",.,"A",.,"A",125,"D",.,"A",.,"A"
"20104",2339912,30,0,"1",.,"A",.,"A",.,"A",.,"A",.,"A",.,"A",.,"A",.,"A",.,"A",.,"A",.,"A",.,"A",.,"A",.,"A",.,"A"
"20104",2339944,42,0,"1",.,"A",.,"A",.,"A",.,"A",40,"D",.,"A",.,"A",.,"A",.,"A",24,"D",24,"D",0,"D",15,"D",8,"D",.,"A"
"20104",2339952,30,0,"1",.,"A",.,"A",.,"A",.,"A",.,"A",.,"A",.,"A",.,"A",.,"A",0,"D",0,"D",6,"D",14,"D",0,"D",.,"A"
"20104",2339992,50,0,"1",.,"A",.,"A",16,"D",.,"A",.,"A",.,"A",.,"A",.,"A",.,"A",.,"A",.,"A",.,"A",110,"D",.,"A",.,"A"
"20104",2340004,25,0,"1",.,"A",.,"A",.,"A",.,"A",.,"A",.,"A",.,"A",.,"A",.,"A",.,"A",.,"A",.,"A",.,"A",.,"A",.,"A"
"20104",2340012,78,0,"1",.,"A",.,"A",.,"A",.,"A",.,"A",38,"D",.,"A",.,"A",.,"A",.,"A",.,"A",.,"A",109,"D",.,"A",.,"A"
"20104",2340045,23,0,"1",.,"A",.,"A",.,"A",.,"A",.,"A",.,"A",.,"A",.,"A",.,"A",.,"A",.,"A",.,"A",20,"D",.,"A",.,"A"
"20104",2340062,31,0,"1",.,"A",.,"A",.,"A",30,"D",15,"D",.,"A",.,"A",.,"A",.,"A",90,"D",0,"D",0,"D",.,"A",30,"D",.,"A"
"20104",2340102,65,0,"1",.,"A",.,"A",.,"A",.,"A",.,"A",.,"A",520,"D",.,"A",.,"A",.,"A",.,"A",.,"A",150,"D",.,"A",.,"A"
"20104",2340112,52,0,"1",.,"A",.,"A",.,"A",.,"A",.,"A",.,"A",.,"A",.,"A",.,"A",.,"A",.,"A",.,"A",.,"A",.,"A",.,"A"
"20104",2340142,33,0,"1",.,"A",.,"A",.,"A",.,"A",.,"A",.,"A",.,"A",.,"A",.,"A",45,"F",0,"D",240,"D",.,"A",.,"C",.,"A"
"20104",2340152,32,0,"1",.,"A",.,"A",.,"A",50,"D",30,"D",60,"D",130,"D",.,"A",.,"A",.,"A",.,"A",.,"A",120,"D",.,"A",.,"A"
"20104",2340172,63,0,"1",.,"A",.,"A",.,"A",.,"A",.,"A",.,"A",.,"A",.,"A",15,"F",.,"A",.,"A",.,"A",225,"D",.,"A",.,"A"
"20104",2340182,27,0,"1",.,"A",.,"A",.,"A",.,"A",.,"A",.,"A",.,"A",.,"A",.,"A",.,"A",.,"A",.,"A",.,"A",.,"A",.,"A"
"20104",2340192,24,0,"1",.,"A",.,"A",.,"A",.,"A",80,"F",.,"A",.,"A",.,"A",.,"A",.,"A",.,"A",.,"A",.,"A",.,"A",.,"A"
"20104",2340212,70,0,"1",.,"A",.,"A",.,"A",.,"A",.,"A",.,"A",.,"A",195,"D",.,"A",.,"A",.,"A",.,"A",.,"A",.,"A",.,"A"
"20104",2340222,36,0,"1",.,"A",.,"A",.,"A",.,"A",.,"A",12,"D",.,"A",.,"A",.,"A",.,"A",.,"A",.,"A",.,"A",.,"A",.,"A"
"20104",2340242,40,0,"1",.,"A",.,"A",.,"A",.,"A",.,"A",75,"D",.,"A",.,"A",.,"A",.,"A",.,"A",.,"A",150,"D",.,"A",.,"A"
"20104",2340262,69,0,"1",.,"A",.,"A",.,"A",.,"A",.,"A",.,"A",.,"A",.,"A",.,"A",.,"A",.,"A",.,"A",20,"D",.,"A",.,"A"
"20104",2340304,29,0,"1",.,"A",.,"A",.,"A",.,"A",.,"A",.,"A",.,"A",.,"A",.,"A",.,"A",.,"A",.,"A",.,"A",.,"A",.,"A"
"20104",2340313,23,0,"1",.,"A",.,"A",.,"A",.,"A",.,"A",.,"A",.,"A",.,"A",.,"A",.,"A",.,"A",.,"A",.,"A",.,"A",.,"A"
"20104",2340342,25,0,"1",.,"A",.,"A",.,"A",.,"A",120,"F",.,"A",.,"A",.,"A",15,"F",6,"F",15,"F",45,"F",40,"F",.,"C",.,"A"
"20104",2340352,36,0,"1",.,"A",.,"A",.,"A",.,"A",.,"A",.,"A",520,"D",.,"A",.,"A",.,"A",.,"A",.,"A",.,"A",.,"A",.,"A"
"20104",2340362,38,0,"1",.,"A",.,"A",.,"A",.,"A",96,"D",.,"A",377,"D",.,"A",27,"D",.,"A",.,"A",.,"A",.,"A",.,"A",.,"A"
"20104",2340372,49,0,"1",.,"A",.,"A",.,"A",.,"A",.,"A",175,"D",.,"A",.,"A",.,"A",.,"A",.,"A",.,"A",300,"D",.,"A",.,"A"
"20104",2340392,25,0,"1",.,"A",.,"A",.,"A",.,"A",30,"D",.,"A",.,"A",.,"A",.,"A",0,"D",0,"D",15,"D",35,"D",0,"D",.,"A"
"20104",2340402,29,0,"1",.,"A",.,"A",.,"A",.,"A",.,"A",.,"A",260,"D",.,"A",.,"A",.,"A",.,"A",.,"A",.,"A",.,"A",.,"A"
"20104",2340422,52,0,"1",.,"A",.,"A",.,"A",.,"A",.,"A",.,"A",.,"A",.,"A",.,"A",.,"A",.,"A",.,"A",.,"A",.,"A",.,"A"
"20104",2340442,20,0,"1",.,"A",.,"A",.,"A",.,"A",.,"A",.,"A",.,"A",.,"A",.,"A",.,"A",.,"A",.,"A",20,"D",.,"A",.,"A"
"20104",2340452,40,0,"1",.,"A",.,"A",.,"A",320,"D",.,"A",.,"A",.,"A",.,"A",.,"A",0,"D",0,"D",180,"D",180,"D",0,"D",.,"A"
"20104",2340462,36,0,"1",.,"A",.,"A",.,"A",.,"A",.,"A",.,"A",.,"A",.,"A",.,"A",.,"A",.,"A",.,"A",150,"D",.,"A",.,"A"
"20104",2340472,73,0,"1",.,"A",.,"A",.,"A",.,"A",.,"A",.,"A",.,"A",.,"A",.,"A",.,"A",.,"A",.,"A",120,"D",.,"A",.,"A"
"20104",2340482,52,0,"1",.,"A",.,"A",.,"A",15,"D",.,"A",.,"A",.,"A",.,"A",18,"D",54,"D",0,"D",0,"D",.,"A",18,"D",.,"A"
"20104",2340492,28,0,"1",60,"D",.,"A",.,"A",.,"A",180,"D",.,"A",.,"A",182,"D",.,"A",0,"D",0,"D",72,"D",.,"A",0,"D",.,"A"
"20104",2340532,49,0,"1",.,"A",.,"A",.,"A",.,"A",.,"A",.,"A",.,"A",.,"A",.,"A",.,"A",.,"A",.,"A",70,"D",.,"A",.,"A"
"20104",2340542,60,0,"1",.,"A",.,"A",25,"D",.,"A",.,"A",.,"A",.,"A",.,"A",.,"A",.,"A",.,"A",.,"A",90,"D",.,"A",.,"A"
"20104",2340572,36,0,"1",.,"A",.,"A",.,"A",.,"A",.,"A",.,"A",.,"A",195,"D",.,"A",.,"A",.,"A",.,"A",36,"D",.,"A",.,"A"
"20104",2340582,71,0,"1",.,"A",.,"A",.,"A",.,"A",.,"A",.,"A",.,"A",.,"A",60,"D",.,"A",.,"A",.,"A",300,"D",.,"A",.,"A"
"20104",2340592,35,0,"1",.,"A",.,"A",.,"A",.,"A",120,"D",.,"A",.,"A",.,"A",.,"A",.,"A",.,"A",.,"A",.,"A",.,"A",.,"A"
"20104",2340602,39,0,"1",.,"A",.,"A",.,"A",.,"A",.,"A",.,"A",39,"D",.,"A",.,"A",.,"A",.,"A",.,"A",.,"A",.,"A",.,"A"
"20104",2340622,47,0,"1",.,"A",.,"A",.,"A",.,"A",.,"A",15,"D",.,"A",.,"A",0,"D",.,"A",.,"A",.,"A",.,"A",.,"A",.,"A"
"20104",2340632,48,0,"1",.,"A",.,"A",.,"A",.,"A",.,"A",.,"A",.,"A",26,"D",.,"A",.,"A",.,"A",.,"A",50,"D",.,"A",.,"A"
"20104",2340642,46,0,"1",.,"A",.,"A",.,"A",.,"A",.,"A",50,"D",.,"A",.,"A",.,"A",.,"A",.,"A",.,"A",50,"D",.,"A",.,"A"
"20104",2340652,39,0,"1",.,"A",.,"A",.,"A",.,"A",.,"A",.,"A",.,"A",.,"A",12,"D",.,"A",.,"A",.,"A",.,"A",.,"A",.,"A"
"20104",2340682,59,0,"1",.,"A",.,"A",.,"A",.,"A",.,"A",.,"A",.,"A",.,"A",.,"A",.,"A",.,"A",.,"A",200,"D",.,"A",.,"A"
"20104",2340722,61,0,"1",.,"A",.,"A",70,"D",.,"A",.,"A",.,"A",.,"A",.,"A",.,"A",.,"A",.,"A",.,"A",84,"D",.,"A",.,"A"
"20104",2340772,61,0,"1",.,"A",.,"A",.,"A",.,"A",.,"A",.,"A",.,"A",.,"A",.,"A",.,"A",.,"A",.,"A",100,"D",.,"A",.,"A"
"20104",2340782,28,0,"1",.,"A",.,"A",.,"A",.,"A",20,"F",.,"A",.,"A",.,"A",.,"A",.,"A",.,"A",.,"A",20,"D",.,"A",.,"A"
"20104",2340802,53,0,"1",.,"A",.,"A",.,"A",.,"A",.,"A",.,"A",455,"D",.,"A",.,"A",.,"A",.,"A",.,"A",.,"A",.,"A",.,"A"
"20104",2340815,29,0,"1",.,"A",.,"A",.,"A",.,"A",.,"A",.,"A",.,"A",.,"A",60,"D",.,"A",.,"A",.,"A",60,"D",.,"A",.,"A"
"20104",2340842,48,0,"1",.,"A",.,"A",.,"A",.,"A",.,"A",180,"D",104,"D",.,"A",30,"D",.,"A",.,"A",.,"A",60,"D",.,"A",.,"A"
"20104",2340852,52,0,"1",.,"A",.,"A",.,"A",150,"D",.,"A",.,"A",.,"A",.,"A",.,"A",0,"D",0,"D",0,"D",40,"D",0,"D",.,"A"
"20104",2340912,37,0,"1",.,"A",.,"A",.,"A",.,"A",80,"D",.,"A",.,"A",.,"A",.,"A",.,"A",.,"A",.,"A",45,"D",.,"A",.,"A"
"20104",2340942,41,0,"1",.,"A",.,"A",.,"A",.,"A",.,"A",.,"A",.,"A",.,"A",.,"A",.,"A",.,"A",.,"A",.,"A",.,"A",.,"A"
"20104",2340952,36,0,"1",.,"A",.,"A",.,"A",.,"A",36,"D",.,"A",.,"A",.,"A",.,"A",.,"A",.,"A",.,"A",.,"A",.,"A",.,"A"
"20104",2340985,80,0,"1",.,"A",.,"A",.,"A",.,"A",.,"A",12,"D",.,"A",.,"A",36,"D",.,"A",.,"A",.,"A",40,"D",.,"A",.,"A"
"20104",2341002,45,0,"1",.,"A",.,"A",.,"A",.,"A",.,"A",.,"A",650,"D",.,"A",.,"A",.,"A",.,"A",.,"A",.,"A",.,"A",.,"A"
"20104",2341042,39,0,"1",.,"A",.,"A",.,"A",.,"A",.,"A",.,"A",585,"D",.,"A",.,"A",.,"A",.,"A",.,"A",.,"A",.,"A",.,"A"
"20104",2341062,35,0,"1",.,"A",.,"A",.,"A",.,"A",.,"A",.,"A",.,"A",.,"A",6,"D",.,"A",.,"A",.,"A",210,"D",.,"A",.,"A"
"20104",2341073,55,0,"1",.,"A",.,"A",.,"A",.,"A",.,"A",.,"A",.,"A",.,"A",45,"D",.,"A",.,"A",.,"A",60,"D",.,"A",.,"A"
"20104",2341082,47,0,"1",.,"A",.,"A",.,"A",.,"A",.,"A",.,"A",195,"D",.,"A",.,"A",.,"A",.,"A",.,"A",165,"D",.,"A",.,"A"
"20104",2341092,44,0,"1",130,"D",.,"A",.,"A",.,"A",170,"D",.,"A",364,"D",.,"A",90,"D",.,"A",.,"A",.,"A",.,"A",.,"A",.,"A"
"20104",2341102,35,0,"1",.,"A",.,"A",.,"A",.,"A",.,"A",.,"A",.,"A",.,"A",.,"A",.,"A",.,"A",.,"A",225,"F",.,"A",.,"A"
"20104",2341122,39,0,"1",.,"A",.,"A",.,"A",.,"A",.,"A",.,"A",.,"A",.,"A",.,"A",0,"D",0,"D",30,"D",.,"A",0,"D",.,"A"
"20104",2341132,56,0,"1",.,"A",.,"A",.,"A",.,"A",.,"A",.,"A",325,"D",.,"A",24,"D",.,"A",.,"A",.,"A",.,"A",.,"A",.,"A"
"20104",2341142,98,0,"1",.,"A",.,"A",.,"A",.,"A",.,"A",130,"D",.,"A",.,"A",27,"D",.,"A",.,"A",.,"A",105,"D",.,"A",.,"A"
"20104",2341162,57,0,"1",.,"A",.,"A",.,"A",.,"A",.,"A",.,"A",.,"A",.,"A",.,"A",.,"A",.,"A",.,"A",250,"D",.,"A",.,"A"
"20104",2341172,72,0,"1",.,"A",.,"A",.,"A",.,"A",.,"A",.,"A",.,"A",.,"A",60,"F",.,"A",.,"A",.,"A",75,"D",.,"A",.,"A"
"20104",2341182,43,0,"1",13,"D",.,"A",.,"A",.,"A",32,"D",.,"A",26,"D",.,"A",15,"D",105,"D",0,"D",24,"F",120,"D",35,"D",.,"A"
"20104",2341192,41,0,"1",.,"A",.,"A",.,"A",.,"A",.,"A",.,"A",.,"A",.,"A",.,"A",.,"A",.,"A",.,"A",.,"A",.,"A",.,"A"
"20104",2341222,29,0,"1",.,"A",.,"A",.,"A",.,"A",.,"A",.,"A",.,"A",.,"A",.,"A",.,"A",.,"A",.,"A",120,"D",.,"A",.,"A"
"20104",2341252,68,0,"1",.,"A",.,"A",.,"A",.,"A",.,"A",.,"A",.,"A",.,"A",.,"A",180,"D",0,"D",0,"D",25,"D",60,"D",.,"A"
"20104",2341262,29,0,"1",.,"A",.,"A",.,"A",.,"A",.,"A",.,"A",.,"A",.,"A",.,"A",.,"A",.,"A",.,"A",.,"A",.,"A",.,"A"
"20104",2341272,31,0,"1",.,"A",.,"A",.,"A",.,"A",.,"A",.,"A",.,"A",.,"A",.,"A",.,"A",.,"A",.,"A",.,"A",.,"A",.,"A"
"20104",2341332,31,0,"1",.,"A",.,"A",.,"A",.,"A",.,"A",.,"A",.,"A",.,"A",.,"A",.,"A",.,"A",.,"A",.,"A",.,"A",.,"A"
"20104",2341352,30,0,"1",.,"A",.,"A",.,"A",.,"A",.,"A",.,"A",.,"A",.,"A",.,"A",.,"A",.,"A",.,"A",.,"A",.,"A",.,"A"
"20104",2341362,20,0,"1",.,"A",.,"A",.,"A",.,"A",.,"A",.,"A",.,"A",.,"A",.,"A",.,"A",.,"A",.,"A",.,"A",.,"A",.,"A"
"20104",2341382,36,0,"1",.,"A",.,"A",.,"A",.,"A",.,"A",.,"A",.,"A",.,"A",.,"A",.,"A",.,"A",.,"A",.,"A",.,"A",.,"A"
"20104",2341402,44,0,"1",68,"D",.,"A",.,"A",.,"A",172,"D",.,"A",156,"D",.,"A",180,"D",.,"A",.,"A",.,"A",.,"A",.,"A",.,"A"
"20104",2341435,31,0,"1",.,"A",.,"A",.,"A",.,"A",.,"A",.,"A",.,"A",.,"A",.,"A",.,"A",.,"A",.,"A",.,"A",.,"A",.,"A"
"20104",2341442,27,0,"1",.,"A",.,"A",.,"A",.,"A",.,"A",.,"A",.,"A",.,"A",.,"A",.,"A",.,"A",.,"A",.,"A",.,"A",.,"A"
"20104",2341452,94,0,"1",.,"A",.,"A",.,"A",.,"A",.,"A",90,"D",.,"A",.,"A",.,"A",.,"A",.,"A",.,"A",150,"D",.,"A",.,"A"
"20104",2341462,50,0,"1",.,"A",.,"A",.,"A",.,"A",.,"A",.,"A",.,"A",.,"A",.,"A",.,"A",.,"A",.,"A",40,"D",.,"A",.,"A"
"20104",2341472,51,0,"1",.,"A",.,"A",.,"A",.,"A",.,"A",.,"A",.,"A",.,"A",.,"A",.,"A",.,"A",.,"A",20,"D",.,"A",.,"A"
"20104",2341482,39,0,"1",.,"A",.,"A",.,"A",.,"A",.,"A",.,"A",468,"D",.,"A",.,"A",.,"A",.,"A",.,"A",.,"A",.,"A",.,"A"
"20104",2341494,52,0,"1",15,"D",.,"A",.,"A",.,"A",55,"D",.,"A",.,"A",.,"A",.,"A",.,"A",.,"A",.,"A",175,"D",.,"A",.,"A"
"20104",2341552,38,0,"1",.,"A",.,"A",.,"A",.,"A",90,"D",.,"A",.,"A",.,"A",.,"A",.,"A",.,"A",.,"A",.,"A",.,"A",.,"A"
"20104",2341565,38,0,"1",.,"A",.,"A",.,"A",.,"A",.,"A",.,"A",1300,"D",.,"A",.,"A",.,"A",.,"A",.,"A",20,"D",.,"A",.,"A"
"20104",2341573,39,0,"1",.,"A",.,"A",.,"A",.,"A",.,"A",.,"A",.,"A",.,"A",.,"A",.,"A",.,"A",.,"A",.,"A",.,"A",.,"A"
"20104",2341605,53,0,"1",.,"A",.,"A",.,"A",.,"A",.,"A",.,"A",390,"D",.,"A",30,"D",.,"A",.,"A",.,"A",85,"D",.,"A",.,"A"
"20104",2341612,51,0,"1",.,"A",.,"A",.,"A",.,"A",.,"A",60,"D",.,"A",.,"A",.,"A",.,"A",.,"A",.,"A",205,"D",.,"A",.,"A"
"20104",2341622,71,0,"1",.,"A",.,"A",.,"A",.,"A",.,"A",.,"A",.,"A",.,"A",.,"A",.,"A",.,"A",.,"A",200,"D",.,"A",.,"A"
"20104",2341632,46,0,"1",.,"A",.,"A",.,"A",.,"A",.,"A",.,"A",.,"A",.,"A",.,"A",.,"A",.,"A",.,"A",14,"D",.,"A",.,"A"
"20104",2341642,37,0,"1",.,"A",.,"A",.,"A",.,"A",.,"A",.,"A",.,"A",.,"A",.,"A",.,"A",.,"A",.,"A",.,"A",.,"A",.,"A"
"20104",2341662,32,0,"1",.,"A",.,"A",.,"A",.,"A",.,"A",.,"A",.,"A",.,"A",.,"A",.,"A",.,"A",.,"A",.,"A",.,"A",.,"A"
"20104",2341712,74,0,"1",.,"A",.,"A",.,"A",.,"A",.,"A",75,"D",.,"A",.,"A",.,"A",534,"D",0,"D",0,"D",.,"A",178,"D",.,"A"
"20104",2341722,60,0,"1",.,"A",.,"A",.,"A",.,"A",.,"A",250,"D",.,"A",.,"A",.,"A",.,"A",.,"A",.,"A",450,"D",.,"A",.,"A"
"20104",2341732,45,0,"1",.,"A",.,"A",.,"A",.,"A",.,"A",.,"A",.,"A",.,"A",.,"A",.,"A",.,"A",.,"A",20,"D",.,"A",.,"A"
"20104",2341752,34,0,"1",.,"A",.,"A",.,"A",.,"A",.,"A",.,"A",234,"D",.,"A",.,"A",.,"A",.,"A",.,"A",.,"A",.,"A",.,"A"
"20104",2341802,23,0,"1",.,"A",.,"A",.,"A",.,"A",.,"A",.,"A",.,"A",.,"A",.,"A",.,"A",.,"A",.,"A",.,"A",.,"A",.,"A"
"20104",2341832,30,0,"1",.,"A",.,"A",.,"A",.,"A",15,"D",.,"A",520,"F",.,"A",.,"A",.,"A",.,"A",.,"A",.,"A",.,"A",.,"A"
"20104",2341845,23,0,"1",.,"A",.,"A",.,"A",.,"A",35,"D",.,"A",.,"A",130,"D",.,"A",0,"D",0,"D",45,"D",30,"D",0,"D",.,"A"
"20104",2341852,51,0,"1",.,"A",.,"A",.,"A",.,"A",70,"D",.,"A",.,"A",.,"A",.,"A",.,"A",.,"A",.,"A",157,"D",.,"A",.,"A"
"20104",2341862,31,0,"1",.,"A",.,"A",.,"A",.,"A",95,"D",.,"A",.,"A",.,"A",.,"A",0,"D",312,"D",78,"D",.,"A",0,"D",.,"A"
"20104",2341912,37,0,"1",.,"A",.,"A",.,"A",.,"A",.,"A",.,"A",.,"A",.,"A",.,"A",.,"A",.,"A",.,"A",.,"A",.,"A",.,"A"
"20104",2341922,38,0,"1",.,"A",.,"A",.,"A",.,"A",130,"D",.,"A",.,"A",.,"A",15,"D",.,"A",.,"A",.,"A",.,"A",.,"A",.,"A"
"20104",2341932,60,0,"1",.,"A",.,"A",.,"A",.,"A",.,"A",.,"A",.,"A",.,"A",.,"A",.,"A",.,"A",.,"A",240,"D",.,"A",.,"A"
"20104",2341942,41,0,"1",.,"A",.,"A",.,"A",.,"A",.,"A",15,"D",.,"A",.,"A",30,"D",.,"A",.,"A",.,"A",68,"D",.,"A",.,"A"
"20104",2342032,54,0,"1",.,"A",.,"A",.,"A",.,"A",.,"A",.,"A",.,"A",.,"A",.,"A",.,"A",.,"A",.,"A",.,"A",.,"A",.,"A"
"20104",2342052,42,0,"1",.,"A",.,"A",.,"A",.,"A",.,"A",24,"D",.,"A",.,"A",.,"A",.,"A",.,"A",.,"A",115,"D",.,"A",.,"A"
"20104",2342072,32,0,"1",.,"A",.,"A",.,"A",.,"A",.,"A",.,"A",.,"A",.,"A",.,"A",.,"A",.,"A",.,"A",.,"A",.,"A",.,"A"
"20104",2342085,21,0,"1",.,"A",.,"A",.,"A",.,"A",.,"A",.,"A",.,"A",.,"A",.,"A",.,"A",.,"A",.,"A",25,"D",.,"A",.,"A"
"20104",2342115,33,0,"1",.,"A",.,"A",.,"A",.,"A",.,"A",.,"A",.,"A",.,"A",.,"A",.,"A",.,"A",.,"A",.,"A",.,"A",.,"A"
"20104",2342132,38,0,"1",.,"A",.,"A",.,"A",.,"A",.,"A",.,"A",.,"A",.,"A",.,"A",.,"A",.,"A",.,"A",10,"D",.,"A",.,"A"
"20104",2342162,37,0,"1",.,"A",.,"A",.,"A",.,"A",24,"D",.,"A",.,"A",.,"A",.,"A",.,"A",.,"A",.,"A",24,"D",.,"A",.,"A"
"20104",2342182,76,0,"1",.,"A",.,"A",.,"A",.,"A",.,"A",.,"A",.,"A",.,"A",.,"A",.,"A",.,"A",.,"A",45,"D",.,"A",.,"A"
"20104",2342222,38,0,"1",.,"A",.,"A",.,"A",.,"A",.,"A",.,"A",.,"A",.,"A",.,"A",.,"A",.,"A",.,"A",.,"A",.,"A",.,"A"
"20104",2342262,86,0,"1",.,"A",.,"A",.,"A",.,"A",.,"A",300,"D",.,"A",.,"A",225,"D",0,"D",225,"D",60,"D",60,"D",0,"D",.,"A"
"20104",2342282,51,0,"1",.,"A",.,"A",.,"A",.,"A",.,"A",.,"A",.,"A",.,"A",.,"A",.,"A",.,"A",.,"A",.,"A",.,"A",.,"A"
"20104",2342312,41,0,"1",3,"D",.,"A",.,"A",14,"D",18,"D",.,"A",.,"A",.,"A",.,"A",0,"D",0,"D",135,"D",12,"D",0,"D",.,"A"
"20104",2342322,59,0,"1",.,"A",.,"A",.,"A",.,"A",.,"A",.,"A",.,"A",.,"A",6,"D",.,"A",.,"A",.,"A",20,"D",.,"A",.,"A"
"20104",2342334,31,0,"1",.,"A",.,"A",.,"A",.,"A",.,"A",.,"A",520,"D",.,"A",.,"A",.,"A",.,"A",.,"A",.,"A",.,"A",.,"A"
"20104",2342342,36,0,"1",7,"D",.,"A",.,"A",.,"A",23,"D",.,"A",.,"A",.,"A",.,"A",.,"A",.,"A",.,"A",.,"A",.,"A",.,"A"
"20104",2342372,41,0,"1",.,"A",.,"A",.,"A",.,"A",.,"A",.,"A",.,"A",.,"A",.,"A",.,"A",.,"A",.,"A",20,"D",.,"A",.,"A"
"20104",2342382,52,0,"1",.,"A",.,"A",.,"A",.,"A",.,"A",.,"A",.,"A",.,"A",75,"D",.,"A",.,"A",.,"A",150,"D",.,"A",.,"A"
"20104",2342392,27,0,"1",.,"A",.,"A",.,"A",.,"A",.,"A",.,"A",260,"D",.,"A",.,"A",.,"A",.,"A",.,"A",.,"A",.,"A",.,"A"
"20104",2342413,33,0,"1",.,"A",.,"A",.,"A",.,"A",.,"A",.,"A",.,"A",.,"A",.,"A",.,"A",.,"A",.,"A",.,"A",.,"A",.,"A"
"20104",2342432,78,0,"1",.,"A",.,"A",.,"A",.,"A",.,"A",.,"A",.,"A",195,"D",.,"A",.,"A",.,"A",.,"A",20,"D",.,"A",.,"A"
"20104",2342452,49,0,"1",.,"A",.,"A",.,"A",.,"A",.,"A",.,"A",.,"A",.,"A",.,"A",.,"A",.,"A",.,"A",30,"D",.,"A",.,"A"
"20104",2342525,39,0,"1",.,"A",.,"A",.,"A",80,"D",25,"D",60,"D",.,"A",.,"A",.,"A",.,"A",.,"A",.,"A",80,"D",.,"A",.,"A"
"20104",2342674,34,0,"1",.,"A",.,"A",.,"A",.,"A",.,"A",.,"A",.,"A",.,"A",.,"A",.,"A",.,"A",.,"A",45,"D",.,"A",.,"A"
"20104",2342722,33,0,"1",.,"A",.,"A",.,"A",.,"A",.,"A",.,"A",.,"A",.,"A",45,"D",60,"D",0,"D",45,"D",.,"A",20,"D",.,"A"
"20104",2342873,55,0,"1",.,"A",.,"A",.,"A",.,"A",.,"A",.,"A",.,"A",.,"A",.,"A",.,"A",.,"A",.,"A",90,"D",.,"A",.,"A"
"20104",2342883,38,0,"1",.,"A",.,"A",.,"A",.,"A",.,"A",.,"A",.,"A",.,"A",.,"A",.,"A",.,"A",.,"A",.,"A",.,"A",.,"A"
"20104",2343124,51,0,"1",.,"A",.,"A",.,"A",.,"A",.,"A",60,"D",.,"A",.,"A",60,"D",0,"D",60,"D",0,"D",240,"D",0,"D",.,"A"
"20104",2343215,47,0,"1",.,"A",.,"A",.,"A",.,"A",.,"A",.,"A",.,"A",.,"A",90,"D",.,"A",.,"A",.,"A",130,"D",.,"A",.,"A"
"20104",2343575,35,0,"1",.,"A",.,"A",.,"A",.,"A",.,"A",.,"A",.,"A",.,"A",.,"A",.,"A",.,"A",.,"A",100,"D",.,"A",.,"A"
"20104",2343584,32,0,"1",.,"A",.,"A",.,"A",.,"A",60,"D",40,"D",390,"D",.,"A",.,"A",135,"D",0,"D",0,"D",150,"D",45,"D",.,"A"
"20104",2343625,25,0,"1",.,"A",.,"A",.,"A",.,"A",.,"A",.,"A",.,"A",.,"A",.,"A",.,"A",.,"A",.,"A",.,"A",.,"A",.,"A"
"20104",2343694,36,0,"1",.,"A",.,"A",.,"A",.,"A",.,"A",.,"A",.,"A",.,"A",.,"A",.,"A",.,"A",.,"A",120,"D",.,"A",.,"A"
"20104",2343704,50,0,"1",.,"A",.,"A",.,"A",15,"D",.,"A",.,"A",78,"D",195,"D",.,"A",.,"A",.,"A",.,"A",13,"D",.,"A",.,"A"
"20104",2343725,47,0,"1",.,"A",.,"A",.,"A",.,"A",.,"A",.,"A",.,"A",.,"A",60,"D",.,"A",.,"A",.,"A",60,"D",.,"A",.,"A"
"20104",2343784,32,0,"1",.,"A",.,"A",.,"A",.,"A",.,"A",.,"A",13,"D",.,"A",24,"D",.,"A",.,"A",.,"A",12,"D",.,"A",.,"A"
"20104",2343935,29,0,"1",.,"A",.,"A",.,"A",.,"A",.,"A",.,"A",.,"A",.,"A",.,"A",.,"A",.,"A",.,"A",.,"A",.,"A",.,"A"
"20104",2344075,24,0,"1",.,"A",.,"A",.,"A",.,"A",.,"A",.,"A",65,"D",.,"A",.,"A",.,"A",.,"A",.,"A",.,"A",.,"A",.,"A"
"20104",2344112,25,0,"1",.,"A",.,"A",.,"A",.,"A",.,"A",.,"A",.,"A",.,"A",.,"A",.,"A",.,"A",.,"A",.,"A",.,"A",.,"A"
"20104",2344183,35,0,"1",3,"D",.,"A",.,"A",.,"A",15,"D",.,"A",559,"D",.,"A",.,"A",.,"A",.,"A",.,"A",40,"D",.,"A",.,"A"
"20104",2344285,24,0,"1",.,"A",.,"A",.,"A",.,"A",.,"A",.,"A",.,"A",.,"A",.,"A",.,"A",.,"A",.,"A",45,"D",.,"A",.,"A"
"20104",2344403,32,0,"1",.,"A",.,"A",.,"A",.,"A",2,"D",.,"A",.,"A",.,"A",.,"A",.,"A",.,"A",.,"A",.,"A",.,"A",.,"A"
"20104",2344482,31,0,"1",.,"A",.,"A",.,"A",.,"A",12,"D",.,"A",52,"D",.,"A",.,"A",.,"A",.,"A",.,"A",.,"A",.,"A",.,"A"
"20104",2344493,31,0,"1",.,"A",.,"A",.,"A",.,"A",80,"D",.,"A",520,"D",.,"A",.,"A",.,"A",.,"A",.,"A",80,"D",.,"A",.,"A"
"20104",2344555,30,0,"1",.,"A",.,"A",.,"A",.,"A",.,"A",.,"A",.,"A",.,"A",.,"A",.,"A",.,"A",.,"A",.,"A",.,"A",.,"A"
"20104",2344704,32,0,"1",.,"A",.,"A",.,"A",.,"A",.,"A",.,"A",.,"A",.,"A",.,"A",.,"A",.,"A",.,"A",20,"D",.,"A",.,"A"
"20104",2344772,23,0,"1",.,"A",.,"A",.,"A",.,"A",.,"A",.,"A",.,"A",.,"A",.,"A",.,"A",.,"A",.,"A",.,"A",.,"A",.,"A"
"20104",2344782,37,0,"1",.,"A",.,"A",.,"A",.,"A",.,"A",.,"A",.,"A",.,"A",.,"A",.,"A",.,"A",.,"A",300,"D",.,"A",.,"A"
"20104",2344803,53,0,"1",.,"A",.,"A",.,"A",.,"A",.,"A",.,"A",.,"A",.,"A",.,"A",.,"A",.,"A",.,"A",60,"D",.,"A",.,"A"
"20104",2344894,35,0,"1",.,"A",.,"A",.,"A",.,"A",.,"A",.,"A",.,"A",65,"D",30,"D",.,"A",.,"A",.,"A",.,"A",.,"A",.,"A"
"20104",2344914,30,0,"1",.,"A",.,"A",.,"A",.,"A",10,"D",.,"A",.,"A",.,"A",.,"A",.,"A",.,"A",.,"A",.,"A",.,"A",.,"A"
"20104",2344985,29,0,"1",.,"A",.,"A",.,"A",.,"A",5,"D",.,"A",.,"A",.,"A",.,"A",.,"A",.,"A",.,"A",.,"A",.,"A",.,"A"
"20104",2345112,39,0,"1",.,"A",.,"A",.,"A",.,"A",.,"A",.,"A",.,"A",.,"A",.,"A",.,"A",.,"A",.,"A",.,"A",.,"A",.,"A"
"20104",2345145,47,0,"1",.,"A",.,"A",.,"A",.,"A",.,"A",.,"A",.,"A",.,"A",.,"A",.,"A",.,"A",.,"A",.,"A",.,"A",.,"A"
"20104",2345284,31,0,"1",.,"A",.,"A",.,"A",.,"A",65,"D",.,"A",.,"A",.,"A",.,"A",.,"A",.,"A",.,"A",.,"A",.,"A",.,"A"
"20104",2345373,31,0,"1",.,"A",.,"A",.,"A",.,"A",15,"D",.,"A",.,"A",.,"A",.,"A",.,"A",.,"A",.,"A",.,"A",.,"A",.,"A"
"20104",2345455,42,0,"1",.,"A",.,"A",.,"A",.,"A",.,"A",.,"A",.,"A",520,"D",.,"A",.,"A",.,"A",.,"A",.,"A",.,"A",.,"A"
"20104",2345572,35,0,"1",.,"A",.,"A",.,"A",.,"A",.,"A",.,"A",.,"A",.,"A",.,"A",.,"A",.,"A",.,"A",.,"A",.,"A",.,"A"
"20104",2345645,22,0,"1",.,"A",.,"A",.,"A",.,"A",.,"A",.,"A",.,"A",.,"A",.,"A",.,"A",.,"A",.,"A",.,"A",.,"A",.,"A"
"20104",2345724,53,0,"1",5,"D",.,"A",.,"A",.,"A",5,"D",.,"A",.,"A",.,"A",48,"D",.,"A",.,"A",.,"A",36,"D",.,"A",.,"A"
"20104",2345782,36,0,"1",.,"A",.,"A",.,"A",.,"A",2,"D",.,"A",195,"D",.,"A",.,"A",.,"A",.,"A",.,"A",.,"A",.,"A",.,"A"
"20104",2345822,39,0,"1",33,"D",.,"A",.,"A",.,"A",97,"D",.,"A",.,"A",.,"A",.,"A",.,"A",.,"A",.,"A",.,"A",.,"A",.,"A"
"20104",2345972,31,0,"1",.,"A",.,"A",.,"A",.,"A",.,"A",.,"A",.,"A",.,"A",.,"A",.,"A",.,"A",.,"A",30,"D",.,"A",.,"A"
"20104",2346082,34,0,"1",.,"A",.,"A",.,"A",.,"A",240,"D",.,"A",1300,"D",.,"A",.,"A",.,"A",.,"A",.,"A",120,"D",.,"A",.,"A"
"20104",2346114,37,0,"1",.,"A",.,"A",.,"A",.,"A",100,"D",.,"A",.,"A",.,"A",.,"A",.,"A",.,"A",.,"A",100,"D",.,"A",.,"A"
"20104",2346235,28,0,"1",.,"A",.,"A",.,"A",.,"A",.,"A",.,"A",.,"A",.,"A",.,"A",.,"A",.,"A",.,"A",.,"A",.,"A",.,"A"
"20104",2346314,45,0,"1",.,"A",.,"A",.,"A",.,"A",.,"A",.,"A",455,"D",.,"A",.,"A",.,"A",.,"A",.,"A",.,"A",.,"A",.,"A"
"20104",2346353,52,0,"1",.,"A",.,"A",.,"A",.,"A",.,"A",.,"A",.,"A",.,"A",15,"D",.,"A",.,"A",.,"A",300,"D",.,"A",.,"A"
"20104",2346475,21,0,"1",.,"A",.,"A",.,"A",.,"A",9,"D",.,"A",.,"A",.,"A",.,"A",.,"A",.,"A",.,"A",.,"A",.,"A",.,"A"
"20104",2346495,34,0,"1",.,"A",.,"A",.,"A",.,"A",.,"A",.,"A",.,"A",.,"A",.,"A",.,"A",.,"A",.,"A",.,"A",.,"A",.,"A"
"20104",2346525,31,0,"1",.,"A",.,"A",.,"A",.,"A",.,"A",.,"A",.,"A",.,"A",.,"A",.,"A",.,"A",.,"A",.,"A",.,"A",.,"A"
"20104",2346612,25,0,"1",.,"A",.,"A",.,"A",.,"A",.,"A",.,"A",.,"A",.,"A",.,"A",.,"A",.,"A",.,"A",.,"A",.,"A",.,"A"
"20104",2346734,48,0,"1",.,"A",.,"A",.,"A",.,"A",.,"A",.,"A",780,"D",.,"A",.,"A",.,"A",.,"A",.,"A",40,"D",.,"A",.,"A"
"20104",2346854,40,0,"1",.,"A",.,"A",.,"A",.,"A",.,"A",.,"A",.,"A",.,"A",.,"A",.,"A",.,"A",.,"A",.,"A",.,"A",.,"A"
"20104",2346865,26,0,"1",.,"A",.,"A",.,"A",.,"A",.,"A",.,"A",585,"D",.,"A",.,"A",0,"D",0,"D",0,"D",.,"A",0,"D",.,"A"
"20104",2346873,31,0,"1",.,"A",.,"A",.,"A",.,"A",10,"D",.,"A",.,"A",.,"A",.,"A",.,"A",.,"A",.,"A",15,"D",.,"A",.,"A"
"20104",2346943,30,0,"1",.,"A",.,"A",.,"A",.,"A",.,"A",.,"A",.,"A",.,"A",.,"A",.,"A",.,"A",.,"A",.,"A",.,"A",.,"A"
"20104",2347125,33,0,"1",.,"A",.,"A",.,"A",.,"A",.,"A",.,"A",.,"A",.,"A",.,"A",.,"A",.,"A",.,"A",110,"D",.,"A",.,"A"
"20104",2347174,29,0,"1",.,"A",.,"A",.,"A",.,"A",80,"D",.,"A",.,"A",.,"A",.,"A",0,"D",105,"D",0,"D",.,"A",0,"D",.,"A"
"20104",2347432,48,0,"1",.,"A",.,"A",.,"A",.,"A",.,"A",.,"A",.,"A",.,"A",.,"A",.,"A",.,"A",.,"A",60,"D",.,"A",.,"A"
"20104",2347623,31,0,"1",.,"A",.,"A",.,"A",.,"A",.,"A",.,"A",.,"A",.,"A",.,"A",.,"A",.,"A",.,"A",.,"A",.,"A",.,"A"
"20104",2347724,49,0,"1",.,"A",.,"A",.,"A",.,"A",.,"A",.,"A",.,"A",.,"A",.,"A",.,"A",.,"A",.,"A",60,"D",.,"A",.,"A"
"20104",2347843,25,0,"1",.,"A",.,"A",.,"A",.,"A",10,"D",.,"A",.,"A",.,"A",.,"A",.,"A",.,"A",.,"A",.,"A",.,"A",.,"A"
"20104",2347882,40,0,"1",.,"A",.,"A",.,"A",.,"A",.,"A",.,"A",.,"A",.,"A",.,"A",.,"A",.,"A",.,"A",120,"D",.,"A",.,"A"
"20104",2347903,35,0,"1",.,"A",.,"A",.,"A",.,"A",20,"D",.,"A",.,"A",65,"D",.,"A",.,"A",.,"A",.,"A",20,"D",.,"A",.,"A"
"20104",2347932,48,0,"1",.,"A",.,"A",.,"A",.,"A",.,"A",.,"A",.,"A",.,"A",15,"D",.,"A",.,"A",.,"A",.,"A",.,"A",.,"A"
"20104",2348065,41,0,"1",.,"A",.,"A",.,"A",.,"A",.,"A",.,"A",.,"A",.,"A",15,"D",.,"A",.,"A",.,"A",20,"D",.,"A",.,"A"
"20104",2348115,58,0,"1",.,"A",.,"A",.,"A",.,"A",.,"A",.,"A",.,"A",.,"A",18,"D",.,"A",.,"A",.,"A",345,"D",.,"A",.,"A"
"20104",2348275,28,0,"1",17,"D",.,"A",.,"A",.,"A",43,"D",.,"A",.,"A",.,"A",.,"A",150,"D",0,"D",0,"D",.,"A",50,"D",.,"A"
"20104",2348304,26,0,"1",.,"A",.,"A",.,"A",.,"A",40,"D",.,"A",.,"A",.,"A",.,"A",.,"A",.,"A",.,"A",.,"A",.,"A",.,"A"
"20104",2348375,26,0,"1",.,"A",.,"A",.,"A",.,"A",.,"A",.,"A",455,"D",.,"A",.,"A",.,"A",.,"A",.,"A",30,"D",.,"A",.,"A"
"20104",2348405,27,0,"1",.,"A",.,"A",.,"A",10,"D",6,"D",.,"A",.,"A",.,"A",.,"A",0,"D",0,"D",36,"D",.,"A",0,"D",.,"A"
"20104",2348423,42,0,"1",.,"A",.,"A",.,"A",.,"A",.,"A",.,"A",494,"D",.,"A",54,"D",.,"A",.,"A",.,"A",100,"D",.,"A",.,"A"
"20104",2348633,28,0,"1",.,"A",.,"A",.,"A",.,"A",.,"A",.,"A",.,"A",.,"A",.,"A",.,"A",.,"A",.,"A",.,"A",.,"A",.,"A"
"20104",2348774,36,0,"1",10,"D",.,"A",.,"A",.,"A",70,"D",.,"A",260,"D",.,"A",.,"A",.,"A",.,"A",.,"A",.,"A",.,"A",.,"A"
"20104",2348855,31,0,"1",.,"A",.,"A",.,"A",.,"A",10,"D",.,"A",.,"A",.,"A",.,"A",165,"D",0,"D",0,"D",.,"A",55,"D",150,"F"
"20104",2348874,27,0,"1",.,"A",.,"A",.,"A",.,"A",.,"A",.,"A",.,"A",.,"A",24,"D",.,"A",.,"A",.,"A",.,"A",.,"A",.,"A"
"20104",2349014,34,0,"1",.,"A",.,"A",.,"A",.,"A",360,"D",.,"A",.,"A",.,"A",.,"A",.,"A",.,"A",.,"A",.,"A",.,"A",.,"A"
"20104",2349453,31,0,"1",.,"A",.,"A",.,"A",.,"A",.,"A",.,"A",.,"A",.,"A",.,"A",.,"A",.,"A",.,"A",30,"D",.,"A",.,"A"
"20104",2349544,27,0,"1",.,"A",.,"A",.,"A",.,"A",79,"D",.,"A",.,"A",.,"A",.,"A",.,"A",.,"A",.,"A",.,"A",.,"A",.,"A"
"20104",2349554,28,0,"1",.,"A",.,"A",.,"A",.,"A",.,"A",.,"A",.,"A",.,"A",.,"A",.,"A",.,"A",.,"A",.,"A",.,"A",.,"A"
"20104",2349604,28,0,"1",.,"A",.,"A",.,"A",.,"A",5,"D",.,"A",.,"A",.,"A",.,"A",.,"A",.,"A",.,"A",.,"A",.,"A",.,"A"
"20104",2349632,53,0,"1",.,"A",.,"A",.,"A",.,"A",.,"A",.,"A",390,"D",.,"A",.,"A",.,"A",.,"A",.,"A",60,"D",.,"A",.,"A"
"20104",2349645,39,0,"1",.,"A",.,"A",.,"A",.,"A",.,"A",.,"A",.,"A",.,"A",.,"A",.,"A",.,"A",.,"A",300,"D",.,"A",.,"A"
"20104",2349674,35,0,"1",.,"A",.,"A",.,"A",.,"A",.,"A",.,"A",.,"A",.,"A",.,"A",.,"A",.,"A",.,"A",.,"A",.,"A",.,"A"
"20104",2349763,65,0,"1",.,"A",.,"A",.,"A",.,"A",.,"A",240,"D",.,"A",.,"A",.,"A",.,"A",.,"A",.,"A",160,"D",.,"A",.,"A"
"20104",2350202,44,0,"1",.,"A",.,"A",.,"A",3,"D",.,"A",.,"A",.,"A",.,"A",.,"A",.,"A",.,"A",.,"A",90,"D",.,"A",.,"A"
"20104",2350354,49,0,"1",.,"A",.,"A",.,"A",.,"A",.,"A",.,"A",.,"A",.,"A",.,"A",.,"A",.,"A",.,"A",25,"D",.,"A",.,"A"
"20104",2350455,38,0,"1",.,"A",.,"A",.,"A",.,"A",.,"A",.,"A",.,"A",.,"A",.,"A",.,"A",.,"A",.,"A",20,"D",.,"A",.,"A"
"20104",2350685,23,0,"1",.,"A",.,"A",.,"A",.,"A",6,"D",.,"A",.,"A",.,"A",.,"A",.,"A",.,"A",.,"A",.,"A",.,"A",.,"A"
"20104",2350733,28,0,"1",.,"A",.,"A",.,"A",.,"A",120,"D",.,"A",.,"A",.,"A",.,"A",.,"A",.,"A",.,"A",.,"A",.,"A",.,"A"
"20104",2350752,65,0,"1",.,"A",.,"A",.,"A",.,"A",40,"D",.,"A",.,"A",.,"A",.,"A",.,"A",.,"A",.,"A",20,"D",.,"A",.,"A"
"20104",2350764,51,0,"1",.,"A",.,"A",.,"A",.,"A",.,"A",.,"A",.,"A",.,"A",.,"A",.,"A",.,"A",.,"A",15,"D",.,"A",.,"A"
"20104",2350835,29,0,"1",.,"A",.,"A",.,"A",.,"A",.,"A",.,"A",.,"A",.,"A",.,"A",0,"D",0,"D",0,"D",.,"A",0,"D",.,"A"
"20104",2350843,28,0,"1",.,"A",.,"A",.,"A",.,"A",.,"A",.,"A",.,"A",.,"A",.,"A",.,"A",.,"A",.,"A",.,"A",.,"A",.,"A"
"20104",2350954,23,0,"1",.,"A",.,"A",.,"A",.,"A",20,"D",.,"A",.,"A",.,"A",.,"A",.,"A",.,"A",.,"A",.,"A",.,"A",.,"A"
"20104",2350994,23,0,"1",.,"A",.,"A",.,"A",.,"A",20,"D",.,"A",.,"A",.,"A",.,"A",.,"A",.,"A",.,"A",.,"A",.,"A",.,"A"
"20104",2351053,35,0,"1",.,"A",.,"A",.,"A",.,"A",.,"A",.,"A",195,"D",.,"A",.,"A",.,"A",.,"A",.,"A",.,"A",.,"A",.,"A"
"20104",2351304,23,0,"1",.,"A",.,"A",.,"A",.,"A",20,"D",.,"A",.,"A",.,"A",.,"A",.,"A",.,"A",.,"A",.,"A",.,"A",.,"A"
"20104",2351344,85,0,"1",.,"A",.,"A",.,"A",.,"A",60,"D",.,"A",.,"A",.,"A",210,"D",.,"A",.,"A",.,"A",200,"D",.,"A",.,"A"
"20104",2351364,29,0,"1",.,"A",.,"A",.,"A",.,"A",.,"A",.,"A",.,"A",78,"D",96,"D",.,"A",.,"A",.,"A",15,"D",.,"A",.,"A"
"20104",2351403,51,0,"1",.,"A",.,"A",.,"A",.,"A",.,"A",.,"A",.,"A",.,"A",.,"A",.,"A",.,"A",.,"A",.,"A",.,"A",.,"A"
"20104",2351443,35,0,"1",.,"A",.,"A",.,"A",.,"A",.,"A",.,"A",.,"A",.,"A",.,"A",.,"A",.,"A",.,"A",.,"A",.,"A",.,"A"
"20104",2351494,24,0,"1",.,"A",.,"A",.,"A",.,"A",.,"A",.,"A",.,"A",.,"A",.,"A",300,"D",0,"D",0,"D",.,"A",100,"D",.,"A"
"20104",2351515,83,0,"1",.,"A",.,"A",.,"A",.,"A",.,"A",.,"A",.,"A",.,"A",.,"A",.,"A",.,"A",.,"A",1200,"D",.,"A",.,"A"
"20104",2351603,27,0,"1",.,"A",.,"A",.,"A",.,"A",.,"A",.,"A",78,"D",.,"A",.,"A",.,"A",.,"A",.,"A",.,"A",.,"A",.,"A"
"20104",2351864,58,0,"1",.,"A",.,"A",.,"A",.,"A",.,"A",47,"D",65,"D",.,"A",36,"D",0,"D",0,"D",0,"D",.,"A",0,"D",.,"A"
"20104",2351925,57,0,"1",40,"D",.,"A",.,"A",.,"A",40,"D",.,"A",390,"D",.,"A",.,"A",.,"A",.,"A",.,"A",500,"D",.,"A",.,"A"
"20104",2352243,25,0,"1",.,"A",.,"A",.,"A",.,"A",.,"A",.,"A",325,"D",.,"A",.,"A",.,"A",.,"A",.,"A",.,"A",.,"A",.,"A"
"20104",2352374,31,0,"1",.,"A",.,"A",.,"A",.,"A",.,"A",.,"A",.,"A",117,"D",.,"A",.,"A",.,"A",.,"A",.,"A",.,"A",.,"A"
"20104",2352554,23,0,"1",.,"A",.,"A",.,"A",.,"A",40,"D",.,"A",.,"A",.,"A",.,"A",.,"A",.,"A",.,"A",12,"D",.,"A",.,"A"
"20104",2352604,21,0,"1",.,"A",.,"A",.,"A",.,"A",.,"A",.,"A",.,"A",.,"A",.,"A",.,"A",.,"A",.,"A",.,"A",.,"A",.,"A"
"20104",2352744,25,0,"1",.,"A",.,"A",.,"A",14,"D",35,"D",.,"A",.,"A",.,"A",.,"A",.,"A",.,"A",.,"A",.,"A",.,"A",.,"A"
"20104",2352972,42,0,"1",2,"D",.,"A",.,"A",.,"A",13,"D",.,"A",.,"A",.,"A",3,"D",.,"A",.,"A",.,"A",.,"A",.,"A",.,"A"
"20104",2352995,25,0,"1",.,"A",.,"A",.,"A",.,"A",.,"A",.,"A",.,"A",.,"A",.,"A",90,"D",0,"D",0,"D",.,"A",30,"D",.,"A"
"20104",2353005,25,0,"1",.,"A",.,"A",.,"A",.,"A",20,"D",.,"A",.,"A",.,"A",.,"A",.,"A",.,"A",.,"A",15,"D",.,"A",.,"A"
"20104",2353084,25,0,"1",.,"A",.,"A",.,"A",.,"A",.,"A",.,"A",.,"A",.,"A",.,"A",.,"A",.,"A",.,"A",.,"A",.,"A",.,"A"
"20104",2353223,37,0,"1",.,"A",.,"A",.,"A",.,"A",.,"A",.,"A",.,"A",.,"A",.,"A",.,"A",.,"A",.,"A",.,"A",.,"A",.,"A"
"20104",2353345,53,0,"1",.,"A",.,"A",.,"A",.,"A",.,"A",.,"A",.,"A",.,"A",.,"A",.,"A",.,"A",.,"A",.,"A",.,"A",.,"A"
"20104",2353493,32,0,"1",.,"A",.,"A",.,"A",.,"A",.,"A",.,"A",65,"D",.,"A",.,"A",.,"A",.,"A",.,"A",.,"A",.,"A",.,"A"
"20104",2353554,19,0,"1",.,"A",.,"A",.,"A",.,"A",50,"F",.,"A",.,"A",.,"A",.,"A",.,"A",.,"A",.,"A",.,"A",.,"A",.,"A"
"20104",2353675,27,0,"1",5,"D",.,"A",.,"A",.,"A",15,"D",.,"A",208,"D",.,"A",.,"A",0,"D",0,"D",36,"D",.,"A",0,"D",.,"A"
"20104",2353735,48,0,"1",.,"A",.,"A",.,"A",.,"A",.,"A",.,"A",.,"A",.,"A",6,"D",.,"A",.,"A",.,"A",.,"A",.,"A",.,"A"
"20104",2353823,29,0,"1",.,"A",.,"A",.,"A",.,"A",.,"A",.,"A",.,"A",.,"A",.,"A",.,"A",.,"A",.,"A",15,"D",.,"A",.,"A"
"20104",2353894,32,0,"1",.,"A",.,"A",.,"A",.,"A",50,"D",.,"A",.,"A",.,"A",.,"A",.,"A",.,"A",.,"A",300,"D",.,"A",.,"A"
"20104",2353955,23,0,"1",10,"D",.,"A",.,"A",.,"A",30,"D",.,"A",390,"D",.,"A",.,"A",450,"D",0,"D",60,"D",.,"A",150,"D",.,"A"
"20104",2354005,29,0,"1",.,"A",.,"A",.,"A",20,"D",7,"D",.,"A",.,"A",.,"A",.,"A",.,"A",.,"A",.,"A",40,"D",.,"A",.,"A"
"20104",2354354,47,0,"1",.,"A",.,"A",.,"A",.,"A",.,"A",.,"A",650,"D",.,"A",.,"A",.,"A",.,"A",.,"A",.,"A",.,"A",.,"A"
"20104",2354443,36,0,"1",.,"A",.,"A",.,"A",.,"A",.,"A",.,"A",.,"A",.,"A",.,"A",.,"A",.,"A",.,"A",.,"A",.,"A",.,"A"
"20104",2354595,23,0,"1",.,"A",.,"A",.,"A",.,"A",.,"A",.,"A",.,"A",.,"A",.,"A",.,"A",.,"A",.,"A",.,"A",.,"A",.,"A"
"20104",2354645,23,0,"1",.,"A",.,"A",.,"A",.,"A",.,"A",.,"A",.,"A",.,"A",.,"A",.,"A",.,"A",.,"A",90,"F",.,"A",.,"A"
"20104",2354825,48,0,"1",.,"A",.,"A",.,"A",.,"A",.,"A",.,"A",390,"D",.,"A",.,"A",.,"A",.,"A",.,"A",.,"A",.,"A",.,"A"
"20104",2354834,61,0,"1",.,"A",.,"A",.,"A",.,"A",150,"D",60,"D",.,"A",.,"A",.,"A",.,"A",.,"A",.,"A",360,"D",.,"A",.,"A"
"20104",2354952,43,0,"1",.,"A",.,"A",.,"A",.,"A",.,"A",.,"A",.,"A",.,"A",0,"D",15,"D",6,"D",6,"D",.,"A",5,"D",.,"A"
"20104",2354975,50,0,"1",.,"A",.,"A",.,"A",.,"A",.,"A",.,"A",.,"A",.,"A",.,"A",.,"A",.,"A",.,"A",30,"D",.,"A",.,"A"
"20104",2355032,28,0,"1",.,"A",.,"A",.,"A",.,"A",.,"A",.,"A",.,"A",.,"A",.,"A",.,"A",.,"A",.,"A",.,"A",.,"A",.,"A"
"20104",2355162,24,0,"1",.,"A",.,"A",.,"A",.,"A",.,"A",.,"A",.,"A",.,"A",.,"A",0,"D",15,"D",0,"D",.,"A",0,"D",.,"A"
"20104",2355243,30,0,"1",.,"A",.,"A",.,"A",.,"A",.,"A",.,"A",.,"A",.,"A",.,"A",.,"A",.,"A",.,"A",.,"A",.,"A",.,"A"
"20104",2355384,51,0,"1",12,"D",.,"A",.,"A",.,"A",33,"D",.,"A",.,"A",.,"A",.,"A",.,"A",.,"A",.,"A",90,"D",.,"A",.,"A"
"20104",2355565,30,0,"1",.,"A",.,"A",.,"A",.,"A",6,"D",.,"A",.,"A",.,"A",.,"A",.,"A",.,"A",.,"A",.,"A",.,"A",.,"A"
"20104",2355704,48,0,"1",.,"A",.,"A",.,"A",.,"A",30,"D",80,"D",.,"A",.,"A",.,"A",.,"A",.,"A",.,"A",500,"D",.,"A",.,"A"
"20104",2356234,44,0,"1",.,"A",.,"A",.,"A",.,"A",.,"A",.,"A",.,"A",.,"A",15,"D",.,"A",.,"A",.,"A",.,"A",.,"A",.,"A"
"20104",2356433,38,0,"1",.,"A",.,"A",.,"A",.,"A",.,"A",.,"A",.,"A",.,"A",.,"A",.,"A",.,"A",.,"A",45,"D",.,"A",.,"A"
"20104",2356483,57,0,"1",.,"A",.,"A",.,"A",.,"A",.,"A",.,"A",.,"A",.,"A",.,"A",.,"A",.,"A",.,"A",.,"A",.,"A",.,"A"
"20104",2356574,34,0,"1",.,"A",.,"A",.,"A",.,"A",.,"A",.,"A",.,"A",.,"A",.,"A",.,"A",.,"A",.,"A",12,"D",.,"A",.,"A"
"20104",2356755,36,0,"1",5,"D",.,"A",.,"A",20,"D",15,"D",.,"A",390,"D",.,"A",30,"D",.,"A",.,"A",.,"A",.,"A",.,"A",.,"A"
"20104",2356795,38,0,"1",.,"A",.,"A",.,"A",.,"A",.,"A",.,"A",.,"A",.,"A",.,"A",.,"A",.,"A",.,"A",.,"A",.,"A",.,"A"
"20104",2356835,48,0,"1",.,"A",.,"A",.,"A",.,"A",48,"D",510,"D",.,"A",.,"A",.,"A",.,"A",.,"A",.,"A",15,"D",.,"A",.,"A"
"20104",2357053,69,0,"1",.,"A",.,"A",.,"A",.,"A",.,"A",.,"A",.,"A",.,"A",.,"A",0,"D",0,"D",45,"D",210,"D",0,"D",.,"A"
"20104",2357142,27,0,"1",.,"A",.,"A",.,"A",.,"A",.,"A",.,"A",.,"A",.,"A",.,"A",0,"D",15,"D",0,"D",.,"A",0,"D",.,"A"
"20104",2357224,23,0,"1",.,"A",.,"A",.,"A",.,"A",.,"A",.,"A",104,"D",.,"A",60,"D",.,"A",.,"A",.,"A",.,"A",.,"A",.,"A"
"20104",2357324,31,0,"1",.,"A",.,"A",.,"A",.,"A",15,"D",.,"A",.,"A",.,"A",.,"A",.,"A",.,"A",.,"A",20,"D",.,"A",.,"A"
"20104",2357395,34,0,"1",.,"A",.,"A",.,"A",.,"A",100,"D",.,"A",.,"A",.,"A",.,"A",.,"A",.,"A",.,"A",40,"D",.,"A",.,"A"
"20104",2357625,30,0,"1",.,"A",.,"A",.,"A",.,"A",.,"A",.,"A",.,"A",.,"A",.,"A",.,"A",.,"A",.,"A",14,"D",.,"A",.,"A"
"20104",2357685,56,0,"1",.,"A",.,"A",.,"A",.,"A",.,"A",.,"A",.,"A",.,"A",.,"A",300,"D",0,"D",0,"D",.,"A",100,"D",300,"D"
"20104",2357863,40,0,"1",.,"A",.,"A",.,"A",.,"A",.,"A",.,"A",.,"A",.,"A",.,"A",.,"A",.,"A",.,"A",40,"D",.,"A",.,"A"
"20104",2357942,22,0,"1",.,"A",.,"A",.,"A",.,"A",120,"D",.,"A",.,"A",.,"A",.,"A",.,"A",.,"A",.,"A",.,"A",.,"A",.,"A"
"20104",2358085,53,0,"1",.,"A",.,"A",.,"A",.,"A",260,"D",.,"A",455,"D",.,"A",.,"A",.,"A",.,"A",.,"A",20,"D",.,"A",.,"A"
"20104",2358125,44,0,"1",.,"A",.,"A",.,"A",.,"A",.,"A",.,"A",780,"D",.,"A",240,"D",.,"A",.,"A",.,"A",.,"A",.,"A",.,"A"
"20104",2358193,28,0,"1",.,"A",.,"A",.,"A",.,"A",50,"D",.,"A",.,"A",.,"A",.,"A",.,"A",.,"A",.,"A",26,"D",.,"A",.,"A"
"20104",2358214,27,0,"1",.,"A",.,"A",.,"A",.,"A",120,"D",.,"A",.,"A",.,"A",.,"A",.,"A",.,"A",.,"A",.,"A",.,"A",.,"A"
"20104",2358282,38,0,"1",.,"A",.,"A",.,"A",.,"A",.,"A",.,"A",156,"D",.,"A",.,"A",.,"A",.,"A",.,"A",.,"A",.,"A",.,"A"
"20104",2359083,28,0,"1",.,"A",.,"A",.,"A",.,"A",.,"A",.,"A",.,"A",.,"A",.,"A",.,"A",.,"A",.,"A",.,"A",.,"A",.,"A"
"20104",2359135,29,0,"1",.,"A",.,"A",.,"A",.,"A",90,"D",.,"A",65,"D",.,"A",.,"A",30,"D",0,"D",0,"D",175,"D",10,"D",.,"A"
"20104",2359243,25,0,"1",5,"D",.,"A",.,"A",.,"A",15,"D",15,"D",650,"D",.,"A",.,"A",0,"D",207,"D",60,"D",.,"A",0,"D",.,"A"
"20104",2359412,32,0,"1",.,"A",.,"A",.,"A",.,"A",6,"D",.,"A",.,"A",.,"A",.,"A",.,"A",.,"A",.,"A",14,"D",.,"A",.,"A"
"20104",2359644,42,0,"1",.,"A",.,"A",.,"A",.,"A",.,"A",.,"A",.,"A",.,"A",.,"A",.,"A",.,"A",.,"A",200,"D",.,"A",.,"A"
"20104",2359773,27,0,"1",.,"A",.,"A",.,"A",.,"A",.,"A",.,"A",.,"A",.,"A",.,"A",0,"D",0,"D",0,"D",60,"D",0,"D",.,"A"
"20104",2359785,22,0,"1",.,"A",.,"A",.,"A",.,"A",.,"A",.,"A",455,"D",.,"A",60,"D",.,"A",.,"A",.,"A",.,"A",.,"A",.,"A"
"20104",2360535,30,0,"1",.,"A",.,"A",.,"A",.,"A",.,"A",.,"A",455,"D",.,"A",.,"A",.,"A",.,"A",.,"A",.,"A",.,"A",.,"A"
"20104",2360883,23,0,"1",.,"A",.,"A",.,"A",.,"A",60,"D",.,"A",.,"A",.,"A",.,"A",.,"A",.,"A",.,"A",12,"D",.,"A",.,"A"
"20104",2360955,30,0,"1",.,"A",.,"A",.,"A",.,"A",.,"A",.,"A",.,"A",.,"A",.,"A",.,"A",.,"A",.,"A",.,"A",.,"A",.,"A"
"20104",2360964,28,0,"1",.,"A",.,"A",.,"A",.,"A",60,"D",.,"A",.,"A",.,"A",.,"A",.,"A",.,"A",.,"A",.,"A",.,"A",.,"A"
"20104",2361024,31,0,"1",.,"A",.,"A",.,"A",.,"A",.,"A",.,"A",.,"A",.,"A",.,"A",.,"A",.,"A",.,"A",.,"A",.,"A",.,"A"
"20104",2361035,27,0,"1",.,"A",.,"A",.,"A",.,"A",40,"D",.,"A",390,"D",.,"A",.,"A",.,"A",.,"A",.,"A",120,"D",.,"A",.,"A"
"20104",2361214,35,0,"1",.,"A",.,"A",.,"A",.,"A",.,"A",.,"A",.,"A",.,"A",.,"A",.,"A",.,"A",.,"A",.,"A",.,"A",.,"A"
"20104",2361275,31,0,"1",.,"A",.,"A",.,"A",.,"A",14,"D",.,"A",390,"D",.,"A",.,"A",.,"A",.,"A",.,"A",.,"A",.,"A",.,"A"
"20104",2361284,37,0,"1",.,"A",.,"A",.,"A",.,"A",.,"A",.,"A",.,"A",.,"A",.,"A",.,"A",.,"A",.,"A",.,"A",.,"A",.,"A"
"20104",2361295,55,0,"1",.,"A",.,"A",.,"A",.,"A",.,"A",.,"A",.,"A",.,"A",.,"A",.,"A",.,"A",.,"A",200,"D",.,"A",.,"A"
"20104",2361332,29,0,"1",.,"A",.,"A",.,"A",.,"A",.,"A",.,"A",.,"A",.,"A",.,"A",.,"A",.,"A",.,"A",.,"A",.,"A",.,"A"
"20104",2361354,49,0,"1",.,"A",.,"A",.,"A",.,"A",.,"A",.,"A",.,"A",.,"A",.,"A",.,"A",.,"A",.,"A",22,"D",.,"A",.,"A"
"20104",2361413,32,0,"1",.,"A",.,"A",.,"A",.,"A",.,"A",.,"A",.,"A",.,"A",3,"D",.,"A",.,"A",.,"A",80,"D",.,"A",.,"A"
"20104",2361464,54,0,"1",10,"D",.,"A",.,"A",.,"A",30,"D",.,"A",.,"A",.,"A",30,"D",.,"A",.,"A",.,"A",80,"D",.,"A",.,"A"
"20104",2361535,36,0,"1",.,"A",.,"A",.,"A",70,"D",.,"A",.,"A",.,"A",.,"A",.,"A",0,"D",0,"D",90,"D",.,"A",0,"D",.,"A"
"20104",2361595,22,0,"1",.,"A",.,"A",.,"A",.,"A",.,"A",.,"A",.,"A",.,"A",.,"A",.,"A",.,"A",.,"A",.,"A",.,"A",.,"A"
"20104",2361994,40,0,"1",.,"A",.,"A",.,"A",.,"A",.,"A",.,"A",.,"A",.,"A",.,"A",.,"A",.,"A",.,"A",90,"D",.,"A",.,"A"
"20104",2362004,25,0,"1",.,"A",.,"A",.,"A",.,"A",.,"A",.,"A",.,"A",.,"A",.,"A",.,"A",.,"A",.,"A",.,"A",.,"A",.,"A"
"20104",2362175,28,0,"1",.,"A",.,"A",.,"A",.,"A",21,"D",.,"A",494,"D",.,"A",.,"A",.,"A",.,"A",.,"A",30,"D",.,"A",.,"A"
"20104",2362183,20,0,"1",.,"A",.,"A",.,"A",.,"A",.,"A",.,"A",.,"A",.,"A",.,"A",.,"A",.,"A",.,"A",.,"A",.,"A",.,"A"
"20104",2362204,33,0,"1",9,"D",.,"A",.,"A",.,"A",39,"D",.,"A",.,"A",.,"A",.,"A",.,"A",.,"A",.,"A",.,"A",.,"A",.,"A"
"20104",2362292,32,0,"1",.,"A",.,"A",.,"A",.,"A",.,"A",.,"A",.,"A",.,"A",.,"A",0,"D",15,"D",0,"D",.,"A",0,"D",.,"A"
"20104",2362844,26,0,"1",.,"A",.,"A",.,"A",.,"A",.,"A",.,"A",273,"D",.,"A",.,"A",60,"D",0,"D",60,"D",.,"A",20,"D",.,"A"
"20104",2363053,23,0,"1",.,"A",.,"A",.,"A",.,"A",.,"A",.,"A",.,"A",.,"A",.,"A",.,"A",.,"A",.,"A",.,"A",.,"A",.,"A"
"20104",2363134,48,0,"1",.,"A",.,"A",.,"A",.,"A",.,"A",.,"A",.,"A",65,"D",.,"A",.,"A",.,"A",.,"A",.,"A",.,"A",.,"A"
"20104",2363195,40,0,"1",.,"A",.,"A",.,"A",.,"A",20,"D",.,"A",312,"D",.,"A",.,"A",0,"D",15,"D",0,"D",.,"A",0,"D",.,"A"
"20104",2363222,48,0,"1",.,"A",.,"A",.,"A",.,"A",.,"A",.,"A",455,"D",.,"A",.,"A",.,"A",.,"A",.,"A",65,"D",.,"A",.,"A"
"20104",2363265,50,0,"1",.,"A",.,"A",.,"A",.,"A",.,"A",.,"A",52,"D",.,"A",.,"A",.,"A",.,"A",.,"A",150,"D",.,"A",.,"A"
"20104",2363345,41,0,"1",.,"A",.,"A",.,"A",.,"A",.,"A",.,"A",.,"A",.,"A",.,"A",.,"A",.,"A",.,"A",.,"A",.,"A",.,"A"
"20104",2363395,41,0,"1",.,"A",.,"A",.,"A",.,"A",.,"A",.,"A",390,"D",.,"A",75,"F",150,"D",0,"D",30,"D",.,"A",50,"D",.,"A"
"20104",2363515,22,0,"1",.,"A",.,"A",.,"A",.,"A",.,"A",.,"A",.,"A",.,"A",.,"A",.,"A",.,"A",.,"A",.,"A",.,"A",.,"A"
"20104",2363544,39,0,"1",.,"A",.,"A",.,"A",.,"A",.,"A",.,"A",.,"A",.,"A",.,"A",.,"A",.,"A",.,"A",.,"A",.,"A",.,"A"
"20104",2363685,24,0,"1",.,"A",.,"A",.,"A",.,"A",15,"D",.,"A",130,"D",.,"A",.,"A",.,"A",.,"A",.,"A",.,"A",.,"A",.,"A"
"20104",2363704,22,0,"1",.,"A",.,"A",.,"A",.,"A",.,"A",.,"A",104,"D",.,"A",.,"A",.,"A",.,"A",.,"A",.,"A",.,"A",.,"A"
"20104",2363795,28,0,"1",.,"A",.,"A",.,"A",.,"A",70,"F",.,"A",.,"A",.,"A",.,"A",.,"A",.,"A",.,"A",.,"A",.,"A",.,"A"
"20104",2363845,40,0,"1",.,"A",.,"A",.,"A",.,"A",.,"A",.,"A",.,"A",.,"A",9,"D",.,"A",.,"A",.,"A",10,"D",.,"A",.,"A"
"20104",2363854,38,0,"1",.,"A",.,"A",.,"A",.,"A",.,"A",.,"A",65,"D",65,"D",.,"A",.,"A",.,"A",.,"A",15,"D",.,"A",.,"A"
"20104",2363874,44,0,"1",.,"A",.,"A",.,"A",.,"A",.,"A",.,"A",.,"A",.,"A",.,"A",.,"A",.,"A",.,"A",47,"D",.,"A",.,"A"
"20104",2363975,47,0,"1",.,"A",.,"A",.,"A",5,"D",24,"D",.,"A",.,"A",.,"A",.,"A",.,"A",.,"A",.,"A",38,"D",.,"A",.,"A"
"20104",2364123,36,0,"1",.,"A",.,"A",.,"A",.,"A",.,"A",.,"A",234,"D",.,"A",21,"D",.,"A",.,"A",.,"A",125,"D",.,"A",.,"A"
"20104",2364182,57,0,"1",.,"A",.,"A",37,"D",.,"A",.,"A",.,"A",.,"A",.,"A",.,"A",.,"A",.,"A",.,"A",120,"D",.,"A",.,"A"
"20104",2364322,24,0,"1",.,"A",.,"A",.,"A",.,"A",.,"A",.,"A",.,"A",.,"A",.,"A",.,"A",.,"A",.,"A",9,"D",.,"A",.,"A"
"20104",2364402,24,0,"1",.,"A",.,"A",.,"A",.,"A",.,"A",.,"A",.,"A",.,"A",.,"A",0,"D",15,"D",0,"D",.,"A",0,"D",.,"A"
"20104",2364423,36,0,"1",6,"D",.,"A",.,"A",.,"A",16,"D",.,"A",.,"A",.,"A",.,"A",.,"A",.,"A",.,"A",180,"D",.,"A",.,"A"
"20104",2364672,33,0,"1",.,"A",.,"A",.,"A",.,"A",.,"A",.,"A",.,"A",.,"A",.,"A",.,"A",.,"A",.,"A",15,"D",.,"A",.,"A"
"20104",2364755,35,0,"1",36,"D",.,"A",.,"A",.,"A",89,"D",.,"A",.,"A",.,"A",.,"A",.,"A",.,"A",.,"A",.,"A",.,"A",.,"A"
"20104",2364792,25,0,"1",.,"A",.,"A",.,"A",.,"A",24,"D",.,"A",650,"D",.,"A",.,"A",.,"A",.,"A",.,"A",12,"D",.,"A",.,"A"
"20104",2364922,41,0,"1",.,"A",.,"A",.,"A",.,"A",.,"A",31,"D",.,"A",.,"A",45,"D",.,"A",.,"A",.,"A",140,"D",.,"A",.,"A"
"20104",2365005,27,0,"1",.,"A",.,"A",.,"A",.,"A",10,"D",.,"A",.,"A",.,"A",.,"A",.,"A",.,"A",.,"A",20,"D",.,"A",.,"A"
"20104",2365043,30,0,"1",.,"A",.,"A",.,"A",.,"A",.,"A",.,"A",.,"A",.,"A",.,"A",.,"A",.,"A",.,"A",100,"D",.,"A",.,"A"
"20104",2365432,27,0,"1",.,"A",.,"A",.,"A",.,"A",.,"A",.,"A",.,"A",.,"A",.,"A",0,"D",15,"D",0,"D",.,"A",0,"D",.,"A"
"20104",2365492,37,0,"1",.,"A",.,"A",.,"A",.,"A",25,"D",.,"A",169,"D",.,"A",.,"A",.,"A",.,"A",.,"A",.,"A",.,"A",.,"A"
"20104",2365543,23,0,"1",.,"A",.,"A",.,"A",.,"A",9,"D",.,"A",.,"A",.,"A",.,"A",6,"D",0,"D",0,"D",.,"A",2,"D",.,"A"
"20104",2365605,36,0,"1",.,"A",.,"A",.,"A",.,"A",.,"A",.,"A",.,"A",.,"A",.,"A",.,"A",.,"A",.,"A",200,"D",.,"A",.,"A"
"20104",2365625,28,0,"1",.,"A",.,"A",.,"A",25,"D",.,"A",.,"A",.,"A",.,"A",.,"A",.,"A",.,"A",.,"A",.,"A",.,"A",.,"A"
"20104",2365744,22,0,"1",.,"A",.,"A",.,"A",.,"A",.,"A",.,"A",.,"A",.,"A",.,"A",.,"A",.,"A",.,"A",.,"A",.,"A",.,"A"
"20104",2366062,37,0,"1",.,"A",.,"A",.,"A",.,"A",.,"A",.,"A",.,"A",.,"A",.,"A",.,"A",.,"A",.,"A",39,"D",.,"A",.,"A"
"20104",2366244,54,0,"1",.,"A",.,"A",.,"A",.,"A",.,"A",.,"A",.,"A",.,"A",.,"A",.,"A",.,"A",.,"A",.,"A",.,"A",.,"A"
"20104",2366335,36,0,"1",.,"A",.,"A",.,"A",.,"A",300,"D",.,"A",.,"A",.,"A",.,"A",.,"A",.,"A",.,"A",50,"D",.,"A",.,"A"
"20104",2366354,58,0,"1",.,"A",.,"A",.,"A",.,"A",.,"A",.,"A",.,"A",130,"D",45,"D",.,"A",.,"A",.,"A",78,"D",.,"A",.,"A"
"20104",2366445,28,0,"1",.,"A",.,"A",.,"A",.,"A",.,"A",.,"A",.,"A",.,"A",.,"A",.,"A",.,"A",.,"A",.,"A",.,"A",.,"A"
"20104",2366464,41,0,"1",.,"A",.,"A",.,"A",.,"A",60,"D",.,"A",.,"A",.,"A",.,"A",.,"A",.,"A",.,"A",.,"A",.,"A",.,"A"
"20104",2366624,21,0,"1",.,"A",.,"A",.,"A",.,"A",.,"A",.,"A",.,"A",.,"A",.,"A",0,"D",0,"D",0,"D",8,"D",0,"D",.,"A"
"20104",2366743,32,0,"1",.,"A",.,"A",.,"A",.,"A",.,"A",.,"A",.,"A",.,"A",.,"A",.,"A",.,"A",.,"A",100,"D",.,"A",.,"A"
"20104",2367065,33,0,"1",.,"A",.,"A",.,"A",.,"A",.,"A",.,"A",.,"A",.,"A",.,"A",.,"A",.,"A",.,"A",.,"A",.,"A",.,"A"
"20104",2367294,21,0,"1",.,"A",.,"A",.,"A",.,"A",.,"A",.,"A",195,"D",.,"A",.,"A",0,"D",0,"D",6,"F",.,"A",0,"D",.,"A"
"20104",2367363,29,0,"1",.,"A",.,"A",.,"A",40,"D",.,"A",.,"A",.,"A",.,"A",.,"A",.,"A",.,"A",.,"A",.,"A",.,"A",.,"A"
"20104",2367413,38,0,"1",.,"A",.,"A",.,"A",.,"A",.,"A",.,"A",260,"D",.,"A",45,"D",.,"A",.,"A",.,"A",21,"D",.,"A",.,"A"
"20104",2367495,38,0,"1",.,"A",.,"A",.,"A",.,"A",.,"A",.,"A",.,"A",.,"A",.,"A",.,"A",.,"A",.,"A",150,"D",.,"A",.,"A"
"20104",2367623,33,0,"1",.,"A",.,"A",.,"A",.,"A",.,"A",.,"A",.,"A",.,"A",.,"A",.,"A",.,"A",.,"A",.,"A",.,"A",.,"A"
"20104",2367774,76,0,"1",22,"D",.,"A",.,"A",.,"A",0,"D",.,"A",390,"D",.,"A",.,"A",.,"A",.,"A",.,"A",400,"D",.,"A",.,"A"
"20104",2367803,51,0,"1",.,"A",.,"A",.,"A",.,"A",.,"A",.,"A",.,"A",.,"A",.,"A",.,"A",.,"A",.,"A",105,"D",.,"A",.,"A"
"20104",2367915,25,0,"1",.,"A",.,"A",.,"A",.,"A",.,"A",.,"A",390,"D",.,"A",.,"A",.,"A",.,"A",.,"A",.,"A",.,"A",.,"A"
"20104",2368274,29,0,"1",200,"D",.,"A",.,"A",15,"D",530,"D",.,"A",.,"A",.,"A",.,"A",.,"A",.,"A",.,"A",30,"D",.,"A",.,"A"
"20104",2368325,31,0,"1",.,"A",.,"A",.,"A",.,"A",.,"A",.,"A",.,"A",.,"A",.,"A",.,"A",.,"A",.,"A",660,"F",.,"A",.,"A"
"20104",2368455,33,0,"1",.,"A",.,"A",.,"A",.,"A",.,"A",7,"D",.,"A",.,"A",.,"A",.,"A",.,"A",.,"A",.,"A",.,"A",.,"A"
"20104",2368523,35,0,"1",.,"A",.,"A",.,"A",10,"D",.,"A",.,"A",.,"A",.,"A",.,"A",.,"A",.,"A",.,"A",.,"A",.,"A",.,"A"
"20104",2368824,28,0,"1",.,"A",.,"A",.,"A",.,"A",.,"A",.,"A",260,"D",.,"A",.,"A",.,"A",.,"A",.,"A",.,"A",.,"A",.,"A"
"20104",2368894,29,0,"1",.,"A",.,"A",.,"A",.,"A",.,"A",.,"A",.,"A",.,"A",.,"A",.,"A",.,"A",.,"A",.,"A",.,"A",.,"A"
"20104",2368983,34,0,"1",.,"A",.,"A",.,"A",.,"A",.,"A",.,"A",546,"D",.,"A",18,"D",.,"A",.,"A",.,"A",.,"A",.,"A",.,"A"
"20104",2369285,25,0,"1",.,"A",.,"A",.,"A",.,"A",60,"D",.,"A",130,"D",.,"A",.,"A",.,"A",.,"A",.,"A",15,"D",.,"A",.,"A"
"20104",2369595,53,0,"1",.,"A",.,"A",.,"A",.,"A",.,"A",100,"D",.,"A",.,"A",18,"D",.,"A",.,"A",.,"A",150,"D",.,"A",.,"A"
"20104",2369685,26,0,"1",.,"A",.,"A",.,"A",.,"A",.,"A",.,"A",.,"A",.,"A",.,"A",.,"A",.,"A",.,"A",15,"D",.,"A",.,"A"
"20104",2369744,35,0,"1",.,"A",.,"A",.,"A",.,"A",.,"A",.,"A",.,"A",.,"A",.,"A",.,"A",.,"A",.,"A",.,"A",.,"A",.,"A"
"20104",2369953,31,0,"1",30,"D",.,"A",.,"A",.,"A",120,"D",.,"A",195,"D",.,"A",.,"A",.,"A",.,"A",.,"A",60,"D",.,"A",.,"A"
"20104",2369994,26,0,"1",.,"A",.,"A",.,"A",.,"A",2,"D",.,"A",221,"D",.,"A",.,"A",150,"D",0,"D",0,"D",.,"A",50,"D",.,"A"
"20104",2370492,28,0,"1",.,"A",.,"A",.,"A",.,"A",.,"A",.,"A",.,"A",.,"A",.,"A",.,"A",.,"A",.,"A",.,"A",.,"A",.,"A"
"20104",2370582,22,0,"1",.,"A",.,"A",.,"A",.,"A",.,"A",.,"A",195,"D",.,"A",9,"F",.,"A",.,"A",.,"A",.,"A",.,"A",.,"A"
"20104",2370653,28,0,"1",.,"A",.,"A",.,"A",20,"D",.,"A",.,"A",.,"A",.,"A",.,"A",.,"A",.,"A",.,"A",60,"D",.,"A",.,"A"
"20104",2370693,36,0,"1",.,"A",.,"A",.,"A",20,"D",.,"A",.,"A",.,"A",.,"A",6,"D",0,"D",15,"D",0,"D",.,"A",0,"D",.,"A"
"20104",2370703,20,0,"1",.,"A",.,"A",.,"A",.,"A",.,"A",.,"A",.,"A",.,"A",.,"A",.,"A",.,"A",.,"A",.,"A",.,"A",.,"A"
"20104",2370783,41,0,"1",.,"A",.,"A",.,"A",.,"A",5,"D",.,"A",234,"D",.,"A",.,"A",.,"A",.,"A",.,"A",45,"D",.,"A",.,"A"
"20104",2370824,24,0,"1",.,"A",.,"A",.,"A",.,"A",.,"A",.,"A",130,"D",.,"A",.,"A",.,"A",.,"A",.,"A",.,"A",.,"A",.,"A"
"20104",2370873,23,0,"1",10,"D",.,"A",.,"A",.,"A",50,"D",.,"A",.,"A",.,"A",.,"A",.,"A",.,"A",.,"A",.,"A",.,"A",.,"A"
"20104",2371205,32,0,"1",.,"A",.,"A",.,"A",.,"A",.,"A",.,"A",221,"D",.,"A",.,"A",360,"D",0,"D",0,"D",.,"A",120,"D",.,"A"
"20104",2371334,51,0,"1",.,"A",.,"A",.,"A",.,"A",60,"D",.,"A",.,"A",.,"A",18,"D",.,"A",.,"A",.,"A",130,"D",.,"A",.,"A"
"20104",2371894,28,0,"1",.,"A",.,"A",.,"A",.,"A",.,"A",.,"A",.,"A",.,"A",.,"A",.,"A",.,"A",.,"A",.,"A",.,"A",.,"A"
"20104",2371913,43,0,"1",.,"A",.,"A",.,"A",.,"A",.,"A",.,"A",.,"A",.,"A",.,"A",.,"A",.,"A",.,"A",60,"D",.,"A",.,"A"
"20104",2372022,40,0,"1",.,"A",.,"A",.,"A",.,"A",.,"A",.,"A",.,"A",.,"A",.,"A",.,"A",.,"A",.,"A",100,"D",.,"A",.,"A"
"20104",2372253,20,0,"1",.,"A",.,"A",.,"A",.,"A",20,"F",.,"A",.,"A",.,"A",.,"A",.,"A",.,"A",.,"A",.,"A",.,"A",.,"A"
"20104",2372265,28,0,"1",.,"A",.,"A",.,"A",.,"A",.,"A",.,"A",.,"A",.,"A",.,"A",.,"A",.,"A",.,"A",.,"A",.,"A",.,"A"
"20104",2372273,25,0,"1",.,"A",.,"A",.,"A",20,"D",.,"A",.,"A",.,"A",.,"A",.,"A",.,"A",.,"A",.,"A",10,"D",.,"A",.,"A"
"20104",2372325,45,0,"1",.,"A",.,"A",.,"A",.,"A",30,"D",.,"A",.,"A",.,"A",.,"A",.,"A",.,"A",.,"A",.,"A",.,"A",.,"A"
"20104",2372395,56,0,"1",.,"A",.,"A",.,"A",.,"A",.,"A",.,"A",.,"A",.,"A",.,"A",.,"A",.,"A",.,"A",240,"D",.,"A",.,"A"
"20104",2372633,26,0,"1",.,"A",.,"A",.,"A",.,"A",5,"F",.,"A",546,"F",.,"A",.,"A",.,"A",.,"A",.,"A",.,"A",.,"A",.,"A"
"20104",2372862,41,0,"1",.,"A",.,"A",.,"A",.,"A",.,"A",.,"A",.,"A",.,"A",.,"A",.,"A",.,"A",.,"A",30,"D",.,"A",.,"A"
"20104",2372962,46,0,"1",.,"A",.,"A",.,"A",.,"A",.,"A",.,"A",.,"A",.,"A",.,"A",.,"A",.,"A",.,"A",40,"D",.,"A",.,"A"
"20104",2373194,32,0,"1",.,"A",.,"A",.,"A",.,"A",.,"A",.,"A",.,"A",.,"A",.,"A",.,"A",.,"A",.,"A",23,"D",.,"A",.,"A"
"20104",2373214,30,0,"1",5,"D",.,"A",.,"A",.,"A",25,"D",.,"A",390,"D",.,"A",15,"D",.,"A",.,"A",.,"A",.,"A",.,"A",.,"A"
"20104",2373443,25,0,"1",.,"A",.,"A",.,"A",.,"A",20,"D",.,"A",78,"D",.,"A",.,"A",.,"A",.,"A",.,"A",.,"A",.,"A",.,"A"
"20104",2373584,44,0,"1",.,"A",.,"A",.,"A",.,"A",30,"D",.,"A",.,"A",.,"A",.,"A",.,"A",.,"A",.,"A",40,"D",.,"A",.,"A"
"20104",2373793,53,0,"1",.,"A",.,"A",.,"A",.,"A",.,"A",.,"A",910,"D",.,"A",60,"D",.,"A",.,"A",.,"A",.,"A",.,"A",.,"A"
"20104",2373952,29,0,"1",.,"A",.,"A",.,"A",.,"A",40,"D",.,"A",.,"A",.,"A",.,"A",0,"D",0,"D",30,"D",26,"D",0,"D",.,"A"
"20104",2374104,34,0,"1",.,"A",.,"A",.,"A",.,"A",.,"A",.,"A",260,"D",.,"A",.,"A",0,"D",0,"D",75,"D",.,"A",0,"D",.,"A"
"20104",2374135,37,0,"1",.,"A",.,"A",.,"A",.,"A",.,"A",.,"A",.,"A",.,"A",.,"A",.,"A",.,"A",.,"A",20,"D",.,"A",.,"A"
"20104",2374704,44,0,"1",.,"A",.,"A",.,"A",.,"A",.,"A",.,"A",.,"A",.,"A",.,"A",.,"A",.,"A",.,"A",.,"A",.,"A",.,"A"
"20104",2374884,20,0,"1",.,"A",.,"A",.,"A",.,"A",.,"A",.,"A",.,"A",.,"A",.,"A",.,"A",.,"A",.,"A",.,"A",.,"A",.,"A"
"20104",2374935,38,0,"1",.,"A",.,"A",.,"A",.,"A",.,"A",.,"A",520,"D",195,"D",90,"D",.,"A",.,"A",.,"A",.,"A",.,"A",.,"A"
"20104",2374964,35,0,"1",.,"A",.,"A",.,"A",.,"A",400,"D",.,"A",260,"D",.,"A",.,"A",.,"A",.,"A",.,"A",.,"A",.,"A",.,"A"
"20104",2375063,40,0,"1",.,"A",.,"A",.,"A",100,"D",.,"A",60,"D",.,"A",.,"A",.,"A",.,"A",.,"A",.,"A",45,"D",.,"A",.,"A"
"20104",2375075,37,0,"1",.,"A",.,"A",.,"A",45,"D",30,"D",.,"A",260,"D",.,"A",30,"F",.,"A",.,"A",.,"A",15,"D",.,"A",.,"A"
"20104",2375254,24,0,"1",.,"A",.,"A",.,"A",.,"A",.,"A",.,"A",.,"A",.,"A",.,"A",.,"A",.,"A",.,"A",.,"A",.,"A",.,"A"
"20104",2375553,51,0,"1",.,"A",.,"A",.,"A",.,"A",.,"A",.,"A",455,"D",.,"A",.,"A",.,"A",.,"A",.,"A",50,"D",.,"A",.,"A"
"20104",2375583,40,0,"1",.,"A",.,"A",.,"A",.,"A",.,"A",.,"A",.,"A",.,"A",.,"A",.,"A",.,"A",.,"A",.,"A",.,"A",.,"A"
"20104",2375754,40,0,"1",.,"A",.,"A",.,"A",.,"A",.,"A",.,"A",.,"A",.,"A",.,"A",.,"A",.,"A",.,"A",.,"A",.,"A",.,"A"
"20104",2375823,31,0,"1",38,"D",.,"A",.,"A",.,"A",97,"D",.,"A",39,"D",.,"A",.,"A",0,"D",0,"D",72,"D",78,"D",0,"D",.,"A"
"20104",2376023,44,0,"1",.,"A",.,"A",.,"A",.,"A",.,"A",.,"A",.,"A",.,"A",.,"A",.,"A",.,"A",.,"A",.,"A",.,"A",.,"A"
"20104",2376075,26,0,"1",.,"A",.,"A",.,"A",.,"A",120,"D",.,"A",.,"A",.,"A",.,"A",.,"A",.,"A",.,"A",72,"D",.,"A",.,"A"
"20104",2376215,42,0,"1",.,"A",.,"A",.,"A",.,"A",.,"A",.,"A",.,"A",.,"A",.,"A",.,"A",.,"A",.,"A",.,"A",.,"A",.,"A"
"20104",2376425,32,0,"1",.,"A",.,"A",.,"A",.,"A",.,"A",.,"A",78,"D",.,"A",.,"A",180,"D",6,"D",0,"D",.,"A",60,"D",.,"A"
"20104",2376555,57,0,"1",.,"A",.,"A",.,"A",.,"A",.,"A",30,"D",.,"A",.,"A",.,"A",.,"A",.,"A",.,"A",150,"F",.,"A",.,"A"
"20104",2376613,20,0,"1",.,"A",.,"A",.,"A",.,"A",.,"A",.,"A",.,"A",.,"A",.,"A",.,"A",.,"A",.,"A",.,"A",.,"A",.,"A"
"20104",2377015,37,0,"1",.,"A",.,"A",.,"A",.,"A",.,"A",.,"A",.,"A",.,"A",.,"A",90,"D",0,"D",0,"D",.,"A",30,"D",93,"D"
"20104",2377092,24,0,"1",.,"A",.,"A",.,"A",.,"A",.,"A",.,"A",.,"A",.,"A",.,"A",.,"A",.,"A",.,"A",60,"D",.,"A",.,"A"
"20115",2227674,38,0,"1",.,"A",.,"A",.,"A",.,"A",.,"A",.,"A",.,"A",.,"A",.,"A",.,"A",.,"A",.,"A",.,"A",.,"A",.,"A"
"20115",2227734,32,0,"1",.,"A",.,"A",.,"A",.,"A",.,"A",.,"A",.,"A",.,"A",.,"A",.,"A",.,"A",.,"A",.,"A",.,"A",.,"A"
"20115",2227764,38,0,"1",.,"A",.,"A",.,"A",.,"A",.,"A",.,"A",260,"D",.,"A",.,"A",.,"A",.,"A",.,"A",108,"F",.,"A",.,"A"
"20115",2227775,64,0,"1",.,"A",.,"A",.,"A",.,"A",.,"A",100,"D",.,"A",.,"A",.,"A",.,"A",.,"A",.,"A",95,"D",.,"A",.,"A"
"20115",2227814,23,0,"1",.,"A",.,"A",.,"A",10,"F",10,"F",.,"A",.,"A",.,"A",.,"A",.,"A",.,"A",.,"A",.,"A",.,"A",.,"A"
"20115",2227824,56,0,"1",.,"A",.,"A",.,"A",.,"A",.,"A",.,"A",325,"D",.,"A",.,"A",.,"A",.,"A",.,"A",80,"D",.,"A",.,"A"
"20115",2227835,31,0,"1",.,"A",.,"A",.,"A",18,"D",24,"D",24,"D",.,"A",.,"A",.,"A",60,"D",0,"D",0,"D",.,"A",20,"D",.,"A"
"20115",2227845,60,0,"1",.,"A",.,"A",.,"A",.,"A",.,"A",.,"A",.,"A",.,"A",.,"A",.,"A",.,"A",.,"A",18,"D",.,"A",.,"A"
"20115",2227864,32,0,"1",.,"A",.,"A",.,"A",.,"A",.,"A",.,"A",.,"A",.,"A",.,"A",.,"A",.,"A",.,"A",5,"D",.,"A",.,"A"
"20115",2227885,49,0,"1",.,"A",.,"A",.,"A",.,"A",.,"A",.,"A",.,"A",.,"A",.,"A",.,"A",.,"A",.,"A",15,"D",.,"A",.,"A"
"20115",2227914,78,0,"1",.,"A",.,"A",.,"A",.,"A",.,"A",20,"D",.,"A",.,"A",.,"A",.,"A",.,"A",.,"A",150,"D",.,"A",.,"A"
"20115",2227944,48,0,"1",.,"A",.,"A",.,"A",.,"A",.,"A",45,"D",.,"A",.,"A",.,"A",.,"A",.,"A",.,"A",36,"D",.,"A",.,"A"
"20115",2227975,31,0,"1",.,"A",.,"A",.,"A",.,"A",.,"A",.,"A",585,"D",.,"A",.,"A",.,"A",.,"A",.,"A",.,"A",.,"A",.,"A"
"20115",2227984,53,0,"1",.,"A",.,"A",.,"A",.,"A",.,"A",.,"A",.,"A",.,"A",.,"A",.,"A",.,"A",.,"A",50,"D",.,"A",.,"A"
"20115",2228024,50,0,"1",.,"A",.,"A",.,"A",.,"A",.,"A",.,"A",.,"A",.,"A",.,"A",.,"A",.,"A",.,"A",.,"A",.,"A",.,"A"
"20115",2228034,50,0,"1",.,"A",.,"A",.,"A",.,"A",.,"A",.,"A",.,"A",39,"D",12,"D",.,"A",.,"A",.,"A",.,"A",.,"A",.,"A"
"20115",2228075,41,0,"1",.,"A",.,"A",.,"A",.,"A",.,"A",.,"A",520,"D",.,"A",.,"A",.,"A",.,"A",.,"A",.,"A",.,"A",.,"A"
"20115",2228094,59,0,"1",.,"A",.,"A",.,"A",.,"A",.,"A",.,"A",.,"A",.,"A",.,"A",300,"D",0,"D",0,"D",130,"D",100,"D",.,"A"
"20115",2228105,32,0,"1",.,"A",.,"A",.,"A",.,"A",.,"A",.,"A",.,"A",.,"A",.,"A",.,"A",.,"A",.,"A",.,"A",.,"A",.,"A"
"20115",2228115,87,0,"1",.,"A",.,"A",.,"A",.,"A",.,"A",.,"A",.,"A",.,"A",.,"A",.,"A",.,"A",.,"A",40,"D",.,"A",.,"A"
"20115",2228124,36,0,"1",.,"A",.,"A",.,"A",.,"A",.,"A",.,"A",.,"A",.,"A",.,"A",.,"A",.,"A",.,"A",.,"A",.,"A",.,"A"
"20115",2228185,45,0,"1",.,"A",40,"D",30,"D",500,"D",.,"A",560,"D",.,"A",.,"A",.,"A",.,"A",.,"A",.,"A",300,"D",.,"A",.,"A"
"20115",2228194,43,0,"1",.,"A",.,"A",.,"A",.,"A",.,"A",.,"A",.,"A",.,"A",.,"A",.,"A",.,"A",.,"A",.,"A",.,"A",.,"A"
"20115",2228225,51,0,"1",.,"A",.,"A",.,"A",.,"A",.,"A",.,"A",.,"A",.,"A",.,"A",.,"A",.,"A",.,"A",175,"D",.,"A",.,"A"
"20115",2228234,52,0,"1",.,"A",.,"A",.,"A",.,"A",.,"A",.,"A",.,"A",.,"A",.,"A",.,"A",.,"A",.,"A",.,"A",.,"A",.,"A"
"20115",2228244,61,0,"1",.,"A",.,"A",.,"A",.,"A",.,"A",.,"A",.,"A",.,"A",18,"D",.,"A",.,"A",.,"A",200,"D",.,"A",.,"A"
"20115",2228254,61,0,"1",.,"A",.,"A",.,"A",.,"A",.,"A",.,"A",520,"D",.,"A",.,"A",.,"A",.,"A",.,"A",15,"D",.,"A",.,"A"
"20115",2228274,34,0,"1",.,"A",.,"A",.,"A",.,"A",.,"A",.,"A",585,"D",.,"A",.,"A",.,"A",.,"A",.,"A",.,"A",.,"A",.,"A"
"20115",2228325,60,0,"1",.,"A",.,"A",.,"A",.,"A",.,"A",.,"A",.,"A",.,"A",.,"A",.,"A",.,"A",.,"A",.,"A",.,"A",.,"A"
"20115",2228355,57,0,"1",.,"A",.,"A",.,"A",.,"A",.,"A",.,"A",.,"A",.,"A",.,"A",.,"A",.,"A",.,"A",.,"A",.,"A",.,"A"
"20115",2228375,76,0,"1",.,"A",.,"A",.,"A",.,"A",.,"A",.,"A",.,"A",.,"A",.,"A",.,"A",.,"A",.,"A",200,"D",.,"A",.,"A"
"20115",2228415,58,0,"1",.,"A",.,"A",.,"A",.,"A",.,"A",.,"A",.,"A",.,"A",.,"A",0,"D",0,"D",24,"D",45,"D",0,"D",.,"A"
"20115",2228434,38,0,"1",.,"A",.,"A",.,"A",.,"A",.,"A",.,"A",1300,"D",.,"A",.,"A",.,"A",.,"A",.,"A",.,"A",.,"A",.,"A"
"20115",2228445,43,0,"1",.,"A",.,"A",.,"A",.,"A",.,"A",.,"A",.,"A",.,"A",9,"D",.,"A",.,"A",.,"A",.,"A",.,"A",.,"A"
"20115",2228455,64,0,"1",.,"A",.,"A",.,"A",.,"A",.,"A",.,"A",.,"A",.,"A",.,"A",.,"A",.,"A",.,"A",.,"A",.,"A",.,"A"
"20115",2228464,59,0,"1",.,"A",.,"A",.,"A",.,"A",.,"A",10,"D",.,"A",.,"A",.,"A",.,"A",.,"A",.,"A",50,"D",.,"A",.,"A"
"20115",2228494,24,0,"1",.,"A",.,"A",.,"A",.,"A",50,"D",.,"A",650,"D",.,"A",.,"A",.,"A",.,"A",.,"A",.,"A",.,"A",.,"A"
"20115",2228535,45,0,"1",.,"A",.,"A",.,"A",.,"A",.,"A",.,"A",.,"A",.,"A",.,"A",.,"A",.,"A",.,"A",30,"D",.,"A",.,"A"
"20115",2228544,29,0,"1",.,"A",.,"A",.,"A",.,"A",600,"D",.,"A",.,"A",.,"A",.,"A",.,"A",.,"A",.,"A",30,"D",.,"A",.,"A"
"20115",2228614,43,0,"1",.,"A",.,"A",.,"A",.,"A",.,"A",.,"A",.,"A",.,"A",.,"A",360,"D",180,"D",60,"D",90,"D",120,"D",.,"A"
"20115",2228624,33,0,"1",.,"A",.,"A",.,"A",.,"A",20,"D",.,"A",.,"A",.,"A",.,"A",.,"A",.,"A",.,"A",20,"D",.,"A",.,"A"
"20115",2228635,30,0,"1",.,"A",.,"A",.,"A",.,"A",.,"A",.,"A",.,"A",.,"A",.,"A",.,"A",.,"A",.,"A",.,"A",.,"A",.,"A"
"20115",2228644,27,0,"1",.,"A",.,"A",.,"A",.,"A",80,"D",.,"A",650,"D",.,"A",.,"A",.,"A",.,"A",.,"A",.,"A",.,"A",.,"A"
"20115",2228705,42,0,"1",.,"A",.,"A",.,"A",.,"A",.,"A",.,"A",.,"A",.,"A",.,"A",.,"A",.,"A",.,"A",.,"A",.,"A",.,"A"
"20115",2228715,58,0,"1",.,"A",.,"A",.,"A",.,"A",.,"A",.,"A",.,"A",.,"A",.,"A",.,"A",.,"A",.,"A",.,"A",.,"A",.,"A"
"20115",2228735,37,0,"1",25,"D",.,"A",.,"A",.,"A",25,"D",.,"A",.,"A",.,"A",.,"A",.,"A",.,"A",.,"A",.,"A",.,"A",.,"A"
"20115",2228774,30,0,"1",.,"A",.,"A",.,"A",.,"A",.,"A",.,"A",.,"A",.,"A",.,"A",.,"A",.,"A",.,"A",100,"D",.,"A",.,"A"
"20115",2228784,30,0,"1",.,"A",.,"A",.,"A",.,"A",.,"A",.,"A",195,"D",.,"A",.,"A",.,"A",.,"A",.,"A",.,"A",.,"A",.,"A"
"20115",2228815,43,0,"1",.,"A",.,"A",.,"A",.,"A",52,"D",.,"A",.,"A",.,"A",.,"A",.,"A",.,"A",.,"A",20,"D",.,"A",.,"A"
"20115",2228825,36,0,"1",.,"A",.,"A",.,"A",.,"A",.,"A",.,"A",.,"A",.,"A",.,"A",.,"A",.,"A",.,"A",.,"A",.,"A",.,"A"
"20115",2228855,47,0,"1",.,"A",.,"A",.,"A",.,"A",.,"A",15,"D",.,"A",.,"A",.,"A",.,"A",.,"A",.,"A",.,"A",.,"A",.,"A"
"20115",2228874,26,0,"1",.,"A",.,"A",.,"A",.,"A",.,"A",.,"A",.,"A",.,"A",.,"A",.,"A",.,"A",.,"A",.,"A",.,"A",.,"A"
"20115",2228904,38,0,"1",.,"A",.,"A",.,"A",.,"A",.,"A",.,"A",.,"A",.,"A",.,"A",.,"A",.,"A",.,"A",.,"A",.,"A",.,"A"
"20115",2228915,51,0,"1",.,"A",.,"A",.,"A",.,"A",.,"A",.,"A",.,"A",.,"A",.,"A",0,"D",45,"D",45,"D",30,"D",0,"D",.,"A"
"20115",2228924,30,0,"1",.,"A",.,"A",.,"A",.,"A",.,"A",.,"A",.,"A",.,"A",.,"A",.,"A",.,"A",.,"A",.,"A",.,"A",.,"A"
"20115",2228935,27,0,"1",.,"A",.,"A",.,"A",.,"A",.,"A",.,"A",.,"A",.,"A",.,"A",.,"A",.,"A",.,"A",.,"A",.,"A",.,"A"
"20115",2228944,41,0,"1",.,"A",.,"A",.,"A",.,"A",.,"A",.,"A",.,"A",.,"A",.,"A",.,"A",.,"A",.,"A",.,"A",.,"A",.,"A"
"20115",2228964,83,0,"1",.,"A",120,"D",.,"A",.,"A",.,"A",320,"D",.,"A",.,"A",12,"D",0,"D",0,"D",75,"D",130,"D",0,"D",.,"A"
"20115",2228974,55,0,"1",.,"A",.,"A",.,"A",.,"A",.,"A",.,"A",.,"A",.,"A",.,"A",.,"A",.,"A",.,"A",12,"D",.,"A",.,"A"
"20115",2228985,51,0,"1",.,"A",.,"A",.,"A",.,"A",.,"A",.,"A",546,"D",.,"A",.,"A",.,"A",.,"A",.,"A",30,"D",.,"A",.,"A"
"20115",2229004,29,0,"1",.,"A",.,"A",.,"A",.,"A",.,"A",.,"A",.,"A",.,"A",.,"A",.,"A",.,"A",.,"A",.,"A",.,"A",.,"A"
"20115",2229045,46,0,"1",.,"A",.,"A",.,"A",.,"A",.,"A",.,"A",.,"A",.,"A",.,"A",.,"A",.,"A",.,"A",60,"D",.,"A",.,"A"
"20115",2229094,36,0,"1",.,"A",.,"A",.,"A",.,"A",20,"D",.,"A",.,"A",.,"A",.,"A",.,"A",.,"A",.,"A",40,"D",.,"A",.,"A"
"20115",2229104,43,0,"1",.,"A",.,"A",.,"A",.,"A",.,"A",.,"A",.,"A",.,"A",.,"A",.,"A",.,"A",.,"A",.,"A",.,"A",.,"A"
"20115",2229144,45,0,"1",.,"A",.,"A",.,"A",.,"A",.,"A",.,"A",.,"A",.,"A",.,"A",.,"A",.,"A",.,"A",.,"A",.,"A",.,"A"
"20115",2229154,32,0,"1",.,"A",.,"A",.,"A",.,"A",.,"A",.,"A",.,"A",.,"A",.,"A",.,"A",.,"A",.,"A",.,"A",.,"A",.,"A"
"20115",2229165,54,0,"1",.,"A",.,"A",.,"A",.,"A",.,"A",.,"A",195,"D",.,"A",.,"A",.,"A",.,"A",.,"A",.,"A",.,"A",.,"A"
"20115",2229264,49,0,"1",.,"A",.,"A",.,"A",.,"A",.,"A",.,"A",.,"A",.,"A",.,"A",.,"A",.,"A",.,"A",.,"A",.,"A",.,"A"
"20115",2229275,72,0,"1",.,"A",.,"A",.,"A",.,"A",.,"A",.,"A",.,"A",.,"A",.,"A",.,"A",.,"A",.,"A",150,"D",.,"A",.,"A"
"20115",2229315,54,0,"1",.,"A",.,"A",.,"A",.,"A",.,"A",40,"D",.,"A",.,"A",.,"A",.,"A",.,"A",.,"A",250,"D",.,"A",.,"A"
"20115",2229355,50,0,"1",.,"A",.,"A",.,"A",.,"A",.,"A",.,"A",.,"A",.,"A",.,"A",.,"A",.,"A",.,"A",70,"D",.,"A",.,"A"
"20115",2229365,63,0,"1",.,"A",.,"A",.,"A",.,"A",.,"A",.,"A",.,"A",.,"A",.,"A",.,"A",.,"A",.,"A",38,"D",.,"A",.,"A"
"20115",2229374,47,0,"1",10,"D",.,"A",.,"A",.,"A",40,"D",.,"A",.,"A",.,"A",.,"A",.,"A",.,"A",.,"A",.,"A",.,"A",.,"A"
"20115",2229384,35,0,"1",.,"A",.,"A",.,"A",.,"A",.,"A",30,"D",.,"A",.,"A",.,"A",.,"A",.,"A",.,"A",.,"A",.,"A",.,"A"
"20115",2229405,49,0,"1",.,"A",.,"A",.,"A",.,"A",.,"A",.,"A",.,"A",.,"A",.,"A",.,"A",.,"A",.,"A",100,"D",.,"A",.,"A"
"20115",2229414,66,0,"1",.,"A",.,"A",.,"A",.,"A",.,"A",.,"A",.,"A",.,"A",.,"A",.,"A",.,"A",.,"A",.,"A",.,"A",.,"A"
"20115",2229424,44,0,"1",.,"A",.,"A",.,"A",.,"A",.,"A",.,"A",.,"A",.,"A",.,"A",.,"A",.,"A",.,"A",.,"A",.,"A",.,"A"
"20115",2229435,111,0,"1",.,"A",.,"A",.,"A",.,"A",.,"A",.,"A",.,"A",.,"A",.,"A",.,"A",.,"A",.,"A",.,"A",.,"A",.,"A"
"20115",2229505,67,0,"1",.,"A",.,"A",.,"A",.,"A",.,"A",.,"A",.,"A",.,"A",.,"A",.,"A",.,"A",.,"A",120,"D",.,"A",.,"A"
"20115",2229544,31,0,"1",.,"A",.,"A",.,"A",.,"A",12,"D",.,"A",.,"A",.,"A",.,"A",.,"A",.,"A",.,"A",.,"A",.,"A",.,"A"
"20115",2229555,50,0,"1",.,"A",.,"A",.,"A",.,"A",.,"A",35,"D",.,"A",.,"A",.,"A",.,"A",.,"A",.,"A",45,"D",.,"A",.,"A"
"20115",2229565,70,0,"1",.,"A",.,"A",.,"A",.,"A",.,"A",.,"A",.,"A",.,"A",.,"A",.,"A",.,"A",.,"A",220,"D",.,"A",.,"A"
"20115",2229585,69,0,"1",.,"A",.,"A",.,"A",.,"A",.,"A",300,"D",.,"A",.,"A",60,"D",.,"A",.,"A",.,"A",400,"D",.,"A",.,"A"
"20115",2229624,31,0,"1",.,"A",.,"A",.,"A",.,"A",.,"A",.,"A",.,"A",.,"A",.,"A",.,"A",.,"A",.,"A",.,"A",.,"A",.,"A"
"20115",2229634,69,0,"1",6,"D",.,"A",.,"A",.,"A",84,"D",.,"A",.,"A",.,"A",15,"D",.,"A",.,"A",.,"A",30,"D",.,"A",.,"A"
"20115",2229644,31,0,"1",.,"A",.,"A",35,"D",.,"A",.,"A",.,"A",.,"A",.,"A",.,"A",12,"D",0,"D",0,"D",26,"D",4,"D",.,"A"
"20115",2229675,49,0,"1",.,"A",.,"A",.,"A",.,"A",.,"A",.,"A",.,"A",.,"A",30,"D",.,"A",.,"A",.,"A",.,"A",.,"A",.,"A"
"20115",2229694,39,0,"1",.,"A",.,"A",.,"A",.,"A",.,"A",.,"A",.,"A",.,"A",.,"A",.,"A",.,"A",.,"A",90,"D",.,"A",.,"A"
"20115",2229724,46,0,"1",.,"A",.,"A",.,"A",.,"A",.,"A",.,"A",.,"A",.,"A",.,"A",.,"A",.,"A",.,"A",46,"D",.,"A",.,"A"
"20115",2229794,76,0,"1",.,"A",.,"A",.,"A",.,"A",.,"A",.,"A",.,"A",.,"A",.,"A",.,"A",.,"A",.,"A",120,"D",.,"A",.,"A"
"20115",2229815,51,0,"1",.,"A",.,"A",.,"A",.,"A",.,"A",.,"A",.,"A",.,"A",.,"A",.,"A",.,"A",.,"A",.,"A",.,"A",.,"A"
"20115",2229824,57,0,"1",.,"A",.,"A",.,"A",.,"A",.,"A",.,"A",.,"A",.,"A",114,"D",.,"A",.,"A",.,"A",.,"A",.,"A",.,"A"
"20115",2229835,56,0,"1",.,"A",.,"A",.,"A",.,"A",.,"A",.,"A",325,"D",.,"A",.,"A",.,"A",.,"A",.,"A",55,"D",.,"A",.,"A"
"20115",2229844,42,0,"1",.,"A",.,"A",.,"A",.,"A",.,"A",.,"A",.,"A",.,"A",.,"A",.,"A",.,"A",.,"A",80,"D",.,"A",.,"A"
"20115",2229905,59,0,"1",.,"A",.,"A",.,"A",.,"A",.,"A",25,"D",.,"A",.,"A",.,"A",.,"A",.,"A",.,"A",150,"D",.,"A",.,"A"
"20115",2229915,90,0,"1",.,"A",.,"A",.,"A",.,"A",.,"A",.,"A",.,"A",.,"A",27,"D",.,"A",.,"A",.,"A",200,"D",.,"A",.,"A"
"20115",2229924,171,0,"1",.,"A",.,"A",.,"A",.,"A",.,"A",.,"A",.,"A",260,"D",.,"A",.,"A",.,"A",.,"A",75,"D",.,"A",.,"A"
"20115",2229934,39,0,"1",.,"A",.,"A",.,"A",.,"A",.,"A",.,"A",650,"D",.,"A",.,"A",.,"A",.,"A",.,"A",.,"A",.,"A",.,"A"
"20115",2229955,76,0,"1",.,"A",.,"A",.,"A",.,"A",.,"A",.,"A",325,"D",.,"A",.,"A",.,"A",.,"A",.,"A",120,"D",.,"A",.,"A"
"20115",2229975,63,0,"1",.,"A",.,"A",.,"A",.,"A",.,"A",.,"A",.,"A",.,"A",.,"A",.,"A",.,"A",.,"A",30,"D",.,"A",.,"A"
"20115",2230034,40,0,"1",.,"A",.,"A",.,"A",.,"A",.,"A",50,"D",.,"A",.,"A",.,"A",.,"A",.,"A",.,"A",75,"D",.,"A",.,"A"
"20115",2230045,31,0,"1",5,"D",.,"A",.,"A",570,"D",30,"D",.,"A",819,"D",.,"A",36,"D",.,"A",.,"A",.,"A",36,"D",.,"A",.,"A"
"20115",2230084,29,0,"1",.,"A",.,"A",.,"A",.,"A",.,"A",.,"A",65,"D",.,"A",.,"A",.,"A",.,"A",.,"A",.,"A",.,"A",.,"A"
"20115",2230175,62,0,"1",.,"A",.,"A",400,"D",.,"A",.,"A",.,"A",650,"D",.,"A",.,"A",.,"A",.,"A",.,"A",.,"A",.,"A",.,"A"
"20115",2230214,39,0,"1",.,"A",.,"A",.,"A",.,"A",.,"A",.,"A",.,"A",.,"A",.,"A",.,"A",.,"A",.,"A",.,"A",.,"A",.,"A"
"20115",2230235,73,0,"1",.,"A",.,"A",.,"A",.,"A",.,"A",.,"A",.,"A",.,"A",30,"D",.,"A",.,"A",.,"A",78,"D",.,"A",.,"A"
"20115",2230255,43,0,"1",.,"A",.,"A",.,"A",.,"A",.,"A",.,"A",.,"A",.,"A",.,"A",.,"A",.,"A",.,"A",.,"A",.,"A",.,"A"
"20115",2230294,52,0,"1",.,"A",.,"A",.,"A",.,"A",.,"A",.,"A",.,"A",.,"A",.,"A",.,"A",.,"A",.,"A",.,"A",.,"A",.,"A"
"20115",2230305,35,0,"1",.,"A",.,"A",.,"A",.,"A",.,"A",.,"A",.,"A",.,"A",.,"A",.,"A",.,"A",.,"A",50,"D",.,"A",.,"A"
"20115",2230315,65,0,"1",.,"A",.,"A",.,"A",.,"A",.,"A",.,"A",.,"A",.,"A",.,"A",.,"A",.,"A",.,"A",70,"D",.,"A",.,"A"
"20115",2230324,95,0,"1",.,"A",.,"A",.,"A",.,"A",.,"A",180,"D",.,"A",.,"A",60,"D",.,"A",.,"A",.,"A",30,"D",.,"A",.,"A"
"20115",2230335,39,0,"1",.,"A",.,"A",.,"A",.,"A",.,"A",.,"A",.,"A",.,"A",.,"A",.,"A",.,"A",.,"A",50,"D",.,"A",.,"A"
"20115",2230354,28,0,"1",.,"A",.,"A",.,"A",.,"A",.,"A",.,"A",.,"A",.,"A",.,"A",.,"A",.,"A",.,"A",.,"A",.,"A",.,"A"
"20115",2230365,52,0,"1",.,"A",.,"A",.,"A",75,"D",.,"A",100,"D",.,"A",.,"A",60,"D",240,"D",0,"D",0,"D",90,"D",80,"D",240,"D"
"20115",2230414,52,0,"1",.,"A",.,"A",.,"A",.,"A",.,"A",.,"A",.,"A",.,"A",.,"A",.,"A",.,"A",.,"A",.,"A",.,"A",.,"A"
"20115",2230434,53,0,"1",.,"A",.,"A",.,"A",.,"A",27,"D",.,"A",.,"A",.,"A",.,"A",.,"A",.,"A",.,"A",23,"D",.,"A",.,"A"
"20115",2230494,25,0,"1",.,"A",.,"A",.,"A",.,"A",.,"A",.,"A",.,"A",.,"A",.,"A",.,"A",.,"A",.,"A",.,"A",.,"A",.,"A"
"20115",2230524,40,0,"1",.,"A",.,"A",.,"A",.,"A",.,"A",.,"A",.,"A",.,"A",.,"A",69,"D",69,"D",0,"D",70,"D",23,"D",.,"A"
"20115",2230565,96,0,"1",.,"A",.,"A",.,"A",.,"A",.,"A",.,"A",.,"A",.,"A",.,"A",.,"A",.,"A",.,"A",100,"D",.,"A",.,"A"
"20115",2230595,25,0,"1",.,"A",.,"A",.,"A",.,"A",.,"A",.,"A",.,"A",.,"A",.,"A",.,"A",.,"A",.,"A",.,"A",.,"A",.,"A"
"20115",2230625,52,0,"1",.,"A",.,"A",.,"A",.,"A",.,"A",.,"A",455,"D",.,"A",.,"A",.,"A",.,"A",.,"A",60,"D",.,"A",.,"A"
"20115",2230654,39,0,"1",.,"A",.,"A",.,"A",.,"A",.,"A",.,"A",.,"A",.,"A",.,"A",.,"A",.,"A",.,"A",.,"A",.,"A",.,"A"
"20115",2230675,62,0,"1",.,"A",.,"A",.,"A",.,"A",.,"A",.,"A",.,"A",.,"A",.,"A",.,"A",.,"A",.,"A",25,"D",.,"A",.,"A"
"20115",2230704,30,0,"1",.,"A",.,"A",.,"A",.,"A",180,"D",.,"A",.,"A",.,"A",.,"A",.,"A",.,"A",.,"A",120,"D",.,"A",.,"A"
"20115",2230755,31,0,"1",.,"A",.,"A",.,"A",.,"A",.,"A",.,"A",.,"A",.,"A",.,"A",.,"A",.,"A",.,"A",.,"A",.,"A",.,"A"
"20115",2230775,35,0,"1",.,"A",.,"A",.,"A",.,"A",.,"A",.,"A",.,"A",.,"A",.,"A",.,"A",.,"A",.,"A",.,"A",.,"A",.,"A"
"20115",2230785,64,0,"1",.,"A",.,"A",.,"A",.,"A",.,"A",75,"D",.,"A",.,"A",.,"A",.,"A",.,"A",.,"A",142,"D",.,"A",.,"A"
"20115",2230814,70,0,"1",.,"A",.,"A",.,"A",.,"A",.,"A",60,"D",.,"A",.,"A",.,"A",.,"A",.,"A",.,"A",200,"D",.,"A",.,"A"
"20115",2230825,46,0,"1",.,"A",.,"A",.,"A",.,"A",.,"A",.,"A",455,"D",.,"A",.,"A",.,"A",.,"A",.,"A",65,"D",.,"A",.,"A"
"20115",2230834,75,0,"1",.,"A",.,"A",.,"A",.,"A",.,"A",.,"A",.,"A",.,"A",.,"A",.,"A",.,"A",.,"A",360,"D",.,"A",.,"A"
"20115",2230844,98,0,"1",.,"A",.,"A",.,"A",.,"A",.,"A",.,"A",.,"A",.,"A",.,"A",.,"A",.,"A",.,"A",.,"A",.,"A",.,"A"
"20115",2230895,63,0,"1",.,"A",.,"A",.,"A",.,"A",.,"A",120,"D",.,"A",.,"A",.,"A",.,"A",.,"A",.,"A",250,"D",.,"A",.,"A"
"20115",2230905,35,0,"1",.,"A",.,"A",.,"A",.,"A",.,"A",.,"A",.,"A",.,"A",.,"A",.,"A",.,"A",.,"A",.,"A",.,"A",.,"A"
"20115",2230924,72,0,"1",.,"A",.,"A",.,"A",.,"A",.,"A",.,"A",.,"A",.,"A",18,"D",.,"A",.,"A",.,"A",44,"D",.,"A",.,"A"
"20115",2230955,47,0,"1",.,"A",.,"A",.,"A",.,"A",.,"A",.,"A",.,"A",.,"A",.,"A",.,"A",.,"A",.,"A",.,"A",.,"A",.,"A"
"20115",2230965,58,0,"1",.,"A",.,"A",.,"A",.,"A",.,"A",.,"A",.,"A",.,"A",.,"A",.,"A",.,"A",.,"A",.,"A",.,"A",.,"A"
"20115",2230984,36,0,"1",.,"A",.,"A",.,"A",.,"A",28,"D",.,"A",.,"A",.,"A",.,"A",.,"A",.,"A",.,"A",96,"D",.,"A",.,"A"
"20115",2230994,58,0,"1",.,"A",.,"A",.,"A",60,"D",.,"A",.,"A",.,"A",.,"A",.,"A",.,"A",.,"A",.,"A",.,"A",.,"A",.,"A"
"20115",2231015,102,0,"1",.,"A",.,"A",.,"A",.,"A",.,"A",50,"D",.,"A",.,"A",.,"A",.,"A",.,"A",.,"A",400,"D",.,"A",.,"A"
"20115",2231045,60,0,"1",.,"A",.,"A",.,"A",.,"A",.,"A",.,"A",.,"A",.,"A",15,"F",0,"D",0,"D",0,"D",60,"D",0,"D",.,"A"
"20115",2231065,39,0,"1",.,"A",.,"A",.,"A",.,"A",.,"A",.,"A",.,"A",.,"A",.,"A",.,"A",.,"A",.,"A",.,"A",.,"A",.,"A"
"20115",2231075,38,0,"1",.,"A",.,"A",.,"A",.,"A",.,"A",.,"A",.,"A",.,"A",.,"A",45,"D",0,"D",0,"D",.,"A",15,"D",.,"A"
"20115",2231104,75,0,"1",240,"D",.,"A",.,"A",.,"A",0,"D",50,"D",.,"A",.,"A",.,"A",.,"A",.,"A",.,"A",75,"D",.,"A",.,"A"
"20115",2231124,61,0,"1",.,"A",.,"A",.,"A",.,"A",.,"A",.,"A",.,"A",.,"A",.,"A",.,"A",.,"A",.,"A",25,"D",.,"A",.,"A"
"20115",2231145,62,0,"1",20,"D",.,"A",.,"A",.,"A",0,"D",.,"A",.,"A",.,"A",.,"A",.,"A",.,"A",.,"A",50,"D",.,"A",.,"A"
"20115",2231155,46,0,"1",.,"A",.,"A",.,"A",.,"A",12,"D",.,"A",.,"A",.,"A",.,"A",.,"A",.,"A",.,"A",.,"A",.,"A",.,"A"
"20115",2231164,39,0,"1",.,"A",.,"A",.,"A",.,"A",.,"A",.,"A",.,"A",.,"A",.,"A",.,"A",.,"A",.,"A",70,"D",.,"A",.,"A"
"20115",2231195,78,0,"1",.,"A",.,"A",.,"A",.,"A",.,"A",.,"A",.,"A",.,"A",.,"A",.,"A",.,"A",.,"A",100,"D",.,"A",.,"A"
"20115",2231225,36,0,"1",.,"A",.,"A",.,"A",380,"D",64,"D",.,"A",.,"A",.,"A",.,"A",.,"A",.,"A",.,"A",.,"A",.,"A",.,"A"
"20115",2231244,49,0,"1",.,"A",.,"A",.,"A",.,"A",.,"A",.,"A",.,"A",.,"A",.,"A",.,"A",.,"A",.,"A",25,"D",.,"A",.,"A"
"20115",2231255,43,0,"1",.,"A",.,"A",.,"A",.,"A",.,"A",.,"A",.,"A",.,"A",.,"A",.,"A",.,"A",.,"A",200,"D",.,"A",.,"A"
"20115",2231274,73,0,"1",.,"A",.,"A",.,"A",.,"A",.,"A",.,"A",.,"A",.,"A",.,"A",.,"A",.,"A",.,"A",50,"D",.,"A",.,"A"
"20115",2231305,57,0,"1",.,"A",.,"A",.,"A",.,"A",.,"A",.,"A",650,"D",.,"A",.,"A",.,"A",.,"A",.,"A",200,"D",.,"A",.,"A"
"20115",2231345,38,0,"1",.,"A",.,"A",.,"A",.,"A",.,"A",.,"A",.,"A",.,"A",.,"A",.,"A",.,"A",.,"A",.,"A",.,"A",.,"A"
"20115",2231365,62,0,"1",.,"A",.,"A",.,"A",.,"A",.,"A",.,"A",.,"A",.,"A",.,"A",.,"A",.,"A",.,"A",120,"D",.,"A",.,"A"
"20115",2231394,47,0,"1",.,"A",.,"A",.,"A",.,"A",.,"A",.,"A",.,"A",.,"A",.,"A",.,"A",.,"A",.,"A",.,"A",.,"A",.,"A"
"20115",2231444,39,0,"1",.,"A",.,"A",.,"A",.,"A",.,"A",.,"A",.,"A",.,"A",.,"A",.,"A",.,"A",.,"A",.,"A",.,"A",.,"A"
"20115",2231454,24,0,"1",.,"A",.,"A",.,"A",.,"A",.,"A",.,"A",.,"A",.,"A",.,"A",.,"A",.,"A",.,"A",.,"A",.,"A",.,"A"
"20115",2231464,49,0,"1",.,"A",.,"A",.,"A",.,"A",.,"A",.,"A",.,"A",.,"A",.,"A",.,"A",.,"A",.,"A",40,"D",.,"A",.,"A"
"20115",2231495,58,0,"1",.,"A",.,"A",40,"D",.,"A",.,"A",.,"A",455,"D",.,"A",.,"A",.,"A",.,"A",.,"A",60,"D",.,"A",.,"A"
"20115",2231524,50,0,"1",.,"A",.,"A",.,"A",.,"A",.,"A",.,"A",.,"A",.,"A",.,"A",.,"A",.,"A",.,"A",.,"A",.,"A",.,"A"
"20115",2231534,32,0,"1",40,"D",.,"A",.,"A",.,"A",80,"D",95,"D",.,"A",.,"A",.,"A",540,"D",0,"D",0,"D",200,"D",180,"D",.,"A"
"20115",2231545,46,0,"1",.,"A",.,"A",.,"A",.,"A",.,"A",.,"A",.,"A",.,"A",.,"A",.,"A",.,"A",.,"A",100,"D",.,"A",.,"A"
"20115",2231555,53,0,"1",.,"A",.,"A",.,"A",.,"A",120,"D",40,"D",.,"A",.,"A",.,"A",.,"A",.,"A",.,"A",90,"D",.,"A",.,"A"
"20115",2231565,106,0,"1",.,"A",.,"A",.,"A",.,"A",.,"A",45,"D",.,"A",.,"A",.,"A",.,"A",.,"A",.,"A",175,"D",.,"A",.,"A"
"20115",2231585,40,0,"1",.,"A",.,"A",.,"A",.,"A",.,"A",.,"A",.,"A",.,"A",.,"A",.,"A",.,"A",.,"A",.,"A",.,"A",.,"A"
"20115",2231595,43,0,"1",.,"A",.,"A",.,"A",.,"A",.,"A",.,"A",.,"A",.,"A",6,"D",.,"A",.,"A",.,"A",60,"D",.,"A",.,"A"
"20115",2231605,37,0,"1",.,"A",.,"A",.,"A",.,"A",200,"D",.,"A",.,"A",.,"A",.,"A",.,"A",.,"A",.,"A",200,"D",.,"A",.,"A"
"20115",2231614,68,0,"1",.,"A",30,"D",.,"A",.,"A",.,"A",0,"D",.,"A",.,"A",9,"D",.,"A",.,"A",.,"A",120,"D",.,"A",.,"A"
"20115",2231705,51,0,"1",.,"A",.,"A",.,"A",.,"A",.,"A",48,"D",.,"A",.,"A",.,"A",.,"A",.,"A",.,"A",.,"A",.,"A",.,"A"
"20115",2231725,69,0,"1",.,"A",.,"A",.,"A",.,"A",.,"A",.,"A",156,"D",.,"A",.,"A",6,"D",6,"D",60,"D",42,"D",2,"D",.,"A"
"20115",2231734,98,0,"1",.,"A",.,"A",44,"D",.,"A",.,"A",.,"A",.,"A",.,"A",.,"A",.,"A",.,"A",.,"A",172,"D",.,"A",.,"A"
"20115",2231745,63,0,"1",.,"A",.,"A",.,"A",.,"A",.,"A",.,"A",.,"A",.,"A",42,"D",.,"A",.,"A",.,"A",.,"A",.,"A",.,"A"
"20115",2231754,56,0,"1",.,"A",.,"A",.,"A",.,"A",.,"A",.,"A",.,"A",.,"A",.,"A",.,"A",.,"A",.,"A",301,"D",.,"A",.,"A"
"20115",2231784,28,0,"1",.,"A",.,"A",.,"A",.,"A",60,"D",.,"A",.,"A",.,"A",.,"A",.,"A",.,"A",.,"A",.,"A",.,"A",.,"A"
"20115",2231824,80,0,"1",.,"A",.,"A",.,"A",.,"A",.,"A",65,"D",.,"A",.,"A",.,"A",0,"D",0,"D",90,"D",80,"D",0,"D",.,"A"
"20115",2231925,39,0,"1",.,"A",.,"A",.,"A",.,"A",.,"A",.,"A",1300,"D",.,"A",.,"A",.,"A",.,"A",.,"A",100,"D",.,"A",.,"A"
"20115",2231965,56,0,"1",.,"A",.,"A",.,"A",.,"A",.,"A",.,"A",.,"A",.,"A",.,"A",.,"A",.,"A",.,"A",120,"D",.,"A",.,"A"
"20115",2232035,68,0,"1",.,"A",.,"A",.,"A",.,"A",.,"A",60,"D",.,"A",.,"A",.,"A",.,"A",.,"A",.,"A",.,"A",.,"A",.,"A"
"20115",2232084,83,0,"1",.,"A",.,"A",.,"A",.,"A",.,"A",.,"A",.,"A",.,"A",.,"A",.,"A",.,"A",.,"A",40,"D",.,"A",.,"A"
"20115",2232094,45,0,"1",.,"A",.,"A",.,"A",.,"A",.,"A",.,"A",.,"A",.,"A",.,"A",.,"A",.,"A",.,"A",.,"A",.,"A",.,"A"
"20115",2232104,58,0,"1",.,"A",.,"A",.,"A",.,"A",.,"A",90,"D",.,"A",.,"A",.,"A",.,"A",.,"A",.,"A",90,"D",.,"A",.,"A"
"20115",2232115,25,0,"1",.,"A",.,"A",.,"A",.,"A",40,"D",.,"A",260,"D",.,"A",.,"A",.,"A",.,"A",.,"A",.,"A",.,"A",.,"A"
"20115",2232144,38,0,"1",.,"A",.,"A",.,"A",.,"A",.,"A",.,"A",.,"A",.,"A",.,"A",.,"A",.,"A",.,"A",20,"D",.,"A",.,"A"
"20115",2232165,75,0,"1",.,"A",.,"A",.,"A",.,"A",120,"D",.,"A",.,"A",.,"A",.,"A",.,"A",.,"A",.,"A",50,"D",.,"A",.,"A"
"20115",2232244,84,0,"1",.,"A",.,"A",.,"A",.,"A",.,"A",150,"D",.,"A",.,"A",.,"A",.,"A",.,"A",.,"A",250,"D",.,"A",.,"A"
"20115",2232254,27,0,"1",.,"A",.,"A",.,"A",.,"A",.,"A",.,"A",.,"A",.,"A",.,"A",.,"A",.,"A",.,"A",.,"A",.,"A",.,"A"
"20115",2232285,48,0,"1",.,"A",.,"A",.,"A",.,"A",.,"A",.,"A",1040,"D",.,"A",.,"A",.,"A",.,"A",.,"A",12,"D",.,"A",.,"A"
"20115",2232294,68,0,"1",.,"A",.,"A",.,"A",.,"A",.,"A",120,"D",.,"A",.,"A",.,"A",.,"A",.,"A",.,"A",200,"D",.,"A",.,"A"
"20115",2232335,59,0,"1",.,"A",.,"A",.,"A",.,"A",.,"A",102,"D",.,"A",.,"A",.,"A",.,"A",.,"A",.,"A",75,"D",.,"A",.,"A"
"20115",2232364,66,0,"1",.,"A",.,"A",.,"A",.,"A",.,"A",.,"A",.,"A",.,"A",.,"A",.,"A",.,"A",.,"A",300,"D",.,"A",.,"A"
"20115",2232374,38,0,"1",.,"A",.,"A",.,"A",.,"A",.,"A",.,"A",.,"A",.,"A",.,"A",.,"A",.,"A",.,"A",.,"A",.,"A",.,"A"
"20115",2232394,77,0,"1",.,"A",.,"A",.,"A",.,"A",.,"A",75,"D",.,"A",.,"A",.,"A",.,"A",.,"A",.,"A",360,"D",.,"A",.,"A"
"20115",2232414,69,0,"1",.,"A",.,"A",.,"A",.,"A",.,"A",.,"A",.,"A",.,"A",.,"A",.,"A",.,"A",.,"A",.,"A",.,"A",.,"A"
"20115",2232445,40,0,"1",.,"A",.,"A",.,"A",.,"A",.,"A",.,"A",.,"A",.,"A",.,"A",.,"A",.,"A",.,"A",.,"A",.,"A",.,"A"
"20115",2232504,62,0,"1",.,"A",.,"A",.,"A",.,"A",.,"A",.,"A",.,"A",.,"A",.,"A",.,"A",.,"A",.,"A",20,"D",.,"A",.,"A"
"20115",2232514,55,0,"1",.,"A",.,"A",.,"A",.,"A",.,"A",.,"A",.,"A",.,"A",36,"D",.,"A",.,"A",.,"A",.,"A",.,"A",.,"A"
"20115",2232524,42,0,"1",.,"A",.,"A",.,"A",.,"A",.,"A",.,"A",.,"A",.,"A",.,"A",.,"A",.,"A",.,"A",150,"D",.,"A",.,"A"
"20115",2232555,46,0,"1",.,"A",.,"A",.,"A",.,"A",.,"A",18,"D",182,"D",.,"A",.,"A",.,"A",.,"A",.,"A",.,"A",.,"A",.,"A"
"20115",2232574,51,0,"1",.,"A",.,"A",.,"A",.,"A",.,"A",.,"A",.,"A",.,"A",.,"A",.,"A",.,"A",.,"A",25,"D",.,"A",.,"A"
"20115",2232584,62,0,"1",.,"A",.,"A",.,"A",.,"A",.,"A",60,"D",650,"D",.,"A",.,"A",.,"A",.,"A",.,"A",37,"D",.,"A",.,"A"
"20115",2232625,60,0,"1",.,"A",.,"A",.,"A",.,"A",.,"A",.,"A",.,"A",.,"A",.,"A",.,"A",.,"A",.,"A",180,"D",.,"A",.,"A"
"20115",2232644,54,0,"1",.,"A",.,"A",.,"A",.,"A",65,"D",.,"A",.,"A",.,"A",.,"A",.,"A",.,"A",.,"A",.,"A",.,"A",.,"A"
"20115",2232665,76,0,"1",.,"A",.,"A",.,"A",.,"A",.,"A",.,"A",.,"A",.,"A",30,"D",.,"A",.,"A",.,"A",150,"D",.,"A",.,"A"
"20115",2232695,62,0,"1",.,"A",.,"A",.,"A",.,"A",.,"A",.,"A",.,"A",.,"A",.,"A",.,"A",.,"A",.,"A",100,"D",.,"A",.,"A"
"20115",2232704,44,0,"1",.,"A",.,"A",.,"A",.,"A",.,"A",.,"A",260,"D",.,"A",.,"A",.,"A",.,"A",.,"A",.,"A",.,"A",.,"A"
"20115",2232714,75,0,"1",.,"A",.,"A",.,"A",.,"A",.,"A",20,"D",.,"A",.,"A",.,"A",.,"A",.,"A",.,"A",90,"D",.,"A",.,"A"
"20115",2232725,61,0,"1",.,"A",.,"A",.,"A",.,"A",.,"A",.,"A",.,"A",.,"A",.,"A",.,"A",.,"A",.,"A",.,"A",.,"A",.,"A"
"20115",2232734,36,0,"1",.,"A",.,"A",.,"A",.,"A",.,"A",.,"A",.,"A",.,"A",.,"A",.,"A",.,"A",.,"A",200,"D",.,"A",.,"A"
"20115",2232755,38,0,"1",.,"A",.,"A",.,"A",.,"A",.,"A",.,"A",.,"A",.,"A",.,"A",.,"A",.,"A",.,"A",44,"D",.,"A",.,"A"
"20115",2232774,43,0,"1",.,"A",.,"A",.,"A",.,"A",.,"A",.,"A",.,"A",.,"A",.,"A",.,"A",.,"A",.,"A",.,"A",.,"A",.,"A"
"20115",2232795,50,0,"1",.,"A",.,"A",.,"A",.,"A",20,"D",.,"A",.,"A",.,"A",.,"A",.,"A",.,"A",.,"A",120,"D",.,"A",.,"A"
"20115",2232804,30,0,"1",.,"A",.,"A",.,"A",.,"A",.,"A",.,"A",.,"A",.,"A",.,"A",.,"A",.,"A",.,"A",.,"A",.,"A",.,"A"
"20115",2232814,46,0,"1",.,"A",.,"A",.,"A",.,"A",160,"D",.,"A",130,"D",.,"A",30,"D",.,"A",.,"A",.,"A",85,"D",.,"A",.,"A"
"20115",2232855,48,0,"1",.,"A",.,"A",.,"A",.,"A",.,"A",.,"A",.,"A",.,"A",.,"A",.,"A",.,"A",.,"A",100,"D",.,"A",.,"A"
"20115",2232915,40,0,"1",.,"A",.,"A",.,"A",.,"A",.,"A",.,"A",.,"A",.,"A",.,"A",.,"A",.,"A",.,"A",.,"A",.,"A",.,"A"
"20115",2232935,102,0,"1",.,"A",.,"A",.,"A",.,"A",.,"A",.,"A",.,"A",.,"A",90,"D",.,"A",.,"A",.,"A",305,"D",.,"A",.,"A"
"20115",2232954,41,0,"1",.,"A",.,"A",.,"A",.,"A",.,"A",.,"A",.,"A",.,"A",.,"A",.,"A",.,"A",.,"A",55,"D",.,"A",.,"A"
"20115",2232975,76,0,"1",.,"A",.,"A",.,"A",.,"A",.,"A",210,"D",.,"A",.,"A",.,"A",.,"A",.,"A",.,"A",150,"D",.,"A",.,"A"
"20115",2233015,87,0,"1",.,"A",.,"A",.,"A",.,"A",.,"A",22,"D",.,"A",.,"A",.,"A",.,"A",.,"A",.,"A",30,"D",.,"A",.,"A"
"20115",2233024,37,0,"1",.,"A",.,"A",.,"A",.,"A",.,"A",.,"A",.,"A",.,"A",.,"A",.,"A",.,"A",.,"A",.,"A",.,"A",.,"A"
"20115",2233035,112,0,"1",.,"A",.,"A",.,"A",300,"D",.,"A",360,"D",.,"A",.,"A",45,"D",630,"D",0,"D",90,"D",200,"D",210,"D",.,"A"
"20115",2233045,37,0,"1",.,"A",.,"A",.,"A",.,"A",.,"A",.,"A",.,"A",.,"A",.,"A",.,"A",.,"A",.,"A",35,"D",.,"A",.,"A"
"20115",2233144,59,0,"1",.,"A",.,"A",.,"A",.,"A",.,"A",.,"A",.,"A",.,"A",.,"A",.,"A",.,"A",.,"A",90,"D",.,"A",.,"A"
"20115",2233165,39,0,"1",.,"A",.,"A",.,"A",.,"A",.,"A",.,"A",.,"A",.,"A",.,"A",.,"A",.,"A",.,"A",.,"A",.,"A",.,"A"
"20115",2233194,55,0,"1",.,"A",.,"A",.,"A",.,"A",.,"A",45,"D",.,"A",.,"A",36,"D",.,"A",.,"A",.,"A",150,"D",.,"A",.,"A"
"20115",2233225,45,0,"1",.,"A",.,"A",.,"A",.,"A",.,"A",.,"A",.,"A",.,"A",.,"A",.,"A",.,"A",.,"A",130,"D",.,"A",.,"A"
"20115",2233245,33,0,"1",33,"D",.,"A",.,"A",.,"A",207,"D",.,"A",.,"A",.,"A",.,"A",.,"A",.,"A",.,"A",.,"A",.,"A",.,"A"
"20115",2233315,59,0,"1",.,"A",.,"A",.,"A",.,"A",.,"A",.,"A",.,"A",.,"A",.,"A",.,"A",.,"A",.,"A",.,"A",.,"A",.,"A"
"20115",2233344,79,0,"1",.,"A",.,"A",.,"A",.,"A",.,"A",10,"D",.,"A",.,"A",.,"A",.,"A",.,"A",.,"A",100,"D",.,"A",.,"A"
"20115",2233385,50,0,"1",.,"A",.,"A",.,"A",.,"A",.,"A",.,"A",.,"A",.,"A",.,"A",.,"A",.,"A",.,"A",55,"D",.,"A",.,"A"
"20115",2233395,63,0,"1",.,"A",.,"A",.,"A",.,"A",.,"A",.,"A",.,"A",.,"A",.,"A",.,"A",.,"A",.,"A",90,"D",.,"A",.,"A"
"20115",2233405,66,0,"1",.,"A",.,"A",.,"A",.,"A",.,"A",210,"D",.,"A",.,"A",.,"A",.,"A",.,"A",.,"A",140,"D",.,"A",.,"A"
"20115",2233424,41,0,"1",.,"A",.,"A",.,"A",.,"A",40,"D",.,"A",715,"D",.,"A",.,"A",.,"A",.,"A",.,"A",.,"A",.,"A",.,"A"
"20115",2233435,60,0,"1",.,"A",.,"A",.,"A",.,"A",.,"A",.,"A",.,"A",.,"A",.,"A",.,"A",.,"A",.,"A",150,"D",.,"A",.,"A"
"20115",2233444,53,0,"1",.,"A",.,"A",.,"A",.,"A",.,"A",40,"D",.,"A",.,"A",.,"A",.,"A",.,"A",.,"A",.,"A",.,"A",.,"A"
"20115",2233454,43,0,"1",.,"A",.,"A",.,"A",.,"A",.,"A",.,"A",.,"A",.,"A",.,"A",.,"A",.,"A",.,"A",.,"A",.,"A",.,"A"
"20115",2233475,41,0,"1",.,"A",.,"A",.,"A",.,"A",.,"A",.,"A",.,"A",.,"A",.,"A",.,"A",.,"A",.,"A",.,"A",.,"A",.,"A"
"20115",2233494,31,0,"1",.,"A",.,"A",.,"A",.,"A",.,"A",.,"A",.,"A",.,"A",.,"A",.,"A",.,"A",.,"A",.,"A",.,"A",.,"A"
"20115",2233505,48,0,"1",.,"A",.,"A",.,"A",.,"A",.,"A",.,"A",780,"D",.,"A",.,"A",.,"A",.,"A",.,"A",150,"D",.,"A",.,"A"
"20115",2233514,25,0,"1",.,"A",.,"A",.,"A",.,"A",.,"A",.,"A",.,"A",.,"A",.,"A",0,"D",0,"D",30,"F",.,"A",0,"D",.,"A"
"20115",2233554,68,0,"1",.,"A",.,"A",.,"A",.,"A",.,"A",.,"A",.,"A",13,"D",.,"A",.,"A",.,"A",.,"A",.,"A",.,"A",.,"A"
"20115",2233575,52,0,"1",.,"A",.,"A",.,"A",.,"A",.,"A",.,"A",.,"A",52,"D",.,"A",.,"A",.,"A",.,"A",240,"D",.,"A",.,"A"
"20115",2233654,67,0,"1",.,"A",.,"A",.,"A",.,"A",.,"A",14,"D",.,"A",.,"A",.,"A",.,"A",.,"A",.,"A",200,"D",.,"A",.,"A"
"20115",2233664,29,0,"1",.,"A",.,"A",.,"A",.,"A",60,"D",.,"A",520,"D",.,"A",.,"A",.,"A",.,"A",.,"A",.,"A",.,"A",.,"A"
"20115",2233685,28,0,"1",.,"A",.,"A",.,"A",.,"A",.,"A",.,"A",.,"A",.,"A",.,"A",.,"A",.,"A",.,"A",120,"D",.,"A",.,"A"
"20115",2233694,53,0,"1",.,"A",.,"A",.,"A",.,"A",.,"A",10,"D",.,"A",.,"A",90,"D",.,"A",.,"A",.,"A",300,"D",.,"A",.,"A"
"20115",2233755,93,0,"1",.,"A",.,"A",.,"A",.,"A",.,"A",15,"D",390,"D",.,"A",.,"A",.,"A",.,"A",.,"A",500,"D",.,"A",.,"A"
"20115",2233774,48,0,"1",.,"A",.,"A",.,"A",.,"A",.,"A",.,"A",.,"A",.,"A",30,"D",.,"A",.,"A",.,"A",.,"A",.,"A",.,"A"
"20115",2233805,51,0,"1",.,"A",.,"A",.,"A",.,"A",.,"A",600,"D",.,"A",.,"A",.,"A",.,"A",.,"A",.,"A",60,"D",.,"A",.,"A"
"20115",2233835,53,0,"1",.,"A",.,"A",.,"A",.,"A",.,"A",.,"A",.,"A",.,"A",.,"A",.,"A",.,"A",.,"A",120,"D",.,"A",.,"A"
"20115",2233844,54,0,"1",.,"A",.,"A",.,"A",30,"D",120,"D",.,"A",.,"A",.,"A",30,"D",0,"D",0,"D",180,"D",120,"D",0,"D",.,"A"
"20115",2233915,53,0,"1",.,"A",.,"A",.,"A",.,"A",.,"A",.,"A",.,"A",.,"A",.,"A",.,"A",.,"A",.,"A",40,"D",.,"A",.,"A"
"20115",2233955,59,0,"1",.,"A",.,"A",.,"A",.,"A",.,"A",60,"D",.,"A",.,"A",.,"A",.,"A",.,"A",.,"A",600,"D",.,"A",.,"A"
"20115",2233974,51,0,"1",.,"A",.,"A",.,"A",.,"A",.,"A",.,"A",.,"A",.,"A",.,"A",.,"A",.,"A",.,"A",.,"A",.,"A",.,"A"
"20115",2233985,67,0,"1",.,"A",.,"A",.,"A",.,"A",.,"A",.,"A",.,"A",.,"A",.,"A",.,"A",.,"A",.,"A",153,"D",.,"A",.,"A"
"20115",2234004,50,0,"1",.,"A",.,"A",.,"A",.,"A",.,"A",.,"A",.,"A",.,"A",.,"A",.,"A",.,"A",.,"A",37,"D",.,"A",.,"A"
"20115",2234044,37,0,"1",.,"A",.,"A",.,"A",.,"A",.,"A",.,"A",.,"A",.,"A",.,"A",.,"A",.,"A",.,"A",25,"D",.,"A",.,"A"
"20115",2234054,50,0,"1",.,"A",.,"A",.,"A",.,"A",.,"A",.,"A",.,"A",.,"A",.,"A",.,"A",.,"A",.,"A",75,"D",.,"A",.,"A"
"20115",2234074,49,0,"1",.,"A",.,"A",.,"A",.,"A",.,"A",.,"A",.,"A",.,"A",.,"A",.,"A",.,"A",.,"A",.,"A",.,"A",.,"A"
"20115",2234085,70,0,"1",.,"A",.,"A",.,"A",.,"A",.,"A",.,"A",.,"A",.,"A",.,"A",.,"A",.,"A",.,"A",.,"A",.,"A",.,"A"
"20115",2234114,51,0,"1",.,"A",.,"A",.,"A",.,"A",.,"A",.,"A",.,"A",.,"A",.,"A",.,"A",.,"A",.,"A",.,"A",.,"A",.,"A"
"20115",2234144,43,0,"1",.,"A",.,"A",.,"A",.,"A",.,"A",.,"A",780,"D",.,"A",.,"A",.,"A",.,"A",.,"A",.,"A",.,"A",.,"A"
"20115",2234244,90,0,"1",.,"A",.,"A",.,"A",.,"A",.,"A",20,"D",.,"A",.,"A",.,"A",.,"A",.,"A",.,"A",300,"D",.,"A",.,"A"
"20115",2234265,108,0,"1",.,"A",.,"A",.,"A",.,"A",.,"A",300,"D",.,"A",.,"A",.,"A",.,"A",.,"A",.,"A",340,"D",.,"A",.,"A"
"20115",2234274,91,0,"1",.,"A",.,"A",.,"A",.,"A",.,"A",.,"A",.,"A",.,"A",.,"A",.,"A",.,"A",.,"A",.,"A",.,"A",.,"A"
"20115",2234284,64,0,"1",.,"A",.,"A",.,"A",.,"A",.,"A",50,"D",.,"A",.,"A",.,"A",.,"A",.,"A",.,"A",40,"D",.,"A",.,"A"
"20115",2234314,64,0,"1",.,"A",.,"A",.,"A",.,"A",.,"A",19,"D",.,"A",65,"D",18,"D",.,"A",.,"A",.,"A",62,"D",.,"A",.,"A"
"20115",2234375,65,0,"1",.,"A",.,"A",.,"A",.,"A",.,"A",.,"A",.,"A",.,"A",.,"A",.,"A",.,"A",.,"A",150,"D",.,"A",.,"A"
"20115",2234384,44,0,"1",.,"A",.,"A",.,"A",.,"A",.,"A",.,"A",.,"A",.,"A",.,"A",.,"A",.,"A",.,"A",.,"A",.,"A",.,"A"
"20115",2234415,101,0,"1",.,"A",.,"A",.,"A",.,"A",.,"A",152,"D",.,"A",.,"A",.,"A",.,"A",.,"A",.,"A",444,"D",.,"A",.,"A"
"20115",2234424,71,0,"1",.,"A",.,"A",.,"A",.,"A",.,"A",.,"A",.,"A",.,"A",.,"A",.,"A",.,"A",.,"A",325,"D",.,"A",.,"A"
"20115",2234475,34,0,"1",.,"A",.,"A",.,"A",.,"A",.,"A",.,"A",.,"A",.,"A",.,"A",.,"A",.,"A",.,"A",.,"A",.,"A",.,"A"
"20115",2234504,55,0,"1",.,"A",.,"A",.,"A",.,"A",.,"A",.,"A",.,"A",.,"A",0,"D",.,"A",.,"A",.,"A",.,"A",.,"A",.,"A"
"20115",2234525,52,0,"1",.,"A",.,"A",.,"A",.,"A",.,"A",.,"A",.,"A",.,"A",.,"A",.,"A",.,"A",.,"A",.,"A",.,"A",.,"A"
"20115",2234535,46,0,"1",.,"A",.,"A",.,"A",.,"A",.,"A",.,"A",.,"A",.,"A",.,"A",.,"A",.,"A",.,"A",.,"A",.,"A",.,"A"
"20115",2234625,23,0,"1",.,"A",.,"A",.,"A",.,"A",.,"A",.,"A",.,"A",.,"A",.,"A",.,"A",.,"A",.,"A",.,"A",.,"A",.,"A"
"20115",2234634,35,0,"1",.,"A",.,"A",.,"A",.,"A",.,"A",.,"A",.,"A",.,"A",.,"A",.,"A",.,"A",.,"A",40,"D",.,"A",.,"A"
"20115",2234644,75,0,"1",.,"A",.,"A",.,"A",130,"D",.,"A",10,"D",.,"A",.,"A",.,"A",.,"A",.,"A",.,"A",60,"D",.,"A",.,"A"
"20115",2234654,36,0,"1",.,"A",.,"A",.,"A",.,"A",.,"A",.,"A",.,"A",.,"A",.,"A",.,"A",.,"A",.,"A",10,"D",.,"A",.,"A"
"20115",2234665,70,0,"1",.,"A",.,"A",.,"A",.,"A",.,"A",750,"D",.,"A",.,"A",.,"A",.,"A",.,"A",.,"A",.,"A",.,"A",.,"A"
"20115",2234685,32,0,"1",.,"A",.,"A",.,"A",.,"A",.,"A",.,"A",.,"A",.,"A",.,"A",.,"A",.,"A",.,"A",.,"A",.,"A",.,"A"
"20115",2234695,41,0,"1",.,"A",.,"A",.,"A",.,"A",.,"A",.,"A",.,"A",.,"A",.,"A",.,"A",.,"A",.,"A",100,"D",.,"A",.,"A"
"20115",2234714,52,0,"1",.,"A",.,"A",.,"A",.,"A",.,"A",.,"A",.,"A",.,"A",.,"A",.,"A",.,"A",.,"A",.,"A",.,"A",.,"A"
"20115",2234754,42,0,"1",.,"A",.,"A",.,"A",.,"A",.,"A",.,"A",.,"A",.,"A",.,"A",.,"A",.,"A",.,"A",.,"A",.,"A",.,"A"
"20115",2234775,33,0,"1",.,"A",.,"A",35,"D",.,"A",.,"A",.,"A",52,"D",.,"A",.,"A",.,"A",.,"A",.,"A",20,"D",.,"A",.,"A"
"20115",2234785,52,0,"1",.,"A",.,"A",.,"A",.,"A",.,"A",.,"A",299,"D",.,"A",.,"A",.,"A",.,"A",.,"A",.,"A",.,"A",.,"A"
"20115",2234814,67,0,"1",.,"A",.,"A",.,"A",.,"A",.,"A",.,"A",.,"A",.,"A",.,"A",.,"A",.,"A",.,"A",225,"D",.,"A",.,"A"
"20115",2234824,85,0,"1",.,"A",.,"A",.,"A",.,"A",.,"A",60,"D",.,"A",.,"A",.,"A",.,"A",.,"A",.,"A",225,"D",.,"A",.,"A"
"20115",2234864,59,0,"1",.,"A",.,"A",.,"A",.,"A",.,"A",150,"D",.,"A",273,"D",18,"F",.,"A",.,"A",.,"A",120,"D",.,"A",.,"A"
"20115",2234874,31,0,"1",.,"A",.,"A",96,"D",.,"A",.,"A",.,"A",.,"A",.,"A",.,"A",.,"A",.,"A",.,"A",.,"A",.,"A",.,"A"
"20115",2234885,101,0,"1",.,"A",.,"A",.,"A",.,"A",.,"A",20,"D",.,"A",.,"A",45,"D",.,"A",.,"A",.,"A",200,"D",.,"A",.,"A"
"20115",2234904,59,0,"1",.,"A",.,"A",.,"A",.,"A",.,"A",.,"A",.,"A",.,"A",.,"A",.,"A",.,"A",.,"A",100,"D",.,"A",.,"A"
"20115",2234984,44,0,"1",.,"A",.,"A",.,"A",.,"A",.,"A",.,"A",.,"A",.,"A",.,"A",.,"A",.,"A",.,"A",45,"D",.,"A",.,"A"
"20115",2234994,124,0,"1",.,"A",.,"A",.,"A",.,"A",.,"A",.,"A",.,"A",.,"A",3,"D",.,"A",.,"A",.,"A",35,"D",.,"A",.,"A"
"20115",2235025,47,0,"1",.,"A",.,"A",.,"A",.,"A",.,"A",.,"A",.,"A",.,"A",.,"A",.,"A",.,"A",.,"A",300,"D",.,"A",.,"A"
"20115",2235035,49,0,"1",.,"A",.,"A",.,"A",300,"D",.,"A",.,"A",.,"A",.,"A",.,"A",.,"A",.,"A",.,"A",.,"A",.,"A",.,"A"
"20115",2235064,54,0,"1",.,"A",.,"A",.,"A",.,"A",.,"A",.,"A",.,"A",156,"D",.,"A",.,"A",.,"A",.,"A",100,"D",.,"A",.,"A"
"20115",2235114,41,0,"1",.,"A",.,"A",.,"A",.,"A",.,"A",.,"A",.,"A",.,"A",.,"A",.,"A",.,"A",.,"A",.,"A",.,"A",.,"A"
"20115",2235135,53,0,"1",.,"A",.,"A",.,"A",.,"A",.,"A",.,"A",520,"D",.,"A",.,"A",0,"D",0,"D",30,"D",40,"D",0,"D",.,"A"
"20115",2235144,77,0,"1",.,"A",.,"A",.,"A",.,"A",.,"A",90,"D",.,"A",.,"A",.,"A",177,"D",0,"D",0,"D",200,"D",59,"D",.,"A"
"20115",2235155,75,0,"1",.,"A",.,"A",.,"A",.,"A",.,"A",.,"A",.,"A",.,"A",90,"D",.,"A",.,"A",.,"A",300,"D",.,"A",.,"A"
"20115",2235164,24,0,"1",.,"A",.,"A",.,"A",.,"A",.,"A",.,"A",.,"A",.,"A",.,"A",.,"A",.,"A",.,"A",.,"A",.,"A",.,"A"
"20115",2235195,39,0,"1",.,"A",.,"A",.,"A",.,"A",.,"A",.,"A",.,"A",.,"A",.,"A",.,"A",.,"A",.,"A",60,"D",.,"A",.,"A"
"20115",2235214,51,0,"1",.,"A",.,"A",.,"A",.,"A",.,"A",.,"A",.,"A",.,"A",15,"D",.,"A",.,"A",.,"A",.,"A",.,"A",.,"A"
"20115",2235264,39,0,"1",.,"A",.,"A",.,"A",.,"A",.,"A",.,"A",.,"A",.,"A",.,"A",.,"A",.,"A",.,"A",.,"A",.,"A",.,"A"
"20115",2235305,57,0,"1",.,"A",.,"A",.,"A",.,"A",.,"A",.,"A",.,"A",.,"A",.,"A",.,"A",.,"A",.,"A",60,"D",.,"A",.,"A"
"20115",2235324,35,0,"1",.,"A",.,"A",.,"A",.,"A",.,"A",.,"A",.,"A",.,"A",.,"A",267,"D",0,"D",0,"D",.,"A",89,"D",.,"A"
"20115",2235344,34,0,"1",.,"A",.,"A",.,"A",.,"A",.,"A",.,"A",520,"D",.,"A",.,"A",.,"A",.,"A",.,"A",.,"A",.,"A",.,"A"
"20115",2235414,58,0,"1",.,"A",.,"A",.,"A",.,"A",.,"A",.,"A",.,"A",.,"A",.,"A",.,"A",.,"A",.,"A",120,"D",.,"A",.,"A"
"20115",2235434,54,0,"1",.,"A",.,"A",.,"A",.,"A",.,"A",.,"A",195,"D",.,"A",21,"D",.,"A",.,"A",.,"A",20,"D",.,"A",.,"A"
"20115",2235445,48,0,"1",81,"D",.,"A",.,"A",.,"A",219,"D",.,"A",.,"A",.,"A",.,"A",.,"A",.,"A",.,"A",120,"D",.,"A",.,"A"
"20115",2235454,117,0,"1",.,"A",.,"A",.,"A",.,"A",.,"A",.,"A",.,"A",.,"A",.,"A",.,"A",.,"A",.,"A",100,"D",.,"A",.,"A"
"20115",2235474,49,0,"1",.,"A",.,"A",.,"A",.,"A",.,"A",.,"A",.,"A",.,"A",.,"A",.,"A",.,"A",.,"A",.,"A",.,"A",.,"A"
"20115",2235484,64,0,"1",.,"A",.,"A",.,"A",.,"A",.,"A",80,"D",.,"A",.,"A",.,"A",.,"A",.,"A",.,"A",.,"A",.,"A",.,"A"
"20115",2235515,34,0,"1",.,"A",.,"A",.,"A",.,"A",120,"D",.,"A",.,"A",.,"A",.,"A",.,"A",.,"A",.,"A",.,"A",.,"A",.,"A"
"20115",2235534,41,0,"1",.,"A",.,"A",.,"A",.,"A",.,"A",.,"A",.,"A",.,"A",.,"A",.,"A",.,"A",.,"A",.,"A",.,"A",.,"A"
"20115",2235555,26,0,"1",.,"A",.,"A",.,"A",.,"A",.,"A",.,"A",286,"D",.,"A",.,"A",.,"A",.,"A",.,"A",.,"A",.,"A",.,"A"
"20115",2235575,61,0,"1",.,"A",.,"A",.,"A",.,"A",.,"A",.,"A",.,"A",.,"A",.,"A",.,"A",.,"A",.,"A",60,"D",.,"A",.,"A"
"20115",2235594,30,0,"1",.,"A",.,"A",.,"A",.,"A",.,"A",.,"A",.,"A",.,"A",.,"A",.,"A",.,"A",.,"A",.,"A",.,"A",.,"A"
"20115",2235624,28,0,"1",.,"A",.,"A",.,"A",.,"A",.,"A",.,"A",.,"A",.,"A",180,"D",.,"A",.,"A",.,"A",0,"D",.,"A",.,"A"
"20115",2235644,57,0,"1",.,"A",.,"A",.,"A",.,"A",.,"A",.,"A",.,"A",.,"A",.,"A",.,"A",.,"A",.,"A",150,"D",.,"A",.,"A"
"20115",2235705,62,0,"1",.,"A",.,"A",.,"A",.,"A",.,"A",.,"A",.,"A",.,"A",.,"A",.,"A",.,"A",.,"A",90,"D",.,"A",.,"A"
"20115",2235725,49,0,"1",.,"A",.,"A",.,"A",.,"A",20,"D",65,"D",.,"A",.,"A",.,"A",285,"D",0,"D",0,"D",120,"D",95,"D",.,"A"
"20115",2235745,81,0,"1",.,"A",.,"A",.,"A",.,"A",.,"A",100,"D",.,"A",.,"A",.,"A",.,"A",.,"A",.,"A",200,"D",.,"A",.,"A"
"20115",2235765,35,0,"1",.,"A",.,"A",.,"A",.,"A",.,"A",.,"A",.,"A",.,"A",.,"A",.,"A",.,"A",.,"A",.,"A",.,"A",.,"A"
"20115",2235784,54,0,"1",.,"A",.,"A",.,"A",.,"A",.,"A",.,"A",.,"A",.,"A",33,"D",.,"A",.,"A",.,"A",.,"A",.,"A",.,"A"
"20115",2235794,45,0,"1",.,"A",.,"A",.,"A",.,"A",.,"A",.,"A",325,"D",.,"A",.,"A",.,"A",.,"A",.,"A",.,"A",.,"A",.,"A"
"20115",2235835,54,0,"1",.,"A",.,"A",.,"A",.,"A",.,"A",20,"D",.,"A",.,"A",.,"A",.,"A",.,"A",.,"A",140,"D",.,"A",.,"A"
"20115",2235845,50,0,"1",.,"A",.,"A",.,"A",.,"A",.,"A",.,"A",.,"A",.,"A",30,"D",.,"A",.,"A",.,"A",25,"D",.,"A",.,"A"
"20115",2235855,29,0,"1",.,"A",.,"A",.,"A",30,"D",.,"A",.,"A",.,"A",156,"D",.,"A",.,"A",.,"A",.,"A",.,"A",.,"A",.,"A"
"20115",2235914,64,0,"1",.,"A",.,"A",.,"A",.,"A",.,"A",.,"A",.,"A",.,"A",.,"A",.,"A",.,"A",.,"A",150,"D",.,"A",.,"A"
"20115",2235994,52,0,"1",.,"A",.,"A",.,"A",.,"A",.,"A",.,"A",.,"A",.,"A",.,"A",.,"A",.,"A",.,"A",100,"D",.,"A",.,"A"
"20115",2236055,41,0,"1",.,"A",.,"A",.,"A",.,"A",.,"A",.,"A",.,"A",.,"A",.,"A",.,"A",.,"A",.,"A",30,"D",.,"A",.,"A"
"20115",2236065,28,0,"1",.,"A",.,"A",.,"A",40,"D",36,"D",.,"A",.,"A",.,"A",.,"A",.,"A",.,"A",.,"A",20,"D",.,"A",.,"A"
"20115",2236094,55,0,"1",.,"A",.,"A",.,"A",.,"A",.,"A",.,"A",195,"D",.,"A",.,"A",.,"A",.,"A",.,"A",56,"D",.,"A",.,"A"
"20115",2236104,42,0,"1",.,"A",50,"D",65,"D",.,"A",.,"A",0,"D",.,"A",.,"A",.,"A",.,"A",.,"A",.,"A",360,"D",.,"A",.,"A"
"20115",2236114,63,0,"1",.,"A",.,"A",.,"A",.,"A",.,"A",.,"A",.,"A",.,"A",.,"A",.,"A",.,"A",.,"A",180,"D",.,"A",.,"A"
"20115",2236134,106,0,"1",.,"A",.,"A",.,"A",.,"A",.,"A",.,"A",.,"A",.,"A",0,"D",.,"A",.,"A",.,"A",24,"D",.,"A",.,"A"
"20115",2236145,43,0,"1",.,"A",.,"A",.,"A",.,"A",.,"A",.,"A",.,"A",.,"A",.,"A",.,"A",.,"A",.,"A",.,"A",.,"A",.,"A"
"20115",2236174,35,0,"1",.,"A",.,"A",.,"A",.,"A",.,"A",.,"A",.,"A",.,"A",.,"A",.,"A",.,"A",.,"A",.,"A",.,"A",.,"A"
"20115",2236185,44,0,"1",.,"A",.,"A",.,"A",.,"A",.,"A",.,"A",.,"A",.,"A",.,"A",.,"A",.,"A",.,"A",.,"A",.,"A",.,"A"
"20115",2236194,58,0,"1",38,"D",.,"A",.,"A",.,"A",102,"D",.,"A",585,"D",.,"A",.,"A",.,"A",.,"A",.,"A",.,"A",.,"A",.,"A"
"20115",2236205,67,0,"1",.,"A",.,"A",.,"A",.,"A",.,"A",.,"A",.,"A",.,"A",.,"A",.,"A",.,"A",.,"A",5,"D",.,"A",.,"A"
"20115",2236245,97,0,"1",.,"A",.,"A",.,"A",.,"A",.,"A",14,"D",.,"A",.,"A",.,"A",.,"A",.,"A",.,"A",240,"D",.,"A",.,"A"
"20115",2236255,58,0,"1",.,"A",.,"A",.,"A",.,"A",.,"A",65,"D",.,"A",.,"A",.,"A",.,"A",.,"A",.,"A",160,"D",.,"A",.,"A"
"20115",2236264,100,0,"1",.,"A",.,"A",.,"A",.,"A",.,"A",83,"D",.,"A",104,"D",.,"A",.,"A",.,"A",.,"A",200,"D",.,"A",.,"A"
"20115",2236275,24,0,"1",.,"A",.,"A",.,"A",.,"A",.,"A",.,"A",.,"A",.,"A",.,"A",.,"A",.,"A",.,"A",.,"A",.,"A",.,"A"
"20115",2236334,40,0,"1",.,"A",.,"A",.,"A",.,"A",.,"A",.,"A",.,"A",.,"A",.,"A",.,"A",.,"A",.,"A",36,"D",.,"A",.,"A"
"20115",2236344,46,0,"1",.,"A",.,"A",.,"A",.,"A",.,"A",.,"A",.,"A",.,"A",.,"A",.,"A",.,"A",.,"A",30,"D",.,"A",.,"A"
"20115",2236364,59,0,"1",.,"A",.,"A",.,"A",.,"A",.,"A",.,"A",.,"A",.,"A",.,"A",.,"A",.,"A",.,"A",.,"A",.,"A",.,"A"
"20115",2236395,43,0,"1",.,"A",.,"A",.,"A",.,"A",.,"A",.,"A",.,"A",.,"A",.,"A",.,"A",.,"A",.,"A",.,"A",.,"A",.,"A"
"20115",2236415,82,0,"1",.,"A",.,"A",.,"A",.,"A",.,"A",.,"A",.,"A",.,"A",.,"A",.,"A",.,"A",.,"A",100,"D",.,"A",.,"A"
"20115",2236424,84,0,"1",.,"A",.,"A",.,"A",.,"A",.,"A",.,"A",520,"D",.,"A",.,"A",.,"A",.,"A",.,"A",8,"D",.,"A",.,"A"
"20115",2236474,29,0,"1",16,"D",.,"A",.,"A",.,"A",44,"D",.,"A",.,"A",.,"A",.,"A",0,"D",0,"D",120,"D",22,"D",0,"D",.,"A"
"20115",2236545,105,0,"1",45,"D",.,"A",.,"A",750,"D",123,"D",211,"D",.,"A",.,"A",90,"D",.,"A",.,"A",.,"A",200,"D",.,"A",.,"A"
"20115",2236554,50,0,"1",.,"A",.,"A",.,"A",.,"A",.,"A",50,"D",.,"A",.,"A",.,"A",.,"A",.,"A",.,"A",60,"D",.,"A",.,"A"
"20115",2236594,42,0,"1",.,"A",.,"A",.,"A",.,"A",.,"A",.,"A",.,"A",.,"A",.,"A",.,"A",.,"A",.,"A",.,"A",.,"A",.,"A"
"20115",2236614,67,0,"1",.,"A",.,"A",.,"A",.,"A",.,"A",.,"A",.,"A",.,"A",.,"A",.,"A",.,"A",.,"A",25,"D",.,"A",.,"A"
"20115",2236625,49,0,"1",.,"A",.,"A",.,"A",.,"A",.,"A",.,"A",.,"A",.,"A",.,"A",.,"A",.,"A",.,"A",150,"D",.,"A",.,"A"
"20115",2236645,31,0,"1",.,"A",.,"A",.,"A",.,"A",.,"A",.,"A",.,"A",.,"A",.,"A",.,"A",.,"A",.,"A",.,"A",.,"A",.,"A"
"20115",2236665,39,0,"1",.,"A",.,"A",.,"A",.,"A",320,"D",.,"A",.,"A",.,"A",.,"A",.,"A",.,"A",.,"A",.,"A",.,"A",.,"A"
"20115",2236724,77,0,"1",.,"A",.,"A",.,"A",.,"A",.,"A",.,"A",.,"A",.,"A",.,"A",.,"A",.,"A",.,"A",120,"D",.,"A",.,"A"
"20115",2236785,72,0,"1",.,"A",.,"A",.,"A",.,"A",.,"A",.,"A",.,"A",.,"A",.,"A",.,"A",.,"A",.,"A",150,"D",.,"A",.,"A"
"20115",2236805,42,0,"1",.,"A",.,"A",.,"A",.,"A",.,"A",.,"A",.,"A",.,"A",.,"A",.,"A",.,"A",.,"A",120,"D",.,"A",.,"A"
"20115",2236885,43,0,"1",.,"A",.,"A",.,"A",.,"A",.,"A",.,"A",78,"D",.,"A",.,"A",.,"A",.,"A",.,"A",.,"A",.,"A",.,"A"
"20115",2236915,54,0,"1",.,"A",.,"A",.,"A",.,"A",.,"A",.,"A",.,"A",.,"A",.,"A",.,"A",.,"A",.,"A",75,"D",.,"A",.,"A"
"20115",2236925,30,0,"1",.,"A",.,"A",.,"A",.,"A",.,"A",.,"A",.,"A",.,"A",.,"A",.,"A",.,"A",.,"A",200,"D",.,"A",.,"A"
"20115",2236934,32,0,"1",.,"A",.,"A",.,"A",.,"A",.,"A",.,"A",.,"A",.,"A",.,"A",.,"A",.,"A",.,"A",.,"A",.,"A",.,"A"
"20115",2236945,49,0,"1",.,"A",.,"A",.,"A",.,"A",.,"A",5,"D",65,"D",.,"A",30,"D",0,"D",0,"D",30,"D",300,"D",0,"D",.,"A"
"20115",2236964,55,0,"1",.,"A",.,"A",.,"A",.,"A",.,"A",.,"A",.,"A",.,"A",.,"A",.,"A",.,"A",.,"A",.,"A",.,"A",.,"A"
"20115",2236974,67,0,"1",.,"A",.,"A",.,"A",.,"A",.,"A",.,"A",.,"A",.,"A",.,"A",.,"A",.,"A",.,"A",50,"D",.,"A",.,"A"
"20115",2236995,100,0,"1",.,"A",.,"A",.,"A",.,"A",.,"A",.,"A",.,"A",.,"A",.,"A",.,"A",.,"A",.,"A",.,"A",.,"A",.,"A"
"20115",2237014,66,0,"1",.,"A",.,"A",.,"A",.,"A",.,"A",.,"A",585,"D",.,"A",.,"A",.,"A",.,"A",.,"A",.,"A",.,"A",.,"A"
"20115",2237024,71,0,"1",.,"A",.,"A",.,"A",.,"A",.,"A",.,"A",.,"A",.,"A",.,"A",.,"A",.,"A",.,"A",.,"A",.,"A",.,"A"
"20115",2237045,53,0,"1",.,"A",.,"A",.,"A",.,"A",.,"A",.,"A",.,"A",.,"A",.,"A",.,"A",.,"A",.,"A",200,"D",.,"A",.,"A"
"20115",2237085,45,0,"1",.,"A",.,"A",.,"A",.,"A",.,"A",.,"A",260,"D",.,"A",.,"A",.,"A",.,"A",.,"A",60,"D",.,"A",.,"A"
"20115",2237115,67,0,"1",.,"A",.,"A",18,"D",.,"A",.,"A",.,"A",780,"D",.,"A",.,"A",.,"A",.,"A",.,"A",.,"A",.,"A",.,"A"
"20115",2237125,55,0,"1",.,"A",.,"A",.,"A",.,"A",.,"A",.,"A",.,"A",.,"A",24,"D",.,"A",.,"A",.,"A",.,"A",.,"A",.,"A"
"20115",2237154,30,0,"1",.,"A",.,"A",.,"A",.,"A",240,"D",.,"A",.,"A",.,"A",.,"A",0,"D",144,"D",0,"D",60,"D",0,"D",.,"A"
"20115",2237175,40,0,"1",.,"A",.,"A",.,"A",.,"A",.,"A",.,"A",780,"D",.,"A",.,"A",.,"A",.,"A",.,"A",.,"A",.,"A",.,"A"
"20115",2237184,41,0,"1",.,"A",.,"A",.,"A",.,"A",.,"A",25,"D",.,"A",.,"A",.,"A",.,"A",.,"A",.,"A",15,"D",.,"A",.,"A"
"20115",2237215,71,0,"1",.,"A",.,"A",.,"A",.,"A",.,"A",.,"A",.,"A",.,"A",30,"D",.,"A",.,"A",.,"A",40,"D",.,"A",.,"A"
"20115",2237235,66,0,"1",.,"A",.,"A",.,"A",6,"D",.,"A",.,"A",52,"D",.,"A",.,"A",.,"A",.,"A",.,"A",409,"D",.,"A",.,"A"
"20115",2237274,24,0,"1",10,"D",.,"A",.,"A",.,"A",20,"D",.,"A",130,"D",.,"A",.,"A",.,"A",.,"A",.,"A",.,"A",.,"A",.,"A"
"20115",2237334,69,0,"1",.,"A",.,"A",.,"A",.,"A",.,"A",180,"D",.,"A",.,"A",.,"A",.,"A",.,"A",.,"A",200,"D",.,"A",.,"A"
"20115",2237364,45,0,"1",.,"A",.,"A",.,"A",.,"A",.,"A",.,"A",130,"D",.,"A",.,"A",.,"A",.,"A",.,"A",.,"A",.,"A",.,"A"
"20115",2237375,55,0,"1",.,"A",.,"A",.,"A",.,"A",.,"A",125,"D",.,"A",.,"A",.,"A",.,"A",.,"A",.,"A",150,"D",.,"A",.,"A"
"20115",2237415,44,0,"1",.,"A",.,"A",.,"A",.,"A",.,"A",.,"A",.,"A",.,"A",.,"A",0,"D",0,"D",30,"D",.,"A",0,"D",.,"A"
"20115",2237444,51,0,"1",.,"A",.,"A",.,"A",.,"A",.,"A",.,"A",.,"A",.,"A",.,"A",.,"A",.,"A",.,"A",.,"A",.,"A",.,"A"
"20115",2237465,52,0,"1",.,"A",.,"A",.,"A",.,"A",.,"A",.,"A",.,"A",.,"A",.,"A",.,"A",.,"A",.,"A",170,"D",.,"A",.,"A"
"20115",2237515,59,0,"1",.,"A",.,"A",.,"A",.,"A",.,"A",.,"A",.,"A",.,"A",.,"A",.,"A",.,"A",.,"A",40,"D",.,"A",.,"A"
"20115",2237524,61,0,"1",.,"A",.,"A",15,"D",.,"A",.,"A",25,"D",.,"A",.,"A",15,"D",.,"A",.,"A",.,"A",60,"D",.,"A",.,"A"
"20115",2237535,45,0,"1",.,"A",.,"A",.,"A",.,"A",.,"A",.,"A",.,"A",.,"A",.,"A",.,"A",.,"A",.,"A",.,"A",.,"A",.,"A"
"20115",2237564,49,0,"1",.,"A",.,"A",.,"A",.,"A",.,"A",.,"A",.,"A",.,"A",.,"A",.,"A",.,"A",.,"A",30,"D",.,"A",.,"A"
"20115",2237605,36,0,"1",.,"A",.,"A",.,"A",.,"A",.,"A",.,"A",.,"A",.,"A",.,"A",.,"A",.,"A",.,"A",.,"A",.,"A",.,"A"
"20115",2237654,44,0,"1",5,"D",.,"A",.,"A",.,"A",25,"D",.,"A",.,"A",.,"A",.,"A",.,"A",.,"A",.,"A",.,"A",.,"A",.,"A"
"20115",2237665,82,0,"1",.,"A",.,"A",.,"A",.,"A",.,"A",.,"A",.,"A",.,"A",.,"A",.,"A",.,"A",.,"A",.,"A",.,"A",.,"A"
"20115",2237694,76,0,"1",.,"A",.,"A",.,"A",.,"A",.,"A",.,"A",.,"A",.,"A",.,"A",.,"A",.,"A",.,"A",.,"A",.,"A",.,"A"
"20115",2237705,70,0,"1",.,"A",.,"A",.,"A",.,"A",.,"A",.,"A",.,"A",.,"A",.,"A",.,"A",.,"A",.,"A",32,"D",.,"A",.,"A"
"20115",2237724,23,0,"1",.,"A",.,"A",.,"A",.,"A",.,"A",.,"A",.,"A",.,"A",.,"A",.,"A",.,"A",.,"A",.,"A",.,"A",.,"A"
"20115",2237755,109,0,"1",.,"A",.,"A",10,"D",.,"A",.,"A",.,"A",.,"A",.,"A",.,"A",.,"A",.,"A",.,"A",12,"D",.,"A",.,"A"
"20115",2237775,64,0,"1",.,"A",.,"A",.,"A",.,"A",120,"D",60,"D",.,"A",.,"A",.,"A",.,"A",.,"A",.,"A",180,"D",.,"A",.,"A"
"20115",2237814,46,0,"1",.,"A",.,"A",.,"A",.,"A",.,"A",.,"A",.,"A",.,"A",.,"A",.,"A",.,"A",.,"A",.,"A",.,"A",.,"A"
"20115",2237835,69,0,"1",.,"A",.,"A",.,"A",.,"A",.,"A",75,"D",.,"A",195,"F",.,"A",.,"A",.,"A",.,"A",150,"D",.,"A",.,"A"
"20115",2237844,30,0,"1",.,"A",.,"A",.,"A",.,"A",.,"A",.,"A",.,"A",.,"A",.,"A",.,"A",.,"A",.,"A",80,"D",.,"A",.,"A"
"20115",2237885,28,0,"1",.,"A",.,"A",.,"A",.,"A",40,"D",.,"A",.,"A",.,"A",.,"A",.,"A",.,"A",.,"A",.,"A",.,"A",.,"A"
"20115",2237925,37,0,"1",.,"A",.,"A",.,"A",.,"A",.,"A",35,"D",.,"A",.,"A",.,"A",.,"A",.,"A",.,"A",.,"A",.,"A",.,"A"
"20115",2237954,28,0,"1",.,"A",.,"A",.,"A",.,"A",.,"A",.,"A",.,"A",.,"A",.,"A",.,"A",.,"A",.,"A",.,"A",.,"A",.,"A"
"20115",2237984,33,0,"1",.,"A",.,"A",.,"A",.,"A",.,"A",.,"A",.,"A",.,"A",.,"A",.,"A",.,"A",.,"A",.,"A",.,"A",.,"A"
"20115",2237994,33,0,"1",.,"A",.,"A",.,"A",.,"A",.,"A",.,"A",.,"A",.,"A",.,"A",.,"A",.,"A",.,"A",.,"A",.,"A",.,"A"
"20115",2238024,66,0,"1",.,"A",.,"A",.,"A",.,"A",.,"A",.,"A",.,"A",.,"A",.,"A",.,"A",.,"A",.,"A",20,"D",.,"A",.,"A"
"20115",2238044,35,0,"1",.,"A",.,"A",.,"A",.,"A",.,"A",.,"A",.,"A",.,"A",.,"A",.,"A",.,"A",.,"A",100,"D",.,"A",.,"A"
"20115",2238055,25,0,"1",.,"A",.,"A",.,"A",.,"A",60,"D",.,"A",.,"A",.,"A",.,"A",0,"D",0,"D",60,"D",.,"A",0,"D",.,"A"
"20115",2238115,42,0,"1",.,"A",.,"A",.,"A",.,"A",.,"A",.,"A",.,"A",.,"A",.,"A",.,"A",.,"A",.,"A",20,"D",.,"A",.,"A"
"20115",2238195,99,0,"1",.,"A",.,"A",.,"A",.,"A",.,"A",.,"A",.,"A",.,"A",.,"A",.,"A",.,"A",.,"A",269,"D",.,"A",.,"A"
"20115",2238205,64,0,"1",.,"A",.,"A",.,"A",.,"A",.,"A",75,"D",.,"A",.,"A",.,"A",.,"A",.,"A",.,"A",260,"D",.,"A",.,"A"
"20115",2238224,49,0,"1",.,"A",.,"A",.,"A",.,"A",.,"A",.,"A",.,"A",273,"D",.,"A",.,"A",.,"A",.,"A",60,"D",.,"A",.,"A"
"20115",2238235,65,0,"1",.,"A",.,"A",.,"A",.,"A",.,"A",.,"A",.,"A",.,"A",.,"A",.,"A",.,"A",.,"A",150,"D",.,"A",.,"A"
"20115",2238255,40,0,"1",.,"A",.,"A",.,"A",.,"A",.,"A",.,"A",.,"A",.,"A",.,"A",.,"A",.,"A",.,"A",10,"D",.,"A",.,"A"
"20115",2238265,62,0,"1",.,"A",.,"A",.,"A",.,"A",.,"A",.,"A",.,"A",.,"A",3,"D",.,"A",.,"A",.,"A",200,"D",.,"A",.,"A"
"20115",2238285,39,0,"1",.,"A",.,"A",.,"A",.,"A",.,"A",.,"A",364,"D",65,"D",.,"A",.,"A",.,"A",.,"A",.,"A",.,"A",.,"A"
"20115",2238304,89,0,"1",.,"A",.,"A",.,"A",.,"A",.,"A",195,"D",.,"A",.,"A",.,"A",.,"A",.,"A",.,"A",400,"D",.,"A",.,"A"
"20115",2238315,63,0,"1",.,"A",.,"A",.,"A",.,"A",.,"A",.,"A",390,"D",.,"A",.,"A",.,"A",.,"A",.,"A",40,"D",.,"A",.,"A"
"20115",2238324,42,0,"1",.,"A",.,"A",.,"A",.,"A",.,"A",.,"A",260,"D",.,"A",.,"A",.,"A",.,"A",.,"A",.,"A",.,"A",.,"A"
"20115",2238424,48,0,"1",.,"A",.,"A",.,"A",.,"A",.,"A",.,"A",.,"A",.,"A",.,"A",.,"A",.,"A",.,"A",110,"D",.,"A",.,"A"
"20115",2238445,37,0,"1",.,"A",.,"A",.,"A",.,"A",.,"A",80,"D",.,"A",.,"A",.,"A",0,"D",0,"D",45,"D",160,"D",0,"D",.,"A"
"20115",2238454,33,0,"1",.,"A",.,"A",.,"A",.,"A",.,"A",.,"A",.,"A",.,"A",.,"A",.,"A",.,"A",.,"A",50,"D",.,"A",.,"A"
"20115",2238545,27,0,"1",.,"A",.,"A",.,"A",40,"F",.,"A",25,"F",.,"A",.,"A",.,"A",0,"D",0,"D",309,"D",210,"D",0,"D",.,"A"
"20115",2238555,77,0,"1",.,"A",.,"A",.,"A",.,"A",.,"A",.,"A",.,"A",65,"D",.,"A",.,"A",.,"A",.,"A",20,"D",.,"A",.,"A"
"20115",2238584,79,0,"1",.,"A",.,"A",.,"A",.,"A",.,"A",145,"D",.,"A",.,"A",.,"A",.,"A",.,"A",.,"A",260,"D",.,"A",.,"A"
"20115",2238605,50,0,"1",.,"A",.,"A",.,"A",.,"A",.,"A",.,"A",.,"A",.,"A",.,"A",.,"A",.,"A",.,"A",50,"D",.,"A",.,"A"
"20115",2238645,35,0,"1",.,"A",.,"A",.,"A",.,"A",240,"D",.,"A",.,"A",.,"A",.,"A",.,"A",.,"A",.,"A",115,"D",.,"A",.,"A"
"20115",2238705,83,0,"1",.,"A",.,"A",.,"A",.,"A",.,"A",.,"A",.,"A",.,"A",.,"A",.,"A",.,"A",.,"A",200,"D",.,"A",.,"A"
"20115",2238755,83,0,"1",.,"A",.,"A",75,"D",.,"A",.,"A",360,"D",.,"A",.,"A",.,"A",.,"A",.,"A",.,"A",600,"D",.,"A",.,"A"
"20115",2238795,51,0,"1",.,"A",.,"A",.,"A",.,"A",.,"A",.,"A",325,"D",.,"A",15,"D",.,"A",.,"A",.,"A",10,"D",.,"A",.,"A"
"20115",2238805,76,0,"1",.,"A",.,"A",.,"A",.,"A",.,"A",.,"A",.,"A",.,"A",.,"A",.,"A",.,"A",.,"A",60,"D",.,"A",.,"A"
"20115",2238815,62,0,"1",.,"A",.,"A",.,"A",.,"A",.,"A",.,"A",.,"A",.,"A",.,"A",.,"A",.,"A",.,"A",150,"D",.,"A",.,"A"
"20115",2238845,52,0,"1",.,"A",.,"A",.,"A",.,"A",.,"A",.,"A",.,"A",.,"A",.,"A",.,"A",.,"A",.,"A",90,"D",.,"A",.,"A"
"20115",2238865,49,0,"1",.,"A",.,"A",.,"A",.,"A",.,"A",.,"A",.,"A",.,"A",.,"A",.,"A",.,"A",.,"A",.,"A",.,"A",.,"A"
"20115",2238875,63,0,"1",.,"A",.,"A",.,"A",35,"D",.,"A",35,"D",.,"A",.,"A",.,"A",.,"A",.,"A",.,"A",150,"D",.,"A",.,"A"
"20115",2238884,40,0,"1",.,"A",.,"A",.,"A",.,"A",.,"A",.,"A",.,"A",.,"A",.,"A",.,"A",.,"A",.,"A",27,"D",.,"A",.,"A"
"20115",2238895,32,0,"1",.,"A",.,"A",.,"A",.,"A",.,"A",.,"A",.,"A",.,"A",.,"A",.,"A",.,"A",.,"A",.,"A",.,"A",.,"A"
"20115",2238904,31,0,"1",.,"A",.,"A",.,"A",.,"A",.,"A",.,"A",.,"A",.,"A",.,"A",.,"A",.,"A",.,"A",30,"D",.,"A",.,"A"
"20115",2238925,36,0,"1",.,"A",.,"A",.,"A",.,"A",.,"A",.,"A",.,"A",.,"A",.,"A",.,"A",.,"A",.,"A",20,"D",.,"A",.,"A"
"20115",2238944,63,0,"1",.,"A",.,"A",.,"A",.,"A",.,"A",.,"A",.,"A",.,"A",.,"A",.,"A",.,"A",.,"A",70,"D",.,"A",.,"A"
"20115",2238964,64,0,"1",.,"A",.,"A",.,"A",.,"A",.,"A",84,"D",.,"A",.,"A",.,"A",.,"A",.,"A",.,"A",225,"D",.,"A",.,"A"
"20115",2239005,80,0,"1",.,"A",.,"A",.,"A",.,"A",.,"A",.,"A",117,"D",.,"A",.,"A",.,"A",.,"A",.,"A",40,"D",.,"A",.,"A"
"20115",2239034,61,0,"1",.,"A",.,"A",.,"A",.,"A",.,"A",.,"A",.,"A",.,"A",.,"A",.,"A",.,"A",.,"A",50,"D",.,"A",.,"A"
"20115",2239095,61,0,"1",.,"A",.,"A",.,"A",.,"A",.,"A",.,"A",.,"A",.,"A",.,"A",.,"A",.,"A",.,"A",200,"D",.,"A",.,"A"
"20115",2239105,61,0,"1",.,"A",.,"A",.,"A",.,"A",.,"A",.,"A",546,"D",.,"A",.,"A",.,"A",.,"A",.,"A",.,"A",.,"A",.,"A"
"20115",2239235,61,0,"1",.,"A",.,"A",.,"A",.,"A",.,"A",.,"A",.,"A",.,"A",.,"A",.,"A",.,"A",.,"A",90,"D",.,"A",.,"A"
"20115",2239255,59,0,"1",.,"A",.,"A",.,"A",.,"A",.,"A",.,"A",.,"A",.,"A",.,"A",.,"A",.,"A",.,"A",.,"A",.,"A",.,"A"
"20115",2239285,55,0,"1",.,"A",.,"A",.,"A",50,"D",.,"A",300,"D",.,"A",.,"A",.,"A",.,"A",.,"A",.,"A",300,"D",.,"A",.,"A"
"20115",2239295,22,0,"1",.,"A",.,"A",.,"A",.,"A",.,"A",.,"A",.,"A",.,"A",.,"A",.,"A",.,"A",.,"A",.,"A",.,"A",.,"A"
"20115",2239335,35,0,"1",.,"A",.,"A",.,"A",.,"A",.,"A",30,"D",.,"A",.,"A",.,"A",.,"A",.,"A",.,"A",45,"D",.,"A",.,"A"
"20115",2239345,48,0,"1",.,"A",.,"A",.,"A",.,"A",.,"A",.,"A",.,"A",.,"A",.,"A",.,"A",.,"A",.,"A",.,"A",.,"A",.,"A"
"20115",2239355,62,0,"1",.,"A",.,"A",.,"A",.,"A",.,"A",.,"A",.,"A",.,"A",.,"A",.,"A",.,"A",.,"A",50,"D",.,"A",.,"A"
"20115",2239375,63,0,"1",.,"A",.,"A",.,"A",.,"A",.,"A",.,"A",260,"D",.,"A",.,"A",.,"A",.,"A",.,"A",.,"A",.,"A",.,"A"
"20115",2239395,41,0,"1",.,"A",.,"A",.,"A",100,"D",.,"A",.,"A",.,"A",.,"A",.,"A",300,"D",0,"D",0,"D",20,"D",100,"D",.,"A"
"20115",2239414,86,0,"1",.,"A",.,"A",.,"A",.,"A",.,"A",50,"D",.,"A",.,"A",.,"A",0,"D",0,"D",96,"D",61,"D",0,"D",.,"A"
"20115",2239435,33,0,"1",.,"A",.,"A",.,"A",.,"A",.,"A",.,"A",.,"A",.,"A",.,"A",.,"A",.,"A",.,"A",.,"A",.,"A",.,"A"
"20115",2239454,54,0,"1",.,"A",.,"A",.,"A",.,"A",.,"A",22,"D",.,"A",.,"A",.,"A",.,"A",.,"A",.,"A",.,"A",.,"A",.,"A"
"20115",2239464,72,0,"1",.,"A",.,"A",.,"A",.,"A",.,"A",.,"A",.,"A",.,"A",60,"D",.,"A",.,"A",.,"A",32,"D",.,"A",.,"A"
"20115",2239474,51,0,"1",.,"A",.,"A",.,"A",.,"A",.,"A",.,"A",.,"A",.,"A",.,"A",.,"A",.,"A",.,"A",.,"A",.,"A",.,"A"
"20115",2239484,60,0,"1",.,"A",16,"D",.,"A",.,"A",.,"A",15,"D",.,"A",.,"A",.,"A",.,"A",.,"A",.,"A",180,"D",.,"A",.,"A"
"20115",2239524,69,0,"1",.,"A",.,"A",15,"D",60,"D",.,"A",.,"A",.,"A",.,"A",.,"A",360,"D",0,"D",360,"D",120,"D",120,"D",.,"A"
"20115",2239545,51,0,"1",.,"A",.,"A",.,"A",.,"A",.,"A",.,"A",.,"A",.,"A",108,"D",.,"A",.,"A",.,"A",.,"A",.,"A",.,"A"
"20115",2239555,113,0,"1",.,"A",.,"A",.,"A",.,"A",.,"A",150,"D",.,"A",.,"A",.,"A",.,"A",.,"A",.,"A",795,"D",.,"A",.,"A"
"20115",2239585,52,0,"1",.,"A",.,"A",.,"A",.,"A",.,"A",.,"A",455,"D",.,"A",.,"A",.,"A",.,"A",.,"A",.,"A",.,"A",.,"A"
"20115",2239604,46,0,"1",.,"A",.,"A",.,"A",.,"A",.,"A",.,"A",.,"A",.,"A",.,"A",.,"A",.,"A",.,"A",100,"D",.,"A",.,"A"
"20115",2239625,42,0,"1",.,"A",.,"A",.,"A",.,"A",.,"A",25,"D",.,"A",.,"A",.,"A",.,"A",.,"A",.,"A",270,"D",.,"A",.,"A"
"20115",2239644,37,0,"1",.,"A",.,"A",.,"A",.,"A",.,"A",.,"A",.,"A",.,"A",15,"D",.,"A",.,"A",.,"A",24,"D",.,"A",.,"A"
"20115",2239684,58,0,"1",.,"A",.,"A",.,"A",.,"A",.,"A",20,"D",.,"A",.,"A",.,"A",.,"A",.,"A",.,"A",90,"D",.,"A",.,"A"
"20115",2239714,69,0,"1",.,"A",.,"A",.,"A",.,"A",.,"A",.,"A",.,"A",.,"A",.,"A",.,"A",.,"A",.,"A",.,"A",.,"A",.,"A"
"20115",2239755,63,0,"1",.,"A",.,"A",.,"A",.,"A",.,"A",.,"A",.,"A",.,"A",.,"A",.,"A",.,"A",.,"A",51,"D",.,"A",.,"A"
"20115",2239804,35,0,"1",.,"A",.,"A",.,"A",.,"A",.,"A",.,"A",.,"A",.,"A",.,"A",.,"A",.,"A",.,"A",.,"A",.,"A",.,"A"
"20115",2239815,56,0,"1",.,"A",.,"A",.,"A",.,"A",.,"A",150,"D",520,"D",.,"A",.,"A",.,"A",.,"A",.,"A",285,"D",.,"A",.,"A"
"20115",2239844,41,0,"1",.,"A",.,"A",.,"A",.,"A",.,"A",.,"A",.,"A",.,"A",.,"A",.,"A",.,"A",.,"A",90,"D",.,"A",.,"A"
"20115",2239854,48,0,"1",.,"A",.,"A",.,"A",.,"A",.,"A",60,"D",.,"A",.,"A",.,"A",204,"D",6,"D",6,"D",45,"D",68,"D",.,"A"
"20115",2239875,77,0,"1",.,"A",.,"A",.,"A",.,"A",.,"A",.,"A",.,"A",.,"A",.,"A",.,"A",.,"A",.,"A",170,"D",.,"A",.,"A"
"20115",2239884,51,0,"1",.,"A",.,"A",.,"A",.,"A",.,"A",.,"A",.,"A",.,"A",.,"A",.,"A",.,"A",.,"A",200,"D",.,"A",.,"A"
"20115",2239925,45,0,"1",.,"A",.,"A",.,"A",.,"A",.,"A",.,"A",.,"A",.,"A",.,"A",.,"A",.,"A",.,"A",200,"D",.,"A",.,"A"
"20115",2239935,92,0,"1",.,"A",.,"A",.,"A",.,"A",.,"A",.,"A",.,"A",.,"A",.,"A",.,"A",.,"A",.,"A",240,"D",.,"A",.,"A"
"20115",2239945,35,0,"1",.,"A",.,"A",.,"A",.,"A",.,"A",.,"A",.,"A",.,"A",.,"A",.,"A",.,"A",.,"A",.,"A",.,"A",.,"A"
"20115",2239964,25,0,"1",.,"A",.,"A",.,"A",.,"A",.,"A",.,"A",.,"A",.,"A",.,"A",.,"A",.,"A",.,"A",.,"A",.,"A",.,"A"
"20115",2239984,58,0,"1",.,"A",.,"A",.,"A",.,"A",.,"A",.,"A",.,"A",.,"A",.,"A",.,"A",.,"A",.,"A",40,"D",.,"A",.,"A"
"20115",2240004,59,0,"1",.,"A",.,"A",1,"D",.,"A",.,"A",.,"A",260,"D",.,"A",.,"A",.,"A",.,"A",.,"A",100,"D",.,"A",.,"A"
"20115",2240014,70,0,"1",.,"A",.,"A",.,"A",.,"A",.,"A",.,"A",.,"A",.,"A",90,"D",.,"A",.,"A",.,"A",.,"A",.,"A",.,"A"
"20115",2240035,26,0,"1",.,"A",.,"A",.,"A",.,"A",.,"A",.,"A",.,"A",.,"A",.,"A",.,"A",.,"A",.,"A",.,"A",.,"A",.,"A"
"20115",2240045,92,0,"1",.,"A",.,"A",.,"A",.,"A",.,"A",.,"A",.,"A",.,"A",.,"A",.,"A",.,"A",.,"A",85,"D",.,"A",.,"A"
"20115",2240094,76,0,"1",.,"A",.,"A",.,"A",.,"A",.,"A",84,"D",.,"A",.,"A",.,"A",.,"A",.,"A",.,"A",310,"D",.,"A",.,"A"
"20115",2240115,54,0,"1",.,"A",.,"A",.,"A",.,"A",.,"A",.,"A",.,"A",.,"A",.,"A",.,"A",.,"A",.,"A",.,"A",.,"A",.,"A"
"20115",2240164,52,0,"1",.,"A",.,"A",.,"A",.,"A",.,"A",.,"A",.,"A",.,"A",.,"A",.,"A",.,"A",.,"A",7,"D",.,"A",.,"A"
"20115",2240185,56,0,"1",.,"A",.,"A",.,"A",.,"A",.,"A",.,"A",130,"D",130,"D",.,"A",.,"A",.,"A",.,"A",.,"A",.,"A",.,"A"
"20115",2240215,54,0,"1",.,"A",.,"A",.,"A",.,"A",.,"A",75,"D",390,"D",.,"A",.,"A",.,"A",.,"A",.,"A",210,"D",.,"A",.,"A"
"20115",2240284,40,0,"1",.,"A",.,"A",.,"A",.,"A",.,"A",.,"A",.,"A",.,"A",30,"F",.,"A",.,"A",.,"A",.,"A",.,"A",.,"A"
"20115",2240295,67,0,"1",.,"A",.,"A",.,"A",.,"A",.,"A",.,"A",780,"D",.,"A",.,"A",.,"A",.,"A",.,"A",360,"D",.,"A",.,"A"
"20115",2240324,88,0,"1",.,"A",.,"A",.,"A",.,"A",.,"A",.,"A",.,"A",.,"A",.,"A",.,"A",.,"A",.,"A",35,"D",.,"A",.,"A"
"20115",2240364,38,0,"1",.,"A",.,"A",.,"A",.,"A",.,"A",.,"A",.,"A",.,"A",.,"A",.,"A",.,"A",.,"A",.,"A",.,"A",.,"A"
"20115",2240445,39,0,"1",.,"A",.,"A",.,"A",.,"A",.,"A",.,"A",.,"A",.,"A",.,"A",.,"A",.,"A",.,"A",.,"A",.,"A",.,"A"
"20115",2240495,34,0,"1",.,"A",.,"A",.,"A",.,"A",.,"A",.,"A",.,"A",.,"A",.,"A",.,"A",.,"A",.,"A",.,"A",.,"A",.,"A"
"20115",2240574,80,0,"1",.,"A",.,"A",.,"A",.,"A",.,"A",.,"A",.,"A",.,"A",.,"A",.,"A",.,"A",.,"A",150,"D",.,"A",.,"A"
"20115",2240595,67,0,"1",.,"A",.,"A",.,"A",.,"A",.,"A",.,"A",.,"A",.,"A",.,"A",.,"A",.,"A",.,"A",.,"A",.,"A",.,"A"
"20115",2240624,35,0,"1",.,"A",.,"A",.,"A",.,"A",.,"A",.,"A",390,"F",.,"A",.,"A",.,"A",.,"A",.,"A",.,"A",.,"A",.,"A"
"20115",2240634,45,0,"1",.,"A",.,"A",.,"A",.,"A",.,"A",.,"A",520,"D",.,"A",.,"A",.,"A",.,"A",.,"A",.,"A",.,"A",.,"A"
"20115",2240645,52,0,"1",.,"A",.,"A",.,"A",.,"A",.,"A",.,"A",.,"A",.,"A",.,"A",.,"A",.,"A",.,"A",.,"A",.,"A",.,"A"
"20115",2240705,56,0,"1",.,"A",.,"A",.,"A",.,"A",.,"A",120,"D",.,"A",.,"A",.,"A",.,"A",.,"A",.,"A",.,"A",.,"A",.,"A"
"20115",2240735,47,0,"1",.,"A",.,"A",.,"A",.,"A",.,"A",300,"D",.,"A",.,"A",.,"A",0,"D",1200,"D",0,"D",180,"D",0,"D",.,"A"
"20115",2240764,21,0,"1",.,"A",.,"A",.,"A",.,"A",2,"D",.,"A",.,"A",.,"A",.,"A",0,"D",0,"D",6,"D",.,"A",0,"D",.,"A"
"20115",2240805,67,0,"1",.,"A",.,"A",.,"A",.,"A",.,"A",30,"D",.,"A",.,"A",.,"A",.,"A",.,"A",.,"A",50,"D",.,"A",.,"A"
"20115",2240815,38,0,"1",.,"A",.,"A",.,"A",.,"A",120,"D",.,"A",.,"A",.,"A",.,"A",.,"A",.,"A",.,"A",50,"D",.,"A",.,"A"
"20115",2240845,33,0,"1",.,"A",.,"A",.,"A",.,"A",.,"A",.,"A",.,"A",.,"A",.,"A",.,"A",.,"A",.,"A",.,"A",.,"A",.,"A"
"20115",2240865,81,0,"1",.,"A",.,"A",.,"A",.,"A",.,"A",150,"D",.,"A",.,"A",.,"A",.,"A",.,"A",.,"A",240,"D",.,"A",.,"A"
"20115",2240875,43,0,"1",.,"A",.,"A",.,"A",.,"A",.,"A",.,"A",390,"D",.,"A",15,"D",.,"A",.,"A",.,"A",20,"D",.,"A",.,"A"
"20115",2240894,35,0,"1",.,"A",.,"A",.,"A",.,"A",.,"A",.,"A",.,"A",.,"A",.,"A",.,"A",.,"A",.,"A",.,"A",.,"A",.,"A"
"20115",2240905,38,0,"1",.,"A",.,"A",.,"A",.,"A",.,"A",.,"A",.,"A",.,"A",204,"D",.,"A",.,"A",.,"A",.,"A",.,"A",.,"A"
"20115",2240925,62,0,"1",.,"A",.,"A",.,"A",.,"A",.,"A",.,"A",.,"A",.,"A",.,"A",.,"A",.,"A",.,"A",65,"D",.,"A",.,"A"
"20115",2240954,43,0,"1",25,"D",.,"A",.,"A",.,"A",100,"D",65,"D",.,"A",.,"A",.,"A",534,"D",0,"D",0,"D",150,"D",178,"D",.,"A"
"20115",2240964,53,0,"1",.,"A",.,"A",.,"A",.,"A",.,"A",.,"A",.,"A",.,"A",.,"A",.,"A",.,"A",.,"A",30,"D",.,"A",.,"A"
"20115",2241024,80,0,"1",.,"A",.,"A",.,"A",.,"A",.,"A",7,"D",.,"A",.,"A",.,"A",.,"A",.,"A",.,"A",60,"D",.,"A",.,"A"
"20115",2241045,91,0,"1",.,"A",.,"A",.,"A",.,"A",.,"A",.,"A",.,"A",.,"A",.,"A",.,"A",.,"A",.,"A",42,"D",.,"A",.,"A"
"20115",2241075,44,0,"1",.,"A",.,"A",.,"A",.,"A",.,"A",.,"A",195,"D",.,"A",.,"A",.,"A",.,"A",.,"A",.,"A",.,"A",.,"A"
"20115",2241085,29,0,"1",.,"A",.,"A",.,"A",.,"A",.,"A",.,"A",.,"A",.,"A",.,"A",.,"A",.,"A",.,"A",.,"A",.,"A",.,"A"
"20115",2241095,66,0,"1",.,"A",.,"A",.,"A",.,"A",.,"A",.,"A",.,"A",.,"A",.,"A",.,"A",.,"A",.,"A",80,"D",.,"A",.,"A"
"20115",2241105,32,0,"1",.,"A",.,"A",.,"A",.,"A",.,"A",.,"A",.,"A",.,"A",.,"A",.,"A",.,"A",.,"A",60,"D",.,"A",.,"A"
"20115",2241114,66,0,"1",.,"A",.,"A",.,"A",.,"A",.,"A",.,"A",.,"A",65,"D",.,"A",.,"A",.,"A",.,"A",.,"A",.,"A",.,"A"
"20115",2241135,40,0,"1",.,"A",.,"A",.,"A",.,"A",.,"A",.,"A",.,"A",.,"A",.,"A",.,"A",.,"A",.,"A",.,"A",.,"A",.,"A"
"20115",2241154,63,0,"1",.,"A",.,"A",.,"A",.,"A",.,"A",90,"D",.,"A",.,"A",.,"A",.,"A",.,"A",.,"A",50,"D",.,"A",.,"A"
"20115",2241185,40,0,"1",.,"A",.,"A",.,"A",.,"A",.,"A",.,"A",.,"A",.,"A",.,"A",.,"A",.,"A",.,"A",.,"A",.,"A",.,"A"
"20115",2241235,39,0,"1",.,"A",.,"A",.,"A",.,"A",.,"A",.,"A",260,"D",.,"A",.,"A",.,"A",.,"A",.,"A",11,"D",.,"A",.,"A"
"20115",2241254,46,0,"1",.,"A",.,"A",.,"A",.,"A",.,"A",.,"A",780,"D",.,"A",.,"A",.,"A",.,"A",.,"A",30,"D",.,"A",.,"A"
"20115",2241295,29,0,"1",.,"A",.,"A",.,"A",.,"A",120,"D",.,"A",.,"A",.,"A",.,"A",.,"A",.,"A",.,"A",.,"A",.,"A",.,"A"
"20115",2241314,39,0,"1",.,"A",.,"A",.,"A",.,"A",.,"A",.,"A",.,"A",.,"A",.,"A",.,"A",.,"A",.,"A",.,"A",.,"A",.,"A"
"20115",2241325,33,0,"1",2,"D",.,"A",.,"A",.,"A",9,"D",25,"D",.,"A",.,"A",.,"A",.,"A",.,"A",.,"A",.,"A",.,"A",.,"A"
"20115",2241335,79,0,"1",.,"A",.,"A",.,"A",.,"A",.,"A",30,"D",.,"A",.,"A",.,"A",.,"A",.,"A",.,"A",100,"D",.,"A",.,"A"
"20115",2241365,31,0,"1",40,"D",.,"A",.,"A",.,"A",80,"D",.,"A",.,"A",.,"A",.,"A",.,"A",.,"A",.,"A",.,"A",.,"A",.,"A"
"20115",2241395,113,0,"1",.,"A",.,"A",.,"A",.,"A",.,"A",.,"A",.,"A",.,"A",.,"A",.,"A",.,"A",.,"A",88,"D",.,"A",.,"A"
"20115",2241435,37,0,"1",.,"A",.,"A",.,"A",.,"A",144,"D",.,"A",.,"A",.,"A",.,"A",.,"A",.,"A",.,"A",120,"D",.,"A",.,"A"
"20115",2241465,46,0,"1",.,"A",.,"A",.,"A",.,"A",.,"A",.,"A",.,"A",.,"A",.,"A",.,"A",.,"A",.,"A",.,"A",.,"A",.,"A"
"20115",2241474,31,0,"1",.,"A",.,"A",.,"A",.,"A",.,"A",225,"D",780,"D",.,"A",90,"D",.,"A",.,"A",.,"A",120,"D",.,"A",.,"A"
"20115",2241514,64,0,"1",.,"A",.,"A",.,"A",.,"A",.,"A",.,"A",.,"A",.,"A",.,"A",.,"A",.,"A",.,"A",.,"A",.,"A",.,"A"
"20115",2241535,29,0,"1",.,"A",.,"A",.,"A",.,"A",.,"A",.,"A",.,"A",.,"A",.,"A",.,"A",.,"A",.,"A",80,"D",.,"A",.,"A"
"20115",2241555,95,0,"1",.,"A",.,"A",.,"A",.,"A",.,"A",.,"A",.,"A",.,"A",.,"A",.,"A",.,"A",.,"A",.,"A",.,"A",.,"A"
"20115",2241575,49,0,"1",.,"A",.,"A",.,"A",.,"A",.,"A",.,"A",.,"A",.,"A",.,"A",.,"A",.,"A",.,"A",25,"D",.,"A",.,"A"
"20115",2241605,52,0,"1",.,"A",.,"A",.,"A",.,"A",.,"A",.,"A",390,"D",.,"A",.,"A",.,"A",.,"A",.,"A",145,"D",.,"A",.,"A"
"20115",2241635,60,0,"1",.,"A",.,"A",.,"A",.,"A",.,"A",.,"A",.,"A",.,"A",.,"A",.,"A",.,"A",.,"A",80,"D",.,"A",.,"A"
"20115",2241644,49,0,"1",.,"A",.,"A",.,"A",.,"A",.,"A",.,"A",.,"A",.,"A",.,"A",.,"A",.,"A",.,"A",135,"D",.,"A",.,"A"
"20115",2241664,34,0,"1",.,"A",.,"A",.,"A",.,"A",.,"A",20,"D",.,"A",.,"A",.,"A",.,"A",.,"A",.,"A",15,"D",.,"A",.,"A"
"20115",2241675,71,0,"1",.,"A",.,"A",.,"A",500,"D",.,"A",125,"D",.,"A",.,"A",.,"A",150,"D",0,"D",150,"D",300,"D",50,"D",.,"A"
"20115",2241685,58,0,"1",.,"A",.,"A",.,"A",.,"A",.,"A",.,"A",.,"A",.,"A",.,"A",.,"A",.,"A",.,"A",.,"A",.,"A",.,"A"
"20115",2241715,81,0,"1",.,"A",.,"A",.,"A",.,"A",120,"D",40,"D",.,"A",.,"A",180,"D",.,"A",.,"A",.,"A",650,"D",.,"A",.,"A"
"20115",2241735,67,0,"1",.,"A",.,"A",.,"A",.,"A",.,"A",.,"A",325,"D",.,"A",.,"A",.,"A",.,"A",.,"A",120,"D",.,"A",.,"A"
"20115",2241754,47,0,"1",.,"A",.,"A",.,"A",.,"A",.,"A",.,"A",.,"A",.,"A",.,"A",.,"A",.,"A",.,"A",150,"D",.,"A",.,"A"
"20115",2241765,69,0,"1",.,"A",.,"A",.,"A",.,"A",.,"A",.,"A",390,"D",.,"A",.,"A",.,"A",.,"A",.,"A",319,"D",.,"A",.,"A"
"20115",2241814,55,0,"1",.,"A",.,"A",.,"A",.,"A",.,"A",.,"A",.,"A",.,"A",.,"A",.,"A",.,"A",.,"A",420,"D",.,"A",.,"A"
"20115",2241835,53,0,"1",.,"A",.,"A",.,"A",.,"A",.,"A",10,"D",.,"A",.,"A",.,"A",.,"A",.,"A",.,"A",.,"A",.,"A",.,"A"
"20115",2241845,65,0,"1",.,"A",.,"A",.,"A",.,"A",.,"A",200,"D",.,"A",.,"A",15,"D",.,"A",.,"A",.,"A",300,"D",.,"A",.,"A"
"20115",2241904,65,0,"1",.,"A",.,"A",.,"A",.,"A",.,"A",.,"A",.,"A",.,"A",.,"A",.,"A",.,"A",.,"A",80,"D",.,"A",.,"A"
"20115",2241925,37,0,"1",.,"A",.,"A",.,"A",.,"A",.,"A",.,"A",.,"A",.,"A",.,"A",.,"A",.,"A",.,"A",100,"D",.,"A",.,"A"
"20115",2241945,30,0,"1",1,"D",.,"A",.,"A",.,"A",9,"D",10,"D",260,"D",39,"D",60,"D",0,"D",0,"D",60,"D",.,"A",0,"D",.,"A"
"20115",2241955,54,0,"1",.,"A",.,"A",.,"A",.,"A",.,"A",.,"A",.,"A",.,"A",.,"A",.,"A",.,"A",.,"A",30,"D",.,"A",.,"A"
"20115",2241995,48,0,"1",.,"A",.,"A",.,"A",.,"A",.,"A",.,"A",.,"A",.,"A",.,"A",.,"A",.,"A",.,"A",.,"A",.,"A",.,"A"
"20115",2242035,35,0,"1",.,"A",.,"A",.,"A",.,"A",.,"A",.,"A",.,"A",.,"A",.,"A",.,"A",.,"A",.,"A",.,"A",.,"A",.,"A"
"20115",2242054,48,0,"1",.,"A",.,"A",.,"A",.,"A",.,"A",.,"A",.,"A",.,"A",.,"A",.,"A",.,"A",.,"A",27,"D",.,"A",.,"A"
"20115",2242094,51,0,"1",.,"A",.,"A",.,"A",.,"A",.,"A",.,"A",.,"A",.,"A",.,"A",.,"A",.,"A",.,"A",.,"A",.,"A",.,"A"
"20115",2242155,34,0,"1",.,"A",.,"A",.,"A",.,"A",.,"A",.,"A",702,"D",.,"A",.,"A",.,"A",.,"A",.,"A",.,"A",.,"A",.,"A"
"20115",2242205,22,0,"1",.,"A",.,"A",.,"A",.,"A",.,"A",.,"A",.,"A",.,"A",.,"A",.,"A",.,"A",.,"A",.,"A",.,"A",.,"A"
"20115",2242245,58,0,"1",.,"A",.,"A",.,"A",.,"A",.,"A",.,"A",.,"A",.,"A",18,"D",.,"A",.,"A",.,"A",.,"A",.,"A",.,"A"
"20115",2242254,33,0,"1",.,"A",.,"A",.,"A",40,"D",.,"A",.,"A",975,"D",.,"A",.,"A",.,"A",.,"A",.,"A",60,"D",.,"A",.,"A"
"20115",2242275,66,0,"1",.,"A",.,"A",.,"A",.,"A",.,"A",.,"A",.,"A",.,"A",.,"A",15,"D",0,"D",0,"D",311,"D",5,"D",.,"A"
"20115",2242314,29,0,"1",.,"A",.,"A",.,"A",100,"D",100,"D",50,"D",.,"A",.,"A",.,"A",300,"D",144,"F",36,"F",100,"D",100,"D",.,"A"
"20115",2242324,61,0,"1",.,"A",.,"A",.,"A",.,"A",.,"A",.,"A",.,"A",.,"A",.,"A",.,"A",.,"A",.,"A",300,"D",.,"A",.,"A"
"20115",2242345,81,0,"1",.,"A",.,"A",.,"A",.,"A",.,"A",.,"A",.,"A",.,"A",.,"A",.,"A",.,"A",.,"A",30,"D",.,"A",.,"A"
"20115",2242355,43,0,"1",.,"A",.,"A",.,"A",.,"A",.,"A",.,"A",.,"A",.,"A",.,"A",.,"A",.,"A",.,"A",.,"A",.,"A",.,"A"
"20115",2242384,35,0,"1",.,"A",.,"A",.,"A",.,"A",20,"D",.,"A",.,"A",.,"A",90,"D",.,"A",.,"A",.,"A",25,"D",.,"A",.,"A"
"20115",2242394,51,0,"1",.,"A",.,"A",.,"A",.,"A",.,"A",.,"A",260,"D",.,"A",.,"A",.,"A",.,"A",.,"A",40,"D",.,"A",.,"A"
"20115",2242414,52,0,"1",.,"A",.,"A",.,"A",.,"A",.,"A",300,"D",.,"A",.,"A",.,"A",.,"A",.,"A",.,"A",350,"D",.,"A",.,"A"
"20115",2242434,67,0,"1",.,"A",.,"A",.,"A",.,"A",.,"A",.,"A",.,"A",.,"A",.,"A",.,"A",.,"A",.,"A",25,"D",.,"A",.,"A"
"20115",2242455,48,0,"1",.,"A",.,"A",.,"A",.,"A",.,"A",.,"A",.,"A",.,"A",.,"A",.,"A",.,"A",.,"A",.,"A",.,"A",.,"A"
"20115",2242485,28,0,"1",.,"A",.,"A",.,"A",.,"A",20,"D",.,"A",.,"A",.,"A",.,"A",600,"D",0,"D",0,"D",20,"D",200,"D",.,"A"
"20115",2242514,79,0,"1",.,"A",.,"A",.,"A",.,"A",.,"A",.,"A",650,"D",.,"A",.,"A",.,"A",.,"A",.,"A",20,"D",.,"A",.,"A"
"20115",2242544,36,0,"1",.,"A",.,"A",.,"A",.,"A",.,"A",.,"A",.,"A",.,"A",.,"A",.,"A",.,"A",.,"A",.,"A",.,"A",.,"A"
"20115",2242554,45,0,"1",.,"A",.,"A",.,"A",.,"A",.,"A",.,"A",338,"D",.,"A",.,"A",.,"A",.,"A",.,"A",240,"D",.,"A",.,"A"
"20115",2242585,47,0,"1",.,"A",.,"A",.,"A",.,"A",.,"A",.,"A",.,"A",.,"A",.,"A",.,"A",.,"A",.,"A",20,"D",.,"A",.,"A"
"20115",2242595,47,0,"1",.,"A",.,"A",.,"A",.,"A",.,"A",.,"A",.,"A",.,"A",.,"A",.,"A",.,"A",.,"A",65,"D",.,"A",.,"A"
"20115",2242605,81,0,"1",.,"A",.,"A",.,"A",.,"A",.,"A",.,"A",.,"A",.,"A",.,"A",.,"A",.,"A",.,"A",80,"D",.,"A",.,"A"
"20115",2242614,46,0,"1",.,"A",.,"A",.,"A",.,"A",.,"A",.,"A",.,"A",.,"A",.,"A",.,"A",.,"A",.,"A",80,"D",.,"A",.,"A"
"20115",2242624,75,0,"1",.,"A",.,"A",.,"A",.,"A",.,"A",.,"A",.,"A",.,"A",.,"A",.,"A",.,"A",.,"A",100,"D",.,"A",.,"A"
"20115",2242634,46,0,"1",.,"A",.,"A",.,"A",.,"A",.,"A",.,"A",.,"A",.,"A",.,"A",.,"A",.,"A",.,"A",30,"D",.,"A",.,"A"
"20115",2242674,31,0,"1",.,"A",.,"A",.,"A",.,"A",.,"A",.,"A",130,"D",.,"A",.,"A",.,"A",.,"A",.,"A",.,"A",.,"A",.,"A"
"20115",2242694,41,0,"1",.,"A",.,"A",.,"A",.,"A",.,"A",.,"A",.,"A",.,"A",.,"A",.,"A",.,"A",.,"A",.,"A",.,"A",.,"A"
"20115",2242714,43,0,"1",.,"A",.,"A",.,"A",.,"A",.,"A",.,"A",.,"A",.,"A",.,"A",.,"A",.,"A",.,"A",.,"A",.,"A",.,"A"
"20115",2242734,62,0,"1",.,"A",.,"A",.,"A",.,"A",.,"A",25,"D",.,"A",.,"A",.,"A",.,"A",.,"A",.,"A",90,"D",.,"A",.,"A"
"20115",2242794,35,0,"1",.,"A",.,"A",.,"A",.,"A",40,"D",.,"A",.,"A",.,"A",.,"A",.,"A",.,"A",.,"A",.,"A",.,"A",.,"A"
"20115",2242814,82,0,"1",20,"D",.,"A",42,"D",.,"A",0,"D",35,"D",.,"A",.,"A",45,"D",.,"A",.,"A",.,"A",505,"D",.,"A",.,"A"
"20115",2242825,45,0,"1",.,"A",.,"A",.,"A",.,"A",.,"A",.,"A",.,"A",.,"A",.,"A",.,"A",.,"A",.,"A",15,"D",.,"A",.,"A"
"20115",2242854,45,0,"1",.,"A",.,"A",.,"A",.,"A",.,"A",.,"A",.,"A",.,"A",6,"D",.,"A",.,"A",.,"A",.,"A",.,"A",.,"A"
"20115",2242865,66,0,"1",.,"A",25,"D",.,"A",.,"A",.,"A",0,"D",.,"A",.,"A",.,"A",.,"A",.,"A",.,"A",.,"A",.,"A",.,"A"
"20115",2242884,57,0,"1",.,"A",.,"A",.,"A",.,"A",.,"A",.,"A",.,"A",195,"D",.,"A",.,"A",.,"A",.,"A",60,"D",.,"A",.,"A"
"20115",2242954,47,0,"1",.,"A",.,"A",.,"A",.,"A",.,"A",.,"A",520,"D",.,"A",.,"A",.,"A",.,"A",.,"A",.,"A",.,"A",.,"A"
"20115",2242965,38,0,"1",.,"A",.,"A",.,"A",.,"A",120,"D",.,"A",.,"A",.,"A",.,"A",.,"A",.,"A",.,"A",60,"D",.,"A",.,"A"
"20115",2242994,46,0,"1",.,"A",.,"A",30,"D",.,"A",.,"A",.,"A",520,"D",.,"A",.,"A",.,"A",.,"A",.,"A",12,"D",.,"A",.,"A"
"20115",2243014,92,0,"1",.,"A",.,"A",30,"D",.,"A",.,"A",90,"D",.,"A",.,"A",.,"A",.,"A",.,"A",.,"A",300,"D",.,"A",.,"A"
"20115",2243024,42,0,"1",.,"A",.,"A",.,"A",.,"A",.,"A",.,"A",.,"A",.,"A",.,"A",.,"A",.,"A",.,"A",.,"A",.,"A",.,"A"
"20115",2243035,44,0,"1",.,"A",.,"A",.,"A",.,"A",.,"A",.,"A",234,"D",.,"A",.,"A",.,"A",.,"A",.,"A",.,"A",.,"A",.,"A"
"20115",2243045,52,0,"1",.,"A",.,"A",.,"A",.,"A",.,"A",.,"A",.,"A",.,"A",.,"A",.,"A",.,"A",.,"A",.,"A",.,"A",.,"A"
"20115",2243084,45,0,"1",.,"A",.,"A",.,"A",.,"A",.,"A",.,"A",.,"A",.,"A",.,"A",.,"A",.,"A",.,"A",150,"D",.,"A",.,"A"
"20115",2243105,29,0,"1",.,"A",.,"A",.,"A",.,"A",.,"A",.,"A",.,"A",.,"A",.,"A",.,"A",.,"A",.,"A",.,"A",.,"A",.,"A"
"20115",2243125,76,0,"1",.,"A",.,"A",.,"A",.,"A",.,"A",320,"D",.,"A",.,"A",.,"A",.,"A",.,"A",.,"A",50,"F",.,"A",.,"A"
"20115",2243175,46,0,"1",.,"A",.,"A",.,"A",.,"A",.,"A",30,"D",.,"A",.,"A",.,"A",.,"A",.,"A",.,"A",30,"D",.,"A",.,"A"
"20115",2243195,49,0,"1",.,"A",.,"A",.,"A",.,"A",.,"A",.,"A",.,"A",.,"A",.,"A",.,"A",.,"A",.,"A",60,"D",.,"A",.,"A"
"20115",2243205,62,0,"1",.,"A",.,"A",.,"A",.,"A",.,"A",.,"A",.,"A",.,"A",.,"A",.,"A",.,"A",.,"A",200,"D",.,"A",.,"A"
"20115",2243215,72,0,"1",.,"A",.,"A",.,"A",.,"A",.,"A",75,"D",.,"A",.,"A",.,"A",.,"A",.,"A",.,"A",240,"D",.,"A",.,"A"
"20115",2243234,57,0,"1",.,"A",.,"A",.,"A",.,"A",.,"A",200,"D",.,"A",.,"A",.,"A",.,"A",.,"A",.,"A",80,"D",.,"A",.,"A"
"20115",2243244,34,0,"1",.,"A",.,"A",.,"A",.,"A",.,"A",.,"A",.,"A",.,"A",.,"A",.,"A",.,"A",.,"A",120,"D",.,"A",.,"A"
"20115",2243255,64,0,"1",.,"A",.,"A",.,"A",.,"A",.,"A",26,"D",.,"A",.,"A",.,"A",.,"A",.,"A",.,"A",140,"D",.,"A",.,"A"
"20115",2243295,88,0,"1",.,"A",.,"A",.,"A",.,"A",.,"A",.,"A",.,"A",.,"A",558,"D",.,"A",.,"A",.,"A",75,"D",.,"A",.,"A"
"20115",2243315,38,0,"1",.,"A",.,"A",.,"A",20,"D",.,"A",.,"A",.,"A",.,"A",.,"A",.,"A",.,"A",.,"A",.,"A",.,"A",.,"A"
"20115",2243354,33,0,"1",.,"A",.,"A",.,"A",.,"A",.,"A",.,"A",.,"A",.,"A",.,"A",.,"A",.,"A",.,"A",.,"A",.,"A",.,"A"
"20115",2243365,36,0,"1",60,"D",.,"A",.,"A",.,"A",60,"D",.,"A",.,"A",.,"A",.,"A",267,"D",0,"D",0,"D",45,"D",89,"D",.,"A"
"20115",2243384,49,0,"1",.,"A",.,"A",.,"A",.,"A",.,"A",96,"D",.,"A",.,"A",.,"A",.,"A",.,"A",.,"A",42,"D",.,"A",.,"A"
"20115",2243395,37,0,"1",.,"A",.,"A",.,"A",.,"A",.,"A",.,"A",.,"A",.,"A",.,"A",.,"A",.,"A",.,"A",.,"A",.,"A",.,"A"
"20115",2243415,64,0,"1",.,"A",.,"A",.,"A",.,"A",.,"A",.,"A",.,"A",.,"A",.,"A",.,"A",.,"A",.,"A",120,"D",.,"A",.,"A"
"20115",2243434,40,0,"1",.,"A",.,"A",.,"A",480,"D",.,"A",120,"D",.,"A",.,"A",.,"A",240,"D",0,"D",0,"D",200,"D",80,"D",.,"A"
"20115",2243464,86,0,"1",.,"A",.,"A",.,"A",.,"A",.,"A",.,"A",.,"A",.,"A",.,"A",.,"A",.,"A",.,"A",40,"D",.,"A",.,"A"
"20115",2243475,57,0,"1",.,"A",.,"A",.,"A",.,"A",.,"A",65,"D",.,"A",.,"A",.,"A",.,"A",.,"A",.,"A",.,"A",.,"A",.,"A"
"20115",2243494,52,0,"1",.,"A",.,"A",.,"A",.,"A",.,"A",.,"A",.,"A",.,"A",.,"A",.,"A",.,"A",.,"A",28,"D",.,"A",.,"A"
"20115",2243505,39,0,"1",.,"A",.,"A",.,"A",.,"A",.,"A",.,"A",.,"A",.,"A",.,"A",.,"A",.,"A",.,"A",.,"A",.,"A",.,"A"
"20115",2243535,27,0,"1",.,"A",.,"A",.,"A",40,"D",240,"D",.,"A",.,"A",.,"A",.,"A",195,"D",90,"D",54,"D",40,"D",65,"D",.,"A"
"20115",2243554,71,0,"1",.,"A",.,"A",.,"A",.,"A",.,"A",.,"A",.,"A",.,"A",.,"A",.,"A",.,"A",.,"A",150,"D",.,"A",.,"A"
"20115",2243634,34,0,"1",.,"A",.,"A",.,"A",.,"A",.,"A",.,"A",.,"A",.,"A",.,"A",.,"A",.,"A",.,"A",25,"D",.,"A",.,"A"
"20115",2243644,102,0,"1",.,"A",.,"A",.,"A",.,"A",.,"A",.,"A",390,"D",.,"A",.,"A",.,"A",.,"A",.,"A",120,"D",.,"A",.,"A"
"20115",2243725,120,0,"1",.,"A",.,"A",.,"A",.,"A",.,"A",186,"D",.,"A",.,"A",.,"A",.,"A",.,"A",.,"A",462,"D",.,"A",.,"A"
"20115",2243775,51,0,"1",.,"A",.,"A",.,"A",.,"A",.,"A",30,"D",.,"A",.,"A",36,"D",.,"A",.,"A",.,"A",60,"D",.,"A",.,"A"
"20115",2243795,63,0,"1",.,"A",.,"A",.,"A",.,"A",.,"A",.,"A",.,"A",.,"A",.,"A",.,"A",.,"A",.,"A",10,"D",.,"A",.,"A"
"20115",2243805,59,0,"1",.,"A",.,"A",.,"A",.,"A",.,"A",.,"A",.,"A",.,"A",.,"A",.,"A",.,"A",.,"A",25,"D",.,"A",.,"A"
"20115",2243824,60,0,"1",.,"A",.,"A",.,"A",.,"A",.,"A",24,"D",.,"A",.,"A",.,"A",.,"A",.,"A",.,"A",100,"D",.,"A",.,"A"
"20115",2243845,73,0,"1",.,"A",.,"A",.,"A",.,"A",.,"A",.,"A",.,"A",.,"A",.,"A",.,"A",.,"A",.,"A",.,"A",.,"A",.,"A"
"20115",2243865,79,0,"1",.,"A",.,"A",.,"A",.,"A",.,"A",.,"A",.,"A",.,"A",.,"A",.,"A",.,"A",.,"A",230,"D",.,"A",.,"A"
"20115",2243875,74,0,"1",.,"A",.,"A",.,"A",60,"D",.,"A",.,"A",.,"A",.,"A",.,"A",.,"A",.,"A",.,"A",155,"D",.,"A",.,"A"
"20115",2243905,74,0,"1",.,"A",.,"A",.,"A",.,"A",.,"A",.,"A",195,"D",.,"A",.,"A",.,"A",.,"A",.,"A",.,"A",.,"A",.,"A"
"20115",2243915,54,0,"1",.,"A",.,"A",.,"A",.,"A",.,"A",.,"A",.,"A",.,"A",.,"A",.,"A",.,"A",.,"A",.,"A",.,"A",.,"A"
"20115",2243944,40,0,"1",.,"A",.,"A",.,"A",.,"A",60,"D",.,"A",.,"A",.,"A",.,"A",0,"D",0,"D",60,"D",.,"A",0,"D",.,"A"
"20115",2243954,52,0,"1",.,"A",.,"A",.,"A",.,"A",.,"A",80,"D",.,"A",.,"A",.,"A",.,"A",.,"A",.,"A",225,"D",.,"A",.,"A"
"20115",2244005,39,0,"1",.,"A",.,"A",.,"A",.,"A",.,"A",40,"F",.,"A",.,"A",.,"A",.,"A",.,"A",.,"A",415,"F",.,"A",.,"A"
"20115",2244015,63,0,"1",.,"A",.,"A",.,"A",.,"A",.,"A",.,"A",.,"A",.,"A",9,"D",.,"A",.,"A",.,"A",37,"D",.,"A",.,"A"
"20115",2244025,49,0,"1",.,"A",.,"A",.,"A",.,"A",.,"A",.,"A",.,"A",.,"A",.,"A",.,"A",.,"A",.,"A",50,"D",.,"A",.,"A"
"20115",2244045,49,0,"1",.,"A",.,"A",.,"A",.,"A",.,"A",.,"A",91,"D",.,"A",9,"D",.,"A",.,"A",.,"A",.,"A",.,"A",.,"A"
"20115",2244074,52,0,"1",.,"A",.,"A",.,"A",.,"A",.,"A",.,"A",.,"A",.,"A",.,"A",.,"A",.,"A",.,"A",.,"A",.,"A",.,"A"
"20115",2244165,58,0,"1",.,"A",.,"A",.,"A",.,"A",.,"A",.,"A",.,"A",.,"A",.,"A",.,"A",.,"A",.,"A",60,"D",.,"A",.,"A"
"20115",2244214,50,0,"1",.,"A",.,"A",.,"A",.,"A",.,"A",.,"A",.,"A",.,"A",.,"A",.,"A",.,"A",.,"A",.,"A",.,"A",.,"A"
"20115",2244245,53,0,"1",.,"A",.,"A",.,"A",.,"A",.,"A",.,"A",.,"A",.,"A",.,"A",.,"A",.,"A",.,"A",140,"D",.,"A",.,"A"
"20115",2244304,78,0,"1",.,"A",.,"A",.,"A",.,"A",.,"A",.,"A",.,"A",.,"A",.,"A",.,"A",.,"A",.,"A",100,"D",.,"A",.,"A"
"20115",2244314,31,0,"1",.,"A",.,"A",.,"A",.,"A",.,"A",.,"A",975,"D",.,"A",.,"A",.,"A",.,"A",.,"A",.,"A",.,"A",.,"A"
"20115",2244335,65,0,"1",.,"A",.,"A",.,"A",.,"A",.,"A",.,"A",.,"A",.,"A",.,"A",.,"A",.,"A",.,"A",180,"D",.,"A",.,"A"
"20115",2244345,23,0,"1",.,"A",.,"A",.,"A",.,"A",.,"A",.,"A",.,"A",.,"A",.,"A",.,"A",.,"A",.,"A",.,"A",.,"A",.,"A"
"20115",2244365,71,0,"1",.,"A",.,"A",.,"A",.,"A",.,"A",.,"A",.,"A",.,"A",30,"D",75,"D",0,"D",0,"D",85,"D",25,"D",.,"A"
"20115",2244375,88,0,"1",.,"A",.,"A",.,"A",.,"A",.,"A",.,"A",.,"A",.,"A",.,"A",.,"A",.,"A",.,"A",50,"D",.,"A",.,"A"
"20115",2244384,46,0,"1",.,"A",.,"A",.,"A",.,"A",.,"A",.,"A",.,"A",.,"A",.,"A",.,"A",.,"A",.,"A",120,"D",.,"A",.,"A"
"20115",2244395,41,0,"1",.,"A",.,"A",.,"A",.,"A",.,"A",.,"A",.,"A",.,"A",.,"A",.,"A",.,"A",.,"A",100,"D",.,"A",.,"A"
"20115",2244404,48,0,"1",.,"A",.,"A",.,"A",.,"A",.,"A",12,"D",.,"A",.,"A",.,"A",.,"A",.,"A",.,"A",35,"D",.,"A",.,"A"
"20115",2244425,113,0,"1",.,"A",.,"A",.,"A",.,"A",.,"A",30,"D",.,"A",.,"A",18,"D",0,"D",0,"D",30,"D",25,"D",0,"D",.,"A"
"20115",2244444,30,0,"1",.,"A",.,"A",.,"A",100,"D",30,"D",.,"A",.,"A",.,"A",.,"A",0,"D",0,"D",60,"D",.,"A",0,"D",.,"A"
"20115",2244495,36,0,"1",.,"A",.,"A",.,"A",.,"A",.,"A",.,"A",.,"A",.,"A",.,"A",.,"A",.,"A",.,"A",.,"A",.,"A",.,"A"
"20115",2244535,43,0,"1",.,"A",.,"A",.,"A",.,"A",.,"A",.,"A",.,"A",.,"A",.,"A",.,"A",.,"A",.,"A",.,"A",.,"A",.,"A"
"20115",2244574,39,0,"1",.,"A",.,"A",.,"A",.,"A",.,"A",.,"A",.,"A",.,"A",.,"A",.,"A",.,"A",.,"A",.,"A",.,"A",.,"A"
"20115",2244585,82,0,"1",.,"A",.,"A",.,"A",.,"A",.,"A",45,"D",.,"A",.,"A",.,"A",.,"A",.,"A",.,"A",90,"D",.,"A",.,"A"
"20115",2244605,73,0,"1",.,"A",.,"A",.,"A",.,"A",.,"A",90,"D",.,"A",169,"D",.,"A",.,"A",.,"A",.,"A",54,"D",.,"A",.,"A"
"20115",2244624,40,0,"1",.,"A",.,"A",.,"A",.,"A",.,"A",.,"A",.,"A",.,"A",.,"A",.,"A",.,"A",.,"A",100,"D",.,"A",.,"A"
"20115",2244645,43,0,"1",.,"A",.,"A",.,"A",.,"A",.,"A",.,"A",.,"A",.,"A",.,"A",.,"A",.,"A",.,"A",.,"A",.,"A",.,"A"
"20115",2244684,56,0,"1",.,"A",.,"A",.,"A",.,"A",.,"A",.,"A",1300,"D",.,"A",.,"A",.,"A",.,"A",.,"A",.,"A",.,"A",.,"A"
"20115",2244715,35,0,"1",.,"A",.,"A",.,"A",.,"A",50,"D",.,"A",.,"A",.,"A",.,"A",.,"A",.,"A",.,"A",50,"D",.,"A",.,"A"
"20115",2244744,37,0,"1",.,"A",.,"A",.,"A",.,"A",.,"A",.,"A",65,"D",.,"A",.,"A",.,"A",.,"A",.,"A",.,"A",.,"A",.,"A"
"20115",2244755,50,0,"1",.,"A",.,"A",.,"A",.,"A",.,"A",.,"A",.,"A",.,"A",.,"A",.,"A",.,"A",.,"A",300,"D",.,"A",.,"A"
"20115",2244764,47,0,"1",.,"A",.,"A",.,"A",.,"A",.,"A",60,"D",.,"A",.,"A",15,"D",270,"D",0,"D",0,"D",190,"D",90,"D",.,"A"
"20115",2244784,35,0,"1",.,"A",.,"A",.,"A",.,"A",60,"D",.,"A",390,"D",.,"A",.,"A",.,"A",.,"A",.,"A",40,"D",.,"A",.,"A"
"20115",2244794,86,0,"1",.,"A",24,"D",.,"A",.,"A",20,"D",54,"D",.,"A",.,"A",36,"D",.,"A",.,"A",.,"A",20,"D",.,"A",.,"A"
"20115",2244804,37,0,"1",.,"A",.,"A",.,"A",20,"D",.,"A",.,"A",.,"A",.,"A",15,"D",.,"A",.,"A",.,"A",.,"A",.,"A",.,"A"
"20115",2244815,49,0,"1",.,"A",.,"A",.,"A",.,"A",.,"A",.,"A",390,"D",.,"A",.,"A",.,"A",.,"A",.,"A",50,"D",.,"A",.,"A"
"20115",2244825,46,0,"1",.,"A",.,"A",.,"A",.,"A",.,"A",.,"A",.,"A",.,"A",.,"A",.,"A",.,"A",.,"A",50,"D",.,"A",.,"A"
"20115",2244844,43,0,"1",.,"A",.,"A",.,"A",.,"A",.,"A",.,"A",325,"D",.,"A",.,"A",.,"A",.,"A",.,"A",.,"A",.,"A",.,"A"
"20115",2244865,29,0,"1",.,"A",.,"A",.,"A",.,"A",.,"A",.,"A",.,"A",.,"A",.,"A",.,"A",.,"A",.,"A",.,"A",.,"A",.,"A"
"20115",2244875,49,0,"1",.,"A",.,"A",.,"A",.,"A",.,"A",.,"A",.,"A",.,"A",.,"A",.,"A",.,"A",.,"A",90,"D",.,"A",.,"A"
"20115",2244884,43,0,"1",.,"A",.,"A",.,"A",.,"A",.,"A",.,"A",325,"D",.,"A",.,"A",.,"A",.,"A",.,"A",240,"D",.,"A",.,"A"
"20115",2244904,22,0,"1",.,"A",.,"A",.,"A",.,"A",.,"A",.,"A",.,"A",.,"A",.,"A",.,"A",.,"A",.,"A",.,"A",.,"A",.,"A"
"20115",2244925,42,0,"1",.,"A",.,"A",.,"A",.,"A",.,"A",.,"A",.,"A",.,"A",.,"A",.,"A",.,"A",.,"A",80,"D",.,"A",.,"A"
"20115",2244934,111,0,"1",.,"A",.,"A",.,"A",.,"A",.,"A",.,"A",.,"A",.,"A",.,"A",.,"A",.,"A",.,"A",70,"D",.,"A",.,"A"
"20115",2244995,39,0,"1",.,"A",.,"A",.,"A",.,"A",150,"D",.,"A",.,"A",.,"A",.,"A",.,"A",.,"A",.,"A",69,"D",.,"A",.,"A"
"20115",2245004,93,0,"1",.,"A",.,"A",.,"A",44,"D",.,"A",140,"D",.,"A",.,"A",12,"D",.,"A",.,"A",.,"A",180,"D",.,"A",.,"A"
"20115",2245014,35,0,"1",.,"A",.,"A",.,"A",.,"A",.,"A",.,"A",.,"A",.,"A",.,"A",.,"A",.,"A",.,"A",.,"A",.,"A",.,"A"
"20115",2245074,35,0,"1",.,"A",.,"A",.,"A",.,"A",.,"A",.,"A",260,"D",.,"A",.,"A",.,"A",.,"A",.,"A",45,"D",.,"A",.,"A"
"20115",2245104,58,0,"1",.,"A",.,"A",.,"A",.,"A",.,"A",.,"A",325,"F",.,"A",.,"A",.,"A",.,"A",.,"A",15,"D",.,"A",.,"A"
"20115",2245255,51,0,"1",.,"A",.,"A",.,"A",.,"A",.,"A",.,"A",.,"A",.,"A",.,"A",.,"A",.,"A",.,"A",.,"A",.,"A",.,"A"
"20115",2245295,49,0,"1",.,"A",.,"A",.,"A",.,"A",20,"D",.,"A",585,"F",.,"A",.,"A",.,"A",.,"A",.,"A",50,"D",.,"A",.,"A"
"20115",2245324,39,0,"1",.,"A",.,"A",.,"A",.,"A",.,"A",.,"A",.,"A",.,"A",.,"A",.,"A",.,"A",.,"A",.,"A",.,"A",.,"A"
"20115",2245344,44,0,"1",.,"A",.,"A",.,"A",.,"A",.,"A",.,"A",.,"A",.,"A",.,"A",.,"A",.,"A",.,"A",.,"A",.,"A",.,"A"
"20115",2245354,74,0,"1",.,"A",.,"A",.,"A",.,"A",.,"A",.,"A",130,"D",.,"A",.,"A",.,"A",.,"A",.,"A",120,"D",.,"A",.,"A"
"20115",2245394,38,0,"1",.,"A",.,"A",.,"A",.,"A",.,"A",.,"A",.,"A",.,"A",.,"A",.,"A",.,"A",.,"A",250,"D",.,"A",.,"A"
"20115",2245505,47,0,"1",.,"A",.,"A",.,"A",.,"A",.,"A",.,"A",156,"D",.,"A",.,"A",.,"A",.,"A",.,"A",.,"A",.,"A",.,"A"
"20115",2245515,53,0,"1",.,"A",.,"A",.,"A",.,"A",.,"A",.,"A",650,"D",.,"A",.,"A",.,"A",.,"A",.,"A",.,"A",.,"A",.,"A"
"20115",2245534,25,0,"1",.,"A",.,"A",.,"A",.,"A",.,"A",.,"A",.,"A",.,"A",.,"A",.,"A",.,"A",.,"A",.,"A",.,"A",.,"A"
"20115",2245564,55,0,"1",.,"A",.,"A",.,"A",.,"A",.,"A",.,"A",.,"A",.,"A",.,"A",.,"A",.,"A",.,"A",180,"D",.,"A",.,"A"
"20115",2245585,48,0,"1",.,"A",.,"A",.,"A",.,"A",.,"A",.,"A",.,"A",.,"A",.,"A",.,"A",.,"A",.,"A",300,"D",.,"A",.,"A"
"20115",2245594,35,0,"1",.,"A",.,"A",.,"A",.,"A",.,"A",.,"A",.,"A",.,"A",.,"A",.,"A",.,"A",.,"A",.,"A",.,"A",.,"A"
"20115",2245615,41,0,"1",.,"A",.,"A",.,"A",.,"A",.,"A",.,"A",260,"D",.,"A",.,"A",.,"A",.,"A",.,"A",.,"A",.,"A",.,"A"
"20115",2245644,71,0,"1",.,"A",.,"A",.,"A",.,"A",.,"A",.,"A",.,"A",.,"A",24,"D",.,"A",.,"A",.,"A",.,"A",.,"A",.,"A"
"20115",2245654,46,0,"1",.,"A",.,"A",.,"A",.,"A",.,"A",.,"A",.,"A",.,"A",.,"A",.,"A",.,"A",.,"A",.,"A",.,"A",.,"A"
"20115",2245704,37,0,"1",.,"A",.,"A",.,"A",.,"A",.,"A",.,"A",.,"A",.,"A",.,"A",.,"A",.,"A",.,"A",20,"D",.,"A",.,"A"
"20115",2245715,61,0,"1",.,"A",.,"A",80,"D",.,"A",.,"A",14,"D",.,"A",.,"A",.,"A",.,"A",.,"A",.,"A",35,"D",.,"A",.,"A"
"20115",2245725,33,0,"1",.,"A",.,"A",.,"A",.,"A",.,"A",.,"A",.,"A",.,"A",.,"A",.,"A",.,"A",.,"A",.,"A",.,"A",.,"A"
"20115",2245745,34,0,"1",10,"D",.,"A",.,"A",.,"A",56,"D",.,"A",.,"A",.,"A",.,"A",144,"D",0,"D",72,"D",28,"D",48,"D",.,"A"
"20115",2245765,32,0,"1",.,"A",.,"A",.,"A",.,"A",.,"A",.,"A",.,"A",.,"A",.,"A",.,"A",.,"A",.,"A",.,"A",.,"A",.,"A"
"20115",2245805,56,0,"1",.,"A",.,"A",.,"A",.,"A",.,"A",.,"A",.,"A",.,"A",.,"A",.,"A",.,"A",.,"A",.,"A",.,"A",.,"A"
"20115",2245835,45,0,"1",.,"A",.,"A",.,"A",.,"A",.,"A",.,"A",.,"A",.,"A",.,"A",.,"A",.,"A",.,"A",60,"D",.,"A",.,"A"
"20115",2245854,42,0,"1",.,"A",.,"A",.,"A",.,"A",.,"A",.,"A",.,"A",.,"A",.,"A",.,"A",.,"A",.,"A",100,"D",.,"A",.,"A"
"20115",2245875,38,0,"1",.,"A",.,"A",.,"A",.,"A",.,"A",.,"A",.,"A",.,"A",.,"A",0,"D",0,"D",60,"F",.,"A",0,"D",.,"A"
"20115",2245885,93,0,"1",.,"A",.,"A",.,"A",.,"A",.,"A",.,"A",.,"A",.,"A",.,"A",.,"A",.,"A",.,"A",25,"D",.,"A",.,"A"
"20115",2245944,56,0,"1",.,"A",.,"A",.,"A",.,"A",.,"A",.,"A",.,"A",.,"A",.,"A",.,"A",.,"A",.,"A",.,"A",.,"A",.,"A"
"20115",2245985,24,0,"1",.,"A",.,"A",.,"A",.,"A",.,"A",.,"A",.,"A",.,"A",.,"A",.,"A",.,"A",.,"A",.,"A",.,"A",.,"A"
"20115",2246044,43,0,"1",.,"A",.,"A",.,"A",.,"A",.,"A",.,"A",.,"A",.,"A",.,"A",.,"A",.,"A",.,"A",.,"A",.,"A",.,"A"
"20115",2246055,40,0,"1",.,"A",.,"A",.,"A",.,"A",.,"A",.,"A",.,"A",.,"A",.,"A",.,"A",.,"A",.,"A",.,"A",.,"A",.,"A"
"20115",2246095,65,0,"1",.,"A",.,"A",.,"A",.,"A",.,"A",.,"A",.,"A",.,"A",.,"A",.,"A",.,"A",.,"A",150,"D",.,"A",.,"A"
"20115",2246125,35,0,"1",.,"A",.,"A",.,"A",.,"A",.,"A",.,"A",143,"D",.,"A",.,"A",.,"A",.,"A",.,"A",200,"D",.,"A",.,"A"
"20115",2246134,48,0,"1",.,"A",.,"A",.,"A",.,"A",.,"A",.,"A",.,"A",.,"A",.,"A",.,"A",.,"A",.,"A",18,"D",.,"A",.,"A"
"20115",2246145,54,0,"1",.,"A",.,"A",.,"A",.,"A",.,"A",.,"A",.,"A",.,"A",.,"A",.,"A",.,"A",.,"A",40,"D",.,"A",.,"A"
"20115",2246164,29,0,"1",.,"A",.,"A",.,"A",80,"D",24,"D",.,"A",.,"A",.,"A",.,"A",.,"A",.,"A",.,"A",12,"D",.,"A",.,"A"
"20115",2246174,46,0,"1",.,"A",.,"A",.,"A",.,"A",.,"A",.,"A",.,"A",.,"A",.,"A",.,"A",.,"A",.,"A",100,"D",.,"A",.,"A"
"20115",2246194,26,0,"1",.,"A",.,"A",.,"A",.,"A",.,"A",.,"A",.,"A",.,"A",12,"D",225,"D",0,"D",0,"D",.,"A",75,"D",.,"A"
"20115",2246224,30,0,"1",5,"D",.,"A",.,"A",.,"A",15,"D",.,"A",91,"D",.,"A",.,"A",.,"A",.,"A",.,"A",.,"A",.,"A",.,"A"
"20115",2246245,82,0,"1",.,"A",.,"A",.,"A",.,"A",.,"A",.,"A",.,"A",.,"A",.,"A",.,"A",.,"A",.,"A",210,"D",.,"A",.,"A"
"20115",2246305,45,0,"1",.,"A",.,"A",.,"A",.,"A",.,"A",.,"A",.,"A",.,"A",.,"A",.,"A",.,"A",.,"A",.,"A",.,"A",.,"A"
"20115",2246354,44,0,"1",.,"A",.,"A",.,"A",.,"A",.,"A",.,"A",.,"A",.,"A",.,"A",.,"A",.,"A",.,"A",.,"A",.,"A",.,"A"
"20115",2246374,50,0,"1",.,"A",.,"A",.,"A",.,"A",.,"A",.,"A",.,"A",.,"A",.,"A",.,"A",.,"A",.,"A",300,"F",.,"A",.,"A"
"20115",2246384,39,0,"1",.,"A",.,"A",.,"A",.,"A",.,"A",.,"A",.,"A",.,"A",.,"A",.,"A",.,"A",.,"A",.,"A",.,"A",.,"A"
"20115",2246405,63,0,"1",.,"A",.,"A",.,"A",.,"A",.,"A",30,"D",.,"A",.,"A",.,"A",.,"A",.,"A",.,"A",210,"D",.,"A",.,"A"
"20115",2246414,46,0,"1",.,"A",.,"A",.,"A",.,"A",.,"A",.,"A",.,"A",.,"A",.,"A",.,"A",.,"A",.,"A",.,"A",.,"A",.,"A"
"20115",2246454,64,0,"1",.,"A",.,"A",.,"A",.,"A",.,"A",.,"A",91,"D",.,"A",.,"A",.,"A",.,"A",.,"A",8,"D",.,"A",.,"A"
"20115",2246464,44,0,"1",.,"A",.,"A",.,"A",.,"A",.,"A",.,"A",.,"A",.,"A",.,"A",.,"A",.,"A",.,"A",.,"A",.,"A",.,"A"
"20115",2246485,56,0,"1",.,"A",.,"A",15,"D",.,"A",.,"A",19,"D",.,"A",.,"A",30,"D",.,"A",.,"A",.,"A",65,"D",.,"A",.,"A"
"20115",2246564,22,0,"1",.,"A",.,"A",.,"A",.,"A",20,"F",.,"A",.,"A",.,"A",.,"A",.,"A",.,"A",.,"A",.,"A",.,"A",.,"A"
"20115",2246615,80,0,"1",.,"A",.,"A",.,"A",.,"A",.,"A",.,"A",195,"D",.,"A",.,"A",.,"A",.,"A",.,"A",60,"D",.,"A",.,"A"
"20115",2246624,80,0,"1",.,"A",.,"A",.,"A",.,"A",.,"A",80,"D",.,"A",.,"A",.,"A",90,"D",0,"D",0,"D",290,"D",30,"D",90,"D"
"20115",2246725,30,0,"1",.,"A",.,"A",.,"A",.,"A",.,"A",.,"A",.,"A",.,"A",.,"A",.,"A",.,"A",.,"A",.,"A",.,"A",.,"A"
"20115",2246734,53,0,"1",.,"A",.,"A",.,"A",.,"A",.,"A",.,"A",.,"A",.,"A",.,"A",.,"A",.,"A",.,"A",.,"A",.,"A",.,"A"
"20115",2246745,64,0,"1",.,"A",.,"A",.,"A",.,"A",.,"A",.,"A",.,"A",.,"A",.,"A",.,"A",.,"A",.,"A",80,"D",.,"A",.,"A"
"20115",2246804,31,0,"1",.,"A",.,"A",.,"A",.,"A",10,"D",.,"A",.,"A",.,"A",.,"A",.,"A",.,"A",.,"A",24,"D",.,"A",.,"A"
"20115",2246835,61,0,"1",.,"A",.,"A",.,"A",.,"A",.,"A",.,"A",.,"A",.,"A",.,"A",.,"A",.,"A",.,"A",130,"D",.,"A",.,"A"
"20115",2246844,49,0,"1",.,"A",.,"A",.,"A",.,"A",.,"A",.,"A",.,"A",.,"A",30,"D",.,"A",.,"A",.,"A",20,"D",.,"A",.,"A"
"20115",2246874,23,0,"1",.,"A",.,"A",.,"A",.,"A",.,"A",.,"A",195,"D",.,"A",.,"A",.,"A",.,"A",.,"A",.,"A",.,"A",.,"A"
"20115",2246894,32,0,"1",.,"A",.,"A",.,"A",.,"A",.,"A",.,"A",234,"D",.,"A",.,"A",.,"A",.,"A",.,"A",12,"D",.,"A",.,"A"
"20115",2246914,87,0,"1",.,"A",.,"A",.,"A",.,"A",.,"A",.,"A",.,"A",.,"A",.,"A",.,"A",.,"A",.,"A",67,"D",.,"A",.,"A"
"20115",2246945,52,0,"1",.,"A",.,"A",.,"A",.,"A",.,"A",.,"A",.,"A",.,"A",.,"A",.,"A",.,"A",.,"A",54,"D",.,"A",.,"A"
"20115",2246964,40,0,"1",.,"A",.,"A",.,"A",.,"A",.,"A",.,"A",.,"A",.,"A",.,"A",.,"A",.,"A",.,"A",.,"A",.,"A",.,"A"
"20115",2246974,46,0,"1",.,"A",.,"A",.,"A",.,"A",.,"A",.,"A",.,"A",.,"A",.,"A",.,"A",.,"A",.,"A",.,"A",.,"A",.,"A"
"20115",2247004,58,0,"1",.,"A",.,"A",.,"A",.,"A",.,"A",.,"A",.,"A",.,"A",.,"A",.,"A",.,"A",.,"A",.,"A",.,"A",.,"A"
"20115",2247014,59,0,"1",.,"A",.,"A",.,"A",.,"A",.,"A",.,"A",.,"A",.,"A",.,"A",.,"A",.,"A",.,"A",50,"D",.,"A",.,"A"
"20115",2247025,46,0,"1",.,"A",.,"A",.,"A",.,"A",.,"A",.,"A",.,"A",.,"A",.,"A",.,"A",.,"A",.,"A",222,"F",.,"A",.,"A"
"20115",2247035,57,0,"1",.,"A",.,"A",.,"A",.,"A",.,"A",.,"A",.,"A",.,"A",.,"A",.,"A",.,"A",.,"A",.,"A",.,"A",.,"A"
"20115",2247044,66,0,"1",.,"A",.,"A",.,"A",.,"A",.,"A",.,"A",.,"A",130,"D",.,"A",.,"A",.,"A",.,"A",60,"D",.,"A",.,"A"
"20115",2247095,75,0,"1",.,"A",20,"D",.,"A",.,"A",.,"A",25,"D",.,"A",.,"A",.,"A",.,"A",.,"A",.,"A",40,"D",.,"A",.,"A"
"20115",2247124,65,0,"1",.,"A",.,"A",.,"A",.,"A",.,"A",.,"A",689,"D",.,"A",.,"A",.,"A",.,"A",.,"A",225,"D",.,"A",.,"A"
"20115",2247134,42,0,"1",.,"A",35,"D",.,"A",.,"A",.,"A",90,"D",.,"A",.,"A",.,"A",.,"A",.,"A",.,"A",230,"D",.,"A",.,"A"
"20115",2247144,45,0,"1",.,"A",.,"A",.,"A",.,"A",.,"A",.,"A",910,"D",.,"A",.,"A",.,"A",.,"A",.,"A",100,"D",.,"A",.,"A"
"20115",2247175,50,0,"1",.,"A",.,"A",.,"A",.,"A",.,"A",.,"A",.,"A",.,"A",.,"A",.,"A",.,"A",.,"A",50,"D",.,"A",.,"A"
"20115",2247265,57,0,"1",.,"A",.,"A",.,"A",.,"A",.,"A",.,"A",.,"A",.,"A",.,"A",.,"A",.,"A",.,"A",.,"A",.,"A",.,"A"
"20115",2247274,54,0,"1",.,"A",.,"A",.,"A",.,"A",.,"A",.,"A",.,"A",.,"A",.,"A",.,"A",.,"A",.,"A",102,"D",.,"A",.,"A"
"20115",2247285,78,0,"1",.,"A",.,"A",.,"A",.,"A",.,"A",.,"A",.,"A",.,"A",.,"A",.,"A",.,"A",.,"A",230,"D",.,"A",.,"A"
"20115",2247324,46,0,"1",.,"A",.,"A",.,"A",.,"A",.,"A",150,"D",390,"D",.,"A",.,"A",.,"A",.,"A",.,"A",120,"D",.,"A",.,"A"
"20115",2247335,31,0,"1",.,"A",.,"A",.,"A",.,"A",20,"D",.,"A",.,"A",.,"A",.,"A",291,"D",0,"D",0,"D",20,"D",97,"D",.,"A"
"20115",2247344,34,0,"1",.,"A",.,"A",.,"A",.,"A",.,"A",.,"A",.,"A",.,"A",.,"A",.,"A",.,"A",.,"A",.,"A",.,"A",.,"A"
"20115",2247375,43,0,"1",.,"A",.,"A",.,"A",.,"A",.,"A",.,"A",.,"A",.,"A",.,"A",.,"A",.,"A",.,"A",.,"A",.,"A",.,"A"
"20115",2247424,71,0,"1",.,"A",.,"A",61,"D",.,"A",.,"A",.,"A",.,"A",.,"A",.,"A",.,"A",.,"A",.,"A",.,"A",.,"A",.,"A"
"20115",2247434,71,0,"1",.,"A",.,"A",.,"A",.,"A",.,"A",40,"D",.,"A",.,"A",.,"A",.,"A",.,"A",.,"A",.,"A",.,"A",.,"A"
"20115",2247444,71,0,"1",.,"A",.,"A",.,"A",.,"A",.,"A",.,"A",195,"D",.,"A",6,"D",.,"A",.,"A",.,"A",.,"A",.,"A",.,"A"
"20115",2247464,37,0,"1",.,"A",.,"A",.,"A",.,"A",.,"A",.,"A",.,"A",.,"A",.,"A",.,"A",.,"A",.,"A",.,"A",.,"A",.,"A"
"20115",2247475,50,0,"1",.,"A",.,"A",.,"A",.,"A",.,"A",.,"A",.,"A",.,"A",.,"A",.,"A",.,"A",.,"A",.,"A",.,"A",.,"A"
"20115",2247484,44,0,"1",.,"A",.,"A",.,"A",.,"A",.,"A",.,"A",.,"A",.,"A",.,"A",.,"A",.,"A",.,"A",200,"D",.,"A",.,"A"
"20115",2247505,47,0,"1",.,"A",.,"A",.,"A",.,"A",70,"D",.,"A",520,"D",.,"A",.,"A",.,"A",.,"A",.,"A",.,"A",.,"A",.,"A"
"20115",2247524,25,0,"1",.,"A",.,"A",.,"A",.,"A",.,"A",.,"A",.,"A",.,"A",.,"A",.,"A",.,"A",.,"A",.,"A",.,"A",.,"A"
"20115",2247534,87,0,"1",.,"A",.,"A",.,"A",.,"A",.,"A",.,"A",.,"A",.,"A",.,"A",.,"A",.,"A",.,"A",.,"A",.,"A",.,"A"
"20115",2247575,40,0,"1",.,"A",.,"A",.,"A",.,"A",.,"A",.,"A",260,"D",.,"A",.,"A",.,"A",.,"A",.,"A",.,"A",.,"A",.,"A"
"20115",2247605,51,0,"1",.,"A",.,"A",.,"A",144,"D",.,"A",.,"A",.,"A",.,"A",.,"A",.,"A",.,"A",.,"A",88,"D",.,"A",.,"A"
"20115",2247615,65,0,"1",.,"A",.,"A",18,"F",.,"A",.,"A",.,"A",.,"A",.,"A",75,"D",.,"A",.,"A",.,"A",120,"D",.,"A",.,"A"
"20115",2247634,44,0,"1",.,"A",.,"A",.,"A",.,"A",.,"A",.,"A",.,"A",.,"A",.,"A",.,"A",.,"A",.,"A",75,"D",.,"A",.,"A"
"20115",2247655,59,0,"1",.,"A",.,"A",.,"A",.,"A",.,"A",.,"A",130,"D",.,"A",.,"A",.,"A",.,"A",.,"A",.,"A",.,"A",.,"A"
"20115",2247744,62,0,"1",.,"A",.,"A",.,"A",.,"A",.,"A",.,"A",.,"A",.,"A",.,"A",.,"A",.,"A",.,"A",148,"D",.,"A",.,"A"
"20115",2247764,27,0,"1",.,"A",.,"A",.,"A",.,"A",.,"A",.,"A",.,"A",130,"D",.,"A",.,"A",.,"A",.,"A",.,"A",.,"A",.,"A"
"20115",2247785,47,0,"1",.,"A",.,"A",.,"A",.,"A",.,"A",.,"A",650,"D",.,"A",.,"A",.,"A",.,"A",.,"A",.,"A",.,"A",.,"A"
"20115",2247794,67,0,"1",.,"A",.,"A",.,"A",.,"A",.,"A",120,"D",.,"A",.,"A",.,"A",.,"A",.,"A",.,"A",250,"D",.,"A",.,"A"
"20115",2247815,54,0,"1",.,"A",.,"A",51,"D",.,"A",.,"A",.,"A",.,"A",.,"A",.,"A",.,"A",.,"A",.,"A",17,"D",.,"A",.,"A"
"20115",2247844,41,0,"1",.,"A",.,"A",.,"A",.,"A",.,"A",.,"A",546,"D",.,"A",.,"A",.,"A",.,"A",.,"A",.,"A",.,"A",.,"A"
"20115",2247855,78,0,"1",.,"A",.,"A",.,"A",.,"A",.,"A",.,"A",.,"A",.,"A",.,"A",.,"A",.,"A",.,"A",215,"D",.,"A",.,"A"
"20115",2247884,46,0,"1",.,"A",.,"A",.,"A",.,"A",.,"A",.,"A",.,"A",.,"A",.,"A",.,"A",.,"A",.,"A",20,"D",.,"A",.,"A"
"20115",2247935,56,0,"1",.,"A",.,"A",.,"A",.,"A",.,"A",.,"A",.,"A",.,"A",.,"A",.,"A",.,"A",.,"A",60,"D",.,"A",.,"A"
"20115",2247975,43,0,"1",.,"A",.,"A",.,"A",.,"A",.,"A",.,"A",390,"D",.,"A",.,"A",.,"A",.,"A",.,"A",.,"A",.,"A",.,"A"
"20115",2248025,58,0,"1",.,"A",.,"A",.,"A",.,"A",.,"A",.,"A",.,"A",.,"A",.,"A",.,"A",.,"A",.,"A",50,"D",.,"A",.,"A"
"20115",2248084,40,0,"1",.,"A",.,"A",.,"A",.,"A",.,"A",.,"A",.,"A",65,"D",.,"A",.,"A",.,"A",.,"A",7,"D",.,"A",.,"A"
"20115",2248095,38,0,"1",.,"A",.,"A",.,"A",.,"A",.,"A",.,"A",650,"D",.,"A",.,"A",.,"A",.,"A",.,"A",150,"D",.,"A",.,"A"
"20115",2248105,56,0,"1",.,"A",.,"A",.,"A",.,"A",.,"A",.,"A",.,"A",.,"A",.,"A",.,"A",.,"A",.,"A",36,"D",.,"A",.,"A"
"20115",2248125,85,0,"1",.,"A",.,"A",.,"A",.,"A",.,"A",.,"A",.,"A",.,"A",.,"A",.,"A",.,"A",.,"A",.,"A",.,"A",.,"A"
"20115",2248134,27,0,"1",.,"A",.,"A",.,"A",.,"A",25,"D",.,"A",.,"A",.,"A",.,"A",.,"A",.,"A",.,"A",.,"A",.,"A",.,"A"
"20115",2248144,43,0,"1",.,"A",.,"A",.,"A",.,"A",.,"A",.,"A",.,"A",.,"A",.,"A",.,"A",.,"A",.,"A",.,"A",.,"A",.,"A"
"20115",2248155,80,0,"1",.,"A",.,"A",.,"A",.,"A",.,"A",.,"A",.,"A",.,"A",.,"A",.,"A",.,"A",.,"A",315,"D",.,"A",.,"A"
"20115",2248174,23,0,"1",.,"A",.,"A",.,"A",.,"A",.,"A",.,"A",.,"A",.,"A",.,"A",.,"A",.,"A",.,"A",.,"A",.,"A",.,"A"
"20115",2248194,76,0,"1",.,"A",.,"A",.,"A",.,"A",.,"A",.,"A",.,"A",.,"A",.,"A",.,"A",.,"A",.,"A",55,"D",.,"A",.,"A"
"20115",2248214,39,0,"1",.,"A",.,"A",.,"A",.,"A",.,"A",.,"A",.,"A",.,"A",.,"A",.,"A",.,"A",.,"A",.,"A",.,"A",.,"A"
"20115",2248224,46,0,"1",.,"A",.,"A",.,"A",.,"A",.,"A",.,"A",.,"A",.,"A",.,"A",.,"A",.,"A",.,"A",135,"D",.,"A",.,"A"
"20115",2248244,28,0,"1",.,"A",.,"A",.,"A",.,"A",.,"A",.,"A",.,"A",.,"A",.,"A",.,"A",.,"A",.,"A",55,"D",.,"A",.,"A"
"20115",2248264,74,0,"1",.,"A",.,"A",.,"A",.,"A",.,"A",.,"A",.,"A",.,"A",.,"A",.,"A",.,"A",.,"A",300,"D",.,"A",.,"A"
"20115",2248285,43,0,"1",.,"A",.,"A",.,"A",.,"A",30,"D",.,"A",.,"A",.,"A",.,"A",.,"A",.,"A",.,"A",30,"D",.,"A",.,"A"
"20115",2248315,30,0,"1",.,"A",.,"A",.,"A",.,"A",.,"A",.,"A",.,"A",.,"A",.,"A",.,"A",.,"A",.,"A",.,"A",.,"A",.,"A"
"20115",2248335,29,0,"1",.,"A",.,"A",.,"A",.,"A",60,"D",.,"A",.,"A",.,"A",.,"A",.,"A",.,"A",.,"A",12,"D",.,"A",.,"A"
"20115",2248384,37,0,"1",.,"A",.,"A",.,"A",.,"A",.,"A",.,"A",.,"A",.,"A",.,"A",.,"A",.,"A",.,"A",100,"D",.,"A",.,"A"
"20115",2248395,24,0,"1",.,"A",.,"A",.,"A",.,"A",.,"A",.,"A",.,"A",.,"A",.,"A",.,"A",.,"A",.,"A",.,"A",.,"A",.,"A"
"20115",2248435,51,0,"1",8,"D",.,"A",.,"A",30,"D",22,"D",.,"A",.,"A",.,"A",.,"A",180,"D",0,"D",0,"D",200,"D",60,"D",.,"A"
"20115",2248445,61,0,"1",.,"A",.,"A",.,"A",.,"A",.,"A",.,"A",520,"D",.,"A",.,"A",.,"A",.,"A",.,"A",.,"A",.,"A",.,"A"
"20115",2248534,77,0,"1",.,"A",.,"A",.,"A",.,"A",.,"A",.,"A",.,"A",.,"A",.,"A",.,"A",.,"A",.,"A",90,"D",.,"A",.,"A"
"20115",2248574,36,0,"1",.,"A",.,"A",.,"A",.,"A",.,"A",.,"A",.,"A",130,"D",.,"A",.,"A",.,"A",.,"A",.,"A",.,"A",.,"A"
"20115",2248585,30,0,"1",.,"A",.,"A",.,"A",.,"A",65,"D",.,"A",.,"A",.,"A",.,"A",30,"D",0,"D",0,"D",.,"A",10,"D",.,"A"
"20115",2248614,37,0,"1",.,"A",.,"A",.,"A",.,"A",.,"A",.,"A",.,"A",.,"A",.,"A",.,"A",.,"A",.,"A",.,"A",.,"A",.,"A"
"20115",2248645,69,0,"1",.,"A",.,"A",.,"A",.,"A",.,"A",.,"A",.,"A",.,"A",.,"A",.,"A",.,"A",.,"A",110,"D",.,"A",.,"A"
"20115",2248675,57,0,"1",.,"A",.,"A",.,"A",.,"A",.,"A",.,"A",.,"A",.,"A",.,"A",.,"A",.,"A",.,"A",100,"D",.,"A",.,"A"
"20115",2248685,62,0,"1",.,"A",.,"A",.,"A",.,"A",.,"A",.,"A",260,"D",.,"A",.,"A",.,"A",.,"A",.,"A",20,"D",.,"A",.,"A"
"20115",2248705,47,0,"1",.,"A",.,"A",.,"A",.,"A",.,"A",.,"A",.,"A",.,"A",.,"A",.,"A",.,"A",.,"A",70,"D",.,"A",.,"A"
"20115",2248715,86,0,"1",.,"A",.,"A",.,"A",.,"A",.,"A",.,"A",.,"A",.,"A",180,"D",.,"A",.,"A",.,"A",75,"D",.,"A",.,"A"
"20115",2248725,39,0,"1",.,"A",.,"A",.,"A",.,"A",.,"A",.,"A",.,"A",.,"A",.,"A",.,"A",.,"A",.,"A",30,"D",.,"A",.,"A"
"20115",2248735,37,0,"1",.,"A",.,"A",.,"A",.,"A",.,"A",.,"A",.,"A",.,"A",.,"A",0,"D",180,"D",90,"D",.,"A",0,"D",.,"A"
"20115",2248755,57,0,"1",.,"A",.,"A",.,"A",.,"A",.,"A",.,"A",.,"A",.,"A",.,"A",.,"A",.,"A",.,"A",140,"D",.,"A",.,"A"
"20115",2248764,33,0,"1",.,"A",.,"A",.,"A",.,"A",.,"A",.,"A",156,"D",.,"A",.,"A",.,"A",.,"A",.,"A",30,"D",.,"A",.,"A"
"20115",2248795,48,0,"1",.,"A",.,"A",.,"A",.,"A",.,"A",.,"A",.,"A",.,"A",30,"D",.,"A",.,"A",.,"A",.,"A",.,"A",.,"A"
"20115",2248914,52,0,"1",.,"A",.,"A",.,"A",.,"A",60,"D",125,"D",.,"A",.,"A",.,"A",.,"A",.,"A",.,"A",20,"D",.,"A",.,"A"
"20115",2248925,53,0,"1",.,"A",.,"A",15,"D",.,"A",.,"A",.,"A",.,"A",.,"A",.,"A",.,"A",.,"A",.,"A",23,"D",.,"A",.,"A"
"20115",2248934,34,0,"1",.,"A",.,"A",.,"A",.,"A",.,"A",.,"A",.,"A",.,"A",.,"A",.,"A",.,"A",.,"A",.,"A",.,"A",.,"A"
"20115",2248945,66,0,"1",.,"A",.,"A",.,"A",.,"A",.,"A",70,"D",.,"A",.,"A",.,"A",.,"A",.,"A",.,"A",200,"D",.,"A",.,"A"
"20115",2248975,65,0,"1",.,"A",.,"A",.,"A",.,"A",.,"A",.,"A",.,"A",.,"A",.,"A",.,"A",.,"A",.,"A",.,"A",.,"A",.,"A"
"20115",2248994,42,0,"1",33,"D",.,"A",.,"A",.,"A",109,"D",.,"A",.,"A",.,"A",.,"A",.,"A",.,"A",.,"A",.,"A",.,"A",.,"A"
"20115",2249005,51,0,"1",.,"A",.,"A",.,"A",.,"A",.,"A",.,"A",.,"A",.,"A",.,"A",.,"A",.,"A",.,"A",80,"D",.,"A",.,"A"
"20115",2249054,46,0,"1",.,"A",.,"A",.,"A",.,"A",.,"A",.,"A",.,"A",.,"A",.,"A",.,"A",.,"A",.,"A",80,"D",.,"A",.,"A"
"20115",2249065,58,0,"1",.,"A",.,"A",.,"A",.,"A",.,"A",.,"A",.,"A",.,"A",.,"A",.,"A",.,"A",.,"A",70,"D",.,"A",.,"A"
"20115",2249074,28,0,"1",.,"A",.,"A",.,"A",.,"A",.,"A",.,"A",.,"A",.,"A",.,"A",.,"A",.,"A",.,"A",.,"A",.,"A",.,"A"
"20115",2249084,33,0,"1",.,"A",.,"A",.,"A",.,"A",75,"D",.,"A",.,"A",.,"A",.,"A",.,"A",.,"A",.,"A",35,"D",.,"A",.,"A"
"20115",2249124,48,0,"1",.,"A",.,"A",.,"A",.,"A",.,"A",.,"A",273,"D",.,"A",.,"A",.,"A",.,"A",.,"A",200,"D",.,"A",.,"A"
"20115",2249134,49,0,"1",.,"A",.,"A",.,"A",.,"A",.,"A",.,"A",.,"A",.,"A",9,"D",.,"A",.,"A",.,"A",.,"A",.,"A",.,"A"
"20115",2249155,50,0,"1",.,"A",.,"A",.,"A",.,"A",.,"A",.,"A",.,"A",.,"A",.,"A",.,"A",.,"A",.,"A",600,"D",.,"A",.,"A"
"20115",2249195,32,0,"1",.,"A",.,"A",.,"A",.,"A",.,"A",.,"A",.,"A",.,"A",.,"A",.,"A",.,"A",.,"A",.,"A",.,"A",.,"A"
"20115",2249204,45,0,"1",.,"A",.,"A",.,"A",.,"A",.,"A",.,"A",.,"A",.,"A",.,"A",.,"A",.,"A",.,"A",25,"D",.,"A",.,"A"
"20115",2249244,38,0,"1",.,"A",.,"A",.,"A",.,"A",.,"A",.,"A",.,"A",.,"A",.,"A",.,"A",.,"A",.,"A",.,"A",.,"A",.,"A"
"20115",2249265,69,0,"1",.,"A",.,"A",.,"A",38,"D",.,"A",8,"D",.,"A",.,"A",.,"A",.,"A",.,"A",.,"A",12,"D",.,"A",.,"A"
"20115",2249304,49,0,"1",.,"A",.,"A",.,"A",.,"A",100,"D",.,"A",.,"A",.,"A",.,"A",.,"A",.,"A",.,"A",60,"D",.,"A",.,"A"
"20115",2249315,60,0,"1",.,"A",.,"A",.,"A",.,"A",.,"A",.,"A",260,"D",.,"A",.,"A",.,"A",.,"A",.,"A",40,"D",.,"A",.,"A"
"20115",2249325,72,0,"1",.,"A",.,"A",.,"A",.,"A",.,"A",.,"A",.,"A",.,"A",.,"A",.,"A",.,"A",.,"A",130,"D",.,"A",.,"A"
"20115",2249334,41,0,"1",.,"A",.,"A",.,"A",.,"A",.,"A",.,"A",.,"A",.,"A",.,"A",.,"A",.,"A",.,"A",25,"D",.,"A",.,"A"
"20115",2249344,33,0,"1",.,"A",.,"A",.,"A",.,"A",60,"D",.,"A",260,"D",.,"A",.,"A",.,"A",.,"A",.,"A",.,"A",.,"A",.,"A"
"20115",2249354,46,0,"1",.,"A",.,"A",.,"A",.,"A",.,"A",.,"A",.,"A",.,"A",.,"A",.,"A",.,"A",.,"A",.,"A",.,"A",.,"A"
"20115",2249364,55,0,"1",.,"A",.,"A",15,"D",.,"A",.,"A",2,"D",.,"A",.,"A",.,"A",.,"A",.,"A",.,"A",.,"A",.,"A",.,"A"
"20115",2249395,47,0,"1",.,"A",.,"A",.,"A",.,"A",.,"A",.,"A",.,"A",.,"A",.,"A",.,"A",.,"A",.,"A",48,"D",.,"A",.,"A"
"20115",2249415,30,0,"1",.,"A",.,"A",.,"A",.,"A",120,"D",.,"A",.,"A",.,"A",.,"A",.,"A",.,"A",.,"A",40,"D",.,"A",.,"A"
"20115",2249424,52,0,"1",.,"A",.,"A",.,"A",.,"A",.,"A",.,"A",.,"A",.,"A",.,"A",.,"A",.,"A",.,"A",45,"D",.,"A",.,"A"
"20115",2249474,31,0,"1",24,"D",.,"A",.,"A",130,"D",67,"D",.,"A",.,"A",.,"A",.,"A",0,"D",0,"D",210,"D",.,"A",0,"D",.,"A"
"20115",2249534,53,0,"1",.,"A",.,"A",.,"A",.,"A",.,"A",.,"A",.,"A",.,"A",15,"D",.,"A",.,"A",.,"A",40,"D",.,"A",.,"A"
"20115",2249544,36,0,"1",4,"D",.,"A",.,"A",.,"A",26,"D",.,"A",.,"A",.,"A",.,"A",.,"A",.,"A",.,"A",15,"D",.,"A",.,"A"
"20115",2249585,37,0,"1",5,"D",.,"A",.,"A",80,"D",9,"D",20,"D",.,"A",.,"A",.,"A",.,"A",.,"A",.,"A",13,"D",.,"A",.,"A"
"20115",2249614,54,0,"1",.,"A",.,"A",.,"A",.,"A",.,"A",.,"A",260,"D",.,"A",.,"A",.,"A",.,"A",.,"A",25,"D",.,"A",.,"A"
"20115",2249675,62,0,"1",.,"A",.,"A",10,"D",.,"A",.,"A",.,"A",.,"A",.,"A",.,"A",.,"A",.,"A",.,"A",120,"D",.,"A",.,"A"
"20115",2249684,66,0,"1",.,"A",.,"A",.,"A",.,"A",.,"A",125,"D",.,"A",.,"A",9,"D",.,"A",.,"A",.,"A",600,"D",.,"A",.,"A"
"20115",2249715,25,0,"1",.,"A",.,"A",.,"A",.,"A",.,"A",.,"A",.,"A",.,"A",.,"A",.,"A",.,"A",.,"A",.,"A",.,"A",.,"A"
"20115",2249734,48,0,"1",.,"A",.,"A",.,"A",.,"A",.,"A",.,"A",.,"A",.,"A",.,"A",.,"A",.,"A",.,"A",150,"D",.,"A",.,"A"
"20115",2249784,48,0,"1",.,"A",.,"A",.,"A",.,"A",.,"A",.,"A",.,"A",.,"A",.,"A",.,"A",.,"A",.,"A",130,"D",.,"A",.,"A"
"20115",2249795,69,0,"1",.,"A",.,"A",.,"A",15,"D",.,"A",60,"D",.,"A",.,"A",.,"A",.,"A",.,"A",.,"A",.,"A",.,"A",.,"A"
"20115",2249814,90,0,"1",.,"A",.,"A",.,"A",.,"A",.,"A",.,"A",.,"A",.,"A",.,"A",.,"A",.,"A",.,"A",110,"D",.,"A",.,"A"
"20115",2249854,36,0,"1",.,"A",.,"A",.,"A",.,"A",.,"A",.,"A",.,"A",.,"A",.,"A",.,"A",.,"A",.,"A",.,"A",.,"A",.,"A"
"20115",2249874,43,0,"1",.,"A",.,"A",.,"A",.,"A",.,"A",.,"A",455,"D",.,"A",.,"A",.,"A",.,"A",.,"A",55,"D",.,"A",.,"A"
"20115",2249925,53,0,"1",.,"A",.,"A",.,"A",.,"A",.,"A",.,"A",.,"A",.,"A",.,"A",.,"A",.,"A",.,"A",42,"D",.,"A",.,"A"
"20115",2249945,69,0,"1",.,"A",.,"A",.,"A",.,"A",.,"A",120,"D",455,"D",260,"D",.,"A",.,"A",.,"A",.,"A",140,"D",.,"A",.,"A"
"20115",2249954,25,0,"1",.,"A",.,"A",.,"A",.,"A",.,"A",.,"A",.,"A",.,"A",.,"A",.,"A",.,"A",.,"A",.,"A",.,"A",.,"A"
"20115",2249975,78,0,"1",.,"A",.,"A",.,"A",.,"A",.,"A",.,"A",130,"D",.,"A",.,"A",.,"A",.,"A",.,"A",15,"D",.,"A",.,"A"
"20115",2249984,37,0,"1",.,"A",.,"A",.,"A",.,"A",.,"A",.,"A",.,"A",.,"A",.,"A",.,"A",.,"A",.,"A",170,"D",.,"A",.,"A"
"20115",2250015,44,0,"1",.,"A",.,"A",.,"A",.,"A",.,"A",.,"A",.,"A",.,"A",.,"A",.,"A",.,"A",.,"A",.,"A",.,"A",.,"A"
"20115",2250034,68,0,"1",.,"A",.,"A",.,"A",.,"A",.,"A",10,"D",.,"A",.,"A",.,"A",.,"A",.,"A",.,"A",60,"D",.,"A",.,"A"
"20115",2250045,71,0,"1",.,"A",.,"A",.,"A",.,"A",.,"A",26,"D",.,"A",.,"A",21,"D",.,"A",.,"A",.,"A",415,"D",.,"A",.,"A"
"20115",2250105,100,0,"1",.,"A",.,"A",.,"A",.,"A",.,"A",.,"A",650,"D",.,"A",48,"D",.,"A",.,"A",.,"A",.,"A",.,"A",.,"A"
"20115",2250114,66,0,"1",.,"A",.,"A",.,"A",.,"A",.,"A",100,"D",650,"D",.,"A",.,"A",.,"A",.,"A",.,"A",300,"D",.,"A",.,"A"
"20115",2250165,94,0,"1",.,"A",.,"A",.,"A",.,"A",.,"A",.,"A",.,"A",.,"A",.,"A",.,"A",.,"A",.,"A",.,"A",.,"A",.,"A"
"20115",2250205,67,0,"1",.,"A",.,"A",.,"A",.,"A",.,"A",60,"D",.,"A",.,"A",.,"A",.,"A",.,"A",.,"A",.,"A",.,"A",.,"A"
"20115",2250244,35,0,"1",.,"A",.,"A",.,"A",.,"A",.,"A",.,"A",.,"A",.,"A",.,"A",.,"A",.,"A",.,"A",.,"A",.,"A",.,"A"
"20115",2250254,50,0,"1",.,"A",.,"A",.,"A",.,"A",36,"D",.,"A",.,"A",.,"A",.,"A",.,"A",.,"A",.,"A",.,"A",.,"A",.,"A"
"20115",2250315,51,0,"1",.,"A",.,"A",.,"A",.,"A",.,"A",.,"A",.,"A",.,"A",.,"A",.,"A",.,"A",.,"A",220,"D",.,"A",.,"A"
"20115",2250335,48,0,"1",.,"A",.,"A",.,"A",.,"A",.,"A",90,"D",.,"A",.,"A",.,"A",.,"A",.,"A",.,"A",300,"D",.,"A",.,"A"
"20115",2250344,65,0,"1",4,"D",.,"A",.,"A",.,"A",0,"D",.,"A",.,"A",.,"A",.,"A",.,"A",.,"A",.,"A",60,"D",.,"A",.,"A"
"20115",2250355,72,0,"1",.,"A",.,"A",.,"A",.,"A",.,"A",.,"A",572,"D",.,"A",30,"D",.,"A",.,"A",.,"A",30,"D",.,"A",.,"A"
"20115",2250375,54,0,"1",.,"A",.,"A",.,"A",.,"A",.,"A",.,"A",.,"A",.,"A",.,"A",.,"A",.,"A",.,"A",15,"D",.,"A",.,"A"
"20115",2250434,51,0,"1",.,"A",.,"A",.,"A",.,"A",.,"A",.,"A",.,"A",.,"A",.,"A",.,"A",.,"A",.,"A",50,"D",.,"A",.,"A"
"20115",2250474,56,0,"1",.,"A",.,"A",.,"A",.,"A",.,"A",.,"A",.,"A",.,"A",.,"A",.,"A",.,"A",.,"A",200,"D",.,"A",.,"A"
"20115",2250544,45,0,"1",.,"A",.,"A",.,"A",.,"A",.,"A",.,"A",.,"A",.,"A",.,"A",.,"A",.,"A",.,"A",75,"D",.,"A",.,"A"
"20115",2250565,62,0,"1",.,"A",.,"A",.,"A",.,"A",.,"A",.,"A",.,"A",.,"A",.,"A",.,"A",.,"A",.,"A",75,"D",.,"A",.,"A"
"20115",2250594,67,0,"1",.,"A",.,"A",.,"A",.,"A",.,"A",.,"A",.,"A",.,"A",.,"A",.,"A",.,"A",.,"A",144,"D",.,"A",.,"A"
"20115",2250605,27,0,"1",.,"A",.,"A",.,"A",.,"A",.,"A",.,"A",.,"A",65,"D",.,"A",0,"D",15,"D",0,"D",42,"D",0,"D",.,"A"
"20115",2250644,42,0,"1",.,"A",.,"A",.,"A",.,"A",.,"A",.,"A",585,"D",.,"A",.,"A",.,"A",.,"A",.,"A",.,"A",.,"A",.,"A"
"20115",2250685,36,0,"1",.,"A",.,"A",.,"A",.,"A",.,"A",.,"A",.,"A",.,"A",.,"A",.,"A",.,"A",.,"A",.,"A",.,"A",.,"A"
"20115",2250705,34,0,"1",.,"A",.,"A",.,"A",.,"A",.,"A",.,"A",.,"A",.,"A",.,"A",.,"A",.,"A",.,"A",75,"D",.,"A",.,"A"
"20115",2250714,38,0,"1",.,"A",.,"A",.,"A",.,"A",30,"D",.,"A",.,"A",.,"A",60,"D",.,"A",.,"A",.,"A",60,"D",.,"A",.,"A"
"20115",2250735,33,0,"1",.,"A",.,"A",.,"A",.,"A",.,"A",.,"A",650,"D",.,"A",.,"A",.,"A",.,"A",.,"A",.,"A",.,"A",.,"A"
"20115",2250745,61,0,"1",.,"A",.,"A",.,"A",.,"A",.,"A",.,"A",910,"D",.,"A",.,"A",.,"A",.,"A",.,"A",.,"A",.,"A",.,"A"
"20115",2250765,38,0,"1",.,"A",.,"A",.,"A",.,"A",.,"A",.,"A",.,"A",.,"A",.,"A",.,"A",.,"A",.,"A",40,"D",.,"A",.,"A"
"20115",2250774,47,0,"1",.,"A",.,"A",.,"A",.,"A",.,"A",.,"A",.,"A",.,"A",.,"A",.,"A",.,"A",.,"A",300,"D",.,"A",.,"A"
"20115",2250785,56,0,"1",.,"A",.,"A",.,"A",.,"A",.,"A",13,"D",.,"A",.,"A",12,"D",.,"A",.,"A",.,"A",120,"D",.,"A",.,"A"
"20115",2250835,53,0,"1",.,"A",.,"A",.,"A",.,"A",.,"A",.,"A",.,"A",.,"A",.,"A",.,"A",.,"A",.,"A",.,"A",.,"A",.,"A"
"20115",2250844,48,0,"1",.,"A",.,"A",.,"A",.,"A",30,"D",.,"A",.,"A",.,"A",.,"A",.,"A",.,"A",.,"A",100,"D",.,"A",.,"A"
"20115",2250864,25,0,"1",.,"A",.,"A",.,"A",.,"A",.,"A",.,"A",.,"A",.,"A",.,"A",.,"A",.,"A",.,"A",.,"A",.,"A",.,"A"
"20115",2250905,41,0,"1",.,"A",.,"A",.,"A",.,"A",.,"A",35,"D",.,"A",.,"A",.,"A",.,"A",.,"A",.,"A",70,"D",.,"A",.,"A"
"20115",2250915,70,0,"1",.,"A",.,"A",.,"A",20,"D",.,"A",.,"A",.,"A",.,"A",.,"A",.,"A",.,"A",.,"A",100,"D",.,"A",.,"A"
"20115",2250925,67,0,"1",.,"A",.,"A",.,"A",.,"A",.,"A",30,"F",.,"A",.,"A",.,"A",.,"A",.,"A",.,"A",.,"A",.,"A",.,"A"
"20115",2250935,51,0,"1",.,"A",60,"D",.,"A",.,"A",.,"A",60,"D",.,"A",.,"A",.,"A",.,"A",.,"A",.,"A",20,"F",.,"A",.,"A"
"20115",2250984,53,0,"1",.,"A",.,"A",.,"A",.,"A",.,"A",75,"D",.,"A",.,"A",.,"A",0,"D",0,"D",240,"D",60,"D",0,"D",.,"A"
"20115",2250995,58,0,"1",.,"A",.,"A",.,"A",.,"A",.,"A",.,"A",546,"D",.,"A",60,"D",.,"A",.,"A",.,"A",275,"D",.,"A",.,"A"
"20115",2251025,66,0,"1",.,"A",.,"A",.,"A",.,"A",.,"A",.,"A",.,"A",.,"A",.,"A",.,"A",.,"A",.,"A",.,"A",.,"A",.,"A"
"20115",2251044,72,0,"1",.,"A",.,"A",.,"A",.,"A",.,"A",.,"A",.,"A",.,"A",.,"A",.,"A",.,"A",.,"A",120,"D",.,"A",.,"A"
"20115",2251054,97,0,"1",.,"A",.,"A",.,"A",.,"A",.,"A",.,"A",.,"A",.,"A",.,"A",.,"A",.,"A",.,"A",300,"D",.,"A",.,"A"
"20115",2251115,90,0,"1",.,"A",.,"A",.,"A",.,"A",.,"A",.,"A",.,"A",.,"A",.,"A",.,"A",.,"A",.,"A",360,"D",.,"A",.,"A"
"20115",2251125,55,0,"1",.,"A",.,"A",.,"A",.,"A",.,"A",.,"A",.,"A",.,"A",.,"A",.,"A",.,"A",.,"A",19,"D",.,"A",.,"A"
"20115",2251134,39,0,"1",.,"A",.,"A",.,"A",.,"A",.,"A",.,"A",975,"D",.,"A",.,"A",.,"A",.,"A",.,"A",.,"A",.,"A",.,"A"
"20115",2251144,52,0,"1",.,"A",.,"A",.,"A",.,"A",.,"A",.,"A",.,"A",.,"A",.,"A",.,"A",.,"A",.,"A",.,"A",.,"A",.,"A"
"20115",2251155,36,0,"1",.,"A",.,"A",.,"A",.,"A",.,"A",.,"A",.,"A",.,"A",.,"A",.,"A",.,"A",.,"A",.,"A",.,"A",.,"A"
"20115",2251184,50,0,"1",.,"A",.,"A",25,"D",.,"A",.,"A",150,"D",520,"D",.,"A",.,"A",.,"A",.,"A",.,"A",20,"D",.,"A",.,"A"
"20115",2251195,43,0,"1",.,"A",.,"A",.,"A",.,"A",240,"D",.,"A",.,"A",.,"A",.,"A",.,"A",.,"A",.,"A",15,"D",.,"A",.,"A"
"20115",2251214,80,0,"1",.,"A",.,"A",.,"A",.,"A",.,"A",.,"A",.,"A",.,"A",.,"A",.,"A",.,"A",.,"A",200,"D",.,"A",.,"A"
"20115",2251255,37,0,"1",.,"A",.,"A",.,"A",.,"A",.,"A",.,"A",.,"A",.,"A",.,"A",.,"A",.,"A",.,"A",30,"D",.,"A",.,"A"
"20115",2251265,28,0,"1",.,"A",.,"A",.,"A",.,"A",90,"D",.,"A",.,"A",.,"A",.,"A",.,"A",.,"A",.,"A",.,"A",.,"A",.,"A"
"20115",2251304,47,0,"1",.,"A",.,"A",.,"A",.,"A",.,"A",.,"A",.,"A",.,"A",.,"A",.,"A",.,"A",.,"A",20,"D",.,"A",.,"A"
"20115",2251334,57,0,"1",.,"A",.,"A",.,"A",.,"A",.,"A",.,"A",.,"A",.,"A",.,"A",.,"A",.,"A",.,"A",150,"D",.,"A",.,"A"
"20115",2251355,43,0,"1",.,"A",.,"A",.,"A",.,"A",.,"A",200,"D",.,"A",.,"A",.,"A",.,"A",.,"A",.,"A",.,"A",.,"A",.,"A"
"20115",2251364,55,0,"1",.,"A",.,"A",.,"A",.,"A",.,"A",60,"D",.,"A",364,"D",.,"A",.,"A",.,"A",.,"A",.,"A",.,"A",.,"A"
"20115",2251414,45,0,"1",.,"A",.,"A",.,"A",.,"A",.,"A",.,"A",.,"A",39,"D",.,"A",.,"A",.,"A",.,"A",.,"A",.,"A",.,"A"
"20115",2251434,53,0,"1",.,"A",.,"A",.,"A",.,"A",.,"A",.,"A",.,"A",.,"A",.,"A",.,"A",.,"A",.,"A",.,"A",.,"A",.,"A"
"20115",2251444,27,0,"1",.,"A",.,"A",.,"A",.,"A",.,"A",.,"A",.,"A",.,"A",.,"A",.,"A",.,"A",.,"A",.,"A",.,"A",.,"A"
"20115",2251484,40,0,"1",.,"A",.,"A",.,"A",.,"A",15,"D",.,"A",.,"A",.,"A",.,"A",.,"A",.,"A",.,"A",35,"D",.,"A",.,"A"
"20115",2251515,29,0,"1",.,"A",.,"A",.,"A",.,"A",.,"A",.,"A",.,"A",.,"A",.,"A",.,"A",.,"A",.,"A",.,"A",.,"A",.,"A"
"20115",2251524,52,0,"1",.,"A",.,"A",.,"A",.,"A",60,"D",15,"D",.,"A",.,"A",.,"A",.,"A",.,"A",.,"A",60,"D",.,"A",.,"A"
"20115",2251535,57,0,"1",.,"A",.,"A",30,"D",.,"A",.,"A",.,"A",.,"A",.,"A",.,"A",.,"A",.,"A",.,"A",84,"D",.,"A",.,"A"
"20115",2251544,47,0,"1",.,"A",.,"A",.,"A",.,"A",.,"A",.,"A",.,"A",.,"A",.,"A",.,"A",.,"A",.,"A",100,"D",.,"A",.,"A"
"20115",2251554,27,0,"1",.,"A",.,"A",.,"A",.,"A",.,"A",.,"A",.,"A",.,"A",.,"A",.,"A",.,"A",.,"A",.,"A",.,"A",.,"A"
"20115",2251575,62,0,"1",.,"A",.,"A",.,"A",.,"A",.,"A",.,"A",.,"A",.,"A",.,"A",.,"A",.,"A",.,"A",30,"D",.,"A",.,"A"
"20115",2251584,54,0,"1",.,"A",.,"A",.,"A",.,"A",.,"A",.,"A",.,"A",.,"A",.,"A",.,"A",.,"A",.,"A",150,"D",.,"A",.,"A"
"20115",2251595,36,0,"1",.,"A",.,"A",.,"A",.,"A",.,"A",.,"A",.,"A",.,"A",.,"A",.,"A",.,"A",.,"A",75,"D",.,"A",.,"A"
"20115",2251634,80,0,"1",.,"A",.,"A",.,"A",.,"A",.,"A",.,"A",260,"D",.,"A",.,"A",231,"D",0,"D",0,"D",20,"D",77,"D",.,"A"
"20115",2251654,77,0,"1",.,"A",.,"A",.,"A",.,"A",.,"A",35,"D",.,"A",.,"A",.,"A",.,"A",.,"A",.,"A",410,"D",.,"A",.,"A"
"20115",2251674,54,0,"1",.,"A",.,"A",.,"A",.,"A",.,"A",.,"A",.,"A",.,"A",.,"A",.,"A",.,"A",.,"A",450,"D",.,"A",.,"A"
"20115",2251684,48,0,"1",.,"A",.,"A",.,"A",.,"A",.,"A",.,"A",.,"A",156,"D",.,"A",.,"A",.,"A",.,"A",.,"A",.,"A",.,"A"
"20115",2251725,50,0,"1",.,"A",.,"A",.,"A",.,"A",80,"D",.,"A",.,"A",.,"A",.,"A",.,"A",.,"A",.,"A",340,"D",.,"A",.,"A"
"20115",2251764,47,0,"1",.,"A",.,"A",.,"A",.,"A",.,"A",.,"A",.,"A",.,"A",.,"A",.,"A",.,"A",.,"A",.,"A",.,"A",.,"A"
"20115",2251805,61,0,"1",.,"A",.,"A",.,"A",.,"A",.,"A",.,"A",.,"A",325,"D",.,"A",.,"A",.,"A",.,"A",150,"D",.,"A",.,"A"
"20115",2251814,57,0,"1",.,"A",.,"A",.,"A",.,"A",.,"A",.,"A",.,"A",.,"A",6,"D",.,"A",.,"A",.,"A",60,"D",.,"A",.,"A"
"20115",2251854,45,0,"1",.,"A",.,"A",.,"A",.,"A",.,"A",.,"A",260,"D",.,"A",9,"D",.,"A",.,"A",.,"A",40,"D",.,"A",.,"A"
"20115",2251864,38,0,"1",.,"A",.,"A",.,"A",.,"A",.,"A",.,"A",390,"D",.,"A",18,"D",.,"A",.,"A",.,"A",.,"A",.,"A",.,"A"
"20115",2251944,44,0,"1",.,"A",.,"A",.,"A",.,"A",.,"A",.,"A",.,"A",.,"A",.,"A",.,"A",.,"A",.,"A",400,"D",.,"A",.,"A"
"20115",2251965,54,0,"1",.,"A",.,"A",.,"A",.,"A",.,"A",.,"A",.,"A",.,"A",.,"A",.,"A",.,"A",.,"A",.,"A",.,"A",.,"A"
"20115",2251995,79,0,"1",.,"A",.,"A",.,"A",.,"A",.,"A",.,"A",169,"D",.,"A",60,"D",.,"A",.,"A",.,"A",60,"D",.,"A",.,"A"
"20115",2252005,39,0,"1",.,"A",.,"A",.,"A",.,"A",.,"A",.,"A",.,"A",.,"A",.,"A",.,"A",.,"A",.,"A",125,"D",.,"A",.,"A"
"20115",2252015,57,0,"1",.,"A",.,"A",.,"A",.,"A",.,"A",.,"A",.,"A",.,"A",.,"A",.,"A",.,"A",.,"A",.,"A",.,"A",.,"A"
"20115",2252094,47,0,"1",.,"A",.,"A",.,"A",.,"A",72,"D",.,"A",.,"A",.,"A",.,"A",.,"A",.,"A",.,"A",16,"D",.,"A",.,"A"
"20115",2252115,49,0,"1",.,"A",.,"A",.,"A",.,"A",.,"A",30,"D",.,"A",.,"A",.,"A",.,"A",.,"A",.,"A",120,"D",.,"A",.,"A"
"20115",2252125,73,0,"1",.,"A",.,"A",.,"A",.,"A",.,"A",.,"A",.,"A",.,"A",.,"A",.,"A",.,"A",.,"A",50,"D",.,"A",.,"A"
"20115",2252134,60,0,"1",.,"A",.,"A",.,"A",.,"A",.,"A",.,"A",.,"A",.,"A",.,"A",.,"A",.,"A",.,"A",65,"D",.,"A",.,"A"
"20115",2252184,57,0,"1",.,"A",.,"A",.,"A",.,"A",.,"A",.,"A",.,"A",.,"A",.,"A",.,"A",.,"A",.,"A",.,"A",.,"A",.,"A"
"20115",2252225,47,0,"1",.,"A",.,"A",.,"A",.,"A",.,"A",45,"D",.,"A",.,"A",.,"A",.,"A",.,"A",.,"A",25,"D",.,"A",.,"A"
"20115",2252265,53,0,"1",.,"A",.,"A",.,"A",.,"A",.,"A",.,"A",.,"A",.,"A",.,"A",.,"A",.,"A",.,"A",20,"D",.,"A",.,"A"
"20115",2252285,38,0,"1",.,"A",.,"A",.,"A",.,"A",.,"A",60,"D",.,"A",.,"A",.,"A",.,"A",.,"A",.,"A",.,"A",.,"A",.,"A"
"20115",2252315,68,0,"1",.,"A",.,"A",.,"A",.,"A",.,"A",.,"A",.,"A",.,"A",.,"A",.,"A",.,"A",.,"A",210,"D",.,"A",.,"A"
"20115",2252354,38,0,"1",.,"A",.,"A",.,"A",.,"A",.,"A",.,"A",325,"D",.,"A",.,"A",0,"D",0,"D",12,"D",300,"D",0,"D",.,"A"
"20115",2252365,49,0,"1",.,"A",.,"A",.,"A",.,"A",.,"A",.,"A",.,"A",.,"A",.,"A",.,"A",.,"A",.,"A",.,"A",.,"A",.,"A"
"20115",2252415,35,0,"1",.,"A",.,"A",.,"A",.,"A",.,"A",.,"A",.,"A",.,"A",.,"A",.,"A",.,"A",.,"A",.,"A",.,"A",.,"A"
"20115",2252434,43,0,"1",.,"A",.,"A",.,"A",.,"A",.,"A",.,"A",.,"A",.,"A",.,"A",.,"A",.,"A",.,"A",60,"D",.,"A",.,"A"
"20115",2252444,53,0,"1",.,"A",.,"A",.,"A",.,"A",.,"A",26,"D",.,"A",.,"A",.,"A",0,"D",0,"D",180,"D",44,"D",0,"D",.,"A"
"20115",2252454,57,0,"1",.,"A",.,"A",.,"A",.,"A",.,"A",.,"A",325,"D",247,"D",.,"A",.,"A",.,"A",.,"A",.,"A",.,"A",.,"A"
"20115",2252505,43,0,"1",.,"A",.,"A",.,"A",.,"A",.,"A",.,"A",.,"A",.,"A",.,"A",.,"A",.,"A",.,"A",.,"A",.,"A",.,"A"
"20115",2252514,55,0,"1",.,"A",.,"A",.,"A",.,"A",.,"A",.,"A",.,"A",.,"A",.,"A",.,"A",.,"A",.,"A",60,"D",.,"A",.,"A"
"20115",2252535,70,0,"1",.,"A",.,"A",.,"A",.,"A",.,"A",25,"D",.,"A",.,"A",.,"A",.,"A",.,"A",.,"A",60,"D",.,"A",.,"A"
"20115",2252564,58,0,"1",.,"A",.,"A",.,"A",.,"A",.,"A",.,"A",.,"A",.,"A",.,"A",.,"A",.,"A",.,"A",225,"D",.,"A",.,"A"
"20115",2252574,33,0,"1",.,"A",.,"A",.,"A",.,"A",.,"A",.,"A",.,"A",.,"A",.,"A",.,"A",.,"A",.,"A",30,"D",.,"A",.,"A"
"20115",2252585,61,0,"1",.,"A",.,"A",.,"A",.,"A",.,"A",80,"D",.,"A",.,"A",.,"A",.,"A",.,"A",.,"A",50,"D",.,"A",.,"A"
"20115",2252665,64,0,"1",.,"A",.,"A",.,"A",.,"A",.,"A",.,"A",.,"A",130,"D",.,"A",.,"A",.,"A",.,"A",86,"D",.,"A",.,"A"
"20115",2252674,36,0,"1",.,"A",.,"A",.,"A",.,"A",.,"A",30,"D",.,"A",.,"A",.,"A",.,"A",.,"A",.,"A",50,"D",.,"A",.,"A"
"20115",2252685,71,0,"1",.,"A",.,"A",.,"A",.,"A",.,"A",.,"A",.,"A",.,"A",.,"A",.,"A",.,"A",.,"A",240,"D",.,"A",.,"A"
"20115",2252705,59,0,"1",.,"A",.,"A",.,"A",.,"A",.,"A",.,"A",.,"A",182,"D",.,"A",.,"A",.,"A",.,"A",60,"D",.,"A",.,"A"
"20115",2252715,45,0,"1",.,"A",.,"A",.,"A",.,"A",.,"A",.,"A",.,"A",.,"A",.,"A",.,"A",.,"A",.,"A",.,"A",.,"A",.,"A"
"20115",2252744,60,0,"1",.,"A",.,"A",.,"A",.,"A",.,"A",.,"A",.,"A",.,"A",.,"A",.,"A",.,"A",.,"A",14,"D",.,"A",.,"A"
"20115",2252755,55,0,"1",.,"A",.,"A",.,"A",.,"A",.,"A",.,"A",.,"A",.,"A",.,"A",.,"A",.,"A",.,"A",.,"A",.,"A",.,"A"
"20115",2252775,40,0,"1",.,"A",.,"A",.,"A",.,"A",.,"A",.,"A",.,"A",.,"A",60,"D",.,"A",.,"A",.,"A",.,"A",.,"A",.,"A"
"20115",2252784,50,0,"1",.,"A",.,"A",.,"A",.,"A",.,"A",.,"A",637,"D",.,"A",.,"A",.,"A",.,"A",.,"A",20,"D",.,"A",.,"A"
"20115",2252825,75,0,"1",.,"A",.,"A",.,"A",.,"A",.,"A",.,"A",.,"A",.,"A",36,"D",.,"A",.,"A",.,"A",100,"D",.,"A",.,"A"
"20115",2252854,63,0,"1",.,"A",.,"A",.,"A",.,"A",.,"A",.,"A",.,"A",.,"A",30,"D",.,"A",.,"A",.,"A",.,"A",.,"A",.,"A"
"20115",2252865,78,0,"1",.,"A",.,"A",.,"A",.,"A",.,"A",40,"D",130,"D",.,"A",.,"A",.,"A",.,"A",.,"A",120,"D",.,"A",.,"A"
"20115",2252874,57,0,"1",.,"A",.,"A",.,"A",.,"A",.,"A",.,"A",.,"A",.,"A",.,"A",.,"A",.,"A",.,"A",90,"D",.,"A",.,"A"
"20115",2252894,59,0,"1",.,"A",.,"A",.,"A",.,"A",.,"A",.,"A",.,"A",.,"A",.,"A",.,"A",.,"A",.,"A",13,"D",.,"A",.,"A"
"20115",2252905,31,0,"1",.,"A",.,"A",.,"A",24,"D",84,"D",.,"A",.,"A",.,"A",.,"A",6,"D",0,"D",0,"D",.,"A",2,"D",.,"A"
"20115",2252924,80,0,"1",.,"A",.,"A",.,"A",.,"A",.,"A",.,"A",390,"D",.,"A",.,"A",.,"A",.,"A",.,"A",.,"A",.,"A",.,"A"
"20115",2253004,36,0,"1",.,"A",.,"A",.,"A",.,"A",.,"A",.,"A",.,"A",.,"A",.,"A",.,"A",.,"A",.,"A",.,"A",.,"A",.,"A"
"20115",2253024,52,0,"1",.,"A",.,"A",.,"A",.,"A",.,"A",.,"A",.,"A",.,"A",.,"A",.,"A",.,"A",.,"A",50,"D",.,"A",.,"A"
"20115",2253044,90,0,"1",.,"A",.,"A",.,"A",.,"A",.,"A",.,"A",.,"A",.,"A",.,"A",.,"A",.,"A",.,"A",250,"D",.,"A",.,"A"
"20115",2253054,80,0,"1",.,"A",.,"A",.,"A",.,"A",.,"A",.,"A",.,"A",.,"A",.,"A",.,"A",.,"A",.,"A",156,"D",.,"A",.,"A"
"20115",2253105,86,0,"1",.,"A",.,"A",.,"A",.,"A",.,"A",.,"A",.,"A",.,"A",.,"A",.,"A",.,"A",.,"A",150,"D",.,"A",.,"A"
"20115",2253124,23,0,"1",.,"A",.,"A",.,"A",.,"A",.,"A",.,"A",.,"A",.,"A",.,"A",.,"A",.,"A",.,"A",.,"A",.,"A",.,"A"
"20115",2253145,36,0,"1",.,"A",.,"A",.,"A",.,"A",.,"A",.,"A",325,"D",.,"A",.,"A",.,"A",.,"A",.,"A",65,"D",.,"A",.,"A"
"20115",2253164,39,0,"1",.,"A",.,"A",.,"A",.,"A",.,"A",.,"A",312,"D",.,"A",.,"A",.,"A",.,"A",.,"A",10,"D",.,"A",.,"A"
"20115",2253185,45,0,"1",.,"A",.,"A",.,"A",.,"A",.,"A",.,"A",.,"A",.,"A",.,"A",.,"A",.,"A",.,"A",.,"A",.,"A",.,"A"
"20115",2253194,43,0,"1",.,"A",.,"A",.,"A",.,"A",120,"D",.,"A",.,"A",.,"A",.,"A",.,"A",.,"A",.,"A",150,"D",.,"A",.,"A"
"20115",2253205,70,0,"1",.,"A",.,"A",.,"A",.,"A",.,"A",.,"A",.,"A",.,"A",.,"A",.,"A",.,"A",.,"A",50,"D",.,"A",.,"A"
"20115",2253235,44,0,"1",.,"A",.,"A",.,"A",.,"A",.,"A",.,"A",.,"A",.,"A",.,"A",.,"A",.,"A",.,"A",.,"A",.,"A",.,"A"
"20115",2253295,95,0,"1",.,"A",.,"A",.,"A",.,"A",.,"A",.,"A",.,"A",.,"A",.,"A",.,"A",.,"A",.,"A",20,"D",.,"A",.,"A"
"20115",2253325,44,0,"1",.,"A",.,"A",.,"A",.,"A",.,"A",.,"A",.,"A",.,"A",.,"A",.,"A",.,"A",.,"A",.,"A",.,"A",.,"A"
"20115",2253334,55,0,"1",50,"D",.,"A",.,"A",.,"A",50,"D",.,"A",.,"A",.,"A",.,"A",.,"A",.,"A",.,"A",.,"A",.,"A",.,"A"
"20115",2253355,44,0,"1",.,"A",.,"A",.,"A",.,"A",.,"A",.,"A",.,"A",.,"A",.,"A",.,"A",.,"A",.,"A",.,"A",.,"A",.,"A"
"20115",2253365,76,0,"1",.,"A",.,"A",.,"A",44,"D",.,"A",.,"A",.,"A",.,"A",.,"A",.,"A",.,"A",.,"A",35,"D",.,"A",.,"A"
"20115",2253374,50,0,"1",.,"A",.,"A",.,"A",.,"A",.,"A",20,"D",.,"A",.,"A",.,"A",.,"A",.,"A",.,"A",160,"D",.,"A",.,"A"
"20115",2253394,43,0,"1",.,"A",.,"A",.,"A",.,"A",120,"D",300,"D",.,"A",.,"A",.,"A",.,"A",.,"A",.,"A",75,"D",.,"A",.,"A"
"20115",2253404,86,0,"1",.,"A",.,"A",.,"A",.,"A",.,"A",150,"D",.,"A",.,"A",.,"A",.,"A",.,"A",.,"A",100,"D",.,"A",.,"A"
"20115",2253445,51,0,"1",.,"A",.,"A",.,"A",.,"A",.,"A",.,"A",.,"A",.,"A",.,"A",.,"A",.,"A",.,"A",60,"D",.,"A",.,"A"
"20115",2253455,49,0,"1",.,"A",.,"A",.,"A",.,"A",.,"A",.,"A",416,"D",.,"A",.,"A",.,"A",.,"A",.,"A",.,"A",.,"A",.,"A"
"20115",2253484,39,0,"1",.,"A",.,"A",.,"A",.,"A",.,"A",.,"A",.,"A",.,"A",.,"A",.,"A",.,"A",.,"A",.,"A",.,"A",.,"A"
"20115",2253494,37,0,"1",.,"A",.,"A",.,"A",.,"A",25,"D",.,"A",104,"D",.,"A",.,"A",30,"D",0,"D",0,"D",.,"A",10,"D",.,"A"
"20115",2253524,54,0,"1",.,"A",.,"A",.,"A",.,"A",104,"D",.,"A",.,"A",.,"A",.,"A",.,"A",.,"A",.,"A",.,"A",.,"A",.,"A"
"20115",2253535,45,0,"1",.,"A",.,"A",.,"A",.,"A",.,"A",.,"A",.,"A",.,"A",90,"F",.,"A",.,"A",.,"A",.,"A",.,"A",.,"A"
"20115",2253574,33,0,"1",.,"A",.,"A",.,"A",.,"A",24,"D",.,"A",234,"D",.,"A",.,"A",.,"A",.,"A",.,"A",.,"A",.,"A",.,"A"
"20115",2253584,32,0,"1",.,"A",.,"A",.,"A",.,"A",.,"A",.,"A",.,"A",.,"A",.,"A",.,"A",.,"A",.,"A",30,"F",.,"A",.,"A"
"20115",2253635,87,0,"1",.,"A",.,"A",.,"A",.,"A",.,"A",200,"D",.,"A",.,"A",.,"A",.,"A",.,"A",.,"A",275,"D",.,"A",.,"A"
"20115",2253685,40,0,"1",.,"A",.,"A",.,"A",.,"A",.,"A",.,"A",195,"D",.,"A",24,"D",.,"A",.,"A",.,"A",120,"D",.,"A",.,"A"
"20115",2253695,53,0,"1",.,"A",.,"A",.,"A",.,"A",30,"D",.,"A",.,"A",.,"A",.,"A",.,"A",.,"A",.,"A",95,"D",.,"A",.,"A"
"20115",2253704,60,0,"1",.,"A",.,"A",.,"A",.,"A",.,"A",.,"A",.,"A",.,"A",.,"A",.,"A",.,"A",.,"A",60,"D",.,"A",.,"A"
"20115",2253714,87,0,"1",.,"A",.,"A",.,"A",.,"A",.,"A",.,"A",.,"A",.,"A",.,"A",.,"A",.,"A",.,"A",60,"D",.,"A",.,"A"
"20115",2253745,44,0,"1",.,"A",.,"A",.,"A",.,"A",.,"A",.,"A",.,"A",.,"A",.,"A",.,"A",.,"A",.,"A",30,"D",.,"A",.,"A"
"20115",2253764,44,0,"1",.,"A",.,"A",.,"A",.,"A",.,"A",.,"A",650,"D",.,"A",.,"A",.,"A",.,"A",.,"A",.,"A",.,"A",.,"A"
"20115",2253774,42,0,"1",.,"A",.,"A",.,"A",.,"A",.,"A",.,"A",.,"A",78,"D",.,"A",.,"A",.,"A",.,"A",35,"D",.,"A",.,"A"
"20115",2253804,46,0,"1",.,"A",.,"A",.,"A",.,"A",.,"A",.,"A",.,"A",.,"A",.,"A",.,"A",.,"A",.,"A",.,"A",.,"A",.,"A"
"20115",2253824,52,0,"1",.,"A",.,"A",.,"A",.,"A",.,"A",.,"A",.,"A",.,"A",.,"A",.,"A",.,"A",.,"A",.,"A",.,"A",.,"A"
"20115",2253844,61,0,"1",.,"A",.,"A",.,"A",.,"A",.,"A",.,"A",.,"A",.,"A",45,"D",.,"A",.,"A",.,"A",.,"A",.,"A",.,"A"
"20115",2253864,46,0,"1",.,"A",.,"A",.,"A",.,"A",.,"A",.,"A",325,"D",.,"A",.,"A",.,"A",.,"A",.,"A",100,"D",.,"A",.,"A"
"20115",2253875,59,0,"1",.,"A",.,"A",.,"A",.,"A",.,"A",.,"A",.,"A",.,"A",.,"A",.,"A",.,"A",.,"A",.,"A",.,"A",.,"A"
"20115",2253894,49,0,"1",.,"A",.,"A",.,"A",.,"A",.,"A",.,"A",806,"D",.,"A",.,"A",.,"A",.,"A",.,"A",200,"D",.,"A",.,"A"
"20115",2253914,44,0,"1",.,"A",.,"A",.,"A",.,"A",.,"A",.,"A",.,"A",.,"A",.,"A",.,"A",.,"A",.,"A",.,"A",.,"A",.,"A"
"20115",2253994,50,0,"1",.,"A",.,"A",.,"A",.,"A",.,"A",.,"A",390,"D",.,"A",.,"A",.,"A",.,"A",.,"A",45,"D",.,"A",.,"A"
"20115",2254045,62,0,"1",.,"A",.,"A",.,"A",.,"A",.,"A",.,"A",.,"A",.,"A",.,"A",.,"A",.,"A",.,"A",.,"A",.,"A",.,"A"
"20115",2254064,92,0,"1",.,"A",.,"A",.,"A",.,"A",30,"D",10,"D",.,"A",.,"A",210,"D",.,"A",.,"A",.,"A",45,"D",.,"A",.,"A"
"20115",2254075,35,0,"1",.,"A",.,"A",.,"A",.,"A",.,"A",.,"A",.,"A",130,"D",.,"A",.,"A",.,"A",.,"A",45,"D",.,"A",.,"A"
"20115",2254104,44,0,"1",5,"D",.,"A",.,"A",.,"A",25,"D",.,"A",.,"A",.,"A",9,"D",0,"D",0,"D",39,"D",.,"A",0,"D",.,"A"
"20115",2254115,58,0,"1",.,"A",.,"A",.,"A",.,"A",.,"A",.,"A",.,"A",.,"A",60,"D",1200,"D",0,"D",0,"D",120,"D",400,"D",.,"A"
"20115",2254144,62,0,"1",70,"D",.,"A",.,"A",.,"A",10,"D",.,"A",.,"A",.,"A",.,"A",.,"A",.,"A",.,"A",180,"D",.,"A",.,"A"
"20115",2254154,41,0,"1",.,"A",.,"A",.,"A",.,"A",.,"A",.,"A",910,"D",.,"A",.,"A",.,"A",.,"A",.,"A",.,"A",.,"A",.,"A"
"20115",2254214,77,0,"1",22,"D",.,"A",.,"A",.,"A",0,"D",15,"D",234,"D",.,"A",.,"A",.,"A",.,"A",.,"A",150,"D",.,"A",.,"A"
"20115",2254265,38,0,"1",.,"A",.,"A",.,"A",.,"A",.,"A",.,"A",.,"A",.,"A",.,"A",240,"D",0,"D",60,"D",50,"D",80,"D",.,"A"
"20115",2254274,33,0,"1",.,"A",.,"A",.,"A",.,"A",.,"A",.,"A",.,"A",.,"A",.,"A",.,"A",.,"A",.,"A",.,"A",.,"A",.,"A"
"20115",2254295,52,0,"1",.,"A",.,"A",.,"A",.,"A",.,"A",.,"A",.,"A",.,"A",.,"A",.,"A",.,"A",.,"A",48,"D",.,"A",.,"A"
"20115",2254324,24,0,"1",.,"A",.,"A",.,"A",.,"A",.,"A",.,"A",182,"D",.,"A",.,"A",.,"A",.,"A",.,"A",.,"A",.,"A",.,"A"
"20115",2254344,49,0,"1",.,"A",.,"A",15,"D",.,"A",.,"A",.,"A",.,"A",.,"A",.,"A",.,"A",.,"A",.,"A",.,"A",.,"A",.,"A"
"20115",2254365,58,0,"1",.,"A",.,"A",.,"A",.,"A",.,"A",.,"A",.,"A",.,"A",.,"A",.,"A",.,"A",.,"A",102,"D",.,"A",.,"A"
"20115",2254395,42,0,"1",.,"A",.,"A",.,"A",.,"A",.,"A",.,"A",.,"A",.,"A",.,"A",.,"A",.,"A",.,"A",.,"A",.,"A",.,"A"
"20115",2254434,44,0,"1",.,"A",.,"A",.,"A",.,"A",.,"A",10,"D",.,"A",.,"A",.,"A",.,"A",.,"A",.,"A",.,"A",.,"A",.,"A"
"20115",2254444,50,0,"1",.,"A",.,"A",.,"A",.,"A",.,"A",.,"A",.,"A",.,"A",36,"F",.,"A",.,"A",.,"A",.,"A",.,"A",.,"A"
"20115",2254484,50,0,"1",.,"A",.,"A",.,"A",.,"A",.,"A",.,"A",.,"A",.,"A",.,"A",.,"A",.,"A",.,"A",115,"D",.,"A",.,"A"
"20115",2254504,54,0,"1",.,"A",.,"A",.,"A",180,"D",.,"A",150,"D",.,"A",.,"A",.,"A",900,"D",0,"D",0,"D",300,"D",300,"D",.,"A"
"20115",2254515,37,0,"1",.,"A",.,"A",.,"A",.,"A",.,"A",.,"A",.,"A",.,"A",.,"A",.,"A",.,"A",.,"A",.,"A",.,"A",.,"A"
"20115",2254525,50,0,"1",.,"A",.,"A",.,"A",.,"A",.,"A",.,"A",.,"A",.,"A",.,"A",.,"A",.,"A",.,"A",.,"A",.,"A",.,"A"
"20115",2254575,69,0,"1",.,"A",.,"A",.,"A",.,"A",.,"A",.,"A",.,"A",.,"A",90,"F",.,"A",.,"A",.,"A",.,"A",.,"A",.,"A"
"20115",2254644,41,0,"1",.,"A",.,"A",.,"A",.,"A",.,"A",.,"A",.,"A",.,"A",.,"A",.,"A",.,"A",.,"A",50,"D",.,"A",.,"A"
"20115",2254684,47,0,"1",.,"A",.,"A",.,"A",.,"A",.,"A",.,"A",.,"A",.,"A",.,"A",.,"A",.,"A",.,"A",.,"A",.,"A",.,"A"
"20115",2254695,58,0,"1",.,"A",.,"A",.,"A",.,"A",.,"A",.,"A",.,"A",.,"A",.,"A",.,"A",.,"A",.,"A",60,"D",.,"A",.,"A"
"20115",2254714,30,0,"1",.,"A",.,"A",.,"A",.,"A",.,"A",.,"A",.,"A",.,"A",.,"A",.,"A",.,"A",.,"A",.,"A",.,"A",.,"A"
"20115",2254724,56,0,"1",.,"A",.,"A",.,"A",.,"A",.,"A",.,"A",1040,"D",.,"A",.,"A",.,"A",.,"A",.,"A",.,"A",.,"A",.,"A"
"20115",2254735,57,0,"1",.,"A",.,"A",.,"A",.,"A",.,"A",.,"A",.,"A",.,"A",57,"D",.,"A",.,"A",.,"A",100,"D",.,"A",.,"A"
"20115",2254775,48,0,"1",.,"A",.,"A",.,"A",.,"A",.,"A",.,"A",.,"A",.,"A",.,"A",.,"A",.,"A",.,"A",40,"D",.,"A",.,"A"
"20115",2254794,27,0,"1",.,"A",.,"A",.,"A",.,"A",.,"A",.,"A",.,"A",.,"A",.,"A",.,"A",.,"A",.,"A",150,"D",.,"A",.,"A"
"20115",2254805,56,0,"1",.,"A",.,"A",.,"A",.,"A",.,"A",78,"D",.,"A",.,"A",.,"A",.,"A",.,"A",.,"A",300,"D",.,"A",.,"A"
"20115",2254824,47,0,"1",.,"A",.,"A",.,"A",.,"A",30,"D",.,"A",.,"A",.,"A",.,"A",.,"A",.,"A",.,"A",60,"D",.,"A",.,"A"
"20115",2254864,58,0,"1",.,"A",.,"A",.,"A",.,"A",.,"A",15,"D",.,"A",.,"A",.,"A",.,"A",.,"A",.,"A",260,"D",.,"A",.,"A"
"20115",2254945,77,0,"1",.,"A",.,"A",.,"A",.,"A",.,"A",.,"A",.,"A",.,"A",.,"A",.,"A",.,"A",.,"A",45,"D",.,"A",.,"A"
"20115",2254965,55,0,"1",.,"A",.,"A",.,"A",.,"A",.,"A",.,"A",.,"A",.,"A",.,"A",.,"A",.,"A",.,"A",60,"D",.,"A",.,"A"
"20115",2254974,112,0,"1",37,"D",.,"A",.,"A",.,"A",38,"D",.,"A",.,"A",.,"A",60,"D",.,"A",.,"A",.,"A",32,"D",.,"A",.,"A"
"20115",2255005,58,0,"1",.,"A",.,"A",.,"A",.,"A",.,"A",.,"A",.,"A",.,"A",.,"A",.,"A",.,"A",.,"A",.,"A",.,"A",.,"A"
"20115",2255035,63,0,"1",.,"A",.,"A",.,"A",.,"A",.,"A",.,"A",130,"D",.,"A",15,"D",.,"A",.,"A",.,"A",.,"A",.,"A",.,"A"
"20115",2255064,53,0,"1",.,"A",.,"A",.,"A",.,"A",.,"A",.,"A",.,"A",.,"A",.,"A",.,"A",.,"A",.,"A",10,"D",.,"A",.,"A"
"20115",2255114,40,0,"1",60,"D",.,"A",.,"A",.,"A",60,"D",.,"A",455,"D",.,"A",.,"A",.,"A",.,"A",.,"A",.,"A",.,"A",.,"A"
"20115",2255124,38,0,"1",.,"A",.,"A",.,"A",.,"A",120,"D",.,"A",.,"A",.,"A",.,"A",.,"A",.,"A",.,"A",40,"D",.,"A",.,"A"
"20115",2255164,45,0,"1",.,"A",.,"A",.,"A",.,"A",.,"A",.,"A",.,"A",.,"A",.,"A",.,"A",.,"A",.,"A",.,"A",.,"A",.,"A"
"20115",2255174,46,0,"1",.,"A",.,"A",.,"A",.,"A",.,"A",.,"A",.,"A",.,"A",.,"A",.,"A",.,"A",.,"A",55,"D",.,"A",.,"A"
"20115",2255185,36,0,"1",.,"A",.,"A",.,"A",.,"A",.,"A",.,"A",.,"A",.,"A",.,"A",.,"A",.,"A",.,"A",.,"A",.,"A",.,"A"
"20115",2255204,68,0,"1",.,"A",.,"A",.,"A",.,"A",.,"A",.,"A",.,"A",.,"A",.,"A",.,"A",.,"A",.,"A",45,"D",.,"A",.,"A"
"20115",2255254,34,0,"1",.,"A",.,"A",.,"A",.,"A",.,"A",.,"A",.,"A",.,"A",.,"A",.,"A",.,"A",.,"A",35,"D",.,"A",.,"A"
"20115",2255275,29,0,"1",.,"A",.,"A",.,"A",.,"A",.,"A",.,"A",.,"A",.,"A",.,"A",.,"A",.,"A",.,"A",.,"A",.,"A",.,"A"
"20115",2255315,66,0,"1",.,"A",.,"A",.,"A",.,"A",.,"A",.,"A",.,"A",.,"A",.,"A",.,"A",.,"A",.,"A",130,"D",.,"A",.,"A"
"20115",2255384,33,0,"1",.,"A",.,"A",.,"A",.,"A",.,"A",.,"A",65,"D",.,"A",18,"D",.,"A",.,"A",.,"A",.,"A",.,"A",.,"A"
"20115",2255464,59,0,"1",.,"A",.,"A",.,"A",.,"A",.,"A",.,"A",.,"A",.,"A",.,"A",.,"A",.,"A",.,"A",.,"A",.,"A",.,"A"
"20115",2255475,61,0,"1",.,"A",.,"A",.,"A",28,"D",.,"A",.,"A",.,"A",.,"A",.,"A",3,"D",0,"D",0,"D",238,"D",1,"D",.,"A"
"20115",2255514,68,0,"1",.,"A",.,"A",.,"A",.,"A",.,"A",.,"A",.,"A",.,"A",.,"A",.,"A",.,"A",.,"A",30,"D",.,"A",.,"A"
"20115",2255524,49,0,"1",.,"A",.,"A",.,"A",.,"A",.,"A",.,"A",.,"A",.,"A",.,"A",.,"A",.,"A",.,"A",70,"D",.,"A",.,"A"
"20115",2255545,34,0,"1",.,"A",10,"D",.,"A",.,"A",.,"A",30,"D",.,"A",.,"A",.,"A",.,"A",.,"A",.,"A",.,"A",.,"A",.,"A"
"20115",2255564,52,0,"1",.,"A",.,"A",.,"A",.,"A",.,"A",.,"A",910,"D",.,"A",.,"A",.,"A",.,"A",.,"A",.,"A",.,"A",.,"A"
"20115",2255574,28,0,"1",.,"A",.,"A",.,"A",40,"D",32,"D",.,"A",.,"A",.,"A",.,"A",216,"D",0,"D",216,"D",.,"A",72,"D",.,"A"
"20115",2255584,62,0,"1",.,"A",.,"A",.,"A",.,"A",.,"A",.,"A",.,"A",.,"A",.,"A",.,"A",.,"A",.,"A",155,"D",.,"A",.,"A"
"20115",2255594,44,0,"1",.,"A",.,"A",.,"A",.,"A",.,"A",.,"A",.,"A",260,"D",18,"D",.,"A",.,"A",.,"A",.,"A",.,"A",.,"A"
"20115",2255605,30,0,"1",.,"A",.,"A",.,"A",.,"A",.,"A",.,"A",104,"D",.,"A",.,"A",.,"A",.,"A",.,"A",.,"A",.,"A",.,"A"
"20115",2255614,47,0,"1",.,"A",.,"A",.,"A",.,"A",.,"A",.,"A",.,"A",.,"A",.,"A",.,"A",.,"A",.,"A",.,"A",.,"A",.,"A"
"20115",2255625,73,0,"1",.,"A",.,"A",.,"A",.,"A",.,"A",.,"A",.,"A",.,"A",.,"A",.,"A",.,"A",.,"A",.,"A",.,"A",.,"A"
"20115",2255634,42,0,"1",.,"A",.,"A",.,"A",.,"A",.,"A",.,"A",.,"A",.,"A",.,"A",.,"A",.,"A",.,"A",.,"A",.,"A",.,"A"
"20115",2255665,52,0,"1",.,"A",.,"A",.,"A",.,"A",.,"A",.,"A",897,"D",.,"A",.,"A",.,"A",.,"A",.,"A",.,"A",.,"A",.,"A"
"20115",2255695,56,0,"1",.,"A",.,"A",.,"A",.,"A",.,"A",.,"A",.,"A",.,"A",.,"A",.,"A",.,"A",.,"A",70,"D",.,"A",.,"A"
"20115",2255715,51,0,"1",.,"A",.,"A",.,"A",.,"A",6,"D",.,"A",.,"A",.,"A",.,"A",.,"A",.,"A",.,"A",100,"D",.,"A",.,"A"
"20115",2255744,75,0,"1",.,"A",.,"A",.,"A",.,"A",.,"A",.,"A",.,"A",.,"A",.,"A",.,"A",.,"A",.,"A",130,"D",.,"A",.,"A"
"20115",2255754,92,0,"1",.,"A",.,"A",.,"A",.,"A",.,"A",41,"D",.,"A",.,"A",.,"A",.,"A",.,"A",.,"A",104,"D",.,"A",.,"A"
"20115",2255815,24,0,"1",.,"A",.,"A",.,"A",.,"A",.,"A",.,"A",.,"A",.,"A",.,"A",.,"A",.,"A",.,"A",.,"A",.,"A",.,"A"
"20115",2255834,58,0,"1",.,"A",.,"A",.,"A",.,"A",.,"A",.,"A",.,"A",.,"A",.,"A",.,"A",.,"A",.,"A",160,"D",.,"A",.,"A"
"20115",2255864,57,0,"1",.,"A",.,"A",.,"A",.,"A",.,"A",.,"A",.,"A",.,"A",.,"A",.,"A",.,"A",.,"A",150,"D",.,"A",.,"A"
"20115",2255885,76,0,"1",.,"A",.,"A",.,"A",.,"A",.,"A",60,"D",.,"A",.,"A",.,"A",0,"D",0,"D",30,"D",.,"A",0,"D",.,"A"
"20115",2255904,58,0,"1",.,"A",.,"A",.,"A",.,"A",.,"A",.,"A",390,"D",.,"A",.,"A",.,"A",.,"A",.,"A",30,"D",.,"A",.,"A"
"20115",2255924,64,0,"1",.,"A",.,"A",.,"A",.,"A",.,"A",.,"A",.,"A",.,"A",.,"A",.,"A",.,"A",.,"A",105,"D",.,"A",.,"A"
"20115",2255934,54,0,"1",.,"A",.,"A",.,"A",.,"A",120,"D",.,"A",.,"A",.,"A",.,"A",.,"A",.,"A",.,"A",.,"A",.,"A",.,"A"
"20115",2255964,32,0,"1",.,"A",.,"A",.,"A",.,"A",.,"A",.,"A",299,"D",.,"A",.,"A",.,"A",.,"A",.,"A",.,"A",.,"A",.,"A"
"20115",2256024,59,0,"1",.,"A",.,"A",.,"A",.,"A",.,"A",.,"A",.,"A",26,"D",.,"A",.,"A",.,"A",.,"A",10,"D",.,"A",.,"A"
"20115",2256034,66,0,"1",.,"A",.,"A",.,"A",.,"A",.,"A",120,"D",.,"A",.,"A",.,"A",.,"A",.,"A",.,"A",360,"D",.,"A",.,"A"
"20115",2256054,35,0,"1",.,"A",.,"A",.,"A",.,"A",.,"A",.,"A",.,"A",.,"A",.,"A",.,"A",.,"A",.,"A",.,"A",.,"A",.,"A"
"20115",2256075,35,0,"1",.,"A",.,"A",.,"A",.,"A",.,"A",.,"A",.,"A",.,"A",.,"A",.,"A",.,"A",.,"A",.,"A",.,"A",.,"A"
"20115",2256085,26,0,"1",.,"A",.,"A",.,"A",.,"A",.,"A",.,"A",.,"A",.,"A",.,"A",.,"A",.,"A",.,"A",.,"A",.,"A",.,"A"
"20115",2256104,48,0,"1",.,"A",.,"A",.,"A",.,"A",.,"A",.,"A",325,"D",.,"A",.,"A",.,"A",.,"A",.,"A",365,"D",.,"A",.,"A"
"20115",2256114,48,0,"1",.,"A",.,"A",.,"A",.,"A",.,"A",.,"A",.,"A",.,"A",.,"A",.,"A",.,"A",.,"A",.,"A",.,"A",.,"A"
"20115",2256125,57,0,"1",.,"A",.,"A",.,"A",.,"A",.,"A",.,"A",260,"D",.,"A",.,"A",.,"A",.,"A",.,"A",60,"D",.,"A",.,"A"
"20115",2256184,83,0,"1",.,"A",.,"A",.,"A",.,"A",.,"A",10,"D",.,"A",.,"A",.,"A",.,"A",.,"A",.,"A",754,"D",.,"A",.,"A"
"20115",2256214,30,0,"1",.,"A",.,"A",.,"A",.,"A",.,"A",.,"A",.,"A",.,"A",.,"A",.,"A",.,"A",.,"A",.,"A",.,"A",.,"A"
"20115",2256245,47,0,"1",.,"A",.,"A",.,"A",.,"A",.,"A",40,"D",.,"A",.,"A",.,"A",.,"A",.,"A",.,"A",75,"D",.,"A",.,"A"
"20115",2256255,60,0,"1",.,"A",.,"A",.,"A",.,"A",.,"A",.,"A",.,"A",.,"A",.,"A",.,"A",.,"A",.,"A",.,"A",.,"A",.,"A"
"20115",2256274,40,0,"1",.,"A",.,"A",.,"A",.,"A",.,"A",.,"A",.,"A",.,"A",.,"A",.,"A",.,"A",.,"A",.,"A",.,"A",.,"A"
"20115",2256285,65,0,"1",.,"A",.,"A",.,"A",.,"A",.,"A",2,"F",.,"A",.,"A",.,"A",.,"A",.,"A",.,"A",20,"D",.,"A",.,"A"
"20115",2256355,54,0,"1",.,"A",.,"A",.,"A",.,"A",.,"A",.,"A",.,"A",.,"A",.,"A",.,"A",.,"A",.,"A",.,"A",.,"A",.,"A"
"20115",2256364,52,0,"1",.,"A",.,"A",.,"A",.,"A",.,"A",.,"A",.,"A",.,"A",.,"A",.,"A",.,"A",.,"A",22,"D",.,"A",.,"A"
"20115",2256405,64,0,"1",.,"A",.,"A",.,"A",.,"A",.,"A",.,"A",.,"A",.,"A",.,"A",.,"A",.,"A",.,"A",.,"A",.,"A",.,"A"
"20115",2256444,74,0,"1",.,"A",.,"A",.,"A",.,"A",.,"A",.,"A",.,"A",.,"A",.,"A",.,"A",.,"A",.,"A",49,"D",.,"A",.,"A"
"20115",2256454,40,0,"1",.,"A",.,"A",.,"A",.,"A",.,"A",.,"A",.,"A",.,"A",.,"A",.,"A",.,"A",.,"A",.,"A",.,"A",.,"A"
"20115",2256465,76,0,"1",.,"A",.,"A",.,"A",.,"A",.,"A",20,"D",.,"A",.,"A",.,"A",.,"A",.,"A",.,"A",150,"D",.,"A",.,"A"
"20115",2256485,41,0,"1",.,"A",.,"A",.,"A",.,"A",.,"A",.,"A",.,"A",.,"A",.,"A",.,"A",.,"A",.,"A",.,"A",.,"A",.,"A"
"20115",2256504,45,0,"1",.,"A",.,"A",.,"A",.,"A",40,"D",.,"A",.,"A",.,"A",6,"D",.,"A",.,"A",.,"A",25,"D",.,"A",.,"A"
"20115",2256525,60,0,"1",.,"A",.,"A",.,"A",.,"A",.,"A",.,"A",.,"A",.,"A",.,"A",.,"A",.,"A",.,"A",240,"D",.,"A",.,"A"
"20115",2256535,30,0,"1",32,"D",.,"A",.,"A",.,"A",88,"D",.,"A",260,"D",.,"A",.,"A",.,"A",.,"A",.,"A",30,"D",.,"A",.,"A"
"20115",2256554,46,0,"1",.,"A",.,"A",.,"A",.,"A",.,"A",.,"A",.,"A",.,"A",.,"A",.,"A",.,"A",.,"A",300,"D",.,"A",.,"A"
"20115",2256574,98,0,"1",.,"A",.,"A",.,"A",.,"A",.,"A",.,"A",.,"A",.,"A",30,"D",.,"A",.,"A",.,"A",40,"D",.,"A",.,"A"
"20115",2256585,50,0,"1",.,"A",.,"A",.,"A",.,"A",.,"A",.,"A",.,"A",.,"A",.,"A",.,"A",.,"A",.,"A",50,"D",.,"A",.,"A"
"20115",2256595,60,0,"1",.,"A",.,"A",.,"A",.,"A",.,"A",.,"A",1105,"D",.,"A",.,"A",.,"A",.,"A",.,"A",.,"A",.,"A",.,"A"
"20115",2256615,57,0,"1",.,"A",.,"A",.,"A",.,"A",.,"A",9,"D",.,"A",.,"A",.,"A",.,"A",.,"A",.,"A",44,"D",.,"A",.,"A"
"20115",2256624,89,0,"1",.,"A",.,"A",.,"A",.,"A",.,"A",.,"A",728,"D",.,"A",.,"A",.,"A",.,"A",.,"A",240,"D",.,"A",.,"A"
"20115",2256634,46,0,"1",.,"A",.,"A",.,"A",.,"A",.,"A",.,"A",.,"A",.,"A",9,"D",.,"A",.,"A",.,"A",.,"A",.,"A",.,"A"
"20115",2256654,70,0,"1",.,"A",.,"A",.,"A",.,"A",.,"A",.,"A",.,"A",.,"A",.,"A",.,"A",.,"A",.,"A",300,"D",.,"A",.,"A"
"20115",2256714,35,0,"1",.,"A",.,"A",.,"A",.,"A",.,"A",.,"A",650,"D",.,"A",.,"A",.,"A",.,"A",.,"A",.,"A",.,"A",.,"A"
"20115",2256745,43,0,"1",.,"A",.,"A",.,"A",.,"A",.,"A",.,"A",.,"A",.,"A",.,"A",.,"A",.,"A",.,"A",40,"D",.,"A",.,"A"
"20115",2256795,28,0,"1",.,"A",.,"A",.,"A",.,"A",.,"A",.,"A",.,"A",.,"A",.,"A",240,"D",0,"D",150,"D",.,"A",80,"D",.,"A"
"20115",2256834,36,0,"1",.,"A",.,"A",.,"A",.,"A",.,"A",.,"A",.,"A",.,"A",.,"A",.,"A",.,"A",.,"A",.,"A",.,"A",.,"A"
"20115",2256854,68,0,"1",.,"A",.,"A",.,"A",.,"A",.,"A",.,"A",.,"A",.,"A",.,"A",.,"A",.,"A",.,"A",305,"D",.,"A",.,"A"
"20115",2256865,72,0,"1",.,"A",.,"A",.,"A",.,"A",.,"A",.,"A",52,"D",.,"A",.,"A",.,"A",.,"A",.,"A",.,"A",.,"A",.,"A"
"20115",2256885,55,0,"1",.,"A",.,"A",.,"A",.,"A",.,"A",45,"D",.,"A",.,"A",.,"A",.,"A",.,"A",.,"A",100,"D",.,"A",.,"A"
"20115",2256934,33,0,"1",.,"A",.,"A",.,"A",.,"A",.,"A",.,"A",.,"A",.,"A",.,"A",.,"A",.,"A",.,"A",.,"A",.,"A",.,"A"
"20115",2257005,80,0,"1",.,"A",.,"A",.,"A",.,"A",.,"A",75,"D",.,"A",.,"A",24,"D",.,"A",.,"A",.,"A",60,"D",.,"A",.,"A"
"20115",2257024,23,0,"1",.,"A",.,"A",.,"A",.,"A",.,"A",.,"A",.,"A",.,"A",.,"A",.,"A",.,"A",.,"A",.,"A",.,"A",.,"A"
"20115",2257075,75,0,"1",.,"A",.,"A",.,"A",.,"A",.,"A",8,"D",.,"A",.,"A",.,"A",.,"A",.,"A",.,"A",330,"D",.,"A",.,"A"
"20115",2257084,50,0,"1",.,"A",.,"A",.,"A",.,"A",.,"A",75,"D",.,"A",.,"A",.,"A",.,"A",.,"A",.,"A",250,"D",.,"A",.,"A"
"20115",2257144,69,0,"1",.,"A",.,"A",.,"A",.,"A",.,"A",.,"A",.,"A",.,"A",60,"D",.,"A",.,"A",.,"A",300,"D",.,"A",.,"A"
"20115",2257155,39,0,"1",.,"A",.,"A",.,"A",.,"A",.,"A",.,"A",.,"A",.,"A",.,"A",.,"A",.,"A",.,"A",24,"D",.,"A",.,"A"
"20115",2257164,38,0,"1",.,"A",.,"A",40,"F",.,"A",.,"A",.,"A",.,"A",.,"A",.,"A",.,"A",.,"A",.,"A",25,"D",.,"A",.,"A"
"20115",2257175,68,0,"1",8,"D",.,"A",.,"A",.,"A",0,"D",.,"A",.,"A",.,"A",24,"D",.,"A",.,"A",.,"A",.,"A",.,"A",.,"A"
"20115",2257235,35,0,"1",.,"A",.,"A",.,"A",.,"A",.,"A",20,"D",.,"A",.,"A",.,"A",.,"A",.,"A",.,"A",136,"D",.,"A",.,"A"
"20115",2257245,77,0,"1",.,"A",.,"A",.,"A",.,"A",.,"A",.,"A",.,"A",.,"A",.,"A",.,"A",.,"A",.,"A",65,"D",.,"A",.,"A"
"20115",2257295,31,0,"1",.,"A",.,"A",.,"A",.,"A",.,"A",.,"A",.,"A",.,"A",.,"A",.,"A",.,"A",.,"A",.,"A",.,"A",.,"A"
"20115",2257314,35,0,"1",.,"A",.,"A",.,"A",.,"A",260,"D",.,"A",.,"A",.,"A",.,"A",480,"D",0,"D",0,"D",75,"D",160,"D",.,"A"
"20115",2257324,36,0,"1",.,"A",.,"A",.,"A",.,"A",.,"A",.,"A",.,"A",.,"A",.,"A",.,"A",.,"A",.,"A",48,"D",.,"A",.,"A"
"20115",2257365,53,0,"1",.,"A",.,"A",25,"D",.,"A",.,"A",.,"A",.,"A",.,"A",.,"A",.,"A",.,"A",.,"A",.,"A",.,"A",.,"A"
"20115",2257415,28,0,"1",.,"A",.,"A",.,"A",.,"A",.,"A",.,"A",.,"A",.,"A",.,"A",.,"A",.,"A",.,"A",.,"A",.,"A",.,"A"
"20115",2257425,74,0,"1",.,"A",.,"A",.,"A",.,"A",.,"A",.,"A",.,"A",.,"A",.,"A",.,"A",.,"A",.,"A",60,"D",.,"A",.,"A"
"20115",2257434,59,0,"1",.,"A",.,"A",.,"A",.,"A",.,"A",.,"A",.,"A",.,"A",.,"A",.,"A",.,"A",.,"A",100,"D",.,"A",.,"A"
"20115",2257455,50,0,"1",.,"A",.,"A",.,"A",.,"A",.,"A",.,"A",.,"A",.,"A",.,"A",.,"A",.,"A",.,"A",100,"D",.,"A",.,"A"
"20115",2257494,65,0,"1",.,"A",.,"A",.,"A",.,"A",.,"A",.,"A",.,"A",.,"A",.,"A",.,"A",.,"A",.,"A",50,"D",.,"A",.,"A"
"20115",2257555,60,0,"1",.,"A",.,"A",.,"A",.,"A",.,"A",.,"A",.,"A",.,"A",.,"A",.,"A",.,"A",.,"A",206,"D",.,"A",.,"A"
"20115",2257615,30,0,"1",.,"A",.,"A",.,"A",.,"A",.,"A",.,"A",.,"A",.,"A",.,"A",.,"A",.,"A",.,"A",.,"A",.,"A",.,"A"
"20115",2257665,43,0,"1",.,"A",.,"A",.,"A",.,"A",64,"D",.,"A",.,"A",.,"A",.,"A",.,"A",.,"A",.,"A",.,"A",.,"A",.,"A"
"20115",2257705,87,0,"1",.,"A",.,"A",.,"A",200,"D",.,"A",.,"A",.,"A",.,"A",120,"D",0,"D",0,"D",150,"D",250,"D",0,"D",.,"A"
"20115",2257734,50,0,"1",.,"A",.,"A",.,"A",.,"A",.,"A",.,"A",.,"A",.,"A",.,"A",.,"A",.,"A",.,"A",240,"D",.,"A",.,"A"
"20115",2257745,50,0,"1",10,"D",.,"A",.,"A",.,"A",70,"D",.,"A",.,"A",.,"A",9,"D",.,"A",.,"A",.,"A",.,"A",.,"A",.,"A"
"20115",2257755,35,0,"1",.,"A",.,"A",.,"A",.,"A",.,"A",.,"A",.,"A",.,"A",.,"A",.,"A",.,"A",.,"A",15,"D",.,"A",.,"A"
"20115",2257775,37,0,"1",.,"A",.,"A",.,"A",.,"A",.,"A",.,"A",.,"A",.,"A",.,"A",.,"A",.,"A",.,"A",200,"D",.,"A",.,"A"
"20115",2257805,55,0,"1",.,"A",.,"A",.,"A",.,"A",.,"A",.,"A",.,"A",.,"A",.,"A",.,"A",.,"A",.,"A",.,"A",.,"A",.,"A"
"20115",2257835,67,0,"1",.,"A",.,"A",.,"A",.,"A",.,"A",.,"A",.,"A",.,"A",.,"A",.,"A",.,"A",.,"A",72,"D",.,"A",.,"A"
"20115",2257865,33,0,"1",.,"A",.,"A",.,"A",.,"A",.,"A",.,"A",.,"A",.,"A",.,"A",.,"A",.,"A",.,"A",.,"A",.,"A",.,"A"
"20115",2257914,52,0,"1",.,"A",.,"A",.,"A",.,"A",.,"A",.,"A",.,"A",.,"A",.,"A",.,"A",.,"A",.,"A",60,"D",.,"A",.,"A"
"20115",2257944,65,0,"1",.,"A",.,"A",.,"A",.,"A",.,"A",.,"A",.,"A",.,"A",.,"A",.,"A",.,"A",.,"A",240,"D",.,"A",.,"A"
"20115",2257954,52,0,"1",.,"A",.,"A",.,"A",.,"A",.,"A",.,"A",.,"A",.,"A",.,"A",.,"A",.,"A",.,"A",16,"D",.,"A",.,"A"
"20115",2258014,41,0,"1",.,"A",.,"A",.,"A",.,"A",.,"A",.,"A",.,"A",.,"A",.,"A",.,"A",.,"A",.,"A",.,"A",.,"A",.,"A"
"20115",2258025,39,0,"1",.,"A",.,"A",.,"A",.,"A",.,"A",.,"A",.,"A",.,"A",24,"D",.,"A",.,"A",.,"A",120,"D",.,"A",.,"A"
"20115",2258045,59,0,"1",.,"A",.,"A",.,"A",.,"A",.,"A",40,"D",.,"A",.,"A",.,"A",.,"A",.,"A",.,"A",175,"D",.,"A",.,"A"
"20115",2258065,67,0,"1",.,"A",.,"A",.,"A",.,"A",.,"A",45,"D",.,"A",.,"A",.,"A",.,"A",.,"A",.,"A",60,"D",.,"A",.,"A"
"20115",2258074,55,0,"1",.,"A",.,"A",.,"A",.,"A",.,"A",.,"A",.,"A",.,"A",.,"A",.,"A",.,"A",.,"A",100,"D",.,"A",.,"A"
"20115",2258105,43,0,"1",.,"A",.,"A",.,"A",.,"A",.,"A",.,"A",.,"A",.,"A",.,"A",.,"A",.,"A",.,"A",.,"A",.,"A",.,"A"
"20115",2258194,78,0,"1",.,"A",.,"A",.,"A",.,"A",.,"A",.,"A",.,"A",.,"A",.,"A",.,"A",.,"A",.,"A",.,"A",.,"A",.,"A"
"20115",2258205,92,0,"1",.,"A",.,"A",.,"A",.,"A",.,"A",.,"A",.,"A",.,"A",.,"A",.,"A",.,"A",.,"A",415,"D",.,"A",.,"A"
"20115",2258234,43,0,"1",.,"A",.,"A",.,"A",.,"A",252,"D",.,"A",.,"A",.,"A",.,"A",0,"D",0,"D",96,"D",360,"D",0,"D",.,"A"
"20115",2258265,64,0,"1",.,"A",.,"A",.,"A",.,"A",.,"A",.,"A",.,"A",325,"D",.,"A",.,"A",.,"A",.,"A",.,"A",.,"A",.,"A"
"20115",2258275,32,0,"1",.,"A",.,"A",.,"A",.,"A",.,"A",.,"A",.,"A",.,"A",.,"A",.,"A",.,"A",.,"A",.,"A",.,"A",.,"A"
"20115",2258284,86,0,"1",.,"A",.,"A",.,"A",.,"A",.,"A",.,"A",390,"D",.,"A",24,"D",.,"A",.,"A",.,"A",150,"D",.,"A",.,"A"
"20115",2258305,24,0,"1",.,"A",.,"A",.,"A",.,"A",.,"A",.,"A",.,"A",.,"A",.,"A",.,"A",.,"A",.,"A",.,"A",.,"A",.,"A"
"20115",2258315,73,0,"1",.,"A",.,"A",.,"A",.,"A",.,"A",.,"A",.,"A",.,"A",.,"A",.,"A",.,"A",.,"A",410,"D",.,"A",.,"A"
"20115",2258324,43,0,"1",.,"A",.,"A",.,"A",.,"A",.,"A",.,"A",.,"A",.,"A",.,"A",.,"A",.,"A",.,"A",.,"A",.,"A",.,"A"
"20115",2258344,48,0,"1",.,"A",.,"A",.,"A",.,"A",.,"A",15,"D",.,"A",.,"A",.,"A",75,"D",0,"D",75,"D",25,"D",25,"D",.,"A"
"20115",2258354,27,0,"1",.,"A",.,"A",.,"A",.,"A",.,"A",.,"A",.,"A",.,"A",72,"D",.,"A",.,"A",.,"A",.,"A",.,"A",.,"A"
"20115",2258365,39,0,"1",.,"A",.,"A",.,"A",.,"A",.,"A",.,"A",.,"A",.,"A",.,"A",990,"D",0,"D",0,"D",.,"A",330,"D",.,"A"
"20115",2258375,45,0,"1",.,"A",.,"A",.,"A",.,"A",120,"D",.,"A",.,"A",.,"A",.,"A",.,"A",.,"A",.,"A",65,"D",.,"A",.,"A"
"20115",2258385,32,0,"1",.,"A",.,"A",.,"A",.,"A",.,"A",.,"A",.,"A",.,"A",.,"A",.,"A",.,"A",.,"A",.,"A",.,"A",.,"A"
"20115",2258395,59,0,"1",.,"A",.,"A",.,"A",.,"A",.,"A",.,"A",.,"A",.,"A",30,"D",.,"A",.,"A",.,"A",.,"A",.,"A",.,"A"
"20115",2258434,50,0,"1",.,"A",.,"A",.,"A",.,"A",.,"A",.,"A",.,"A",.,"A",.,"A",.,"A",.,"A",.,"A",.,"A",.,"A",.,"A"
"20115",2258484,99,0,"1",.,"A",.,"A",.,"A",.,"A",.,"A",.,"A",.,"A",130,"D",.,"A",.,"A",.,"A",.,"A",.,"A",.,"A",.,"A"
"20115",2258505,59,0,"1",.,"A",.,"A",.,"A",.,"A",.,"A",.,"A",.,"A",.,"A",.,"A",.,"A",.,"A",.,"A",.,"A",.,"A",.,"A"
"20115",2258534,46,0,"1",.,"A",.,"A",.,"A",.,"A",.,"A",.,"A",.,"A",.,"A",.,"A",.,"A",.,"A",.,"A",80,"D",.,"A",.,"A"
"20115",2258554,39,0,"1",.,"A",.,"A",40,"D",.,"A",.,"A",.,"A",.,"A",.,"A",.,"A",.,"A",.,"A",.,"A",50,"D",.,"A",.,"A"
"20115",2258605,66,0,"1",.,"A",.,"A",65,"D",.,"A",.,"A",300,"D",13,"D",.,"A",.,"A",.,"A",.,"A",.,"A",200,"D",.,"A",.,"A"
"20115",2258615,50,0,"1",.,"A",.,"A",.,"A",.,"A",.,"A",.,"A",.,"A",.,"A",.,"A",.,"A",.,"A",.,"A",60,"D",.,"A",.,"A"
"20115",2258624,41,0,"1",.,"A",.,"A",.,"A",.,"A",.,"A",.,"A",.,"A",.,"A",.,"A",.,"A",.,"A",.,"A",40,"D",.,"A",.,"A"
"20115",2258654,26,0,"1",.,"A",.,"A",.,"A",.,"A",.,"A",.,"A",156,"D",.,"A",.,"A",.,"A",.,"A",.,"A",.,"A",.,"A",.,"A"
"20115",2258674,55,0,"1",.,"A",.,"A",.,"A",50,"D",.,"A",.,"A",.,"A",.,"A",.,"A",.,"A",.,"A",.,"A",100,"D",.,"A",.,"A"
"20115",2258685,37,0,"1",.,"A",.,"A",.,"A",.,"A",100,"D",.,"A",.,"A",.,"A",.,"A",.,"A",.,"A",.,"A",.,"A",.,"A",.,"A"
"20115",2258734,55,0,"1",.,"A",.,"A",.,"A",.,"A",.,"A",.,"A",.,"A",.,"A",.,"A",.,"A",.,"A",.,"A",60,"D",.,"A",.,"A"
"20115",2258775,49,0,"1",.,"A",.,"A",.,"A",.,"A",.,"A",.,"A",.,"A",.,"A",105,"F",.,"A",.,"A",.,"A",30,"D",.,"A",.,"A"
"20115",2258795,43,0,"1",.,"A",.,"A",.,"A",.,"A",10,"D",.,"A",.,"A",.,"A",.,"A",.,"A",.,"A",.,"A",25,"D",.,"A",.,"A"
"20115",2258825,41,0,"1",.,"A",.,"A",.,"A",.,"A",.,"A",.,"A",.,"A",.,"A",.,"A",.,"A",.,"A",.,"A",60,"D",.,"A",.,"A"
"20115",2258834,73,0,"1",.,"A",.,"A",.,"A",.,"A",.,"A",60,"D",.,"A",65,"D",.,"A",.,"A",.,"A",.,"A",300,"D",.,"A",.,"A"
"20115",2258854,40,0,"1",.,"A",.,"A",.,"A",.,"A",.,"A",.,"A",.,"A",.,"A",.,"A",.,"A",.,"A",.,"A",12,"D",.,"A",.,"A"
"20115",2258905,71,0,"1",.,"A",.,"A",.,"A",.,"A",.,"A",.,"A",.,"A",.,"A",.,"A",.,"A",.,"A",.,"A",.,"A",.,"A",.,"A"
"20115",2258925,43,0,"1",.,"A",.,"A",.,"A",.,"A",.,"A",.,"A",.,"A",.,"A",.,"A",.,"A",.,"A",.,"A",.,"A",.,"A",.,"A"
"20115",2258984,56,0,"1",.,"A",.,"A",.,"A",.,"A",.,"A",.,"A",.,"A",.,"A",.,"A",.,"A",.,"A",.,"A",50,"D",.,"A",.,"A"
"20115",2259004,40,0,"1",.,"A",.,"A",.,"A",.,"A",45,"D",15,"D",.,"A",.,"A",.,"A",.,"A",.,"A",.,"A",.,"A",.,"A",.,"A"
"20115",2259015,42,0,"1",.,"A",.,"A",.,"A",.,"A",.,"A",.,"A",.,"A",.,"A",.,"A",.,"A",.,"A",.,"A",.,"A",.,"A",.,"A"
"20115",2259025,76,0,"1",.,"A",.,"A",.,"A",.,"A",.,"A",.,"A",.,"A",.,"A",.,"A",.,"A",.,"A",.,"A",30,"D",.,"A",.,"A"
"20115",2259045,81,0,"1",.,"A",.,"A",.,"A",.,"A",120,"D",.,"A",.,"A",.,"A",.,"A",.,"A",.,"A",.,"A",45,"D",.,"A",.,"A"
"20115",2259074,64,0,"1",.,"A",.,"A",.,"A",.,"A",.,"A",.,"A",.,"A",.,"A",.,"A",.,"A",.,"A",.,"A",15,"D",.,"A",.,"A"
"20115",2259114,47,0,"1",.,"A",.,"A",.,"A",.,"A",.,"A",.,"A",.,"A",.,"A",.,"A",.,"A",.,"A",.,"A",.,"A",.,"A",.,"A"
"20115",2259124,33,0,"1",.,"A",.,"A",.,"A",.,"A",40,"D",.,"A",.,"A",.,"A",.,"A",.,"A",.,"A",.,"A",30,"D",.,"A",.,"A"
"20115",2259134,39,0,"1",.,"A",.,"A",.,"A",.,"A",.,"A",.,"A",.,"A",.,"A",15,"D",.,"A",.,"A",.,"A",.,"A",.,"A",.,"A"
"20115",2259155,30,0,"1",.,"A",.,"A",.,"A",.,"A",.,"A",.,"A",.,"A",.,"A",.,"A",.,"A",.,"A",.,"A",.,"A",.,"A",.,"A"
"20115",2259195,67,0,"1",.,"A",.,"A",.,"A",.,"A",.,"A",.,"A",.,"A",.,"A",.,"A",.,"A",.,"A",.,"A",310,"D",.,"A",.,"A"
"20115",2259204,50,0,"1",.,"A",.,"A",.,"A",.,"A",.,"A",.,"A",.,"A",.,"A",.,"A",.,"A",.,"A",.,"A",20,"D",.,"A",.,"A"
"20115",2259215,64,0,"1",.,"A",.,"A",.,"A",.,"A",.,"A",.,"A",.,"A",.,"A",.,"A",.,"A",.,"A",.,"A",150,"D",.,"A",.,"A"
"20115",2259285,51,0,"1",.,"A",.,"A",.,"A",.,"A",480,"D",.,"A",.,"A",.,"A",.,"A",.,"A",.,"A",.,"A",28,"D",.,"A",.,"A"
"20115",2259295,61,0,"1",.,"A",.,"A",.,"A",.,"A",.,"A",300,"D",390,"D",.,"A",.,"A",.,"A",.,"A",.,"A",50,"D",.,"A",.,"A"
"20115",2259304,47,0,"1",.,"A",.,"A",.,"A",.,"A",.,"A",.,"A",.,"A",.,"A",.,"A",.,"A",.,"A",.,"A",95,"D",.,"A",.,"A"
"20115",2259324,48,0,"1",.,"A",.,"A",.,"A",.,"A",.,"A",.,"A",.,"A",.,"A",.,"A",.,"A",.,"A",.,"A",195,"D",.,"A",.,"A"
"20115",2259355,64,0,"1",.,"A",.,"A",.,"A",.,"A",.,"A",.,"A",.,"A",.,"A",.,"A",.,"A",.,"A",.,"A",100,"D",.,"A",.,"A"
"20115",2259365,63,0,"1",.,"A",.,"A",.,"A",.,"A",.,"A",.,"A",.,"A",.,"A",.,"A",.,"A",.,"A",.,"A",60,"D",.,"A",.,"A"
"20115",2259374,42,0,"1",.,"A",.,"A",.,"A",.,"A",.,"A",.,"A",.,"A",195,"D",60,"D",.,"A",.,"A",.,"A",.,"A",.,"A",.,"A"
"20115",2259385,68,0,"1",.,"A",.,"A",.,"A",.,"A",.,"A",30,"D",.,"A",.,"A",.,"A",255,"D",0,"D",0,"D",295,"D",85,"D",320,"D"
"20115",2259404,35,0,"1",.,"A",.,"A",.,"A",.,"A",.,"A",.,"A",520,"D",.,"A",.,"A",.,"A",.,"A",.,"A",.,"A",.,"A",.,"A"
"20115",2259445,36,0,"1",.,"A",.,"A",.,"A",.,"A",.,"A",.,"A",.,"A",.,"A",.,"A",.,"A",.,"A",.,"A",.,"A",.,"A",.,"A"
"20115",2259464,36,0,"1",9,"D",.,"A",.,"A",.,"A",36,"D",.,"A",.,"A",.,"A",.,"A",.,"A",.,"A",.,"A",.,"A",.,"A",.,"A"
"20115",2259494,39,0,"1",.,"A",.,"A",.,"A",.,"A",.,"A",.,"A",.,"A",.,"A",.,"A",.,"A",.,"A",.,"A",.,"A",.,"A",.,"A"
"20115",2259504,30,0,"1",.,"A",.,"A",.,"A",.,"A",240,"D",.,"A",.,"A",.,"A",.,"A",.,"A",.,"A",.,"A",.,"A",.,"A",.,"A"
"20115",2259524,90,0,"1",.,"A",.,"A",.,"A",50,"D",.,"A",270,"D",.,"A",.,"A",.,"A",.,"A",.,"A",.,"A",300,"D",.,"A",.,"A"
"20115",2259544,57,0,"1",.,"A",.,"A",.,"A",.,"A",.,"A",.,"A",.,"A",.,"A",.,"A",.,"A",.,"A",.,"A",250,"D",.,"A",.,"A"
"20115",2259564,34,0,"1",.,"A",.,"A",.,"A",.,"A",.,"A",.,"A",.,"A",.,"A",.,"A",15,"D",0,"D",0,"D",.,"A",5,"D",.,"A"
"20115",2259574,29,0,"1",.,"A",.,"A",.,"A",.,"A",.,"A",.,"A",.,"A",.,"A",.,"A",.,"A",.,"A",.,"A",.,"A",.,"A",.,"A"
"20115",2259625,26,0,"1",.,"A",.,"A",.,"A",.,"A",.,"A",.,"A",.,"A",.,"A",.,"A",.,"A",.,"A",.,"A",120,"D",.,"A",.,"A"
"20115",2259665,55,0,"1",.,"A",.,"A",.,"A",.,"A",.,"A",.,"A",.,"A",.,"A",.,"A",.,"A",.,"A",.,"A",75,"D",.,"A",.,"A"
"20115",2259675,38,0,"1",.,"A",.,"A",.,"A",.,"A",.,"A",.,"A",.,"A",.,"A",.,"A",.,"A",.,"A",.,"A",.,"A",.,"A",.,"A"
"20115",2259724,35,0,"1",20,"D",.,"A",.,"A",75,"D",60,"D",.,"A",650,"D",.,"A",.,"A",0,"D",0,"D",30,"D",.,"A",0,"D",.,"A"
"20115",2259754,27,0,"1",.,"A",.,"A",.,"A",.,"A",50,"D",.,"A",.,"A",.,"A",.,"A",0,"D",0,"D",60,"D",15,"D",0,"D",.,"A"
"20115",2259775,36,0,"1",.,"A",.,"A",.,"A",.,"A",60,"D",.,"A",.,"A",.,"A",.,"A",.,"A",.,"A",.,"A",36,"D",.,"A",.,"A"
"20115",2259785,33,0,"1",.,"A",.,"A",.,"A",.,"A",.,"A",.,"A",1950,"D",.,"A",.,"A",.,"A",.,"A",.,"A",.,"A",.,"A",.,"A"
"20115",2259815,28,0,"1",.,"A",.,"A",.,"A",.,"A",.,"A",.,"A",.,"A",.,"A",.,"A",.,"A",.,"A",.,"A",100,"D",.,"A",.,"A"
"20115",2259865,65,0,"1",.,"A",.,"A",.,"A",.,"A",.,"A",.,"A",.,"A",.,"A",.,"A",.,"A",.,"A",.,"A",.,"A",.,"A",.,"A"
"20115",2259884,41,0,"1",.,"A",.,"A",.,"A",.,"A",.,"A",.,"A",.,"A",.,"A",.,"A",.,"A",.,"A",.,"A",.,"A",.,"A",.,"A"
"20115",2259905,40,0,"1",.,"A",.,"A",.,"A",.,"A",.,"A",.,"A",1300,"D",.,"A",.,"A",.,"A",.,"A",.,"A",90,"D",.,"A",.,"A"
"20115",2259915,65,0,"1",13,"D",.,"A",.,"A",.,"A",35,"D",.,"A",.,"A",.,"A",42,"D",.,"A",.,"A",.,"A",.,"A",.,"A",.,"A"
"20115",2259944,50,0,"1",.,"A",.,"A",.,"A",.,"A",.,"A",.,"A",715,"D",.,"A",.,"A",.,"A",.,"A",.,"A",17,"D",.,"A",.,"A"
"20115",2259954,42,0,"1",.,"A",.,"A",.,"A",.,"A",.,"A",.,"A",.,"A",.,"A",.,"A",.,"A",.,"A",.,"A",43,"D",.,"A",.,"A"
"20115",2259984,32,0,"1",.,"A",.,"A",.,"A",.,"A",.,"A",.,"A",.,"A",.,"A",.,"A",.,"A",.,"A",.,"A",.,"A",.,"A",.,"A"
"20115",2259994,39,0,"1",.,"A",.,"A",42,"D",.,"A",.,"A",.,"A",.,"A",.,"A",.,"A",.,"A",.,"A",.,"A",.,"A",.,"A",.,"A"
"20115",2260025,28,0,"1",.,"A",.,"A",.,"A",.,"A",.,"A",.,"A",.,"A",.,"A",.,"A",.,"A",.,"A",.,"A",.,"A",.,"A",.,"A"
"20115",2260034,98,0,"1",.,"A",.,"A",.,"A",.,"A",.,"A",.,"A",.,"A",.,"A",.,"A",.,"A",.,"A",.,"A",60,"D",.,"A",.,"A"
"20115",2260044,34,0,"1",45,"D",.,"A",.,"A",.,"A",45,"D",.,"A",.,"A",.,"A",.,"A",156,"D",0,"D",0,"D",20,"D",52,"D",.,"A"
"20115",2260054,51,0,"1",.,"A",.,"A",.,"A",.,"A",.,"A",30,"D",.,"A",.,"A",.,"A",450,"D",0,"D",60,"D",.,"A",150,"D",.,"A"
"20115",2260084,53,0,"1",.,"A",.,"A",.,"A",.,"A",.,"A",.,"A",.,"A",.,"A",.,"A",0,"D",0,"D",30,"D",230,"D",0,"D",.,"A"
"20115",2260104,30,0,"1",.,"A",.,"A",.,"A",.,"A",.,"A",.,"A",.,"A",.,"A",.,"A",.,"A",.,"A",.,"A",.,"A",.,"A",.,"A"
"20115",2260124,44,0,"1",.,"A",.,"A",.,"A",.,"A",.,"A",.,"A",.,"A",.,"A",.,"A",.,"A",.,"A",.,"A",.,"A",.,"A",.,"A"
"20115",2260134,46,0,"1",.,"A",.,"A",.,"A",.,"A",.,"A",.,"A",.,"A",.,"A",.,"A",.,"A",.,"A",.,"A",.,"A",.,"A",.,"A"
"20115",2260154,46,0,"1",.,"A",.,"A",.,"A",.,"A",.,"A",.,"A",260,"D",.,"A",.,"A",.,"A",.,"A",.,"A",22,"D",.,"A",.,"A"
"20115",2260175,75,0,"1",.,"A",.,"A",.,"A",.,"A",.,"A",.,"A",.,"A",.,"A",.,"A",.,"A",.,"A",.,"A",15,"D",.,"A",.,"A"
"20115",2260184,55,0,"1",.,"A",.,"A",.,"A",.,"A",.,"A",.,"A",195,"D",.,"A",.,"A",.,"A",.,"A",.,"A",30,"D",.,"A",.,"A"
"20115",2260195,53,0,"1",.,"A",.,"A",.,"A",.,"A",.,"A",25,"D",.,"A",.,"A",.,"A",.,"A",.,"A",.,"A",108,"D",.,"A",.,"A"
"20115",2260234,53,0,"1",.,"A",.,"A",.,"A",.,"A",.,"A",.,"A",.,"A",.,"A",.,"A",.,"A",.,"A",.,"A",.,"A",.,"A",.,"A"
"20115",2260255,43,0,"1",.,"A",.,"A",.,"A",.,"A",.,"A",.,"A",.,"A",.,"A",.,"A",.,"A",.,"A",.,"A",.,"A",.,"A",.,"A"
"20115",2260275,56,0,"1",.,"A",.,"A",.,"A",.,"A",.,"A",.,"A",.,"A",.,"A",.,"A",.,"A",.,"A",.,"A",48,"D",.,"A",.,"A"
"20115",2260314,73,0,"1",.,"A",.,"A",.,"A",.,"A",.,"A",.,"A",637,"D",.,"A",30,"D",0,"D",135,"D",0,"D",160,"D",0,"D",.,"A"
"20115",2260325,62,0,"1",.,"A",.,"A",.,"A",.,"A",.,"A",.,"A",.,"A",.,"A",.,"A",.,"A",.,"A",.,"A",312,"D",.,"A",.,"A"
"20115",2260335,53,0,"1",.,"A",.,"A",.,"A",.,"A",.,"A",.,"A",.,"A",.,"A",.,"A",.,"A",.,"A",.,"A",.,"A",.,"A",.,"A"
"20115",2260345,93,0,"1",.,"A",.,"A",.,"A",.,"A",.,"A",.,"A",.,"A",.,"A",.,"A",.,"A",.,"A",.,"A",.,"A",.,"A",.,"A"
"20115",2260354,36,0,"1",.,"A",.,"A",.,"A",.,"A",54,"D",.,"A",.,"A",.,"A",.,"A",.,"A",.,"A",.,"A",15,"D",.,"A",.,"A"
"20115",2260425,60,0,"1",.,"A",.,"A",.,"A",.,"A",.,"A",.,"A",.,"A",.,"A",.,"A",.,"A",.,"A",.,"A",270,"D",.,"A",.,"A"
"20115",2260435,35,0,"1",.,"A",.,"A",.,"A",.,"A",.,"A",.,"A",.,"A",.,"A",.,"A",.,"A",.,"A",.,"A",30,"D",.,"A",.,"A"
"20115",2260444,66,0,"1",.,"A",.,"A",.,"A",100,"D",.,"A",15,"D",.,"A",.,"A",.,"A",.,"A",.,"A",.,"A",120,"D",.,"A",.,"A"
"20115",2260455,67,0,"1",.,"A",.,"A",.,"A",.,"A",.,"A",.,"A",.,"A",.,"A",.,"A",.,"A",.,"A",.,"A",50,"D",.,"A",.,"A"
"20115",2260464,46,0,"1",.,"A",.,"A",.,"A",.,"A",60,"D",.,"A",.,"A",.,"A",.,"A",.,"A",.,"A",.,"A",150,"D",.,"A",.,"A"
"20115",2260485,37,0,"1",.,"A",.,"A",.,"A",.,"A",.,"A",.,"A",.,"A",.,"A",.,"A",.,"A",.,"A",.,"A",60,"D",.,"A",.,"A"
"20115",2260504,33,0,"1",.,"A",.,"A",.,"A",.,"A",.,"A",.,"A",650,"D",.,"A",.,"A",.,"A",.,"A",.,"A",.,"A",.,"A",.,"A"
"20115",2260525,98,0,"1",.,"A",.,"A",.,"A",.,"A",.,"A",.,"A",.,"A",.,"A",45,"D",.,"A",.,"A",.,"A",.,"A",.,"A",.,"A"
"20115",2260535,49,0,"1",.,"A",.,"A",.,"A",.,"A",.,"A",.,"A",234,"D",.,"A",.,"A",.,"A",.,"A",.,"A",.,"A",.,"A",.,"A"
"20115",2260574,95,0,"1",.,"A",.,"A",.,"A",.,"A",.,"A",50,"D",.,"A",.,"A",21,"D",.,"A",.,"A",.,"A",450,"D",.,"A",.,"A"
"20115",2260595,67,0,"1",.,"A",.,"A",.,"A",.,"A",.,"A",30,"D",.,"A",.,"A",.,"A",.,"A",.,"A",.,"A",200,"D",.,"A",.,"A"
"20115",2260634,33,0,"1",30,"D",.,"A",.,"A",.,"A",90,"D",.,"A",.,"A",.,"A",.,"A",150,"D",90,"D",60,"D",75,"D",50,"D",.,"A"
"20115",2260644,55,0,"1",.,"A",.,"A",.,"A",.,"A",.,"A",.,"A",585,"D",.,"A",.,"A",.,"A",.,"A",.,"A",.,"A",.,"A",.,"A"
"20115",2260655,54,0,"1",.,"A",.,"A",.,"A",.,"A",.,"A",.,"A",.,"A",.,"A",.,"A",.,"A",.,"A",.,"A",.,"A",.,"A",.,"A"
"20115",2260665,49,0,"1",.,"A",.,"A",.,"A",.,"A",.,"A",.,"A",1300,"D",.,"A",.,"A",.,"A",.,"A",.,"A",.,"A",.,"A",.,"A"
"20115",2260684,33,0,"1",.,"A",.,"A",.,"A",.,"A",100,"D",.,"A",.,"A",.,"A",.,"A",.,"A",.,"A",.,"A",65,"D",.,"A",.,"A"
"20115",2260704,45,0,"1",.,"A",.,"A",.,"A",.,"A",.,"A",.,"A",.,"A",.,"A",.,"A",.,"A",.,"A",.,"A",240,"D",.,"A",.,"A"
"20115",2260715,44,0,"1",.,"A",.,"A",.,"A",.,"A",.,"A",.,"A",.,"A",.,"A",30,"D",.,"A",.,"A",.,"A",90,"D",.,"A",.,"A"
"20115",2260754,60,0,"1",.,"A",.,"A",.,"A",.,"A",.,"A",.,"A",.,"A",.,"A",.,"A",.,"A",.,"A",.,"A",100,"D",.,"A",.,"A"
"20115",2260764,33,0,"1",3,"D",.,"A",.,"A",.,"A",7,"D",.,"A",.,"A",.,"A",.,"A",.,"A",.,"A",.,"A",10,"D",.,"A",.,"A"
"20115",2260784,33,0,"1",.,"A",.,"A",.,"A",.,"A",.,"A",.,"A",.,"A",.,"A",.,"A",.,"A",.,"A",.,"A",50,"D",.,"A",.,"A"
"20115",2260794,38,0,"1",.,"A",.,"A",.,"A",.,"A",.,"A",.,"A",.,"A",.,"A",.,"A",.,"A",.,"A",.,"A",.,"A",.,"A",.,"A"
"20115",2260804,78,0,"1",40,"D",.,"A",.,"A",.,"A",0,"D",.,"A",.,"A",.,"A",.,"A",.,"A",.,"A",.,"A",165,"D",.,"A",.,"A"
"20115",2260834,48,0,"1",.,"A",.,"A",.,"A",.,"A",.,"A",.,"A",.,"A",.,"A",.,"A",.,"A",.,"A",.,"A",13,"D",.,"A",.,"A"
"20115",2260875,53,0,"1",.,"A",.,"A",.,"A",.,"A",.,"A",.,"A",390,"D",78,"D",.,"A",.,"A",.,"A",.,"A",.,"A",.,"A",.,"A"
"20115",2260884,53,0,"1",.,"A",.,"A",.,"A",.,"A",.,"A",50,"D",.,"A",.,"A",.,"A",.,"A",.,"A",.,"A",150,"D",.,"A",.,"A"
"20115",2260935,82,0,"1",.,"A",.,"A",.,"A",.,"A",.,"A",40,"D",.,"A",.,"A",.,"A",.,"A",.,"A",.,"A",125,"D",.,"A",.,"A"
"20115",2260954,61,0,"1",.,"A",.,"A",.,"A",200,"D",.,"A",.,"A",.,"A",.,"A",36,"D",.,"A",.,"A",.,"A",225,"D",.,"A",.,"A"
"20115",2260974,46,0,"1",.,"A",.,"A",.,"A",.,"A",.,"A",160,"D",.,"A",.,"A",96,"D",.,"A",.,"A",.,"A",.,"A",.,"A",.,"A"
"20115",2260985,62,0,"1",.,"A",.,"A",.,"A",.,"A",.,"A",.,"A",.,"A",.,"A",.,"A",.,"A",.,"A",.,"A",55,"D",.,"A",.,"A"
"20115",2261005,43,0,"1",.,"A",.,"A",.,"A",.,"A",60,"D",.,"A",.,"A",.,"A",.,"A",.,"A",.,"A",.,"A",.,"A",.,"A",.,"A"
"20115",2261044,74,0,"1",.,"A",.,"A",.,"A",.,"A",.,"A",.,"A",.,"A",.,"A",.,"A",.,"A",.,"A",.,"A",84,"D",.,"A",.,"A"
"20115",2261055,37,0,"1",.,"A",.,"A",.,"A",.,"A",.,"A",.,"A",.,"A",.,"A",.,"A",.,"A",.,"A",.,"A",118,"D",.,"A",.,"A"
"20115",2261075,53,0,"1",.,"A",.,"A",.,"A",.,"A",66,"D",.,"A",.,"A",.,"A",.,"A",0,"D",0,"D",144,"D",24,"D",0,"D",.,"A"
"20115",2261084,48,0,"1",20,"D",.,"A",59,"D",.,"A",35,"D",.,"A",.,"A",.,"A",.,"A",.,"A",.,"A",.,"A",40,"D",.,"A",.,"A"
"20115",2261095,43,0,"1",.,"A",.,"A",.,"A",.,"A",.,"A",18,"D",.,"A",.,"A",.,"A",.,"A",.,"A",.,"A",.,"A",.,"A",.,"A"
"20115",2261104,72,0,"1",.,"A",.,"A",.,"A",.,"A",.,"A",20,"D",.,"A",.,"A",.,"A",.,"A",.,"A",.,"A",100,"D",.,"A",.,"A"
"20115",2261115,72,0,"1",.,"A",.,"A",.,"A",.,"A",.,"A",.,"A",.,"A",195,"D",.,"A",.,"A",.,"A",.,"A",80,"D",.,"A",.,"A"
"20115",2261134,61,0,"1",.,"A",.,"A",.,"A",.,"A",.,"A",.,"A",.,"A",.,"A",.,"A",.,"A",.,"A",.,"A",150,"D",.,"A",.,"A"
"20115",2261165,37,0,"1",.,"A",.,"A",.,"A",.,"A",135,"D",.,"A",.,"A",.,"A",.,"A",225,"D",0,"D",0,"D",35,"D",75,"D",.,"A"
"20115",2261184,54,0,"1",.,"A",.,"A",.,"A",.,"A",.,"A",55,"D",.,"A",.,"A",.,"A",.,"A",.,"A",.,"A",200,"D",.,"A",.,"A"
"20115",2261204,41,0,"1",.,"A",.,"A",.,"A",.,"A",.,"A",.,"A",.,"A",.,"A",.,"A",.,"A",.,"A",.,"A",.,"A",.,"A",.,"A"
"20115",2261235,54,0,"1",.,"A",.,"A",.,"A",.,"A",.,"A",.,"A",.,"A",.,"A",.,"A",.,"A",.,"A",.,"A",183,"D",.,"A",.,"A"
"20115",2261244,52,0,"1",.,"A",.,"A",.,"A",.,"A",.,"A",.,"A",.,"A",.,"A",.,"A",.,"A",.,"A",.,"A",100,"D",.,"A",.,"A"
"20115",2261255,70,0,"1",.,"A",.,"A",.,"A",.,"A",.,"A",.,"A",.,"A",.,"A",.,"A",.,"A",.,"A",.,"A",605,"D",.,"A",.,"A"
"20115",2261274,113,0,"1",.,"A",.,"A",.,"A",.,"A",.,"A",.,"A",.,"A",.,"A",.,"A",.,"A",.,"A",.,"A",168,"D",.,"A",.,"A"
"20115",2261295,66,0,"1",.,"A",.,"A",.,"A",.,"A",.,"A",.,"A",.,"A",.,"A",.,"A",.,"A",.,"A",.,"A",230,"D",.,"A",.,"A"
"20115",2261324,62,0,"1",.,"A",.,"A",.,"A",.,"A",.,"A",.,"A",.,"A",.,"A",.,"A",.,"A",.,"A",.,"A",80,"D",.,"A",.,"A"
"20115",2261384,63,0,"1",.,"A",.,"A",.,"A",.,"A",.,"A",180,"D",.,"A",.,"A",.,"A",.,"A",.,"A",.,"A",525,"D",.,"A",.,"A"
"20115",2261454,54,0,"1",.,"A",.,"A",.,"A",.,"A",.,"A",.,"A",.,"A",.,"A",.,"A",.,"A",.,"A",.,"A",155,"D",.,"A",.,"A"
"20115",2261465,54,0,"1",.,"A",.,"A",.,"A",.,"A",.,"A",.,"A",130,"D",234,"D",.,"A",.,"A",.,"A",.,"A",48,"D",.,"A",.,"A"
"20115",2261475,74,0,"1",.,"A",.,"A",.,"A",.,"A",.,"A",.,"A",.,"A",.,"A",.,"A",.,"A",.,"A",.,"A",300,"D",.,"A",.,"A"
"20115",2261484,51,0,"1",21,"D",.,"A",.,"A",.,"A",57,"D",.,"A",.,"A",.,"A",.,"A",.,"A",.,"A",.,"A",.,"A",.,"A",.,"A"
"20115",2261515,43,0,"1",17,"D",.,"A",.,"A",.,"A",48,"D",.,"A",.,"A",.,"A",.,"A",0,"D",0,"D",18,"D",.,"A",0,"D",.,"A"
"20115",2261525,65,0,"1",.,"A",.,"A",.,"A",.,"A",.,"A",.,"A",.,"A",.,"A",.,"A",.,"A",.,"A",.,"A",.,"A",.,"A",.,"A"
"20115",2261545,44,0,"1",12,"D",.,"A",.,"A",.,"A",13,"D",.,"A",.,"A",.,"A",75,"D",45,"D",0,"D",0,"D",50,"D",15,"D",45,"D"
"20115",2261554,50,0,"1",.,"A",.,"A",.,"A",.,"A",.,"A",.,"A",.,"A",.,"A",.,"A",.,"A",.,"A",.,"A",30,"D",.,"A",.,"A"
"20115",2261564,44,0,"1",.,"A",.,"A",.,"A",.,"A",130,"D",.,"A",.,"A",.,"A",.,"A",.,"A",.,"A",.,"A",.,"A",.,"A",.,"A"
"20115",2261575,53,0,"1",.,"A",.,"A",.,"A",.,"A",.,"A",.,"A",.,"A",.,"A",.,"A",.,"A",.,"A",.,"A",.,"A",.,"A",.,"A"
"20115",2261595,34,0,"1",.,"A",.,"A",.,"A",.,"A",.,"A",70,"D",.,"A",.,"A",.,"A",.,"A",.,"A",.,"A",100,"D",.,"A",.,"A"
"20115",2261605,53,0,"1",.,"A",.,"A",.,"A",.,"A",.,"A",.,"A",520,"D",.,"A",.,"A",.,"A",.,"A",.,"A",.,"A",.,"A",.,"A"
"20115",2261635,48,0,"1",.,"A",.,"A",.,"A",.,"A",.,"A",.,"A",.,"A",.,"A",.,"A",.,"A",.,"A",.,"A",.,"A",.,"A",.,"A"
"20115",2261645,49,0,"1",.,"A",.,"A",.,"A",.,"A",.,"A",.,"A",.,"A",.,"A",.,"A",.,"A",.,"A",.,"A",120,"D",.,"A",.,"A"
"20115",2261654,60,0,"1",.,"A",.,"A",.,"A",.,"A",.,"A",.,"A",.,"A",.,"A",.,"A",.,"A",.,"A",.,"A",210,"D",.,"A",.,"A"
"20115",2261705,56,0,"1",10,"D",.,"A",.,"A",.,"A",0,"D",.,"A",455,"D",.,"A",.,"A",.,"A",.,"A",.,"A",25,"D",.,"A",.,"A"
"20115",2261775,65,0,"1",.,"A",.,"A",.,"A",.,"A",.,"A",.,"A",.,"A",.,"A",.,"A",.,"A",.,"A",.,"A",450,"D",.,"A",.,"A"
"20115",2261785,50,0,"1",.,"A",.,"A",.,"A",.,"A",.,"A",.,"A",520,"D",.,"A",.,"A",.,"A",.,"A",.,"A",.,"A",.,"A",.,"A"
"20115",2261794,46,0,"1",.,"A",.,"A",.,"A",.,"A",.,"A",.,"A",260,"D",.,"A",.,"A",.,"A",.,"A",.,"A",390,"D",.,"A",.,"A"
"20115",2261804,32,0,"1",.,"A",.,"A",.,"A",.,"A",.,"A",.,"A",.,"A",.,"A",.,"A",.,"A",.,"A",.,"A",.,"A",.,"A",.,"A"
"20115",2261824,35,0,"1",.,"A",.,"A",.,"A",.,"A",.,"A",120,"D",.,"A",.,"A",.,"A",.,"A",.,"A",.,"A",.,"A",.,"A",.,"A"
"20115",2261854,22,0,"1",.,"A",.,"A",.,"A",.,"A",.,"A",.,"A",.,"A",.,"A",.,"A",.,"A",.,"A",.,"A",.,"A",.,"A",.,"A"
"20115",2261864,61,0,"1",.,"A",.,"A",.,"A",.,"A",.,"A",100,"D",.,"A",.,"A",.,"A",.,"A",.,"A",.,"A",100,"D",.,"A",.,"A"
"20115",2261884,56,0,"1",.,"A",.,"A",40,"D",.,"A",.,"A",.,"A",.,"A",.,"A",.,"A",.,"A",.,"A",.,"A",.,"A",.,"A",.,"A"
"20115",2261925,50,0,"1",.,"A",.,"A",.,"A",.,"A",.,"A",.,"A",.,"A",.,"A",.,"A",.,"A",.,"A",.,"A",45,"D",.,"A",.,"A"
"20115",2261974,37,0,"1",.,"A",.,"A",.,"A",.,"A",.,"A",.,"A",.,"A",.,"A",.,"A",.,"A",.,"A",.,"A",.,"A",.,"A",.,"A"
"20115",2262014,45,0,"1",.,"A",.,"A",.,"A",.,"A",.,"A",.,"A",.,"A",.,"A",.,"A",.,"A",.,"A",.,"A",.,"A",.,"A",.,"A"
"20115",2262024,46,0,"1",.,"A",.,"A",.,"A",.,"A",50,"D",.,"A",.,"A",.,"A",15,"D",.,"A",.,"A",.,"A",.,"A",.,"A",.,"A"
"20115",2262094,46,0,"1",.,"A",.,"A",.,"A",.,"A",.,"A",.,"A",.,"A",.,"A",.,"A",.,"A",.,"A",.,"A",.,"A",.,"A",.,"A"
"20115",2262114,62,0,"1",.,"A",.,"A",.,"A",.,"A",.,"A",.,"A",.,"A",.,"A",.,"A",.,"A",.,"A",.,"A",.,"A",.,"A",.,"A"
"20115",2262175,64,0,"1",.,"A",.,"A",.,"A",.,"A",.,"A",.,"A",.,"A",.,"A",.,"A",.,"A",.,"A",.,"A",240,"D",.,"A",.,"A"
"20115",2262184,21,0,"1",.,"A",.,"A",.,"A",.,"A",.,"A",.,"A",.,"A",.,"A",.,"A",.,"A",.,"A",.,"A",.,"A",.,"A",.,"A"
"20115",2262205,31,0,"1",.,"A",.,"A",.,"A",.,"A",20,"D",.,"A",.,"A",.,"A",.,"A",.,"A",.,"A",.,"A",20,"D",.,"A",.,"A"
"20115",2262215,55,0,"1",.,"A",.,"A",125,"D",.,"A",75,"D",225,"D",.,"A",.,"A",.,"A",0,"D",0,"D",60,"D",45,"D",0,"D",.,"A"
"20115",2262235,35,0,"1",.,"A",.,"A",.,"A",.,"A",.,"A",.,"A",65,"D",.,"A",.,"A",.,"A",.,"A",.,"A",.,"A",.,"A",.,"A"
"20115",2262274,34,0,"1",.,"A",.,"A",.,"A",.,"A",.,"A",.,"A",260,"D",.,"A",.,"A",.,"A",.,"A",.,"A",.,"A",.,"A",.,"A"
"20115",2262285,46,0,"1",.,"A",.,"A",.,"A",.,"A",.,"A",.,"A",.,"A",.,"A",.,"A",.,"A",.,"A",.,"A",.,"A",.,"A",.,"A"
"20115",2262304,48,0,"1",.,"A",.,"A",.,"A",.,"A",.,"A",.,"A",.,"A",.,"A",.,"A",.,"A",.,"A",.,"A",245,"D",.,"A",.,"A"
"20115",2262325,69,0,"1",.,"A",.,"A",.,"A",.,"A",.,"A",105,"D",.,"A",.,"A",60,"D",.,"A",.,"A",.,"A",600,"D",.,"A",.,"A"
"20115",2262335,51,0,"1",.,"A",.,"A",.,"A",.,"A",.,"A",.,"A",.,"A",.,"A",.,"A",.,"A",.,"A",.,"A",50,"D",.,"A",.,"A"
"20115",2262355,79,0,"1",.,"A",.,"A",.,"A",.,"A",.,"A",40,"D",.,"A",.,"A",9,"D",.,"A",.,"A",.,"A",25,"D",.,"A",.,"A"
"20115",2262415,60,0,"1",25,"D",.,"A",.,"A",.,"A",125,"D",150,"D",.,"A",.,"A",.,"A",0,"D",0,"D",30,"D",145,"D",0,"D",.,"A"
"20115",2262455,95,0,"1",.,"A",.,"A",.,"A",9,"D",.,"A",240,"D",.,"A",.,"A",.,"A",.,"A",.,"A",.,"A",150,"D",.,"A",.,"A"
"20115",2262504,64,0,"1",.,"A",.,"A",.,"A",.,"A",.,"A",180,"D",.,"A",.,"A",30,"D",360,"D",0,"D",0,"D",180,"D",120,"D",.,"A"
"20115",2262525,61,0,"1",.,"A",.,"A",.,"A",.,"A",.,"A",.,"A",.,"A",.,"A",.,"A",.,"A",.,"A",.,"A",37,"D",.,"A",.,"A"
"20115",2262564,23,0,"1",.,"A",.,"A",.,"A",.,"A",.,"A",.,"A",.,"A",.,"A",.,"A",.,"A",.,"A",.,"A",.,"A",.,"A",.,"A"
"20115",2262574,28,0,"1",.,"A",.,"A",.,"A",.,"A",120,"D",.,"A",.,"A",.,"A",.,"A",1200,"D",0,"D",30,"D",200,"D",400,"D",.,"A"
"20115",2262605,39,0,"1",.,"A",.,"A",.,"A",.,"A",20,"D",.,"A",65,"D",.,"A",.,"A",120,"D",0,"D",0,"D",10,"D",40,"D",.,"A"
"20115",2262614,53,0,"1",.,"A",.,"A",.,"A",.,"A",.,"A",.,"A",650,"D",.,"A",21,"D",.,"A",.,"A",.,"A",40,"D",.,"A",.,"A"
"20115",2262674,41,0,"1",.,"A",.,"A",.,"A",.,"A",120,"D",.,"A",.,"A",.,"A",.,"A",.,"A",.,"A",.,"A",.,"A",.,"A",.,"A"
"20115",2262684,50,0,"1",.,"A",.,"A",.,"A",.,"A",.,"A",.,"A",.,"A",.,"A",.,"A",.,"A",.,"A",.,"A",45,"D",.,"A",.,"A"
"20115",2262695,74,0,"1",.,"A",.,"A",.,"A",.,"A",16,"D",16,"D",.,"A",.,"A",6,"D",.,"A",.,"A",.,"A",300,"D",.,"A",.,"A"
"20115",2262705,46,0,"1",60,"D",.,"A",.,"A",.,"A",180,"D",.,"A",.,"A",.,"A",.,"A",.,"A",.,"A",.,"A",.,"A",.,"A",.,"A"
"20115",2262744,58,0,"1",.,"A",.,"A",.,"A",.,"A",.,"A",.,"A",.,"A",.,"A",.,"A",450,"D",0,"D",0,"D",15,"D",150,"D",.,"A"
"20115",2262754,56,0,"1",.,"A",.,"A",.,"A",.,"A",.,"A",.,"A",.,"A",.,"A",3,"D",.,"A",.,"A",.,"A",100,"D",.,"A",.,"A"
"20115",2262764,37,0,"1",.,"A",.,"A",.,"A",.,"A",.,"A",.,"A",.,"A",.,"A",.,"A",.,"A",.,"A",.,"A",.,"A",.,"A",.,"A"
"20115",2262895,48,0,"1",.,"A",.,"A",.,"A",.,"A",.,"A",.,"A",.,"A",.,"A",.,"A",.,"A",.,"A",.,"A",50,"D",.,"A",.,"A"
"20115",2262915,58,0,"1",.,"A",.,"A",.,"A",.,"A",.,"A",.,"A",.,"A",.,"A",.,"A",.,"A",.,"A",.,"A",50,"D",.,"A",.,"A"
"20115",2262965,112,0,"1",.,"A",.,"A",.,"A",.,"A",.,"A",.,"A",1248,"D",.,"A",.,"A",.,"A",.,"A",.,"A",54,"D",.,"A",.,"A"
"20115",2262974,66,0,"1",.,"A",.,"A",.,"A",.,"A",.,"A",.,"A",.,"A",.,"A",.,"A",.,"A",.,"A",.,"A",110,"D",.,"A",.,"A"
"20115",2262984,32,0,"1",.,"A",.,"A",.,"A",.,"A",60,"D",.,"A",.,"A",.,"A",.,"A",.,"A",.,"A",.,"A",.,"A",.,"A",.,"A"
"20115",2263024,45,0,"1",.,"A",.,"A",.,"A",.,"A",.,"A",.,"A",.,"A",.,"A",.,"A",.,"A",.,"A",.,"A",.,"A",.,"A",.,"A"
"20115",2263034,29,0,"1",.,"A",.,"A",.,"A",.,"A",.,"A",.,"A",.,"A",.,"A",.,"A",.,"A",.,"A",.,"A",.,"A",.,"A",.,"A"
"20115",2263105,47,0,"1",.,"A",.,"A",.,"A",.,"A",.,"A",.,"A",.,"A",.,"A",.,"A",.,"A",.,"A",.,"A",.,"A",.,"A",.,"A"
"20115",2263124,46,0,"1",.,"A",.,"A",.,"A",.,"A",.,"A",.,"A",.,"A",.,"A",.,"A",.,"A",.,"A",.,"A",100,"D",.,"A",.,"A"
"20115",2263165,71,0,"1",.,"A",.,"A",.,"A",.,"A",.,"A",.,"A",.,"A",.,"A",.,"A",15,"D",0,"D",0,"D",100,"D",5,"D",.,"A"
"20115",2263184,59,0,"1",.,"A",.,"A",.,"A",.,"A",.,"A",.,"A",.,"A",.,"A",.,"A",.,"A",.,"A",.,"A",.,"A",.,"A",.,"A"
"20115",2263195,56,0,"1",.,"A",.,"A",.,"A",.,"A",.,"A",.,"A",.,"A",.,"A",.,"A",.,"A",.,"A",.,"A",.,"A",.,"A",.,"A"
"20115",2263235,45,0,"1",.,"A",.,"A",.,"A",.,"A",.,"A",.,"A",.,"A",.,"A",30,"D",0,"D",0,"D",30,"D",180,"D",0,"D",.,"A"
"20115",2263244,49,0,"1",.,"A",.,"A",.,"A",.,"A",.,"A",.,"A",.,"A",.,"A",.,"A",0,"D",0,"D",90,"D",60,"D",0,"D",.,"A"
"20115",2263294,27,0,"1",.,"A",.,"A",.,"A",.,"A",.,"A",.,"A",.,"A",.,"A",.,"A",.,"A",.,"A",.,"A",.,"A",.,"A",.,"A"
"20115",2263305,57,0,"1",.,"A",.,"A",.,"A",.,"A",.,"A",.,"A",.,"A",.,"A",.,"A",231,"D",0,"D",0,"D",200,"D",77,"D",75,"D"
"20115",2263315,45,0,"1",.,"A",20,"D",.,"A",.,"A",.,"A",0,"D",.,"A",.,"A",.,"A",.,"A",.,"A",.,"A",80,"D",.,"A",.,"A"
"20115",2263325,36,0,"1",.,"A",.,"A",.,"A",.,"A",.,"A",.,"A",.,"A",.,"A",.,"A",.,"A",.,"A",.,"A",.,"A",.,"A",.,"A"
"20115",2263344,58,0,"1",.,"A",.,"A",.,"A",.,"A",.,"A",.,"A",104,"D",.,"A",.,"A",.,"A",.,"A",.,"A",60,"D",.,"A",.,"A"
"20115",2263355,44,0,"1",.,"A",.,"A",.,"A",.,"A",.,"A",.,"A",.,"A",.,"A",.,"A",.,"A",.,"A",.,"A",.,"A",.,"A",.,"A"
"20115",2263364,32,0,"1",.,"A",.,"A",.,"A",.,"A",.,"A",.,"A",312,"D",.,"A",.,"A",.,"A",.,"A",.,"A",.,"A",.,"A",.,"A"
"20115",2263385,71,0,"1",.,"A",.,"A",55,"D",.,"A",.,"A",.,"A",.,"A",.,"A",6,"D",.,"A",.,"A",.,"A",100,"D",.,"A",.,"A"
"20115",2263414,36,0,"1",.,"A",.,"A",.,"A",.,"A",.,"A",.,"A",.,"A",.,"A",.,"A",.,"A",.,"A",.,"A",.,"A",.,"A",.,"A"
"20115",2263425,62,0,"1",.,"A",.,"A",.,"A",.,"A",.,"A",.,"A",455,"D",.,"A",.,"A",.,"A",.,"A",.,"A",65,"D",.,"A",.,"A"
"20115",2263485,42,0,"1",.,"A",.,"A",.,"A",.,"A",.,"A",45,"D",.,"A",.,"A",.,"A",.,"A",.,"A",.,"A",200,"D",.,"A",.,"A"
"20115",2263495,71,0,"1",.,"A",.,"A",.,"A",.,"A",.,"A",240,"D",.,"A",.,"A",.,"A",.,"A",.,"A",.,"A",125,"D",.,"A",.,"A"
"20115",2263524,38,0,"1",.,"A",.,"A",.,"A",.,"A",.,"A",.,"A",650,"D",.,"A",.,"A",.,"A",.,"A",.,"A",.,"A",.,"A",.,"A"
"20115",2263535,42,0,"1",.,"A",.,"A",.,"A",.,"A",.,"A",.,"A",.,"A",.,"A",.,"A",.,"A",.,"A",.,"A",30,"D",.,"A",.,"A"
"20115",2263554,39,0,"1",.,"A",.,"A",.,"A",.,"A",.,"A",.,"A",.,"A",.,"A",.,"A",.,"A",.,"A",.,"A",300,"D",.,"A",.,"A"
"20115",2263594,45,0,"1",.,"A",.,"A",.,"A",.,"A",.,"A",.,"A",.,"A",.,"A",.,"A",.,"A",.,"A",.,"A",.,"A",.,"A",.,"A"
"20115",2263614,25,0,"1",.,"A",.,"A",.,"A",.,"A",.,"A",.,"A",.,"A",.,"A",.,"A",.,"A",.,"A",.,"A",.,"A",.,"A",.,"A"
"20115",2263664,46,0,"1",.,"A",.,"A",.,"A",.,"A",240,"D",100,"D",.,"A",.,"A",.,"A",.,"A",.,"A",.,"A",75,"D",.,"A",.,"A"
"20115",2263684,35,0,"1",.,"A",.,"A",.,"A",.,"A",.,"A",.,"A",.,"A",.,"A",.,"A",.,"A",.,"A",.,"A",.,"A",.,"A",.,"A"
"20115",2263725,53,0,"1",.,"A",.,"A",.,"A",.,"A",.,"A",.,"A",.,"A",.,"A",.,"A",.,"A",.,"A",.,"A",250,"D",.,"A",.,"A"
"20115",2263754,38,0,"1",.,"A",.,"A",.,"A",.,"A",.,"A",.,"A",.,"A",.,"A",.,"A",.,"A",.,"A",.,"A",25,"D",.,"A",.,"A"
"20115",2263764,37,0,"1",.,"A",.,"A",.,"A",.,"A",.,"A",.,"A",.,"A",.,"A",.,"A",.,"A",.,"A",.,"A",.,"A",.,"A",.,"A"
"20115",2263774,48,0,"1",.,"A",.,"A",.,"A",.,"A",.,"A",.,"A",.,"A",.,"A",.,"A",.,"A",.,"A",.,"A",80,"D",.,"A",.,"A"
"20115",2263814,59,0,"1",.,"A",.,"A",.,"A",50,"D",.,"A",.,"A",.,"A",.,"A",.,"A",240,"D",0,"D",135,"D",150,"D",80,"D",.,"A"
"20115",2263825,55,0,"1",.,"A",.,"A",.,"A",.,"A",.,"A",.,"A",.,"A",.,"A",.,"A",.,"A",.,"A",.,"A",20,"D",.,"A",.,"A"
"20115",2263845,38,0,"1",.,"A",.,"A",.,"A",.,"A",.,"A",40,"D",.,"A",.,"A",.,"A",.,"A",.,"A",.,"A",80,"D",.,"A",.,"A"
"20115",2263855,29,0,"1",.,"A",.,"A",.,"A",.,"A",.,"A",.,"A",.,"A",.,"A",.,"A",.,"A",.,"A",.,"A",.,"A",.,"A",.,"A"
"20115",2263874,33,0,"1",.,"A",.,"A",.,"A",8,"D",.,"A",.,"A",.,"A",.,"A",.,"A",.,"A",.,"A",.,"A",85,"D",.,"A",.,"A"
"20115",2263944,37,0,"1",.,"A",.,"A",.,"A",.,"A",.,"A",.,"A",.,"A",.,"A",.,"A",.,"A",.,"A",.,"A",120,"D",.,"A",.,"A"
"20115",2263955,73,0,"1",.,"A",.,"A",.,"A",50,"D",.,"A",.,"A",.,"A",.,"A",.,"A",0,"D",0,"D",15,"D",50,"D",0,"D",.,"A"
"20115",2263994,41,0,"1",.,"A",.,"A",.,"A",.,"A",.,"A",.,"A",.,"A",.,"A",.,"A",.,"A",.,"A",.,"A",.,"A",.,"A",.,"A"
"20115",2264005,42,0,"1",.,"A",.,"A",.,"A",.,"A",60,"D",60,"D",.,"A",195,"D",.,"A",.,"A",.,"A",.,"A",180,"D",.,"A",.,"A"
"20115",2264055,39,0,"1",.,"A",.,"A",.,"A",.,"A",.,"A",.,"A",.,"A",.,"A",.,"A",.,"A",.,"A",.,"A",.,"A",.,"A",.,"A"
"20115",2264084,41,0,"1",.,"A",.,"A",.,"A",.,"A",.,"A",.,"A",234,"D",.,"A",.,"A",.,"A",.,"A",.,"A",.,"A",.,"A",.,"A"
"20115",2264095,39,0,"1",.,"A",.,"A",.,"A",.,"A",5,"D",.,"A",.,"A",.,"A",.,"A",.,"A",.,"A",.,"A",.,"A",.,"A",.,"A"
"20115",2264114,44,0,"1",.,"A",.,"A",.,"A",.,"A",.,"A",50,"D",.,"A",.,"A",.,"A",.,"A",.,"A",.,"A",240,"D",.,"A",.,"A"
"20115",2264164,59,0,"1",.,"A",.,"A",.,"A",.,"A",16,"D",.,"A",.,"A",.,"A",.,"A",.,"A",.,"A",.,"A",30,"D",.,"A",.,"A"
"20115",2264205,91,0,"1",.,"A",.,"A",.,"A",.,"A",.,"A",.,"A",.,"A",.,"A",.,"A",.,"A",.,"A",.,"A",.,"A",.,"A",.,"A"
"20115",2264224,34,0,"1",.,"A",.,"A",.,"A",.,"A",.,"A",.,"A",.,"A",.,"A",.,"A",.,"A",.,"A",.,"A",.,"A",.,"A",.,"A"
"20115",2264244,86,0,"1",.,"A",.,"A",.,"A",.,"A",.,"A",.,"A",.,"A",.,"A",.,"A",.,"A",.,"A",.,"A",135,"D",.,"A",.,"A"
"20115",2264255,40,0,"1",.,"A",.,"A",.,"A",.,"A",.,"A",.,"A",.,"A",.,"A",.,"A",.,"A",.,"A",.,"A",.,"A",.,"A",.,"A"
"20115",2264285,59,0,"1",.,"A",.,"A",.,"A",.,"A",.,"A",.,"A",.,"A",.,"A",.,"A",.,"A",.,"A",.,"A",137,"D",.,"A",.,"A"
"20115",2264305,31,0,"1",.,"A",.,"A",.,"A",.,"A",.,"A",.,"A",.,"A",.,"A",.,"A",.,"A",.,"A",.,"A",30,"D",.,"A",.,"A"
"20115",2264315,79,0,"1",.,"A",.,"A",.,"A",.,"A",.,"A",35,"D",.,"A",.,"A",.,"A",.,"A",.,"A",.,"A",60,"D",.,"A",.,"A"
"20115",2264325,92,0,"1",.,"A",.,"A",.,"A",.,"A",.,"A",150,"D",.,"A",.,"A",.,"A",.,"A",.,"A",.,"A",400,"D",.,"A",.,"A"
"20115",2264345,90,0,"1",.,"A",.,"A",.,"A",.,"A",.,"A",20,"D",.,"A",.,"A",9,"D",3,"D",0,"D",0,"D",60,"D",1,"D",.,"A"
"20115",2264364,67,0,"1",.,"A",.,"A",.,"A",.,"A",.,"A",50,"D",.,"A",.,"A",.,"A",.,"A",.,"A",.,"A",75,"D",.,"A",.,"A"
"20115",2264405,50,0,"1",.,"A",.,"A",75,"D",20,"D",.,"A",36,"D",.,"A",.,"A",42,"D",0,"D",0,"D",21,"D",.,"A",0,"D",.,"A"
"20115",2264414,40,0,"1",.,"A",.,"A",.,"A",.,"A",36,"D",.,"A",.,"A",.,"A",.,"A",300,"D",0,"D",0,"D",.,"A",100,"D",.,"A"
"20115",2264434,47,0,"1",.,"A",.,"A",.,"A",.,"A",.,"A",.,"A",.,"A",.,"A",.,"A",.,"A",.,"A",.,"A",200,"D",.,"A",.,"A"
"20115",2264444,38,0,"1",.,"A",.,"A",.,"A",.,"A",15,"D",55,"D",.,"A",.,"A",.,"A",.,"A",.,"A",.,"A",65,"D",.,"A",.,"A"
"20115",2264495,68,0,"1",.,"A",.,"A",.,"A",.,"A",.,"A",.,"A",.,"A",.,"A",.,"A",.,"A",.,"A",.,"A",140,"D",.,"A",.,"A"
"20115",2264535,89,0,"1",.,"A",.,"A",.,"A",.,"A",.,"A",.,"A",520,"D",.,"A",.,"A",.,"A",.,"A",.,"A",64,"D",.,"A",.,"A"
"20115",2264544,39,0,"1",.,"A",.,"A",.,"A",.,"A",.,"A",.,"A",.,"A",.,"A",.,"A",.,"A",.,"A",.,"A",33,"D",.,"A",.,"A"
"20115",2264565,34,0,"1",.,"A",.,"A",.,"A",.,"A",.,"A",.,"A",156,"D",.,"A",.,"A",.,"A",.,"A",.,"A",.,"A",.,"A",.,"A"
"20115",2264604,57,0,"1",.,"A",.,"A",.,"A",.,"A",.,"A",.,"A",.,"A",.,"A",.,"A",.,"A",.,"A",.,"A",60,"D",.,"A",.,"A"
"20115",2264615,54,0,"1",.,"A",.,"A",.,"A",.,"A",.,"A",.,"A",.,"A",.,"A",.,"A",.,"A",.,"A",.,"A",.,"A",.,"A",.,"A"
"20115",2264625,45,0,"1",.,"A",.,"A",.,"A",.,"A",.,"A",.,"A",.,"A",.,"A",.,"A",.,"A",.,"A",.,"A",115,"D",.,"A",.,"A"
"20115",2264645,41,0,"1",.,"A",.,"A",.,"A",.,"A",.,"A",.,"A",.,"A",.,"A",15,"D",.,"A",.,"A",.,"A",60,"D",.,"A",.,"A"
"20115",2264654,27,0,"1",.,"A",.,"A",.,"A",.,"A",.,"A",.,"A",.,"A",.,"A",.,"A",.,"A",.,"A",.,"A",.,"A",.,"A",.,"A"
"20115",2264734,39,0,"1",.,"A",.,"A",.,"A",.,"A",.,"A",.,"A",.,"A",.,"A",.,"A",.,"A",.,"A",.,"A",200,"D",.,"A",.,"A"
"20115",2264765,80,0,"1",.,"A",.,"A",.,"A",.,"A",.,"A",.,"A",.,"A",.,"A",.,"A",.,"A",.,"A",.,"A",160,"D",.,"A",.,"A"
"20115",2264834,29,0,"1",.,"A",.,"A",.,"A",.,"A",.,"A",.,"A",.,"A",.,"A",.,"A",312,"D",0,"D",0,"D",120,"D",104,"D",.,"A"
"20115",2264865,86,0,"1",.,"A",.,"A",.,"A",.,"A",.,"A",.,"A",.,"A",.,"A",.,"A",.,"A",.,"A",.,"A",40,"D",.,"A",.,"A"
"20115",2264875,28,0,"1",.,"A",.,"A",.,"A",.,"A",.,"A",.,"A",.,"A",.,"A",.,"A",.,"A",.,"A",.,"A",.,"A",.,"A",.,"A"
"20115",2264905,56,0,"1",.,"A",.,"A",.,"A",.,"A",.,"A",.,"A",.,"A",.,"A",.,"A",.,"A",.,"A",.,"A",.,"A",.,"A",.,"A"
"20115",2264924,57,0,"1",.,"A",.,"A",.,"A",.,"A",.,"A",.,"A",.,"A",.,"A",.,"A",.,"A",.,"A",.,"A",12,"D",.,"A",.,"A"
"20115",2264934,52,0,"1",.,"A",.,"A",.,"A",.,"A",.,"A",.,"A",.,"A",.,"A",.,"A",.,"A",.,"A",.,"A",50,"D",.,"A",.,"A"
"20115",2264984,63,0,"1",.,"A",.,"A",.,"A",.,"A",.,"A",40,"D",.,"A",.,"A",9,"D",.,"A",.,"A",.,"A",100,"D",.,"A",.,"A"
"20115",2264995,36,0,"1",.,"A",.,"A",.,"A",.,"A",.,"A",.,"A",.,"A",.,"A",.,"A",.,"A",.,"A",.,"A",.,"A",.,"A",.,"A"
"20115",2265004,46,0,"1",.,"A",.,"A",.,"A",.,"A",.,"A",.,"A",.,"A",.,"A",.,"A",.,"A",.,"A",.,"A",.,"A",.,"A",.,"A"
"20115",2265014,52,0,"1",.,"A",.,"A",.,"A",.,"A",.,"A",.,"A",.,"A",.,"A",.,"A",.,"A",.,"A",.,"A",120,"D",.,"A",.,"A"
"20115",2265024,35,0,"1",.,"A",.,"A",.,"A",.,"A",60,"D",.,"A",260,"D",.,"A",.,"A",.,"A",.,"A",.,"A",.,"A",.,"A",.,"A"
"20115",2265054,42,0,"1",.,"A",.,"A",.,"A",.,"A",.,"A",.,"A",.,"A",.,"A",.,"A",.,"A",.,"A",.,"A",50,"D",.,"A",.,"A"
"20115",2265084,81,0,"1",.,"A",.,"A",.,"A",.,"A",.,"A",.,"A",520,"D",.,"A",.,"A",.,"A",.,"A",.,"A",75,"D",.,"A",.,"A"
"20115",2265095,38,0,"1",.,"A",.,"A",.,"A",.,"A",450,"D",.,"A",546,"D",.,"A",.,"A",.,"A",.,"A",.,"A",75,"D",.,"A",.,"A"
"20115",2265105,61,0,"1",.,"A",.,"A",.,"A",.,"A",.,"A",.,"A",.,"A",.,"A",.,"A",.,"A",.,"A",.,"A",26,"D",.,"A",.,"A"
"20115",2265164,24,0,"1",.,"A",.,"A",.,"A",.,"A",.,"A",.,"A",.,"A",.,"A",.,"A",.,"A",.,"A",.,"A",.,"A",.,"A",.,"A"
"20115",2265185,43,0,"1",.,"A",.,"A",.,"A",15,"D",15,"D",.,"A",390,"D",.,"A",.,"A",0,"D",150,"D",27,"D",200,"D",0,"D",.,"A"
"20115",2265265,55,0,"1",.,"A",.,"A",.,"A",.,"A",.,"A",.,"A",.,"A",.,"A",.,"A",.,"A",.,"A",.,"A",.,"A",.,"A",.,"A"
"20115",2265304,36,0,"1",.,"A",.,"A",.,"A",.,"A",.,"A",.,"A",.,"A",.,"A",.,"A",.,"A",.,"A",.,"A",.,"A",.,"A",.,"A"
"20115",2265315,53,0,"1",.,"A",.,"A",.,"A",.,"A",.,"A",.,"A",.,"A",.,"A",.,"A",.,"A",.,"A",.,"A",.,"A",.,"A",.,"A"
"20115",2265344,85,0,"1",.,"A",.,"A",55,"D",.,"A",.,"A",325,"D",780,"D",.,"A",60,"D",.,"A",.,"A",.,"A",400,"D",.,"A",.,"A"
"20115",2265355,48,0,"1",.,"A",.,"A",40,"D",.,"A",.,"A",.,"A",.,"A",.,"A",.,"A",0,"D",0,"D",60,"D",.,"A",0,"D",.,"A"
"20115",2265385,74,0,"1",.,"A",.,"A",.,"A",.,"A",.,"A",.,"A",.,"A",.,"A",.,"A",.,"A",.,"A",.,"A",.,"A",.,"A",.,"A"
"20115",2265415,38,0,"1",.,"A",.,"A",.,"A",.,"A",.,"A",.,"A",.,"A",.,"A",.,"A",.,"A",.,"A",.,"A",.,"A",.,"A",.,"A"
"20115",2265465,39,0,"1",.,"A",.,"A",.,"A",.,"A",120,"D",.,"A",.,"A",.,"A",.,"A",0,"D",0,"D",15,"D",30,"D",0,"D",.,"A"
"20115",2265484,71,0,"1",.,"A",.,"A",.,"A",.,"A",.,"A",.,"A",.,"A",.,"A",.,"A",.,"A",.,"A",.,"A",60,"D",.,"A",.,"A"
"20115",2265575,99,0,"1",.,"A",.,"A",.,"A",.,"A",.,"A",.,"A",.,"A",.,"A",.,"A",.,"A",.,"A",.,"A",95,"D",.,"A",.,"A"
"20115",2265604,27,0,"1",.,"A",.,"A",.,"A",.,"A",.,"A",.,"A",.,"A",.,"A",.,"A",.,"A",.,"A",.,"A",.,"A",.,"A",.,"A"
"20115",2265635,36,0,"1",.,"A",.,"A",.,"A",.,"A",.,"A",.,"A",.,"A",.,"A",.,"A",.,"A",.,"A",.,"A",.,"A",.,"A",.,"A"
"20115",2265644,50,0,"1",.,"A",.,"A",.,"A",.,"A",.,"A",.,"A",.,"A",.,"A",.,"A",.,"A",.,"A",.,"A",50,"D",.,"A",.,"A"
"20115",2265665,42,0,"1",.,"A",.,"A",.,"A",.,"A",.,"A",.,"A",.,"A",.,"A",.,"A",.,"A",.,"A",.,"A",75,"D",.,"A",.,"A"
"20115",2265684,54,0,"1",.,"A",.,"A",.,"A",.,"A",.,"A",.,"A",.,"A",.,"A",.,"A",.,"A",.,"A",.,"A",8,"D",.,"A",.,"A"
"20115",2265715,43,0,"1",.,"A",.,"A",.,"A",.,"A",.,"A",.,"A",.,"A",.,"A",6,"D",.,"A",.,"A",.,"A",.,"A",.,"A",.,"A"
"20115",2265724,29,0,"1",.,"A",.,"A",.,"A",.,"A",20,"F",.,"A",.,"A",.,"A",.,"A",.,"A",.,"A",.,"A",.,"A",.,"A",.,"A"
"20115",2265734,46,0,"1",.,"A",.,"A",.,"A",.,"A",.,"A",120,"D",.,"A",.,"A",.,"A",.,"A",.,"A",.,"A",400,"D",.,"A",.,"A"
"20115",2265755,59,0,"1",.,"A",.,"A",.,"A",.,"A",.,"A",.,"A",.,"A",.,"A",45,"D",.,"A",.,"A",.,"A",155,"D",.,"A",.,"A"
"20115",2265765,71,0,"1",.,"A",.,"A",.,"A",.,"A",.,"A",.,"A",.,"A",.,"A",.,"A",.,"A",.,"A",.,"A",.,"A",.,"A",.,"A"
"20115",2265774,34,0,"1",.,"A",.,"A",.,"A",.,"A",.,"A",.,"A",.,"A",.,"A",.,"A",.,"A",.,"A",.,"A",30,"D",.,"A",.,"A"
"20115",2265795,56,0,"1",.,"A",.,"A",.,"A",.,"A",.,"A",.,"A",.,"A",.,"A",.,"A",.,"A",.,"A",.,"A",100,"D",.,"A",.,"A"
"20115",2265844,40,0,"1",.,"A",.,"A",.,"A",.,"A",.,"A",.,"A",.,"A",195,"D",.,"A",.,"A",.,"A",.,"A",.,"A",.,"A",.,"A"
"20115",2265855,45,0,"1",.,"A",.,"A",.,"A",.,"A",.,"A",.,"A",.,"A",.,"A",.,"A",.,"A",.,"A",.,"A",.,"A",.,"A",.,"A"
"20115",2265875,96,0,"1",.,"A",.,"A",.,"A",.,"A",.,"A",110,"D",130,"D",.,"A",.,"A",.,"A",.,"A",.,"A",350,"D",.,"A",.,"A"
"20115",2265884,40,0,"1",.,"A",.,"A",.,"A",.,"A",.,"A",90,"D",.,"A",.,"A",.,"A",.,"A",.,"A",.,"A",70,"D",.,"A",.,"A"
"20115",2265925,41,0,"1",.,"A",.,"A",.,"A",.,"A",.,"A",.,"A",.,"A",.,"A",.,"A",0,"D",0,"D",0,"D",.,"A",0,"D",.,"A"
"20115",2265954,23,0,"1",12,"D",.,"A",.,"A",.,"A",36,"D",.,"A",.,"A",.,"A",.,"A",0,"D",0,"D",150,"D",20,"D",0,"D",.,"A"
"20115",2265974,57,0,"1",.,"A",.,"A",.,"A",.,"A",.,"A",.,"A",.,"A",.,"A",.,"A",.,"A",.,"A",.,"A",.,"A",.,"A",.,"A"
"20115",2265985,46,0,"1",.,"A",.,"A",.,"A",.,"A",.,"A",.,"A",.,"A",325,"D",.,"A",.,"A",.,"A",.,"A",150,"D",.,"A",.,"A"
"20115",2265994,54,0,"1",.,"A",.,"A",.,"A",.,"A",.,"A",.,"A",78,"D",.,"A",60,"D",.,"A",.,"A",.,"A",.,"A",.,"A",.,"A"
"20115",2266024,24,0,"1",.,"A",.,"A",.,"A",.,"A",120,"D",.,"A",.,"A",.,"A",12,"D",.,"A",.,"A",.,"A",.,"A",.,"A",.,"A"
"20115",2266054,76,0,"1",.,"A",.,"A",.,"A",.,"A",.,"A",.,"A",910,"D",.,"A",150,"D",.,"A",.,"A",.,"A",.,"A",.,"A",.,"A"
"20115",2266115,35,0,"1",10,"D",.,"A",.,"A",.,"A",26,"D",.,"A",650,"D",.,"A",.,"A",0,"D",0,"D",9,"D",.,"A",0,"D",.,"A"
"20115",2266134,40,0,"1",.,"A",.,"A",.,"A",.,"A",.,"A",.,"A",364,"D",.,"A",.,"A",.,"A",.,"A",.,"A",200,"F",.,"A",.,"A"
"20115",2266175,38,0,"1",.,"A",.,"A",.,"A",.,"A",30,"D",.,"A",.,"A",.,"A",.,"A",.,"A",.,"A",.,"A",.,"A",.,"A",.,"A"
"20115",2266184,77,0,"1",.,"A",.,"A",.,"A",.,"A",.,"A",.,"A",.,"A",130,"D",.,"A",.,"A",.,"A",.,"A",55,"D",.,"A",.,"A"
"20115",2266255,74,0,"1",.,"A",.,"A",.,"A",.,"A",.,"A",.,"A",.,"A",.,"A",.,"A",.,"A",.,"A",.,"A",48,"D",.,"A",.,"A"
"20115",2266275,75,0,"1",.,"A",.,"A",.,"A",.,"A",.,"A",.,"A",91,"D",13,"D",.,"A",.,"A",.,"A",.,"A",30,"D",.,"A",.,"A"
"20115",2266285,72,0,"1",.,"A",.,"A",.,"A",.,"A",.,"A",.,"A",.,"A",.,"A",.,"A",.,"A",.,"A",.,"A",120,"D",.,"A",.,"A"
"20115",2266324,48,0,"1",.,"A",.,"A",.,"A",.,"A",.,"A",.,"A",.,"A",.,"A",.,"A",.,"A",.,"A",.,"A",47,"D",.,"A",.,"A"
"20115",2266355,53,0,"1",.,"A",.,"A",.,"A",.,"A",.,"A",.,"A",390,"D",.,"A",.,"A",150,"D",0,"D",0,"D",120,"D",50,"D",.,"A"
"20115",2266365,51,0,"1",.,"A",.,"A",.,"A",.,"A",.,"A",.,"A",390,"D",.,"A",.,"A",0,"D",0,"D",30,"D",60,"D",0,"D",.,"A"
"20115",2266375,48,0,"1",.,"A",.,"A",.,"A",.,"A",.,"A",.,"A",.,"A",.,"A",.,"A",.,"A",.,"A",.,"A",.,"A",.,"A",.,"A"
"20115",2266405,61,0,"1",.,"A",.,"A",.,"A",.,"A",.,"A",.,"A",.,"A",.,"A",450,"D",.,"A",.,"A",.,"A",.,"A",.,"A",.,"A"
"20115",2266435,42,0,"1",.,"A",.,"A",.,"A",.,"A",.,"A",.,"A",.,"A",.,"A",.,"A",.,"A",.,"A",.,"A",.,"A",.,"A",.,"A"
"20115",2266485,79,0,"1",.,"A",.,"A",.,"A",.,"A",.,"A",.,"A",.,"A",.,"A",.,"A",.,"A",.,"A",.,"A",60,"D",.,"A",.,"A"
"20115",2266494,41,0,"1",.,"A",.,"A",.,"A",.,"A",.,"A",.,"A",.,"A",.,"A",.,"A",261,"F",0,"D",0,"D",.,"A",.,"C",.,"A"
"20115",2266525,78,0,"1",.,"A",.,"A",.,"A",.,"A",.,"A",110,"D",.,"A",.,"A",.,"A",.,"A",.,"A",.,"A",245,"D",.,"A",.,"A"
"20115",2266544,39,0,"1",.,"A",.,"A",.,"A",.,"A",.,"A",.,"A",.,"A",.,"A",.,"A",.,"A",.,"A",.,"A",.,"A",.,"A",.,"A"
"20115",2266554,44,0,"1",.,"A",.,"A",.,"A",.,"A",.,"A",.,"A",.,"A",.,"A",.,"A",.,"A",.,"A",.,"A",.,"A",.,"A",.,"A"
"20115",2266585,74,0,"1",.,"A",.,"A",.,"A",.,"A",60,"D",.,"A",.,"A",.,"A",.,"A",.,"A",.,"A",.,"A",30,"D",.,"A",.,"A"
"20115",2266615,26,0,"1",.,"A",.,"A",.,"A",.,"A",.,"A",.,"A",.,"A",.,"A",.,"A",.,"A",.,"A",.,"A",.,"A",.,"A",.,"A"
"20115",2266624,35,0,"1",.,"A",.,"A",.,"A",.,"A",.,"A",.,"A",.,"A",.,"A",.,"A",.,"A",.,"A",.,"A",15,"D",.,"A",.,"A"
"20115",2266654,35,0,"1",.,"A",.,"A",.,"A",.,"A",.,"A",.,"A",.,"A",.,"A",24,"D",.,"A",.,"A",.,"A",25,"D",.,"A",.,"A"
"20115",2266674,84,0,"1",.,"A",.,"A",55,"D",.,"A",.,"A",.,"A",.,"A",.,"A",.,"A",.,"A",.,"A",.,"A",105,"D",.,"A",.,"A"
"20115",2266694,56,0,"1",.,"A",.,"A",.,"A",.,"A",.,"A",.,"A",.,"A",.,"A",.,"A",.,"A",.,"A",.,"A",90,"D",.,"A",.,"A"
"20115",2266724,35,0,"1",.,"A",.,"A",.,"A",.,"A",.,"A",.,"A",.,"A",.,"A",.,"A",.,"A",.,"A",.,"A",.,"A",.,"A",.,"A"
"20115",2266734,57,0,"1",.,"A",.,"A",.,"A",.,"A",.,"A",.,"A",65,"D",.,"A",.,"A",.,"A",.,"A",.,"A",30,"D",.,"A",.,"A"
"20115",2266775,42,0,"1",.,"A",.,"A",.,"A",.,"A",120,"D",.,"A",.,"A",.,"A",.,"A",.,"A",.,"A",.,"A",.,"A",.,"A",.,"A"
"20115",2266804,40,0,"1",.,"A",.,"A",.,"A",.,"A",.,"A",.,"A",.,"A",.,"A",.,"A",.,"A",.,"A",.,"A",.,"A",.,"A",.,"A"
"20115",2266824,102,0,"1",.,"A",.,"A",.,"A",.,"A",.,"A",.,"A",65,"D",.,"A",.,"A",.,"A",.,"A",.,"A",146,"D",.,"A",.,"A"
"20115",2266835,52,0,"1",.,"A",.,"A",.,"A",.,"A",.,"A",.,"A",.,"A",.,"A",.,"A",.,"A",.,"A",.,"A",50,"D",.,"A",.,"A"
"20115",2266864,52,0,"1",.,"A",.,"A",19,"D",.,"A",.,"A",.,"A",.,"A",.,"A",.,"A",.,"A",.,"A",.,"A",.,"A",.,"A",.,"A"
"20115",2266885,82,0,"1",.,"A",.,"A",.,"A",.,"A",.,"A",36,"D",.,"A",.,"A",.,"A",.,"A",.,"A",.,"A",180,"D",.,"A",.,"A"
"20115",2266935,48,0,"1",.,"A",.,"A",.,"A",.,"A",.,"A",.,"A",.,"A",.,"A",24,"D",.,"A",.,"A",.,"A",.,"A",.,"A",.,"A"
"20115",2266965,26,0,"1",.,"A",.,"A",.,"A",.,"A",30,"D",.,"A",.,"A",.,"A",.,"A",.,"A",.,"A",.,"A",50,"D",.,"A",.,"A"
"20115",2266985,50,0,"1",.,"A",.,"A",.,"A",.,"A",300,"D",420,"D",.,"A",.,"A",.,"A",.,"A",.,"A",.,"A",210,"D",.,"A",.,"A"
"20115",2266995,49,0,"1",.,"A",.,"A",.,"A",.,"A",.,"A",.,"A",.,"A",.,"A",.,"A",.,"A",.,"A",.,"A",.,"A",.,"A",.,"A"
"20115",2267005,32,0,"1",.,"A",.,"A",.,"A",.,"A",.,"A",.,"A",.,"A",.,"A",.,"A",.,"A",.,"A",.,"A",100,"D",.,"A",.,"A"
"20115",2267024,43,0,"1",.,"A",.,"A",.,"A",.,"A",.,"A",.,"A",.,"A",.,"A",.,"A",0,"D",0,"D",18,"D",15,"D",0,"D",.,"A"
"20115",2267064,41,0,"1",.,"A",30,"D",.,"A",.,"A",.,"A",30,"D",780,"D",390,"D",.,"A",.,"A",.,"A",.,"A",.,"A",.,"A",.,"A"
"20115",2267074,49,0,"1",.,"A",.,"A",.,"A",.,"A",.,"A",.,"A",.,"A",.,"A",.,"A",0,"D",0,"D",54,"D",300,"D",0,"D",.,"A"
"20115",2267084,53,0,"1",.,"A",.,"A",.,"A",.,"A",.,"A",.,"A",130,"F",.,"A",.,"A",.,"A",.,"A",.,"A",100,"D",.,"A",.,"A"
"20115",2267094,24,0,"1",.,"A",.,"A",.,"A",.,"A",.,"A",.,"A",195,"D",.,"A",.,"A",.,"A",.,"A",.,"A",.,"A",.,"A",.,"A"
"20115",2267115,59,0,"1",.,"A",.,"A",.,"A",.,"A",.,"A",.,"A",.,"A",.,"A",.,"A",.,"A",.,"A",.,"A",.,"A",.,"A",.,"A"
"20115",2267134,51,0,"1",.,"A",.,"A",.,"A",.,"A",.,"A",.,"A",.,"A",.,"A",.,"A",.,"A",.,"A",.,"A",.,"A",.,"A",.,"A"
"20115",2267164,66,0,"1",.,"A",.,"A",.,"A",.,"A",.,"A",.,"A",.,"A",.,"A",.,"A",.,"A",.,"A",.,"A",.,"A",.,"A",.,"A"
"20115",2267205,57,0,"1",.,"A",.,"A",.,"A",.,"A",.,"A",.,"A",.,"A",.,"A",.,"A",.,"A",.,"A",.,"A",50,"D",.,"A",.,"A"
"20115",2267215,56,0,"1",.,"A",.,"A",.,"A",.,"A",.,"A",60,"D",.,"A",.,"A",.,"A",.,"A",.,"A",.,"A",350,"D",.,"A",.,"A"
"20115",2267295,63,0,"1",.,"A",.,"A",.,"A",.,"A",.,"A",.,"A",.,"A",.,"A",.,"A",.,"A",.,"A",.,"A",140,"D",.,"A",.,"A"
"20115",2267305,41,0,"1",.,"A",.,"A",.,"A",50,"D",20,"D",.,"A",.,"A",.,"A",.,"A",216,"D",0,"D",0,"D",40,"D",72,"D",.,"A"
"20115",2267374,66,0,"1",.,"A",.,"A",.,"A",.,"A",.,"A",.,"A",.,"A",.,"A",.,"A",.,"A",.,"A",.,"A",.,"A",.,"A",.,"A"
"20115",2267385,54,0,"1",.,"A",.,"A",.,"A",.,"A",.,"A",.,"A",.,"A",.,"A",.,"A",.,"A",.,"A",.,"A",.,"A",.,"A",.,"A"
"20115",2267404,44,0,"1",.,"A",.,"A",.,"A",.,"A",.,"A",.,"A",.,"A",.,"A",.,"A",.,"A",.,"A",.,"A",.,"A",.,"A",.,"A"
"20115",2267454,43,0,"1",.,"A",.,"A",.,"A",.,"A",.,"A",.,"A",351,"D",.,"A",.,"A",.,"A",.,"A",.,"A",.,"A",.,"A",.,"A"
"20115",2267464,34,0,"1",.,"A",.,"A",.,"A",.,"A",.,"A",.,"A",.,"A",.,"A",.,"A",.,"A",.,"A",.,"A",30,"D",.,"A",.,"A"
"20115",2267484,42,0,"1",.,"A",.,"A",.,"A",.,"A",.,"A",.,"A",.,"A",.,"A",.,"A",.,"A",.,"A",.,"A",100,"D",.,"A",.,"A"
"20115",2267534,59,0,"1",.,"A",.,"A",.,"A",.,"A",.,"A",150,"D",.,"A",.,"A",.,"A",.,"A",.,"A",.,"A",60,"D",.,"A",.,"A"
"20115",2267554,53,0,"1",.,"A",.,"A",.,"A",.,"A",.,"A",.,"A",.,"A",.,"A",.,"A",.,"A",.,"A",.,"A",430,"D",.,"A",.,"A"
"20115",2267575,43,0,"1",.,"A",.,"A",.,"A",.,"A",100,"D",.,"A",.,"A",.,"A",.,"A",.,"A",.,"A",.,"A",40,"D",.,"A",.,"A"
"20115",2267584,55,0,"1",.,"A",.,"A",.,"A",.,"A",.,"A",.,"A",260,"D",.,"A",27,"D",.,"A",.,"A",.,"A",.,"A",.,"A",.,"A"
"20115",2267595,54,0,"1",.,"A",.,"A",.,"A",.,"A",.,"A",.,"A",260,"D",.,"A",.,"A",.,"A",.,"A",.,"A",70,"D",.,"A",.,"A"
"20115",2267614,44,0,"1",.,"A",.,"A",.,"A",.,"A",.,"A",30,"D",.,"A",.,"A",.,"A",.,"A",.,"A",.,"A",.,"A",.,"A",.,"A"
"20115",2267634,32,0,"1",.,"A",.,"A",.,"A",.,"A",.,"A",.,"A",.,"A",.,"A",.,"A",.,"A",.,"A",.,"A",.,"A",.,"A",.,"A"
"20115",2267675,63,0,"1",.,"A",.,"A",.,"A",.,"A",.,"A",.,"A",.,"A",.,"A",.,"A",.,"A",.,"A",.,"A",.,"A",.,"A",.,"A"
"20115",2267744,72,0,"1",.,"A",.,"A",.,"A",.,"A",.,"A",.,"A",.,"A",.,"A",.,"A",.,"A",.,"A",.,"A",200,"D",.,"A",.,"A"
"20115",2267754,45,0,"1",.,"A",.,"A",.,"A",.,"A",.,"A",.,"A",.,"A",.,"A",.,"A",.,"A",.,"A",.,"A",.,"A",.,"A",.,"A"
"20115",2267775,112,0,"1",.,"A",.,"A",.,"A",.,"A",.,"A",25,"D",.,"A",.,"A",.,"A",.,"A",.,"A",.,"A",75,"D",.,"A",.,"A"
"20115",2267784,36,0,"1",.,"A",.,"A",.,"A",.,"A",.,"A",.,"A",.,"A",.,"A",.,"A",.,"A",.,"A",.,"A",33,"D",.,"A",.,"A"
"20115",2267845,33,0,"1",.,"A",.,"A",.,"A",.,"A",.,"A",.,"A",.,"A",.,"A",.,"A",.,"A",.,"A",.,"A",50,"D",.,"A",.,"A"
"20115",2267854,61,0,"1",.,"A",.,"A",.,"A",.,"A",.,"A",270,"D",.,"A",.,"A",.,"A",.,"A",.,"A",.,"A",120,"D",.,"A",.,"A"
"20115",2267865,77,0,"1",.,"A",.,"A",.,"A",.,"A",.,"A",.,"A",429,"D",.,"A",.,"A",.,"A",.,"A",.,"A",66,"D",.,"A",.,"A"
"20115",2267894,40,0,"1",.,"A",.,"A",.,"A",.,"A",.,"A",.,"A",.,"A",.,"A",.,"A",.,"A",.,"A",.,"A",.,"A",.,"A",.,"A"
"20115",2267915,26,0,"1",.,"A",.,"A",.,"A",.,"A",.,"A",.,"A",65,"D",.,"A",.,"A",.,"A",.,"A",.,"A",.,"A",.,"A",.,"A"
"20115",2267925,57,0,"1",.,"A",.,"A",.,"A",.,"A",.,"A",.,"A",.,"A",.,"A",.,"A",.,"A",.,"A",.,"A",150,"F",.,"A",.,"A"
"20115",2267945,48,0,"1",.,"A",.,"A",.,"A",.,"A",.,"A",.,"A",91,"D",.,"A",.,"A",.,"A",.,"A",.,"A",42,"D",.,"A",.,"A"
"20115",2267954,35,0,"1",.,"A",.,"A",.,"A",.,"A",.,"A",.,"A",260,"D",.,"A",.,"A",0,"D",0,"D",24,"D",.,"A",0,"D",.,"A"
"20115",2267964,96,0,"1",.,"A",.,"A",.,"A",.,"A",.,"A",15,"D",.,"A",.,"A",.,"A",.,"A",.,"A",.,"A",80,"D",.,"A",.,"A"
"20115",2267994,52,0,"1",.,"A",.,"A",.,"A",.,"A",.,"A",45,"D",.,"A",.,"A",.,"A",.,"A",.,"A",.,"A",.,"A",.,"A",.,"A"
"20115",2268044,44,0,"1",.,"A",.,"A",.,"A",.,"A",.,"A",.,"A",.,"A",.,"A",.,"A",.,"A",.,"A",.,"A",.,"A",.,"A",.,"A"
"20115",2268054,62,0,"1",.,"A",.,"A",.,"A",.,"A",.,"A",.,"A",.,"A",.,"A",.,"A",.,"A",.,"A",.,"A",17,"D",.,"A",.,"A"
"20115",2268075,72,0,"1",.,"A",.,"A",.,"A",.,"A",.,"A",.,"A",.,"A",.,"A",.,"A",.,"A",.,"A",.,"A",150,"D",.,"A",.,"A"
"20115",2268114,51,0,"1",.,"A",.,"A",.,"A",.,"A",.,"A",.,"A",.,"A",.,"A",.,"A",.,"A",.,"A",.,"A",.,"A",.,"A",.,"A"
"20115",2268135,34,0,"1",.,"A",.,"A",.,"A",.,"A",.,"A",.,"A",.,"A",.,"A",.,"A",.,"A",.,"A",.,"A",20,"D",.,"A",.,"A"
"20115",2268155,47,0,"1",.,"A",.,"A",.,"A",.,"A",.,"A",.,"A",.,"A",.,"A",.,"A",.,"A",.,"A",.,"A",33,"D",.,"A",.,"A"
"20115",2268204,70,0,"1",.,"A",.,"A",.,"A",.,"A",.,"A",80,"D",.,"A",.,"A",24,"D",30,"D",30,"D",0,"D",.,"A",10,"D",.,"A"
"20115",2268215,43,0,"1",.,"A",.,"A",.,"A",.,"A",.,"A",.,"A",.,"A",.,"A",.,"A",240,"D",0,"D",0,"D",330,"D",80,"D",.,"A"
"20115",2268225,43,0,"1",.,"A",.,"A",.,"A",.,"A",.,"A",.,"A",.,"A",.,"A",45,"D",.,"A",.,"A",.,"A",.,"A",.,"A",.,"A"
"20115",2268244,39,0,"1",.,"A",.,"A",80,"D",.,"A",.,"A",.,"A",.,"A",.,"A",.,"A",.,"A",.,"A",.,"A",13,"D",.,"A",.,"A"
"20115",2268254,42,0,"1",.,"A",.,"A",.,"A",.,"A",.,"A",.,"A",.,"A",.,"A",.,"A",.,"A",.,"A",.,"A",30,"D",.,"A",.,"A"
"20115",2268265,45,0,"1",.,"A",.,"A",.,"A",.,"A",.,"A",.,"A",.,"A",.,"A",.,"A",.,"A",.,"A",.,"A",.,"A",.,"A",.,"A"
"20115",2268295,85,0,"1",.,"A",.,"A",.,"A",.,"A",.,"A",.,"A",.,"A",.,"A",.,"A",.,"A",.,"A",.,"A",400,"D",.,"A",.,"A"
"20115",2268314,33,0,"1",.,"A",.,"A",.,"A",.,"A",.,"A",.,"A",.,"A",.,"A",.,"A",.,"A",.,"A",.,"A",.,"A",.,"A",.,"A"
"20115",2268344,55,0,"1",.,"A",.,"A",.,"A",.,"A",.,"A",.,"A",.,"A",.,"A",.,"A",.,"A",.,"A",.,"A",.,"A",.,"A",.,"A"
"20115",2268355,40,0,"1",.,"A",.,"A",.,"A",.,"A",.,"A",.,"A",.,"A",.,"A",.,"A",.,"A",.,"A",.,"A",.,"A",.,"A",.,"A"
"20115",2268364,32,0,"1",.,"A",.,"A",.,"A",.,"A",.,"A",.,"A",.,"A",.,"A",.,"A",.,"A",.,"A",.,"A",.,"A",.,"A",.,"A"
"20115",2268374,105,0,"1",.,"A",.,"A",.,"A",.,"A",.,"A",60,"D",.,"A",.,"A",30,"D",.,"A",.,"A",.,"A",300,"D",.,"A",.,"A"
"20115",2268444,60,0,"1",.,"A",.,"A",.,"A",.,"A",.,"A",.,"A",.,"A",.,"A",.,"A",.,"A",.,"A",.,"A",245,"D",.,"A",.,"A"
"20115",2268454,45,0,"1",.,"A",.,"A",.,"A",.,"A",.,"A",.,"A",.,"A",.,"A",.,"A",.,"A",.,"A",.,"A",.,"A",.,"A",.,"A"
"20115",2268464,83,0,"1",.,"A",.,"A",.,"A",.,"A",.,"A",.,"A",.,"A",.,"A",.,"A",.,"A",.,"A",.,"A",33,"D",.,"A",.,"A"
"20115",2268474,40,0,"1",.,"A",.,"A",.,"A",.,"A",.,"A",.,"A",.,"A",.,"A",.,"A",.,"A",.,"A",.,"A",.,"A",.,"A",.,"A"
"20115",2268505,70,0,"1",.,"A",.,"A",.,"A",.,"A",.,"A",.,"A",104,"D",.,"A",.,"A",.,"A",.,"A",.,"A",50,"D",.,"A",.,"A"
"20115",2268525,22,0,"1",.,"A",.,"A",.,"A",.,"A",.,"A",.,"A",.,"A",.,"A",.,"A",.,"A",.,"A",.,"A",.,"A",.,"A",.,"A"
"20115",2268545,45,0,"1",.,"A",.,"A",.,"A",.,"A",.,"A",.,"A",.,"A",.,"A",.,"A",.,"A",.,"A",.,"A",135,"D",.,"A",.,"A"
"20115",2268605,56,0,"1",.,"A",.,"A",.,"A",.,"A",.,"A",.,"A",.,"A",.,"A",.,"A",.,"A",.,"A",.,"A",45,"D",.,"A",.,"A"
"20115",2268645,39,0,"1",.,"A",.,"A",.,"A",.,"A",.,"A",.,"A",.,"A",.,"A",.,"A",.,"A",.,"A",.,"A",60,"D",.,"A",.,"A"
"20115",2268654,38,0,"1",.,"A",.,"A",.,"A",.,"A",.,"A",.,"A",.,"A",.,"A",.,"A",.,"A",.,"A",.,"A",70,"D",.,"A",.,"A"
"20115",2268724,43,0,"1",.,"A",.,"A",.,"A",.,"A",.,"A",.,"A",.,"A",.,"A",39,"D",.,"A",.,"A",.,"A",180,"D",.,"A",.,"A"
"20115",2268744,66,0,"1",.,"A",.,"A",.,"A",.,"A",.,"A",.,"A",.,"A",.,"A",.,"A",.,"A",.,"A",.,"A",20,"D",.,"A",.,"A"
"20115",2268755,47,0,"1",.,"A",.,"A",.,"A",.,"A",.,"A",.,"A",.,"A",.,"A",.,"A",.,"A",.,"A",.,"A",.,"A",.,"A",.,"A"
"20115",2268785,30,0,"1",.,"A",.,"A",.,"A",.,"A",.,"A",.,"A",.,"A",.,"A",.,"A",.,"A",.,"A",.,"A",.,"A",.,"A",.,"A"
"20115",2268795,48,0,"1",.,"A",.,"A",.,"A",.,"A",.,"A",.,"A",.,"A",.,"A",.,"A",.,"A",.,"A",.,"A",40,"D",.,"A",.,"A"
"20115",2268814,35,0,"1",.,"A",.,"A",.,"A",.,"A",.,"A",.,"A",.,"A",.,"A",.,"A",.,"A",.,"A",.,"A",16,"D",.,"A",.,"A"
"20115",2268845,63,0,"1",.,"A",.,"A",.,"A",.,"A",.,"A",.,"A",130,"D",.,"A",.,"A",.,"A",.,"A",.,"A",64,"D",.,"A",.,"A"
"20115",2268874,53,0,"1",.,"A",.,"A",.,"A",.,"A",.,"A",.,"A",.,"A",.,"A",.,"A",.,"A",.,"A",.,"A",40,"D",.,"A",.,"A"
"20115",2268894,46,0,"1",.,"A",.,"A",.,"A",.,"A",40,"D",.,"A",.,"A",.,"A",.,"A",.,"A",.,"A",.,"A",.,"A",.,"A",.,"A"
"20115",2268905,32,0,"1",.,"A",.,"A",.,"A",.,"A",.,"A",.,"A",.,"A",.,"A",.,"A",279,"D",0,"D",0,"D",75,"D",93,"D",.,"A"
"20115",2268915,65,0,"1",.,"A",.,"A",.,"A",.,"A",.,"A",.,"A",910,"D",.,"A",.,"A",.,"A",.,"A",.,"A",.,"A",.,"A",.,"A"
"20115",2268924,49,0,"1",.,"A",.,"A",.,"A",.,"A",.,"A",.,"A",338,"D",.,"A",.,"A",.,"A",.,"A",.,"A",60,"D",.,"A",.,"A"
"20115",2268934,79,0,"1",.,"A",.,"A",.,"A",.,"A",.,"A",40,"D",.,"A",.,"A",.,"A",.,"A",.,"A",.,"A",24,"D",.,"A",.,"A"
"20115",2268955,45,0,"1",.,"A",.,"A",.,"A",.,"A",.,"A",.,"A",.,"A",.,"A",.,"A",.,"A",.,"A",.,"A",.,"A",.,"A",.,"A"
"20115",2268975,39,0,"1",.,"A",.,"A",.,"A",.,"A",.,"A",.,"A",.,"A",.,"A",24,"D",.,"A",.,"A",.,"A",.,"A",.,"A",.,"A"
"20115",2268984,26,0,"1",.,"A",.,"A",.,"A",.,"A",.,"A",.,"A",.,"A",52,"D",.,"A",.,"A",.,"A",.,"A",.,"A",.,"A",.,"A"
"20115",2269004,41,0,"1",.,"A",.,"A",.,"A",.,"A",.,"A",.,"A",.,"A",.,"A",.,"A",.,"A",.,"A",.,"A",.,"A",.,"A",.,"A"
"20115",2269035,47,0,"1",.,"A",.,"A",.,"A",.,"A",.,"A",.,"A",650,"D",.,"A",.,"A",.,"A",.,"A",.,"A",100,"D",.,"A",.,"A"
"20115",2269055,27,0,"1",.,"A",.,"A",.,"A",.,"A",.,"A",.,"A",.,"A",.,"A",.,"A",624,"D",0,"D",0,"D",.,"A",208,"D",.,"A"
"20115",2269075,42,0,"1",.,"A",.,"A",.,"A",.,"A",.,"A",.,"A",.,"A",.,"A",.,"A",.,"A",.,"A",.,"A",22,"D",.,"A",.,"A"
"20115",2269084,30,0,"1",.,"A",.,"A",.,"A",.,"A",15,"D",55,"D",.,"A",.,"A",.,"A",.,"A",.,"A",.,"A",.,"A",.,"A",.,"A"
"20115",2269115,70,0,"1",.,"A",.,"A",.,"A",.,"A",.,"A",.,"A",130,"D",.,"A",.,"A",.,"A",.,"A",.,"A",225,"D",.,"A",.,"A"
"20115",2269174,57,0,"1",.,"A",.,"A",.,"A",.,"A",.,"A",.,"A",.,"A",.,"A",.,"A",.,"A",.,"A",.,"A",.,"A",.,"A",.,"A"
"20115",2269185,30,0,"1",.,"A",.,"A",.,"A",.,"A",.,"A",.,"A",.,"A",.,"A",.,"A",.,"A",.,"A",.,"A",.,"A",.,"A",.,"A"
"20115",2269204,47,0,"1",.,"A",.,"A",.,"A",.,"A",60,"D",.,"A",.,"A",.,"A",.,"A",.,"A",.,"A",.,"A",100,"F",.,"A",.,"A"
"20115",2269245,50,0,"1",.,"A",.,"A",.,"A",.,"A",.,"A",.,"A",364,"D",.,"A",.,"A",.,"A",.,"A",.,"A",.,"A",.,"A",.,"A"
"20115",2269265,53,0,"1",.,"A",.,"A",.,"A",.,"A",.,"A",50,"D",.,"A",.,"A",.,"A",.,"A",.,"A",.,"A",100,"D",.,"A",.,"A"
"20115",2269275,28,0,"1",.,"A",.,"A",.,"A",.,"A",.,"A",.,"A",.,"A",.,"A",.,"A",.,"A",.,"A",.,"A",45,"D",.,"A",.,"A"
"20115",2269284,52,0,"1",.,"A",.,"A",.,"A",.,"A",.,"A",.,"A",.,"A",.,"A",15,"D",.,"A",.,"A",.,"A",400,"D",.,"A",.,"A"
"20115",2269344,61,0,"1",.,"A",.,"A",.,"A",.,"A",.,"A",.,"A",.,"A",.,"A",.,"A",.,"A",.,"A",.,"A",40,"D",.,"A",.,"A"
"20115",2269355,60,0,"1",.,"A",.,"A",.,"A",.,"A",.,"A",.,"A",.,"A",.,"A",.,"A",.,"A",.,"A",.,"A",155,"D",.,"A",.,"A"
"20115",2269364,42,0,"1",.,"A",.,"A",.,"A",.,"A",.,"A",.,"A",.,"A",.,"A",.,"A",.,"A",.,"A",.,"A",72,"D",.,"A",.,"A"
"20115",2269385,45,0,"1",.,"A",.,"A",.,"A",.,"A",.,"A",.,"A",910,"D",.,"A",.,"A",.,"A",.,"A",.,"A",39,"D",.,"A",.,"A"
"20115",2269395,80,0,"1",.,"A",.,"A",.,"A",.,"A",.,"A",.,"A",.,"A",.,"A",.,"A",.,"A",.,"A",.,"A",30,"D",.,"A",.,"A"
"20115",2269485,39,0,"1",.,"A",.,"A",.,"A",.,"A",.,"A",.,"A",975,"D",.,"A",.,"A",.,"A",.,"A",.,"A",.,"A",.,"A",.,"A"
"20115",2269514,100,0,"1",.,"A",.,"A",.,"A",.,"A",.,"A",225,"D",.,"A",.,"A",.,"A",.,"A",.,"A",.,"A",450,"D",.,"A",.,"A"
"20115",2269535,56,0,"1",.,"A",.,"A",.,"A",.,"A",.,"A",.,"A",1300,"D",.,"A",.,"A",.,"A",.,"A",.,"A",25,"D",.,"A",.,"A"
"20115",2269544,41,0,"1",.,"A",.,"A",.,"A",.,"A",.,"A",.,"A",.,"A",.,"A",.,"A",.,"A",.,"A",.,"A",.,"A",.,"A",.,"A"
"20115",2269565,52,0,"1",.,"A",.,"A",.,"A",.,"A",.,"A",.,"A",.,"A",.,"A",.,"A",.,"A",.,"A",.,"A",120,"D",.,"A",.,"A"
"20115",2269574,84,0,"1",.,"A",10,"D",25,"D",.,"A",.,"A",11,"D",.,"A",.,"A",.,"A",.,"A",.,"A",.,"A",128,"D",.,"A",.,"A"
"20115",2269585,35,0,"1",.,"A",.,"A",.,"A",.,"A",.,"A",.,"A",.,"A",.,"A",.,"A",.,"A",.,"A",.,"A",.,"A",.,"A",.,"A"
"20115",2269615,38,0,"1",.,"A",.,"A",.,"A",.,"A",.,"A",.,"A",.,"A",.,"A",.,"A",.,"A",.,"A",.,"A",.,"A",.,"A",.,"A"
"20115",2269635,45,0,"1",.,"A",.,"A",.,"A",.,"A",.,"A",225,"D",520,"D",.,"A",.,"A",225,"D",0,"D",0,"D",.,"A",75,"D",.,"A"
"20115",2269644,30,0,"1",.,"A",.,"A",.,"A",.,"A",25,"D",.,"A",975,"D",.,"A",.,"A",.,"A",.,"A",.,"A",.,"A",.,"A",.,"A"
"20115",2269744,52,0,"1",.,"A",.,"A",.,"A",.,"A",.,"A",.,"A",.,"A",.,"A",.,"A",.,"A",.,"A",.,"A",.,"A",.,"A",.,"A"
"20115",2269755,56,0,"1",.,"A",.,"A",.,"A",.,"A",.,"A",.,"A",728,"D",.,"A",.,"A",.,"A",.,"A",.,"A",.,"A",.,"A",.,"A"
"20115",2269764,87,0,"1",.,"A",.,"A",.,"A",33,"D",.,"A",.,"A",.,"A",.,"A",.,"A",.,"A",.,"A",.,"A",.,"A",.,"A",.,"A"
"20115",2269784,87,0,"1",.,"A",.,"A",.,"A",.,"A",.,"A",.,"A",.,"A",.,"A",.,"A",.,"A",.,"A",.,"A",275,"D",.,"A",.,"A"
"20115",2269795,62,0,"1",.,"A",.,"A",.,"A",.,"A",90,"D",.,"A",520,"D",.,"A",.,"A",60,"D",0,"D",0,"D",84,"D",20,"D",.,"A"
"20115",2269845,36,0,"1",.,"A",.,"A",.,"A",.,"A",.,"A",.,"A",1300,"D",.,"A",.,"A",.,"A",.,"A",.,"A",.,"A",.,"A",.,"A"
"20115",2269885,43,0,"1",.,"A",.,"A",.,"A",.,"A",.,"A",.,"A",.,"A",.,"A",.,"A",.,"A",.,"A",.,"A",.,"A",.,"A",.,"A"
"20115",2269894,24,0,"1",.,"A",.,"A",.,"A",.,"A",60,"D",.,"A",.,"A",.,"A",.,"A",.,"A",.,"A",.,"A",.,"A",.,"A",.,"A"
"20115",2269924,27,0,"1",.,"A",.,"A",.,"A",.,"A",.,"A",.,"A",.,"A",.,"A",.,"A",.,"A",.,"A",.,"A",.,"A",.,"A",.,"A"
"20115",2269934,38,0,"1",.,"A",.,"A",.,"A",260,"D",.,"A",.,"A",.,"A",.,"A",.,"A",.,"A",.,"A",.,"A",50,"D",.,"A",.,"A"
"20115",2269944,40,0,"1",.,"A",.,"A",.,"A",11,"D",75,"D",.,"A",.,"A",.,"A",.,"A",0,"D",15,"D",0,"D",85,"D",0,"D",.,"A"
"20115",2269965,48,0,"1",.,"A",.,"A",.,"A",.,"A",.,"A",.,"A",.,"A",.,"A",.,"A",.,"A",.,"A",.,"A",.,"A",.,"A",.,"A"
"20115",2269974,22,0,"1",.,"A",.,"A",.,"A",.,"A",25,"D",.,"A",130,"D",.,"A",.,"A",.,"A",.,"A",.,"A",.,"A",.,"A",.,"A"
"20115",2270004,60,0,"1",.,"A",.,"A",.,"A",.,"A",.,"A",.,"A",.,"A",.,"A",.,"A",525,"D",0,"D",0,"D",.,"A",175,"D",.,"A"
"20115",2270024,79,0,"1",.,"A",.,"A",.,"A",.,"A",.,"A",.,"A",260,"D",.,"A",21,"D",.,"A",.,"A",.,"A",50,"D",.,"A",.,"A"
"20115",2270105,56,0,"1",.,"A",.,"A",.,"A",.,"A",.,"A",.,"A",.,"A",.,"A",.,"A",.,"A",.,"A",.,"A",40,"F",.,"A",.,"A"
"20115",2270114,33,0,"1",.,"A",.,"A",.,"A",.,"A",110,"D",.,"A",494,"D",.,"A",.,"A",.,"A",.,"A",.,"A",.,"A",.,"A",.,"A"
"20115",2270124,59,0,"1",.,"A",.,"A",.,"A",.,"A",.,"A",.,"A",.,"A",.,"A",.,"A",.,"A",.,"A",.,"A",60,"D",.,"A",.,"A"
"20115",2270154,53,0,"1",.,"A",.,"A",.,"A",.,"A",12,"D",.,"A",.,"A",.,"A",.,"A",.,"A",.,"A",.,"A",.,"A",.,"A",.,"A"
"20115",2270175,73,0,"1",.,"A",.,"A",.,"A",.,"A",.,"A",.,"A",.,"A",.,"A",.,"A",.,"A",.,"A",.,"A",.,"A",.,"A",.,"A"
"20115",2270204,30,0,"1",.,"A",.,"A",.,"A",.,"A",.,"A",.,"A",.,"A",.,"A",.,"A",.,"A",.,"A",.,"A",90,"D",.,"A",.,"A"
"20115",2270215,63,0,"1",.,"A",.,"A",.,"A",.,"A",.,"A",.,"A",.,"A",.,"A",.,"A",.,"A",.,"A",.,"A",65,"D",.,"A",.,"A"
"20115",2270245,55,0,"1",30,"D",.,"A",.,"A",15,"D",90,"D",.,"A",.,"A",.,"A",27,"D",0,"D",0,"D",9,"D",.,"A",0,"D",.,"A"
"20115",2270264,47,0,"1",.,"A",.,"A",.,"A",.,"A",.,"A",.,"A",.,"A",.,"A",.,"A",.,"A",.,"A",.,"A",.,"A",.,"A",.,"A"
"20115",2270354,57,0,"1",.,"A",.,"A",.,"A",.,"A",.,"A",20,"D",.,"A",.,"A",30,"D",.,"A",.,"A",.,"A",30,"D",.,"A",.,"A"
"20115",2270374,43,0,"1",.,"A",.,"A",.,"A",.,"A",30,"D",.,"A",65,"D",.,"A",12,"D",.,"A",.,"A",.,"A",20,"D",.,"A",.,"A"
"20115",2270435,35,0,"1",.,"A",.,"A",.,"A",.,"A",.,"A",.,"A",.,"A",.,"A",.,"A",.,"A",.,"A",.,"A",.,"A",.,"A",.,"A"
"20115",2270485,55,0,"1",.,"A",.,"A",.,"A",.,"A",.,"A",15,"D",.,"A",.,"A",.,"A",.,"A",.,"A",.,"A",120,"D",.,"A",.,"A"
"20115",2270505,50,0,"1",.,"A",.,"A",.,"A",.,"A",.,"A",18,"D",.,"A",.,"A",.,"A",.,"A",.,"A",.,"A",.,"A",.,"A",.,"A"
"20115",2270554,61,0,"1",.,"A",.,"A",.,"A",.,"A",.,"A",.,"A",130,"D",.,"A",.,"A",.,"A",.,"A",.,"A",30,"D",.,"A",.,"A"
"20115",2270574,63,0,"1",.,"A",.,"A",.,"A",.,"A",20,"D",.,"A",.,"A",.,"A",.,"A",.,"A",.,"A",.,"A",.,"A",.,"A",.,"A"
"20115",2270595,43,0,"1",.,"A",.,"A",.,"A",.,"A",.,"A",.,"A",.,"A",.,"A",.,"A",.,"A",.,"A",.,"A",50,"D",.,"A",.,"A"
"20115",2270605,32,0,"1",.,"A",.,"A",.,"A",.,"A",60,"D",.,"A",780,"D",.,"A",.,"A",.,"A",.,"A",.,"A",.,"A",.,"A",.,"A"
"20115",2270634,40,0,"1",.,"A",.,"A",.,"A",.,"A",.,"A",.,"A",.,"A",.,"A",.,"A",600,"D",0,"D",0,"D",90,"D",200,"D",.,"A"
"20115",2270655,30,0,"1",.,"A",.,"A",.,"A",.,"A",.,"A",.,"A",.,"A",.,"A",.,"A",.,"A",.,"A",.,"A",.,"A",.,"A",.,"A"
"20115",2270675,74,0,"1",.,"A",.,"A",.,"A",.,"A",.,"A",.,"A",.,"A",.,"A",.,"A",.,"A",.,"A",.,"A",235,"D",.,"A",.,"A"
"20115",2270695,60,0,"1",.,"A",.,"A",.,"A",.,"A",.,"A",130,"D",.,"A",.,"A",.,"A",.,"A",.,"A",.,"A",375,"D",.,"A",.,"A"
"20115",2270714,56,0,"1",.,"A",.,"A",.,"A",.,"A",.,"A",.,"A",.,"A",.,"A",.,"A",.,"A",.,"A",.,"A",10,"D",.,"A",.,"A"
"20115",2270734,43,0,"1",10,"D",.,"A",.,"A",.,"A",0,"D",.,"A",.,"A",.,"A",.,"A",.,"A",.,"A",.,"A",15,"D",.,"A",.,"A"
"20115",2270744,48,0,"1",.,"A",.,"A",.,"A",.,"A",.,"A",.,"A",91,"D",.,"A",.,"A",.,"A",.,"A",.,"A",50,"D",.,"A",.,"A"
"20115",2270784,35,0,"1",.,"A",.,"A",.,"A",.,"A",40,"D",50,"D",.,"A",.,"A",.,"A",.,"A",.,"A",.,"A",400,"D",.,"A",.,"A"
"20115",2270795,45,0,"1",.,"A",.,"A",.,"A",.,"A",.,"A",.,"A",.,"A",.,"A",.,"A",.,"A",.,"A",.,"A",15,"D",.,"A",.,"A"
"20115",2270815,57,0,"1",.,"A",.,"A",.,"A",.,"A",.,"A",.,"A",.,"A",.,"A",.,"A",.,"A",.,"A",.,"A",.,"A",.,"A",.,"A"
"20115",2270834,59,0,"1",.,"A",.,"A",.,"A",.,"A",.,"A",125,"D",.,"A",.,"A",.,"A",.,"A",.,"A",.,"A",19,"D",.,"A",.,"A"
"20115",2270845,76,0,"1",.,"A",.,"A",.,"A",.,"A",.,"A",.,"A",.,"A",.,"A",.,"A",.,"A",.,"A",.,"A",14,"D",.,"A",.,"A"
"20115",2270905,43,0,"1",.,"A",.,"A",.,"A",.,"A",360,"D",.,"A",.,"A",.,"A",.,"A",.,"A",.,"A",.,"A",90,"D",.,"A",.,"A"
"20115",2270915,61,0,"1",.,"A",.,"A",.,"A",.,"A",.,"A",.,"A",.,"A",.,"A",.,"A",.,"A",.,"A",.,"A",300,"D",.,"A",.,"A"
"20115",2270965,27,0,"1",.,"A",.,"A",.,"A",.,"A",25,"D",.,"A",.,"A",.,"A",.,"A",168,"D",0,"D",0,"D",.,"A",56,"D",.,"A"
"20115",2271005,48,0,"1",.,"A",.,"A",.,"A",.,"A",.,"A",.,"A",65,"D",.,"A",12,"D",.,"A",.,"A",.,"A",.,"A",.,"A",.,"A"
"20115",2271014,49,0,"1",.,"A",.,"A",.,"A",.,"A",.,"A",.,"A",.,"A",.,"A",.,"A",.,"A",.,"A",.,"A",100,"D",.,"A",.,"A"
"20115",2271044,35,0,"1",.,"A",.,"A",.,"A",.,"A",.,"A",.,"A",.,"A",.,"A",18,"D",0,"D",0,"D",15,"D",.,"A",0,"D",.,"A"
"20115",2271054,25,0,"1",.,"A",.,"A",.,"A",.,"A",.,"A",.,"A",.,"A",.,"A",.,"A",0,"D",0,"D",60,"D",30,"D",0,"D",.,"A"
"20115",2271064,54,0,"1",.,"A",.,"A",.,"A",.,"A",40,"D",.,"A",715,"D",.,"A",.,"A",.,"A",.,"A",.,"A",35,"D",.,"A",.,"A"
"20115",2271104,40,0,"1",.,"A",.,"A",.,"A",.,"A",.,"A",.,"A",156,"D",.,"A",.,"A",.,"A",.,"A",.,"A",.,"A",.,"A",.,"A"
"20115",2271134,62,0,"1",.,"A",.,"A",.,"A",.,"A",.,"A",.,"A",.,"A",.,"A",.,"A",0,"D",0,"D",12,"D",100,"D",0,"D",.,"A"
"20115",2271144,39,0,"1",.,"A",.,"A",.,"A",.,"A",.,"A",.,"A",.,"A",.,"A",.,"A",.,"A",.,"A",.,"A",75,"D",.,"A",.,"A"
"20115",2271154,74,0,"1",.,"A",.,"A",.,"A",.,"A",.,"A",.,"A",949,"D",.,"A",.,"A",.,"A",.,"A",.,"A",20,"D",.,"A",.,"A"
"20115",2271164,32,0,"1",.,"A",.,"A",.,"A",.,"A",.,"A",.,"A",.,"A",.,"A",.,"A",.,"A",.,"A",.,"A",.,"A",.,"A",.,"A"
"20115",2271175,46,0,"1",.,"A",.,"A",.,"A",.,"A",.,"A",.,"A",728,"D",.,"A",24,"F",51,"D",6,"D",6,"D",.,"A",17,"D",.,"A"
"20115",2271224,46,0,"1",.,"A",.,"A",.,"A",.,"A",.,"A",.,"A",.,"A",.,"A",.,"A",.,"A",.,"A",.,"A",.,"A",.,"A",.,"A"
"20115",2271255,36,0,"1",.,"A",.,"A",.,"A",.,"A",.,"A",.,"A",.,"A",.,"A",.,"A",.,"A",.,"A",.,"A",.,"A",.,"A",.,"A"
"20115",2271325,61,0,"1",.,"A",.,"A",.,"A",.,"A",.,"A",.,"A",.,"A",.,"A",.,"A",.,"A",.,"A",.,"A",100,"D",.,"A",.,"A"
"20115",2271345,43,0,"1",.,"A",.,"A",.,"A",.,"A",.,"A",.,"A",.,"A",.,"A",.,"A",.,"A",.,"A",.,"A",.,"A",.,"A",.,"A"
"20115",2271355,59,0,"1",.,"A",.,"A",.,"A",.,"A",.,"A",.,"A",.,"A",130,"D",.,"A",.,"A",.,"A",.,"A",50,"D",.,"A",.,"A"
"20115",2271365,63,0,"1",.,"A",.,"A",.,"A",.,"A",.,"A",.,"A",.,"A",.,"A",.,"A",.,"A",.,"A",.,"A",.,"A",.,"A",.,"A"
"20115",2271375,53,0,"1",.,"A",.,"A",.,"A",.,"A",.,"A",.,"A",390,"D",.,"A",.,"A",.,"A",.,"A",.,"A",60,"D",.,"A",.,"A"
"20115",2271385,43,0,"1",.,"A",.,"A",.,"A",.,"A",.,"A",46,"D",.,"A",.,"A",.,"A",.,"A",.,"A",.,"A",90,"D",.,"A",.,"A"
"20115",2271395,58,0,"1",.,"A",.,"A",.,"A",.,"A",.,"A",.,"A",520,"D",.,"A",.,"A",.,"A",.,"A",.,"A",122,"D",.,"A",.,"A"
"20115",2271414,55,0,"1",.,"A",.,"A",.,"A",.,"A",.,"A",38,"D",.,"A",.,"A",.,"A",.,"A",.,"A",.,"A",70,"D",.,"A",.,"A"
"20115",2271425,54,0,"1",.,"A",.,"A",.,"A",.,"A",.,"A",15,"D",.,"A",.,"A",.,"A",.,"A",.,"A",.,"A",90,"D",.,"A",.,"A"
"20115",2271434,52,0,"1",.,"A",.,"A",.,"A",.,"A",.,"A",.,"A",.,"A",.,"A",.,"A",.,"A",.,"A",.,"A",.,"A",.,"A",.,"A"
"20115",2271475,45,0,"1",.,"A",.,"A",.,"A",.,"A",.,"A",.,"A",.,"A",.,"A",.,"A",.,"A",.,"A",.,"A",.,"A",.,"A",.,"A"
"20115",2271485,54,0,"1",.,"A",.,"A",.,"A",.,"A",.,"A",.,"A",429,"D",.,"A",.,"A",.,"A",.,"A",.,"A",.,"A",.,"A",.,"A"
"20115",2271534,113,0,"1",.,"A",.,"A",.,"A",.,"A",.,"A",150,"D",.,"A",.,"A",.,"A",.,"A",.,"A",.,"A",175,"D",.,"A",.,"A"
"20115",2271575,44,0,"1",.,"A",.,"A",.,"A",.,"A",.,"A",.,"A",.,"A",.,"A",.,"A",.,"A",.,"A",.,"A",50,"D",.,"A",.,"A"
"20115",2271585,63,0,"1",.,"A",.,"A",.,"A",.,"A",.,"A",.,"A",.,"A",.,"A",.,"A",.,"A",.,"A",.,"A",62,"D",.,"A",.,"A"
"20115",2271594,64,0,"1",.,"A",.,"A",.,"A",.,"A",.,"A",240,"D",.,"A",.,"A",.,"A",.,"A",.,"A",.,"A",60,"D",.,"A",.,"A"
"20115",2271604,37,0,"1",.,"A",.,"A",.,"A",.,"A",.,"A",.,"A",.,"A",.,"A",.,"A",.,"A",.,"A",.,"A",42,"D",.,"A",.,"A"
"20115",2271645,70,0,"1",.,"A",.,"A",.,"A",.,"A",.,"A",.,"A",130,"D",.,"A",.,"A",.,"A",.,"A",.,"A",300,"D",.,"A",.,"A"
"20115",2271665,67,0,"1",.,"A",.,"A",.,"A",.,"A",.,"A",.,"A",.,"A",.,"A",.,"A",.,"A",.,"A",.,"A",55,"D",.,"A",.,"A"
"20115",2271685,43,0,"1",.,"A",.,"A",.,"A",.,"A",.,"A",.,"A",.,"A",.,"A",.,"A",.,"A",.,"A",.,"A",.,"A",.,"A",.,"A"
"20115",2271705,71,0,"1",.,"A",.,"A",.,"A",.,"A",.,"A",.,"A",.,"A",.,"A",.,"A",.,"A",.,"A",.,"A",300,"D",.,"A",.,"A"
"20115",2271754,81,0,"1",.,"A",.,"A",.,"A",.,"A",.,"A",.,"A",.,"A",.,"A",.,"A",.,"A",.,"A",.,"A",40,"D",.,"A",.,"A"
"20115",2271785,32,0,"1",.,"A",.,"A",.,"A",.,"A",.,"A",.,"A",78,"D",.,"A",.,"A",.,"A",.,"A",.,"A",40,"D",.,"A",.,"A"
"20115",2271824,23,0,"1",.,"A",.,"A",.,"A",.,"A",.,"A",.,"A",.,"A",.,"A",.,"A",.,"A",.,"A",.,"A",.,"A",.,"A",.,"A"
"20115",2271835,42,0,"1",.,"A",.,"A",.,"A",.,"A",.,"A",.,"A",.,"A",.,"A",.,"A",.,"A",.,"A",.,"A",100,"D",.,"A",.,"A"
"20115",2271885,64,0,"1",.,"A",.,"A",.,"A",80,"D",.,"A",150,"D",.,"A",.,"A",.,"A",312,"D",312,"D",0,"D",250,"D",104,"D",.,"A"
"20115",2271915,53,0,"1",.,"A",.,"A",.,"A",.,"A",.,"A",.,"A",.,"A",.,"A",.,"A",.,"A",.,"A",.,"A",40,"D",.,"A",.,"A"
"20115",2271945,70,0,"1",.,"A",.,"A",.,"A",.,"A",.,"A",.,"A",.,"A",.,"A",.,"A",.,"A",.,"A",.,"A",18,"D",.,"A",.,"A"
"20115",2271974,39,0,"1",.,"A",.,"A",.,"A",.,"A",.,"A",.,"A",.,"A",.,"A",.,"A",.,"A",.,"A",.,"A",.,"A",.,"A",.,"A"
"20115",2271984,54,0,"1",.,"A",.,"A",.,"A",.,"A",.,"A",.,"A",.,"A",.,"A",.,"A",.,"A",.,"A",.,"A",40,"D",.,"A",.,"A"
"20115",2271994,48,0,"1",.,"A",.,"A",.,"A",.,"A",.,"A",.,"A",.,"A",.,"A",.,"A",.,"A",.,"A",.,"A",180,"F",.,"A",.,"A"
"20115",2272024,54,0,"1",.,"A",.,"A",.,"A",.,"A",240,"D",.,"A",.,"A",.,"A",.,"A",.,"A",.,"A",.,"A",144,"D",.,"A",.,"A"
"20115",2272055,37,0,"1",.,"A",.,"A",.,"A",.,"A",.,"A",.,"A",.,"A",.,"A",.,"A",.,"A",.,"A",.,"A",.,"A",.,"A",.,"A"
"20115",2272105,39,0,"1",.,"A",.,"A",.,"A",.,"A",.,"A",.,"A",.,"A",.,"A",.,"A",.,"A",.,"A",.,"A",.,"A",.,"A",.,"A"
"20115",2272135,47,0,"1",.,"A",.,"A",.,"A",.,"A",.,"A",.,"A",910,"D",.,"A",.,"A",.,"A",.,"A",.,"A",35,"D",.,"A",.,"A"
"20115",2272164,49,0,"1",.,"A",.,"A",.,"A",.,"A",.,"A",.,"A",.,"A",.,"A",.,"A",.,"A",.,"A",.,"A",250,"D",.,"A",.,"A"
"20115",2272174,38,0,"1",.,"A",.,"A",.,"A",.,"A",140,"D",.,"A",234,"D",.,"A",30,"D",.,"A",.,"A",.,"A",.,"A",.,"A",.,"A"
"20115",2272185,71,0,"1",.,"A",.,"A",.,"A",.,"A",.,"A",.,"A",.,"A",.,"A",.,"A",.,"A",.,"A",.,"A",120,"D",.,"A",.,"A"
"20115",2272204,26,0,"1",.,"A",.,"A",.,"A",.,"A",.,"A",.,"A",.,"A",.,"A",.,"A",.,"A",.,"A",.,"A",.,"A",.,"A",.,"A"
"20115",2272225,29,0,"1",.,"A",.,"A",.,"A",.,"A",120,"D",.,"A",.,"A",.,"A",.,"A",450,"D",0,"D",0,"D",.,"A",150,"D",.,"A"
"20115",2272244,39,0,"1",.,"A",.,"A",.,"A",.,"A",.,"A",.,"A",195,"D",.,"A",.,"A",.,"A",.,"A",.,"A",.,"A",.,"A",.,"A"
"20115",2272254,59,0,"1",.,"A",.,"A",.,"A",.,"A",.,"A",.,"A",.,"A",.,"A",.,"A",.,"A",.,"A",.,"A",50,"D",.,"A",.,"A"
"20115",2272274,47,0,"1",.,"A",.,"A",.,"A",.,"A",.,"A",.,"A",.,"A",.,"A",.,"A",.,"A",.,"A",.,"A",.,"A",.,"A",.,"A"
"20115",2272294,33,0,"1",.,"A",.,"A",.,"A",.,"A",.,"A",.,"A",.,"A",.,"A",.,"A",.,"A",.,"A",.,"A",.,"A",.,"A",.,"A"
"20115",2272305,43,0,"1",.,"A",.,"A",.,"A",.,"A",.,"A",.,"A",130,"D",.,"A",.,"A",.,"A",.,"A",.,"A",60,"D",.,"A",.,"A"
"20115",2272334,59,0,"1",.,"A",.,"A",.,"A",.,"A",.,"A",.,"A",.,"A",.,"A",.,"A",.,"A",.,"A",.,"A",.,"A",.,"A",.,"A"
"20115",2272345,72,0,"1",.,"A",.,"A",.,"A",.,"A",.,"A",.,"A",.,"A",.,"A",.,"A",.,"A",.,"A",.,"A",105,"D",.,"A",.,"A"
"20115",2272365,63,0,"1",.,"A",.,"A",.,"A",.,"A",.,"A",.,"A",.,"A",.,"A",.,"A",.,"A",.,"A",.,"A",.,"A",.,"A",.,"A"
"20115",2272375,42,0,"1",.,"A",.,"A",.,"A",.,"A",.,"A",.,"A",.,"A",.,"A",.,"A",.,"A",.,"A",.,"A",.,"A",.,"A",.,"A"
"20115",2272385,34,0,"1",15,"D",.,"A",.,"A",15,"D",65,"D",50,"D",.,"A",.,"A",.,"A",312,"D",0,"D",0,"D",50,"D",104,"D",.,"A"
"20115",2272395,59,0,"1",.,"A",.,"A",.,"A",.,"A",.,"A",.,"A",.,"A",.,"A",.,"A",.,"A",.,"A",.,"A",95,"D",.,"A",.,"A"
"20115",2272415,63,0,"1",.,"A",.,"A",.,"A",.,"A",.,"A",120,"D",.,"A",.,"A",30,"D",.,"A",.,"A",.,"A",720,"D",.,"A",.,"A"
"20115",2272434,58,0,"1",.,"A",.,"A",.,"A",.,"A",.,"A",.,"A",.,"A",.,"A",.,"A",.,"A",.,"A",.,"A",50,"D",.,"A",.,"A"
"20115",2272465,36,0,"1",.,"A",.,"A",.,"A",.,"A",.,"A",.,"A",.,"A",.,"A",.,"A",120,"D",120,"D",90,"D",.,"A",40,"D",.,"A"
"20115",2272475,55,0,"1",.,"A",.,"A",.,"A",.,"A",.,"A",.,"A",390,"D",.,"A",.,"A",.,"A",.,"A",.,"A",225,"D",.,"A",.,"A"
"20115",2272485,31,0,"1",.,"A",.,"A",.,"A",.,"A",120,"D",.,"A",.,"A",.,"A",.,"A",.,"A",.,"A",.,"A",50,"D",.,"A",.,"A"
"20115",2272604,35,0,"1",.,"A",.,"A",.,"A",.,"A",.,"A",.,"A",.,"A",.,"A",.,"A",.,"A",.,"A",.,"A",.,"A",.,"A",.,"A"
"20115",2272615,82,0,"1",.,"A",.,"A",.,"A",.,"A",.,"A",.,"A",130,"D",.,"A",33,"D",.,"A",.,"A",.,"A",120,"D",.,"A",.,"A"
"20115",2272625,48,0,"1",.,"A",.,"A",.,"A",.,"A",.,"A",.,"A",416,"D",.,"A",.,"A",.,"A",.,"A",.,"A",48,"D",.,"A",.,"A"
"20115",2272654,33,0,"1",.,"A",.,"A",.,"A",.,"A",12,"D",.,"A",.,"A",.,"A",.,"A",.,"A",.,"A",.,"A",.,"A",.,"A",.,"A"
"20115",2272665,74,0,"1",.,"A",.,"A",.,"A",.,"A",.,"A",25,"D",.,"A",.,"A",45,"D",.,"A",.,"A",.,"A",250,"D",.,"A",.,"A"
"20115",2272675,60,0,"1",.,"A",.,"A",.,"A",.,"A",.,"A",.,"A",.,"A",.,"A",.,"A",.,"A",.,"A",.,"A",150,"D",.,"A",.,"A"
"20115",2272715,51,0,"1",.,"A",.,"A",.,"A",.,"A",.,"A",.,"A",.,"A",.,"A",.,"A",.,"A",.,"A",.,"A",.,"A",.,"A",.,"A"
"20115",2272734,42,0,"1",.,"A",.,"A",.,"A",.,"A",.,"A",.,"A",.,"A",.,"A",.,"A",.,"A",.,"A",.,"A",50,"D",.,"A",.,"A"
"20115",2272744,38,0,"1",.,"A",43,"D",.,"A",.,"A",.,"A",32,"D",.,"A",.,"A",.,"A",225,"D",6,"D",6,"D",.,"A",75,"D",.,"A"
"20115",2272764,52,0,"1",.,"A",.,"A",.,"A",.,"A",.,"A",.,"A",.,"A",.,"A",.,"A",.,"A",.,"A",.,"A",90,"D",.,"A",.,"A"
"20115",2272834,48,0,"1",18,"D",.,"A",.,"A",.,"A",162,"D",.,"A",.,"A",.,"A",.,"A",.,"A",.,"A",.,"A",160,"D",.,"A",.,"A"
"20115",2272845,27,0,"1",.,"A",.,"A",.,"A",.,"A",.,"A",.,"A",.,"A",.,"A",.,"A",66,"D",0,"D",0,"D",.,"A",22,"D",.,"A"
"20115",2272884,49,0,"1",.,"A",.,"A",.,"A",.,"A",.,"A",50,"F",.,"A",.,"A",.,"A",.,"A",.,"A",.,"A",.,"A",.,"A",.,"A"
"20115",2272905,24,0,"1",.,"A",.,"A",.,"A",.,"A",.,"A",.,"A",.,"A",.,"A",.,"A",.,"A",.,"A",.,"A",.,"A",.,"A",.,"A"
"20115",2272954,33,0,"1",.,"A",.,"A",.,"A",.,"A",120,"D",.,"A",.,"A",.,"A",.,"A",.,"A",.,"A",.,"A",50,"D",.,"A",.,"A"
"20115",2272965,50,0,"1",.,"A",.,"A",.,"A",.,"A",.,"A",.,"A",.,"A",.,"A",.,"A",.,"A",.,"A",.,"A",70,"D",.,"A",.,"A"
"20115",2272974,55,0,"1",.,"A",.,"A",.,"A",.,"A",.,"A",.,"A",130,"D",.,"A",.,"A",.,"A",.,"A",.,"A",20,"D",.,"A",.,"A"
"20115",2273004,76,0,"1",.,"A",.,"A",.,"A",.,"A",.,"A",.,"A",.,"A",.,"A",.,"A",.,"A",.,"A",.,"A",220,"D",.,"A",.,"A"
"20115",2273114,26,0,"1",.,"A",.,"A",.,"A",.,"A",.,"A",.,"A",.,"A",.,"A",.,"A",.,"A",.,"A",.,"A",50,"D",.,"A",.,"A"
"20115",2273154,48,0,"1",.,"A",.,"A",.,"A",.,"A",.,"A",.,"A",.,"A",.,"A",.,"A",.,"A",.,"A",.,"A",.,"A",.,"A",.,"A"
"20115",2273165,56,0,"1",.,"A",.,"A",.,"A",.,"A",.,"A",.,"A",.,"A",.,"A",.,"A",.,"A",.,"A",.,"A",200,"D",.,"A",.,"A"
"20115",2273184,60,0,"1",.,"A",.,"A",.,"A",40,"D",.,"A",.,"A",.,"A",.,"A",30,"D",.,"A",.,"A",.,"A",50,"D",.,"A",.,"A"
"20115",2273195,31,0,"1",.,"A",.,"A",.,"A",100,"D",100,"D",.,"A",.,"A",.,"A",.,"A",312,"D",0,"D",0,"D",.,"A",104,"D",.,"A"
"20115",2273204,40,0,"1",.,"A",.,"A",.,"A",.,"A",.,"A",.,"A",.,"A",.,"A",.,"A",.,"A",.,"A",.,"A",.,"A",.,"A",.,"A"
"20115",2273234,47,0,"1",.,"A",.,"A",.,"A",.,"A",.,"A",.,"A",.,"A",.,"A",.,"A",.,"A",.,"A",.,"A",50,"D",.,"A",.,"A"
"20115",2273275,48,0,"1",.,"A",.,"A",.,"A",.,"A",.,"A",.,"A",.,"A",.,"A",.,"A",.,"A",.,"A",.,"A",.,"A",.,"A",.,"A"
"20115",2273295,30,0,"1",.,"A",.,"A",.,"A",16,"D",64,"D",.,"A",.,"A",.,"A",.,"A",0,"D",0,"D",63,"D",.,"A",0,"D",.,"A"
"20115",2273335,57,0,"1",.,"A",.,"A",.,"A",.,"A",.,"A",.,"A",.,"A",.,"A",90,"D",.,"A",.,"A",.,"A",105,"D",.,"A",.,"A"
"20115",2273345,69,0,"1",.,"A",.,"A",90,"D",.,"A",.,"A",.,"A",260,"D",.,"A",.,"A",.,"A",.,"A",.,"A",180,"D",.,"A",.,"A"
"20115",2273364,71,0,"1",.,"A",.,"A",.,"A",.,"A",.,"A",23,"D",.,"A",.,"A",.,"A",.,"A",.,"A",.,"A",140,"D",.,"A",.,"A"
"20115",2273375,49,0,"1",.,"A",.,"A",.,"A",.,"A",.,"A",.,"A",.,"A",.,"A",.,"A",.,"A",.,"A",.,"A",60,"D",.,"A",.,"A"
"20115",2273415,33,0,"1",.,"A",.,"A",.,"A",.,"A",45,"D",.,"A",.,"A",.,"A",.,"A",.,"A",.,"A",.,"A",.,"A",.,"A",.,"A"
"20115",2273465,51,0,"1",.,"A",.,"A",.,"A",.,"A",.,"A",.,"A",.,"A",.,"A",30,"D",.,"A",.,"A",.,"A",67,"D",.,"A",.,"A"
"20115",2273474,43,0,"1",.,"A",.,"A",.,"A",156,"D",.,"A",.,"A",.,"A",.,"A",.,"A",.,"A",.,"A",.,"A",.,"A",.,"A",.,"A"
"20115",2273484,52,0,"1",.,"A",.,"A",.,"A",.,"A",.,"A",180,"D",.,"A",.,"A",.,"A",.,"A",.,"A",.,"A",.,"A",.,"A",.,"A"
"20115",2273505,43,0,"1",.,"A",.,"A",.,"A",.,"A",.,"A",.,"A",.,"A",.,"A",36,"D",.,"A",.,"A",.,"A",.,"A",.,"A",.,"A"
"20115",2273554,31,0,"1",8,"D",.,"A",.,"A",.,"A",7,"D",.,"A",.,"A",.,"A",.,"A",.,"A",.,"A",.,"A",.,"A",.,"A",.,"A"
"20115",2273575,72,0,"1",.,"A",.,"A",.,"A",.,"A",.,"A",.,"A",520,"D",.,"A",42,"D",.,"A",.,"A",.,"A",.,"A",.,"A",.,"A"
"20115",2273584,61,0,"1",.,"A",.,"A",.,"A",.,"A",.,"A",.,"A",.,"A",.,"A",.,"A",.,"A",.,"A",.,"A",60,"D",.,"A",.,"A"
"20115",2273605,85,0,"1",.,"A",.,"A",.,"A",.,"A",.,"A",.,"A",.,"A",.,"A",.,"A",.,"A",.,"A",.,"A",40,"D",.,"A",.,"A"
"20115",2273615,27,0,"1",.,"A",.,"A",.,"A",.,"A",.,"A",.,"A",.,"A",.,"A",.,"A",.,"A",.,"A",.,"A",20,"D",.,"A",.,"A"
"20115",2273624,38,0,"1",.,"A",.,"A",.,"A",.,"A",.,"A",.,"A",.,"A",.,"A",.,"A",.,"A",.,"A",.,"A",.,"A",.,"A",.,"A"
"20115",2273644,72,0,"1",.,"A",50,"D",.,"A",.,"A",.,"A",250,"D",.,"A",.,"A",.,"A",.,"A",.,"A",.,"A",150,"D",.,"A",.,"A"
"20115",2273655,89,0,"1",.,"A",.,"A",.,"A",.,"A",.,"A",.,"A",260,"D",.,"A",.,"A",.,"A",.,"A",.,"A",60,"D",.,"A",.,"A"
"20115",2273665,31,0,"1",.,"A",.,"A",.,"A",.,"A",165,"D",.,"A",.,"A",.,"A",.,"A",300,"D",0,"D",0,"D",100,"D",100,"D",.,"A"
"20115",2273675,78,0,"1",.,"A",.,"A",.,"A",.,"A",.,"A",100,"D",.,"A",.,"A",.,"A",.,"A",.,"A",.,"A",600,"D",.,"A",.,"A"
"20115",2273704,25,0,"1",.,"A",.,"A",.,"A",.,"A",.,"A",.,"A",.,"A",.,"A",.,"A",.,"A",.,"A",.,"A",.,"A",.,"A",.,"A"
"20115",2273724,37,0,"1",.,"A",.,"A",.,"A",.,"A",.,"A",.,"A",.,"A",.,"A",.,"A",.,"A",.,"A",.,"A",.,"A",.,"A",.,"A"
"20115",2273744,92,0,"1",20,"D",.,"A",.,"A",.,"A",0,"D",.,"A",.,"A",.,"A",.,"A",.,"A",.,"A",.,"A",240,"D",.,"A",.,"A"
"20115",2273755,28,0,"1",.,"A",.,"A",.,"A",.,"A",120,"D",50,"D",.,"A",.,"A",.,"A",150,"D",150,"D",0,"D",.,"A",50,"D",.,"A"
"20115",2273774,88,0,"1",.,"A",.,"A",.,"A",.,"A",.,"A",.,"A",910,"D",.,"A",30,"D",.,"A",.,"A",.,"A",.,"A",.,"A",.,"A"
"20115",2273785,49,0,"1",.,"A",.,"A",.,"A",.,"A",.,"A",.,"A",.,"A",.,"A",.,"A",.,"A",.,"A",.,"A",24,"D",.,"A",.,"A"
"20115",2273794,76,0,"1",.,"A",.,"A",.,"A",.,"A",.,"A",.,"A",.,"A",.,"A",.,"A",.,"A",.,"A",.,"A",110,"D",.,"A",.,"A"
"20115",2273814,73,0,"1",.,"A",.,"A",.,"A",.,"A",.,"A",.,"A",.,"A",.,"A",21,"D",.,"A",.,"A",.,"A",.,"A",.,"A",.,"A"
"20115",2273834,72,0,"1",.,"A",.,"A",.,"A",.,"A",.,"A",.,"A",.,"A",.,"A",.,"A",.,"A",.,"A",.,"A",200,"D",.,"A",.,"A"
"20115",2273845,27,0,"1",.,"A",.,"A",.,"A",.,"A",.,"A",.,"A",.,"A",.,"A",.,"A",.,"A",.,"A",.,"A",.,"A",.,"A",.,"A"
"20115",2273865,61,0,"1",.,"A",.,"A",.,"A",.,"A",.,"A",.,"A",585,"D",.,"A",.,"A",.,"A",.,"A",.,"A",.,"A",.,"A",.,"A"
"20115",2273874,40,0,"1",.,"A",.,"A",.,"A",.,"A",.,"A",12,"D",.,"A",.,"A",.,"A",.,"A",.,"A",.,"A",20,"D",.,"A",.,"A"
"20115",2273945,98,0,"1",.,"A",.,"A",.,"A",.,"A",.,"A",.,"A",.,"A",.,"A",.,"A",.,"A",.,"A",.,"A",85,"D",.,"A",.,"A"
"20115",2273955,85,0,"1",.,"A",.,"A",.,"A",.,"A",.,"A",150,"D",.,"A",.,"A",45,"D",.,"A",.,"A",.,"A",300,"D",.,"A",.,"A"
"20115",2273964,66,0,"1",.,"A",.,"A",.,"A",.,"A",.,"A",.,"A",.,"A",.,"A",.,"A",.,"A",.,"A",.,"A",.,"A",.,"A",.,"A"
"20115",2273974,29,0,"1",.,"A",.,"A",.,"A",.,"A",60,"D",.,"A",.,"A",.,"A",.,"A",180,"D",0,"D",0,"D",15,"D",60,"D",.,"A"
"20115",2273995,81,0,"1",.,"A",.,"A",.,"A",.,"A",.,"A",.,"A",.,"A",.,"A",.,"A",.,"A",.,"A",.,"A",254,"D",.,"A",.,"A"
"20115",2274065,65,0,"1",.,"A",.,"A",.,"A",.,"A",.,"A",60,"D",.,"A",.,"A",.,"A",.,"A",.,"A",.,"A",50,"D",.,"A",.,"A"
"20115",2274074,43,0,"1",.,"A",.,"A",.,"A",.,"A",.,"A",.,"A",.,"A",.,"A",.,"A",.,"A",.,"A",.,"A",180,"D",.,"A",.,"A"
"20115",2274104,24,0,"1",.,"A",.,"A",.,"A",.,"A",.,"A",.,"A",.,"A",.,"A",.,"A",90,"F",0,"D",90,"F",.,"A",.,"C",.,"A"
"20115",2274114,35,0,"1",.,"A",.,"A",.,"A",.,"A",.,"A",.,"A",.,"A",.,"A",.,"A",.,"A",.,"A",.,"A",.,"A",.,"A",.,"A"
"20115",2274125,107,0,"1",.,"A",.,"A",.,"A",.,"A",.,"A",.,"A",780,"D",.,"A",.,"A",.,"A",.,"A",.,"A",.,"A",.,"A",.,"A"
"20115",2274135,58,0,"1",.,"A",.,"A",.,"A",.,"A",.,"A",.,"A",.,"A",.,"A",.,"A",.,"A",.,"A",.,"A",300,"D",.,"A",.,"A"
"20115",2274194,35,0,"1",.,"A",.,"A",.,"A",.,"A",.,"A",.,"A",.,"A",.,"A",.,"A",.,"A",.,"A",.,"A",.,"A",.,"A",.,"A"
"20115",2274205,56,0,"1",.,"A",.,"A",.,"A",.,"A",.,"A",30,"D",390,"D",.,"A",.,"A",.,"A",.,"A",.,"A",135,"D",.,"A",.,"A"
"20115",2274224,28,0,"1",.,"A",.,"A",.,"A",.,"A",.,"A",.,"A",260,"D",.,"A",.,"A",.,"A",.,"A",.,"A",.,"A",.,"A",.,"A"
"20115",2274255,34,0,"1",.,"A",.,"A",.,"A",.,"A",.,"A",.,"A",.,"A",.,"A",.,"A",.,"A",.,"A",.,"A",.,"A",.,"A",.,"A"
"20115",2274264,60,0,"1",.,"A",.,"A",.,"A",.,"A",.,"A",.,"A",.,"A",.,"A",.,"A",.,"A",.,"A",.,"A",170,"D",.,"A",.,"A"
"20115",2274275,58,0,"1",.,"A",.,"A",.,"A",.,"A",.,"A",.,"A",.,"A",.,"A",33,"D",.,"A",.,"A",.,"A",62,"D",.,"A",.,"A"
"20115",2274285,55,0,"1",.,"A",.,"A",.,"A",.,"A",.,"A",.,"A",.,"A",.,"A",.,"A",.,"A",.,"A",.,"A",60,"D",.,"A",.,"A"
"20115",2274325,52,0,"1",.,"A",.,"A",.,"A",.,"A",.,"A",.,"A",.,"A",.,"A",.,"A",.,"A",.,"A",.,"A",.,"A",.,"A",.,"A"
"20115",2274334,51,0,"1",.,"A",.,"A",.,"A",.,"A",.,"A",.,"A",.,"A",.,"A",.,"A",.,"A",.,"A",.,"A",120,"D",.,"A",.,"A"
"20115",2274354,50,0,"1",.,"A",.,"A",.,"A",.,"A",.,"A",.,"A",.,"A",.,"A",.,"A",.,"A",.,"A",.,"A",100,"D",.,"A",.,"A"
"20115",2274444,94,0,"1",.,"A",.,"A",.,"A",.,"A",.,"A",25,"D",.,"A",.,"A",.,"A",.,"A",.,"A",.,"A",210,"D",.,"A",.,"A"
"20115",2274454,40,0,"1",.,"A",.,"A",.,"A",.,"A",.,"A",.,"A",.,"A",.,"A",.,"A",.,"A",.,"A",.,"A",30,"D",.,"A",.,"A"
"20115",2274465,26,0,"1",.,"A",.,"A",.,"A",.,"A",.,"A",.,"A",.,"A",.,"A",.,"A",.,"A",.,"A",.,"A",.,"A",.,"A",.,"A"
"20115",2274485,63,0,"1",.,"A",.,"A",.,"A",.,"A",.,"A",.,"A",390,"D",.,"A",.,"A",.,"A",.,"A",.,"A",.,"A",.,"A",.,"A"
"20115",2274495,42,0,"1",.,"A",.,"A",.,"A",.,"A",.,"A",.,"A",.,"A",.,"A",.,"A",.,"A",.,"A",.,"A",.,"A",.,"A",.,"A"
"20115",2274505,39,0,"1",.,"A",.,"A",.,"A",.,"A",.,"A",.,"A",.,"A",.,"A",.,"A",.,"A",.,"A",.,"A",60,"D",.,"A",.,"A"
"20115",2274554,43,0,"1",.,"A",.,"A",.,"A",.,"A",30,"D",.,"A",.,"A",.,"A",.,"A",.,"A",.,"A",.,"A",24,"D",.,"A",.,"A"
"20115",2274595,35,0,"1",.,"A",.,"A",.,"A",.,"A",.,"A",.,"A",.,"A",.,"A",.,"A",.,"A",.,"A",.,"A",.,"A",.,"A",.,"A"
"20115",2274635,73,0,"1",.,"A",.,"A",.,"A",.,"A",.,"A",64,"F",.,"A",.,"A",.,"A",.,"A",.,"A",.,"A",200,"D",.,"A",.,"A"
"20115",2274684,43,0,"1",.,"A",.,"A",.,"A",.,"A",.,"A",.,"A",.,"A",.,"A",.,"A",.,"A",.,"A",.,"A",16,"D",.,"A",.,"A"
"20115",2274694,59,0,"1",.,"A",.,"A",.,"A",.,"A",.,"A",.,"A",.,"A",.,"A",.,"A",.,"A",.,"A",.,"A",130,"D",.,"A",.,"A"
"20115",2274714,65,0,"1",.,"A",.,"A",.,"A",.,"A",.,"A",.,"A",.,"A",.,"A",.,"A",.,"A",.,"A",.,"A",76,"D",.,"A",.,"A"
"20115",2274734,44,0,"1",.,"A",.,"A",.,"A",.,"A",.,"A",.,"A",260,"D",.,"A",.,"A",.,"A",.,"A",.,"A",.,"A",.,"A",.,"A"
"20115",2274774,43,0,"1",.,"A",.,"A",.,"A",.,"A",.,"A",.,"A",.,"A",.,"A",.,"A",.,"A",.,"A",.,"A",50,"D",.,"A",.,"A"
"20115",2274795,25,0,"1",200,"D",.,"A",.,"A",.,"A",200,"D",.,"A",.,"A",.,"A",.,"A",.,"A",.,"A",.,"A",60,"D",.,"A",.,"A"
"20115",2274804,50,0,"1",.,"A",.,"A",.,"A",.,"A",.,"A",.,"A",.,"A",.,"A",.,"A",.,"A",.,"A",.,"A",30,"D",.,"A",.,"A"
"20115",2274824,40,0,"1",5,"D",.,"A",.,"A",7,"D",31,"D",.,"A",.,"A",.,"A",.,"A",480,"D",60,"D",0,"D",.,"A",160,"D",.,"A"
"20115",2274834,23,0,"1",.,"A",.,"A",.,"A",.,"A",.,"A",.,"A",.,"A",.,"A",.,"A",.,"A",.,"A",.,"A",.,"A",.,"A",.,"A"
"20115",2274844,66,0,"1",.,"A",.,"A",.,"A",.,"A",.,"A",.,"A",.,"A",.,"A",.,"A",.,"A",.,"A",.,"A",75,"D",.,"A",.,"A"
"20115",2274854,47,0,"1",.,"A",.,"A",.,"A",.,"A",.,"A",.,"A",.,"A",.,"A",.,"A",.,"A",.,"A",.,"A",30,"D",.,"A",.,"A"
"20115",2274875,43,0,"1",.,"A",.,"A",.,"A",.,"A",.,"A",.,"A",.,"A",.,"A",.,"A",.,"A",.,"A",.,"A",.,"A",.,"A",.,"A"
"20115",2274894,55,0,"1",100,"D",.,"A",.,"A",30,"D",110,"D",.,"A",.,"A",.,"A",.,"A",312,"D",0,"D",0,"D",60,"F",104,"D",.,"A"
"20115",2274904,34,0,"1",.,"A",.,"A",.,"A",.,"A",.,"A",.,"A",.,"A",.,"A",.,"A",.,"A",.,"A",.,"A",124,"D",.,"A",.,"A"
"20115",2274915,43,0,"1",.,"A",.,"A",.,"A",.,"A",.,"A",.,"A",.,"A",.,"A",.,"A",.,"A",.,"A",.,"A",.,"A",.,"A",.,"A"
"20115",2274925,36,0,"1",75,"D",.,"A",.,"A",.,"A",75,"D",.,"A",91,"D",.,"A",.,"A",.,"A",.,"A",.,"A",.,"A",.,"A",.,"A"
"20115",2274934,61,0,"1",.,"A",.,"A",.,"A",.,"A",.,"A",30,"D",.,"A",.,"A",.,"A",.,"A",.,"A",.,"A",80,"D",.,"A",.,"A"
"20115",2274944,68,0,"1",.,"A",.,"A",.,"A",.,"A",.,"A",.,"A",.,"A",.,"A",9,"D",0,"D",0,"D",0,"D",60,"D",0,"D",.,"A"
"20115",2274975,51,0,"1",.,"A",.,"A",.,"A",.,"A",.,"A",.,"A",260,"D",.,"A",.,"A",.,"A",.,"A",.,"A",30,"D",.,"A",.,"A"
"20115",2274995,37,0,"1",.,"A",.,"A",.,"A",.,"A",.,"A",.,"A",.,"A",.,"A",.,"A",.,"A",.,"A",.,"A",30,"D",.,"A",.,"A"
"20115",2275005,83,0,"1",.,"A",.,"A",.,"A",.,"A",.,"A",.,"A",.,"A",.,"A",.,"A",.,"A",.,"A",.,"A",15,"D",.,"A",.,"A"
"20115",2275014,43,0,"1",.,"A",.,"A",.,"A",.,"A",.,"A",.,"A",.,"A",.,"A",.,"A",.,"A",.,"A",.,"A",120,"D",.,"A",.,"A"
"20115",2275024,26,0,"1",.,"A",.,"A",.,"A",.,"A",.,"A",.,"A",.,"A",.,"A",.,"A",.,"A",.,"A",.,"A",.,"A",.,"A",.,"A"
"20115",2275034,36,0,"1",.,"A",.,"A",.,"A",.,"A",.,"A",.,"A",.,"A",.,"A",.,"A",.,"A",.,"A",.,"A",.,"A",.,"A",.,"A"
"20115",2275045,54,0,"1",.,"A",.,"A",.,"A",.,"A",60,"D",.,"A",.,"A",.,"A",.,"A",.,"A",.,"A",.,"A",60,"D",.,"A",.,"A"
"20115",2275154,59,0,"1",.,"A",.,"A",.,"A",.,"A",.,"A",300,"D",.,"A",.,"A",.,"A",.,"A",.,"A",.,"A",300,"D",.,"A",.,"A"
"20115",2275164,35,0,"1",.,"A",.,"A",.,"A",.,"A",120,"D",.,"A",.,"A",.,"A",.,"A",.,"A",.,"A",.,"A",.,"A",.,"A",.,"A"
"20115",2275224,41,0,"1",.,"A",.,"A",.,"A",.,"A",.,"A",.,"A",.,"A",.,"A",.,"A",.,"A",.,"A",.,"A",.,"A",.,"A",.,"A"
"20115",2275254,65,0,"1",.,"A",.,"A",.,"A",.,"A",.,"A",.,"A",130,"D",.,"A",.,"A",.,"A",.,"A",.,"A",100,"D",.,"A",.,"A"
"20115",2275305,47,0,"1",.,"A",.,"A",.,"A",.,"A",.,"A",.,"A",.,"A",.,"A",.,"A",240,"D",0,"D",0,"D",66,"D",80,"D",.,"A"
"20115",2275324,35,0,"1",.,"A",.,"A",.,"A",.,"A",.,"A",.,"A",546,"F",91,"F",.,"A",.,"A",.,"A",.,"A",.,"A",.,"A",.,"A"
"20115",2275334,82,0,"1",.,"A",.,"A",.,"A",.,"A",.,"A",.,"A",.,"A",.,"A",.,"A",.,"A",.,"A",.,"A",.,"A",.,"A",.,"A"
"20115",2275425,40,0,"1",.,"A",.,"A",.,"A",.,"A",.,"A",.,"A",.,"A",.,"A",.,"A",0,"D",0,"D",30,"D",300,"D",0,"D",.,"A"
"20115",2275465,36,0,"1",.,"A",.,"A",.,"A",.,"A",.,"A",.,"A",.,"A",.,"A",.,"A",.,"A",.,"A",.,"A",.,"A",.,"A",.,"A"
"20115",2275495,48,0,"1",.,"A",.,"A",.,"A",.,"A",.,"A",.,"A",.,"A",.,"A",.,"A",.,"A",.,"A",.,"A",100,"D",.,"A",.,"A"
"20115",2275505,45,0,"1",.,"A",.,"A",.,"A",.,"A",.,"A",.,"A",.,"A",.,"A",.,"A",.,"A",.,"A",.,"A",.,"A",.,"A",.,"A"
"20115",2275515,45,0,"1",.,"A",.,"A",.,"A",30,"D",.,"A",20,"D",.,"A",.,"A",.,"A",270,"D",0,"D",0,"D",150,"D",90,"D",.,"A"
"20115",2275544,61,0,"1",.,"A",.,"A",.,"A",.,"A",.,"A",.,"A",.,"A",.,"A",9,"D",60,"D",0,"D",60,"D",25,"D",20,"D",75,"D"
"20115",2275554,38,0,"1",.,"A",.,"A",.,"A",.,"A",.,"A",.,"A",.,"A",.,"A",.,"A",.,"A",.,"A",.,"A",100,"D",.,"A",.,"A"
"20115",2275594,37,0,"1",.,"A",.,"A",49,"D",.,"A",.,"A",.,"A",.,"A",.,"A",.,"A",.,"A",.,"A",.,"A",.,"A",.,"A",.,"A"
"20115",2275614,42,0,"1",.,"A",.,"A",.,"A",.,"A",.,"A",.,"A",.,"A",.,"A",.,"A",.,"A",.,"A",.,"A",.,"A",.,"A",.,"A"
"20115",2275625,63,0,"1",.,"A",.,"A",.,"A",.,"A",.,"A",.,"A",.,"A",.,"A",.,"A",.,"A",.,"A",.,"A",70,"D",.,"A",.,"A"
"20115",2275635,53,0,"1",.,"A",.,"A",.,"A",.,"A",.,"A",20,"D",.,"A",.,"A",.,"A",.,"A",.,"A",.,"A",10,"D",.,"A",.,"A"
"20115",2275725,82,0,"1",.,"A",.,"A",.,"A",.,"A",.,"A",.,"A",.,"A",.,"A",.,"A",.,"A",.,"A",.,"A",100,"D",.,"A",.,"A"
"20115",2275755,24,0,"1",.,"A",.,"A",.,"A",.,"A",60,"F",.,"A",.,"A",.,"A",.,"A",.,"A",.,"A",.,"A",.,"A",.,"A",.,"A"
"20115",2275784,31,0,"1",.,"A",.,"A",.,"A",.,"A",.,"A",.,"A",.,"A",.,"A",.,"A",.,"A",.,"A",.,"A",.,"A",.,"A",.,"A"
"20115",2275795,52,0,"1",.,"A",.,"A",.,"A",.,"A",.,"A",.,"A",910,"D",.,"A",.,"A",.,"A",.,"A",.,"A",90,"D",.,"A",.,"A"
"20115",2275805,69,0,"1",.,"A",.,"A",.,"A",.,"A",20,"D",65,"D",.,"A",.,"A",.,"A",255,"D",0,"D",0,"D",45,"D",85,"D",.,"A"
"20115",2275835,31,0,"1",.,"A",.,"A",.,"A",.,"A",.,"A",.,"A",.,"A",.,"A",.,"A",.,"A",.,"A",.,"A",.,"A",.,"A",.,"A"
"20115",2275864,51,0,"1",.,"A",.,"A",.,"A",.,"A",.,"A",.,"A",.,"A",.,"A",.,"A",.,"A",.,"A",.,"A",.,"A",.,"A",.,"A"
"20115",2275874,86,0,"1",.,"A",.,"A",.,"A",.,"A",.,"A",.,"A",.,"A",.,"A",.,"A",.,"A",.,"A",.,"A",45,"D",.,"A",.,"A"
"20115",2275894,54,0,"1",.,"A",.,"A",.,"A",.,"A",.,"A",.,"A",.,"A",.,"A",21,"D",.,"A",.,"A",.,"A",.,"A",.,"A",.,"A"
"20115",2275935,49,0,"1",.,"A",.,"A",.,"A",.,"A",.,"A",.,"A",325,"D",.,"A",.,"A",.,"A",.,"A",.,"A",.,"A",.,"A",.,"A"
"20115",2276035,42,0,"1",.,"A",.,"A",.,"A",.,"A",.,"A",.,"A",.,"A",.,"A",.,"A",.,"A",.,"A",.,"A",.,"A",.,"A",.,"A"
"20115",2276045,50,0,"1",.,"A",.,"A",.,"A",.,"A",.,"A",25,"D",.,"A",.,"A",.,"A",.,"A",.,"A",.,"A",180,"D",.,"A",.,"A"
"20115",2276055,58,0,"1",.,"A",.,"A",.,"A",.,"A",.,"A",.,"A",.,"A",.,"A",.,"A",.,"A",.,"A",.,"A",23,"D",.,"A",.,"A"
"20115",2276075,40,0,"1",.,"A",.,"A",.,"A",.,"A",.,"A",.,"A",.,"A",.,"A",.,"A",.,"A",.,"A",.,"A",.,"A",.,"A",.,"A"
"20115",2276124,69,0,"1",.,"A",.,"A",.,"A",.,"A",.,"A",.,"A",.,"A",.,"A",.,"A",.,"A",.,"A",.,"A",.,"A",.,"A",.,"A"
"20115",2276184,39,0,"1",.,"A",.,"A",.,"A",.,"A",.,"A",.,"A",.,"A",130,"D",.,"A",.,"A",.,"A",.,"A",.,"A",.,"A",.,"A"
"20115",2276204,58,0,"1",.,"A",.,"A",40,"D",.,"A",.,"A",.,"A",.,"A",.,"A",.,"A",.,"A",.,"A",.,"A",44,"D",.,"A",.,"A"
"20115",2276225,66,0,"1",.,"A",.,"A",.,"A",.,"A",.,"A",150,"D",.,"A",.,"A",.,"A",.,"A",.,"A",.,"A",100,"D",.,"A",.,"A"
"20115",2276235,42,0,"1",.,"A",.,"A",.,"A",.,"A",120,"D",.,"A",.,"A",.,"A",.,"A",.,"A",.,"A",.,"A",100,"D",.,"A",.,"A"
"20115",2276244,51,0,"1",.,"A",.,"A",.,"A",.,"A",.,"A",.,"A",2600,"D",.,"A",30,"D",.,"A",.,"A",.,"A",.,"A",.,"A",.,"A"
"20115",2276264,128,0,"1",40,"D",.,"A",.,"A",.,"A",0,"D",.,"A",.,"A",.,"A",.,"A",.,"A",.,"A",.,"A",300,"D",.,"A",.,"A"
"20115",2276275,39,0,"1",.,"A",.,"A",.,"A",.,"A",.,"A",.,"A",.,"A",.,"A",.,"A",.,"A",.,"A",.,"A",40,"D",.,"A",.,"A"
"20115",2276284,36,0,"1",.,"A",.,"A",.,"A",.,"A",.,"A",.,"A",.,"A",.,"A",.,"A",.,"A",.,"A",.,"A",20,"D",.,"A",.,"A"
"20115",2276334,53,0,"1",.,"A",.,"A",.,"A",.,"A",.,"A",.,"A",.,"A",.,"A",.,"A",.,"A",.,"A",.,"A",129,"D",.,"A",.,"A"
"20115",2276364,33,0,"1",.,"A",.,"A",.,"A",.,"A",80,"D",.,"A",104,"D",65,"D",.,"A",.,"A",.,"A",.,"A",.,"A",.,"A",.,"A"
"20115",2276414,49,0,"1",.,"A",.,"A",.,"A",.,"A",12,"D",45,"D",.,"A",.,"A",.,"A",.,"A",.,"A",.,"A",65,"D",.,"A",.,"A"
"20115",2276434,53,0,"1",.,"A",.,"A",.,"A",.,"A",.,"A",.,"A",429,"D",.,"A",.,"A",.,"A",.,"A",.,"A",.,"A",.,"A",.,"A"
"20115",2276484,33,0,"1",.,"A",.,"A",.,"A",.,"A",30,"D",.,"A",.,"A",.,"A",.,"A",.,"A",.,"A",.,"A",.,"A",.,"A",.,"A"
"20115",2276515,56,0,"1",.,"A",.,"A",.,"A",.,"A",.,"A",.,"A",.,"A",.,"A",.,"A",.,"A",.,"A",.,"A",.,"A",.,"A",.,"A"
"20115",2276524,55,0,"1",.,"A",.,"A",.,"A",.,"A",.,"A",90,"D",91,"D",.,"A",.,"A",.,"A",.,"A",.,"A",600,"D",.,"A",.,"A"
"20115",2276545,75,0,"1",.,"A",.,"A",.,"A",.,"A",.,"A",.,"A",.,"A",.,"A",30,"D",.,"A",.,"A",.,"A",45,"D",.,"A",.,"A"
"20115",2276565,41,0,"1",.,"A",.,"A",.,"A",.,"A",.,"A",.,"A",.,"A",.,"A",.,"A",.,"A",.,"A",.,"A",45,"D",.,"A",.,"A"
"20115",2276615,43,0,"1",.,"A",.,"A",.,"A",.,"A",.,"A",.,"A",.,"A",.,"A",.,"A",.,"A",.,"A",.,"A",.,"A",.,"A",.,"A"
"20115",2276654,56,0,"1",.,"A",.,"A",.,"A",.,"A",.,"A",.,"A",.,"A",.,"A",.,"A",.,"A",.,"A",.,"A",270,"D",.,"A",.,"A"
"20115",2276665,54,0,"1",.,"A",.,"A",.,"A",.,"A",.,"A",.,"A",.,"A",.,"A",.,"A",.,"A",.,"A",.,"A",.,"A",.,"A",.,"A"
"20115",2276684,47,0,"1",.,"A",.,"A",.,"A",.,"A",.,"A",.,"A",.,"A",.,"A",.,"A",.,"A",.,"A",.,"A",28,"F",.,"A",.,"A"
"20115",2276714,54,0,"1",.,"A",.,"A",.,"A",.,"A",.,"A",.,"A",.,"A",.,"A",.,"A",.,"A",.,"A",.,"A",150,"D",.,"A",.,"A"
"20115",2276755,26,0,"1",.,"A",.,"A",.,"A",.,"A",.,"A",.,"A",.,"A",.,"A",.,"A",.,"A",.,"A",.,"A",.,"A",.,"A",.,"A"
"20115",2276765,57,0,"1",.,"A",.,"A",.,"A",.,"A",.,"A",.,"A",.,"A",.,"A",.,"A",.,"A",.,"A",.,"A",.,"A",.,"A",.,"A"
"20115",2276794,54,0,"1",.,"A",.,"A",.,"A",.,"A",.,"A",.,"A",325,"D",.,"A",.,"A",.,"A",.,"A",.,"A",.,"A",.,"A",.,"A"
"20115",2276905,53,0,"1",.,"A",.,"A",.,"A",.,"A",.,"A",.,"A",195,"D",.,"A",.,"A",.,"A",.,"A",.,"A",24,"D",.,"A",.,"A"
"20115",2276984,42,0,"1",.,"A",.,"A",.,"A",.,"A",.,"A",.,"A",.,"A",.,"A",.,"A",.,"A",.,"A",.,"A",15,"D",.,"A",.,"A"
"20115",2276994,78,0,"1",.,"A",.,"A",.,"A",.,"A",.,"A",.,"A",.,"A",.,"A",.,"A",.,"A",.,"A",.,"A",.,"A",.,"A",.,"A"
"20115",2277025,42,0,"1",.,"A",.,"A",.,"A",.,"A",.,"A",.,"A",.,"A",.,"A",.,"A",90,"D",0,"D",0,"D",140,"D",30,"D",.,"A"
"20115",2277075,34,0,"1",.,"A",.,"A",.,"A",.,"A",.,"A",.,"A",.,"A",.,"A",.,"A",.,"A",.,"A",.,"A",10,"D",.,"A",.,"A"
"20115",2277094,63,0,"1",.,"A",.,"A",.,"A",.,"A",.,"A",80,"D",.,"A",.,"A",.,"A",.,"A",.,"A",.,"A",140,"D",.,"A",.,"A"
"20115",2277115,55,0,"1",.,"A",.,"A",.,"A",.,"A",.,"A",.,"A",.,"A",.,"A",.,"A",.,"A",.,"A",.,"A",60,"D",.,"A",.,"A"
"20115",2277185,45,0,"1",.,"A",.,"A",.,"A",.,"A",.,"A",.,"A",.,"A",.,"A",.,"A",.,"A",.,"A",.,"A",.,"A",.,"A",.,"A"
"20115",2277235,23,0,"1",.,"A",.,"A",.,"A",.,"A",45,"D",.,"A",.,"A",.,"A",.,"A",.,"A",.,"A",.,"A",.,"A",.,"A",.,"A"
"20115",2277244,76,0,"1",.,"A",.,"A",30,"D",.,"A",.,"A",60,"D",.,"A",.,"A",.,"A",.,"A",.,"A",.,"A",225,"D",.,"A",.,"A"
"20115",2277254,38,0,"1",.,"A",.,"A",.,"A",.,"A",.,"A",.,"A",.,"A",.,"A",.,"A",.,"A",.,"A",.,"A",.,"A",.,"A",.,"A"
"20115",2277275,70,0,"1",.,"A",.,"A",.,"A",.,"A",.,"A",.,"A",195,"D",.,"A",.,"A",.,"A",.,"A",.,"A",36,"D",.,"A",.,"A"
"20115",2277295,34,0,"1",.,"A",.,"A",.,"A",.,"A",15,"D",.,"A",.,"A",.,"A",.,"A",255,"D",0,"D",0,"D",.,"A",85,"D",.,"A"
"20115",2277304,71,0,"1",.,"A",.,"A",.,"A",.,"A",.,"A",.,"A",.,"A",.,"A",.,"A",.,"A",.,"A",.,"A",80,"D",.,"A",.,"A"
"20115",2277335,63,0,"1",.,"A",.,"A",.,"A",.,"A",.,"A",25,"D",.,"A",.,"A",.,"A",.,"A",.,"A",.,"A",240,"D",.,"A",.,"A"
"20115",2277345,51,0,"1",.,"A",.,"A",.,"A",.,"A",.,"A",.,"A",.,"A",.,"A",30,"D",.,"A",.,"A",.,"A",53,"D",.,"A",.,"A"
"20115",2277365,29,0,"1",.,"A",.,"A",.,"A",.,"A",.,"A",.,"A",.,"A",.,"A",.,"A",.,"A",.,"A",.,"A",.,"A",.,"A",.,"A"
"20115",2277385,51,0,"1",.,"A",.,"A",.,"A",.,"A",.,"A",.,"A",.,"A",.,"A",.,"A",.,"A",.,"A",.,"A",.,"A",.,"A",.,"A"
"20115",2277395,57,0,"1",.,"A",.,"A",.,"A",.,"A",.,"A",.,"A",.,"A",.,"A",.,"A",.,"A",.,"A",.,"A",320,"D",.,"A",.,"A"
"20115",2277425,65,0,"1",.,"A",.,"A",.,"A",.,"A",.,"A",.,"A",.,"A",.,"A",18,"D",.,"A",.,"A",.,"A",45,"D",.,"A",.,"A"
"20115",2277435,46,0,"1",.,"A",.,"A",.,"A",.,"A",.,"A",.,"A",.,"A",.,"A",.,"A",.,"A",.,"A",.,"A",90,"D",.,"A",.,"A"
"20115",2277485,91,0,"1",.,"A",.,"A",.,"A",.,"A",.,"A",.,"A",.,"A",.,"A",.,"A",.,"A",.,"A",.,"A",18,"D",.,"A",.,"A"
"20115",2277495,25,0,"1",.,"A",.,"A",.,"A",.,"A",.,"A",.,"A",.,"A",.,"A",.,"A",.,"A",.,"A",.,"A",.,"A",.,"A",.,"A"
"20115",2277515,68,0,"1",.,"A",.,"A",.,"A",.,"A",.,"A",.,"A",.,"A",.,"A",.,"A",.,"A",.,"A",.,"A",390,"D",.,"A",.,"A"
"20115",2277534,34,0,"1",.,"A",.,"A",.,"A",.,"A",.,"A",.,"A",780,"D",.,"A",12,"D",.,"A",.,"A",.,"A",15,"D",.,"A",.,"A"
"20115",2277544,38,0,"1",.,"A",.,"A",.,"A",.,"A",.,"A",.,"A",.,"A",.,"A",.,"A",.,"A",.,"A",.,"A",.,"A",.,"A",.,"A"
"20115",2277574,39,0,"1",30,"D",.,"A",.,"A",.,"A",90,"D",.,"A",.,"A",.,"A",.,"A",.,"A",.,"A",.,"A",.,"A",.,"A",.,"A"
"20115",2277694,60,0,"1",.,"A",.,"A",.,"A",.,"A",.,"A",.,"A",.,"A",.,"A",.,"A",.,"A",.,"A",.,"A",20,"D",.,"A",.,"A"
"20115",2277714,41,0,"1",.,"A",.,"A",.,"A",.,"A",.,"A",.,"A",.,"A",.,"A",.,"A",.,"A",.,"A",.,"A",.,"A",.,"A",.,"A"
"20115",2277785,82,0,"1",.,"A",.,"A",.,"A",.,"A",.,"A",.,"A",.,"A",.,"A",.,"A",.,"A",.,"A",.,"A",.,"A",.,"A",.,"A"
"20115",2277854,33,0,"1",.,"A",.,"A",.,"A",.,"A",.,"A",.,"A",325,"D",.,"A",.,"A",.,"A",.,"A",.,"A",.,"A",.,"A",.,"A"
"20115",2277904,78,0,"1",4,"D",.,"A",.,"A",.,"A",0,"D",.,"A",.,"A",.,"A",.,"A",.,"A",.,"A",.,"A",.,"A",.,"A",.,"A"
"20115",2277945,31,0,"1",.,"A",.,"A",.,"A",.,"A",.,"A",.,"A",.,"A",.,"A",.,"A",.,"A",.,"A",.,"A",.,"A",.,"A",.,"A"
"20115",2277975,60,0,"1",.,"A",.,"A",.,"A",.,"A",.,"A",.,"A",1300,"D",.,"A",.,"A",.,"A",.,"A",.,"A",250,"D",.,"A",.,"A"
"20115",2277984,57,0,"1",.,"A",.,"A",.,"A",.,"A",.,"A",.,"A",.,"A",.,"A",.,"A",.,"A",.,"A",.,"A",.,"A",.,"A",.,"A"
"20115",2277995,37,0,"1",.,"A",.,"A",.,"A",.,"A",40,"D",.,"A",.,"A",.,"A",.,"A",.,"A",.,"A",.,"A",60,"D",.,"A",.,"A"
"20115",2278014,21,0,"1",.,"A",.,"A",.,"A",.,"A",15,"F",.,"A",.,"A",.,"A",.,"A",.,"A",.,"A",.,"A",.,"A",.,"A",.,"A"
"20115",2278024,36,0,"1",.,"A",.,"A",.,"A",.,"A",.,"A",100,"D",.,"A",.,"A",300,"D",.,"A",.,"A",.,"A",125,"D",.,"A",.,"A"
"20115",2278045,50,0,"1",.,"A",.,"A",.,"A",.,"A",.,"A",.,"A",.,"A",.,"A",.,"A",.,"A",.,"A",.,"A",150,"D",.,"A",.,"A"
"20115",2278054,54,0,"1",.,"A",.,"A",.,"A",.,"A",.,"A",.,"A",.,"A",.,"A",.,"A",.,"A",.,"A",.,"A",100,"D",.,"A",.,"A"
"20115",2278105,72,0,"1",.,"A",.,"A",.,"A",.,"A",.,"A",.,"A",.,"A",.,"A",.,"A",.,"A",.,"A",.,"A",.,"A",.,"A",.,"A"
"20115",2278125,88,0,"1",.,"A",.,"A",.,"A",.,"A",.,"A",25,"D",.,"A",.,"A",.,"A",.,"A",.,"A",.,"A",70,"D",.,"A",.,"A"
"20115",2278145,62,0,"1",.,"A",.,"A",.,"A",.,"A",.,"A",.,"A",.,"A",.,"A",.,"A",.,"A",.,"A",.,"A",47,"D",.,"A",.,"A"
"20115",2278154,46,0,"1",.,"A",.,"A",.,"A",.,"A",.,"A",.,"A",182,"D",.,"A",.,"A",.,"A",.,"A",.,"A",100,"D",.,"A",.,"A"
"20115",2278194,77,0,"1",.,"A",.,"A",.,"A",.,"A",.,"A",.,"A",.,"A",.,"A",.,"A",.,"A",.,"A",.,"A",50,"D",.,"A",.,"A"
"20115",2278225,48,0,"1",.,"A",.,"A",.,"A",.,"A",.,"A",.,"A",.,"A",.,"A",.,"A",.,"A",.,"A",.,"A",.,"A",.,"A",.,"A"
"20115",2278254,74,0,"1",.,"A",.,"A",.,"A",.,"A",.,"A",25,"D",.,"A",65,"D",.,"A",.,"A",.,"A",.,"A",.,"A",.,"A",.,"A"
"20115",2278274,79,0,"1",.,"A",.,"A",.,"A",.,"A",.,"A",.,"A",.,"A",.,"A",.,"A",.,"A",.,"A",.,"A",25,"D",.,"A",.,"A"
"20115",2278325,59,0,"1",.,"A",.,"A",.,"A",.,"A",.,"A",.,"A",559,"D",.,"A",36,"D",.,"A",.,"A",.,"A",.,"A",.,"A",.,"A"
"20115",2278335,34,0,"1",.,"A",.,"A",.,"A",.,"A",.,"A",.,"A",.,"A",.,"A",.,"A",.,"A",.,"A",.,"A",.,"A",.,"A",.,"A"
"20115",2278345,43,0,"1",.,"A",.,"A",.,"A",.,"A",.,"A",.,"A",.,"A",.,"A",.,"A",.,"A",.,"A",.,"A",.,"A",.,"A",.,"A"
"20115",2278355,42,0,"1",15,"D",.,"A",.,"A",.,"A",0,"D",.,"A",390,"D",.,"A",36,"D",.,"A",.,"A",.,"A",.,"A",.,"A",.,"A"
"20115",2278364,77,0,"1",.,"A",.,"A",.,"A",.,"A",.,"A",.,"A",.,"A",.,"A",.,"A",.,"A",.,"A",.,"A",240,"D",.,"A",.,"A"
"20115",2278405,102,0,"1",.,"A",.,"A",.,"A",.,"A",.,"A",.,"A",.,"A",156,"D",.,"A",.,"A",.,"A",.,"A",170,"D",.,"A",.,"A"
"20115",2278425,67,0,"1",.,"A",.,"A",.,"A",.,"A",.,"A",.,"A",273,"D",130,"D",30,"D",.,"A",.,"A",.,"A",210,"D",.,"A",.,"A"
"20115",2278434,33,0,"1",.,"A",.,"A",.,"A",.,"A",.,"A",.,"A",156,"D",.,"A",.,"A",69,"D",0,"D",0,"D",100,"D",23,"D",.,"A"
"20115",2278464,56,0,"1",.,"A",.,"A",.,"A",.,"A",.,"A",.,"A",390,"D",.,"A",.,"A",.,"A",.,"A",.,"A",14,"D",.,"A",.,"A"
"20115",2278485,44,0,"1",.,"A",.,"A",.,"A",.,"A",.,"A",.,"A",.,"A",.,"A",.,"A",.,"A",.,"A",.,"A",.,"A",.,"A",.,"A"
"20115",2278514,45,0,"1",.,"A",.,"A",.,"A",.,"A",.,"A",.,"A",.,"A",.,"A",.,"A",.,"A",.,"A",.,"A",.,"A",.,"A",.,"A"
"20115",2278534,52,0,"1",.,"A",.,"A",.,"A",.,"A",.,"A",60,"D",.,"A",.,"A",.,"A",.,"A",.,"A",.,"A",120,"D",.,"A",.,"A"
"20115",2278564,99,0,"1",.,"A",83,"D",.,"A",.,"A",.,"A",0,"D",.,"A",.,"A",.,"A",.,"A",.,"A",.,"A",555,"D",.,"A",.,"A"
"20115",2278575,56,0,"1",.,"A",.,"A",.,"A",.,"A",.,"A",90,"D",.,"A",.,"A",.,"A",.,"A",.,"A",.,"A",285,"D",.,"A",.,"A"
"20115",2278585,32,0,"1",.,"A",.,"A",.,"A",.,"A",.,"A",.,"A",.,"A",.,"A",.,"A",.,"A",.,"A",.,"A",20,"D",.,"A",.,"A"
"20115",2278604,48,0,"1",.,"A",.,"A",.,"A",.,"A",.,"A",.,"A",.,"A",.,"A",.,"A",.,"A",.,"A",.,"A",15,"D",.,"A",.,"A"
"20115",2278614,60,0,"1",.,"A",.,"A",.,"A",.,"A",.,"A",10,"D",.,"A",.,"A",.,"A",.,"A",.,"A",.,"A",200,"D",.,"A",.,"A"
"20115",2278625,44,0,"1",.,"A",.,"A",.,"A",.,"A",.,"A",.,"A",.,"A",.,"A",.,"A",.,"A",.,"A",.,"A",150,"D",.,"A",.,"A"
"20115",2278655,45,0,"1",.,"A",.,"A",.,"A",.,"A",.,"A",35,"D",.,"A",.,"A",30,"D",.,"A",.,"A",.,"A",80,"D",.,"A",.,"A"
"20115",2278665,83,0,"1",.,"A",.,"A",.,"A",.,"A",.,"A",.,"A",.,"A",.,"A",.,"A",.,"A",.,"A",.,"A",.,"A",.,"A",.,"A"
"20115",2278675,62,0,"1",.,"A",.,"A",.,"A",.,"A",.,"A",.,"A",.,"A",.,"A",.,"A",510,"D",0,"D",0,"D",270,"D",170,"D",.,"A"
"20115",2278734,89,0,"1",.,"A",.,"A",.,"A",.,"A",.,"A",.,"A",.,"A",.,"A",.,"A",.,"A",.,"A",.,"A",100,"D",.,"A",.,"A"
"20115",2278745,26,0,"1",25,"D",.,"A",.,"A",.,"A",25,"D",.,"A",.,"A",.,"A",.,"A",.,"A",.,"A",.,"A",.,"A",.,"A",.,"A"
"20115",2278765,78,0,"1",.,"A",.,"A",.,"A",.,"A",.,"A",.,"A",.,"A",.,"A",.,"A",.,"A",.,"A",.,"A",.,"A",.,"A",.,"A"
"20115",2278774,63,0,"1",.,"A",.,"A",.,"A",.,"A",60,"D",70,"D",.,"A",.,"A",.,"A",.,"A",.,"A",.,"A",55,"D",.,"A",.,"A"
"20115",2278805,41,0,"1",.,"A",.,"A",.,"A",.,"A",.,"A",.,"A",.,"A",.,"A",.,"A",.,"A",.,"A",.,"A",.,"A",.,"A",.,"A"
"20115",2278814,62,0,"1",.,"A",.,"A",.,"A",.,"A",.,"A",.,"A",260,"D",.,"A",.,"A",.,"A",.,"A",.,"A",27,"D",.,"A",.,"A"
"20115",2278864,81,0,"1",.,"A",.,"A",.,"A",.,"A",.,"A",315,"D",.,"A",.,"A",.,"A",.,"A",.,"A",.,"A",360,"D",.,"A",.,"A"
"20115",2278895,64,0,"1",.,"A",.,"A",.,"A",200,"D",.,"A",200,"D",.,"A",.,"A",90,"D",.,"A",.,"A",.,"A",300,"D",.,"A",.,"A"
"20115",2278925,53,0,"1",.,"A",.,"A",.,"A",.,"A",.,"A",.,"A",.,"A",.,"A",.,"A",.,"A",.,"A",.,"A",.,"A",.,"A",.,"A"
"20115",2278955,56,0,"1",.,"A",.,"A",.,"A",.,"A",.,"A",.,"A",.,"A",.,"A",.,"A",.,"A",.,"A",.,"A",50,"D",.,"A",.,"A"
"20115",2279015,39,0,"1",15,"D",.,"A",.,"A",60,"D",30,"D",.,"A",.,"A",.,"A",.,"A",0,"D",0,"D",0,"D",.,"A",0,"D",.,"A"
"20115",2279034,82,0,"1",.,"A",.,"A",.,"A",.,"A",.,"A",.,"A",.,"A",.,"A",.,"A",.,"A",.,"A",.,"A",120,"D",.,"A",.,"A"
"20115",2279055,84,0,"1",.,"A",.,"A",.,"A",.,"A",.,"A",.,"A",26,"D",.,"A",.,"A",.,"A",.,"A",.,"A",75,"D",.,"A",.,"A"
"20115",2279064,35,0,"1",.,"A",.,"A",.,"A",.,"A",.,"A",.,"A",.,"A",.,"A",.,"A",.,"A",.,"A",.,"A",25,"F",.,"A",.,"A"
"20115",2279084,44,0,"1",.,"A",.,"A",.,"A",.,"A",.,"A",.,"A",.,"A",.,"A",.,"A",.,"A",.,"A",.,"A",100,"D",.,"A",.,"A"
"20115",2279114,66,0,"1",.,"A",.,"A",.,"A",.,"A",.,"A",.,"A",.,"A",195,"D",.,"A",.,"A",.,"A",.,"A",22,"D",.,"A",.,"A"
"20115",2279134,74,0,"1",.,"A",.,"A",37,"D",.,"A",.,"A",15,"D",.,"A",.,"A",.,"A",.,"A",.,"A",.,"A",72,"D",.,"A",.,"A"
"20115",2279145,37,0,"1",.,"A",.,"A",.,"A",.,"A",.,"A",.,"A",260,"D",.,"A",.,"A",.,"A",.,"A",.,"A",.,"A",.,"A",.,"A"
"20115",2279195,58,0,"1",.,"A",.,"A",.,"A",.,"A",.,"A",8,"D",.,"A",.,"A",.,"A",.,"A",.,"A",.,"A",.,"A",.,"A",.,"A"
"20115",2279244,60,0,"1",.,"A",.,"A",.,"A",.,"A",.,"A",200,"D",.,"A",.,"A",.,"A",.,"A",.,"A",.,"A",300,"D",.,"A",.,"A"
"20115",2279265,60,0,"1",.,"A",.,"A",.,"A",.,"A",.,"A",.,"A",.,"A",.,"A",.,"A",.,"A",.,"A",.,"A",.,"A",.,"A",.,"A"
"20115",2279274,43,0,"1",.,"A",.,"A",.,"A",.,"A",.,"A",.,"A",.,"A",.,"A",.,"A",.,"A",.,"A",.,"A",.,"A",.,"A",.,"A"
"20115",2279295,50,0,"1",.,"A",.,"A",.,"A",.,"A",.,"A",.,"A",.,"A",.,"A",.,"A",.,"A",.,"A",.,"A",200,"D",.,"A",.,"A"
"20115",2279304,49,0,"1",.,"A",.,"A",.,"A",.,"A",.,"A",.,"A",.,"A",.,"A",.,"A",.,"A",.,"A",.,"A",.,"A",.,"A",.,"A"
"20115",2279375,46,0,"1",.,"A",.,"A",.,"A",.,"A",.,"A",.,"A",182,"D",.,"A",.,"A",.,"A",.,"A",.,"A",23,"D",.,"A",.,"A"
"20115",2279385,26,0,"1",.,"A",.,"A",.,"A",.,"A",.,"A",.,"A",260,"D",.,"A",.,"A",.,"A",.,"A",.,"A",.,"A",.,"A",.,"A"
"20115",2279424,49,0,"1",.,"A",.,"A",.,"A",.,"A",.,"A",.,"A",.,"A",.,"A",.,"A",.,"A",.,"A",.,"A",.,"A",.,"A",.,"A"
"20115",2279454,36,0,"1",.,"A",.,"A",.,"A",.,"A",.,"A",.,"A",1170,"D",.,"A",.,"A",.,"A",.,"A",.,"A",40,"D",.,"A",.,"A"
"20115",2279474,40,0,"1",.,"A",.,"A",.,"A",.,"A",.,"A",.,"A",.,"A",.,"A",.,"A",.,"A",.,"A",.,"A",45,"D",.,"A",.,"A"
"20115",2279495,56,0,"1",.,"A",.,"A",.,"A",.,"A",.,"A",.,"A",.,"A",.,"A",.,"A",.,"A",.,"A",.,"A",.,"A",.,"A",.,"A"
"20115",2279505,53,0,"1",.,"A",.,"A",.,"A",.,"A",.,"A",.,"A",.,"A",.,"A",.,"A",.,"A",.,"A",.,"A",.,"A",.,"A",.,"A"
"20115",2279514,23,0,"1",.,"A",.,"A",.,"A",.,"A",.,"A",.,"A",.,"A",.,"A",.,"A",.,"A",.,"A",.,"A",.,"A",.,"A",.,"A"
"20115",2279544,64,0,"1",.,"A",.,"A",.,"A",.,"A",.,"A",.,"A",676,"D",.,"A",.,"A",.,"A",.,"A",.,"A",.,"A",.,"A",.,"A"
"20115",2279555,50,0,"1",.,"A",.,"A",.,"A",.,"A",.,"A",10,"D",.,"A",.,"A",150,"D",.,"A",.,"A",.,"A",45,"D",.,"A",.,"A"
"20115",2279625,50,0,"1",.,"A",.,"A",.,"A",.,"A",.,"A",120,"D",.,"A",.,"A",.,"A",.,"A",.,"A",.,"A",120,"D",.,"A",.,"A"
"20115",2279665,51,0,"1",.,"A",.,"A",.,"A",.,"A",.,"A",.,"A",650,"D",.,"A",.,"A",.,"A",.,"A",.,"A",.,"A",.,"A",.,"A"
"20115",2279685,41,0,"1",.,"A",.,"A",.,"A",.,"A",.,"A",.,"A",.,"A",.,"A",.,"A",.,"A",.,"A",.,"A",.,"A",.,"A",.,"A"
"20115",2279695,31,0,"1",.,"A",.,"A",.,"A",.,"A",10,"D",.,"A",.,"A",.,"A",.,"A",240,"D",0,"D",0,"D",20,"D",80,"D",.,"A"
"20115",2279704,29,0,"1",.,"A",.,"A",.,"A",.,"A",25,"D",.,"A",390,"D",.,"A",.,"A",.,"A",.,"A",.,"A",72,"D",.,"A",.,"A"
"20115",2279744,38,0,"1",40,"D",.,"A",.,"A",65,"D",120,"D",55,"D",.,"A",.,"A",.,"A",312,"D",0,"D",0,"D",200,"D",104,"D",.,"A"
"20115",2279755,52,0,"1",.,"A",.,"A",.,"A",.,"A",.,"A",.,"A",.,"A",117,"D",.,"A",.,"A",.,"A",.,"A",26,"D",.,"A",.,"A"
"20115",2279804,29,0,"1",.,"A",.,"A",.,"A",.,"A",30,"D",.,"A",.,"A",.,"A",.,"A",.,"A",.,"A",.,"A",100,"D",.,"A",.,"A"
"20115",2279824,111,0,"1",.,"A",20,"D",.,"A",.,"A",.,"A",10,"D",.,"A",.,"A",.,"A",309,"D",0,"D",0,"D",435,"D",103,"D",.,"A"
"20115",2279845,42,0,"1",.,"A",.,"A",.,"A",.,"A",.,"A",.,"A",.,"A",.,"A",.,"A",.,"A",.,"A",.,"A",.,"A",.,"A",.,"A"
"20115",2279874,40,0,"1",.,"A",.,"A",.,"A",.,"A",.,"A",.,"A",.,"A",.,"A",.,"A",.,"A",.,"A",.,"A",50,"F",.,"A",.,"A"
"20115",2279915,39,0,"1",.,"A",.,"A",.,"A",.,"A",.,"A",.,"A",.,"A",.,"A",.,"A",.,"A",.,"A",.,"A",.,"A",.,"A",.,"A"
"20115",2279965,60,0,"1",.,"A",.,"A",.,"A",.,"A",.,"A",.,"A",.,"A",.,"A",.,"A",.,"A",.,"A",.,"A",45,"D",.,"A",.,"A"
"20115",2279974,79,0,"1",.,"A",.,"A",.,"A",.,"A",.,"A",.,"A",130,"D",.,"A",.,"A",.,"A",.,"A",.,"A",.,"A",.,"A",.,"A"
"20115",2279985,65,0,"1",.,"A",.,"A",.,"A",.,"A",.,"A",.,"A",195,"D",.,"A",.,"A",.,"A",.,"A",.,"A",8,"D",.,"A",.,"A"
"20115",2280004,32,0,"1",.,"A",.,"A",.,"A",.,"A",11,"D",25,"D",.,"A",.,"A",.,"A",.,"A",.,"A",.,"A",.,"A",.,"A",.,"A"
"20115",2280044,66,0,"1",.,"A",.,"A",.,"A",.,"A",.,"A",180,"D",.,"A",.,"A",.,"A",.,"A",.,"A",.,"A",190,"D",.,"A",.,"A"
"20115",2280075,54,0,"1",.,"A",.,"A",.,"A",.,"A",.,"A",35,"D",455,"D",.,"A",.,"A",.,"A",.,"A",.,"A",65,"D",.,"A",.,"A"
"20115",2280094,48,0,"1",.,"A",.,"A",.,"A",.,"A",.,"A",.,"A",.,"A",.,"A",15,"D",.,"A",.,"A",.,"A",.,"A",.,"A",.,"A"
"20115",2280104,35,0,"1",.,"A",.,"A",.,"A",.,"A",.,"A",50,"D",.,"A",.,"A",.,"A",.,"A",.,"A",.,"A",50,"D",.,"A",.,"A"
"20115",2280135,41,0,"1",.,"A",.,"A",.,"A",.,"A",.,"A",.,"A",.,"A",.,"A",.,"A",.,"A",.,"A",.,"A",.,"A",.,"A",.,"A"
"20115",2280154,58,0,"1",.,"A",.,"A",.,"A",.,"A",.,"A",.,"A",585,"D",.,"A",.,"A",.,"A",.,"A",.,"A",.,"A",.,"A",.,"A"
"20115",2280174,46,0,"1",.,"A",.,"A",.,"A",.,"A",.,"A",100,"D",.,"A",.,"A",.,"A",.,"A",.,"A",.,"A",.,"A",.,"A",.,"A"
"20115",2280204,43,0,"1",.,"A",.,"A",.,"A",.,"A",.,"A",.,"A",.,"A",.,"A",.,"A",.,"A",.,"A",.,"A",210,"D",.,"A",.,"A"
"20115",2280265,81,0,"1",.,"A",.,"A",.,"A",.,"A",.,"A",.,"A",.,"A",.,"A",.,"A",.,"A",.,"A",.,"A",12,"D",.,"A",.,"A"
"20115",2280284,79,0,"1",.,"A",.,"A",.,"A",.,"A",.,"A",.,"A",.,"A",.,"A",.,"A",.,"A",.,"A",.,"A",141,"D",.,"A",.,"A"
"20115",2280294,36,0,"1",.,"A",.,"A",.,"A",.,"A",.,"A",.,"A",208,"D",130,"D",.,"A",.,"A",.,"A",.,"A",300,"F",.,"A",.,"A"
"20115",2280314,40,0,"1",.,"A",.,"A",.,"A",.,"A",.,"A",.,"A",.,"A",.,"A",.,"A",.,"A",.,"A",.,"A",.,"A",.,"A",.,"A"
"20115",2280344,42,0,"1",.,"A",.,"A",.,"A",.,"A",.,"A",.,"A",.,"A",.,"A",.,"A",.,"A",.,"A",.,"A",.,"A",.,"A",.,"A"
"20115",2280355,69,0,"1",.,"A",.,"A",.,"A",.,"A",.,"A",.,"A",.,"A",.,"A",.,"A",.,"A",.,"A",.,"A",.,"A",.,"A",.,"A"
"20115",2280374,41,0,"1",.,"A",.,"A",.,"A",.,"A",.,"A",.,"A",.,"A",.,"A",.,"A",.,"A",.,"A",.,"A",.,"A",.,"A",.,"A"
"20115",2280384,24,0,"1",.,"A",.,"A",.,"A",.,"A",45,"D",.,"A",.,"A",.,"A",.,"A",264,"D",0,"D",0,"D",30,"D",88,"D",.,"A"
"20115",2280405,34,0,"1",.,"A",.,"A",.,"A",.,"A",.,"A",.,"A",.,"A",.,"A",.,"A",.,"A",.,"A",.,"A",.,"A",.,"A",.,"A"
"20115",2280424,50,0,"1",.,"A",.,"A",.,"A",.,"A",.,"A",.,"A",650,"D",.,"A",9,"D",.,"A",.,"A",.,"A",.,"A",.,"A",.,"A"
"20115",2280484,39,0,"1",.,"A",.,"A",.,"A",.,"A",.,"A",.,"A",.,"A",.,"A",.,"A",.,"A",.,"A",.,"A",.,"A",.,"A",.,"A"
"20115",2280495,80,0,"1",.,"A",.,"A",.,"A",.,"A",.,"A",.,"A",.,"A",.,"A",.,"A",.,"A",.,"A",.,"A",680,"D",.,"A",.,"A"
"20115",2280535,81,0,"1",.,"A",.,"A",.,"A",.,"A",.,"A",.,"A",546,"D",.,"A",.,"A",.,"A",.,"A",.,"A",300,"D",.,"A",.,"A"
"20115",2280545,22,0,"1",.,"A",.,"A",.,"A",.,"A",.,"A",.,"A",.,"A",.,"A",.,"A",.,"A",.,"A",.,"A",.,"A",.,"A",.,"A"
"20115",2280564,44,0,"1",.,"A",.,"A",.,"A",.,"A",.,"A",.,"A",.,"A",.,"A",.,"A",.,"A",.,"A",.,"A",250,"D",.,"A",.,"A"
"20115",2280584,24,0,"1",.,"A",.,"A",.,"A",.,"A",.,"A",.,"A",.,"A",.,"A",.,"A",.,"A",.,"A",.,"A",.,"A",.,"A",.,"A"
"20115",2280625,68,0,"1",.,"A",.,"A",.,"A",.,"A",.,"A",.,"A",.,"A",.,"A",.,"A",90,"D",0,"D",0,"D",48,"D",30,"D",.,"A"
"20115",2280654,37,0,"1",.,"A",.,"A",.,"A",.,"A",.,"A",.,"A",.,"A",.,"A",.,"A",.,"A",.,"A",.,"A",.,"A",.,"A",.,"A"
"20115",2280714,52,0,"1",.,"A",.,"A",.,"A",.,"A",.,"A",.,"A",.,"A",.,"A",.,"A",.,"A",.,"A",.,"A",140,"D",.,"A",.,"A"
"20115",2280725,68,0,"1",.,"A",.,"A",.,"A",.,"A",.,"A",.,"A",.,"A",.,"A",.,"A",573,"D",0,"D",573,"D",80,"D",191,"D",.,"A"
"20115",2280784,42,0,"1",.,"A",.,"A",.,"A",.,"A",.,"A",150,"D",.,"A",.,"A",60,"D",.,"A",.,"A",.,"A",.,"A",.,"A",.,"A"
"20115",2280845,90,0,"1",.,"A",.,"A",.,"A",.,"A",.,"A",.,"A",.,"A",.,"A",90,"D",.,"A",.,"A",.,"A",100,"D",.,"A",.,"A"
"20115",2280864,72,0,"1",.,"A",.,"A",.,"A",.,"A",.,"A",30,"D",650,"D",.,"A",.,"A",.,"A",.,"A",.,"A",180,"D",.,"A",.,"A"
"20115",2280885,43,0,"1",.,"A",.,"A",.,"A",.,"A",.,"A",.,"A",.,"A",.,"A",.,"A",.,"A",.,"A",.,"A",.,"A",.,"A",.,"A"
"20115",2280924,34,0,"1",.,"A",.,"A",.,"A",.,"A",.,"A",.,"A",.,"A",.,"A",.,"A",.,"A",.,"A",.,"A",160,"D",.,"A",.,"A"
"20115",2280954,61,0,"1",.,"A",.,"A",.,"A",.,"A",.,"A",.,"A",.,"A",.,"A",.,"A",.,"A",.,"A",.,"A",.,"A",.,"A",.,"A"
"20115",2281005,40,0,"1",.,"A",.,"A",.,"A",.,"A",.,"A",.,"A",.,"A",.,"A",.,"A",.,"A",.,"A",.,"A",45,"D",.,"A",.,"A"
"20115",2281055,61,0,"1",.,"A",.,"A",.,"A",.,"A",.,"A",.,"A",.,"A",.,"A",.,"A",.,"A",.,"A",.,"A",.,"A",.,"A",.,"A"
"20115",2281064,50,0,"1",17,"D",.,"A",.,"A",.,"A",18,"D",.,"A",.,"A",.,"A",.,"A",.,"A",.,"A",.,"A",72,"D",.,"A",.,"A"
"20115",2281085,23,0,"1",.,"A",.,"A",.,"A",.,"A",20,"D",.,"A",.,"A",.,"A",.,"A",90,"D",0,"D",30,"D",.,"A",30,"D",.,"A"
"20115",2281115,49,0,"1",.,"A",.,"A",.,"A",.,"A",.,"A",.,"A",.,"A",.,"A",.,"A",.,"A",.,"A",.,"A",.,"A",.,"A",.,"A"
"20115",2281124,65,0,"1",.,"A",.,"A",.,"A",.,"A",.,"A",.,"A",130,"D",.,"A",.,"A",.,"A",.,"A",.,"A",12,"D",.,"A",.,"A"
"20115",2281154,63,0,"1",.,"A",.,"A",.,"A",.,"A",.,"A",.,"A",.,"A",.,"A",.,"A",.,"A",.,"A",.,"A",.,"A",.,"A",.,"A"
"20115",2281184,38,0,"1",.,"A",.,"A",.,"A",.,"A",.,"A",.,"A",.,"A",.,"A",.,"A",.,"A",.,"A",.,"A",.,"A",.,"A",.,"A"
"20115",2281205,47,0,"1",.,"A",.,"A",.,"A",.,"A",.,"A",.,"A",.,"A",.,"A",.,"A",.,"A",.,"A",.,"A",.,"A",.,"A",.,"A"
"20115",2281214,53,0,"1",.,"A",.,"A",.,"A",.,"A",336,"D",.,"A",.,"A",.,"A",.,"A",.,"A",.,"A",.,"A",20,"D",.,"A",.,"A"
"20115",2281225,63,0,"1",.,"A",28,"D",.,"A",.,"A",.,"A",32,"D",.,"A",.,"A",.,"A",.,"A",.,"A",.,"A",180,"D",.,"A",.,"A"
"20115",2281244,46,0,"1",.,"A",.,"A",.,"A",.,"A",.,"A",.,"A",325,"D",.,"A",.,"A",.,"A",.,"A",.,"A",.,"A",.,"A",.,"A"
"20115",2281284,88,0,"1",.,"A",125,"D",.,"A",.,"A",.,"A",15,"D",.,"A",.,"A",.,"A",.,"A",.,"A",.,"A",80,"D",.,"A",.,"A"
"20115",2281304,42,0,"1",.,"A",.,"A",.,"A",.,"A",.,"A",.,"A",.,"A",.,"A",.,"A",.,"A",.,"A",.,"A",84,"D",.,"A",.,"A"
"20115",2281354,30,0,"1",.,"A",.,"A",.,"A",.,"A",.,"A",.,"A",.,"A",.,"A",.,"A",.,"A",.,"A",.,"A",.,"A",.,"A",.,"A"
"20115",2281384,30,0,"1",.,"A",.,"A",.,"A",.,"A",.,"A",.,"A",.,"A",.,"A",.,"A",.,"A",.,"A",.,"A",.,"A",.,"A",.,"A"
"20115",2281395,52,0,"1",.,"A",.,"A",.,"A",.,"A",.,"A",150,"D",.,"A",.,"A",.,"A",0,"D",90,"D",0,"D",150,"D",0,"D",.,"A"
"20115",2281414,52,0,"1",.,"A",.,"A",.,"A",17,"D",.,"A",.,"A",.,"A",.,"A",.,"A",.,"A",.,"A",.,"A",.,"A",.,"A",.,"A"
"20115",2281424,47,0,"1",.,"A",.,"A",.,"A",.,"A",.,"A",.,"A",.,"A",.,"A",.,"A",.,"A",.,"A",.,"A",55,"F",.,"A",.,"A"
"20115",2281495,48,0,"1",.,"A",.,"A",.,"A",.,"A",.,"A",.,"A",.,"A",.,"A",.,"A",.,"A",.,"A",.,"A",25,"D",.,"A",.,"A"
"20115",2281514,47,0,"1",.,"A",.,"A",.,"A",.,"A",.,"A",.,"A",.,"A",.,"A",.,"A",.,"A",.,"A",.,"A",.,"A",.,"A",.,"A"
"20115",2281545,39,0,"1",.,"A",.,"A",.,"A",.,"A",.,"A",.,"A",.,"A",.,"A",.,"A",.,"A",.,"A",.,"A",50,"D",.,"A",.,"A"
"20115",2281625,57,0,"1",.,"A",.,"A",.,"A",.,"A",.,"A",.,"A",.,"A",.,"A",.,"A",.,"A",.,"A",.,"A",.,"A",.,"A",.,"A"
"20115",2281644,48,0,"1",.,"A",.,"A",.,"A",.,"A",.,"A",.,"A",39,"D",.,"A",.,"A",.,"A",.,"A",.,"A",120,"D",.,"A",.,"A"
"20115",2281685,54,0,"1",.,"A",.,"A",.,"A",.,"A",.,"A",.,"A",416,"D",52,"D",.,"A",.,"A",.,"A",.,"A",.,"A",.,"A",.,"A"
"20115",2281704,48,0,"1",.,"A",.,"A",.,"A",.,"A",.,"A",.,"A",.,"A",.,"A",.,"A",.,"A",.,"A",.,"A",.,"A",.,"A",.,"A"
"20115",2281745,57,0,"1",.,"A",.,"A",.,"A",.,"A",.,"A",.,"A",143,"D",.,"A",.,"A",.,"A",.,"A",.,"A",18,"D",.,"A",.,"A"
"20115",2281774,71,0,"1",.,"A",.,"A",.,"A",.,"A",.,"A",.,"A",.,"A",.,"A",.,"A",.,"A",.,"A",.,"A",.,"A",.,"A",.,"A"
"20115",2281804,27,0,"1",.,"A",.,"A",.,"A",.,"A",.,"A",.,"A",.,"A",.,"A",.,"A",.,"A",.,"A",.,"A",.,"A",.,"A",.,"A"
"20115",2281835,42,0,"1",.,"A",.,"A",.,"A",.,"A",.,"A",.,"A",.,"A",.,"A",.,"A",.,"A",.,"A",.,"A",25,"D",.,"A",.,"A"
"20115",2281854,43,0,"1",.,"A",.,"A",.,"A",106,"D",.,"A",.,"A",.,"A",.,"A",.,"A",.,"A",.,"A",.,"A",.,"A",.,"A",.,"A"
"20115",2281895,37,0,"1",.,"A",.,"A",.,"A",.,"A",.,"A",.,"A",.,"A",.,"A",.,"A",.,"A",.,"A",.,"A",.,"A",.,"A",.,"A"
"20115",2281905,74,0,"1",.,"A",.,"A",.,"A",.,"A",.,"A",.,"A",.,"A",.,"A",.,"A",.,"A",.,"A",.,"A",65,"D",.,"A",.,"A"
"20115",2281925,68,0,"1",.,"A",.,"A",.,"A",.,"A",.,"A",.,"A",.,"A",.,"A",.,"A",.,"A",.,"A",.,"A",20,"D",.,"A",.,"A"
"20115",2281954,32,0,"1",.,"A",.,"A",.,"A",.,"A",80,"D",.,"A",.,"A",.,"A",.,"A",.,"A",.,"A",.,"A",300,"D",.,"A",.,"A"
"20115",2281964,87,0,"1",.,"A",.,"A",.,"A",.,"A",15,"D",.,"A",.,"A",.,"A",.,"A",180,"D",0,"D",0,"D",120,"D",60,"D",.,"A"
"20115",2282015,56,0,"1",90,"D",.,"A",.,"A",.,"A",90,"D",.,"A",.,"A",.,"A",.,"A",.,"A",.,"A",.,"A",.,"A",.,"A",.,"A"
"20115",2282065,32,0,"1",.,"A",.,"A",.,"A",.,"A",120,"D",.,"A",.,"A",.,"A",.,"A",.,"A",.,"A",.,"A",.,"A",.,"A",.,"A"
"20115",2282115,31,0,"1",.,"A",.,"A",.,"A",.,"A",270,"D",.,"A",.,"A",104,"D",.,"A",.,"A",.,"A",.,"A",.,"A",.,"A",.,"A"
"20115",2282125,39,0,"1",.,"A",.,"A",.,"A",.,"A",.,"A",.,"A",.,"A",.,"A",.,"A",.,"A",.,"A",.,"A",.,"A",.,"A",.,"A"
"20115",2282145,105,0,"1",.,"A",.,"A",.,"A",.,"A",.,"A",.,"A",.,"A",.,"A",.,"A",.,"A",.,"A",.,"A",.,"A",.,"A",.,"A"
"20115",2282244,69,0,"1",.,"A",.,"A",.,"A",.,"A",.,"A",75,"D",.,"A",.,"A",.,"A",.,"A",.,"A",.,"A",45,"D",.,"A",.,"A"
"20115",2282264,55,0,"1",.,"A",.,"A",.,"A",.,"A",.,"A",.,"A",.,"A",.,"A",.,"A",.,"A",.,"A",.,"A",100,"D",.,"A",.,"A"
"20115",2282284,36,0,"1",.,"A",.,"A",.,"A",.,"A",.,"A",.,"A",.,"A",.,"A",.,"A",.,"A",.,"A",.,"A",.,"A",.,"A",.,"A"
"20115",2282294,43,0,"1",.,"A",.,"A",.,"A",.,"A",.,"A",.,"A",663,"D",.,"A",30,"D",.,"A",.,"A",.,"A",30,"D",.,"A",.,"A"
"20115",2282304,82,0,"1",.,"A",.,"A",.,"A",.,"A",.,"A",.,"A",.,"A",.,"A",270,"D",.,"A",.,"A",.,"A",84,"D",.,"A",.,"A"
"20115",2282335,68,0,"1",.,"A",.,"A",.,"A",.,"A",.,"A",.,"A",.,"A",.,"A",.,"A",.,"A",.,"A",.,"A",.,"A",.,"A",.,"A"
"20115",2282404,30,0,"1",.,"A",.,"A",.,"A",.,"A",30,"D",.,"A",.,"A",.,"A",.,"A",.,"A",.,"A",.,"A",.,"A",.,"A",.,"A"
"20115",2282445,51,0,"1",.,"A",.,"A",.,"A",.,"A",.,"A",.,"A",.,"A",.,"A",.,"A",.,"A",.,"A",.,"A",.,"A",.,"A",.,"A"
"20115",2282464,109,0,"1",.,"A",.,"A",65,"D",.,"A",.,"A",50,"D",.,"A",.,"A",.,"A",.,"A",.,"A",.,"A",90,"D",.,"A",.,"A"
"20115",2282515,34,0,"1",.,"A",.,"A",.,"A",.,"A",.,"A",.,"A",.,"A",.,"A",.,"A",.,"A",.,"A",.,"A",10,"D",.,"A",.,"A"
"20115",2282525,79,0,"1",.,"A",.,"A",.,"A",.,"A",24,"D",.,"A",.,"A",.,"A",30,"D",.,"A",.,"A",.,"A",200,"D",.,"A",.,"A"
"20115",2282534,32,0,"1",5,"D",.,"A",.,"A",10,"D",15,"D",.,"A",650,"D",.,"A",.,"A",0,"D",0,"D",24,"D",40,"D",0,"D",.,"A"
"20115",2282545,31,0,"1",.,"A",.,"A",.,"A",.,"A",.,"A",.,"A",.,"A",.,"A",.,"A",.,"A",.,"A",.,"A",.,"A",.,"A",.,"A"
"20115",2282575,66,0,"1",.,"A",.,"A",.,"A",.,"A",.,"A",.,"A",.,"A",.,"A",.,"A",1500,"D",0,"D",0,"D",160,"D",500,"D",.,"A"
"20115",2282595,51,0,"1",.,"A",.,"A",.,"A",.,"A",.,"A",.,"A",.,"A",.,"A",.,"A",.,"A",.,"A",.,"A",.,"A",.,"A",.,"A"
"20115",2282605,39,0,"1",.,"A",.,"A",.,"A",.,"A",245,"D",.,"A",910,"D",.,"A",.,"A",.,"A",.,"A",.,"A",.,"A",.,"A",.,"A"
"20115",2282674,40,0,"1",.,"A",.,"A",.,"A",.,"A",.,"A",.,"A",.,"A",.,"A",.,"A",.,"A",.,"A",.,"A",.,"A",.,"A",.,"A"
"20115",2282694,64,0,"1",.,"A",.,"A",.,"A",.,"A",.,"A",7,"D",.,"A",.,"A",.,"A",.,"A",.,"A",.,"A",210,"D",.,"A",.,"A"
"20115",2282715,30,0,"1",.,"A",.,"A",.,"A",.,"A",.,"A",.,"A",.,"A",91,"D",.,"A",.,"A",.,"A",.,"A",.,"A",.,"A",.,"A"
"20115",2282745,72,0,"1",.,"A",.,"A",.,"A",.,"A",.,"A",.,"A",.,"A",.,"A",.,"A",.,"A",.,"A",.,"A",45,"D",.,"A",.,"A"
"20115",2282775,72,0,"1",.,"A",.,"A",.,"A",.,"A",.,"A",.,"A",.,"A",.,"A",.,"A",.,"A",.,"A",.,"A",.,"A",.,"A",.,"A"
"20115",2282804,44,0,"1",.,"A",.,"A",15,"D",.,"A",.,"A",.,"A",650,"D",.,"A",.,"A",.,"A",.,"A",.,"A",.,"A",.,"A",.,"A"
"20115",2282814,68,0,"1",.,"A",.,"A",.,"A",.,"A",.,"A",.,"A",.,"A",.,"A",.,"A",.,"A",.,"A",.,"A",40,"D",.,"A",.,"A"
"20115",2282935,21,0,"1",.,"A",.,"A",.,"A",.,"A",30,"F",.,"A",.,"A",.,"A",.,"A",.,"A",.,"A",.,"A",.,"A",.,"A",.,"A"
"20115",2282945,66,0,"1",.,"A",.,"A",.,"A",.,"A",.,"A",.,"A",234,"D",.,"A",.,"A",.,"A",.,"A",.,"A",24,"D",.,"A",.,"A"
"20115",2283054,37,0,"1",.,"A",.,"A",.,"A",.,"A",.,"A",.,"A",.,"A",.,"A",.,"A",.,"A",.,"A",.,"A",60,"D",.,"A",.,"A"
"20115",2283075,64,0,"1",.,"A",.,"A",.,"A",.,"A",.,"A",360,"D",.,"A",.,"A",.,"A",.,"A",.,"A",.,"A",.,"A",.,"A",.,"A"
"20115",2283084,29,0,"1",.,"A",.,"A",.,"A",.,"A",.,"A",.,"A",.,"A",.,"A",.,"A",.,"A",.,"A",.,"A",.,"A",.,"A",.,"A"
"20115",2283105,48,0,"1",.,"A",.,"A",.,"A",.,"A",.,"A",240,"D",.,"A",.,"A",.,"A",.,"A",.,"A",.,"A",.,"A",.,"A",.,"A"
"20115",2283115,56,0,"1",.,"A",.,"A",.,"A",.,"A",.,"A",.,"A",2600,"D",.,"A",.,"A",.,"A",.,"A",.,"A",60,"D",.,"A",.,"A"
"20115",2283125,46,0,"1",.,"A",.,"A",.,"A",.,"A",.,"A",.,"A",.,"A",.,"A",.,"A",.,"A",.,"A",.,"A",100,"D",.,"A",.,"A"
"20115",2283154,51,0,"1",.,"A",.,"A",.,"A",30,"D",250,"D",.,"A",.,"A",.,"A",.,"A",135,"D",0,"D",135,"D",.,"A",45,"D",.,"A"
"20115",2283185,41,0,"1",.,"A",.,"A",.,"A",.,"A",.,"A",.,"A",728,"D",130,"D",.,"A",.,"A",.,"A",.,"A",.,"A",.,"A",.,"A"
"20115",2283214,41,0,"1",40,"D",.,"A",.,"A",.,"A",100,"D",.,"A",.,"A",.,"A",.,"A",.,"A",.,"A",.,"A",100,"D",.,"A",.,"A"
"20115",2283274,51,0,"1",.,"A",.,"A",.,"A",.,"A",.,"A",.,"A",.,"A",.,"A",.,"A",.,"A",.,"A",.,"A",20,"D",.,"A",.,"A"
"20115",2283335,49,0,"1",.,"A",.,"A",.,"A",.,"A",.,"A",.,"A",.,"A",.,"A",.,"A",.,"A",.,"A",.,"A",120,"D",.,"A",.,"A"
"20115",2283355,43,0,"1",.,"A",.,"A",.,"A",.,"A",.,"A",.,"A",.,"A",.,"A",.,"A",.,"A",.,"A",.,"A",120,"D",.,"A",.,"A"
"20115",2283375,61,0,"1",.,"A",.,"A",.,"A",.,"A",.,"A",.,"A",780,"D",.,"A",.,"A",.,"A",.,"A",.,"A",90,"D",.,"A",.,"A"
"20115",2283395,43,0,"1",.,"A",.,"A",.,"A",.,"A",.,"A",.,"A",.,"A",.,"A",.,"A",.,"A",.,"A",.,"A",.,"A",.,"A",.,"A"
"20115",2283415,35,0,"1",.,"A",.,"A",.,"A",.,"A",.,"A",.,"A",.,"A",.,"A",.,"A",.,"A",.,"A",.,"A",.,"A",.,"A",.,"A"
"20115",2283425,40,0,"1",.,"A",.,"A",.,"A",.,"A",.,"A",.,"A",.,"A",.,"A",15,"D",.,"A",.,"A",.,"A",.,"A",.,"A",.,"A"
"20115",2283445,61,0,"1",.,"A",.,"A",.,"A",.,"A",.,"A",30,"D",.,"A",.,"A",.,"A",.,"A",.,"A",.,"A",200,"D",.,"A",.,"A"
"20115",2283464,42,0,"1",.,"A",.,"A",.,"A",.,"A",.,"A",.,"A",.,"A",.,"A",.,"A",.,"A",.,"A",.,"A",.,"A",.,"A",.,"A"
"20115",2283474,59,0,"1",.,"A",.,"A",.,"A",.,"A",.,"A",.,"A",.,"A",.,"A",.,"A",.,"A",.,"A",.,"A",.,"A",.,"A",.,"A"
"20115",2283495,38,0,"1",.,"A",.,"A",.,"A",.,"A",39,"D",.,"A",.,"A",.,"A",.,"A",.,"A",.,"A",.,"A",12,"D",.,"A",.,"A"
"20115",2283504,49,0,"1",.,"A",.,"A",.,"A",.,"A",.,"A",.,"A",.,"A",.,"A",.,"A",.,"A",.,"A",.,"A",20,"D",.,"A",.,"A"
"20115",2283514,50,0,"1",40,"D",.,"A",.,"A",.,"A",40,"D",300,"D",.,"A",.,"A",27,"D",18,"D",0,"D",0,"D",850,"D",6,"D",.,"A"
"20115",2283585,28,0,"1",.,"A",.,"A",.,"A",.,"A",60,"D",.,"A",1248,"D",.,"A",.,"A",.,"A",.,"A",.,"A",.,"A",.,"A",.,"A"
"20115",2283595,44,0,"1",19,"D",.,"A",.,"A",.,"A",53,"D",.,"A",.,"A",.,"A",.,"A",.,"A",.,"A",.,"A",.,"A",.,"A",.,"A"
"20115",2283604,45,0,"1",.,"A",.,"A",.,"A",.,"A",.,"A",.,"A",.,"A",.,"A",.,"A",.,"A",.,"A",.,"A",.,"A",.,"A",.,"A"
"20115",2283615,46,0,"1",.,"A",.,"A",.,"A",.,"A",.,"A",.,"A",.,"A",.,"A",.,"A",.,"A",.,"A",.,"A",83,"D",.,"A",.,"A"
"20115",2283664,57,0,"1",.,"A",.,"A",.,"A",.,"A",.,"A",.,"A",.,"A",.,"A",.,"A",.,"A",.,"A",.,"A",.,"A",.,"A",.,"A"
"20115",2283674,36,0,"1",.,"A",.,"A",.,"A",.,"A",.,"A",.,"A",182,"D",.,"A",.,"A",.,"A",.,"A",.,"A",30,"D",.,"A",.,"A"
"20115",2283685,95,0,"1",.,"A",.,"A",.,"A",.,"A",.,"A",270,"D",.,"A",.,"A",.,"A",.,"A",.,"A",.,"A",210,"D",.,"A",.,"A"
"20115",2283725,70,0,"1",.,"A",.,"A",.,"A",.,"A",.,"A",.,"A",.,"A",.,"A",.,"A",.,"A",.,"A",.,"A",330,"D",.,"A",.,"A"
"20115",2283795,40,0,"1",.,"A",.,"A",.,"A",.,"A",.,"A",.,"A",.,"A",.,"A",.,"A",.,"A",.,"A",.,"A",.,"A",.,"A",.,"A"
"20115",2283804,67,0,"1",.,"A",.,"A",.,"A",.,"A",.,"A",300,"D",.,"A",.,"A",.,"A",420,"D",0,"D",0,"D",120,"D",140,"D",90,"D"
"20115",2283815,79,0,"1",.,"A",.,"A",.,"A",.,"A",.,"A",.,"A",.,"A",.,"A",.,"A",.,"A",.,"A",.,"A",.,"A",.,"A",.,"A"
"20115",2283825,33,0,"1",.,"A",.,"A",.,"A",.,"A",.,"A",.,"A",.,"A",.,"A",.,"A",.,"A",.,"A",.,"A",.,"A",.,"A",.,"A"
"20115",2283834,53,0,"1",.,"A",.,"A",.,"A",.,"A",.,"A",20,"D",.,"A",.,"A",.,"A",.,"A",.,"A",.,"A",40,"D",.,"A",.,"A"
"20115",2283844,68,0,"1",.,"A",.,"A",.,"A",.,"A",.,"A",.,"A",.,"A",.,"A",.,"A",.,"A",.,"A",.,"A",60,"D",.,"A",.,"A"
"20115",2283894,23,0,"1",.,"A",.,"A",.,"A",.,"A",.,"A",.,"A",.,"A",.,"A",.,"A",.,"A",.,"A",.,"A",.,"A",.,"A",.,"A"
"20115",2283925,65,0,"1",.,"A",.,"A",.,"A",.,"A",.,"A",45,"D",.,"A",.,"A",.,"A",.,"A",.,"A",.,"A",315,"D",.,"A",.,"A"
"20115",2283964,38,0,"1",.,"A",.,"A",.,"A",.,"A",.,"A",20,"D",65,"D",.,"A",.,"A",.,"A",.,"A",.,"A",.,"A",.,"A",.,"A"
"20115",2283975,50,0,"1",.,"A",.,"A",.,"A",.,"A",.,"A",.,"A",.,"A",.,"A",.,"A",.,"A",.,"A",.,"A",140,"D",.,"A",.,"A"
"20115",2283984,45,0,"1",.,"A",.,"A",.,"A",.,"A",.,"A",.,"A",65,"F",.,"A",.,"A",.,"A",.,"A",.,"A",.,"A",.,"A",.,"A"
"20115",2283994,40,0,"1",.,"A",.,"A",45,"D",.,"A",.,"A",.,"A",.,"A",.,"A",.,"A",.,"A",.,"A",.,"A",75,"D",.,"A",.,"A"
"20115",2284024,58,0,"1",.,"A",.,"A",.,"A",.,"A",.,"A",.,"A",260,"D",.,"A",.,"A",.,"A",.,"A",.,"A",.,"A",.,"A",.,"A"
"20115",2284035,26,0,"1",.,"A",.,"A",.,"A",.,"A",5,"D",.,"A",.,"A",.,"A",.,"A",.,"A",.,"A",.,"A",.,"A",.,"A",.,"A"
"20115",2284044,70,0,"1",.,"A",.,"A",.,"A",.,"A",.,"A",.,"A",.,"A",.,"A",.,"A",.,"A",.,"A",.,"A",18,"D",.,"A",.,"A"
"20115",2284064,47,0,"1",.,"A",.,"A",.,"A",.,"A",.,"A",.,"A",.,"A",.,"A",12,"D",.,"A",.,"A",.,"A",75,"D",.,"A",.,"A"
"20115",2284084,63,0,"1",.,"A",.,"A",.,"A",.,"A",.,"A",.,"A",.,"A",.,"A",.,"A",.,"A",.,"A",.,"A",350,"D",.,"A",.,"A"
"20115",2284094,47,0,"1",.,"A",.,"A",.,"A",.,"A",.,"A",.,"A",.,"A",.,"A",.,"A",.,"A",.,"A",.,"A",45,"D",.,"A",.,"A"
"20115",2284165,25,0,"1",.,"A",.,"A",.,"A",.,"A",.,"A",.,"A",.,"A",.,"A",.,"A",.,"A",.,"A",.,"A",.,"A",.,"A",.,"A"
"20115",2284205,48,0,"1",.,"A",.,"A",.,"A",.,"A",.,"A",.,"A",.,"A",.,"A",.,"A",.,"A",.,"A",.,"A",.,"A",.,"A",.,"A"
"20115",2284224,38,0,"1",.,"A",.,"A",.,"A",.,"A",.,"A",.,"A",.,"A",.,"A",.,"A",.,"A",.,"A",.,"A",.,"A",.,"A",.,"A"
"20115",2284235,77,0,"1",.,"A",.,"A",.,"A",.,"A",.,"A",.,"A",520,"D",65,"D",.,"A",.,"A",.,"A",.,"A",42,"D",.,"A",.,"A"
"20115",2284245,66,0,"1",.,"A",.,"A",.,"A",.,"A",.,"A",.,"A",.,"A",.,"A",.,"A",.,"A",.,"A",.,"A",.,"A",.,"A",.,"A"
"20115",2284304,51,0,"1",.,"A",.,"A",.,"A",.,"A",.,"A",.,"A",.,"A",.,"A",.,"A",.,"A",.,"A",.,"A",280,"D",.,"A",.,"A"
"20115",2284315,79,0,"1",.,"A",.,"A",.,"A",.,"A",.,"A",75,"D",.,"A",.,"A",.,"A",.,"A",.,"A",.,"A",200,"D",.,"A",.,"A"
"20115",2284335,28,0,"1",.,"A",.,"A",.,"A",.,"A",.,"A",.,"A",.,"A",.,"A",.,"A",.,"A",.,"A",.,"A",.,"A",.,"A",.,"A"
"20115",2284375,33,0,"1",.,"A",.,"A",.,"A",288,"D",.,"A",.,"A",.,"A",.,"A",.,"A",45,"D",0,"D",0,"D",20,"D",15,"D",45,"D"
"20115",2284414,74,0,"1",.,"A",.,"A",.,"A",.,"A",.,"A",.,"A",.,"A",.,"A",.,"A",.,"A",.,"A",.,"A",45,"D",.,"A",.,"A"
"20115",2284434,51,0,"1",.,"A",.,"A",.,"A",.,"A",.,"A",.,"A",.,"A",.,"A",.,"A",.,"A",.,"A",.,"A",60,"D",.,"A",.,"A"
"20115",2284445,38,0,"1",.,"A",.,"A",.,"A",.,"A",.,"A",.,"A",.,"A",.,"A",.,"A",.,"A",.,"A",.,"A",20,"D",.,"A",.,"A"
"20115",2284454,56,0,"1",.,"A",.,"A",.,"A",.,"A",.,"A",.,"A",.,"A",.,"A",.,"A",540,"D",0,"D",0,"D",34,"D",180,"D",.,"A"
"20115",2284495,52,0,"1",.,"A",.,"A",.,"A",.,"A",.,"A",.,"A",.,"A",.,"A",.,"A",.,"A",.,"A",.,"A",.,"A",.,"A",.,"A"
"20115",2284624,46,0,"1",.,"A",.,"A",.,"A",.,"A",.,"A",100,"D",.,"A",.,"A",.,"A",.,"A",.,"A",.,"A",100,"D",.,"A",.,"A"
"20115",2284645,48,0,"1",16,"D",.,"A",.,"A",.,"A",44,"D",.,"A",.,"A",78,"D",336,"D",.,"A",.,"A",.,"A",.,"A",.,"A",.,"A"
"20115",2284655,33,0,"1",.,"A",.,"A",.,"A",.,"A",.,"A",45,"D",.,"A",.,"A",.,"A",.,"A",.,"A",.,"A",100,"D",.,"A",.,"A"
"20115",2284725,42,0,"1",.,"A",.,"A",.,"A",.,"A",.,"A",.,"A",.,"A",.,"A",.,"A",.,"A",.,"A",.,"A",30,"D",.,"A",.,"A"
"20115",2284745,40,0,"1",.,"A",.,"A",.,"A",.,"A",60,"D",.,"A",.,"A",.,"A",.,"A",.,"A",.,"A",.,"A",20,"D",.,"A",.,"A"
"20115",2284844,42,0,"1",.,"A",.,"A",.,"A",.,"A",.,"A",.,"A",.,"A",.,"A",.,"A",.,"A",.,"A",.,"A",.,"A",.,"A",.,"A"
"20115",2284855,38,0,"1",.,"A",.,"A",.,"A",.,"A",.,"A",.,"A",.,"A",.,"A",.,"A",.,"A",.,"A",.,"A",70,"D",.,"A",.,"A"
"20115",2284895,29,0,"1",.,"A",.,"A",.,"A",.,"A",.,"A",.,"A",.,"A",.,"A",.,"A",.,"A",.,"A",.,"A",.,"A",.,"A",.,"A"
"20115",2284914,52,0,"1",.,"A",.,"A",.,"A",.,"A",.,"A",.,"A",.,"A",.,"A",.,"A",.,"A",.,"A",.,"A",30,"D",.,"A",.,"A"
"20115",2284954,86,0,"1",.,"A",.,"A",.,"A",.,"A",.,"A",20,"D",.,"A",.,"A",.,"A",.,"A",.,"A",.,"A",50,"D",.,"A",.,"A"
"20115",2284965,55,0,"1",.,"A",.,"A",.,"A",.,"A",.,"A",.,"A",.,"A",.,"A",.,"A",.,"A",.,"A",.,"A",100,"D",.,"A",.,"A"
"20115",2284975,47,0,"1",.,"A",.,"A",.,"A",.,"A",.,"A",80,"D",.,"A",.,"A",.,"A",.,"A",.,"A",.,"A",180,"D",.,"A",.,"A"
"20115",2285015,55,0,"1",.,"A",.,"A",.,"A",.,"A",.,"A",120,"D",.,"A",.,"A",.,"A",120,"D",0,"D",30,"D",300,"D",40,"D",.,"A"
"20115",2285025,61,0,"1",.,"A",.,"A",.,"A",.,"A",.,"A",.,"A",.,"A",.,"A",15,"D",.,"A",.,"A",.,"A",400,"D",.,"A",.,"A"
"20115",2285045,45,0,"1",.,"A",.,"A",.,"A",.,"A",180,"D",.,"A",.,"A",.,"A",.,"A",.,"A",.,"A",.,"A",60,"D",.,"A",.,"A"
"20115",2285064,29,0,"1",.,"A",.,"A",.,"A",.,"A",10,"D",.,"A",.,"A",.,"A",.,"A",.,"A",.,"A",.,"A",.,"A",.,"A",.,"A"
"20115",2285075,47,0,"1",.,"A",.,"A",.,"A",.,"A",.,"A",.,"A",.,"A",.,"A",.,"A",.,"A",.,"A",.,"A",.,"A",.,"A",.,"A"
"20115",2285094,39,0,"1",.,"A",.,"A",.,"A",.,"A",.,"A",.,"A",.,"A",.,"A",.,"A",.,"A",.,"A",.,"A",50,"D",.,"A",.,"A"
"20115",2285114,55,0,"1",.,"A",.,"A",.,"A",.,"A",.,"A",.,"A",.,"A",.,"A",15,"F",.,"A",.,"A",.,"A",100,"D",.,"A",.,"A"
"20115",2285124,35,0,"1",.,"A",.,"A",.,"A",90,"D",.,"A",.,"A",.,"A",.,"A",.,"A",.,"A",.,"A",.,"A",60,"D",.,"A",.,"A"
"20115",2285135,77,0,"1",.,"A",.,"A",.,"A",.,"A",.,"A",.,"A",.,"A",.,"A",.,"A",.,"A",.,"A",.,"A",200,"D",.,"A",.,"A"
"20115",2285185,47,0,"1",.,"A",.,"A",.,"A",.,"A",.,"A",.,"A",.,"A",.,"A",.,"A",.,"A",.,"A",.,"A",.,"A",.,"A",.,"A"
"20115",2285214,33,0,"1",.,"A",.,"A",.,"A",.,"A",.,"A",.,"A",.,"A",.,"A",.,"A",.,"A",.,"A",.,"A",120,"D",.,"A",.,"A"
"20115",2285225,78,0,"1",.,"A",.,"A",.,"A",.,"A",.,"A",.,"A",169,"D",.,"A",.,"A",.,"A",.,"A",.,"A",.,"A",.,"A",.,"A"
"20115",2285235,44,0,"1",.,"A",.,"A",.,"A",.,"A",.,"A",.,"A",.,"A",260,"D",36,"D",0,"D",0,"D",60,"D",60,"D",0,"D",.,"A"
"20115",2285305,73,0,"1",.,"A",.,"A",.,"A",.,"A",.,"A",.,"A",65,"D",.,"A",.,"A",.,"A",.,"A",.,"A",59,"D",.,"A",.,"A"
"20115",2285324,58,0,"1",.,"A",.,"A",.,"A",.,"A",60,"D",.,"A",585,"D",.,"A",.,"A",.,"A",.,"A",.,"A",30,"D",.,"A",.,"A"
"20115",2285364,42,0,"1",.,"A",.,"A",.,"A",.,"A",.,"A",.,"A",.,"A",.,"A",.,"A",.,"A",.,"A",.,"A",80,"D",.,"A",.,"A"
"20115",2285394,34,0,"1",.,"A",.,"A",.,"A",.,"A",.,"A",.,"A",.,"A",.,"A",.,"A",.,"A",.,"A",.,"A",.,"A",.,"A",.,"A"
"20115",2285415,50,0,"1",.,"A",.,"A",.,"A",.,"A",.,"A",.,"A",.,"A",.,"A",.,"A",.,"A",.,"A",.,"A",.,"A",.,"A",.,"A"
"20115",2285435,86,0,"1",.,"A",.,"A",.,"A",.,"A",.,"A",.,"A",.,"A",.,"A",.,"A",.,"A",.,"A",.,"A",120,"D",.,"A",.,"A"
"20115",2285455,41,0,"1",.,"A",.,"A",.,"A",.,"A",.,"A",.,"A",.,"A",.,"A",.,"A",.,"A",.,"A",.,"A",.,"A",.,"A",.,"A"
"20115",2285475,59,0,"1",.,"A",.,"A",.,"A",.,"A",.,"A",.,"A",.,"A",.,"A",.,"A",.,"A",.,"A",.,"A",.,"A",.,"A",.,"A"
"20115",2285524,75,0,"1",.,"A",.,"A",.,"A",.,"A",.,"A",.,"A",.,"A",.,"A",.,"A",.,"A",.,"A",.,"A",100,"D",.,"A",.,"A"
"20115",2285555,58,0,"1",.,"A",.,"A",.,"A",.,"A",.,"A",50,"D",.,"A",.,"A",.,"A",0,"D",15,"D",0,"D",50,"D",0,"D",.,"A"
"20115",2285575,54,0,"1",.,"A",.,"A",.,"A",.,"A",.,"A",.,"A",.,"A",.,"A",.,"A",.,"A",.,"A",.,"A",10,"D",.,"A",.,"A"
"20115",2285584,61,0,"1",.,"A",.,"A",.,"A",.,"A",.,"A",.,"A",.,"A",.,"A",.,"A",.,"A",.,"A",.,"A",16,"D",.,"A",.,"A"
"20115",2285595,59,0,"1",.,"A",.,"A",.,"A",.,"A",.,"A",30,"D",390,"D",52,"D",.,"A",.,"A",.,"A",.,"A",20,"D",.,"A",.,"A"
"20115",2285624,55,0,"1",.,"A",.,"A",.,"A",7,"D",180,"D",.,"A",.,"A",.,"A",.,"A",.,"A",.,"A",.,"A",210,"D",.,"A",.,"A"
"20115",2285705,81,0,"1",.,"A",.,"A",.,"A",.,"A",.,"A",.,"A",.,"A",.,"A",.,"A",0,"D",0,"D",30,"D",32,"D",0,"D",.,"A"
"20115",2285785,38,0,"1",.,"A",.,"A",.,"A",.,"A",.,"A",.,"A",.,"A",.,"A",.,"A",.,"A",.,"A",.,"A",.,"A",.,"A",.,"A"
"20115",2285795,58,0,"1",.,"A",.,"A",.,"A",.,"A",.,"A",.,"A",.,"A",.,"A",.,"A",.,"A",.,"A",.,"A",50,"D",.,"A",.,"A"
"20115",2285805,73,0,"1",.,"A",.,"A",.,"A",.,"A",.,"A",.,"A",.,"A",.,"A",.,"A",.,"A",.,"A",.,"A",25,"D",.,"A",.,"A"
"20115",2285835,45,0,"1",.,"A",.,"A",.,"A",.,"A",.,"A",.,"A",.,"A",.,"A",.,"A",.,"A",.,"A",.,"A",.,"A",.,"A",.,"A"
"20115",2285845,42,0,"1",.,"A",.,"A",.,"A",.,"A",.,"A",.,"A",.,"A",.,"A",.,"A",.,"A",.,"A",.,"A",.,"A",.,"A",.,"A"
"20115",2285854,26,0,"1",.,"A",.,"A",.,"A",.,"A",.,"A",.,"A",.,"A",.,"A",.,"A",.,"A",.,"A",.,"A",.,"A",.,"A",.,"A"
"20115",2285884,58,0,"1",.,"A",.,"A",.,"A",.,"A",.,"A",.,"A",.,"A",.,"A",.,"A",.,"A",.,"A",.,"A",.,"A",.,"A",.,"A"
"20115",2285914,38,0,"1",.,"A",.,"A",.,"A",.,"A",.,"A",.,"A",65,"D",65,"D",15,"D",.,"A",.,"A",.,"A",.,"A",.,"A",.,"A"
"20115",2285975,43,0,"1",.,"A",.,"A",.,"A",.,"A",.,"A",.,"A",.,"A",.,"A",.,"A",.,"A",.,"A",.,"A",.,"A",.,"A",.,"A"
"20115",2286025,45,0,"1",.,"A",.,"A",.,"A",.,"A",.,"A",.,"A",.,"A",.,"A",.,"A",.,"A",.,"A",.,"A",.,"A",.,"A",.,"A"
"20115",2286034,58,0,"1",.,"A",.,"A",.,"A",.,"A",.,"A",.,"A",260,"D",.,"A",.,"A",.,"A",.,"A",.,"A",900,"D",.,"A",.,"A"
"20115",2286054,66,0,"1",.,"A",.,"A",.,"A",.,"A",.,"A",225,"D",.,"A",.,"A",.,"A",.,"A",.,"A",.,"A",600,"D",.,"A",.,"A"
"20115",2286075,45,0,"1",100,"D",.,"A",.,"A",.,"A",260,"D",.,"A",390,"D",.,"A",.,"A",.,"A",.,"A",.,"A",90,"D",.,"A",.,"A"
"20115",2286094,32,0,"1",.,"A",.,"A",.,"A",.,"A",.,"A",15,"D",.,"A",.,"A",.,"A",.,"A",.,"A",.,"A",65,"F",.,"A",.,"A"
"20115",2286124,38,0,"1",.,"A",.,"A",.,"A",.,"A",.,"A",.,"A",.,"A",.,"A",.,"A",.,"A",.,"A",.,"A",.,"A",.,"A",.,"A"
"20115",2286225,66,0,"1",.,"A",.,"A",.,"A",.,"A",.,"A",20,"D",.,"A",.,"A",54,"D",.,"A",.,"A",.,"A",125,"D",.,"A",.,"A"
"20115",2286234,64,0,"1",.,"A",.,"A",.,"A",.,"A",.,"A",.,"A",.,"A",.,"A",.,"A",.,"A",.,"A",.,"A",21,"D",.,"A",.,"A"
"20115",2286305,48,0,"1",6,"D",.,"A",.,"A",.,"A",12,"D",.,"A",.,"A",.,"A",.,"A",.,"A",.,"A",.,"A",.,"A",.,"A",.,"A"
"20115",2286315,53,0,"1",.,"A",.,"A",.,"A",.,"A",.,"A",.,"A",.,"A",.,"A",.,"A",.,"A",.,"A",.,"A",.,"A",.,"A",.,"A"
"20115",2286324,53,0,"1",.,"A",.,"A",.,"A",.,"A",.,"A",.,"A",.,"A",.,"A",18,"D",.,"A",.,"A",.,"A",.,"A",.,"A",.,"A"
"20115",2286334,80,0,"1",.,"A",.,"A",.,"A",.,"A",.,"A",.,"A",.,"A",.,"A",.,"A",.,"A",.,"A",.,"A",164,"D",.,"A",.,"A"
"20115",2286345,45,0,"1",.,"A",.,"A",.,"A",.,"A",.,"A",.,"A",.,"A",.,"A",.,"A",.,"A",.,"A",.,"A",90,"D",.,"A",.,"A"
"20115",2286365,56,0,"1",.,"A",.,"A",.,"A",.,"A",240,"D",.,"A",.,"A",.,"A",.,"A",108,"D",0,"D",0,"D",30,"D",36,"D",.,"A"
"20115",2286385,78,0,"1",.,"A",.,"A",.,"A",.,"A",.,"A",.,"A",.,"A",39,"D",.,"A",.,"A",.,"A",.,"A",308,"D",.,"A",.,"A"
"20115",2286454,37,0,"1",.,"A",.,"A",.,"A",.,"A",.,"A",.,"A",.,"A",.,"A",.,"A",.,"A",.,"A",.,"A",60,"D",.,"A",.,"A"
"20115",2286465,49,0,"1",.,"A",.,"A",.,"A",.,"A",.,"A",.,"A",.,"A",.,"A",.,"A",.,"A",.,"A",.,"A",.,"A",.,"A",.,"A"
"20115",2286475,52,0,"1",.,"A",.,"A",.,"A",.,"A",.,"A",.,"A",.,"A",.,"A",.,"A",.,"A",.,"A",.,"A",150,"D",.,"A",.,"A"
"20115",2286484,40,0,"1",.,"A",.,"A",.,"A",.,"A",.,"A",.,"A",.,"A",.,"A",.,"A",.,"A",.,"A",.,"A",50,"D",.,"A",.,"A"
"20115",2286525,39,0,"1",.,"A",.,"A",.,"A",.,"A",.,"A",.,"A",.,"A",.,"A",.,"A",.,"A",.,"A",.,"A",.,"A",.,"A",.,"A"
"20115",2286594,59,0,"1",.,"A",.,"A",.,"A",.,"A",.,"A",65,"D",.,"A",.,"A",.,"A",.,"A",.,"A",.,"A",165,"D",.,"A",.,"A"
"20115",2286615,72,0,"1",.,"A",.,"A",.,"A",.,"A",.,"A",50,"D",.,"A",.,"A",.,"A",.,"A",.,"A",.,"A",600,"D",.,"A",.,"A"
"20115",2286634,39,0,"1",.,"A",.,"A",.,"A",.,"A",.,"A",.,"A",.,"A",.,"A",.,"A",.,"A",.,"A",.,"A",100,"D",.,"A",.,"A"
"20115",2286655,47,0,"1",.,"A",.,"A",.,"A",.,"A",.,"A",.,"A",.,"A",.,"A",.,"A",.,"A",.,"A",.,"A",65,"D",.,"A",.,"A"
"20115",2286674,80,0,"1",.,"A",.,"A",.,"A",.,"A",.,"A",30,"D",.,"A",.,"A",.,"A",.,"A",.,"A",.,"A",275,"D",.,"A",.,"A"
"20115",2286705,41,0,"1",.,"A",.,"A",.,"A",.,"A",18,"D",65,"D",.,"A",.,"A",.,"A",.,"A",.,"A",.,"A",120,"D",.,"A",.,"A"
"20115",2286734,46,0,"1",.,"A",.,"A",.,"A",.,"A",.,"A",.,"A",.,"A",.,"A",.,"A",.,"A",.,"A",.,"A",80,"D",.,"A",.,"A"
"20115",2286775,47,0,"1",.,"A",.,"A",.,"A",.,"A",.,"A",20,"D",.,"A",.,"A",.,"A",930,"D",6,"D",0,"D",75,"D",310,"D",.,"A"
"20115",2286795,72,0,"1",.,"A",.,"A",.,"A",.,"A",.,"A",75,"D",325,"D",.,"A",.,"A",.,"A",.,"A",.,"A",40,"D",.,"A",.,"A"
"20115",2286815,31,0,"1",.,"A",.,"A",.,"A",.,"A",30,"F",50,"F",2340,"F",.,"A",.,"A",0,"D",0,"D",120,"F",.,"A",0,"D",.,"A"
"20115",2286835,45,0,"1",.,"A",.,"A",.,"A",.,"A",.,"A",.,"A",.,"A",.,"A",.,"A",.,"A",.,"A",.,"A",18,"D",.,"A",.,"A"
"20115",2286855,46,0,"1",.,"A",.,"A",.,"A",.,"A",.,"A",.,"A",.,"A",.,"A",30,"D",.,"A",.,"A",.,"A",.,"A",.,"A",.,"A"
"20115",2286875,64,0,"1",.,"A",.,"A",.,"A",.,"A",.,"A",.,"A",.,"A",.,"A",.,"A",.,"A",.,"A",.,"A",32,"D",.,"A",.,"A"
"20115",2286915,53,0,"1",.,"A",.,"A",.,"A",15,"F",.,"A",60,"F",.,"A",.,"A",.,"A",.,"A",.,"A",.,"A",40,"F",.,"A",.,"A"
"20115",2286965,30,0,"1",.,"A",.,"A",.,"A",.,"A",.,"A",.,"A",.,"A",.,"A",.,"A",.,"A",.,"A",.,"A",.,"A",.,"A",.,"A"
"20115",2286975,87,0,"1",.,"A",.,"A",.,"A",.,"A",.,"A",.,"A",.,"A",.,"A",18,"D",.,"A",.,"A",.,"A",340,"D",.,"A",.,"A"
"20115",2287005,54,0,"1",.,"A",.,"A",.,"A",.,"A",.,"A",.,"A",.,"A",.,"A",.,"A",0,"D",150,"D",0,"D",.,"A",0,"D",.,"A"
"20115",2287044,77,0,"1",.,"A",.,"A",.,"A",.,"A",.,"A",.,"A",.,"A",.,"A",306,"D",.,"A",.,"A",.,"A",30,"D",.,"A",.,"A"
"20115",2287094,43,0,"1",.,"A",.,"A",.,"A",.,"A",15,"D",.,"A",.,"A",.,"A",.,"A",0,"D",0,"D",15,"D",25,"D",0,"D",.,"A"
"20115",2287104,46,0,"1",.,"A",.,"A",.,"A",.,"A",.,"A",60,"D",.,"A",.,"A",.,"A",.,"A",.,"A",.,"A",60,"D",.,"A",.,"A"
"20115",2287115,56,0,"1",.,"A",.,"A",.,"A",.,"A",40,"D",30,"D",.,"A",.,"A",.,"A",.,"A",.,"A",.,"A",42,"D",.,"A",.,"A"
"20115",2287154,33,0,"1",.,"A",.,"A",.,"A",.,"A",.,"A",.,"A",.,"A",.,"A",.,"A",.,"A",.,"A",.,"A",.,"A",.,"A",.,"A"
"20115",2287175,41,0,"1",.,"A",.,"A",.,"A",.,"A",.,"A",.,"A",650,"D",.,"A",.,"A",.,"A",.,"A",.,"A",.,"A",.,"A",.,"A"
"20115",2287194,52,0,"1",.,"A",.,"A",.,"A",.,"A",.,"A",.,"A",.,"A",.,"A",.,"A",.,"A",.,"A",.,"A",45,"D",.,"A",.,"A"
"20115",2287234,40,0,"1",.,"A",.,"A",.,"A",.,"A",.,"A",.,"A",.,"A",.,"A",.,"A",.,"A",.,"A",.,"A",.,"A",.,"A",.,"A"
"20115",2287245,58,0,"1",.,"A",.,"A",.,"A",.,"A",.,"A",.,"A",.,"A",.,"A",.,"A",.,"A",.,"A",.,"A",250,"D",.,"A",.,"A"
"20115",2287304,38,0,"1",.,"A",.,"A",.,"A",.,"A",.,"A",.,"A",78,"D",.,"A",.,"A",.,"A",.,"A",.,"A",.,"A",.,"A",.,"A"
"20115",2287315,32,0,"1",.,"A",.,"A",.,"A",.,"A",7,"D",.,"A",.,"A",.,"A",.,"A",.,"A",.,"A",.,"A",.,"A",.,"A",.,"A"
"20115",2287324,53,0,"1",.,"A",.,"A",.,"A",.,"A",.,"A",30,"D",.,"A",.,"A",.,"A",.,"A",.,"A",.,"A",.,"A",.,"A",.,"A"
"20115",2287335,43,0,"1",.,"A",.,"A",.,"A",.,"A",.,"A",.,"A",.,"A",.,"A",.,"A",.,"A",.,"A",.,"A",100,"D",.,"A",.,"A"
"20115",2287354,65,0,"1",.,"A",.,"A",45,"D",.,"A",.,"A",.,"A",.,"A",.,"A",.,"A",.,"A",.,"A",.,"A",169,"D",.,"A",.,"A"
"20115",2287365,51,0,"1",.,"A",.,"A",.,"A",10,"D",.,"A",90,"D",.,"A",.,"A",6,"D",270,"D",0,"D",6,"D",.,"A",90,"D",.,"A"
"20115",2287384,37,0,"1",10,"D",.,"A",.,"A",.,"A",50,"D",.,"A",.,"A",.,"A",.,"A",81,"D",81,"D",18,"D",50,"D",27,"D",240,"D"
"20115",2287395,31,0,"1",.,"A",.,"A",.,"A",.,"A",.,"A",.,"A",.,"A",.,"A",.,"A",0,"D",0,"D",120,"D",.,"A",0,"D",.,"A"
"20115",2287425,58,0,"1",.,"A",.,"A",.,"A",24,"D",.,"A",18,"D",.,"A",.,"A",.,"A",.,"A",.,"A",.,"A",20,"D",.,"A",.,"A"
"20115",2287434,38,0,"1",.,"A",.,"A",.,"A",.,"A",.,"A",.,"A",.,"A",.,"A",.,"A",.,"A",.,"A",.,"A",.,"A",.,"A",.,"A"
"20115",2287454,44,0,"1",.,"A",.,"A",.,"A",.,"A",.,"A",.,"A",.,"A",.,"A",.,"A",.,"A",.,"A",.,"A",.,"A",.,"A",.,"A"
"20115",2287465,49,0,"1",.,"A",.,"A",.,"A",.,"A",.,"A",20,"D",.,"A",.,"A",.,"A",.,"A",.,"A",.,"A",100,"D",.,"A",.,"A"
"20115",2287475,53,0,"1",.,"A",.,"A",.,"A",.,"A",150,"D",.,"A",.,"A",.,"A",.,"A",0,"D",195,"D",0,"D",80,"D",0,"D",.,"A"
"20115",2287504,71,0,"1",.,"A",.,"A",.,"A",.,"A",.,"A",.,"A",156,"D",.,"A",.,"A",.,"A",.,"A",.,"A",27,"D",.,"A",.,"A"
"20115",2287525,52,0,"1",.,"A",.,"A",.,"A",.,"A",60,"D",.,"A",.,"A",.,"A",.,"A",.,"A",.,"A",.,"A",180,"D",.,"A",.,"A"
"20115",2287585,63,0,"1",.,"A",.,"A",.,"A",.,"A",.,"A",.,"A",.,"A",.,"A",.,"A",.,"A",.,"A",.,"A",60,"D",.,"A",.,"A"
"20115",2287654,52,0,"1",.,"A",.,"A",.,"A",.,"A",.,"A",.,"A",195,"D",.,"A",.,"A",.,"A",.,"A",.,"A",.,"A",.,"A",.,"A"
"20115",2287684,41,0,"1",.,"A",.,"A",.,"A",.,"A",.,"A",.,"A",1300,"D",.,"A",.,"A",.,"A",.,"A",.,"A",60,"D",.,"A",.,"A"
"20115",2287695,60,0,"1",.,"A",.,"A",.,"A",.,"A",.,"A",.,"A",.,"A",.,"A",30,"D",.,"A",.,"A",.,"A",50,"D",.,"A",.,"A"
"20115",2287735,63,0,"1",.,"A",.,"A",.,"A",.,"A",.,"A",.,"A",.,"A",.,"A",18,"D",.,"A",.,"A",.,"A",240,"D",.,"A",.,"A"
"20115",2287745,64,0,"1",.,"A",.,"A",.,"A",.,"A",.,"A",.,"A",.,"A",.,"A",.,"A",.,"A",.,"A",.,"A",320,"D",.,"A",.,"A"
"20115",2287865,40,0,"1",.,"A",.,"A",.,"A",.,"A",.,"A",.,"A",.,"A",.,"A",.,"A",.,"A",.,"A",.,"A",.,"A",.,"A",.,"A"
"20115",2287875,62,0,"1",.,"A",.,"A",.,"A",.,"A",.,"A",.,"A",.,"A",.,"A",.,"A",.,"A",.,"A",.,"A",.,"A",.,"A",.,"A"
"20115",2287885,84,0,"1",.,"A",.,"A",.,"A",.,"A",.,"A",.,"A",.,"A",.,"A",.,"A",.,"A",.,"A",.,"A",15,"D",.,"A",.,"A"
"20115",2287915,100,0,"1",.,"A",.,"A",.,"A",.,"A",.,"A",.,"A",.,"A",.,"A",.,"A",.,"A",.,"A",.,"A",110,"D",.,"A",.,"A"
"20115",2287924,66,0,"1",.,"A",.,"A",.,"A",.,"A",.,"A",.,"A",.,"A",.,"A",.,"A",0,"D",0,"D",15,"D",200,"D",0,"D",.,"A"
"20115",2287934,64,0,"1",.,"A",.,"A",.,"A",.,"A",.,"A",.,"A",1066,"D",.,"A",.,"A",330,"D",0,"D",0,"D",100,"D",110,"D",.,"A"
"20115",2287944,39,0,"1",.,"A",.,"A",.,"A",.,"A",.,"A",.,"A",.,"A",.,"A",.,"A",.,"A",.,"A",.,"A",30,"D",.,"A",.,"A"
"20115",2287955,44,0,"1",.,"A",.,"A",.,"A",.,"A",.,"A",.,"A",.,"A",.,"A",.,"A",.,"A",.,"A",.,"A",20,"D",.,"A",.,"A"
"20115",2287965,41,0,"1",.,"A",.,"A",.,"A",.,"A",.,"A",.,"A",.,"A",.,"A",.,"A",.,"A",.,"A",.,"A",.,"A",.,"A",.,"A"
"20115",2287975,39,0,"1",.,"A",.,"A",.,"A",.,"A",.,"A",.,"A",195,"D",.,"A",.,"A",.,"A",.,"A",.,"A",.,"A",.,"A",.,"A"
"20115",2287985,35,0,"1",.,"A",.,"A",.,"A",.,"A",.,"A",.,"A",520,"D",.,"A",.,"A",.,"A",.,"A",.,"A",.,"A",.,"A",.,"A"
"20115",2288025,35,0,"1",.,"A",.,"A",.,"A",.,"A",.,"A",.,"A",.,"A",.,"A",.,"A",.,"A",.,"A",.,"A",36,"D",.,"A",.,"A"
"20115",2288064,35,0,"1",.,"A",.,"A",.,"A",.,"A",.,"A",.,"A",.,"A",.,"A",.,"A",.,"A",.,"A",.,"A",.,"A",.,"A",.,"A"
"20115",2288105,39,0,"1",.,"A",.,"A",.,"A",.,"A",.,"A",.,"A",.,"A",.,"A",.,"A",.,"A",.,"A",.,"A",.,"A",.,"A",.,"A"
"20115",2288115,69,0,"1",.,"A",.,"A",.,"A",.,"A",.,"A",.,"A",.,"A",.,"A",.,"A",.,"A",.,"A",.,"A",.,"A",.,"A",.,"A"
"20115",2288125,76,0,"1",.,"A",.,"A",.,"A",.,"A",.,"A",.,"A",.,"A",.,"A",.,"A",.,"A",.,"A",.,"A",12,"D",.,"A",.,"A"
"20115",2288184,33,0,"1",.,"A",.,"A",.,"A",.,"A",.,"A",.,"A",.,"A",.,"A",.,"A",.,"A",.,"A",.,"A",.,"A",.,"A",.,"A"
"20115",2288214,29,0,"1",10,"D",.,"A",.,"A",.,"A",50,"D",.,"A",455,"D",.,"A",.,"A",.,"A",.,"A",.,"A",.,"A",.,"A",.,"A"
"20115",2288245,52,0,"1",.,"A",.,"A",.,"A",.,"A",.,"A",.,"A",650,"D",.,"A",.,"A",.,"A",.,"A",.,"A",40,"D",.,"A",.,"A"
"20115",2288255,45,0,"1",.,"A",.,"A",.,"A",.,"A",.,"A",.,"A",.,"A",.,"A",.,"A",.,"A",.,"A",.,"A",12,"D",.,"A",.,"A"
"20115",2288265,86,0,"1",.,"A",.,"A",.,"A",.,"A",.,"A",.,"A",.,"A",.,"A",30,"D",.,"A",.,"A",.,"A",31,"D",.,"A",.,"A"
"20115",2288294,46,0,"1",.,"A",.,"A",.,"A",.,"A",.,"A",.,"A",.,"A",.,"A",.,"A",.,"A",.,"A",.,"A",40,"D",.,"A",.,"A"
"20115",2288315,83,0,"1",.,"A",.,"A",.,"A",.,"A",.,"A",.,"A",.,"A",.,"A",.,"A",.,"A",.,"A",.,"A",16,"D",.,"A",.,"A"
"20115",2288354,23,0,"1",.,"A",.,"A",.,"A",.,"A",240,"D",.,"A",91,"D",.,"A",.,"A",.,"A",.,"A",.,"A",.,"A",.,"A",.,"A"
"20115",2288364,55,0,"1",.,"A",.,"A",.,"A",.,"A",.,"A",.,"A",.,"A",.,"A",.,"A",.,"A",.,"A",.,"A",23,"D",.,"A",.,"A"
"20115",2288404,118,0,"1",.,"A",.,"A",.,"A",.,"A",.,"A",.,"A",.,"A",.,"A",114,"D",.,"A",.,"A",.,"A",340,"D",.,"A",.,"A"
"20115",2288415,78,0,"1",.,"A",.,"A",.,"A",.,"A",.,"A",.,"A",.,"A",.,"A",60,"D",.,"A",.,"A",.,"A",142,"D",.,"A",.,"A"
"20115",2288435,51,0,"1",.,"A",.,"A",.,"A",.,"A",.,"A",.,"A",.,"A",.,"A",.,"A",.,"A",.,"A",.,"A",.,"A",.,"A",.,"A"
"20115",2288445,57,0,"1",.,"A",.,"A",.,"A",.,"A",.,"A",.,"A",.,"A",.,"A",.,"A",.,"A",.,"A",.,"A",52,"D",.,"A",.,"A"
"20115",2288465,41,0,"1",.,"A",.,"A",.,"A",.,"A",.,"A",.,"A",.,"A",.,"A",.,"A",.,"A",.,"A",.,"A",.,"A",.,"A",.,"A"
"20115",2288495,66,0,"1",.,"A",.,"A",.,"A",.,"A",.,"A",.,"A",520,"D",.,"A",30,"D",.,"A",.,"A",.,"A",50,"D",.,"A",.,"A"
"20115",2288524,45,0,"1",.,"A",.,"A",.,"A",.,"A",.,"A",.,"A",.,"A",.,"A",.,"A",.,"A",.,"A",.,"A",131,"D",.,"A",.,"A"
"20115",2288575,61,0,"1",.,"A",.,"A",.,"A",.,"A",.,"A",.,"A",.,"A",.,"A",.,"A",.,"A",.,"A",.,"A",60,"D",.,"A",.,"A"
"20115",2288584,32,0,"1",.,"A",.,"A",5,"F",.,"A",.,"A",.,"A",.,"A",.,"A",.,"A",.,"A",.,"A",.,"A",40,"F",.,"A",.,"A"
"20115",2288595,43,0,"1",.,"A",.,"A",.,"A",.,"A",.,"A",.,"A",.,"A",.,"A",.,"A",.,"A",.,"A",.,"A",30,"D",.,"A",.,"A"
"20115",2288625,37,0,"1",.,"A",.,"A",.,"A",.,"A",.,"A",.,"A",.,"A",.,"A",.,"A",.,"A",.,"A",.,"A",90,"D",.,"A",.,"A"
"20115",2288635,31,0,"1",.,"A",.,"A",.,"A",.,"A",90,"D",.,"A",.,"A",.,"A",.,"A",.,"A",.,"A",.,"A",25,"D",.,"A",.,"A"
"20115",2288644,57,0,"1",.,"A",.,"A",.,"A",.,"A",.,"A",.,"A",455,"D",.,"A",.,"A",.,"A",.,"A",.,"A",140,"D",.,"A",.,"A"
"20115",2288664,39,0,"1",.,"A",.,"A",.,"A",.,"A",.,"A",.,"A",.,"A",.,"A",.,"A",.,"A",.,"A",.,"A",30,"D",.,"A",.,"A"
"20115",2288694,43,0,"1",.,"A",.,"A",.,"A",.,"A",.,"A",.,"A",.,"A",65,"D",.,"A",.,"A",.,"A",.,"A",37,"D",.,"A",.,"A"
"20115",2288724,67,0,"1",.,"A",.,"A",.,"A",.,"A",.,"A",.,"A",130,"D",.,"A",.,"A",.,"A",.,"A",.,"A",100,"D",.,"A",.,"A"
"20115",2288735,61,0,"1",.,"A",.,"A",.,"A",.,"A",.,"A",.,"A",.,"A",.,"A",.,"A",.,"A",.,"A",.,"A",40,"D",.,"A",.,"A"
"20115",2288765,32,0,"1",.,"A",.,"A",.,"A",.,"A",.,"A",.,"A",.,"A",.,"A",.,"A",.,"A",.,"A",.,"A",.,"A",.,"A",.,"A"
"20115",2288775,46,0,"1",.,"A",.,"A",.,"A",.,"A",120,"D",120,"D",.,"A",455,"D",.,"A",.,"A",.,"A",.,"A",120,"D",.,"A",.,"A"
"20115",2288785,39,0,"1",.,"A",.,"A",.,"A",.,"A",.,"A",.,"A",.,"A",.,"A",.,"A",90,"D",0,"D",0,"D",.,"A",30,"D",.,"A"
"20115",2288794,34,0,"1",.,"A",.,"A",.,"A",.,"A",60,"D",.,"A",.,"A",.,"A",.,"A",.,"A",.,"A",.,"A",.,"A",.,"A",.,"A"
"20115",2288814,25,0,"1",.,"A",.,"A",.,"A",.,"A",.,"A",.,"A",.,"A",.,"A",.,"A",.,"A",.,"A",.,"A",.,"A",.,"A",.,"A"
"20115",2288845,55,0,"1",.,"A",.,"A",.,"A",40,"D",.,"A",.,"A",.,"A",.,"A",30,"D",.,"A",.,"A",.,"A",85,"D",.,"A",.,"A"
"20115",2288855,56,0,"1",.,"A",.,"A",.,"A",.,"A",.,"A",.,"A",.,"A",.,"A",.,"A",.,"A",.,"A",.,"A",126,"D",.,"A",.,"A"
"20115",2288894,40,0,"1",.,"A",.,"A",30,"D",.,"A",.,"A",.,"A",.,"A",.,"A",.,"A",.,"A",.,"A",.,"A",20,"D",.,"A",.,"A"
"20115",2288905,30,0,"1",.,"A",.,"A",.,"A",.,"A",.,"A",.,"A",572,"D",.,"A",.,"A",.,"A",.,"A",.,"A",60,"D",.,"A",.,"A"
"20115",2288965,57,0,"1",.,"A",.,"A",.,"A",.,"A",.,"A",131,"D",.,"A",.,"A",.,"A",.,"A",.,"A",.,"A",.,"A",.,"A",.,"A"
"20115",2288984,36,0,"1",.,"A",.,"A",.,"A",.,"A",.,"A",.,"A",221,"D",.,"A",.,"A",.,"A",.,"A",.,"A",.,"A",.,"A",.,"A"
"20115",2288994,30,0,"1",.,"A",.,"A",.,"A",.,"A",30,"D",.,"A",1300,"D",.,"A",.,"A",600,"D",0,"D",0,"D",.,"A",200,"D",.,"A"
"20115",2289014,60,0,"1",.,"A",.,"A",.,"A",.,"A",.,"A",45,"D",.,"A",.,"A",.,"A",120,"D",0,"D",0,"D",200,"D",40,"D",.,"A"
"20115",2289064,37,0,"1",.,"A",.,"A",.,"A",.,"A",.,"A",.,"A",.,"A",.,"A",.,"A",.,"A",.,"A",.,"A",18,"D",.,"A",.,"A"
"20115",2289075,42,0,"1",.,"A",.,"A",.,"A",.,"A",.,"A",.,"A",.,"A",.,"A",.,"A",0,"D",0,"D",36,"D",.,"A",0,"D",.,"A"
"20115",2289084,55,0,"1",.,"A",.,"A",.,"A",.,"A",.,"A",.,"A",.,"A",.,"A",.,"A",.,"A",.,"A",.,"A",.,"A",.,"A",.,"A"
"20115",2289094,87,0,"1",.,"A",.,"A",.,"A",.,"A",.,"A",15,"D",.,"A",.,"A",.,"A",.,"A",.,"A",.,"A",280,"D",.,"A",.,"A"
"20115",2289114,31,0,"1",.,"A",.,"A",.,"A",.,"A",.,"A",.,"A",.,"A",.,"A",.,"A",.,"A",.,"A",.,"A",.,"A",.,"A",.,"A"
"20115",2289125,33,0,"1",.,"A",.,"A",.,"A",.,"A",.,"A",.,"A",.,"A",.,"A",.,"A",.,"A",.,"A",.,"A",.,"A",.,"A",.,"A"
"20115",2289145,78,0,"1",.,"A",.,"A",.,"A",.,"A",.,"A",.,"A",156,"D",.,"A",.,"A",.,"A",.,"A",.,"A",.,"A",.,"A",.,"A"
"20115",2289194,36,0,"1",.,"A",.,"A",.,"A",.,"A",180,"D",.,"A",.,"A",.,"A",.,"A",.,"A",.,"A",.,"A",30,"D",.,"A",.,"A"
"20115",2289215,40,0,"1",.,"A",.,"A",.,"A",.,"A",.,"A",.,"A",.,"A",.,"A",.,"A",.,"A",.,"A",.,"A",55,"D",.,"A",.,"A"
"20115",2289225,73,0,"1",.,"A",.,"A",.,"A",.,"A",.,"A",15,"D",.,"A",.,"A",.,"A",.,"A",.,"A",.,"A",118,"D",.,"A",.,"A"
"20115",2289245,25,0,"1",10,"D",.,"A",.,"A",.,"A",30,"D",.,"A",.,"A",.,"A",.,"A",.,"A",.,"A",.,"A",.,"A",.,"A",.,"A"
"20115",2289254,35,0,"1",.,"A",.,"A",.,"A",.,"A",30,"D",.,"A",.,"A",.,"A",.,"A",.,"A",.,"A",.,"A",.,"A",.,"A",.,"A"
"20115",2289264,46,0,"1",.,"A",.,"A",.,"A",.,"A",.,"A",.,"A",.,"A",.,"A",.,"A",.,"A",.,"A",.,"A",18,"D",.,"A",.,"A"
"20115",2289274,57,0,"1",.,"A",.,"A",.,"A",.,"A",.,"A",.,"A",.,"A",.,"A",.,"A",.,"A",.,"A",.,"A",50,"D",.,"A",.,"A"
"20115",2289285,32,0,"1",.,"A",.,"A",.,"A",.,"A",90,"D",.,"A",390,"D",.,"A",.,"A",75,"D",0,"D",15,"D",10,"D",25,"D",.,"A"
"20115",2289345,42,0,"1",.,"A",.,"A",.,"A",.,"A",.,"A",.,"A",.,"A",.,"A",.,"A",.,"A",.,"A",.,"A",.,"A",.,"A",.,"A"
"20115",2289425,51,0,"1",.,"A",.,"A",.,"A",.,"A",.,"A",.,"A",650,"D",.,"A",.,"A",.,"A",.,"A",.,"A",200,"D",.,"A",.,"A"
"20115",2289434,42,0,"1",.,"A",.,"A",.,"A",.,"A",.,"A",.,"A",.,"A",.,"A",.,"A",0,"D",0,"D",45,"D",.,"A",0,"D",.,"A"
"20115",2289455,79,0,"1",.,"A",.,"A",.,"A",.,"A",.,"A",300,"D",.,"A",.,"A",.,"A",.,"A",.,"A",.,"A",1284,"D",.,"A",.,"A"
"20115",2289495,54,0,"1",.,"A",.,"A",.,"A",.,"A",.,"A",.,"A",780,"D",.,"A",.,"A",.,"A",.,"A",.,"A",360,"D",.,"A",.,"A"
"20115",2289514,43,0,"1",.,"A",.,"A",.,"A",.,"A",.,"A",.,"A",.,"A",.,"A",.,"A",.,"A",.,"A",.,"A",.,"A",.,"A",.,"A"
"20115",2289534,73,0,"1",.,"A",.,"A",.,"A",.,"A",.,"A",180,"D",.,"A",.,"A",.,"A",150,"D",0,"D",90,"D",400,"D",50,"D",.,"A"
"20115",2289544,48,0,"1",.,"A",.,"A",.,"A",.,"A",.,"A",.,"A",.,"A",.,"A",.,"A",.,"A",.,"A",.,"A",36,"D",.,"A",.,"A"
"20115",2289555,50,0,"1",.,"A",.,"A",.,"A",.,"A",.,"A",.,"A",.,"A",.,"A",0,"D",.,"A",.,"A",.,"A",40,"D",.,"A",.,"A"
"20115",2289564,34,0,"1",.,"A",.,"A",.,"A",.,"A",.,"A",.,"A",520,"D",.,"A",.,"A",.,"A",.,"A",.,"A",.,"A",.,"A",.,"A"
"20115",2289644,33,0,"1",.,"A",.,"A",.,"A",.,"A",90,"D",.,"A",.,"A",.,"A",.,"A",.,"A",.,"A",.,"A",.,"A",.,"A",.,"A"
"20115",2289655,47,0,"1",.,"A",.,"A",.,"A",.,"A",.,"A",.,"A",195,"D",.,"A",.,"A",.,"A",.,"A",.,"A",.,"A",.,"A",.,"A"
"20115",2289674,55,0,"1",.,"A",.,"A",.,"A",.,"A",.,"A",.,"A",195,"D",.,"A",.,"A",.,"A",.,"A",.,"A",.,"A",.,"A",.,"A"
"20115",2289754,48,0,"1",40,"D",.,"A",.,"A",.,"A",200,"D",.,"A",.,"A",.,"A",.,"A",.,"A",.,"A",.,"A",.,"A",.,"A",.,"A"
"20115",2289785,27,0,"1",.,"A",.,"A",.,"A",.,"A",10,"D",.,"A",.,"A",.,"A",.,"A",.,"A",.,"A",.,"A",.,"A",.,"A",.,"A"
"20115",2289795,60,0,"1",.,"A",.,"A",.,"A",.,"A",.,"A",.,"A",.,"A",.,"A",.,"A",.,"A",.,"A",.,"A",28,"D",.,"A",.,"A"
"20115",2289804,39,0,"1",.,"A",.,"A",.,"A",.,"A",.,"A",.,"A",390,"D",.,"A",.,"A",.,"A",.,"A",.,"A",.,"A",.,"A",.,"A"
"20115",2289825,87,0,"1",.,"A",.,"A",.,"A",.,"A",.,"A",.,"A",.,"A",.,"A",.,"A",.,"A",.,"A",.,"A",110,"D",.,"A",.,"A"
"20115",2289844,68,0,"1",.,"A",.,"A",.,"A",.,"A",.,"A",.,"A",.,"A",.,"A",.,"A",.,"A",.,"A",.,"A",100,"D",.,"A",.,"A"
"20115",2289855,36,0,"1",.,"A",.,"A",.,"A",.,"A",150,"D",.,"A",.,"A",.,"A",.,"A",.,"A",.,"A",.,"A",.,"A",.,"A",.,"A"
"20115",2289874,29,0,"1",.,"A",.,"A",.,"A",.,"A",.,"A",.,"A",.,"A",208,"D",.,"A",.,"A",.,"A",.,"A",.,"A",.,"A",.,"A"
"20115",2289895,29,0,"1",.,"A",.,"A",.,"A",.,"A",.,"A",.,"A",.,"A",.,"A",.,"A",312,"D",0,"D",0,"D",.,"A",104,"D",.,"A"
"20115",2289905,66,0,"1",.,"A",.,"A",.,"A",.,"A",30,"D",60,"D",.,"A",.,"A",.,"A",.,"A",.,"A",.,"A",70,"D",.,"A",.,"A"
"20115",2289915,58,0,"1",.,"A",.,"A",.,"A",.,"A",100,"D",.,"A",.,"A",.,"A",.,"A",.,"A",.,"A",.,"A",300,"D",.,"A",.,"A"
"20115",2289924,87,0,"1",.,"A",.,"A",.,"A",.,"A",40,"D",.,"A",.,"A",.,"A",60,"D",.,"A",.,"A",.,"A",64,"D",.,"A",.,"A"
"20115",2290055,64,0,"1",.,"A",.,"A",.,"A",.,"A",.,"A",.,"A",.,"A",.,"A",.,"A",.,"A",.,"A",.,"A",20,"D",.,"A",.,"A"
"20115",2290154,31,0,"1",.,"A",.,"A",.,"A",.,"A",.,"A",.,"A",.,"A",.,"A",.,"A",.,"A",.,"A",.,"A",.,"A",.,"A",.,"A"
"20115",2290184,24,0,"1",.,"A",.,"A",.,"A",.,"A",25,"D",.,"A",.,"A",.,"A",.,"A",1008,"D",0,"D",0,"D",30,"D",336,"D",.,"A"
"20115",2290244,59,0,"1",.,"A",.,"A",.,"A",150,"D",.,"A",90,"D",.,"A",.,"A",.,"A",240,"D",0,"D",0,"D",340,"D",80,"D",.,"A"
"20115",2290255,76,0,"1",.,"A",.,"A",.,"A",.,"A",.,"A",.,"A",.,"A",.,"A",.,"A",.,"A",.,"A",.,"A",135,"D",.,"A",.,"A"
"20115",2290275,30,0,"1",.,"A",.,"A",.,"A",.,"A",24,"D",.,"A",.,"A",.,"A",.,"A",.,"A",.,"A",.,"A",55,"D",.,"A",.,"A"
"20115",2290285,27,0,"1",.,"A",.,"A",.,"A",.,"A",.,"A",.,"A",.,"A",.,"A",.,"A",.,"A",.,"A",.,"A",.,"A",.,"A",.,"A"
"20115",2290304,60,0,"1",.,"A",.,"A",.,"A",.,"A",.,"A",.,"A",.,"A",.,"A",30,"D",.,"A",.,"A",.,"A",50,"D",.,"A",.,"A"
"20115",2290334,36,0,"1",.,"A",.,"A",.,"A",.,"A",.,"A",.,"A",.,"A",.,"A",.,"A",.,"A",.,"A",.,"A",.,"A",.,"A",.,"A"
"20115",2290355,44,0,"1",.,"A",.,"A",.,"A",.,"A",.,"A",.,"A",455,"D",.,"A",.,"A",0,"D",0,"D",0,"D",.,"A",0,"D",.,"A"
"20115",2290375,43,0,"1",.,"A",.,"A",.,"A",.,"A",.,"A",.,"A",416,"D",156,"D",.,"A",.,"A",.,"A",.,"A",.,"A",.,"A",.,"A"
"20115",2290435,39,0,"1",.,"A",.,"A",.,"A",.,"A",.,"A",.,"A",.,"A",.,"A",24,"D",.,"A",.,"A",.,"A",.,"A",.,"A",.,"A"
"20115",2290465,59,0,"1",.,"A",.,"A",.,"A",.,"A",.,"A",.,"A",130,"D",.,"A",.,"A",.,"A",.,"A",.,"A",70,"D",.,"A",.,"A"
"20115",2290584,37,0,"1",.,"A",.,"A",.,"A",.,"A",.,"A",.,"A",.,"A",.,"A",.,"A",.,"A",.,"A",.,"A",.,"A",.,"A",.,"A"
"20115",2290634,60,0,"1",.,"A",.,"A",.,"A",.,"A",.,"A",.,"A",.,"A",.,"A",.,"A",.,"A",.,"A",.,"A",250,"D",.,"A",.,"A"
"20115",2290655,62,0,"1",.,"A",.,"A",.,"A",.,"A",.,"A",.,"A",.,"A",.,"A",.,"A",.,"A",.,"A",.,"A",100,"D",.,"A",.,"A"
"20115",2290664,39,0,"1",.,"A",.,"A",.,"A",.,"A",.,"A",.,"A",.,"A",.,"A",.,"A",.,"A",.,"A",.,"A",34,"D",.,"A",.,"A"
"20115",2290674,70,0,"1",.,"A",.,"A",.,"A",50,"D",.,"A",150,"D",.,"A",.,"A",.,"A",.,"A",.,"A",.,"A",200,"D",.,"A",.,"A"
"20115",2290685,67,0,"1",.,"A",.,"A",.,"A",.,"A",.,"A",240,"D",.,"A",.,"A",.,"A",.,"A",.,"A",.,"A",300,"D",.,"A",.,"A"
"20115",2290695,100,0,"1",.,"A",.,"A",.,"A",.,"A",.,"A",.,"A",.,"A",.,"A",.,"A",.,"A",.,"A",.,"A",80,"D",.,"A",.,"A"
"20115",2290724,33,0,"1",.,"A",.,"A",.,"A",.,"A",.,"A",.,"A",.,"A",.,"A",.,"A",255,"F",120,"F",0,"D",50,"D",.,"C",.,"A"
"20115",2290785,92,0,"1",.,"A",.,"A",.,"A",.,"A",.,"A",120,"D",.,"A",.,"A",.,"A",.,"A",.,"A",.,"A",80,"D",.,"A",.,"A"
"20115",2290805,72,0,"1",.,"A",.,"A",.,"A",.,"A",.,"A",.,"A",.,"A",.,"A",.,"A",.,"A",.,"A",.,"A",12,"D",.,"A",.,"A"
"20115",2290814,41,0,"1",.,"A",.,"A",.,"A",.,"A",.,"A",.,"A",.,"A",.,"A",.,"A",.,"A",.,"A",.,"A",34,"D",.,"A",.,"A"
"20115",2290834,45,0,"1",.,"A",.,"A",.,"A",.,"A",.,"A",.,"A",.,"A",.,"A",.,"A",.,"A",.,"A",.,"A",120,"D",.,"A",.,"A"
"20115",2290854,71,0,"1",.,"A",.,"A",.,"A",.,"A",.,"A",64,"D",.,"A",65,"D",.,"A",.,"A",.,"A",.,"A",340,"D",.,"A",.,"A"
"20115",2290884,36,0,"1",27,"D",.,"A",.,"A",.,"A",73,"D",.,"A",637,"D",.,"A",312,"D",0,"D",24,"D",0,"D",.,"A",0,"D",.,"A"
"20115",2290895,55,0,"1",.,"A",.,"A",.,"A",.,"A",.,"A",.,"A",1313,"D",.,"A",.,"A",.,"A",.,"A",.,"A",80,"D",.,"A",.,"A"
"20115",2290904,42,0,"1",.,"A",.,"A",.,"A",.,"A",.,"A",.,"A",.,"A",.,"A",.,"A",.,"A",.,"A",.,"A",20,"D",.,"A",.,"A"
"20115",2290925,73,0,"1",.,"A",.,"A",.,"A",.,"A",.,"A",.,"A",.,"A",.,"A",.,"A",.,"A",.,"A",.,"A",30,"D",.,"A",.,"A"
"20115",2290985,44,0,"1",.,"A",.,"A",.,"A",.,"A",.,"A",.,"A",520,"D",.,"A",.,"A",.,"A",.,"A",.,"A",.,"A",.,"A",.,"A"
"20115",2290995,74,0,"1",.,"A",.,"A",.,"A",.,"A",.,"A",.,"A",325,"D",.,"A",.,"A",.,"A",.,"A",.,"A",.,"A",.,"A",.,"A"
"20115",2291004,40,0,"1",.,"A",.,"A",.,"A",200,"D",50,"D",.,"A",.,"A",.,"A",.,"A",300,"D",0,"D",0,"D",50,"D",100,"D",.,"A"
"20115",2291024,75,0,"1",.,"A",.,"A",.,"A",.,"A",.,"A",.,"A",.,"A",.,"A",.,"A",.,"A",.,"A",.,"A",.,"A",.,"A",.,"A"
"20115",2291045,30,0,"1",20,"D",.,"A",.,"A",5,"D",10,"D",.,"A",.,"A",.,"A",.,"A",279,"D",0,"D",45,"D",.,"A",93,"D",.,"A"
"20115",2291075,45,0,"1",.,"A",.,"A",.,"A",.,"A",40,"D",.,"A",.,"A",.,"A",.,"A",.,"A",.,"A",.,"A",.,"A",.,"A",.,"A"
"20115",2291114,42,0,"1",.,"A",.,"A",.,"A",.,"A",.,"A",.,"A",.,"A",.,"A",.,"A",.,"A",.,"A",.,"A",.,"A",.,"A",.,"A"
"20115",2291144,67,0,"1",.,"A",.,"A",.,"A",.,"A",.,"A",100,"D",910,"D",.,"A",120,"D",.,"A",.,"A",.,"A",30,"D",.,"A",.,"A"
"20115",2291175,58,0,"1",.,"A",.,"A",.,"A",.,"A",.,"A",.,"A",.,"A",.,"A",.,"A",.,"A",.,"A",.,"A",.,"A",.,"A",.,"A"
"20115",2291195,51,0,"1",.,"A",.,"A",.,"A",.,"A",.,"A",200,"D",.,"A",.,"A",.,"A",.,"A",.,"A",.,"A",150,"D",.,"A",.,"A"
"20115",2291205,47,0,"1",.,"A",.,"A",.,"A",.,"A",.,"A",.,"A",.,"A",.,"A",.,"A",.,"A",.,"A",.,"A",100,"D",.,"A",.,"A"
"20115",2291234,29,0,"1",.,"A",.,"A",.,"A",.,"A",.,"A",.,"A",.,"A",.,"A",.,"A",.,"A",.,"A",.,"A",.,"A",.,"A",.,"A"
"20115",2291244,39,0,"1",.,"A",.,"A",.,"A",.,"A",.,"A",.,"A",.,"A",.,"A",.,"A",.,"A",.,"A",.,"A",.,"A",.,"A",.,"A"
"20115",2291255,36,0,"1",.,"A",.,"A",.,"A",.,"A",210,"F",.,"A",.,"A",.,"A",.,"A",.,"A",.,"A",.,"A",.,"A",.,"A",.,"A"
"20115",2291264,39,0,"1",10,"D",.,"A",.,"A",.,"A",50,"D",.,"A",.,"A",.,"A",9,"D",120,"D",0,"D",0,"D",50,"D",40,"D",.,"A"
"20115",2291284,40,0,"1",.,"A",.,"A",.,"A",.,"A",.,"A",.,"A",.,"A",.,"A",.,"A",.,"A",.,"A",.,"A",45,"D",.,"A",.,"A"
"20115",2291295,74,0,"1",.,"A",.,"A",.,"A",70,"D",.,"A",.,"A",.,"A",.,"A",60,"D",.,"A",.,"A",.,"A",200,"D",.,"A",.,"A"
"20115",2291305,33,0,"1",.,"A",.,"A",.,"A",.,"A",.,"A",.,"A",.,"A",.,"A",.,"A",.,"A",.,"A",.,"A",100,"D",.,"A",.,"A"
"20115",2291324,56,0,"1",.,"A",.,"A",.,"A",.,"A",.,"A",.,"A",.,"A",.,"A",.,"A",.,"A",.,"A",.,"A",.,"A",.,"A",.,"A"
"20115",2291374,27,0,"1",.,"A",.,"A",.,"A",300,"D",.,"A",.,"A",.,"A",.,"A",.,"A",165,"D",0,"D",0,"D",.,"A",55,"D",.,"A"
"20115",2291384,73,0,"1",.,"A",.,"A",.,"A",.,"A",.,"A",100,"D",.,"A",.,"A",.,"A",.,"A",.,"A",.,"A",700,"D",.,"A",.,"A"
"20115",2291394,42,0,"1",16,"D",.,"A",.,"A",.,"A",44,"D",.,"A",.,"A",.,"A",.,"A",.,"A",.,"A",.,"A",15,"D",.,"A",.,"A"
"20115",2291424,49,0,"1",.,"A",.,"A",.,"A",.,"A",.,"A",.,"A",.,"A",.,"A",.,"A",.,"A",.,"A",.,"A",140,"D",.,"A",.,"A"
"20115",2291434,93,0,"1",.,"A",.,"A",42,"D",.,"A",.,"A",48,"D",.,"A",.,"A",.,"A",.,"A",.,"A",.,"A",69,"D",.,"A",.,"A"
"20115",2291445,44,0,"1",.,"A",.,"A",.,"A",.,"A",.,"A",.,"A",.,"A",.,"A",.,"A",.,"A",.,"A",.,"A",30,"D",.,"A",.,"A"
"20115",2291475,43,0,"1",.,"A",.,"A",.,"A",.,"A",.,"A",.,"A",.,"A",.,"A",.,"A",.,"A",.,"A",.,"A",.,"A",.,"A",.,"A"
"20115",2291495,76,0,"1",.,"A",.,"A",.,"A",.,"A",.,"A",.,"A",.,"A",.,"A",.,"A",.,"A",.,"A",.,"A",40,"D",.,"A",.,"A"
"20115",2291505,56,0,"1",.,"A",.,"A",.,"A",.,"A",48,"D",.,"A",.,"A",.,"A",.,"A",.,"A",.,"A",.,"A",60,"D",.,"A",.,"A"
"20115",2291524,47,0,"1",.,"A",.,"A",.,"A",200,"D",.,"A",.,"A",.,"A",.,"A",.,"A",.,"A",.,"A",.,"A",.,"A",.,"A",.,"A"
"20115",2291534,48,0,"1",.,"A",60,"D",.,"A",.,"A",.,"A",0,"D",455,"D",.,"A",.,"A",.,"A",.,"A",.,"A",.,"A",.,"A",.,"A"
"20115",2291545,68,0,"1",.,"A",.,"A",40,"D",.,"A",.,"A",.,"A",.,"A",.,"A",30,"D",.,"A",.,"A",.,"A",35,"D",.,"A",.,"A"
"20115",2291555,36,0,"1",.,"A",.,"A",.,"A",.,"A",.,"A",.,"A",.,"A",.,"A",.,"A",.,"A",.,"A",.,"A",.,"A",.,"A",.,"A"
"20115",2291564,53,0,"1",.,"A",.,"A",.,"A",.,"A",.,"A",.,"A",.,"A",.,"A",.,"A",.,"A",.,"A",.,"A",.,"A",.,"A",.,"A"
"20115",2291645,39,0,"1",.,"A",.,"A",.,"A",.,"A",.,"A",.,"A",.,"A",.,"A",.,"A",.,"A",.,"A",.,"A",30,"D",.,"A",.,"A"
"20115",2291674,60,0,"1",.,"A",.,"A",.,"A",.,"A",.,"A",.,"A",.,"A",.,"A",.,"A",.,"A",.,"A",.,"A",.,"A",.,"A",.,"A"
"20115",2291684,24,0,"1",.,"A",.,"A",.,"A",.,"A",.,"A",.,"A",.,"A",.,"A",.,"A",.,"A",.,"A",.,"A",10,"D",.,"A",.,"A"
"20115",2291694,56,0,"1",.,"A",.,"A",.,"A",.,"A",.,"A",.,"A",.,"A",.,"A",.,"A",.,"A",.,"A",.,"A",210,"D",.,"A",.,"A"
"20115",2291714,38,0,"1",.,"A",.,"A",.,"A",.,"A",.,"A",.,"A",.,"A",.,"A",.,"A",.,"A",.,"A",.,"A",14,"D",.,"A",.,"A"
"20115",2291735,77,0,"1",.,"A",.,"A",.,"A",.,"A",.,"A",.,"A",.,"A",.,"A",60,"D",.,"A",.,"A",.,"A",400,"D",.,"A",.,"A"
"20115",2291744,35,0,"1",.,"A",.,"A",.,"A",14,"D",45,"D",.,"A",.,"A",.,"A",.,"A",201,"D",0,"D",0,"D",.,"A",67,"D",.,"A"
"20115",2291755,58,0,"1",.,"A",.,"A",.,"A",.,"A",.,"A",.,"A",.,"A",.,"A",.,"A",.,"A",.,"A",.,"A",.,"A",.,"A",.,"A"
"20115",2291765,45,0,"1",.,"A",.,"A",.,"A",.,"A",170,"D",.,"A",260,"D",.,"A",.,"A",240,"D",0,"D",0,"D",350,"D",80,"D",.,"A"
"20115",2291785,49,0,"1",.,"A",.,"A",.,"A",.,"A",.,"A",.,"A",.,"A",.,"A",.,"A",.,"A",.,"A",.,"A",.,"A",.,"A",.,"A"
"20115",2291795,41,0,"1",.,"A",.,"A",.,"A",.,"A",.,"A",.,"A",.,"A",.,"A",.,"A",.,"A",.,"A",.,"A",250,"D",.,"A",.,"A"
"20115",2291814,73,0,"1",.,"A",.,"A",.,"A",.,"A",.,"A",.,"A",.,"A",.,"A",.,"A",.,"A",.,"A",.,"A",20,"D",.,"A",.,"A"
"20115",2291844,33,0,"1",.,"A",.,"A",.,"A",15,"D",56,"D",25,"D",.,"A",.,"A",.,"A",0,"D",0,"D",270,"D",18,"D",0,"D",.,"A"
"20115",2291875,65,0,"1",.,"A",.,"A",.,"A",.,"A",.,"A",.,"A",.,"A",.,"A",.,"A",.,"A",.,"A",.,"A",15,"D",.,"A",.,"A"
"20115",2291895,80,0,"1",.,"A",.,"A",.,"A",.,"A",.,"A",.,"A",.,"A",.,"A",.,"A",.,"A",.,"A",.,"A",24,"D",.,"A",.,"A"
"20115",2291914,46,0,"1",.,"A",.,"A",.,"A",.,"A",.,"A",.,"A",.,"A",.,"A",.,"A",.,"A",.,"A",.,"A",20,"D",.,"A",.,"A"
"20115",2291944,48,0,"1",.,"A",.,"A",.,"A",.,"A",.,"A",.,"A",.,"A",.,"A",.,"A",.,"A",.,"A",.,"A",.,"A",.,"A",.,"A"
"20115",2291974,36,0,"1",.,"A",.,"A",.,"A",.,"A",.,"A",.,"A",.,"A",.,"A",.,"A",.,"A",.,"A",.,"A",.,"A",.,"A",.,"A"
"20115",2291984,63,0,"1",.,"A",.,"A",.,"A",.,"A",.,"A",.,"A",.,"A",.,"A",.,"A",.,"A",.,"A",.,"A",70,"D",.,"A",.,"A"
"20115",2291995,40,0,"1",40,"D",.,"A",.,"A",.,"A",80,"D",40,"D",.,"A",.,"A",.,"A",0,"D",600,"D",0,"D",310,"D",0,"D",.,"A"
"20115",2292015,71,0,"1",.,"A",.,"A",.,"A",.,"A",.,"A",.,"A",520,"D",.,"A",.,"A",.,"A",.,"A",.,"A",80,"D",.,"A",.,"A"
"20115",2292025,76,0,"1",.,"A",.,"A",.,"A",.,"A",.,"A",.,"A",91,"D",.,"A",.,"A",.,"A",.,"A",.,"A",70,"D",.,"A",.,"A"
"20115",2292055,58,0,"1",.,"A",.,"A",.,"A",.,"A",20,"D",.,"A",.,"A",.,"A",6,"D",.,"A",.,"A",.,"A",20,"D",.,"A",.,"A"
"20115",2292064,46,0,"1",.,"A",.,"A",.,"A",.,"A",.,"A",.,"A",845,"D",.,"A",.,"A",.,"A",.,"A",.,"A",.,"A",.,"A",.,"A"
"20115",2292085,73,0,"1",.,"A",.,"A",1,"D",.,"A",.,"A",.,"A",.,"A",.,"A",.,"A",.,"A",.,"A",.,"A",60,"D",.,"A",.,"A"
"20115",2292105,52,0,"1",.,"A",.,"A",.,"A",.,"A",.,"A",.,"A",650,"D",.,"A",.,"A",.,"A",.,"A",.,"A",.,"A",.,"A",.,"A"
"20115",2292125,54,0,"1",.,"A",.,"A",.,"A",.,"A",.,"A",.,"A",.,"A",.,"A",.,"A",.,"A",.,"A",.,"A",.,"A",.,"A",.,"A"
"20115",2292144,29,0,"1",.,"A",.,"A",.,"A",.,"A",60,"D",.,"A",.,"A",.,"A",.,"A",.,"A",.,"A",.,"A",30,"D",.,"A",.,"A"
"20115",2292185,40,0,"1",.,"A",.,"A",.,"A",.,"A",.,"A",.,"A",.,"A",.,"A",.,"A",.,"A",.,"A",.,"A",45,"D",.,"A",.,"A"
"20115",2292194,70,0,"1",.,"A",.,"A",.,"A",.,"A",.,"A",.,"A",.,"A",.,"A",.,"A",.,"A",.,"A",.,"A",.,"A",.,"A",.,"A"
"20115",2292205,60,0,"1",.,"A",.,"A",.,"A",.,"A",.,"A",25,"F",.,"A",.,"A",.,"A",.,"A",.,"A",.,"A",200,"D",.,"A",.,"A"
"20115",2292234,62,0,"1",.,"A",.,"A",.,"A",.,"A",.,"A",.,"A",325,"D",325,"D",.,"A",.,"A",.,"A",.,"A",125,"D",.,"A",.,"A"
"20115",2292244,40,0,"1",.,"A",.,"A",.,"A",.,"A",.,"A",.,"A",.,"A",.,"A",.,"A",.,"A",.,"A",.,"A",.,"A",.,"A",.,"A"
"20115",2292264,30,0,"1",.,"A",.,"A",.,"A",.,"A",.,"A",.,"A",.,"A",.,"A",.,"A",.,"A",.,"A",.,"A",.,"A",.,"A",.,"A"
"20115",2292294,25,0,"1",.,"A",.,"A",.,"A",.,"A",30,"D",.,"A",.,"A",.,"A",.,"A",306,"D",0,"D",0,"D",40,"D",102,"D",.,"A"
"20115",2292305,87,0,"1",.,"A",.,"A",28,"D",.,"A",.,"A",75,"D",.,"A",.,"A",.,"A",.,"A",.,"A",.,"A",450,"D",.,"A",.,"A"
"20115",2292324,54,0,"1",.,"A",.,"A",.,"A",.,"A",.,"A",.,"A",260,"D",.,"A",.,"A",.,"A",.,"A",.,"A",12,"D",.,"A",.,"A"
"20115",2292354,58,0,"1",.,"A",.,"A",.,"A",30,"D",.,"A",.,"A",.,"A",.,"A",.,"A",.,"A",.,"A",.,"A",200,"D",.,"A",.,"A"
"20115",2292365,42,0,"1",.,"A",.,"A",.,"A",.,"A",.,"A",.,"A",.,"A",.,"A",.,"A",.,"A",.,"A",.,"A",.,"A",.,"A",.,"A"
"20115",2292405,57,0,"1",.,"A",.,"A",.,"A",.,"A",.,"A",.,"A",.,"A",.,"A",.,"A",.,"A",.,"A",.,"A",.,"A",.,"A",.,"A"
"20115",2292414,36,0,"1",.,"A",.,"A",.,"A",.,"A",.,"A",.,"A",.,"A",.,"A",.,"A",.,"A",.,"A",.,"A",60,"D",.,"A",.,"A"
"20115",2292424,59,0,"1",.,"A",.,"A",.,"A",.,"A",.,"A",.,"A",.,"A",.,"A",.,"A",.,"A",.,"A",.,"A",145,"D",.,"A",.,"A"
"20115",2292464,41,0,"1",.,"A",.,"A",.,"A",60,"D",24,"D",23,"D",.,"A",.,"A",9,"D",.,"A",.,"A",.,"A",42,"D",.,"A",.,"A"
"20115",2292475,87,0,"1",.,"A",.,"A",.,"A",.,"A",.,"A",25,"D",.,"A",.,"A",.,"A",.,"A",.,"A",.,"A",350,"D",.,"A",.,"A"
"20115",2292505,63,0,"1",.,"A",.,"A",.,"A",.,"A",.,"A",.,"A",195,"D",.,"A",.,"A",.,"A",.,"A",.,"A",36,"D",.,"A",.,"A"
"20115",2292565,40,0,"1",8,"D",.,"A",.,"A",.,"A",38,"D",.,"A",.,"A",.,"A",.,"A",0,"D",0,"D",30,"D",36,"D",0,"D",.,"A"
"20115",2292574,73,0,"1",.,"A",.,"A",.,"A",.,"A",.,"A",.,"A",.,"A",.,"A",.,"A",.,"A",.,"A",.,"A",100,"D",.,"A",.,"A"
"20115",2292595,61,0,"1",.,"A",.,"A",.,"A",.,"A",.,"A",.,"A",.,"A",.,"A",.,"A",.,"A",.,"A",.,"A",50,"D",.,"A",.,"A"
"20115",2292645,56,0,"1",.,"A",.,"A",.,"A",.,"A",.,"A",.,"A",.,"A",.,"A",.,"A",0,"D",0,"D",150,"D",100,"D",0,"D",.,"A"
"20115",2292654,59,0,"1",50,"D",.,"A",.,"A",90,"D",250,"D",460,"D",.,"A",.,"A",.,"A",120,"D",0,"D",0,"D",942,"D",40,"D",.,"A"
"20115",2292674,28,0,"1",.,"A",.,"A",.,"A",.,"A",.,"A",.,"A",.,"A",.,"A",.,"A",.,"A",.,"A",.,"A",.,"A",.,"A",.,"A"
"20115",2292705,62,0,"1",.,"A",.,"A",.,"A",.,"A",.,"A",.,"A",.,"A",.,"A",.,"A",.,"A",.,"A",.,"A",270,"D",.,"A",.,"A"
"20115",2292715,97,0,"1",.,"A",.,"A",.,"A",.,"A",.,"A",20,"D",.,"A",.,"A",.,"A",.,"A",.,"A",.,"A",250,"D",.,"A",.,"A"
"20115",2292734,20,0,"1",.,"A",.,"A",.,"A",.,"A",.,"A",.,"A",.,"A",.,"A",.,"A",.,"A",.,"A",.,"A",30,"D",.,"A",.,"A"
"20115",2292775,36,0,"1",.,"A",.,"A",.,"A",.,"A",.,"A",.,"A",.,"A",13,"D",.,"A",.,"A",.,"A",.,"A",.,"A",.,"A",.,"A"
"20115",2292795,46,0,"1",.,"A",.,"A",.,"A",.,"A",.,"A",.,"A",.,"A",.,"A",.,"A",.,"A",.,"A",.,"A",210,"D",.,"A",.,"A"
"20115",2292805,103,0,"1",.,"A",.,"A",.,"A",.,"A",.,"A",150,"D",.,"A",.,"A",.,"A",.,"A",.,"A",.,"A",300,"D",.,"A",.,"A"
"20115",2292864,102,0,"1",.,"A",.,"A",.,"A",.,"A",.,"A",.,"A",.,"A",.,"A",.,"A",.,"A",.,"A",.,"A",110,"D",.,"A",.,"A"
"20115",2292875,78,0,"1",.,"A",.,"A",.,"A",.,"A",.,"A",.,"A",845,"D",.,"A",15,"D",.,"A",.,"A",.,"A",.,"A",.,"A",.,"A"
"20115",2292895,73,0,"1",.,"A",.,"A",.,"A",.,"A",.,"A",.,"A",.,"A",.,"A",.,"A",.,"A",.,"A",.,"A",60,"D",.,"A",.,"A"
"20115",2292945,46,0,"1",.,"A",.,"A",.,"A",.,"A",.,"A",.,"A",520,"D",.,"A",.,"A",.,"A",.,"A",.,"A",85,"D",.,"A",.,"A"
"20115",2292954,32,0,"1",.,"A",.,"A",.,"A",40,"D",.,"A",15,"D",.,"A",.,"A",.,"A",.,"A",.,"A",.,"A",.,"A",.,"A",.,"A"
"20115",2292964,74,0,"1",.,"A",.,"A",.,"A",.,"A",.,"A",.,"A",1170,"D",.,"A",.,"A",.,"A",.,"A",.,"A",80,"D",.,"A",.,"A"
"20115",2293034,57,0,"1",.,"A",.,"A",.,"A",.,"A",.,"A",.,"A",.,"A",.,"A",.,"A",.,"A",.,"A",.,"A",30,"D",.,"A",.,"A"
"20115",2293045,48,0,"1",.,"A",.,"A",.,"A",.,"A",.,"A",.,"A",.,"A",.,"A",.,"A",.,"A",.,"A",.,"A",25,"D",.,"A",.,"A"
"20115",2293084,50,0,"1",.,"A",.,"A",.,"A",.,"A",.,"A",70,"D",.,"A",.,"A",.,"A",.,"A",.,"A",.,"A",80,"D",.,"A",.,"A"
"20115",2293094,62,0,"1",.,"A",.,"A",.,"A",.,"A",.,"A",50,"D",1937,"D",.,"A",.,"A",.,"A",.,"A",.,"A",60,"D",.,"A",.,"A"
"20115",2293144,76,0,"1",.,"A",.,"A",.,"A",.,"A",.,"A",.,"A",.,"A",.,"A",18,"D",.,"A",.,"A",.,"A",115,"D",.,"A",.,"A"
"20115",2293154,93,0,"1",.,"A",.,"A",.,"A",.,"A",.,"A",.,"A",.,"A",.,"A",150,"D",.,"A",.,"A",.,"A",270,"D",.,"A",.,"A"
"20115",2293184,38,0,"1",45,"D",.,"A",.,"A",.,"A",195,"D",.,"A",.,"A",.,"A",.,"A",.,"A",.,"A",.,"A",.,"A",.,"A",.,"A"
"20115",2293205,57,0,"1",.,"A",.,"A",.,"A",.,"A",.,"A",100,"D",.,"A",.,"A",.,"A",.,"A",.,"A",.,"A",580,"D",.,"A",.,"A"
"20115",2293225,38,0,"1",.,"A",.,"A",.,"A",.,"A",.,"A",.,"A",1170,"D",.,"A",.,"A",.,"A",.,"A",.,"A",.,"A",.,"A",.,"A"
"20115",2293235,29,0,"1",.,"A",.,"A",.,"A",.,"A",120,"D",.,"A",.,"A",.,"A",.,"A",.,"A",.,"A",.,"A",.,"A",.,"A",.,"A"
"20115",2293254,69,0,"1",.,"A",.,"A",.,"A",180,"D",.,"A",70,"D",.,"A",.,"A",18,"D",.,"A",.,"A",.,"A",.,"A",.,"A",.,"A"
"20115",2293315,59,0,"1",.,"A",.,"A",.,"A",.,"A",.,"A",.,"A",.,"A",.,"A",.,"A",.,"A",.,"A",.,"A",45,"D",.,"A",.,"A"
"20115",2293334,61,0,"1",.,"A",.,"A",.,"A",.,"A",.,"A",90,"D",.,"A",.,"A",.,"A",.,"A",.,"A",.,"A",100,"D",.,"A",.,"A"
"20115",2293344,95,0,"1",.,"A",.,"A",40,"D",.,"A",.,"A",12,"D",.,"A",.,"A",.,"A",.,"A",.,"A",.,"A",183,"D",.,"A",.,"A"
"20115",2293394,38,0,"1",.,"A",.,"A",.,"A",.,"A",.,"A",.,"A",.,"A",.,"A",.,"A",.,"A",.,"A",.,"A",200,"D",.,"A",.,"A"
"20115",2293444,79,0,"1",.,"A",.,"A",.,"A",.,"A",.,"A",.,"A",.,"A",.,"A",.,"A",.,"A",.,"A",.,"A",160,"D",.,"A",.,"A"
"20115",2293464,66,0,"1",.,"A",.,"A",.,"A",.,"A",.,"A",150,"D",.,"A",.,"A",.,"A",.,"A",.,"A",.,"A",495,"D",.,"A",.,"A"
"20115",2293474,64,0,"1",.,"A",.,"A",.,"A",.,"A",.,"A",.,"A",.,"A",.,"A",21,"D",.,"A",.,"A",.,"A",120,"D",.,"A",.,"A"
"20115",2293505,44,0,"1",.,"A",.,"A",.,"A",.,"A",.,"A",.,"A",.,"A",.,"A",.,"A",.,"A",.,"A",.,"A",.,"A",.,"A",.,"A"
"20115",2293525,48,0,"1",.,"A",.,"A",.,"A",.,"A",.,"A",.,"A",260,"D",.,"A",.,"A",.,"A",.,"A",.,"A",40,"D",.,"A",.,"A"
"20115",2293544,32,0,"1",.,"A",.,"A",.,"A",.,"A",.,"A",.,"A",.,"A",.,"A",.,"A",.,"A",.,"A",.,"A",15,"D",.,"A",.,"A"
"20115",2293554,81,0,"1",.,"A",.,"A",40,"D",.,"A",.,"A",.,"A",78,"D",.,"A",.,"A",.,"A",.,"A",.,"A",.,"A",.,"A",.,"A"
"20115",2293574,26,0,"1",.,"A",.,"A",.,"A",.,"A",.,"A",.,"A",.,"A",.,"A",.,"A",.,"A",.,"A",.,"A",.,"A",.,"A",.,"A"
"20115",2293604,40,0,"1",.,"A",.,"A",.,"A",.,"A",.,"A",.,"A",.,"A",.,"A",.,"A",.,"A",.,"A",.,"A",.,"A",.,"A",.,"A"
"20115",2293614,43,0,"1",.,"A",.,"A",.,"A",.,"A",.,"A",.,"A",.,"A",.,"A",.,"A",.,"A",.,"A",.,"A",.,"A",.,"A",.,"A"
"20115",2293644,57,0,"1",.,"A",.,"A",.,"A",.,"A",.,"A",.,"A",1092,"D",.,"A",.,"A",.,"A",.,"A",.,"A",60,"D",.,"A",.,"A"
"20115",2293654,24,0,"1",.,"A",.,"A",.,"A",.,"A",.,"A",.,"A",.,"A",.,"A",.,"A",.,"A",.,"A",.,"A",.,"A",.,"A",.,"A"
"20115",2293695,26,0,"1",8,"D",.,"A",.,"A",.,"A",22,"D",.,"A",.,"A",.,"A",.,"A",450,"D",0,"D",174,"D",.,"A",150,"D",.,"A"
"20115",2293705,64,0,"1",20,"D",.,"A",.,"A",.,"A",56,"D",.,"A",.,"A",.,"A",120,"D",.,"A",.,"A",.,"A",14,"D",.,"A",.,"A"
"20115",2293724,46,0,"1",.,"A",.,"A",.,"A",.,"A",.,"A",.,"A",.,"A",.,"A",.,"A",.,"A",.,"A",.,"A",.,"A",.,"A",.,"A"
"20115",2293765,87,0,"1",.,"A",.,"A",.,"A",.,"A",.,"A",.,"A",.,"A",.,"A",.,"A",30,"D",15,"D",0,"D",60,"D",10,"D",.,"A"
"20115",2293785,70,0,"1",.,"A",.,"A",.,"A",.,"A",.,"A",.,"A",.,"A",.,"A",.,"A",.,"A",.,"A",.,"A",135,"D",.,"A",.,"A"
"20115",2293804,34,0,"1",.,"A",.,"A",.,"A",.,"A",.,"A",.,"A",.,"A",.,"A",.,"A",.,"A",.,"A",.,"A",80,"D",.,"A",.,"A"
"20115",2293835,82,0,"1",.,"A",.,"A",.,"A",.,"A",.,"A",240,"D",.,"A",.,"A",.,"A",600,"D",0,"D",0,"D",50,"D",200,"D",300,"D"
"20115",2293855,40,0,"1",.,"A",.,"A",.,"A",.,"A",.,"A",.,"A",.,"A",.,"A",.,"A",.,"A",.,"A",.,"A",.,"A",.,"A",.,"A"
"20115",2293875,71,0,"1",.,"A",.,"A",.,"A",.,"A",.,"A",.,"A",.,"A",.,"A",.,"A",.,"A",.,"A",.,"A",40,"D",.,"A",.,"A"
"20115",2293905,34,0,"1",.,"A",.,"A",.,"A",.,"A",.,"A",.,"A",.,"A",.,"A",.,"A",.,"A",.,"A",.,"A",.,"A",.,"A",.,"A"
"20115",2293924,79,0,"1",.,"A",.,"A",.,"A",.,"A",.,"A",110,"D",260,"D",.,"A",.,"A",.,"A",.,"A",.,"A",45,"D",.,"A",.,"A"
"20115",2293954,49,0,"1",.,"A",.,"A",.,"A",.,"A",.,"A",.,"A",1339,"D",.,"A",.,"A",.,"A",.,"A",.,"A",.,"A",.,"A",.,"A"
"20115",2294024,52,0,"1",.,"A",.,"A",.,"A",.,"A",.,"A",.,"A",.,"A",.,"A",.,"A",.,"A",.,"A",.,"A",.,"A",.,"A",.,"A"
"20115",2294035,65,0,"1",.,"A",.,"A",.,"A",.,"A",.,"A",.,"A",.,"A",.,"A",.,"A",.,"A",.,"A",.,"A",90,"D",.,"A",.,"A"
"20115",2294064,34,0,"1",.,"A",.,"A",.,"A",.,"A",180,"D",.,"A",260,"D",.,"A",.,"A",.,"A",.,"A",.,"A",.,"A",.,"A",.,"A"
"20115",2294084,58,0,"1",.,"A",.,"A",.,"A",.,"A",.,"A",.,"A",.,"A",.,"A",60,"D",.,"A",.,"A",.,"A",30,"D",.,"A",.,"A"
"20115",2294095,53,0,"1",.,"A",.,"A",.,"A",.,"A",90,"D",.,"A",.,"A",.,"A",.,"A",.,"A",.,"A",.,"A",10,"D",.,"A",.,"A"
"20115",2294105,80,0,"1",.,"A",.,"A",.,"A",.,"A",.,"A",.,"A",.,"A",.,"A",42,"D",.,"A",.,"A",.,"A",.,"A",.,"A",.,"A"
"20115",2294125,58,0,"1",.,"A",.,"A",.,"A",.,"A",.,"A",20,"F",325,"D",.,"A",.,"A",.,"A",.,"A",.,"A",125,"D",.,"A",.,"A"
"20115",2294164,65,0,"1",.,"A",.,"A",.,"A",.,"A",.,"A",80,"D",.,"A",.,"A",27,"D",.,"A",.,"A",.,"A",10,"D",.,"A",.,"A"
"20115",2294175,29,0,"1",.,"A",.,"A",.,"A",.,"A",.,"A",.,"A",.,"A",.,"A",.,"A",.,"A",.,"A",.,"A",.,"A",.,"A",.,"A"
"20115",2294194,52,0,"1",.,"A",.,"A",.,"A",.,"A",.,"A",.,"A",.,"A",.,"A",.,"A",.,"A",.,"A",.,"A",20,"D",.,"A",.,"A"
"20115",2294234,86,0,"1",.,"A",.,"A",.,"A",.,"A",.,"A",.,"A",.,"A",.,"A",.,"A",.,"A",.,"A",.,"A",70,"D",.,"A",.,"A"
"20115",2294285,58,0,"1",.,"A",.,"A",.,"A",.,"A",.,"A",.,"A",.,"A",.,"A",.,"A",.,"A",.,"A",.,"A",.,"A",.,"A",.,"A"
"20115",2294295,52,0,"1",7,"D",.,"A",.,"A",.,"A",19,"D",208,"D",.,"A",.,"A",.,"A",.,"A",.,"A",.,"A",90,"D",.,"A",.,"A"
"20115",2294324,49,0,"1",.,"A",.,"A",.,"A",.,"A",.,"A",.,"A",780,"D",.,"A",.,"A",.,"A",.,"A",.,"A",.,"A",.,"A",.,"A"
"20115",2294334,62,0,"1",.,"A",.,"A",.,"A",.,"A",.,"A",.,"A",.,"A",.,"A",.,"A",0,"D",0,"D",195,"D",.,"A",0,"D",.,"A"
"20115",2294344,38,0,"1",.,"A",.,"A",.,"A",.,"A",.,"A",.,"A",.,"A",.,"A",.,"A",.,"A",.,"A",.,"A",.,"A",.,"A",.,"A"
"20115",2294375,66,0,"1",.,"A",.,"A",.,"A",.,"A",.,"A",.,"A",.,"A",.,"A",.,"A",.,"A",.,"A",.,"A",50,"D",.,"A",.,"A"
"20115",2294415,56,0,"1",.,"A",.,"A",.,"A",.,"A",.,"A",.,"A",325,"D",.,"A",.,"A",0,"D",0,"D",18,"D",.,"A",0,"D",.,"A"
"20115",2294444,23,0,"1",.,"A",.,"A",.,"A",.,"A",.,"A",.,"A",.,"A",.,"A",.,"A",360,"D",0,"D",0,"D",.,"A",120,"D",.,"A"
"20115",2294455,29,0,"1",.,"A",.,"A",.,"A",.,"A",.,"A",.,"A",.,"A",.,"A",.,"A",.,"A",.,"A",.,"A",.,"A",.,"A",.,"A"
"20115",2294465,72,0,"1",.,"A",.,"A",.,"A",.,"A",.,"A",.,"A",.,"A",.,"A",.,"A",.,"A",.,"A",.,"A",50,"D",.,"A",.,"A"
"20115",2294475,70,0,"1",.,"A",.,"A",.,"A",.,"A",.,"A",.,"A",.,"A",.,"A",.,"A",.,"A",.,"A",.,"A",45,"D",.,"A",.,"A"
"20115",2294524,34,0,"1",.,"A",.,"A",.,"A",.,"A",70,"D",30,"D",.,"A",.,"A",48,"D",.,"A",.,"A",.,"A",160,"D",.,"A",.,"A"
"20115",2294565,31,0,"1",.,"A",.,"A",.,"A",.,"A",.,"A",.,"A",.,"A",.,"A",.,"A",.,"A",.,"A",.,"A",30,"D",.,"A",.,"A"
"20115",2294574,22,0,"1",.,"A",.,"A",.,"A",.,"A",.,"A",.,"A",.,"A",.,"A",.,"A",.,"A",.,"A",.,"A",.,"A",.,"A",.,"A"
"20115",2294594,44,0,"1",.,"A",.,"A",.,"A",.,"A",.,"A",.,"A",780,"D",.,"A",.,"A",.,"A",.,"A",.,"A",15,"D",.,"A",.,"A"
"20115",2294605,57,0,"1",.,"A",.,"A",.,"A",.,"A",.,"A",.,"A",.,"A",.,"A",.,"A",.,"A",.,"A",.,"A",250,"D",.,"A",.,"A"
"20115",2294614,24,0,"1",.,"A",.,"A",.,"A",.,"A",.,"A",.,"A",.,"A",.,"A",.,"A",.,"A",.,"A",.,"A",40,"D",.,"A",.,"A"
"20115",2294654,40,0,"1",.,"A",.,"A",.,"A",.,"A",.,"A",.,"A",325,"D",.,"A",900,"D",.,"A",.,"A",.,"A",.,"A",.,"A",.,"A"
"20115",2294665,67,0,"1",.,"A",.,"A",.,"A",.,"A",.,"A",.,"A",.,"A",91,"D",.,"A",.,"A",.,"A",.,"A",35,"D",.,"A",.,"A"
"20115",2294675,43,0,"1",.,"A",.,"A",.,"A",.,"A",.,"A",.,"A",390,"D",.,"A",.,"A",.,"A",.,"A",.,"A",150,"D",.,"A",.,"A"
"20115",2294785,30,0,"1",.,"A",.,"A",.,"A",30,"D",30,"D",.,"A",.,"A",.,"A",.,"A",.,"A",.,"A",.,"A",.,"A",.,"A",.,"A"
"20115",2294805,63,0,"1",.,"A",.,"A",.,"A",.,"A",.,"A",.,"A",.,"A",.,"A",.,"A",.,"A",.,"A",.,"A",20,"D",.,"A",.,"A"
"20115",2294815,63,0,"1",.,"A",.,"A",.,"A",.,"A",.,"A",.,"A",.,"A",.,"A",6,"D",.,"A",.,"A",.,"A",25,"D",.,"A",.,"A"
"20115",2294834,73,0,"1",.,"A",.,"A",.,"A",.,"A",.,"A",.,"A",.,"A",260,"D",.,"A",.,"A",.,"A",.,"A",125,"D",.,"A",.,"A"
"20115",2294855,44,0,"1",.,"A",.,"A",.,"A",.,"A",.,"A",.,"A",.,"A",.,"A",.,"A",.,"A",.,"A",.,"A",.,"A",.,"A",.,"A"
"20115",2294885,57,0,"1",.,"A",.,"A",.,"A",.,"A",.,"A",.,"A",.,"A",.,"A",.,"A",.,"A",.,"A",.,"A",30,"D",.,"A",.,"A"
"20115",2294904,52,0,"1",.,"A",.,"A",.,"A",.,"A",.,"A",.,"A",.,"A",.,"A",.,"A",.,"A",.,"A",.,"A",.,"A",.,"A",.,"A"
"20115",2294924,70,0,"1",.,"A",.,"A",.,"A",.,"A",.,"A",.,"A",.,"A",.,"A",.,"A",.,"A",.,"A",.,"A",70,"D",.,"A",.,"A"
"20115",2294975,65,0,"1",.,"A",.,"A",.,"A",.,"A",.,"A",.,"A",.,"A",.,"A",.,"A",.,"A",.,"A",.,"A",90,"D",.,"A",.,"A"
"20115",2294995,37,0,"1",.,"A",.,"A",.,"A",.,"A",.,"A",.,"A",.,"A",.,"A",.,"A",66,"D",6,"D",6,"D",185,"D",22,"D",.,"A"
"20115",2295015,62,0,"1",.,"A",.,"A",.,"A",.,"A",.,"A",.,"A",.,"A",.,"A",.,"A",.,"A",.,"A",.,"A",25,"D",.,"A",.,"A"
"20115",2295035,40,0,"1",.,"A",.,"A",.,"A",.,"A",.,"A",.,"A",.,"A",.,"A",.,"A",.,"A",.,"A",.,"A",150,"D",.,"A",.,"A"
"20115",2295044,75,0,"1",.,"A",.,"A",.,"A",.,"A",4,"D",.,"A",.,"A",.,"A",.,"A",453,"D",0,"D",0,"D",300,"D",151,"D",.,"A"
"20115",2295054,55,0,"1",.,"A",.,"A",.,"A",.,"A",.,"A",.,"A",520,"D",.,"A",.,"A",.,"A",.,"A",.,"A",.,"A",.,"A",.,"A"
"20115",2295065,57,0,"1",.,"A",.,"A",.,"A",600,"D",.,"A",.,"A",.,"A",.,"A",.,"A",.,"A",.,"A",.,"A",.,"A",.,"A",.,"A"
"20115",2295084,38,0,"1",.,"A",.,"A",.,"A",.,"A",.,"A",.,"A",.,"A",.,"A",.,"A",.,"A",.,"A",.,"A",210,"D",.,"A",.,"A"
"20115",2295095,41,0,"1",.,"A",.,"A",.,"A",.,"A",40,"D",.,"A",.,"A",.,"A",.,"A",.,"A",.,"A",.,"A",60,"D",.,"A",.,"A"
"20115",2295114,51,0,"1",.,"A",.,"A",.,"A",.,"A",.,"A",.,"A",.,"A",.,"A",.,"A",.,"A",.,"A",.,"A",80,"D",.,"A",.,"A"
"20115",2295215,47,0,"1",.,"A",.,"A",.,"A",.,"A",.,"A",.,"A",.,"A",.,"A",.,"A",.,"A",.,"A",.,"A",.,"A",.,"A",.,"A"
"20115",2295224,65,0,"1",.,"A",.,"A",.,"A",.,"A",.,"A",.,"A",.,"A",.,"A",.,"A",.,"A",.,"A",.,"A",.,"A",.,"A",.,"A"
"20115",2295235,48,0,"1",.,"A",.,"A",.,"A",.,"A",.,"A",.,"A",.,"A",.,"A",.,"A",.,"A",.,"A",.,"A",135,"D",.,"A",.,"A"
"20115",2295295,65,0,"1",.,"A",.,"A",.,"A",.,"A",.,"A",.,"A",.,"A",.,"A",.,"A",.,"A",.,"A",.,"A",60,"D",.,"A",.,"A"
"20115",2295314,58,0,"1",.,"A",.,"A",.,"A",.,"A",.,"A",.,"A",.,"A",.,"A",.,"A",.,"A",.,"A",.,"A",50,"D",.,"A",.,"A"
"20115",2295325,51,0,"1",.,"A",.,"A",.,"A",.,"A",.,"A",.,"A",.,"A",.,"A",.,"A",.,"A",.,"A",.,"A",150,"D",.,"A",.,"A"
"20115",2295345,32,0,"1",.,"A",.,"A",.,"A",.,"A",.,"A",.,"A",.,"A",.,"A",.,"A",.,"A",.,"A",.,"A",75,"D",.,"A",.,"A"
"20115",2295354,40,0,"1",.,"A",.,"A",.,"A",.,"A",.,"A",.,"A",.,"A",.,"A",36,"D",.,"A",.,"A",.,"A",.,"A",.,"A",.,"A"
"20115",2295365,68,0,"1",.,"A",.,"A",.,"A",.,"A",.,"A",12,"D",.,"A",.,"A",.,"A",.,"A",.,"A",.,"A",150,"D",.,"A",.,"A"
"20115",2295374,25,0,"1",.,"A",.,"A",.,"A",.,"A",.,"A",.,"A",.,"A",.,"A",.,"A",.,"A",.,"A",.,"A",.,"A",.,"A",.,"A"
"20115",2295395,65,0,"1",5,"D",.,"A",.,"A",.,"A",0,"D",.,"A",.,"A",.,"A",.,"A",.,"A",.,"A",.,"A",.,"A",.,"A",.,"A"
"20115",2295404,23,0,"1",.,"A",.,"A",.,"A",.,"A",.,"A",.,"A",.,"A",.,"A",.,"A",.,"A",.,"A",.,"A",.,"A",.,"A",.,"A"
"20115",2295465,99,0,"1",.,"A",.,"A",.,"A",.,"A",.,"A",.,"A",.,"A",.,"A",.,"A",.,"A",.,"A",.,"A",80,"D",.,"A",.,"A"
"20115",2295475,60,0,"1",.,"A",.,"A",.,"A",.,"A",.,"A",.,"A",.,"A",.,"A",.,"A",.,"A",.,"A",.,"A",100,"D",.,"A",.,"A"
"20115",2295514,59,0,"1",.,"A",.,"A",.,"A",.,"A",.,"A",.,"A",910,"D",.,"A",60,"D",.,"A",.,"A",.,"A",200,"D",.,"A",.,"A"
"20115",2295524,35,0,"1",.,"A",.,"A",.,"A",.,"A",.,"A",.,"A",.,"A",.,"A",.,"A",180,"D",0,"D",0,"D",.,"A",60,"D",.,"A"
"20115",2295535,36,0,"1",.,"A",.,"A",.,"A",.,"A",120,"D",.,"A",.,"A",.,"A",.,"A",.,"A",.,"A",.,"A",.,"A",.,"A",.,"A"
"20115",2295565,65,0,"1",.,"A",.,"A",.,"A",.,"A",.,"A",40,"D",.,"A",.,"A",.,"A",.,"A",.,"A",.,"A",250,"D",.,"A",.,"A"
"20115",2295624,50,0,"1",.,"A",.,"A",.,"A",.,"A",3,"D",.,"A",403,"D",.,"A",.,"A",.,"A",.,"A",.,"A",.,"A",.,"A",.,"A"
"20115",2295634,75,0,"1",.,"A",.,"A",.,"A",.,"A",.,"A",160,"D",.,"A",.,"A",.,"A",.,"A",.,"A",.,"A",300,"D",.,"A",.,"A"
"20115",2295684,38,0,"1",.,"A",.,"A",.,"A",.,"A",108,"D",.,"A",.,"A",.,"A",.,"A",.,"A",.,"A",.,"A",120,"D",.,"A",.,"A"
"20115",2295694,47,0,"1",.,"A",.,"A",.,"A",.,"A",.,"A",.,"A",.,"A",.,"A",.,"A",.,"A",.,"A",.,"A",.,"A",.,"A",.,"A"
"20115",2295704,88,0,"1",.,"A",.,"A",.,"A",.,"A",.,"A",.,"A",.,"A",.,"A",.,"A",.,"A",.,"A",.,"A",85,"D",.,"A",.,"A"
"20115",2295714,89,0,"1",.,"A",.,"A",.,"A",.,"A",.,"A",.,"A",1001,"D",.,"A",.,"A",.,"A",.,"A",.,"A",75,"D",.,"A",.,"A"
"20115",2295744,59,0,"1",.,"A",.,"A",.,"A",.,"A",.,"A",26,"D",.,"A",.,"A",.,"A",.,"A",.,"A",.,"A",25,"D",.,"A",.,"A"
"20115",2295785,66,0,"1",.,"A",.,"A",.,"A",.,"A",.,"A",.,"A",455,"D",.,"A",.,"A",270,"D",0,"D",0,"D",141,"D",90,"D",.,"A"
"20115",2295794,36,0,"1",.,"A",.,"A",.,"A",.,"A",.,"A",.,"A",.,"A",.,"A",.,"A",.,"A",.,"A",.,"A",50,"D",.,"A",.,"A"
"20115",2295865,38,0,"1",.,"A",.,"A",.,"A",.,"A",.,"A",.,"A",390,"D",.,"A",.,"A",.,"A",.,"A",.,"A",.,"A",.,"A",.,"A"
"20115",2295885,26,0,"1",.,"A",.,"A",.,"A",.,"A",40,"D",.,"A",.,"A",.,"A",.,"A",279,"D",0,"D",0,"D",40,"D",93,"D",.,"A"
"20115",2295954,42,0,"1",.,"A",.,"A",.,"A",.,"A",180,"D",.,"A",.,"A",.,"A",.,"A",.,"A",.,"A",.,"A",250,"D",.,"A",.,"A"
"20115",2295985,41,0,"1",.,"A",.,"A",.,"A",.,"A",.,"A",.,"A",.,"A",.,"A",.,"A",.,"A",.,"A",.,"A",.,"A",.,"A",.,"A"
"20115",2295995,48,0,"1",.,"A",.,"A",.,"A",.,"A",.,"A",.,"A",.,"A",.,"A",.,"A",.,"A",.,"A",.,"A",65,"D",.,"A",.,"A"
"20115",2296104,69,0,"1",.,"A",.,"A",.,"A",.,"A",.,"A",.,"A",.,"A",.,"A",.,"A",300,"D",0,"D",0,"D",.,"A",100,"D",.,"A"
"20115",2296215,80,0,"1",.,"A",.,"A",.,"A",.,"A",.,"A",.,"A",.,"A",.,"A",.,"A",.,"A",.,"A",.,"A",40,"D",.,"A",.,"A"
"20115",2296245,47,0,"1",.,"A",.,"A",.,"A",200,"D",.,"A",.,"A",.,"A",.,"A",.,"A",.,"A",.,"A",.,"A",.,"A",.,"A",.,"A"
"20115",2296255,42,0,"1",.,"A",.,"A",.,"A",.,"A",.,"A",.,"A",.,"A",.,"A",.,"A",.,"A",.,"A",.,"A",60,"D",.,"A",.,"A"
"20115",2296304,43,0,"1",.,"A",.,"A",.,"A",.,"A",.,"A",.,"A",390,"D",.,"A",.,"A",.,"A",.,"A",.,"A",.,"A",.,"A",.,"A"
"20115",2296355,46,0,"1",.,"A",.,"A",.,"A",.,"A",.,"A",.,"A",.,"A",.,"A",.,"A",.,"A",.,"A",.,"A",.,"A",.,"A",.,"A"
"20115",2296394,47,0,"1",.,"A",.,"A",.,"A",.,"A",.,"A",.,"A",910,"D",.,"A",.,"A",.,"A",.,"A",.,"A",60,"D",.,"A",.,"A"
"20115",2296404,40,0,"1",.,"A",.,"A",.,"A",.,"A",.,"A",.,"A",.,"A",.,"A",.,"A",.,"A",.,"A",.,"A",.,"A",.,"A",.,"A"
"20115",2296454,25,0,"1",.,"A",.,"A",.,"A",.,"A",3,"D",.,"A",.,"A",.,"A",.,"A",.,"A",.,"A",.,"A",.,"A",.,"A",.,"A"
"20115",2296464,68,0,"1",.,"A",.,"A",.,"A",.,"A",.,"A",.,"A",.,"A",.,"A",.,"A",.,"A",.,"A",.,"A",120,"D",.,"A",.,"A"
"20115",2296474,74,0,"1",.,"A",.,"A",.,"A",.,"A",.,"A",.,"A",.,"A",.,"A",12,"D",.,"A",.,"A",.,"A",40,"D",.,"A",.,"A"
"20115",2296484,53,0,"1",.,"A",.,"A",.,"A",.,"A",.,"A",20,"D",.,"A",.,"A",.,"A",195,"D",6,"D",60,"D",170,"D",65,"D",.,"A"
"20115",2296495,51,0,"1",.,"A",.,"A",.,"A",30,"D",40,"D",75,"D",.,"A",.,"A",.,"A",540,"D",0,"D",0,"D",300,"D",180,"D",.,"A"
"20115",2296505,60,0,"1",.,"A",.,"A",.,"A",.,"A",.,"A",.,"A",.,"A",.,"A",.,"A",.,"A",.,"A",.,"A",28,"D",.,"A",.,"A"
"20115",2296525,26,0,"1",.,"A",.,"A",.,"A",.,"A",.,"A",.,"A",.,"A",.,"A",.,"A",.,"A",.,"A",.,"A",.,"A",.,"A",.,"A"
"20115",2296554,47,0,"1",.,"A",.,"A",.,"A",.,"A",.,"A",.,"A",.,"A",.,"A",.,"A",.,"A",.,"A",.,"A",.,"A",.,"A",.,"A"
"20115",2296565,40,0,"1",.,"A",.,"A",.,"A",.,"A",.,"A",.,"A",.,"A",.,"A",.,"A",.,"A",.,"A",.,"A",20,"D",.,"A",.,"A"
"20115",2296575,28,0,"1",.,"A",.,"A",.,"A",.,"A",.,"A",.,"A",.,"A",.,"A",.,"A",.,"A",.,"A",.,"A",.,"A",.,"A",.,"A"
"20115",2296584,57,0,"1",.,"A",.,"A",.,"A",.,"A",30,"D",.,"A",.,"A",.,"A",.,"A",.,"A",.,"A",.,"A",.,"A",.,"A",.,"A"
"20115",2296615,52,0,"1",.,"A",.,"A",.,"A",.,"A",.,"A",.,"A",.,"A",.,"A",.,"A",.,"A",.,"A",.,"A",10,"D",.,"A",.,"A"
"20115",2296685,68,0,"1",.,"A",.,"A",.,"A",.,"A",90,"D",.,"A",.,"A",.,"A",.,"A",.,"A",.,"A",.,"A",36,"D",.,"A",.,"A"
"20115",2296705,57,0,"1",.,"A",.,"A",.,"A",.,"A",.,"A",.,"A",520,"D",.,"A",.,"A",.,"A",.,"A",.,"A",.,"A",.,"A",.,"A"
"20115",2296735,29,0,"1",.,"A",.,"A",.,"A",.,"A",.,"A",.,"A",195,"D",.,"A",.,"A",.,"A",.,"A",.,"A",.,"A",.,"A",.,"A"
"20115",2296744,33,0,"1",3,"D",.,"A",.,"A",.,"A",9,"D",.,"A",.,"A",.,"A",.,"A",.,"A",.,"A",.,"A",90,"D",.,"A",.,"A"
"20115",2296774,45,0,"1",.,"A",.,"A",.,"A",.,"A",.,"A",.,"A",.,"A",.,"A",.,"A",.,"A",.,"A",.,"A",20,"D",.,"A",.,"A"
"20115",2296785,53,0,"1",.,"A",.,"A",.,"A",.,"A",.,"A",35,"D",.,"A",.,"A",.,"A",.,"A",.,"A",.,"A",.,"A",.,"A",.,"A"
"20115",2296795,32,0,"1",60,"D",.,"A",.,"A",30,"D",180,"D",.,"A",.,"A",.,"A",.,"A",360,"D",0,"D",0,"D",180,"D",120,"D",.,"A"
"20115",2296805,73,0,"1",.,"A",.,"A",.,"A",.,"A",.,"A",.,"A",.,"A",.,"A",.,"A",.,"A",.,"A",.,"A",76,"D",.,"A",.,"A"
"20115",2296825,87,0,"1",.,"A",.,"A",.,"A",.,"A",.,"A",30,"D",.,"A",.,"A",.,"A",.,"A",.,"A",.,"A",100,"D",.,"A",.,"A"
"20115",2296835,92,0,"1",.,"A",.,"A",.,"A",.,"A",.,"A",.,"A",130,"D",.,"A",.,"A",.,"A",.,"A",.,"A",100,"D",.,"A",.,"A"
"20115",2296895,49,0,"1",.,"A",.,"A",.,"A",.,"A",.,"A",.,"A",130,"D",.,"A",.,"A",.,"A",.,"A",.,"A",.,"A",.,"A",.,"A"
"20115",2296935,41,0,"1",.,"A",.,"A",.,"A",.,"A",.,"A",.,"A",.,"A",.,"A",.,"A",.,"A",.,"A",.,"A",175,"D",.,"A",.,"A"
"20115",2296944,66,0,"1",.,"A",.,"A",.,"A",.,"A",.,"A",.,"A",.,"A",.,"A",.,"A",.,"A",.,"A",.,"A",150,"D",.,"A",.,"A"
"20115",2296954,58,0,"1",.,"A",.,"A",.,"A",.,"A",.,"A",38,"D",.,"A",.,"A",.,"A",.,"A",.,"A",.,"A",.,"A",.,"A",.,"A"
"20115",2296964,54,0,"1",.,"A",.,"A",.,"A",.,"A",.,"A",.,"A",.,"A",.,"A",.,"A",.,"A",.,"A",.,"A",.,"A",.,"A",.,"A"
"20115",2296995,57,0,"1",.,"A",.,"A",.,"A",.,"A",.,"A",.,"A",.,"A",.,"A",.,"A",.,"A",.,"A",.,"A",60,"D",.,"A",.,"A"
"20115",2297025,23,0,"1",.,"A",.,"A",.,"A",.,"A",.,"A",.,"A",.,"A",.,"A",.,"A",.,"A",.,"A",.,"A",.,"A",.,"A",.,"A"
"20115",2297035,40,0,"1",.,"A",.,"A",.,"A",.,"A",.,"A",.,"A",.,"A",.,"A",.,"A",.,"A",.,"A",.,"A",100,"D",.,"A",.,"A"
"20115",2297044,46,0,"1",.,"A",.,"A",.,"A",.,"A",.,"A",.,"A",.,"A",.,"A",.,"A",465,"D",0,"D",0,"D",100,"D",155,"D",.,"A"
"20115",2297115,43,0,"1",2,"D",.,"A",.,"A",40,"D",48,"D",.,"A",.,"A",26,"D",18,"D",0,"D",0,"D",99,"D",8,"D",0,"D",.,"A"
"20115",2297125,69,0,"1",.,"A",.,"A",.,"A",.,"A",.,"A",.,"A",650,"D",.,"A",.,"A",.,"A",.,"A",.,"A",.,"A",.,"A",.,"A"
"20115",2297155,36,0,"1",.,"A",.,"A",.,"A",.,"A",.,"A",.,"A",.,"A",.,"A",.,"A",.,"A",.,"A",.,"A",.,"A",.,"A",.,"A"
"20115",2297185,52,0,"1",.,"A",.,"A",.,"A",.,"A",.,"A",.,"A",910,"D",.,"A",.,"A",.,"A",.,"A",.,"A",.,"A",.,"A",.,"A"
"20115",2297195,41,0,"1",.,"A",.,"A",.,"A",.,"A",.,"A",.,"A",.,"A",.,"A",.,"A",.,"A",.,"A",.,"A",0,"D",.,"A",.,"A"
"20115",2297214,60,0,"1",.,"A",.,"A",.,"A",.,"A",.,"A",.,"A",.,"A",.,"A",.,"A",.,"A",.,"A",.,"A",240,"D",.,"A",.,"A"
"20115",2297294,38,0,"1",.,"A",.,"A",.,"A",.,"A",.,"A",.,"A",.,"A",.,"A",.,"A",.,"A",.,"A",.,"A",100,"D",.,"A",.,"A"
"20115",2297335,33,0,"1",.,"A",.,"A",.,"A",120,"D",10,"D",.,"A",650,"D",.,"A",.,"A",.,"A",.,"A",.,"A",60,"D",.,"A",.,"A"
"20115",2297364,62,0,"1",.,"A",.,"A",.,"A",.,"A",.,"A",30,"D",.,"A",.,"A",.,"A",.,"A",.,"A",.,"A",200,"D",.,"A",.,"A"
"20115",2297375,71,0,"1",.,"A",.,"A",.,"A",.,"A",.,"A",.,"A",780,"D",.,"A",.,"A",.,"A",.,"A",.,"A",24,"D",.,"A",.,"A"
"20115",2297394,22,0,"1",.,"A",.,"A",.,"A",.,"A",48,"D",.,"A",78,"D",.,"A",.,"A",.,"A",.,"A",.,"A",.,"A",.,"A",.,"A"
"20115",2297404,66,0,"1",.,"A",.,"A",.,"A",.,"A",.,"A",.,"A",.,"A",.,"A",.,"A",.,"A",.,"A",.,"A",231,"D",.,"A",.,"A"
"20115",2297424,44,0,"1",.,"A",.,"A",.,"A",.,"A",.,"A",.,"A",.,"A",.,"A",.,"A",.,"A",.,"A",.,"A",15,"D",.,"A",.,"A"
"20115",2297465,47,0,"1",.,"A",.,"A",.,"A",.,"A",.,"A",.,"A",117,"D",.,"A",.,"A",.,"A",.,"A",.,"A",.,"A",.,"A",.,"A"
"20115",2297475,66,0,"1",.,"A",.,"A",.,"A",.,"A",.,"A",.,"A",260,"D",.,"A",.,"A",.,"A",.,"A",.,"A",227,"D",.,"A",.,"A"
"20115",2297484,35,0,"1",.,"A",.,"A",.,"A",.,"A",.,"A",.,"A",.,"A",.,"A",.,"A",.,"A",.,"A",.,"A",96,"D",.,"A",.,"A"
"20115",2297514,80,0,"1",.,"A",.,"A",.,"A",.,"A",.,"A",.,"A",.,"A",.,"A",.,"A",.,"A",.,"A",.,"A",139,"D",.,"A",.,"A"
"20115",2297524,30,0,"1",.,"A",.,"A",.,"A",.,"A",.,"A",.,"A",.,"A",.,"A",.,"A",.,"A",.,"A",.,"A",15,"D",.,"A",.,"A"
"20115",2297535,88,0,"1",.,"A",.,"A",.,"A",.,"A",.,"A",150,"D",.,"A",.,"A",60,"D",.,"A",.,"A",.,"A",200,"D",.,"A",.,"A"
"20115",2297545,38,0,"1",.,"A",.,"A",.,"A",.,"A",.,"A",34,"D",.,"A",.,"A",.,"A",.,"A",.,"A",.,"A",.,"A",.,"A",.,"A"
"20115",2297554,51,0,"1",.,"A",.,"A",45,"D",.,"A",.,"A",.,"A",.,"A",208,"D",.,"A",.,"A",.,"A",.,"A",.,"A",.,"A",.,"A"
"20115",2297565,59,0,"1",.,"A",.,"A",.,"A",.,"A",.,"A",.,"A",.,"A",.,"A",.,"A",.,"A",.,"A",.,"A",50,"D",.,"A",.,"A"
"20115",2297604,35,0,"1",.,"A",.,"A",.,"A",.,"A",.,"A",.,"A",.,"A",.,"A",.,"A",.,"A",.,"A",.,"A",.,"A",.,"A",.,"A"
"20115",2297695,71,0,"1",5,"D",.,"A",.,"A",.,"A",5,"D",.,"A",.,"A",520,"D",6,"D",.,"A",.,"A",.,"A",100,"D",.,"A",.,"A"
"20115",2297705,44,0,"1",.,"A",.,"A",.,"A",.,"A",.,"A",.,"A",.,"A",.,"A",.,"A",.,"A",.,"A",.,"A",20,"D",.,"A",.,"A"
"20115",2297714,48,0,"1",.,"A",.,"A",.,"A",.,"A",.,"A",.,"A",1040,"D",.,"A",12,"D",.,"A",.,"A",.,"A",.,"A",.,"A",.,"A"
"20115",2297734,30,0,"1",.,"A",.,"A",.,"A",.,"A",.,"A",.,"A",.,"A",.,"A",.,"A",.,"A",.,"A",.,"A",10,"D",.,"A",.,"A"
"20115",2297744,34,0,"1",.,"A",.,"A",.,"A",.,"A",.,"A",20,"D",.,"A",.,"A",.,"A",150,"D",0,"D",0,"D",70,"D",50,"D",.,"A"
"20115",2297795,77,0,"1",.,"A",.,"A",.,"A",.,"A",.,"A",.,"A",.,"A",.,"A",.,"A",.,"A",.,"A",.,"A",91,"D",.,"A",.,"A"
"20115",2297814,50,0,"1",.,"A",.,"A",.,"A",.,"A",.,"A",.,"A",.,"A",.,"A",.,"A",.,"A",.,"A",.,"A",.,"A",.,"A",.,"A"
"20115",2297844,71,0,"1",.,"A",.,"A",.,"A",.,"A",.,"A",120,"D",.,"A",.,"A",.,"A",.,"A",.,"A",.,"A",150,"D",.,"A",.,"A"
"20115",2297865,52,0,"1",.,"A",.,"A",.,"A",.,"A",.,"A",.,"A",.,"A",.,"A",.,"A",.,"A",.,"A",.,"A",28,"D",.,"A",.,"A"
"20115",2297874,26,0,"1",.,"A",.,"A",.,"A",.,"A",.,"A",.,"A",.,"A",.,"A",.,"A",.,"A",.,"A",.,"A",.,"A",.,"A",.,"A"
"20115",2297885,57,0,"1",.,"A",.,"A",.,"A",.,"A",.,"A",.,"A",.,"A",.,"A",.,"A",.,"A",.,"A",.,"A",.,"A",.,"A",.,"A"
"20115",2297895,41,0,"1",.,"A",.,"A",.,"A",.,"A",.,"A",.,"A",260,"D",.,"A",.,"A",.,"A",.,"A",.,"A",0,"D",.,"A",.,"A"
"20115",2297914,69,0,"1",45,"D",.,"A",.,"A",.,"A",45,"D",.,"A",.,"A",.,"A",.,"A",.,"A",.,"A",.,"A",.,"A",.,"A",.,"A"
"20115",2297924,39,0,"1",.,"A",.,"A",.,"A",.,"A",.,"A",.,"A",.,"A",.,"A",.,"A",.,"A",.,"A",.,"A",.,"A",.,"A",.,"A"
"20115",2297944,58,0,"1",.,"A",.,"A",.,"A",.,"A",.,"A",150,"D",.,"A",.,"A",30,"D",.,"A",.,"A",.,"A",210,"D",.,"A",.,"A"
"20115",2297975,58,0,"1",.,"A",.,"A",.,"A",.,"A",.,"A",8,"D",.,"A",.,"A",.,"A",.,"A",.,"A",.,"A",.,"A",.,"A",.,"A"
"20115",2297995,51,0,"1",.,"A",.,"A",.,"A",.,"A",.,"A",.,"A",.,"A",.,"A",.,"A",.,"A",.,"A",.,"A",60,"D",.,"A",.,"A"
"20115",2298004,46,0,"1",.,"A",.,"A",.,"A",.,"A",.,"A",.,"A",975,"D",.,"A",.,"A",.,"A",.,"A",.,"A",15,"D",.,"A",.,"A"
"20115",2298024,52,0,"1",.,"A",.,"A",.,"A",.,"A",.,"A",.,"A",.,"A",.,"A",.,"A",.,"A",.,"A",.,"A",150,"D",.,"A",.,"A"
"20115",2298044,42,0,"1",.,"A",.,"A",.,"A",.,"A",.,"A",.,"A",.,"A",.,"A",.,"A",.,"A",.,"A",.,"A",30,"D",.,"A",.,"A"
"20115",2298055,37,0,"1",.,"A",.,"A",.,"A",.,"A",.,"A",.,"A",.,"A",.,"A",.,"A",.,"A",.,"A",.,"A",.,"A",.,"A",.,"A"
"20115",2298115,32,0,"1",.,"A",.,"A",.,"A",.,"A",.,"A",.,"A",260,"D",.,"A",.,"A",.,"A",.,"A",.,"A",100,"D",.,"A",.,"A"
"20115",2298135,82,0,"1",.,"A",.,"A",.,"A",.,"A",125,"D",.,"A",195,"D",.,"A",.,"A",.,"A",.,"A",.,"A",.,"A",.,"A",.,"A"
"20115",2298144,62,0,"1",.,"A",.,"A",.,"A",.,"A",.,"A",.,"A",.,"A",.,"A",.,"A",.,"A",.,"A",.,"A",85,"D",.,"A",.,"A"
"20115",2298175,92,0,"1",.,"A",10,"D",.,"A",.,"A",.,"A",50,"D",.,"A",.,"A",.,"A",.,"A",.,"A",.,"A",100,"D",.,"A",.,"A"
"20115",2298185,70,0,"1",.,"A",.,"A",.,"A",.,"A",.,"A",.,"A",.,"A",.,"A",75,"D",.,"A",.,"A",.,"A",240,"D",.,"A",.,"A"
"20115",2298194,35,0,"1",.,"A",.,"A",.,"A",.,"A",.,"A",.,"A",.,"A",.,"A",.,"A",.,"A",.,"A",.,"A",.,"A",.,"A",.,"A"
"20115",2298215,30,0,"1",.,"A",.,"A",.,"A",.,"A",240,"D",.,"A",104,"F",.,"A",.,"A",.,"A",.,"A",.,"A",.,"A",.,"A",.,"A"
"20115",2298224,44,0,"1",.,"A",.,"A",.,"A",.,"A",.,"A",.,"A",.,"A",.,"A",.,"A",.,"A",.,"A",.,"A",270,"D",.,"A",.,"A"
"20115",2298234,49,0,"1",.,"A",.,"A",.,"A",.,"A",.,"A",.,"A",.,"A",.,"A",.,"A",.,"A",.,"A",.,"A",8,"D",.,"A",.,"A"
"20115",2298244,41,0,"1",.,"A",.,"A",.,"A",.,"A",120,"D",.,"A",.,"A",.,"A",.,"A",.,"A",.,"A",.,"A",.,"A",.,"A",.,"A"
"20115",2298255,44,0,"1",.,"A",.,"A",.,"A",.,"A",.,"A",.,"A",.,"A",390,"D",.,"A",.,"A",.,"A",.,"A",.,"A",.,"A",.,"A"
"20115",2298264,43,0,"1",.,"A",.,"A",.,"A",.,"A",.,"A",.,"A",598,"D",.,"A",.,"A",.,"A",.,"A",.,"A",.,"A",.,"A",.,"A"
"20115",2298315,38,0,"1",.,"A",.,"A",.,"A",.,"A",.,"A",.,"A",.,"A",.,"A",.,"A",.,"A",.,"A",.,"A",10,"D",.,"A",.,"A"
"20115",2298325,41,0,"1",.,"A",.,"A",.,"A",.,"A",.,"A",.,"A",.,"A",.,"A",.,"A",.,"A",.,"A",.,"A",75,"D",.,"A",.,"A"
"20115",2298355,37,0,"1",.,"A",.,"A",.,"A",.,"A",.,"A",.,"A",364,"D",.,"A",.,"A",12,"D",0,"D",48,"D",.,"A",4,"D",.,"A"
"20115",2298375,40,0,"1",.,"A",.,"A",.,"A",.,"A",.,"A",.,"A",.,"A",.,"A",15,"D",.,"A",.,"A",.,"A",.,"A",.,"A",.,"A"
"20115",2298395,66,0,"1",.,"A",.,"A",.,"A",.,"A",.,"A",.,"A",.,"A",.,"A",15,"D",.,"A",.,"A",.,"A",.,"A",.,"A",.,"A"
"20115",2298435,70,0,"1",.,"A",.,"A",.,"A",.,"A",.,"A",.,"A",.,"A",.,"A",36,"D",.,"A",.,"A",.,"A",300,"D",.,"A",.,"A"
"20115",2298455,31,0,"1",.,"A",.,"A",.,"A",.,"A",96,"D",.,"A",.,"A",.,"A",.,"A",.,"A",.,"A",.,"A",12,"D",.,"A",.,"A"
"20115",2298465,65,0,"1",.,"A",.,"A",.,"A",.,"A",30,"D",48,"D",.,"A",.,"A",.,"A",.,"A",.,"A",.,"A",42,"D",.,"A",.,"A"
"20115",2298474,43,0,"1",.,"A",.,"A",.,"A",.,"A",.,"A",.,"A",.,"A",.,"A",.,"A",.,"A",.,"A",.,"A",90,"D",.,"A",.,"A"
"20115",2298484,41,0,"1",.,"A",.,"A",.,"A",.,"A",.,"A",.,"A",.,"A",.,"A",.,"A",.,"A",.,"A",.,"A",.,"A",.,"A",.,"A"
"20115",2298515,66,0,"1",.,"A",.,"A",.,"A",.,"A",.,"A",50,"D",.,"A",.,"A",.,"A",.,"A",.,"A",.,"A",400,"D",.,"A",.,"A"
"20115",2298525,72,0,"1",.,"A",.,"A",.,"A",.,"A",.,"A",.,"A",.,"A",.,"A",.,"A",.,"A",.,"A",.,"A",160,"D",.,"A",.,"A"
"20115",2298544,32,0,"1",.,"A",.,"A",.,"A",.,"A",.,"A",.,"A",.,"A",.,"A",.,"A",150,"D",0,"D",0,"D",.,"A",50,"D",.,"A"
"20115",2298564,47,0,"1",.,"A",.,"A",.,"A",.,"A",.,"A",.,"A",.,"A",.,"A",30,"D",.,"A",.,"A",.,"A",13,"D",.,"A",.,"A"
"20115",2298575,65,0,"1",.,"A",.,"A",.,"A",.,"A",.,"A",40,"D",.,"A",.,"A",.,"A",.,"A",.,"A",.,"A",.,"A",.,"A",.,"A"
"20115",2298584,59,0,"1",.,"A",.,"A",.,"A",.,"A",.,"A",.,"A",325,"D",.,"A",.,"A",.,"A",.,"A",.,"A",225,"D",.,"A",.,"A"
"20115",2298594,57,0,"1",50,"D",.,"A",.,"A",.,"A",70,"D",.,"A",.,"A",.,"A",.,"A",.,"A",.,"A",.,"A",.,"A",.,"A",.,"A"
"20115",2298625,59,0,"1",.,"A",.,"A",.,"A",.,"A",.,"A",.,"A",.,"A",.,"A",.,"A",150,"D",0,"D",0,"D",60,"D",50,"D",.,"A"
"20115",2298634,55,0,"1",.,"A",.,"A",.,"A",.,"A",.,"A",.,"A",.,"A",.,"A",.,"A",.,"A",.,"A",.,"A",106,"D",.,"A",.,"A"
"20115",2298644,37,0,"1",.,"A",.,"A",.,"A",.,"A",.,"A",.,"A",.,"A",.,"A",.,"A",.,"A",.,"A",.,"A",.,"A",.,"A",.,"A"
"20115",2298665,43,0,"1",.,"A",.,"A",.,"A",.,"A",.,"A",.,"A",.,"A",.,"A",.,"A",.,"A",.,"A",.,"A",30,"D",.,"A",.,"A"
"20115",2298695,56,0,"1",.,"A",.,"A",.,"A",.,"A",.,"A",.,"A",.,"A",.,"A",.,"A",.,"A",.,"A",.,"A",.,"A",.,"A",.,"A"
"20115",2298725,49,0,"1",.,"A",.,"A",.,"A",.,"A",.,"A",.,"A",520,"D",.,"A",.,"A",.,"A",.,"A",.,"A",.,"A",.,"A",.,"A"
"20115",2298735,38,0,"1",.,"A",.,"A",80,"F",.,"A",.,"A",225,"F",.,"A",.,"A",.,"A",.,"A",.,"A",.,"A",225,"F",.,"A",.,"A"
"20115",2298755,65,0,"1",.,"A",.,"A",.,"A",.,"A",.,"A",.,"A",1690,"D",.,"A",.,"A",.,"A",.,"A",.,"A",13,"D",.,"A",.,"A"
"20115",2298844,74,0,"1",.,"A",.,"A",.,"A",.,"A",.,"A",120,"D",468,"D",.,"A",.,"A",.,"A",.,"A",.,"A",23,"D",.,"A",.,"A"
"20115",2298854,39,0,"1",.,"A",.,"A",.,"A",.,"A",.,"A",.,"A",.,"A",.,"A",.,"A",.,"A",.,"A",.,"A",.,"A",.,"A",.,"A"
"20115",2298904,89,0,"1",.,"A",.,"A",.,"A",.,"A",.,"A",.,"A",221,"D",.,"A",.,"A",.,"A",.,"A",.,"A",.,"A",.,"A",.,"A"
"20115",2298924,46,0,"1",.,"A",.,"A",.,"A",.,"A",.,"A",.,"A",.,"A",.,"A",30,"D",.,"A",.,"A",.,"A",.,"A",.,"A",.,"A"
"20115",2298965,47,0,"1",.,"A",.,"A",.,"A",.,"A",.,"A",.,"A",650,"D",130,"D",.,"A",.,"A",.,"A",.,"A",.,"A",.,"A",.,"A"
"20115",2298994,34,0,"1",.,"A",.,"A",.,"A",.,"A",.,"A",.,"A",.,"A",.,"A",.,"A",.,"A",.,"A",.,"A",46,"D",.,"A",.,"A"
"20115",2299024,58,0,"1",.,"A",.,"A",.,"A",.,"A",.,"A",50,"D",.,"A",.,"A",.,"A",.,"A",.,"A",.,"A",200,"D",.,"A",.,"A"
"20115",2299034,29,0,"1",.,"A",.,"A",.,"A",.,"A",.,"A",.,"A",.,"A",.,"A",.,"A",.,"A",.,"A",.,"A",.,"A",.,"A",.,"A"
"20115",2299055,35,0,"1",.,"A",.,"A",.,"A",.,"A",90,"D",.,"A",.,"A",.,"A",.,"A",.,"A",.,"A",.,"A",.,"A",.,"A",.,"A"
"20115",2299095,38,0,"1",.,"A",.,"A",.,"A",.,"A",.,"A",.,"A",.,"A",130,"D",.,"A",.,"A",.,"A",.,"A",.,"A",.,"A",.,"A"
"20115",2299105,65,0,"1",.,"A",.,"A",.,"A",.,"A",.,"A",.,"A",.,"A",.,"A",.,"A",.,"A",.,"A",.,"A",0,"D",.,"A",.,"A"
"20115",2299135,71,0,"1",.,"A",.,"A",.,"A",.,"A",.,"A",45,"D",.,"A",.,"A",.,"A",.,"A",.,"A",.,"A",250,"D",.,"A",.,"A"
"20115",2299144,52,0,"1",.,"A",.,"A",.,"A",.,"A",.,"A",200,"D",.,"A",.,"A",.,"A",0,"D",0,"D",75,"D",50,"D",0,"D",.,"A"
"20115",2299164,38,0,"1",19,"D",.,"A",.,"A",.,"A",51,"D",10,"D",.,"A",.,"A",.,"A",0,"D",0,"D",60,"D",40,"D",0,"D",.,"A"
"20115",2299224,23,0,"1",.,"A",.,"A",.,"A",.,"A",.,"A",.,"A",.,"A",.,"A",.,"A",0,"D",0,"D",30,"D",40,"D",0,"D",.,"A"
"20115",2299235,33,0,"1",.,"A",.,"A",.,"A",.,"A",.,"A",.,"A",.,"A",.,"A",.,"A",.,"A",.,"A",.,"A",.,"A",.,"A",.,"A"
"20115",2299244,57,0,"1",.,"A",.,"A",.,"A",.,"A",.,"A",.,"A",.,"A",.,"A",.,"A",.,"A",.,"A",.,"A",330,"D",.,"A",.,"A"
"20115",2299255,68,0,"1",.,"A",.,"A",.,"A",.,"A",.,"A",.,"A",.,"A",.,"A",.,"A",.,"A",.,"A",.,"A",110,"D",.,"A",.,"A"
"20115",2299294,54,0,"1",.,"A",.,"A",.,"A",.,"A",.,"A",.,"A",.,"A",.,"A",.,"A",.,"A",.,"A",.,"A",200,"D",.,"A",.,"A"
"20115",2299304,57,0,"1",.,"A",.,"A",.,"A",.,"A",.,"A",.,"A",.,"A",.,"A",.,"A",.,"A",.,"A",.,"A",.,"A",.,"A",.,"A"
"20115",2299345,59,0,"1",.,"A",.,"A",.,"A",.,"A",.,"A",.,"A",195,"D",390,"D",.,"A",.,"A",.,"A",.,"A",.,"A",.,"A",.,"A"
"20115",2299364,29,0,"1",.,"A",.,"A",.,"A",.,"A",.,"A",.,"A",520,"D",.,"A",.,"A",.,"A",.,"A",.,"A",.,"A",.,"A",.,"A"
"20115",2299375,79,0,"1",.,"A",.,"A",.,"A",.,"A",.,"A",.,"A",910,"D",.,"A",.,"A",.,"A",.,"A",.,"A",90,"D",.,"A",.,"A"
"20115",2299395,34,0,"1",5,"D",.,"A",.,"A",.,"A",70,"D",.,"A",.,"A",.,"A",.,"A",.,"A",.,"A",.,"A",240,"D",.,"A",.,"A"
"20115",2299425,77,0,"1",.,"A",.,"A",.,"A",.,"A",.,"A",20,"D",.,"A",.,"A",.,"A",.,"A",.,"A",.,"A",47,"D",.,"A",.,"A"
"20115",2299434,51,0,"1",.,"A",.,"A",.,"A",.,"A",.,"A",.,"A",.,"A",39,"D",.,"A",.,"A",.,"A",.,"A",40,"D",.,"A",.,"A"
"20115",2299445,48,0,"1",20,"D",.,"A",.,"A",.,"A",0,"D",.,"A",.,"A",.,"A",.,"A",.,"A",.,"A",.,"A",.,"A",.,"A",.,"A"
"20115",2299465,56,0,"1",.,"A",.,"A",80,"D",.,"A",.,"A",.,"A",.,"A",.,"A",.,"A",.,"A",.,"A",.,"A",120,"D",.,"A",.,"A"
"20115",2299515,23,0,"1",.,"A",.,"A",.,"A",.,"A",.,"A",.,"A",.,"A",.,"A",.,"A",.,"A",.,"A",.,"A",10,"D",.,"A",.,"A"
"20115",2299534,36,0,"1",.,"A",.,"A",.,"A",.,"A",.,"A",.,"A",130,"D",.,"A",.,"A",.,"A",.,"A",.,"A",25,"D",.,"A",.,"A"
"20115",2299544,70,0,"1",.,"A",.,"A",.,"A",.,"A",.,"A",.,"A",.,"A",.,"A",.,"A",.,"A",.,"A",.,"A",.,"A",.,"A",.,"A"
"20115",2299564,48,0,"1",.,"A",.,"A",.,"A",.,"A",.,"A",.,"A",.,"A",.,"A",18,"D",.,"A",.,"A",.,"A",.,"A",.,"A",.,"A"
"20115",2299574,66,0,"1",.,"A",.,"A",.,"A",.,"A",.,"A",.,"A",.,"A",.,"A",.,"A",.,"A",.,"A",.,"A",210,"D",.,"A",.,"A"
"20115",2299585,37,0,"1",.,"A",.,"A",50,"D",.,"A",.,"A",50,"D",.,"A",.,"A",75,"D",.,"A",.,"A",.,"A",80,"D",.,"A",.,"A"
"20115",2299595,51,0,"1",.,"A",.,"A",.,"A",40,"D",.,"A",.,"A",.,"A",.,"A",.,"A",.,"A",.,"A",.,"A",5,"D",.,"A",.,"A"
"20115",2299604,33,0,"1",.,"A",.,"A",.,"A",.,"A",120,"D",.,"A",.,"A",.,"A",.,"A",.,"A",.,"A",.,"A",60,"D",.,"A",.,"A"
"20115",2299625,38,0,"1",.,"A",.,"A",.,"A",.,"A",.,"A",.,"A",.,"A",.,"A",.,"A",.,"A",.,"A",.,"A",.,"A",.,"A",.,"A"
"20115",2299644,54,0,"1",.,"A",.,"A",.,"A",.,"A",.,"A",.,"A",.,"A",.,"A",.,"A",.,"A",.,"A",.,"A",25,"D",.,"A",.,"A"
"20115",2299664,47,0,"1",.,"A",.,"A",.,"A",.,"A",.,"A",.,"A",.,"A",.,"A",.,"A",.,"A",.,"A",.,"A",100,"D",.,"A",.,"A"
"20115",2299695,40,0,"1",.,"A",.,"A",.,"A",.,"A",.,"A",.,"A",.,"A",.,"A",.,"A",.,"A",.,"A",.,"A",15,"D",.,"A",.,"A"
"20115",2299765,34,0,"1",.,"A",.,"A",.,"A",.,"A",.,"A",.,"A",.,"A",.,"A",.,"A",.,"A",.,"A",.,"A",.,"A",.,"A",.,"A"
"20115",2299774,73,0,"1",.,"A",.,"A",.,"A",.,"A",.,"A",20,"D",65,"D",.,"A",30,"D",.,"A",.,"A",.,"A",30,"D",.,"A",.,"A"
"20115",2299784,34,0,"1",.,"A",.,"A",.,"A",.,"A",.,"A",.,"A",390,"D",.,"A",36,"D",.,"A",.,"A",.,"A",.,"A",.,"A",.,"A"
"20115",2299795,40,0,"1",.,"A",.,"A",.,"A",.,"A",10,"D",.,"A",.,"A",.,"A",.,"A",.,"A",.,"A",.,"A",.,"A",.,"A",.,"A"
"20115",2299805,50,0,"1",.,"A",.,"A",.,"A",.,"A",.,"A",70,"F",.,"A",.,"A",.,"A",.,"A",.,"A",.,"A",600,"D",.,"A",.,"A"
"20115",2299865,64,0,"1",.,"A",.,"A",.,"A",.,"A",.,"A",50,"D",.,"A",.,"A",.,"A",.,"A",.,"A",.,"A",450,"D",.,"A",.,"A"
"20115",2299905,81,0,"1",.,"A",.,"A",.,"A",.,"A",.,"A",.,"A",.,"A",.,"A",.,"A",.,"A",.,"A",.,"A",170,"D",.,"A",.,"A"
"20115",2299924,71,0,"1",.,"A",.,"A",.,"A",.,"A",.,"A",.,"A",.,"A",.,"A",.,"A",.,"A",.,"A",.,"A",80,"D",.,"A",.,"A"
"20115",2299954,39,0,"1",.,"A",.,"A",.,"A",.,"A",.,"A",.,"A",.,"A",.,"A",.,"A",.,"A",.,"A",.,"A",390,"D",.,"A",.,"A"
"20115",2300025,54,0,"1",.,"A",.,"A",.,"A",.,"A",.,"A",.,"A",.,"A",.,"A",.,"A",.,"A",.,"A",.,"A",75,"D",.,"A",.,"A"
"20115",2300055,42,0,"1",.,"A",.,"A",.,"A",.,"A",.,"A",.,"A",.,"A",.,"A",.,"A",.,"A",.,"A",.,"A",50,"D",.,"A",.,"A"
"20115",2300075,49,0,"1",.,"A",.,"A",.,"A",.,"A",.,"A",.,"A",390,"D",.,"A",36,"F",.,"A",.,"A",.,"A",30,"D",.,"A",.,"A"
"20115",2300085,67,0,"1",.,"A",.,"A",.,"A",.,"A",130,"D",.,"A",.,"A",.,"A",.,"A",.,"A",.,"A",.,"A",20,"D",.,"A",.,"A"
"20115",2300105,47,0,"1",.,"A",.,"A",.,"A",.,"A",.,"A",.,"A",650,"D",.,"A",.,"A",.,"A",.,"A",.,"A",100,"D",.,"A",.,"A"
"20115",2300125,24,0,"1",.,"A",.,"A",.,"A",.,"A",.,"A",.,"A",.,"A",.,"A",.,"A",.,"A",.,"A",.,"A",.,"A",.,"A",.,"A"
"20115",2300145,66,0,"1",.,"A",.,"A",.,"A",.,"A",.,"A",.,"A",.,"A",.,"A",.,"A",.,"A",.,"A",.,"A",85,"D",.,"A",.,"A"
"20115",2300154,32,0,"1",.,"A",.,"A",.,"A",.,"A",.,"A",.,"A",.,"A",.,"A",.,"A",.,"A",.,"A",.,"A",.,"A",.,"A",.,"A"
"20115",2300164,76,0,"1",.,"A",.,"A",.,"A",.,"A",.,"A",25,"D",.,"A",.,"A",.,"A",.,"A",.,"A",.,"A",225,"D",.,"A",.,"A"
"20115",2300175,29,0,"1",10,"D",.,"A",.,"A",.,"A",30,"D",.,"A",.,"A",.,"A",.,"A",.,"A",.,"A",.,"A",.,"A",.,"A",.,"A"
"20115",2300184,28,0,"1",.,"A",.,"A",.,"A",.,"A",.,"A",.,"A",.,"A",.,"A",.,"A",360,"D",300,"D",60,"D",.,"A",120,"D",.,"A"
"20115",2300215,35,0,"1",60,"D",.,"A",.,"A",.,"A",60,"D",.,"A",.,"A",.,"A",.,"A",.,"A",.,"A",.,"A",.,"A",.,"A",.,"A"
"20115",2300305,63,0,"1",.,"A",.,"A",.,"A",.,"A",.,"A",10,"D",.,"A",.,"A",.,"A",.,"A",.,"A",.,"A",.,"A",.,"A",.,"A"
"20115",2300345,80,0,"1",.,"A",.,"A",.,"A",.,"A",.,"A",20,"D",.,"A",.,"A",.,"A",0,"D",0,"D",45,"D",.,"A",0,"D",.,"A"
"20115",2300364,45,0,"1",.,"A",.,"A",.,"A",.,"A",.,"A",.,"A",.,"A",.,"A",.,"A",.,"A",.,"A",.,"A",125,"D",.,"A",.,"A"
"20115",2300385,45,0,"1",.,"A",.,"A",.,"A",.,"A",.,"A",.,"A",.,"A",.,"A",.,"A",.,"A",.,"A",.,"A",150,"D",.,"A",.,"A"
"20115",2300404,59,0,"1",.,"A",.,"A",.,"A",.,"A",.,"A",.,"A",.,"A",104,"D",75,"D",.,"A",.,"A",.,"A",20,"D",.,"A",.,"A"
"20115",2300415,63,0,"1",.,"A",.,"A",.,"A",.,"A",.,"A",.,"A",.,"A",.,"A",18,"D",.,"A",.,"A",.,"A",.,"A",.,"A",.,"A"
"20115",2300424,22,0,"1",.,"A",.,"A",.,"A",.,"A",19,"D",.,"A",.,"A",.,"A",.,"A",.,"A",.,"A",.,"A",.,"A",.,"A",.,"A"
"20115",2300434,69,0,"1",.,"A",.,"A",.,"A",.,"A",.,"A",.,"A",.,"A",.,"A",18,"F",.,"A",.,"A",.,"A",150,"D",.,"A",.,"A"
"20115",2300445,33,0,"1",.,"A",.,"A",.,"A",.,"A",51,"D",.,"A",.,"A",.,"A",.,"A",.,"A",.,"A",.,"A",60,"D",.,"A",.,"A"
"20115",2300524,45,0,"1",.,"A",.,"A",.,"A",.,"A",.,"A",.,"A",.,"A",.,"A",.,"A",.,"A",.,"A",.,"A",.,"A",.,"A",.,"A"
"20115",2300544,57,0,"1",.,"A",.,"A",.,"A",.,"A",.,"A",.,"A",.,"A",.,"A",.,"A",.,"A",.,"A",.,"A",.,"A",.,"A",.,"A"
"20115",2300564,31,0,"1",.,"A",.,"A",.,"A",.,"A",.,"A",20,"D",.,"A",.,"A",.,"A",180,"D",0,"D",0,"D",180,"F",60,"D",.,"A"
"20115",2300574,51,0,"1",.,"A",.,"A",.,"A",.,"A",.,"A",.,"A",.,"A",.,"A",.,"A",.,"A",.,"A",.,"A",.,"A",.,"A",.,"A"
"20115",2300585,39,0,"1",.,"A",.,"A",.,"A",.,"A",.,"A",.,"A",.,"A",.,"A",.,"A",.,"A",.,"A",.,"A",275,"F",.,"A",.,"A"
"20115",2300595,93,0,"1",.,"A",.,"A",.,"A",.,"A",.,"A",.,"A",.,"A",.,"A",.,"A",.,"A",.,"A",.,"A",.,"A",.,"A",.,"A"
"20115",2300605,43,0,"1",.,"A",.,"A",.,"A",.,"A",.,"A",.,"A",.,"A",.,"A",.,"A",75,"D",0,"D",0,"D",.,"A",25,"D",.,"A"
"20115",2300615,73,0,"1",.,"A",.,"A",.,"A",.,"A",.,"A",.,"A",390,"D",.,"A",.,"A",.,"A",.,"A",.,"A",.,"A",.,"A",.,"A"
"20115",2300635,38,0,"1",.,"A",.,"A",.,"A",.,"A",.,"A",.,"A",1300,"D",.,"A",.,"A",.,"A",.,"A",.,"A",180,"D",.,"A",.,"A"
"20115",2300685,52,0,"1",.,"A",.,"A",.,"A",.,"A",.,"A",40,"D",.,"A",.,"A",.,"A",.,"A",.,"A",.,"A",245,"D",.,"A",.,"A"
"20115",2300704,33,0,"1",.,"A",.,"A",.,"A",.,"A",.,"A",.,"A",390,"D",.,"A",9,"F",0,"D",0,"D",165,"D",.,"A",0,"D",.,"A"
"20115",2300725,39,0,"1",.,"A",.,"A",.,"A",.,"A",130,"D",.,"A",.,"A",.,"A",.,"A",.,"A",.,"A",.,"A",.,"A",.,"A",.,"A"
"20115",2300744,27,0,"1",10,"D",.,"A",.,"A",150,"D",80,"D",.,"A",.,"A",.,"A",.,"A",.,"A",.,"A",.,"A",.,"A",.,"A",.,"A"
"20115",2300765,49,0,"1",.,"A",.,"A",.,"A",.,"A",.,"A",.,"A",.,"A",.,"A",.,"A",.,"A",.,"A",.,"A",.,"A",.,"A",.,"A"
"20115",2300775,47,0,"1",.,"A",.,"A",.,"A",.,"A",.,"A",.,"A",.,"A",195,"D",.,"A",.,"A",.,"A",.,"A",.,"A",.,"A",.,"A"
"20115",2300784,33,0,"1",.,"A",.,"A",.,"A",.,"A",.,"A",.,"A",.,"A",.,"A",.,"A",.,"A",.,"A",.,"A",.,"A",.,"A",.,"A"
"20115",2300904,51,0,"1",20,"D",.,"A",.,"A",120,"D",180,"D",90,"D",.,"A",.,"A",.,"A",0,"D",0,"D",120,"D",70,"D",0,"D",.,"A"
"20115",2300945,71,0,"1",.,"A",.,"A",.,"A",.,"A",.,"A",.,"A",.,"A",.,"A",.,"A",.,"A",.,"A",.,"A",100,"D",.,"A",.,"A"
"20115",2300955,65,0,"1",.,"A",.,"A",.,"A",.,"A",.,"A",.,"A",.,"A",.,"A",.,"A",.,"A",.,"A",.,"A",.,"A",.,"A",.,"A"
"20115",2300985,52,0,"1",.,"A",.,"A",.,"A",25,"D",.,"A",.,"A",.,"A",.,"A",.,"A",.,"A",.,"A",.,"A",95,"D",.,"A",.,"A"
"20115",2300995,68,0,"1",.,"A",.,"A",.,"A",.,"A",.,"A",.,"A",.,"A",.,"A",.,"A",390,"D",0,"D",0,"D",30,"D",130,"D",.,"A"
"20115",2301014,48,0,"1",.,"A",.,"A",.,"A",.,"A",.,"A",.,"A",.,"A",.,"A",.,"A",.,"A",.,"A",.,"A",50,"D",.,"A",.,"A"
"20115",2301054,52,0,"1",.,"A",.,"A",.,"A",.,"A",.,"A",200,"D",.,"A",.,"A",.,"A",.,"A",.,"A",.,"A",100,"D",.,"A",.,"A"
"20115",2301064,58,0,"1",.,"A",.,"A",.,"A",.,"A",.,"A",60,"D",.,"A",.,"A",.,"A",450,"D",0,"D",0,"D",300,"D",150,"D",.,"A"
"20115",2301075,25,0,"1",.,"A",.,"A",.,"A",.,"A",.,"A",.,"A",195,"D",.,"A",.,"A",165,"D",0,"D",0,"D",.,"A",55,"D",.,"A"
"20115",2301115,86,0,"1",.,"A",.,"A",.,"A",.,"A",.,"A",16,"D",.,"A",.,"A",60,"D",.,"A",.,"A",.,"A",95,"D",.,"A",.,"A"
"20115",2301154,33,0,"1",.,"A",.,"A",.,"A",.,"A",90,"D",.,"A",.,"A",.,"A",.,"A",.,"A",.,"A",.,"A",30,"D",.,"A",.,"A"
"20115",2301214,61,0,"1",.,"A",.,"A",.,"A",.,"A",.,"A",.,"A",.,"A",.,"A",.,"A",54,"D",0,"D",54,"D",.,"A",18,"D",.,"A"
"20115",2301224,26,0,"1",.,"A",.,"A",.,"A",.,"A",.,"A",.,"A",.,"A",.,"A",.,"A",66,"D",0,"D",0,"D",.,"A",22,"D",.,"A"
"20115",2301254,33,0,"1",.,"A",.,"A",.,"A",.,"A",.,"A",.,"A",650,"D",.,"A",15,"D",.,"A",.,"A",.,"A",.,"A",.,"A",.,"A"
"20115",2301275,31,0,"1",.,"A",.,"A",.,"A",.,"A",30,"D",.,"A",.,"A",.,"A",.,"A",.,"A",.,"A",.,"A",24,"D",.,"A",.,"A"
"20115",2301325,26,0,"1",.,"A",.,"A",.,"A",.,"A",.,"A",11,"D",.,"A",.,"A",.,"A",.,"A",.,"A",.,"A",.,"A",.,"A",.,"A"
"20115",2301354,30,0,"1",.,"A",.,"A",.,"A",.,"A",.,"A",.,"A",.,"A",.,"A",.,"A",0,"D",0,"D",450,"D",.,"A",0,"D",.,"A"
"20115",2301365,50,0,"1",.,"A",.,"A",.,"A",.,"A",.,"A",.,"A",.,"A",.,"A",.,"A",.,"A",.,"A",.,"A",75,"F",.,"A",.,"A"
"20115",2301375,35,0,"1",12,"D",.,"A",.,"A",.,"A",28,"D",.,"A",.,"A",.,"A",.,"A",.,"A",.,"A",.,"A",40,"D",.,"A",.,"A"
"20115",2301384,69,0,"1",.,"A",.,"A",.,"A",.,"A",.,"A",.,"A",.,"A",.,"A",.,"A",.,"A",.,"A",.,"A",15,"D",.,"A",.,"A"
"20115",2301394,61,0,"1",.,"A",.,"A",.,"A",.,"A",.,"A",5,"D",.,"A",.,"A",.,"A",.,"A",.,"A",.,"A",600,"D",.,"A",.,"A"
"20115",2301405,36,0,"1",.,"A",.,"A",.,"A",.,"A",.,"A",.,"A",.,"A",.,"A",.,"A",.,"A",.,"A",.,"A",.,"A",.,"A",.,"A"
"20115",2301414,64,0,"1",.,"A",.,"A",.,"A",.,"A",.,"A",240,"D",.,"A",.,"A",.,"A",.,"A",.,"A",.,"A",555,"D",.,"A",.,"A"
"20115",2301474,40,0,"1",.,"A",.,"A",.,"A",.,"A",.,"A",.,"A",520,"D",.,"A",.,"A",.,"A",.,"A",.,"A",120,"D",.,"A",.,"A"
"20115",2301504,33,0,"1",.,"A",.,"A",.,"A",.,"A",12,"D",45,"D",.,"A",.,"A",.,"A",.,"A",.,"A",.,"A",85,"D",.,"A",.,"A"
"20115",2301524,46,0,"1",.,"A",.,"A",.,"A",.,"A",.,"A",.,"A",.,"A",.,"A",.,"A",.,"A",.,"A",.,"A",80,"D",.,"A",.,"A"
"20115",2301534,58,0,"1",.,"A",.,"A",.,"A",.,"A",.,"A",.,"A",.,"A",650,"D",45,"D",.,"A",.,"A",.,"A",300,"D",.,"A",.,"A"
"20115",2301585,62,0,"1",.,"A",.,"A",.,"A",.,"A",.,"A",.,"A",.,"A",.,"A",.,"A",.,"A",.,"A",.,"A",375,"D",.,"A",.,"A"
"20115",2301615,45,0,"1",.,"A",.,"A",.,"A",.,"A",.,"A",.,"A",.,"A",.,"A",.,"A",.,"A",.,"A",.,"A",.,"A",.,"A",.,"A"
"20115",2301634,55,0,"1",.,"A",.,"A",.,"A",.,"A",.,"A",.,"A",.,"A",.,"A",.,"A",.,"A",.,"A",.,"A",.,"A",.,"A",.,"A"
"20115",2301644,34,0,"1",.,"A",.,"A",.,"A",.,"A",110,"F",150,"F",.,"A",.,"A",.,"A",0,"D",0,"D",300,"D",250,"F",0,"D",.,"A"
"20115",2301665,29,0,"1",.,"A",.,"A",.,"A",.,"A",.,"A",.,"A",.,"A",.,"A",.,"A",225,"D",0,"D",0,"D",.,"A",75,"D",230,"D"
"20115",2301674,56,0,"1",.,"A",.,"A",.,"A",.,"A",.,"A",.,"A",.,"A",.,"A",.,"A",.,"A",.,"A",.,"A",60,"D",.,"A",.,"A"
"20115",2301684,39,0,"1",.,"A",.,"A",.,"A",.,"A",.,"A",.,"A",273,"D",.,"A",.,"A",.,"A",.,"A",.,"A",10,"D",.,"A",.,"A"
"20115",2301695,27,0,"1",.,"A",.,"A",.,"A",.,"A",15,"D",.,"A",.,"A",.,"A",.,"A",0,"D",0,"D",36,"D",.,"A",0,"D",.,"A"
"20115",2301724,65,0,"1",.,"A",.,"A",.,"A",.,"A",.,"A",.,"A",.,"A",.,"A",42,"D",.,"A",.,"A",.,"A",55,"D",.,"A",.,"A"
"20115",2301754,34,0,"1",54,"D",.,"A",.,"A",.,"A",146,"D",.,"A",260,"D",.,"A",.,"A",.,"A",.,"A",.,"A",.,"A",.,"A",.,"A"
"20115",2301785,68,0,"1",.,"A",.,"A",.,"A",.,"A",.,"A",.,"A",195,"D",.,"A",.,"A",.,"A",.,"A",.,"A",.,"A",.,"A",.,"A"
"20115",2301795,42,0,"1",.,"A",.,"A",.,"A",.,"A",.,"A",.,"A",.,"A",.,"A",.,"A",.,"A",.,"A",.,"A",.,"A",.,"A",.,"A"
"20115",2301825,28,0,"1",.,"A",.,"A",.,"A",.,"A",.,"A",.,"A",.,"A",.,"A",.,"A",.,"A",.,"A",.,"A",.,"A",.,"A",.,"A"
"20115",2301834,52,0,"1",.,"A",.,"A",.,"A",.,"A",.,"A",.,"A",195,"D",.,"A",.,"A",.,"A",.,"A",.,"A",93,"D",.,"A",.,"A"
"20115",2301844,44,0,"1",.,"A",55,"D",.,"A",150,"D",23,"D",70,"D",.,"A",.,"A",.,"A",135,"D",6,"D",6,"D",75,"D",45,"D",.,"A"
"20115",2301895,45,0,"1",3,"D",.,"A",.,"A",.,"A",3,"D",.,"A",.,"A",.,"A",.,"A",.,"A",.,"A",.,"A",140,"D",.,"A",.,"A"
"20115",2301985,79,0,"1",.,"A",.,"A",.,"A",.,"A",.,"A",.,"A",39,"D",.,"A",.,"A",.,"A",.,"A",.,"A",125,"D",.,"A",.,"A"
"20115",2302074,53,0,"1",.,"A",.,"A",.,"A",.,"A",.,"A",.,"A",.,"A",.,"A",180,"D",.,"A",.,"A",.,"A",.,"A",.,"A",.,"A"
"20115",2302095,39,0,"1",20,"D",.,"A",.,"A",.,"A",40,"D",20,"D",39,"D",.,"A",60,"D",.,"A",.,"A",.,"A",.,"A",.,"A",.,"A"
"20115",2302175,55,0,"1",.,"A",.,"A",.,"A",.,"A",.,"A",.,"A",.,"A",.,"A",.,"A",.,"A",.,"A",.,"A",.,"A",.,"A",.,"A"
"20115",2302184,72,0,"1",.,"A",.,"A",.,"A",.,"A",.,"A",.,"A",.,"A",.,"A",15,"F",.,"A",.,"A",.,"A",.,"A",.,"A",.,"A"
"20115",2302204,44,0,"1",.,"A",.,"A",.,"A",.,"A",.,"A",.,"A",.,"A",.,"A",.,"A",.,"A",.,"A",.,"A",.,"A",.,"A",.,"A"
"20115",2302214,39,0,"1",.,"A",.,"A",.,"A",.,"A",.,"A",.,"A",.,"A",.,"A",.,"A",.,"A",.,"A",.,"A",.,"A",.,"A",.,"A"
"20115",2302234,33,0,"1",.,"A",.,"A",.,"A",.,"A",.,"A",.,"A",.,"A",.,"A",60,"D",.,"A",.,"A",.,"A",.,"A",.,"A",.,"A"
"20115",2302245,53,0,"1",.,"A",.,"A",.,"A",.,"A",180,"D",.,"A",585,"D",.,"A",.,"A",.,"A",.,"A",.,"A",.,"A",.,"A",.,"A"
"20115",2302275,63,0,"1",.,"A",.,"A",.,"A",.,"A",.,"A",.,"A",650,"D",.,"A",90,"F",.,"A",.,"A",.,"A",.,"A",.,"A",.,"A"
"20115",2302305,24,0,"1",.,"A",.,"A",.,"A",.,"A",20,"D",.,"A",195,"D",.,"A",.,"A",.,"A",.,"A",.,"A",83,"D",.,"A",.,"A"
"20115",2302315,53,0,"1",.,"A",.,"A",.,"A",.,"A",.,"A",.,"A",.,"A",.,"A",.,"A",.,"A",.,"A",.,"A",200,"D",.,"A",.,"A"
"20115",2302335,53,0,"1",8,"D",.,"A",.,"A",40,"D",22,"D",10,"D",.,"A",.,"A",0,"D",.,"A",.,"A",.,"A",120,"D",.,"A",.,"A"
"20115",2302354,51,0,"1",.,"A",.,"A",.,"A",.,"A",.,"A",.,"A",.,"A",.,"A",.,"A",.,"A",.,"A",.,"A",.,"A",.,"A",.,"A"
"20115",2302384,54,0,"1",.,"A",.,"A",.,"A",.,"A",.,"A",.,"A",.,"A",.,"A",.,"A",.,"A",.,"A",.,"A",30,"D",.,"A",.,"A"
"20115",2302395,71,0,"1",.,"A",.,"A",.,"A",.,"A",.,"A",.,"A",.,"A",.,"A",18,"D",.,"A",.,"A",.,"A",.,"A",.,"A",.,"A"
"20115",2302425,24,0,"1",.,"A",.,"A",.,"A",.,"A",.,"A",.,"A",.,"A",.,"A",.,"A",.,"A",.,"A",.,"A",.,"A",.,"A",.,"A"
"20115",2302434,35,0,"1",.,"A",.,"A",.,"A",.,"A",.,"A",.,"A",.,"A",.,"A",.,"A",.,"A",.,"A",.,"A",.,"A",.,"A",.,"A"
"20115",2302454,36,0,"1",.,"A",.,"A",10,"D",.,"A",19,"D",24,"D",.,"A",.,"A",.,"A",.,"A",.,"A",.,"A",45,"D",.,"A",.,"A"
"20115",2302474,34,0,"1",.,"A",.,"A",.,"A",.,"A",.,"A",.,"A",130,"D",.,"A",9,"D",.,"A",.,"A",.,"A",30,"D",.,"A",.,"A"
"20115",2302485,48,0,"1",.,"A",.,"A",.,"A",.,"A",.,"A",.,"A",.,"A",.,"A",.,"A",.,"A",.,"A",.,"A",14,"D",.,"A",.,"A"
"20115",2302515,56,0,"1",.,"A",.,"A",.,"A",.,"A",.,"A",.,"A",.,"A",.,"A",.,"A",.,"A",.,"A",.,"A",.,"A",.,"A",.,"A"
"20115",2302525,38,0,"1",.,"A",.,"A",.,"A",.,"A",.,"A",.,"A",.,"A",.,"A",.,"A",.,"A",.,"A",.,"A",.,"A",.,"A",.,"A"
"20115",2302614,40,0,"1",.,"A",.,"A",.,"A",.,"A",.,"A",.,"A",.,"A",.,"A",.,"A",.,"A",.,"A",.,"A",30,"D",.,"A",.,"A"
"20115",2302635,60,0,"1",.,"A",.,"A",.,"A",.,"A",.,"A",300,"D",.,"A",.,"A",.,"A",.,"A",.,"A",.,"A",600,"D",.,"A",.,"A"
"20115",2302644,47,0,"1",.,"A",.,"A",.,"A",.,"A",80,"D",.,"A",.,"A",.,"A",.,"A",.,"A",.,"A",.,"A",153,"D",.,"A",.,"A"
"20115",2302675,38,0,"1",.,"A",.,"A",.,"A",.,"A",.,"A",.,"A",.,"A",.,"A",.,"A",.,"A",.,"A",.,"A",180,"D",.,"A",.,"A"
"20115",2302694,66,0,"1",.,"A",.,"A",.,"A",.,"A",.,"A",.,"A",.,"A",.,"A",.,"A",.,"A",.,"A",.,"A",150,"D",.,"A",.,"A"
"20115",2302704,23,0,"1",.,"A",.,"A",.,"A",.,"A",.,"A",.,"A",.,"A",.,"A",.,"A",.,"A",.,"A",.,"A",.,"A",.,"A",.,"A"
"20115",2302725,57,0,"1",.,"A",.,"A",.,"A",.,"A",.,"A",200,"D",.,"A",.,"A",.,"A",.,"A",.,"A",.,"A",65,"D",.,"A",.,"A"
"20115",2302734,35,0,"1",.,"A",.,"A",.,"A",20,"D",.,"A",.,"A",455,"D",.,"A",.,"A",.,"A",.,"A",.,"A",.,"A",.,"A",.,"A"
"20115",2302755,33,0,"1",.,"A",.,"A",.,"A",.,"A",.,"A",.,"A",.,"A",.,"A",.,"A",.,"A",.,"A",.,"A",.,"A",.,"A",.,"A"
"20115",2302795,37,0,"1",.,"A",.,"A",.,"A",.,"A",.,"A",.,"A",78,"D",.,"A",.,"A",.,"A",.,"A",.,"A",.,"A",.,"A",.,"A"
"20115",2302804,48,0,"1",.,"A",.,"A",.,"A",.,"A",.,"A",15,"D",.,"A",.,"A",.,"A",.,"A",.,"A",.,"A",150,"D",.,"A",.,"A"
"20115",2302835,33,0,"1",.,"A",.,"A",.,"A",.,"A",.,"A",.,"A",.,"A",65,"F",.,"A",.,"A",.,"A",.,"A",.,"A",.,"A",.,"A"
"20115",2302854,36,0,"1",.,"A",.,"A",.,"A",.,"A",.,"A",.,"A",.,"A",.,"A",.,"A",.,"A",.,"A",.,"A",.,"A",.,"A",.,"A"
"20115",2302874,67,0,"1",.,"A",.,"A",.,"A",.,"A",.,"A",.,"A",1300,"D",.,"A",.,"A",.,"A",.,"A",.,"A",.,"A",.,"A",.,"A"
"20115",2302895,64,0,"1",.,"A",.,"A",.,"A",.,"A",.,"A",.,"A",.,"A",.,"A",.,"A",.,"A",.,"A",.,"A",.,"A",.,"A",.,"A"
"20115",2302925,28,0,"1",.,"A",.,"A",.,"A",.,"A",.,"A",.,"A",260,"D",.,"A",.,"A",0,"D",0,"D",120,"D",.,"A",0,"D",.,"A"
"20115",2302935,55,0,"1",.,"A",.,"A",.,"A",.,"A",.,"A",.,"A",429,"D",.,"A",.,"A",.,"A",.,"A",.,"A",.,"A",.,"A",.,"A"
"20115",2302954,67,0,"1",.,"A",.,"A",.,"A",.,"A",.,"A",.,"A",.,"A",.,"A",60,"D",.,"A",.,"A",.,"A",80,"D",.,"A",.,"A"
"20115",2302974,54,0,"1",.,"A",.,"A",.,"A",.,"A",.,"A",.,"A",.,"A",.,"A",.,"A",.,"A",.,"A",.,"A",110,"D",.,"A",.,"A"
"20115",2302984,30,0,"1",.,"A",.,"A",.,"A",.,"A",.,"A",.,"A",.,"A",.,"A",.,"A",.,"A",.,"A",.,"A",.,"A",.,"A",.,"A"
"20115",2303004,48,0,"1",18,"D",.,"A",.,"A",.,"A",102,"D",.,"A",.,"A",.,"A",.,"A",0,"D",180,"D",0,"D",20,"D",0,"D",.,"A"
"20115",2303045,46,0,"1",.,"A",.,"A",.,"A",.,"A",55,"D",.,"A",.,"A",.,"A",.,"A",.,"A",.,"A",.,"A",.,"A",.,"A",.,"A"
"20115",2303105,47,0,"1",.,"A",.,"A",.,"A",.,"A",.,"A",.,"A",.,"A",.,"A",.,"A",.,"A",.,"A",.,"A",.,"A",.,"A",.,"A"
"20115",2303134,35,0,"1",.,"A",.,"A",.,"A",.,"A",320,"D",.,"A",.,"A",.,"A",.,"A",.,"A",.,"A",.,"A",.,"A",.,"A",.,"A"
"20115",2303145,36,0,"1",.,"A",.,"A",.,"A",.,"A",.,"A",.,"A",.,"A",.,"A",.,"A",.,"A",.,"A",.,"A",15,"D",.,"A",.,"A"
"20115",2303154,78,0,"1",.,"A",.,"A",80,"D",.,"A",.,"A",95,"D",.,"A",.,"A",.,"A",.,"A",.,"A",.,"A",20,"D",.,"A",.,"A"
"20115",2303175,37,0,"1",.,"A",.,"A",.,"A",.,"A",.,"A",.,"A",.,"A",.,"A",.,"A",.,"A",.,"A",.,"A",90,"D",.,"A",.,"A"
"20115",2303184,93,0,"1",.,"A",.,"A",.,"A",.,"A",.,"A",.,"A",1040,"D",.,"A",.,"A",.,"A",.,"A",.,"A",48,"D",.,"A",.,"A"
"20115",2303214,44,0,"1",.,"A",.,"A",.,"A",.,"A",30,"D",.,"A",.,"A",.,"A",.,"A",.,"A",.,"A",.,"A",.,"A",.,"A",.,"A"
"20115",2303244,48,0,"1",16,"D",.,"A",.,"A",.,"A",44,"D",.,"A",.,"A",.,"A",.,"A",.,"A",.,"A",.,"A",11,"D",.,"A",.,"A"
"20115",2303325,52,0,"1",.,"A",.,"A",.,"A",.,"A",.,"A",.,"A",.,"A",.,"A",.,"A",.,"A",.,"A",.,"A",90,"D",.,"A",.,"A"
"20115",2303334,55,0,"1",.,"A",.,"A",.,"A",.,"A",.,"A",.,"A",.,"A",.,"A",.,"A",.,"A",.,"A",.,"A",200,"D",.,"A",.,"A"
"20115",2303435,65,0,"1",.,"A",.,"A",.,"A",.,"A",.,"A",.,"A",.,"A",.,"A",.,"A",.,"A",.,"A",.,"A",60,"F",.,"A",.,"A"
"20115",2303444,48,0,"1",.,"A",.,"A",.,"A",.,"A",.,"A",.,"A",455,"D",.,"A",.,"A",.,"A",.,"A",.,"A",.,"A",.,"A",.,"A"
"20115",2303455,44,0,"1",.,"A",.,"A",.,"A",.,"A",.,"A",.,"A",.,"A",.,"A",.,"A",.,"A",.,"A",.,"A",35,"D",.,"A",.,"A"
"20115",2303494,48,0,"1",.,"A",.,"A",.,"A",.,"A",.,"A",.,"A",.,"A",.,"A",.,"A",.,"A",.,"A",.,"A",300,"D",.,"A",.,"A"
"20115",2303504,57,0,"1",.,"A",.,"A",.,"A",.,"A",.,"A",.,"A",.,"A",.,"A",.,"A",.,"A",.,"A",.,"A",150,"D",.,"A",.,"A"
"20115",2303545,64,0,"1",.,"A",.,"A",.,"A",.,"A",.,"A",.,"A",.,"A",.,"A",.,"A",.,"A",.,"A",.,"A",12,"D",.,"A",.,"A"
"20115",2303554,70,0,"1",.,"A",.,"A",.,"A",.,"A",.,"A",.,"A",.,"A",.,"A",39,"D",.,"A",.,"A",.,"A",.,"A",.,"A",.,"A"
"20115",2303594,29,0,"1",.,"A",.,"A",.,"A",.,"A",45,"D",.,"A",.,"A",.,"A",.,"A",.,"A",.,"A",.,"A",24,"D",.,"A",.,"A"
"20115",2303624,28,0,"1",.,"A",.,"A",.,"A",.,"A",60,"D",.,"A",.,"A",.,"A",.,"A",.,"A",.,"A",.,"A",50,"D",.,"A",.,"A"
"20115",2303635,46,0,"1",.,"A",.,"A",.,"A",.,"A",.,"A",.,"A",.,"A",.,"A",.,"A",.,"A",.,"A",.,"A",.,"A",.,"A",.,"A"
"20115",2303655,46,0,"1",.,"A",.,"A",.,"A",.,"A",40,"D",.,"A",.,"A",.,"A",.,"A",.,"A",.,"A",.,"A",.,"A",.,"A",.,"A"
"20115",2303714,42,0,"1",.,"A",.,"A",.,"A",.,"A",260,"D",.,"A",.,"A",.,"A",.,"A",.,"A",.,"A",.,"A",12,"D",.,"A",.,"A"
"20115",2303745,56,0,"1",.,"A",.,"A",.,"A",.,"A",.,"A",.,"A",.,"A",.,"A",.,"A",.,"A",.,"A",.,"A",30,"D",.,"A",.,"A"
"20115",2303764,33,0,"1",.,"A",.,"A",.,"A",.,"A",.,"A",.,"A",.,"A",.,"A",.,"A",.,"A",.,"A",.,"A",.,"A",.,"A",.,"A"
"20115",2303805,56,0,"1",.,"A",.,"A",.,"A",.,"A",.,"A",.,"A",.,"A",.,"A",.,"A",.,"A",.,"A",.,"A",.,"A",.,"A",.,"A"
"20115",2303835,34,0,"1",.,"A",.,"A",.,"A",.,"A",.,"A",.,"A",.,"A",.,"A",.,"A",.,"A",.,"A",.,"A",40,"D",.,"A",.,"A"
"20115",2303904,103,0,"1",.,"A",.,"A",.,"A",.,"A",.,"A",.,"A",650,"D",.,"A",.,"A",.,"A",.,"A",.,"A",40,"D",.,"A",.,"A"
"20115",2303914,56,0,"1",.,"A",.,"A",.,"A",.,"A",.,"A",.,"A",.,"A",.,"A",.,"A",.,"A",.,"A",.,"A",290,"D",.,"A",.,"A"
"20115",2303924,50,0,"1",.,"A",.,"A",.,"A",.,"A",.,"A",.,"A",.,"A",.,"A",.,"A",.,"A",.,"A",.,"A",170,"D",.,"A",.,"A"
"20115",2303955,84,0,"1",.,"A",.,"A",.,"A",.,"A",.,"A",25,"D",.,"A",.,"A",.,"A",.,"A",.,"A",.,"A",90,"D",.,"A",.,"A"
"20115",2303974,45,0,"1",.,"A",.,"A",.,"A",.,"A",.,"A",.,"A",.,"A",.,"A",.,"A",.,"A",.,"A",.,"A",75,"D",.,"A",.,"A"
"20115",2303984,55,0,"1",.,"A",.,"A",.,"A",.,"A",.,"A",.,"A",.,"A",.,"A",.,"A",.,"A",.,"A",.,"A",60,"D",.,"A",.,"A"
"20115",2303995,75,0,"1",.,"A",.,"A",.,"A",.,"A",.,"A",150,"D",.,"A",.,"A",.,"A",.,"A",.,"A",.,"A",150,"D",.,"A",.,"A"
"20115",2304015,75,0,"1",.,"A",.,"A",.,"A",.,"A",.,"A",.,"A",65,"D",.,"A",27,"D",.,"A",.,"A",.,"A",295,"D",.,"A",.,"A"
"20115",2304044,68,0,"1",.,"A",.,"A",.,"A",.,"A",.,"A",.,"A",260,"D",.,"A",.,"A",.,"A",.,"A",.,"A",100,"D",.,"A",.,"A"
"20115",2304064,41,0,"1",.,"A",.,"A",.,"A",.,"A",.,"A",.,"A",.,"A",.,"A",.,"A",.,"A",.,"A",.,"A",25,"D",.,"A",.,"A"
"20115",2304074,63,0,"1",.,"A",.,"A",.,"A",.,"A",.,"A",56,"D",.,"A",.,"A",.,"A",.,"A",.,"A",.,"A",52,"D",.,"A",.,"A"
"20115",2304084,57,0,"1",12,"D",.,"A",.,"A",.,"A",40,"D",.,"A",.,"A",.,"A",78,"D",.,"A",.,"A",.,"A",.,"A",.,"A",.,"A"
"20115",2304104,31,0,"1",.,"A",.,"A",.,"A",15,"D",.,"A",.,"A",.,"A",.,"A",.,"A",0,"D",0,"D",0,"D",.,"A",0,"D",.,"A"
"20115",2304134,37,0,"1",.,"A",.,"A",.,"A",.,"A",.,"A",.,"A",.,"A",.,"A",.,"A",.,"A",.,"A",.,"A",45,"D",.,"A",.,"A"
"20115",2304155,30,0,"1",.,"A",.,"A",.,"A",.,"A",.,"A",.,"A",.,"A",.,"A",.,"A",.,"A",.,"A",.,"A",15,"D",.,"A",.,"A"
"20115",2304174,62,0,"1",.,"A",.,"A",.,"A",.,"A",.,"A",.,"A",.,"A",.,"A",.,"A",.,"A",.,"A",.,"A",.,"A",.,"A",.,"A"
"20115",2304184,63,0,"1",.,"A",.,"A",.,"A",.,"A",.,"A",.,"A",.,"A",.,"A",.,"A",.,"A",.,"A",.,"A",90,"D",.,"A",.,"A"
"20115",2304215,85,0,"1",.,"A",.,"A",.,"A",.,"A",.,"A",.,"A",.,"A",.,"A",.,"A",.,"A",.,"A",.,"A",58,"D",.,"A",.,"A"
"20115",2304225,48,0,"1",.,"A",.,"A",.,"A",.,"A",.,"A",.,"A",390,"D",.,"A",.,"A",.,"A",.,"A",.,"A",.,"A",.,"A",.,"A"
"20115",2304245,96,0,"1",.,"A",.,"A",.,"A",.,"A",.,"A",.,"A",.,"A",.,"A",3,"D",.,"A",.,"A",.,"A",62,"D",.,"A",.,"A"
"20115",2304294,24,0,"1",.,"A",.,"A",.,"A",40,"D",30,"D",40,"D",.,"A",.,"A",.,"A",312,"D",0,"D",0,"D",20,"D",104,"D",.,"A"
"20115",2304304,65,0,"1",.,"A",.,"A",.,"A",.,"A",.,"A",.,"A",.,"A",.,"A",.,"A",.,"A",.,"A",.,"A",150,"D",.,"A",.,"A"
"20115",2304335,37,0,"1",.,"A",.,"A",.,"A",.,"A",.,"A",.,"A",.,"A",.,"A",.,"A",.,"A",.,"A",.,"A",150,"D",.,"A",.,"A"
"20115",2304354,46,0,"1",.,"A",.,"A",.,"A",.,"A",.,"A",.,"A",.,"A",.,"A",.,"A",.,"A",.,"A",.,"A",60,"D",.,"A",.,"A"
"20115",2304375,48,0,"1",.,"A",.,"A",.,"A",.,"A",.,"A",.,"A",.,"A",.,"A",.,"A",.,"A",.,"A",.,"A",50,"D",.,"A",.,"A"
"20115",2304405,44,0,"1",.,"A",.,"A",.,"A",.,"A",.,"A",.,"A",.,"A",.,"A",.,"A",.,"A",.,"A",.,"A",45,"D",.,"A",.,"A"
"20115",2304414,82,0,"1",.,"A",.,"A",.,"A",.,"A",.,"A",.,"A",.,"A",.,"A",.,"A",.,"A",.,"A",.,"A",360,"D",.,"A",.,"A"
"20115",2304514,31,0,"1",.,"A",.,"A",.,"A",.,"A",.,"A",.,"A",.,"A",.,"A",.,"A",.,"A",.,"A",.,"A",.,"A",.,"A",.,"A"
"20115",2304524,45,0,"1",.,"A",.,"A",.,"A",.,"A",.,"A",.,"A",.,"A",.,"A",.,"A",0,"D",0,"D",18,"D",.,"A",0,"D",.,"A"
"20115",2304535,35,0,"1",.,"A",.,"A",.,"A",.,"A",.,"A",.,"A",.,"A",.,"A",.,"A",.,"A",.,"A",.,"A",.,"A",.,"A",.,"A"
"20115",2304564,36,0,"1",.,"A",.,"A",.,"A",.,"A",.,"A",.,"A",.,"A",.,"A",.,"A",.,"A",.,"A",.,"A",30,"D",.,"A",.,"A"
"20115",2304634,34,0,"1",.,"A",.,"A",.,"A",.,"A",.,"A",140,"D",.,"A",.,"A",.,"A",.,"A",.,"A",.,"A",168,"D",.,"A",.,"A"
"20115",2304644,26,0,"1",65,"D",.,"A",.,"A",64,"D",175,"D",45,"D",.,"A",.,"A",.,"A",879,"D",0,"D",0,"D",100,"D",293,"D",690,"D"
"20115",2304664,88,0,"1",.,"A",.,"A",.,"A",.,"A",.,"A",.,"A",.,"A",.,"A",.,"A",.,"A",.,"A",.,"A",48,"D",.,"A",.,"A"
"20115",2304695,53,0,"1",.,"A",.,"A",6,"D",.,"A",.,"A",.,"A",.,"A",.,"A",.,"A",.,"A",.,"A",.,"A",100,"D",.,"A",.,"A"
"20115",2304735,37,0,"1",.,"A",.,"A",.,"A",.,"A",.,"A",.,"A",.,"A",.,"A",.,"A",.,"A",.,"A",.,"A",.,"A",.,"A",.,"A"
"20115",2304764,89,0,"1",.,"A",.,"A",.,"A",.,"A",.,"A",.,"A",.,"A",.,"A",.,"A",.,"A",.,"A",.,"A",160,"D",.,"A",.,"A"
"20115",2304785,45,0,"1",.,"A",.,"A",.,"A",.,"A",.,"A",.,"A",.,"A",.,"A",.,"A",.,"A",.,"A",.,"A",.,"A",.,"A",.,"A"
"20115",2304804,42,0,"1",.,"A",.,"A",.,"A",.,"A",.,"A",.,"A",.,"A",.,"A",15,"D",.,"A",.,"A",.,"A",30,"D",.,"A",.,"A"
"20115",2304815,22,0,"1",.,"A",.,"A",.,"A",.,"A",.,"A",.,"A",.,"A",.,"A",.,"A",.,"A",.,"A",.,"A",.,"A",.,"A",.,"A"
"20115",2304825,55,0,"1",.,"A",.,"A",.,"A",.,"A",.,"A",.,"A",.,"A",.,"A",.,"A",.,"A",.,"A",.,"A",.,"A",.,"A",.,"A"
"20115",2304835,63,0,"1",.,"A",.,"A",.,"A",.,"A",.,"A",.,"A",.,"A",.,"A",.,"A",.,"A",.,"A",.,"A",300,"D",.,"A",.,"A"
"20115",2304844,56,0,"1",.,"A",.,"A",.,"A",15,"D",.,"A",.,"A",52,"D",.,"A",.,"A",.,"A",.,"A",.,"A",10,"D",.,"A",.,"A"
"20115",2304875,70,0,"1",.,"A",.,"A",.,"A",.,"A",.,"A",.,"A",.,"A",.,"A",.,"A",.,"A",.,"A",.,"A",25,"D",.,"A",.,"A"
"20115",2304884,25,0,"1",.,"A",.,"A",.,"A",.,"A",.,"A",.,"A",.,"A",.,"A",.,"A",.,"A",.,"A",.,"A",75,"D",.,"A",.,"A"
"20115",2304904,40,0,"1",.,"A",.,"A",.,"A",.,"A",.,"A",.,"A",.,"A",.,"A",.,"A",.,"A",.,"A",.,"A",.,"A",.,"A",.,"A"
"20115",2304915,44,0,"1",.,"A",.,"A",.,"A",.,"A",.,"A",.,"A",.,"A",.,"A",.,"A",.,"A",.,"A",.,"A",60,"D",.,"A",.,"A"
"20115",2304934,56,0,"1",.,"A",.,"A",27,"D",.,"A",.,"A",50,"D",.,"A",.,"A",.,"A",.,"A",.,"A",.,"A",100,"D",.,"A",.,"A"
"20115",2304975,28,0,"1",.,"A",.,"A",.,"A",.,"A",.,"A",.,"A",650,"D",.,"A",.,"A",.,"A",.,"A",.,"A",.,"A",.,"A",.,"A"
"20115",2305014,55,0,"1",.,"A",.,"A",.,"A",.,"A",.,"A",.,"A",.,"A",.,"A",.,"A",.,"A",.,"A",.,"A",.,"A",.,"A",.,"A"
"20115",2305054,71,0,"1",.,"A",.,"A",.,"A",.,"A",.,"A",.,"A",.,"A",.,"A",.,"A",.,"A",.,"A",.,"A",.,"A",.,"A",.,"A"
"20115",2305094,69,0,"1",.,"A",.,"A",.,"A",.,"A",.,"A",.,"A",.,"A",.,"A",.,"A",.,"A",.,"A",.,"A",17,"D",.,"A",.,"A"
"20115",2305114,41,0,"1",.,"A",.,"A",.,"A",.,"A",.,"A",.,"A",.,"A",.,"A",.,"A",.,"A",.,"A",.,"A",.,"A",.,"A",.,"A"
"20115",2305125,44,0,"1",.,"A",.,"A",.,"A",.,"A",24,"D",.,"A",.,"A",.,"A",.,"A",0,"D",0,"D",9,"D",.,"A",0,"D",.,"A"
"20115",2305145,27,0,"1",.,"A",.,"A",.,"A",.,"A",.,"A",.,"A",.,"A",.,"A",.,"A",.,"A",.,"A",.,"A",.,"A",.,"A",.,"A"
"20115",2305155,55,0,"1",.,"A",.,"A",.,"A",.,"A",.,"A",.,"A",.,"A",.,"A",.,"A",.,"A",.,"A",.,"A",166,"D",.,"A",.,"A"
"20115",2305265,67,0,"1",.,"A",.,"A",.,"A",.,"A",.,"A",.,"A",.,"A",.,"A",15,"D",.,"A",.,"A",.,"A",270,"D",.,"A",.,"A"
"20115",2305294,42,0,"1",.,"A",.,"A",.,"A",.,"A",.,"A",.,"A",.,"A",.,"A",.,"A",.,"A",.,"A",.,"A",.,"A",.,"A",.,"A"
"20115",2305305,47,0,"1",.,"A",.,"A",.,"A",.,"A",.,"A",.,"A",.,"A",.,"A",.,"A",.,"A",.,"A",.,"A",60,"D",.,"A",.,"A"
"20115",2305375,83,0,"1",.,"A",.,"A",.,"A",600,"D",.,"A",175,"D",.,"A",.,"A",18,"D",.,"A",.,"A",.,"A",550,"D",.,"A",.,"A"
"20115",2305384,31,0,"1",.,"A",.,"A",.,"A",.,"A",.,"A",.,"A",.,"A",.,"A",.,"A",300,"D",0,"D",0,"D",.,"A",100,"D",.,"A"
"20115",2305405,72,0,"1",.,"A",.,"A",.,"A",.,"A",.,"A",.,"A",.,"A",.,"A",9,"D",.,"A",.,"A",.,"A",450,"D",.,"A",.,"A"
"20115",2305424,33,0,"1",.,"A",.,"A",.,"A",.,"A",12,"D",.,"A",.,"A",.,"A",9,"D",.,"A",.,"A",.,"A",.,"A",.,"A",.,"A"
"20115",2305494,41,0,"1",.,"A",.,"A",.,"A",.,"A",.,"A",.,"A",.,"A",.,"A",.,"A",.,"A",.,"A",.,"A",100,"D",.,"A",.,"A"
"20115",2305504,28,0,"1",.,"A",.,"A",.,"A",.,"A",.,"A",.,"A",.,"A",.,"A",.,"A",.,"A",.,"A",.,"A",.,"A",.,"A",.,"A"
"20115",2305535,71,0,"1",.,"A",.,"A",.,"A",.,"A",.,"A",.,"A",.,"A",.,"A",.,"A",.,"A",.,"A",.,"A",85,"D",.,"A",.,"A"
"20115",2305544,45,0,"1",.,"A",.,"A",.,"A",.,"A",.,"A",.,"A",.,"A",.,"A",.,"A",0,"D",0,"D",6,"D",15,"D",0,"D",.,"A"
"20115",2305575,59,0,"1",.,"A",.,"A",.,"A",.,"A",.,"A",12,"D",.,"A",.,"A",.,"A",.,"A",.,"A",.,"A",40,"D",.,"A",.,"A"
"20115",2305594,55,0,"1",.,"A",.,"A",.,"A",.,"A",.,"A",.,"A",.,"A",.,"A",.,"A",.,"A",.,"A",.,"A",90,"D",.,"A",.,"A"
"20115",2305645,91,0,"1",.,"A",.,"A",.,"A",.,"A",.,"A",70,"D",.,"A",.,"A",.,"A",.,"A",.,"A",.,"A",159,"D",.,"A",.,"A"
"20115",2305674,66,0,"1",.,"A",.,"A",30,"D",480,"D",.,"A",.,"A",.,"A",.,"A",.,"A",.,"A",.,"A",.,"A",650,"D",.,"A",.,"A"
"20115",2305695,51,0,"1",.,"A",.,"A",.,"A",.,"A",.,"A",240,"D",.,"A",.,"A",.,"A",750,"D",0,"D",0,"D",160,"F",250,"D",690,"D"
"20115",2305715,47,0,"1",.,"A",.,"A",.,"A",.,"A",.,"A",.,"A",.,"A",.,"A",300,"D",.,"A",.,"A",.,"A",15,"D",.,"A",.,"A"
"20115",2305735,67,0,"1",.,"A",.,"A",.,"A",.,"A",.,"A",.,"A",.,"A",.,"A",.,"A",.,"A",.,"A",.,"A",72,"D",.,"A",.,"A"
"20115",2305804,60,0,"1",25,"D",.,"A",.,"A",.,"A",50,"D",.,"A",.,"A",.,"A",.,"A",.,"A",.,"A",.,"A",.,"A",.,"A",.,"A"
"20115",2305814,40,0,"1",.,"A",.,"A",.,"A",.,"A",60,"D",22,"D",351,"D",.,"A",.,"A",.,"A",.,"A",.,"A",120,"D",.,"A",.,"A"
"20115",2305834,64,0,"1",.,"A",.,"A",.,"A",.,"A",.,"A",.,"A",.,"A",.,"A",.,"A",.,"A",.,"A",.,"A",.,"A",.,"A",.,"A"
"20115",2305855,33,0,"1",.,"A",.,"A",.,"A",.,"A",.,"A",.,"A",.,"A",.,"A",.,"A",.,"A",.,"A",.,"A",.,"A",.,"A",.,"A"
"20115",2305885,64,0,"1",20,"D",.,"A",.,"A",45,"D",40,"D",.,"A",39,"D",.,"A",15,"D",.,"A",.,"A",.,"A",120,"D",.,"A",.,"A"
"20115",2305904,63,0,"1",.,"A",.,"A",.,"A",.,"A",.,"A",.,"A",.,"A",.,"A",.,"A",.,"A",.,"A",.,"A",.,"A",.,"A",.,"A"
"20115",2305915,38,0,"1",.,"A",.,"A",.,"A",.,"A",.,"A",.,"A",.,"A",.,"A",.,"A",.,"A",.,"A",.,"A",.,"A",.,"A",.,"A"
"20115",2305924,35,0,"1",.,"A",.,"A",.,"A",.,"A",.,"A",.,"A",.,"A",.,"A",.,"A",.,"A",.,"A",.,"A",.,"A",.,"A",.,"A"
"20115",2305935,26,0,"1",.,"A",.,"A",.,"A",.,"A",.,"A",.,"A",.,"A",.,"A",.,"A",.,"A",.,"A",.,"A",13,"D",.,"A",.,"A"
"20115",2305954,37,0,"1",.,"A",.,"A",.,"A",.,"A",36,"D",.,"A",.,"A",.,"A",.,"A",.,"A",.,"A",.,"A",.,"A",.,"A",.,"A"
"20115",2305964,35,0,"1",.,"A",.,"A",.,"A",.,"A",.,"A",.,"A",.,"A",130,"D",27,"D",.,"A",.,"A",.,"A",.,"A",.,"A",.,"A"
"20115",2305975,37,0,"1",8,"D",.,"A",.,"A",.,"A",12,"D",.,"A",.,"A",.,"A",.,"A",.,"A",.,"A",.,"A",20,"D",.,"A",.,"A"
"20115",2306004,65,0,"1",.,"A",.,"A",52,"D",150,"D",.,"A",.,"A",975,"D",.,"A",.,"A",.,"A",.,"A",.,"A",20,"D",.,"A",.,"A"
"20115",2306034,97,0,"1",.,"A",.,"A",.,"A",500,"D",.,"A",.,"A",.,"A",130,"D",.,"A",.,"A",.,"A",.,"A",150,"D",.,"A",.,"A"
"20115",2306044,47,0,"1",.,"A",.,"A",.,"A",.,"A",.,"A",.,"A",.,"A",.,"A",.,"A",.,"A",.,"A",.,"A",200,"D",.,"A",.,"A"
"20115",2306054,68,0,"1",.,"A",.,"A",.,"A",.,"A",.,"A",.,"A",78,"D",.,"A",.,"A",.,"A",.,"A",.,"A",86,"D",.,"A",.,"A"
"20115",2306074,40,0,"1",.,"A",.,"A",.,"A",.,"A",.,"A",.,"A",.,"A",.,"A",.,"A",.,"A",.,"A",.,"A",20,"D",.,"A",.,"A"
"20115",2306115,59,0,"1",.,"A",.,"A",.,"A",.,"A",.,"A",.,"A",.,"A",.,"A",.,"A",.,"A",.,"A",.,"A",.,"A",.,"A",.,"A"
"20115",2306164,56,0,"1",.,"A",.,"A",.,"A",.,"A",.,"A",.,"A",.,"A",.,"A",30,"F",270,"F",135,"F",30,"F",50,"D",.,"C",.,"A"
"20115",2306175,51,0,"1",.,"A",.,"A",.,"A",.,"A",.,"A",.,"A",.,"A",.,"A",.,"A",.,"A",.,"A",.,"A",40,"D",.,"A",.,"A"
"20115",2306205,66,0,"1",.,"A",.,"A",.,"A",.,"A",.,"A",.,"A",.,"A",.,"A",18,"D",.,"A",.,"A",.,"A",60,"D",.,"A",.,"A"
"20115",2306224,54,0,"1",.,"A",.,"A",.,"A",.,"A",.,"A",.,"A",.,"A",.,"A",.,"A",.,"A",.,"A",.,"A",50,"D",.,"A",.,"A"
"20115",2306245,60,0,"1",.,"A",.,"A",.,"A",.,"A",.,"A",.,"A",.,"A",.,"A",.,"A",.,"A",.,"A",.,"A",.,"A",.,"A",.,"A"
"20115",2306285,57,0,"1",.,"A",.,"A",.,"A",.,"A",.,"A",.,"A",.,"A",.,"A",.,"A",.,"A",.,"A",.,"A",20,"D",.,"A",.,"A"
"20115",2306315,75,0,"1",20,"D",.,"A",.,"A",.,"A",0,"D",.,"A",.,"A",.,"A",30,"D",27,"D",0,"D",0,"D",.,"A",9,"D",.,"A"
"20115",2306374,64,0,"1",.,"A",.,"A",.,"A",.,"A",.,"A",.,"A",.,"A",.,"A",.,"A",180,"D",0,"D",0,"D",85,"D",60,"D",.,"A"
"20115",2306385,49,0,"1",.,"A",.,"A",.,"A",.,"A",.,"A",.,"A",156,"D",1274,"D",.,"A",.,"A",.,"A",.,"A",.,"A",.,"A",.,"A"
"20115",2306404,51,0,"1",.,"A",.,"A",.,"A",.,"A",.,"A",.,"A",.,"A",.,"A",.,"A",.,"A",.,"A",.,"A",.,"A",.,"A",.,"A"
"20115",2306424,38,0,"1",.,"A",.,"A",.,"A",.,"A",65,"D",.,"A",.,"A",.,"A",.,"A",.,"A",.,"A",.,"A",15,"D",.,"A",.,"A"
"20115",2306435,67,0,"1",.,"A",.,"A",.,"A",.,"A",.,"A",.,"A",.,"A",.,"A",.,"A",.,"A",.,"A",.,"A",.,"A",.,"A",.,"A"
"20115",2306444,45,0,"1",.,"A",.,"A",.,"A",.,"A",.,"A",20,"D",.,"A",.,"A",.,"A",.,"A",.,"A",.,"A",.,"A",.,"A",.,"A"
"20115",2306455,60,0,"1",.,"A",.,"A",.,"A",.,"A",.,"A",22,"D",.,"A",.,"A",.,"A",.,"A",.,"A",.,"A",.,"A",.,"A",.,"A"
"20115",2306474,33,0,"1",.,"A",.,"A",.,"A",.,"A",.,"A",.,"A",195,"D",.,"A",.,"A",.,"A",.,"A",.,"A",90,"D",.,"A",.,"A"
"20115",2306485,38,0,"1",.,"A",.,"A",.,"A",.,"A",86,"D",.,"A",.,"A",.,"A",.,"A",.,"A",.,"A",.,"A",125,"D",.,"A",.,"A"
"20115",2306505,36,0,"1",.,"A",.,"A",.,"A",.,"A",.,"A",.,"A",.,"A",.,"A",.,"A",.,"A",.,"A",.,"A",.,"A",.,"A",.,"A"
"20115",2306515,69,0,"1",.,"A",.,"A",.,"A",.,"A",.,"A",100,"D",.,"A",.,"A",.,"A",.,"A",.,"A",.,"A",40,"D",.,"A",.,"A"
"20115",2306534,42,0,"1",.,"A",.,"A",.,"A",.,"A",60,"D",.,"A",.,"A",.,"A",.,"A",.,"A",.,"A",.,"A",.,"A",.,"A",.,"A"
"20115",2306545,53,0,"1",.,"A",.,"A",.,"A",.,"A",.,"A",.,"A",.,"A",.,"A",.,"A",.,"A",.,"A",.,"A",.,"A",.,"A",.,"A"
"20115",2306584,31,0,"1",.,"A",.,"A",.,"A",20,"D",45,"D",.,"A",.,"A",.,"A",.,"A",0,"D",0,"D",300,"D",70,"D",0,"D",.,"A"
"20115",2306654,30,0,"1",.,"A",.,"A",.,"A",.,"A",.,"A",.,"A",.,"A",.,"A",.,"A",.,"A",.,"A",.,"A",.,"A",.,"A",.,"A"
"20115",2306665,36,0,"1",.,"A",.,"A",.,"A",.,"A",.,"A",.,"A",.,"A",.,"A",.,"A",.,"A",.,"A",.,"A",.,"A",.,"A",.,"A"
"20115",2306684,91,0,"1",.,"A",.,"A",.,"A",.,"A",.,"A",.,"A",195,"D",.,"A",.,"A",.,"A",.,"A",.,"A",70,"D",.,"A",.,"A"
"20115",2306695,48,0,"1",.,"A",.,"A",.,"A",.,"A",.,"A",.,"A",.,"A",.,"A",.,"A",.,"A",.,"A",.,"A",.,"A",.,"A",.,"A"
"20115",2306744,55,0,"1",.,"A",.,"A",.,"A",.,"A",.,"A",.,"A",.,"A",.,"A",.,"A",.,"A",.,"A",.,"A",280,"D",.,"A",.,"A"
"20115",2306774,49,0,"1",.,"A",.,"A",.,"A",.,"A",.,"A",.,"A",.,"A",.,"A",.,"A",.,"A",.,"A",.,"A",100,"D",.,"A",.,"A"
"20115",2306794,39,0,"1",.,"A",.,"A",.,"A",.,"A",.,"A",.,"A",.,"A",.,"A",.,"A",.,"A",.,"A",.,"A",120,"D",.,"A",.,"A"
"20115",2306815,35,0,"1",.,"A",.,"A",.,"A",.,"A",150,"D",.,"A",.,"A",.,"A",.,"A",.,"A",.,"A",.,"A",.,"A",.,"A",.,"A"
"20115",2306915,37,0,"1",.,"A",.,"A",.,"A",.,"A",.,"A",.,"A",.,"A",.,"A",.,"A",.,"A",.,"A",.,"A",.,"A",.,"A",.,"A"
"20115",2306935,61,0,"1",.,"A",.,"A",.,"A",.,"A",.,"A",50,"D",.,"A",.,"A",.,"A",.,"A",.,"A",.,"A",300,"D",.,"A",.,"A"
"20115",2306945,29,0,"1",.,"A",.,"A",.,"A",.,"A",.,"A",.,"A",.,"A",.,"A",.,"A",0,"D",0,"D",420,"D",.,"A",0,"D",.,"A"
"20115",2307014,48,0,"1",.,"A",.,"A",.,"A",.,"A",.,"A",.,"A",.,"A",.,"A",.,"A",.,"A",.,"A",.,"A",30,"D",.,"A",.,"A"
"20115",2307025,43,0,"1",.,"A",.,"A",.,"A",.,"A",.,"A",.,"A",.,"A",.,"A",.,"A",.,"A",.,"A",.,"A",.,"A",.,"A",.,"A"
"20115",2307035,39,0,"1",.,"A",.,"A",.,"A",.,"A",.,"A",.,"A",.,"A",.,"A",.,"A",.,"A",.,"A",.,"A",.,"A",.,"A",.,"A"
"20115",2307095,34,0,"1",.,"A",.,"A",.,"A",.,"A",.,"A",.,"A",.,"A",.,"A",.,"A",.,"A",.,"A",.,"A",.,"A",.,"A",.,"A"
"20115",2307124,28,0,"1",.,"A",.,"A",.,"A",.,"A",.,"A",.,"A",.,"A",.,"A",15,"D",0,"D",0,"D",0,"D",12,"D",0,"D",.,"A"
"20115",2307135,49,0,"1",.,"A",.,"A",.,"A",.,"A",.,"A",.,"A",.,"A",.,"A",.,"A",.,"A",.,"A",.,"A",.,"A",.,"A",.,"A"
"20115",2307154,106,0,"1",.,"A",.,"A",.,"A",.,"A",.,"A",121,"D",.,"A",.,"A",.,"A",.,"A",.,"A",.,"A",30,"D",.,"A",.,"A"
"20115",2307165,41,0,"1",.,"A",.,"A",.,"A",.,"A",.,"A",.,"A",.,"A",.,"A",.,"A",.,"A",.,"A",.,"A",.,"A",.,"A",.,"A"
"20115",2307175,75,0,"1",.,"A",.,"A",.,"A",.,"A",.,"A",60,"D",.,"A",.,"A",.,"A",.,"A",.,"A",.,"A",437,"D",.,"A",.,"A"
"20115",2307265,53,0,"1",.,"A",.,"A",.,"A",.,"A",.,"A",.,"A",.,"A",.,"A",.,"A",.,"A",.,"A",.,"A",19,"D",.,"A",.,"A"
"20115",2307284,47,0,"1",.,"A",.,"A",.,"A",.,"A",.,"A",.,"A",.,"A",.,"A",.,"A",540,"D",0,"D",0,"D",200,"D",180,"D",240,"D"
"20115",2307384,50,0,"1",.,"A",.,"A",.,"A",.,"A",.,"A",.,"A",.,"A",.,"A",.,"A",.,"A",.,"A",.,"A",90,"D",.,"A",.,"A"
"20115",2307395,39,0,"1",.,"A",.,"A",.,"A",.,"A",.,"A",.,"A",.,"A",.,"A",15,"F",.,"A",.,"A",.,"A",300,"F",.,"A",.,"A"
"20115",2307415,50,0,"1",.,"A",.,"A",.,"A",.,"A",.,"A",.,"A",195,"F",.,"A",.,"A",.,"A",.,"A",.,"A",.,"A",.,"A",.,"A"
"20115",2307454,78,0,"1",.,"A",.,"A",.,"A",.,"A",.,"A",.,"A",780,"D",.,"A",.,"A",.,"A",.,"A",.,"A",230,"D",.,"A",.,"A"
"20115",2307475,45,0,"1",.,"A",.,"A",.,"A",.,"A",.,"A",.,"A",.,"A",.,"A",.,"A",.,"A",.,"A",.,"A",40,"D",.,"A",.,"A"
"20115",2307495,64,0,"1",.,"A",.,"A",.,"A",.,"A",.,"A",.,"A",260,"D",.,"A",.,"A",.,"A",.,"A",.,"A",30,"D",.,"A",.,"A"
"20115",2307514,52,0,"1",.,"A",.,"A",.,"A",.,"A",.,"A",.,"A",.,"A",.,"A",.,"A",.,"A",.,"A",.,"A",200,"D",.,"A",.,"A"
"20115",2307535,63,0,"1",.,"A",.,"A",.,"A",.,"A",.,"A",.,"A",.,"A",.,"A",.,"A",.,"A",.,"A",.,"A",75,"D",.,"A",.,"A"
"20115",2307545,55,0,"1",.,"A",.,"A",.,"A",.,"A",.,"A",.,"A",.,"A",.,"A",.,"A",.,"A",.,"A",.,"A",50,"D",.,"A",.,"A"
"20115",2307585,68,0,"1",.,"A",.,"A",.,"A",.,"A",.,"A",.,"A",.,"A",.,"A",.,"A",.,"A",.,"A",.,"A",230,"D",.,"A",.,"A"
"20115",2307644,63,0,"1",.,"A",.,"A",.,"A",.,"A",.,"A",360,"D",.,"A",.,"A",.,"A",.,"A",.,"A",.,"A",480,"D",.,"A",.,"A"
"20115",2307684,34,0,"1",.,"A",.,"A",.,"A",.,"A",.,"A",.,"A",.,"A",.,"A",.,"A",.,"A",.,"A",.,"A",100,"D",.,"A",.,"A"
"20115",2307694,60,0,"1",240,"D",.,"A",.,"A",.,"A",120,"D",.,"A",.,"A",.,"A",.,"A",.,"A",.,"A",.,"A",72,"D",.,"A",.,"A"
"20115",2307705,48,0,"1",.,"A",.,"A",.,"A",.,"A",.,"A",.,"A",.,"A",.,"A",.,"A",.,"A",.,"A",.,"A",300,"D",.,"A",.,"A"
"20115",2307734,48,0,"1",.,"A",.,"A",.,"A",.,"A",.,"A",.,"A",.,"A",.,"A",18,"D",.,"A",.,"A",.,"A",.,"A",.,"A",.,"A"
"20115",2307754,53,0,"1",.,"A",.,"A",.,"A",.,"A",.,"A",100,"D",.,"A",.,"A",.,"A",.,"A",.,"A",.,"A",200,"D",.,"A",.,"A"
"20115",2307834,64,0,"1",.,"A",.,"A",.,"A",.,"A",.,"A",.,"A",.,"A",.,"A",.,"A",.,"A",.,"A",.,"A",.,"A",.,"A",.,"A"
"20115",2307884,64,0,"1",.,"A",.,"A",.,"A",.,"A",.,"A",8,"D",.,"A",.,"A",.,"A",.,"A",.,"A",.,"A",300,"D",.,"A",.,"A"
"20115",2307905,57,0,"1",.,"A",.,"A",.,"A",.,"A",.,"A",.,"A",.,"A",.,"A",.,"A",.,"A",.,"A",.,"A",.,"A",.,"A",.,"A"
"20115",2307925,58,0,"1",.,"A",.,"A",.,"A",.,"A",.,"A",100,"D",.,"A",.,"A",.,"A",.,"A",.,"A",.,"A",60,"D",.,"A",.,"A"
"20115",2307984,48,0,"1",8,"D",.,"A",.,"A",.,"A",0,"D",.,"A",260,"D",.,"A",.,"A",.,"A",.,"A",.,"A",.,"A",.,"A",.,"A"
"20115",2307995,25,0,"1",.,"A",.,"A",.,"A",.,"A",.,"A",.,"A",273,"D",.,"A",.,"A",90,"D",0,"D",90,"D",.,"A",30,"D",.,"A"
"20115",2308005,66,0,"1",.,"A",.,"A",.,"A",.,"A",.,"A",.,"A",.,"A",.,"A",.,"A",330,"D",0,"D",0,"D",75,"D",110,"D",.,"A"
"20115",2308025,70,0,"1",.,"A",.,"A",.,"A",.,"A",.,"A",.,"A",.,"A",.,"A",.,"A",.,"A",.,"A",.,"A",.,"A",.,"A",.,"A"
"20115",2308064,71,0,"1",.,"A",.,"A",.,"A",.,"A",.,"A",.,"A",.,"A",.,"A",.,"A",.,"A",.,"A",.,"A",320,"D",.,"A",.,"A"
"20115",2308093,43,0,"1",.,"A",.,"A",.,"A",.,"A",.,"A",.,"A",.,"A",.,"A",.,"A",.,"A",.,"A",.,"A",40,"D",.,"A",.,"A"
"20115",2308113,34,0,"1",.,"A",.,"A",.,"A",.,"A",.,"A",.,"A",.,"A",.,"A",.,"A",.,"A",.,"A",.,"A",.,"A",.,"A",.,"A"
"20115",2308133,57,0,"1",.,"A",.,"A",.,"A",.,"A",.,"A",45,"D",.,"A",.,"A",.,"A",.,"A",.,"A",.,"A",300,"D",.,"A",.,"A"
"20115",2308163,54,0,"1",.,"A",.,"A",.,"A",.,"A",.,"A",.,"A",.,"A",.,"A",.,"A",.,"A",.,"A",.,"A",200,"D",.,"A",.,"A"
"20115",2308183,50,0,"1",.,"A",.,"A",.,"A",.,"A",.,"A",.,"A",.,"A",.,"A",18,"D",0,"D",0,"D",51,"D",14,"D",0,"D",.,"A"
"20115",2308223,54,0,"1",.,"A",.,"A",.,"A",.,"A",.,"A",.,"A",.,"A",.,"A",.,"A",.,"A",.,"A",.,"A",45,"D",.,"A",.,"A"
"20115",2308233,40,0,"1",.,"A",.,"A",.,"A",.,"A",.,"A",.,"A",390,"D",.,"A",.,"A",.,"A",.,"A",.,"A",.,"A",.,"A",.,"A"
"20115",2308243,25,0,"1",.,"A",.,"A",.,"A",.,"A",.,"A",.,"A",1105,"D",.,"A",.,"A",.,"A",.,"A",.,"A",.,"A",.,"A",.,"A"
"20115",2308253,23,0,"1",.,"A",.,"A",.,"A",.,"A",.,"A",.,"A",.,"A",.,"A",.,"A",.,"A",.,"A",.,"A",150,"D",.,"A",.,"A"
"20115",2308273,39,0,"1",.,"A",.,"A",.,"A",.,"A",.,"A",.,"A",260,"D",.,"A",.,"A",.,"A",.,"A",.,"A",.,"A",.,"A",.,"A"
"20115",2308283,26,0,"1",.,"A",.,"A",.,"A",.,"A",.,"A",.,"A",130,"D",.,"A",.,"A",.,"A",.,"A",.,"A",.,"A",.,"A",.,"A"
"20115",2308293,34,0,"1",.,"A",.,"A",.,"A",.,"A",.,"A",.,"A",.,"A",.,"A",.,"A",.,"A",.,"A",.,"A",.,"A",.,"A",.,"A"
"20115",2308303,80,0,"1",.,"A",.,"A",.,"A",.,"A",.,"A",.,"A",.,"A",.,"A",.,"A",.,"A",.,"A",.,"A",0,"D",.,"A",.,"A"
"20115",2308323,67,0,"1",.,"A",.,"A",10,"D",.,"A",.,"A",40,"D",.,"A",.,"A",.,"A",.,"A",.,"A",.,"A",475,"D",.,"A",.,"A"
"20115",2308353,33,0,"1",.,"A",.,"A",.,"A",.,"A",.,"A",.,"A",.,"A",.,"A",.,"A",.,"A",.,"A",.,"A",.,"A",.,"A",.,"A"
"20115",2308403,35,0,"1",.,"A",.,"A",.,"A",.,"A",.,"A",75,"D",.,"A",.,"A",.,"A",.,"A",.,"A",.,"A",55,"D",.,"A",.,"A"
"20115",2308413,81,0,"1",.,"A",.,"A",.,"A",.,"A",.,"A",.,"A",.,"A",.,"A",.,"A",.,"A",.,"A",.,"A",65,"D",.,"A",.,"A"
"20115",2308453,48,0,"1",.,"A",.,"A",.,"A",.,"A",.,"A",.,"A",.,"A",.,"A",.,"A",.,"A",.,"A",.,"A",100,"D",.,"A",.,"A"
"20115",2308463,42,0,"1",.,"A",.,"A",.,"A",.,"A",.,"A",.,"A",325,"D",.,"A",.,"A",.,"A",.,"A",.,"A",70,"D",.,"A",.,"A"
"20115",2308483,44,0,"1",.,"A",.,"A",.,"A",.,"A",.,"A",.,"A",.,"A",.,"A",.,"A",.,"A",.,"A",.,"A",.,"A",.,"A",.,"A"
"20115",2308503,26,0,"1",.,"A",.,"A",.,"A",.,"A",.,"A",.,"A",.,"A",.,"A",.,"A",.,"A",.,"A",.,"A",120,"D",.,"A",.,"A"
"20115",2308543,27,0,"1",.,"A",.,"A",.,"A",.,"A",120,"D",.,"A",.,"A",.,"A",.,"A",.,"A",.,"A",.,"A",.,"A",.,"A",.,"A"
"20115",2308553,65,0,"1",.,"A",.,"A",.,"A",.,"A",.,"A",.,"A",.,"A",.,"A",90,"D",.,"A",.,"A",.,"A",200,"D",.,"A",.,"A"
"20115",2308563,42,0,"1",.,"A",.,"A",.,"A",.,"A",.,"A",.,"A",650,"D",.,"A",.,"A",300,"D",0,"D",0,"D",80,"D",100,"D",.,"A"
"20115",2308573,47,0,"1",.,"A",.,"A",.,"A",.,"A",.,"A",.,"A",.,"A",.,"A",.,"A",.,"A",.,"A",.,"A",.,"A",.,"A",.,"A"
"20115",2308583,30,0,"1",.,"A",.,"A",.,"A",.,"A",.,"A",.,"A",.,"A",.,"A",.,"A",.,"A",.,"A",.,"A",.,"A",.,"A",.,"A"
"20115",2308643,115,0,"1",.,"A",.,"A",.,"A",.,"A",.,"A",.,"A",.,"A",.,"A",18,"D",.,"A",.,"A",.,"A",200,"D",.,"A",.,"A"
"20115",2308663,41,0,"1",.,"A",.,"A",.,"A",.,"A",30,"D",.,"A",.,"A",.,"A",.,"A",.,"A",.,"A",.,"A",60,"D",.,"A",.,"A"
"20115",2308693,61,0,"1",.,"A",.,"A",.,"A",.,"A",.,"A",.,"A",455,"D",.,"A",.,"A",.,"A",.,"A",.,"A",.,"A",.,"A",.,"A"
"20115",2308703,44,0,"1",.,"A",.,"A",.,"A",.,"A",.,"A",.,"A",.,"A",.,"A",36,"D",.,"A",.,"A",.,"A",.,"A",.,"A",.,"A"
"20115",2308743,62,0,"1",.,"A",.,"A",35,"D",.,"A",.,"A",.,"A",.,"A",.,"A",.,"A",.,"A",.,"A",.,"A",54,"D",.,"A",.,"A"
"20115",2308773,62,0,"1",.,"A",.,"A",65,"D",.,"A",.,"A",60,"D",.,"A",.,"A",.,"A",.,"A",.,"A",.,"A",90,"D",.,"A",.,"A"
"20115",2308793,51,0,"1",.,"A",.,"A",.,"A",.,"A",.,"A",.,"A",.,"A",.,"A",.,"A",.,"A",.,"A",.,"A",.,"A",.,"A",.,"A"
"20115",2308813,36,0,"1",.,"A",.,"A",.,"A",.,"A",.,"A",.,"A",.,"A",.,"A",.,"A",.,"A",.,"A",.,"A",60,"D",.,"A",.,"A"
"20115",2308823,33,0,"1",.,"A",.,"A",.,"A",.,"A",150,"D",.,"A",65,"D",.,"A",.,"A",.,"A",.,"A",.,"A",.,"A",.,"A",.,"A"
"20115",2308843,46,0,"1",.,"A",.,"A",.,"A",.,"A",.,"A",.,"A",520,"D",.,"A",.,"A",.,"A",.,"A",.,"A",120,"D",.,"A",.,"A"
"20115",2308853,47,0,"1",.,"A",.,"A",.,"A",.,"A",24,"D",.,"A",.,"A",.,"A",.,"A",.,"A",.,"A",.,"A",.,"A",.,"A",.,"A"
"20115",2308863,45,0,"1",.,"A",.,"A",.,"A",.,"A",.,"A",.,"A",.,"A",.,"A",.,"A",.,"A",.,"A",.,"A",.,"A",.,"A",.,"A"
"20115",2308883,70,0,"1",.,"A",.,"A",.,"A",.,"A",.,"A",.,"A",455,"D",195,"D",.,"A",.,"A",.,"A",.,"A",90,"D",.,"A",.,"A"
"20115",2308895,28,0,"1",.,"A",.,"A",.,"A",.,"A",.,"A",.,"A",.,"A",.,"A",.,"A",.,"A",.,"A",.,"A",40,"D",.,"A",.,"A"
"20115",2308913,41,0,"1",.,"A",.,"A",.,"A",.,"A",.,"A",15,"D",.,"A",.,"A",.,"A",.,"A",.,"A",.,"A",240,"D",.,"A",.,"A"
"20115",2308953,34,0,"1",.,"A",.,"A",.,"A",.,"A",.,"A",.,"A",.,"A",.,"A",.,"A",.,"A",.,"A",.,"A",.,"A",.,"A",.,"A"
"20115",2308973,58,0,"1",.,"A",.,"A",.,"A",.,"A",.,"A",40,"D",.,"A",.,"A",.,"A",.,"A",.,"A",.,"A",252,"D",.,"A",.,"A"
"20115",2308983,55,0,"1",.,"A",110,"D",.,"A",12,"D",.,"A",0,"D",.,"A",.,"A",30,"D",270,"D",0,"D",30,"D",180,"D",90,"D",270,"D"
"20115",2308993,55,0,"1",.,"A",.,"A",.,"A",360,"D",20,"D",.,"A",.,"A",.,"A",.,"A",.,"A",.,"A",.,"A",240,"D",.,"A",.,"A"
"20115",2309053,39,0,"1",.,"A",.,"A",.,"A",.,"A",.,"A",.,"A",.,"A",.,"A",.,"A",.,"A",.,"A",.,"A",60,"D",.,"A",.,"A"
"20115",2309063,66,0,"1",.,"A",.,"A",30,"F",.,"A",.,"A",.,"A",650,"D",.,"A",.,"A",.,"A",.,"A",.,"A",60,"D",.,"A",.,"A"
"20115",2309093,48,0,"1",.,"A",.,"A",18,"D",.,"A",.,"A",.,"A",.,"A",.,"A",.,"A",.,"A",.,"A",.,"A",200,"D",.,"A",.,"A"
"20115",2309123,74,0,"1",.,"A",.,"A",.,"A",.,"A",.,"A",.,"A",.,"A",.,"A",.,"A",.,"A",.,"A",.,"A",375,"D",.,"A",.,"A"
"20115",2309143,84,0,"1",.,"A",.,"A",.,"A",.,"A",5,"D",.,"A",585,"D",.,"A",.,"A",.,"A",.,"A",.,"A",133,"D",.,"A",.,"A"
"20115",2309193,47,0,"1",.,"A",.,"A",.,"A",.,"A",.,"A",.,"A",.,"A",.,"A",.,"A",.,"A",.,"A",.,"A",800,"D",.,"A",.,"A"
"20115",2309203,38,0,"1",.,"A",.,"A",.,"A",.,"A",.,"A",.,"A",.,"A",.,"A",.,"A",.,"A",.,"A",.,"A",11,"D",.,"A",.,"A"
"20115",2309213,50,0,"1",.,"A",.,"A",.,"A",.,"A",.,"A",30,"D",325,"D",.,"A",.,"A",.,"A",.,"A",.,"A",.,"A",.,"A",.,"A"
"20115",2309223,48,0,"1",.,"A",.,"A",.,"A",.,"A",.,"A",.,"A",.,"A",.,"A",.,"A",.,"A",.,"A",.,"A",.,"A",.,"A",.,"A"
"20115",2309233,32,0,"1",.,"A",.,"A",.,"A",.,"A",.,"A",.,"A",.,"A",.,"A",.,"A",.,"A",.,"A",.,"A",.,"A",.,"A",.,"A"
"20115",2309243,64,0,"1",.,"A",.,"A",.,"A",.,"A",.,"A",.,"A",.,"A",.,"A",.,"A",.,"A",.,"A",.,"A",150,"D",.,"A",.,"A"
"20115",2309273,55,0,"1",.,"A",.,"A",.,"A",.,"A",.,"A",.,"A",.,"A",.,"A",36,"D",.,"A",.,"A",.,"A",.,"A",.,"A",.,"A"
"20115",2309293,53,0,"1",.,"A",.,"A",.,"A",.,"A",.,"A",.,"A",.,"A",.,"A",.,"A",.,"A",.,"A",.,"A",20,"D",.,"A",.,"A"
"20115",2309313,82,0,"1",.,"A",.,"A",.,"A",.,"A",.,"A",.,"A",.,"A",.,"A",33,"D",.,"A",.,"A",.,"A",404,"D",.,"A",.,"A"
"20115",2309333,31,0,"1",.,"A",.,"A",.,"A",.,"A",10,"D",.,"A",.,"A",.,"A",.,"A",0,"D",0,"D",0,"D",.,"A",0,"D",.,"A"
"20115",2309343,48,0,"1",.,"A",.,"A",.,"A",.,"A",.,"A",.,"A",.,"A",.,"A",.,"A",.,"A",.,"A",.,"A",70,"D",.,"A",.,"A"
"20115",2309363,51,0,"1",.,"A",.,"A",.,"A",.,"A",.,"A",.,"A",520,"D",.,"A",.,"A",.,"A",.,"A",.,"A",.,"A",.,"A",.,"A"
"20115",2309383,43,0,"1",.,"A",.,"A",.,"A",.,"A",30,"D",.,"A",.,"A",.,"A",18,"D",.,"A",.,"A",.,"A",.,"A",.,"A",.,"A"
"20115",2309403,27,0,"1",12,"D",.,"A",.,"A",.,"A",23,"D",.,"A",.,"A",.,"A",45,"D",.,"A",.,"A",.,"A",27,"D",.,"A",.,"A"
"20115",2309413,33,0,"1",.,"A",.,"A",.,"A",.,"A",.,"A",.,"A",650,"D",.,"A",.,"A",.,"A",.,"A",.,"A",.,"A",.,"A",.,"A"
"20115",2309463,49,0,"1",5,"D",.,"A",.,"A",.,"A",15,"D",.,"A",.,"A",.,"A",.,"A",.,"A",.,"A",.,"A",.,"A",.,"A",.,"A"
"20115",2309473,49,0,"1",75,"D",.,"A",.,"A",.,"A",75,"D",120,"D",.,"A",.,"A",.,"A",450,"D",0,"D",0,"D",150,"D",150,"D",.,"A"
"20115",2309503,53,0,"1",.,"A",.,"A",.,"A",.,"A",.,"A",.,"A",.,"A",.,"A",.,"A",.,"A",.,"A",.,"A",.,"A",.,"A",.,"A"
"20115",2309563,45,0,"1",.,"A",.,"A",.,"A",.,"A",.,"A",30,"D",.,"A",.,"A",.,"A",.,"A",.,"A",.,"A",177,"D",.,"A",.,"A"
"20115",2309623,55,0,"1",.,"A",.,"A",.,"A",.,"A",.,"A",60,"D",.,"A",.,"A",.,"A",.,"A",.,"A",.,"A",360,"D",.,"A",.,"A"
"20115",2309663,39,0,"1",.,"A",.,"A",.,"A",.,"A",.,"A",.,"A",.,"A",.,"A",.,"A",.,"A",.,"A",.,"A",180,"D",.,"A",.,"A"
"20115",2309703,64,0,"1",.,"A",.,"A",.,"A",.,"A",.,"A",.,"A",.,"A",.,"A",90,"D",.,"A",.,"A",.,"A",100,"D",.,"A",.,"A"
"20115",2309713,34,0,"1",.,"A",.,"A",.,"A",.,"A",.,"A",.,"A",.,"A",.,"A",.,"A",.,"A",.,"A",.,"A",.,"A",.,"A",.,"A"
"20115",2309723,72,0,"1",.,"A",.,"A",.,"A",.,"A",.,"A",.,"A",.,"A",.,"A",.,"A",.,"A",.,"A",.,"A",.,"A",.,"A",.,"A"
"20115",2309733,31,0,"1",.,"A",.,"A",.,"A",.,"A",.,"A",.,"A",.,"A",.,"A",.,"A",.,"A",.,"A",.,"A",.,"A",.,"A",.,"A"
"20115",2309743,44,0,"1",.,"A",.,"A",.,"A",.,"A",.,"A",.,"A",.,"A",.,"A",.,"A",.,"A",.,"A",.,"A",300,"D",.,"A",.,"A"
"20115",2309773,34,0,"1",.,"A",.,"A",.,"A",.,"A",.,"A",.,"A",.,"A",.,"A",.,"A",.,"A",.,"A",.,"A",.,"A",.,"A",.,"A"
"20115",2309843,52,0,"1",.,"A",.,"A",45,"D",.,"A",.,"A",.,"A",.,"A",.,"A",.,"A",.,"A",.,"A",.,"A",150,"D",.,"A",.,"A"
"20115",2309853,34,0,"1",.,"A",.,"A",.,"A",60,"F",.,"A",18,"F",.,"A",.,"A",.,"A",0,"D",0,"D",90,"F",14,"F",0,"D",.,"A"
"20115",2309863,64,0,"1",.,"A",.,"A",.,"A",.,"A",.,"A",.,"A",.,"A",.,"A",.,"A",.,"A",.,"A",.,"A",120,"D",.,"A",.,"A"
"20115",2309873,26,0,"1",.,"A",.,"A",.,"A",.,"A",60,"D",.,"A",.,"A",.,"A",.,"A",.,"A",.,"A",.,"A",.,"A",.,"A",.,"A"
"20115",2309883,74,0,"1",.,"A",.,"A",.,"A",.,"A",.,"A",.,"A",.,"A",.,"A",.,"A",.,"A",.,"A",.,"A",110,"D",.,"A",.,"A"
"20115",2309933,48,0,"1",.,"A",.,"A",.,"A",.,"A",.,"A",.,"A",.,"A",.,"A",.,"A",.,"A",.,"A",.,"A",.,"A",.,"A",.,"A"
"20115",2309973,25,0,"1",50,"D",.,"A",.,"A",.,"A",50,"D",.,"A",.,"A",.,"A",.,"A",.,"A",.,"A",.,"A",.,"A",.,"A",.,"A"
"20115",2309983,44,0,"1",.,"A",.,"A",.,"A",240,"D",.,"A",260,"D",.,"A",.,"A",.,"A",.,"A",.,"A",.,"A",60,"D",.,"A",.,"A"
"20115",2310013,74,0,"1",.,"A",.,"A",.,"A",180,"D",40,"D",160,"D",104,"D",.,"A",24,"D",.,"A",.,"A",.,"A",480,"D",.,"A",.,"A"
"20115",2310023,47,0,"1",.,"A",.,"A",.,"A",.,"A",.,"A",.,"A",455,"D",.,"A",.,"A",.,"A",.,"A",.,"A",.,"A",.,"A",.,"A"
"20115",2310033,35,0,"1",.,"A",.,"A",.,"A",.,"A",.,"A",.,"A",.,"A",.,"A",.,"A",0,"D",0,"D",90,"D",.,"A",0,"D",.,"A"
"20115",2310043,69,0,"1",.,"A",.,"A",.,"A",.,"A",.,"A",.,"A",.,"A",.,"A",.,"A",.,"A",.,"A",.,"A",106,"D",.,"A",.,"A"
"20115",2310053,35,0,"1",.,"A",.,"A",.,"A",.,"A",.,"A",.,"A",585,"D",.,"A",.,"A",.,"A",.,"A",.,"A",.,"A",.,"A",.,"A"
"20115",2310083,60,0,"1",.,"A",.,"A",.,"A",.,"A",.,"A",.,"A",.,"A",.,"A",.,"A",.,"A",.,"A",.,"A",435,"D",.,"A",.,"A"
"20115",2310093,66,0,"1",.,"A",.,"A",21,"D",.,"A",.,"A",.,"A",.,"A",.,"A",.,"A",.,"A",.,"A",.,"A",60,"D",.,"A",.,"A"
"20115",2310113,43,0,"1",.,"A",.,"A",.,"A",.,"A",.,"A",.,"A",.,"A",.,"A",.,"A",.,"A",.,"A",.,"A",140,"D",.,"A",.,"A"
"20115",2310133,85,0,"1",.,"A",.,"A",.,"A",.,"A",30,"D",.,"A",.,"A",.,"A",6,"D",.,"A",.,"A",.,"A",40,"D",.,"A",.,"A"
"20115",2310143,56,0,"1",.,"A",.,"A",.,"A",.,"A",.,"A",.,"A",.,"A",.,"A",.,"A",.,"A",.,"A",.,"A",46,"D",.,"A",.,"A"
"20115",2310163,46,0,"1",.,"A",.,"A",.,"A",.,"A",.,"A",.,"A",.,"A",.,"A",.,"A",.,"A",.,"A",.,"A",250,"D",.,"A",.,"A"
"20115",2310173,36,0,"1",.,"A",.,"A",.,"A",.,"A",.,"A",.,"A",.,"A",.,"A",.,"A",.,"A",.,"A",.,"A",.,"A",.,"A",.,"A"
"20115",2310183,37,0,"1",.,"A",.,"A",.,"A",.,"A",.,"A",.,"A",78,"D",.,"A",.,"A",.,"A",.,"A",.,"A",.,"A",.,"A",.,"A"
"20115",2310193,174,0,"1",.,"A",.,"A",.,"A",.,"A",.,"A",.,"A",.,"A",.,"A",.,"A",.,"A",.,"A",.,"A",.,"A",.,"A",.,"A"
"20115",2310203,48,0,"1",.,"A",.,"A",65,"D",.,"A",.,"A",.,"A",.,"A",.,"A",.,"A",66,"D",0,"D",0,"D",.,"A",22,"D",66,"D"
"20115",2310243,29,0,"1",.,"A",.,"A",.,"A",.,"A",.,"A",.,"A",.,"A",.,"A",.,"A",.,"A",.,"A",.,"A",.,"A",.,"A",.,"A"
"20115",2310253,50,0,"1",.,"A",.,"A",.,"A",.,"A",.,"A",.,"A",.,"A",.,"A",.,"A",.,"A",.,"A",.,"A",.,"A",.,"A",.,"A"
"20115",2310273,54,0,"1",.,"A",.,"A",.,"A",.,"A",.,"A",.,"A",.,"A",.,"A",.,"A",.,"A",.,"A",.,"A",260,"D",.,"A",.,"A"
"20115",2310323,42,0,"1",.,"A",.,"A",.,"A",30,"D",.,"A",36,"D",.,"A",.,"A",.,"A",648,"D",135,"D",0,"D",.,"A",216,"D",.,"A"
"20115",2310363,45,0,"1",.,"A",.,"A",.,"A",.,"A",.,"A",40,"D",.,"A",.,"A",.,"A",.,"A",.,"A",.,"A",.,"A",.,"A",.,"A"
"20115",2310373,49,0,"1",.,"A",.,"A",.,"A",.,"A",.,"A",120,"D",.,"A",.,"A",.,"A",.,"A",.,"A",.,"A",330,"D",.,"A",.,"A"
"20115",2310403,33,0,"1",.,"A",.,"A",.,"A",.,"A",20,"D",20,"D",.,"A",.,"A",.,"A",.,"A",.,"A",.,"A",120,"D",.,"A",.,"A"
"20115",2310434,29,0,"1",.,"A",.,"A",.,"A",.,"A",.,"A",.,"A",.,"A",.,"A",.,"A",.,"A",.,"A",.,"A",.,"A",.,"A",.,"A"
"20115",2310453,65,0,"1",.,"A",.,"A",.,"A",.,"A",.,"A",.,"A",.,"A",.,"A",.,"A",.,"A",.,"A",.,"A",.,"A",.,"A",.,"A"
"20115",2310475,38,0,"1",.,"A",.,"A",.,"A",.,"A",.,"A",.,"A",.,"A",.,"A",.,"A",.,"A",.,"A",.,"A",.,"A",.,"A",.,"A"
"20115",2310493,53,0,"1",.,"A",.,"A",.,"A",.,"A",.,"A",.,"A",.,"A",.,"A",.,"A",.,"A",.,"A",.,"A",75,"D",.,"A",.,"A"
"20115",2310513,62,0,"1",.,"A",.,"A",.,"A",.,"A",.,"A",.,"A",546,"D",.,"A",.,"A",.,"A",.,"A",.,"A",110,"D",.,"A",.,"A"
"20115",2310533,37,0,"1",.,"A",.,"A",.,"A",.,"A",.,"A",.,"A",.,"A",.,"A",.,"A",0,"D",0,"D",30,"D",.,"A",0,"D",.,"A"
"20115",2310543,41,0,"1",.,"A",.,"A",.,"A",.,"A",.,"A",.,"A",.,"A",.,"A",.,"A",.,"A",.,"A",.,"A",200,"D",.,"A",.,"A"
"20115",2310553,42,0,"1",.,"A",.,"A",.,"A",.,"A",.,"A",.,"A",.,"A",.,"A",6,"D",.,"A",.,"A",.,"A",20,"D",.,"A",.,"A"
"20115",2310563,45,0,"1",.,"A",.,"A",.,"A",.,"A",.,"A",.,"A",.,"A",.,"A",.,"A",.,"A",.,"A",.,"A",22,"D",.,"A",.,"A"
"20115",2310583,75,0,"1",.,"A",.,"A",.,"A",.,"A",.,"A",100,"D",.,"A",.,"A",.,"A",.,"A",.,"A",.,"A",100,"D",.,"A",.,"A"
"20115",2310593,48,0,"1",.,"A",.,"A",.,"A",.,"A",.,"A",.,"A",.,"A",.,"A",.,"A",.,"A",.,"A",.,"A",.,"A",.,"A",.,"A"
"20115",2310633,51,0,"1",.,"A",.,"A",.,"A",.,"A",.,"A",.,"A",.,"A",.,"A",.,"A",.,"A",.,"A",.,"A",60,"D",.,"A",.,"A"
"20115",2310643,91,0,"1",.,"A",.,"A",.,"A",.,"A",.,"A",150,"D",91,"D",.,"A",.,"A",.,"A",.,"A",.,"A",260,"D",.,"A",.,"A"
"20115",2310653,46,0,"1",.,"A",.,"A",.,"A",.,"A",.,"A",.,"A",.,"A",.,"A",.,"A",.,"A",.,"A",.,"A",.,"A",.,"A",.,"A"
"20115",2310663,24,0,"1",.,"A",.,"A",.,"A",.,"A",.,"A",.,"A",.,"A",.,"A",.,"A",.,"A",.,"A",.,"A",.,"A",.,"A",.,"A"
"20115",2310673,33,0,"1",.,"A",.,"A",.,"A",.,"A",.,"A",.,"A",.,"A",.,"A",.,"A",.,"A",.,"A",.,"A",.,"A",.,"A",.,"A"
"20115",2310693,43,0,"1",.,"A",.,"A",.,"A",.,"A",.,"A",.,"A",.,"A",.,"A",.,"A",.,"A",.,"A",.,"A",.,"A",.,"A",.,"A"
"20115",2310703,36,0,"1",.,"A",.,"A",.,"A",.,"A",60,"D",.,"A",455,"D",.,"A",.,"A",180,"D",6,"D",90,"D",30,"D",60,"D",.,"A"
"20115",2310713,45,0,"1",.,"A",.,"A",.,"A",.,"A",.,"A",.,"A",.,"A",.,"A",.,"A",.,"A",.,"A",.,"A",.,"A",.,"A",.,"A"
"20115",2310723,51,0,"1",.,"A",.,"A",.,"A",.,"A",.,"A",.,"A",.,"A",.,"A",.,"A",.,"A",.,"A",.,"A",15,"D",.,"A",.,"A"
"20115",2310733,96,0,"1",.,"A",.,"A",.,"A",.,"A",.,"A",25,"D",.,"A",.,"A",60,"D",45,"D",0,"D",0,"D",200,"D",15,"D",.,"A"
"20115",2310743,53,0,"1",.,"A",.,"A",.,"A",.,"A",.,"A",.,"A",.,"A",156,"D",.,"A",.,"A",.,"A",.,"A",100,"D",.,"A",.,"A"
"20115",2310763,63,0,"1",.,"A",.,"A",.,"A",.,"A",.,"A",.,"A",.,"A",.,"A",.,"A",1035,"D",0,"D",0,"D",200,"D",345,"D",.,"A"
"20115",2310775,32,0,"1",.,"A",.,"A",.,"A",.,"A",30,"D",.,"A",.,"A",.,"A",.,"A",.,"A",.,"A",.,"A",12,"D",.,"A",.,"A"
"20115",2310783,43,0,"1",.,"A",.,"A",.,"A",.,"A",.,"A",.,"A",.,"A",.,"A",.,"A",.,"A",.,"A",.,"A",.,"A",.,"A",.,"A"
"20115",2310833,27,0,"1",.,"A",.,"A",.,"A",.,"A",.,"A",.,"A",.,"A",.,"A",.,"A",.,"A",.,"A",.,"A",.,"A",.,"A",.,"A"
"20115",2310843,78,0,"1",.,"A",.,"A",.,"A",.,"A",.,"A",6,"D",.,"A",.,"A",75,"D",.,"A",.,"A",.,"A",320,"D",.,"A",.,"A"
"20115",2310853,32,0,"1",.,"A",.,"A",.,"A",.,"A",.,"A",.,"A",221,"D",.,"A",.,"A",261,"D",0,"D",0,"D",.,"A",87,"D",.,"A"
"20115",2310883,38,0,"1",.,"A",.,"A",.,"A",.,"A",.,"A",.,"A",.,"A",.,"A",.,"A",.,"A",.,"A",.,"A",120,"D",.,"A",.,"A"
"20115",2310904,27,0,"1",2,"D",.,"A",.,"A",.,"A",4,"D",.,"A",.,"A",.,"A",.,"A",.,"A",.,"A",.,"A",10,"D",.,"A",.,"A"
"20115",2310913,64,0,"1",.,"A",.,"A",.,"A",.,"A",.,"A",.,"A",.,"A",.,"A",.,"A",.,"A",.,"A",.,"A",.,"A",.,"A",.,"A"
"20115",2310923,65,0,"1",.,"A",.,"A",.,"A",.,"A",.,"A",.,"A",.,"A",.,"A",78,"D",.,"A",.,"A",.,"A",30,"D",.,"A",.,"A"
"20115",2310933,40,0,"1",.,"A",.,"A",.,"A",.,"A",.,"A",.,"A",.,"A",.,"A",.,"A",.,"A",.,"A",.,"A",.,"A",.,"A",.,"A"
"20115",2310963,31,0,"1",.,"A",.,"A",.,"A",.,"A",.,"A",.,"A",.,"A",.,"A",.,"A",.,"A",.,"A",.,"A",40,"D",.,"A",.,"A"
"20115",2311013,50,0,"1",.,"A",.,"A",.,"A",.,"A",.,"A",.,"A",.,"A",.,"A",.,"A",.,"A",.,"A",.,"A",.,"A",.,"A",.,"A"
"20115",2311033,39,0,"1",.,"A",.,"A",.,"A",.,"A",.,"A",.,"A",.,"A",.,"A",.,"A",.,"A",.,"A",.,"A",50,"D",.,"A",.,"A"
"20115",2311043,44,0,"1",.,"A",.,"A",.,"A",.,"A",.,"A",.,"A",.,"A",.,"A",.,"A",.,"A",.,"A",.,"A",.,"A",.,"A",.,"A"
"20115",2311053,30,0,"1",.,"A",.,"A",.,"A",.,"A",24,"D",.,"A",325,"D",.,"A",.,"A",.,"A",.,"A",.,"A",.,"A",.,"A",.,"A"
"20115",2311063,48,0,"1",.,"A",.,"A",.,"A",.,"A",.,"A",.,"A",.,"A",.,"A",60,"D",.,"A",.,"A",.,"A",225,"D",.,"A",.,"A"
"20115",2311083,38,0,"1",.,"A",.,"A",.,"A",.,"A",.,"A",.,"A",.,"A",.,"A",.,"A",.,"A",.,"A",.,"A",.,"A",.,"A",.,"A"
"20115",2311133,53,0,"1",.,"A",.,"A",.,"A",.,"A",76,"D",.,"A",.,"A",.,"A",.,"A",.,"A",.,"A",.,"A",54,"D",.,"A",.,"A"
"20115",2311145,44,0,"1",.,"A",.,"A",.,"A",.,"A",20,"D",.,"A",.,"A",.,"A",.,"A",.,"A",.,"A",.,"A",.,"A",.,"A",.,"A"
"20115",2311153,50,0,"1",.,"A",.,"A",.,"A",.,"A",.,"A",.,"A",.,"A",.,"A",.,"A",.,"A",.,"A",.,"A",20,"D",.,"A",.,"A"
"20115",2311163,66,0,"1",.,"A",.,"A",.,"A",.,"A",.,"A",35,"D",.,"A",.,"A",.,"A",.,"A",.,"A",.,"A",180,"D",.,"A",.,"A"
"20115",2311193,47,0,"1",.,"A",.,"A",.,"A",.,"A",.,"A",10,"D",.,"A",.,"A",210,"D",.,"A",.,"A",.,"A",30,"D",.,"A",.,"A"
"20115",2311203,38,0,"1",.,"A",.,"A",.,"A",.,"A",.,"A",.,"A",.,"A",.,"A",.,"A",.,"A",.,"A",.,"A",.,"A",.,"A",.,"A"
"20115",2311223,34,0,"1",.,"A",.,"A",.,"A",.,"A",.,"A",.,"A",.,"A",.,"A",.,"A",.,"A",.,"A",.,"A",.,"A",.,"A",.,"A"
"20115",2311233,98,0,"1",.,"A",.,"A",.,"A",.,"A",.,"A",150,"D",.,"A",.,"A",18,"D",.,"A",.,"A",.,"A",450,"D",.,"A",.,"A"
"20115",2311243,42,0,"1",.,"A",.,"A",.,"A",.,"A",.,"A",.,"A",676,"D",.,"A",.,"A",.,"A",.,"A",.,"A",.,"A",.,"A",.,"A"
"20115",2311273,33,0,"1",.,"A",.,"A",.,"A",.,"A",.,"A",.,"A",.,"A",.,"A",.,"A",.,"A",.,"A",.,"A",150,"D",.,"A",.,"A"
"20115",2311293,34,0,"1",.,"A",.,"A",.,"A",.,"A",.,"A",.,"A",.,"A",.,"A",.,"A",.,"A",.,"A",.,"A",.,"A",.,"A",.,"A"
"20115",2311313,33,0,"1",.,"A",.,"A",.,"A",.,"A",.,"A",.,"A",.,"A",.,"A",.,"A",.,"A",.,"A",.,"A",35,"D",.,"A",.,"A"
"20115",2311343,69,0,"1",.,"A",.,"A",.,"A",.,"A",.,"A",.,"A",.,"A",.,"A",.,"A",.,"A",.,"A",.,"A",190,"D",.,"A",.,"A"
"20115",2311353,25,0,"1",6,"D",.,"A",.,"A",.,"A",18,"D",.,"A",.,"A",.,"A",.,"A",42,"D",0,"D",42,"D",.,"A",14,"D",.,"A"
"20115",2311383,23,0,"1",.,"A",.,"A",.,"A",40,"D",15,"D",.,"A",.,"A",.,"A",.,"A",.,"A",.,"A",.,"A",10,"D",.,"A",.,"A"
"20115",2311403,47,0,"1",.,"A",.,"A",.,"A",.,"A",.,"A",.,"A",910,"D",.,"A",.,"A",.,"A",.,"A",.,"A",.,"A",.,"A",.,"A"
"20115",2311413,70,0,"1",.,"A",.,"A",.,"A",.,"A",.,"A",74,"D",.,"A",.,"A",.,"A",.,"A",.,"A",.,"A",.,"A",.,"A",.,"A"
"20115",2311423,32,0,"1",.,"A",.,"A",.,"A",.,"A",.,"A",.,"A",.,"A",.,"A",.,"A",.,"A",.,"A",.,"A",.,"A",.,"A",.,"A"
"20115",2311433,70,0,"1",.,"A",.,"A",.,"A",.,"A",.,"A",.,"A",.,"A",.,"A",.,"A",.,"A",.,"A",.,"A",60,"D",.,"A",.,"A"
"20115",2311453,37,0,"1",.,"A",.,"A",.,"A",.,"A",.,"A",.,"A",.,"A",.,"A",.,"A",.,"A",.,"A",.,"A",.,"A",.,"A",.,"A"
"20115",2311463,64,0,"1",.,"A",.,"A",.,"A",.,"A",.,"A",50,"D",.,"A",.,"A",.,"A",.,"A",.,"A",.,"A",80,"D",.,"A",.,"A"
"20115",2311483,56,0,"1",.,"A",.,"A",.,"A",.,"A",.,"A",.,"A",.,"A",.,"A",.,"A",.,"A",.,"A",.,"A",135,"D",.,"A",.,"A"
"20115",2311493,49,0,"1",.,"A",.,"A",.,"A",.,"A",20,"D",20,"D",.,"A",.,"A",.,"A",90,"D",6,"D",0,"D",40,"D",30,"D",.,"A"
"20115",2311503,23,0,"1",.,"A",.,"A",.,"A",.,"A",12,"D",.,"A",.,"A",.,"A",.,"A",.,"A",.,"A",.,"A",.,"A",.,"A",.,"A"
"20115",2311513,54,0,"1",.,"A",.,"A",.,"A",.,"A",.,"A",.,"A",.,"A",.,"A",.,"A",.,"A",.,"A",.,"A",.,"A",.,"A",.,"A"
"20115",2311533,47,0,"1",60,"D",.,"A",.,"A",.,"A",120,"D",.,"A",.,"A",.,"A",.,"A",.,"A",.,"A",.,"A",.,"A",.,"A",.,"A"
"20115",2311543,50,0,"1",.,"A",.,"A",.,"A",.,"A",.,"A",.,"A",260,"D",.,"A",24,"D",.,"A",.,"A",.,"A",25,"D",.,"A",.,"A"
"20115",2311573,44,0,"1",.,"A",.,"A",.,"A",.,"A",.,"A",.,"A",.,"A",.,"A",.,"A",.,"A",.,"A",.,"A",.,"A",.,"A",.,"A"
"20115",2311583,43,0,"1",.,"A",.,"A",.,"A",.,"A",.,"A",.,"A",.,"A",.,"A",.,"A",.,"A",.,"A",.,"A",250,"D",.,"A",.,"A"
"20115",2311613,40,0,"1",.,"A",.,"A",.,"A",.,"A",.,"A",.,"A",.,"A",.,"A",.,"A",.,"A",.,"A",.,"A",.,"A",.,"A",.,"A"
"20115",2311633,41,0,"1",.,"A",.,"A",.,"A",.,"A",.,"A",.,"A",.,"A",.,"A",.,"A",.,"A",.,"A",.,"A",20,"D",.,"A",.,"A"
"20115",2311643,67,0,"1",.,"A",.,"A",.,"A",.,"A",.,"A",.,"A",.,"A",.,"A",.,"A",.,"A",.,"A",.,"A",300,"F",.,"A",.,"A"
"20115",2311673,38,0,"1",.,"A",.,"A",.,"A",.,"A",.,"A",.,"A",.,"A",.,"A",.,"A",.,"A",.,"A",.,"A",85,"D",.,"A",.,"A"
"20115",2311703,59,0,"1",.,"A",.,"A",.,"A",.,"A",.,"A",63,"D",.,"A",.,"A",.,"A",.,"A",.,"A",.,"A",300,"D",.,"A",.,"A"
"20115",2311713,37,0,"1",.,"A",.,"A",.,"A",.,"A",.,"A",.,"A",.,"A",.,"A",.,"A",.,"A",.,"A",.,"A",.,"A",.,"A",.,"A"
"20115",2311743,64,0,"1",.,"A",.,"A",.,"A",.,"A",.,"A",.,"A",.,"A",.,"A",.,"A",.,"A",.,"A",.,"A",55,"D",.,"A",.,"A"
"20115",2311773,52,0,"1",.,"A",.,"A",.,"A",.,"A",5,"D",.,"A",.,"A",.,"A",.,"A",.,"A",.,"A",.,"A",30,"D",.,"A",.,"A"
"20115",2311793,51,0,"1",.,"A",.,"A",.,"A",.,"A",.,"A",100,"D",.,"A",.,"A",.,"A",.,"A",.,"A",.,"A",100,"D",.,"A",.,"A"
"20115",2311803,48,0,"1",21,"D",.,"A",.,"A",.,"A",24,"D",.,"A",195,"D",.,"A",3,"D",.,"A",.,"A",.,"A",.,"A",.,"A",.,"A"
"20115",2311813,72,0,"1",.,"A",.,"A",.,"A",.,"A",.,"A",.,"A",.,"A",.,"A",.,"A",.,"A",.,"A",.,"A",250,"D",.,"A",.,"A"
"20115",2311833,52,0,"1",.,"A",.,"A",.,"A",.,"A",.,"A",.,"A",.,"A",.,"A",.,"A",1080,"D",0,"D",0,"D",60,"D",360,"D",.,"A"
"20115",2311843,35,0,"1",.,"A",.,"A",.,"A",.,"A",.,"A",.,"A",.,"A",.,"A",.,"A",.,"A",.,"A",.,"A",500,"D",.,"A",.,"A"
"20115",2311853,71,0,"1",.,"A",.,"A",.,"A",.,"A",.,"A",.,"A",390,"D",.,"A",.,"A",.,"A",.,"A",.,"A",40,"D",.,"A",.,"A"
"20115",2311873,46,0,"1",.,"A",.,"A",.,"A",.,"A",.,"A",.,"A",.,"A",.,"A",.,"A",.,"A",.,"A",.,"A",90,"D",.,"A",.,"A"
"20115",2311913,74,0,"1",.,"A",.,"A",.,"A",.,"A",.,"A",.,"A",.,"A",.,"A",.,"A",.,"A",.,"A",.,"A",88,"D",.,"A",.,"A"
"20115",2311923,70,0,"1",.,"A",.,"A",.,"A",.,"A",.,"A",.,"A",130,"D",.,"A",.,"A",.,"A",.,"A",.,"A",65,"D",.,"A",.,"A"
"20115",2311943,83,0,"1",.,"A",.,"A",.,"A",.,"A",.,"A",.,"A",.,"A",.,"A",15,"D",.,"A",.,"A",.,"A",300,"D",.,"A",.,"A"
"20115",2311953,62,0,"1",.,"A",.,"A",.,"A",.,"A",.,"A",.,"A",.,"A",.,"A",.,"A",.,"A",.,"A",.,"A",60,"D",.,"A",.,"A"
"20115",2311973,28,0,"1",.,"A",.,"A",.,"A",.,"A",.,"A",.,"A",.,"A",.,"A",.,"A",0,"D",0,"D",60,"D",80,"D",0,"D",.,"A"
"20115",2311983,67,0,"1",.,"A",.,"A",.,"A",.,"A",.,"A",.,"A",260,"D",.,"A",.,"A",.,"A",.,"A",.,"A",40,"D",.,"A",.,"A"
"20115",2312034,39,0,"1",.,"A",.,"A",.,"A",.,"A",.,"A",.,"A",.,"A",.,"A",.,"A",.,"A",.,"A",.,"A",50,"D",.,"A",.,"A"
"20115",2312113,39,0,"1",.,"A",.,"A",.,"A",.,"A",.,"A",.,"A",.,"A",.,"A",.,"A",.,"A",.,"A",.,"A",.,"A",.,"A",.,"A"
"20115",2312123,27,0,"1",.,"A",.,"A",.,"A",.,"A",.,"A",.,"A",520,"D",.,"A",.,"A",.,"A",.,"A",.,"A",.,"A",.,"A",.,"A"
"20115",2312133,74,0,"1",30,"D",.,"A",.,"A",.,"A",82,"D",8,"D",.,"A",.,"A",.,"A",1032,"D",150,"D",0,"D",140,"D",344,"D",.,"A"
"20115",2312163,54,0,"1",10,"D",.,"A",.,"A",.,"A",50,"D",.,"A",.,"A",.,"A",.,"A",.,"A",.,"A",.,"A",60,"D",.,"A",.,"A"
"20115",2312183,53,0,"1",.,"A",.,"A",.,"A",.,"A",.,"A",.,"A",.,"A",.,"A",.,"A",.,"A",.,"A",.,"A",190,"D",.,"A",.,"A"
"20115",2312233,51,0,"1",.,"A",.,"A",.,"A",.,"A",.,"A",.,"A",.,"A",.,"A",.,"A",.,"A",.,"A",.,"A",60,"D",.,"A",.,"A"
"20115",2312244,26,0,"1",.,"A",.,"A",.,"A",.,"A",50,"D",.,"A",.,"A",.,"A",.,"A",.,"A",.,"A",.,"A",.,"A",.,"A",.,"A"
"20115",2312253,70,0,"1",.,"A",.,"A",.,"A",.,"A",.,"A",.,"A",650,"D",.,"A",.,"A",.,"A",.,"A",.,"A",.,"A",.,"A",.,"A"
"20115",2312283,51,0,"1",.,"A",.,"A",.,"A",.,"A",.,"A",40,"D",.,"A",.,"A",15,"D",.,"A",.,"A",.,"A",90,"D",.,"A",.,"A"
"20115",2312303,58,0,"1",.,"A",.,"A",.,"A",.,"A",.,"A",.,"A",.,"A",.,"A",.,"A",.,"A",.,"A",.,"A",50,"D",.,"A",.,"A"
"20115",2312313,37,0,"1",.,"A",.,"A",.,"A",.,"A",40,"D",.,"A",.,"A",.,"A",.,"A",150,"D",0,"D",0,"D",60,"D",50,"D",.,"A"
"20115",2312323,78,0,"1",.,"A",.,"A",.,"A",.,"A",.,"A",50,"D",.,"A",.,"A",.,"A",.,"A",.,"A",.,"A",500,"D",.,"A",.,"A"
"20115",2312333,52,0,"1",.,"A",.,"A",.,"A",.,"A",.,"A",.,"A",.,"A",.,"A",.,"A",.,"A",.,"A",.,"A",.,"A",.,"A",.,"A"
"20115",2312363,86,0,"1",.,"A",.,"A",.,"A",.,"A",.,"A",.,"A",.,"A",.,"A",.,"A",.,"A",.,"A",.,"A",300,"D",.,"A",.,"A"
"20115",2312383,36,0,"1",.,"A",.,"A",.,"A",.,"A",.,"A",.,"A",260,"D",.,"A",.,"A",.,"A",.,"A",.,"A",.,"A",.,"A",.,"A"
"20115",2312423,28,0,"1",.,"A",.,"A",.,"A",.,"A",.,"A",.,"A",325,"D",.,"A",.,"A",.,"A",.,"A",.,"A",35,"D",.,"A",.,"A"
"20115",2312433,55,0,"1",.,"A",.,"A",.,"A",.,"A",.,"A",20,"D",.,"A",.,"A",.,"A",.,"A",.,"A",.,"A",50,"D",.,"A",.,"A"
"20115",2312473,76,0,"1",.,"A",.,"A",.,"A",.,"A",.,"A",125,"D",.,"A",.,"A",.,"A",.,"A",.,"A",.,"A",200,"D",.,"A",.,"A"
"20115",2312503,65,0,"1",.,"A",.,"A",.,"A",.,"A",.,"A",.,"A",.,"A",.,"A",.,"A",.,"A",.,"A",.,"A",240,"D",.,"A",.,"A"
"20115",2312513,74,0,"1",.,"A",.,"A",.,"A",.,"A",.,"A",.,"A",325,"D",.,"A",.,"A",.,"A",.,"A",.,"A",.,"A",.,"A",.,"A"
"20115",2312523,65,0,"1",.,"A",.,"A",.,"A",.,"A",.,"A",20,"D",.,"A",.,"A",.,"A",.,"A",.,"A",.,"A",15,"D",.,"A",.,"A"
"20115",2312533,43,0,"1",.,"A",.,"A",.,"A",.,"A",.,"A",.,"A",.,"A",.,"A",.,"A",.,"A",.,"A",.,"A",378,"D",.,"A",.,"A"
"20115",2312553,47,0,"1",.,"A",.,"A",.,"A",.,"A",.,"A",.,"A",.,"A",.,"A",.,"A",.,"A",.,"A",.,"A",300,"D",.,"A",.,"A"
"20115",2312573,52,0,"1",.,"A",.,"A",.,"A",.,"A",.,"A",.,"A",520,"D",.,"A",.,"A",.,"A",.,"A",.,"A",140,"D",.,"A",.,"A"
"20115",2312583,50,0,"1",.,"A",.,"A",.,"A",.,"A",.,"A",.,"A",.,"A",.,"A",.,"A",.,"A",.,"A",.,"A",.,"A",.,"A",.,"A"
"20115",2312593,29,0,"1",.,"A",.,"A",.,"A",.,"A",120,"D",.,"A",.,"A",.,"A",.,"A",0,"D",0,"D",75,"D",15,"D",0,"D",.,"A"
"20115",2312603,34,0,"1",.,"A",.,"A",.,"A",.,"A",.,"A",.,"A",.,"A",.,"A",15,"D",.,"A",.,"A",.,"A",50,"D",.,"A",.,"A"
"20115",2312613,51,0,"1",.,"A",.,"A",.,"A",.,"A",.,"A",.,"A",.,"A",.,"A",.,"A",.,"A",.,"A",.,"A",.,"A",.,"A",.,"A"
"20115",2312653,40,0,"1",.,"A",.,"A",.,"A",.,"A",72,"D",.,"A",.,"A",.,"A",.,"A",.,"A",.,"A",.,"A",.,"A",.,"A",.,"A"
"20115",2312683,71,0,"1",.,"A",.,"A",.,"A",.,"A",.,"A",.,"A",.,"A",.,"A",.,"A",.,"A",.,"A",.,"A",206,"D",.,"A",.,"A"
"20115",2312743,36,0,"1",.,"A",.,"A",.,"A",.,"A",120,"D",15,"D",.,"A",.,"A",.,"A",.,"A",.,"A",.,"A",50,"D",.,"A",.,"A"
"20115",2312763,45,0,"1",.,"A",.,"A",.,"A",.,"A",.,"A",.,"A",39,"D",.,"A",.,"A",.,"A",.,"A",.,"A",.,"A",.,"A",.,"A"
"20115",2312845,48,0,"1",.,"A",.,"A",.,"A",.,"A",.,"A",30,"D",.,"A",.,"A",.,"A",.,"A",.,"A",.,"A",70,"D",.,"A",.,"A"
"20115",2312863,52,0,"1",.,"A",.,"A",.,"A",.,"A",.,"A",30,"D",.,"A",.,"A",.,"A",.,"A",.,"A",.,"A",210,"D",.,"A",.,"A"
"20115",2312873,50,0,"1",.,"A",.,"A",.,"A",.,"A",.,"A",.,"A",.,"A",.,"A",.,"A",.,"A",.,"A",.,"A",60,"D",.,"A",.,"A"
"20115",2312903,48,0,"1",.,"A",.,"A",.,"A",.,"A",.,"A",.,"A",.,"A",.,"A",.,"A",.,"A",.,"A",.,"A",140,"D",.,"A",.,"A"
"20115",2312933,35,0,"1",.,"A",.,"A",.,"A",.,"A",26,"F",.,"A",65,"F",.,"A",.,"A",.,"A",.,"A",.,"A",.,"A",.,"A",.,"A"
"20115",2312943,42,0,"1",.,"A",.,"A",.,"A",.,"A",.,"A",.,"A",.,"A",520,"D",.,"A",.,"A",.,"A",.,"A",.,"A",.,"A",.,"A"
"20115",2312963,29,0,"1",.,"A",.,"A",.,"A",.,"A",.,"A",.,"A",.,"A",.,"A",.,"A",.,"A",.,"A",.,"A",.,"A",.,"A",.,"A"
"20115",2312993,64,0,"1",.,"A",.,"A",.,"A",.,"A",.,"A",.,"A",520,"D",.,"A",.,"A",.,"A",.,"A",.,"A",75,"D",.,"A",.,"A"
"20115",2313003,38,0,"1",.,"A",.,"A",.,"A",.,"A",.,"A",.,"A",.,"A",.,"A",.,"A",.,"A",.,"A",.,"A",15,"D",.,"A",.,"A"
"20115",2313023,40,0,"1",.,"A",.,"A",.,"A",.,"A",.,"A",.,"A",325,"D",.,"A",15,"D",.,"A",.,"A",.,"A",.,"A",.,"A",.,"A"
"20115",2313043,41,0,"1",.,"A",.,"A",.,"A",.,"A",.,"A",.,"A",.,"A",.,"A",.,"A",.,"A",.,"A",.,"A",.,"A",.,"A",.,"A"
"20115",2313083,47,0,"1",.,"A",.,"A",.,"A",.,"A",.,"A",.,"A",.,"A",.,"A",.,"A",.,"A",.,"A",.,"A",28,"D",.,"A",.,"A"
"20115",2313123,31,0,"1",.,"A",.,"A",.,"A",120,"D",20,"D",.,"A",.,"A",.,"A",.,"A",.,"A",.,"A",.,"A",60,"D",.,"A",.,"A"
"20115",2313133,39,0,"1",.,"A",.,"A",.,"A",.,"A",.,"A",.,"A",.,"A",.,"A",.,"A",.,"A",.,"A",.,"A",40,"D",.,"A",.,"A"
"20115",2313183,42,0,"1",.,"A",.,"A",.,"A",.,"A",.,"A",.,"A",.,"A",.,"A",.,"A",.,"A",.,"A",.,"A",.,"A",.,"A",.,"A"
"20115",2313213,52,0,"1",.,"A",.,"A",.,"A",.,"A",.,"A",.,"A",.,"A",.,"A",.,"A",.,"A",.,"A",.,"A",.,"A",.,"A",.,"A"
"20115",2313283,29,0,"1",.,"A",.,"A",.,"A",.,"A",48,"D",.,"A",.,"A",.,"A",.,"A",.,"A",.,"A",.,"A",.,"A",.,"A",.,"A"
"20115",2313293,72,0,"1",.,"A",.,"A",48,"D",.,"A",.,"A",.,"A",.,"A",.,"A",.,"A",0,"D",75,"F",24,"F",40,"D",0,"D",.,"A"
"20115",2313313,54,0,"1",.,"A",.,"A",.,"A",.,"A",.,"A",.,"A",.,"A",.,"A",.,"A",.,"A",.,"A",.,"A",125,"D",.,"A",.,"A"
"20115",2313353,37,0,"1",.,"A",.,"A",.,"A",.,"A",.,"A",.,"A",.,"A",.,"A",.,"A",.,"A",.,"A",.,"A",.,"A",.,"A",.,"A"
"20115",2313363,73,0,"1",.,"A",.,"A",.,"A",.,"A",.,"A",.,"A",.,"A",.,"A",.,"A",.,"A",.,"A",.,"A",273,"D",.,"A",.,"A"
"20115",2313373,58,0,"1",.,"A",.,"A",.,"A",136,"D",.,"A",120,"D",.,"A",.,"A",18,"D",.,"A",.,"A",.,"A",150,"D",.,"A",.,"A"
"20115",2313383,50,0,"1",.,"A",.,"A",.,"A",.,"A",.,"A",.,"A",104,"D",299,"D",.,"A",.,"A",.,"A",.,"A",.,"A",.,"A",.,"A"
"20115",2313403,33,0,"1",.,"A",.,"A",.,"A",.,"A",.,"A",.,"A",975,"D",.,"A",.,"A",.,"A",.,"A",.,"A",.,"A",.,"A",.,"A"
"20115",2313463,37,0,"1",.,"A",.,"A",.,"A",.,"A",.,"A",.,"A",.,"A",.,"A",.,"A",.,"A",.,"A",.,"A",.,"A",.,"A",.,"A"
"20115",2313503,49,0,"1",.,"A",.,"A",.,"A",.,"A",.,"A",.,"A",.,"A",.,"A",.,"A",0,"D",0,"D",30,"D",100,"D",0,"D",.,"A"
"20115",2313513,45,0,"1",.,"A",.,"A",.,"A",10,"D",.,"A",.,"A",.,"A",.,"A",.,"A",.,"A",.,"A",.,"A",10,"D",.,"A",.,"A"
"20115",2313543,60,0,"1",.,"A",.,"A",.,"A",.,"A",.,"A",.,"A",.,"A",.,"A",.,"A",.,"A",.,"A",.,"A",75,"D",.,"A",.,"A"
"20115",2313593,27,0,"1",.,"A",.,"A",.,"A",.,"A",.,"A",.,"A",.,"A",.,"A",.,"A",.,"A",.,"A",.,"A",210,"D",.,"A",.,"A"
"20115",2313613,50,0,"1",.,"A",.,"A",.,"A",.,"A",.,"A",.,"A",.,"A",.,"A",.,"A",.,"A",.,"A",.,"A",39,"D",.,"A",.,"A"
"20115",2313623,41,0,"1",.,"A",.,"A",.,"A",.,"A",20,"D",.,"A",.,"A",.,"A",.,"A",.,"A",.,"A",.,"A",24,"D",.,"A",.,"A"
"20115",2313653,45,0,"1",.,"A",.,"A",.,"A",.,"A",.,"A",.,"A",.,"A",.,"A",15,"D",.,"A",.,"A",.,"A",13,"D",.,"A",.,"A"
"20115",2313663,96,0,"1",.,"A",.,"A",.,"A",.,"A",.,"A",.,"A",.,"A",.,"A",.,"A",.,"A",.,"A",.,"A",.,"A",.,"A",.,"A"
"20115",2313673,57,0,"1",.,"A",.,"A",15,"D",.,"A",.,"A",.,"A",.,"A",.,"A",.,"A",.,"A",.,"A",.,"A",.,"A",.,"A",.,"A"
"20115",2313683,40,0,"1",.,"A",.,"A",.,"A",.,"A",.,"A",.,"A",.,"A",.,"A",18,"D",0,"D",0,"D",90,"D",.,"A",0,"D",.,"A"
"20115",2313693,41,0,"1",.,"A",.,"A",.,"A",.,"A",.,"A",.,"A",195,"D",.,"A",.,"A",.,"A",.,"A",.,"A",30,"D",.,"A",.,"A"
"20115",2313733,40,0,"1",.,"A",.,"A",.,"A",.,"A",.,"A",.,"A",.,"A",.,"A",30,"F",.,"A",.,"A",.,"A",96,"D",.,"A",.,"A"
"20115",2313743,36,0,"1",.,"A",.,"A",.,"A",.,"A",.,"A",.,"A",520,"D",.,"A",.,"A",.,"A",.,"A",.,"A",24,"D",.,"A",.,"A"
"20115",2313793,45,0,"1",.,"A",.,"A",.,"A",.,"A",.,"A",.,"A",.,"A",.,"A",.,"A",.,"A",.,"A",.,"A",.,"A",.,"A",.,"A"
"20115",2313803,88,0,"1",.,"A",.,"A",.,"A",.,"A",.,"A",.,"A",.,"A",.,"A",.,"A",.,"A",.,"A",.,"A",147,"D",.,"A",.,"A"
"20115",2313823,59,0,"1",.,"A",.,"A",.,"A",.,"A",.,"A",.,"A",.,"A",.,"A",.,"A",.,"A",.,"A",.,"A",30,"D",.,"A",.,"A"
"20115",2313843,27,0,"1",.,"A",.,"A",.,"A",.,"A",.,"A",.,"A",.,"A",.,"A",.,"A",.,"A",.,"A",.,"A",25,"D",.,"A",.,"A"
"20115",2313853,71,0,"1",.,"A",.,"A",.,"A",.,"A",.,"A",60,"D",.,"A",.,"A",72,"D",.,"A",.,"A",.,"A",180,"D",.,"A",.,"A"
"20115",2313873,83,0,"1",.,"A",.,"A",.,"A",.,"A",.,"A",.,"A",.,"A",.,"A",21,"D",.,"A",.,"A",.,"A",50,"D",.,"A",.,"A"
"20115",2313893,64,0,"1",.,"A",.,"A",.,"A",.,"A",.,"A",100,"D",.,"A",.,"A",.,"A",.,"A",.,"A",.,"A",250,"D",.,"A",.,"A"
"20115",2313913,42,0,"1",.,"A",.,"A",.,"A",.,"A",.,"A",.,"A",.,"A",.,"A",.,"A",.,"A",.,"A",.,"A",120,"D",.,"A",.,"A"
"20115",2313923,56,0,"1",.,"A",.,"A",.,"A",.,"A",.,"A",.,"A",.,"A",.,"A",.,"A",.,"A",.,"A",.,"A",33,"D",.,"A",.,"A"
"20115",2313933,39,0,"1",.,"A",.,"A",.,"A",.,"A",30,"D",33,"D",.,"A",.,"A",.,"A",.,"A",.,"A",.,"A",.,"A",.,"A",.,"A"
"20115",2313953,68,0,"1",.,"A",.,"A",60,"D",.,"A",.,"A",.,"A",.,"A",.,"A",.,"A",.,"A",.,"A",.,"A",260,"D",.,"A",.,"A"
"20115",2313963,33,0,"1",.,"A",.,"A",.,"A",.,"A",.,"A",.,"A",.,"A",.,"A",.,"A",.,"A",.,"A",.,"A",.,"A",.,"A",.,"A"
"20115",2313973,86,0,"1",.,"A",.,"A",.,"A",.,"A",.,"A",.,"A",.,"A",.,"A",.,"A",.,"A",.,"A",.,"A",160,"D",.,"A",.,"A"
"20115",2313993,67,0,"1",.,"A",.,"A",.,"A",.,"A",.,"A",.,"A",.,"A",.,"A",.,"A",.,"A",.,"A",.,"A",.,"A",.,"A",.,"A"
"20115",2314013,90,0,"1",.,"A",.,"A",.,"A",.,"A",.,"A",.,"A",.,"A",.,"A",.,"A",.,"A",.,"A",.,"A",150,"D",.,"A",.,"A"
"20115",2314073,60,0,"1",.,"A",.,"A",.,"A",.,"A",.,"A",.,"A",494,"D",.,"A",30,"D",0,"D",120,"D",0,"D",35,"D",0,"D",.,"A"
"20115",2314113,54,0,"1",.,"A",.,"A",.,"A",.,"A",.,"A",.,"A",.,"A",.,"A",.,"A",.,"A",.,"A",.,"A",75,"D",.,"A",.,"A"
"20115",2314163,36,0,"1",.,"A",.,"A",.,"A",.,"A",.,"A",.,"A",.,"A",.,"A",.,"A",.,"A",.,"A",.,"A",.,"A",.,"A",.,"A"
"20115",2314173,57,0,"1",.,"A",.,"A",.,"A",.,"A",.,"A",.,"A",.,"A",.,"A",.,"A",6,"D",0,"D",6,"D",36,"D",2,"D",.,"A"
"20115",2314193,80,0,"1",.,"A",.,"A",.,"A",30,"D",.,"A",.,"A",.,"A",.,"A",.,"A",.,"A",.,"A",.,"A",500,"D",.,"A",.,"A"
"20115",2314203,37,0,"1",.,"A",.,"A",.,"A",.,"A",.,"A",.,"A",.,"A",.,"A",.,"A",.,"A",.,"A",.,"A",.,"A",.,"A",.,"A"
"20115",2314213,84,0,"1",.,"A",.,"A",25,"D",.,"A",.,"A",.,"A",.,"A",195,"D",.,"A",.,"A",.,"A",.,"A",300,"D",.,"A",.,"A"
"20115",2314263,25,0,"1",.,"A",.,"A",.,"A",.,"A",10,"D",.,"A",.,"A",.,"A",.,"A",.,"A",.,"A",.,"A",.,"A",.,"A",.,"A"
"20115",2314283,31,0,"1",.,"A",.,"A",.,"A",.,"A",.,"A",120,"D",.,"A",.,"A",.,"A",.,"A",.,"A",.,"A",300,"D",.,"A",.,"A"
"20115",2314303,28,0,"1",.,"A",.,"A",.,"A",.,"A",.,"A",.,"A",260,"D",.,"A",.,"A",.,"A",.,"A",.,"A",30,"D",.,"A",.,"A"
"20115",2314313,89,0,"1",.,"A",.,"A",.,"A",.,"A",.,"A",18,"D",.,"A",.,"A",.,"A",.,"A",.,"A",.,"A",66,"D",.,"A",.,"A"
"20115",2314333,54,0,"1",.,"A",.,"A",.,"A",.,"A",.,"A",.,"A",117,"D",.,"A",.,"A",.,"A",.,"A",.,"A",.,"A",.,"A",.,"A"
"20115",2314353,54,0,"1",.,"A",.,"A",.,"A",.,"A",.,"A",.,"A",.,"A",.,"A",.,"A",.,"A",.,"A",.,"A",30,"D",.,"A",.,"A"
"20115",2314363,43,0,"1",.,"A",.,"A",.,"A",.,"A",.,"A",.,"A",.,"A",.,"A",18,"D",150,"D",0,"D",0,"D",50,"D",50,"D",.,"A"
"20115",2314373,38,0,"1",.,"A",.,"A",.,"A",70,"D",72,"D",.,"A",.,"A",.,"A",.,"A",0,"D",0,"D",150,"D",.,"A",0,"D",.,"A"
"20115",2314383,48,0,"1",.,"A",.,"A",.,"A",.,"A",.,"A",.,"A",.,"A",.,"A",.,"A",.,"A",.,"A",.,"A",20,"D",.,"A",.,"A"
"20115",2314423,57,0,"1",.,"A",.,"A",.,"A",.,"A",.,"A",45,"D",.,"A",.,"A",9,"D",.,"A",.,"A",.,"A",75,"D",.,"A",.,"A"
"20115",2314453,57,0,"1",.,"A",.,"A",.,"A",.,"A",.,"A",.,"A",.,"A",.,"A",.,"A",.,"A",.,"A",.,"A",150,"D",.,"A",.,"A"
"20115",2314473,65,0,"1",.,"A",.,"A",.,"A",.,"A",.,"A",.,"A",260,"D",.,"A",.,"A",.,"A",.,"A",.,"A",240,"D",.,"A",.,"A"
"20115",2314493,47,0,"1",.,"A",.,"A",.,"A",.,"A",.,"A",.,"A",1040,"D",.,"A",.,"A",.,"A",.,"A",.,"A",60,"D",.,"A",.,"A"
"20115",2314503,48,0,"1",.,"A",.,"A",.,"A",.,"A",.,"A",600,"D",.,"A",.,"A",90,"F",.,"A",.,"A",.,"A",450,"D",.,"A",.,"A"
"20115",2314523,35,0,"1",.,"A",.,"A",.,"A",.,"A",.,"A",.,"A",.,"A",.,"A",.,"A",.,"A",.,"A",.,"A",.,"A",.,"A",.,"A"
"20115",2314533,56,0,"1",.,"A",.,"A",.,"A",.,"A",.,"A",45,"D",.,"A",.,"A",.,"A",.,"A",.,"A",.,"A",300,"D",.,"A",.,"A"
"20115",2314543,63,0,"1",.,"A",.,"A",.,"A",.,"A",.,"A",150,"D",.,"A",.,"A",.,"A",.,"A",.,"A",.,"A",600,"D",.,"A",.,"A"
"20115",2314553,29,0,"1",.,"A",.,"A",.,"A",.,"A",15,"D",.,"A",.,"A",.,"A",.,"A",240,"D",0,"D",0,"D",.,"A",80,"D",.,"A"
"20115",2314573,41,0,"1",.,"A",.,"A",.,"A",.,"A",.,"A",.,"A",.,"A",.,"A",.,"A",.,"A",.,"A",.,"A",200,"D",.,"A",.,"A"
"20115",2314603,59,0,"1",.,"A",.,"A",.,"A",.,"A",.,"A",.,"A",.,"A",.,"A",.,"A",.,"A",.,"A",.,"A",40,"D",.,"A",.,"A"
"20115",2314613,36,0,"1",.,"A",.,"A",.,"A",.,"A",.,"A",.,"A",.,"A",.,"A",.,"A",.,"A",.,"A",.,"A",.,"A",.,"A",.,"A"
"20115",2314633,68,0,"1",.,"A",.,"A",.,"A",.,"A",.,"A",4,"D",.,"A",.,"A",.,"A",0,"D",0,"D",30,"D",33,"D",0,"D",.,"A"
"20115",2314643,79,0,"1",.,"A",.,"A",.,"A",.,"A",.,"A",.,"A",.,"A",.,"A",.,"A",.,"A",.,"A",.,"A",15,"D",.,"A",.,"A"
"20115",2314653,39,0,"1",.,"A",.,"A",.,"A",.,"A",.,"A",.,"A",.,"A",.,"A",.,"A",.,"A",.,"A",.,"A",.,"A",.,"A",.,"A"
"20115",2314663,35,0,"1",.,"A",.,"A",.,"A",.,"A",.,"A",.,"A",.,"A",.,"A",.,"A",.,"A",.,"A",.,"A",.,"A",.,"A",.,"A"
"20115",2314683,34,0,"1",.,"A",.,"A",.,"A",.,"A",50,"D",.,"A",.,"A",.,"A",.,"A",.,"A",.,"A",.,"A",200,"D",.,"A",.,"A"
"20115",2314723,78,0,"1",.,"A",.,"A",22,"D",.,"A",.,"A",.,"A",.,"A",.,"A",.,"A",105,"D",0,"D",105,"D",.,"A",35,"D",.,"A"
"20115",2314753,47,0,"1",.,"A",.,"A",.,"A",.,"A",.,"A",.,"A",.,"A",.,"A",.,"A",.,"A",.,"A",.,"A",.,"A",.,"A",.,"A"
"20115",2314783,43,0,"1",.,"A",.,"A",.,"A",.,"A",.,"A",.,"A",.,"A",.,"A",.,"A",.,"A",.,"A",.,"A",150,"D",.,"A",.,"A"
"20115",2314813,58,0,"1",.,"A",.,"A",.,"A",.,"A",.,"A",.,"A",.,"A",.,"A",.,"A",.,"A",.,"A",.,"A",75,"D",.,"A",.,"A"
"20115",2314823,68,0,"1",.,"A",.,"A",.,"A",.,"A",.,"A",127,"D",.,"A",.,"A",.,"A",.,"A",.,"A",.,"A",107,"D",.,"A",.,"A"
"20115",2314833,38,0,"1",.,"A",.,"A",.,"A",.,"A",.,"A",.,"A",455,"D",.,"A",.,"A",.,"A",.,"A",.,"A",.,"A",.,"A",.,"A"
"20115",2314843,50,0,"1",.,"A",.,"A",.,"A",.,"A",.,"A",.,"A",.,"A",.,"A",.,"A",.,"A",.,"A",.,"A",.,"A",.,"A",.,"A"
"20115",2314853,92,0,"1",.,"A",.,"A",35,"D",.,"A",.,"A",.,"A",.,"A",.,"A",.,"A",.,"A",.,"A",.,"A",60,"D",.,"A",.,"A"
"20115",2314893,31,0,"1",.,"A",.,"A",.,"A",.,"A",180,"D",.,"A",208,"D",.,"A",.,"A",.,"A",.,"A",.,"A",.,"A",.,"A",.,"A"
"20115",2314903,41,0,"1",.,"A",.,"A",.,"A",.,"A",.,"A",.,"A",.,"A",.,"A",.,"A",.,"A",.,"A",.,"A",150,"D",.,"A",.,"A"
"20115",2314913,43,0,"1",.,"A",.,"A",10,"D",.,"A",.,"A",.,"A",.,"A",.,"A",.,"A",.,"A",.,"A",.,"A",.,"A",.,"A",.,"A"
"20115",2314923,31,0,"1",.,"A",.,"A",.,"A",.,"A",.,"A",.,"A",.,"A",.,"A",.,"A",.,"A",.,"A",.,"A",.,"A",.,"A",.,"A"
"20115",2314943,42,0,"1",.,"A",.,"A",.,"A",.,"A",.,"A",.,"A",.,"A",.,"A",.,"A",.,"A",.,"A",.,"A",.,"A",.,"A",.,"A"
"20115",2314993,34,0,"1",.,"A",.,"A",.,"A",.,"A",.,"A",.,"A",.,"A",.,"A",.,"A",.,"A",.,"A",.,"A",75,"D",.,"A",.,"A"
"20115",2315003,54,0,"1",.,"A",.,"A",.,"A",.,"A",.,"A",25,"D",780,"D",260,"D",21,"D",.,"A",.,"A",.,"A",80,"D",.,"A",.,"A"
"20115",2315023,119,0,"1",.,"A",.,"A",.,"A",.,"A",.,"A",54,"D",.,"A",.,"A",.,"A",.,"A",.,"A",.,"A",160,"D",.,"A",.,"A"
"20115",2315043,41,0,"1",.,"A",.,"A",.,"A",.,"A",.,"A",.,"A",.,"A",.,"A",.,"A",.,"A",.,"A",.,"A",210,"D",.,"A",.,"A"
"20115",2315053,33,0,"1",.,"A",.,"A",.,"A",.,"A",.,"A",.,"A",.,"A",.,"A",.,"A",.,"A",.,"A",.,"A",.,"A",.,"A",.,"A"
"20115",2315063,72,0,"1",.,"A",.,"A",.,"A",.,"A",.,"A",.,"A",.,"A",.,"A",.,"A",.,"A",.,"A",.,"A",.,"A",.,"A",.,"A"
"20115",2315073,76,0,"1",.,"A",.,"A",.,"A",.,"A",.,"A",.,"A",585,"D",.,"A",45,"D",.,"A",.,"A",.,"A",39,"D",.,"A",.,"A"
"20115",2315093,54,0,"1",.,"A",.,"A",.,"A",.,"A",.,"A",.,"A",.,"A",.,"A",.,"A",.,"A",.,"A",.,"A",.,"A",.,"A",.,"A"
"20115",2315103,41,0,"1",.,"A",.,"A",.,"A",.,"A",.,"A",.,"A",416,"D",.,"A",9,"D",.,"A",.,"A",.,"A",.,"A",.,"A",.,"A"
"20115",2315153,34,0,"1",.,"A",.,"A",.,"A",40,"D",.,"A",.,"A",.,"A",.,"A",.,"A",0,"D",0,"D",15,"D",30,"D",0,"D",.,"A"
"20115",2315163,31,0,"1",.,"A",.,"A",.,"A",.,"A",.,"A",.,"A",.,"A",.,"A",.,"A",.,"A",.,"A",.,"A",.,"A",.,"A",.,"A"
"20115",2315203,55,0,"1",.,"A",.,"A",.,"A",.,"A",.,"A",.,"A",.,"A",.,"A",.,"A",.,"A",.,"A",.,"A",64,"D",.,"A",.,"A"
"20115",2315213,42,0,"1",.,"A",.,"A",.,"A",.,"A",.,"A",.,"A",520,"D",.,"A",.,"A",.,"A",.,"A",.,"A",180,"D",.,"A",.,"A"
"20115",2315263,56,0,"1",.,"A",.,"A",.,"A",.,"A",.,"A",.,"A",.,"A",65,"D",18,"D",.,"A",.,"A",.,"A",.,"A",.,"A",.,"A"
"20115",2315273,40,0,"1",.,"A",.,"A",.,"A",.,"A",.,"A",.,"A",.,"A",.,"A",.,"A",.,"A",.,"A",.,"A",280,"D",.,"A",.,"A"
"20115",2315283,49,0,"1",.,"A",.,"A",.,"A",10,"D",.,"A",.,"A",.,"A",.,"A",.,"A",.,"A",.,"A",.,"A",.,"A",.,"A",.,"A"
"20115",2315303,55,0,"1",.,"A",.,"A",.,"A",.,"A",10,"D",10,"D",182,"D",.,"A",.,"A",.,"A",.,"A",.,"A",.,"A",.,"A",.,"A"
"20115",2315333,49,0,"1",.,"A",.,"A",.,"A",.,"A",52,"D",.,"A",390,"D",.,"A",.,"A",180,"D",6,"D",6,"D",.,"A",60,"D",.,"A"
"20115",2315373,24,0,"1",.,"A",.,"A",.,"A",5,"D",40,"D",.,"A",.,"A",.,"A",.,"A",45,"D",0,"D",45,"D",.,"A",15,"D",.,"A"
"20115",2315423,91,0,"1",.,"A",.,"A",.,"A",.,"A",.,"A",.,"A",.,"A",.,"A",.,"A",.,"A",.,"A",.,"A",79,"D",.,"A",.,"A"
"20115",2315463,39,0,"1",.,"A",.,"A",.,"A",.,"A",.,"A",.,"A",.,"A",.,"A",.,"A",.,"A",.,"A",.,"A",100,"D",.,"A",.,"A"
"20115",2315513,71,0,"1",.,"A",.,"A",.,"A",.,"A",.,"A",.,"A",156,"D",.,"A",.,"A",.,"A",.,"A",.,"A",5,"D",.,"A",.,"A"
"20115",2315523,37,0,"1",.,"A",.,"A",.,"A",.,"A",.,"A",.,"A",.,"A",.,"A",.,"A",.,"A",.,"A",.,"A",.,"A",.,"A",.,"A"
"20115",2315533,30,0,"1",10,"D",.,"A",.,"A",.,"A",20,"D",.,"A",.,"A",.,"A",.,"A",0,"D",30,"D",0,"D",30,"D",0,"D",.,"A"
"20115",2315543,44,0,"1",.,"A",.,"A",.,"A",.,"A",.,"A",.,"A",.,"A",.,"A",.,"A",.,"A",.,"A",.,"A",75,"D",.,"A",.,"A"
"20115",2315555,49,0,"1",.,"A",.,"A",.,"A",.,"A",120,"D",.,"A",.,"A",.,"A",.,"A",.,"A",.,"A",.,"A",.,"A",.,"A",.,"A"
"20115",2315563,54,0,"1",.,"A",.,"A",.,"A",.,"A",.,"A",.,"A",104,"D",.,"A",.,"A",.,"A",.,"A",.,"A",.,"A",.,"A",.,"A"
"20115",2315603,54,0,"1",.,"A",.,"A",.,"A",.,"A",.,"A",.,"A",130,"D",.,"A",.,"A",.,"A",.,"A",.,"A",160,"D",.,"A",.,"A"
"20115",2315613,56,0,"1",.,"A",.,"A",.,"A",.,"A",.,"A",.,"A",.,"A",.,"A",.,"A",.,"A",.,"A",.,"A",55,"D",.,"A",.,"A"
"20115",2315633,40,0,"1",.,"A",.,"A",.,"A",.,"A",.,"A",.,"A",.,"A",.,"A",.,"A",.,"A",.,"A",.,"A",.,"A",.,"A",.,"A"
"20115",2315643,37,0,"1",.,"A",.,"A",.,"A",.,"A",.,"A",.,"A",.,"A",.,"A",.,"A",.,"A",.,"A",.,"A",.,"A",.,"A",.,"A"
"20115",2315653,59,0,"1",.,"A",.,"A",20,"D",.,"A",.,"A",20,"D",.,"A",.,"A",.,"A",.,"A",.,"A",.,"A",17,"D",.,"A",.,"A"
"20115",2315663,74,0,"1",.,"A",15,"D",.,"A",.,"A",.,"A",45,"D",.,"A",.,"A",.,"A",.,"A",.,"A",.,"A",300,"D",.,"A",.,"A"
"20115",2315673,30,0,"1",.,"A",.,"A",.,"A",.,"A",24,"D",.,"A",.,"A",.,"A",.,"A",.,"A",.,"A",.,"A",.,"A",.,"A",.,"A"
"20115",2315683,30,0,"1",20,"D",.,"A",.,"A",.,"A",25,"D",.,"A",1560,"D",.,"A",.,"A",0,"D",0,"D",60,"D",20,"D",0,"D",.,"A"
"20115",2315693,30,0,"1",.,"A",.,"A",3,"D",.,"A",.,"A",.,"A",.,"A",.,"A",.,"A",.,"A",.,"A",.,"A",65,"D",.,"A",.,"A"
"20115",2315733,39,0,"1",.,"A",.,"A",.,"A",.,"A",.,"A",.,"A",.,"A",.,"A",.,"A",.,"A",.,"A",.,"A",.,"A",.,"A",.,"A"
"20115",2315753,53,0,"1",.,"A",.,"A",.,"A",.,"A",.,"A",120,"D",78,"D",.,"A",.,"A",.,"A",.,"A",.,"A",20,"D",.,"A",.,"A"
"20115",2315783,35,0,"1",.,"A",.,"A",.,"A",.,"A",.,"A",.,"A",.,"A",.,"A",.,"A",.,"A",.,"A",.,"A",.,"A",.,"A",.,"A"
"20115",2315793,39,0,"1",.,"A",.,"A",.,"A",.,"A",.,"A",.,"A",.,"A",.,"A",.,"A",.,"A",.,"A",.,"A",120,"D",.,"A",.,"A"
"20115",2315823,29,0,"1",.,"A",.,"A",.,"A",.,"A",.,"A",.,"A",.,"A",.,"A",.,"A",.,"A",.,"A",.,"A",.,"A",.,"A",.,"A"
"20115",2315843,65,0,"1",.,"A",.,"A",.,"A",.,"A",.,"A",180,"D",156,"D",.,"A",24,"D",.,"A",.,"A",.,"A",146,"D",.,"A",.,"A"
"20115",2315853,93,0,"1",.,"A",.,"A",.,"A",.,"A",.,"A",.,"A",.,"A",.,"A",15,"D",.,"A",.,"A",.,"A",80,"D",.,"A",.,"A"
"20115",2315863,59,0,"1",.,"A",.,"A",.,"A",.,"A",.,"A",25,"D",2925,"D",.,"A",.,"A",.,"A",.,"A",.,"A",.,"A",.,"A",.,"A"
"20115",2315913,35,0,"1",.,"A",.,"A",.,"A",76,"D",.,"A",.,"A",.,"A",.,"A",.,"A",144,"D",0,"D",144,"D",.,"A",48,"D",.,"A"
"20115",2315933,40,0,"1",.,"A",.,"A",.,"A",.,"A",.,"A",.,"A",.,"A",.,"A",.,"A",.,"A",.,"A",.,"A",120,"D",.,"A",.,"A"
"20115",2315953,92,0,"1",.,"A",.,"A",.,"A",.,"A",.,"A",.,"A",.,"A",65,"D",.,"A",0,"D",0,"D",0,"D",.,"A",0,"D",.,"A"
"20115",2316013,26,0,"1",.,"A",.,"A",.,"A",.,"A",.,"A",.,"A",.,"A",.,"A",.,"A",.,"A",.,"A",.,"A",.,"A",.,"A",.,"A"
"20115",2316043,57,0,"1",.,"A",.,"A",.,"A",.,"A",.,"A",120,"D",.,"A",.,"A",15,"D",.,"A",.,"A",.,"A",75,"D",.,"A",.,"A"
"20115",2316083,83,0,"1",.,"A",.,"A",.,"A",.,"A",.,"A",.,"A",.,"A",.,"A",.,"A",.,"A",.,"A",.,"A",.,"A",.,"A",.,"A"
"20115",2316125,72,0,"1",.,"A",.,"A",.,"A",.,"A",.,"A",.,"A",.,"A",.,"A",.,"A",.,"A",.,"A",.,"A",48,"D",.,"A",.,"A"
"20115",2316163,49,0,"1",.,"A",.,"A",.,"A",.,"A",.,"A",120,"D",.,"A",.,"A",.,"A",.,"A",.,"A",.,"A",.,"A",.,"A",.,"A"
"20115",2316173,34,0,"1",.,"A",.,"A",.,"A",.,"A",.,"A",.,"A",.,"A",.,"A",.,"A",.,"A",.,"A",.,"A",.,"A",.,"A",.,"A"
"20115",2316183,54,0,"1",.,"A",.,"A",.,"A",.,"A",.,"A",.,"A",.,"A",455,"D",.,"A",.,"A",.,"A",.,"A",120,"D",.,"A",.,"A"
"20115",2316213,41,0,"1",.,"A",.,"A",.,"A",.,"A",.,"A",.,"A",.,"A",.,"A",.,"A",.,"A",.,"A",.,"A",.,"A",.,"A",.,"A"
"20115",2316223,30,0,"1",.,"A",.,"A",.,"A",.,"A",.,"A",.,"A",.,"A",.,"A",.,"A",.,"A",.,"A",.,"A",.,"A",.,"A",.,"A"
"20115",2316245,29,0,"1",.,"A",.,"A",.,"A",.,"A",.,"A",.,"A",.,"A",.,"A",.,"A",.,"A",.,"A",.,"A",.,"A",.,"A",.,"A"
"20115",2316273,99,0,"1",.,"A",.,"A",.,"A",.,"A",.,"A",.,"A",.,"A",.,"A",.,"A",.,"A",.,"A",.,"A",175,"D",.,"A",.,"A"
"20115",2316283,33,0,"1",.,"A",.,"A",.,"A",.,"A",.,"A",.,"A",130,"D",.,"A",.,"A",.,"A",.,"A",.,"A",.,"A",.,"A",.,"A"
"20115",2316293,55,0,"1",.,"A",.,"A",.,"A",.,"A",.,"A",.,"A",1040,"D",.,"A",.,"A",.,"A",.,"A",.,"A",.,"A",.,"A",.,"A"
"20115",2316353,26,0,"1",13,"D",.,"A",.,"A",50,"D",37,"D",.,"A",195,"D",13,"D",.,"A",0,"D",0,"D",210,"D",28,"D",0,"D",.,"A"
"20115",2316393,59,0,"1",.,"A",.,"A",.,"A",.,"A",.,"A",.,"A",.,"A",.,"A",.,"A",.,"A",.,"A",.,"A",40,"D",.,"A",.,"A"
"20115",2316423,63,0,"1",.,"A",.,"A",.,"A",.,"A",.,"A",.,"A",130,"D",.,"A",.,"A",.,"A",.,"A",.,"A",30,"D",.,"A",.,"A"
"20115",2316443,35,0,"1",.,"A",.,"A",.,"A",.,"A",.,"A",.,"A",130,"D",.,"A",.,"A",.,"A",.,"A",.,"A",.,"A",.,"A",.,"A"
"20115",2316453,48,0,"1",.,"A",.,"A",.,"A",.,"A",180,"D",120,"D",.,"A",.,"A",.,"A",.,"A",.,"A",.,"A",250,"D",.,"A",.,"A"
"20115",2316473,106,0,"1",.,"A",.,"A",.,"A",.,"A",.,"A",60,"D",.,"A",.,"A",.,"A",.,"A",.,"A",.,"A",333,"D",.,"A",.,"A"
"20115",2316493,89,0,"1",.,"A",.,"A",.,"A",.,"A",.,"A",140,"D",39,"D",.,"A",.,"A",.,"A",.,"A",.,"A",420,"D",.,"A",.,"A"
"20115",2316553,28,0,"1",.,"A",.,"A",.,"A",.,"A",.,"A",.,"A",.,"A",.,"A",.,"A",450,"D",0,"D",0,"D",40,"D",150,"D",.,"A"
"20115",2316573,34,0,"1",.,"A",.,"A",.,"A",.,"A",.,"A",.,"A",.,"A",.,"A",.,"A",.,"A",.,"A",.,"A",40,"D",.,"A",.,"A"
"20115",2316593,40,0,"1",.,"A",.,"A",.,"A",.,"A",45,"D",.,"A",.,"A",.,"A",.,"A",.,"A",.,"A",.,"A",.,"A",.,"A",.,"A"
"20115",2316623,37,0,"1",.,"A",.,"A",.,"A",.,"A",.,"A",.,"A",.,"A",.,"A",.,"A",.,"A",.,"A",.,"A",.,"A",.,"A",.,"A"
"20115",2316653,30,0,"1",.,"A",.,"A",.,"A",.,"A",.,"A",.,"A",195,"D",.,"A",.,"A",.,"A",.,"A",.,"A",.,"A",.,"A",.,"A"
"20115",2316663,41,0,"1",25,"D",.,"A",.,"A",.,"A",75,"D",50,"D",.,"A",.,"A",.,"A",.,"A",.,"A",.,"A",100,"D",.,"A",.,"A"
"20115",2316673,34,0,"1",.,"A",.,"A",.,"A",.,"A",.,"A",.,"A",.,"A",.,"A",.,"A",.,"A",.,"A",.,"A",.,"A",.,"A",.,"A"
"20115",2316683,59,0,"1",.,"A",.,"A",.,"A",.,"A",.,"A",.,"A",.,"A",.,"A",.,"A",.,"A",.,"A",.,"A",.,"A",.,"A",.,"A"
"20115",2316693,42,0,"1",.,"A",.,"A",.,"A",.,"A",.,"A",.,"A",.,"A",.,"A",.,"A",.,"A",.,"A",.,"A",.,"A",.,"A",.,"A"
"20115",2316713,36,0,"1",.,"A",.,"A",.,"A",.,"A",.,"A",.,"A",260,"D",.,"A",9,"D",.,"A",.,"A",.,"A",.,"A",.,"A",.,"A"
"20115",2316723,58,0,"1",.,"A",.,"A",.,"A",.,"A",.,"A",11,"D",.,"A",.,"A",.,"A",.,"A",.,"A",.,"A",228,"D",.,"A",.,"A"
"20115",2316733,66,0,"1",.,"A",.,"A",.,"A",.,"A",.,"A",.,"A",.,"A",.,"A",45,"D",.,"A",.,"A",.,"A",310,"D",.,"A",.,"A"
"20115",2316743,24,0,"1",.,"A",.,"A",.,"A",.,"A",.,"A",.,"A",455,"D",.,"A",.,"A",.,"A",.,"A",.,"A",.,"A",.,"A",.,"A"
"20115",2316763,45,0,"1",.,"A",.,"A",.,"A",.,"A",.,"A",.,"A",.,"A",.,"A",.,"A",.,"A",.,"A",.,"A",25,"D",.,"A",.,"A"
"20115",2316803,66,0,"1",.,"A",.,"A",.,"A",.,"A",.,"A",134,"D",.,"A",.,"A",6,"D",.,"A",.,"A",.,"A",.,"A",.,"A",.,"A"
"20115",2316823,32,0,"1",12,"D",.,"A",.,"A",.,"A",33,"D",.,"A",.,"A",.,"A",.,"A",.,"A",.,"A",.,"A",120,"D",.,"A",.,"A"
"20115",2316853,28,0,"1",.,"A",.,"A",.,"A",.,"A",.,"A",.,"A",78,"D",.,"A",.,"A",.,"A",.,"A",.,"A",240,"D",.,"A",.,"A"
"20115",2316903,27,0,"1",.,"A",.,"A",.,"A",.,"A",.,"A",.,"A",.,"A",.,"A",.,"A",.,"A",.,"A",.,"A",15,"D",.,"A",.,"A"
"20115",2316923,41,0,"1",.,"A",.,"A",.,"A",.,"A",.,"A",.,"A",.,"A",.,"A",.,"A",.,"A",.,"A",.,"A",.,"A",.,"A",.,"A"
"20115",2316945,37,0,"1",.,"A",.,"A",.,"A",.,"A",.,"A",.,"A",.,"A",.,"A",.,"A",.,"A",.,"A",.,"A",60,"D",.,"A",.,"A"
"20115",2316963,66,0,"1",.,"A",.,"A",.,"A",30,"D",.,"A",35,"D",.,"A",.,"A",.,"A",.,"A",.,"A",.,"A",44,"D",.,"A",.,"A"
"20115",2316993,45,0,"1",.,"A",.,"A",.,"A",.,"A",.,"A",.,"A",.,"A",.,"A",.,"A",.,"A",.,"A",.,"A",.,"A",.,"A",.,"A"
"20115",2317043,51,0,"1",.,"A",.,"A",.,"A",.,"A",.,"A",.,"A",.,"A",.,"A",.,"A",.,"A",.,"A",.,"A",350,"D",.,"A",.,"A"
"20115",2317053,30,0,"1",.,"A",.,"A",.,"A",.,"A",.,"A",.,"A",.,"A",.,"A",.,"A",.,"A",.,"A",.,"A",.,"A",.,"A",.,"A"
"20115",2317063,39,0,"1",.,"A",.,"A",.,"A",.,"A",.,"A",.,"A",.,"A",.,"A",.,"A",.,"A",.,"A",.,"A",.,"A",.,"A",.,"A"
"20115",2317073,43,0,"1",.,"A",.,"A",.,"A",.,"A",.,"A",.,"A",.,"A",.,"A",.,"A",.,"A",.,"A",.,"A",45,"D",.,"A",.,"A"
"20115",2317083,55,0,"1",.,"A",.,"A",.,"A",.,"A",.,"A",.,"A",.,"A",.,"A",.,"A",.,"A",.,"A",.,"A",20,"D",.,"A",.,"A"
"20115",2317094,37,0,"1",.,"A",.,"A",.,"A",.,"A",20,"D",.,"A",.,"A",.,"A",12,"D",.,"A",.,"A",.,"A",20,"D",.,"A",.,"A"
"20115",2317163,72,0,"1",.,"A",.,"A",.,"A",.,"A",.,"A",50,"D",650,"D",.,"A",.,"A",.,"A",.,"A",.,"A",50,"D",.,"A",.,"A"
"20115",2317173,57,0,"1",.,"A",.,"A",.,"A",.,"A",.,"A",.,"A",104,"D",520,"D",.,"A",.,"A",.,"A",.,"A",.,"A",.,"A",.,"A"
"20115",2317183,81,0,"1",.,"A",.,"A",.,"A",.,"A",.,"A",360,"D",.,"A",.,"A",.,"A",.,"A",.,"A",.,"A",190,"D",.,"A",.,"A"
"20115",2317203,44,0,"1",.,"A",.,"A",.,"A",.,"A",.,"A",.,"A",.,"A",.,"A",.,"A",.,"A",.,"A",.,"A",120,"D",.,"A",.,"A"
"20115",2317213,62,0,"1",.,"A",.,"A",.,"A",.,"A",.,"A",.,"A",.,"A",.,"A",.,"A",.,"A",.,"A",.,"A",.,"A",.,"A",.,"A"
"20115",2317233,62,0,"1",.,"A",.,"A",.,"A",.,"A",.,"A",.,"A",.,"A",.,"A",.,"A",.,"A",.,"A",.,"A",90,"D",.,"A",.,"A"
"20115",2317263,58,0,"1",.,"A",.,"A",.,"A",.,"A",.,"A",.,"A",.,"A",.,"A",12,"D",.,"A",.,"A",.,"A",300,"D",.,"A",.,"A"
"20115",2317303,61,0,"1",.,"A",.,"A",.,"A",.,"A",.,"A",.,"A",.,"A",.,"A",.,"A",.,"A",.,"A",.,"A",60,"D",.,"A",.,"A"
"20115",2317323,54,0,"1",.,"A",.,"A",.,"A",.,"A",.,"A",14,"D",.,"A",.,"A",.,"A",.,"A",.,"A",.,"A",40,"D",.,"A",.,"A"
"20115",2317343,85,0,"1",.,"A",.,"A",29,"D",.,"A",.,"A",16,"D",.,"A",.,"A",9,"D",.,"A",.,"A",.,"A",236,"D",.,"A",.,"A"
"20115",2317353,38,0,"1",.,"A",.,"A",.,"A",.,"A",.,"A",.,"A",.,"A",.,"A",.,"A",.,"A",.,"A",.,"A",.,"A",.,"A",.,"A"
"20115",2317413,23,0,"1",4,"D",.,"A",.,"A",.,"A",11,"D",.,"A",.,"A",.,"A",.,"A",.,"A",.,"A",.,"A",.,"A",.,"A",.,"A"
"20115",2317473,47,0,"1",.,"A",.,"A",.,"A",.,"A",.,"A",.,"A",.,"A",.,"A",.,"A",.,"A",.,"A",.,"A",10,"D",.,"A",.,"A"
"20115",2317483,86,0,"1",.,"A",.,"A",.,"A",.,"A",.,"A",.,"A",780,"D",130,"D",.,"A",.,"A",.,"A",.,"A",.,"A",.,"A",.,"A"
"20115",2317493,37,0,"1",.,"A",.,"A",.,"A",.,"A",.,"A",.,"A",195,"D",.,"A",.,"A",.,"A",.,"A",.,"A",30,"D",.,"A",.,"A"
"20115",2317503,34,0,"1",.,"A",.,"A",.,"A",.,"A",.,"A",.,"A",.,"A",.,"A",.,"A",.,"A",.,"A",.,"A",45,"D",.,"A",.,"A"
"20115",2317513,86,0,"1",.,"A",.,"A",.,"A",.,"A",.,"A",.,"A",520,"D",.,"A",27,"D",.,"A",.,"A",.,"A",90,"D",.,"A",.,"A"
"20115",2317523,62,0,"1",.,"A",.,"A",.,"A",.,"A",.,"A",.,"A",.,"A",.,"A",.,"A",.,"A",.,"A",.,"A",55,"D",.,"A",.,"A"
"20115",2317543,46,0,"1",.,"A",.,"A",.,"A",.,"A",.,"A",.,"A",143,"D",.,"A",.,"A",.,"A",.,"A",.,"A",.,"A",.,"A",.,"A"
"20115",2317553,48,0,"1",.,"A",.,"A",.,"A",.,"A",.,"A",.,"A",780,"D",.,"A",.,"A",.,"A",.,"A",.,"A",20,"D",.,"A",.,"A"
"20115",2317595,83,0,"1",.,"A",.,"A",.,"A",.,"A",.,"A",75,"D",.,"A",.,"A",.,"A",.,"A",.,"A",.,"A",400,"D",.,"A",.,"A"
"20115",2317603,26,0,"1",10,"D",.,"A",.,"A",.,"A",50,"D",.,"A",.,"A",.,"A",.,"A",.,"A",.,"A",.,"A",60,"D",.,"A",.,"A"
"20115",2317613,49,0,"1",.,"A",.,"A",.,"A",.,"A",.,"A",.,"A",.,"A",.,"A",6,"D",.,"A",.,"A",.,"A",60,"D",.,"A",.,"A"
"20115",2317623,113,0,"1",.,"A",.,"A",.,"A",.,"A",.,"A",45,"D",.,"A",.,"A",15,"D",.,"A",.,"A",.,"A",530,"D",.,"A",.,"A"
"20115",2317633,28,0,"1",.,"A",.,"A",.,"A",.,"A",120,"D",.,"A",.,"A",.,"A",.,"A",.,"A",.,"A",.,"A",96,"D",.,"A",.,"A"
"20115",2317643,31,0,"1",.,"A",.,"A",.,"A",.,"A",80,"D",.,"A",.,"A",.,"A",.,"A",.,"A",.,"A",.,"A",.,"A",.,"A",.,"A"
"20115",2317663,88,0,"1",.,"A",.,"A",.,"A",.,"A",.,"A",.,"A",.,"A",.,"A",.,"A",.,"A",.,"A",.,"A",40,"D",.,"A",.,"A"
"20115",2317713,46,0,"1",.,"A",.,"A",.,"A",.,"A",.,"A",.,"A",.,"A",.,"A",.,"A",.,"A",.,"A",.,"A",.,"A",.,"A",.,"A"
"20115",2317723,26,0,"1",.,"A",.,"A",.,"A",.,"A",.,"A",.,"A",.,"A",.,"A",15,"D",15,"D",0,"D",6,"D",.,"A",5,"D",.,"A"
"20115",2317743,36,0,"1",.,"A",.,"A",.,"A",.,"A",.,"A",.,"A",650,"D",.,"A",.,"A",.,"A",.,"A",.,"A",.,"A",.,"A",.,"A"
"20115",2317763,37,0,"1",.,"A",.,"A",.,"A",.,"A",.,"A",.,"A",156,"D",.,"A",15,"D",.,"A",.,"A",.,"A",.,"A",.,"A",.,"A"
"20115",2317783,35,0,"1",.,"A",.,"A",.,"A",.,"A",30,"D",.,"A",.,"A",.,"A",.,"A",.,"A",.,"A",.,"A",350,"D",.,"A",.,"A"
"20115",2317823,71,0,"1",.,"A",.,"A",.,"A",.,"A",.,"A",.,"A",.,"A",.,"A",.,"A",.,"A",.,"A",.,"A",279,"D",.,"A",.,"A"
"20115",2317833,38,0,"1",.,"A",.,"A",.,"A",.,"A",.,"A",.,"A",780,"D",.,"A",.,"A",.,"A",.,"A",.,"A",125,"D",.,"A",.,"A"
"20115",2317853,36,0,"1",.,"A",.,"A",.,"A",.,"A",.,"A",.,"A",.,"A",.,"A",.,"A",.,"A",.,"A",.,"A",.,"A",.,"A",.,"A"
"20115",2317873,38,0,"1",.,"A",.,"A",.,"A",.,"A",.,"A",.,"A",.,"A",.,"A",.,"A",.,"A",.,"A",.,"A",.,"A",.,"A",.,"A"
"20115",2317883,145,0,"1",.,"A",.,"A",.,"A",.,"A",.,"A",210,"D",26,"D",.,"A",30,"D",.,"A",.,"A",.,"A",550,"D",.,"A",.,"A"
"20115",2317893,63,0,"1",.,"A",.,"A",.,"A",.,"A",.,"A",.,"A",234,"D",.,"A",.,"A",.,"A",.,"A",.,"A",100,"D",.,"A",.,"A"
"20115",2317903,34,0,"1",.,"A",.,"A",.,"A",.,"A",.,"A",.,"A",780,"D",.,"A",.,"A",.,"A",.,"A",.,"A",.,"A",.,"A",.,"A"
"20115",2317913,62,0,"1",.,"A",.,"A",.,"A",.,"A",.,"A",.,"A",.,"A",.,"A",.,"A",.,"A",.,"A",.,"A",60,"D",.,"A",.,"A"
"20115",2317923,31,0,"1",.,"A",.,"A",.,"A",.,"A",.,"A",.,"A",156,"D",.,"A",.,"A",.,"A",.,"A",.,"A",.,"A",.,"A",.,"A"
"20115",2317943,32,0,"1",.,"A",.,"A",.,"A",.,"A",.,"A",.,"A",.,"A",.,"A",.,"A",.,"A",.,"A",.,"A",.,"A",.,"A",.,"A"
"20115",2317955,61,0,"1",.,"A",.,"A",.,"A",.,"A",.,"A",.,"A",325,"D",.,"A",.,"A",.,"A",.,"A",.,"A",50,"D",.,"A",.,"A"
"20115",2317973,49,0,"1",.,"A",.,"A",.,"A",.,"A",.,"A",.,"A",130,"D",.,"A",.,"A",.,"A",.,"A",.,"A",150,"D",.,"A",.,"A"
"20115",2317983,32,0,"1",.,"A",.,"A",.,"A",.,"A",.,"A",.,"A",.,"A",.,"A",.,"A",.,"A",.,"A",.,"A",.,"A",.,"A",.,"A"
"20115",2318013,64,0,"1",.,"A",.,"A",.,"A",.,"A",.,"A",.,"A",.,"A",.,"A",.,"A",.,"A",.,"A",.,"A",300,"D",.,"A",.,"A"
"20115",2318023,81,0,"1",.,"A",.,"A",.,"A",.,"A",.,"A",.,"A",.,"A",.,"A",.,"A",.,"A",.,"A",.,"A",84,"D",.,"A",.,"A"
"20115",2318033,29,0,"1",.,"A",.,"A",.,"A",.,"A",.,"A",.,"A",.,"A",.,"A",.,"A",.,"A",.,"A",.,"A",.,"A",.,"A",.,"A"
"20115",2318043,56,0,"1",.,"A",.,"A",.,"A",.,"A",.,"A",.,"A",.,"A",.,"A",36,"D",.,"A",.,"A",.,"A",100,"D",.,"A",.,"A"
"20115",2318073,36,0,"1",.,"A",.,"A",.,"A",.,"A",.,"A",.,"A",.,"A",.,"A",.,"A",.,"A",.,"A",.,"A",100,"D",.,"A",.,"A"
"20115",2318083,44,0,"1",.,"A",.,"A",.,"A",.,"A",20,"D",.,"A",.,"A",.,"A",.,"A",.,"A",.,"A",.,"A",.,"A",.,"A",.,"A"
"20115",2318103,46,0,"1",.,"A",.,"A",.,"A",50,"D",.,"A",.,"A",.,"A",.,"A",.,"A",.,"A",.,"A",.,"A",250,"D",.,"A",.,"A"
"20115",2318113,72,0,"1",.,"A",.,"A",.,"A",.,"A",.,"A",.,"A",.,"A",.,"A",.,"A",.,"A",.,"A",.,"A",100,"D",.,"A",.,"A"
"20115",2318133,61,0,"1",.,"A",.,"A",.,"A",.,"A",.,"A",.,"A",.,"A",.,"A",.,"A",.,"A",.,"A",.,"A",20,"D",.,"A",.,"A"
"20115",2318143,32,0,"1",.,"A",.,"A",.,"A",.,"A",.,"A",.,"A",.,"A",.,"A",.,"A",.,"A",.,"A",.,"A",.,"A",.,"A",.,"A"
"20115",2318173,27,0,"1",.,"A",.,"A",.,"A",.,"A",20,"D",.,"A",.,"A",.,"A",.,"A",.,"A",.,"A",.,"A",.,"A",.,"A",.,"A"
"20115",2318203,48,0,"1",.,"A",.,"A",.,"A",.,"A",.,"A",30,"D",.,"A",.,"A",30,"D",.,"A",.,"A",.,"A",.,"A",.,"A",.,"A"
"20115",2318233,49,0,"1",.,"A",.,"A",.,"A",.,"A",.,"A",.,"A",650,"D",.,"A",.,"A",.,"A",.,"A",.,"A",.,"A",.,"A",.,"A"
"20115",2318253,67,0,"1",.,"A",.,"A",.,"A",.,"A",.,"A",.,"A",.,"A",.,"A",.,"A",.,"A",.,"A",.,"A",.,"A",.,"A",.,"A"
"20115",2318263,39,0,"1",.,"A",.,"A",.,"A",.,"A",.,"A",.,"A",.,"A",.,"A",.,"A",.,"A",.,"A",.,"A",.,"A",.,"A",.,"A"
"20115",2318273,65,0,"1",.,"A",.,"A",.,"A",.,"A",.,"A",.,"A",.,"A",.,"A",.,"A",.,"A",.,"A",.,"A",.,"A",.,"A",.,"A"
"20115",2318283,40,0,"1",.,"A",.,"A",.,"A",.,"A",120,"D",.,"A",390,"D",.,"A",.,"A",.,"A",.,"A",.,"A",.,"A",.,"A",.,"A"
"20115",2318293,50,0,"1",.,"A",.,"A",.,"A",.,"A",.,"A",.,"A",.,"A",.,"A",.,"A",.,"A",.,"A",.,"A",.,"A",.,"A",.,"A"
"20115",2318303,45,0,"1",.,"A",.,"A",.,"A",.,"A",.,"A",25,"D",.,"A",.,"A",9,"D",.,"A",.,"A",.,"A",30,"D",.,"A",.,"A"
"20115",2318313,53,0,"1",.,"A",.,"A",.,"A",.,"A",.,"A",.,"A",.,"A",.,"A",.,"A",.,"A",.,"A",.,"A",141,"D",.,"A",.,"A"
"20115",2318323,55,0,"1",.,"A",.,"A",.,"A",.,"A",.,"A",.,"A",.,"A",.,"A",18,"D",.,"A",.,"A",.,"A",.,"A",.,"A",.,"A"
"20115",2318333,58,0,"1",.,"A",.,"A",.,"A",.,"A",.,"A",8,"D",.,"A",.,"A",.,"A",0,"D",0,"D",0,"D",90,"D",0,"D",.,"A"
"20115",2318343,34,0,"1",.,"A",.,"A",.,"A",.,"A",.,"A",16,"D",.,"A",.,"A",.,"A",.,"A",.,"A",.,"A",.,"A",.,"A",.,"A"
"20115",2318383,85,0,"1",.,"A",.,"A",.,"A",.,"A",.,"A",100,"D",.,"A",.,"A",.,"A",.,"A",.,"A",.,"A",230,"D",.,"A",.,"A"
"20115",2318393,40,0,"1",.,"A",.,"A",.,"A",.,"A",.,"A",.,"A",.,"A",.,"A",.,"A",.,"A",.,"A",.,"A",.,"A",.,"A",.,"A"
"20115",2318403,50,0,"1",.,"A",.,"A",.,"A",.,"A",.,"A",.,"A",.,"A",.,"A",.,"A",.,"A",.,"A",.,"A",96,"D",.,"A",.,"A"
"20115",2318413,43,0,"1",.,"A",.,"A",.,"A",.,"A",.,"A",.,"A",390,"D",.,"A",.,"A",.,"A",.,"A",.,"A",20,"D",.,"A",.,"A"
"20115",2318423,64,0,"1",.,"A",.,"A",.,"A",.,"A",.,"A",.,"A",.,"A",.,"A",39,"D",.,"A",.,"A",.,"A",.,"A",.,"A",.,"A"
"20115",2318433,50,0,"1",.,"A",.,"A",.,"A",.,"A",.,"A",.,"A",.,"A",.,"A",.,"A",.,"A",.,"A",.,"A",33,"D",.,"A",.,"A"
"20115",2318443,55,0,"1",.,"A",.,"A",.,"A",.,"A",.,"A",.,"A",2210,"D",.,"A",.,"A",.,"A",.,"A",.,"A",.,"A",.,"A",.,"A"
"20115",2318453,72,0,"1",.,"A",.,"A",.,"A",.,"A",.,"A",120,"D",.,"A",.,"A",.,"A",.,"A",.,"A",.,"A",180,"D",.,"A",.,"A"
"20115",2318463,76,0,"1",.,"A",.,"A",.,"A",.,"A",.,"A",.,"A",.,"A",.,"A",3,"D",.,"A",.,"A",.,"A",180,"D",.,"A",.,"A"
"20115",2318503,91,0,"1",.,"A",.,"A",.,"A",.,"A",.,"A",.,"A",.,"A",.,"A",.,"A",.,"A",.,"A",.,"A",330,"D",.,"A",.,"A"
"20115",2318513,58,0,"1",.,"A",.,"A",22,"D",.,"A",.,"A",10,"D",.,"A",.,"A",18,"D",.,"A",.,"A",.,"A",160,"D",.,"A",.,"A"
"20115",2318523,59,0,"1",.,"A",.,"A",.,"A",.,"A",.,"A",.,"A",.,"A",.,"A",.,"A",.,"A",.,"A",.,"A",345,"D",.,"A",.,"A"
"20115",2318533,55,0,"1",.,"A",.,"A",.,"A",.,"A",.,"A",.,"A",.,"A",.,"A",.,"A",1560,"D",0,"D",0,"D",15,"D",520,"D",.,"A"
"20115",2318553,30,0,"1",.,"A",.,"A",.,"A",.,"A",.,"A",.,"A",.,"A",.,"A",.,"A",.,"A",.,"A",.,"A",.,"A",.,"A",.,"A"
"20115",2318563,33,0,"1",20,"D",.,"A",.,"A",.,"A",100,"D",.,"A",.,"A",.,"A",.,"A",267,"D",0,"D",0,"D",.,"A",89,"D",.,"A"
"20115",2318573,28,0,"1",.,"A",.,"A",.,"A",.,"A",120,"D",.,"A",.,"A",.,"A",.,"A",60,"D",0,"D",0,"D",.,"A",20,"D",.,"A"
"20115",2318583,34,0,"1",.,"A",.,"A",.,"A",.,"A",40,"D",.,"A",.,"A",.,"A",.,"A",.,"A",.,"A",.,"A",.,"A",.,"A",.,"A"
"20115",2318603,51,0,"1",.,"A",.,"A",.,"A",.,"A",.,"A",.,"A",.,"A",.,"A",.,"A",.,"A",.,"A",.,"A",36,"D",.,"A",.,"A"
"20115",2318613,32,0,"1",.,"A",.,"A",.,"A",.,"A",.,"A",.,"A",.,"A",.,"A",.,"A",.,"A",.,"A",.,"A",300,"D",.,"A",.,"A"
"20115",2318623,33,0,"1",.,"A",.,"A",.,"A",.,"A",.,"A",.,"A",.,"A",.,"A",.,"A",.,"A",.,"A",.,"A",.,"A",.,"A",.,"A"
"20115",2318633,54,0,"1",.,"A",.,"A",.,"A",.,"A",.,"A",.,"A",520,"D",.,"A",.,"A",.,"A",.,"A",.,"A",300,"D",.,"A",.,"A"
"20115",2318693,54,0,"1",.,"A",.,"A",.,"A",.,"A",.,"A",.,"A",.,"A",.,"A",.,"A",.,"A",.,"A",.,"A",20,"D",.,"A",.,"A"
"20115",2318703,46,0,"1",.,"A",.,"A",.,"A",.,"A",.,"A",.,"A",.,"A",.,"A",.,"A",.,"A",.,"A",.,"A",45,"D",.,"A",.,"A"
"20115",2318725,38,0,"1",20,"D",.,"A",.,"A",.,"A",55,"D",.,"A",.,"A",.,"A",.,"A",.,"A",.,"A",.,"A",.,"A",.,"A",.,"A"
"20115",2318743,27,0,"1",.,"A",.,"A",.,"A",.,"A",75,"D",.,"A",.,"A",.,"A",.,"A",.,"A",.,"A",.,"A",.,"A",.,"A",.,"A"
"20115",2318763,43,0,"1",.,"A",.,"A",.,"A",.,"A",.,"A",.,"A",.,"A",.,"A",.,"A",.,"A",.,"A",.,"A",300,"D",.,"A",.,"A"
"20115",2318783,61,0,"1",.,"A",.,"A",.,"A",.,"A",100,"D",40,"D",.,"A",.,"A",.,"A",315,"D",0,"D",0,"D",200,"D",105,"D",.,"A"
"20115",2318793,46,0,"1",.,"A",.,"A",.,"A",.,"A",.,"A",.,"A",364,"D",.,"A",.,"A",.,"A",.,"A",.,"A",.,"A",.,"A",.,"A"
"20115",2318803,25,0,"1",.,"A",.,"A",.,"A",.,"A",30,"D",.,"A",195,"D",.,"A",.,"A",.,"A",.,"A",.,"A",30,"D",.,"A",.,"A"
"20115",2318845,39,0,"1",97,"D",.,"A",.,"A",.,"A",263,"D",.,"A",.,"A",.,"A",.,"A",.,"A",.,"A",.,"A",.,"A",.,"A",.,"A"
"20115",2318853,30,0,"1",.,"A",.,"A",.,"A",.,"A",50,"D",.,"A",.,"A",.,"A",.,"A",0,"D",0,"D",60,"D",.,"A",0,"D",.,"A"
"20115",2318893,39,0,"1",.,"A",.,"A",.,"A",.,"A",.,"A",.,"A",.,"A",.,"A",.,"A",.,"A",.,"A",.,"A",180,"D",.,"A",.,"A"
"20115",2318903,34,0,"1",.,"A",.,"A",.,"A",.,"A",.,"A",30,"D",.,"A",.,"A",.,"A",.,"A",.,"A",.,"A",.,"A",.,"A",.,"A"
"20115",2318913,37,0,"1",.,"A",.,"A",.,"A",.,"A",.,"A",.,"A",.,"A",.,"A",.,"A",.,"A",.,"A",.,"A",30,"F",.,"A",.,"A"
"20115",2318923,33,0,"1",.,"A",.,"A",.,"A",.,"A",.,"A",.,"A",.,"A",.,"A",.,"A",.,"A",.,"A",.,"A",.,"A",.,"A",.,"A"
"20115",2318933,33,0,"1",.,"A",.,"A",.,"A",.,"A",.,"A",.,"A",.,"A",.,"A",.,"A",.,"A",.,"A",.,"A",.,"A",.,"A",.,"A"
"20115",2318943,51,0,"1",.,"A",.,"A",.,"A",.,"A",.,"A",.,"A",.,"A",.,"A",.,"A",.,"A",.,"A",.,"A",250,"D",.,"A",.,"A"
"20115",2318973,41,0,"1",20,"D",.,"A",.,"A",50,"D",40,"D",.,"A",416,"D",.,"A",.,"A",402,"D",0,"D",0,"D",.,"A",134,"D",.,"A"
"20115",2319013,89,0,"1",.,"A",20,"D",.,"A",.,"A",.,"A",60,"D",.,"A",.,"A",.,"A",.,"A",.,"A",.,"A",80,"D",.,"A",.,"A"
"20115",2319063,52,0,"1",.,"A",.,"A",.,"A",.,"A",.,"A",.,"A",.,"A",.,"A",.,"A",.,"A",.,"A",.,"A",90,"D",.,"A",.,"A"
"20115",2319083,37,0,"1",.,"A",.,"A",.,"A",.,"A",.,"A",.,"A",.,"A",.,"A",.,"A",.,"A",.,"A",.,"A",51,"D",.,"A",.,"A"
"20115",2319113,71,0,"1",20,"D",.,"A",.,"A",.,"A",0,"D",50,"D",.,"A",.,"A",30,"D",.,"A",.,"A",.,"A",200,"D",.,"A",.,"A"
"20115",2319133,74,0,"1",.,"A",.,"A",.,"A",.,"A",.,"A",.,"A",.,"A",.,"A",30,"D",.,"A",.,"A",.,"A",300,"D",.,"A",.,"A"
"20115",2319203,59,0,"1",.,"A",.,"A",.,"A",.,"A",.,"A",.,"A",.,"A",364,"D",.,"A",.,"A",.,"A",.,"A",100,"D",.,"A",.,"A"
"20115",2319213,42,0,"1",.,"A",.,"A",.,"A",.,"A",.,"A",.,"A",.,"A",.,"A",.,"A",.,"A",.,"A",.,"A",.,"A",.,"A",.,"A"
"20115",2319233,66,0,"1",.,"A",.,"A",.,"A",.,"A",.,"A",.,"A",.,"A",.,"A",.,"A",.,"A",.,"A",.,"A",50,"D",.,"A",.,"A"
"20115",2319243,56,0,"1",.,"A",.,"A",.,"A",.,"A",.,"A",.,"A",.,"A",.,"A",.,"A",.,"A",.,"A",.,"A",240,"D",.,"A",.,"A"
"20115",2319253,45,0,"1",.,"A",.,"A",.,"A",.,"A",90,"D",.,"A",.,"A",.,"A",.,"A",.,"A",.,"A",.,"A",18,"D",.,"A",.,"A"
"20115",2319273,36,0,"1",.,"A",.,"A",.,"A",.,"A",.,"A",30,"D",.,"A",.,"A",.,"A",.,"A",.,"A",.,"A",180,"D",.,"A",.,"A"
"20115",2319303,42,0,"1",.,"A",.,"A",.,"A",.,"A",.,"A",.,"A",.,"A",.,"A",.,"A",.,"A",.,"A",.,"A",.,"A",.,"A",.,"A"
"20115",2319323,57,0,"1",5,"D",.,"A",.,"A",.,"A",13,"D",.,"A",.,"A",.,"A",.,"A",0,"D",0,"D",30,"D",36,"D",0,"D",.,"A"
"20115",2319343,42,0,"1",.,"A",.,"A",.,"A",.,"A",.,"A",.,"A",.,"A",.,"A",.,"A",0,"D",0,"D",60,"D",60,"D",0,"D",.,"A"
"20115",2319353,57,0,"1",.,"A",.,"A",.,"A",.,"A",.,"A",.,"A",.,"A",.,"A",.,"A",.,"A",.,"A",.,"A",90,"D",.,"A",.,"A"
"20115",2319373,58,0,"1",.,"A",.,"A",.,"A",.,"A",.,"A",.,"A",.,"A",.,"A",.,"A",.,"A",.,"A",.,"A",30,"D",.,"A",.,"A"
"20115",2319383,38,0,"1",.,"A",.,"A",.,"A",.,"A",.,"A",.,"A",.,"A",.,"A",.,"A",.,"A",.,"A",.,"A",76,"D",.,"A",.,"A"
"20115",2319403,46,0,"1",.,"A",.,"A",.,"A",.,"A",.,"A",.,"A",.,"A",.,"A",.,"A",.,"A",.,"A",.,"A",30,"D",.,"A",.,"A"
"20115",2319423,46,0,"1",.,"A",.,"A",.,"A",.,"A",.,"A",.,"A",.,"A",.,"A",.,"A",.,"A",.,"A",.,"A",.,"A",.,"A",.,"A"
"20115",2319433,69,0,"1",.,"A",.,"A",.,"A",.,"A",.,"A",.,"A",.,"A",.,"A",.,"A",.,"A",.,"A",.,"A",43,"D",.,"A",.,"A"
"20115",2319463,28,0,"1",.,"A",.,"A",.,"A",.,"A",.,"A",.,"A",.,"A",.,"A",.,"A",.,"A",.,"A",.,"A",.,"A",.,"A",.,"A"
"20115",2319483,123,0,"1",.,"A",.,"A",.,"A",.,"A",.,"A",40,"D",.,"A",.,"A",.,"A",.,"A",.,"A",.,"A",250,"D",.,"A",.,"A"
"20115",2319493,80,0,"1",.,"A",.,"A",.,"A",.,"A",.,"A",.,"A",325,"D",.,"A",.,"A",.,"A",.,"A",.,"A",.,"A",.,"A",.,"A"
"20115",2319503,33,0,"1",.,"A",.,"A",.,"A",.,"A",.,"A",.,"A",.,"A",.,"A",.,"A",.,"A",.,"A",.,"A",.,"A",.,"A",.,"A"
"20115",2319543,34,0,"1",.,"A",.,"A",.,"A",.,"A",.,"A",.,"A",.,"A",.,"A",.,"A",.,"A",.,"A",.,"A",.,"A",.,"A",.,"A"
"20115",2319563,33,0,"1",.,"A",.,"A",.,"A",.,"A",.,"A",20,"F",65,"D",.,"A",.,"A",.,"A",.,"A",.,"A",.,"A",.,"A",.,"A"
"20115",2319653,60,0,"1",.,"A",.,"A",.,"A",.,"A",.,"A",.,"A",910,"D",.,"A",.,"A",.,"A",.,"A",.,"A",30,"D",.,"A",.,"A"
"20115",2319683,39,0,"1",.,"A",.,"A",.,"A",.,"A",.,"A",.,"A",260,"D",39,"D",.,"A",.,"A",.,"A",.,"A",15,"D",.,"A",.,"A"
"20115",2319703,75,0,"1",.,"A",.,"A",.,"A",.,"A",.,"A",50,"D",.,"A",.,"A",18,"D",.,"A",.,"A",.,"A",76,"D",.,"A",.,"A"
"20115",2319723,24,0,"1",.,"A",.,"A",.,"A",.,"A",.,"A",.,"A",.,"A",.,"A",.,"A",.,"A",.,"A",.,"A",.,"A",.,"A",.,"A"
"20115",2319733,27,0,"1",.,"A",.,"A",.,"A",.,"A",.,"A",.,"A",.,"A",.,"A",.,"A",.,"A",.,"A",.,"A",.,"A",.,"A",.,"A"
"20115",2319753,46,0,"1",.,"A",.,"A",.,"A",.,"A",.,"A",.,"A",.,"A",.,"A",.,"A",.,"A",.,"A",.,"A",50,"D",.,"A",.,"A"
"20115",2319763,52,0,"1",.,"A",.,"A",.,"A",.,"A",.,"A",.,"A",.,"A",.,"A",.,"A",.,"A",.,"A",.,"A",15,"D",.,"A",.,"A"
"20115",2319783,30,0,"1",.,"A",.,"A",.,"A",.,"A",10,"D",.,"A",325,"D",.,"A",9,"D",.,"A",.,"A",.,"A",.,"A",.,"A",.,"A"
"20115",2319813,50,0,"1",.,"A",.,"A",.,"A",.,"A",.,"A",.,"A",.,"A",.,"A",.,"A",.,"A",.,"A",.,"A",30,"D",.,"A",.,"A"
"20115",2319843,27,0,"1",10,"D",.,"A",.,"A",20,"D",26,"D",.,"A",.,"A",.,"A",.,"A",.,"A",.,"A",.,"A",.,"A",.,"A",.,"A"
"20115",2319853,30,0,"1",3,"D",.,"A",.,"A",.,"A",9,"D",.,"A",.,"A",.,"A",.,"A",0,"D",0,"D",27,"D",25,"D",0,"D",.,"A"
"20115",2319883,44,0,"1",.,"A",.,"A",.,"A",.,"A",.,"A",.,"A",.,"A",.,"A",.,"A",.,"A",.,"A",.,"A",.,"A",.,"A",.,"A"
"20115",2319893,40,0,"1",.,"A",.,"A",.,"A",.,"A",.,"A",.,"A",.,"A",.,"A",.,"A",.,"A",.,"A",.,"A",20,"D",.,"A",.,"A"
"20115",2319903,88,0,"1",.,"A",.,"A",.,"A",.,"A",.,"A",480,"D",.,"A",.,"A",.,"A",600,"D",0,"D",0,"D",250,"D",200,"D",.,"A"
"20115",2319943,46,0,"1",.,"A",.,"A",.,"A",.,"A",.,"A",.,"A",.,"A",26,"D",.,"A",.,"A",.,"A",.,"A",30,"D",.,"A",.,"A"
"20115",2319963,68,0,"1",.,"A",.,"A",.,"A",.,"A",.,"A",.,"A",.,"A",325,"D",.,"A",.,"A",.,"A",.,"A",54,"D",.,"A",.,"A"
"20115",2319993,47,0,"1",.,"A",.,"A",.,"A",.,"A",.,"A",30,"D",.,"A",.,"A",3,"D",.,"A",.,"A",.,"A",150,"D",.,"A",.,"A"
"20115",2320023,44,0,"1",.,"A",.,"A",.,"A",.,"A",.,"A",.,"A",.,"A",.,"A",.,"A",.,"A",.,"A",.,"A",.,"A",.,"A",.,"A"
"20115",2320053,65,0,"1",.,"A",.,"A",.,"A",.,"A",.,"A",.,"A",.,"A",.,"A",.,"A",.,"A",.,"A",.,"A",200,"D",.,"A",.,"A"
"20115",2320113,45,0,"1",.,"A",.,"A",.,"A",.,"A",.,"A",.,"A",.,"A",.,"A",.,"A",.,"A",.,"A",.,"A",.,"A",.,"A",.,"A"
"20115",2320123,39,0,"1",.,"A",.,"A",.,"A",.,"A",.,"A",.,"A",.,"A",.,"A",.,"A",.,"A",.,"A",.,"A",.,"A",.,"A",.,"A"
"20115",2320133,41,0,"1",.,"A",.,"A",.,"A",.,"A",.,"A",.,"A",.,"A",.,"A",.,"A",.,"A",.,"A",.,"A",350,"D",.,"A",.,"A"
"20115",2320263,28,0,"1",.,"A",.,"A",.,"A",.,"A",.,"A",.,"A",.,"A",.,"A",.,"A",.,"A",.,"A",.,"A",.,"A",.,"A",.,"A"
"20115",2320293,38,0,"1",.,"A",.,"A",.,"A",.,"A",.,"A",.,"A",.,"A",.,"A",.,"A",.,"A",.,"A",.,"A",240,"D",.,"A",.,"A"
"20115",2320323,27,0,"1",.,"A",.,"A",.,"A",.,"A",.,"A",.,"A",.,"A",.,"A",.,"A",.,"A",.,"A",.,"A",.,"A",.,"A",.,"A"
"20115",2320343,68,0,"1",.,"A",.,"A",.,"A",.,"A",.,"A",.,"A",.,"A",.,"A",.,"A",.,"A",.,"A",.,"A",26,"D",.,"A",.,"A"
"20115",2320363,95,0,"1",.,"A",.,"A",.,"A",.,"A",.,"A",.,"A",468,"D",.,"A",.,"A",.,"A",.,"A",.,"A",16,"D",.,"A",.,"A"
"20115",2320373,47,0,"1",.,"A",.,"A",.,"A",.,"A",.,"A",.,"A",.,"A",.,"A",.,"A",.,"A",.,"A",.,"A",200,"D",.,"A",.,"A"
"20115",2320443,51,0,"1",.,"A",.,"A",.,"A",.,"A",.,"A",.,"A",65,"D",.,"A",.,"A",.,"A",.,"A",.,"A",.,"A",.,"A",.,"A"
"20115",2320473,66,0,"1",.,"A",.,"A",.,"A",.,"A",.,"A",.,"A",.,"A",.,"A",.,"A",0,"D",0,"D",45,"D",.,"A",0,"D",.,"A"
"20115",2320513,92,0,"1",.,"A",.,"A",.,"A",.,"A",.,"A",50,"D",.,"A",.,"A",.,"A",.,"A",.,"A",.,"A",250,"D",.,"A",.,"A"
"20115",2320593,44,0,"1",.,"A",.,"A",.,"A",.,"A",.,"A",.,"A",.,"A",.,"A",.,"A",.,"A",.,"A",.,"A",.,"A",.,"A",.,"A"
"20115",2320605,27,0,"1",.,"A",.,"A",.,"A",.,"A",.,"A",.,"A",.,"A",.,"A",.,"A",.,"A",.,"A",.,"A",100,"D",.,"A",.,"A"
"20115",2320613,34,0,"1",.,"A",.,"A",.,"A",.,"A",.,"A",.,"A",.,"A",.,"A",.,"A",.,"A",.,"A",.,"A",90,"D",.,"A",.,"A"
"20115",2320623,42,0,"1",.,"A",.,"A",.,"A",.,"A",.,"A",.,"A",.,"A",.,"A",.,"A",.,"A",.,"A",.,"A",70,"D",.,"A",.,"A"
"20115",2320653,62,0,"1",.,"A",.,"A",.,"A",.,"A",.,"A",.,"A",.,"A",.,"A",.,"A",.,"A",.,"A",.,"A",70,"D",.,"A",.,"A"
"20115",2320673,43,0,"1",.,"A",.,"A",.,"A",.,"A",.,"A",.,"A",.,"A",.,"A",15,"D",.,"A",.,"A",.,"A",66,"D",.,"A",.,"A"
"20115",2320683,42,0,"1",.,"A",.,"A",.,"A",.,"A",.,"A",.,"A",.,"A",.,"A",.,"A",.,"A",.,"A",.,"A",.,"A",.,"A",.,"A"
"20115",2320693,89,0,"1",.,"A",.,"A",.,"A",.,"A",.,"A",80,"D",.,"A",.,"A",15,"D",.,"A",.,"A",.,"A",60,"D",.,"A",.,"A"
"20115",2320703,49,0,"1",.,"A",.,"A",.,"A",.,"A",.,"A",.,"A",.,"A",.,"A",9,"D",.,"A",.,"A",.,"A",.,"A",.,"A",.,"A"
"20115",2320713,49,0,"1",20,"D",.,"A",.,"A",.,"A",55,"D",35,"D",.,"A",.,"A",.,"A",.,"A",.,"A",.,"A",200,"D",.,"A",.,"A"
"20115",2320723,26,0,"1",.,"A",.,"A",.,"A",.,"A",.,"A",.,"A",.,"A",.,"A",.,"A",.,"A",.,"A",.,"A",100,"D",.,"A",.,"A"
"20115",2320743,37,0,"1",.,"A",.,"A",.,"A",.,"A",.,"A",.,"A",.,"A",.,"A",.,"A",.,"A",.,"A",.,"A",.,"A",.,"A",.,"A"
"20115",2320753,75,0,"1",.,"A",.,"A",.,"A",.,"A",.,"A",20,"D",.,"A",.,"A",.,"A",.,"A",.,"A",.,"A",102,"D",.,"A",.,"A"
"20115",2320773,50,0,"1",.,"A",.,"A",.,"A",.,"A",.,"A",.,"A",.,"A",.,"A",.,"A",.,"A",.,"A",.,"A",30,"D",.,"A",.,"A"
"20115",2320783,39,0,"1",.,"A",.,"A",.,"A",.,"A",.,"A",.,"A",.,"A",.,"A",.,"A",.,"A",.,"A",.,"A",100,"D",.,"A",.,"A"
"20115",2320814,37,0,"1",.,"A",.,"A",.,"A",.,"A",.,"A",.,"A",.,"A",.,"A",.,"A",.,"A",.,"A",.,"A",75,"D",.,"A",.,"A"
"20115",2320903,63,0,"1",.,"A",.,"A",.,"A",.,"A",.,"A",.,"A",.,"A",.,"A",.,"A",.,"A",.,"A",.,"A",65,"D",.,"A",.,"A"
"20115",2320913,46,0,"1",.,"A",.,"A",.,"A",.,"A",.,"A",.,"A",.,"A",.,"A",.,"A",.,"A",.,"A",.,"A",60,"D",.,"A",.,"A"
"20115",2320923,60,0,"1",.,"A",.,"A",.,"A",.,"A",.,"A",.,"A",.,"A",.,"A",.,"A",.,"A",.,"A",.,"A",120,"D",.,"A",.,"A"
"20115",2320933,31,0,"1",.,"A",.,"A",.,"A",.,"A",.,"A",.,"A",650,"D",.,"A",.,"A",0,"D",0,"D",30,"D",60,"D",0,"D",.,"A"
"20115",2320973,51,0,"1",.,"A",.,"A",.,"A",.,"A",.,"A",.,"A",.,"A",.,"A",.,"A",.,"A",.,"A",.,"A",.,"A",.,"A",.,"A"
"20115",2320993,51,0,"1",.,"A",.,"A",.,"A",.,"A",.,"A",.,"A",.,"A",.,"A",.,"A",.,"A",.,"A",.,"A",300,"D",.,"A",.,"A"
"20115",2321023,73,0,"1",.,"A",.,"A",.,"A",.,"A",.,"A",64,"D",260,"D",.,"A",27,"D",.,"A",.,"A",.,"A",350,"D",.,"A",.,"A"
"20115",2321033,53,0,"1",.,"A",.,"A",.,"A",.,"A",.,"A",.,"A",.,"A",.,"A",.,"A",.,"A",.,"A",.,"A",.,"A",.,"A",.,"A"
"20115",2321043,34,0,"1",.,"A",.,"A",.,"A",.,"A",.,"A",.,"A",.,"A",.,"A",.,"A",.,"A",.,"A",.,"A",.,"A",.,"A",.,"A"
"20115",2321053,38,0,"1",.,"A",.,"A",.,"A",.,"A",.,"A",.,"A",.,"A",.,"A",.,"A",.,"A",.,"A",.,"A",300,"D",.,"A",.,"A"
"20115",2321063,47,0,"1",.,"A",.,"A",.,"A",.,"A",.,"A",.,"A",.,"A",.,"A",.,"A",.,"A",.,"A",.,"A",.,"A",.,"A",.,"A"
"20115",2321073,57,0,"1",.,"A",.,"A",.,"A",.,"A",.,"A",120,"D",.,"A",.,"A",.,"A",.,"A",.,"A",.,"A",19,"F",.,"A",.,"A"
"20115",2321123,41,0,"1",.,"A",.,"A",.,"A",.,"A",.,"A",.,"A",.,"A",.,"A",.,"A",.,"A",.,"A",.,"A",30,"D",.,"A",.,"A"
"20115",2321143,42,0,"1",.,"A",.,"A",.,"A",.,"A",.,"A",.,"A",.,"A",.,"A",15,"D",.,"A",.,"A",.,"A",75,"D",.,"A",.,"A"
"20115",2321153,33,0,"1",.,"A",.,"A",.,"A",.,"A",.,"A",.,"A",.,"A",.,"A",.,"A",.,"A",.,"A",.,"A",.,"A",.,"A",.,"A"
"20115",2321193,36,0,"1",.,"A",.,"A",.,"A",.,"A",120,"D",.,"A",.,"A",.,"A",.,"A",.,"A",.,"A",.,"A",.,"A",.,"A",.,"A"
"20115",2321233,45,0,"1",.,"A",.,"A",.,"A",.,"A",.,"A",.,"A",.,"A",130,"D",.,"A",.,"A",.,"A",.,"A",60,"D",.,"A",.,"A"
"20115",2321253,78,0,"1",.,"A",.,"A",.,"A",.,"A",.,"A",.,"A",1365,"D",.,"A",108,"D",.,"A",.,"A",.,"A",.,"A",.,"A",.,"A"
"20115",2321283,56,0,"1",.,"A",.,"A",.,"A",.,"A",.,"A",.,"A",.,"A",.,"A",.,"A",.,"A",.,"A",.,"A",150,"D",.,"A",.,"A"
"20115",2321313,47,0,"1",.,"A",.,"A",.,"A",.,"A",.,"A",.,"A",.,"A",.,"A",.,"A",.,"A",.,"A",.,"A",60,"D",.,"A",.,"A"
"20115",2321333,23,0,"1",.,"A",.,"A",.,"A",.,"A",.,"A",.,"A",.,"A",.,"A",.,"A",.,"A",.,"A",.,"A",.,"A",.,"A",.,"A"
"20115",2321343,55,0,"1",.,"A",.,"A",.,"A",.,"A",.,"A",.,"A",.,"A",.,"A",.,"A",.,"A",.,"A",.,"A",60,"D",.,"A",.,"A"
"20115",2321383,36,0,"1",6,"D",.,"A",.,"A",25,"D",18,"D",.,"A",.,"A",.,"A",.,"A",0,"D",0,"D",15,"D",32,"D",0,"D",.,"A"
"20115",2321413,54,0,"1",.,"A",.,"A",.,"A",.,"A",.,"A",.,"A",.,"A",.,"A",.,"A",.,"A",.,"A",.,"A",35,"D",.,"A",.,"A"
"20115",2321463,28,0,"1",.,"A",.,"A",.,"A",.,"A",.,"A",.,"A",.,"A",.,"A",.,"A",.,"A",.,"A",.,"A",20,"D",.,"A",.,"A"
"20115",2321503,29,0,"1",.,"A",.,"A",.,"A",.,"A",30,"D",.,"A",.,"A",.,"A",.,"A",309,"D",0,"D",0,"D",120,"D",103,"D",.,"A"
"20115",2321523,45,0,"1",.,"A",.,"A",.,"A",.,"A",.,"A",.,"A",.,"A",.,"A",.,"A",.,"A",.,"A",.,"A",100,"D",.,"A",.,"A"
"20115",2321533,46,0,"1",.,"A",.,"A",.,"A",.,"A",.,"A",.,"A",.,"A",.,"A",30,"D",.,"A",.,"A",.,"A",300,"D",.,"A",.,"A"
"20115",2321553,42,0,"1",.,"A",.,"A",.,"A",.,"A",.,"A",.,"A",.,"A",.,"A",.,"A",.,"A",.,"A",.,"A",20,"D",.,"A",.,"A"
"20115",2321623,88,0,"1",.,"A",.,"A",.,"A",.,"A",.,"A",.,"A",.,"A",.,"A",.,"A",.,"A",.,"A",.,"A",75,"D",.,"A",.,"A"
"20115",2321643,36,0,"1",.,"A",.,"A",.,"A",.,"A",15,"D",.,"A",.,"A",.,"A",.,"A",.,"A",.,"A",.,"A",14,"D",.,"A",.,"A"
"20115",2321653,35,0,"1",.,"A",.,"A",.,"A",.,"A",.,"A",100,"F",.,"A",.,"A",.,"A",.,"A",.,"A",.,"A",200,"D",.,"A",.,"A"
"20115",2321713,52,0,"1",.,"A",.,"A",.,"A",.,"A",.,"A",.,"A",.,"A",.,"A",.,"A",.,"A",.,"A",.,"A",.,"A",.,"A",.,"A"
"20115",2321723,59,0,"1",.,"A",.,"A",.,"A",.,"A",.,"A",.,"A",.,"A",.,"A",.,"A",.,"A",.,"A",.,"A",120,"D",.,"A",.,"A"
"20115",2321743,59,0,"1",.,"A",.,"A",.,"A",.,"A",.,"A",.,"A",.,"A",.,"A",.,"A",.,"A",.,"A",.,"A",150,"D",.,"A",.,"A"
"20115",2321753,58,0,"1",.,"A",.,"A",.,"A",.,"A",.,"A",40,"D",.,"A",.,"A",.,"A",.,"A",.,"A",.,"A",200,"D",.,"A",.,"A"
"20115",2321773,56,0,"1",.,"A",.,"A",.,"A",.,"A",.,"A",.,"A",.,"A",.,"A",.,"A",420,"D",0,"D",420,"D",132,"D",140,"D",.,"A"
"20115",2321783,38,0,"1",.,"A",.,"A",.,"A",.,"A",.,"A",.,"A",455,"D",.,"A",.,"A",.,"A",.,"A",.,"A",.,"A",.,"A",.,"A"
"20115",2321793,33,0,"1",.,"A",.,"A",.,"A",.,"A",.,"A",.,"A",.,"A",.,"A",.,"A",.,"A",.,"A",.,"A",32,"D",.,"A",.,"A"
"20115",2321803,92,0,"1",.,"A",.,"A",.,"A",.,"A",.,"A",200,"D",.,"A",.,"A",18,"D",0,"D",0,"D",240,"D",100,"D",0,"D",.,"A"
"20115",2321833,50,0,"1",.,"A",.,"A",45,"D",.,"A",8,"D",.,"A",.,"A",.,"A",72,"D",.,"A",.,"A",.,"A",120,"D",.,"A",.,"A"
"20115",2321873,83,0,"1",.,"A",.,"A",.,"A",.,"A",.,"A",.,"A",.,"A",.,"A",.,"A",.,"A",.,"A",.,"A",45,"D",.,"A",.,"A"
"20115",2321893,67,0,"1",.,"A",.,"A",.,"A",.,"A",.,"A",.,"A",.,"A",.,"A",.,"A",.,"A",.,"A",.,"A",100,"D",.,"A",.,"A"
"20115",2321913,57,0,"1",.,"A",.,"A",.,"A",.,"A",.,"A",14,"D",.,"A",.,"A",.,"A",.,"A",.,"A",.,"A",44,"D",.,"A",.,"A"
"20115",2321963,23,0,"1",.,"A",.,"A",.,"A",.,"A",.,"A",.,"A",.,"A",.,"A",.,"A",.,"A",.,"A",.,"A",0,"D",.,"A",.,"A"
"20115",2321983,35,0,"1",.,"A",.,"A",.,"A",.,"A",100,"D",.,"A",.,"A",.,"A",.,"A",0,"D",42,"D",0,"D",80,"D",0,"D",.,"A"
"20115",2321993,47,0,"1",.,"A",.,"A",.,"A",.,"A",.,"A",.,"A",624,"D",.,"A",.,"A",.,"A",.,"A",.,"A",65,"D",.,"A",.,"A"
"20115",2322003,56,0,"1",.,"A",.,"A",.,"A",.,"A",.,"A",.,"A",351,"D",.,"A",.,"A",.,"A",.,"A",.,"A",.,"A",.,"A",.,"A"
"20115",2322013,55,0,"1",.,"A",.,"A",.,"A",.,"A",.,"A",.,"A",.,"A",.,"A",54,"D",.,"A",.,"A",.,"A",.,"A",.,"A",.,"A"
"20115",2322024,31,0,"1",.,"A",.,"A",.,"A",.,"A",.,"A",.,"A",.,"A",.,"A",.,"A",.,"A",.,"A",.,"A",.,"A",.,"A",.,"A"
"20115",2322033,51,0,"1",.,"A",.,"A",.,"A",.,"A",.,"A",.,"A",.,"A",.,"A",.,"A",.,"A",.,"A",.,"A",200,"D",.,"A",.,"A"
"20115",2322043,91,0,"1",.,"A",.,"A",.,"A",.,"A",.,"A",.,"A",.,"A",.,"A",9,"D",.,"A",.,"A",.,"A",110,"D",.,"A",.,"A"
"20115",2322073,84,0,"1",.,"A",.,"A",.,"A",.,"A",.,"A",.,"A",.,"A",.,"A",.,"A",.,"A",.,"A",.,"A",300,"D",.,"A",.,"A"
"20115",2322093,31,0,"1",.,"A",.,"A",.,"A",.,"A",.,"A",.,"A",351,"D",.,"A",.,"A",.,"A",.,"A",.,"A",.,"A",.,"A",.,"A"
"20115",2322113,44,0,"1",.,"A",.,"A",.,"A",.,"A",.,"A",.,"A",.,"A",.,"A",.,"A",.,"A",.,"A",.,"A",.,"A",.,"A",.,"A"
"20115",2322133,23,0,"1",.,"A",.,"A",.,"A",.,"A",120,"D",.,"A",.,"A",.,"A",.,"A",.,"A",.,"A",.,"A",.,"A",.,"A",.,"A"
"20115",2322145,32,0,"1",.,"A",.,"A",.,"A",.,"A",.,"A",.,"A",260,"D",.,"A",.,"A",.,"A",.,"A",.,"A",.,"A",.,"A",.,"A"
"20115",2322153,25,0,"1",.,"A",.,"A",.,"A",.,"A",.,"A",.,"A",.,"A",.,"A",.,"A",.,"A",.,"A",.,"A",.,"A",.,"A",.,"A"
"20115",2322163,47,0,"1",.,"A",.,"A",.,"A",.,"A",.,"A",.,"A",650,"D",26,"D",.,"A",.,"A",.,"A",.,"A",.,"A",.,"A",.,"A"
"20115",2322193,60,0,"1",.,"A",.,"A",.,"A",.,"A",.,"A",.,"A",.,"A",.,"A",.,"A",.,"A",.,"A",.,"A",75,"D",.,"A",.,"A"
"20115",2322213,35,0,"1",.,"A",.,"A",.,"A",.,"A",.,"A",.,"A",.,"A",.,"A",.,"A",.,"A",.,"A",.,"A",.,"A",.,"A",.,"A"
"20115",2322225,43,0,"1",.,"A",.,"A",.,"A",.,"A",.,"A",.,"A",221,"D",.,"A",.,"A",.,"A",.,"A",.,"A",60,"D",.,"A",.,"A"
"20115",2322253,69,0,"1",.,"A",.,"A",.,"A",.,"A",.,"A",.,"A",.,"A",.,"A",6,"D",0,"D",0,"D",0,"D",300,"D",0,"D",.,"A"
"20115",2322263,86,0,"1",.,"A",.,"A",.,"A",.,"A",20,"D",.,"A",.,"A",.,"A",.,"A",.,"A",.,"A",.,"A",60,"D",.,"A",.,"A"
"20115",2322273,43,0,"1",.,"A",.,"A",.,"A",.,"A",.,"A",.,"A",.,"A",.,"A",.,"A",.,"A",.,"A",.,"A",.,"A",.,"A",.,"A"
"20115",2322283,31,0,"1",.,"A",.,"A",.,"A",.,"A",.,"A",.,"A",.,"A",.,"A",.,"A",.,"A",.,"A",.,"A",.,"A",.,"A",.,"A"
"20115",2322293,51,0,"1",.,"A",.,"A",.,"A",.,"A",.,"A",.,"A",390,"D",.,"A",.,"A",.,"A",.,"A",.,"A",.,"A",.,"A",.,"A"
"20115",2322343,62,0,"1",.,"A",.,"A",.,"A",.,"A",.,"A",.,"A",130,"D",.,"A",30,"D",600,"D",0,"D",0,"D",18,"D",200,"D",.,"A"
"20115",2322393,38,0,"1",4,"D",.,"A",.,"A",.,"A",20,"D",.,"A",.,"A",.,"A",.,"A",0,"D",15,"D",90,"D",.,"A",0,"D",.,"A"
"20115",2322403,24,0,"1",.,"A",.,"A",.,"A",.,"A",.,"A",.,"A",.,"A",.,"A",.,"A",270,"D",0,"D",270,"D",225,"D",90,"D",.,"A"
"20115",2322413,38,0,"1",.,"A",.,"A",.,"A",.,"A",.,"A",.,"A",.,"A",.,"A",.,"A",.,"A",.,"A",.,"A",80,"D",.,"A",.,"A"
"20115",2322423,41,0,"1",.,"A",.,"A",.,"A",.,"A",.,"A",.,"A",.,"A",.,"A",.,"A",.,"A",.,"A",.,"A",.,"A",.,"A",.,"A"
"20115",2322473,25,0,"1",.,"A",.,"A",.,"A",.,"A",.,"A",.,"A",.,"A",.,"A",.,"A",.,"A",.,"A",.,"A",30,"D",.,"A",.,"A"
"20115",2322553,36,0,"1",.,"A",.,"A",.,"A",.,"A",.,"A",.,"A",.,"A",.,"A",.,"A",.,"A",.,"A",.,"A",.,"A",.,"A",.,"A"
"20115",2322573,50,0,"1",.,"A",.,"A",.,"A",.,"A",.,"A",.,"A",.,"A",.,"A",.,"A",.,"A",.,"A",.,"A",.,"A",.,"A",.,"A"
"20115",2322623,64,0,"1",.,"A",.,"A",.,"A",.,"A",.,"A",.,"A",650,"D",.,"A",30,"D",.,"A",.,"A",.,"A",900,"D",.,"A",.,"A"
"20115",2322643,34,0,"1",45,"D",.,"A",.,"A",25,"D",125,"D",.,"A",.,"A",.,"A",.,"A",300,"D",0,"D",120,"D",175,"D",100,"D",.,"A"
"20115",2322653,41,0,"1",.,"A",.,"A",.,"A",.,"A",.,"A",.,"A",.,"A",.,"A",.,"A",.,"A",.,"A",.,"A",300,"D",.,"A",.,"A"
"20115",2322663,36,0,"1",.,"A",.,"A",.,"A",.,"A",.,"A",.,"A",.,"A",.,"A",.,"A",.,"A",.,"A",.,"A",.,"A",.,"A",.,"A"
"20115",2322673,51,0,"1",.,"A",.,"A",.,"A",.,"A",.,"A",.,"A",.,"A",.,"A",.,"A",.,"A",.,"A",.,"A",14,"D",.,"A",.,"A"
"20115",2322693,34,0,"1",.,"A",.,"A",.,"A",25,"D",.,"A",.,"A",65,"D",.,"A",.,"A",.,"A",.,"A",.,"A",.,"A",.,"A",.,"A"
"20115",2322713,30,0,"1",.,"A",.,"A",.,"A",.,"A",.,"A",.,"A",390,"D",.,"A",.,"A",.,"A",.,"A",.,"A",.,"A",.,"A",.,"A"
"20115",2322743,52,0,"1",.,"A",.,"A",.,"A",.,"A",.,"A",.,"A",1300,"D",.,"A",.,"A",.,"A",.,"A",.,"A",50,"D",.,"A",.,"A"
"20115",2322753,45,0,"1",.,"A",.,"A",.,"A",.,"A",.,"A",.,"A",.,"A",.,"A",.,"A",.,"A",.,"A",.,"A",.,"A",.,"A",.,"A"
"20115",2322803,27,0,"1",.,"A",.,"A",.,"A",.,"A",.,"A",.,"A",.,"A",.,"A",.,"A",0,"D",0,"D",0,"D",.,"A",0,"D",.,"A"
"20115",2322823,72,0,"1",.,"A",.,"A",.,"A",.,"A",.,"A",.,"A",.,"A",.,"A",.,"A",162,"D",0,"D",0,"D",35,"D",54,"D",300,"D"
"20115",2322833,52,0,"1",.,"A",.,"A",.,"A",.,"A",.,"A",.,"A",.,"A",.,"A",.,"A",.,"A",.,"A",.,"A",160,"D",.,"A",.,"A"
"20115",2322843,44,0,"1",.,"A",.,"A",.,"A",.,"A",.,"A",.,"A",.,"A",.,"A",.,"A",.,"A",.,"A",.,"A",60,"D",.,"A",.,"A"
"20115",2322863,62,0,"1",.,"A",.,"A",.,"A",.,"A",.,"A",.,"A",.,"A",.,"A",.,"A",.,"A",.,"A",.,"A",128,"D",.,"A",.,"A"
"20115",2322883,89,0,"1",.,"A",.,"A",.,"A",.,"A",.,"A",.,"A",91,"D",.,"A",.,"A",.,"A",.,"A",.,"A",60,"D",.,"A",.,"A"
"20115",2322893,38,0,"1",.,"A",35,"D",.,"A",.,"A",.,"A",35,"D",.,"A",.,"A",.,"A",.,"A",.,"A",.,"A",120,"D",.,"A",.,"A"
"20115",2322933,50,0,"1",.,"A",.,"A",.,"A",.,"A",.,"A",300,"D",390,"D",.,"A",.,"A",.,"A",.,"A",.,"A",70,"D",.,"A",.,"A"
"20115",2322963,38,0,"1",.,"A",.,"A",.,"A",.,"A",.,"A",.,"A",.,"A",.,"A",.,"A",.,"A",.,"A",.,"A",.,"A",.,"A",.,"A"
"20115",2322973,58,0,"1",.,"A",.,"A",.,"A",.,"A",.,"A",.,"A",.,"A",.,"A",.,"A",.,"A",.,"A",.,"A",90,"D",.,"A",.,"A"
"20115",2322993,25,0,"1",.,"A",.,"A",.,"A",.,"A",.,"A",.,"A",.,"A",.,"A",.,"A",.,"A",.,"A",.,"A",.,"A",.,"A",.,"A"
"20115",2323013,63,0,"1",.,"A",.,"A",.,"A",.,"A",.,"A",.,"A",.,"A",.,"A",30,"D",.,"A",.,"A",.,"A",50,"D",.,"A",.,"A"
"20115",2323033,55,0,"1",.,"A",.,"A",.,"A",.,"A",.,"A",15,"D",.,"A",.,"A",15,"D",.,"A",.,"A",.,"A",.,"A",.,"A",.,"A"
"20115",2323043,57,0,"1",.,"A",.,"A",.,"A",.,"A",.,"A",240,"D",.,"A",.,"A",6,"D",.,"A",.,"A",.,"A",120,"D",.,"A",.,"A"
"20115",2323073,38,0,"1",.,"A",.,"A",.,"A",.,"A",.,"A",.,"A",1170,"D",.,"A",.,"A",.,"A",.,"A",.,"A",10,"D",.,"A",.,"A"
"20115",2323083,33,0,"1",.,"A",.,"A",.,"A",.,"A",.,"A",.,"A",.,"A",.,"A",.,"A",.,"A",.,"A",.,"A",.,"A",.,"A",.,"A"
"20115",2323093,42,0,"1",.,"A",.,"A",.,"A",.,"A",.,"A",.,"A",.,"A",.,"A",.,"A",.,"A",.,"A",.,"A",30,"D",.,"A",.,"A"
"20115",2323103,31,0,"1",.,"A",.,"A",.,"A",.,"A",.,"A",.,"A",.,"A",.,"A",.,"A",.,"A",.,"A",.,"A",.,"A",.,"A",.,"A"
"20115",2323113,57,0,"1",.,"A",.,"A",.,"A",.,"A",.,"A",.,"A",104,"D",.,"A",.,"A",.,"A",.,"A",.,"A",.,"A",.,"A",.,"A"
"20115",2323123,61,0,"1",.,"A",.,"A",.,"A",.,"A",.,"A",.,"A",.,"A",.,"A",.,"A",.,"A",.,"A",.,"A",8,"D",.,"A",.,"A"
"20115",2323173,43,0,"1",.,"A",.,"A",.,"A",.,"A",.,"A",.,"A",.,"A",.,"A",.,"A",0,"D",0,"D",12,"D",.,"A",0,"D",.,"A"
"20115",2323193,29,0,"1",.,"A",.,"A",.,"A",.,"A",110,"D",.,"A",.,"A",.,"A",.,"A",.,"A",.,"A",.,"A",.,"A",.,"A",.,"A"
"20115",2323203,36,0,"1",.,"A",.,"A",.,"A",.,"A",.,"A",.,"A",650,"D",.,"A",.,"A",.,"A",.,"A",.,"A",.,"A",.,"A",.,"A"
"20115",2323213,82,0,"1",.,"A",.,"A",.,"A",.,"A",.,"A",90,"D",.,"A",.,"A",24,"D",.,"A",.,"A",.,"A",30,"D",.,"A",.,"A"
"20115",2323233,37,0,"1",.,"A",.,"A",.,"A",.,"A",240,"D",.,"A",.,"A",.,"A",45,"D",.,"A",.,"A",.,"A",120,"D",.,"A",.,"A"
"20115",2323253,48,0,"1",.,"A",.,"A",.,"A",.,"A",.,"A",.,"A",455,"D",.,"A",.,"A",.,"A",.,"A",.,"A",.,"A",.,"A",.,"A"
"20115",2323283,25,0,"1",.,"A",.,"A",.,"A",.,"A",60,"D",.,"A",.,"A",.,"A",.,"A",0,"D",0,"D",30,"D",.,"A",0,"D",.,"A"
"20115",2323293,28,0,"1",.,"A",.,"A",.,"A",.,"A",.,"A",.,"A",.,"A",.,"A",.,"A",.,"A",.,"A",.,"A",40,"D",.,"A",.,"A"
"20115",2323323,34,0,"1",.,"A",.,"A",.,"A",.,"A",150,"F",.,"A",.,"A",.,"A",.,"A",.,"A",.,"A",.,"A",40,"F",.,"A",.,"A"
"20115",2323353,29,0,"1",.,"A",.,"A",.,"A",.,"A",.,"A",.,"A",.,"A",.,"A",.,"A",.,"A",.,"A",.,"A",20,"D",.,"A",.,"A"
"20115",2323363,68,0,"1",.,"A",.,"A",.,"A",.,"A",.,"A",.,"A",.,"A",.,"A",.,"A",.,"A",.,"A",.,"A",300,"D",.,"A",.,"A"
"20115",2323373,33,0,"1",.,"A",.,"A",.,"A",.,"A",.,"A",.,"A",.,"A",.,"A",.,"A",.,"A",.,"A",.,"A",.,"A",.,"A",.,"A"
"20115",2323403,67,0,"1",.,"A",.,"A",.,"A",.,"A",.,"A",.,"A",.,"A",.,"A",.,"A",.,"A",.,"A",.,"A",170,"D",.,"A",.,"A"
"20115",2323413,35,0,"1",.,"A",.,"A",.,"A",.,"A",.,"A",.,"A",.,"A",.,"A",.,"A",.,"A",.,"A",.,"A",60,"D",.,"A",.,"A"
"20115",2323423,35,0,"1",.,"A",.,"A",.,"A",.,"A",150,"D",.,"A",.,"A",.,"A",.,"A",.,"A",.,"A",.,"A",.,"A",.,"A",.,"A"
"20115",2323433,58,0,"1",.,"A",.,"A",.,"A",.,"A",.,"A",.,"A",.,"A",.,"A",120,"D",.,"A",.,"A",.,"A",90,"D",.,"A",.,"A"
"20115",2323443,36,0,"1",.,"A",.,"A",.,"A",.,"A",.,"A",.,"A",.,"A",.,"A",.,"A",.,"A",.,"A",.,"A",.,"A",.,"A",.,"A"
"20115",2323453,82,0,"1",.,"A",.,"A",.,"A",.,"A",.,"A",.,"A",.,"A",.,"A",.,"A",.,"A",.,"A",.,"A",210,"D",.,"A",.,"A"
"20115",2323473,41,0,"1",.,"A",.,"A",.,"A",.,"A",.,"A",.,"A",.,"A",.,"A",.,"A",.,"A",.,"A",.,"A",.,"A",.,"A",.,"A"
"20115",2323503,58,0,"1",.,"A",.,"A",.,"A",10,"D",90,"D",.,"A",.,"A",.,"A",.,"A",60,"D",0,"D",0,"D",200,"D",20,"D",.,"A"
"20115",2323513,24,0,"1",.,"A",.,"A",.,"A",.,"A",.,"A",.,"A",.,"A",.,"A",.,"A",.,"A",.,"A",.,"A",.,"A",.,"A",.,"A"
"20115",2323533,55,0,"1",.,"A",.,"A",.,"A",.,"A",.,"A",.,"A",.,"A",.,"A",.,"A",.,"A",.,"A",.,"A",300,"D",.,"A",.,"A"
"20115",2323543,43,0,"1",.,"A",.,"A",.,"A",.,"A",.,"A",.,"A",.,"A",.,"A",.,"A",.,"A",.,"A",.,"A",.,"A",.,"A",.,"A"
"20115",2323553,42,0,"1",.,"A",.,"A",.,"A",.,"A",.,"A",.,"A",.,"A",.,"A",18,"D",.,"A",.,"A",.,"A",275,"D",.,"A",.,"A"
"20115",2323593,60,0,"1",.,"A",.,"A",.,"A",.,"A",.,"A",22,"D",.,"A",.,"A",.,"A",.,"A",.,"A",.,"A",40,"D",.,"A",.,"A"
"20115",2323623,46,0,"1",.,"A",.,"A",.,"A",.,"A",.,"A",.,"A",.,"A",.,"A",.,"A",.,"A",.,"A",.,"A",80,"D",.,"A",.,"A"
"20115",2323643,23,0,"1",.,"A",.,"A",.,"A",.,"A",40,"D",.,"A",.,"A",.,"A",.,"A",.,"A",.,"A",.,"A",.,"A",.,"A",.,"A"
"20115",2323663,53,0,"1",.,"A",.,"A",.,"A",.,"A",.,"A",.,"A",.,"A",.,"A",.,"A",.,"A",.,"A",.,"A",50,"D",.,"A",.,"A"
"20115",2323673,67,0,"1",.,"A",.,"A",.,"A",.,"A",.,"A",.,"A",195,"D",.,"A",.,"A",.,"A",.,"A",.,"A",42,"D",.,"A",.,"A"
"20115",2323683,32,0,"1",.,"A",.,"A",.,"A",.,"A",.,"A",.,"A",.,"A",.,"A",.,"A",.,"A",.,"A",.,"A",.,"A",.,"A",.,"A"
"20115",2323733,37,0,"1",.,"A",.,"A",.,"A",300,"D",.,"A",.,"A",.,"A",.,"A",.,"A",.,"A",.,"A",.,"A",.,"A",.,"A",.,"A"
"20115",2323743,59,0,"1",.,"A",.,"A",.,"A",.,"A",.,"A",.,"A",.,"A",.,"A",.,"A",.,"A",.,"A",.,"A",.,"A",.,"A",.,"A"
"20115",2323753,82,0,"1",.,"A",.,"A",.,"A",.,"A",.,"A",.,"A",39,"D",.,"A",18,"D",.,"A",.,"A",.,"A",42,"D",.,"A",.,"A"
"20115",2323873,43,0,"1",10,"D",.,"A",.,"A",.,"A",20,"D",.,"A",.,"A",.,"A",.,"A",0,"D",75,"D",0,"D",8,"D",0,"D",.,"A"
"20115",2323883,69,0,"1",.,"A",.,"A",.,"A",.,"A",.,"A",50,"D",208,"D",.,"A",.,"A",.,"A",.,"A",.,"A",570,"D",.,"A",.,"A"
"20115",2323893,79,0,"1",.,"A",.,"A",.,"A",.,"A",.,"A",.,"A",.,"A",364,"D",.,"A",.,"A",.,"A",.,"A",.,"A",.,"A",.,"A"
"20115",2323913,53,0,"1",.,"A",.,"A",.,"A",.,"A",.,"A",.,"A",.,"A",.,"A",.,"A",.,"A",.,"A",.,"A",100,"D",.,"A",.,"A"
"20115",2323943,78,0,"1",.,"A",.,"A",.,"A",50,"D",.,"A",250,"D",.,"A",.,"A",45,"F",240,"D",120,"D",120,"D",750,"D",80,"D",.,"A"
"20115",2323993,50,0,"1",.,"A",.,"A",.,"A",.,"A",.,"A",.,"A",.,"A",.,"A",.,"A",.,"A",.,"A",.,"A",.,"A",.,"A",.,"A"
"20115",2324023,49,0,"1",.,"A",.,"A",.,"A",.,"A",.,"A",.,"A",195,"D",.,"A",.,"A",.,"A",.,"A",.,"A",80,"D",.,"A",.,"A"
"20115",2324043,59,0,"1",.,"A",.,"A",.,"A",.,"A",.,"A",.,"A",.,"A",.,"A",.,"A",.,"A",.,"A",.,"A",160,"D",.,"A",.,"A"
"20115",2324055,61,0,"1",.,"A",.,"A",.,"A",.,"A",.,"A",.,"A",.,"A",.,"A",.,"A",.,"A",.,"A",.,"A",111,"D",.,"A",.,"A"
"20115",2324063,44,0,"1",.,"A",.,"A",.,"A",.,"A",.,"A",.,"A",65,"D",.,"A",.,"A",.,"A",.,"A",.,"A",60,"D",.,"A",.,"A"
"20115",2324073,29,0,"1",23,"D",.,"A",.,"A",.,"A",49,"D",.,"A",130,"D",117,"D",.,"A",.,"A",.,"A",.,"A",.,"A",.,"A",.,"A"
"20115",2324083,55,0,"1",.,"A",.,"A",.,"A",.,"A",.,"A",.,"A",650,"D",.,"A",.,"A",.,"A",.,"A",.,"A",40,"D",.,"A",.,"A"
"20115",2324113,52,0,"1",.,"A",.,"A",.,"A",.,"A",.,"A",.,"A",.,"A",.,"A",.,"A",.,"A",.,"A",.,"A",65,"D",.,"A",.,"A"
"20115",2324123,71,0,"1",.,"A",.,"A",.,"A",70,"D",.,"A",20,"D",.,"A",.,"A",90,"D",.,"A",.,"A",.,"A",60,"D",.,"A",.,"A"
"20115",2324143,61,0,"1",.,"A",.,"A",.,"A",.,"A",.,"A",140,"D",.,"A",.,"A",.,"A",.,"A",.,"A",.,"A",310,"D",.,"A",.,"A"
"20115",2324153,53,0,"1",.,"A",.,"A",.,"A",.,"A",.,"A",.,"A",.,"A",.,"A",.,"A",.,"A",.,"A",.,"A",.,"A",.,"A",.,"A"
"20115",2324163,47,0,"1",.,"A",.,"A",.,"A",.,"A",.,"A",.,"A",.,"A",.,"A",.,"A",.,"A",.,"A",.,"A",70,"D",.,"A",.,"A"
"20115",2324173,68,0,"1",.,"A",.,"A",.,"A",.,"A",.,"A",.,"A",650,"D",.,"A",.,"A",.,"A",.,"A",.,"A",.,"A",.,"A",.,"A"
"20115",2324183,38,0,"1",.,"A",.,"A",.,"A",.,"A",.,"A",.,"A",.,"A",.,"A",.,"A",.,"A",.,"A",.,"A",200,"D",.,"A",.,"A"
"20115",2324213,81,0,"1",.,"A",.,"A",.,"A",30,"D",.,"A",30,"D",130,"D",.,"A",30,"F",240,"F",0,"D",0,"D",125,"D",.,"C",.,"A"
"20115",2324224,67,0,"1",.,"A",.,"A",.,"A",.,"A",.,"A",.,"A",.,"A",.,"A",.,"A",.,"A",.,"A",.,"A",60,"D",.,"A",.,"A"
"20115",2324265,38,0,"1",.,"A",.,"A",.,"A",.,"A",.,"A",.,"A",.,"A",.,"A",.,"A",.,"A",.,"A",.,"A",.,"A",.,"A",.,"A"
"20115",2324303,118,0,"1",.,"A",.,"A",.,"A",.,"A",.,"A",.,"A",.,"A",.,"A",.,"A",.,"A",.,"A",.,"A",310,"D",.,"A",.,"A"
"20115",2324324,43,0,"1",.,"A",.,"A",.,"A",.,"A",.,"A",.,"A",.,"A",.,"A",.,"A",.,"A",.,"A",.,"A",.,"A",.,"A",.,"A"
"20115",2324343,36,0,"1",.,"A",.,"A",.,"A",.,"A",.,"A",.,"A",.,"A",.,"A",.,"A",.,"A",.,"A",.,"A",60,"D",.,"A",.,"A"
"20115",2324353,34,0,"1",.,"A",.,"A",.,"A",.,"A",12,"D",25,"D",.,"A",.,"A",.,"A",.,"A",.,"A",.,"A",.,"A",.,"A",.,"A"
"20115",2324383,33,0,"1",.,"A",.,"A",.,"A",.,"A",.,"A",.,"A",.,"A",.,"A",.,"A",.,"A",.,"A",.,"A",.,"A",.,"A",.,"A"
"20115",2324393,121,0,"1",.,"A",.,"A",.,"A",.,"A",.,"A",110,"D",.,"A",.,"A",.,"A",1095,"D",0,"D",0,"D",.,"A",365,"D",690,"D"
"20115",2324413,30,0,"1",.,"A",.,"A",.,"A",.,"A",.,"A",.,"A",.,"A",.,"A",.,"A",.,"A",.,"A",.,"A",21,"D",.,"A",.,"A"
"20115",2324463,24,0,"1",.,"A",.,"A",.,"A",.,"A",30,"D",.,"A",.,"A",.,"A",.,"A",.,"A",.,"A",.,"A",.,"A",.,"A",.,"A"
"20115",2324483,60,0,"1",.,"A",.,"A",.,"A",.,"A",.,"A",.,"A",.,"A",.,"A",.,"A",.,"A",.,"A",.,"A",50,"D",.,"A",.,"A"
"20115",2324493,44,0,"1",.,"A",.,"A",.,"A",.,"A",.,"A",.,"A",.,"A",.,"A",.,"A",.,"A",.,"A",.,"A",100,"D",.,"A",.,"A"
"20115",2324503,40,0,"1",50,"D",.,"A",.,"A",.,"A",100,"D",.,"A",520,"D",.,"A",.,"A",.,"A",.,"A",.,"A",24,"D",.,"A",.,"A"
"20115",2324515,78,0,"1",.,"A",.,"A",.,"A",.,"A",.,"A",.,"A",130,"D",.,"A",3,"D",45,"D",0,"D",0,"D",175,"D",15,"D",200,"D"
"20115",2324543,31,0,"1",.,"A",.,"A",.,"A",.,"A",.,"A",.,"A",.,"A",.,"A",.,"A",.,"A",.,"A",.,"A",.,"A",.,"A",.,"A"
"20115",2324553,45,0,"1",.,"A",.,"A",.,"A",.,"A",.,"A",.,"A",910,"D",.,"A",.,"A",.,"A",.,"A",.,"A",50,"D",.,"A",.,"A"
"20115",2324563,86,0,"1",.,"A",.,"A",.,"A",.,"A",.,"A",.,"A",.,"A",.,"A",210,"D",.,"A",.,"A",.,"A",55,"D",.,"A",.,"A"
"20115",2324583,63,0,"1",.,"A",.,"A",.,"A",.,"A",.,"A",.,"A",.,"A",.,"A",0,"D",.,"A",.,"A",.,"A",60,"D",.,"A",.,"A"
"20115",2324613,62,0,"1",.,"A",.,"A",.,"A",.,"A",.,"A",235,"D",.,"A",.,"A",.,"A",.,"A",.,"A",.,"A",767,"D",.,"A",.,"A"
"20115",2324663,47,0,"1",.,"A",.,"A",.,"A",.,"A",.,"A",.,"A",.,"A",.,"A",.,"A",.,"A",.,"A",.,"A",30,"D",.,"A",.,"A"
"20115",2324673,34,0,"1",.,"A",.,"A",.,"A",.,"A",.,"A",.,"A",65,"D",.,"A",.,"A",.,"A",.,"A",.,"A",.,"A",.,"A",.,"A"
"20115",2324683,64,0,"1",.,"A",.,"A",.,"A",.,"A",.,"A",.,"A",.,"A",.,"A",.,"A",.,"A",.,"A",.,"A",40,"D",.,"A",.,"A"
"20115",2324693,35,0,"1",.,"A",.,"A",.,"A",.,"A",.,"A",.,"A",520,"D",.,"A",30,"D",.,"A",.,"A",.,"A",.,"A",.,"A",.,"A"
"20115",2324703,44,0,"1",.,"A",.,"A",.,"A",.,"A",.,"A",70,"D",.,"A",.,"A",.,"A",.,"A",.,"A",.,"A",200,"D",.,"A",.,"A"
"20115",2324735,44,0,"1",.,"A",.,"A",.,"A",.,"A",.,"A",.,"A",.,"A",.,"A",15,"D",.,"A",.,"A",.,"A",17,"D",.,"A",.,"A"
"20115",2324753,57,0,"1",.,"A",.,"A",.,"A",.,"A",.,"A",.,"A",780,"D",.,"A",.,"A",0,"D",309,"D",0,"D",432,"D",0,"D",.,"A"
"20115",2324764,34,0,"1",.,"A",.,"A",.,"A",.,"A",60,"D",.,"A",.,"A",.,"A",.,"A",.,"A",.,"A",.,"A",12,"D",.,"A",.,"A"
"20115",2324773,80,0,"1",.,"A",.,"A",.,"A",.,"A",.,"A",.,"A",.,"A",.,"A",.,"A",.,"A",.,"A",.,"A",30,"D",.,"A",.,"A"
"20115",2324793,51,0,"1",.,"A",.,"A",.,"A",.,"A",.,"A",.,"A",.,"A",.,"A",.,"A",180,"D",0,"D",0,"D",.,"A",60,"D",.,"A"
"20115",2324833,49,0,"1",.,"A",.,"A",.,"A",25,"D",.,"A",30,"D",.,"A",.,"A",12,"D",0,"D",0,"D",30,"D",40,"D",0,"D",.,"A"
"20115",2324893,37,0,"1",.,"A",.,"A",.,"A",.,"A",.,"A",38,"D",.,"A",.,"A",.,"A",312,"D",0,"D",75,"D",180,"D",104,"D",.,"A"
"20115",2324943,41,0,"1",.,"A",.,"A",.,"A",.,"A",.,"A",.,"A",.,"A",.,"A",.,"A",.,"A",.,"A",.,"A",.,"A",.,"A",.,"A"
"20115",2324953,43,0,"1",.,"A",.,"A",.,"A",.,"A",.,"A",.,"A",.,"A",.,"A",.,"A",.,"A",.,"A",.,"A",.,"A",.,"A",.,"A"
"20115",2324973,32,0,"1",3,"D",.,"A",.,"A",.,"A",24,"D",.,"A",910,"D",.,"A",.,"A",0,"D",240,"D",0,"D",.,"A",0,"D",.,"A"
"20115",2324993,39,0,"1",.,"A",.,"A",.,"A",.,"A",.,"A",.,"A",.,"A",.,"A",.,"A",.,"A",.,"A",.,"A",.,"A",.,"A",.,"A"
"20115",2325003,50,0,"1",.,"A",.,"A",51,"D",.,"A",.,"A",.,"A",.,"A",.,"A",.,"A",330,"D",0,"D",0,"D",50,"D",110,"D",.,"A"
"20115",2325013,25,0,"1",.,"A",.,"A",.,"A",.,"A",80,"D",.,"A",.,"A",.,"A",.,"A",.,"A",.,"A",.,"A",.,"A",.,"A",.,"A"
"20115",2325023,49,0,"1",.,"A",.,"A",.,"A",.,"A",.,"A",.,"A",.,"A",.,"A",.,"A",.,"A",.,"A",.,"A",125,"D",.,"A",.,"A"
"20115",2325033,59,0,"1",.,"A",.,"A",.,"A",100,"D",.,"A",.,"A",.,"A",.,"A",.,"A",.,"A",.,"A",.,"A",150,"D",.,"A",.,"A"
"20115",2325053,44,0,"1",.,"A",.,"A",.,"A",.,"A",.,"A",.,"A",.,"A",.,"A",.,"A",.,"A",.,"A",.,"A",200,"D",.,"A",.,"A"
"20115",2325063,53,0,"1",.,"A",.,"A",.,"A",.,"A",.,"A",.,"A",.,"A",.,"A",.,"A",.,"A",.,"A",.,"A",35,"D",.,"A",.,"A"
"20115",2325073,39,0,"1",.,"A",.,"A",.,"A",.,"A",.,"A",.,"A",.,"A",.,"A",.,"A",.,"A",.,"A",.,"A",.,"A",.,"A",.,"A"
"20115",2325083,57,0,"1",.,"A",.,"A",.,"A",.,"A",.,"A",30,"D",.,"A",.,"A",.,"A",.,"A",.,"A",.,"A",137,"D",.,"A",.,"A"
"20115",2325093,40,0,"1",.,"A",.,"A",.,"A",.,"A",.,"A",40,"D",.,"A",.,"A",.,"A",.,"A",.,"A",.,"A",110,"D",.,"A",.,"A"
"20115",2325103,38,0,"1",.,"A",.,"A",.,"A",.,"A",.,"A",.,"A",.,"A",.,"A",.,"A",.,"A",.,"A",.,"A",.,"A",.,"A",.,"A"
"20115",2325123,81,0,"1",.,"A",.,"A",.,"A",.,"A",.,"A",300,"D",.,"A",.,"A",.,"A",.,"A",.,"A",.,"A",250,"D",.,"A",.,"A"
"20115",2325144,28,0,"1",.,"A",.,"A",.,"A",.,"A",30,"D",.,"A",.,"A",.,"A",.,"A",.,"A",.,"A",.,"A",.,"A",.,"A",.,"A"
"20115",2325163,29,0,"1",.,"A",.,"A",.,"A",.,"A",120,"D",.,"A",.,"A",.,"A",.,"A",.,"A",.,"A",.,"A",.,"A",.,"A",.,"A"
"20115",2325183,59,0,"1",.,"A",.,"A",.,"A",.,"A",.,"A",.,"A",.,"A",.,"A",.,"A",.,"A",.,"A",.,"A",.,"A",.,"A",.,"A"
"20115",2325213,29,0,"1",.,"A",.,"A",.,"A",.,"A",.,"A",.,"A",.,"A",.,"A",.,"A",.,"A",.,"A",.,"A",.,"A",.,"A",.,"A"
"20115",2325223,54,0,"1",.,"A",.,"A",.,"A",.,"A",.,"A",.,"A",.,"A",.,"A",.,"A",81,"D",0,"D",0,"D",120,"D",27,"D",.,"A"
"20115",2325243,50,0,"1",.,"A",.,"A",.,"A",.,"A",.,"A",.,"A",559,"D",.,"A",.,"A",.,"A",.,"A",.,"A",.,"A",.,"A",.,"A"
"20115",2325253,46,0,"1",.,"A",.,"A",.,"A",.,"A",.,"A",.,"A",.,"A",.,"A",.,"A",.,"A",.,"A",.,"A",105,"D",.,"A",.,"A"
"20115",2325295,22,0,"1",.,"A",.,"A",.,"A",.,"A",.,"A",.,"A",260,"D",.,"A",.,"A",.,"A",.,"A",.,"A",.,"A",.,"A",.,"A"
"20115",2325303,60,0,"1",.,"A",.,"A",.,"A",.,"A",.,"A",.,"A",.,"A",.,"A",.,"A",.,"A",.,"A",.,"A",300,"D",.,"A",.,"A"
"20115",2325343,54,0,"1",.,"A",.,"A",.,"A",.,"A",.,"A",.,"A",.,"A",.,"A",.,"A",.,"A",.,"A",.,"A",.,"A",.,"A",.,"A"
"20115",2325363,51,0,"1",.,"A",.,"A",.,"A",.,"A",.,"A",.,"A",.,"A",.,"A",.,"A",.,"A",.,"A",.,"A",30,"D",.,"A",.,"A"
"20115",2325393,76,0,"1",.,"A",.,"A",.,"A",.,"A",.,"A",.,"A",364,"D",.,"A",.,"A",.,"A",.,"A",.,"A",.,"A",.,"A",.,"A"
"20115",2325423,45,0,"1",.,"A",.,"A",.,"A",.,"A",.,"A",.,"A",.,"A",.,"A",.,"A",.,"A",.,"A",.,"A",.,"A",.,"A",.,"A"
"20115",2325463,56,0,"1",.,"A",.,"A",.,"A",.,"A",.,"A",.,"A",520,"D",130,"D",.,"A",.,"A",.,"A",.,"A",36,"D",.,"A",.,"A"
"20115",2325513,59,0,"1",.,"A",.,"A",.,"A",.,"A",.,"A",.,"A",130,"D",.,"A",.,"A",0,"D",150,"D",0,"D",50,"D",0,"D",.,"A"
"20115",2325533,82,0,"1",.,"A",.,"A",.,"A",.,"A",.,"A",400,"D",.,"A",.,"A",.,"A",.,"A",.,"A",.,"A",200,"D",.,"A",.,"A"
"20115",2325563,40,0,"1",.,"A",.,"A",.,"A",.,"A",.,"A",.,"A",.,"A",.,"A",.,"A",.,"A",.,"A",.,"A",.,"A",.,"A",.,"A"
"20115",2325583,96,0,"1",.,"A",50,"D",.,"A",.,"A",.,"A",0,"D",.,"A",.,"A",.,"A",36,"D",0,"D",0,"D",235,"D",12,"D",.,"A"
"20115",2325593,44,0,"1",.,"A",.,"A",.,"A",.,"A",.,"A",.,"A",260,"D",.,"A",.,"A",.,"A",.,"A",.,"A",85,"D",.,"A",.,"A"
"20115",2325663,38,0,"1",25,"D",.,"A",.,"A",.,"A",115,"D",.,"A",585,"D",.,"A",.,"A",624,"D",0,"D",0,"D",175,"D",208,"D",.,"A"
"20115",2325673,40,0,"1",.,"A",.,"A",60,"D",.,"A",.,"A",75,"D",.,"A",.,"A",.,"A",.,"A",.,"A",.,"A",.,"A",.,"A",.,"A"
"20115",2325683,57,0,"1",.,"A",.,"A",.,"A",.,"A",.,"A",.,"A",286,"D",.,"A",.,"A",.,"A",.,"A",.,"A",32,"D",.,"A",.,"A"
"20115",2325743,31,0,"1",.,"A",.,"A",.,"A",.,"A",.,"A",.,"A",.,"A",130,"D",.,"A",.,"A",.,"A",.,"A",.,"A",.,"A",.,"A"
"20115",2325763,25,0,"1",.,"A",.,"A",.,"A",.,"A",.,"A",.,"A",.,"A",.,"A",.,"A",.,"A",.,"A",.,"A",.,"A",.,"A",.,"A"
"20115",2325773,67,0,"1",.,"A",.,"A",150,"D",.,"A",.,"A",.,"A",.,"A",.,"A",.,"A",.,"A",.,"A",.,"A",200,"D",.,"A",.,"A"
"20115",2325783,58,0,"1",.,"A",.,"A",.,"A",.,"A",.,"A",.,"A",.,"A",52,"D",.,"A",0,"D",0,"D",15,"D",60,"D",0,"D",.,"A"
"20115",2325793,92,0,"1",.,"A",.,"A",.,"A",.,"A",.,"A",45,"D",.,"A",.,"A",.,"A",.,"A",.,"A",.,"A",600,"D",.,"A",.,"A"
"20115",2325834,57,0,"1",.,"A",.,"A",.,"A",.,"A",.,"A",.,"A",.,"A",.,"A",.,"A",.,"A",.,"A",.,"A",40,"D",.,"A",.,"A"
"20115",2325843,37,0,"1",.,"A",.,"A",.,"A",.,"A",.,"A",55,"D",715,"D",.,"A",.,"A",.,"A",.,"A",.,"A",40,"D",.,"A",.,"A"
"20115",2325853,68,0,"1",.,"A",.,"A",.,"A",.,"A",.,"A",.,"A",.,"A",.,"A",.,"A",.,"A",.,"A",.,"A",40,"D",.,"A",.,"A"
"20115",2325863,51,0,"1",.,"A",.,"A",.,"A",.,"A",20,"D",.,"A",.,"A",.,"A",.,"A",.,"A",.,"A",.,"A",175,"D",.,"A",.,"A"
"20115",2325893,56,0,"1",.,"A",.,"A",.,"A",.,"A",.,"A",.,"A",.,"A",.,"A",.,"A",.,"A",.,"A",.,"A",55,"D",.,"A",.,"A"
"20115",2325903,60,0,"1",.,"A",.,"A",.,"A",.,"A",.,"A",.,"A",.,"A",.,"A",.,"A",.,"A",.,"A",.,"A",60,"D",.,"A",.,"A"
"20115",2325943,45,0,"1",.,"A",.,"A",.,"A",40,"D",.,"A",.,"A",.,"A",.,"A",.,"A",.,"A",.,"A",.,"A",18,"D",.,"A",.,"A"
"20115",2325953,54,0,"1",.,"A",.,"A",.,"A",.,"A",.,"A",.,"A",.,"A",.,"A",.,"A",.,"A",.,"A",.,"A",120,"D",.,"A",.,"A"
"20115",2325963,25,0,"1",.,"A",.,"A",.,"A",.,"A",30,"D",.,"A",.,"A",.,"A",.,"A",0,"D",0,"D",18,"D",.,"A",0,"D",.,"A"
"20115",2325973,65,0,"1",.,"A",.,"A",.,"A",.,"A",.,"A",.,"A",.,"A",.,"A",.,"A",.,"A",.,"A",.,"A",120,"D",.,"A",.,"A"
"20115",2325993,54,0,"1",.,"A",.,"A",.,"A",.,"A",.,"A",150,"D",.,"A",.,"A",.,"A",.,"A",.,"A",.,"A",.,"A",.,"A",.,"A"
"20115",2326013,36,0,"1",.,"A",.,"A",.,"A",.,"A",.,"A",.,"A",.,"A",.,"A",.,"A",.,"A",.,"A",.,"A",.,"A",.,"A",.,"A"
"20115",2326033,32,0,"1",.,"A",.,"A",.,"A",.,"A",120,"D",.,"A",.,"A",.,"A",.,"A",.,"A",.,"A",.,"A",.,"A",.,"A",.,"A"
"20115",2326043,41,0,"1",.,"A",.,"A",.,"A",.,"A",.,"A",.,"A",520,"D",.,"A",.,"A",.,"A",.,"A",.,"A",.,"A",.,"A",.,"A"
"20115",2326055,56,0,"1",.,"A",.,"A",.,"A",.,"A",.,"A",.,"A",.,"A",.,"A",.,"A",.,"A",.,"A",.,"A",.,"A",.,"A",.,"A"
"20115",2326073,37,0,"1",.,"A",.,"A",.,"A",.,"A",.,"A",200,"D",.,"A",.,"A",.,"A",.,"A",.,"A",.,"A",.,"A",.,"A",.,"A"
"20115",2326083,59,0,"1",.,"A",.,"A",20,"D",.,"A",.,"A",.,"A",.,"A",.,"A",.,"A",.,"A",.,"A",.,"A",50,"D",.,"A",.,"A"
"20115",2326093,90,0,"1",.,"A",.,"A",.,"A",.,"A",.,"A",.,"A",.,"A",.,"A",.,"A",.,"A",.,"A",.,"A",95,"D",.,"A",.,"A"
"20115",2326173,79,0,"1",.,"A",.,"A",.,"A",.,"A",.,"A",.,"A",.,"A",.,"A",.,"A",.,"A",.,"A",.,"A",93,"D",.,"A",.,"A"
"20115",2326183,33,0,"1",.,"A",.,"A",.,"A",.,"A",.,"A",.,"A",.,"A",.,"A",.,"A",.,"A",.,"A",.,"A",.,"A",.,"A",.,"A"
"20115",2326213,34,0,"1",.,"A",.,"A",.,"A",.,"A",.,"A",.,"A",130,"D",.,"A",.,"A",.,"A",.,"A",.,"A",30,"D",.,"A",.,"A"
"20115",2326234,49,0,"1",.,"A",.,"A",.,"A",.,"A",.,"A",50,"D",.,"A",.,"A",.,"A",.,"A",.,"A",.,"A",400,"D",.,"A",.,"A"
"20115",2326243,42,0,"1",.,"A",.,"A",.,"A",.,"A",.,"A",.,"A",.,"A",.,"A",.,"A",.,"A",.,"A",.,"A",100,"D",.,"A",.,"A"
"20115",2326283,55,0,"1",.,"A",.,"A",.,"A",.,"A",.,"A",.,"A",.,"A",.,"A",.,"A",.,"A",.,"A",.,"A",50,"D",.,"A",.,"A"
"20115",2326295,32,0,"1",.,"A",.,"A",.,"A",.,"A",60,"D",.,"A",.,"A",.,"A",.,"A",.,"A",.,"A",.,"A",60,"D",.,"A",.,"A"
"20115",2326303,32,0,"1",.,"A",.,"A",.,"A",100,"D",.,"A",.,"A",.,"A",.,"A",.,"A",.,"A",.,"A",.,"A",.,"A",.,"A",.,"A"
"20115",2326313,33,0,"1",.,"A",.,"A",.,"A",.,"A",.,"A",.,"A",.,"A",.,"A",.,"A",.,"A",.,"A",.,"A",.,"A",.,"A",.,"A"
"20115",2326343,51,0,"1",.,"A",.,"A",.,"A",.,"A",.,"A",.,"A",.,"A",.,"A",.,"A",.,"A",.,"A",.,"A",40,"D",.,"A",.,"A"
"20115",2326363,46,0,"1",.,"A",.,"A",.,"A",.,"A",.,"A",.,"A",.,"A",.,"A",.,"A",.,"A",.,"A",.,"A",30,"D",.,"A",.,"A"
"20115",2326393,45,0,"1",.,"A",.,"A",.,"A",.,"A",60,"D",20,"D",728,"D",.,"A",.,"A",.,"A",.,"A",.,"A",175,"D",.,"A",.,"A"
"20115",2326413,30,0,"1",.,"A",.,"A",.,"A",.,"A",.,"A",.,"A",.,"A",.,"A",.,"A",0,"D",0,"D",36,"D",.,"A",0,"D",.,"A"
"20115",2326453,53,0,"1",.,"A",.,"A",.,"A",.,"A",.,"A",.,"A",.,"A",.,"A",.,"A",.,"A",.,"A",.,"A",15,"D",.,"A",.,"A"
"20115",2326463,33,0,"1",.,"A",.,"A",.,"A",.,"A",.,"A",.,"A",1820,"D",.,"A",.,"A",.,"A",.,"A",.,"A",60,"D",.,"A",.,"A"
"20115",2326483,31,0,"1",.,"A",.,"A",.,"A",.,"A",.,"A",.,"A",390,"D",.,"A",.,"A",.,"A",.,"A",.,"A",.,"A",.,"A",.,"A"
"20115",2326525,35,0,"1",.,"A",.,"A",.,"A",.,"A",.,"A",.,"A",.,"A",.,"A",.,"A",.,"A",.,"A",.,"A",.,"A",.,"A",.,"A"
"20115",2326533,44,0,"1",.,"A",.,"A",.,"A",40,"D",.,"A",.,"A",.,"A",.,"A",.,"A",0,"D",0,"D",90,"D",.,"A",0,"D",.,"A"
"20115",2326545,26,0,"1",.,"A",.,"A",.,"A",5,"D",.,"A",.,"A",.,"A",.,"A",.,"A",.,"A",.,"A",.,"A",10,"D",.,"A",.,"A"
"20115",2326553,57,0,"1",.,"A",.,"A",.,"A",.,"A",.,"A",.,"A",.,"A",.,"A",.,"A",.,"A",.,"A",.,"A",75,"D",.,"A",.,"A"
"20115",2326563,44,0,"1",19,"D",.,"A",.,"A",.,"A",51,"D",.,"A",.,"A",.,"A",.,"A",.,"A",.,"A",.,"A",.,"A",.,"A",.,"A"
"20115",2326573,74,0,"1",.,"A",.,"A",.,"A",.,"A",.,"A",.,"A",.,"A",637,"D",.,"A",.,"A",.,"A",.,"A",.,"A",.,"A",.,"A"
"20115",2326593,40,0,"1",.,"A",.,"A",.,"A",.,"A",.,"A",.,"A",39,"D",26,"D",.,"A",.,"A",.,"A",.,"A",.,"A",.,"A",.,"A"
"20115",2326613,99,0,"1",.,"A",.,"A",.,"A",.,"A",.,"A",250,"D",.,"A",65,"D",.,"A",0,"D",0,"D",60,"D",360,"D",0,"D",.,"A"
"20115",2326633,86,0,"1",.,"A",.,"A",35,"D",.,"A",.,"A",.,"A",.,"A",.,"A",.,"A",.,"A",.,"A",.,"A",300,"D",.,"A",.,"A"
"20115",2326643,27,0,"1",.,"A",.,"A",.,"A",.,"A",.,"A",.,"A",.,"A",.,"A",9,"D",.,"A",.,"A",.,"A",30,"D",.,"A",.,"A"
"20115",2326653,46,0,"1",.,"A",.,"A",.,"A",.,"A",.,"A",.,"A",.,"A",.,"A",.,"A",.,"A",.,"A",.,"A",150,"D",.,"A",.,"A"
"20115",2326663,46,0,"1",.,"A",.,"A",.,"A",.,"A",.,"A",240,"D",.,"A",.,"A",.,"A",.,"A",.,"A",.,"A",600,"D",.,"A",.,"A"
"20115",2326693,40,0,"1",.,"A",.,"A",.,"A",.,"A",.,"A",.,"A",.,"A",.,"A",.,"A",.,"A",.,"A",.,"A",.,"A",.,"A",.,"A"
"20115",2326703,64,0,"1",.,"A",.,"A",.,"A",.,"A",.,"A",.,"A",.,"A",.,"A",.,"A",.,"A",.,"A",.,"A",.,"A",.,"A",.,"A"
"20115",2326713,58,0,"1",.,"A",.,"A",.,"A",.,"A",.,"A",.,"A",793,"D",.,"A",.,"A",.,"A",.,"A",.,"A",200,"D",.,"A",.,"A"
"20115",2326723,61,0,"1",.,"A",.,"A",.,"A",.,"A",.,"A",120,"D",.,"A",.,"A",.,"A",.,"A",.,"A",.,"A",60,"D",.,"A",.,"A"
"20115",2326733,38,0,"1",.,"A",.,"A",.,"A",.,"A",.,"A",.,"A",.,"A",.,"A",.,"A",.,"A",.,"A",.,"A",.,"A",.,"A",.,"A"
"20115",2326753,88,0,"1",.,"A",.,"A",.,"A",.,"A",.,"A",180,"D",.,"A",.,"A",.,"A",.,"A",.,"A",.,"A",120,"D",.,"A",.,"A"
"20115",2326783,37,0,"1",.,"A",.,"A",.,"A",.,"A",.,"A",.,"A",.,"A",.,"A",.,"A",.,"A",.,"A",.,"A",.,"A",.,"A",.,"A"
"20115",2326803,39,0,"1",.,"A",.,"A",.,"A",.,"A",.,"A",.,"A",1300,"D",.,"A",.,"A",.,"A",.,"A",.,"A",.,"A",.,"A",.,"A"
"20115",2326823,65,0,"1",.,"A",.,"A",.,"A",.,"A",.,"A",.,"A",.,"A",.,"A",.,"A",.,"A",.,"A",.,"A",220,"D",.,"A",.,"A"
"20115",2326843,53,0,"1",.,"A",.,"A",.,"A",.,"A",.,"A",.,"A",650,"D",.,"A",.,"A",.,"A",.,"A",.,"A",20,"D",.,"A",.,"A"
"20115",2326853,76,0,"1",.,"A",.,"A",.,"A",.,"A",.,"A",45,"D",.,"A",.,"A",.,"A",.,"A",.,"A",.,"A",.,"A",.,"A",.,"A"
"20115",2326873,41,0,"1",.,"A",.,"A",.,"A",.,"A",.,"A",.,"A",.,"A",.,"A",.,"A",.,"A",.,"A",.,"A",.,"A",.,"A",.,"A"
"20115",2326893,79,0,"1",.,"A",.,"A",.,"A",.,"A",.,"A",.,"A",.,"A",91,"D",.,"A",.,"A",.,"A",.,"A",29,"D",.,"A",.,"A"
"20115",2326933,55,0,"1",.,"A",.,"A",.,"A",.,"A",.,"A",.,"A",364,"D",.,"A",.,"A",.,"A",.,"A",.,"A",.,"A",.,"A",.,"A"
"20115",2326983,26,0,"1",.,"A",.,"A",.,"A",.,"A",.,"A",.,"A",.,"A",.,"A",.,"A",.,"A",.,"A",.,"A",.,"A",.,"A",.,"A"
"20115",2326993,32,0,"1",.,"A",.,"A",.,"A",.,"A",.,"A",.,"A",.,"A",.,"A",.,"A",.,"A",.,"A",.,"A",.,"A",.,"A",.,"A"
"20115",2327003,122,0,"1",.,"A",.,"A",.,"A",.,"A",.,"A",46,"D",.,"A",.,"A",.,"A",.,"A",.,"A",.,"A",93,"D",.,"A",.,"A"
"20115",2327013,35,0,"1",.,"A",.,"A",.,"A",.,"A",.,"A",.,"A",.,"A",.,"A",.,"A",.,"A",.,"A",.,"A",160,"D",.,"A",.,"A"
"20115",2327063,43,0,"1",.,"A",.,"A",.,"A",.,"A",.,"A",.,"A",.,"A",.,"A",.,"A",.,"A",.,"A",.,"A",20,"D",.,"A",.,"A"
"20115",2327073,57,0,"1",.,"A",.,"A",.,"A",.,"A",.,"A",65,"D",.,"A",.,"A",.,"A",.,"A",.,"A",.,"A",30,"D",.,"A",.,"A"
"20115",2327083,52,0,"1",.,"A",35,"D",.,"A",.,"A",.,"A",5,"D",.,"A",.,"A",.,"A",.,"A",.,"A",.,"A",150,"D",.,"A",.,"A"
"20115",2327113,27,0,"1",.,"A",.,"A",.,"A",.,"A",.,"A",.,"A",.,"A",.,"A",.,"A",.,"A",.,"A",.,"A",.,"A",.,"A",.,"A"
"20115",2327143,43,0,"1",.,"A",.,"A",.,"A",.,"A",.,"A",.,"A",.,"A",.,"A",.,"A",.,"A",.,"A",.,"A",.,"A",.,"A",.,"A"
"20115",2327213,76,0,"1",.,"A",.,"A",.,"A",.,"A",.,"A",10,"D",.,"A",.,"A",.,"A",.,"A",.,"A",.,"A",150,"D",.,"A",.,"A"
"20115",2327233,79,0,"1",.,"A",.,"A",.,"A",.,"A",.,"A",160,"D",.,"A",.,"A",.,"A",.,"A",.,"A",.,"A",320,"D",.,"A",.,"A"
"20115",2327243,47,0,"1",.,"A",.,"A",.,"A",.,"A",.,"A",.,"A",.,"A",.,"A",30,"D",.,"A",.,"A",.,"A",30,"D",.,"A",.,"A"
"20115",2327253,36,0,"1",.,"A",.,"A",.,"A",.,"A",.,"A",.,"A",325,"D",.,"A",.,"A",.,"A",.,"A",.,"A",.,"A",.,"A",.,"A"
"20115",2327263,22,0,"1",.,"A",.,"A",.,"A",20,"D",20,"D",.,"A",.,"A",.,"A",.,"A",312,"D",6,"D",6,"D",20,"D",104,"D",.,"A"
"20115",2327323,62,0,"1",.,"A",.,"A",.,"A",.,"A",.,"A",20,"D",.,"A",.,"A",30,"D",.,"A",.,"A",.,"A",15,"D",.,"A",.,"A"
"20115",2327333,84,0,"1",.,"A",.,"A",.,"A",.,"A",.,"A",.,"A",.,"A",.,"A",.,"A",.,"A",.,"A",.,"A",89,"D",.,"A",.,"A"
"20115",2327373,69,0,"1",.,"A",.,"A",.,"A",.,"A",.,"A",.,"A",.,"A",.,"A",.,"A",.,"A",.,"A",.,"A",60,"D",.,"A",.,"A"
"20115",2327383,46,0,"1",.,"A",.,"A",.,"A",.,"A",.,"A",.,"A",.,"A",.,"A",.,"A",.,"A",.,"A",.,"A",100,"D",.,"A",.,"A"
"20115",2327393,69,0,"1",.,"A",.,"A",.,"A",.,"A",.,"A",.,"A",325,"D",.,"A",.,"A",.,"A",.,"A",.,"A",.,"A",.,"A",.,"A"
"20115",2327403,69,0,"1",.,"A",.,"A",.,"A",.,"A",.,"A",.,"A",.,"A",.,"A",30,"D",.,"A",.,"A",.,"A",200,"D",.,"A",.,"A"
"20115",2327443,32,0,"1",.,"A",.,"A",.,"A",.,"A",.,"A",.,"A",130,"F",.,"A",.,"A",.,"A",.,"A",.,"A",.,"A",.,"A",.,"A"
"20115",2327453,45,0,"1",.,"A",.,"A",.,"A",.,"A",.,"A",.,"A",.,"A",.,"A",.,"A",.,"A",.,"A",.,"A",10,"D",.,"A",.,"A"
"20115",2327463,53,0,"1",.,"A",.,"A",.,"A",.,"A",.,"A",.,"A",260,"D",.,"A",.,"A",.,"A",.,"A",.,"A",.,"A",.,"A",.,"A"
"20115",2327473,65,0,"1",.,"A",.,"A",.,"A",.,"A",.,"A",.,"A",.,"A",.,"A",.,"A",.,"A",.,"A",.,"A",160,"D",.,"A",.,"A"
"20115",2327493,65,0,"1",.,"A",.,"A",.,"A",.,"A",.,"A",.,"A",.,"A",.,"A",12,"D",.,"A",.,"A",.,"A",.,"A",.,"A",.,"A"
"20115",2327503,43,0,"1",.,"A",.,"A",.,"A",.,"A",.,"A",.,"A",390,"D",.,"A",.,"A",.,"A",.,"A",.,"A",20,"D",.,"A",.,"A"
"20115",2327533,28,0,"1",.,"A",.,"A",.,"A",.,"A",.,"A",120,"D",.,"A",.,"A",.,"A",0,"D",0,"D",0,"D",20,"D",0,"D",.,"A"
"20115",2327563,30,0,"1",.,"A",.,"A",.,"A",.,"A",.,"A",.,"A",.,"A",.,"A",.,"A",.,"A",.,"A",.,"A",.,"A",.,"A",.,"A"
"20115",2327583,70,0,"1",.,"A",.,"A",.,"A",.,"A",.,"A",225,"D",.,"A",.,"A",.,"A",.,"A",.,"A",.,"A",150,"D",.,"A",.,"A"
"20115",2327593,86,0,"1",.,"A",.,"A",.,"A",.,"A",.,"A",.,"A",.,"A",.,"A",.,"A",.,"A",.,"A",.,"A",165,"D",.,"A",.,"A"
"20115",2327603,95,0,"1",.,"A",.,"A",.,"A",.,"A",.,"A",.,"A",.,"A",.,"A",.,"A",96,"D",0,"D",96,"D",770,"D",32,"D",.,"A"
"20115",2327613,23,0,"1",.,"A",.,"A",.,"A",.,"A",.,"A",.,"A",.,"A",.,"A",.,"A",.,"A",.,"A",.,"A",.,"A",.,"A",.,"A"
"20115",2327633,54,0,"1",.,"A",.,"A",.,"A",.,"A",.,"A",.,"A",.,"A",.,"A",.,"A",.,"A",.,"A",.,"A",50,"D",.,"A",.,"A"
"20115",2327653,56,0,"1",.,"A",.,"A",.,"A",.,"A",.,"A",.,"A",.,"A",.,"A",.,"A",.,"A",.,"A",.,"A",.,"A",.,"A",.,"A"
"20115",2327683,39,0,"1",.,"A",.,"A",.,"A",.,"A",.,"A",.,"A",.,"A",.,"A",.,"A",.,"A",.,"A",.,"A",11,"D",.,"A",.,"A"
"20115",2327703,48,0,"1",.,"A",.,"A",.,"A",.,"A",.,"A",.,"A",.,"A",.,"A",.,"A",.,"A",.,"A",.,"A",57,"D",.,"A",.,"A"
"20115",2327753,44,0,"1",.,"A",.,"A",.,"A",.,"A",.,"A",.,"A",.,"A",.,"A",.,"A",.,"A",.,"A",.,"A",.,"A",.,"A",.,"A"
"20115",2327783,53,0,"1",.,"A",.,"A",.,"A",.,"A",.,"A",.,"A",.,"A",.,"A",.,"A",.,"A",.,"A",.,"A",.,"A",.,"A",.,"A"
"20115",2327813,32,0,"1",.,"A",.,"A",.,"A",.,"A",12,"D",45,"D",.,"A",.,"A",.,"A",.,"A",.,"A",.,"A",22,"D",.,"A",.,"A"
"20115",2327823,38,0,"1",20,"D",.,"A",.,"A",.,"A",100,"D",.,"A",.,"A",.,"A",.,"A",0,"D",0,"D",0,"D",.,"A",0,"D",.,"A"
"20115",2327833,39,0,"1",.,"A",.,"A",.,"A",.,"A",.,"A",.,"A",.,"A",.,"A",.,"A",.,"A",.,"A",.,"A",75,"D",.,"A",.,"A"
"20115",2327863,43,0,"1",.,"A",.,"A",.,"A",.,"A",60,"D",.,"A",260,"D",.,"A",.,"A",0,"D",18,"D",0,"D",.,"A",0,"D",.,"A"
"20115",2327883,39,0,"1",.,"A",.,"A",.,"A",.,"A",.,"A",.,"A",.,"A",.,"A",.,"A",.,"A",.,"A",.,"A",.,"A",.,"A",.,"A"
"20115",2327893,34,0,"1",.,"A",.,"A",.,"A",.,"A",.,"A",.,"A",.,"A",.,"A",.,"A",.,"A",.,"A",.,"A",.,"A",.,"A",.,"A"
"20115",2327903,49,0,"1",.,"A",.,"A",.,"A",.,"A",.,"A",25,"D",520,"D",.,"A",15,"D",105,"D",60,"D",45,"D",200,"D",35,"D",.,"A"
"20115",2327913,117,0,"1",.,"A",.,"A",146,"D",.,"A",.,"A",350,"D",260,"D",.,"A",.,"A",.,"A",.,"A",.,"A",325,"D",.,"A",.,"A"
"20115",2327973,37,0,"1",.,"A",.,"A",.,"A",.,"A",.,"A",.,"A",.,"A",.,"A",.,"A",.,"A",.,"A",.,"A",.,"A",.,"A",.,"A"
"20115",2327993,44,0,"1",20,"D",.,"A",.,"A",240,"D",40,"D",.,"A",.,"A",.,"A",90,"D",858,"D",0,"D",60,"D",200,"D",286,"D",.,"A"
"20115",2328014,36,0,"1",.,"A",.,"A",.,"A",.,"A",.,"A",.,"A",.,"A",.,"A",.,"A",.,"A",.,"A",.,"A",.,"A",.,"A",.,"A"
"20115",2328033,80,0,"1",.,"A",.,"A",.,"A",.,"A",.,"A",.,"A",.,"A",.,"A",.,"A",.,"A",.,"A",.,"A",239,"D",.,"A",.,"A"
"20115",2328053,46,0,"1",.,"A",.,"A",.,"A",.,"A",.,"A",.,"A",.,"A",.,"A",.,"A",.,"A",.,"A",.,"A",150,"D",.,"A",.,"A"
"20115",2328063,64,0,"1",.,"A",.,"A",.,"A",.,"A",.,"A",.,"A",.,"A",.,"A",.,"A",.,"A",.,"A",.,"A",130,"D",.,"A",.,"A"
"20115",2328073,47,0,"1",.,"A",.,"A",.,"A",.,"A",.,"A",.,"A",.,"A",.,"A",.,"A",300,"D",0,"D",0,"D",24,"D",100,"D",.,"A"
"20115",2328105,27,0,"1",.,"A",.,"A",.,"A",.,"A",.,"A",.,"A",.,"A",.,"A",.,"A",.,"A",.,"A",.,"A",.,"A",.,"A",.,"A"
"20115",2328123,61,0,"1",.,"A",.,"A",.,"A",.,"A",.,"A",.,"A",.,"A",.,"A",.,"A",.,"A",.,"A",.,"A",35,"D",.,"A",.,"A"
"20115",2328143,66,0,"1",.,"A",.,"A",30,"D",.,"A",.,"A",30,"D",715,"D",130,"F",.,"A",.,"A",.,"A",.,"A",115,"D",.,"A",.,"A"
"20115",2328163,30,0,"1",.,"A",.,"A",.,"A",40,"D",25,"D",.,"A",.,"A",.,"A",.,"A",312,"D",0,"D",0,"D",60,"D",104,"D",.,"A"
"20115",2328183,94,0,"1",.,"A",.,"A",.,"A",.,"A",.,"A",.,"A",.,"A",.,"A",.,"A",.,"A",.,"A",.,"A",206,"D",.,"A",.,"A"
"20115",2328193,31,0,"1",.,"A",.,"A",.,"A",.,"A",.,"A",.,"A",.,"A",.,"A",.,"A",.,"A",.,"A",.,"A",.,"A",.,"A",.,"A"
"20115",2328203,68,0,"1",.,"A",.,"A",.,"A",.,"A",.,"A",.,"A",.,"A",.,"A",.,"A",.,"A",.,"A",.,"A",40,"D",.,"A",.,"A"
"20115",2328223,43,0,"1",.,"A",.,"A",.,"A",.,"A",.,"A",.,"A",.,"A",.,"A",.,"A",.,"A",.,"A",.,"A",30,"D",.,"A",.,"A"
"20115",2328243,47,0,"1",.,"A",.,"A",.,"A",.,"A",.,"A",.,"A",.,"A",.,"A",.,"A",.,"A",.,"A",.,"A",450,"D",.,"A",.,"A"
"20115",2328253,73,0,"1",.,"A",.,"A",.,"A",.,"A",.,"A",.,"A",.,"A",.,"A",.,"A",.,"A",.,"A",.,"A",.,"A",.,"A",.,"A"
"20115",2328263,41,0,"1",.,"A",.,"A",.,"A",.,"A",.,"A",.,"A",.,"A",.,"A",.,"A",.,"A",.,"A",.,"A",.,"A",.,"A",.,"A"
"20115",2328293,88,0,"1",.,"A",.,"A",.,"A",.,"A",.,"A",.,"A",.,"A",.,"A",.,"A",.,"A",.,"A",.,"A",100,"D",.,"A",.,"A"
"20115",2328303,49,0,"1",.,"A",.,"A",.,"A",120,"D",.,"A",360,"D",.,"A",.,"A",45,"D",.,"A",.,"A",.,"A",200,"D",.,"A",.,"A"
"20115",2328313,27,0,"1",.,"A",.,"A",.,"A",.,"A",.,"A",.,"A",780,"F",.,"A",.,"A",.,"A",.,"A",.,"A",.,"A",.,"A",.,"A"
"20115",2328333,101,0,"1",.,"A",.,"A",.,"A",.,"A",35,"D",.,"A",.,"A",.,"A",.,"A",.,"A",.,"A",.,"A",744,"D",.,"A",.,"A"
"20115",2328363,41,0,"1",.,"A",.,"A",.,"A",.,"A",.,"A",.,"A",.,"A",65,"D",.,"A",.,"A",.,"A",.,"A",.,"A",.,"A",.,"A"
"20115",2328373,29,0,"1",5,"F",.,"A",.,"A",.,"A",30,"F",30,"F",.,"A",.,"A",.,"A",450,"F",0,"D",420,"F",.,"A",.,"C",.,"A"
"20115",2328383,45,0,"1",.,"A",.,"A",.,"A",.,"A",.,"A",.,"A",.,"A",.,"A",.,"A",.,"A",.,"A",.,"A",.,"A",.,"A",.,"A"
"20115",2328423,33,0,"1",.,"A",.,"A",.,"A",.,"A",.,"A",.,"A",.,"A",.,"A",240,"D",.,"A",.,"A",.,"A",.,"A",.,"A",.,"A"
"20115",2328433,42,0,"1",.,"A",.,"A",.,"A",.,"A",.,"A",.,"A",.,"A",.,"A",.,"A",.,"A",.,"A",.,"A",.,"A",.,"A",.,"A"
"20115",2328463,57,0,"1",.,"A",.,"A",.,"A",.,"A",.,"A",.,"A",.,"A",.,"A",3,"D",.,"A",.,"A",.,"A",60,"D",.,"A",.,"A"
"20115",2328473,44,0,"1",.,"A",.,"A",.,"A",.,"A",.,"A",.,"A",.,"A",.,"A",.,"A",.,"A",.,"A",.,"A",30,"D",.,"A",.,"A"
"20115",2328483,52,0,"1",.,"A",.,"A",.,"A",.,"A",.,"A",.,"A",130,"D",.,"A",.,"A",.,"A",.,"A",.,"A",70,"D",.,"A",.,"A"
"20115",2328493,31,0,"1",.,"A",.,"A",.,"A",.,"A",40,"D",.,"A",.,"A",.,"A",.,"A",.,"A",.,"A",.,"A",.,"A",.,"A",.,"A"
"20115",2328513,57,0,"1",.,"A",.,"A",.,"A",.,"A",.,"A",160,"D",195,"D",.,"A",.,"A",.,"A",.,"A",.,"A",240,"D",.,"A",.,"A"
"20115",2328523,81,0,"1",.,"A",.,"A",.,"A",.,"A",.,"A",.,"A",.,"A",.,"A",.,"A",.,"A",.,"A",.,"A",200,"D",.,"A",.,"A"
"20115",2328543,46,0,"1",.,"A",.,"A",.,"A",.,"A",.,"A",.,"A",650,"D",.,"A",.,"A",.,"A",.,"A",.,"A",.,"A",.,"A",.,"A"
"20115",2328553,52,0,"1",.,"A",.,"A",.,"A",.,"A",.,"A",.,"A",.,"A",65,"D",.,"A",.,"A",.,"A",.,"A",.,"A",.,"A",.,"A"
"20115",2328583,39,0,"1",.,"A",.,"A",.,"A",.,"A",.,"A",.,"A",.,"A",.,"A",.,"A",.,"A",.,"A",.,"A",30,"D",.,"A",.,"A"
"20115",2328613,34,0,"1",.,"A",.,"A",.,"A",.,"A",.,"A",.,"A",.,"A",.,"A",.,"A",.,"A",.,"A",.,"A",75,"D",.,"A",.,"A"
"20115",2328623,49,0,"1",.,"A",.,"A",.,"A",.,"A",.,"A",.,"A",.,"A",.,"A",.,"A",.,"A",.,"A",.,"A",200,"D",.,"A",.,"A"
"20115",2328634,36,0,"1",.,"A",.,"A",.,"A",.,"A",.,"A",.,"A",.,"A",.,"A",.,"A",.,"A",.,"A",.,"A",48,"D",.,"A",.,"A"
"20115",2328643,34,0,"1",.,"A",.,"A",.,"A",.,"A",180,"D",.,"A",.,"A",.,"A",.,"A",.,"A",.,"A",.,"A",30,"D",.,"A",.,"A"
"20115",2328653,63,0,"1",.,"A",.,"A",.,"A",.,"A",.,"A",50,"D",.,"A",.,"A",.,"A",.,"A",.,"A",.,"A",350,"D",.,"A",.,"A"
"20115",2328663,63,0,"1",.,"A",.,"A",.,"A",.,"A",.,"A",.,"A",.,"A",.,"A",.,"A",.,"A",.,"A",.,"A",30,"D",.,"A",.,"A"
"20115",2328723,61,0,"1",.,"A",.,"A",.,"A",.,"A",.,"A",.,"A",.,"A",.,"A",.,"A",.,"A",.,"A",.,"A",160,"D",.,"A",.,"A"
"20115",2328753,94,0,"1",.,"A",.,"A",.,"A",.,"A",.,"A",.,"A",.,"A",390,"D",.,"A",.,"A",.,"A",.,"A",110,"D",.,"A",.,"A"
"20115",2328763,38,0,"1",.,"A",.,"A",.,"A",.,"A",.,"A",.,"A",975,"D",.,"A",30,"D",.,"A",.,"A",.,"A",.,"A",.,"A",.,"A"
"20115",2328773,77,0,"1",.,"A",.,"A",.,"A",.,"A",.,"A",35,"D",650,"D",.,"A",.,"A",.,"A",.,"A",.,"A",300,"D",.,"A",.,"A"
"20115",2328803,90,0,"1",.,"A",.,"A",.,"A",30,"D",.,"A",.,"A",.,"A",.,"A",.,"A",.,"A",.,"A",.,"A",225,"D",.,"A",.,"A"
"20115",2328833,52,0,"1",.,"A",.,"A",.,"A",.,"A",.,"A",.,"A",.,"A",.,"A",.,"A",.,"A",.,"A",.,"A",.,"A",.,"A",.,"A"
"20115",2328843,40,0,"1",.,"A",.,"A",.,"A",.,"A",.,"A",.,"A",.,"A",.,"A",.,"A",.,"A",.,"A",.,"A",13,"D",.,"A",.,"A"
"20115",2328873,51,0,"1",.,"A",.,"A",.,"A",.,"A",.,"A",90,"D",.,"A",.,"A",108,"D",.,"A",.,"A",.,"A",150,"D",.,"A",.,"A"
"20115",2328893,48,0,"1",.,"A",.,"A",.,"A",.,"A",.,"A",.,"A",.,"A",.,"A",.,"A",.,"A",.,"A",.,"A",300,"D",.,"A",.,"A"
"20115",2328903,50,0,"1",.,"A",.,"A",.,"A",.,"A",.,"A",.,"A",.,"A",.,"A",.,"A",.,"A",.,"A",.,"A",.,"A",.,"A",.,"A"
"20115",2328913,46,0,"1",.,"A",.,"A",.,"A",.,"A",.,"A",.,"A",.,"A",.,"A",.,"A",.,"A",.,"A",.,"A",.,"A",.,"A",.,"A"
"20115",2328923,69,0,"1",.,"A",.,"A",.,"A",.,"A",.,"A",13,"D",.,"A",.,"A",.,"A",.,"A",.,"A",.,"A",45,"D",.,"A",.,"A"
"20115",2328943,23,0,"1",.,"A",.,"A",.,"A",.,"A",30,"D",.,"A",.,"A",.,"A",.,"A",.,"A",.,"A",.,"A",30,"D",.,"A",.,"A"
"20115",2328963,57,0,"1",.,"A",.,"A",.,"A",.,"A",.,"A",.,"A",.,"A",.,"A",.,"A",.,"A",.,"A",.,"A",.,"A",.,"A",.,"A"
"20115",2328973,60,0,"1",.,"A",.,"A",.,"A",.,"A",.,"A",.,"A",2275,"D",.,"A",24,"D",.,"A",.,"A",.,"A",.,"A",.,"A",.,"A"
"20115",2328983,44,0,"1",.,"A",.,"A",.,"A",.,"A",.,"A",.,"A",.,"A",.,"A",.,"A",.,"A",.,"A",.,"A",180,"D",.,"A",.,"A"
"20115",2328993,56,0,"1",.,"A",.,"A",.,"A",.,"A",.,"A",.,"A",.,"A",.,"A",.,"A",.,"A",.,"A",.,"A",125,"D",.,"A",.,"A"
"20115",2329003,44,0,"1",.,"A",.,"A",.,"A",.,"A",.,"A",.,"A",.,"A",325,"D",30,"D",.,"A",.,"A",.,"A",40,"D",.,"A",.,"A"
"20115",2329023,49,0,"1",.,"A",.,"A",.,"A",.,"A",.,"A",.,"A",.,"A",.,"A",.,"A",.,"A",.,"A",.,"A",.,"A",.,"A",.,"A"
"20115",2329053,62,0,"1",.,"A",.,"A",.,"A",.,"A",.,"A",.,"A",585,"D",.,"A",.,"A",.,"A",.,"A",.,"A",160,"D",.,"A",.,"A"
"20115",2329093,42,0,"1",30,"D",.,"A",.,"A",.,"A",60,"D",.,"A",.,"A",.,"A",.,"A",0,"D",0,"D",60,"D",60,"D",0,"D",.,"A"
"20115",2329123,30,0,"1",.,"A",.,"A",.,"A",.,"A",.,"A",.,"A",.,"A",.,"A",.,"A",.,"A",.,"A",.,"A",.,"A",.,"A",.,"A"
"20115",2329133,57,0,"1",.,"A",.,"A",.,"A",.,"A",.,"A",.,"A",.,"A",.,"A",.,"A",.,"A",.,"A",.,"A",60,"D",.,"A",.,"A"
"20115",2329143,84,0,"1",.,"A",.,"A",.,"A",.,"A",.,"A",.,"A",.,"A",.,"A",.,"A",240,"D",0,"D",0,"D",45,"D",80,"D",.,"A"
"20115",2329153,61,0,"1",.,"A",.,"A",.,"A",.,"A",.,"A",.,"A",.,"A",.,"A",.,"A",.,"A",.,"A",.,"A",.,"A",.,"A",.,"A"
"20115",2329163,43,0,"1",.,"A",.,"A",.,"A",.,"A",216,"D",112,"D",.,"A",.,"A",.,"A",.,"A",.,"A",.,"A",63,"D",.,"A",.,"A"
"20115",2329173,47,0,"1",.,"A",.,"A",.,"A",.,"A",.,"A",.,"A",.,"A",.,"A",.,"A",.,"A",.,"A",.,"A",.,"A",.,"A",.,"A"
"20115",2329193,52,0,"1",.,"A",.,"A",.,"A",.,"A",.,"A",.,"A",.,"A",.,"A",.,"A",.,"A",.,"A",.,"A",.,"A",.,"A",.,"A"
"20115",2329213,51,0,"1",.,"A",.,"A",.,"A",.,"A",.,"A",.,"A",.,"A",.,"A",.,"A",.,"A",.,"A",.,"A",.,"A",.,"A",.,"A"
"20115",2329223,43,0,"1",.,"A",.,"A",.,"A",.,"A",30,"D",.,"A",65,"D",.,"A",.,"A",.,"A",.,"A",.,"A",60,"D",.,"A",.,"A"
"20115",2329233,54,0,"1",.,"A",.,"A",.,"A",.,"A",.,"A",30,"D",.,"A",.,"A",.,"A",.,"A",.,"A",.,"A",30,"D",.,"A",.,"A"
"20115",2329263,43,0,"1",.,"A",.,"A",.,"A",.,"A",.,"A",.,"A",.,"A",.,"A",21,"D",.,"A",.,"A",.,"A",210,"D",.,"A",.,"A"
"20115",2329273,102,0,"1",.,"A",.,"A",.,"A",.,"A",.,"A",.,"A",.,"A",.,"A",60,"D",.,"A",.,"A",.,"A",222,"D",.,"A",.,"A"
"20115",2329283,46,0,"1",.,"A",.,"A",.,"A",.,"A",.,"A",.,"A",.,"A",195,"D",105,"D",.,"A",.,"A",.,"A",60,"D",.,"A",.,"A"
"20115",2329293,47,0,"1",.,"A",.,"A",.,"A",.,"A",.,"A",18,"D",.,"A",.,"A",.,"A",.,"A",.,"A",.,"A",40,"D",.,"A",.,"A"
"20115",2329303,38,0,"1",.,"A",.,"A",.,"A",.,"A",.,"A",.,"A",.,"A",.,"A",.,"A",.,"A",.,"A",.,"A",.,"A",.,"A",.,"A"
"20115",2329323,50,0,"1",.,"A",.,"A",.,"A",.,"A",.,"A",.,"A",.,"A",.,"A",.,"A",.,"A",.,"A",.,"A",50,"D",.,"A",.,"A"
"20115",2329333,55,0,"1",.,"A",.,"A",.,"A",.,"A",.,"A",.,"A",.,"A",.,"A",18,"D",36,"D",0,"D",0,"D",15,"D",12,"D",.,"A"
"20115",2329343,61,0,"1",.,"A",.,"A",.,"A",.,"A",.,"A",.,"A",.,"A",65,"D",.,"A",.,"A",.,"A",.,"A",.,"A",.,"A",.,"A"
"20115",2329353,55,0,"1",.,"A",.,"A",.,"A",.,"A",.,"A",.,"A",975,"D",.,"A",.,"A",.,"A",.,"A",.,"A",30,"D",.,"A",.,"A"
"20115",2329383,29,0,"1",.,"A",.,"A",.,"A",.,"A",.,"A",.,"A",.,"A",.,"A",.,"A",.,"A",.,"A",.,"A",.,"A",.,"A",.,"A"
"20115",2329403,36,0,"1",.,"A",.,"A",.,"A",.,"A",.,"A",.,"A",.,"A",.,"A",.,"A",.,"A",.,"A",.,"A",.,"A",.,"A",.,"A"
"20115",2329423,74,0,"1",.,"A",.,"A",.,"A",.,"A",.,"A",.,"A",.,"A",.,"A",.,"A",.,"A",.,"A",.,"A",240,"D",.,"A",.,"A"
"20115",2329433,40,0,"1",.,"A",.,"A",.,"A",.,"A",.,"A",.,"A",.,"A",.,"A",.,"A",.,"A",.,"A",.,"A",.,"A",.,"A",.,"A"
"20115",2329463,43,0,"1",.,"A",.,"A",.,"A",.,"A",.,"A",23,"D",.,"A",.,"A",30,"D",.,"A",.,"A",.,"A",60,"D",.,"A",.,"A"
"20115",2329493,32,0,"1",.,"A",.,"A",.,"A",.,"A",.,"A",.,"A",.,"A",.,"A",.,"A",.,"A",.,"A",.,"A",.,"A",.,"A",.,"A"
"20115",2329503,35,0,"1",.,"A",.,"A",.,"A",.,"A",.,"A",.,"A",.,"A",.,"A",.,"A",.,"A",.,"A",.,"A",.,"A",.,"A",.,"A"
"20115",2329513,40,0,"1",.,"A",.,"A",.,"A",.,"A",.,"A",.,"A",260,"D",.,"A",.,"A",.,"A",.,"A",.,"A",.,"A",.,"A",.,"A"
"20115",2329533,26,0,"1",.,"A",.,"A",.,"A",.,"A",.,"A",.,"A",.,"A",.,"A",.,"A",.,"A",.,"A",.,"A",30,"D",.,"A",.,"A"
"20115",2329543,38,0,"1",.,"A",.,"A",.,"A",.,"A",.,"A",.,"A",.,"A",.,"A",.,"A",.,"A",.,"A",.,"A",40,"D",.,"A",.,"A"
"20115",2329553,34,0,"1",.,"A",.,"A",.,"A",.,"A",.,"A",.,"A",.,"A",.,"A",.,"A",.,"A",.,"A",.,"A",200,"D",.,"A",.,"A"
"20115",2329573,54,0,"1",.,"A",20,"D",.,"A",.,"A",.,"A",0,"D",.,"A",.,"A",.,"A",105,"D",0,"D",45,"D",23,"D",35,"D",.,"A"
"20115",2329603,73,0,"1",.,"A",.,"A",.,"A",.,"A",.,"A",150,"D",325,"D",.,"A",.,"A",.,"A",.,"A",.,"A",300,"D",.,"A",.,"A"
"20115",2329613,68,0,"1",.,"A",.,"A",.,"A",.,"A",.,"A",.,"A",.,"A",.,"A",.,"A",.,"A",.,"A",.,"A",.,"A",.,"A",.,"A"
"20115",2329633,39,0,"1",.,"A",.,"A",.,"A",.,"A",.,"A",.,"A",.,"A",.,"A",.,"A",.,"A",.,"A",.,"A",.,"A",.,"A",.,"A"
"20115",2329643,50,0,"1",.,"A",.,"A",.,"A",.,"A",.,"A",.,"A",845,"D",.,"A",.,"A",.,"A",.,"A",.,"A",93,"D",.,"A",.,"A"
"20115",2329693,47,0,"1",.,"A",.,"A",.,"A",.,"A",.,"A",.,"A",.,"A",.,"A",.,"A",.,"A",.,"A",.,"A",210,"D",.,"A",.,"A"
"20115",2329703,43,0,"1",.,"A",.,"A",.,"A",.,"A",.,"A",25,"D",130,"D",.,"A",.,"A",.,"A",.,"A",.,"A",.,"A",.,"A",.,"A"
"20115",2329723,86,0,"1",.,"A",.,"A",.,"A",.,"A",.,"A",.,"A",.,"A",.,"A",.,"A",.,"A",.,"A",.,"A",100,"D",.,"A",.,"A"
"20115",2329745,61,0,"1",.,"A",.,"A",.,"A",.,"A",.,"A",120,"D",.,"A",.,"A",.,"A",.,"A",.,"A",.,"A",.,"A",.,"A",.,"A"
"20115",2329753,26,0,"1",.,"A",.,"A",.,"A",.,"A",5,"D",.,"A",.,"A",.,"A",.,"A",.,"A",.,"A",.,"A",240,"D",.,"A",.,"A"
"20115",2329875,46,0,"1",.,"A",.,"A",.,"A",40,"D",60,"D",.,"A",.,"A",.,"A",.,"A",180,"D",0,"D",0,"D",40,"D",60,"D",.,"A"
"20115",2329883,63,0,"1",.,"A",.,"A",.,"A",.,"A",.,"A",.,"A",.,"A",.,"A",.,"A",30,"D",0,"D",30,"D",180,"D",10,"D",.,"A"
"20115",2329903,46,0,"1",.,"A",.,"A",.,"A",.,"A",.,"A",.,"A",650,"D",.,"A",.,"A",.,"A",.,"A",.,"A",.,"A",.,"A",.,"A"
"20115",2329953,63,0,"1",.,"A",.,"A",.,"A",.,"A",.,"A",.,"A",.,"A",.,"A",.,"A",.,"A",.,"A",.,"A",195,"D",.,"A",.,"A"
"20115",2329973,44,0,"1",.,"A",.,"A",.,"A",.,"A",.,"A",.,"A",.,"A",.,"A",.,"A",.,"A",.,"A",.,"A",180,"D",.,"A",.,"A"
"20115",2329983,35,0,"1",20,"D",.,"A",.,"A",.,"A",160,"D",.,"A",.,"A",.,"A",.,"A",.,"A",.,"A",.,"A",50,"D",.,"A",.,"A"
"20115",2330003,58,0,"1",.,"A",.,"A",.,"A",.,"A",.,"A",.,"A",.,"A",.,"A",.,"A",.,"A",.,"A",.,"A",12,"D",.,"A",.,"A"
"20115",2330013,44,0,"1",.,"A",.,"A",.,"A",.,"A",20,"D",.,"A",.,"A",.,"A",.,"A",.,"A",.,"A",.,"A",60,"D",.,"A",.,"A"
"20115",2330033,59,0,"1",.,"A",.,"A",.,"A",.,"A",.,"A",10,"D",.,"A",.,"A",.,"A",.,"A",.,"A",.,"A",10,"D",.,"A",.,"A"
"20115",2330053,53,0,"1",.,"A",.,"A",.,"A",.,"A",.,"A",.,"A",156,"F",.,"A",.,"A",.,"A",.,"A",.,"A",.,"A",.,"A",.,"A"
"20115",2330063,41,0,"1",.,"A",.,"A",.,"A",.,"A",.,"A",.,"A",130,"D",.,"A",105,"D",.,"A",.,"A",.,"A",.,"A",.,"A",.,"A"
"20115",2330073,33,0,"1",.,"A",.,"A",.,"A",.,"A",.,"A",.,"A",390,"D",.,"A",.,"A",.,"A",.,"A",.,"A",.,"A",.,"A",.,"A"
"20115",2330083,31,0,"1",.,"A",.,"A",.,"A",.,"A",.,"A",.,"A",195,"D",.,"A",.,"A",.,"A",.,"A",.,"A",.,"A",.,"A",.,"A"
"20115",2330093,57,0,"1",.,"A",.,"A",.,"A",.,"A",.,"A",.,"A",.,"A",.,"A",.,"A",.,"A",.,"A",.,"A",38,"D",.,"A",.,"A"
"20115",2330103,52,0,"1",.,"A",.,"A",.,"A",.,"A",.,"A",.,"A",.,"A",.,"A",.,"A",.,"A",.,"A",.,"A",.,"A",.,"A",.,"A"
"20115",2330113,41,0,"1",.,"A",.,"A",.,"A",.,"A",.,"A",.,"A",52,"D",.,"A",.,"A",.,"A",.,"A",.,"A",16,"D",.,"A",.,"A"
"20115",2330143,36,0,"1",.,"A",.,"A",.,"A",.,"A",.,"A",.,"A",.,"A",.,"A",.,"A",.,"A",.,"A",.,"A",100,"D",.,"A",.,"A"
"20115",2330193,50,0,"1",.,"A",.,"A",.,"A",.,"A",.,"A",.,"A",.,"A",.,"A",.,"A",.,"A",.,"A",.,"A",45,"D",.,"A",.,"A"
"20115",2330203,24,0,"1",.,"A",.,"A",.,"A",.,"A",.,"A",.,"A",.,"A",.,"A",.,"A",.,"A",.,"A",.,"A",50,"D",.,"A",.,"A"
"20115",2330213,86,0,"1",.,"A",.,"A",.,"A",15,"D",.,"A",20,"D",.,"A",26,"D",12,"D",30,"D",0,"D",30,"D",120,"D",10,"D",.,"A"
"20115",2330223,32,0,"1",.,"A",.,"A",.,"A",.,"A",45,"D",.,"A",.,"A",.,"A",.,"A",.,"A",.,"A",.,"A",60,"D",.,"A",.,"A"
"20115",2330233,58,0,"1",.,"A",.,"A",.,"A",.,"A",.,"A",.,"A",.,"A",.,"A",.,"A",.,"A",.,"A",.,"A",120,"D",.,"A",.,"A"
"20115",2330243,58,0,"1",.,"A",.,"A",.,"A",.,"A",.,"A",.,"A",.,"A",.,"A",.,"A",.,"A",.,"A",.,"A",50,"D",.,"A",.,"A"
"20115",2330283,37,0,"1",.,"A",.,"A",.,"A",.,"A",.,"A",.,"A",.,"A",.,"A",.,"A",.,"A",.,"A",.,"A",.,"A",.,"A",.,"A"
"20115",2330293,41,0,"1",.,"A",.,"A",.,"A",.,"A",.,"A",.,"A",.,"A",.,"A",.,"A",.,"A",.,"A",.,"A",.,"A",.,"A",.,"A"
"20115",2330333,49,0,"1",.,"A",.,"A",.,"A",.,"A",.,"A",.,"A",1300,"D",.,"A",30,"D",.,"A",.,"A",.,"A",100,"D",.,"A",.,"A"
"20115",2330353,38,0,"1",.,"A",.,"A",.,"A",.,"A",.,"A",.,"A",1040,"D",.,"A",.,"A",.,"A",.,"A",.,"A",160,"D",.,"A",.,"A"
"20115",2330363,39,0,"1",.,"A",.,"A",.,"A",30,"D",.,"A",.,"A",.,"A",.,"A",.,"A",.,"A",.,"A",.,"A",.,"A",.,"A",.,"A"
"20115",2330383,83,0,"1",.,"A",.,"A",.,"A",.,"A",.,"A",.,"A",.,"A",.,"A",.,"A",.,"A",.,"A",.,"A",125,"D",.,"A",.,"A"
"20115",2330393,52,0,"1",.,"A",.,"A",.,"A",350,"D",.,"A",.,"A",.,"A",.,"A",.,"A",.,"A",.,"A",.,"A",.,"A",.,"A",.,"A"
"20115",2330403,65,0,"1",.,"A",.,"A",.,"A",.,"A",.,"A",.,"A",325,"D",.,"A",.,"A",.,"A",.,"A",.,"A",.,"A",.,"A",.,"A"
"20115",2330413,22,0,"1",.,"A",.,"A",.,"A",.,"A",.,"A",.,"A",39,"D",.,"A",.,"A",.,"A",.,"A",.,"A",.,"A",.,"A",.,"A"
"20115",2330423,37,0,"1",.,"A",.,"A",.,"A",.,"A",180,"F",100,"D",.,"A",.,"A",.,"A",.,"A",.,"A",.,"A",50,"D",.,"A",.,"A"
"20115",2330445,32,0,"1",.,"A",.,"A",.,"A",.,"A",.,"A",.,"A",.,"A",.,"A",.,"A",.,"A",.,"A",.,"A",.,"A",.,"A",.,"A"
"20115",2330463,30,0,"1",.,"A",.,"A",.,"A",.,"A",.,"A",.,"A",130,"D",.,"A",.,"A",.,"A",.,"A",.,"A",.,"A",.,"A",.,"A"
"20115",2330473,79,0,"1",.,"A",.,"A",.,"A",.,"A",.,"A",.,"A",.,"A",.,"A",225,"D",.,"A",.,"A",.,"A",60,"D",.,"A",.,"A"
"20115",2330483,48,0,"1",.,"A",.,"A",.,"A",.,"A",.,"A",.,"A",130,"D",.,"A",.,"A",.,"A",.,"A",.,"A",30,"D",.,"A",.,"A"
"20115",2330493,67,0,"1",.,"A",.,"A",.,"A",.,"A",.,"A",.,"A",.,"A",.,"A",.,"A",.,"A",.,"A",.,"A",100,"D",.,"A",.,"A"
"20115",2330553,87,0,"1",.,"A",.,"A",.,"A",.,"A",.,"A",.,"A",.,"A",.,"A",.,"A",.,"A",.,"A",.,"A",250,"D",.,"A",.,"A"
"20115",2330563,34,0,"1",.,"A",.,"A",.,"A",.,"A",.,"A",.,"A",.,"A",.,"A",.,"A",.,"A",.,"A",.,"A",.,"A",.,"A",.,"A"
"20115",2330593,44,0,"1",.,"A",.,"A",.,"A",.,"A",.,"A",.,"A",.,"A",.,"A",.,"A",.,"A",.,"A",.,"A",.,"A",.,"A",.,"A"
"20115",2330605,44,0,"1",.,"A",.,"A",.,"A",.,"A",.,"A",.,"A",.,"A",.,"A",.,"A",.,"A",.,"A",.,"A",35,"D",.,"A",.,"A"
"20115",2330613,68,0,"1",.,"A",.,"A",.,"A",.,"A",.,"A",.,"A",.,"A",.,"A",.,"A",.,"A",.,"A",.,"A",21,"D",.,"A",.,"A"
"20115",2330623,35,0,"1",.,"A",.,"A",.,"A",.,"A",.,"A",.,"A",.,"A",.,"A",.,"A",.,"A",.,"A",.,"A",.,"A",.,"A",.,"A"
"20115",2330633,51,0,"1",.,"A",.,"A",.,"A",.,"A",.,"A",.,"A",.,"A",.,"A",.,"A",.,"A",.,"A",.,"A",80,"D",.,"A",.,"A"
"20115",2330663,56,0,"1",.,"A",.,"A",.,"A",.,"A",.,"A",50,"D",.,"A",.,"A",.,"A",300,"D",0,"D",0,"D",90,"D",100,"D",90,"F"
"20115",2330673,46,0,"1",.,"A",.,"A",.,"A",.,"A",.,"A",.,"A",.,"A",.,"A",.,"A",.,"A",.,"A",.,"A",300,"D",.,"A",.,"A"
"20115",2330683,36,0,"1",.,"A",.,"A",.,"A",.,"A",.,"A",.,"A",650,"D",.,"A",.,"A",.,"A",.,"A",.,"A",.,"A",.,"A",.,"A"
"20115",2330695,40,0,"1",.,"A",.,"A",.,"A",.,"A",.,"A",.,"A",.,"A",.,"A",.,"A",.,"A",.,"A",.,"A",100,"D",.,"A",.,"A"
"20115",2330703,48,0,"1",.,"A",.,"A",.,"A",.,"A",.,"A",.,"A",.,"A",.,"A",.,"A",.,"A",.,"A",.,"A",360,"D",.,"A",.,"A"
"20115",2330713,46,0,"1",.,"A",.,"A",.,"A",.,"A",150,"D",.,"A",.,"A",.,"A",.,"A",.,"A",.,"A",.,"A",.,"A",.,"A",.,"A"
"20115",2330723,35,0,"1",.,"A",.,"A",.,"A",.,"A",.,"A",.,"A",.,"A",.,"A",.,"A",.,"A",.,"A",.,"A",20,"D",.,"A",.,"A"
"20115",2330743,44,0,"1",.,"A",.,"A",.,"A",250,"D",360,"D",72,"D",.,"A",.,"A",.,"A",.,"A",.,"A",.,"A",49,"D",.,"A",.,"A"
"20115",2330753,34,0,"1",.,"A",.,"A",.,"A",.,"A",.,"A",.,"A",.,"A",.,"A",.,"A",.,"A",.,"A",.,"A",.,"A",.,"A",.,"A"
"20115",2330763,31,0,"1",.,"A",.,"A",.,"A",.,"A",.,"A",.,"A",.,"A",.,"A",.,"A",.,"A",.,"A",.,"A",.,"A",.,"A",.,"A"
"20115",2330773,46,0,"1",.,"A",.,"A",.,"A",.,"A",60,"D",.,"A",585,"D",.,"A",.,"A",240,"D",0,"D",0,"D",.,"A",80,"D",.,"A"
"20115",2330783,78,0,"1",.,"A",.,"A",.,"A",.,"A",.,"A",.,"A",.,"A",.,"A",.,"A",.,"A",.,"A",.,"A",150,"D",.,"A",.,"A"
"20115",2330793,66,0,"1",.,"A",.,"A",.,"A",.,"A",.,"A",.,"A",.,"A",.,"A",.,"A",.,"A",.,"A",.,"A",90,"D",.,"A",.,"A"
"20115",2330863,23,0,"1",.,"A",.,"A",.,"A",.,"A",24,"D",.,"A",650,"D",.,"A",.,"A",.,"A",.,"A",.,"A",.,"A",.,"A",.,"A"
"20115",2330873,51,0,"1",.,"A",.,"A",.,"A",.,"A",.,"A",.,"A",.,"A",.,"A",.,"A",.,"A",.,"A",.,"A",40,"D",.,"A",.,"A"
"20115",2330903,41,0,"1",.,"A",.,"A",.,"A",.,"A",.,"A",.,"A",455,"D",.,"A",.,"A",.,"A",.,"A",.,"A",.,"A",.,"A",.,"A"
"20115",2330913,79,0,"1",.,"A",.,"A",.,"A",.,"A",.,"A",.,"A",.,"A",.,"A",105,"D",.,"A",.,"A",.,"A",224,"D",.,"A",.,"A"
"20115",2330925,56,0,"1",.,"A",.,"A",.,"A",.,"A",.,"A",.,"A",.,"A",.,"A",.,"A",.,"A",.,"A",.,"A",.,"A",.,"A",.,"A"
"20115",2330953,35,0,"1",.,"A",.,"A",.,"A",.,"A",.,"A",.,"A",.,"A",.,"A",.,"A",.,"A",.,"A",.,"A",.,"A",.,"A",.,"A"
"20115",2330963,25,0,"1",.,"A",.,"A",.,"A",.,"A",.,"A",.,"A",.,"A",.,"A",.,"A",.,"A",.,"A",.,"A",.,"A",.,"A",.,"A"
"20115",2330983,24,0,"1",.,"A",.,"A",.,"A",.,"A",.,"A",.,"A",.,"A",.,"A",.,"A",.,"A",.,"A",.,"A",.,"A",.,"A",.,"A"
"20115",2330993,45,0,"1",.,"A",.,"A",.,"A",.,"A",.,"A",.,"A",.,"A",.,"A",.,"A",.,"A",.,"A",.,"A",.,"A",.,"A",.,"A"
"20115",2331043,43,0,"1",.,"A",.,"A",.,"A",.,"A",.,"A",.,"A",.,"A",.,"A",.,"A",.,"A",.,"A",.,"A",23,"D",.,"A",.,"A"
"20115",2331083,64,0,"1",.,"A",.,"A",50,"D",60,"D",.,"A",10,"D",.,"A",.,"A",0,"D",180,"D",60,"D",0,"D",60,"D",60,"D",.,"A"
"20115",2331093,54,0,"1",.,"A",.,"A",45,"D",.,"A",.,"A",.,"A",.,"A",.,"A",.,"A",.,"A",.,"A",.,"A",450,"D",.,"A",.,"A"
"20115",2331123,42,0,"1",.,"A",.,"A",.,"A",.,"A",.,"A",.,"A",.,"A",.,"A",.,"A",.,"A",.,"A",.,"A",.,"A",.,"A",.,"A"
"20115",2331133,47,0,"1",.,"A",.,"A",.,"A",.,"A",.,"A",.,"A",.,"A",.,"A",.,"A",.,"A",.,"A",.,"A",20,"D",.,"A",.,"A"
"20115",2331143,31,0,"1",.,"A",.,"A",.,"A",24,"D",10,"D",28,"D",.,"A",.,"A",.,"A",255,"D",0,"D",0,"D",65,"D",85,"D",.,"A"
"20115",2331153,43,0,"1",.,"A",.,"A",.,"A",.,"A",.,"A",.,"A",.,"A",.,"A",.,"A",.,"A",.,"A",.,"A",.,"A",.,"A",.,"A"
"20115",2331173,55,0,"1",.,"A",.,"A",.,"A",.,"A",.,"A",.,"A",.,"A",.,"A",.,"A",.,"A",.,"A",.,"A",260,"D",.,"A",.,"A"
"20115",2331183,28,0,"1",.,"A",.,"A",.,"A",.,"A",.,"A",.,"A",.,"A",.,"A",.,"A",.,"A",.,"A",.,"A",.,"A",.,"A",.,"A"
"20115",2331223,31,0,"1",.,"A",.,"A",.,"A",.,"A",.,"A",.,"A",.,"A",.,"A",.,"A",.,"A",.,"A",.,"A",.,"A",.,"A",.,"A"
"20115",2331233,69,0,"1",.,"A",.,"A",.,"A",.,"A",.,"A",.,"A",.,"A",.,"A",.,"A",.,"A",.,"A",.,"A",560,"D",.,"A",.,"A"
"20115",2331293,34,0,"1",.,"A",.,"A",.,"A",.,"A",.,"A",.,"A",.,"A",.,"A",.,"A",.,"A",.,"A",.,"A",.,"A",.,"A",.,"A"
"20115",2331313,50,0,"1",.,"A",.,"A",.,"A",.,"A",.,"A",.,"A",.,"A",.,"A",.,"A",.,"A",.,"A",.,"A",.,"A",.,"A",.,"A"
"20115",2331333,44,0,"1",.,"A",.,"A",.,"A",.,"A",.,"A",.,"A",.,"A",.,"A",.,"A",.,"A",.,"A",.,"A",120,"D",.,"A",.,"A"
"20115",2331343,46,0,"1",.,"A",.,"A",.,"A",.,"A",.,"A",.,"A",.,"A",.,"A",.,"A",.,"A",.,"A",.,"A",.,"A",.,"A",.,"A"
"20115",2331383,66,0,"1",.,"A",.,"A",.,"A",.,"A",.,"A",.,"A",.,"A",.,"A",.,"A",.,"A",.,"A",.,"A",.,"A",.,"A",.,"A"
"20115",2331403,47,0,"1",.,"A",.,"A",.,"A",.,"A",.,"A",.,"A",.,"A",.,"A",.,"A",.,"A",.,"A",.,"A",.,"A",.,"A",.,"A"
"20115",2331444,64,0,"1",30,"D",.,"A",.,"A",.,"A",30,"D",.,"A",.,"A",.,"A",.,"A",.,"A",.,"A",.,"A",75,"D",.,"A",.,"A"
"20115",2331453,37,0,"1",.,"A",.,"A",.,"A",.,"A",.,"A",.,"A",.,"A",.,"A",.,"A",.,"A",.,"A",.,"A",300,"D",.,"A",.,"A"
"20115",2331483,35,0,"1",10,"D",.,"A",.,"A",.,"A",110,"D",.,"A",.,"A",.,"A",.,"A",432,"D",0,"D",0,"D",20,"D",144,"D",.,"A"
"20115",2331503,53,0,"1",.,"A",.,"A",.,"A",.,"A",.,"A",.,"A",.,"A",.,"A",.,"A",.,"A",.,"A",.,"A",.,"A",.,"A",.,"A"
"20115",2331513,81,0,"1",20,"D",.,"A",.,"A",.,"A",0,"D",.,"A",260,"D",.,"A",.,"A",.,"A",.,"A",.,"A",167,"D",.,"A",.,"A"
"20115",2331523,27,0,"1",.,"A",.,"A",.,"A",.,"A",.,"A",.,"A",455,"D",.,"A",.,"A",.,"A",.,"A",.,"A",.,"A",.,"A",.,"A"
"20115",2331533,31,0,"1",.,"A",.,"A",.,"A",.,"A",.,"A",.,"A",.,"A",.,"A",.,"A",.,"A",.,"A",.,"A",13,"F",.,"A",.,"A"
"20115",2331603,43,0,"1",.,"A",.,"A",.,"A",40,"D",.,"A",.,"A",.,"A",.,"A",90,"D",0,"D",0,"D",60,"D",.,"A",0,"D",.,"A"
"20115",2331613,56,0,"1",.,"A",.,"A",.,"A",.,"A",.,"A",250,"D",.,"A",.,"A",.,"A",.,"A",.,"A",.,"A",110,"D",.,"A",.,"A"
"20115",2331623,36,0,"1",.,"A",.,"A",.,"A",.,"A",.,"A",.,"A",.,"A",.,"A",.,"A",.,"A",.,"A",.,"A",.,"A",.,"A",.,"A"
"20115",2331633,46,0,"1",.,"A",.,"A",.,"A",360,"D",.,"A",.,"A",65,"D",.,"A",.,"A",.,"A",.,"A",.,"A",360,"D",.,"A",.,"A"
"20115",2331653,24,0,"1",.,"A",.,"A",.,"A",.,"A",.,"A",.,"A",.,"A",.,"A",.,"A",.,"A",.,"A",.,"A",13,"D",.,"A",.,"A"
"20115",2331663,36,0,"1",.,"A",.,"A",.,"A",.,"A",360,"D",25,"D",.,"A",.,"A",.,"A",.,"A",.,"A",.,"A",150,"D",.,"A",.,"A"
"20115",2331673,54,0,"1",.,"A",.,"A",.,"A",40,"F",.,"A",15,"D",.,"A",.,"A",12,"F",180,"D",0,"D",180,"D",.,"A",60,"D",.,"A"
"20115",2331763,65,0,"1",.,"A",.,"A",.,"A",.,"A",.,"A",.,"A",.,"A",.,"A",18,"D",.,"A",.,"A",.,"A",.,"A",.,"A",.,"A"
"20115",2331803,59,0,"1",.,"A",.,"A",.,"A",.,"A",.,"A",.,"A",.,"A",.,"A",.,"A",.,"A",.,"A",.,"A",100,"D",.,"A",.,"A"
"20115",2331824,43,0,"1",.,"A",.,"A",.,"A",.,"A",.,"A",.,"A",.,"A",.,"A",.,"A",.,"A",.,"A",.,"A",.,"A",.,"A",.,"A"
"20115",2331833,54,0,"1",.,"A",.,"A",.,"A",.,"A",.,"A",.,"A",.,"A",273,"D",.,"A",.,"A",.,"A",.,"A",120,"D",.,"A",.,"A"
"20115",2331843,45,0,"1",.,"A",.,"A",.,"A",.,"A",.,"A",.,"A",.,"A",.,"A",18,"D",.,"A",.,"A",.,"A",70,"D",.,"A",.,"A"
"20115",2331853,79,0,"1",.,"A",.,"A",.,"A",.,"A",.,"A",38,"D",.,"A",.,"A",.,"A",96,"D",0,"D",360,"D",.,"A",32,"D",.,"A"
"20115",2331893,54,0,"1",.,"A",.,"A",.,"A",.,"A",.,"A",15,"D",.,"A",.,"A",.,"A",.,"A",.,"A",.,"A",60,"D",.,"A",.,"A"
"20115",2331915,26,0,"1",.,"A",.,"A",.,"A",.,"A",.,"A",.,"A",.,"A",.,"A",.,"A",.,"A",.,"A",.,"A",.,"A",.,"A",.,"A"
"20115",2331923,61,0,"1",30,"D",.,"A",.,"A",.,"A",30,"D",60,"D",.,"A",.,"A",18,"D",225,"D",0,"D",0,"D",500,"D",75,"D",.,"A"
"20115",2331953,29,0,"1",.,"A",.,"A",.,"A",.,"A",40,"D",.,"A",130,"D",.,"A",.,"A",.,"A",.,"A",.,"A",.,"A",.,"A",.,"A"
"20115",2331963,76,0,"1",.,"A",.,"A",.,"A",.,"A",.,"A",40,"D",.,"A",.,"A",.,"A",.,"A",.,"A",.,"A",350,"D",.,"A",.,"A"
"20115",2331983,50,0,"1",.,"A",.,"A",.,"A",.,"A",.,"A",.,"A",.,"A",.,"A",.,"A",.,"A",.,"A",.,"A",.,"A",.,"A",.,"A"
"20115",2331994,34,0,"1",.,"A",.,"A",.,"A",.,"A",.,"A",40,"D",.,"A",.,"A",.,"A",.,"A",.,"A",.,"A",40,"D",.,"A",.,"A"
"20115",2332023,35,0,"1",.,"A",.,"A",.,"A",.,"A",80,"D",.,"A",260,"D",.,"A",.,"A",135,"D",0,"D",0,"D",90,"D",45,"D",.,"A"
"20115",2332043,35,0,"1",.,"A",.,"A",.,"A",.,"A",.,"A",.,"A",.,"A",.,"A",.,"A",0,"D",0,"D",60,"D",.,"A",0,"D",.,"A"
"20115",2332093,59,0,"1",.,"A",.,"A",.,"A",.,"A",.,"A",.,"A",.,"A",.,"A",.,"A",.,"A",.,"A",.,"A",105,"D",.,"A",.,"A"
"20115",2332143,112,0,"1",8,"D",.,"A",.,"A",.,"A",0,"D",130,"D",.,"A",.,"A",27,"D",.,"A",.,"A",.,"A",95,"D",.,"A",.,"A"
"20115",2332153,29,0,"1",.,"A",.,"A",.,"A",.,"A",.,"A",.,"A",195,"D",.,"A",.,"A",.,"A",.,"A",.,"A",.,"A",.,"A",.,"A"
"20115",2332183,104,0,"1",.,"A",.,"A",.,"A",.,"A",.,"A",9,"D",.,"A",.,"A",.,"A",.,"A",.,"A",.,"A",35,"D",.,"A",.,"A"
"20115",2332203,28,0,"1",25,"D",.,"A",.,"A",.,"A",155,"D",.,"A",.,"A",.,"A",.,"A",.,"A",.,"A",.,"A",.,"A",.,"A",.,"A"
"20115",2332223,58,0,"1",.,"A",.,"A",.,"A",54,"D",100,"D",.,"A",78,"D",.,"A",.,"A",225,"D",0,"D",0,"D",.,"A",75,"D",.,"A"
"20115",2332243,26,0,"1",10,"D",.,"A",.,"A",.,"A",15,"D",.,"A",.,"A",.,"A",.,"A",0,"D",0,"D",60,"F",.,"A",0,"D",.,"A"
"20115",2332253,68,0,"1",.,"A",.,"A",.,"A",.,"A",.,"A",2,"D",.,"A",.,"A",.,"A",.,"A",.,"A",.,"A",190,"D",.,"A",.,"A"
"20115",2332263,48,0,"1",.,"A",.,"A",.,"A",.,"A",.,"A",.,"A",520,"D",.,"A",.,"A",.,"A",.,"A",.,"A",21,"D",.,"A",.,"A"
"20115",2332293,60,0,"1",30,"D",.,"A",.,"A",60,"D",60,"D",100,"D",.,"A",.,"A",60,"D",240,"D",0,"D",0,"D",.,"A",80,"D",.,"A"
"20115",2332303,49,0,"1",.,"A",.,"A",.,"A",.,"A",.,"A",.,"A",.,"A",.,"A",.,"A",.,"A",.,"A",.,"A",20,"D",.,"A",.,"A"
"20115",2332313,48,0,"1",32,"D",.,"A",.,"A",.,"A",88,"D",.,"A",234,"D",.,"A",30,"D",.,"A",.,"A",.,"A",.,"A",.,"A",.,"A"
"20115",2332323,59,0,"1",.,"A",150,"D",.,"A",75,"D",.,"A",150,"D",195,"D",.,"A",90,"D",.,"A",.,"A",.,"A",700,"D",.,"A",.,"A"
"20115",2332333,76,0,"1",.,"A",.,"A",.,"A",.,"A",.,"A",.,"A",.,"A",.,"A",.,"A",.,"A",.,"A",.,"A",300,"D",.,"A",.,"A"
"20115",2332353,62,0,"1",.,"A",.,"A",.,"A",.,"A",.,"A",.,"A",.,"A",.,"A",.,"A",.,"A",.,"A",.,"A",.,"A",.,"A",.,"A"
"20115",2332363,35,0,"1",25,"D",.,"A",.,"A",.,"A",50,"D",30,"D",.,"A",.,"A",.,"A",327,"D",0,"D",0,"D",225,"D",109,"D",.,"A"
"20115",2332393,55,0,"1",.,"A",.,"A",.,"A",.,"A",.,"A",35,"D",.,"A",.,"A",.,"A",.,"A",.,"A",.,"A",70,"D",.,"A",.,"A"
"20115",2332403,28,0,"1",.,"A",.,"A",.,"A",.,"A",.,"A",.,"A",.,"A",.,"A",.,"A",.,"A",.,"A",.,"A",.,"A",.,"A",.,"A"
"20115",2332413,99,0,"1",.,"A",.,"A",.,"A",.,"A",.,"A",.,"A",.,"A",.,"A",.,"A",.,"A",.,"A",.,"A",.,"A",.,"A",.,"A"
"20115",2332443,60,0,"1",.,"A",.,"A",.,"A",.,"A",.,"A",.,"A",1300,"D",520,"D",.,"A",.,"A",.,"A",.,"A",.,"A",.,"A",.,"A"
"20115",2332463,50,0,"1",.,"A",.,"A",.,"A",.,"A",.,"A",.,"A",.,"A",.,"A",.,"A",.,"A",.,"A",.,"A",.,"A",.,"A",.,"A"
"20115",2332483,39,0,"1",.,"A",.,"A",100,"D",.,"A",.,"A",55,"D",.,"A",.,"A",.,"A",.,"A",.,"A",.,"A",200,"D",.,"A",.,"A"
"20115",2332493,50,0,"1",10,"D",.,"A",.,"A",.,"A",0,"D",17,"D",.,"A",.,"A",.,"A",.,"A",.,"A",.,"A",140,"D",.,"A",.,"A"
"20115",2332513,57,0,"1",.,"A",65,"D",.,"A",.,"A",.,"A",0,"D",.,"A",.,"A",.,"A",.,"A",.,"A",.,"A",125,"D",.,"A",.,"A"
"20115",2332533,49,0,"1",.,"A",.,"A",.,"A",.,"A",.,"A",.,"A",.,"A",.,"A",.,"A",.,"A",.,"A",.,"A",30,"D",.,"A",.,"A"
"20115",2332553,53,0,"1",.,"A",.,"A",.,"A",.,"A",.,"A",.,"A",65,"D",.,"A",.,"A",.,"A",.,"A",.,"A",90,"D",.,"A",.,"A"
"20115",2332583,77,0,"1",.,"A",.,"A",.,"A",.,"A",.,"A",63,"D",.,"A",.,"A",.,"A",183,"D",0,"D",183,"D",315,"D",61,"D",.,"A"
"20115",2332603,46,0,"1",.,"A",.,"A",.,"A",.,"A",.,"A",.,"A",.,"A",.,"A",.,"A",.,"A",.,"A",.,"A",.,"A",.,"A",.,"A"
"20115",2332653,71,0,"1",.,"A",.,"A",.,"A",.,"A",.,"A",.,"A",.,"A",.,"A",.,"A",.,"A",.,"A",.,"A",60,"D",.,"A",.,"A"
"20115",2332673,46,0,"1",.,"A",.,"A",.,"A",.,"A",.,"A",.,"A",.,"A",.,"A",.,"A",.,"A",.,"A",.,"A",180,"D",.,"A",.,"A"
"20115",2332683,35,0,"1",.,"A",.,"A",.,"A",.,"A",.,"A",.,"A",.,"A",.,"A",.,"A",.,"A",.,"A",.,"A",.,"A",.,"A",.,"A"
"20115",2332693,64,0,"1",.,"A",.,"A",.,"A",.,"A",.,"A",125,"D",.,"A",.,"A",.,"A",.,"A",.,"A",.,"A",200,"D",.,"A",.,"A"
"20115",2332713,75,0,"1",.,"A",.,"A",.,"A",.,"A",.,"A",.,"A",.,"A",.,"A",.,"A",.,"A",.,"A",.,"A",10,"D",.,"A",.,"A"
"20115",2332733,27,0,"1",.,"A",.,"A",.,"A",.,"A",20,"D",.,"A",390,"D",.,"A",.,"A",.,"A",.,"A",.,"A",.,"A",.,"A",.,"A"
"20115",2332745,26,0,"1",.,"A",.,"A",.,"A",.,"A",.,"A",.,"A",.,"A",.,"A",.,"A",.,"A",.,"A",.,"A",40,"D",.,"A",.,"A"
"20115",2332773,30,0,"1",.,"A",.,"A",.,"A",.,"A",.,"A",.,"A",.,"A",.,"A",.,"A",.,"A",.,"A",.,"A",20,"D",.,"A",.,"A"
"20115",2332793,45,0,"1",.,"A",.,"A",.,"A",.,"A",.,"A",.,"A",.,"A",.,"A",.,"A",.,"A",.,"A",.,"A",.,"A",.,"A",.,"A"
"20115",2332813,38,0,"1",.,"A",.,"A",.,"A",.,"A",.,"A",.,"A",.,"A",.,"A",.,"A",.,"A",.,"A",.,"A",.,"A",.,"A",.,"A"
"20115",2332843,93,0,"1",.,"A",.,"A",.,"A",.,"A",.,"A",.,"A",.,"A",.,"A",.,"A",.,"A",.,"A",.,"A",255,"D",.,"A",.,"A"
"20115",2332853,30,0,"1",.,"A",.,"A",.,"A",.,"A",.,"A",.,"A",65,"D",.,"A",.,"A",0,"D",0,"D",36,"D",.,"A",0,"D",.,"A"
"20115",2332883,22,0,"1",.,"A",.,"A",.,"A",.,"A",160,"D",.,"A",.,"A",.,"A",.,"A",312,"D",0,"D",0,"D",.,"A",104,"D",.,"A"
"20115",2332893,43,0,"1",.,"A",.,"A",.,"A",.,"A",.,"A",.,"A",546,"D",.,"A",.,"A",.,"A",.,"A",.,"A",80,"D",.,"A",.,"A"
"20115",2332913,41,0,"1",.,"A",.,"A",.,"A",.,"A",.,"A",.,"A",.,"A",.,"A",.,"A",.,"A",.,"A",.,"A",.,"A",.,"A",.,"A"
"20115",2332923,42,0,"1",.,"A",.,"A",.,"A",.,"A",.,"A",.,"A",260,"D",.,"A",.,"A",.,"A",.,"A",.,"A",.,"A",.,"A",.,"A"
"20115",2332933,55,0,"1",30,"D",.,"A",.,"A",.,"A",90,"D",.,"A",325,"D",.,"A",.,"A",.,"A",.,"A",.,"A",.,"A",.,"A",.,"A"
"20115",2332943,38,0,"1",.,"A",.,"A",.,"A",.,"A",.,"A",.,"A",260,"D",.,"A",.,"A",.,"A",.,"A",.,"A",.,"A",.,"A",.,"A"
"20115",2332953,38,0,"1",.,"A",.,"A",.,"A",.,"A",.,"A",.,"A",.,"A",.,"A",.,"A",.,"A",.,"A",.,"A",45,"D",.,"A",.,"A"
"20115",2333013,31,0,"1",.,"A",.,"A",.,"A",50,"D",.,"A",.,"A",.,"A",.,"A",.,"A",.,"A",.,"A",.,"A",.,"A",.,"A",.,"A"
"20115",2333023,56,0,"1",50,"D",.,"A",.,"A",.,"A",150,"D",.,"A",.,"A",.,"A",.,"A",600,"D",0,"D",0,"D",800,"D",200,"D",.,"A"
"20115",2333053,24,0,"1",.,"A",.,"A",.,"A",.,"A",.,"A",.,"A",.,"A",.,"A",.,"A",.,"A",.,"A",.,"A",.,"A",.,"A",.,"A"
"20115",2333063,38,0,"1",.,"A",.,"A",.,"A",40,"D",65,"D",.,"A",.,"A",.,"A",27,"D",450,"D",0,"D",0,"D",.,"A",150,"D",.,"A"
"20115",2333073,57,0,"1",.,"A",.,"A",.,"A",.,"A",.,"A",30,"D",.,"A",.,"A",.,"A",.,"A",.,"A",.,"A",900,"D",.,"A",.,"A"
"20115",2333083,52,0,"1",.,"A",.,"A",.,"A",.,"A",.,"A",.,"A",.,"A",.,"A",18,"D",.,"A",.,"A",.,"A",.,"A",.,"A",.,"A"
"20115",2333103,62,0,"1",.,"A",.,"A",.,"A",.,"A",.,"A",200,"D",.,"A",.,"A",.,"A",0,"D",45,"D",0,"D",150,"D",0,"D",.,"A"
"20115",2333113,65,0,"1",.,"A",.,"A",.,"A",.,"A",.,"A",.,"A",.,"A",.,"A",.,"A",.,"A",.,"A",.,"A",210,"D",.,"A",.,"A"
"20115",2333133,35,0,"1",.,"A",.,"A",.,"A",.,"A",.,"A",.,"A",.,"A",.,"A",.,"A",.,"A",.,"A",.,"A",.,"A",.,"A",.,"A"
"20115",2333153,28,0,"1",.,"A",.,"A",.,"A",.,"A",.,"A",.,"A",.,"A",.,"A",.,"A",.,"A",.,"A",.,"A",.,"A",.,"A",.,"A"
"20115",2333163,53,0,"1",.,"A",.,"A",.,"A",.,"A",.,"A",.,"A",.,"A",.,"A",.,"A",.,"A",.,"A",.,"A",.,"A",.,"A",.,"A"
"20115",2333203,40,0,"1",.,"A",.,"A",.,"A",.,"A",.,"A",.,"A",.,"A",.,"A",.,"A",.,"A",.,"A",.,"A",15,"D",.,"A",.,"A"
"20115",2333213,45,0,"1",.,"A",.,"A",.,"A",.,"A",.,"A",.,"A",195,"D",.,"A",.,"A",.,"A",.,"A",.,"A",45,"D",.,"A",.,"A"
"20115",2333233,35,0,"1",.,"A",.,"A",.,"A",.,"A",240,"D",.,"A",.,"A",.,"A",.,"A",.,"A",.,"A",.,"A",60,"D",.,"A",.,"A"
"20115",2333254,44,0,"1",.,"A",.,"A",.,"A",.,"A",.,"A",.,"A",.,"A",.,"A",.,"A",.,"A",.,"A",.,"A",.,"A",.,"A",.,"A"
"20115",2333273,51,0,"1",.,"A",.,"A",.,"A",.,"A",.,"A",.,"A",.,"A",.,"A",.,"A",.,"A",.,"A",.,"A",75,"D",.,"A",.,"A"
"20115",2333283,50,0,"1",.,"A",.,"A",.,"A",.,"A",.,"A",.,"A",.,"A",.,"A",.,"A",.,"A",.,"A",.,"A",30,"D",.,"A",.,"A"
"20115",2333293,50,0,"1",.,"A",.,"A",.,"A",.,"A",.,"A",.,"A",.,"A",.,"A",.,"A",.,"A",.,"A",.,"A",40,"D",.,"A",.,"A"
"20115",2333303,99,0,"1",.,"A",.,"A",.,"A",.,"A",.,"A",.,"A",.,"A",.,"A",.,"A",.,"A",.,"A",.,"A",120,"D",.,"A",.,"A"
"20115",2333353,44,0,"1",.,"A",.,"A",.,"A",.,"A",.,"A",.,"A",.,"A",.,"A",.,"A",.,"A",.,"A",.,"A",420,"D",.,"A",.,"A"
"20115",2333373,69,0,"1",.,"A",.,"A",.,"A",.,"A",.,"A",.,"A",.,"A",130,"D",.,"A",.,"A",.,"A",.,"A",.,"A",.,"A",.,"A"
"20115",2333393,24,0,"1",.,"A",.,"A",.,"A",.,"A",.,"A",.,"A",390,"D",.,"A",.,"A",.,"A",.,"A",.,"A",.,"A",.,"A",.,"A"
"20115",2333413,51,0,"1",.,"A",.,"A",.,"A",.,"A",.,"A",.,"A",.,"A",.,"A",.,"A",.,"A",.,"A",.,"A",.,"A",.,"A",.,"A"
"20115",2333423,41,0,"1",.,"A",.,"A",.,"A",.,"A",.,"A",.,"A",.,"A",.,"A",.,"A",.,"A",.,"A",.,"A",75,"D",.,"A",.,"A"
"20115",2333433,42,0,"1",.,"A",.,"A",.,"A",.,"A",43,"D",.,"A",.,"A",.,"A",.,"A",.,"A",.,"A",.,"A",.,"A",.,"A",.,"A"
"20115",2333443,27,0,"1",.,"A",.,"A",.,"A",.,"A",120,"D",.,"A",.,"A",.,"A",.,"A",240,"D",0,"D",0,"D",.,"A",80,"D",.,"A"
"20115",2333573,43,0,"1",.,"A",.,"A",.,"A",.,"A",.,"A",.,"A",650,"D",.,"A",.,"A",.,"A",.,"A",.,"A",12,"D",.,"A",.,"A"
"20115",2333593,94,0,"1",.,"A",.,"A",.,"A",.,"A",.,"A",60,"D",.,"A",.,"A",.,"A",42,"D",0,"D",0,"D",420,"D",14,"D",.,"A"
"20115",2333653,36,0,"1",8,"D",.,"A",.,"A",.,"A",0,"D",.,"A",.,"A",104,"D",.,"A",.,"A",.,"A",.,"A",.,"A",.,"A",.,"A"
"20115",2333663,28,0,"1",.,"A",.,"A",.,"A",.,"A",120,"D",.,"A",.,"A",.,"A",.,"A",.,"A",.,"A",.,"A",40,"D",.,"A",.,"A"
"20115",2333673,35,0,"1",.,"A",.,"A",.,"A",.,"A",.,"A",.,"A",.,"A",.,"A",.,"A",.,"A",.,"A",.,"A",.,"A",.,"A",.,"A"
"20115",2333683,61,0,"1",.,"A",8,"D",.,"A",.,"A",.,"A",42,"D",.,"A",.,"A",.,"A",.,"A",.,"A",.,"A",175,"D",.,"A",.,"A"
"20115",2333693,46,0,"1",.,"A",.,"A",.,"A",.,"A",120,"D",.,"A",260,"D",.,"A",.,"A",.,"A",.,"A",.,"A",.,"A",.,"A",.,"A"
"20115",2333743,91,0,"1",.,"A",.,"A",.,"A",.,"A",.,"A",.,"A",.,"A",325,"D",.,"A",.,"A",.,"A",.,"A",.,"A",.,"A",.,"A"
"20115",2333783,33,0,"1",.,"A",.,"A",.,"A",.,"A",.,"A",.,"A",.,"A",.,"A",.,"A",.,"A",.,"A",.,"A",.,"A",.,"A",.,"A"
"20115",2333813,46,0,"1",.,"A",.,"A",.,"A",.,"A",.,"A",.,"A",.,"A",.,"A",.,"A",.,"A",.,"A",.,"A",300,"D",.,"A",.,"A"
"20115",2333823,52,0,"1",.,"A",.,"A",.,"A",.,"A",.,"A",300,"D",650,"D",.,"A",.,"A",.,"A",.,"A",.,"A",150,"D",.,"A",.,"A"
"20115",2333833,54,0,"1",.,"A",.,"A",.,"A",.,"A",.,"A",10,"D",.,"A",.,"A",.,"A",.,"A",.,"A",.,"A",45,"D",.,"A",.,"A"
"20115",2333853,50,0,"1",.,"A",.,"A",.,"A",.,"A",.,"A",.,"A",.,"A",.,"A",.,"A",.,"A",.,"A",.,"A",.,"A",.,"A",.,"A"
"20115",2333873,44,0,"1",.,"A",.,"A",.,"A",.,"A",.,"A",.,"A",.,"A",.,"A",.,"A",.,"A",.,"A",.,"A",80,"D",.,"A",.,"A"
"20115",2333893,40,0,"1",.,"A",.,"A",.,"A",.,"A",.,"A",.,"A",.,"A",.,"A",.,"A",.,"A",.,"A",.,"A",12,"D",.,"A",.,"A"
"20115",2333903,43,0,"1",.,"A",.,"A",.,"A",.,"A",.,"A",.,"A",.,"A",.,"A",.,"A",.,"A",.,"A",.,"A",45,"D",.,"A",.,"A"
"20115",2333913,51,0,"1",.,"A",.,"A",.,"A",.,"A",.,"A",.,"A",.,"A",.,"A",.,"A",.,"A",.,"A",.,"A",.,"A",.,"A",.,"A"
"20115",2333943,85,0,"1",.,"A",.,"A",.,"A",.,"A",.,"A",60,"D",.,"A",.,"A",.,"A",.,"A",.,"A",.,"A",325,"D",.,"A",.,"A"
"20115",2333973,32,0,"1",.,"A",.,"A",.,"A",.,"A",.,"A",.,"A",.,"A",.,"A",.,"A",.,"A",.,"A",.,"A",30,"D",.,"A",.,"A"
"20115",2334013,59,0,"1",.,"A",.,"A",.,"A",.,"A",.,"A",.,"A",.,"A",.,"A",.,"A",.,"A",.,"A",.,"A",25,"D",.,"A",.,"A"
"20115",2334083,24,0,"1",.,"A",.,"A",.,"A",.,"A",.,"A",5,"D",.,"A",.,"A",.,"A",.,"A",.,"A",.,"A",8,"D",.,"A",.,"A"
"20115",2334095,40,0,"1",.,"A",.,"A",.,"A",.,"A",.,"A",.,"A",.,"A",.,"A",.,"A",0,"D",30,"D",0,"D",.,"A",0,"D",.,"A"
"20115",2334123,38,0,"1",.,"A",.,"A",.,"A",.,"A",.,"A",.,"A",520,"D",.,"A",.,"A",.,"A",.,"A",.,"A",.,"A",.,"A",.,"A"
"20115",2334144,42,0,"1",.,"A",.,"A",.,"A",.,"A",.,"A",.,"A",.,"A",.,"A",.,"A",.,"A",.,"A",.,"A",30,"D",.,"A",.,"A"
"20115",2334163,55,0,"1",.,"A",.,"A",.,"A",.,"A",.,"A",100,"D",.,"A",.,"A",.,"A",.,"A",.,"A",.,"A",80,"D",.,"A",.,"A"
"20115",2334193,49,0,"1",.,"A",.,"A",.,"A",.,"A",.,"A",.,"A",.,"A",.,"A",.,"A",.,"A",.,"A",.,"A",80,"D",.,"A",.,"A"
"20115",2334243,38,0,"1",.,"A",.,"A",.,"A",.,"A",.,"A",.,"A",.,"A",.,"A",.,"A",.,"A",.,"A",.,"A",.,"A",.,"A",.,"A"
"20115",2334253,48,0,"1",.,"A",.,"A",.,"A",.,"A",.,"A",.,"A",.,"A",.,"A",.,"A",.,"A",.,"A",.,"A",20,"D",.,"A",.,"A"
"20115",2334273,48,0,"1",.,"A",.,"A",.,"A",.,"A",.,"A",.,"A",.,"A",.,"A",.,"A",.,"A",.,"A",.,"A",.,"A",.,"A",.,"A"
"20115",2334293,63,0,"1",.,"A",.,"A",.,"A",.,"A",.,"A",.,"A",455,"D",.,"A",.,"A",.,"A",.,"A",.,"A",280,"D",.,"A",.,"A"
"20115",2334313,56,0,"1",.,"A",.,"A",.,"A",.,"A",.,"A",.,"A",.,"A",.,"A",.,"A",.,"A",.,"A",.,"A",60,"D",.,"A",.,"A"
"20115",2334323,117,0,"1",.,"A",.,"A",.,"A",.,"A",.,"A",70,"D",.,"A",260,"D",18,"D",.,"A",.,"A",.,"A",400,"D",.,"A",.,"A"
"20115",2334343,40,0,"1",.,"A",.,"A",.,"A",.,"A",5,"D",.,"A",.,"A",91,"D",.,"A",.,"A",.,"A",.,"A",10,"D",.,"A",.,"A"
"20115",2334363,44,0,"1",.,"A",.,"A",.,"A",.,"A",.,"A",.,"A",.,"A",.,"A",.,"A",.,"A",.,"A",.,"A",80,"D",.,"A",.,"A"
"20115",2334383,34,0,"1",.,"A",.,"A",.,"A",.,"A",.,"A",120,"D",195,"D",65,"D",.,"A",.,"A",.,"A",.,"A",360,"D",.,"A",.,"A"
"20115",2334453,67,0,"1",.,"A",.,"A",.,"A",.,"A",.,"A",10,"D",.,"A",.,"A",.,"A",.,"A",.,"A",.,"A",254,"D",.,"A",.,"A"
"20115",2334463,24,0,"1",.,"A",.,"A",.,"A",.,"A",45,"D",.,"A",.,"A",.,"A",.,"A",.,"A",.,"A",.,"A",.,"A",.,"A",.,"A"
"20115",2334473,38,0,"1",.,"A",.,"A",.,"A",.,"A",.,"A",.,"A",.,"A",.,"A",.,"A",.,"A",.,"A",.,"A",75,"D",.,"A",.,"A"
"20115",2334513,32,0,"1",.,"A",.,"A",.,"A",.,"A",.,"A",.,"A",.,"A",91,"D",.,"A",.,"A",.,"A",.,"A",.,"A",.,"A",.,"A"
"20115",2334523,25,0,"1",.,"A",.,"A",.,"A",.,"A",30,"D",.,"A",.,"A",.,"A",.,"A",135,"D",0,"D",36,"D",.,"A",45,"D",.,"A"
"20115",2334543,72,0,"1",.,"A",.,"A",.,"A",.,"A",.,"A",.,"A",.,"A",.,"A",9,"D",.,"A",.,"A",.,"A",.,"A",.,"A",.,"A"
"20115",2334583,58,0,"1",.,"A",.,"A",.,"A",.,"A",.,"A",.,"A",.,"A",.,"A",.,"A",.,"A",.,"A",.,"A",80,"D",.,"A",.,"A"
"20115",2334623,45,0,"1",.,"A",.,"A",.,"A",.,"A",160,"D",.,"A",.,"A",.,"A",.,"A",.,"A",.,"A",.,"A",60,"D",.,"A",.,"A"
"20115",2334663,47,0,"1",.,"A",.,"A",.,"A",.,"A",60,"D",300,"D",.,"A",.,"A",90,"D",.,"A",.,"A",.,"A",36,"D",.,"A",.,"A"
"20115",2334673,62,0,"1",.,"A",.,"A",.,"A",.,"A",.,"A",.,"A",325,"D",.,"A",.,"A",.,"A",.,"A",.,"A",15,"D",.,"A",.,"A"
"20115",2334683,99,0,"1",.,"A",.,"A",.,"A",.,"A",.,"A",30,"D",.,"A",.,"A",.,"A",.,"A",.,"A",.,"A",250,"D",.,"A",.,"A"
"20115",2334693,50,0,"1",12,"D",.,"A",.,"A",.,"A",0,"D",.,"A",.,"A",.,"A",24,"D",.,"A",.,"A",.,"A",180,"D",.,"A",.,"A"
"20115",2334723,52,0,"1",.,"A",.,"A",.,"A",.,"A",.,"A",.,"A",.,"A",.,"A",.,"A",.,"A",.,"A",.,"A",.,"A",.,"A",.,"A"
"20115",2334753,48,0,"1",.,"A",.,"A",.,"A",.,"A",.,"A",.,"A",.,"A",.,"A",.,"A",.,"A",.,"A",.,"A",90,"D",.,"A",.,"A"
"20115",2334763,23,0,"1",.,"A",.,"A",.,"A",.,"A",25,"D",.,"A",.,"A",.,"A",.,"A",.,"A",.,"A",.,"A",40,"D",.,"A",.,"A"
"20115",2334773,51,0,"1",.,"A",.,"A",.,"A",.,"A",.,"A",.,"A",.,"A",.,"A",.,"A",.,"A",.,"A",.,"A",40,"D",.,"A",.,"A"
"20115",2334803,28,0,"1",36,"D",.,"A",.,"A",.,"A",54,"D",.,"A",65,"D",.,"A",.,"A",45,"D",0,"D",45,"D",5,"D",15,"D",.,"A"
"20115",2334813,42,0,"1",.,"A",.,"A",.,"A",.,"A",.,"A",.,"A",.,"A",390,"D",.,"A",.,"A",.,"A",.,"A",.,"A",.,"A",.,"A"
"20115",2334823,35,0,"1",.,"A",.,"A",.,"A",.,"A",25,"D",.,"A",.,"A",.,"A",.,"A",.,"A",.,"A",.,"A",90,"D",.,"A",.,"A"
"20115",2334843,41,0,"1",.,"A",.,"A",.,"A",.,"A",.,"A",20,"D",.,"A",.,"A",.,"A",.,"A",.,"A",.,"A",.,"A",.,"A",.,"A"
"20115",2334853,38,0,"1",.,"A",.,"A",.,"A",.,"A",5,"D",10,"D",.,"A",.,"A",.,"A",.,"A",.,"A",.,"A",.,"A",.,"A",.,"A"
"20115",2334863,95,0,"1",.,"A",.,"A",.,"A",.,"A",.,"A",10,"D",.,"A",.,"A",.,"A",.,"A",.,"A",.,"A",120,"D",.,"A",.,"A"
"20115",2334893,53,0,"1",.,"A",.,"A",.,"A",.,"A",.,"A",187,"D",.,"A",.,"A",.,"A",.,"A",.,"A",.,"A",435,"D",.,"A",.,"A"
"20115",2334903,40,0,"1",.,"A",.,"A",.,"A",.,"A",.,"A",.,"A",.,"A",.,"A",.,"A",.,"A",.,"A",.,"A",30,"D",.,"A",.,"A"
"20115",2334923,57,0,"1",.,"A",.,"A",.,"A",.,"A",.,"A",.,"A",.,"A",.,"A",.,"A",.,"A",.,"A",.,"A",52,"D",.,"A",.,"A"
"20115",2334934,37,0,"1",.,"A",.,"A",.,"A",.,"A",120,"D",.,"A",.,"A",.,"A",.,"A",.,"A",.,"A",.,"A",40,"D",.,"A",.,"A"
"20115",2334943,77,0,"1",.,"A",.,"A",.,"A",.,"A",.,"A",30,"D",.,"A",.,"A",.,"A",.,"A",.,"A",.,"A",.,"A",.,"A",.,"A"
"20115",2334973,46,0,"1",24,"D",.,"A",.,"A",.,"A",66,"D",.,"A",130,"D",.,"A",.,"A",.,"A",.,"A",.,"A",.,"A",.,"A",.,"A"
"20115",2334993,22,0,"1",.,"A",.,"A",.,"A",.,"A",.,"A",.,"A",637,"D",.,"A",.,"A",.,"A",.,"A",.,"A",30,"D",.,"A",.,"A"
"20115",2335003,24,0,"1",.,"A",.,"A",.,"A",.,"A",.,"A",.,"A",.,"A",.,"A",.,"A",.,"A",.,"A",.,"A",.,"A",.,"A",.,"A"
"20115",2335013,69,0,"1",.,"A",.,"A",.,"A",.,"A",20,"D",50,"D",.,"A",.,"A",45,"D",.,"A",.,"A",.,"A",200,"D",.,"A",.,"A"
"20115",2335054,34,0,"1",.,"A",.,"A",.,"A",.,"A",.,"A",.,"A",.,"A",.,"A",.,"A",.,"A",.,"A",.,"A",17,"D",.,"A",.,"A"
"20115",2335083,37,0,"1",.,"A",.,"A",.,"A",112,"D",.,"A",.,"A",.,"A",.,"A",.,"A",162,"D",0,"D",0,"D",80,"D",54,"D",.,"A"
"20115",2335113,27,0,"1",.,"A",.,"A",.,"A",.,"A",.,"A",.,"A",65,"D",.,"A",.,"A",.,"A",.,"A",.,"A",.,"A",.,"A",.,"A"
"20115",2335123,62,0,"1",.,"A",.,"A",.,"A",.,"A",.,"A",.,"A",.,"A",.,"A",42,"D",.,"A",.,"A",.,"A",120,"D",.,"A",.,"A"
"20115",2335133,96,0,"1",.,"A",.,"A",.,"A",.,"A",.,"A",.,"A",.,"A",.,"A",.,"A",.,"A",.,"A",.,"A",55,"D",.,"A",.,"A"
"20115",2335143,35,0,"1",.,"A",.,"A",.,"A",.,"A",.,"A",.,"A",728,"D",.,"A",.,"A",.,"A",.,"A",.,"A",.,"A",.,"A",.,"A"
"20115",2335153,59,0,"1",.,"A",.,"A",.,"A",.,"A",.,"A",.,"A",.,"A",26,"F",.,"A",.,"A",.,"A",.,"A",200,"D",.,"A",.,"A"
"20115",2335163,39,0,"1",.,"A",.,"A",.,"A",.,"A",.,"A",35,"D",.,"A",.,"A",.,"A",.,"A",.,"A",.,"A",40,"D",.,"A",.,"A"
"20115",2335173,41,0,"1",10,"D",.,"A",.,"A",.,"A",50,"D",.,"A",.,"A",.,"A",.,"A",.,"A",.,"A",.,"A",60,"D",.,"A",.,"A"
"20115",2335184,36,0,"1",.,"A",.,"A",.,"A",.,"A",.,"A",.,"A",130,"D",.,"A",.,"A",.,"A",.,"A",.,"A",.,"A",.,"A",.,"A"
"20115",2335193,44,0,"1",.,"A",.,"A",.,"A",.,"A",.,"A",.,"A",.,"A",.,"A",.,"A",.,"A",.,"A",.,"A",.,"A",.,"A",.,"A"
"20115",2335223,41,0,"1",.,"A",.,"A",.,"A",.,"A",45,"D",600,"D",.,"A",.,"A",90,"D",0,"D",0,"D",0,"D",.,"A",0,"D",.,"A"
"20115",2335243,52,0,"1",.,"A",.,"A",.,"A",.,"A",.,"A",.,"A",.,"A",.,"A",.,"A",.,"A",.,"A",.,"A",265,"D",.,"A",.,"A"
"20115",2335263,28,0,"1",.,"A",.,"A",.,"A",.,"A",.,"A",.,"A",.,"A",.,"A",.,"A",.,"A",.,"A",.,"A",50,"D",.,"A",.,"A"
"20115",2335273,70,0,"1",.,"A",.,"A",.,"A",.,"A",.,"A",.,"A",.,"A",.,"A",30,"D",.,"A",.,"A",.,"A",325,"D",.,"A",.,"A"
"20115",2335293,30,0,"1",100,"D",.,"A",.,"A",.,"A",150,"D",.,"A",.,"A",.,"A",.,"A",600,"D",0,"D",75,"D",200,"D",200,"D",.,"A"
"20115",2335303,48,0,"1",.,"A",.,"A",.,"A",.,"A",.,"A",.,"A",.,"A",.,"A",.,"A",.,"A",.,"A",.,"A",200,"D",.,"A",.,"A"
"20115",2335333,58,0,"1",.,"A",.,"A",.,"A",.,"A",.,"A",.,"A",390,"D",.,"A",.,"A",.,"A",.,"A",.,"A",7,"D",.,"A",.,"A"
"20115",2335343,54,0,"1",.,"A",.,"A",65,"D",.,"A",.,"A",.,"A",.,"A",.,"A",.,"A",.,"A",.,"A",.,"A",16,"D",.,"A",.,"A"
"20115",2335353,46,0,"1",.,"A",.,"A",.,"A",.,"A",.,"A",.,"A",.,"A",.,"A",.,"A",.,"A",.,"A",.,"A",95,"D",.,"A",.,"A"
"20115",2335363,33,0,"1",.,"A",.,"A",.,"A",.,"A",.,"A",.,"A",.,"A",.,"A",.,"A",.,"A",.,"A",.,"A",90,"D",.,"A",.,"A"
"20115",2335373,49,0,"1",.,"A",.,"A",.,"A",.,"A",.,"A",.,"A",.,"A",.,"A",.,"A",.,"A",.,"A",.,"A",.,"A",.,"A",.,"A"
"20115",2335383,51,0,"1",.,"A",.,"A",.,"A",.,"A",.,"A",.,"A",.,"A",.,"A",.,"A",.,"A",.,"A",.,"A",70,"D",.,"A",.,"A"
"20115",2335413,35,0,"1",.,"A",.,"A",.,"A",.,"A",.,"A",.,"A",.,"A",.,"A",9,"D",.,"A",.,"A",.,"A",.,"A",.,"A",.,"A"
"20115",2335443,68,0,"1",.,"A",.,"A",.,"A",.,"A",.,"A",30,"D",260,"D",.,"A",.,"A",.,"A",.,"A",.,"A",254,"D",.,"A",.,"A"
"20115",2335463,38,0,"1",.,"A",.,"A",.,"A",.,"A",.,"A",.,"A",.,"A",.,"A",.,"A",.,"A",.,"A",.,"A",.,"A",.,"A",.,"A"
"20115",2335513,49,0,"1",.,"A",.,"A",.,"A",.,"A",.,"A",.,"A",.,"A",.,"A",.,"A",.,"A",.,"A",.,"A",120,"D",.,"A",.,"A"
"20115",2335523,90,0,"1",.,"A",.,"A",.,"A",.,"A",5,"D",.,"A",.,"A",.,"A",.,"A",.,"A",.,"A",.,"A",40,"D",.,"A",.,"A"
"20115",2335533,53,0,"1",.,"A",.,"A",.,"A",.,"A",.,"A",.,"A",.,"A",.,"A",.,"A",.,"A",.,"A",.,"A",30,"D",.,"A",.,"A"
"20115",2335553,56,0,"1",.,"A",.,"A",.,"A",.,"A",.,"A",.,"A",.,"A",.,"A",.,"A",.,"A",.,"A",.,"A",150,"D",.,"A",.,"A"
"20115",2335563,58,0,"1",.,"A",.,"A",.,"A",.,"A",.,"A",.,"A",.,"A",.,"A",.,"A",.,"A",.,"A",.,"A",20,"D",.,"A",.,"A"
"20115",2335603,65,0,"1",.,"A",.,"A",.,"A",.,"A",.,"A",.,"A",.,"A",.,"A",.,"A",.,"A",.,"A",.,"A",145,"D",.,"A",.,"A"
"20115",2335613,66,0,"1",.,"A",.,"A",.,"A",.,"A",.,"A",20,"D",.,"A",.,"A",.,"A",.,"A",.,"A",.,"A",150,"D",.,"A",.,"A"
"20115",2335633,58,0,"1",.,"A",.,"A",.,"A",.,"A",.,"A",.,"A",.,"A",.,"A",.,"A",.,"A",.,"A",.,"A",100,"D",.,"A",.,"A"
"20115",2335653,54,0,"1",.,"A",.,"A",.,"A",.,"A",.,"A",.,"A",.,"A",.,"A",.,"A",.,"A",.,"A",.,"A",100,"D",.,"A",.,"A"
"20115",2335663,55,0,"1",.,"A",.,"A",70,"D",.,"A",.,"A",50,"D",.,"A",.,"A",.,"A",.,"A",.,"A",.,"A",210,"D",.,"A",.,"A"
"20115",2335673,20,0,"1",.,"A",.,"A",.,"A",.,"A",.,"A",.,"A",.,"A",.,"A",.,"A",0,"D",0,"D",30,"D",.,"A",0,"D",.,"A"
"20115",2335683,53,0,"1",.,"A",.,"A",.,"A",.,"A",.,"A",.,"A",.,"A",.,"A",.,"A",.,"A",.,"A",.,"A",42,"F",.,"A",.,"A"
"20115",2335703,38,0,"1",.,"A",.,"A",.,"A",.,"A",.,"A",20,"D",.,"A",.,"A",.,"A",.,"A",.,"A",.,"A",32,"D",.,"A",.,"A"
"20115",2335713,39,0,"1",.,"A",.,"A",.,"A",.,"A",.,"A",20,"D",.,"A",.,"A",.,"A",.,"A",.,"A",.,"A",.,"A",.,"A",.,"A"
"20115",2335743,67,0,"1",.,"A",.,"A",.,"A",.,"A",.,"A",10,"D",780,"D",.,"A",.,"A",600,"D",0,"D",0,"D",.,"A",200,"D",.,"A"
"20115",2335783,72,0,"1",.,"A",.,"A",.,"A",.,"A",.,"A",.,"A",.,"A",.,"A",36,"D",.,"A",.,"A",.,"A",240,"D",.,"A",.,"A"
"20115",2335793,62,0,"1",.,"A",.,"A",.,"A",.,"A",.,"A",120,"D",507,"D",.,"A",.,"A",.,"A",.,"A",.,"A",660,"D",.,"A",.,"A"
"20115",2335805,34,0,"1",.,"A",.,"A",.,"A",.,"A",.,"A",.,"A",.,"A",.,"A",.,"A",.,"A",.,"A",.,"A",100,"D",.,"A",.,"A"
"20115",2335813,33,0,"1",55,"D",.,"A",.,"A",.,"A",55,"D",.,"A",.,"A",.,"A",.,"A",.,"A",.,"A",.,"A",.,"A",.,"A",.,"A"
"20115",2335883,53,0,"1",.,"A",.,"A",.,"A",.,"A",.,"A",.,"A",.,"A",.,"A",.,"A",120,"D",0,"D",0,"D",.,"A",40,"D",.,"A"
"20115",2335893,21,0,"1",.,"A",.,"A",.,"A",.,"A",.,"A",.,"A",.,"A",.,"A",.,"A",.,"A",.,"A",.,"A",.,"A",.,"A",.,"A"
"20115",2335923,54,0,"1",.,"A",.,"A",.,"A",.,"A",.,"A",.,"A",.,"A",.,"A",90,"D",.,"A",.,"A",.,"A",180,"D",.,"A",.,"A"
"20115",2335943,36,0,"1",.,"A",.,"A",.,"A",.,"A",.,"A",.,"A",.,"A",.,"A",.,"A",.,"A",.,"A",.,"A",12,"D",.,"A",.,"A"
"20115",2335973,23,0,"1",.,"A",.,"A",.,"A",.,"A",.,"A",.,"A",.,"A",91,"D",.,"A",.,"A",.,"A",.,"A",.,"A",.,"A",.,"A"
"20115",2336023,66,0,"1",.,"A",.,"A",.,"A",.,"A",.,"A",.,"A",.,"A",.,"A",.,"A",.,"A",.,"A",.,"A",150,"D",.,"A",.,"A"
"20115",2336033,44,0,"1",.,"A",.,"A",.,"A",.,"A",.,"A",90,"D",.,"A",.,"A",.,"A",.,"A",.,"A",.,"A",200,"D",.,"A",.,"A"
"20115",2336043,30,0,"1",.,"A",.,"A",.,"A",.,"A",50,"D",.,"A",.,"A",.,"A",.,"A",600,"D",0,"D",0,"D",.,"A",200,"D",.,"A"
"20115",2336083,45,0,"1",.,"A",.,"A",.,"A",.,"A",.,"A",.,"A",.,"A",.,"A",.,"A",.,"A",.,"A",.,"A",17,"D",.,"A",.,"A"
"20115",2336103,34,0,"1",.,"A",.,"A",.,"A",.,"A",.,"A",.,"A",.,"A",.,"A",.,"A",.,"A",.,"A",.,"A",.,"A",.,"A",.,"A"
"20115",2336113,32,0,"1",.,"A",.,"A",.,"A",.,"A",.,"A",.,"A",.,"A",.,"A",.,"A",.,"A",.,"A",.,"A",.,"A",.,"A",.,"A"
"20115",2336134,23,0,"1",.,"A",.,"A",.,"A",.,"A",.,"A",.,"A",.,"A",.,"A",.,"A",.,"A",.,"A",.,"A",14,"D",.,"A",.,"A"
"20115",2336183,55,0,"1",.,"A",.,"A",240,"D",.,"A",.,"A",.,"A",.,"A",.,"A",.,"A",.,"A",.,"A",.,"A",48,"D",.,"A",.,"A"
"20115",2336193,40,0,"1",.,"A",.,"A",.,"A",.,"A",.,"A",.,"A",.,"A",.,"A",.,"A",.,"A",.,"A",.,"A",.,"A",.,"A",.,"A"
"20115",2336203,28,0,"1",.,"A",.,"A",.,"A",.,"A",.,"A",.,"A",.,"A",.,"A",.,"A",.,"A",.,"A",.,"A",.,"A",.,"A",.,"A"
"20115",2336213,49,0,"1",.,"A",.,"A",.,"A",.,"A",.,"A",.,"A",.,"A",.,"A",.,"A",.,"A",.,"A",.,"A",75,"D",.,"A",.,"A"
"20115",2336233,81,0,"1",.,"A",.,"A",.,"A",.,"A",.,"A",125,"D",.,"A",.,"A",.,"A",.,"A",.,"A",.,"A",325,"D",.,"A",.,"A"
"20115",2336273,41,0,"1",.,"A",.,"A",.,"A",.,"A",.,"A",.,"A",.,"A",.,"A",.,"A",.,"A",.,"A",.,"A",32,"D",.,"A",.,"A"
"20115",2336283,44,0,"1",.,"A",.,"A",.,"A",.,"A",.,"A",.,"A",.,"A",.,"A",.,"A",.,"A",.,"A",.,"A",80,"D",.,"A",.,"A"
"20115",2336293,50,0,"1",.,"A",.,"A",.,"A",80,"D",.,"A",.,"A",.,"A",.,"A",.,"A",450,"D",0,"D",0,"D",120,"D",150,"D",.,"A"
"20115",2336303,46,0,"1",.,"A",.,"A",.,"A",.,"A",.,"A",.,"A",325,"D",.,"A",.,"A",.,"A",.,"A",.,"A",.,"A",.,"A",.,"A"
"20115",2336335,53,0,"1",.,"A",.,"A",.,"A",.,"A",.,"A",.,"A",.,"A",.,"A",.,"A",.,"A",.,"A",.,"A",.,"A",.,"A",.,"A"
"20115",2336364,46,0,"1",.,"A",.,"A",.,"A",.,"A",.,"A",.,"A",65,"D",.,"A",.,"A",.,"A",.,"A",.,"A",25,"D",.,"A",.,"A"
"20115",2336373,78,0,"1",.,"A",.,"A",.,"A",.,"A",.,"A",.,"A",91,"D",.,"A",.,"A",.,"A",.,"A",.,"A",.,"A",.,"A",.,"A"
"20115",2336383,43,0,"1",.,"A",.,"A",.,"A",.,"A",.,"A",.,"A",455,"D",.,"A",.,"A",.,"A",.,"A",.,"A",50,"D",.,"A",.,"A"
"20115",2336393,50,0,"1",.,"A",.,"A",.,"A",.,"A",.,"A",12,"D",260,"D",.,"A",.,"A",.,"A",.,"A",.,"A",100,"D",.,"A",.,"A"
"20115",2336403,48,0,"1",.,"A",.,"A",.,"A",.,"A",.,"A",75,"D",260,"F",.,"A",.,"A",.,"A",.,"A",.,"A",120,"D",.,"A",.,"A"
"20115",2336413,59,0,"1",.,"A",22,"D",.,"A",200,"D",.,"A",278,"D",.,"A",.,"A",18,"D",60,"D",0,"D",0,"D",120,"D",20,"D",.,"A"
"20115",2336443,104,0,"1",.,"A",.,"A",.,"A",.,"A",.,"A",34,"D",234,"D",.,"A",3,"D",0,"D",0,"D",81,"D",26,"D",0,"D",.,"A"
"20115",2336453,51,0,"1",.,"A",.,"A",.,"A",.,"A",.,"A",.,"A",.,"A",.,"A",.,"A",.,"A",.,"A",.,"A",.,"A",.,"A",.,"A"
"20115",2336463,63,0,"1",.,"A",.,"A",.,"A",40,"D",.,"A",50,"D",.,"A",.,"A",.,"A",.,"A",.,"A",.,"A",140,"D",.,"A",.,"A"
"20115",2336473,58,0,"1",.,"A",.,"A",.,"A",.,"A",.,"A",.,"A",.,"A",.,"A",.,"A",.,"A",.,"A",.,"A",.,"A",.,"A",.,"A"
"20115",2336483,55,0,"1",.,"A",.,"A",.,"A",.,"A",.,"A",.,"A",390,"D",.,"A",.,"A",.,"A",.,"A",.,"A",.,"A",.,"A",.,"A"
"20115",2336505,44,0,"1",.,"A",.,"A",.,"A",.,"A",.,"A",.,"A",.,"A",.,"A",.,"A",.,"A",.,"A",.,"A",.,"A",.,"A",.,"A"
"20115",2336513,45,0,"1",.,"A",.,"A",.,"A",.,"A",.,"A",.,"A",.,"A",.,"A",.,"A",.,"A",.,"A",.,"A",57,"D",.,"A",.,"A"
"20115",2336523,78,0,"1",.,"A",.,"A",.,"A",.,"A",.,"A",300,"D",364,"D",.,"A",.,"A",.,"A",.,"A",.,"A",.,"A",.,"A",.,"A"
"20115",2336573,62,0,"1",.,"A",.,"A",.,"A",.,"A",.,"A",.,"A",.,"A",.,"A",.,"A",.,"A",.,"A",.,"A",100,"D",.,"A",.,"A"
"20115",2336583,34,0,"1",20,"D",.,"A",.,"A",.,"A",20,"D",.,"A",520,"D",.,"A",.,"A",0,"D",0,"D",9,"D",.,"A",0,"D",.,"A"
"20115",2336593,44,0,"1",.,"A",.,"A",.,"A",.,"A",.,"A",.,"A",.,"A",.,"A",.,"A",.,"A",.,"A",.,"A",.,"A",.,"A",.,"A"
"20115",2336603,36,0,"1",.,"A",.,"A",.,"A",100,"D",.,"A",.,"A",1235,"F",.,"A",.,"A",.,"A",.,"A",.,"A",20,"F",.,"A",.,"A"
"20115",2336613,39,0,"1",.,"A",.,"A",.,"A",.,"A",.,"A",.,"A",.,"A",.,"A",.,"A",.,"A",.,"A",.,"A",.,"A",.,"A",.,"A"
"20115",2336623,32,0,"1",.,"A",.,"A",.,"A",.,"A",.,"A",.,"A",.,"A",.,"A",.,"A",.,"A",.,"A",.,"A",.,"A",.,"A",.,"A"
"20115",2336643,30,0,"1",.,"A",.,"A",.,"A",.,"A",.,"A",.,"A",.,"A",.,"A",.,"A",.,"A",.,"A",.,"A",100,"D",.,"A",.,"A"
"20115",2336673,41,0,"1",.,"A",.,"A",.,"A",.,"A",.,"A",.,"A",.,"A",.,"A",.,"A",.,"A",.,"A",.,"A",.,"A",.,"A",.,"A"
"20115",2336683,64,0,"1",.,"A",.,"A",.,"A",.,"A",.,"A",20,"D",.,"A",.,"A",18,"D",.,"A",.,"A",.,"A",18,"D",.,"A",.,"A"
"20115",2336695,25,0,"1",.,"A",.,"A",.,"A",.,"A",.,"A",.,"A",390,"D",.,"A",.,"A",.,"A",.,"A",.,"A",.,"A",.,"A",.,"A"
"20115",2336713,43,0,"1",.,"A",.,"A",.,"A",.,"A",.,"A",.,"A",520,"D",.,"A",.,"A",.,"A",.,"A",.,"A",45,"D",.,"A",.,"A"
"20115",2336723,28,0,"1",.,"A",.,"A",.,"A",.,"A",.,"A",20,"D",.,"A",.,"A",.,"A",.,"A",.,"A",.,"A",50,"D",.,"A",.,"A"
"20115",2336753,79,0,"1",.,"A",.,"A",.,"A",.,"A",.,"A",.,"A",845,"D",.,"A",.,"A",.,"A",.,"A",.,"A",255,"D",.,"A",.,"A"
"20115",2336803,51,0,"1",.,"A",.,"A",.,"A",.,"A",.,"A",.,"A",.,"A",.,"A",.,"A",.,"A",.,"A",.,"A",.,"A",.,"A",.,"A"
"20115",2336863,54,0,"1",.,"A",.,"A",.,"A",30,"D",.,"A",.,"A",390,"D",.,"A",36,"D",.,"A",.,"A",.,"A",60,"D",.,"A",.,"A"
"20115",2336873,31,0,"1",.,"A",.,"A",.,"A",55,"D",.,"A",.,"A",.,"A",.,"A",.,"A",630,"D",0,"D",66,"D",550,"D",210,"D",330,"D"
"20115",2336913,48,0,"1",.,"A",.,"A",.,"A",.,"A",.,"A",.,"A",.,"A",.,"A",.,"A",.,"A",.,"A",.,"A",180,"D",.,"A",.,"A"
"20115",2336924,50,0,"1",103,"D",.,"A",.,"A",.,"A",281,"D",.,"A",.,"A",.,"A",36,"D",60,"D",0,"D",0,"D",160,"D",20,"D",.,"A"
"20115",2336933,36,0,"1",.,"A",.,"A",.,"A",.,"A",.,"A",.,"A",.,"A",.,"A",.,"A",.,"A",.,"A",.,"A",.,"A",.,"A",.,"A"
"20115",2336953,48,0,"1",.,"A",.,"A",.,"A",.,"A",.,"A",.,"A",.,"A",.,"A",.,"A",.,"A",.,"A",.,"A",.,"A",.,"A",.,"A"
"20115",2336983,65,0,"1",.,"A",.,"A",.,"A",.,"A",.,"A",.,"A",.,"A",.,"A",.,"A",.,"A",.,"A",.,"A",240,"D",.,"A",.,"A"
"20115",2336993,26,0,"1",.,"A",.,"A",.,"A",.,"A",.,"A",.,"A",.,"A",.,"A",.,"A",0,"D",0,"D",60,"D",.,"A",0,"D",.,"A"
"20115",2337003,104,0,"1",.,"A",.,"A",.,"A",.,"A",.,"A",.,"A",.,"A",.,"A",.,"A",.,"A",.,"A",.,"A",.,"A",.,"A",.,"A"
"20115",2337023,38,0,"1",.,"A",.,"A",.,"A",.,"A",.,"A",.,"A",.,"A",.,"A",.,"A",.,"A",.,"A",.,"A",.,"A",.,"A",.,"A"
"20115",2337063,62,0,"1",.,"A",.,"A",.,"A",.,"A",.,"A",.,"A",.,"A",.,"A",.,"A",.,"A",.,"A",.,"A",70,"D",.,"A",.,"A"
"20115",2337083,83,0,"1",.,"A",.,"A",.,"A",.,"A",.,"A",.,"A",.,"A",.,"A",.,"A",.,"A",.,"A",.,"A",45,"D",.,"A",.,"A"
"20115",2337123,70,0,"1",.,"A",.,"A",.,"A",.,"A",.,"A",.,"A",.,"A",.,"A",.,"A",.,"A",.,"A",.,"A",.,"A",.,"A",.,"A"
"20115",2337174,36,0,"1",.,"A",.,"A",.,"A",.,"A",.,"A",.,"A",.,"A",260,"D",.,"A",.,"A",.,"A",.,"A",12,"D",.,"A",.,"A"
"20115",2337203,60,0,"1",.,"A",.,"A",.,"A",.,"A",.,"A",30,"D",.,"A",.,"A",42,"D",.,"A",.,"A",.,"A",.,"A",.,"A",.,"A"
"20115",2337233,38,0,"1",.,"A",.,"A",.,"A",.,"A",240,"D",.,"A",195,"D",.,"A",.,"A",.,"A",.,"A",.,"A",60,"D",.,"A",.,"A"
"20115",2337243,28,0,"1",.,"A",.,"A",.,"A",.,"A",.,"A",.,"A",546,"D",.,"A",.,"A",.,"A",.,"A",.,"A",40,"D",.,"A",.,"A"
"20115",2337273,55,0,"1",.,"A",.,"A",.,"A",.,"A",.,"A",.,"A",.,"A",.,"A",.,"A",.,"A",.,"A",.,"A",100,"D",.,"A",.,"A"
"20115",2337283,71,0,"1",.,"A",.,"A",.,"A",.,"A",.,"A",225,"D",.,"A",.,"A",.,"A",.,"A",.,"A",.,"A",525,"D",.,"A",.,"A"
"20115",2337293,36,0,"1",27,"D",.,"A",.,"A",.,"A",73,"D",.,"A",.,"A",.,"A",.,"A",.,"A",.,"A",.,"A",100,"D",.,"A",.,"A"
"20115",2337313,46,0,"1",.,"A",.,"A",.,"A",.,"A",.,"A",.,"A",.,"A",.,"A",.,"A",.,"A",.,"A",.,"A",20,"D",.,"A",.,"A"
"20115",2337343,61,0,"1",.,"A",.,"A",.,"A",.,"A",.,"A",.,"A",845,"D",.,"A",.,"A",.,"A",.,"A",.,"A",13,"D",.,"A",.,"A"
"20115",2337353,37,0,"1",.,"A",.,"A",.,"A",.,"A",.,"A",.,"A",.,"A",.,"A",.,"A",.,"A",.,"A",.,"A",.,"A",.,"A",.,"A"
"20115",2337363,60,0,"1",.,"A",.,"A",.,"A",.,"A",.,"A",.,"A",.,"A",.,"A",.,"A",.,"A",.,"A",.,"A",60,"D",.,"A",.,"A"
"20115",2337373,84,0,"1",.,"A",.,"A",.,"A",.,"A",.,"A",100,"D",.,"A",.,"A",.,"A",.,"A",.,"A",.,"A",195,"D",.,"A",.,"A"
"20115",2337383,28,0,"1",.,"A",.,"A",.,"A",.,"A",.,"A",.,"A",546,"D",.,"A",.,"A",.,"A",.,"A",.,"A",.,"A",.,"A",.,"A"
"20115",2337393,62,0,"1",.,"A",.,"A",.,"A",.,"A",.,"A",.,"A",.,"A",.,"A",.,"A",.,"A",.,"A",.,"A",15,"D",.,"A",.,"A"
"20115",2337423,45,0,"1",.,"A",.,"A",.,"A",.,"A",.,"A",.,"A",.,"A",.,"A",.,"A",.,"A",.,"A",.,"A",56,"D",.,"A",.,"A"
"20115",2337443,54,0,"1",.,"A",.,"A",.,"A",.,"A",15,"D",.,"A",.,"A",.,"A",.,"A",.,"A",.,"A",.,"A",45,"D",.,"A",.,"A"
"20115",2337463,58,0,"1",.,"A",.,"A",.,"A",.,"A",.,"A",.,"A",.,"A",.,"A",.,"A",.,"A",.,"A",.,"A",90,"D",.,"A",.,"A"
"20115",2337473,98,0,"1",.,"A",.,"A",.,"A",.,"A",.,"A",.,"A",.,"A",.,"A",.,"A",.,"A",.,"A",.,"A",15,"D",.,"A",.,"A"
"20115",2337484,25,0,"1",.,"A",.,"A",.,"A",.,"A",.,"A",.,"A",.,"A",.,"A",.,"A",.,"A",.,"A",.,"A",.,"A",.,"A",.,"A"
"20115",2337515,22,0,"1",.,"A",.,"A",.,"A",.,"A",.,"A",.,"A",.,"A",.,"A",.,"A",.,"A",.,"A",.,"A",.,"A",.,"A",.,"A"
"20115",2337523,57,0,"1",.,"A",.,"A",.,"A",.,"A",.,"A",.,"A",.,"A",.,"A",.,"A",.,"A",.,"A",.,"A",50,"D",.,"A",.,"A"
"20115",2337533,34,0,"1",70,"D",.,"A",.,"A",.,"A",155,"D",.,"A",.,"A",.,"A",.,"A",0,"D",0,"D",0,"D",24,"D",0,"D",.,"A"
"20115",2337543,33,0,"1",.,"A",.,"A",.,"A",.,"A",120,"D",.,"A",.,"A",.,"A",.,"A",.,"A",.,"A",.,"A",.,"A",.,"A",.,"A"
"20115",2337553,43,0,"1",.,"A",.,"A",.,"A",.,"A",45,"D",.,"A",1300,"D",.,"A",.,"A",.,"A",.,"A",.,"A",8,"D",.,"A",.,"A"
"20115",2337573,32,0,"1",.,"A",.,"A",.,"A",.,"A",.,"A",.,"A",195,"D",.,"A",.,"A",.,"A",.,"A",.,"A",.,"A",.,"A",.,"A"
"20115",2337583,27,0,"1",.,"A",.,"A",.,"A",.,"A",95,"D",.,"A",.,"A",.,"A",.,"A",.,"A",.,"A",.,"A",.,"A",.,"A",.,"A"
"20115",2337623,61,0,"1",.,"A",.,"A",.,"A",.,"A",.,"A",.,"A",455,"D",.,"A",.,"A",.,"A",.,"A",.,"A",110,"D",.,"A",.,"A"
"20115",2337683,64,0,"1",.,"A",.,"A",35,"D",.,"A",.,"A",30,"D",.,"A",.,"A",.,"A",.,"A",.,"A",.,"A",42,"D",.,"A",.,"A"
"20115",2337695,25,0,"1",.,"A",.,"A",.,"A",.,"A",.,"A",.,"A",.,"A",.,"A",.,"A",.,"A",.,"A",.,"A",40,"D",.,"A",.,"A"
"20115",2337703,42,0,"1",.,"A",.,"A",.,"A",.,"A",.,"A",18,"D",.,"A",.,"A",.,"A",.,"A",.,"A",.,"A",43,"D",.,"A",.,"A"
"20115",2337713,31,0,"1",.,"A",.,"A",.,"A",.,"A",.,"A",.,"A",.,"A",.,"A",.,"A",.,"A",.,"A",.,"A",.,"A",.,"A",.,"A"
"20115",2337725,25,0,"1",.,"A",.,"A",.,"A",.,"A",60,"D",.,"A",.,"A",.,"A",.,"A",120,"D",0,"D",120,"D",30,"D",40,"D",.,"A"
"20115",2337763,61,0,"1",.,"A",.,"A",.,"A",.,"A",.,"A",.,"A",455,"D",.,"A",.,"A",.,"A",.,"A",.,"A",.,"A",.,"A",.,"A"
"20115",2337783,76,0,"1",.,"A",.,"A",.,"A",.,"A",.,"A",.,"A",.,"A",.,"A",.,"A",.,"A",.,"A",.,"A",50,"D",.,"A",.,"A"
"20115",2337793,49,0,"1",.,"A",.,"A",.,"A",.,"A",.,"A",.,"A",.,"A",.,"A",.,"A",.,"A",.,"A",.,"A",60,"D",.,"A",.,"A"
"20115",2337843,41,0,"1",.,"A",.,"A",.,"A",.,"A",.,"A",.,"A",.,"A",.,"A",.,"A",.,"A",.,"A",.,"A",16,"D",.,"A",.,"A"
"20115",2337893,32,0,"1",.,"A",.,"A",.,"A",.,"A",20,"D",.,"A",.,"A",.,"A",.,"A",312,"D",0,"D",0,"D",300,"D",104,"D",.,"A"
"20115",2337933,30,0,"1",.,"A",.,"A",.,"A",.,"A",.,"A",.,"A",.,"A",.,"A",.,"A",.,"A",.,"A",.,"A",12,"D",.,"A",.,"A"
"20115",2337943,37,0,"1",.,"A",.,"A",.,"A",.,"A",.,"A",.,"A",.,"A",.,"A",.,"A",.,"A",.,"A",.,"A",.,"A",.,"A",.,"A"
"20115",2337963,63,0,"1",.,"A",.,"A",.,"A",.,"A",.,"A",.,"A",.,"A",.,"A",.,"A",.,"A",.,"A",.,"A",75,"D",.,"A",.,"A"
"20115",2337993,22,0,"1",.,"A",.,"A",.,"A",.,"A",.,"A",.,"A",.,"A",.,"A",.,"A",.,"A",.,"A",.,"A",.,"A",.,"A",.,"A"
"20115",2338013,56,0,"1",.,"A",.,"A",.,"A",.,"A",.,"A",.,"A",.,"A",.,"A",.,"A",.,"A",.,"A",.,"A",.,"A",.,"A",.,"A"
"20115",2338073,40,0,"1",.,"A",.,"A",.,"A",.,"A",.,"A",.,"A",.,"A",.,"A",.,"A",.,"A",.,"A",.,"A",17,"F",.,"A",.,"A"
"20115",2338093,55,0,"1",.,"A",.,"A",.,"A",.,"A",.,"A",.,"A",.,"A",.,"A",.,"A",.,"A",.,"A",.,"A",187,"D",.,"A",.,"A"
"20115",2338113,34,0,"1",.,"A",.,"A",.,"A",.,"A",.,"A",.,"A",.,"A",.,"A",.,"A",.,"A",.,"A",.,"A",32,"D",.,"A",.,"A"
"20115",2338134,48,0,"1",.,"A",.,"A",.,"A",.,"A",.,"A",.,"A",.,"A",.,"A",.,"A",.,"A",.,"A",.,"A",40,"D",.,"A",.,"A"
"20115",2338153,57,0,"1",.,"A",.,"A",.,"A",.,"A",.,"A",.,"A",.,"A",.,"A",.,"A",.,"A",.,"A",.,"A",40,"D",.,"A",.,"A"
"20115",2338163,59,0,"1",.,"A",50,"D",.,"A",.,"A",50,"D",90,"D",.,"A",.,"A",.,"A",.,"A",.,"A",.,"A",150,"D",.,"A",.,"A"
"20115",2338173,36,0,"1",.,"A",.,"A",.,"A",.,"A",.,"A",.,"A",.,"A",.,"A",.,"A",.,"A",.,"A",.,"A",.,"A",.,"A",.,"A"
"20115",2338203,61,0,"1",.,"A",.,"A",.,"A",.,"A",.,"A",30,"D",.,"A",130,"D",.,"A",.,"A",.,"A",.,"A",.,"A",.,"A",.,"A"
"20115",2338233,24,0,"1",.,"A",.,"A",.,"A",.,"A",40,"D",.,"A",.,"A",.,"A",.,"A",0,"D",0,"D",0,"D",.,"A",0,"D",.,"A"
"20115",2338243,62,0,"1",.,"A",.,"A",.,"A",.,"A",.,"A",.,"A",.,"A",.,"A",.,"A",.,"A",.,"A",.,"A",20,"D",.,"A",.,"A"
"20115",2338293,36,0,"1",.,"A",.,"A",.,"A",.,"A",.,"A",.,"A",.,"A",.,"A",.,"A",.,"A",.,"A",.,"A",150,"D",.,"A",.,"A"
"20115",2338303,27,0,"1",.,"A",.,"A",.,"A",.,"A",.,"A",.,"A",.,"A",.,"A",.,"A",.,"A",.,"A",.,"A",.,"A",.,"A",.,"A"
"20115",2338313,43,0,"1",.,"A",.,"A",.,"A",.,"A",.,"A",.,"A",.,"A",.,"A",.,"A",.,"A",.,"A",.,"A",120,"D",.,"A",.,"A"
"20115",2338333,47,0,"1",.,"A",.,"A",.,"A",.,"A",.,"A",70,"F",.,"A",.,"A",.,"A",.,"A",.,"A",.,"A",200,"F",.,"A",.,"A"
"20115",2338353,23,0,"1",.,"A",.,"A",.,"A",.,"A",.,"A",.,"A",.,"A",.,"A",.,"A",.,"A",.,"A",.,"A",.,"A",.,"A",.,"A"
"20115",2338374,23,0,"1",.,"A",.,"A",.,"A",.,"A",.,"A",.,"A",.,"A",.,"A",.,"A",.,"A",.,"A",.,"A",.,"A",.,"A",.,"A"
"20115",2338383,124,0,"1",.,"A",.,"A",.,"A",.,"A",.,"A",120,"D",.,"A",.,"A",.,"A",.,"A",.,"A",.,"A",250,"D",.,"A",.,"A"
"20115",2338403,41,0,"1",20,"D",.,"A",.,"A",.,"A",40,"D",.,"A",.,"A",.,"A",.,"A",.,"A",.,"A",.,"A",.,"A",.,"A",.,"A"
"20115",2338423,44,0,"1",.,"A",.,"A",.,"A",.,"A",.,"A",.,"A",65,"D",.,"A",.,"A",.,"A",.,"A",.,"A",.,"A",.,"A",.,"A"
"20115",2338443,40,0,"1",.,"A",.,"A",.,"A",.,"A",.,"A",.,"A",.,"A",.,"A",.,"A",.,"A",.,"A",.,"A",.,"A",.,"A",.,"A"
"20115",2338453,35,0,"1",.,"A",.,"A",.,"A",.,"A",.,"A",.,"A",.,"A",.,"A",.,"A",.,"A",.,"A",.,"A",.,"A",.,"A",.,"A"
"20115",2338463,47,0,"1",.,"A",.,"A",.,"A",.,"A",.,"A",.,"A",234,"D",.,"A",.,"A",.,"A",.,"A",.,"A",.,"A",.,"A",.,"A"
"20115",2338473,23,0,"1",.,"A",.,"A",.,"A",.,"A",2,"D",.,"A",.,"A",.,"A",.,"A",.,"A",.,"A",.,"A",35,"D",.,"A",.,"A"
"20115",2338493,35,0,"1",.,"A",.,"A",.,"A",.,"A",.,"A",.,"A",.,"A",.,"A",.,"A",.,"A",.,"A",.,"A",.,"A",.,"A",.,"A"
"20115",2338513,42,0,"1",.,"A",.,"A",.,"A",.,"A",.,"A",.,"A",.,"A",.,"A",.,"A",.,"A",.,"A",.,"A",.,"A",.,"A",.,"A"
"20115",2338523,55,0,"1",.,"A",.,"A",1,"D",.,"A",.,"A",.,"A",.,"A",.,"A",.,"A",.,"A",.,"A",.,"A",90,"D",.,"A",.,"A"
"20115",2338543,70,0,"1",.,"A",.,"A",.,"A",.,"A",.,"A",.,"A",.,"A",.,"A",225,"D",.,"A",.,"A",.,"A",100,"D",.,"A",.,"A"
"20115",2338583,56,0,"1",.,"A",.,"A",.,"A",.,"A",.,"A",.,"A",.,"A",.,"A",222,"D",180,"D",0,"D",0,"D",40,"D",60,"D",.,"A"
"20115",2338593,47,0,"1",.,"A",.,"A",.,"A",.,"A",.,"A",.,"A",455,"D",.,"A",.,"A",.,"A",.,"A",.,"A",36,"D",.,"A",.,"A"
"20115",2338623,38,0,"1",.,"A",.,"A",.,"A",.,"A",260,"D",.,"A",390,"D",.,"A",.,"A",.,"A",.,"A",.,"A",240,"D",.,"A",.,"A"
"20115",2338633,57,0,"1",.,"A",.,"A",.,"A",.,"A",.,"A",60,"D",.,"A",.,"A",.,"A",.,"A",.,"A",.,"A",90,"D",.,"A",.,"A"
"20115",2338643,68,0,"1",.,"A",.,"A",.,"A",.,"A",.,"A",.,"A",.,"A",.,"A",.,"A",.,"A",.,"A",.,"A",30,"D",.,"A",.,"A"
"20115",2338653,66,0,"1",.,"A",.,"A",.,"A",.,"A",.,"A",.,"A",.,"A",.,"A",.,"A",.,"A",.,"A",.,"A",27,"D",.,"A",.,"A"
"20115",2338673,39,0,"1",.,"A",.,"A",.,"A",.,"A",.,"A",.,"A",.,"A",.,"A",.,"A",.,"A",.,"A",.,"A",.,"A",.,"A",.,"A"
"20115",2338683,69,0,"1",.,"A",.,"A",.,"A",.,"A",.,"A",300,"D",.,"A",.,"A",.,"A",.,"A",.,"A",.,"A",375,"D",.,"A",.,"A"
"20115",2338693,30,0,"1",.,"A",.,"A",.,"A",.,"A",68,"F",.,"A",.,"A",.,"A",.,"A",.,"A",.,"A",.,"A",.,"A",.,"A",.,"A"
"20115",2338703,84,0,"1",.,"A",.,"A",.,"A",.,"A",.,"A",.,"A",195,"D",.,"A",.,"A",.,"A",.,"A",.,"A",0,"D",.,"A",.,"A"
"20115",2338713,32,0,"1",.,"A",.,"A",.,"A",.,"A",.,"A",.,"A",364,"D",.,"A",.,"A",.,"A",.,"A",.,"A",.,"A",.,"A",.,"A"
"20115",2338723,44,0,"1",.,"A",.,"A",.,"A",.,"A",.,"A",.,"A",.,"A",.,"A",.,"A",150,"D",0,"D",0,"D",100,"D",50,"D",.,"A"
"20115",2338753,43,0,"1",.,"A",.,"A",.,"A",.,"A",.,"A",.,"A",.,"A",.,"A",.,"A",.,"A",.,"A",.,"A",.,"A",.,"A",.,"A"
"20115",2338783,32,0,"1",.,"A",.,"A",.,"A",.,"A",.,"A",.,"A",.,"A",.,"A",.,"A",.,"A",.,"A",.,"A",.,"A",.,"A",.,"A"
"20115",2338813,37,0,"1",.,"A",.,"A",.,"A",.,"A",84,"D",.,"A",.,"A",130,"D",.,"A",.,"A",.,"A",.,"A",90,"D",.,"A",.,"A"
"20115",2338843,77,0,"1",.,"A",.,"A",.,"A",.,"A",.,"A",40,"D",.,"A",.,"A",.,"A",.,"A",.,"A",.,"A",250,"D",.,"A",.,"A"
"20115",2338853,48,0,"1",.,"A",.,"A",.,"A",.,"A",.,"A",.,"A",.,"A",.,"A",.,"A",.,"A",.,"A",.,"A",10,"F",.,"A",.,"A"
"20115",2338873,55,0,"1",.,"A",.,"A",.,"A",.,"A",.,"A",.,"A",.,"A",.,"A",.,"A",.,"A",.,"A",.,"A",20,"D",.,"A",.,"A"
"20115",2338883,42,0,"1",.,"A",.,"A",.,"A",.,"A",.,"A",.,"A",.,"A",.,"A",.,"A",.,"A",.,"A",.,"A",.,"A",.,"A",.,"A"
"20115",2338903,46,0,"1",.,"A",.,"A",.,"A",.,"A",.,"A",40,"D",.,"A",.,"A",30,"D",.,"A",.,"A",.,"A",75,"D",.,"A",.,"A"
"20115",2338923,73,0,"1",.,"A",.,"A",.,"A",.,"A",.,"A",.,"A",.,"A",.,"A",12,"D",.,"A",.,"A",.,"A",.,"A",.,"A",.,"A"
"20115",2338943,46,0,"1",.,"A",.,"A",.,"A",.,"A",.,"A",.,"A",.,"A",.,"A",30,"D",.,"A",.,"A",.,"A",45,"D",.,"A",.,"A"
"20115",2338953,43,0,"1",.,"A",.,"A",.,"A",.,"A",.,"A",35,"D",.,"A",.,"A",105,"D",.,"A",.,"A",.,"A",300,"D",.,"A",.,"A"
"20115",2338993,37,0,"1",.,"A",.,"A",.,"A",.,"A",.,"A",.,"A",.,"A",.,"A",.,"A",.,"A",.,"A",.,"A",.,"A",.,"A",.,"A"
"20115",2339023,54,0,"1",.,"A",.,"A",.,"A",.,"A",.,"A",.,"A",130,"F",.,"A",.,"A",.,"A",.,"A",.,"A",330,"D",.,"A",.,"A"
"20115",2339033,49,0,"1",.,"A",.,"A",.,"A",.,"A",.,"A",.,"A",.,"A",.,"A",.,"A",.,"A",.,"A",.,"A",10,"D",.,"A",.,"A"
"20115",2339053,47,0,"1",.,"A",.,"A",.,"A",.,"A",.,"A",120,"D",.,"A",.,"A",.,"A",.,"A",.,"A",.,"A",150,"D",.,"A",.,"A"
"20115",2339063,36,0,"1",.,"A",.,"A",.,"A",.,"A",.,"A",.,"A",.,"A",.,"A",.,"A",.,"A",.,"A",.,"A",.,"A",.,"A",.,"A"
"20115",2339093,54,0,"1",.,"A",.,"A",.,"A",.,"A",.,"A",.,"A",.,"A",.,"A",.,"A",.,"A",.,"A",.,"A",20,"D",.,"A",.,"A"
"20115",2339123,54,0,"1",.,"A",.,"A",.,"A",.,"A",.,"A",.,"A",312,"D",.,"A",.,"A",6,"D",0,"D",0,"D",210,"D",2,"D",.,"A"
"20115",2339134,24,0,"1",.,"A",.,"A",.,"A",.,"A",.,"A",.,"A",390,"D",.,"A",.,"A",.,"A",.,"A",.,"A",13,"D",.,"A",.,"A"
"20115",2339163,45,0,"1",.,"A",.,"A",.,"A",15,"D",.,"A",.,"A",130,"D",.,"A",.,"A",.,"A",.,"A",.,"A",.,"A",.,"A",.,"A"
"20115",2339173,55,0,"1",.,"A",.,"A",.,"A",.,"A",.,"A",.,"A",.,"A",.,"A",.,"A",.,"A",.,"A",.,"A",120,"D",.,"A",.,"A"
"20115",2339213,35,0,"1",.,"A",.,"A",.,"A",.,"A",.,"A",.,"A",.,"A",.,"A",.,"A",.,"A",.,"A",.,"A",25,"D",.,"A",.,"A"
"20115",2339243,23,0,"1",.,"A",.,"A",.,"A",.,"A",.,"A",.,"A",.,"A",.,"A",.,"A",.,"A",.,"A",.,"A",.,"A",.,"A",.,"A"
"20115",2339254,20,0,"1",.,"A",.,"A",.,"A",.,"A",120,"F",.,"A",.,"A",.,"A",.,"A",.,"A",.,"A",.,"A",.,"A",.,"A",.,"A"
"20115",2339263,47,0,"1",.,"A",.,"A",.,"A",.,"A",.,"A",.,"A",.,"A",.,"A",9,"D",.,"A",.,"A",.,"A",150,"F",.,"A",.,"A"
"20115",2339273,69,0,"1",10,"D",.,"A",.,"A",.,"A",70,"D",.,"A",.,"A",.,"A",3,"D",.,"A",.,"A",.,"A",32,"D",.,"A",.,"A"
"20115",2339294,43,0,"1",.,"A",.,"A",.,"A",.,"A",.,"A",.,"A",.,"A",.,"A",.,"A",.,"A",.,"A",.,"A",.,"A",.,"A",.,"A"
"20115",2339323,82,0,"1",.,"A",.,"A",.,"A",.,"A",.,"A",75,"D",.,"A",.,"A",.,"A",.,"A",.,"A",.,"A",270,"D",.,"A",.,"A"
"20115",2339333,46,0,"1",.,"A",.,"A",.,"A",.,"A",.,"A",.,"A",.,"A",.,"A",.,"A",.,"A",.,"A",.,"A",15,"D",.,"A",.,"A"
"20115",2339343,44,0,"1",.,"A",.,"A",.,"A",.,"A",.,"A",.,"A",.,"A",.,"A",.,"A",.,"A",.,"A",.,"A",40,"D",.,"A",.,"A"
"20115",2339363,35,0,"1",.,"A",.,"A",.,"A",.,"A",.,"A",.,"A",390,"D",.,"A",.,"A",.,"A",.,"A",.,"A",200,"D",.,"A",.,"A"
"20115",2339403,46,0,"1",.,"A",.,"A",.,"A",.,"A",.,"A",.,"A",.,"A",.,"A",.,"A",.,"A",.,"A",.,"A",.,"A",.,"A",.,"A"
"20115",2339415,42,0,"1",.,"A",.,"A",.,"A",.,"A",.,"A",.,"A",.,"A",.,"A",.,"A",.,"A",.,"A",.,"A",.,"A",.,"A",.,"A"
"20115",2339453,35,0,"1",.,"A",.,"A",.,"A",.,"A",.,"A",.,"A",.,"A",.,"A",.,"A",.,"A",.,"A",.,"A",.,"A",.,"A",.,"A"
"20115",2339493,36,0,"1",.,"A",.,"A",.,"A",.,"A",.,"A",.,"A",.,"A",.,"A",.,"A",.,"A",.,"A",.,"A",60,"D",.,"A",.,"A"
"20115",2339503,51,0,"1",.,"A",.,"A",.,"A",.,"A",.,"A",.,"A",.,"A",.,"A",.,"A",.,"A",.,"A",.,"A",52,"D",.,"A",.,"A"
"20115",2339583,86,0,"1",.,"A",.,"A",.,"A",.,"A",.,"A",180,"D",.,"A",364,"D",.,"A",.,"A",.,"A",.,"A",.,"A",.,"A",.,"A"
"20115",2339643,43,0,"1",.,"A",.,"A",.,"A",.,"A",.,"A",.,"A",39,"D",.,"A",.,"A",.,"A",.,"A",.,"A",.,"A",.,"A",.,"A"
"20115",2339653,28,0,"1",.,"A",.,"A",.,"A",.,"A",.,"A",.,"A",.,"A",.,"A",.,"A",.,"A",.,"A",.,"A",15,"D",.,"A",.,"A"
"20115",2339683,64,0,"1",.,"A",.,"A",.,"A",.,"A",.,"A",80,"D",.,"A",.,"A",.,"A",.,"A",.,"A",.,"A",295,"D",.,"A",.,"A"
"20115",2339693,49,0,"1",.,"A",.,"A",.,"A",.,"A",.,"A",.,"A",.,"A",.,"A",.,"A",.,"A",.,"A",.,"A",200,"D",.,"A",.,"A"
"20115",2339723,28,0,"1",.,"A",.,"A",.,"A",.,"A",.,"A",.,"A",.,"A",.,"A",.,"A",.,"A",.,"A",.,"A",.,"A",.,"A",.,"A"
"20115",2339763,38,0,"1",.,"A",.,"A",.,"A",.,"A",.,"A",.,"A",.,"A",.,"A",.,"A",309,"D",0,"D",0,"D",.,"A",103,"D",.,"A"
"20115",2339793,36,0,"1",.,"A",.,"A",.,"A",.,"A",120,"D",.,"A",.,"A",.,"A",.,"A",.,"A",.,"A",.,"A",225,"D",.,"A",.,"A"
"20115",2339843,104,0,"1",.,"A",.,"A",.,"A",.,"A",.,"A",.,"A",.,"A",.,"A",.,"A",.,"A",.,"A",.,"A",97,"D",.,"A",.,"A"
"20115",2339853,46,0,"1",.,"A",.,"A",.,"A",30,"D",.,"A",90,"D",.,"A",.,"A",.,"A",240,"D",240,"D",0,"D",70,"D",80,"D",.,"A"
"20115",2339873,47,0,"1",.,"A",.,"A",.,"A",.,"A",.,"A",50,"D",.,"A",.,"A",.,"A",.,"A",.,"A",.,"A",100,"D",.,"A",.,"A"
"20115",2339913,29,0,"1",.,"A",.,"A",.,"A",.,"A",.,"A",.,"A",.,"A",.,"A",.,"A",.,"A",.,"A",.,"A",.,"A",.,"A",.,"A"
"20115",2339945,42,0,"1",.,"A",.,"A",.,"A",.,"A",.,"A",.,"A",.,"A",.,"A",.,"A",21,"D",21,"D",0,"D",40,"D",7,"D",.,"A"
"20115",2339953,27,0,"1",.,"A",.,"A",.,"A",.,"A",.,"A",.,"A",.,"A",.,"A",.,"A",.,"A",.,"A",.,"A",20,"D",.,"A",.,"A"
"20115",2339993,61,0,"1",.,"A",.,"A",15,"D",.,"A",.,"A",.,"A",.,"A",.,"A",.,"A",.,"A",.,"A",.,"A",90,"D",.,"A",.,"A"
"20115",2340005,30,0,"1",.,"A",.,"A",.,"A",.,"A",.,"A",.,"A",325,"D",.,"A",.,"A",.,"A",.,"A",.,"A",.,"A",.,"A",.,"A"
"20115",2340013,89,0,"1",.,"A",.,"A",.,"A",.,"A",.,"A",90,"D",.,"A",.,"A",6,"D",.,"A",.,"A",.,"A",150,"D",.,"A",.,"A"
"20115",2340063,30,0,"1",.,"A",.,"A",.,"A",.,"A",.,"A",.,"A",.,"A",.,"A",.,"A",0,"D",0,"D",30,"D",40,"D",0,"D",.,"A"
"20115",2340103,86,0,"1",.,"A",.,"A",.,"A",.,"A",.,"A",.,"A",.,"A",.,"A",.,"A",.,"A",.,"A",.,"A",400,"D",.,"A",.,"A"
"20115",2340113,69,0,"1",.,"A",.,"A",.,"A",.,"A",.,"A",.,"A",.,"A",.,"A",60,"D",.,"A",.,"A",.,"A",0,"D",.,"A",.,"A"
"20115",2340143,34,0,"1",.,"A",.,"A",.,"A",.,"A",.,"A",.,"A",.,"A",.,"A",.,"A",.,"A",.,"A",.,"A",.,"A",.,"A",.,"A"
"20115",2340183,34,0,"1",.,"A",.,"A",.,"A",.,"A",.,"A",.,"A",.,"A",.,"A",.,"A",.,"A",.,"A",.,"A",.,"A",.,"A",.,"A"
"20115",2340213,92,0,"1",.,"A",.,"A",.,"A",.,"A",.,"A",.,"A",.,"A",104,"D",.,"A",.,"A",.,"A",.,"A",50,"D",.,"A",.,"A"
"20115",2340223,34,0,"1",.,"A",.,"A",.,"A",.,"A",.,"A",.,"A",.,"A",.,"A",.,"A",.,"A",.,"A",.,"A",.,"A",.,"A",.,"A"
"20115",2340263,64,0,"1",.,"A",.,"A",.,"A",.,"A",.,"A",.,"A",.,"A",.,"A",.,"A",.,"A",.,"A",.,"A",.,"A",.,"A",.,"A"
"20115",2340293,64,0,"1",.,"A",.,"A",.,"A",.,"A",.,"A",180,"D",.,"A",.,"A",.,"A",.,"A",.,"A",.,"A",100,"D",.,"A",.,"A"
"20115",2340305,32,0,"1",.,"A",.,"A",.,"A",.,"A",.,"A",.,"A",.,"A",.,"A",.,"A",.,"A",.,"A",.,"A",30,"D",.,"A",.,"A"
"20115",2340314,23,0,"1",.,"A",.,"A",.,"A",.,"A",.,"A",.,"A",.,"A",.,"A",.,"A",.,"A",.,"A",.,"A",.,"A",.,"A",.,"A"
"20115",2340343,27,0,"1",.,"A",.,"A",.,"A",.,"A",30,"D",.,"A",.,"A",.,"A",.,"A",225,"D",0,"D",120,"D",300,"D",75,"D",.,"A"
"20115",2340363,34,0,"1",.,"A",.,"A",.,"A",.,"A",130,"D",.,"A",338,"D",.,"A",15,"D",.,"A",.,"A",.,"A",.,"A",.,"A",.,"A"
"20115",2340373,62,0,"1",.,"A",.,"A",.,"A",.,"A",.,"A",75,"D",.,"A",.,"A",.,"A",.,"A",.,"A",.,"A",300,"D",.,"A",.,"A"
"20115",2340393,29,0,"1",.,"A",.,"A",.,"A",.,"A",60,"D",.,"A",.,"A",.,"A",.,"A",0,"D",0,"D",60,"D",.,"A",0,"D",.,"A"
"20115",2340403,34,0,"1",20,"D",.,"A",.,"A",.,"A",100,"D",.,"A",260,"D",.,"A",45,"D",.,"A",.,"A",.,"A",.,"A",.,"A",.,"A"
"20115",2340423,57,0,"1",.,"A",.,"A",.,"A",.,"A",.,"A",.,"A",.,"A",.,"A",.,"A",0,"D",0,"D",12,"D",60,"D",0,"D",.,"A"
"20115",2340443,19,0,"1",.,"A",.,"A",.,"A",.,"A",.,"A",.,"A",.,"A",.,"A",.,"A",.,"A",.,"A",.,"A",.,"A",.,"A",.,"A"
"20115",2340453,38,0,"1",.,"A",.,"A",.,"A",600,"D",.,"A",.,"A",.,"A",.,"A",.,"A",0,"D",0,"D",525,"D",450,"D",0,"D",.,"A"
"20115",2340463,52,0,"1",.,"A",.,"A",.,"A",.,"A",.,"A",.,"A",.,"A",.,"A",.,"A",.,"A",.,"A",.,"A",150,"D",.,"A",.,"A"
"20115",2340493,23,0,"1",30,"D",.,"A",.,"A",.,"A",210,"D",.,"A",104,"D",.,"A",.,"A",.,"A",.,"A",.,"A",.,"A",.,"A",.,"A"
"20115",2340533,48,0,"1",.,"A",.,"A",.,"A",.,"A",.,"A",.,"A",.,"A",.,"A",.,"A",.,"A",.,"A",.,"A",80,"D",.,"A",.,"A"
"20115",2340543,61,0,"1",.,"A",.,"A",35,"D",.,"A",.,"A",.,"A",.,"A",.,"A",.,"A",.,"A",.,"A",.,"A",45,"D",.,"A",.,"A"
"20115",2340573,34,0,"1",.,"A",.,"A",.,"A",.,"A",.,"A",.,"A",.,"A",390,"D",90,"D",.,"A",.,"A",.,"A",12,"D",.,"A",.,"A"
"20115",2340583,61,0,"1",.,"A",.,"A",.,"A",.,"A",.,"A",.,"A",.,"A",.,"A",60,"D",.,"A",.,"A",.,"A",240,"D",.,"A",.,"A"
"20115",2340593,44,0,"1",.,"A",.,"A",.,"A",.,"A",.,"A",.,"A",104,"D",.,"A",.,"A",.,"A",.,"A",.,"A",.,"A",.,"A",.,"A"
"20115",2340603,34,0,"1",.,"A",.,"A",.,"A",.,"A",.,"A",.,"A",.,"A",.,"A",.,"A",.,"A",.,"A",.,"A",15,"D",.,"A",.,"A"
"20115",2340623,45,0,"1",.,"A",.,"A",.,"A",.,"A",.,"A",.,"A",.,"A",.,"A",0,"D",.,"A",.,"A",.,"A",.,"A",.,"A",.,"A"
"20115",2340633,51,0,"1",.,"A",.,"A",.,"A",.,"A",.,"A",.,"A",.,"A",39,"D",.,"A",.,"A",.,"A",.,"A",50,"D",.,"A",.,"A"
"20115",2340653,41,0,"1",.,"A",.,"A",.,"A",.,"A",.,"A",.,"A",.,"A",.,"A",.,"A",.,"A",.,"A",.,"A",.,"A",.,"A",.,"A"
"20115",2340683,70,0,"1",.,"A",.,"A",.,"A",.,"A",.,"A",.,"A",.,"A",.,"A",.,"A",.,"A",.,"A",.,"A",150,"D",.,"A",.,"A"
"20115",2340723,65,0,"1",.,"A",.,"A",.,"A",.,"A",.,"A",.,"A",.,"A",.,"A",.,"A",.,"A",.,"A",.,"A",95,"D",.,"A",.,"A"
"20115",2340763,32,0,"1",.,"A",.,"A",.,"A",.,"A",20,"D",.,"A",.,"A",.,"A",.,"A",.,"A",.,"A",.,"A",30,"D",.,"A",.,"A"
"20115",2340773,60,0,"1",.,"A",.,"A",.,"A",.,"A",.,"A",.,"A",520,"D",.,"A",.,"A",.,"A",.,"A",.,"A",50,"D",.,"A",.,"A"
"20115",2340803,52,0,"1",.,"A",.,"A",.,"A",.,"A",.,"A",.,"A",455,"D",65,"D",75,"D",.,"A",.,"A",.,"A",.,"A",.,"A",.,"A"
"20115",2340843,44,0,"1",.,"A",.,"A",.,"A",.,"A",.,"A",150,"D",104,"D",.,"A",30,"D",.,"A",.,"A",.,"A",60,"D",.,"A",.,"A"
"20115",2340853,54,0,"1",.,"A",.,"A",.,"A",.,"A",.,"A",.,"A",.,"A",.,"A",105,"D",.,"A",.,"A",.,"A",38,"D",.,"A",.,"A"
"20115",2340913,36,0,"1",.,"A",.,"A",.,"A",.,"A",60,"D",30,"D",.,"A",.,"A",.,"A",.,"A",.,"A",.,"A",30,"D",.,"A",.,"A"
"20115",2340934,32,0,"1",.,"A",.,"A",.,"A",.,"A",.,"A",.,"A",.,"A",.,"A",15,"D",.,"A",.,"A",.,"A",55,"D",.,"A",.,"A"
"20115",2340943,44,0,"1",.,"A",.,"A",.,"A",.,"A",.,"A",.,"A",.,"A",.,"A",.,"A",.,"A",.,"A",.,"A",.,"A",.,"A",.,"A"
"20115",2340953,35,0,"1",.,"A",.,"A",.,"A",.,"A",.,"A",.,"A",.,"A",.,"A",.,"A",.,"A",.,"A",.,"A",.,"A",.,"A",.,"A"
"20115",2341003,46,0,"1",.,"A",.,"A",.,"A",.,"A",.,"A",.,"A",390,"D",.,"A",.,"A",.,"A",.,"A",.,"A",200,"D",.,"A",.,"A"
"20115",2341033,50,0,"1",.,"A",.,"A",.,"A",.,"A",.,"A",.,"A",.,"A",.,"A",.,"A",.,"A",.,"A",.,"A",180,"D",.,"A",.,"A"
"20115",2341043,48,0,"1",.,"A",.,"A",.,"A",.,"A",.,"A",.,"A",.,"A",975,"D",.,"A",.,"A",.,"A",.,"A",150,"D",.,"A",.,"A"
"20115",2341063,28,0,"1",.,"A",.,"A",.,"A",.,"A",.,"A",.,"A",.,"A",.,"A",9,"D",.,"A",.,"A",.,"A",200,"D",.,"A",.,"A"
"20115",2341074,59,0,"1",.,"A",.,"A",.,"A",.,"A",.,"A",50,"D",.,"A",.,"A",33,"D",.,"A",.,"A",.,"A",40,"D",.,"A",.,"A"
"20115",2341083,45,0,"1",.,"A",.,"A",.,"A",.,"A",.,"A",.,"A",390,"D",.,"A",.,"A",.,"A",.,"A",.,"A",200,"D",.,"A",.,"A"
"20115",2341093,32,0,"1",.,"A",.,"A",.,"A",.,"A",50,"D",.,"A",364,"D",.,"A",150,"D",0,"D",30,"D",0,"D",.,"A",0,"D",.,"A"
"20115",2341103,34,0,"1",.,"A",.,"A",.,"A",.,"A",.,"A",.,"A",.,"A",.,"A",.,"A",.,"A",.,"A",.,"A",.,"A",.,"A",.,"A"
"20115",2341113,26,0,"1",.,"A",.,"A",.,"A",.,"A",.,"A",.,"A",.,"A",.,"A",.,"A",.,"A",.,"A",.,"A",10,"D",.,"A",.,"A"
"20115",2341123,41,0,"1",.,"A",.,"A",.,"A",.,"A",.,"A",.,"A",.,"A",.,"A",.,"A",0,"D",0,"D",9,"D",.,"A",0,"D",.,"A"
"20115",2341133,59,0,"1",.,"A",.,"A",.,"A",.,"A",.,"A",.,"A",390,"D",.,"A",15,"D",.,"A",.,"A",.,"A",.,"A",.,"A",.,"A"
"20115",2341143,89,0,"1",.,"A",.,"A",.,"A",.,"A",.,"A",156,"D",.,"A",.,"A",60,"D",.,"A",.,"A",.,"A",28,"D",.,"A",.,"A"
"20115",2341163,65,0,"1",.,"A",.,"A",.,"A",.,"A",.,"A",100,"D",.,"A",.,"A",.,"A",.,"A",.,"A",.,"A",250,"D",.,"A",.,"A"
"20115",2341173,86,0,"1",.,"A",.,"A",.,"A",.,"A",.,"A",.,"A",.,"A",.,"A",.,"A",.,"A",.,"A",.,"A",60,"D",.,"A",.,"A"
"20115",2341223,42,0,"1",.,"A",.,"A",.,"A",.,"A",.,"A",.,"A",.,"A",.,"A",.,"A",0,"D",0,"D",150,"D",150,"D",0,"D",.,"A"
"20115",2341245,22,0,"1",.,"A",.,"A",.,"A",.,"A",.,"A",.,"A",.,"A",.,"A",.,"A",.,"A",.,"A",.,"A",.,"A",.,"A",.,"A"
"20115",2341253,66,0,"1",.,"A",.,"A",.,"A",.,"A",.,"A",.,"A",.,"A",.,"A",.,"A",225,"D",12,"D",0,"D",12,"D",75,"D",.,"A"
"20115",2341263,30,0,"1",.,"A",.,"A",.,"A",.,"A",.,"A",.,"A",.,"A",.,"A",.,"A",.,"A",.,"A",.,"A",.,"A",.,"A",.,"A"
"20115",2341333,34,0,"1",.,"A",.,"A",.,"A",.,"A",.,"A",.,"A",.,"A",.,"A",.,"A",.,"A",.,"A",.,"A",.,"A",.,"A",.,"A"
"20115",2341353,45,0,"1",.,"A",.,"A",.,"A",.,"A",.,"A",.,"A",.,"A",.,"A",.,"A",.,"A",.,"A",.,"A",150,"D",.,"A",.,"A"
"20115",2341363,20,0,"1",.,"A",.,"A",.,"A",.,"A",.,"A",.,"A",.,"A",.,"A",.,"A",.,"A",.,"A",.,"A",.,"A",.,"A",.,"A"
"20115",2341373,34,0,"1",.,"A",.,"A",.,"A",.,"A",50,"D",58,"D",.,"A",.,"A",.,"A",.,"A",.,"A",.,"A",80,"D",.,"A",.,"A"
"20115",2341383,35,0,"1",.,"A",.,"A",.,"A",.,"A",.,"A",.,"A",.,"A",.,"A",.,"A",.,"A",.,"A",.,"A",.,"A",.,"A",.,"A"
"20115",2341403,47,0,"1",.,"A",.,"A",.,"A",.,"A",20,"D",.,"A",156,"D",.,"A",21,"D",.,"A",.,"A",.,"A",.,"A",.,"A",.,"A"
"20115",2341413,79,0,"1",.,"A",.,"A",.,"A",.,"A",.,"A",.,"A",.,"A",.,"A",.,"A",.,"A",.,"A",.,"A",35,"D",.,"A",.,"A"
"20115",2341443,32,0,"1",.,"A",.,"A",.,"A",.,"A",.,"A",.,"A",.,"A",.,"A",.,"A",.,"A",.,"A",.,"A",.,"A",.,"A",.,"A"
"20115",2341453,90,0,"1",.,"A",.,"A",.,"A",.,"A",.,"A",75,"D",.,"A",.,"A",.,"A",.,"A",.,"A",.,"A",18,"D",.,"A",.,"A"
"20115",2341463,38,0,"1",.,"A",.,"A",.,"A",.,"A",.,"A",.,"A",.,"A",.,"A",.,"A",.,"A",.,"A",.,"A",.,"A",.,"A",.,"A"
"20115",2341473,45,0,"1",.,"A",.,"A",.,"A",.,"A",.,"A",.,"A",.,"A",.,"A",.,"A",.,"A",.,"A",.,"A",20,"D",.,"A",.,"A"
"20115",2341483,39,0,"1",.,"A",.,"A",.,"A",.,"A",.,"A",.,"A",195,"D",.,"A",.,"A",.,"A",.,"A",.,"A",.,"A",.,"A",.,"A"
"20115",2341495,42,0,"1",10,"D",.,"A",.,"A",.,"A",30,"D",.,"A",.,"A",.,"A",.,"A",.,"A",.,"A",.,"A",100,"D",.,"A",.,"A"
"20115",2341513,55,0,"1",.,"A",.,"A",.,"A",.,"A",.,"A",.,"A",390,"D",.,"A",.,"A",.,"A",.,"A",.,"A",30,"D",.,"A",.,"A"
"20115",2341553,38,0,"1",.,"A",.,"A",.,"A",.,"A",30,"D",.,"A",.,"A",.,"A",.,"A",.,"A",.,"A",.,"A",.,"A",.,"A",.,"A"
"20115",2341613,48,0,"1",.,"A",.,"A",.,"A",.,"A",.,"A",50,"D",.,"A",.,"A",.,"A",.,"A",.,"A",.,"A",300,"D",.,"A",.,"A"
"20115",2341623,71,0,"1",.,"A",.,"A",.,"A",.,"A",.,"A",.,"A",.,"A",.,"A",.,"A",.,"A",.,"A",.,"A",160,"D",.,"A",.,"A"
"20115",2341633,39,0,"1",.,"A",.,"A",.,"A",.,"A",.,"A",.,"A",.,"A",.,"A",.,"A",.,"A",.,"A",.,"A",14,"D",.,"A",.,"A"
"20115",2341643,35,0,"1",.,"A",.,"A",.,"A",.,"A",.,"A",.,"A",.,"A",.,"A",.,"A",.,"A",.,"A",.,"A",.,"A",.,"A",.,"A"
"20115",2341663,38,0,"1",.,"A",.,"A",.,"A",.,"A",.,"A",.,"A",.,"A",.,"A",.,"A",.,"A",.,"A",.,"A",.,"A",.,"A",.,"A"
"20115",2341713,61,0,"1",.,"A",.,"A",.,"A",.,"A",.,"A",75,"D",.,"A",.,"A",30,"D",510,"D",0,"D",0,"D",75,"D",170,"D",.,"A"
"20115",2341723,63,0,"1",.,"A",.,"A",.,"A",.,"A",.,"A",150,"D",.,"A",.,"A",.,"A",.,"A",.,"A",.,"A",180,"D",.,"A",.,"A"
"20115",2341733,50,0,"1",.,"A",.,"A",.,"A",.,"A",.,"A",.,"A",.,"A",.,"A",.,"A",.,"A",.,"A",.,"A",280,"D",.,"A",.,"A"
"20115",2341753,38,0,"1",.,"A",.,"A",.,"A",.,"A",.,"A",.,"A",182,"D",.,"A",.,"A",.,"A",.,"A",.,"A",10,"D",.,"A",.,"A"
"20115",2341853,58,0,"1",.,"A",.,"A",.,"A",.,"A",60,"D",.,"A",.,"A",.,"A",.,"A",.,"A",.,"A",.,"A",.,"A",.,"A",.,"A"
"20115",2341863,31,0,"1",.,"A",.,"A",.,"A",30,"D",80,"D",.,"A",.,"A",.,"A",.,"A",180,"D",0,"D",180,"D",20,"D",60,"D",.,"A"
"20115",2341913,42,0,"1",.,"A",.,"A",.,"A",.,"A",.,"A",.,"A",.,"A",.,"A",.,"A",.,"A",.,"A",.,"A",.,"A",.,"A",.,"A"
"20115",2341933,58,0,"1",.,"A",.,"A",.,"A",.,"A",.,"A",.,"A",.,"A",.,"A",.,"A",.,"A",.,"A",.,"A",130,"D",.,"A",.,"A"
"20115",2341943,43,0,"1",.,"A",.,"A",5,"D",.,"A",.,"A",.,"A",.,"A",.,"A",18,"D",.,"A",.,"A",.,"A",.,"A",.,"A",.,"A"
"20115",2341983,46,0,"1",.,"A",.,"A",.,"A",.,"A",.,"A",20,"D",.,"A",.,"A",.,"A",.,"A",.,"A",.,"A",330,"D",.,"A",.,"A"
"20115",2342013,29,0,"1",.,"A",.,"A",.,"A",.,"A",.,"A",.,"A",650,"D",.,"A",.,"A",.,"A",.,"A",.,"A",60,"D",.,"A",.,"A"
"20115",2342033,54,0,"1",.,"A",.,"A",.,"A",.,"A",.,"A",.,"A",.,"A",.,"A",.,"A",.,"A",.,"A",.,"A",.,"A",.,"A",.,"A"
"20115",2342043,38,0,"1",.,"A",.,"A",.,"A",.,"A",.,"A",.,"A",.,"A",.,"A",.,"A",.,"A",.,"A",.,"A",40,"D",.,"A",.,"A"
"20115",2342053,59,0,"1",.,"A",.,"A",.,"A",.,"A",.,"A",30,"D",.,"A",.,"A",.,"A",.,"A",.,"A",.,"A",160,"D",.,"A",.,"A"
"20115",2342133,32,0,"1",.,"A",.,"A",.,"A",.,"A",.,"A",.,"A",.,"A",.,"A",.,"A",.,"A",.,"A",.,"A",.,"A",.,"A",.,"A"
"20115",2342163,31,0,"1",.,"A",.,"A",.,"A",.,"A",32,"D",.,"A",.,"A",.,"A",.,"A",.,"A",.,"A",.,"A",28,"D",.,"A",.,"A"
"20115",2342183,69,0,"1",.,"A",.,"A",.,"A",.,"A",.,"A",15,"D",.,"A",.,"A",.,"A",.,"A",.,"A",.,"A",40,"D",.,"A",.,"A"
"20115",2342223,35,0,"1",.,"A",.,"A",.,"A",.,"A",.,"A",.,"A",.,"A",.,"A",.,"A",.,"A",.,"A",.,"A",.,"A",.,"A",.,"A"
"20115",2342263,96,0,"1",.,"A",.,"A",.,"A",.,"A",.,"A",105,"D",.,"A",.,"A",.,"A",0,"D",210,"D",0,"D",100,"D",0,"D",.,"A"
"20115",2342283,49,0,"1",.,"A",.,"A",.,"A",.,"A",.,"A",.,"A",.,"A",.,"A",.,"A",.,"A",.,"A",.,"A",.,"A",.,"A",.,"A"
"20115",2342313,41,0,"1",.,"A",.,"A",.,"A",5,"D",21,"D",.,"A",.,"A",.,"A",.,"A",0,"D",0,"D",135,"D",.,"A",0,"D",.,"A"
"20115",2342335,35,0,"1",.,"A",.,"A",.,"A",.,"A",5,"D",.,"A",.,"A",.,"A",.,"A",.,"A",.,"A",.,"A",.,"A",.,"A",.,"A"
"20115",2342353,29,0,"1",.,"A",.,"A",.,"A",.,"A",.,"A",.,"A",195,"D",.,"A",.,"A",.,"A",.,"A",.,"A",.,"A",.,"A",.,"A"
"20115",2342383,50,0,"1",.,"A",.,"A",.,"A",.,"A",.,"A",30,"D",.,"A",.,"A",.,"A",.,"A",.,"A",.,"A",150,"D",.,"A",.,"A"
"20115",2342393,25,0,"1",.,"A",.,"A",.,"A",.,"A",.,"A",.,"A",195,"D",.,"A",.,"A",.,"A",.,"A",.,"A",.,"A",.,"A",.,"A"
"20115",2342414,30,0,"1",.,"A",.,"A",.,"A",.,"A",.,"A",.,"A",.,"A",.,"A",.,"A",.,"A",.,"A",.,"A",.,"A",.,"A",.,"A"
"20115",2342423,40,0,"1",.,"A",.,"A",.,"A",.,"A",120,"D",.,"A",.,"A",.,"A",.,"A",.,"A",.,"A",.,"A",300,"D",.,"A",.,"A"
"20115",2342433,76,0,"1",.,"A",.,"A",45,"D",.,"A",.,"A",20,"D",.,"A",130,"D",75,"D",.,"A",.,"A",.,"A",20,"D",.,"A",.,"A"
"20115",2342453,62,0,"1",.,"A",.,"A",45,"D",.,"A",.,"A",25,"D",.,"A",.,"A",.,"A",.,"A",.,"A",.,"A",100,"D",.,"A",.,"A"
"20115",2342472,39,0,"1",.,"A",.,"A",.,"A",.,"A",.,"A",.,"A",.,"A",.,"A",.,"A",.,"A",.,"A",.,"A",.,"A",.,"A",.,"A"
"20115",2342482,42,0,"1",.,"A",.,"A",.,"A",.,"A",.,"A",.,"A",.,"A",.,"A",.,"A",.,"A",.,"A",.,"A",.,"A",.,"A",.,"A"
"20115",2342552,42,0,"1",.,"A",.,"A",.,"A",.,"A",120,"D",.,"A",.,"A",.,"A",.,"A",.,"A",.,"A",.,"A",.,"A",.,"A",.,"A"
"20115",2342562,85,0,"1",.,"A",.,"A",.,"A",.,"A",.,"A",.,"A",.,"A",.,"A",.,"A",.,"A",.,"A",.,"A",.,"A",.,"A",.,"A"
"20115",2342592,56,0,"1",.,"A",.,"A",.,"A",.,"A",.,"A",50,"D",.,"A",.,"A",.,"A",.,"A",.,"A",.,"A",300,"D",.,"A",.,"A"
"20115",2342632,33,0,"1",.,"A",.,"A",.,"A",.,"A",.,"A",45,"D",.,"A",.,"A",.,"A",.,"A",.,"A",.,"A",.,"A",.,"A",.,"A"
"20115",2342642,136,0,"1",.,"A",.,"A",.,"A",.,"A",.,"A",20,"D",.,"A",.,"A",48,"D",.,"A",.,"A",.,"A",105,"D",.,"A",.,"A"
"20115",2342652,52,0,"1",.,"A",.,"A",.,"A",.,"A",.,"A",.,"A",.,"A",.,"A",.,"A",.,"A",.,"A",.,"A",160,"D",.,"A",.,"A"
"20115",2342675,43,0,"1",.,"A",.,"A",.,"A",.,"A",.,"A",.,"A",.,"A",.,"A",.,"A",.,"A",.,"A",.,"A",40,"D",.,"A",.,"A"
"20115",2342682,40,0,"1",.,"A",.,"A",.,"A",.,"A",.,"A",.,"A",.,"A",.,"A",.,"A",.,"A",.,"A",.,"A",.,"A",.,"A",.,"A"
"20115",2342702,72,0,"1",.,"A",.,"A",.,"A",.,"A",.,"A",300,"D",130,"D",.,"A",.,"A",.,"A",.,"A",.,"A",240,"D",.,"A",.,"A"
"20115",2342712,68,0,"1",.,"A",.,"A",.,"A",.,"A",.,"A",.,"A",.,"A",.,"A",.,"A",.,"A",.,"A",.,"A",330,"D",.,"A",.,"A"
"20115",2342723,54,0,"1",.,"A",.,"A",.,"A",.,"A",.,"A",.,"A",.,"A",.,"A",.,"A",15,"D",0,"D",15,"D",53,"D",5,"D",.,"A"
"20115",2342732,52,0,"1",.,"A",.,"A",.,"A",.,"A",.,"A",60,"D",.,"A",.,"A",.,"A",.,"A",.,"A",.,"A",300,"D",.,"A",.,"A"
"20115",2342752,59,0,"1",.,"A",.,"A",.,"A",.,"A",.,"A",.,"A",.,"A",.,"A",.,"A",.,"A",.,"A",.,"A",.,"A",.,"A",.,"A"
"20115",2342762,62,0,"1",.,"A",.,"A",.,"A",.,"A",.,"A",.,"A",650,"D",.,"A",.,"A",.,"A",.,"A",.,"A",.,"A",.,"A",.,"A"
"20115",2342782,72,0,"1",.,"A",.,"A",.,"A",.,"A",.,"A",2,"D",.,"A",.,"A",.,"A",.,"A",.,"A",.,"A",20,"D",.,"A",.,"A"
"20115",2342802,38,0,"1",30,"D",.,"A",.,"A",.,"A",90,"D",.,"A",.,"A",.,"A",.,"A",.,"A",.,"A",.,"A",175,"D",.,"A",.,"A"
"20115",2342832,66,0,"1",.,"A",.,"A",.,"A",.,"A",.,"A",.,"A",.,"A",.,"A",.,"A",.,"A",.,"A",.,"A",107,"D",.,"A",.,"A"
"20115",2342852,28,0,"1",.,"A",.,"A",.,"A",.,"A",240,"D",.,"A",.,"A",.,"A",.,"A",.,"A",.,"A",.,"A",.,"A",.,"A",.,"A"
"20115",2342862,31,0,"1",.,"A",.,"A",.,"A",30,"D",.,"A",.,"A",468,"D",.,"A",.,"A",.,"A",.,"A",.,"A",.,"A",.,"A",.,"A"
"20115",2342874,65,0,"1",.,"A",.,"A",.,"A",.,"A",.,"A",.,"A",.,"A",.,"A",.,"A",0,"D",0,"D",0,"D",105,"D",0,"D",.,"A"
"20115",2342892,56,0,"1",.,"A",.,"A",.,"A",.,"A",.,"A",.,"A",.,"A",.,"A",.,"A",.,"A",.,"A",.,"A",.,"A",.,"A",.,"A"
"20115",2342902,88,0,"1",.,"A",.,"A",.,"A",.,"A",.,"A",300,"D",.,"A",.,"A",42,"D",.,"A",.,"A",.,"A",300,"D",.,"A",.,"A"
"20115",2342912,60,0,"1",.,"A",.,"A",.,"A",.,"A",.,"A",80,"D",.,"A",.,"A",.,"A",0,"D",75,"D",0,"D",60,"D",0,"D",.,"A"
"20115",2342942,37,0,"1",.,"A",.,"A",.,"A",.,"A",.,"A",.,"A",.,"A",.,"A",.,"A",.,"A",.,"A",.,"A",.,"A",.,"A",.,"A"
"20115",2342952,46,0,"1",.,"A",.,"A",.,"A",.,"A",.,"A",.,"A",.,"A",.,"A",.,"A",.,"A",.,"A",.,"A",60,"D",.,"A",.,"A"
"20115",2342992,23,0,"1",.,"A",.,"A",.,"A",.,"A",.,"A",.,"A",.,"A",.,"A",.,"A",.,"A",.,"A",.,"A",.,"A",.,"A",.,"A"
"20115",2343032,44,0,"1",.,"A",.,"A",.,"A",.,"A",.,"A",.,"A",.,"A",.,"A",.,"A",.,"A",.,"A",.,"A",.,"A",.,"A",.,"A"
"20115",2343092,30,0,"1",.,"A",.,"A",.,"A",.,"A",.,"A",.,"A",39,"D",.,"A",.,"A",.,"A",.,"A",.,"A",.,"A",.,"A",.,"A"
"20115",2343112,38,0,"1",.,"A",30,"D",.,"A",.,"A",.,"A",0,"D",.,"A",.,"A",.,"A",.,"A",.,"A",.,"A",40,"D",.,"A",.,"A"
"20115",2343125,47,0,"1",.,"A",.,"A",.,"A",.,"A",.,"A",.,"A",.,"A",.,"A",.,"A",.,"A",.,"A",.,"A",360,"D",.,"A",.,"A"
"20115",2343132,27,0,"1",.,"A",.,"A",.,"A",.,"A",10,"D",.,"A",.,"A",.,"A",.,"A",.,"A",.,"A",.,"A",.,"A",.,"A",.,"A"
"20115",2343142,56,0,"1",.,"A",.,"A",.,"A",.,"A",128,"D",.,"A",2171,"D",.,"A",.,"A",.,"A",.,"A",.,"A",80,"D",.,"A",.,"A"
"20115",2343152,56,0,"1",.,"A",.,"A",.,"A",.,"A",.,"A",.,"A",.,"A",.,"A",.,"A",.,"A",.,"A",.,"A",70,"D",.,"A",.,"A"
"20115",2343174,42,0,"1",.,"A",.,"A",.,"A",.,"A",120,"D",.,"A",.,"A",.,"A",.,"A",.,"A",.,"A",.,"A",20,"D",.,"A",.,"A"
"20115",2343182,57,0,"1",.,"A",.,"A",.,"A",.,"A",20,"D",.,"A",260,"D",.,"A",.,"A",.,"A",.,"A",.,"A",.,"A",.,"A",.,"A"
"20115",2343192,41,0,"1",6,"D",.,"A",.,"A",.,"A",122,"D",.,"A",156,"D",.,"A",.,"A",.,"A",.,"A",.,"A",.,"A",.,"A",.,"A"
"20115",2343204,37,0,"1",.,"A",.,"A",.,"A",.,"A",.,"A",.,"A",.,"A",.,"A",.,"A",.,"A",.,"A",.,"A",.,"A",.,"A",.,"A"
"20115",2343222,47,0,"1",.,"A",.,"A",.,"A",.,"A",.,"A",.,"A",.,"A",.,"A",.,"A",.,"A",.,"A",.,"A",60,"D",.,"A",.,"A"
"20115",2343242,25,0,"1",.,"A",.,"A",.,"A",.,"A",.,"A",.,"A",.,"A",.,"A",.,"A",.,"A",.,"A",.,"A",75,"D",.,"A",.,"A"
"20115",2343252,41,0,"1",.,"A",.,"A",.,"A",.,"A",.,"A",.,"A",.,"A",.,"A",.,"A",.,"A",.,"A",.,"A",.,"A",.,"A",.,"A"
"20115",2343272,26,0,"1",.,"A",.,"A",.,"A",.,"A",75,"D",.,"A",.,"A",.,"A",.,"A",300,"D",0,"D",0,"D",.,"A",100,"D",300,"D"
"20115",2343282,59,0,"1",.,"A",.,"A",.,"A",.,"A",.,"A",.,"A",.,"A",.,"A",3,"D",.,"A",.,"A",.,"A",24,"D",.,"A",.,"A"
"20115",2343292,43,0,"1",.,"A",.,"A",.,"A",.,"A",.,"A",.,"A",156,"D",.,"A",.,"A",600,"D",0,"D",600,"D",140,"D",200,"D",.,"A"
"20115",2343302,35,0,"1",.,"A",.,"A",.,"A",.,"A",60,"D",7,"D",.,"A",.,"A",.,"A",0,"D",0,"D",120,"D",100,"D",0,"D",.,"A"
"20115",2343322,51,0,"1",.,"A",.,"A",.,"A",.,"A",.,"A",.,"A",520,"D",.,"A",.,"A",.,"A",.,"A",.,"A",.,"A",.,"A",.,"A"
"20115",2343342,65,0,"1",.,"A",.,"A",.,"A",.,"A",.,"A",.,"A",.,"A",.,"A",.,"A",.,"A",.,"A",.,"A",300,"D",.,"A",.,"A"
"20115",2343352,34,0,"1",8,"D",.,"A",.,"A",.,"A",17,"D",.,"A",.,"A",.,"A",.,"A",.,"A",.,"A",.,"A",.,"A",.,"A",.,"A"
"20115",2343362,52,0,"1",.,"A",.,"A",.,"A",.,"A",.,"A",.,"A",.,"A",.,"A",9,"D",.,"A",.,"A",.,"A",60,"D",.,"A",.,"A"
"20115",2343382,40,0,"1",.,"A",.,"A",.,"A",.,"A",.,"A",.,"A",390,"D",.,"A",.,"A",.,"A",.,"A",.,"A",40,"D",.,"A",.,"A"
"20115",2343392,34,0,"1",20,"D",.,"A",.,"A",.,"A",40,"D",.,"A",.,"A",.,"A",.,"A",.,"A",.,"A",.,"A",.,"A",.,"A",.,"A"
"20115",2343402,51,0,"1",.,"A",.,"A",.,"A",.,"A",.,"A",.,"A",.,"A",.,"A",.,"A",.,"A",.,"A",.,"A",40,"D",.,"A",.,"A"
"20115",2343412,53,0,"1",.,"A",.,"A",.,"A",.,"A",.,"A",50,"D",.,"A",.,"A",.,"A",.,"A",.,"A",.,"A",120,"D",.,"A",.,"A"
"20115",2343422,53,0,"1",.,"A",.,"A",.,"A",.,"A",.,"A",.,"A",.,"A",.,"A",.,"A",.,"A",.,"A",.,"A",60,"D",.,"A",.,"A"
"20115",2343442,64,0,"1",.,"A",.,"A",.,"A",.,"A",.,"A",.,"A",.,"A",.,"A",.,"A",.,"A",.,"A",.,"A",50,"D",.,"A",.,"A"
"20115",2343452,77,0,"1",.,"A",.,"A",.,"A",.,"A",.,"A",120,"D",455,"D",.,"A",.,"A",.,"A",.,"A",.,"A",450,"D",.,"A",.,"A"
"20115",2343472,44,0,"1",.,"A",.,"A",.,"A",.,"A",52,"D",.,"A",.,"A",.,"A",3,"D",.,"A",.,"A",.,"A",40,"D",.,"A",.,"A"
"20115",2343482,86,0,"1",.,"A",.,"A",.,"A",.,"A",.,"A",.,"A",.,"A",.,"A",.,"A",.,"A",.,"A",.,"A",50,"D",.,"A",.,"A"
"20115",2343532,42,0,"1",.,"A",.,"A",.,"A",.,"A",.,"A",.,"A",390,"D",.,"A",.,"A",.,"A",.,"A",.,"A",40,"D",.,"A",.,"A"
"20115",2343542,30,0,"1",.,"A",.,"A",.,"A",.,"A",.,"A",.,"A",.,"A",.,"A",.,"A",.,"A",.,"A",.,"A",.,"A",.,"A",.,"A"
"20115",2343552,28,0,"1",.,"A",.,"A",.,"A",.,"A",200,"D",.,"A",65,"D",.,"A",.,"A",.,"A",.,"A",.,"A",.,"A",.,"A",.,"A"
"20115",2343585,29,0,"1",.,"A",.,"A",.,"A",200,"D",150,"D",100,"D",650,"D",.,"A",.,"A",.,"A",.,"A",.,"A",300,"D",.,"A",.,"A"
"20115",2343592,43,0,"1",.,"A",.,"A",.,"A",.,"A",.,"A",.,"A",.,"A",.,"A",.,"A",.,"A",.,"A",.,"A",.,"A",.,"A",.,"A"
"20115",2343602,63,0,"1",.,"A",.,"A",.,"A",.,"A",.,"A",80,"D",.,"A",.,"A",.,"A",.,"A",.,"A",.,"A",60,"D",.,"A",.,"A"
"20115",2343642,73,0,"1",.,"A",.,"A",.,"A",.,"A",.,"A",15,"D",.,"A",.,"A",.,"A",.,"A",.,"A",.,"A",400,"D",.,"A",.,"A"
"20115",2343652,38,0,"1",.,"A",.,"A",.,"A",.,"A",.,"A",.,"A",.,"A",.,"A",.,"A",.,"A",.,"A",.,"A",.,"A",.,"A",.,"A"
"20115",2343662,69,0,"1",.,"A",.,"A",.,"A",.,"A",.,"A",12,"D",.,"A",.,"A",.,"A",.,"A",.,"A",.,"A",72,"D",.,"A",.,"A"
"20115",2343682,23,0,"1",.,"A",.,"A",.,"A",.,"A",.,"A",.,"A",.,"A",.,"A",.,"A",.,"A",.,"A",.,"A",.,"A",.,"A",.,"A"
"20115",2343695,37,0,"1",.,"A",.,"A",.,"A",.,"A",.,"A",.,"A",.,"A",.,"A",15,"D",.,"A",.,"A",.,"A",160,"D",.,"A",.,"A"
"20115",2343712,52,0,"1",.,"A",.,"A",.,"A",.,"A",.,"A",.,"A",.,"A",.,"A",.,"A",.,"A",.,"A",.,"A",.,"A",.,"A",.,"A"
"20115",2343732,51,0,"1",.,"A",.,"A",.,"A",.,"A",.,"A",.,"A",.,"A",.,"A",.,"A",.,"A",.,"A",.,"A",.,"A",.,"A",.,"A"
"20115",2343742,45,0,"1",.,"A",.,"A",.,"A",.,"A",.,"A",40,"D",.,"A",.,"A",.,"A",.,"A",.,"A",.,"A",120,"D",.,"A",.,"A"
"20115",2343772,47,0,"1",.,"A",.,"A",.,"A",.,"A",.,"A",20,"D",182,"F",.,"A",.,"A",.,"A",.,"A",.,"A",30,"D",.,"A",.,"A"
"20115",2343785,32,0,"1",.,"A",.,"A",.,"A",.,"A",.,"A",.,"A",.,"A",.,"A",15,"D",.,"A",.,"A",.,"A",.,"A",.,"A",.,"A"
"20115",2343802,58,0,"1",.,"A",.,"A",.,"A",.,"A",300,"D",.,"A",455,"D",416,"D",90,"D",.,"A",.,"A",.,"A",.,"A",.,"A",.,"A"
"20115",2343832,45,0,"1",.,"A",.,"A",.,"A",.,"A",.,"A",.,"A",520,"D",.,"A",.,"A",.,"A",.,"A",.,"A",30,"D",.,"A",.,"A"
"20115",2343852,67,0,"1",.,"A",.,"A",.,"A",.,"A",.,"A",.,"A",910,"D",.,"A",36,"D",.,"A",.,"A",.,"A",.,"A",.,"A",.,"A"
"20115",2343862,32,0,"1",30,"D",.,"A",.,"A",.,"A",30,"D",.,"A",.,"A",.,"A",.,"A",.,"A",.,"A",.,"A",.,"A",.,"A",.,"A"
"20115",2343882,22,0,"1",.,"A",.,"A",.,"A",.,"A",.,"A",.,"A",.,"A",.,"A",.,"A",.,"A",.,"A",.,"A",.,"A",.,"A",.,"A"
"20115",2343892,22,0,"1",.,"A",.,"A",.,"A",.,"A",.,"A",.,"A",.,"A",.,"A",.,"A",.,"A",.,"A",.,"A",150,"D",.,"A",.,"A"
"20115",2343902,36,0,"1",.,"A",.,"A",.,"A",.,"A",.,"A",.,"A",.,"A",.,"A",.,"A",.,"A",.,"A",.,"A",.,"A",.,"A",.,"A"
"20115",2343942,52,0,"1",.,"A",.,"A",.,"A",.,"A",.,"A",.,"A",.,"A",.,"A",.,"A",.,"A",.,"A",.,"A",.,"A",.,"A",.,"A"
"20115",2343952,40,0,"1",.,"A",.,"A",.,"A",.,"A",.,"A",.,"A",156,"D",.,"A",.,"A",.,"A",.,"A",.,"A",.,"A",.,"A",.,"A"
"20115",2343962,57,0,"1",.,"A",.,"A",.,"A",.,"A",.,"A",.,"A",.,"A",.,"A",30,"D",.,"A",.,"A",.,"A",20,"D",.,"A",.,"A"
"20115",2343972,35,0,"1",.,"A",.,"A",.,"A",.,"A",35,"D",.,"A",.,"A",.,"A",.,"A",.,"A",.,"A",.,"A",.,"A",.,"A",.,"A"
"20115",2344002,68,0,"1",.,"A",.,"A",.,"A",.,"A",.,"A",.,"A",455,"D",.,"A",.,"A",.,"A",.,"A",.,"A",.,"A",.,"A",.,"A"
"20115",2344012,24,0,"1",.,"A",.,"A",.,"A",80,"D",.,"A",.,"A",.,"A",.,"A",.,"A",.,"A",.,"A",.,"A",.,"A",.,"A",.,"A"
"20115",2344042,39,0,"1",.,"A",.,"A",.,"A",.,"A",200,"D",.,"A",.,"A",.,"A",.,"A",.,"A",.,"A",.,"A",38,"D",.,"A",.,"A"
"20115",2344052,49,0,"1",.,"A",.,"A",.,"A",.,"A",.,"A",.,"A",.,"A",.,"A",.,"A",.,"A",.,"A",.,"A",25,"D",.,"A",.,"A"
"20115",2344082,85,0,"1",.,"A",.,"A",.,"A",.,"A",.,"A",.,"A",.,"A",.,"A",15,"D",.,"A",.,"A",.,"A",220,"D",.,"A",.,"A"
"20115",2344092,82,0,"1",.,"A",.,"A",.,"A",.,"A",.,"A",.,"A",208,"D",.,"A",.,"A",.,"A",.,"A",.,"A",75,"D",.,"A",.,"A"
"20115",2344102,38,0,"1",.,"A",.,"A",.,"A",.,"A",.,"A",.,"A",.,"A",.,"A",.,"A",.,"A",.,"A",.,"A",45,"D",.,"A",.,"A"
"20115",2344122,26,0,"1",.,"A",.,"A",.,"A",.,"A",30,"D",.,"A",.,"A",.,"A",.,"A",.,"A",.,"A",.,"A",.,"A",.,"A",.,"A"
"20115",2344142,34,0,"1",.,"A",.,"A",.,"A",.,"A",.,"A",.,"A",.,"A",.,"A",.,"A",.,"A",.,"A",.,"A",.,"A",.,"A",.,"A"
"20115",2344152,40,0,"1",.,"A",.,"A",.,"A",.,"A",.,"A",.,"A",.,"A",.,"A",.,"A",.,"A",.,"A",.,"A",150,"D",.,"A",.,"A"
"20115",2344162,68,0,"1",.,"A",.,"A",38,"D",.,"A",.,"A",.,"A",65,"D",.,"A",69,"D",.,"A",.,"A",.,"A",232,"D",.,"A",.,"A"
"20115",2344184,29,0,"1",.,"A",.,"A",.,"A",.,"A",75,"D",.,"A",546,"D",.,"A",.,"A",.,"A",.,"A",.,"A",60,"D",.,"A",.,"A"
"20115",2344192,55,0,"1",.,"A",.,"A",.,"A",.,"A",.,"A",.,"A",.,"A",.,"A",.,"A",.,"A",.,"A",.,"A",36,"D",.,"A",.,"A"
"20115",2344212,63,0,"1",.,"A",.,"A",.,"A",.,"A",.,"A",.,"A",.,"A",.,"A",.,"A",.,"A",.,"A",.,"A",21,"D",.,"A",.,"A"
"20115",2344242,38,0,"1",.,"A",.,"A",.,"A",.,"A",.,"A",.,"A",585,"D",.,"A",.,"A",.,"A",.,"A",.,"A",30,"D",.,"A",.,"A"
"20115",2344292,33,0,"1",.,"A",.,"A",.,"A",.,"A",.,"A",.,"A",.,"A",.,"A",.,"A",.,"A",.,"A",.,"A",.,"A",.,"A",.,"A"
"20115",2344312,73,0,"1",.,"A",.,"A",.,"A",.,"A",.,"A",.,"A",182,"D",.,"A",.,"A",.,"A",.,"A",.,"A",72,"D",.,"A",.,"A"
"20115",2344332,54,0,"1",.,"A",.,"A",.,"A",.,"A",.,"A",.,"A",.,"A",.,"A",.,"A",.,"A",.,"A",.,"A",.,"A",.,"A",.,"A"
"20115",2344342,56,0,"1",.,"A",.,"A",.,"A",.,"A",.,"A",.,"A",130,"D",.,"A",.,"A",.,"A",.,"A",.,"A",10,"D",.,"A",.,"A"
"20115",2344352,31,0,"1",.,"A",.,"A",.,"A",.,"A",.,"A",53,"D",.,"A",.,"A",.,"A",.,"A",.,"A",.,"A",90,"D",.,"A",.,"A"
"20115",2344372,46,0,"1",.,"A",.,"A",.,"A",.,"A",.,"A",.,"A",.,"A",.,"A",.,"A",.,"A",.,"A",.,"A",45,"D",.,"A",.,"A"
"20115",2344392,45,0,"1",.,"A",.,"A",.,"A",.,"A",.,"A",.,"A",.,"A",.,"A",.,"A",.,"A",.,"A",.,"A",.,"A",.,"A",.,"A"
"20115",2344404,30,0,"1",.,"A",.,"A",.,"A",.,"A",.,"A",.,"A",.,"A",.,"A",.,"A",.,"A",.,"A",.,"A",.,"A",.,"A",.,"A"
"20115",2344452,35,0,"1",.,"A",.,"A",.,"A",.,"A",.,"A",.,"A",.,"A",.,"A",.,"A",.,"A",.,"A",.,"A",.,"A",.,"A",.,"A"
"20115",2344462,66,0,"1",.,"A",.,"A",20,"D",.,"A",.,"A",.,"A",.,"A",.,"A",.,"A",.,"A",.,"A",.,"A",.,"A",.,"A",.,"A"
"20115",2344472,53,0,"1",.,"A",.,"A",.,"A",.,"A",.,"A",.,"A",.,"A",.,"A",.,"A",.,"A",.,"A",.,"A",85,"D",.,"A",.,"A"
"20115",2344494,27,0,"1",.,"A",.,"A",.,"A",.,"A",120,"D",.,"A",195,"D",.,"A",.,"A",.,"A",.,"A",.,"A",10,"D",.,"A",.,"A"
"20115",2344542,43,0,"1",.,"A",.,"A",.,"A",.,"A",.,"A",.,"A",.,"A",.,"A",.,"A",.,"A",.,"A",.,"A",.,"A",.,"A",.,"A"
"20115",2344562,52,0,"1",.,"A",.,"A",.,"A",.,"A",.,"A",.,"A",.,"A",.,"A",.,"A",120,"D",0,"D",0,"D",200,"D",40,"D",.,"A"
"20115",2344572,46,0,"1",.,"A",.,"A",.,"A",1400,"D",.,"A",.,"A",.,"A",.,"A",.,"A",.,"A",.,"A",.,"A",.,"A",.,"A",.,"A"
"20115",2344602,34,0,"1",.,"A",.,"A",.,"A",.,"A",360,"D",.,"A",.,"A",.,"A",.,"A",0,"D",0,"D",60,"D",30,"D",0,"D",.,"A"
"20115",2344632,76,0,"1",.,"A",.,"A",.,"A",.,"A",.,"A",35,"D",.,"A",.,"A",.,"A",.,"A",.,"A",.,"A",120,"D",.,"A",.,"A"
"20115",2344662,30,0,"1",.,"A",.,"A",.,"A",.,"A",.,"A",.,"A",.,"A",.,"A",.,"A",.,"A",.,"A",.,"A",.,"A",.,"A",.,"A"
"20115",2344672,43,0,"1",.,"A",.,"A",.,"A",200,"D",.,"A",.,"A",.,"A",.,"A",.,"A",.,"A",.,"A",.,"A",.,"A",.,"A",.,"A"
"20115",2344682,26,0,"1",.,"A",.,"A",.,"A",.,"A",.,"A",.,"A",.,"A",.,"A",.,"A",.,"A",.,"A",.,"A",.,"A",.,"A",.,"A"
"20115",2344692,41,0,"1",.,"A",.,"A",.,"A",.,"A",.,"A",.,"A",.,"A",.,"A",.,"A",.,"A",.,"A",.,"A",140,"D",.,"A",.,"A"
"20115",2344712,27,0,"1",.,"A",.,"A",.,"A",.,"A",.,"A",.,"A",.,"A",.,"A",.,"A",.,"A",.,"A",.,"A",70,"D",.,"A",.,"A"
"20115",2344722,42,0,"1",.,"A",.,"A",.,"A",.,"A",.,"A",.,"A",.,"A",.,"A",.,"A",.,"A",.,"A",.,"A",.,"A",.,"A",.,"A"
"20115",2344792,37,0,"1",.,"A",.,"A",.,"A",.,"A",.,"A",.,"A",.,"A",.,"A",.,"A",.,"A",.,"A",.,"A",.,"A",.,"A",.,"A"
"20115",2344804,51,0,"1",.,"A",.,"A",.,"A",.,"A",.,"A",.,"A",13,"D",.,"A",.,"A",.,"A",.,"A",.,"A",15,"D",.,"A",.,"A"
"20115",2344812,50,0,"1",.,"A",.,"A",.,"A",.,"A",5,"D",10,"D",.,"A",.,"A",.,"A",192,"D",0,"D",192,"D",40,"F",64,"D",.,"A"
"20115",2344822,48,0,"1",.,"A",.,"A",.,"A",.,"A",.,"A",.,"A",.,"A",.,"A",.,"A",.,"A",.,"A",.,"A",.,"A",.,"A",.,"A"
"20115",2344832,83,0,"1",.,"A",.,"A",36,"D",.,"A",.,"A",.,"A",.,"A",.,"A",.,"A",.,"A",.,"A",.,"A",28,"D",.,"A",.,"A"
"20115",2344862,81,0,"1",.,"A",.,"A",.,"A",.,"A",.,"A",.,"A",.,"A",.,"A",9,"D",.,"A",.,"A",.,"A",50,"D",.,"A",.,"A"
"20115",2344895,31,0,"1",.,"A",.,"A",.,"A",.,"A",.,"A",.,"A",.,"A",.,"A",30,"D",.,"A",.,"A",.,"A",.,"A",.,"A",.,"A"
"20115",2344902,51,0,"1",.,"A",.,"A",.,"A",.,"A",.,"A",.,"A",1300,"D",.,"A",36,"D",.,"A",.,"A",.,"A",.,"A",.,"A",.,"A"
"20115",2344915,26,0,"1",.,"A",.,"A",.,"A",.,"A",30,"D",.,"A",.,"A",.,"A",.,"A",.,"A",.,"A",.,"A",.,"A",.,"A",.,"A"
"20115",2344922,47,0,"1",.,"A",.,"A",.,"A",.,"A",.,"A",.,"A",.,"A",.,"A",.,"A",.,"A",.,"A",.,"A",210,"D",.,"A",.,"A"
"20115",2344932,35,0,"1",.,"A",.,"A",8,"D",.,"A",.,"A",.,"A",.,"A",.,"A",.,"A",.,"A",.,"A",.,"A",.,"A",.,"A",.,"A"
"20115",2344942,28,0,"1",.,"A",.,"A",.,"A",.,"A",.,"A",.,"A",.,"A",.,"A",.,"A",.,"A",.,"A",.,"A",28,"D",.,"A",.,"A"
"20115",2344952,75,0,"1",.,"A",25,"D",.,"A",.,"A",.,"A",0,"D",.,"A",.,"A",.,"A",.,"A",.,"A",.,"A",200,"D",.,"A",.,"A"
"20115",2344962,71,0,"1",.,"A",.,"A",.,"A",.,"A",.,"A",50,"D",.,"A",.,"A",.,"A",.,"A",.,"A",.,"A",220,"D",.,"A",.,"A"
"20115",2344972,56,0,"1",.,"A",.,"A",.,"A",.,"A",.,"A",.,"A",.,"A",.,"A",39,"D",.,"A",.,"A",.,"A",427,"D",.,"A",.,"A"
"20115",2344992,30,0,"1",.,"A",.,"A",.,"A",.,"A",.,"A",.,"A",.,"A",.,"A",.,"A",.,"A",.,"A",.,"A",.,"A",.,"A",.,"A"
"20115",2345002,50,0,"1",.,"A",.,"A",.,"A",.,"A",.,"A",15,"D",.,"A",.,"A",.,"A",.,"A",.,"A",.,"A",80,"D",.,"A",.,"A"
"20115",2345012,74,0,"1",.,"A",.,"A",.,"A",.,"A",.,"A",10,"D",.,"A",.,"A",.,"A",.,"A",.,"A",.,"A",75,"D",.,"A",.,"A"
"20115",2345042,47,0,"1",.,"A",.,"A",.,"A",.,"A",.,"A",.,"A",.,"A",.,"A",.,"A",.,"A",.,"A",.,"A",.,"A",.,"A",.,"A"
"20115",2345062,37,0,"1",.,"A",.,"A",.,"A",.,"A",.,"A",.,"A",.,"A",.,"A",.,"A",.,"A",.,"A",.,"A",60,"D",.,"A",.,"A"
"20115",2345072,68,0,"1",.,"A",.,"A",.,"A",.,"A",.,"A",180,"D",195,"D",.,"A",30,"D",30,"D",0,"D",0,"D",200,"D",10,"D",.,"A"
"20115",2345082,89,0,"1",.,"A",.,"A",.,"A",.,"A",.,"A",40,"D",.,"A",.,"A",.,"A",.,"A",.,"A",.,"A",.,"A",.,"A",.,"A"
"20115",2345092,59,0,"1",.,"A",.,"A",.,"A",.,"A",.,"A",.,"A",130,"D",.,"A",.,"A",.,"A",.,"A",.,"A",.,"A",.,"A",.,"A"
"20115",2345113,44,0,"1",.,"A",.,"A",.,"A",.,"A",.,"A",.,"A",.,"A",.,"A",.,"A",.,"A",.,"A",.,"A",.,"A",.,"A",.,"A"
"20115",2345122,30,0,"1",.,"A",.,"A",.,"A",.,"A",.,"A",.,"A",416,"D",.,"A",.,"A",.,"A",.,"A",.,"A",.,"A",.,"A",.,"A"
"20115",2345152,42,0,"1",.,"A",.,"A",.,"A",.,"A",120,"D",40,"D",.,"A",.,"A",.,"A",.,"A",.,"A",.,"A",.,"A",.,"A",.,"A"
"20115",2345162,37,0,"1",.,"A",.,"A",.,"A",.,"A",24,"D",.,"A",.,"A",.,"A",.,"A",.,"A",.,"A",.,"A",60,"D",.,"A",.,"A"
"20115",2345182,58,0,"1",.,"A",.,"A",.,"A",.,"A",.,"A",.,"A",.,"A",.,"A",.,"A",.,"A",.,"A",.,"A",75,"D",.,"A",.,"A"
"20115",2345192,60,0,"1",.,"A",.,"A",.,"A",.,"A",.,"A",.,"A",.,"A",.,"A",.,"A",.,"A",.,"A",.,"A",300,"D",.,"A",.,"A"
"20115",2345222,81,0,"1",.,"A",.,"A",.,"A",.,"A",.,"A",.,"A",.,"A",.,"A",.,"A",.,"A",.,"A",.,"A",25,"D",.,"A",.,"A"
"20115",2345232,36,0,"1",.,"A",.,"A",.,"A",.,"A",.,"A",.,"A",.,"A",.,"A",.,"A",.,"A",.,"A",.,"A",.,"A",.,"A",.,"A"
"20115",2345252,59,0,"1",.,"A",.,"A",.,"A",.,"A",.,"A",.,"A",.,"A",.,"A",.,"A",.,"A",.,"A",.,"A",200,"D",.,"A",.,"A"
"20115",2345262,41,0,"1",.,"A",.,"A",.,"A",.,"A",.,"A",.,"A",.,"A",.,"A",.,"A",.,"A",.,"A",.,"A",.,"A",.,"A",.,"A"
"20115",2345285,28,0,"1",.,"A",.,"A",.,"A",.,"A",.,"A",.,"A",.,"A",.,"A",.,"A",.,"A",.,"A",.,"A",.,"A",.,"A",.,"A"
"20115",2345292,22,0,"1",.,"A",.,"A",.,"A",.,"A",.,"A",.,"A",.,"A",.,"A",.,"A",.,"A",.,"A",.,"A",.,"A",.,"A",.,"A"
"20115",2345302,51,0,"1",.,"A",.,"A",.,"A",.,"A",.,"A",.,"A",.,"A",.,"A",.,"A",900,"D",0,"D",0,"D",50,"D",300,"D",.,"A"
"20115",2345342,46,0,"1",.,"A",.,"A",.,"A",.,"A",.,"A",.,"A",.,"A",.,"A",.,"A",.,"A",.,"A",.,"A",30,"D",.,"A",.,"A"
"20115",2345362,33,0,"1",.,"A",.,"A",.,"A",.,"A",.,"A",.,"A",.,"A",.,"A",.,"A",.,"A",.,"A",.,"A",.,"A",.,"A",.,"A"
"20115",2345374,34,0,"1",.,"A",.,"A",.,"A",.,"A",20,"D",.,"A",.,"A",.,"A",.,"A",.,"A",.,"A",.,"A",.,"A",.,"A",.,"A"
"20115",2345382,27,0,"1",30,"D",.,"A",.,"A",.,"A",60,"D",.,"A",.,"A",.,"A",.,"A",.,"A",.,"A",.,"A",.,"A",.,"A",.,"A"
"20115",2345402,137,0,"1",.,"A",.,"A",.,"A",.,"A",.,"A",.,"A",.,"A",.,"A",9,"D",.,"A",.,"A",.,"A",81,"D",.,"A",.,"A"
"20115",2345432,60,0,"1",.,"A",.,"A",56,"D",.,"A",.,"A",.,"A",.,"A",.,"A",.,"A",.,"A",.,"A",.,"A",200,"D",.,"A",.,"A"
"20115",2345442,49,0,"1",.,"A",.,"A",.,"A",.,"A",.,"A",.,"A",.,"A",.,"A",.,"A",.,"A",.,"A",.,"A",30,"D",.,"A",.,"A"
"20115",2345462,34,0,"1",10,"D",.,"A",.,"A",40,"D",30,"D",20,"D",182,"D",.,"A",45,"D",180,"D",0,"D",30,"D",120,"D",60,"D",.,"A"
"20115",2345472,36,0,"1",.,"A",.,"A",.,"A",.,"A",60,"D",.,"A",.,"A",.,"A",.,"A",.,"A",.,"A",.,"A",180,"D",.,"A",.,"A"
"20115",2345482,48,0,"1",.,"A",.,"A",20,"D",.,"A",.,"A",.,"A",.,"A",.,"A",.,"A",.,"A",.,"A",.,"A",45,"D",.,"A",.,"A"
"20115",2345552,65,0,"1",.,"A",.,"A",.,"A",.,"A",.,"A",.,"A",.,"A",.,"A",.,"A",.,"A",.,"A",.,"A",30,"D",.,"A",.,"A"
"20115",2345573,46,0,"1",.,"A",.,"A",.,"A",37,"D",.,"A",.,"A",.,"A",.,"A",.,"A",.,"A",.,"A",.,"A",.,"A",.,"A",.,"A"
"20115",2345602,96,0,"1",.,"A",10,"D",.,"A",.,"A",.,"A",12,"D",.,"A",.,"A",90,"D",.,"A",.,"A",.,"A",436,"D",.,"A",.,"A"
"20115",2345622,29,0,"1",.,"A",.,"A",.,"A",.,"A",.,"A",.,"A",.,"A",.,"A",.,"A",.,"A",.,"A",.,"A",.,"A",.,"A",.,"A"
"20115",2345725,38,0,"1",.,"A",.,"A",.,"A",.,"A",.,"A",.,"A",.,"A",.,"A",.,"A",.,"A",.,"A",.,"A",36,"D",.,"A",.,"A"
"20115",2345732,31,0,"1",.,"A",.,"A",.,"A",.,"A",30,"D",.,"A",.,"A",.,"A",.,"A",.,"A",.,"A",.,"A",.,"A",.,"A",.,"A"
"20115",2345742,66,0,"1",.,"A",.,"A",.,"A",.,"A",.,"A",60,"D",.,"A",.,"A",.,"A",.,"A",.,"A",.,"A",200,"D",.,"A",.,"A"
"20115",2345792,51,0,"1",.,"A",.,"A",.,"A",.,"A",.,"A",15,"D",.,"A",.,"A",.,"A",.,"A",.,"A",.,"A",20,"D",.,"A",.,"A"
"20115",2345802,48,0,"1",.,"A",.,"A",.,"A",.,"A",.,"A",.,"A",.,"A",.,"A",45,"D",.,"A",.,"A",.,"A",150,"D",.,"A",.,"A"
"20115",2345823,40,0,"1",.,"A",.,"A",.,"A",.,"A",60,"D",.,"A",.,"A",.,"A",.,"A",.,"A",.,"A",.,"A",.,"A",.,"A",.,"A"
"20115",2345832,59,0,"1",.,"A",.,"A",.,"A",.,"A",.,"A",26,"D",.,"A",.,"A",.,"A",.,"A",.,"A",.,"A",240,"D",.,"A",.,"A"
"20115",2345852,39,0,"1",.,"A",.,"A",.,"A",.,"A",320,"D",.,"A",.,"A",.,"A",.,"A",.,"A",.,"A",.,"A",.,"A",.,"A",.,"A"
"20115",2345862,54,0,"1",.,"A",.,"A",.,"A",.,"A",.,"A",.,"A",.,"A",.,"A",.,"A",.,"A",.,"A",.,"A",50,"D",.,"A",.,"A"
"20115",2345872,68,0,"1",.,"A",.,"A",.,"A",.,"A",.,"A",17,"D",.,"A",.,"A",.,"A",.,"A",.,"A",.,"A",60,"D",.,"A",.,"A"
"20115",2345892,33,0,"1",.,"A",.,"A",.,"A",.,"A",.,"A",.,"A",273,"D",.,"A",60,"D",.,"A",.,"A",.,"A",100,"D",.,"A",.,"A"
"20115",2345902,41,0,"1",.,"A",.,"A",.,"A",.,"A",.,"A",.,"A",104,"D",52,"D",.,"A",.,"A",.,"A",.,"A",.,"A",.,"A",.,"A"
"20115",2345922,41,0,"1",.,"A",.,"A",.,"A",.,"A",.,"A",.,"A",.,"A",.,"A",.,"A",.,"A",.,"A",.,"A",.,"A",.,"A",.,"A"
"20115",2345942,32,0,"1",.,"A",.,"A",.,"A",.,"A",.,"A",.,"A",.,"A",.,"A",.,"A",.,"A",.,"A",.,"A",26,"D",.,"A",.,"A"
"20115",2345952,35,0,"1",.,"A",.,"A",.,"A",.,"A",.,"A",.,"A",.,"A",.,"A",.,"A",.,"A",.,"A",.,"A",.,"A",.,"A",.,"A"
"20115",2345962,38,0,"1",.,"A",.,"A",.,"A",.,"A",.,"A",.,"A",.,"A",.,"A",.,"A",.,"A",.,"A",.,"A",0,"D",.,"A",.,"A"
"20115",2345973,31,0,"1",.,"A",.,"A",.,"A",.,"A",.,"A",.,"A",.,"A",.,"A",.,"A",.,"A",.,"A",.,"A",60,"D",.,"A",.,"A"
"20115",2345982,29,0,"1",.,"A",.,"A",.,"A",500,"D",.,"A",.,"A",.,"A",.,"A",.,"A",.,"A",.,"A",.,"A",40,"D",.,"A",.,"A"
"20115",2346012,24,0,"1",.,"A",.,"A",.,"A",.,"A",.,"A",.,"A",.,"A",.,"A",.,"A",.,"A",.,"A",.,"A",.,"A",.,"A",.,"A"
"20115",2346022,63,0,"1",.,"A",.,"A",.,"A",.,"A",.,"A",.,"A",.,"A",.,"A",.,"A",.,"A",.,"A",.,"A",70,"D",.,"A",.,"A"
"20115",2346042,29,0,"1",.,"A",.,"A",.,"A",.,"A",15,"D",.,"A",.,"A",.,"A",.,"A",.,"A",.,"A",.,"A",110,"D",.,"A",.,"A"
"20115",2346062,29,0,"1",.,"A",.,"A",.,"A",.,"A",90,"D",.,"A",.,"A",.,"A",.,"A",.,"A",.,"A",.,"A",.,"A",.,"A",.,"A"
"20115",2346092,64,0,"1",.,"A",.,"A",.,"A",.,"A",.,"A",.,"A",.,"A",.,"A",75,"D",.,"A",.,"A",.,"A",1250,"D",.,"A",.,"A"
"20115",2346115,51,0,"1",.,"A",.,"A",.,"A",.,"A",.,"A",.,"A",.,"A",.,"A",.,"A",.,"A",.,"A",.,"A",90,"D",.,"A",.,"A"
"20115",2346122,83,0,"1",.,"A",.,"A",.,"A",.,"A",.,"A",.,"A",.,"A",.,"A",.,"A",.,"A",.,"A",.,"A",30,"D",.,"A",.,"A"
"20115",2346132,35,0,"1",.,"A",.,"A",.,"A",.,"A",155,"F",.,"A",.,"A",.,"A",.,"A",.,"A",.,"A",.,"A",.,"A",.,"A",.,"A"
"20115",2346142,36,0,"1",.,"A",.,"A",.,"A",.,"A",.,"A",.,"A",.,"A",.,"A",.,"A",240,"D",0,"D",0,"D",15,"D",80,"D",.,"A"
"20115",2346162,20,0,"1",.,"A",.,"A",.,"A",.,"A",.,"A",.,"A",.,"A",.,"A",.,"A",.,"A",.,"A",.,"A",.,"A",.,"A",.,"A"
"20115",2346182,31,0,"1",.,"A",.,"A",.,"A",.,"A",.,"A",.,"A",.,"A",.,"A",.,"A",936,"D",0,"D",0,"D",200,"D",312,"D",.,"A"
"20115",2346192,33,0,"1",.,"A",.,"A",.,"A",.,"A",10,"D",15,"D",.,"A",.,"A",.,"A",.,"A",.,"A",.,"A",30,"D",.,"A",.,"A"
"20115",2346242,35,0,"1",.,"A",.,"A",.,"A",.,"A",.,"A",.,"A",.,"A",.,"A",.,"A",.,"A",.,"A",.,"A",.,"A",.,"A",.,"A"
"20115",2346252,79,0,"1",.,"A",.,"A",.,"A",.,"A",.,"A",.,"A",65,"D",.,"A",9,"D",.,"A",.,"A",.,"A",0,"D",.,"A",.,"A"
"20115",2346272,23,0,"1",.,"A",.,"A",.,"A",.,"A",.,"A",.,"A",.,"A",.,"A",.,"A",.,"A",.,"A",.,"A",.,"A",.,"A",.,"A"
"20115",2346282,74,0,"1",.,"A",.,"A",.,"A",.,"A",.,"A",.,"A",390,"D",.,"A",.,"A",0,"D",0,"D",27,"D",.,"A",0,"D",.,"A"
"20115",2346302,42,0,"1",.,"A",.,"A",.,"A",.,"A",.,"A",.,"A",65,"D",.,"A",.,"A",.,"A",.,"A",.,"A",30,"D",.,"A",.,"A"
"20115",2346315,52,0,"1",.,"A",.,"A",.,"A",.,"A",130,"D",.,"A",.,"A",.,"A",.,"A",.,"A",.,"A",.,"A",.,"A",.,"A",.,"A"
"20115",2346322,35,0,"1",.,"A",.,"A",.,"A",.,"A",20,"D",.,"A",.,"A",.,"A",.,"A",30,"D",0,"D",30,"D",.,"A",10,"D",.,"A"
"20115",2346354,48,0,"1",.,"A",.,"A",.,"A",.,"A",.,"A",.,"A",.,"A",.,"A",.,"A",.,"A",.,"A",.,"A",40,"D",.,"A",.,"A"
"20115",2346372,49,0,"1",.,"A",.,"A",.,"A",.,"A",.,"A",.,"A",.,"A",.,"A",.,"A",.,"A",.,"A",.,"A",75,"D",.,"A",.,"A"
"20115",2346392,44,0,"1",.,"A",.,"A",.,"A",.,"A",.,"A",50,"D",.,"A",.,"A",.,"A",120,"D",120,"F",45,"F",90,"F",40,"D",.,"A"
"20115",2346412,24,0,"1",.,"A",.,"A",.,"A",.,"A",.,"A",.,"A",.,"A",.,"A",.,"A",.,"A",.,"A",.,"A",.,"A",.,"A",.,"A"
"20115",2346422,27,0,"1",.,"A",.,"A",.,"A",.,"A",.,"A",.,"A",.,"A",.,"A",.,"A",.,"A",.,"A",.,"A",.,"A",.,"A",.,"A"
"20115",2346442,79,0,"1",.,"A",12,"D",.,"A",.,"A",.,"A",0,"D",.,"A",.,"A",.,"A",.,"A",.,"A",.,"A",75,"D",.,"A",.,"A"
"20115",2346452,57,0,"1",.,"A",.,"A",.,"A",.,"A",.,"A",.,"A",117,"D",.,"A",.,"A",.,"A",.,"A",.,"A",.,"A",.,"A",.,"A"
"20115",2346462,57,0,"1",.,"A",.,"A",.,"A",.,"A",.,"A",.,"A",.,"A",.,"A",45,"D",.,"A",.,"A",.,"A",60,"D",.,"A",.,"A"
"20115",2346482,49,0,"1",.,"A",.,"A",.,"A",.,"A",140,"D",10,"F",.,"A",.,"A",.,"A",.,"A",.,"A",.,"A",70,"D",.,"A",.,"A"
"20115",2346502,38,0,"1",.,"A",.,"A",.,"A",.,"A",20,"D",.,"A",.,"A",.,"A",.,"A",.,"A",.,"A",.,"A",12,"D",.,"A",.,"A"
"20115",2346532,33,0,"1",.,"A",.,"A",.,"A",.,"A",.,"A",.,"A",.,"A",.,"A",.,"A",.,"A",.,"A",.,"A",.,"A",.,"A",.,"A"
"20115",2346542,45,0,"1",.,"A",.,"A",.,"A",.,"A",.,"A",.,"A",.,"A",.,"A",.,"A",.,"A",.,"A",.,"A",45,"D",.,"A",.,"A"
"20115",2346552,46,0,"1",.,"A",.,"A",.,"A",.,"A",.,"A",.,"A",91,"D",.,"A",.,"A",.,"A",.,"A",.,"A",30,"D",.,"A",.,"A"
"20115",2346562,68,0,"1",.,"A",.,"A",.,"A",.,"A",.,"A",.,"A",.,"A",.,"A",.,"A",270,"D",0,"D",0,"D",180,"D",90,"D",.,"A"
"20115",2346582,80,0,"1",.,"A",.,"A",.,"A",.,"A",.,"A",20,"D",520,"D",130,"D",15,"D",.,"A",.,"A",.,"A",360,"D",.,"A",.,"A"
"20115",2346622,43,0,"1",.,"A",.,"A",.,"A",.,"A",.,"A",40,"D",.,"A",.,"A",.,"A",.,"A",.,"A",.,"A",90,"D",.,"A",.,"A"
"20115",2346642,56,0,"1",.,"A",.,"A",.,"A",.,"A",.,"A",.,"A",.,"A",.,"A",.,"A",.,"A",.,"A",.,"A",110,"D",.,"A",.,"A"
"20115",2346652,38,0,"1",.,"A",.,"A",.,"A",.,"A",.,"A",.,"A",.,"A",.,"A",.,"A",.,"A",.,"A",.,"A",.,"A",.,"A",.,"A"
"20115",2346712,45,0,"1",.,"A",.,"A",.,"A",.,"A",.,"A",.,"A",.,"A",.,"A",.,"A",.,"A",.,"A",.,"A",.,"A",.,"A",.,"A"
"20115",2346722,68,0,"1",.,"A",.,"A",25,"D",.,"A",.,"A",.,"A",1040,"D",.,"A",.,"A",.,"A",.,"A",.,"A",.,"A",.,"A",.,"A"
"20115",2346735,31,0,"1",.,"A",.,"A",.,"A",.,"A",.,"A",.,"A",.,"A",.,"A",.,"A",.,"A",.,"A",.,"A",.,"A",.,"A",.,"A"
"20115",2346742,72,0,"1",.,"A",.,"A",.,"A",.,"A",.,"A",.,"A",.,"A",.,"A",15,"D",.,"A",.,"A",.,"A",78,"D",.,"A",.,"A"
"20115",2346752,42,0,"1",.,"A",.,"A",.,"A",.,"A",.,"A",.,"A",.,"A",.,"A",.,"A",.,"A",.,"A",.,"A",.,"A",.,"A",.,"A"
"20115",2346802,67,0,"1",.,"A",.,"A",.,"A",.,"A",.,"A",.,"A",.,"A",.,"A",.,"A",.,"A",.,"A",.,"A",.,"A",.,"A",.,"A"
"20115",2346822,54,0,"1",.,"A",.,"A",.,"A",.,"A",.,"A",.,"A",.,"A",.,"A",.,"A",.,"A",.,"A",.,"A",42,"D",.,"A",.,"A"
"20115",2346874,28,0,"1",.,"A",.,"A",.,"A",.,"A",10,"D",.,"A",.,"A",.,"A",.,"A",.,"A",.,"A",.,"A",.,"A",.,"A",.,"A"
"20115",2346882,49,0,"1",.,"A",.,"A",.,"A",.,"A",.,"A",20,"D",.,"A",.,"A",.,"A",.,"A",.,"A",.,"A",175,"D",.,"A",.,"A"
"20115",2346902,20,0,"1",.,"A",.,"A",.,"A",.,"A",.,"A",.,"A",.,"A",.,"A",.,"A",.,"A",.,"A",.,"A",.,"A",.,"A",.,"A"
"20115",2346922,26,0,"1",.,"A",.,"A",.,"A",.,"A",.,"A",.,"A",.,"A",.,"A",.,"A",.,"A",.,"A",.,"A",.,"A",.,"A",.,"A"
"20115",2346932,52,0,"1",.,"A",.,"A",.,"A",.,"A",.,"A",.,"A",.,"A",.,"A",.,"A",.,"A",.,"A",.,"A",300,"D",.,"A",.,"A"
"20115",2346944,34,0,"1",.,"A",.,"A",.,"A",.,"A",.,"A",.,"A",.,"A",.,"A",.,"A",.,"A",.,"A",.,"A",.,"A",.,"A",.,"A"
"20115",2346952,59,0,"1",.,"A",.,"A",.,"A",.,"A",.,"A",.,"A",.,"A",.,"A",.,"A",.,"A",.,"A",.,"A",400,"D",.,"A",.,"A"
"20115",2346962,37,0,"1",.,"A",.,"A",.,"A",.,"A",216,"D",.,"A",.,"A",.,"A",.,"A",.,"A",.,"A",.,"A",11,"D",.,"A",.,"A"
"20115",2346982,68,0,"1",.,"A",.,"A",.,"A",.,"A",.,"A",.,"A",.,"A",.,"A",.,"A",.,"A",.,"A",.,"A",30,"D",.,"A",.,"A"
"20115",2346992,81,0,"1",.,"A",.,"A",.,"A",.,"A",.,"A",.,"A",.,"A",.,"A",.,"A",.,"A",.,"A",.,"A",100,"D",.,"A",.,"A"
"20115",2347002,54,0,"1",.,"A",.,"A",.,"A",.,"A",.,"A",.,"A",.,"A",.,"A",.,"A",.,"A",.,"A",.,"A",40,"D",.,"A",.,"A"
"20115",2347012,37,0,"1",.,"A",.,"A",.,"A",.,"A",.,"A",.,"A",.,"A",.,"A",.,"A",.,"A",.,"A",.,"A",.,"A",.,"A",.,"A"
"20115",2347022,55,0,"1",.,"A",.,"A",.,"A",.,"A",.,"A",.,"A",.,"A",.,"A",.,"A",.,"A",.,"A",.,"A",100,"D",.,"A",.,"A"
"20115",2347062,41,0,"1",.,"A",.,"A",.,"A",.,"A",.,"A",300,"D",.,"A",.,"A",.,"A",.,"A",.,"A",.,"A",200,"D",.,"A",.,"A"
"20115",2347082,52,0,"1",6,"D",.,"A",.,"A",.,"A",0,"D",.,"A",.,"A",65,"D",.,"A",.,"A",.,"A",.,"A",.,"A",.,"A",.,"A"
"20115",2347092,38,0,"1",.,"A",.,"A",.,"A",.,"A",.,"A",.,"A",.,"A",.,"A",.,"A",.,"A",.,"A",.,"A",.,"A",.,"A",.,"A"
"20115",2347102,84,0,"1",.,"A",.,"A",.,"A",.,"A",.,"A",.,"A",.,"A",.,"A",.,"A",.,"A",.,"A",.,"A",42,"D",.,"A",.,"A"
"20115",2347112,52,0,"1",.,"A",.,"A",.,"A",.,"A",.,"A",.,"A",.,"A",.,"A",36,"D",.,"A",.,"A",.,"A",.,"A",.,"A",.,"A"
"20115",2347132,33,0,"1",.,"A",.,"A",.,"A",.,"A",.,"A",.,"A",.,"A",.,"A",.,"A",.,"A",.,"A",.,"A",45,"F",.,"A",.,"A"
"20115",2347162,38,0,"1",.,"A",.,"A",.,"A",.,"A",.,"A",.,"A",.,"A",91,"D",.,"A",.,"A",.,"A",.,"A",.,"A",.,"A",.,"A"
"20115",2347175,29,0,"1",.,"A",.,"A",.,"A",.,"A",.,"A",.,"A",.,"A",.,"A",.,"A",0,"D",135,"D",0,"D",.,"A",0,"D",.,"A"
"20115",2347182,47,0,"1",.,"A",.,"A",25,"D",.,"A",.,"A",.,"A",.,"A",.,"A",.,"A",.,"A",.,"A",.,"A",.,"A",.,"A",.,"A"
"20115",2347192,44,0,"1",.,"A",.,"A",.,"A",.,"A",.,"A",.,"A",.,"A",.,"A",.,"A",.,"A",.,"A",.,"A",.,"A",.,"A",.,"A"
"20115",2347222,51,0,"1",.,"A",.,"A",.,"A",.,"A",.,"A",.,"A",.,"A",.,"A",.,"A",.,"A",.,"A",.,"A",.,"A",.,"A",.,"A"
"20115",2347232,40,0,"1",.,"A",.,"A",.,"A",.,"A",.,"A",.,"A",.,"A",.,"A",.,"A",.,"A",.,"A",.,"A",.,"A",.,"A",.,"A"
"20115",2347242,23,0,"1",.,"A",.,"A",.,"A",.,"A",.,"A",.,"A",.,"A",.,"A",.,"A",0,"D",300,"D",0,"D",90,"D",0,"D",.,"A"
"20115",2347252,64,0,"1",.,"A",.,"A",.,"A",.,"A",.,"A",.,"A",.,"A",.,"A",.,"A",.,"A",.,"A",.,"A",.,"A",.,"A",.,"A"
"20115",2347262,38,0,"1",.,"A",.,"A",.,"A",.,"A",180,"D",.,"A",.,"A",.,"A",.,"A",.,"A",.,"A",.,"A",70,"D",.,"A",.,"A"
"20115",2347272,39,0,"1",.,"A",.,"A",.,"A",.,"A",.,"A",.,"A",.,"A",.,"A",.,"A",.,"A",.,"A",.,"A",.,"A",.,"A",.,"A"
"20115",2347282,47,0,"1",.,"A",.,"A",.,"A",.,"A",.,"A",60,"D",.,"A",.,"A",.,"A",.,"A",.,"A",.,"A",20,"D",.,"A",.,"A"
"20115",2347302,74,0,"1",.,"A",.,"A",.,"A",.,"A",.,"A",.,"A",.,"A",.,"A",30,"D",.,"A",.,"A",.,"A",.,"A",.,"A",.,"A"
"20115",2347322,37,0,"1",.,"A",.,"A",.,"A",.,"A",.,"A",.,"A",.,"A",.,"A",.,"A",.,"A",.,"A",.,"A",.,"A",.,"A",.,"A"
"20115",2347332,49,0,"1",.,"A",.,"A",.,"A",.,"A",.,"A",.,"A",.,"A",.,"A",24,"D",.,"A",.,"A",.,"A",160,"D",.,"A",.,"A"
"20115",2347342,23,0,"1",.,"A",.,"A",.,"A",.,"A",5,"D",.,"A",.,"A",.,"A",.,"A",.,"A",.,"A",.,"A",.,"A",.,"A",.,"A"
"20115",2347352,48,0,"1",.,"A",.,"A",.,"A",.,"A",.,"A",.,"A",.,"A",.,"A",.,"A",.,"A",.,"A",.,"A",.,"A",.,"A",.,"A"
"20115",2347362,55,0,"1",.,"A",.,"A",.,"A",.,"A",75,"D",20,"D",520,"D",.,"A",.,"A",.,"A",.,"A",.,"A",50,"D",.,"A",.,"A"
"20115",2347382,29,0,"1",.,"A",.,"A",.,"A",.,"A",.,"A",.,"A",.,"A",.,"A",.,"A",.,"A",.,"A",.,"A",.,"A",.,"A",.,"A"
"20115",2347392,53,0,"1",.,"A",.,"A",.,"A",.,"A",65,"D",.,"A",910,"D",.,"A",30,"D",.,"A",.,"A",.,"A",.,"A",.,"A",.,"A"
"20115",2347402,37,0,"1",60,"D",.,"A",.,"A",7,"D",60,"D",.,"A",273,"D",.,"A",0,"D",.,"A",.,"A",.,"A",.,"A",.,"A",.,"A"
"20115",2347422,46,0,"1",.,"A",.,"A",.,"A",.,"A",.,"A",.,"A",.,"A",.,"A",.,"A",.,"A",.,"A",.,"A",45,"D",.,"A",.,"A"
"20115",2347433,57,0,"1",.,"A",.,"A",.,"A",.,"A",.,"A",.,"A",.,"A",.,"A",.,"A",.,"A",.,"A",.,"A",120,"D",.,"A",.,"A"
"20115",2347442,45,0,"1",.,"A",.,"A",.,"A",.,"A",.,"A",.,"A",.,"A",.,"A",.,"A",.,"A",.,"A",.,"A",450,"D",.,"A",.,"A"
"20115",2347452,39,0,"1",.,"A",.,"A",.,"A",.,"A",144,"D",.,"A",.,"A",.,"A",.,"A",.,"A",.,"A",.,"A",15,"D",.,"A",.,"A"
"20115",2347462,58,0,"1",.,"A",.,"A",.,"A",.,"A",.,"A",.,"A",.,"A",.,"A",.,"A",.,"A",.,"A",.,"A",200,"D",.,"A",.,"A"
"20115",2347492,75,0,"1",.,"A",.,"A",.,"A",.,"A",.,"A",.,"A",.,"A",.,"A",60,"D",.,"A",.,"A",.,"A",348,"D",.,"A",.,"A"
"20115",2347512,75,0,"1",.,"A",.,"A",.,"A",.,"A",.,"A",.,"A",910,"D",.,"A",.,"A",.,"A",.,"A",.,"A",60,"D",.,"A",.,"A"
"20115",2347522,70,0,"1",.,"A",.,"A",.,"A",.,"A",.,"A",.,"A",.,"A",.,"A",.,"A",.,"A",.,"A",.,"A",140,"D",.,"A",.,"A"
"20115",2347552,73,0,"1",.,"A",.,"A",.,"A",.,"A",.,"A",.,"A",.,"A",.,"A",.,"A",.,"A",.,"A",.,"A",30,"D",.,"A",.,"A"
"20115",2347572,57,0,"1",.,"A",.,"A",.,"A",.,"A",.,"A",75,"D",.,"A",.,"A",45,"D",.,"A",.,"A",.,"A",100,"D",.,"A",.,"A"
"20115",2347582,23,0,"1",.,"A",.,"A",.,"A",.,"A",.,"A",.,"A",156,"D",.,"A",.,"A",.,"A",.,"A",.,"A",12,"D",.,"A",.,"A"
"20115",2347592,49,0,"1",.,"A",.,"A",.,"A",.,"A",.,"A",.,"A",.,"A",.,"A",.,"A",.,"A",.,"A",.,"A",15,"D",.,"A",.,"A"
"20115",2347612,28,0,"1",.,"A",.,"A",.,"A",40,"D",7,"D",.,"A",.,"A",.,"A",.,"A",975,"D",0,"D",0,"D",.,"A",325,"D",.,"A"
"20115",2347624,30,0,"1",.,"A",.,"A",.,"A",.,"A",.,"A",.,"A",.,"A",.,"A",.,"A",.,"A",.,"A",.,"A",.,"A",.,"A",.,"A"
"20115",2347632,27,0,"1",1,"D",.,"A",.,"A",.,"A",4,"D",.,"A",78,"D",.,"A",.,"A",30,"D",0,"D",0,"D",20,"D",10,"D",30,"D"
"20115",2347682,39,0,"1",.,"A",.,"A",100,"D",.,"A",.,"A",.,"A",.,"A",.,"A",.,"A",.,"A",.,"A",.,"A",30,"D",.,"A",.,"A"
"20115",2347702,32,0,"1",.,"A",.,"A",.,"A",.,"A",.,"A",.,"A",.,"A",.,"A",.,"A",.,"A",.,"A",.,"A",.,"A",.,"A",.,"A"
"20115",2347712,79,0,"1",.,"A",.,"A",.,"A",.,"A",.,"A",.,"A",.,"A",.,"A",.,"A",.,"A",.,"A",.,"A",.,"A",.,"A",.,"A"
"20115",2347725,54,0,"1",.,"A",.,"A",.,"A",.,"A",.,"A",.,"A",.,"A",.,"A",72,"D",.,"A",.,"A",.,"A",40,"D",.,"A",.,"A"
"20115",2347732,32,0,"1",.,"A",.,"A",.,"A",.,"A",.,"A",.,"A",.,"A",.,"A",.,"A",.,"A",.,"A",.,"A",150,"D",.,"A",.,"A"
"20115",2347742,36,0,"1",.,"A",.,"A",.,"A",.,"A",.,"A",.,"A",.,"A",.,"A",.,"A",.,"A",.,"A",.,"A",.,"A",.,"A",.,"A"
"20115",2347772,46,0,"1",.,"A",.,"A",.,"A",.,"A",.,"A",.,"A",.,"A",39,"D",36,"D",.,"A",.,"A",.,"A",26,"D",.,"A",.,"A"
"20115",2347802,47,0,"1",.,"A",.,"A",.,"A",.,"A",.,"A",.,"A",.,"A",.,"A",.,"A",.,"A",.,"A",.,"A",60,"D",.,"A",.,"A"
"20115",2347812,64,0,"1",.,"A",.,"A",.,"A",20,"D",.,"A",150,"D",.,"A",260,"D",.,"A",.,"A",.,"A",.,"A",80,"D",.,"A",.,"A"
"20115",2347822,71,0,"1",.,"A",.,"A",.,"A",.,"A",.,"A",.,"A",.,"A",.,"A",.,"A",.,"A",.,"A",.,"A",71,"D",.,"A",.,"A"
"20115",2347844,26,0,"1",.,"A",.,"A",.,"A",.,"A",.,"A",.,"A",.,"A",.,"A",.,"A",0,"D",0,"D",0,"D",.,"A",0,"D",.,"A"
"20115",2347852,54,0,"1",.,"A",.,"A",.,"A",.,"A",.,"A",.,"A",130,"D",.,"A",.,"A",777,"D",0,"D",0,"D",80,"D",259,"D",.,"A"
"20115",2347862,34,0,"1",.,"A",.,"A",.,"A",.,"A",.,"A",.,"A",.,"A",.,"A",.,"A",.,"A",.,"A",.,"A",.,"A",.,"A",.,"A"
"20115",2347883,37,0,"1",.,"A",.,"A",.,"A",.,"A",.,"A",.,"A",.,"A",.,"A",.,"A",.,"A",.,"A",.,"A",60,"D",.,"A",.,"A"
"20115",2347904,27,0,"1",.,"A",.,"A",.,"A",.,"A",.,"A",.,"A",.,"A",.,"A",.,"A",.,"A",.,"A",.,"A",15,"D",.,"A",.,"A"
"20115",2347912,35,0,"1",20,"D",.,"A",.,"A",.,"A",160,"D",.,"A",.,"A",.,"A",.,"A",.,"A",.,"A",.,"A",.,"A",.,"A",.,"A"
"20115",2347922,62,0,"1",.,"A",.,"A",.,"A",.,"A",.,"A",.,"A",.,"A",.,"A",.,"A",.,"A",.,"A",.,"A",92,"D",.,"A",.,"A"
"20115",2347933,59,0,"1",.,"A",.,"A",.,"A",75,"D",.,"A",.,"A",.,"A",.,"A",.,"A",.,"A",.,"A",.,"A",36,"D",.,"A",.,"A"
"20115",2347962,35,0,"1",.,"A",.,"A",.,"A",.,"A",.,"A",.,"A",.,"A",.,"A",.,"A",.,"A",.,"A",.,"A",.,"A",.,"A",.,"A"
"20115",2347972,62,0,"1",.,"A",.,"A",.,"A",.,"A",.,"A",150,"D",.,"A",.,"A",.,"A",.,"A",.,"A",.,"A",66,"D",.,"A",.,"A"
"20115",2347982,47,0,"1",.,"A",.,"A",.,"A",.,"A",.,"A",.,"A",.,"A",.,"A",15,"D",.,"A",.,"A",.,"A",28,"D",.,"A",.,"A"
"20115",2347992,95,0,"1",.,"A",.,"A",.,"A",.,"A",.,"A",.,"A",.,"A",.,"A",30,"D",.,"A",.,"A",.,"A",60,"D",.,"A",.,"A"
"20115",2348002,53,0,"1",.,"A",.,"A",.,"A",.,"A",.,"A",.,"A",.,"A",.,"A",36,"D",.,"A",.,"A",.,"A",60,"D",.,"A",.,"A"
"20115",2348012,51,0,"1",.,"A",.,"A",.,"A",.,"A",.,"A",.,"A",.,"A",.,"A",.,"A",0,"D",0,"D",30,"D",.,"A",0,"D",.,"A"
"20115",2348032,58,0,"1",.,"A",.,"A",250,"D",.,"A",.,"A",90,"D",.,"A",.,"A",.,"A",.,"A",.,"A",.,"A",350,"D",.,"A",.,"A"
"20115",2348042,82,0,"1",.,"A",.,"A",.,"A",.,"A",.,"A",.,"A",.,"A",.,"A",6,"D",.,"A",.,"A",.,"A",150,"D",.,"A",.,"A"
"20115",2348052,27,0,"1",.,"A",.,"A",.,"A",.,"A",.,"A",.,"A",.,"A",.,"A",.,"A",.,"A",.,"A",.,"A",75,"D",.,"A",.,"A"
"20115",2348092,55,0,"1",5,"D",.,"A",.,"A",.,"A",0,"D",.,"A",.,"A",.,"A",.,"A",.,"A",.,"A",.,"A",.,"A",.,"A",.,"A"
"20115",2348122,61,0,"1",.,"A",.,"A",.,"A",.,"A",.,"A",.,"A",.,"A",.,"A",.,"A",.,"A",.,"A",.,"A",.,"A",.,"A",.,"A"
"20115",2348142,34,0,"1",.,"A",.,"A",.,"A",.,"A",75,"D",.,"A",.,"A",.,"A",.,"A",.,"A",.,"A",.,"A",120,"D",.,"A",.,"A"
"20115",2348152,56,0,"1",.,"A",.,"A",.,"A",.,"A",.,"A",120,"D",.,"A",.,"A",.,"A",.,"A",.,"A",.,"A",.,"A",.,"A",.,"A"
"20115",2348162,23,0,"1",.,"A",.,"A",.,"A",.,"A",.,"A",.,"A",195,"D",.,"A",.,"A",.,"A",.,"A",.,"A",.,"A",.,"A",.,"A"
"20115",2348172,59,0,"1",.,"A",.,"A",.,"A",.,"A",.,"A",.,"A",.,"A",.,"A",.,"A",.,"A",.,"A",.,"A",60,"D",.,"A",.,"A"
"20115",2348192,37,0,"1",.,"A",.,"A",.,"A",.,"A",.,"A",.,"A",.,"A",.,"A",.,"A",.,"A",.,"A",.,"A",60,"D",.,"A",.,"A"
"20115",2348202,65,0,"1",.,"A",.,"A",.,"A",.,"A",.,"A",21,"D",.,"A",.,"A",.,"A",.,"A",.,"A",.,"A",200,"D",.,"A",.,"A"
"20115",2348212,38,0,"1",.,"A",.,"A",.,"A",.,"A",.,"A",.,"A",.,"A",.,"A",.,"A",.,"A",.,"A",.,"A",.,"A",.,"A",.,"A"
"20115",2348242,42,0,"1",.,"A",.,"A",.,"A",.,"A",.,"A",.,"A",.,"A",.,"A",.,"A",.,"A",.,"A",.,"A",.,"A",.,"A",.,"A"
"20115",2348262,59,0,"1",.,"A",.,"A",.,"A",.,"A",.,"A",.,"A",130,"D",.,"A",.,"A",.,"A",.,"A",.,"A",40,"D",.,"A",.,"A"
"20115",2348292,68,0,"1",.,"A",.,"A",.,"A",.,"A",.,"A",.,"A",.,"A",.,"A",.,"A",480,"D",0,"D",0,"D",84,"D",160,"D",.,"A"
"20115",2348305,35,0,"1",.,"A",.,"A",.,"A",.,"A",50,"D",.,"A",.,"A",.,"A",.,"A",.,"A",.,"A",.,"A",.,"A",.,"A",.,"A"
"20115",2348312,63,0,"1",.,"A",.,"A",1,"D",.,"A",.,"A",.,"A",.,"A",.,"A",.,"A",.,"A",.,"A",.,"A",50,"D",.,"A",.,"A"
"20115",2348332,60,0,"1",.,"A",.,"A",.,"A",.,"A",.,"A",30,"D",.,"A",.,"A",.,"A",.,"A",.,"A",.,"A",200,"D",.,"A",.,"A"
"20115",2348352,67,0,"1",.,"A",.,"A",.,"A",.,"A",.,"A",.,"A",130,"D",.,"A",.,"A",.,"A",.,"A",.,"A",60,"D",.,"A",.,"A"
"20115",2348362,52,0,"1",.,"A",25,"D",.,"A",.,"A",.,"A",25,"D",.,"A",.,"A",.,"A",.,"A",.,"A",.,"A",500,"D",.,"A",.,"A"
"20115",2348382,66,0,"1",.,"A",.,"A",.,"A",.,"A",.,"A",.,"A",975,"D",.,"A",.,"A",.,"A",.,"A",.,"A",200,"D",.,"A",.,"A"
"20115",2348392,62,0,"1",.,"A",.,"A",.,"A",.,"A",.,"A",.,"A",.,"A",.,"A",.,"A",.,"A",.,"A",.,"A",30,"D",.,"A",.,"A"
"20115",2348412,35,0,"1",.,"A",.,"A",.,"A",.,"A",.,"A",.,"A",520,"D",.,"A",.,"A",.,"A",.,"A",.,"A",.,"A",.,"A",.,"A"
"20115",2348424,51,0,"1",.,"A",.,"A",.,"A",.,"A",.,"A",.,"A",520,"D",.,"A",.,"A",.,"A",.,"A",.,"A",.,"A",.,"A",.,"A"
"20115",2348432,69,0,"1",.,"A",.,"A",10,"F",.,"A",.,"A",.,"A",.,"A",91,"F",.,"A",.,"A",.,"A",.,"A",300,"D",.,"A",.,"A"
"20115",2348462,52,0,"1",.,"A",.,"A",.,"A",.,"A",.,"A",36,"D",.,"A",.,"A",.,"A",.,"A",.,"A",.,"A",.,"A",.,"A",.,"A"
"20115",2348493,44,0,"1",.,"A",.,"A",.,"A",.,"A",.,"A",50,"D",.,"A",.,"A",.,"A",.,"A",.,"A",.,"A",100,"D",.,"A",.,"A"
"20115",2348532,30,0,"1",.,"A",.,"A",.,"A",.,"A",.,"A",.,"A",.,"A",.,"A",.,"A",.,"A",.,"A",.,"A",.,"A",.,"A",.,"A"
"20115",2348542,25,0,"1",.,"A",.,"A",.,"A",.,"A",.,"A",.,"A",.,"A",.,"A",.,"A",.,"A",.,"A",.,"A",.,"A",.,"A",.,"A"
"20115",2348562,52,0,"1",.,"A",.,"A",.,"A",.,"A",.,"A",.,"A",.,"A",.,"A",.,"A",.,"A",.,"A",.,"A",28,"D",.,"A",.,"A"
"20115",2348572,67,0,"1",.,"A",.,"A",.,"A",.,"A",.,"A",10,"D",.,"A",.,"A",.,"A",.,"A",.,"A",.,"A",130,"D",.,"A",.,"A"
"20115",2348592,39,0,"1",.,"A",.,"A",.,"A",.,"A",.,"A",.,"A",130,"D",.,"A",0,"D",.,"A",.,"A",.,"A",.,"A",.,"A",.,"A"
"20115",2348602,53,0,"1",13,"D",.,"A",.,"A",.,"A",117,"D",.,"A",104,"D",.,"A",.,"A",.,"A",.,"A",.,"A",10,"D",.,"A",.,"A"
"20115",2348612,49,0,"1",.,"A",.,"A",.,"A",.,"A",.,"A",.,"A",.,"A",.,"A",.,"A",.,"A",.,"A",.,"A",30,"D",.,"A",.,"A"
"20115",2348634,33,0,"1",.,"A",.,"A",.,"A",.,"A",.,"A",.,"A",.,"A",.,"A",.,"A",.,"A",.,"A",.,"A",.,"A",.,"A",.,"A"
"20115",2348662,54,0,"1",.,"A",.,"A",.,"A",.,"A",.,"A",.,"A",.,"A",.,"A",.,"A",.,"A",.,"A",.,"A",45,"D",.,"A",.,"A"
"20115",2348682,91,0,"1",.,"A",.,"A",.,"A",.,"A",.,"A",60,"D",.,"A",.,"A",.,"A",.,"A",.,"A",.,"A",200,"D",.,"A",.,"A"
"20115",2348722,68,0,"1",.,"A",.,"A",.,"A",.,"A",.,"A",.,"A",.,"A",.,"A",.,"A",.,"A",.,"A",.,"A",120,"D",.,"A",.,"A"
"20115",2348732,89,0,"1",.,"A",.,"A",.,"A",.,"A",.,"A",.,"A",.,"A",.,"A",.,"A",.,"A",.,"A",.,"A",120,"D",.,"A",.,"A"
"20115",2348752,59,0,"1",.,"A",.,"A",.,"A",.,"A",.,"A",.,"A",.,"A",.,"A",.,"A",.,"A",.,"A",.,"A",30,"D",.,"A",.,"A"
"20115",2348775,55,0,"1",20,"D",.,"A",.,"A",.,"A",80,"D",.,"A",260,"D",.,"A",.,"A",.,"A",.,"A",.,"A",.,"A",.,"A",.,"A"
"20115",2348782,91,0,"1",.,"A",212,"D",.,"A",.,"A",.,"A",148,"D",.,"A",260,"D",.,"A",.,"A",.,"A",.,"A",25,"D",.,"A",.,"A"
"20115",2348792,51,0,"1",.,"A",.,"A",.,"A",.,"A",.,"A",.,"A",.,"A",.,"A",.,"A",.,"A",.,"A",.,"A",135,"D",.,"A",.,"A"
"20115",2348822,61,0,"1",.,"A",.,"A",.,"A",.,"A",.,"A",.,"A",.,"A",65,"D",.,"A",.,"A",.,"A",.,"A",150,"D",.,"A",.,"A"
"20115",2348862,26,0,"1",.,"A",.,"A",.,"A",.,"A",.,"A",.,"A",.,"A",.,"A",.,"A",.,"A",.,"A",.,"A",.,"A",.,"A",.,"A"
"20115",2348875,32,0,"1",.,"A",.,"A",.,"A",.,"A",.,"A",.,"A",.,"A",.,"A",24,"D",.,"A",.,"A",.,"A",.,"A",.,"A",.,"A"
"20115",2348902,62,0,"1",.,"A",.,"A",.,"A",.,"A",.,"A",.,"A",.,"A",.,"A",.,"A",.,"A",.,"A",.,"A",75,"D",.,"A",.,"A"
"20115",2348922,36,0,"1",.,"A",.,"A",.,"A",.,"A",.,"A",.,"A",.,"A",195,"D",.,"A",.,"A",.,"A",.,"A",100,"D",.,"A",.,"A"
"20115",2348942,31,0,"1",.,"A",.,"A",.,"A",.,"A",.,"A",.,"A",.,"A",.,"A",.,"A",.,"A",.,"A",.,"A",.,"A",.,"A",.,"A"
"20115",2348952,36,0,"1",.,"A",.,"A",.,"A",.,"A",.,"A",.,"A",.,"A",.,"A",15,"D",.,"A",.,"A",.,"A",300,"D",.,"A",.,"A"
"20115",2348962,70,0,"1",.,"A",.,"A",.,"A",.,"A",.,"A",.,"A",.,"A",.,"A",.,"A",.,"A",.,"A",.,"A",60,"D",.,"A",.,"A"
"20115",2348972,47,0,"1",.,"A",.,"A",.,"A",.,"A",60,"D",.,"A",.,"A",.,"A",30,"D",.,"A",.,"A",.,"A",60,"D",.,"A",.,"A"
"20115",2349002,48,0,"1",.,"A",.,"A",.,"A",.,"A",.,"A",2,"D",.,"A",.,"A",.,"A",.,"A",.,"A",.,"A",150,"D",.,"A",.,"A"
"20115",2349022,65,0,"1",.,"A",.,"A",.,"A",.,"A",.,"A",.,"A",.,"A",.,"A",30,"D",.,"A",.,"A",.,"A",200,"D",.,"A",.,"A"
"20115",2349032,49,0,"1",.,"A",.,"A",.,"A",.,"A",.,"A",.,"A",.,"A",.,"A",.,"A",.,"A",.,"A",.,"A",.,"A",.,"A",.,"A"
"20115",2349062,32,0,"1",.,"A",.,"A",.,"A",.,"A",.,"A",.,"A",.,"A",.,"A",.,"A",.,"A",.,"A",.,"A",.,"A",.,"A",.,"A"
"20115",2349092,72,0,"1",.,"A",.,"A",.,"A",50,"D",.,"A",50,"D",.,"A",65,"D",30,"D",.,"A",.,"A",.,"A",30,"D",.,"A",.,"A"
"20115",2349112,72,0,"1",.,"A",.,"A",.,"A",.,"A",.,"A",.,"A",.,"A",.,"A",.,"A",.,"A",.,"A",.,"A",117,"D",.,"A",.,"A"
"20115",2349132,81,0,"1",.,"A",.,"A",.,"A",.,"A",.,"A",105,"D",.,"A",.,"A",.,"A",.,"A",.,"A",.,"A",130,"D",.,"A",.,"A"
"20115",2349162,48,0,"1",.,"A",.,"A",.,"A",.,"A",.,"A",.,"A",260,"D",.,"A",.,"A",.,"A",.,"A",.,"A",.,"A",.,"A",.,"A"
"20115",2349172,42,0,"1",.,"A",.,"A",.,"A",.,"A",.,"A",.,"A",.,"A",.,"A",.,"A",.,"A",.,"A",.,"A",.,"A",.,"A",.,"A"
"20115",2349182,58,0,"1",.,"A",.,"A",.,"A",.,"A",.,"A",.,"A",.,"A",.,"A",.,"A",.,"A",.,"A",.,"A",150,"D",.,"A",.,"A"
"20115",2349222,35,0,"1",.,"A",.,"A",.,"A",.,"A",120,"D",.,"A",130,"D",.,"A",.,"A",540,"D",0,"D",0,"D",60,"D",180,"D",.,"A"
"20115",2349242,53,0,"1",.,"A",.,"A",.,"A",.,"A",.,"A",.,"A",.,"A",.,"A",.,"A",.,"A",.,"A",.,"A",144,"D",.,"A",.,"A"
"20115",2349262,64,0,"1",15,"D",.,"A",.,"A",.,"A",15,"D",.,"A",.,"A",.,"A",9,"D",0,"D",0,"D",18,"D",.,"A",0,"D",.,"A"
"20115",2349282,40,0,"1",.,"A",.,"A",.,"A",150,"D",90,"D",105,"D",.,"A",.,"A",180,"D",180,"D",0,"D",0,"D",50,"D",60,"D",.,"A"
"20115",2349292,39,0,"1",.,"A",.,"A",.,"A",.,"A",.,"A",.,"A",.,"A",.,"A",.,"A",.,"A",.,"A",.,"A",15,"D",.,"A",.,"A"
"20115",2349302,44,0,"1",.,"A",.,"A",.,"A",.,"A",.,"A",.,"A",.,"A",.,"A",.,"A",.,"A",.,"A",.,"A",.,"A",.,"A",.,"A"
"20115",2349312,60,0,"1",.,"A",.,"A",.,"A",.,"A",.,"A",.,"A",.,"A",.,"A",.,"A",.,"A",.,"A",.,"A",20,"D",.,"A",.,"A"
"20115",2349322,60,0,"1",.,"A",.,"A",.,"A",.,"A",.,"A",.,"A",559,"D",195,"D",.,"A",.,"A",.,"A",.,"A",.,"A",.,"A",.,"A"
"20115",2349342,36,0,"1",.,"A",.,"A",.,"A",.,"A",.,"A",.,"A",.,"A",.,"A",.,"A",.,"A",.,"A",.,"A",210,"D",.,"A",.,"A"
"20115",2349352,59,0,"1",.,"A",.,"A",.,"A",20,"D",.,"A",.,"A",.,"A",.,"A",15,"D",.,"A",.,"A",.,"A",40,"D",.,"A",.,"A"
"20115",2349362,78,0,"1",10,"D",.,"A",.,"A",.,"A",0,"D",.,"A",.,"A",.,"A",.,"A",.,"A",.,"A",.,"A",280,"D",.,"A",.,"A"
"20115",2349382,83,0,"1",.,"A",.,"A",.,"A",.,"A",.,"A",.,"A",.,"A",104,"D",.,"A",.,"A",.,"A",.,"A",.,"A",.,"A",.,"A"
"20115",2349392,41,0,"1",.,"A",.,"A",.,"A",.,"A",.,"A",.,"A",.,"A",.,"A",.,"A",.,"A",.,"A",.,"A",40,"D",.,"A",.,"A"
"20115",2349412,68,0,"1",.,"A",.,"A",.,"A",.,"A",.,"A",.,"A",.,"A",.,"A",.,"A",.,"A",.,"A",.,"A",60,"D",.,"A",.,"A"
"20115",2349422,47,0,"1",.,"A",.,"A",.,"A",175,"D",.,"A",.,"A",.,"A",.,"A",.,"A",.,"A",.,"A",.,"A",.,"A",.,"A",.,"A"
"20115",2349442,24,0,"1",.,"A",.,"A",.,"A",.,"A",.,"A",.,"A",.,"A",.,"A",.,"A",.,"A",.,"A",.,"A",.,"A",.,"A",.,"A"
"20115",2349454,40,0,"1",.,"A",.,"A",.,"A",.,"A",120,"F",.,"A",.,"A",.,"A",.,"A",.,"A",.,"A",.,"A",.,"A",.,"A",.,"A"
"20115",2349492,32,0,"1",.,"A",.,"A",.,"A",.,"A",.,"A",.,"A",.,"A",.,"A",.,"A",.,"A",.,"A",.,"A",.,"A",.,"A",.,"A"
"20115",2349502,56,0,"1",45,"D",.,"A",.,"A",.,"A",60,"D",.,"A",.,"A",.,"A",.,"A",.,"A",.,"A",.,"A",.,"A",.,"A",.,"A"
"20115",2349514,27,0,"1",.,"A",.,"A",.,"A",.,"A",75,"D",.,"A",.,"A",.,"A",.,"A",.,"A",.,"A",.,"A",.,"A",.,"A",.,"A"
"20115",2349522,39,0,"1",.,"A",.,"A",.,"A",.,"A",.,"A",.,"A",.,"A",.,"A",.,"A",.,"A",.,"A",.,"A",60,"D",.,"A",.,"A"
"20115",2349532,35,0,"1",20,"D",.,"A",.,"A",.,"A",30,"D",.,"A",.,"A",.,"A",.,"A",0,"D",0,"D",9,"D",.,"A",0,"D",.,"A"
"20115",2349555,36,0,"1",.,"A",.,"A",.,"A",.,"A",.,"A",.,"A",.,"A",.,"A",.,"A",.,"A",.,"A",.,"A",.,"A",.,"A",.,"A"
"20115",2349562,37,0,"1",.,"A",.,"A",.,"A",.,"A",.,"A",.,"A",.,"A",.,"A",15,"D",.,"A",.,"A",.,"A",30,"D",.,"A",.,"A"
"20115",2349573,35,0,"1",.,"A",.,"A",.,"A",.,"A",60,"D",.,"A",.,"A",.,"A",.,"A",.,"A",.,"A",.,"A",20,"D",.,"A",.,"A"
"20115",2349582,30,0,"1",.,"A",.,"A",.,"A",.,"A",25,"D",.,"A",.,"A",65,"D",.,"A",.,"A",.,"A",.,"A",.,"A",.,"A",.,"A"
"20115",2349605,30,0,"1",.,"A",.,"A",.,"A",.,"A",.,"A",.,"A",.,"A",.,"A",.,"A",.,"A",.,"A",.,"A",.,"A",.,"A",.,"A"
"20115",2349622,35,0,"1",.,"A",.,"A",.,"A",.,"A",.,"A",.,"A",260,"D",.,"A",.,"A",.,"A",.,"A",.,"A",.,"A",.,"A",.,"A"
"20115",2349633,69,0,"1",.,"A",.,"A",40,"D",.,"A",.,"A",.,"A",390,"D",.,"A",.,"A",.,"A",.,"A",.,"A",.,"A",.,"A",.,"A"
"20115",2349662,53,0,"1",.,"A",.,"A",.,"A",.,"A",.,"A",.,"A",.,"A",.,"A",.,"A",.,"A",.,"A",.,"A",22,"D",.,"A",.,"A"
"20115",2349682,60,0,"1",.,"A",.,"A",.,"A",.,"A",.,"A",.,"A",.,"A",.,"A",45,"D",.,"A",.,"A",.,"A",120,"D",.,"A",.,"A"
"20115",2349715,22,0,"1",.,"A",.,"A",.,"A",.,"A",.,"A",.,"A",.,"A",.,"A",.,"A",.,"A",.,"A",.,"A",.,"A",.,"A",.,"A"
"20115",2349722,40,0,"1",.,"A",.,"A",.,"A",.,"A",9,"D",.,"A",.,"A",65,"D",.,"A",.,"A",.,"A",.,"A",75,"D",.,"A",.,"A"
"20115",2349742,55,0,"1",.,"A",.,"A",.,"A",.,"A",.,"A",.,"A",520,"D",.,"A",.,"A",.,"A",.,"A",.,"A",375,"D",.,"A",.,"A"
"20115",2349752,72,0,"1",.,"A",.,"A",.,"A",.,"A",.,"A",.,"A",.,"A",.,"A",105,"D",.,"A",.,"A",.,"A",.,"A",.,"A",.,"A"
"20115",2349764,75,0,"1",.,"A",.,"A",.,"A",.,"A",.,"A",100,"D",.,"A",.,"A",15,"D",90,"D",0,"D",0,"D",60,"D",30,"D",690,"D"
"20115",2349802,53,0,"1",.,"A",.,"A",.,"A",.,"A",.,"A",.,"A",.,"A",.,"A",.,"A",.,"A",.,"A",.,"A",11,"D",.,"A",.,"A"
"20115",2349812,37,0,"1",.,"A",.,"A",.,"A",.,"A",.,"A",.,"A",.,"A",.,"A",.,"A",.,"A",.,"A",.,"A",.,"A",.,"A",.,"A"
"20115",2349842,63,0,"1",.,"A",.,"A",.,"A",.,"A",10,"D",.,"A",.,"A",.,"A",9,"D",.,"A",.,"A",.,"A",46,"D",.,"A",.,"A"
"20115",2349862,43,0,"1",.,"A",.,"A",.,"A",.,"A",.,"A",.,"A",.,"A",.,"A",.,"A",.,"A",.,"A",.,"A",50,"D",.,"A",.,"A"
"20115",2349872,26,0,"1",.,"A",.,"A",.,"A",.,"A",18,"D",.,"A",.,"A",.,"A",.,"A",0,"D",0,"D",30,"D",.,"A",0,"D",.,"A"
"20115",2349892,48,0,"1",.,"A",.,"A",.,"A",.,"A",.,"A",.,"A",.,"A",.,"A",.,"A",.,"A",.,"A",.,"A",.,"A",.,"A",.,"A"
"20115",2349912,28,0,"1",.,"A",.,"A",.,"A",.,"A",.,"A",.,"A",.,"A",.,"A",.,"A",.,"A",.,"A",.,"A",.,"A",.,"A",.,"A"
"20115",2349922,93,0,"1",.,"A",.,"A",.,"A",.,"A",.,"A",20,"D",.,"A",.,"A",.,"A",.,"A",.,"A",.,"A",210,"D",.,"A",.,"A"
"20115",2349932,51,0,"1",.,"A",.,"A",.,"A",.,"A",.,"A",.,"A",.,"A",.,"A",.,"A",.,"A",.,"A",.,"A",100,"D",.,"A",.,"A"
"20115",2349942,54,0,"1",.,"A",.,"A",.,"A",.,"A",.,"A",.,"A",.,"A",.,"A",.,"A",.,"A",.,"A",.,"A",53,"D",.,"A",.,"A"
"20115",2349952,55,0,"1",.,"A",.,"A",.,"A",.,"A",.,"A",.,"A",.,"A",.,"A",.,"A",.,"A",.,"A",.,"A",.,"A",.,"A",.,"A"
"20115",2349962,107,0,"1",.,"A",.,"A",.,"A",.,"A",.,"A",.,"A",.,"A",.,"A",.,"A",.,"A",.,"A",.,"A",60,"D",.,"A",.,"A"
"20115",2349982,49,0,"1",.,"A",.,"A",.,"A",.,"A",.,"A",.,"A",.,"A",.,"A",.,"A",.,"A",.,"A",.,"A",.,"A",.,"A",.,"A"
"20115",2349992,21,0,"1",.,"A",.,"A",.,"A",.,"A",.,"A",.,"A",.,"A",.,"A",.,"A",.,"A",.,"A",.,"A",28,"D",.,"A",.,"A"
"20115",2350042,33,0,"1",.,"A",.,"A",.,"A",.,"A",210,"D",.,"A",65,"D",.,"A",.,"A",.,"A",.,"A",.,"A",.,"A",.,"A",.,"A"
"20115",2350052,78,0,"1",.,"A",.,"A",.,"A",.,"A",.,"A",.,"A",728,"D",.,"A",.,"A",.,"A",.,"A",.,"A",120,"D",.,"A",.,"A"
"20115",2350072,65,0,"1",.,"A",.,"A",.,"A",.,"A",.,"A",.,"A",.,"A",.,"A",.,"A",.,"A",.,"A",.,"A",120,"D",.,"A",.,"A"
"20115",2350082,34,0,"1",.,"A",.,"A",.,"A",.,"A",.,"A",.,"A",.,"A",.,"A",.,"A",.,"A",.,"A",.,"A",75,"D",.,"A",.,"A"
"20115",2350102,58,0,"1",.,"A",.,"A",.,"A",.,"A",120,"D",.,"A",91,"D",.,"A",.,"A",.,"A",.,"A",.,"A",110,"D",.,"A",.,"A"
"20115",2350122,50,0,"1",.,"A",.,"A",.,"A",.,"A",.,"A",.,"A",.,"A",.,"A",.,"A",.,"A",.,"A",.,"A",.,"A",.,"A",.,"A"
"20115",2350152,29,0,"1",.,"A",.,"A",.,"A",.,"A",30,"D",.,"A",.,"A",.,"A",.,"A",162,"D",0,"D",0,"D",30,"D",54,"D",.,"A"
"20115",2350162,44,0,"1",.,"A",.,"A",.,"A",.,"A",.,"A",.,"A",.,"A",.,"A",.,"A",.,"A",.,"A",.,"A",.,"A",.,"A",.,"A"
"20115",2350172,73,0,"1",.,"A",.,"A",.,"A",.,"A",.,"A",.,"A",.,"A",.,"A",.,"A",.,"A",.,"A",.,"A",.,"A",.,"A",.,"A"
"20115",2350182,47,0,"1",.,"A",.,"A",.,"A",.,"A",.,"A",40,"D",.,"A",.,"A",.,"A",.,"A",.,"A",.,"A",160,"D",.,"A",.,"A"
"20115",2350192,47,0,"1",.,"A",.,"A",.,"A",.,"A",.,"A",.,"A",260,"D",65,"D",60,"D",.,"A",.,"A",.,"A",300,"D",.,"A",.,"A"
"20115",2350203,43,0,"1",.,"A",.,"A",.,"A",.,"A",.,"A",.,"A",.,"A",.,"A",.,"A",.,"A",.,"A",.,"A",45,"D",.,"A",.,"A"
"20115",2350212,48,0,"1",.,"A",.,"A",.,"A",.,"A",.,"A",.,"A",65,"D",.,"A",.,"A",.,"A",.,"A",.,"A",55,"D",.,"A",.,"A"
"20115",2350222,28,0,"1",.,"A",.,"A",.,"A",.,"A",.,"A",.,"A",.,"A",.,"A",.,"A",.,"A",.,"A",.,"A",.,"A",.,"A",.,"A"
"20115",2350254,38,0,"1",.,"A",.,"A",.,"A",45,"D",.,"A",.,"A",325,"D",390,"D",.,"A",.,"A",.,"A",.,"A",.,"A",.,"A",.,"A"
"20115",2350272,27,0,"1",.,"A",.,"A",.,"A",.,"A",.,"A",.,"A",260,"D",.,"A",15,"D",.,"A",.,"A",.,"A",.,"A",.,"A",.,"A"
"20115",2350332,40,0,"1",.,"A",.,"A",.,"A",.,"A",.,"A",.,"A",.,"A",.,"A",.,"A",.,"A",.,"A",.,"A",65,"D",.,"A",.,"A"
"20115",2350355,50,0,"1",.,"A",.,"A",.,"A",.,"A",.,"A",.,"A",.,"A",.,"A",.,"A",.,"A",.,"A",.,"A",200,"D",.,"A",.,"A"
"20115",2350392,41,0,"1",.,"A",.,"A",.,"A",.,"A",.,"A",.,"A",.,"A",.,"A",.,"A",.,"A",.,"A",.,"A",.,"A",.,"A",.,"A"
"20115",2350402,49,0,"1",.,"A",.,"A",.,"A",.,"A",.,"A",.,"A",325,"D",.,"A",.,"A",.,"A",.,"A",.,"A",.,"A",.,"A",.,"A"
"20115",2350413,26,0,"1",.,"A",.,"A",.,"A",.,"A",.,"A",.,"A",.,"A",.,"A",.,"A",.,"A",.,"A",.,"A",.,"A",.,"A",.,"A"
"20115",2350432,24,0,"1",.,"A",.,"A",.,"A",80,"D",.,"A",.,"A",.,"A",.,"A",.,"A",24,"D",0,"D",0,"D",15,"D",8,"D",.,"A"
"20115",2350442,43,0,"1",.,"A",.,"A",.,"A",.,"A",.,"A",.,"A",.,"A",.,"A",.,"A",.,"A",.,"A",.,"A",.,"A",.,"A",.,"A"
"20115",2350462,31,0,"1",.,"A",.,"A",.,"A",80,"D",90,"D",.,"A",65,"D",.,"A",.,"A",300,"D",0,"D",0,"D",.,"A",100,"D",.,"A"
"20115",2350472,33,0,"1",.,"A",.,"A",.,"A",.,"A",.,"A",.,"A",.,"A",.,"A",.,"A",.,"A",.,"A",.,"A",.,"A",.,"A",.,"A"
"20115",2350492,29,0,"1",.,"A",.,"A",.,"A",.,"A",.,"A",.,"A",234,"D",.,"A",.,"A",.,"A",.,"A",.,"A",.,"A",.,"A",.,"A"
"20115",2350542,41,0,"1",.,"A",.,"A",.,"A",.,"A",.,"A",.,"A",.,"A",.,"A",.,"A",.,"A",.,"A",.,"A",.,"A",.,"A",.,"A"
"20115",2350562,44,0,"1",.,"A",.,"A",.,"A",.,"A",.,"A",.,"A",.,"A",.,"A",.,"A",.,"A",.,"A",.,"A",45,"D",.,"A",.,"A"
"20115",2350572,70,0,"1",.,"A",.,"A",.,"A",.,"A",.,"A",.,"A",390,"D",390,"D",18,"D",.,"A",.,"A",.,"A",.,"A",.,"A",.,"A"
"20115",2350592,33,0,"1",.,"A",.,"A",.,"A",.,"A",.,"A",.,"A",.,"A",.,"A",.,"A",.,"A",.,"A",.,"A",.,"A",.,"A",.,"A"
"20115",2350602,55,0,"1",.,"A",.,"A",.,"A",.,"A",.,"A",30,"D",.,"A",.,"A",.,"A",.,"A",.,"A",.,"A",10,"D",.,"A",.,"A"
"20115",2350622,55,0,"1",.,"A",.,"A",.,"A",.,"A",.,"A",.,"A",.,"A",.,"A",.,"A",.,"A",.,"A",.,"A",300,"D",.,"A",.,"A"
"20115",2350652,54,0,"1",.,"A",.,"A",.,"A",.,"A",.,"A",.,"A",.,"A",.,"A",18,"D",.,"A",.,"A",.,"A",90,"D",.,"A",.,"A"
"20115",2350662,39,0,"1",.,"A",.,"A",.,"A",.,"A",.,"A",.,"A",195,"D",.,"A",.,"A",.,"A",.,"A",.,"A",.,"A",.,"A",.,"A"
"20115",2350672,39,0,"1",.,"A",.,"A",.,"A",.,"A",.,"A",.,"A",.,"A",.,"A",.,"A",.,"A",.,"A",.,"A",.,"A",.,"A",.,"A"
"20115",2350692,29,0,"1",.,"A",.,"A",.,"A",.,"A",.,"A",.,"A",.,"A",.,"A",.,"A",.,"A",.,"A",.,"A",300,"D",.,"A",.,"A"
"20115",2350734,26,0,"1",.,"A",.,"A",.,"A",.,"A",120,"D",.,"A",.,"A",.,"A",.,"A",.,"A",.,"A",.,"A",.,"A",.,"A",.,"A"
"20115",2350753,56,0,"1",.,"A",.,"A",.,"A",.,"A",.,"A",.,"A",.,"A",.,"A",.,"A",.,"A",.,"A",.,"A",60,"D",.,"A",.,"A"
"20115",2350765,59,0,"1",.,"A",.,"A",.,"A",.,"A",.,"A",.,"A",.,"A",.,"A",9,"D",.,"A",.,"A",.,"A",45,"D",.,"A",.,"A"
"20115",2350782,38,0,"1",.,"A",.,"A",.,"A",.,"A",240,"D",.,"A",520,"D",.,"A",.,"A",.,"A",.,"A",.,"A",320,"D",.,"A",.,"A"
"20115",2350792,29,0,"1",.,"A",.,"A",.,"A",.,"A",9,"D",.,"A",.,"A",.,"A",.,"A",.,"A",.,"A",.,"A",136,"D",.,"A",.,"A"
"20115",2350812,30,0,"1",.,"A",.,"A",.,"A",.,"A",.,"A",.,"A",.,"A",.,"A",.,"A",.,"A",.,"A",.,"A",.,"A",.,"A",.,"A"
"20115",2350852,94,0,"1",.,"A",.,"A",.,"A",.,"A",.,"A",.,"A",.,"A",.,"A",.,"A",.,"A",.,"A",.,"A",125,"D",.,"A",.,"A"
"20115",2350862,32,0,"1",.,"A",.,"A",.,"A",.,"A",.,"A",.,"A",.,"A",.,"A",.,"A",.,"A",.,"A",.,"A",70,"D",.,"A",.,"A"
"20115",2350872,43,0,"1",.,"A",.,"A",.,"A",.,"A",.,"A",.,"A",.,"A",260,"D",.,"A",.,"A",.,"A",.,"A",30,"D",.,"A",.,"A"
"20115",2350882,39,0,"1",.,"A",.,"A",.,"A",.,"A",40,"D",.,"A",.,"A",.,"A",.,"A",.,"A",.,"A",.,"A",60,"D",.,"A",.,"A"
"20115",2350892,57,0,"1",.,"A",.,"A",.,"A",.,"A",.,"A",10,"D",.,"A",.,"A",.,"A",.,"A",.,"A",.,"A",105,"D",.,"A",.,"A"
"20115",2350902,43,0,"1",.,"A",.,"A",.,"A",40,"D",.,"A",.,"A",.,"A",.,"A",.,"A",.,"A",.,"A",.,"A",40,"D",.,"A",.,"A"
"20115",2350912,51,0,"1",.,"A",.,"A",.,"A",.,"A",.,"A",.,"A",.,"A",.,"A",.,"A",.,"A",.,"A",.,"A",45,"D",.,"A",.,"A"
"20115",2350922,42,0,"1",.,"A",.,"A",.,"A",.,"A",.,"A",.,"A",.,"A",.,"A",.,"A",.,"A",.,"A",.,"A",.,"A",.,"A",.,"A"
"20115",2350942,50,0,"1",.,"A",.,"A",.,"A",.,"A",.,"A",.,"A",.,"A",.,"A",.,"A",.,"A",.,"A",.,"A",.,"A",.,"A",.,"A"
"20115",2350955,29,0,"1",.,"A",.,"A",.,"A",.,"A",40,"D",.,"A",.,"A",.,"A",.,"A",.,"A",.,"A",.,"A",.,"A",.,"A",.,"A"
"20115",2350962,58,0,"1",.,"A",.,"A",.,"A",.,"A",.,"A",.,"A",.,"A",.,"A",.,"A",.,"A",.,"A",.,"A",110,"D",.,"A",.,"A"
"20115",2350972,65,0,"1",.,"A",.,"A",13,"D",.,"A",.,"A",.,"A",.,"A",.,"A",.,"A",.,"A",.,"A",.,"A",.,"A",.,"A",.,"A"
"20115",2350982,88,0,"1",.,"A",.,"A",.,"A",.,"A",.,"A",200,"D",.,"A",.,"A",15,"D",.,"A",.,"A",.,"A",400,"D",.,"A",.,"A"
"20115",2351002,36,0,"1",.,"A",.,"A",.,"A",.,"A",.,"A",.,"A",.,"A",.,"A",.,"A",.,"A",.,"A",.,"A",.,"A",.,"A",.,"A"
"20115",2351012,60,0,"1",.,"A",.,"A",.,"A",.,"A",.,"A",.,"A",.,"A",.,"A",.,"A",.,"A",.,"A",.,"A",65,"D",.,"A",.,"A"
"20115",2351022,52,0,"1",.,"A",.,"A",.,"A",.,"A",.,"A",.,"A",.,"A",.,"A",.,"A",.,"A",.,"A",.,"A",60,"D",.,"A",.,"A"
"20115",2351032,36,0,"1",.,"A",.,"A",.,"A",.,"A",.,"A",.,"A",.,"A",.,"A",.,"A",.,"A",.,"A",.,"A",75,"D",.,"A",.,"A"
"20115",2351054,50,0,"1",.,"A",.,"A",.,"A",.,"A",.,"A",.,"A",.,"A",.,"A",.,"A",.,"A",.,"A",.,"A",.,"A",.,"A",.,"A"
"20115",2351062,51,0,"1",.,"A",10,"D",.,"A",.,"A",.,"A",40,"D",.,"A",.,"A",18,"D",0,"D",0,"D",24,"D",35,"D",0,"D",.,"A"
"20115",2351082,56,0,"1",.,"A",.,"A",.,"A",.,"A",.,"A",.,"A",.,"A",.,"A",.,"A",.,"A",.,"A",.,"A",150,"D",.,"A",.,"A"
"20115",2351092,84,0,"1",.,"A",.,"A",40,"D",.,"A",.,"A",.,"A",.,"A",.,"A",.,"A",.,"A",.,"A",.,"A",12,"D",.,"A",.,"A"
"20115",2351102,85,0,"1",.,"A",.,"A",.,"A",.,"A",.,"A",.,"A",650,"D",.,"A",.,"A",.,"A",.,"A",.,"A",270,"D",.,"A",.,"A"
"20115",2351112,46,0,"1",.,"A",.,"A",.,"A",.,"A",.,"A",.,"A",.,"A",.,"A",.,"A",.,"A",.,"A",.,"A",.,"A",.,"A",.,"A"
"20115",2351152,63,0,"1",.,"A",.,"A",.,"A",.,"A",.,"A",.,"A",.,"A",.,"A",30,"D",.,"A",.,"A",.,"A",180,"D",.,"A",.,"A"
"20115",2351172,48,0,"1",.,"A",.,"A",.,"A",.,"A",.,"A",.,"A",.,"A",.,"A",.,"A",.,"A",.,"A",.,"A",.,"A",.,"A",.,"A"
"20115",2351182,27,0,"1",.,"A",.,"A",.,"A",.,"A",.,"A",.,"A",.,"A",.,"A",.,"A",.,"A",.,"A",.,"A",.,"A",.,"A",.,"A"
"20115",2351212,40,0,"1",.,"A",.,"A",.,"A",.,"A",.,"A",.,"A",390,"D",.,"A",.,"A",.,"A",.,"A",.,"A",.,"A",.,"A",.,"A"
"20115",2351222,71,0,"1",.,"A",.,"A",24,"D",.,"A",.,"A",.,"A",975,"D",.,"A",.,"A",.,"A",.,"A",.,"A",85,"D",.,"A",.,"A"
"20115",2351242,56,0,"1",.,"A",.,"A",.,"A",.,"A",.,"A",.,"A",.,"A",.,"A",.,"A",600,"D",0,"D",0,"D",100,"D",200,"D",.,"A"
"20115",2351262,75,0,"1",.,"A",.,"A",.,"A",.,"A",.,"A",.,"A",.,"A",130,"D",24,"D",.,"A",.,"A",.,"A",140,"D",.,"A",.,"A"
"20115",2351305,26,0,"1",.,"A",.,"A",.,"A",.,"A",40,"D",.,"A",.,"A",.,"A",.,"A",.,"A",.,"A",.,"A",.,"A",.,"A",.,"A"
"20115",2351332,54,0,"1",.,"A",.,"A",.,"A",.,"A",.,"A",.,"A",.,"A",.,"A",.,"A",.,"A",.,"A",.,"A",60,"D",.,"A",.,"A"
"20115",2351345,85,0,"1",.,"A",.,"A",.,"A",.,"A",.,"A",10,"D",195,"D",.,"A",.,"A",.,"A",.,"A",.,"A",30,"D",.,"A",.,"A"
"20115",2351365,30,0,"1",.,"A",.,"A",.,"A",.,"A",.,"A",.,"A",.,"A",.,"A",90,"D",.,"A",.,"A",.,"A",.,"A",.,"A",.,"A"
"20115",2351382,70,0,"1",.,"A",.,"A",.,"A",.,"A",.,"A",.,"A",130,"D",.,"A",.,"A",.,"A",.,"A",.,"A",90,"D",.,"A",.,"A"
"20115",2351404,41,0,"1",.,"A",.,"A",.,"A",.,"A",.,"A",.,"A",.,"A",.,"A",.,"A",.,"A",.,"A",.,"A",.,"A",.,"A",.,"A"
"20115",2351412,23,0,"1",.,"A",.,"A",.,"A",.,"A",10,"D",45,"D",.,"A",.,"A",.,"A",.,"A",.,"A",.,"A",20,"D",.,"A",.,"A"
"20115",2351432,46,0,"1",.,"A",.,"A",.,"A",.,"A",.,"A",150,"D",.,"A",.,"A",.,"A",.,"A",.,"A",.,"A",55,"D",.,"A",.,"A"
"20115",2351444,33,0,"1",.,"A",.,"A",.,"A",.,"A",.,"A",.,"A",.,"A",.,"A",.,"A",.,"A",.,"A",.,"A",.,"A",.,"A",.,"A"
"20115",2351482,46,0,"1",.,"A",.,"A",.,"A",.,"A",.,"A",.,"A",.,"A",.,"A",.,"A",.,"A",.,"A",.,"A",60,"D",.,"A",.,"A"
"20115",2351495,25,0,"1",.,"A",.,"A",.,"A",.,"A",.,"A",.,"A",.,"A",.,"A",.,"A",450,"D",0,"D",0,"D",160,"D",150,"D",.,"A"
"20115",2351502,41,0,"1",.,"A",.,"A",.,"A",.,"A",.,"A",.,"A",.,"A",.,"A",.,"A",.,"A",.,"A",.,"A",.,"A",.,"A",.,"A"
"20115",2351522,31,0,"1",.,"A",.,"A",.,"A",.,"A",.,"A",.,"A",.,"A",.,"A",.,"A",.,"A",.,"A",.,"A",.,"A",.,"A",.,"A"
"20115",2351532,45,0,"1",.,"A",.,"A",.,"A",.,"A",.,"A",.,"A",1170,"D",.,"A",.,"A",.,"A",.,"A",.,"A",40,"D",.,"A",.,"A"
"20115",2351542,47,0,"1",.,"A",.,"A",.,"A",90,"D",.,"A",.,"A",520,"F",.,"A",24,"D",0,"D",0,"D",24,"D",.,"A",0,"D",.,"A"
"20115",2351552,26,0,"1",.,"A",.,"A",.,"A",50,"D",.,"A",.,"A",.,"A",.,"A",.,"A",.,"A",.,"A",.,"A",11,"D",.,"A",.,"A"
"20115",2351582,48,0,"1",.,"A",.,"A",.,"A",.,"A",.,"A",.,"A",.,"A",.,"A",.,"A",.,"A",.,"A",.,"A",.,"A",.,"A",.,"A"
"20115",2351604,26,0,"1",.,"A",.,"A",.,"A",90,"D",.,"A",.,"A",468,"D",.,"A",.,"A",.,"A",.,"A",.,"A",.,"A",.,"A",.,"A"
"20115",2351612,73,0,"1",.,"A",.,"A",.,"A",.,"A",.,"A",20,"D",.,"A",.,"A",.,"A",.,"A",.,"A",.,"A",75,"D",.,"A",.,"A"
"20115",2351622,73,0,"1",.,"A",.,"A",.,"A",.,"A",.,"A",.,"A",.,"A",.,"A",18,"D",.,"A",.,"A",.,"A",45,"D",.,"A",.,"A"
"20115",2351632,39,0,"1",.,"A",.,"A",.,"A",.,"A",.,"A",.,"A",.,"A",.,"A",.,"A",.,"A",.,"A",.,"A",.,"A",.,"A",.,"A"
"20115",2351662,26,0,"1",.,"A",.,"A",.,"A",.,"A",.,"A",.,"A",.,"A",.,"A",.,"A",.,"A",.,"A",.,"A",.,"A",.,"A",.,"A"
"20115",2351682,25,0,"1",.,"A",.,"A",.,"A",.,"A",.,"A",.,"A",.,"A",.,"A",.,"A",.,"A",.,"A",.,"A",12,"D",.,"A",.,"A"
"20115",2351702,62,0,"1",6,"D",.,"A",.,"A",.,"A",0,"D",.,"A",.,"A",.,"A",.,"A",.,"A",.,"A",.,"A",240,"D",.,"A",.,"A"
"20115",2351712,27,0,"1",.,"A",.,"A",.,"A",.,"A",50,"D",.,"A",.,"A",.,"A",.,"A",90,"D",0,"D",0,"D",.,"A",30,"D",.,"A"
"20115",2351752,45,0,"1",.,"A",.,"A",.,"A",.,"A",.,"A",.,"A",.,"A",.,"A",.,"A",.,"A",.,"A",.,"A",.,"A",.,"A",.,"A"
"20115",2351762,90,0,"1",.,"A",.,"A",.,"A",.,"A",.,"A",80,"D",.,"A",.,"A",.,"A",.,"A",.,"A",.,"A",280,"D",.,"A",.,"A"
"20115",2351802,39,0,"1",.,"A",.,"A",.,"A",.,"A",.,"A",.,"A",.,"A",.,"A",.,"A",.,"A",.,"A",.,"A",12,"D",.,"A",.,"A"
"20115",2351822,29,0,"1",.,"A",.,"A",.,"A",.,"A",.,"A",.,"A",.,"A",.,"A",.,"A",.,"A",.,"A",.,"A",138,"D",.,"A",.,"A"
"20115",2351832,48,0,"1",.,"A",.,"A",.,"A",.,"A",.,"A",.,"A",.,"A",195,"D",.,"A",.,"A",.,"A",.,"A",.,"A",.,"A",.,"A"
"20115",2351852,36,0,"1",.,"A",.,"A",.,"A",.,"A",90,"D",.,"A",.,"A",.,"A",.,"A",.,"A",.,"A",.,"A",200,"D",.,"A",.,"A"
"20115",2351865,38,0,"1",.,"A",.,"A",.,"A",.,"A",.,"A",.,"A",.,"A",.,"A",.,"A",0,"D",0,"D",0,"D",15,"D",0,"D",.,"A"
"20115",2351882,28,0,"1",.,"A",.,"A",.,"A",.,"A",15,"D",.,"A",.,"A",.,"A",.,"A",135,"D",0,"D",0,"D",.,"A",45,"D",.,"A"
"20115",2351892,24,0,"1",.,"A",.,"A",.,"A",.,"A",.,"A",.,"A",260,"D",.,"A",.,"A",.,"A",.,"A",.,"A",.,"A",.,"A",.,"A"
"20115",2351912,52,0,"1",.,"A",.,"A",.,"A",.,"A",.,"A",.,"A",.,"A",.,"A",.,"A",.,"A",.,"A",.,"A",75,"D",.,"A",.,"A"
"20115",2351942,45,0,"1",.,"A",.,"A",.,"A",.,"A",.,"A",.,"A",.,"A",.,"A",.,"A",300,"D",0,"D",0,"D",.,"A",100,"D",.,"A"
"20115",2351962,35,0,"1",.,"A",.,"A",.,"A",.,"A",.,"A",.,"A",.,"A",.,"A",.,"A",.,"A",.,"A",.,"A",.,"A",.,"A",.,"A"
"20115",2351972,72,0,"1",.,"A",.,"A",.,"A",.,"A",.,"A",.,"A",.,"A",.,"A",.,"A",.,"A",.,"A",.,"A",65,"D",.,"A",.,"A"
"20115",2351982,50,0,"1",.,"A",.,"A",.,"A",.,"A",.,"A",.,"A",.,"A",.,"A",.,"A",.,"A",.,"A",.,"A",.,"A",.,"A",.,"A"
"20115",2352012,54,0,"1",.,"A",.,"A",.,"A",.,"A",.,"A",.,"A",585,"D",.,"A",.,"A",.,"A",.,"A",.,"A",50,"D",.,"A",.,"A"
"20115",2352032,74,0,"1",.,"A",.,"A",.,"A",.,"A",.,"A",.,"A",1820,"D",.,"A",.,"A",.,"A",.,"A",.,"A",200,"D",.,"A",.,"A"
"20115",2352042,37,0,"1",.,"A",.,"A",.,"A",.,"A",.,"A",.,"A",52,"D",.,"A",.,"A",.,"A",.,"A",.,"A",.,"A",.,"A",.,"A"
"20115",2352072,43,0,"1",.,"A",.,"A",.,"A",.,"A",.,"A",.,"A",.,"A",.,"A",.,"A",.,"A",.,"A",.,"A",.,"A",.,"A",.,"A"
"20115",2352112,42,0,"1",.,"A",.,"A",.,"A",.,"A",.,"A",.,"A",312,"D",.,"A",.,"A",.,"A",.,"A",.,"A",.,"A",.,"A",.,"A"
"20115",2352152,47,0,"1",.,"A",.,"A",.,"A",.,"A",.,"A",.,"A",.,"A",.,"A",.,"A",.,"A",.,"A",.,"A",80,"D",.,"A",.,"A"
"20115",2352162,45,0,"1",.,"A",.,"A",.,"A",.,"A",.,"A",.,"A",.,"A",.,"A",.,"A",.,"A",.,"A",.,"A",.,"A",.,"A",.,"A"
"20115",2352202,38,0,"1",.,"A",.,"A",.,"A",.,"A",.,"A",.,"A",.,"A",.,"A",.,"A",.,"A",.,"A",.,"A",.,"A",.,"A",.,"A"
"20115",2352232,35,0,"1",.,"A",.,"A",.,"A",.,"A",.,"A",.,"A",.,"A",.,"A",.,"A",.,"A",.,"A",.,"A",.,"A",.,"A",.,"A"
"20115",2352244,23,0,"1",.,"A",.,"A",.,"A",.,"A",.,"A",.,"A",325,"D",.,"A",.,"A",.,"A",.,"A",.,"A",.,"A",.,"A",.,"A"
"20115",2352252,86,0,"1",.,"A",.,"A",.,"A",.,"A",.,"A",.,"A",.,"A",.,"A",.,"A",.,"A",.,"A",.,"A",120,"D",.,"A",.,"A"
"20115",2352262,36,0,"1",.,"A",.,"A",.,"A",.,"A",.,"A",.,"A",.,"A",.,"A",.,"A",.,"A",.,"A",.,"A",50,"D",.,"A",.,"A"
"20115",2352292,39,0,"1",.,"A",.,"A",.,"A",.,"A",.,"A",.,"A",.,"A",.,"A",.,"A",.,"A",.,"A",.,"A",48,"D",.,"A",.,"A"
"20115",2352302,91,0,"1",.,"A",.,"A",.,"A",21,"D",.,"A",13,"D",.,"A",.,"A",.,"A",.,"A",.,"A",.,"A",180,"D",.,"A",.,"A"
"20115",2352332,37,0,"1",.,"A",.,"A",.,"A",.,"A",.,"A",.,"A",.,"A",.,"A",.,"A",.,"A",.,"A",.,"A",.,"A",.,"A",.,"A"
"20115",2352352,66,0,"1",.,"A",.,"A",.,"A",.,"A",.,"A",.,"A",.,"A",.,"A",.,"A",.,"A",.,"A",.,"A",80,"D",.,"A",.,"A"
"20115",2352362,42,0,"1",.,"A",.,"A",.,"A",.,"A",.,"A",420,"D",.,"A",.,"A",.,"A",.,"A",.,"A",.,"A",240,"D",.,"A",.,"A"
"20115",2352375,39,0,"1",20,"D",.,"A",.,"A",.,"A",25,"D",.,"A",325,"D",.,"A",.,"A",.,"A",.,"A",.,"A",.,"A",.,"A",.,"A"
"20115",2352392,57,0,"1",6,"D",.,"A",.,"A",.,"A",59,"D",.,"A",39,"D",.,"A",.,"A",.,"A",.,"A",.,"A",25,"D",.,"A",.,"A"
"20115",2352412,64,0,"1",.,"A",.,"A",.,"A",.,"A",.,"A",.,"A",.,"A",.,"A",.,"A",.,"A",.,"A",.,"A",50,"D",.,"A",.,"A"
"20115",2352422,35,0,"1",.,"A",.,"A",.,"A",.,"A",.,"A",.,"A",.,"A",.,"A",15,"D",.,"A",.,"A",.,"A",150,"D",.,"A",.,"A"
"20115",2352452,34,0,"1",.,"A",.,"A",.,"A",.,"A",60,"D",.,"A",728,"D",.,"A",.,"A",.,"A",.,"A",.,"A",.,"A",.,"A",.,"A"
"20115",2352462,61,0,"1",.,"A",.,"A",.,"A",.,"A",.,"A",14,"D",390,"D",.,"A",.,"A",.,"A",.,"A",.,"A",40,"D",.,"A",.,"A"
"20115",2352472,38,0,"1",5,"D",.,"A",.,"A",.,"A",35,"D",.,"A",.,"A",.,"A",.,"A",.,"A",.,"A",.,"A",120,"D",.,"A",.,"A"
"20115",2352482,58,0,"1",.,"A",.,"A",.,"A",.,"A",.,"A",.,"A",.,"A",.,"A",.,"A",.,"A",.,"A",.,"A",45,"D",.,"A",.,"A"
"20115",2352492,90,0,"1",.,"A",.,"A",.,"A",.,"A",.,"A",.,"A",130,"D",.,"A",.,"A",.,"A",.,"A",.,"A",210,"D",.,"A",.,"A"
"20115",2352502,28,0,"1",.,"A",.,"A",.,"A",.,"A",.,"A",.,"A",.,"A",.,"A",.,"A",240,"F",237,"D",120,"F",45,"D",.,"C",.,"A"
"20115",2352512,33,0,"1",.,"A",.,"A",.,"A",120,"D",.,"A",.,"A",.,"A",.,"A",.,"A",.,"A",.,"A",.,"A",70,"D",.,"A",.,"A"
"20115",2352522,51,0,"1",.,"A",.,"A",.,"A",.,"A",.,"A",.,"A",.,"A",.,"A",.,"A",.,"A",.,"A",.,"A",.,"A",.,"A",.,"A"
"20115",2352532,38,0,"1",.,"A",.,"A",.,"A",.,"A",.,"A",.,"A",.,"A",.,"A",.,"A",.,"A",.,"A",.,"A",.,"A",.,"A",.,"A"
"20115",2352555,25,0,"1",.,"A",.,"A",.,"A",.,"A",12,"D",.,"A",.,"A",.,"A",.,"A",.,"A",.,"A",.,"A",.,"A",.,"A",.,"A"
"20115",2352562,60,0,"1",.,"A",.,"A",30,"D",.,"A",.,"A",.,"A",2600,"D",.,"A",.,"A",.,"A",.,"A",.,"A",145,"D",.,"A",.,"A"
"20115",2352572,50,0,"1",.,"A",.,"A",.,"A",.,"A",.,"A",.,"A",.,"A",.,"A",.,"A",.,"A",.,"A",.,"A",.,"A",.,"A",.,"A"
"20115",2352592,38,0,"1",.,"A",.,"A",.,"A",.,"A",.,"A",.,"A",104,"D",.,"A",.,"A",.,"A",.,"A",.,"A",27,"D",.,"A",.,"A"
"20115",2352615,42,0,"1",.,"A",.,"A",.,"A",.,"A",.,"A",.,"A",.,"A",.,"A",.,"A",.,"A",.,"A",.,"A",.,"A",.,"A",.,"A"
"20115",2352622,35,0,"1",.,"A",.,"A",.,"A",.,"A",.,"A",.,"A",.,"A",.,"A",.,"A",.,"A",.,"A",.,"A",.,"A",.,"A",.,"A"
"20115",2352642,47,0,"1",.,"A",.,"A",.,"A",.,"A",.,"A",.,"A",.,"A",.,"A",.,"A",.,"A",.,"A",.,"A",30,"D",.,"A",.,"A"
"20115",2352662,93,0,"1",.,"A",.,"A",.,"A",.,"A",.,"A",30,"D",.,"A",.,"A",.,"A",.,"A",.,"A",.,"A",126,"D",.,"A",.,"A"
"20115",2352682,40,0,"1",.,"A",.,"A",.,"A",.,"A",.,"A",.,"A",.,"A",.,"A",.,"A",.,"A",.,"A",.,"A",390,"D",.,"A",.,"A"
"20115",2352692,43,0,"1",.,"A",.,"A",.,"A",.,"A",.,"A",.,"A",.,"A",.,"A",.,"A",.,"A",.,"A",.,"A",.,"A",.,"A",.,"A"
"20115",2352762,40,0,"1",.,"A",.,"A",.,"A",.,"A",.,"A",.,"A",.,"A",.,"A",.,"A",.,"A",.,"A",.,"A",.,"A",.,"A",.,"A"
"20115",2352782,55,0,"1",.,"A",.,"A",.,"A",.,"A",.,"A",.,"A",.,"A",.,"A",.,"A",0,"D",285,"D",0,"D",.,"A",0,"D",.,"A"
"20115",2352792,40,0,"1",.,"A",.,"A",.,"A",.,"A",52,"D",.,"A",.,"A",.,"A",.,"A",.,"A",.,"A",.,"A",120,"D",.,"A",.,"A"
"20115",2352802,46,0,"1",.,"A",.,"A",.,"A",.,"A",.,"A",.,"A",.,"A",.,"A",.,"A",.,"A",.,"A",.,"A",.,"A",.,"A",.,"A"
"20115",2352812,46,0,"1",.,"A",.,"A",.,"A",.,"A",.,"A",.,"A",.,"A",.,"A",.,"A",.,"A",.,"A",.,"A",.,"A",.,"A",.,"A"
"20115",2352822,62,0,"1",.,"A",.,"A",.,"A",.,"A",.,"A",50,"D",.,"A",.,"A",.,"A",.,"A",.,"A",.,"A",110,"D",.,"A",.,"A"
"20115",2352832,29,0,"1",.,"A",.,"A",.,"A",.,"A",360,"D",.,"A",.,"A",.,"A",27,"D",90,"D",0,"D",0,"D",.,"A",30,"D",.,"A"
"20115",2352842,50,0,"1",.,"A",.,"A",.,"A",.,"A",.,"A",.,"A",390,"D",.,"A",.,"A",.,"A",.,"A",.,"A",15,"D",.,"A",.,"A"
"20115",2352852,39,0,"1",5,"D",.,"A",.,"A",.,"A",25,"D",.,"A",.,"A",.,"A",.,"A",.,"A",.,"A",.,"A",.,"A",.,"A",.,"A"
"20115",2352862,55,0,"1",.,"A",.,"A",.,"A",.,"A",.,"A",.,"A",1300,"D",.,"A",.,"A",.,"A",.,"A",.,"A",.,"A",.,"A",.,"A"
"20115",2352892,23,0,"1",.,"A",.,"A",.,"A",.,"A",.,"A",.,"A",.,"A",.,"A",.,"A",.,"A",.,"A",.,"A",.,"A",.,"A",.,"A"
"20115",2352912,45,0,"1",.,"A",.,"A",.,"A",.,"A",.,"A",.,"A",.,"A",.,"A",.,"A",.,"A",.,"A",.,"A",60,"D",.,"A",.,"A"
"20115",2352922,50,0,"1",.,"A",.,"A",.,"A",.,"A",.,"A",.,"A",.,"A",.,"A",.,"A",.,"A",.,"A",.,"A",84,"D",.,"A",.,"A"
"20115",2352942,62,0,"1",.,"A",.,"A",.,"A",.,"A",.,"A",.,"A",.,"A",.,"A",.,"A",.,"A",.,"A",.,"A",105,"D",.,"A",.,"A"
"20115",2352952,97,0,"1",.,"A",.,"A",.,"A",.,"A",.,"A",80,"D",.,"A",.,"A",.,"A",.,"A",.,"A",.,"A",600,"D",.,"A",.,"A"
"20115",2352973,34,0,"1",.,"A",.,"A",.,"A",.,"A",12,"D",.,"A",.,"A",.,"A",.,"A",.,"A",.,"A",.,"A",.,"A",.,"A",.,"A"
"20115",2353022,40,0,"1",.,"A",.,"A",.,"A",.,"A",.,"A",.,"A",.,"A",.,"A",.,"A",.,"A",.,"A",.,"A",150,"D",.,"A",.,"A"
"20115",2353052,67,0,"1",.,"A",.,"A",.,"A",.,"A",.,"A",.,"A",429,"D",.,"A",.,"A",.,"A",.,"A",.,"A",15,"D",.,"A",.,"A"
"20115",2353062,108,0,"1",.,"A",.,"A",.,"A",.,"A",.,"A",.,"A",156,"D",.,"A",60,"D",.,"A",.,"A",.,"A",150,"D",.,"A",.,"A"
"20115",2353072,59,0,"1",.,"A",.,"A",.,"A",.,"A",.,"A",.,"A",.,"A",.,"A",.,"A",.,"A",.,"A",.,"A",.,"A",.,"A",.,"A"
"20115",2353085,26,0,"1",.,"A",.,"A",.,"A",.,"A",60,"D",.,"A",.,"A",.,"A",.,"A",.,"A",.,"A",.,"A",.,"A",.,"A",.,"A"
"20115",2353112,51,0,"1",.,"A",.,"A",.,"A",.,"A",.,"A",120,"D",.,"A",.,"A",.,"A",.,"A",.,"A",.,"A",300,"D",.,"A",.,"A"
"20115",2353122,26,0,"1",8,"F",.,"A",.,"A",80,"F",60,"F",.,"A",.,"A",.,"A",.,"A",45,"F",45,"F",30,"F",.,"A",.,"C",.,"A"
"20115",2353132,87,0,"1",.,"A",.,"A",50,"D",.,"A",.,"A",.,"A",.,"A",.,"A",.,"A",.,"A",.,"A",.,"A",65,"D",.,"A",.,"A"
"20115",2353142,61,0,"1",.,"A",.,"A",.,"A",.,"A",.,"A",40,"D",.,"A",.,"A",.,"A",0,"D",0,"D",60,"D",260,"D",0,"D",.,"A"
"20115",2353162,33,0,"1",.,"A",.,"A",.,"A",.,"A",.,"A",.,"A",.,"A",.,"A",.,"A",.,"A",.,"A",.,"A",.,"A",.,"A",.,"A"
"20115",2353172,30,0,"1",.,"A",.,"A",.,"A",.,"A",100,"D",.,"A",.,"A",.,"A",.,"A",.,"A",.,"A",.,"A",100,"D",.,"A",.,"A"
"20115",2353182,65,0,"1",.,"A",.,"A",15,"D",.,"A",.,"A",.,"A",390,"D",.,"A",.,"A",.,"A",.,"A",.,"A",.,"A",.,"A",.,"A"
"20115",2353192,23,0,"1",30,"D",.,"A",.,"A",.,"A",60,"D",.,"A",.,"A",.,"A",.,"A",.,"A",.,"A",.,"A",36,"D",.,"A",.,"A"
"20115",2353212,43,0,"1",.,"A",.,"A",.,"A",.,"A",.,"A",.,"A",.,"A",.,"A",.,"A",.,"A",.,"A",.,"A",30,"D",.,"A",.,"A"
"20115",2353242,28,0,"1",.,"A",.,"A",.,"A",.,"A",.,"A",.,"A",.,"A",.,"A",.,"A",600,"D",0,"D",0,"D",.,"A",200,"D",.,"A"
"20115",2353252,48,0,"1",.,"A",.,"A",.,"A",.,"A",.,"A",.,"A",.,"A",.,"A",.,"A",.,"A",.,"A",.,"A",60,"D",.,"A",.,"A"
"20115",2353272,43,0,"1",.,"A",.,"A",.,"A",.,"A",.,"A",.,"A",.,"A",.,"A",.,"A",.,"A",.,"A",.,"A",.,"A",.,"A",.,"A"
"20115",2353282,53,0,"1",.,"A",.,"A",.,"A",.,"A",.,"A",.,"A",.,"A",.,"A",.,"A",.,"A",.,"A",.,"A",105,"D",.,"A",.,"A"
"20115",2353292,23,0,"1",.,"A",.,"A",.,"A",.,"A",.,"A",.,"A",.,"A",.,"A",.,"A",.,"A",.,"A",.,"A",.,"A",.,"A",.,"A"
"20115",2353352,55,0,"1",.,"A",.,"A",.,"A",.,"A",.,"A",.,"A",.,"A",.,"A",.,"A",.,"A",.,"A",.,"A",165,"D",.,"A",.,"A"
"20115",2353362,35,0,"1",.,"A",.,"A",.,"A",.,"A",.,"A",.,"A",.,"A",.,"A",.,"A",.,"A",.,"A",.,"A",120,"D",.,"A",.,"A"
"20115",2353372,29,0,"1",.,"A",.,"A",.,"A",.,"A",.,"A",.,"A",.,"A",.,"A",.,"A",.,"A",.,"A",.,"A",.,"A",.,"A",.,"A"
"20115",2353382,48,0,"1",.,"A",.,"A",.,"A",.,"A",.,"A",.,"A",.,"A",.,"A",.,"A",.,"A",.,"A",.,"A",30,"D",.,"A",.,"A"
"20115",2353392,34,0,"1",.,"A",.,"A",.,"A",.,"A",.,"A",.,"A",.,"A",117,"D",.,"A",.,"A",.,"A",.,"A",30,"D",.,"A",.,"A"
"20115",2353402,91,0,"1",.,"A",.,"A",.,"A",.,"A",.,"A",.,"A",.,"A",.,"A",.,"A",.,"A",.,"A",.,"A",29,"D",.,"A",.,"A"
"20115",2353412,56,0,"1",.,"A",.,"A",.,"A",.,"A",.,"A",.,"A",.,"A",.,"A",.,"A",.,"A",.,"A",.,"A",.,"A",.,"A",.,"A"
"20115",2353432,76,0,"1",.,"A",.,"A",.,"A",.,"A",.,"A",.,"A",.,"A",.,"A",.,"A",.,"A",.,"A",.,"A",300,"D",.,"A",.,"A"
"20115",2353442,44,0,"1",.,"A",.,"A",.,"A",.,"A",.,"A",.,"A",.,"A",.,"A",.,"A",.,"A",.,"A",.,"A",.,"A",.,"A",.,"A"
"20115",2353472,63,0,"1",.,"A",.,"A",.,"A",.,"A",.,"A",.,"A",.,"A",.,"A",.,"A",.,"A",.,"A",.,"A",.,"A",.,"A",.,"A"
"20115",2353482,58,0,"1",.,"A",.,"A",15,"D",.,"A",.,"A",.,"A",455,"D",.,"A",.,"A",.,"A",.,"A",.,"A",150,"D",.,"A",.,"A"
"20115",2353494,51,0,"1",.,"A",.,"A",.,"A",.,"A",.,"A",.,"A",.,"A",.,"A",.,"A",.,"A",.,"A",.,"A",15,"D",.,"A",.,"A"
"20115",2353522,44,0,"1",.,"A",.,"A",.,"A",.,"A",.,"A",.,"A",.,"A",.,"A",.,"A",0,"D",0,"D",60,"D",100,"D",0,"D",.,"A"
"20115",2353542,53,0,"1",.,"A",.,"A",.,"A",.,"A",.,"A",.,"A",.,"A",.,"A",.,"A",.,"A",.,"A",.,"A",.,"A",.,"A",.,"A"
"20115",2353572,42,0,"1",.,"A",.,"A",.,"A",.,"A",.,"A",.,"A",.,"A",.,"A",.,"A",.,"A",.,"A",.,"A",55,"D",.,"A",.,"A"
"20115",2353582,40,0,"1",.,"A",.,"A",.,"A",.,"A",.,"A",.,"A",455,"D",.,"A",.,"A",.,"A",.,"A",.,"A",.,"A",.,"A",.,"A"
"20115",2353622,47,0,"1",.,"A",.,"A",.,"A",.,"A",.,"A",.,"A",260,"D",.,"A",.,"A",.,"A",.,"A",.,"A",.,"A",.,"A",.,"A"
"20115",2353662,47,0,"1",.,"A",.,"A",.,"A",.,"A",.,"A",.,"A",.,"A",.,"A",.,"A",.,"A",.,"A",.,"A",100,"D",.,"A",.,"A"
"20115",2353702,36,0,"1",.,"A",.,"A",.,"A",.,"A",.,"A",.,"A",.,"A",.,"A",.,"A",.,"A",.,"A",.,"A",.,"A",.,"A",.,"A"
"20115",2353722,41,0,"1",.,"A",.,"A",.,"A",.,"A",.,"A",.,"A",.,"A",.,"A",.,"A",.,"A",.,"A",.,"A",140,"D",.,"A",.,"A"
"20115",2353742,42,0,"1",.,"A",.,"A",.,"A",.,"A",8,"D",.,"A",.,"A",.,"A",.,"A",.,"A",.,"A",.,"A",45,"D",.,"A",.,"A"
"20115",2353752,43,0,"1",.,"A",.,"A",.,"A",.,"A",.,"A",.,"A",1300,"D",.,"A",.,"A",.,"A",.,"A",.,"A",.,"A",.,"A",.,"A"
"20115",2353762,24,0,"1",30,"D",.,"A",.,"A",.,"A",130,"D",.,"A",.,"A",.,"A",.,"A",.,"A",.,"A",.,"A",.,"A",.,"A",.,"A"
"20115",2353782,96,0,"1",.,"A",.,"A",.,"A",.,"A",.,"A",.,"A",.,"A",.,"A",.,"A",.,"A",.,"A",.,"A",370,"D",.,"A",.,"A"
"20115",2353812,53,0,"1",.,"A",.,"A",.,"A",.,"A",.,"A",.,"A",.,"A",.,"A",.,"A",.,"A",.,"A",.,"A",.,"A",.,"A",.,"A"
"20115",2353824,34,0,"1",.,"A",.,"A",.,"A",.,"A",.,"A",.,"A",.,"A",.,"A",.,"A",.,"A",.,"A",.,"A",.,"A",.,"A",.,"A"
"20115",2353832,35,0,"1",.,"A",.,"A",.,"A",.,"A",.,"A",100,"D",.,"A",.,"A",.,"A",900,"D",0,"D",0,"D",50,"D",300,"D",.,"A"
"20115",2353842,41,0,"1",.,"A",.,"A",.,"A",60,"D",80,"D",.,"A",.,"A",.,"A",21,"F",180,"D",0,"D",0,"D",60,"D",60,"D",.,"A"
"20115",2353895,35,0,"1",.,"A",.,"A",.,"A",.,"A",40,"D",.,"A",.,"A",.,"A",.,"A",.,"A",.,"A",.,"A",.,"A",.,"A",.,"A"
"20115",2353902,33,0,"1",.,"A",.,"A",.,"A",.,"A",.,"A",.,"A",26,"D",.,"A",.,"A",.,"A",.,"A",.,"A",.,"A",.,"A",.,"A"
"20115",2353972,62,0,"1",24,"D",.,"A",.,"A",.,"A",24,"D",180,"D",.,"A",.,"A",.,"A",.,"A",.,"A",.,"A",210,"D",.,"A",.,"A"
"20115",2353982,36,0,"1",.,"A",.,"A",.,"A",.,"A",70,"D",.,"A",.,"A",.,"A",.,"A",.,"A",.,"A",.,"A",100,"D",.,"A",.,"A"
"20115",2354012,24,0,"1",.,"A",.,"A",.,"A",.,"A",30,"D",.,"A",.,"A",.,"A",.,"A",72,"D",0,"D",72,"D",.,"A",24,"D",.,"A"
"20115",2354042,43,0,"1",.,"A",.,"A",.,"A",.,"A",.,"A",.,"A",.,"A",.,"A",.,"A",.,"A",.,"A",.,"A",.,"A",.,"A",.,"A"
"20115",2354072,68,0,"1",.,"A",.,"A",.,"A",.,"A",.,"A",.,"A",.,"A",.,"A",.,"A",.,"A",.,"A",.,"A",200,"D",.,"A",.,"A"
"20115",2354082,51,0,"1",.,"A",.,"A",.,"A",.,"A",.,"A",.,"A",.,"A",.,"A",30,"D",.,"A",.,"A",.,"A",100,"D",.,"A",.,"A"
"20115",2354092,43,0,"1",20,"D",.,"A",.,"A",.,"A",130,"D",.,"A",520,"D",.,"A",18,"D",.,"A",.,"A",.,"A",200,"D",.,"A",.,"A"
"20115",2354112,49,0,"1",.,"A",.,"A",.,"A",.,"A",.,"A",.,"A",.,"A",.,"A",.,"A",.,"A",.,"A",.,"A",50,"D",.,"A",.,"A"
"20115",2354152,61,0,"1",.,"A",.,"A",.,"A",.,"A",.,"A",.,"A",.,"A",.,"A",.,"A",.,"A",.,"A",.,"A",12,"D",.,"A",.,"A"
"20115",2354172,24,0,"1",.,"A",.,"A",.,"A",.,"A",375,"D",.,"A",1950,"D",.,"A",.,"A",.,"A",.,"A",.,"A",.,"A",.,"A",.,"A"
"20115",2354202,50,0,"1",.,"A",.,"A",.,"A",.,"A",.,"A",.,"A",.,"A",.,"A",.,"A",.,"A",.,"A",.,"A",.,"A",.,"A",.,"A"
"20115",2354212,81,0,"1",.,"A",.,"A",.,"A",.,"A",.,"A",.,"A",520,"D",39,"D",.,"A",.,"A",.,"A",.,"A",30,"D",.,"A",.,"A"
"20115",2354242,39,0,"1",.,"A",.,"A",.,"A",.,"A",10,"D",5,"D",.,"A",.,"A",.,"A",.,"A",.,"A",.,"A",50,"D",.,"A",.,"A"
"20115",2354282,43,0,"1",.,"A",.,"A",.,"A",.,"A",.,"A",.,"A",.,"A",.,"A",.,"A",.,"A",.,"A",.,"A",.,"A",.,"A",.,"A"
"20115",2354292,44,0,"1",.,"A",.,"A",.,"A",.,"A",.,"A",.,"A",.,"A",.,"A",.,"A",.,"A",.,"A",.,"A",.,"A",.,"A",.,"A"
"20115",2354302,42,0,"1",.,"A",.,"A",60,"F",.,"A",.,"A",50,"D",.,"A",.,"A",.,"A",.,"A",.,"A",.,"A",50,"D",.,"A",.,"A"
"20115",2354312,49,0,"1",60,"D",.,"A",.,"A",.,"A",60,"D",10,"D",.,"A",.,"A",.,"A",.,"A",.,"A",.,"A",45,"D",.,"A",.,"A"
"20115",2354322,58,0,"1",.,"A",.,"A",50,"D",.,"A",.,"A",.,"A",.,"A",.,"A",.,"A",.,"A",.,"A",.,"A",240,"D",.,"A",.,"A"
"20115",2354332,35,0,"1",.,"A",.,"A",.,"A",.,"A",.,"A",.,"A",520,"D",.,"A",.,"A",.,"A",.,"A",.,"A",120,"D",.,"A",.,"A"
"20115",2354342,54,0,"1",.,"A",.,"A",.,"A",.,"A",.,"A",.,"A",.,"A",.,"A",.,"A",.,"A",.,"A",.,"A",200,"D",.,"A",.,"A"
"20115",2354355,68,0,"1",.,"A",.,"A",.,"A",.,"A",.,"A",50,"D",273,"D",.,"A",.,"A",.,"A",.,"A",.,"A",.,"A",.,"A",.,"A"
"20115",2354382,47,0,"1",.,"A",.,"A",.,"A",.,"A",.,"A",.,"A",.,"A",.,"A",.,"A",.,"A",.,"A",.,"A",30,"D",.,"A",.,"A"
"20115",2354395,33,0,"1",.,"A",.,"A",.,"A",.,"A",.,"A",.,"A",325,"D",.,"A",.,"A",.,"A",.,"A",.,"A",.,"A",.,"A",.,"A"
"20115",2354402,77,0,"1",.,"A",.,"A",.,"A",.,"A",.,"A",.,"A",.,"A",.,"A",.,"A",.,"A",.,"A",.,"A",50,"D",.,"A",.,"A"
"20115",2354412,56,0,"1",.,"A",.,"A",.,"A",.,"A",.,"A",14,"D",520,"D",.,"A",.,"A",.,"A",.,"A",.,"A",115,"D",.,"A",.,"A"
"20115",2354432,38,0,"1",10,"D",.,"A",.,"A",.,"A",40,"D",.,"A",.,"A",.,"A",30,"D",.,"A",.,"A",.,"A",.,"A",.,"A",.,"A"
"20115",2354472,62,0,"1",.,"A",.,"A",.,"A",.,"A",.,"A",.,"A",.,"A",.,"A",.,"A",.,"A",.,"A",.,"A",200,"D",.,"A",.,"A"
"20115",2354482,28,0,"1",.,"A",.,"A",.,"A",.,"A",.,"A",.,"A",.,"A",.,"A",.,"A",.,"A",.,"A",.,"A",.,"A",.,"A",.,"A"
"20115",2354492,48,0,"1",.,"A",.,"A",.,"A",.,"A",.,"A",.,"A",.,"A",.,"A",.,"A",.,"A",.,"A",.,"A",.,"A",.,"A",.,"A"
"20115",2354512,71,0,"1",.,"A",.,"A",.,"A",.,"A",.,"A",.,"A",.,"A",.,"A",.,"A",.,"A",.,"A",.,"A",75,"D",.,"A",.,"A"
"20115",2354542,68,0,"1",.,"A",.,"A",.,"A",.,"A",.,"A",.,"A",455,"D",.,"A",.,"A",.,"A",.,"A",.,"A",72,"D",.,"A",.,"A"
"20115",2354562,31,0,"1",.,"A",.,"A",.,"A",.,"A",.,"A",.,"A",416,"D",.,"A",.,"A",.,"A",.,"A",.,"A",.,"A",.,"A",.,"A"
"20115",2354582,41,0,"1",.,"A",.,"A",.,"A",.,"A",.,"A",.,"A",.,"A",.,"A",.,"A",.,"A",.,"A",.,"A",.,"A",.,"A",.,"A"
"20115",2354602,51,0,"1",.,"A",.,"A",.,"A",.,"A",.,"A",.,"A",.,"A",.,"A",.,"A",.,"A",.,"A",.,"A",10,"D",.,"A",.,"A"
"20115",2354632,38,0,"1",.,"A",.,"A",.,"A",.,"A",.,"A",.,"A",.,"A",.,"A",.,"A",.,"A",.,"A",.,"A",.,"A",.,"A",.,"A"
"20115",2354652,22,0,"1",.,"A",.,"A",.,"A",.,"A",.,"A",.,"A",.,"A",.,"A",.,"A",.,"A",.,"A",.,"A",200,"D",.,"A",.,"A"
"20115",2354662,28,0,"1",.,"A",.,"A",.,"A",.,"A",60,"D",.,"A",.,"A",.,"A",.,"A",.,"A",.,"A",.,"A",.,"A",.,"A",.,"A"
"20115",2354672,50,0,"1",.,"A",.,"A",.,"A",.,"A",.,"A",.,"A",.,"A",.,"A",.,"A",.,"A",.,"A",.,"A",.,"A",.,"A",.,"A"
"20115",2354692,52,0,"1",.,"A",.,"A",.,"A",.,"A",.,"A",.,"A",.,"A",.,"A",.,"A",.,"A",.,"A",.,"A",.,"A",.,"A",.,"A"
"20115",2354742,55,0,"1",.,"A",.,"A",.,"A",.,"A",.,"A",.,"A",.,"A",.,"A",699,"D",.,"A",.,"A",.,"A",20,"D",.,"A",.,"A"
"20115",2354752,65,0,"1",.,"A",.,"A",.,"A",.,"A",.,"A",.,"A",.,"A",.,"A",.,"A",.,"A",.,"A",.,"A",88,"D",.,"A",.,"A"
"20115",2354762,26,0,"1",.,"A",.,"A",.,"A",.,"A",.,"A",10,"D",338,"D",.,"A",.,"A",.,"A",.,"A",.,"A",8,"D",.,"A",.,"A"
"20115",2354772,28,0,"1",.,"A",.,"A",.,"A",.,"A",.,"A",.,"A",.,"A",.,"A",.,"A",.,"A",.,"A",.,"A",.,"A",.,"A",.,"A"
"20115",2354802,75,0,"1",.,"A",.,"A",.,"A",.,"A",.,"A",.,"A",390,"D",.,"A",.,"A",.,"A",.,"A",.,"A",.,"A",.,"A",.,"A"
"20115",2354812,57,0,"1",.,"A",.,"A",.,"A",.,"A",.,"A",.,"A",.,"A",234,"D",24,"D",.,"A",.,"A",.,"A",36,"D",.,"A",.,"A"
"20115",2354835,55,0,"1",.,"A",.,"A",.,"A",.,"A",.,"A",90,"D",.,"A",.,"A",.,"A",.,"A",.,"A",.,"A",210,"D",.,"A",.,"A"
"20115",2354842,64,0,"1",.,"A",.,"A",.,"A",.,"A",.,"A",.,"A",130,"D",.,"A",.,"A",.,"A",.,"A",.,"A",20,"D",.,"A",.,"A"
"20115",2354852,33,0,"1",.,"A",.,"A",.,"A",.,"A",.,"A",.,"A",793,"D",.,"A",9,"D",.,"A",.,"A",.,"A",.,"A",.,"A",.,"A"
"20115",2354862,46,0,"1",.,"A",.,"A",.,"A",.,"A",.,"A",.,"A",520,"D",.,"A",.,"A",.,"A",.,"A",.,"A",.,"A",.,"A",.,"A"
"20115",2354872,43,0,"1",.,"A",.,"A",.,"A",.,"A",.,"A",.,"A",.,"A",.,"A",.,"A",.,"A",.,"A",.,"A",.,"A",.,"A",.,"A"
"20115",2354902,37,0,"1",.,"A",.,"A",.,"A",.,"A",40,"D",.,"A",.,"A",.,"A",.,"A",.,"A",.,"A",.,"A",24,"D",.,"A",.,"A"
"20115",2354922,46,0,"1",.,"A",.,"A",.,"A",.,"A",.,"A",160,"D",.,"A",.,"A",.,"A",.,"A",.,"A",.,"A",100,"D",.,"A",.,"A"
"20115",2354982,39,0,"1",.,"A",.,"A",.,"A",.,"A",.,"A",.,"A",.,"A",.,"A",.,"A",.,"A",.,"A",.,"A",.,"A",.,"A",.,"A"
"20115",2355002,33,0,"1",.,"A",.,"A",.,"A",.,"A",.,"A",.,"A",.,"A",.,"A",.,"A",.,"A",.,"A",.,"A",.,"A",.,"A",.,"A"
"20115",2355012,34,0,"1",.,"A",.,"A",.,"A",.,"A",.,"A",.,"A",.,"A",.,"A",.,"A",.,"A",.,"A",.,"A",.,"A",.,"A",.,"A"
"20115",2355022,44,0,"1",.,"A",.,"A",.,"A",.,"A",.,"A",.,"A",.,"A",182,"D",.,"A",.,"A",.,"A",.,"A",.,"A",.,"A",.,"A"
"20115",2355033,36,0,"1",.,"A",.,"A",.,"A",.,"A",.,"A",.,"A",.,"A",.,"A",.,"A",.,"A",.,"A",.,"A",.,"A",.,"A",.,"A"
"20115",2355042,26,0,"1",.,"A",.,"A",.,"A",.,"A",.,"A",.,"A",130,"D",.,"A",.,"A",.,"A",.,"A",.,"A",40,"D",.,"A",.,"A"
"20115",2355062,46,0,"1",10,"D",.,"A",.,"A",.,"A",20,"D",.,"A",.,"A",.,"A",.,"A",.,"A",.,"A",.,"A",.,"A",.,"A",.,"A"
"20115",2355082,25,0,"1",.,"A",.,"A",.,"A",8,"D",.,"A",.,"A",.,"A",.,"A",.,"A",.,"A",.,"A",.,"A",.,"A",.,"A",.,"A"
"20115",2355092,28,0,"1",.,"A",.,"A",.,"A",80,"D",.,"A",.,"A",.,"A",.,"A",30,"D",300,"D",0,"D",90,"D",150,"D",100,"D",.,"A"
"20115",2355102,36,0,"1",45,"D",.,"A",.,"A",.,"A",45,"D",.,"A",.,"A",.,"A",.,"A",.,"A",.,"A",.,"A",45,"D",.,"A",.,"A"
"20115",2355112,45,0,"1",.,"A",.,"A",.,"A",.,"A",.,"A",.,"A",.,"A",.,"A",.,"A",.,"A",.,"A",.,"A",17,"D",.,"A",.,"A"
"20115",2355142,35,0,"1",.,"A",.,"A",.,"A",.,"A",.,"A",.,"A",.,"A",.,"A",.,"A",.,"A",.,"A",.,"A",.,"A",.,"A",.,"A"
"20115",2355163,28,0,"1",.,"A",.,"A",.,"A",.,"A",.,"A",.,"A",.,"A",.,"A",.,"A",0,"D",15,"D",0,"D",.,"A",0,"D",.,"A"
"20115",2355172,49,0,"1",.,"A",.,"A",.,"A",.,"A",170,"D",.,"A",.,"A",.,"A",.,"A",1080,"D",0,"D",0,"D",110,"D",360,"D",.,"A"
"20115",2355182,49,0,"1",.,"A",.,"A",.,"A",.,"A",.,"A",20,"D",.,"A",.,"A",.,"A",.,"A",.,"A",.,"A",180,"D",.,"A",.,"A"
"20115",2355192,64,0,"1",.,"A",.,"A",.,"A",.,"A",.,"A",.,"A",.,"A",.,"A",.,"A",.,"A",.,"A",.,"A",50,"D",.,"A",.,"A"
"20115",2355202,39,0,"1",.,"A",.,"A",.,"A",.,"A",.,"A",.,"A",.,"A",.,"A",30,"D",.,"A",.,"A",.,"A",.,"A",.,"A",.,"A"
"20115",2355222,73,0,"1",.,"A",.,"A",.,"A",.,"A",.,"A",.,"A",.,"A",.,"A",.,"A",.,"A",.,"A",.,"A",30,"D",.,"A",.,"A"
"20115",2355232,49,0,"1",.,"A",.,"A",.,"A",.,"A",.,"A",.,"A",.,"A",.,"A",18,"D",.,"A",.,"A",.,"A",.,"A",.,"A",.,"A"
"20115",2355244,41,0,"1",.,"A",.,"A",.,"A",.,"A",.,"A",.,"A",390,"D",.,"A",.,"A",.,"A",.,"A",.,"A",.,"A",.,"A",.,"A"
"20115",2355282,55,0,"1",.,"A",.,"A",.,"A",.,"A",.,"A",.,"A",.,"A",.,"A",.,"A",.,"A",.,"A",.,"A",.,"A",.,"A",.,"A"
"20115",2355292,55,0,"1",.,"A",.,"A",.,"A",.,"A",.,"A",.,"A",.,"A",.,"A",.,"A",.,"A",.,"A",.,"A",30,"D",.,"A",.,"A"
"20115",2355302,47,0,"1",.,"A",.,"A",.,"A",.,"A",.,"A",.,"A",.,"A",.,"A",.,"A",.,"A",.,"A",.,"A",175,"D",.,"A",.,"A"
"20115",2355322,30,0,"1",.,"A",.,"A",.,"A",.,"A",.,"A",.,"A",.,"A",.,"A",.,"A",.,"A",.,"A",.,"A",.,"A",.,"A",.,"A"
"20115",2355332,54,0,"1",.,"A",.,"A",.,"A",.,"A",.,"A",.,"A",.,"A",.,"A",21,"D",.,"A",.,"A",.,"A",216,"D",.,"A",.,"A"
"20115",2355342,52,0,"1",.,"A",.,"A",.,"A",.,"A",.,"A",30,"D",.,"A",.,"A",.,"A",.,"A",.,"A",.,"A",230,"D",.,"A",.,"A"
"20115",2355352,98,0,"1",10,"D",.,"A",.,"A",.,"A",0,"D",.,"A",.,"A",.,"A",.,"A",0,"D",0,"D",15,"D",15,"D",0,"D",.,"A"
"20115",2355362,36,0,"1",.,"A",.,"A",.,"A",.,"A",30,"D",.,"A",.,"A",.,"A",.,"A",.,"A",.,"A",.,"A",.,"A",.,"A",.,"A"
"20115",2355372,57,0,"1",.,"A",.,"A",.,"A",.,"A",15,"D",100,"D",.,"A",.,"A",27,"D",0,"D",0,"D",120,"D",240,"D",0,"D",.,"A"
"20115",2355385,35,0,"1",.,"A",.,"A",.,"A",.,"A",.,"A",.,"A",.,"A",.,"A",.,"A",.,"A",.,"A",.,"A",30,"D",.,"A",.,"A"
"20115",2355412,45,0,"1",.,"A",.,"A",.,"A",.,"A",.,"A",20,"D",.,"A",.,"A",.,"A",.,"A",.,"A",.,"A",.,"A",.,"A",.,"A"
"20115",2355442,78,0,"1",.,"A",.,"A",.,"A",.,"A",.,"A",.,"A",78,"D",.,"A",.,"A",0,"D",0,"D",9,"D",20,"D",0,"D",.,"A"
"20115",2355502,69,0,"1",.,"A",.,"A",.,"A",.,"A",.,"A",.,"A",.,"A",.,"A",.,"A",.,"A",.,"A",.,"A",60,"D",.,"A",.,"A"
"20115",2355512,51,0,"1",.,"A",.,"A",.,"A",.,"A",.,"A",.,"A",.,"A",.,"A",.,"A",.,"A",.,"A",.,"A",.,"A",.,"A",.,"A"
"20115",2355522,37,0,"1",32,"D",.,"A",.,"A",.,"A",88,"D",.,"A",455,"D",.,"A",.,"A",.,"A",.,"A",.,"A",.,"A",.,"A",.,"A"
"20115",2355542,37,0,"1",.,"A",.,"A",.,"A",.,"A",.,"A",.,"A",.,"A",.,"A",.,"A",.,"A",.,"A",.,"A",.,"A",.,"A",.,"A"
"20115",2355572,37,0,"1",.,"A",.,"A",.,"A",.,"A",15,"D",.,"A",.,"A",.,"A",.,"A",.,"A",.,"A",.,"A",.,"A",.,"A",.,"A"
"20115",2355582,37,0,"1",.,"A",.,"A",.,"A",.,"A",.,"A",.,"A",.,"A",.,"A",.,"A",.,"A",.,"A",.,"A",.,"A",.,"A",.,"A"
"20115",2355602,36,0,"1",.,"A",.,"A",.,"A",.,"A",.,"A",.,"A",195,"D",.,"A",.,"A",.,"A",.,"A",.,"A",.,"A",.,"A",.,"A"
"20115",2355612,52,0,"1",6,"D",.,"A",.,"A",.,"A",210,"D",.,"A",1040,"D",.,"A",.,"A",.,"A",.,"A",.,"A",150,"D",.,"A",.,"A"
"20115",2355622,29,0,"1",.,"A",.,"A",.,"A",.,"A",.,"A",.,"A",.,"A",.,"A",.,"A",.,"A",.,"A",.,"A",20,"D",.,"A",.,"A"
"20115",2355632,64,0,"1",.,"A",.,"A",.,"A",.,"A",.,"A",.,"A",.,"A",.,"A",.,"A",.,"A",.,"A",.,"A",100,"D",.,"A",.,"A"
"20115",2355652,53,0,"1",99,"D",.,"A",.,"A",.,"A",271,"D",.,"A",130,"D",.,"A",105,"D",.,"A",.,"A",.,"A",60,"D",.,"A",.,"A"
"20115",2355672,30,0,"1",.,"A",.,"A",.,"A",.,"A",75,"D",.,"A",.,"A",.,"A",.,"A",.,"A",.,"A",.,"A",20,"D",.,"A",.,"A"
"20115",2355682,47,0,"1",.,"A",.,"A",.,"A",.,"A",.,"A",.,"A",.,"A",.,"A",.,"A",.,"A",.,"A",.,"A",.,"A",.,"A",.,"A"
"20115",2355705,52,0,"1",.,"A",.,"A",.,"A",.,"A",48,"D",50,"D",650,"D",.,"A",.,"A",.,"A",.,"A",.,"A",550,"D",.,"A",.,"A"
"20115",2355712,48,0,"1",.,"A",.,"A",.,"A",.,"A",.,"A",.,"A",.,"A",.,"A",.,"A",.,"A",.,"A",.,"A",8,"D",.,"A",.,"A"
"20115",2355722,38,0,"1",.,"A",.,"A",.,"A",.,"A",65,"D",40,"D",.,"A",.,"A",.,"A",.,"A",.,"A",.,"A",60,"D",.,"A",.,"A"
"20115",2355742,38,0,"1",.,"A",.,"A",.,"A",.,"A",.,"A",.,"A",.,"A",.,"A",.,"A",.,"A",.,"A",.,"A",250,"D",.,"A",.,"A"
"20115",2355752,88,0,"1",.,"A",.,"A",.,"A",.,"A",25,"D",.,"A",.,"A",.,"A",.,"A",.,"A",.,"A",.,"A",60,"D",.,"A",.,"A"
"20115",2355782,61,0,"1",.,"A",.,"A",.,"A",.,"A",.,"A",.,"A",169,"D",.,"A",75,"F",.,"A",.,"A",.,"A",15,"D",.,"A",.,"A"
"20115",2355812,46,0,"1",.,"A",.,"A",.,"A",.,"A",.,"A",10,"D",.,"A",.,"A",.,"A",.,"A",.,"A",.,"A",.,"A",.,"A",.,"A"
"20115",2355822,69,0,"1",.,"A",.,"A",.,"A",.,"A",5,"D",.,"A",455,"D",.,"A",.,"A",.,"A",.,"A",.,"A",.,"A",.,"A",.,"A"
"20115",2355862,41,0,"1",.,"A",.,"A",.,"A",.,"A",.,"A",.,"A",.,"A",.,"A",.,"A",.,"A",.,"A",.,"A",.,"A",.,"A",.,"A"
"20115",2355882,74,0,"1",.,"A",.,"A",.,"A",.,"A",.,"A",.,"A",65,"D",.,"A",.,"A",.,"A",.,"A",.,"A",30,"D",.,"A",.,"A"
"20115",2355902,46,0,"1",.,"A",.,"A",.,"A",.,"A",.,"A",.,"A",.,"A",.,"A",.,"A",.,"A",.,"A",.,"A",.,"A",.,"A",.,"A"
"20115",2355912,68,0,"1",.,"A",.,"A",.,"A",90,"D",.,"A",.,"A",546,"D",.,"A",30,"D",.,"A",.,"A",.,"A",80,"D",.,"A",.,"A"
"20115",2355922,50,0,"1",.,"A",.,"A",.,"A",.,"A",.,"A",.,"A",.,"A",.,"A",.,"A",.,"A",.,"A",.,"A",.,"A",.,"A",.,"A"
"20115",2355932,65,0,"1",.,"A",.,"A",28,"D",.,"A",.,"A",.,"A",.,"A",.,"A",.,"A",.,"A",.,"A",.,"A",50,"D",.,"A",.,"A"
"20115",2355962,39,0,"1",.,"A",.,"A",.,"A",.,"A",.,"A",.,"A",.,"A",.,"A",.,"A",.,"A",.,"A",.,"A",.,"A",.,"A",.,"A"
"20115",2355972,45,0,"1",.,"A",.,"A",.,"A",.,"A",.,"A",.,"A",.,"A",.,"A",.,"A",.,"A",.,"A",.,"A",.,"A",.,"A",.,"A"
"20115",2355992,43,0,"1",.,"A",.,"A",.,"A",.,"A",.,"A",.,"A",390,"D",.,"A",.,"A",.,"A",.,"A",.,"A",10,"D",.,"A",.,"A"
"20115",2356002,53,0,"1",.,"A",.,"A",.,"A",.,"A",.,"A",.,"A",403,"D",.,"A",.,"A",.,"A",.,"A",.,"A",.,"A",.,"A",.,"A"
"20115",2356032,27,0,"1",.,"A",.,"A",.,"A",.,"A",.,"A",.,"A",.,"A",.,"A",.,"A",.,"A",.,"A",.,"A",.,"A",.,"A",.,"A"
"20115",2356052,101,0,"1",.,"A",.,"A",.,"A",.,"A",20,"D",.,"A",.,"A",.,"A",15,"D",.,"A",.,"A",.,"A",30,"D",.,"A",.,"A"
"20115",2356092,59,0,"1",.,"A",.,"A",55,"D",110,"D",.,"A",25,"D",.,"A",.,"A",450,"D",111,"D",0,"D",0,"D",290,"D",37,"D",.,"A"
"20115",2356112,66,0,"1",.,"A",.,"A",.,"A",.,"A",.,"A",58,"D",.,"A",.,"A",129,"D",24,"D",0,"D",0,"D",400,"D",8,"D",.,"A"
"20115",2356122,41,0,"1",.,"A",.,"A",.,"A",.,"A",.,"A",.,"A",390,"D",.,"A",.,"A",.,"A",.,"A",.,"A",.,"A",.,"A",.,"A"
"20115",2356182,26,0,"1",.,"A",.,"A",.,"A",.,"A",35,"D",.,"A",.,"A",.,"A",.,"A",.,"A",.,"A",.,"A",.,"A",.,"A",.,"A"
"20115",2356192,74,0,"1",30,"D",.,"A",.,"A",.,"A",0,"D",.,"A",390,"D",.,"A",30,"D",.,"A",.,"A",.,"A",15,"D",.,"A",.,"A"
"20115",2356212,24,0,"1",.,"A",.,"A",.,"A",.,"A",.,"A",.,"A",.,"A",.,"A",.,"A",.,"A",.,"A",.,"A",60,"D",.,"A",.,"A"
"20115",2356222,34,0,"1",.,"A",.,"A",.,"A",.,"A",.,"A",.,"A",195,"F",.,"A",12,"D",.,"A",.,"A",.,"A",.,"A",.,"A",.,"A"
"20115",2356235,35,0,"1",.,"A",.,"A",.,"A",.,"A",20,"D",.,"A",.,"A",.,"A",.,"A",.,"A",.,"A",.,"A",.,"A",.,"A",.,"A"
"20115",2356242,54,0,"1",.,"A",.,"A",.,"A",.,"A",.,"A",.,"A",.,"A",.,"A",.,"A",.,"A",.,"A",.,"A",120,"D",.,"A",.,"A"
"20115",2356262,40,0,"1",.,"A",.,"A",.,"A",.,"A",.,"A",.,"A",1300,"D",.,"A",15,"D",.,"A",.,"A",.,"A",50,"D",.,"A",.,"A"
"20115",2356272,30,0,"1",.,"A",.,"A",.,"A",.,"A",.,"A",.,"A",.,"A",.,"A",.,"A",.,"A",.,"A",.,"A",.,"A",.,"A",.,"A"
"20115",2356292,76,0,"1",.,"A",.,"A",.,"A",.,"A",.,"A",.,"A",.,"A",.,"A",.,"A",.,"A",.,"A",.,"A",.,"A",.,"A",.,"A"
"20115",2356322,64,0,"1",.,"A",.,"A",.,"A",.,"A",.,"A",.,"A",.,"A",.,"A",.,"A",.,"A",.,"A",.,"A",.,"A",.,"A",.,"A"
"20115",2356332,55,0,"1",.,"A",.,"A",.,"A",.,"A",.,"A",.,"A",.,"A",.,"A",.,"A",.,"A",.,"A",.,"A",45,"D",.,"A",.,"A"
"20115",2356352,25,0,"1",.,"A",.,"A",.,"A",.,"A",15,"D",.,"A",.,"A",.,"A",.,"A",.,"A",.,"A",.,"A",.,"A",.,"A",.,"A"
"20115",2356392,74,0,"1",.,"A",.,"A",55,"D",.,"A",.,"A",.,"A",.,"A",.,"A",.,"A",.,"A",.,"A",.,"A",85,"D",.,"A",.,"A"
"20115",2356412,70,0,"1",.,"A",.,"A",.,"A",.,"A",.,"A",.,"A",.,"A",.,"A",.,"A",0,"D",0,"D",36,"D",120,"D",0,"D",.,"A"
"20115",2356422,52,0,"1",.,"A",.,"A",.,"A",.,"A",.,"A",.,"A",.,"A",.,"A",.,"A",.,"A",.,"A",.,"A",.,"A",.,"A",.,"A"
"20115",2356434,50,0,"1",.,"A",.,"A",.,"A",.,"A",.,"A",.,"A",.,"A",.,"A",.,"A",.,"A",.,"A",.,"A",40,"D",.,"A",.,"A"
"20115",2356452,60,0,"1",.,"A",.,"A",.,"A",.,"A",.,"A",30,"D",.,"A",.,"A",.,"A",.,"A",.,"A",.,"A",100,"D",.,"A",.,"A"
"20115",2356462,54,0,"1",.,"A",.,"A",.,"A",.,"A",.,"A",.,"A",.,"A",.,"A",.,"A",.,"A",.,"A",.,"A",.,"A",.,"A",.,"A"
"20115",2356472,58,0,"1",.,"A",.,"A",.,"A",.,"A",120,"D",.,"A",.,"A",.,"A",.,"A",.,"A",.,"A",.,"A",20,"D",.,"A",.,"A"
"20115",2356484,68,0,"1",.,"A",.,"A",.,"A",.,"A",.,"A",.,"A",.,"A",.,"A",.,"A",.,"A",.,"A",.,"A",20,"D",.,"A",.,"A"
"20115",2356522,31,0,"1",.,"A",.,"A",.,"A",.,"A",.,"A",.,"A",.,"A",.,"A",.,"A",.,"A",.,"A",.,"A",.,"A",.,"A",.,"A"
"20115",2356542,38,0,"1",.,"A",.,"A",.,"A",.,"A",.,"A",.,"A",.,"A",.,"A",.,"A",.,"A",.,"A",.,"A",.,"A",.,"A",.,"A"
"20115",2356552,79,0,"1",.,"A",.,"A",15,"D",.,"A",.,"A",30,"D",.,"A",195,"D",.,"A",.,"A",.,"A",.,"A",75,"D",.,"A",.,"A"
"20115",2356562,34,0,"1",.,"A",.,"A",.,"A",.,"A",.,"A",.,"A",.,"A",.,"A",.,"A",.,"A",.,"A",.,"A",.,"A",.,"A",.,"A"
"20115",2356602,83,0,"1",.,"A",.,"A",.,"A",.,"A",.,"A",.,"A",.,"A",.,"A",.,"A",.,"A",.,"A",.,"A",175,"D",.,"A",.,"A"
"20115",2356612,50,0,"1",.,"A",.,"A",.,"A",.,"A",.,"A",.,"A",.,"A",.,"A",.,"A",.,"A",.,"A",.,"A",.,"A",.,"A",.,"A"
"20115",2356622,32,0,"1",.,"A",.,"A",.,"A",.,"A",.,"A",.,"A",.,"A",.,"A",.,"A",.,"A",.,"A",.,"A",.,"A",.,"A",.,"A"
"20115",2356672,31,0,"1",.,"A",.,"A",.,"A",.,"A",.,"A",.,"A",.,"A",.,"A",.,"A",.,"A",.,"A",.,"A",.,"A",.,"A",.,"A"
"20115",2356682,54,0,"1",.,"A",.,"A",40,"D",.,"A",.,"A",.,"A",520,"D",.,"A",.,"A",.,"A",.,"A",.,"A",75,"D",.,"A",.,"A"
"20115",2356692,43,0,"1",.,"A",.,"A",.,"A",.,"A",.,"A",.,"A",.,"A",.,"A",.,"A",.,"A",.,"A",.,"A",15,"D",.,"A",.,"A"
"20115",2356712,21,0,"1",.,"A",.,"A",.,"A",.,"A",120,"D",.,"A",.,"A",.,"A",.,"A",150,"D",0,"D",30,"D",.,"A",50,"D",.,"A"
"20115",2356742,27,0,"1",.,"A",.,"A",.,"A",.,"A",.,"A",.,"A",.,"A",.,"A",.,"A",.,"A",.,"A",.,"A",.,"A",.,"A",.,"A"
"20115",2356762,31,0,"1",.,"A",.,"A",.,"A",.,"A",80,"D",.,"A",.,"A",.,"A",.,"A",.,"A",.,"A",.,"A",27,"D",.,"A",.,"A"
"20115",2356782,26,0,"1",.,"A",.,"A",.,"A",.,"A",.,"A",.,"A",.,"A",.,"A",.,"A",.,"A",.,"A",.,"A",.,"A",.,"A",.,"A"
"20115",2356802,80,0,"1",.,"A",.,"A",.,"A",.,"A",.,"A",.,"A",.,"A",.,"A",45,"D",.,"A",.,"A",.,"A",65,"D",.,"A",.,"A"
"20115",2356812,63,0,"1",.,"A",.,"A",.,"A",.,"A",.,"A",250,"D",.,"A",.,"A",.,"A",.,"A",.,"A",.,"A",140,"D",.,"A",.,"A"
"20115",2356822,25,0,"1",.,"A",.,"A",.,"A",.,"A",.,"A",.,"A",.,"A",.,"A",.,"A",.,"A",.,"A",.,"A",.,"A",.,"A",.,"A"
"20115",2356852,59,0,"1",.,"A",.,"A",.,"A",.,"A",.,"A",.,"A",.,"A",.,"A",.,"A",.,"A",.,"A",.,"A",115,"D",.,"A",.,"A"
"20115",2356872,60,0,"1",.,"A",.,"A",.,"A",.,"A",.,"A",.,"A",.,"A",.,"A",.,"A",.,"A",.,"A",.,"A",.,"A",.,"A",.,"A"
"20115",2356912,45,0,"1",10,"D",.,"A",.,"A",.,"A",20,"D",.,"A",.,"A",.,"A",.,"A",312,"D",0,"D",0,"D",150,"D",104,"D",.,"A"
"20115",2356922,31,0,"1",.,"A",.,"A",.,"A",.,"A",.,"A",.,"A",.,"A",.,"A",.,"A",.,"A",.,"A",.,"A",.,"A",.,"A",.,"A"
"20115",2356942,62,0,"1",.,"A",.,"A",.,"A",.,"A",.,"A",.,"A",.,"A",.,"A",.,"A",.,"A",.,"A",.,"A",30,"F",.,"A",.,"A"
"20115",2356992,55,0,"1",.,"A",.,"A",.,"A",.,"A",.,"A",.,"A",.,"A",.,"A",.,"A",.,"A",.,"A",.,"A",.,"A",.,"A",.,"A"
"20115",2357002,34,0,"1",.,"A",.,"A",.,"A",.,"A",30,"D",.,"A",.,"A",.,"A",.,"A",.,"A",.,"A",.,"A",57,"D",.,"A",.,"A"
"20115",2357012,67,0,"1",.,"A",.,"A",.,"A",.,"A",.,"A",.,"A",.,"A",.,"A",.,"A",.,"A",.,"A",.,"A",65,"D",.,"A",.,"A"
"20115",2357022,50,0,"1",32,"D",.,"A",.,"A",.,"A",88,"D",.,"A",.,"A",.,"A",.,"A",.,"A",.,"A",.,"A",.,"A",.,"A",.,"A"
"20115",2357032,37,0,"1",.,"A",.,"A",.,"A",.,"A",.,"A",.,"A",.,"A",234,"F",.,"A",.,"A",.,"A",.,"A",.,"A",.,"A",.,"A"
"20115",2357042,50,0,"1",.,"A",.,"A",.,"A",.,"A",.,"A",.,"A",.,"A",.,"A",.,"A",.,"A",.,"A",.,"A",.,"A",.,"A",.,"A"
"20115",2357054,75,0,"1",.,"A",.,"A",.,"A",.,"A",.,"A",.,"A",.,"A",.,"A",.,"A",0,"D",0,"D",60,"D",270,"D",0,"D",.,"A"
"20115",2357062,31,0,"1",.,"A",.,"A",.,"A",.,"A",.,"A",.,"A",.,"A",.,"A",.,"A",.,"A",.,"A",.,"A",30,"D",.,"A",.,"A"
"20115",2357072,42,0,"1",.,"A",.,"A",.,"A",.,"A",.,"A",90,"D",.,"A",.,"A",.,"A",.,"A",.,"A",.,"A",564,"D",.,"A",.,"A"
"20115",2357082,55,0,"1",14,"D",.,"A",.,"A",25,"D",38,"D",30,"D",.,"A",.,"A",18,"D",0,"D",0,"D",99,"D",36,"D",0,"D",.,"A"
"20115",2357092,52,0,"1",.,"A",.,"A",.,"A",.,"A",.,"A",.,"A",.,"A",.,"A",.,"A",.,"A",.,"A",.,"A",200,"D",.,"A",.,"A"
"20115",2357102,49,0,"1",.,"A",.,"A",.,"A",.,"A",.,"A",.,"A",.,"A",.,"A",.,"A",.,"A",.,"A",.,"A",.,"A",.,"A",.,"A"
"20115",2357112,39,0,"1",.,"A",.,"A",.,"A",.,"A",.,"A",.,"A",.,"A",338,"D",.,"A",.,"A",.,"A",.,"A",.,"A",.,"A",.,"A"
"20115",2357122,36,0,"1",.,"A",.,"A",.,"A",.,"A",15,"D",45,"D",.,"A",.,"A",.,"A",.,"A",.,"A",.,"A",95,"D",.,"A",.,"A"
"20115",2357132,43,0,"1",.,"A",.,"A",.,"A",.,"A",.,"A",15,"D",.,"A",.,"A",.,"A",.,"A",.,"A",.,"A",15,"D",.,"A",.,"A"
"20115",2357143,31,0,"1",.,"A",.,"A",.,"A",.,"A",.,"A",.,"A",.,"A",.,"A",15,"F",0,"D",15,"D",0,"D",.,"A",0,"D",.,"A"
"20115",2357152,76,0,"1",.,"A",.,"A",.,"A",.,"A",.,"A",.,"A",520,"D",.,"A",.,"A",.,"A",.,"A",.,"A",65,"D",.,"A",.,"A"
"20115",2357172,61,0,"1",.,"A",.,"A",.,"A",.,"A",.,"A",.,"A",.,"A",.,"A",.,"A",.,"A",.,"A",.,"A",40,"D",.,"A",.,"A"
"20115",2357192,40,0,"1",.,"A",.,"A",.,"A",.,"A",60,"D",.,"A",325,"D",.,"A",.,"A",.,"A",.,"A",.,"A",.,"A",.,"A",.,"A"
"20115",2357202,39,0,"1",.,"A",.,"A",.,"A",.,"A",.,"A",.,"A",.,"A",.,"A",.,"A",.,"A",.,"A",.,"A",120,"D",.,"A",.,"A"
"20115",2357212,41,0,"1",.,"A",.,"A",.,"A",.,"A",.,"A",.,"A",.,"A",.,"A",.,"A",.,"A",.,"A",.,"A",100,"D",.,"A",.,"A"
"20115",2357225,31,0,"1",.,"A",.,"A",.,"A",.,"A",.,"A",.,"A",65,"D",.,"A",60,"D",0,"D",0,"D",108,"D",.,"A",0,"D",.,"A"
"20115",2357232,46,0,"1",.,"A",.,"A",.,"A",.,"A",.,"A",.,"A",.,"A",.,"A",.,"A",.,"A",.,"A",.,"A",195,"D",.,"A",.,"A"
"20115",2357242,49,0,"1",.,"A",.,"A",.,"A",.,"A",.,"A",5,"D",195,"D",.,"A",.,"A",.,"A",.,"A",.,"A",90,"D",.,"A",.,"A"
"20115",2357272,37,0,"1",.,"A",.,"A",.,"A",.,"A",.,"A",80,"D",1365,"D",.,"A",.,"A",.,"A",.,"A",.,"A",.,"A",.,"A",.,"A"
"20115",2357282,62,0,"1",.,"A",.,"A",.,"A",.,"A",.,"A",.,"A",.,"A",.,"A",18,"D",.,"A",.,"A",.,"A",180,"D",.,"A",.,"A"
"20115",2357302,42,0,"1",.,"A",.,"A",.,"A",.,"A",.,"A",10,"D",.,"A",.,"A",.,"A",.,"A",.,"A",.,"A",150,"D",.,"A",.,"A"
"20115",2357325,33,0,"1",.,"A",.,"A",.,"A",.,"A",15,"D",.,"A",.,"A",.,"A",.,"A",0,"D",27,"D",0,"D",.,"A",0,"D",.,"A"
"20115",2357332,42,0,"1",.,"A",.,"A",.,"A",.,"A",.,"A",.,"A",.,"A",.,"A",.,"A",.,"A",.,"A",.,"A",.,"A",.,"A",.,"A"
"20115",2357352,25,0,"1",.,"A",.,"A",.,"A",.,"A",.,"A",.,"A",.,"A",.,"A",.,"A",.,"A",.,"A",.,"A",.,"A",.,"A",.,"A"
"20115",2357372,90,0,"1",.,"A",.,"A",35,"D",12,"D",.,"A",.,"A",.,"A",.,"A",9,"D",96,"D",0,"D",0,"D",120,"D",32,"D",.,"A"
"20115",2357402,41,0,"1",.,"A",.,"A",.,"A",.,"A",.,"A",.,"A",.,"A",.,"A",.,"A",.,"A",.,"A",.,"A",.,"A",.,"A",.,"A"
"20115",2357412,56,0,"1",.,"A",.,"A",.,"A",.,"A",.,"A",.,"A",.,"A",.,"A",.,"A",.,"A",.,"A",.,"A",60,"D",.,"A",.,"A"
"20115",2357422,71,0,"1",.,"A",.,"A",.,"A",.,"A",.,"A",.,"A",520,"D",.,"A",.,"A",.,"A",.,"A",.,"A",160,"D",.,"A",.,"A"
"20115",2357432,59,0,"1",.,"A",.,"A",.,"A",.,"A",.,"A",.,"A",.,"A",.,"A",.,"A",.,"A",.,"A",.,"A",70,"D",.,"A",.,"A"
"20115",2357442,43,0,"1",.,"A",.,"A",.,"A",.,"A",.,"A",.,"A",.,"A",.,"A",.,"A",.,"A",.,"A",.,"A",.,"A",.,"A",.,"A"
"20115",2357472,65,0,"1",.,"A",.,"A",.,"A",.,"A",.,"A",30,"D",520,"F",.,"A",.,"A",.,"A",.,"A",.,"A",130,"D",.,"A",.,"A"
"20115",2357502,30,0,"1",.,"A",.,"A",.,"A",.,"A",.,"A",.,"A",1560,"D",.,"A",.,"A",.,"A",.,"A",.,"A",.,"A",.,"A",.,"A"
"20115",2357532,45,0,"1",.,"A",.,"A",.,"A",.,"A",.,"A",.,"A",.,"A",.,"A",21,"D",.,"A",.,"A",.,"A",150,"D",.,"A",.,"A"
"20115",2357552,61,0,"1",.,"A",.,"A",.,"A",.,"A",.,"A",.,"A",.,"A",.,"A",.,"A",.,"A",.,"A",.,"A",.,"A",.,"A",.,"A"
"20115",2357572,88,0,"1",.,"A",.,"A",.,"A",.,"A",.,"A",.,"A",.,"A",.,"A",.,"A",.,"A",.,"A",.,"A",30,"D",.,"A",.,"A"
"20115",2357582,64,0,"1",.,"A",.,"A",.,"A",.,"A",.,"A",.,"A",.,"A",.,"A",.,"A",.,"A",.,"A",.,"A",110,"D",.,"A",.,"A"
"20115",2357602,43,0,"1",.,"A",.,"A",.,"A",.,"A",.,"A",.,"A",.,"A",.,"A",.,"A",.,"A",.,"A",.,"A",40,"D",.,"A",.,"A"
"20115",2357612,38,0,"1",.,"A",.,"A",.,"A",.,"A",.,"A",.,"A",.,"A",.,"A",.,"A",0,"D",120,"D",0,"D",30,"D",0,"D",.,"A"
"20115",2357632,76,0,"1",.,"A",.,"A",.,"A",.,"A",.,"A",450,"D",.,"A",.,"A",.,"A",.,"A",.,"A",.,"A",240,"D",.,"A",.,"A"
"20115",2357642,41,0,"1",.,"A",.,"A",.,"A",.,"A",.,"A",300,"D",.,"A",.,"A",.,"A",.,"A",.,"A",.,"A",250,"D",.,"A",.,"A"
"20115",2357652,84,0,"1",.,"A",.,"A",45,"D",80,"D",.,"A",30,"D",.,"A",.,"A",.,"A",507,"D",0,"D",0,"D",420,"D",169,"D",210,"D"
"20115",2357662,36,0,"1",.,"A",.,"A",.,"A",.,"A",.,"A",.,"A",.,"A",.,"A",.,"A",.,"A",.,"A",.,"A",.,"A",.,"A",.,"A"
"20115",2357692,27,0,"1",.,"A",.,"A",.,"A",.,"A",.,"A",.,"A",.,"A",.,"A",.,"A",.,"A",.,"A",.,"A",.,"A",.,"A",.,"A"
"20115",2357722,49,0,"1",.,"A",.,"A",.,"A",150,"D",.,"A",.,"A",.,"A",.,"A",.,"A",.,"A",.,"A",.,"A",240,"D",.,"A",.,"A"
"20115",2357732,69,0,"1",.,"A",.,"A",.,"A",.,"A",.,"A",.,"A",.,"A",.,"A",.,"A",6,"D",6,"D",45,"D",125,"D",2,"D",.,"A"
"20115",2357782,67,0,"1",.,"A",.,"A",.,"A",.,"A",.,"A",.,"A",.,"A",.,"A",.,"A",.,"A",.,"A",.,"A",300,"D",.,"A",.,"A"
"20115",2357792,52,0,"1",.,"A",.,"A",.,"A",.,"A",.,"A",.,"A",390,"D",.,"A",.,"A",.,"A",.,"A",.,"A",50,"D",.,"A",.,"A"
"20115",2357802,50,0,"1",.,"A",.,"A",.,"A",.,"A",.,"A",.,"A",.,"A",.,"A",.,"A",.,"A",.,"A",.,"A",.,"A",.,"A",.,"A"
"20115",2357822,51,0,"1",.,"A",.,"A",.,"A",.,"A",.,"A",.,"A",.,"A",.,"A",3,"D",.,"A",.,"A",.,"A",60,"D",.,"A",.,"A"
"20115",2357864,40,0,"1",.,"A",.,"A",.,"A",.,"A",.,"A",.,"A",.,"A",.,"A",.,"A",.,"A",.,"A",.,"A",40,"D",.,"A",.,"A"
"20115",2357872,37,0,"1",.,"A",.,"A",.,"A",.,"A",.,"A",.,"A",.,"A",.,"A",.,"A",.,"A",.,"A",.,"A",.,"A",.,"A",.,"A"
"20115",2357892,37,0,"1",.,"A",.,"A",.,"A",.,"A",.,"A",.,"A",650,"D",.,"A",.,"A",.,"A",.,"A",.,"A",100,"D",.,"A",.,"A"
"20115",2357912,46,0,"1",.,"A",.,"A",.,"A",.,"A",.,"A",.,"A",780,"D",.,"A",.,"A",.,"A",.,"A",.,"A",130,"D",.,"A",.,"A"
"20115",2357922,67,0,"1",.,"A",.,"A",.,"A",.,"A",.,"A",.,"A",91,"D",.,"A",.,"A",.,"A",.,"A",.,"A",30,"D",.,"A",.,"A"
"20115",2357943,23,0,"1",.,"A",.,"A",.,"A",.,"A",46,"D",.,"A",.,"A",.,"A",.,"A",.,"A",.,"A",.,"A",.,"A",.,"A",.,"A"
"20115",2357952,39,0,"1",.,"A",.,"A",.,"A",.,"A",.,"A",.,"A",.,"A",.,"A",.,"A",.,"A",.,"A",.,"A",.,"A",.,"A",.,"A"
"20115",2357982,43,0,"1",.,"A",.,"A",.,"A",.,"A",.,"A",.,"A",.,"A",.,"A",.,"A",.,"A",.,"A",.,"A",600,"D",.,"A",.,"A"
"20115",2358012,51,0,"1",5,"D",.,"A",.,"A",.,"A",40,"D",.,"A",.,"A",.,"A",.,"A",.,"A",.,"A",.,"A",.,"A",.,"A",.,"A"
"20115",2358022,95,0,"1",.,"A",.,"A",.,"A",.,"A",.,"A",.,"A",.,"A",390,"D",.,"A",.,"A",.,"A",.,"A",107,"D",.,"A",.,"A"
"20115",2358052,40,0,"1",.,"A",.,"A",.,"A",.,"A",.,"A",.,"A",.,"A",.,"A",.,"A",.,"A",.,"A",.,"A",.,"A",.,"A",.,"A"
"20115",2358062,86,0,"1",.,"A",.,"A",.,"A",.,"A",.,"A",.,"A",.,"A",.,"A",.,"A",.,"A",.,"A",.,"A",.,"A",.,"A",.,"A"
"20115",2358072,59,0,"1",.,"A",.,"A",.,"A",360,"D",.,"A",105,"D",.,"A",.,"A",.,"A",1080,"D",0,"D",360,"D",50,"D",360,"D",.,"A"
"20115",2358092,28,0,"1",.,"A",.,"A",.,"A",.,"A",.,"A",.,"A",.,"A",.,"A",.,"A",.,"A",.,"A",.,"A",.,"A",.,"A",.,"A"
"20115",2358112,39,0,"1",.,"A",.,"A",.,"A",.,"A",60,"D",.,"A",.,"A",.,"A",.,"A",.,"A",.,"A",.,"A",.,"A",.,"A",.,"A"
"20115",2358142,60,0,"1",.,"A",.,"A",.,"A",.,"A",.,"A",.,"A",.,"A",.,"A",.,"A",.,"A",.,"A",.,"A",.,"A",.,"A",.,"A"
"20115",2358162,81,0,"1",.,"A",.,"A",.,"A",.,"A",.,"A",.,"A",.,"A",.,"A",.,"A",.,"A",.,"A",.,"A",290,"D",.,"A",.,"A"
"20115",2358194,31,0,"1",.,"A",.,"A",.,"A",.,"A",100,"D",.,"A",.,"A",.,"A",.,"A",.,"A",.,"A",.,"A",23,"D",.,"A",.,"A"
"20115",2358202,29,0,"1",.,"A",.,"A",.,"A",.,"A",30,"D",.,"A",.,"A",.,"A",.,"A",.,"A",.,"A",.,"A",.,"A",.,"A",.,"A"
"20115",2358242,53,0,"1",.,"A",.,"A",.,"A",.,"A",.,"A",.,"A",.,"A",.,"A",.,"A",.,"A",.,"A",.,"A",100,"D",.,"A",.,"A"
"20115",2358262,89,0,"1",.,"A",.,"A",.,"A",.,"A",.,"A",.,"A",.,"A",.,"A",.,"A",.,"A",.,"A",.,"A",30,"D",.,"A",.,"A"
"20115",2358272,41,0,"1",.,"A",.,"A",.,"A",.,"A",.,"A",.,"A",.,"A",.,"A",.,"A",.,"A",.,"A",.,"A",.,"A",.,"A",.,"A"
"20115",2358283,40,0,"1",.,"A",.,"A",.,"A",.,"A",.,"A",.,"A",130,"D",.,"A",12,"D",.,"A",.,"A",.,"A",15,"D",.,"A",.,"A"
"20115",2358292,40,0,"1",.,"A",.,"A",.,"A",.,"A",.,"A",.,"A",.,"A",.,"A",.,"A",.,"A",.,"A",.,"A",.,"A",.,"A",.,"A"
"20115",2358312,71,0,"1",.,"A",10,"D",59,"D",.,"A",.,"A",0,"D",.,"A",.,"A",.,"A",.,"A",.,"A",.,"A",90,"D",.,"A",.,"A"
"20115",2358332,37,0,"1",.,"A",.,"A",.,"A",.,"A",.,"A",.,"A",.,"A",.,"A",.,"A",.,"A",.,"A",.,"A",.,"A",.,"A",.,"A"
"20115",2358362,61,0,"1",.,"A",.,"A",.,"A",.,"A",.,"A",.,"A",585,"D",.,"A",.,"A",.,"A",.,"A",.,"A",100,"D",.,"A",.,"A"
"20115",2358402,76,0,"1",.,"A",.,"A",.,"A",.,"A",.,"A",40,"D",.,"A",.,"A",.,"A",.,"A",.,"A",.,"A",25,"D",.,"A",.,"A"
"20115",2358412,49,0,"1",.,"A",.,"A",.,"A",.,"A",.,"A",.,"A",.,"A",.,"A",.,"A",.,"A",.,"A",.,"A",85,"D",.,"A",.,"A"
"20115",2358422,43,0,"1",.,"A",.,"A",.,"A",.,"A",.,"A",.,"A",.,"A",.,"A",.,"A",.,"A",.,"A",.,"A",.,"A",.,"A",.,"A"
"20115",2358442,42,0,"1",.,"A",.,"A",.,"A",.,"A",.,"A",.,"A",.,"A",.,"A",.,"A",.,"A",.,"A",.,"A",.,"A",.,"A",.,"A"
"20115",2358452,40,0,"1",.,"A",.,"A",.,"A",.,"A",.,"A",.,"A",.,"A",.,"A",30,"D",.,"A",.,"A",.,"A",150,"D",.,"A",.,"A"
"20115",2358472,35,0,"1",.,"A",.,"A",.,"A",.,"A",27,"D",.,"A",364,"D",.,"A",.,"A",.,"A",.,"A",.,"A",40,"D",.,"A",.,"A"
"20115",2358482,43,0,"1",.,"A",.,"A",.,"A",.,"A",.,"A",.,"A",.,"A",260,"D",.,"A",.,"A",.,"A",.,"A",.,"A",.,"A",.,"A"
"20115",2358492,46,0,"1",.,"A",.,"A",.,"A",.,"A",.,"A",40,"D",.,"A",.,"A",.,"A",.,"A",.,"A",.,"A",200,"D",.,"A",.,"A"
"20115",2358522,69,0,"1",.,"A",.,"A",.,"A",.,"A",.,"A",.,"A",.,"A",.,"A",.,"A",.,"A",.,"A",.,"A",180,"D",.,"A",.,"A"
"20115",2358532,54,0,"1",.,"A",.,"A",.,"A",.,"A",.,"A",.,"A",.,"A",.,"A",.,"A",.,"A",.,"A",.,"A",120,"D",.,"A",.,"A"
"20115",2358562,62,0,"1",.,"A",.,"A",.,"A",.,"A",.,"A",.,"A",715,"D",.,"A",.,"A",.,"A",.,"A",.,"A",.,"A",.,"A",.,"A"
"20115",2358592,41,0,"1",.,"A",.,"A",.,"A",.,"A",.,"A",.,"A",.,"A",.,"A",.,"A",.,"A",.,"A",.,"A",.,"A",.,"A",.,"A"
"20115",2358602,35,0,"1",20,"D",.,"A",.,"A",.,"A",80,"D",.,"A",390,"D",.,"A",.,"A",.,"A",.,"A",.,"A",.,"A",.,"A",.,"A"
"20115",2358622,51,0,"1",.,"A",.,"A",.,"A",.,"A",.,"A",.,"A",.,"A",.,"A",.,"A",.,"A",.,"A",.,"A",25,"D",.,"A",.,"A"
"20115",2358632,41,0,"1",.,"A",.,"A",.,"A",.,"A",.,"A",.,"A",.,"A",.,"A",.,"A",.,"A",.,"A",.,"A",.,"A",.,"A",.,"A"
"20115",2358662,78,0,"1",.,"A",.,"A",.,"A",.,"A",.,"A",.,"A",.,"A",.,"A",.,"A",.,"A",.,"A",.,"A",.,"A",.,"A",.,"A"
"20115",2358682,57,0,"1",.,"A",.,"A",.,"A",.,"A",11,"D",11,"D",182,"D",.,"A",9,"D",.,"A",.,"A",.,"A",27,"D",.,"A",.,"A"
"20115",2358702,57,0,"1",.,"A",.,"A",.,"A",.,"A",.,"A",.,"A",.,"A",.,"A",.,"A",.,"A",.,"A",.,"A",365,"D",.,"A",.,"A"
"20115",2358732,47,0,"1",.,"A",.,"A",.,"A",.,"A",.,"A",.,"A",650,"D",.,"A",.,"A",.,"A",.,"A",.,"A",.,"A",.,"A",.,"A"
"20115",2358772,47,0,"1",.,"A",.,"A",.,"A",.,"A",.,"A",.,"A",312,"D",.,"A",36,"D",.,"A",.,"A",.,"A",150,"D",.,"A",.,"A"
"20115",2358782,67,0,"1",.,"A",.,"A",.,"A",400,"D",.,"A",30,"D",.,"A",.,"A",.,"A",.,"A",.,"A",.,"A",200,"D",.,"A",.,"A"
"20115",2358792,56,0,"1",.,"A",.,"A",.,"A",.,"A",.,"A",.,"A",.,"A",.,"A",.,"A",.,"A",.,"A",.,"A",80,"D",.,"A",.,"A"
"20115",2358812,49,0,"1",.,"A",.,"A",.,"A",.,"A",.,"A",.,"A",.,"A",.,"A",.,"A",.,"A",.,"A",.,"A",60,"D",.,"A",.,"A"
"20115",2358822,39,0,"1",.,"A",.,"A",.,"A",.,"A",.,"A",.,"A",.,"A",.,"A",.,"A",.,"A",.,"A",.,"A",.,"A",.,"A",.,"A"
"20115",2358842,63,0,"1",.,"A",.,"A",.,"A",.,"A",.,"A",.,"A",.,"A",.,"A",.,"A",.,"A",.,"A",.,"A",75,"D",.,"A",.,"A"
"20115",2358852,65,0,"1",.,"A",.,"A",18,"D",.,"A",.,"A",.,"A",.,"A",.,"A",9,"D",.,"A",.,"A",.,"A",120,"D",.,"A",.,"A"
"20115",2358902,35,0,"1",.,"A",.,"A",.,"A",.,"A",.,"A",.,"A",.,"A",.,"A",.,"A",.,"A",.,"A",.,"A",.,"A",.,"A",.,"A"
"20115",2358922,60,0,"1",.,"A",.,"A",.,"A",.,"A",.,"A",.,"A",975,"D",.,"A",.,"A",.,"A",.,"A",.,"A",65,"D",.,"A",.,"A"
"20115",2358942,50,0,"1",.,"A",.,"A",.,"A",.,"A",.,"A",100,"D",.,"A",.,"A",.,"A",.,"A",.,"A",.,"A",200,"D",.,"A",.,"A"
"20115",2358952,41,0,"1",.,"A",.,"A",.,"A",.,"A",120,"D",.,"A",.,"A",.,"A",.,"A",.,"A",.,"A",.,"A",.,"A",.,"A",.,"A"
"20115",2358962,37,0,"1",.,"A",.,"A",.,"A",.,"A",.,"A",.,"A",.,"A",.,"A",.,"A",360,"F",0,"D",30,"F",.,"A",.,"C",.,"A"
"20115",2358982,51,0,"1",.,"A",.,"A",.,"A",.,"A",.,"A",.,"A",.,"A",.,"A",.,"A",.,"A",.,"A",.,"A",.,"A",.,"A",.,"A"
"20115",2358992,42,0,"1",.,"A",.,"A",.,"A",.,"A",.,"A",.,"A",.,"A",.,"A",.,"A",.,"A",.,"A",.,"A",9,"D",.,"A",.,"A"
"20115",2359002,40,0,"1",.,"A",.,"A",.,"A",200,"D",.,"A",.,"A",.,"A",.,"A",.,"A",.,"A",.,"A",.,"A",200,"D",.,"A",.,"A"
"20115",2359042,38,0,"1",.,"A",.,"A",.,"A",.,"A",.,"A",.,"A",.,"A",.,"A",.,"A",.,"A",.,"A",.,"A",.,"A",.,"A",.,"A"
"20115",2359052,76,0,"1",.,"A",.,"A",.,"A",.,"A",.,"A",90,"D",.,"A",.,"A",.,"A",.,"A",.,"A",.,"A",140,"D",.,"A",.,"A"
"20115",2359062,47,0,"1",.,"A",.,"A",.,"A",.,"A",120,"D",.,"A",455,"D",.,"A",.,"A",.,"A",.,"A",.,"A",90,"D",.,"A",.,"A"
"20115",2359084,29,0,"1",.,"A",.,"A",.,"A",.,"A",.,"A",.,"A",.,"A",.,"A",.,"A",.,"A",.,"A",.,"A",20,"D",.,"A",.,"A"
"20115",2359102,64,0,"1",.,"A",.,"A",.,"A",.,"A",.,"A",.,"A",.,"A",.,"A",.,"A",.,"A",.,"A",.,"A",.,"A",.,"A",.,"A"
"20115",2359112,48,0,"1",.,"A",.,"A",.,"A",.,"A",15,"D",300,"D",.,"A",.,"A",.,"A",.,"A",.,"A",.,"A",90,"D",.,"A",.,"A"
"20115",2359122,51,0,"1",.,"A",.,"A",.,"A",.,"A",.,"A",30,"D",.,"A",.,"A",.,"A",180,"D",0,"D",0,"D",60,"D",60,"D",.,"A"
"20115",2359152,46,0,"1",40,"D",.,"A",.,"A",.,"A",80,"D",.,"A",.,"A",.,"A",.,"A",.,"A",.,"A",.,"A",.,"A",.,"A",.,"A"
"20115",2359192,45,0,"1",.,"A",.,"A",.,"A",.,"A",.,"A",20,"D",.,"A",.,"A",15,"D",0,"D",0,"D",36,"D",.,"A",0,"D",.,"A"
"20115",2359202,57,0,"1",.,"A",.,"A",.,"A",.,"A",.,"A",.,"A",.,"A",.,"A",.,"A",.,"A",.,"A",.,"A",30,"D",.,"A",.,"A"
"20115",2359212,23,0,"1",.,"A",.,"A",.,"A",.,"A",.,"A",.,"A",.,"A",.,"A",.,"A",.,"A",.,"A",.,"A",.,"A",.,"A",.,"A"
"20115",2359244,26,0,"1",4,"F",.,"A",.,"A",.,"A",25,"F",.,"A",1300,"D",.,"A",.,"A",0,"D",180,"D",60,"D",.,"A",0,"D",.,"A"
"20115",2359252,24,0,"1",.,"A",.,"A",.,"A",.,"A",.,"A",.,"A",260,"D",.,"A",30,"D",0,"D",0,"D",0,"D",.,"A",0,"D",.,"A"
"20115",2359282,31,0,"1",20,"D",.,"A",.,"A",.,"A",100,"D",.,"A",299,"D",.,"A",24,"D",0,"D",0,"D",18,"D",90,"D",0,"D",.,"A"
"20115",2359292,54,0,"1",.,"A",.,"A",.,"A",.,"A",.,"A",.,"A",.,"A",.,"A",.,"A",.,"A",.,"A",.,"A",150,"D",.,"A",.,"A"
"20115",2359302,37,0,"1",.,"A",.,"A",.,"A",.,"A",.,"A",.,"A",.,"A",.,"A",.,"A",.,"A",.,"A",.,"A",.,"A",.,"A",.,"A"
"20115",2359312,39,0,"1",.,"A",.,"A",.,"A",.,"A",.,"A",.,"A",.,"A",.,"A",.,"A",.,"A",.,"A",.,"A",.,"A",.,"A",.,"A"
"20115",2359332,35,0,"1",.,"A",.,"A",.,"A",.,"A",.,"A",.,"A",.,"A",.,"A",.,"A",.,"A",.,"A",.,"A",9,"D",.,"A",.,"A"
"20115",2359342,50,0,"1",.,"A",.,"A",.,"A",.,"A",.,"A",.,"A",.,"A",.,"A",.,"A",.,"A",.,"A",.,"A",310,"D",.,"A",.,"A"
"20115",2359362,32,0,"1",.,"A",.,"A",.,"A",.,"A",.,"A",.,"A",.,"A",.,"A",.,"A",.,"A",.,"A",.,"A",.,"A",.,"A",.,"A"
"20115",2359402,52,0,"1",.,"A",.,"A",.,"A",.,"A",.,"A",.,"A",.,"A",.,"A",.,"A",.,"A",.,"A",.,"A",45,"D",.,"A",.,"A"
"20115",2359422,58,0,"1",.,"A",.,"A",.,"A",.,"A",.,"A",.,"A",.,"A",.,"A",.,"A",.,"A",.,"A",.,"A",15,"D",.,"A",.,"A"
"20115",2359432,67,0,"1",.,"A",.,"A",.,"A",.,"A",.,"A",60,"D",.,"A",.,"A",.,"A",.,"A",.,"A",.,"A",280,"D",.,"A",.,"A"
"20115",2359442,44,0,"1",.,"A",.,"A",.,"A",.,"A",.,"A",.,"A",.,"A",.,"A",.,"A",.,"A",.,"A",.,"A",11,"D",.,"A",.,"A"
"20115",2359452,44,0,"1",.,"A",.,"A",.,"A",.,"A",.,"A",.,"A",.,"A",130,"D",.,"A",.,"A",.,"A",.,"A",60,"D",.,"A",.,"A"
"20115",2359462,39,0,"1",.,"A",.,"A",.,"A",.,"A",.,"A",.,"A",.,"A",.,"A",.,"A",.,"A",.,"A",.,"A",.,"A",.,"A",.,"A"
"20115",2359482,66,0,"1",.,"A",.,"A",.,"A",80,"D",.,"A",.,"A",312,"D",.,"A",24,"D",.,"A",.,"A",.,"A",45,"D",.,"A",.,"A"
"20115",2359512,66,0,"1",.,"A",.,"A",.,"A",.,"A",.,"A",.,"A",.,"A",.,"A",.,"A",.,"A",.,"A",.,"A",40,"D",.,"A",.,"A"
"20115",2359522,64,0,"1",.,"A",.,"A",.,"A",.,"A",.,"A",.,"A",.,"A",.,"A",.,"A",.,"A",.,"A",.,"A",245,"D",.,"A",.,"A"
"20115",2359532,36,0,"1",.,"A",.,"A",.,"A",.,"A",.,"A",.,"A",.,"A",.,"A",.,"A",.,"A",.,"A",.,"A",.,"A",.,"A",.,"A"
"20115",2359542,38,0,"1",.,"A",.,"A",.,"A",.,"A",.,"A",.,"A",.,"A",.,"A",.,"A",180,"D",0,"D",0,"D",.,"A",60,"D",.,"A"
"20115",2359562,49,0,"1",.,"A",.,"A",.,"A",.,"A",.,"A",100,"D",.,"A",.,"A",.,"A",.,"A",.,"A",.,"A",300,"D",.,"A",.,"A"
"20115",2359582,23,0,"1",.,"A",.,"A",.,"A",.,"A",30,"D",.,"A",.,"A",.,"A",.,"A",0,"D",120,"D",0,"D",.,"A",0,"D",.,"A"
"20115",2359592,43,0,"1",.,"A",.,"A",.,"A",.,"A",20,"D",.,"A",390,"D",.,"A",.,"A",.,"A",.,"A",.,"A",.,"A",.,"A",.,"A"
"20115",2359632,35,0,"1",.,"A",.,"A",.,"A",.,"A",.,"A",.,"A",.,"A",.,"A",.,"A",.,"A",.,"A",.,"A",.,"A",.,"A",.,"A"
"20115",2359645,41,0,"1",.,"A",.,"A",.,"A",.,"A",.,"A",.,"A",.,"A",.,"A",.,"A",.,"A",.,"A",.,"A",.,"A",.,"A",.,"A"
"20115",2359652,26,0,"1",.,"A",.,"A",.,"A",.,"A",.,"A",.,"A",.,"A",.,"A",.,"A",.,"A",.,"A",.,"A",20,"D",.,"A",.,"A"
"20115",2359662,57,0,"1",.,"A",.,"A",.,"A",.,"A",.,"A",32,"D",.,"A",.,"A",.,"A",.,"A",.,"A",.,"A",30,"D",.,"A",.,"A"
"20115",2359692,46,0,"1",.,"A",.,"A",.,"A",.,"A",.,"A",.,"A",208,"D",.,"A",15,"D",.,"A",.,"A",.,"A",.,"A",.,"A",.,"A"
"20115",2359732,73,0,"1",.,"A",.,"A",.,"A",.,"A",.,"A",.,"A",546,"D",.,"A",12,"D",.,"A",.,"A",.,"A",20,"D",.,"A",.,"A"
"20115",2359752,62,0,"1",.,"A",.,"A",.,"A",.,"A",.,"A",.,"A",715,"F",.,"A",18,"D",.,"A",.,"A",.,"A",.,"A",.,"A",.,"A"
"20115",2359792,38,0,"1",.,"A",.,"A",.,"A",.,"A",.,"A",.,"A",468,"D",.,"A",.,"A",.,"A",.,"A",.,"A",.,"A",.,"A",.,"A"
"20115",2359802,43,0,"1",.,"A",.,"A",.,"A",.,"A",.,"A",.,"A",.,"A",.,"A",.,"A",.,"A",.,"A",.,"A",.,"A",.,"A",.,"A"
"20115",2359812,52,0,"1",.,"A",.,"A",.,"A",.,"A",.,"A",.,"A",.,"A",.,"A",.,"A",.,"A",.,"A",.,"A",.,"A",.,"A",.,"A"
"20115",2359822,72,0,"1",.,"A",.,"A",.,"A",.,"A",.,"A",.,"A",.,"A",.,"A",.,"A",.,"A",.,"A",.,"A",80,"D",.,"A",.,"A"
"20115",2359862,72,0,"1",.,"A",.,"A",.,"A",.,"A",.,"A",.,"A",312,"D",.,"A",.,"A",.,"A",.,"A",.,"A",75,"D",.,"A",.,"A"
"20115",2359872,29,0,"1",.,"A",.,"A",.,"A",.,"A",.,"A",.,"A",.,"A",.,"A",.,"A",.,"A",.,"A",.,"A",.,"A",.,"A",.,"A"
"20115",2359892,60,0,"1",.,"A",.,"A",.,"A",.,"A",.,"A",.,"A",130,"D",.,"A",.,"A",.,"A",.,"A",.,"A",.,"A",.,"A",.,"A"
"20115",2359902,27,0,"1",.,"A",.,"A",.,"A",.,"A",.,"A",.,"A",.,"A",.,"A",.,"A",.,"A",.,"A",.,"A",.,"A",.,"A",.,"A"
"20115",2359942,51,0,"1",.,"A",.,"A",.,"A",.,"A",30,"D",.,"A",.,"A",.,"A",.,"A",.,"A",.,"A",.,"A",12,"D",.,"A",.,"A"
"20115",2359962,52,0,"1",.,"A",.,"A",.,"A",.,"A",60,"D",.,"A",.,"A",.,"A",.,"A",.,"A",.,"A",.,"A",164,"D",.,"A",.,"A"
"20115",2359982,54,0,"1",.,"A",.,"A",.,"A",.,"A",.,"A",.,"A",.,"A",.,"A",.,"A",.,"A",.,"A",.,"A",30,"D",.,"A",.,"A"
"20115",2359992,46,0,"1",.,"A",.,"A",.,"A",.,"A",.,"A",.,"A",.,"A",.,"A",.,"A",.,"A",.,"A",.,"A",13,"D",.,"A",.,"A"
"20115",2360072,28,0,"1",.,"A",.,"A",.,"A",.,"A",.,"A",.,"A",.,"A",.,"A",.,"A",.,"A",.,"A",.,"A",.,"A",.,"A",.,"A"
"20115",2360082,58,0,"1",.,"A",.,"A",.,"A",.,"A",.,"A",.,"A",.,"A",.,"A",.,"A",.,"A",.,"A",.,"A",160,"D",.,"A",.,"A"
"20115",2360092,27,0,"1",.,"A",.,"A",.,"A",.,"A",25,"D",.,"A",195,"D",.,"A",.,"A",.,"A",.,"A",.,"A",.,"A",.,"A",.,"A"
"20115",2360102,33,0,"1",.,"A",.,"A",.,"A",.,"A",20,"D",.,"A",.,"A",.,"A",.,"A",.,"A",.,"A",.,"A",.,"A",.,"A",.,"A"
"20115",2360122,48,0,"1",.,"A",.,"A",.,"A",.,"A",.,"A",.,"A",.,"A",.,"A",.,"A",.,"A",.,"A",.,"A",90,"D",.,"A",.,"A"
"20115",2360132,51,0,"1",.,"A",.,"A",.,"A",.,"A",.,"A",.,"A",.,"A",.,"A",.,"A",75,"D",0,"D",75,"D",40,"D",25,"D",.,"A"
"20115",2360162,36,0,"1",.,"A",.,"A",.,"A",.,"A",.,"A",.,"A",.,"A",.,"A",.,"A",0,"D",15,"D",0,"D",.,"A",0,"D",.,"A"
"20115",2360172,53,0,"1",.,"A",.,"A",.,"A",.,"A",.,"A",.,"A",.,"A",.,"A",.,"A",.,"A",.,"A",.,"A",18,"D",.,"A",.,"A"
"20115",2360182,67,0,"1",12,"D",.,"A",.,"A",.,"A",48,"D",66,"D",.,"A",.,"A",.,"A",.,"A",.,"A",.,"A",300,"D",.,"A",.,"A"
"20115",2360192,24,0,"1",.,"A",.,"A",.,"A",.,"A",16,"D",.,"A",.,"A",.,"A",.,"A",.,"A",.,"A",.,"A",.,"A",.,"A",.,"A"
"20115",2360232,43,0,"1",5,"D",.,"A",.,"A",17,"D",15,"D",.,"A",.,"A",.,"A",.,"A",.,"A",.,"A",.,"A",36,"D",.,"A",.,"A"
"20115",2360242,46,0,"1",.,"A",.,"A",.,"A",.,"A",.,"A",.,"A",.,"A",.,"A",.,"A",.,"A",.,"A",.,"A",75,"D",.,"A",.,"A"
"20115",2360262,41,0,"1",.,"A",.,"A",.,"A",.,"A",.,"A",.,"A",.,"A",.,"A",6,"D",.,"A",.,"A",.,"A",195,"D",.,"A",.,"A"
"20115",2360282,33,0,"1",.,"A",.,"A",.,"A",.,"A",.,"A",.,"A",.,"A",.,"A",.,"A",.,"A",.,"A",.,"A",.,"A",.,"A",.,"A"
"20115",2360292,71,0,"1",.,"A",.,"A",.,"A",.,"A",.,"A",.,"A",.,"A",.,"A",21,"D",.,"A",.,"A",.,"A",40,"D",.,"A",.,"A"
"20115",2360312,26,0,"1",.,"A",.,"A",.,"A",.,"A",.,"A",.,"A",.,"A",.,"A",.,"A",.,"A",.,"A",.,"A",.,"A",.,"A",.,"A"
"20115",2360332,75,0,"1",.,"A",.,"A",.,"A",.,"A",.,"A",.,"A",.,"A",.,"A",.,"A",.,"A",.,"A",.,"A",120,"D",.,"A",.,"A"
"20115",2360362,36,0,"1",.,"A",.,"A",.,"A",.,"A",.,"A",25,"D",.,"A",.,"A",.,"A",75,"D",0,"D",0,"D",90,"D",25,"D",.,"A"
"20115",2360392,65,0,"1",.,"A",.,"A",.,"A",.,"A",.,"A",.,"A",.,"A",.,"A",.,"A",.,"A",.,"A",.,"A",260,"D",.,"A",.,"A"
"20115",2360402,42,0,"1",.,"A",.,"A",.,"A",.,"A",.,"A",.,"A",.,"A",.,"A",.,"A",.,"A",.,"A",.,"A",60,"D",.,"A",.,"A"
"20115",2360412,36,0,"1",.,"A",.,"A",.,"A",.,"A",60,"D",.,"A",65,"D",.,"A",.,"A",0,"D",0,"D",0,"D",.,"A",0,"D",.,"A"
"20115",2360432,31,0,"1",.,"A",.,"A",.,"A",.,"A",.,"A",.,"A",195,"D",.,"A",60,"D",0,"D",0,"D",0,"D",.,"A",0,"D",.,"A"
"20115",2360452,45,0,"1",.,"A",.,"A",.,"A",.,"A",.,"A",.,"A",.,"A",.,"A",.,"A",.,"A",.,"A",.,"A",30,"D",.,"A",.,"A"
"20115",2360462,46,0,"1",.,"A",.,"A",.,"A",.,"A",.,"A",.,"A",325,"D",195,"D",.,"A",240,"D",6,"D",6,"D",.,"A",80,"D",.,"A"
"20115",2360472,57,0,"1",.,"A",.,"A",.,"A",.,"A",.,"A",18,"F",.,"A",.,"A",24,"F",.,"A",.,"A",.,"A",.,"A",.,"A",.,"A"
"20115",2360492,49,0,"1",.,"A",.,"A",.,"A",.,"A",.,"A",.,"A",.,"A",26,"D",.,"A",.,"A",.,"A",.,"A",47,"D",.,"A",.,"A"
"20115",2360502,77,0,"1",.,"A",.,"A",.,"A",.,"A",.,"A",120,"D",.,"A",.,"A",.,"A",.,"A",.,"A",.,"A",315,"D",.,"A",.,"A"
"20115",2360512,28,0,"1",.,"A",.,"A",.,"A",.,"A",.,"A",.,"A",.,"A",.,"A",.,"A",.,"A",.,"A",.,"A",.,"A",.,"A",.,"A"
"20115",2360522,26,0,"1",5,"D",.,"A",.,"A",.,"A",15,"D",.,"A",.,"A",.,"A",.,"A",.,"A",.,"A",.,"A",.,"A",.,"A",.,"A"
"20115",2360542,25,0,"1",.,"A",.,"A",.,"A",.,"A",60,"D",.,"A",.,"A",.,"A",.,"A",360,"D",0,"D",0,"D",.,"A",120,"D",.,"A"
"20115",2360552,56,0,"1",.,"A",.,"A",.,"A",.,"A",.,"A",.,"A",.,"A",.,"A",.,"A",.,"A",.,"A",.,"A",32,"D",.,"A",.,"A"
"20115",2360572,39,0,"1",.,"A",.,"A",.,"A",.,"A",80,"D",.,"A",.,"A",.,"A",.,"A",.,"A",.,"A",.,"A",12,"D",.,"A",.,"A"
"20115",2360592,36,0,"1",.,"A",.,"A",.,"A",.,"A",.,"A",.,"A",.,"A",.,"A",.,"A",.,"A",.,"A",.,"A",.,"A",.,"A",.,"A"
"20115",2360602,33,0,"1",.,"A",.,"A",.,"A",.,"A",.,"A",.,"A",.,"A",.,"A",.,"A",.,"A",.,"A",.,"A",.,"A",.,"A",.,"A"
"20115",2360622,31,0,"1",.,"A",.,"A",.,"A",.,"A",75,"D",.,"A",.,"A",.,"A",.,"A",.,"A",.,"A",.,"A",.,"A",.,"A",.,"A"
"20115",2360632,66,0,"1",.,"A",.,"A",.,"A",.,"A",.,"A",.,"A",.,"A",.,"A",.,"A",.,"A",.,"A",.,"A",237,"D",.,"A",.,"A"
"20115",2360662,41,0,"1",.,"A",.,"A",.,"A",.,"A",.,"A",.,"A",1950,"D",.,"A",.,"A",.,"A",.,"A",.,"A",20,"D",.,"A",.,"A"
"20115",2360672,63,0,"1",.,"A",.,"A",50,"D",.,"A",.,"A",14,"D",.,"A",.,"A",.,"A",.,"A",.,"A",.,"A",360,"D",.,"A",.,"A"
"20115",2360692,43,0,"1",.,"A",.,"A",.,"A",.,"A",26,"D",.,"A",.,"A",.,"A",.,"A",.,"A",.,"A",.,"A",.,"A",.,"A",.,"A"
"20115",2360712,54,0,"1",.,"A",.,"A",.,"A",.,"A",.,"A",.,"A",.,"A",.,"A",30,"D",.,"A",.,"A",.,"A",17,"D",.,"A",.,"A"
"20115",2360742,51,0,"1",.,"A",.,"A",.,"A",.,"A",.,"A",.,"A",.,"A",.,"A",.,"A",.,"A",.,"A",.,"A",65,"D",.,"A",.,"A"
"20115",2360752,40,0,"1",.,"A",.,"A",.,"A",.,"A",.,"A",.,"A",.,"A",.,"A",.,"A",.,"A",.,"A",.,"A",.,"A",.,"A",.,"A"
"20115",2360762,51,0,"1",.,"A",.,"A",.,"A",.,"A",.,"A",23,"D",.,"A",.,"A",180,"D",.,"A",.,"A",.,"A",.,"A",.,"A",.,"A"
"20115",2360802,36,0,"1",.,"A",.,"A",.,"A",.,"A",180,"D",.,"A",.,"A",.,"A",.,"A",0,"D",0,"D",90,"D",.,"A",0,"D",.,"A"
"20115",2360832,37,0,"1",50,"D",.,"A",.,"A",.,"A",100,"D",.,"A",.,"A",.,"A",.,"A",.,"A",.,"A",.,"A",40,"D",.,"A",.,"A"
"20115",2360842,57,0,"1",.,"A",.,"A",.,"A",.,"A",.,"A",.,"A",.,"A",.,"A",.,"A",.,"A",.,"A",.,"A",.,"A",.,"A",.,"A"
"20115",2360852,36,0,"1",.,"A",.,"A",.,"A",.,"A",.,"A",.,"A",.,"A",.,"A",.,"A",.,"A",.,"A",.,"A",.,"A",.,"A",.,"A"
"20115",2360872,38,0,"1",.,"A",.,"A",.,"A",.,"A",.,"A",.,"A",.,"A",.,"A",.,"A",.,"A",.,"A",.,"A",120,"D",.,"A",.,"A"
"20115",2360884,19,0,"1",16,"D",.,"A",.,"A",.,"A",44,"D",.,"A",.,"A",.,"A",.,"A",0,"D",0,"D",24,"D",45,"D",0,"D",.,"A"
"20115",2360892,47,0,"1",.,"A",.,"A",.,"A",.,"A",.,"A",.,"A",.,"A",.,"A",.,"A",.,"A",.,"A",.,"A",.,"A",.,"A",.,"A"
"20115",2360912,53,0,"1",.,"A",.,"A",.,"A",.,"A",.,"A",.,"A",520,"D",.,"A",.,"A",.,"A",.,"A",.,"A",100,"D",.,"A",.,"A"
"20115",2360922,55,0,"1",.,"A",.,"A",.,"A",.,"A",.,"A",.,"A",.,"A",.,"A",.,"A",.,"A",.,"A",.,"A",80,"D",.,"A",.,"A"
"20115",2360965,29,0,"1",.,"A",.,"A",.,"A",.,"A",60,"D",.,"A",.,"A",.,"A",.,"A",.,"A",.,"A",.,"A",.,"A",.,"A",.,"A"
"20115",2360972,48,0,"1",.,"A",.,"A",.,"A",.,"A",.,"A",.,"A",.,"A",.,"A",.,"A",.,"A",.,"A",.,"A",.,"A",.,"A",.,"A"
"20115",2360992,52,0,"1",.,"A",.,"A",.,"A",.,"A",.,"A",.,"A",.,"A",.,"A",.,"A",.,"A",.,"A",.,"A",120,"D",.,"A",.,"A"
"20115",2361025,31,0,"1",.,"A",.,"A",.,"A",.,"A",.,"A",.,"A",.,"A",.,"A",.,"A",.,"A",.,"A",.,"A",24,"D",.,"A",.,"A"
"20115",2361052,32,0,"1",.,"A",.,"A",.,"A",.,"A",.,"A",.,"A",.,"A",.,"A",.,"A",.,"A",.,"A",.,"A",40,"D",.,"A",.,"A"
"20115",2361062,49,0,"1",.,"A",.,"A",.,"A",.,"A",.,"A",.,"A",.,"A",.,"A",.,"A",.,"A",.,"A",.,"A",10,"D",.,"A",.,"A"
"20115",2361092,99,0,"1",.,"A",.,"A",.,"A",.,"A",.,"A",.,"A",910,"D",.,"A",300,"D",.,"A",.,"A",.,"A",125,"D",.,"A",.,"A"
"20115",2361122,82,0,"1",.,"A",.,"A",.,"A",.,"A",.,"A",.,"A",.,"A",.,"A",.,"A",.,"A",.,"A",.,"A",.,"A",.,"A",.,"A"
"20115",2361142,55,0,"1",.,"A",.,"A",.,"A",.,"A",.,"A",.,"A",.,"A",.,"A",.,"A",.,"A",.,"A",.,"A",60,"D",.,"A",.,"A"
"20115",2361152,53,0,"1",.,"A",.,"A",.,"A",30,"D",39,"D",.,"A",208,"D",.,"A",.,"A",90,"D",0,"D",0,"D",30,"D",30,"D",.,"A"
"20115",2361182,45,0,"1",.,"A",.,"A",.,"A",.,"A",.,"A",.,"A",.,"A",.,"A",.,"A",.,"A",.,"A",.,"A",24,"D",.,"A",.,"A"
"20115",2361192,51,0,"1",.,"A",.,"A",.,"A",.,"A",24,"D",.,"A",455,"D",.,"A",.,"A",.,"A",.,"A",.,"A",100,"D",.,"A",.,"A"
"20115",2361202,64,0,"1",.,"A",.,"A",.,"A",.,"A",.,"A",.,"A",91,"D",.,"A",.,"A",.,"A",.,"A",.,"A",10,"D",.,"A",.,"A"
"20115",2361215,44,0,"1",.,"A",.,"A",.,"A",.,"A",.,"A",.,"A",.,"A",.,"A",.,"A",.,"A",.,"A",.,"A",30,"D",.,"A",.,"A"
"20115",2361242,84,0,"1",.,"A",.,"A",60,"D",.,"A",.,"A",.,"A",.,"A",.,"A",.,"A",0,"D",300,"D",0,"D",400,"D",0,"D",.,"A"
"20115",2361262,44,0,"1",.,"A",.,"A",.,"A",.,"A",.,"A",30,"D",.,"A",.,"A",.,"A",.,"A",.,"A",.,"A",.,"A",.,"A",.,"A"
"20115",2361285,47,0,"1",.,"A",.,"A",.,"A",.,"A",.,"A",.,"A",.,"A",.,"A",.,"A",.,"A",.,"A",.,"A",.,"A",.,"A",.,"A"
"20115",2361322,47,0,"1",.,"A",.,"A",.,"A",.,"A",.,"A",.,"A",.,"A",.,"A",.,"A",.,"A",.,"A",.,"A",60,"D",.,"A",.,"A"
"20115",2361333,39,0,"1",.,"A",.,"A",.,"A",100,"D",.,"A",.,"A",650,"D",.,"A",.,"A",.,"A",.,"A",.,"A",.,"A",.,"A",.,"A"
"20115",2361342,51,0,"1",.,"A",.,"A",.,"A",.,"A",.,"A",.,"A",.,"A",.,"A",.,"A",.,"A",.,"A",.,"A",240,"D",.,"A",.,"A"
"20115",2361372,57,0,"1",.,"A",.,"A",.,"A",.,"A",.,"A",80,"D",.,"A",.,"A",24,"D",.,"A",.,"A",.,"A",40,"D",.,"A",.,"A"
"20115",2361382,67,0,"1",.,"A",.,"A",.,"A",.,"A",.,"A",.,"A",.,"A",.,"A",.,"A",.,"A",.,"A",.,"A",.,"A",.,"A",.,"A"
"20115",2361402,50,0,"1",.,"A",.,"A",.,"A",.,"A",.,"A",.,"A",.,"A",.,"A",.,"A",.,"A",.,"A",.,"A",.,"A",.,"A",.,"A"
"20115",2361414,34,0,"1",.,"A",.,"A",.,"A",.,"A",.,"A",.,"A",.,"A",.,"A",.,"A",.,"A",.,"A",.,"A",.,"A",.,"A",.,"A"
"20115",2361422,48,0,"1",.,"A",.,"A",.,"A",.,"A",70,"D",.,"A",390,"D",.,"A",.,"A",.,"A",.,"A",.,"A",72,"D",.,"A",.,"A"
"20115",2361432,28,0,"1",.,"A",.,"A",.,"A",.,"A",.,"A",200,"D",.,"A",.,"A",.,"A",312,"D",0,"D",0,"D",.,"A",104,"D",.,"A"
"20115",2361442,53,0,"1",.,"A",.,"A",.,"A",.,"A",.,"A",.,"A",.,"A",.,"A",.,"A",.,"A",.,"A",.,"A",90,"D",.,"A",.,"A"
"20115",2361472,26,0,"1",.,"A",.,"A",.,"A",.,"A",.,"A",.,"A",.,"A",.,"A",.,"A",.,"A",.,"A",.,"A",.,"A",.,"A",.,"A"
"20115",2361492,46,0,"1",.,"A",.,"A",.,"A",.,"A",.,"A",.,"A",273,"D",39,"D",30,"D",.,"A",.,"A",.,"A",.,"A",.,"A",.,"A"
"20115",2361502,72,0,"1",.,"A",.,"A",.,"A",.,"A",.,"A",20,"D",.,"A",.,"A",9,"D",.,"A",.,"A",.,"A",75,"D",.,"A",.,"A"
"20115",2361542,29,0,"1",.,"A",.,"A",.,"A",.,"A",40,"D",.,"A",91,"D",.,"A",.,"A",.,"A",.,"A",.,"A",.,"A",.,"A",.,"A"
"20115",2361552,44,0,"1",.,"A",.,"A",.,"A",.,"A",.,"A",.,"A",.,"A",.,"A",.,"A",.,"A",.,"A",.,"A",.,"A",.,"A",.,"A"
"20115",2361562,57,0,"1",.,"A",.,"A",.,"A",.,"A",.,"A",.,"A",260,"D",.,"A",.,"A",.,"A",.,"A",.,"A",13,"D",.,"A",.,"A"
"20115",2361582,77,0,"1",.,"A",.,"A",.,"A",.,"A",.,"A",.,"A",.,"A",.,"A",.,"A",.,"A",.,"A",.,"A",20,"D",.,"A",.,"A"
"20115",2361602,53,0,"1",.,"A",.,"A",.,"A",.,"A",.,"A",.,"A",78,"F",.,"A",.,"A",.,"A",.,"A",.,"A",200,"D",.,"A",.,"A"
"20115",2361612,61,0,"1",.,"A",.,"A",.,"A",.,"A",.,"A",.,"A",.,"A",.,"A",.,"A",.,"A",.,"A",.,"A",.,"A",.,"A",.,"A"
"20115",2361642,35,0,"1",.,"A",.,"A",.,"A",.,"A",45,"D",.,"A",78,"D",.,"A",.,"A",.,"A",.,"A",.,"A",15,"D",.,"A",.,"A"
"20115",2361652,33,0,"1",30,"D",.,"A",.,"A",.,"A",60,"D",.,"A",.,"A",.,"A",.,"A",0,"D",0,"D",90,"D",240,"D",0,"D",.,"A"
"20115",2361702,54,0,"1",.,"A",.,"A",.,"A",.,"A",.,"A",.,"A",.,"A",.,"A",.,"A",.,"A",.,"A",.,"A",30,"D",.,"A",.,"A"
"20115",2361722,83,0,"1",20,"D",.,"A",.,"A",45,"D",100,"D",.,"A",.,"A",.,"A",.,"A",.,"A",.,"A",.,"A",75,"D",.,"A",.,"A"
"20115",2361752,82,0,"1",.,"A",.,"A",.,"A",.,"A",.,"A",.,"A",.,"A",.,"A",.,"A",.,"A",.,"A",.,"A",180,"D",.,"A",.,"A"
"20115",2361762,50,0,"1",.,"A",.,"A",.,"A",.,"A",.,"A",.,"A",.,"A",65,"D",.,"A",.,"A",.,"A",.,"A",.,"A",.,"A",.,"A"
"20115",2361772,36,0,"1",.,"A",.,"A",.,"A",.,"A",120,"D",.,"A",585,"D",.,"A",.,"A",.,"A",.,"A",.,"A",.,"A",.,"A",.,"A"
"20115",2361792,62,0,"1",.,"A",.,"A",.,"A",.,"A",.,"A",.,"A",.,"A",.,"A",15,"D",.,"A",.,"A",.,"A",28,"D",.,"A",.,"A"
"20115",2361802,48,0,"1",.,"A",.,"A",.,"A",.,"A",.,"A",.,"A",.,"A",.,"A",.,"A",.,"A",.,"A",.,"A",.,"A",.,"A",.,"A"
"20115",2361812,100,0,"1",.,"A",.,"A",.,"A",.,"A",.,"A",.,"A",.,"A",.,"A",.,"A",.,"A",.,"A",.,"A",75,"D",.,"A",.,"A"
"20115",2361832,84,0,"1",.,"A",.,"A",.,"A",.,"A",.,"A",31,"D",.,"A",.,"A",18,"D",.,"A",.,"A",.,"A",55,"D",.,"A",.,"A"
"20115",2361842,71,0,"1",.,"A",.,"A",.,"A",.,"A",15,"D",.,"A",.,"A",.,"A",15,"D",0,"D",0,"D",30,"D",120,"D",0,"D",.,"A"
"20115",2361852,33,0,"1",.,"A",.,"A",.,"A",.,"A",5,"D",.,"A",.,"A",.,"A",.,"A",.,"A",.,"A",.,"A",.,"A",.,"A",.,"A"
"20115",2361862,77,0,"1",.,"A",.,"A",.,"A",.,"A",.,"A",.,"A",.,"A",.,"A",.,"A",.,"A",.,"A",.,"A",290,"D",.,"A",.,"A"
"20115",2361892,59,0,"1",.,"A",.,"A",.,"A",.,"A",.,"A",.,"A",.,"A",.,"A",30,"D",.,"A",.,"A",.,"A",100,"D",.,"A",.,"A"
"20115",2361902,117,0,"1",.,"A",.,"A",80,"D",.,"A",.,"A",.,"A",.,"A",.,"A",45,"D",0,"D",0,"D",6,"D",275,"D",0,"D",.,"A"
"20115",2361972,51,0,"1",.,"A",.,"A",.,"A",.,"A",.,"A",.,"A",.,"A",.,"A",.,"A",.,"A",.,"A",.,"A",.,"A",.,"A",.,"A"
"20115",2361982,46,0,"1",.,"A",.,"A",.,"A",.,"A",.,"A",.,"A",.,"A",.,"A",.,"A",.,"A",.,"A",.,"A",250,"D",.,"A",.,"A"
"20115",2361995,56,0,"1",.,"A",.,"A",.,"A",.,"A",.,"A",.,"A",.,"A",.,"A",.,"A",.,"A",.,"A",.,"A",32,"D",.,"A",.,"A"
"20115",2362032,38,0,"1",.,"A",.,"A",.,"A",.,"A",.,"A",.,"A",.,"A",.,"A",.,"A",.,"A",.,"A",.,"A",.,"A",.,"A",.,"A"
"20115",2362042,47,0,"1",.,"A",.,"A",.,"A",.,"A",.,"A",.,"A",.,"A",.,"A",.,"A",.,"A",.,"A",.,"A",500,"D",.,"A",.,"A"
"20115",2362052,71,0,"1",.,"A",.,"A",.,"A",15,"D",.,"A",5,"D",65,"D",.,"A",60,"D",180,"D",0,"D",0,"D",140,"D",60,"D",.,"A"
"20115",2362062,45,0,"1",.,"A",.,"A",.,"A",130,"D",.,"A",.,"A",.,"A",.,"A",.,"A",.,"A",.,"A",.,"A",.,"A",.,"A",.,"A"
"20115",2362092,31,0,"1",.,"A",.,"A",.,"A",.,"A",.,"A",.,"A",.,"A",.,"A",.,"A",.,"A",.,"A",.,"A",.,"A",.,"A",.,"A"
"20115",2362112,40,0,"1",.,"A",.,"A",.,"A",.,"A",.,"A",.,"A",.,"A",.,"A",.,"A",.,"A",.,"A",.,"A",.,"A",.,"A",.,"A"
"20115",2362142,63,0,"1",.,"A",.,"A",.,"A",.,"A",.,"A",.,"A",.,"A",.,"A",.,"A",.,"A",.,"A",.,"A",50,"D",.,"A",.,"A"
"20115",2362152,42,0,"1",.,"A",.,"A",.,"A",50,"D",120,"D",.,"A",.,"A",.,"A",.,"A",.,"A",.,"A",.,"A",120,"D",.,"A",.,"A"
"20115",2362162,50,0,"1",.,"A",.,"A",.,"A",.,"A",.,"A",.,"A",390,"D",.,"A",.,"A",.,"A",.,"A",.,"A",.,"A",.,"A",.,"A"
"20115",2362212,39,0,"1",.,"A",.,"A",.,"A",.,"A",60,"D",.,"A",.,"A",.,"A",.,"A",.,"A",.,"A",.,"A",70,"D",.,"A",.,"A"
"20115",2362222,50,0,"1",.,"A",.,"A",.,"A",.,"A",.,"A",.,"A",286,"D",.,"A",.,"A",.,"A",.,"A",.,"A",110,"D",.,"A",.,"A"
"20115",2362232,93,0,"1",.,"A",.,"A",.,"A",.,"A",.,"A",35,"D",845,"D",.,"A",12,"D",.,"A",.,"A",.,"A",70,"D",.,"A",.,"A"
"20115",2362242,44,0,"1",.,"A",.,"A",.,"A",.,"A",.,"A",.,"A",.,"A",.,"A",.,"A",.,"A",.,"A",.,"A",40,"D",.,"A",.,"A"
"20115",2362282,54,0,"1",.,"A",.,"A",.,"A",.,"A",.,"A",.,"A",.,"A",.,"A",.,"A",.,"A",.,"A",.,"A",305,"D",.,"A",.,"A"
"20115",2362293,36,0,"1",.,"A",.,"A",.,"A",10,"D",.,"A",.,"A",.,"A",.,"A",.,"A",0,"D",15,"D",0,"D",.,"A",0,"D",.,"A"
"20115",2362312,44,0,"1",.,"A",.,"A",.,"A",.,"A",180,"D",.,"A",.,"A",.,"A",.,"A",.,"A",.,"A",.,"A",40,"D",.,"A",.,"A"
"20115",2362332,37,0,"1",.,"A",.,"A",.,"A",.,"A",.,"A",.,"A",.,"A",.,"A",.,"A",.,"A",.,"A",.,"A",.,"A",.,"A",.,"A"
"20115",2362362,32,0,"1",.,"A",.,"A",.,"A",.,"A",.,"A",.,"A",.,"A",.,"A",.,"A",.,"A",.,"A",.,"A",60,"D",.,"A",.,"A"
"20115",2362382,41,0,"1",.,"A",.,"A",.,"A",.,"A",.,"A",.,"A",.,"A",.,"A",.,"A",.,"A",.,"A",.,"A",.,"A",.,"A",.,"A"
"20115",2362402,44,0,"1",.,"A",.,"A",.,"A",1200,"D",320,"D",.,"A",195,"D",.,"A",.,"A",.,"A",.,"A",.,"A",.,"A",.,"A",.,"A"
"20115",2362412,66,0,"1",.,"A",.,"A",.,"A",.,"A",.,"A",.,"A",.,"A",.,"A",.,"A",.,"A",.,"A",.,"A",100,"D",.,"A",.,"A"
"20115",2362432,57,0,"1",.,"A",.,"A",.,"A",.,"A",.,"A",.,"A",.,"A",.,"A",.,"A",.,"A",.,"A",.,"A",.,"A",.,"A",.,"A"
"20115",2362442,49,0,"1",.,"A",.,"A",.,"A",.,"A",.,"A",.,"A",.,"A",.,"A",.,"A",.,"A",.,"A",.,"A",11,"D",.,"A",.,"A"
"20115",2362452,62,0,"1",.,"A",.,"A",50,"D",.,"A",.,"A",.,"A",.,"A",.,"A",.,"A",.,"A",.,"A",.,"A",285,"D",.,"A",.,"A"
"20115",2362472,38,0,"1",.,"A",.,"A",.,"A",.,"A",60,"D",.,"A",.,"A",.,"A",.,"A",.,"A",.,"A",.,"A",45,"D",.,"A",.,"A"
"20115",2362512,32,0,"1",.,"A",.,"A",.,"A",.,"A",207,"D",.,"A",.,"A",.,"A",.,"A",.,"A",.,"A",.,"A",12,"D",.,"A",.,"A"
"20115",2362572,37,0,"1",.,"A",.,"A",.,"A",.,"A",.,"A",.,"A",.,"A",.,"A",.,"A",.,"A",.,"A",.,"A",.,"A",.,"A",.,"A"
"20115",2362582,122,0,"1",.,"A",.,"A",.,"A",.,"A",.,"A",5,"D",.,"A",.,"A",.,"A",.,"A",.,"A",.,"A",205,"D",.,"A",.,"A"
"20115",2362592,25,0,"1",.,"A",.,"A",.,"A",.,"A",.,"A",.,"A",.,"A",.,"A",.,"A",.,"A",.,"A",.,"A",.,"A",.,"A",.,"A"
"20115",2362602,69,0,"1",.,"A",.,"A",.,"A",.,"A",.,"A",.,"A",.,"A",.,"A",.,"A",.,"A",.,"A",.,"A",75,"D",.,"A",.,"A"
"20115",2362612,36,0,"1",.,"A",.,"A",.,"A",.,"A",160,"D",.,"A",2600,"D",.,"A",.,"A",.,"A",.,"A",.,"A",100,"D",.,"A",.,"A"
"20115",2362622,49,0,"1",.,"A",.,"A",.,"A",.,"A",.,"A",.,"A",260,"D",.,"A",.,"A",.,"A",.,"A",.,"A",.,"A",.,"A",.,"A"
"20115",2362662,71,0,"1",.,"A",.,"A",.,"A",.,"A",.,"A",.,"A",.,"A",.,"A",.,"A",.,"A",.,"A",.,"A",12,"D",.,"A",.,"A"
"20115",2362672,35,0,"1",7,"D",.,"A",.,"A",.,"A",8,"D",.,"A",156,"D",.,"A",.,"A",.,"A",.,"A",.,"A",.,"A",.,"A",.,"A"
"20115",2362682,62,0,"1",.,"A",.,"A",.,"A",.,"A",.,"A",160,"D",.,"A",780,"D",.,"A",.,"A",.,"A",.,"A",112,"D",.,"A",.,"A"
"20115",2362712,49,0,"1",.,"A",.,"A",.,"A",.,"A",.,"A",.,"A",.,"A",.,"A",.,"A",.,"A",.,"A",.,"A",.,"A",.,"A",.,"A"
"20115",2362722,63,0,"1",.,"A",.,"A",.,"A",.,"A",.,"A",.,"A",.,"A",.,"A",75,"D",.,"A",.,"A",.,"A",40,"D",.,"A",.,"A"
"20115",2362742,24,0,"1",.,"A",.,"A",.,"A",.,"A",10,"D",.,"A",.,"A",.,"A",.,"A",.,"A",.,"A",.,"A",.,"A",.,"A",.,"A"
"20115",2362752,70,0,"1",.,"A",.,"A",.,"A",.,"A",.,"A",.,"A",.,"A",.,"A",30,"D",.,"A",.,"A",.,"A",.,"A",.,"A",.,"A"
"20115",2362762,43,0,"1",.,"A",.,"A",.,"A",.,"A",.,"A",.,"A",.,"A",.,"A",.,"A",.,"A",.,"A",.,"A",.,"A",.,"A",.,"A"
"20115",2362782,47,0,"1",.,"A",.,"A",.,"A",62,"D",.,"A",.,"A",455,"D",195,"D",30,"D",.,"A",.,"A",.,"A",.,"A",.,"A",.,"A"
"20115",2362802,69,0,"1",.,"A",.,"A",.,"A",.,"A",.,"A",.,"A",910,"D",.,"A",.,"A",.,"A",.,"A",.,"A",.,"A",.,"A",.,"A"
"20115",2362845,24,0,"1",.,"A",.,"A",.,"A",.,"A",.,"A",.,"A",325,"D",.,"A",.,"A",.,"A",.,"A",.,"A",.,"A",.,"A",.,"A"
"20115",2362852,34,0,"1",.,"A",.,"A",.,"A",.,"A",112,"D",.,"A",.,"A",.,"A",.,"A",.,"A",.,"A",.,"A",15,"D",.,"A",.,"A"
"20115",2362902,51,0,"1",.,"A",.,"A",.,"A",.,"A",.,"A",.,"A",312,"D",.,"A",.,"A",.,"A",.,"A",.,"A",60,"D",.,"A",.,"A"
"20115",2362912,67,0,"1",.,"A",.,"A",.,"A",.,"A",.,"A",.,"A",.,"A",.,"A",.,"A",.,"A",.,"A",.,"A",64,"D",.,"A",.,"A"
"20115",2362952,42,0,"1",.,"A",.,"A",.,"A",.,"A",20,"D",65,"D",.,"A",.,"A",.,"A",.,"A",.,"A",.,"A",120,"D",.,"A",.,"A"
"20115",2362962,35,0,"1",.,"A",.,"A",.,"A",.,"A",.,"A",.,"A",.,"A",.,"A",.,"A",.,"A",.,"A",.,"A",.,"A",.,"A",.,"A"
"20115",2363002,47,0,"1",.,"A",.,"A",.,"A",.,"A",.,"A",.,"A",.,"A",.,"A",.,"A",.,"A",.,"A",.,"A",36,"D",.,"A",.,"A"
"20115",2363054,29,0,"1",.,"A",.,"A",.,"A",.,"A",.,"A",.,"A",.,"A",.,"A",.,"A",.,"A",.,"A",.,"A",.,"A",.,"A",.,"A"
"20115",2363072,45,0,"1",.,"A",.,"A",.,"A",.,"A",.,"A",.,"A",.,"A",.,"A",.,"A",.,"A",.,"A",.,"A",.,"A",.,"A",.,"A"
"20115",2363082,33,0,"1",.,"A",.,"A",.,"A",.,"A",150,"D",.,"A",.,"A",.,"A",.,"A",.,"A",.,"A",.,"A",.,"A",.,"A",.,"A"
"20115",2363092,31,0,"1",.,"A",.,"A",.,"A",.,"A",.,"A",.,"A",.,"A",.,"A",.,"A",.,"A",.,"A",.,"A",.,"A",.,"A",.,"A"
"20115",2363102,25,0,"1",.,"A",.,"A",.,"A",.,"A",.,"A",5,"D",.,"A",.,"A",.,"A",.,"A",.,"A",.,"A",.,"A",.,"A",.,"A"
"20115",2363122,40,0,"1",.,"A",.,"A",.,"A",.,"A",.,"A",.,"A",.,"A",.,"A",.,"A",.,"A",.,"A",.,"A",250,"D",.,"A",.,"A"
"20115",2363135,51,0,"1",.,"A",.,"A",.,"A",.,"A",.,"A",.,"A",.,"A",39,"D",.,"A",.,"A",.,"A",.,"A",.,"A",.,"A",.,"A"
"20115",2363152,71,0,"1",.,"A",.,"A",.,"A",.,"A",.,"A",20,"D",.,"A",.,"A",18,"D",.,"A",.,"A",.,"A",500,"D",.,"A",.,"A"
"20115",2363212,41,0,"1",.,"A",.,"A",.,"A",.,"A",.,"A",.,"A",.,"A",.,"A",.,"A",.,"A",.,"A",.,"A",20,"D",.,"A",.,"A"
"20115",2363223,49,0,"1",.,"A",.,"A",.,"A",.,"A",.,"A",.,"A",780,"D",.,"A",.,"A",.,"A",.,"A",.,"A",30,"D",.,"A",.,"A"
"20115",2363252,52,0,"1",10,"D",.,"A",.,"A",.,"A",50,"D",.,"A",390,"D",.,"A",36,"D",210,"D",0,"D",0,"D",.,"A",70,"D",.,"A"
"20115",2363272,32,0,"1",.,"A",.,"A",.,"A",.,"A",.,"A",.,"A",.,"A",.,"A",.,"A",.,"A",.,"A",.,"A",.,"A",.,"A",.,"A"
"20115",2363285,29,0,"1",.,"A",.,"A",.,"A",.,"A",.,"A",.,"A",.,"A",.,"A",.,"A",.,"A",.,"A",.,"A",.,"A",.,"A",.,"A"
"20115",2363322,39,0,"1",.,"A",.,"A",.,"A",.,"A",.,"A",.,"A",169,"D",.,"A",.,"A",.,"A",.,"A",.,"A",.,"A",.,"A",.,"A"
"20115",2363372,45,0,"1",.,"A",.,"A",.,"A",.,"A",90,"D",.,"A",.,"A",.,"A",.,"A",.,"A",.,"A",.,"A",.,"A",.,"A",.,"A"
"20115",2363382,36,0,"1",.,"A",.,"A",.,"A",.,"A",.,"A",40,"D",.,"A",.,"A",.,"A",.,"A",.,"A",.,"A",40,"D",.,"A",.,"A"
"20115",2363402,51,0,"1",.,"A",.,"A",.,"A",.,"A",.,"A",.,"A",.,"A",.,"A",.,"A",.,"A",.,"A",.,"A",50,"D",.,"A",.,"A"
"20115",2363412,62,0,"1",.,"A",.,"A",5,"D",.,"A",.,"A",.,"A",.,"A",.,"A",.,"A",.,"A",.,"A",.,"A",33,"D",.,"A",.,"A"
"20115",2363422,53,0,"1",.,"A",.,"A",.,"A",.,"A",.,"A",.,"A",.,"A",.,"A",.,"A",.,"A",.,"A",.,"A",85,"D",.,"A",.,"A"
"20115",2363432,29,0,"1",.,"A",.,"A",.,"A",.,"A",.,"A",.,"A",.,"A",.,"A",.,"A",.,"A",.,"A",.,"A",.,"A",.,"A",.,"A"
"20115",2363452,52,0,"1",.,"A",.,"A",.,"A",.,"A",.,"A",.,"A",325,"D",.,"A",0,"D",.,"A",.,"A",.,"A",.,"A",.,"A",.,"A"
"20115",2363482,42,0,"1",.,"A",.,"A",.,"A",.,"A",.,"A",.,"A",390,"D",.,"A",.,"A",.,"A",.,"A",.,"A",.,"A",.,"A",.,"A"
"20115",2363492,37,0,"1",.,"A",.,"A",.,"A",.,"A",.,"A",.,"A",390,"D",.,"A",.,"A",.,"A",.,"A",.,"A",.,"A",.,"A",.,"A"
"20115",2363502,47,0,"1",32,"D",.,"A",.,"A",.,"A",88,"D",.,"A",.,"A",.,"A",36,"D",.,"A",.,"A",.,"A",240,"D",.,"A",.,"A"
"20115",2363545,43,0,"1",.,"A",.,"A",.,"A",.,"A",.,"A",.,"A",.,"A",.,"A",.,"A",.,"A",.,"A",.,"A",.,"A",.,"A",.,"A"
"20115",2363552,57,0,"1",.,"A",.,"A",.,"A",.,"A",.,"A",.,"A",.,"A",.,"A",.,"A",.,"A",.,"A",.,"A",100,"F",.,"A",.,"A"
"20115",2363562,30,0,"1",.,"A",.,"A",.,"A",.,"A",.,"A",.,"A",.,"A",.,"A",.,"A",.,"A",.,"A",.,"A",120,"D",.,"A",.,"A"
"20115",2363582,26,0,"1",.,"A",.,"A",.,"A",.,"A",.,"A",.,"A",143,"D",.,"A",.,"A",.,"A",.,"A",.,"A",3,"D",.,"A",.,"A"
"20115",2363632,49,0,"1",.,"A",.,"A",.,"A",.,"A",.,"A",.,"A",689,"D",.,"A",.,"A",.,"A",.,"A",.,"A",48,"D",.,"A",.,"A"
"20115",2363652,45,0,"1",.,"A",.,"A",.,"A",.,"A",.,"A",.,"A",.,"A",.,"A",150,"D",.,"A",.,"A",.,"A",.,"A",.,"A",.,"A"
"20115",2363662,55,0,"1",.,"A",.,"A",.,"A",.,"A",.,"A",.,"A",.,"A",.,"A",.,"A",.,"A",.,"A",.,"A",400,"D",.,"A",.,"A"
"20115",2363692,35,0,"1",.,"A",.,"A",.,"A",.,"A",.,"A",.,"A",.,"A",.,"A",.,"A",.,"A",.,"A",.,"A",60,"D",.,"A",.,"A"
"20115",2363705,25,0,"1",.,"A",.,"A",.,"A",.,"A",.,"A",.,"A",130,"D",.,"A",.,"A",.,"A",.,"A",.,"A",.,"A",.,"A",.,"A"
"20115",2363722,45,0,"1",.,"A",.,"A",25,"D",.,"A",.,"A",.,"A",.,"A",.,"A",.,"A",.,"A",.,"A",.,"A",13,"D",.,"A",.,"A"
"20115",2363742,30,0,"1",.,"A",.,"A",.,"A",.,"A",.,"A",.,"A",.,"A",.,"A",.,"A",.,"A",.,"A",.,"A",.,"A",.,"A",.,"A"
"20115",2363752,30,0,"1",.,"A",.,"A",.,"A",.,"A",480,"D",.,"A",325,"D",221,"D",.,"A",.,"A",.,"A",.,"A",.,"A",.,"A",.,"A"
"20115",2363812,86,0,"1",.,"A",30,"D",.,"A",.,"A",.,"A",0,"D",.,"A",.,"A",18,"D",.,"A",.,"A",.,"A",.,"A",.,"A",.,"A"
"20115",2363832,46,0,"1",.,"A",.,"A",.,"A",.,"A",.,"A",60,"D",.,"A",.,"A",.,"A",.,"A",.,"A",.,"A",150,"D",.,"A",.,"A"
"20115",2363855,34,0,"1",.,"A",.,"A",.,"A",.,"A",.,"A",.,"A",.,"A",.,"A",.,"A",.,"A",.,"A",.,"A",.,"A",.,"A",.,"A"
"20115",2363902,37,0,"1",.,"A",.,"A",.,"A",.,"A",.,"A",.,"A",.,"A",.,"A",.,"A",.,"A",.,"A",.,"A",40,"D",.,"A",.,"A"
"20115",2363912,30,0,"1",.,"A",.,"A",.,"A",.,"A",.,"A",.,"A",.,"A",.,"A",.,"A",.,"A",.,"A",.,"A",.,"A",.,"A",.,"A"
"20115",2363922,66,0,"1",.,"A",.,"A",.,"A",.,"A",.,"A",.,"A",910,"D",.,"A",.,"A",.,"A",.,"A",.,"A",.,"A",.,"A",.,"A"
"20115",2363932,38,0,"1",.,"A",.,"A",.,"A",.,"A",.,"A",.,"A",.,"A",.,"A",.,"A",.,"A",.,"A",.,"A",60,"D",.,"A",.,"A"
"20115",2363962,36,0,"1",.,"A",.,"A",.,"A",.,"A",.,"A",.,"A",.,"A",.,"A",.,"A",750,"D",0,"D",0,"D",90,"D",250,"D",.,"A"
"20115",2363992,45,0,"1",.,"A",.,"A",.,"A",.,"A",.,"A",.,"A",.,"A",.,"A",.,"A",.,"A",.,"A",.,"A",.,"A",.,"A",.,"A"
"20115",2364002,76,0,"1",.,"A",.,"A",.,"A",.,"A",.,"A",.,"A",260,"D",.,"A",.,"A",.,"A",.,"A",.,"A",40,"D",.,"A",.,"A"
"20115",2364012,49,0,"1",.,"A",.,"A",.,"A",.,"A",.,"A",.,"A",780,"D",.,"A",30,"D",.,"A",.,"A",.,"A",50,"D",.,"A",.,"A"
"20115",2364032,100,0,"1",.,"A",.,"A",.,"A",.,"A",.,"A",.,"A",.,"A",195,"D",.,"A",.,"A",.,"A",.,"A",300,"D",.,"A",.,"A"
"20115",2364092,29,0,"1",.,"A",.,"A",.,"A",.,"A",.,"A",.,"A",.,"A",.,"A",.,"A",.,"A",.,"A",.,"A",30,"D",.,"A",.,"A"
"20115",2364112,46,0,"1",.,"A",.,"A",.,"A",.,"A",.,"A",.,"A",.,"A",.,"A",.,"A",.,"A",.,"A",.,"A",12,"D",.,"A",.,"A"
"20115",2364124,34,0,"1",.,"A",.,"A",.,"A",.,"A",.,"A",.,"A",130,"D",.,"A",15,"D",.,"A",.,"A",.,"A",.,"A",.,"A",.,"A"
"20115",2364132,67,0,"1",.,"A",.,"A",.,"A",.,"A",.,"A",.,"A",.,"A",.,"A",.,"A",.,"A",.,"A",.,"A",54,"D",.,"A",.,"A"
"20115",2364152,35,0,"1",.,"A",.,"A",.,"A",.,"A",.,"A",.,"A",.,"A",.,"A",.,"A",.,"A",.,"A",.,"A",11,"D",.,"A",.,"A"
"20115",2364162,39,0,"1",.,"A",.,"A",.,"A",.,"A",.,"A",.,"A",.,"A",.,"A",.,"A",.,"A",.,"A",.,"A",.,"A",.,"A",.,"A"
"20115",2364183,80,0,"1",.,"A",.,"A",.,"A",.,"A",.,"A",.,"A",.,"A",.,"A",.,"A",.,"A",.,"A",.,"A",115,"D",.,"A",.,"A"
"20115",2364192,79,0,"1",.,"A",.,"A",.,"A",.,"A",.,"A",.,"A",.,"A",.,"A",.,"A",.,"A",.,"A",.,"A",75,"D",.,"A",.,"A"
"20115",2364212,44,0,"1",.,"A",.,"A",.,"A",.,"A",.,"A",.,"A",4680,"D",.,"A",.,"A",.,"A",.,"A",.,"A",180,"D",.,"A",.,"A"
"20115",2364222,65,0,"1",.,"A",.,"A",.,"A",.,"A",.,"A",.,"A",650,"D",.,"A",.,"A",.,"A",.,"A",.,"A",.,"A",.,"A",.,"A"
"20115",2364242,75,0,"1",6,"D",.,"A",.,"A",24,"D",18,"D",.,"A",312,"D",130,"D",.,"A",.,"A",.,"A",.,"A",50,"D",.,"A",.,"A"
"20115",2364252,41,0,"1",.,"A",.,"A",.,"A",.,"A",.,"A",100,"D",.,"A",.,"A",.,"A",.,"A",.,"A",.,"A",200,"D",.,"A",.,"A"
"20115",2364262,53,0,"1",.,"A",.,"A",.,"A",.,"A",.,"A",.,"A",.,"A",650,"D",.,"A",.,"A",.,"A",.,"A",19,"D",.,"A",.,"A"
"20115",2364282,39,0,"1",.,"A",.,"A",.,"A",.,"A",.,"A",40,"D",.,"A",.,"A",.,"A",.,"A",.,"A",.,"A",330,"D",.,"A",.,"A"
"20115",2364302,57,0,"1",3,"D",.,"A",.,"A",.,"A",7,"D",.,"A",182,"D",.,"A",42,"D",.,"A",.,"A",.,"A",.,"A",.,"A",.,"A"
"20115",2364323,22,0,"1",.,"A",.,"A",.,"A",.,"A",.,"A",.,"A",.,"A",.,"A",.,"A",.,"A",.,"A",.,"A",.,"A",.,"A",.,"A"
"20115",2364342,46,0,"1",.,"A",.,"A",.,"A",.,"A",.,"A",.,"A",.,"A",.,"A",.,"A",.,"A",.,"A",.,"A",18,"D",.,"A",.,"A"
"20115",2364382,60,0,"1",.,"A",.,"A",.,"A",.,"A",15,"D",.,"A",.,"A",.,"A",.,"A",.,"A",.,"A",.,"A",35,"D",.,"A",.,"A"
"20115",2364392,60,0,"1",.,"A",.,"A",60,"D",.,"A",.,"A",.,"A",390,"D",.,"A",.,"A",.,"A",.,"A",.,"A",36,"D",.,"A",.,"A"
"20115",2364403,26,0,"1",.,"A",.,"A",.,"A",.,"A",.,"A",.,"A",.,"A",.,"A",.,"A",0,"D",15,"D",0,"D",.,"A",0,"D",.,"A"
"20115",2364424,22,0,"1",.,"A",.,"A",.,"A",.,"A",.,"A",.,"A",.,"A",.,"A",.,"A",.,"A",.,"A",.,"A",120,"D",.,"A",.,"A"
"20115",2364432,28,0,"1",.,"A",.,"A",.,"A",.,"A",15,"D",.,"A",.,"A",.,"A",.,"A",0,"D",0,"D",120,"D",144,"D",0,"D",.,"A"
"20115",2364452,47,0,"1",.,"A",.,"A",.,"A",.,"A",.,"A",22,"D",.,"A",.,"A",15,"D",.,"A",.,"A",.,"A",.,"A",.,"A",.,"A"
"20115",2364492,40,0,"1",.,"A",.,"A",.,"A",.,"A",.,"A",.,"A",.,"A",.,"A",.,"A",.,"A",.,"A",.,"A",.,"A",.,"A",.,"A"
"20115",2364522,58,0,"1",.,"A",.,"A",.,"A",.,"A",.,"A",.,"A",.,"A",.,"A",.,"A",.,"A",.,"A",.,"A",.,"A",.,"A",.,"A"
"20115",2364532,75,0,"1",.,"A",.,"A",1,"D",.,"A",.,"A",.,"A",.,"A",.,"A",.,"A",.,"A",.,"A",.,"A",150,"D",.,"A",.,"A"
"20115",2364542,66,0,"1",.,"A",.,"A",.,"A",.,"A",.,"A",.,"A",130,"D",.,"A",.,"A",.,"A",.,"A",.,"A",100,"D",.,"A",.,"A"
"20115",2364552,20,0,"1",.,"A",.,"A",.,"A",.,"A",.,"A",.,"A",.,"A",.,"A",.,"A",.,"A",.,"A",.,"A",.,"A",.,"A",.,"A"
"20115",2364602,39,0,"1",.,"A",.,"A",.,"A",350,"D",.,"A",.,"A",.,"A",.,"A",.,"A",.,"A",.,"A",.,"A",.,"A",.,"A",.,"A"
"20115",2364612,41,0,"1",.,"A",.,"A",.,"A",.,"A",600,"D",.,"A",.,"A",.,"A",.,"A",.,"A",.,"A",.,"A",45,"D",.,"A",.,"A"
"20115",2364632,37,0,"1",.,"A",.,"A",.,"A",.,"A",.,"A",.,"A",.,"A",.,"A",.,"A",.,"A",.,"A",.,"A",30,"D",.,"A",.,"A"
"20115",2364642,31,0,"1",.,"A",.,"A",.,"A",.,"A",.,"A",.,"A",.,"A",.,"A",.,"A",.,"A",.,"A",.,"A",.,"A",.,"A",.,"A"
"20115",2364652,69,0,"1",.,"A",.,"A",.,"A",.,"A",.,"A",72,"D",.,"A",.,"A",.,"A",.,"A",.,"A",.,"A",40,"D",.,"A",.,"A"
"20115",2364662,39,0,"1",.,"A",.,"A",.,"A",.,"A",.,"A",.,"A",.,"A",.,"A",.,"A",.,"A",.,"A",.,"A",50,"D",.,"A",.,"A"
"20115",2364673,37,0,"1",.,"A",.,"A",.,"A",.,"A",.,"A",.,"A",.,"A",.,"A",.,"A",.,"A",.,"A",.,"A",45,"D",.,"A",.,"A"
"20115",2364682,31,0,"1",.,"A",.,"A",.,"A",.,"A",.,"A",.,"A",.,"A",.,"A",.,"A",.,"A",.,"A",.,"A",.,"A",.,"A",.,"A"
"20115",2364692,54,0,"1",.,"A",.,"A",.,"A",.,"A",.,"A",25,"D",1040,"D",.,"A",.,"A",.,"A",.,"A",.,"A",40,"D",.,"A",.,"A"
"20115",2364702,28,0,"1",.,"A",.,"A",.,"A",.,"A",36,"D",.,"A",.,"A",.,"A",.,"A",105,"D",0,"D",0,"D",120,"D",35,"D",.,"A"
"20115",2364742,27,0,"1",.,"A",.,"A",.,"A",.,"A",.,"A",.,"A",.,"A",.,"A",.,"A",.,"A",.,"A",.,"A",.,"A",.,"A",.,"A"
"20115",2364772,55,0,"1",.,"A",.,"A",.,"A",.,"A",.,"A",.,"A",.,"A",.,"A",120,"D",.,"A",.,"A",.,"A",50,"D",.,"A",.,"A"
"20115",2364802,36,0,"1",.,"A",.,"A",.,"A",.,"A",25,"D",25,"D",.,"A",.,"A",15,"D",.,"A",.,"A",.,"A",.,"A",.,"A",.,"A"
"20115",2364812,45,0,"1",.,"A",.,"A",.,"A",.,"A",.,"A",.,"A",.,"A",.,"A",.,"A",.,"A",.,"A",.,"A",.,"A",.,"A",.,"A"
"20115",2364832,28,0,"1",.,"A",.,"A",.,"A",.,"A",.,"A",.,"A",260,"D",.,"A",.,"A",.,"A",.,"A",.,"A",45,"F",.,"A",.,"A"
"20115",2364842,54,0,"1",.,"A",.,"A",55,"F",.,"A",120,"D",.,"A",.,"A",.,"A",.,"A",33,"D",0,"D",0,"D",20,"D",11,"D",330,"F"
"20115",2364852,31,0,"1",.,"A",.,"A",.,"A",.,"A",.,"A",.,"A",.,"A",104,"D",.,"A",.,"A",.,"A",.,"A",.,"A",.,"A",.,"A"
"20115",2364892,55,0,"1",.,"A",.,"A",.,"A",.,"A",.,"A",.,"A",.,"A",.,"A",.,"A",.,"A",.,"A",.,"A",.,"A",.,"A",.,"A"
"20115",2364902,48,0,"1",.,"A",.,"A",.,"A",.,"A",.,"A",.,"A",.,"A",.,"A",.,"A",.,"A",.,"A",.,"A",90,"D",.,"A",.,"A"
"20115",2364923,46,0,"1",.,"A",.,"A",.,"A",.,"A",.,"A",.,"A",.,"A",.,"A",18,"D",.,"A",.,"A",.,"A",50,"D",.,"A",.,"A"
"20115",2364942,77,0,"1",.,"A",.,"A",.,"A",.,"A",.,"A",.,"A",351,"D",.,"A",.,"A",.,"A",.,"A",.,"A",.,"A",.,"A",.,"A"
"20115",2364992,34,0,"1",.,"A",.,"A",.,"A",.,"A",.,"A",.,"A",.,"A",.,"A",.,"A",.,"A",.,"A",.,"A",.,"A",.,"A",.,"A"
"20115",2365012,36,0,"1",.,"A",.,"A",8,"D",.,"A",54,"D",.,"A",312,"D",.,"A",18,"D",0,"D",0,"D",15,"D",.,"A",0,"D",.,"A"
"20115",2365044,28,0,"1",.,"A",.,"A",.,"A",.,"A",.,"A",.,"A",.,"A",.,"A",.,"A",0,"D",0,"D",0,"D",.,"A",0,"D",.,"A"
"20115",2365052,52,0,"1",.,"A",.,"A",.,"A",.,"A",.,"A",.,"A",.,"A",.,"A",.,"A",.,"A",.,"A",.,"A",75,"D",.,"A",.,"A"
"20115",2365062,39,0,"1",.,"A",.,"A",.,"A",.,"A",300,"D",.,"A",.,"A",.,"A",.,"A",.,"A",.,"A",.,"A",70,"D",.,"A",.,"A"
"20115",2365082,68,0,"1",.,"A",.,"A",.,"A",.,"A",.,"A",.,"A",3120,"D",.,"A",.,"A",.,"A",.,"A",.,"A",.,"A",.,"A",.,"A"
"20115",2365102,54,0,"1",.,"A",.,"A",30,"F",.,"A",.,"A",.,"A",.,"A",.,"A",.,"A",.,"A",.,"A",.,"A",20,"D",.,"A",.,"A"
"20115",2365112,44,0,"1",.,"A",.,"A",.,"A",.,"A",.,"A",60,"D",.,"A",.,"A",6,"F",.,"A",.,"A",.,"A",45,"D",.,"A",.,"A"
"20115",2365152,29,0,"1",.,"A",.,"A",.,"A",.,"A",.,"A",.,"A",.,"A",.,"A",.,"A",.,"A",.,"A",.,"A",.,"A",.,"A",.,"A"
"20115",2365162,56,0,"1",.,"A",.,"A",.,"A",.,"A",.,"A",.,"A",.,"A",.,"A",.,"A",.,"A",.,"A",.,"A",60,"D",.,"A",.,"A"
"20115",2365202,42,0,"1",.,"A",.,"A",.,"A",.,"A",.,"A",.,"A",780,"D",.,"A",.,"A",.,"A",.,"A",.,"A",40,"D",.,"A",.,"A"
"20115",2365212,38,0,"1",.,"A",.,"A",.,"A",.,"A",.,"A",.,"A",.,"A",.,"A",.,"A",.,"A",.,"A",.,"A",.,"A",.,"A",.,"A"
"20115",2365232,47,0,"1",.,"A",.,"A",.,"A",.,"A",.,"A",.,"A",.,"A",.,"A",.,"A",.,"A",.,"A",.,"A",.,"A",.,"A",.,"A"
"20115",2365302,51,0,"1",.,"A",.,"A",.,"A",.,"A",.,"A",.,"A",195,"D",.,"A",.,"A",.,"A",.,"A",.,"A",.,"A",.,"A",.,"A"
"20115",2365312,48,0,"1",.,"A",.,"A",.,"A",.,"A",.,"A",.,"A",325,"D",.,"A",.,"A",.,"A",.,"A",.,"A",40,"D",.,"A",.,"A"
"20115",2365322,44,0,"1",.,"A",.,"A",.,"A",.,"A",.,"A",.,"A",.,"A",.,"A",.,"A",.,"A",.,"A",.,"A",.,"A",.,"A",.,"A"
"20115",2365332,42,0,"1",.,"A",.,"A",.,"A",.,"A",.,"A",.,"A",.,"A",.,"A",.,"A",.,"A",.,"A",.,"A",60,"D",.,"A",.,"A"
"20115",2365342,73,0,"1",.,"A",.,"A",.,"A",.,"A",.,"A",.,"A",1040,"D",.,"A",18,"D",.,"A",.,"A",.,"A",100,"D",.,"A",.,"A"
"20115",2365352,47,0,"1",.,"A",.,"A",.,"A",.,"A",.,"A",.,"A",.,"A",.,"A",24,"D",.,"A",.,"A",.,"A",30,"D",.,"A",.,"A"
"20115",2365362,59,0,"1",.,"A",.,"A",.,"A",.,"A",.,"A",.,"A",520,"D",.,"A",.,"A",.,"A",.,"A",.,"A",.,"A",.,"A",.,"A"
"20115",2365382,63,0,"1",.,"A",.,"A",.,"A",.,"A",.,"A",.,"A",.,"A",.,"A",.,"A",.,"A",.,"A",.,"A",65,"D",.,"A",.,"A"
"20115",2365402,59,0,"1",.,"A",.,"A",.,"A",.,"A",.,"A",.,"A",195,"D",26,"D",.,"A",.,"A",.,"A",.,"A",.,"A",.,"A",.,"A"
"20115",2365412,43,0,"1",.,"A",.,"A",.,"A",.,"A",.,"A",.,"A",.,"A",.,"A",.,"A",.,"A",.,"A",.,"A",.,"A",.,"A",.,"A"
"20115",2365452,50,0,"1",.,"A",.,"A",.,"A",.,"A",.,"A",.,"A",91,"D",.,"A",.,"A",.,"A",.,"A",.,"A",90,"D",.,"A",.,"A"
"20115",2365472,33,0,"1",.,"A",.,"A",.,"A",.,"A",.,"A",.,"A",.,"A",.,"A",.,"A",.,"A",.,"A",.,"A",20,"D",.,"A",.,"A"
"20115",2365493,35,0,"1",.,"A",.,"A",.,"A",.,"A",40,"D",.,"A",.,"A",.,"A",.,"A",.,"A",.,"A",.,"A",.,"A",.,"A",.,"A"
"20115",2365532,56,0,"1",.,"A",.,"A",.,"A",.,"A",.,"A",.,"A",273,"D",.,"A",.,"A",.,"A",.,"A",.,"A",.,"A",.,"A",.,"A"
"20115",2365544,23,0,"1",.,"A",.,"A",.,"A",.,"A",8,"F",.,"A",.,"A",.,"A",.,"A",.,"A",.,"A",.,"A",.,"A",.,"A",.,"A"
"20115",2365562,25,0,"1",.,"A",.,"A",.,"A",.,"A",.,"A",.,"A",39,"D",.,"A",.,"A",.,"A",.,"A",.,"A",.,"A",.,"A",.,"A"
"20115",2365572,54,0,"1",.,"A",.,"A",.,"A",.,"A",.,"A",.,"A",.,"A",.,"A",.,"A",.,"A",.,"A",.,"A",210,"D",.,"A",.,"A"
"20115",2365592,54,0,"1",.,"A",.,"A",.,"A",.,"A",.,"A",64,"D",.,"A",.,"A",.,"A",.,"A",.,"A",.,"A",32,"D",.,"A",.,"A"
"20115",2365612,36,0,"1",.,"A",.,"A",.,"A",.,"A",.,"A",.,"A",.,"A",.,"A",.,"A",.,"A",.,"A",.,"A",130,"D",.,"A",.,"A"
"20115",2365652,77,0,"1",.,"A",.,"A",.,"A",.,"A",.,"A",450,"D",.,"A",.,"A",.,"A",.,"A",.,"A",.,"A",750,"D",.,"A",.,"A"
"20115",2365682,35,0,"1",.,"A",.,"A",.,"A",.,"A",.,"A",.,"A",312,"D",.,"A",.,"A",.,"A",.,"A",.,"A",.,"A",.,"A",.,"A"
"20115",2365712,45,0,"1",.,"A",.,"A",.,"A",.,"A",18,"D",65,"D",.,"A",.,"A",.,"A",.,"A",.,"A",.,"A",85,"D",.,"A",.,"A"
"20115",2365732,49,0,"1",.,"A",.,"A",.,"A",.,"A",.,"A",.,"A",.,"A",.,"A",.,"A",.,"A",.,"A",.,"A",45,"D",.,"A",.,"A"
"20115",2365745,25,0,"1",.,"A",.,"A",.,"A",.,"A",.,"A",.,"A",.,"A",.,"A",.,"A",.,"A",.,"A",.,"A",20,"D",.,"A",.,"A"
"20115",2365752,34,0,"1",.,"A",.,"A",.,"A",.,"A",.,"A",.,"A",.,"A",.,"A",.,"A",.,"A",.,"A",.,"A",.,"A",.,"A",.,"A"
"20115",2365772,48,0,"1",.,"A",.,"A",.,"A",.,"A",.,"A",.,"A",.,"A",.,"A",.,"A",.,"A",.,"A",.,"A",.,"A",.,"A",.,"A"
"20115",2365782,59,0,"1",.,"A",.,"A",.,"A",.,"A",.,"A",.,"A",.,"A",.,"A",.,"A",.,"A",.,"A",.,"A",123,"D",.,"A",.,"A"
"20115",2365812,49,0,"1",.,"A",.,"A",.,"A",.,"A",.,"A",.,"A",.,"A",.,"A",.,"A",.,"A",.,"A",.,"A",160,"D",.,"A",.,"A"
"20115",2365822,32,0,"1",.,"A",.,"A",.,"A",.,"A",.,"A",.,"A",.,"A",.,"A",.,"A",.,"A",.,"A",.,"A",.,"A",.,"A",.,"A"
"20115",2365842,48,0,"1",.,"A",.,"A",.,"A",.,"A",.,"A",.,"A",.,"A",.,"A",.,"A",.,"A",.,"A",.,"A",.,"A",.,"A",.,"A"
"20115",2365872,45,0,"1",.,"A",.,"A",.,"A",.,"A",.,"A",.,"A",.,"A",.,"A",.,"A",.,"A",.,"A",.,"A",28,"D",.,"A",.,"A"
"20115",2365882,39,0,"1",.,"A",.,"A",.,"A",.,"A",.,"A",.,"A",.,"A",.,"A",.,"A",.,"A",.,"A",.,"A",35,"D",.,"A",.,"A"
"20115",2365892,45,0,"1",.,"A",.,"A",.,"A",.,"A",.,"A",.,"A",.,"A",.,"A",.,"A",210,"D",210,"D",0,"D",100,"D",70,"D",.,"A"
"20115",2365902,44,0,"1",.,"A",.,"A",.,"A",.,"A",.,"A",10,"D",.,"A",.,"A",.,"A",.,"A",.,"A",.,"A",300,"D",.,"A",.,"A"
"20115",2365922,70,0,"1",.,"A",.,"A",.,"A",.,"A",.,"A",.,"A",.,"A",.,"A",.,"A",.,"A",.,"A",.,"A",.,"A",.,"A",.,"A"
"20115",2365942,40,0,"1",.,"A",.,"A",.,"A",.,"A",.,"A",100,"D",.,"A",.,"A",.,"A",.,"A",.,"A",.,"A",165,"D",.,"A",.,"A"
"20115",2365952,52,0,"1",.,"A",.,"A",.,"A",.,"A",.,"A",.,"A",.,"A",.,"A",.,"A",.,"A",.,"A",.,"A",150,"D",.,"A",.,"A"
"20115",2365982,30,0,"1",.,"A",.,"A",.,"A",.,"A",.,"A",.,"A",195,"D",.,"A",.,"A",.,"A",.,"A",.,"A",.,"A",.,"A",.,"A"
"20115",2365992,28,0,"1",.,"A",.,"A",.,"A",.,"A",.,"A",.,"A",.,"A",.,"A",.,"A",.,"A",.,"A",.,"A",.,"A",.,"A",.,"A"
"20115",2366012,62,0,"1",.,"A",.,"A",.,"A",.,"A",.,"A",32,"D",.,"A",.,"A",.,"A",0,"D",0,"D",9,"D",45,"D",0,"D",.,"A"
"20115",2366032,61,0,"1",.,"A",.,"A",.,"A",.,"A",.,"A",10,"D",1300,"D",.,"A",.,"A",.,"A",.,"A",.,"A",20,"D",.,"A",.,"A"
"20115",2366052,82,0,"1",.,"A",.,"A",.,"A",.,"A",.,"A",15,"D",.,"A",.,"A",.,"A",.,"A",.,"A",.,"A",200,"D",.,"A",.,"A"
"20115",2366082,81,0,"1",.,"A",.,"A",.,"A",.,"A",.,"A",.,"A",.,"A",.,"A",.,"A",.,"A",.,"A",.,"A",150,"D",.,"A",.,"A"
"20115",2366092,35,0,"1",.,"A",.,"A",.,"A",.,"A",.,"A",.,"A",.,"A",.,"A",.,"A",.,"A",.,"A",.,"A",50,"D",.,"A",.,"A"
"20115",2366112,24,0,"1",.,"A",.,"A",.,"A",.,"A",.,"A",.,"A",.,"A",.,"A",.,"A",.,"A",.,"A",.,"A",.,"A",.,"A",.,"A"
"20115",2366132,52,0,"1",.,"A",.,"A",.,"A",.,"A",.,"A",70,"D",.,"A",.,"A",.,"A",.,"A",.,"A",.,"A",60,"D",.,"A",.,"A"
"20115",2366152,43,0,"1",.,"A",.,"A",.,"A",.,"A",.,"A",.,"A",.,"A",.,"A",.,"A",.,"A",.,"A",.,"A",.,"A",.,"A",.,"A"
"20115",2366212,30,0,"1",.,"A",.,"A",.,"A",.,"A",.,"A",.,"A",.,"A",.,"A",.,"A",36,"D",0,"D",30,"D",.,"A",12,"D",30,"D"
"20115",2366232,38,0,"1",.,"A",.,"A",.,"A",.,"A",30,"D",.,"A",.,"A",.,"A",.,"A",.,"A",.,"A",.,"A",.,"A",.,"A",.,"A"
"20115",2366245,60,0,"1",.,"A",.,"A",.,"A",.,"A",.,"A",.,"A",.,"A",.,"A",.,"A",.,"A",.,"A",.,"A",20,"D",.,"A",.,"A"
"20115",2366262,35,0,"1",.,"A",.,"A",.,"A",.,"A",120,"D",62,"D",.,"A",.,"A",.,"A",.,"A",.,"A",.,"A",.,"A",.,"A",.,"A"
"20115",2366282,36,0,"1",.,"A",.,"A",.,"A",.,"A",.,"A",.,"A",.,"A",.,"A",.,"A",.,"A",.,"A",.,"A",.,"A",.,"A",.,"A"
"20115",2366292,34,0,"1",.,"A",.,"A",.,"A",.,"A",.,"A",.,"A",.,"A",.,"A",.,"A",.,"A",.,"A",.,"A",.,"A",.,"A",.,"A"
"20115",2366302,83,0,"1",.,"A",.,"A",.,"A",.,"A",.,"A",.,"A",650,"D",.,"A",21,"D",.,"A",.,"A",.,"A",.,"A",.,"A",.,"A"
"20115",2366312,36,0,"1",.,"A",.,"A",.,"A",.,"A",.,"A",.,"A",.,"A",.,"A",.,"A",.,"A",.,"A",.,"A",.,"A",.,"A",.,"A"
"20115",2366322,48,0,"1",.,"A",.,"A",.,"A",75,"D",.,"A",.,"A",260,"D",.,"A",.,"A",210,"D",0,"D",0,"D",.,"A",70,"D",.,"A"
"20115",2366355,78,0,"1",.,"A",.,"A",.,"A",.,"A",.,"A",5,"D",.,"A",156,"D",75,"D",.,"A",.,"A",.,"A",60,"D",.,"A",.,"A"
"20115",2366372,31,0,"1",.,"A",.,"A",.,"A",.,"A",.,"A",.,"A",.,"A",.,"A",.,"A",.,"A",.,"A",.,"A",.,"A",.,"A",.,"A"
"20115",2366382,47,0,"1",.,"A",.,"A",.,"A",.,"A",.,"A",.,"A",.,"A",.,"A",.,"A",.,"A",.,"A",.,"A",100,"D",.,"A",.,"A"
"20115",2366402,49,0,"1",.,"A",.,"A",.,"A",.,"A",360,"D",.,"A",325,"D",.,"A",.,"A",.,"A",.,"A",.,"A",360,"D",.,"A",.,"A"
"20115",2366412,43,0,"1",.,"A",.,"A",.,"A",.,"A",.,"A",.,"A",364,"D",.,"A",.,"A",.,"A",.,"A",.,"A",44,"D",.,"A",.,"A"
"20115",2366422,39,0,"1",.,"A",.,"A",.,"A",.,"A",.,"A",.,"A",.,"A",.,"A",.,"A",.,"A",.,"A",.,"A",.,"A",.,"A",.,"A"
"20115",2366452,47,0,"1",.,"A",.,"A",.,"A",.,"A",.,"A",.,"A",520,"D",.,"A",.,"A",.,"A",.,"A",.,"A",300,"D",.,"A",.,"A"
"20115",2366465,43,0,"1",.,"A",.,"A",.,"A",.,"A",120,"D",.,"A",.,"A",.,"A",.,"A",.,"A",.,"A",.,"A",140,"D",.,"A",.,"A"
"20115",2366482,27,0,"1",.,"A",.,"A",.,"A",30,"D",.,"A",.,"A",.,"A",.,"A",.,"A",.,"A",.,"A",.,"A",.,"A",.,"A",.,"A"
"20115",2366492,44,0,"1",.,"A",.,"A",.,"A",.,"A",.,"A",.,"A",.,"A",.,"A",.,"A",.,"A",.,"A",.,"A",.,"A",.,"A",.,"A"
"20115",2366502,44,0,"1",.,"A",.,"A",.,"A",.,"A",.,"A",.,"A",.,"A",.,"A",.,"A",.,"A",.,"A",.,"A",10,"D",.,"A",.,"A"
"20115",2366522,50,0,"1",.,"A",.,"A",.,"A",.,"A",.,"A",.,"A",.,"A",.,"A",.,"A",.,"A",.,"A",.,"A",15,"D",.,"A",.,"A"
"20115",2366532,21,0,"1",.,"A",.,"A",.,"A",.,"A",.,"A",.,"A",.,"A",.,"A",.,"A",.,"A",.,"A",.,"A",.,"A",.,"A",.,"A"
"20115",2366592,51,0,"1",.,"A",.,"A",.,"A",.,"A",.,"A",.,"A",.,"A",.,"A",.,"A",.,"A",.,"A",.,"A",224,"D",.,"A",.,"A"
"20115",2366602,26,0,"1",.,"A",.,"A",.,"A",.,"A",.,"A",.,"A",.,"A",.,"A",.,"A",.,"A",.,"A",.,"A",.,"A",.,"A",.,"A"
"20115",2366612,62,0,"1",.,"A",.,"A",.,"A",.,"A",.,"A",15,"D",.,"A",.,"A",.,"A",.,"A",.,"A",.,"A",190,"D",.,"A",.,"A"
"20115",2366642,51,0,"1",.,"A",.,"A",.,"A",.,"A",120,"D",.,"A",.,"A",.,"A",18,"D",.,"A",.,"A",.,"A",150,"D",.,"A",.,"A"
"20115",2366672,31,0,"1",.,"A",.,"A",.,"A",.,"A",.,"A",.,"A",390,"D",.,"A",.,"A",.,"A",.,"A",.,"A",.,"A",.,"A",.,"A"
"20115",2366682,35,0,"1",.,"A",.,"A",.,"A",.,"A",120,"D",.,"A",429,"D",.,"A",.,"A",.,"A",.,"A",.,"A",.,"A",.,"A",.,"A"
"20115",2366722,44,0,"1",.,"A",.,"A",.,"A",.,"A",.,"A",.,"A",.,"A",.,"A",.,"A",0,"D",0,"D",150,"D",.,"A",0,"D",.,"A"
"20115",2366732,34,0,"1",.,"A",.,"A",.,"A",.,"A",.,"A",.,"A",.,"A",.,"A",18,"D",.,"A",.,"A",.,"A",75,"D",.,"A",.,"A"
"20115",2366744,26,0,"1",.,"A",.,"A",.,"A",.,"A",.,"A",.,"A",.,"A",.,"A",.,"A",.,"A",.,"A",.,"A",.,"A",.,"A",.,"A"
"20115",2366752,55,0,"1",160,"D",.,"A",.,"A",.,"A",0,"D",.,"A",.,"A",.,"A",.,"A",.,"A",.,"A",.,"A",25,"D",.,"A",.,"A"
"20115",2366772,38,0,"1",80,"D",.,"A",.,"A",.,"A",170,"D",.,"A",1170,"D",.,"A",.,"A",1224,"D",0,"D",0,"D",72,"D",408,"D",.,"A"
"20115",2366792,50,0,"1",.,"A",.,"A",.,"A",.,"A",.,"A",.,"A",.,"A",.,"A",.,"A",.,"A",.,"A",.,"A",.,"A",.,"A",.,"A"
"20115",2366822,51,0,"1",.,"A",.,"A",.,"A",.,"A",.,"A",17,"D",.,"A",.,"A",.,"A",.,"A",.,"A",.,"A",80,"D",.,"A",.,"A"
"20115",2366832,65,0,"1",.,"A",.,"A",.,"A",.,"A",.,"A",80,"D",.,"A",.,"A",.,"A",30,"D",0,"D",0,"D",200,"D",10,"D",.,"A"
"20115",2366852,38,0,"1",.,"A",.,"A",.,"A",.,"A",.,"A",.,"A",.,"A",.,"A",.,"A",.,"A",.,"A",.,"A",.,"A",.,"A",.,"A"
"20115",2366862,82,0,"1",.,"A",.,"A",25,"D",.,"A",.,"A",.,"A",.,"A",.,"A",.,"A",.,"A",.,"A",.,"A",130,"D",.,"A",.,"A"
"20115",2366882,68,0,"1",.,"A",.,"A",.,"A",.,"A",.,"A",.,"A",.,"A",.,"A",.,"A",.,"A",.,"A",.,"A",12,"D",.,"A",.,"A"
"20115",2366892,30,0,"1",.,"A",.,"A",.,"A",.,"A",.,"A",.,"A",728,"D",.,"A",.,"A",.,"A",.,"A",.,"A",.,"A",.,"A",.,"A"
"20115",2366902,81,0,"1",.,"A",.,"A",.,"A",.,"A",.,"A",.,"A",.,"A",.,"A",.,"A",.,"A",.,"A",.,"A",160,"D",.,"A",.,"A"
"20115",2366912,46,0,"1",.,"A",.,"A",.,"A",.,"A",.,"A",.,"A",.,"A",.,"A",.,"A",.,"A",.,"A",.,"A",.,"A",.,"A",.,"A"
"20115",2366932,32,0,"1",.,"A",.,"A",.,"A",.,"A",.,"A",.,"A",.,"A",.,"A",.,"A",.,"A",.,"A",.,"A",.,"A",.,"A",.,"A"
"20115",2366942,39,0,"1",.,"A",.,"A",.,"A",.,"A",.,"A",.,"A",.,"A",.,"A",.,"A",.,"A",.,"A",.,"A",.,"A",.,"A",.,"A"
"20115",2366952,68,0,"1",.,"A",.,"A",50,"D",.,"A",.,"A",.,"A",.,"A",.,"A",.,"A",.,"A",.,"A",.,"A",200,"D",.,"A",.,"A"
"20115",2366972,46,0,"1",.,"A",.,"A",.,"A",.,"A",.,"A",.,"A",.,"A",.,"A",.,"A",.,"A",.,"A",.,"A",50,"D",.,"A",.,"A"
"20115",2366982,67,0,"1",.,"A",.,"A",.,"A",.,"A",.,"A",.,"A",.,"A",.,"A",.,"A",.,"A",.,"A",.,"A",150,"D",.,"A",.,"A"
"20115",2367002,36,0,"1",.,"A",.,"A",.,"A",.,"A",15,"D",.,"A",.,"A",.,"A",.,"A",.,"A",.,"A",.,"A",80,"D",.,"A",.,"A"
"20115",2367022,67,0,"1",.,"A",.,"A",.,"A",.,"A",.,"A",.,"A",.,"A",.,"A",.,"A",.,"A",.,"A",.,"A",35,"D",.,"A",.,"A"
"20115",2367052,57,0,"1",.,"A",.,"A",.,"A",.,"A",96,"D",.,"A",.,"A",.,"A",.,"A",.,"A",.,"A",.,"A",120,"D",.,"A",.,"A"
"20115",2367082,50,0,"1",.,"A",.,"A",.,"A",.,"A",.,"A",.,"A",.,"A",.,"A",.,"A",.,"A",.,"A",.,"A",10,"D",.,"A",.,"A"
"20115",2367122,59,0,"1",.,"A",.,"A",.,"A",.,"A",.,"A",.,"A",.,"A",.,"A",.,"A",.,"A",.,"A",.,"A",75,"D",.,"A",.,"A"
"20115",2367142,116,0,"1",.,"A",.,"A",.,"A",.,"A",.,"A",.,"A",.,"A",.,"A",.,"A",.,"A",.,"A",.,"A",120,"D",.,"A",.,"A"
"20115",2367172,52,0,"1",.,"A",.,"A",.,"A",.,"A",.,"A",.,"A",.,"A",.,"A",.,"A",.,"A",.,"A",.,"A",20,"D",.,"A",.,"A"
"20115",2367192,35,0,"1",.,"A",.,"A",.,"A",.,"A",.,"A",.,"A",.,"A",.,"A",.,"A",.,"A",.,"A",.,"A",.,"A",.,"A",.,"A"
"20115",2367202,50,0,"1",60,"D",.,"A",.,"A",.,"A",150,"D",.,"A",.,"A",.,"A",.,"A",.,"A",.,"A",.,"A",40,"D",.,"A",.,"A"
"20115",2367252,87,0,"1",.,"A",.,"A",.,"A",.,"A",.,"A",40,"D",.,"A",.,"A",.,"A",.,"A",.,"A",.,"A",450,"D",.,"A",.,"A"
"20115",2367282,27,0,"1",13,"D",.,"A",.,"A",70,"F",37,"D",.,"A",416,"F",.,"A",.,"A",309,"D",0,"D",0,"D",.,"A",103,"D",.,"A"
"20115",2367312,55,0,"1",.,"A",.,"A",.,"A",.,"A",.,"A",.,"A",.,"A",.,"A",.,"A",.,"A",.,"A",.,"A",42,"D",.,"A",.,"A"
"20115",2367322,81,0,"1",.,"A",.,"A",.,"A",.,"A",.,"A",.,"A",.,"A",.,"A",72,"D",.,"A",.,"A",.,"A",150,"D",.,"A",.,"A"
"20115",2367332,75,0,"1",.,"A",.,"A",.,"A",.,"A",.,"A",116,"D",.,"A",.,"A",15,"D",.,"A",.,"A",.,"A",500,"D",.,"A",.,"A"
"20115",2367342,42,0,"1",.,"A",.,"A",.,"A",.,"A",.,"A",.,"A",780,"D",.,"A",.,"A",.,"A",.,"A",.,"A",.,"A",.,"A",.,"A"
"20115",2367364,22,0,"1",.,"A",.,"A",.,"A",.,"A",.,"A",.,"A",.,"A",.,"A",.,"A",.,"A",.,"A",.,"A",.,"A",.,"A",.,"A"
"20115",2367414,43,0,"1",.,"A",.,"A",.,"A",.,"A",.,"A",.,"A",520,"D",.,"A",.,"A",.,"A",.,"A",.,"A",12,"D",.,"A",.,"A"
"20115",2367422,51,0,"1",.,"A",.,"A",.,"A",.,"A",.,"A",.,"A",.,"A",.,"A",.,"A",.,"A",.,"A",.,"A",110,"D",.,"A",.,"A"
"20115",2367442,42,0,"1",.,"A",.,"A",.,"A",.,"A",.,"A",180,"D",.,"A",.,"A",24,"D",.,"A",.,"A",.,"A",140,"D",.,"A",.,"A"
"20115",2367452,68,0,"1",.,"A",.,"A",.,"A",.,"A",.,"A",.,"A",182,"D",.,"A",.,"A",.,"A",.,"A",.,"A",.,"A",.,"A",.,"A"
"20115",2367462,152,0,"1",.,"A",.,"A",.,"A",.,"A",.,"A",30,"D",.,"A",.,"A",30,"D",.,"A",.,"A",.,"A",70,"D",.,"A",.,"A"
"20115",2367482,49,0,"1",.,"A",.,"A",.,"A",.,"A",.,"A",.,"A",.,"A",.,"A",.,"A",.,"A",.,"A",.,"A",90,"D",.,"A",.,"A"
"20115",2367502,41,0,"1",.,"A",.,"A",.,"A",.,"A",.,"A",.,"A",.,"A",.,"A",.,"A",.,"A",.,"A",.,"A",70,"D",.,"A",.,"A"
"20115",2367512,39,0,"1",.,"A",.,"A",.,"A",.,"A",.,"A",.,"A",.,"A",.,"A",.,"A",.,"A",.,"A",.,"A",.,"A",.,"A",.,"A"
"20115",2367522,50,0,"1",.,"A",.,"A",.,"A",.,"A",.,"A",.,"A",.,"A",.,"A",.,"A",.,"A",.,"A",.,"A",.,"A",.,"A",.,"A"
"20115",2367542,42,0,"1",.,"A",.,"A",.,"A",.,"A",.,"A",.,"A",.,"A",26,"D",.,"A",.,"A",.,"A",.,"A",.,"A",.,"A",.,"A"
"20115",2367582,62,0,"1",.,"A",.,"A",.,"A",.,"A",.,"A",25,"D",91,"D",.,"A",.,"A",75,"D",0,"D",0,"D",115,"D",25,"D",.,"A"
"20115",2367602,48,0,"1",.,"A",.,"A",.,"A",.,"A",.,"A",100,"D",.,"A",.,"A",.,"A",900,"D",0,"D",0,"D",150,"D",300,"D",.,"A"
"20115",2367612,40,0,"1",.,"A",.,"A",.,"A",.,"A",130,"D",.,"A",.,"A",.,"A",.,"A",.,"A",.,"A",.,"A",125,"D",.,"A",.,"A"
"20115",2367624,40,0,"1",.,"A",.,"A",.,"A",480,"D",.,"A",.,"A",.,"A",.,"A",.,"A",.,"A",.,"A",.,"A",30,"D",.,"A",.,"A"
"20115",2367632,66,0,"1",.,"A",.,"A",.,"A",.,"A",.,"A",.,"A",.,"A",.,"A",.,"A",.,"A",.,"A",.,"A",32,"D",.,"A",.,"A"
"20115",2367652,53,0,"1",.,"A",.,"A",.,"A",.,"A",250,"D",.,"A",.,"A",.,"A",.,"A",.,"A",.,"A",.,"A",40,"D",.,"A",.,"A"
"20115",2367662,38,0,"1",.,"A",.,"A",.,"A",.,"A",.,"A",50,"D",.,"A",.,"A",.,"A",.,"A",.,"A",.,"A",30,"D",.,"A",.,"A"
"20115",2367672,46,0,"1",.,"A",.,"A",.,"A",.,"A",.,"A",.,"A",.,"A",.,"A",.,"A",.,"A",.,"A",.,"A",100,"D",.,"A",.,"A"
"20115",2367692,43,0,"1",.,"A",.,"A",.,"A",.,"A",.,"A",.,"A",.,"A",.,"A",.,"A",.,"A",.,"A",.,"A",30,"D",.,"A",.,"A"
"20115",2367722,61,0,"1",.,"A",.,"A",.,"A",.,"A",.,"A",.,"A",.,"A",.,"A",.,"A",.,"A",.,"A",.,"A",20,"D",.,"A",.,"A"
"20115",2367732,47,0,"1",.,"A",.,"A",12,"D",.,"A",.,"A",.,"A",.,"A",.,"A",36,"D",.,"A",.,"A",.,"A",300,"D",.,"A",.,"A"
"20115",2367762,37,0,"1",.,"A",.,"A",.,"A",.,"A",.,"A",.,"A",.,"A",.,"A",.,"A",.,"A",.,"A",.,"A",.,"A",.,"A",.,"A"
"20115",2367775,86,0,"1",.,"A",.,"A",.,"A",.,"A",.,"A",.,"A",390,"D",.,"A",15,"D",.,"A",.,"A",.,"A",30,"D",.,"A",.,"A"
"20115",2367804,57,0,"1",.,"A",.,"A",.,"A",.,"A",.,"A",.,"A",.,"A",.,"A",.,"A",.,"A",.,"A",.,"A",95,"D",.,"A",.,"A"
"20115",2367812,64,0,"1",.,"A",.,"A",.,"A",.,"A",.,"A",.,"A",.,"A",.,"A",.,"A",.,"A",.,"A",.,"A",645,"D",.,"A",.,"A"
"20115",2367822,28,0,"1",.,"A",.,"A",.,"A",.,"A",.,"A",.,"A",.,"A",.,"A",.,"A",.,"A",.,"A",.,"A",.,"A",.,"A",.,"A"
"20115",2367842,45,0,"1",.,"A",.,"A",.,"A",.,"A",.,"A",25,"D",.,"A",.,"A",.,"A",0,"D",0,"D",60,"D",150,"D",0,"D",.,"A"
"20115",2367852,46,0,"1",.,"A",.,"A",.,"A",.,"A",.,"A",.,"A",.,"A",.,"A",.,"A",180,"D",180,"D",0,"D",75,"D",60,"D",.,"A"
"20115",2367862,92,0,"1",.,"A",.,"A",.,"A",.,"A",.,"A",.,"A",.,"A",26,"D",24,"D",.,"A",.,"A",.,"A",19,"D",.,"A",.,"A"
"20115",2367902,56,0,"1",.,"A",.,"A",.,"A",.,"A",.,"A",200,"D",.,"A",.,"A",.,"A",.,"A",.,"A",.,"A",200,"D",.,"A",.,"A"
"20115",2367922,47,0,"1",.,"A",.,"A",.,"A",.,"A",.,"A",.,"A",.,"A",.,"A",.,"A",.,"A",.,"A",.,"A",.,"A",.,"A",.,"A"
"20115",2367932,52,0,"1",.,"A",.,"A",.,"A",.,"A",.,"A",.,"A",.,"A",.,"A",.,"A",.,"A",.,"A",.,"A",.,"A",.,"A",.,"A"
"20115",2367942,60,0,"1",.,"A",.,"A",.,"A",.,"A",.,"A",120,"D",195,"D",.,"A",.,"A",.,"A",.,"A",.,"A",.,"A",.,"A",.,"A"
"20115",2367962,53,0,"1",.,"A",.,"A",.,"A",50,"D",.,"A",300,"D",.,"A",.,"A",.,"A",0,"D",0,"D",30,"D",.,"A",0,"D",.,"A"
"20115",2367972,38,0,"1",.,"A",.,"A",50,"D",.,"A",.,"A",.,"A",.,"A",.,"A",.,"A",.,"A",.,"A",.,"A",13,"D",.,"A",.,"A"
"20115",2367982,49,0,"1",.,"A",.,"A",.,"A",.,"A",.,"A",.,"A",.,"A",.,"A",.,"A",.,"A",.,"A",.,"A",.,"A",.,"A",.,"A"
"20115",2367992,41,0,"1",.,"A",.,"A",.,"A",.,"A",.,"A",.,"A",.,"A",.,"A",.,"A",.,"A",.,"A",.,"A",22,"D",.,"A",.,"A"
"20115",2368012,55,0,"1",.,"A",.,"A",.,"A",.,"A",.,"A",.,"A",.,"A",.,"A",.,"A",.,"A",.,"A",.,"A",.,"A",.,"A",.,"A"
"20115",2368042,43,0,"1",.,"A",.,"A",.,"A",.,"A",.,"A",10,"D",.,"A",.,"A",.,"A",.,"A",.,"A",.,"A",20,"D",.,"A",.,"A"
"20115",2368082,52,0,"1",.,"A",.,"A",.,"A",.,"A",.,"A",.,"A",.,"A",.,"A",.,"A",.,"A",.,"A",.,"A",20,"D",.,"A",.,"A"
"20115",2368102,53,0,"1",.,"A",.,"A",.,"A",.,"A",.,"A",.,"A",.,"A",.,"A",.,"A",.,"A",.,"A",.,"A",.,"A",.,"A",.,"A"
"20115",2368172,32,0,"1",.,"A",.,"A",.,"A",.,"A",60,"D",.,"A",.,"A",.,"A",.,"A",.,"A",.,"A",.,"A",.,"A",.,"A",.,"A"
"20115",2368194,33,0,"1",.,"A",.,"A",25,"D",.,"A",.,"A",.,"A",.,"A",.,"A",.,"A",.,"A",.,"A",.,"A",200,"D",.,"A",.,"A"
"20115",2368222,79,0,"1",.,"A",.,"A",.,"A",.,"A",.,"A",76,"D",.,"A",.,"A",.,"A",.,"A",.,"A",.,"A",200,"D",.,"A",.,"A"
"20115",2368242,33,0,"1",.,"A",.,"A",.,"A",.,"A",.,"A",.,"A",364,"D",.,"A",.,"A",.,"A",.,"A",.,"A",15,"D",.,"A",.,"A"
"20115",2368282,68,0,"1",.,"A",.,"A",.,"A",.,"A",.,"A",.,"A",.,"A",.,"A",.,"A",.,"A",.,"A",.,"A",300,"D",.,"A",.,"A"
"20115",2368292,50,0,"1",.,"A",.,"A",.,"A",.,"A",.,"A",.,"A",.,"A",.,"A",.,"A",.,"A",.,"A",.,"A",.,"A",.,"A",.,"A"
"20115",2368302,33,0,"1",.,"A",.,"A",.,"A",.,"A",68,"D",.,"A",234,"D",.,"A",.,"A",.,"A",.,"A",.,"A",20,"D",.,"A",.,"A"
"20115",2368332,48,0,"1",.,"A",.,"A",.,"A",.,"A",60,"D",.,"A",.,"A",.,"A",.,"A",.,"A",.,"A",.,"A",.,"A",.,"A",.,"A"
"20115",2368342,49,0,"1",.,"A",.,"A",.,"A",.,"A",.,"A",5,"D",455,"F",.,"A",.,"A",.,"A",.,"A",.,"A",48,"D",.,"A",.,"A"
"20115",2368352,75,0,"1",.,"A",.,"A",105,"D",.,"A",.,"A",.,"A",.,"A",.,"A",.,"A",.,"A",.,"A",.,"A",200,"D",.,"A",.,"A"
"20115",2368362,42,0,"1",.,"A",.,"A",.,"A",.,"A",.,"A",.,"A",.,"A",.,"A",.,"A",.,"A",.,"A",.,"A",.,"A",.,"A",.,"A"
"20115",2368382,44,0,"1",.,"A",.,"A",.,"A",.,"A",.,"A",90,"D",.,"A",.,"A",.,"A",.,"A",.,"A",.,"A",80,"D",.,"A",.,"A"
"20115",2368392,43,0,"1",.,"A",.,"A",.,"A",.,"A",135,"D",.,"A",.,"A",.,"A",.,"A",.,"A",.,"A",.,"A",108,"D",.,"A",.,"A"
"20115",2368432,71,0,"1",.,"A",.,"A",30,"D",.,"A",.,"A",30,"D",.,"A",.,"A",.,"A",.,"A",.,"A",.,"A",40,"D",.,"A",.,"A"
"20115",2368472,47,0,"1",.,"A",.,"A",45,"D",.,"A",.,"A",50,"D",.,"A",.,"A",.,"A",.,"A",.,"A",.,"A",50,"D",.,"A",.,"A"
"20115",2368492,52,0,"1",.,"A",.,"A",.,"A",.,"A",.,"A",.,"A",.,"A",.,"A",.,"A",.,"A",.,"A",.,"A",180,"D",.,"A",.,"A"
"20115",2368502,46,0,"1",.,"A",.,"A",.,"A",.,"A",.,"A",35,"D",.,"A",.,"A",.,"A",546,"D",0,"D",0,"D",84,"D",182,"D",.,"A"
"20115",2368524,35,0,"1",.,"A",.,"A",.,"A",.,"A",.,"A",.,"A",.,"A",.,"A",60,"D",.,"A",.,"A",.,"A",15,"D",.,"A",.,"A"
"20115",2368532,122,0,"1",.,"A",.,"A",.,"A",.,"A",.,"A",.,"A",273,"D",.,"A",.,"A",.,"A",.,"A",.,"A",80,"D",.,"A",.,"A"
"20115",2368542,44,0,"1",.,"A",.,"A",.,"A",.,"A",.,"A",.,"A",.,"A",.,"A",.,"A",.,"A",.,"A",.,"A",.,"A",.,"A",.,"A"
"20115",2368562,27,0,"1",.,"A",.,"A",.,"A",.,"A",.,"A",.,"A",.,"A",.,"A",.,"A",.,"A",.,"A",.,"A",.,"A",.,"A",.,"A"
"20115",2368572,35,0,"1",.,"A",.,"A",.,"A",.,"A",.,"A",.,"A",.,"A",.,"A",.,"A",.,"A",.,"A",.,"A",.,"A",.,"A",.,"A"
"20115",2368642,56,0,"1",.,"A",.,"A",.,"A",.,"A",.,"A",.,"A",.,"A",.,"A",.,"A",.,"A",.,"A",.,"A",94,"D",.,"A",.,"A"
"20115",2368652,33,0,"1",.,"A",.,"A",.,"A",.,"A",300,"D",.,"A",.,"A",.,"A",.,"A",.,"A",.,"A",.,"A",.,"A",.,"A",.,"A"
"20115",2368672,23,0,"1",.,"A",.,"A",.,"A",.,"A",30,"D",.,"A",.,"A",.,"A",.,"A",90,"D",0,"D",0,"D",10,"D",30,"D",.,"A"
"20115",2368702,65,0,"1",.,"A",.,"A",.,"A",.,"A",.,"A",60,"D",.,"A",.,"A",24,"D",.,"A",.,"A",.,"A",400,"D",.,"A",.,"A"
"20115",2368732,23,0,"1",.,"A",.,"A",.,"A",.,"A",.,"A",.,"A",.,"A",.,"A",.,"A",0,"D",0,"D",0,"D",12,"D",0,"D",.,"A"
"20115",2368762,43,0,"1",.,"A",.,"A",.,"A",.,"A",.,"A",.,"A",260,"D",.,"A",.,"A",.,"A",.,"A",.,"A",.,"A",.,"A",.,"A"
"20115",2368825,36,0,"1",.,"A",.,"A",.,"A",.,"A",.,"A",.,"A",.,"A",.,"A",.,"A",.,"A",.,"A",.,"A",.,"A",.,"A",.,"A"
"20115",2368832,49,0,"1",.,"A",.,"A",.,"A",.,"A",.,"A",90,"D",.,"A",.,"A",.,"A",.,"A",.,"A",.,"A",300,"D",.,"A",.,"A"
"20115",2368852,64,0,"1",.,"A",.,"A",.,"A",.,"A",.,"A",.,"A",.,"A",.,"A",.,"A",.,"A",.,"A",.,"A",200,"D",.,"A",.,"A"
"20115",2368862,47,0,"1",.,"A",.,"A",.,"A",.,"A",.,"A",.,"A",.,"A",.,"A",.,"A",.,"A",.,"A",.,"A",45,"D",.,"A",.,"A"
"20115",2368872,56,0,"1",.,"A",.,"A",.,"A",.,"A",.,"A",.,"A",.,"A",.,"A",.,"A",.,"A",.,"A",.,"A",200,"D",.,"A",.,"A"
"20115",2368882,40,0,"1",.,"A",.,"A",.,"A",.,"A",8,"D",.,"A",.,"A",.,"A",.,"A",.,"A",.,"A",.,"A",.,"A",.,"A",.,"A"
"20115",2368895,27,0,"1",.,"A",.,"A",.,"A",.,"A",.,"A",.,"A",.,"A",.,"A",.,"A",.,"A",.,"A",.,"A",.,"A",.,"A",.,"A"
"20115",2368902,82,0,"1",.,"A",.,"A",.,"A",59,"D",.,"A",27,"D",.,"A",.,"A",.,"A",.,"A",.,"A",.,"A",230,"D",.,"A",.,"A"
"20115",2368912,73,0,"1",.,"A",.,"A",.,"A",.,"A",.,"A",.,"A",.,"A",.,"A",.,"A",.,"A",.,"A",.,"A",.,"A",.,"A",.,"A"
"20115",2368932,41,0,"1",.,"A",.,"A",.,"A",.,"A",.,"A",.,"A",.,"A",.,"A",.,"A",.,"A",.,"A",.,"A",.,"A",.,"A",.,"A"
"20115",2368942,43,0,"1",6,"D",.,"A",.,"A",.,"A",14,"D",.,"A",.,"A",.,"A",.,"A",.,"A",.,"A",.,"A",.,"A",.,"A",.,"A"
"20115",2368972,31,0,"1",10,"D",.,"A",.,"A",.,"A",20,"D",.,"A",.,"A",.,"A",.,"A",15,"D",0,"D",15,"D",.,"A",5,"D",.,"A"
"20115",2368984,32,0,"1",.,"A",.,"A",.,"A",.,"A",.,"A",.,"A",546,"D",.,"A",.,"A",.,"A",.,"A",.,"A",.,"A",.,"A",.,"A"
"20115",2368992,45,0,"1",.,"A",.,"A",.,"A",.,"A",.,"A",.,"A",.,"A",.,"A",.,"A",.,"A",.,"A",.,"A",200,"D",.,"A",.,"A"
"20115",2369012,51,0,"1",.,"A",.,"A",.,"A",.,"A",.,"A",.,"A",.,"A",.,"A",.,"A",.,"A",.,"A",.,"A",.,"A",.,"A",.,"A"
"20115",2369022,98,0,"1",.,"A",.,"A",.,"A",200,"D",.,"A",75,"D",.,"A",.,"A",.,"A",.,"A",.,"A",.,"A",300,"D",.,"A",.,"A"
"20115",2369042,53,0,"1",.,"A",.,"A",.,"A",.,"A",.,"A",.,"A",.,"A",.,"A",.,"A",.,"A",.,"A",.,"A",25,"D",.,"A",.,"A"
"20115",2369072,53,0,"1",.,"A",.,"A",.,"A",.,"A",.,"A",.,"A",.,"A",.,"A",.,"A",.,"A",.,"A",.,"A",270,"D",.,"A",.,"A"
"20115",2369102,60,0,"1",.,"A",.,"A",.,"A",.,"A",.,"A",40,"D",.,"A",.,"A",.,"A",.,"A",.,"A",.,"A",150,"D",.,"A",.,"A"
"20115",2369142,58,0,"1",.,"A",.,"A",.,"A",.,"A",.,"A",.,"A",.,"A",.,"A",.,"A",.,"A",.,"A",.,"A",.,"A",.,"A",.,"A"
"20115",2369162,46,0,"1",.,"A",.,"A",.,"A",.,"A",.,"A",.,"A",.,"A",.,"A",.,"A",24,"D",0,"D",24,"D",50,"D",8,"D",.,"A"
"20115",2369172,52,0,"1",.,"A",.,"A",.,"A",.,"A",.,"A",.,"A",.,"A",.,"A",.,"A",.,"A",.,"A",.,"A",40,"D",.,"A",.,"A"
"20115",2369182,35,0,"1",.,"A",.,"A",.,"A",.,"A",.,"A",.,"A",.,"A",.,"A",.,"A",.,"A",.,"A",.,"A",.,"A",.,"A",.,"A"
"20115",2369212,36,0,"1",.,"A",.,"A",.,"A",.,"A",20,"D",.,"A",130,"D",.,"A",.,"A",.,"A",.,"A",.,"A",30,"D",.,"A",.,"A"
"20115",2369222,40,0,"1",.,"A",.,"A",.,"A",.,"A",.,"A",.,"A",.,"A",.,"A",30,"D",.,"A",.,"A",.,"A",.,"A",.,"A",.,"A"
"20115",2369232,36,0,"1",.,"A",.,"A",.,"A",.,"A",240,"D",.,"A",.,"A",.,"A",.,"A",.,"A",.,"A",.,"A",.,"A",.,"A",.,"A"
"20115",2369252,44,0,"1",.,"A",.,"A",.,"A",.,"A",.,"A",.,"A",650,"D",.,"A",.,"A",.,"A",.,"A",.,"A",50,"D",.,"A",.,"A"
"20115",2369262,36,0,"1",.,"A",.,"A",.,"A",.,"A",.,"A",.,"A",.,"A",.,"A",.,"A",.,"A",.,"A",.,"A",.,"A",.,"A",.,"A"
"20115",2369292,65,0,"1",.,"A",.,"A",.,"A",.,"A",.,"A",.,"A",.,"A",.,"A",.,"A",.,"A",.,"A",.,"A",160,"D",.,"A",.,"A"
"20115",2369302,62,0,"1",.,"A",.,"A",.,"A",10,"D",.,"A",100,"D",.,"A",156,"D",.,"A",.,"A",.,"A",.,"A",90,"D",.,"A",.,"A"
"20115",2369312,76,0,"1",.,"A",.,"A",.,"A",.,"A",.,"A",308,"D",208,"D",.,"A",27,"D",.,"A",.,"A",.,"A",900,"D",.,"A",.,"A"
"20115",2369322,42,0,"1",.,"A",.,"A",.,"A",.,"A",.,"A",.,"A",195,"D",.,"A",.,"A",.,"A",.,"A",.,"A",.,"A",.,"A",.,"A"
"20115",2369332,37,0,"1",.,"A",.,"A",.,"A",.,"A",.,"A",.,"A",.,"A",.,"A",.,"A",.,"A",.,"A",.,"A",10,"D",.,"A",.,"A"
"20115",2369342,49,0,"1",.,"A",.,"A",.,"A",.,"A",.,"A",.,"A",936,"D",.,"A",.,"A",.,"A",.,"A",.,"A",50,"D",.,"A",.,"A"
"20115",2369352,35,0,"1",.,"A",.,"A",.,"A",.,"A",.,"A",.,"A",.,"A",.,"A",.,"A",.,"A",.,"A",.,"A",160,"D",.,"A",.,"A"
"20115",2369372,34,0,"1",.,"A",.,"A",.,"A",.,"A",120,"D",.,"A",78,"D",.,"A",.,"A",.,"A",.,"A",.,"A",12,"D",.,"A",.,"A"
"20115",2369382,62,0,"1",.,"A",.,"A",.,"A",.,"A",.,"A",.,"A",.,"A",.,"A",.,"A",.,"A",.,"A",.,"A",60,"D",.,"A",.,"A"
"20115",2369392,28,0,"1",.,"A",.,"A",.,"A",.,"A",.,"A",.,"A",.,"A",.,"A",.,"A",.,"A",.,"A",.,"A",.,"A",.,"A",.,"A"
"20115",2369422,59,0,"1",.,"A",.,"A",.,"A",.,"A",.,"A",.,"A",.,"A",.,"A",.,"A",.,"A",.,"A",.,"A",60,"D",.,"A",.,"A"
"20115",2369442,34,0,"1",.,"A",.,"A",.,"A",.,"A",.,"A",.,"A",156,"D",.,"A",.,"A",.,"A",.,"A",.,"A",.,"A",.,"A",.,"A"
"20115",2369462,36,0,"1",.,"A",.,"A",.,"A",.,"A",.,"A",50,"D",.,"A",.,"A",.,"A",.,"A",.,"A",.,"A",300,"D",.,"A",.,"A"
"20115",2369482,40,0,"1",.,"A",.,"A",.,"A",.,"A",60,"D",.,"A",.,"A",.,"A",.,"A",.,"A",.,"A",.,"A",40,"D",.,"A",.,"A"
"20115",2369512,59,0,"1",.,"A",.,"A",.,"A",.,"A",.,"A",.,"A",650,"D",.,"A",.,"A",.,"A",.,"A",.,"A",.,"A",.,"A",.,"A"
"20115",2369522,61,0,"1",.,"A",.,"A",.,"A",.,"A",.,"A",.,"A",1092,"D",.,"A",.,"A",.,"A",.,"A",.,"A",20,"D",.,"A",.,"A"
"20115",2369542,45,0,"1",.,"A",.,"A",.,"A",.,"A",.,"A",.,"A",.,"A",.,"A",.,"A",.,"A",.,"A",.,"A",.,"A",.,"A",.,"A"
"20115",2369552,38,0,"1",.,"A",.,"A",.,"A",.,"A",.,"A",75,"D",.,"A",.,"A",.,"A",.,"A",.,"A",.,"A",35,"D",.,"A",.,"A"
"20115",2369562,59,0,"1",.,"A",.,"A",.,"A",.,"A",.,"A",35,"D",.,"A",.,"A",.,"A",.,"A",.,"A",.,"A",300,"D",.,"A",.,"A"
"20115",2369582,34,0,"1",.,"A",.,"A",.,"A",.,"A",120,"D",.,"A",.,"A",.,"A",.,"A",.,"A",.,"A",.,"A",60,"D",.,"A",.,"A"
"20115",2369602,70,0,"1",.,"A",.,"A",.,"A",.,"A",.,"A",360,"D",520,"D",.,"A",.,"A",.,"A",.,"A",.,"A",120,"D",.,"A",.,"A"
"20115",2369622,29,0,"1",.,"A",.,"A",.,"A",.,"A",30,"D",30,"D",.,"A",.,"A",12,"D",.,"A",.,"A",.,"A",.,"A",.,"A",.,"A"
"20115",2369632,66,0,"1",.,"A",.,"A",.,"A",.,"A",.,"A",.,"A",.,"A",.,"A",.,"A",.,"A",.,"A",.,"A",.,"A",.,"A",.,"A"
"20115",2369642,65,0,"1",.,"A",.,"A",.,"A",.,"A",.,"A",.,"A",.,"A",.,"A",15,"D",.,"A",.,"A",.,"A",500,"D",.,"A",.,"A"
"20115",2369662,51,0,"1",.,"A",20,"D",.,"A",.,"A",.,"A",280,"D",.,"A",.,"A",.,"A",.,"A",.,"A",.,"A",50,"D",.,"A",.,"A"
"20115",2369672,30,0,"1",.,"A",.,"A",.,"A",.,"A",.,"A",.,"A",.,"A",.,"A",.,"A",.,"A",.,"A",.,"A",.,"A",.,"A",.,"A"
"20115",2369702,41,0,"1",.,"A",.,"A",.,"A",.,"A",.,"A",.,"A",195,"D",.,"A",.,"A",.,"A",.,"A",.,"A",100,"D",.,"A",.,"A"
"20115",2369732,48,0,"1",.,"A",.,"A",.,"A",.,"A",.,"A",.,"A",.,"A",.,"A",.,"A",.,"A",.,"A",.,"A",150,"D",.,"A",.,"A"
"20115",2369745,46,0,"1",.,"A",.,"A",.,"A",.,"A",.,"A",.,"A",390,"D",.,"A",.,"A",.,"A",.,"A",.,"A",.,"A",.,"A",.,"A"
"20115",2369752,38,0,"1",.,"A",.,"A",.,"A",.,"A",.,"A",.,"A",130,"D",.,"A",.,"A",.,"A",.,"A",.,"A",.,"A",.,"A",.,"A"
"20115",2369772,41,0,"1",.,"A",.,"A",.,"A",.,"A",.,"A",.,"A",.,"A",.,"A",.,"A",.,"A",.,"A",.,"A",.,"A",.,"A",.,"A"
"20115",2369792,51,0,"1",.,"A",.,"A",.,"A",.,"A",.,"A",.,"A",.,"A",.,"A",15,"D",.,"A",.,"A",.,"A",.,"A",.,"A",.,"A"
"20115",2369822,96,0,"1",.,"A",.,"A",.,"A",.,"A",.,"A",.,"A",.,"A",.,"A",.,"A",.,"A",.,"A",.,"A",880,"D",.,"A",.,"A"
"20115",2369842,70,0,"1",.,"A",.,"A",.,"A",.,"A",.,"A",.,"A",.,"A",.,"A",.,"A",.,"A",.,"A",.,"A",55,"F",.,"A",.,"A"
"20115",2369852,58,0,"1",.,"A",.,"A",.,"A",.,"A",.,"A",60,"D",.,"A",.,"A",.,"A",.,"A",.,"A",.,"A",500,"D",.,"A",.,"A"
"20115",2369872,31,0,"1",.,"A",.,"A",.,"A",.,"A",150,"D",.,"A",.,"A",.,"A",72,"D",.,"A",.,"A",.,"A",.,"A",.,"A",.,"A"
"20115",2369882,38,0,"1",.,"A",.,"A",.,"A",.,"A",.,"A",.,"A",.,"A",.,"A",.,"A",.,"A",.,"A",.,"A",.,"A",.,"A",.,"A"
"20115",2369892,42,0,"1",.,"A",.,"A",.,"A",.,"A",.,"A",.,"A",.,"A",.,"A",.,"A",.,"A",.,"A",.,"A",.,"A",.,"A",.,"A"
"20115",2369902,56,0,"1",.,"A",.,"A",.,"A",.,"A",.,"A",.,"A",624,"D",.,"A",.,"A",.,"A",.,"A",.,"A",80,"D",.,"A",.,"A"
"20115",2369912,67,0,"1",.,"A",.,"A",.,"A",40,"D",.,"A",.,"A",780,"D",.,"A",36,"D",.,"A",.,"A",.,"A",50,"D",.,"A",.,"A"
"20115",2369932,25,0,"1",.,"A",.,"A",.,"A",.,"A",240,"D",.,"A",.,"A",.,"A",.,"A",.,"A",.,"A",.,"A",42,"D",.,"A",.,"A"
"20115",2369942,65,0,"1",.,"A",.,"A",30,"D",.,"A",.,"A",.,"A",260,"D",.,"A",.,"A",.,"A",.,"A",.,"A",.,"A",.,"A",.,"A"
"20115",2369954,37,0,"1",.,"A",.,"A",.,"A",.,"A",320,"D",.,"A",.,"A",.,"A",.,"A",.,"A",.,"A",.,"A",105,"D",.,"A",.,"A"
"20115",2369982,49,0,"1",.,"A",.,"A",.,"A",.,"A",.,"A",.,"A",.,"A",.,"A",.,"A",.,"A",.,"A",.,"A",100,"D",.,"A",.,"A"
"20115",2370002,35,0,"1",.,"A",.,"A",.,"A",.,"A",.,"A",.,"A",.,"A",.,"A",.,"A",.,"A",.,"A",.,"A",.,"A",.,"A",.,"A"
"20115",2370022,67,0,"1",.,"A",.,"A",.,"A",.,"A",25,"D",.,"A",.,"A",.,"A",.,"A",75,"D",0,"D",75,"D",.,"A",25,"D",.,"A"
"20115",2370042,66,0,"1",.,"A",.,"A",.,"A",.,"A",.,"A",.,"A",.,"A",.,"A",.,"A",.,"A",.,"A",.,"A",50,"D",.,"A",.,"A"
"20115",2370072,54,0,"1",.,"A",.,"A",.,"A",60,"D",.,"A",.,"A",.,"A",.,"A",.,"A",600,"D",300,"D",0,"D",450,"D",200,"D",.,"A"
"20115",2370082,39,0,"1",.,"A",.,"A",.,"A",.,"A",.,"A",.,"A",.,"A",.,"A",.,"A",.,"A",.,"A",.,"A",.,"A",.,"A",.,"A"
"20115",2370092,33,0,"1",.,"A",.,"A",.,"A",.,"A",.,"A",.,"A",.,"A",.,"A",.,"A",.,"A",.,"A",.,"A",9,"D",.,"A",.,"A"
"20115",2370102,29,0,"1",.,"A",.,"A",.,"A",.,"A",.,"A",.,"A",.,"A",.,"A",.,"A",.,"A",.,"A",.,"A",.,"A",.,"A",.,"A"
"20115",2370132,63,0,"1",.,"A",.,"A",20,"D",.,"A",.,"A",300,"D",.,"A",.,"A",.,"A",.,"A",.,"A",.,"A",45,"D",.,"A",.,"A"
"20115",2370142,55,0,"1",.,"A",.,"A",.,"A",.,"A",.,"A",60,"D",.,"A",.,"A",30,"D",255,"D",0,"D",0,"D",600,"D",85,"D",.,"A"
"20115",2370152,28,0,"1",.,"A",.,"A",.,"A",.,"A",.,"A",.,"A",.,"A",.,"A",.,"A",.,"A",.,"A",.,"A",.,"A",.,"A",.,"A"
"20115",2370162,50,0,"1",.,"A",.,"A",.,"A",.,"A",.,"A",.,"A",.,"A",.,"A",15,"D",.,"A",.,"A",.,"A",18,"D",.,"A",.,"A"
"20115",2370192,48,0,"1",.,"A",.,"A",.,"A",.,"A",60,"D",48,"D",.,"A",.,"A",.,"A",.,"A",.,"A",.,"A",17,"D",.,"A",.,"A"
"20115",2370212,34,0,"1",.,"A",.,"A",.,"A",.,"A",60,"D",.,"A",.,"A",.,"A",.,"A",.,"A",.,"A",.,"A",14,"D",.,"A",.,"A"
"20115",2370252,44,0,"1",.,"A",.,"A",.,"A",.,"A",.,"A",.,"A",.,"A",.,"A",.,"A",.,"A",.,"A",.,"A",.,"A",.,"A",.,"A"
"20115",2370262,78,0,"1",.,"A",.,"A",25,"D",.,"A",.,"A",.,"A",.,"A",.,"A",9,"D",.,"A",.,"A",.,"A",28,"D",.,"A",.,"A"
"20115",2370292,29,0,"1",.,"A",.,"A",.,"A",.,"A",120,"D",.,"A",.,"A",.,"A",.,"A",.,"A",.,"A",.,"A",120,"D",.,"A",.,"A"
"20115",2370302,27,0,"1",.,"A",.,"A",.,"A",.,"A",.,"A",.,"A",.,"A",.,"A",.,"A",.,"A",.,"A",.,"A",.,"A",.,"A",.,"A"
"20115",2370312,38,0,"1",.,"A",.,"A",.,"A",.,"A",.,"A",.,"A",.,"A",.,"A",.,"A",.,"A",.,"A",.,"A",20,"D",.,"A",.,"A"
"20115",2370322,51,0,"1",.,"A",.,"A",.,"A",.,"A",.,"A",.,"A",.,"A",.,"A",.,"A",.,"A",.,"A",.,"A",135,"D",.,"A",.,"A"
"20115",2370332,22,0,"1",11,"D",.,"A",.,"A",.,"A",29,"D",21,"D",.,"A",.,"A",30,"D",.,"A",.,"A",.,"A",.,"A",.,"A",.,"A"
"20115",2370342,61,0,"1",.,"A",.,"A",.,"A",.,"A",.,"A",.,"A",.,"A",.,"A",.,"A",.,"A",.,"A",.,"A",.,"A",.,"A",.,"A"
"20115",2370362,94,0,"1",.,"A",.,"A",.,"A",.,"A",.,"A",.,"A",.,"A",.,"A",.,"A",.,"A",.,"A",.,"A",65,"D",.,"A",.,"A"
"20115",2370382,43,0,"1",.,"A",.,"A",.,"A",.,"A",.,"A",.,"A",.,"A",.,"A",.,"A",.,"A",.,"A",.,"A",48,"D",.,"A",.,"A"
"20115",2370422,36,0,"1",.,"A",.,"A",.,"A",.,"A",.,"A",.,"A",.,"A",.,"A",.,"A",.,"A",.,"A",.,"A",.,"A",.,"A",.,"A"
"20115",2370432,59,0,"1",.,"A",.,"A",.,"A",.,"A",.,"A",.,"A",.,"A",.,"A",.,"A",.,"A",.,"A",.,"A",190,"D",.,"A",.,"A"
"20115",2370442,29,0,"1",.,"A",.,"A",.,"A",.,"A",.,"A",.,"A",.,"A",.,"A",.,"A",.,"A",.,"A",.,"A",.,"A",.,"A",.,"A"
"20115",2370452,27,0,"1",.,"A",.,"A",.,"A",.,"A",.,"A",.,"A",260,"D",.,"A",.,"A",.,"A",.,"A",.,"A",.,"A",.,"A",.,"A"
"20115",2370482,82,0,"1",.,"A",.,"A",.,"A",.,"A",.,"A",.,"A",.,"A",.,"A",.,"A",.,"A",.,"A",.,"A",.,"A",.,"A",.,"A"
"20115",2370502,68,0,"1",.,"A",.,"A",.,"A",.,"A",.,"A",.,"A",.,"A",.,"A",.,"A",.,"A",.,"A",.,"A",150,"D",.,"A",.,"A"
"20115",2370512,72,0,"1",.,"A",.,"A",.,"A",.,"A",.,"A",.,"A",.,"A",.,"A",9,"D",.,"A",.,"A",.,"A",30,"D",.,"A",.,"A"
"20115",2370522,58,0,"1",.,"A",.,"A",.,"A",.,"A",.,"A",.,"A",390,"D",.,"A",.,"A",.,"A",.,"A",.,"A",75,"D",.,"A",.,"A"
"20115",2370532,37,0,"1",.,"A",.,"A",.,"A",.,"A",.,"A",20,"D",.,"A",.,"A",.,"A",.,"A",.,"A",.,"A",75,"D",.,"A",.,"A"
"20115",2370542,54,0,"1",.,"A",.,"A",.,"A",.,"A",.,"A",.,"A",.,"A",.,"A",.,"A",.,"A",.,"A",.,"A",100,"D",.,"A",.,"A"
"20115",2370552,70,0,"1",.,"A",.,"A",.,"A",.,"A",.,"A",.,"A",1638,"D",.,"A",60,"D",.,"A",.,"A",.,"A",10,"D",.,"A",.,"A"
"20115",2370602,33,0,"1",.,"A",.,"A",.,"A",.,"A",.,"A",.,"A",.,"A",.,"A",.,"A",.,"A",.,"A",.,"A",120,"D",.,"A",.,"A"
"20115",2370612,53,0,"1",.,"A",.,"A",.,"A",.,"A",.,"A",.,"A",.,"A",.,"A",.,"A",.,"A",.,"A",.,"A",.,"A",.,"A",.,"A"
"20115",2370632,46,0,"1",.,"A",.,"A",.,"A",.,"A",.,"A",.,"A",.,"A",.,"A",9,"D",.,"A",.,"A",.,"A",.,"A",.,"A",.,"A"
"20115",2370642,83,0,"1",.,"A",.,"A",.,"A",.,"A",.,"A",8,"D",.,"A",.,"A",.,"A",.,"A",.,"A",.,"A",45,"D",.,"A",.,"A"
"20115",2370654,30,0,"1",.,"A",.,"A",.,"A",.,"A",.,"A",.,"A",.,"A",.,"A",.,"A",.,"A",.,"A",.,"A",15,"D",.,"A",.,"A"
"20115",2370682,38,0,"1",.,"A",.,"A",.,"A",.,"A",.,"A",.,"A",.,"A",.,"A",.,"A",.,"A",.,"A",.,"A",120,"D",.,"A",.,"A"
"20115",2370694,54,0,"1",.,"A",.,"A",.,"A",13,"D",.,"A",47,"D",.,"A",.,"A",3,"D",0,"D",99,"D",0,"D",.,"A",0,"D",.,"A"
"20115",2370722,62,0,"1",.,"A",.,"A",.,"A",.,"A",.,"A",.,"A",.,"A",.,"A",.,"A",.,"A",.,"A",.,"A",150,"D",.,"A",.,"A"
"20115",2370772,43,0,"1",.,"A",.,"A",.,"A",.,"A",.,"A",.,"A",.,"A",.,"A",.,"A",.,"A",.,"A",.,"A",60,"D",.,"A",.,"A"
"20115",2370784,30,0,"1",.,"A",.,"A",.,"A",12,"D",48,"D",.,"A",130,"D",.,"A",15,"D",.,"A",.,"A",.,"A",.,"A",.,"A",.,"A"
"20115",2370832,60,0,"1",.,"A",.,"A",.,"A",.,"A",.,"A",.,"A",975,"D",.,"A",.,"A",.,"A",.,"A",.,"A",75,"D",.,"A",.,"A"
"20115",2370852,79,0,"1",.,"A",.,"A",.,"A",.,"A",.,"A",.,"A",.,"A",.,"A",.,"A",.,"A",.,"A",.,"A",120,"D",.,"A",.,"A"
"20115",2370862,27,0,"1",.,"A",.,"A",.,"A",.,"A",.,"A",.,"A",.,"A",.,"A",.,"A",.,"A",.,"A",.,"A",.,"A",.,"A",.,"A"
"20115",2370874,29,0,"1",.,"A",.,"A",.,"A",.,"A",.,"A",.,"A",130,"D",.,"A",.,"A",90,"D",0,"D",0,"D",.,"A",30,"D",.,"A"
"20115",2370882,38,0,"1",.,"A",.,"A",.,"A",.,"A",30,"D",.,"A",.,"A",.,"A",.,"A",.,"A",.,"A",.,"A",.,"A",.,"A",.,"A"
"20115",2370892,61,0,"1",.,"A",.,"A",.,"A",.,"A",.,"A",40,"D",.,"A",.,"A",.,"A",.,"A",.,"A",.,"A",225,"D",.,"A",.,"A"
"20115",2370902,31,0,"1",.,"A",.,"A",.,"A",.,"A",100,"D",135,"D",.,"A",.,"A",.,"A",0,"D",0,"D",45,"D",.,"A",0,"D",.,"A"
"20115",2370942,41,0,"1",.,"A",.,"A",.,"A",.,"A",.,"A",.,"A",.,"A",.,"A",.,"A",.,"A",.,"A",.,"A",.,"A",.,"A",.,"A"
"20115",2370962,35,0,"1",.,"A",.,"A",.,"A",.,"A",.,"A",.,"A",325,"D",.,"A",.,"A",.,"A",.,"A",.,"A",.,"A",.,"A",.,"A"
"20115",2370972,47,0,"1",.,"A",.,"A",.,"A",.,"A",.,"A",.,"A",.,"A",.,"A",.,"A",.,"A",.,"A",.,"A",.,"A",.,"A",.,"A"
"20115",2370982,27,0,"1",.,"A",.,"A",.,"A",.,"A",.,"A",.,"A",.,"A",.,"A",.,"A",.,"A",.,"A",.,"A",.,"A",.,"A",.,"A"
"20115",2371002,25,0,"1",161,"D",.,"A",.,"A",.,"A",439,"D",.,"A",1820,"D",.,"A",.,"A",600,"D",0,"D",0,"D",250,"D",200,"D",.,"A"
"20115",2371042,76,0,"1",.,"A",.,"A",.,"A",.,"A",.,"A",.,"A",.,"A",.,"A",.,"A",.,"A",.,"A",.,"A",80,"D",.,"A",.,"A"
"20115",2371052,42,0,"1",.,"A",.,"A",.,"A",.,"A",.,"A",.,"A",.,"A",.,"A",.,"A",.,"A",.,"A",.,"A",.,"A",.,"A",.,"A"
"20115",2371082,41,0,"1",.,"A",.,"A",.,"A",.,"A",.,"A",.,"A",.,"A",.,"A",.,"A",.,"A",.,"A",.,"A",.,"A",.,"A",.,"A"
"20115",2371092,22,0,"1",.,"A",.,"A",.,"A",.,"A",.,"A",.,"A",.,"A",.,"A",.,"A",.,"A",.,"A",.,"A",.,"A",.,"A",.,"A"
"20115",2371102,48,0,"1",.,"A",.,"A",.,"A",.,"A",.,"A",.,"A",.,"A",.,"A",.,"A",.,"A",.,"A",.,"A",250,"D",.,"A",.,"A"
"20115",2371112,33,0,"1",.,"A",.,"A",.,"A",.,"A",80,"D",.,"A",.,"A",.,"A",.,"A",.,"A",.,"A",.,"A",110,"D",.,"A",.,"A"
"20115",2371142,24,0,"1",.,"A",.,"A",.,"A",.,"A",.,"A",.,"A",.,"A",.,"A",.,"A",.,"A",.,"A",.,"A",.,"A",.,"A",.,"A"
"20115",2371152,42,0,"1",.,"A",.,"A",.,"A",.,"A",.,"A",35,"D",.,"A",.,"A",.,"A",.,"A",.,"A",.,"A",180,"D",.,"A",.,"A"
"20115",2371182,76,0,"1",.,"A",.,"A",.,"A",.,"A",.,"A",.,"A",.,"A",.,"A",.,"A",.,"A",.,"A",.,"A",95,"D",.,"A",.,"A"
"20115",2371192,41,0,"1",.,"A",.,"A",.,"A",.,"A",.,"A",.,"A",.,"A",.,"A",.,"A",.,"A",.,"A",.,"A",.,"A",.,"A",.,"A"
"20115",2371222,53,0,"1",.,"A",.,"A",.,"A",.,"A",.,"A",.,"A",.,"A",.,"A",.,"A",.,"A",.,"A",.,"A",155,"D",.,"A",.,"A"
"20115",2371242,59,0,"1",.,"A",.,"A",.,"A",.,"A",.,"A",.,"A",.,"A",.,"A",24,"D",.,"A",.,"A",.,"A",8,"D",.,"A",.,"A"
"20115",2371252,50,0,"1",.,"A",.,"A",.,"A",.,"A",.,"A",750,"D",.,"A",2340,"D",405,"D",.,"A",.,"A",.,"A",45,"D",.,"A",.,"A"
"20115",2371292,48,0,"1",.,"A",.,"A",.,"A",.,"A",.,"A",.,"A",.,"A",.,"A",240,"D",.,"A",.,"A",.,"A",150,"D",.,"A",.,"A"
"20115",2371302,62,0,"1",.,"A",.,"A",.,"A",.,"A",.,"A",.,"A",130,"D",.,"A",.,"A",.,"A",.,"A",.,"A",130,"D",.,"A",.,"A"
"20115",2371335,47,0,"1",.,"A",.,"A",.,"A",.,"A",.,"A",.,"A",.,"A",.,"A",45,"F",.,"A",.,"A",.,"A",30,"D",.,"A",.,"A"
"20115",2371342,77,0,"1",.,"A",.,"A",.,"A",.,"A",.,"A",200,"D",.,"A",.,"A",30,"D",0,"D",0,"D",240,"D",500,"D",0,"D",.,"A"
"20115",2371352,34,0,"1",.,"A",.,"A",.,"A",.,"A",80,"D",.,"A",.,"A",.,"A",.,"A",.,"A",.,"A",.,"A",.,"A",.,"A",.,"A"
"20115",2371362,67,0,"1",.,"A",.,"A",80,"D",.,"A",.,"A",.,"A",442,"D",.,"A",.,"A",.,"A",.,"A",.,"A",.,"A",.,"A",.,"A"
"20115",2371372,33,0,"1",.,"A",.,"A",.,"A",.,"A",.,"A",.,"A",.,"A",.,"A",.,"A",.,"A",.,"A",.,"A",.,"A",.,"A",.,"A"
"20115",2371392,41,0,"1",.,"A",.,"A",.,"A",.,"A",.,"A",.,"A",.,"A",.,"A",.,"A",.,"A",.,"A",.,"A",.,"A",.,"A",.,"A"
"20115",2371422,33,0,"1",.,"A",.,"A",.,"A",.,"A",.,"A",.,"A",.,"A",.,"A",.,"A",.,"A",.,"A",.,"A",.,"A",.,"A",.,"A"
"20115",2371442,69,0,"1",.,"A",.,"A",.,"A",.,"A",.,"A",.,"A",.,"A",.,"A",.,"A",.,"A",.,"A",.,"A",250,"D",.,"A",.,"A"
"20115",2371492,21,0,"1",.,"A",.,"A",.,"A",.,"A",.,"A",.,"A",.,"A",.,"A",.,"A",.,"A",.,"A",.,"A",.,"A",.,"A",.,"A"
"20115",2371552,90,0,"1",.,"A",.,"A",.,"A",125,"D",.,"A",18,"D",.,"A",.,"A",.,"A",.,"A",.,"A",.,"A",391,"D",.,"A",.,"A"
"20115",2371572,58,0,"1",.,"A",.,"A",.,"A",.,"A",.,"A",45,"D",.,"A",.,"A",.,"A",.,"A",.,"A",.,"A",210,"D",.,"A",.,"A"
"20115",2371582,86,0,"1",.,"A",.,"A",.,"A",.,"A",.,"A",.,"A",.,"A",.,"A",.,"A",.,"A",.,"A",.,"A",195,"D",.,"A",.,"A"
"20115",2371592,80,0,"1",.,"A",.,"A",.,"A",.,"A",.,"A",15,"D",.,"A",.,"A",.,"A",.,"A",.,"A",.,"A",55,"D",.,"A",.,"A"
"20115",2371602,37,0,"1",.,"A",.,"A",.,"A",.,"A",.,"A",.,"A",.,"A",.,"A",.,"A",.,"A",.,"A",.,"A",.,"A",.,"A",.,"A"
"20115",2371612,66,0,"1",.,"A",.,"A",.,"A",.,"A",.,"A",.,"A",585,"D",.,"A",.,"A",.,"A",.,"A",.,"A",.,"A",.,"A",.,"A"
"20115",2371642,84,0,"1",.,"A",.,"A",.,"A",.,"A",.,"A",20,"D",.,"A",.,"A",.,"A",.,"A",.,"A",.,"A",210,"D",.,"A",.,"A"
"20115",2371652,29,0,"1",.,"A",.,"A",.,"A",.,"A",.,"A",.,"A",.,"A",.,"A",.,"A",.,"A",.,"A",.,"A",300,"D",.,"A",.,"A"
"20115",2371662,49,0,"1",10,"D",.,"A",.,"A",.,"A",110,"D",.,"A",.,"A",.,"A",.,"A",.,"A",.,"A",.,"A",45,"D",.,"A",.,"A"
"20115",2371672,123,0,"1",.,"A",.,"A",.,"A",.,"A",.,"A",.,"A",117,"D",91,"F",51,"D",.,"A",.,"A",.,"A",110,"D",.,"A",.,"A"
"20115",2371682,27,0,"1",.,"A",.,"A",.,"A",.,"A",.,"A",.,"A",.,"A",.,"A",.,"A",.,"A",.,"A",.,"A",.,"A",.,"A",.,"A"
"20115",2371722,44,0,"1",.,"A",.,"A",.,"A",.,"A",.,"A",.,"A",.,"A",.,"A",.,"A",.,"A",.,"A",.,"A",10,"D",.,"A",.,"A"
"20115",2371732,28,0,"1",.,"A",.,"A",.,"A",.,"A",20,"D",.,"A",455,"D",.,"A",.,"A",.,"A",.,"A",.,"A",15,"D",.,"A",.,"A"
"20115",2371742,41,0,"1",.,"A",.,"A",.,"A",.,"A",.,"A",.,"A",.,"A",.,"A",.,"A",.,"A",.,"A",.,"A",.,"A",.,"A",.,"A"
"20115",2371762,35,0,"1",.,"A",.,"A",.,"A",.,"A",27,"D",.,"A",520,"D",.,"A",.,"A",.,"A",.,"A",.,"A",.,"A",.,"A",.,"A"
"20115",2371772,61,0,"1",.,"A",.,"A",.,"A",.,"A",.,"A",.,"A",.,"A",.,"A",.,"A",.,"A",.,"A",.,"A",160,"D",.,"A",.,"A"
"20115",2371792,38,0,"1",.,"A",.,"A",.,"A",.,"A",.,"A",.,"A",.,"A",.,"A",.,"A",.,"A",.,"A",.,"A",.,"A",.,"A",.,"A"
"20115",2371802,24,0,"1",.,"A",.,"A",.,"A",.,"A",.,"A",.,"A",.,"A",.,"A",.,"A",.,"A",.,"A",.,"A",.,"A",.,"A",.,"A"
"20115",2371812,81,0,"1",.,"A",.,"A",.,"A",.,"A",.,"A",20,"D",.,"A",.,"A",.,"A",.,"A",.,"A",.,"A",80,"D",.,"A",.,"A"
"20115",2371842,60,0,"1",.,"A",.,"A",.,"A",.,"A",.,"A",.,"A",.,"A",.,"A",.,"A",.,"A",.,"A",.,"A",140,"D",.,"A",.,"A"
"20115",2371852,50,0,"1",.,"A",.,"A",.,"A",.,"A",.,"A",60,"D",.,"A",.,"A",.,"A",.,"A",.,"A",.,"A",30,"D",.,"A",.,"A"
"20115",2371872,27,0,"1",65,"D",.,"A",.,"A",.,"A",175,"D",.,"A",.,"A",.,"A",45,"D",.,"A",.,"A",.,"A",.,"A",.,"A",.,"A"
"20115",2371895,32,0,"1",.,"A",.,"A",.,"A",.,"A",.,"A",.,"A",780,"F",.,"A",.,"A",.,"A",.,"A",.,"A",.,"A",.,"A",.,"A"
"20115",2371902,64,0,"1",.,"A",.,"A",.,"A",.,"A",.,"A",.,"A",.,"A",.,"A",.,"A",.,"A",.,"A",.,"A",80,"D",.,"A",.,"A"
"20115",2371942,37,0,"1",.,"A",.,"A",.,"A",.,"A",.,"A",.,"A",.,"A",.,"A",.,"A",.,"A",.,"A",.,"A",.,"A",.,"A",.,"A"
"20115",2371952,51,0,"1",.,"A",.,"A",.,"A",.,"A",.,"A",.,"A",.,"A",.,"A",.,"A",.,"A",.,"A",.,"A",200,"D",.,"A",.,"A"
"20115",2371982,65,0,"1",.,"A",.,"A",25,"D",.,"A",.,"A",.,"A",.,"A",.,"A",.,"A",.,"A",.,"A",.,"A",70,"D",.,"A",.,"A"
"20115",2371992,56,0,"1",.,"A",.,"A",.,"A",.,"A",.,"A",.,"A",.,"A",.,"A",288,"D",60,"D",60,"D",60,"D",8,"D",20,"D",.,"A"
"20115",2372023,43,0,"1",.,"A",.,"A",.,"A",.,"A",.,"A",.,"A",.,"A",.,"A",.,"A",.,"A",.,"A",.,"A",240,"D",.,"A",.,"A"
"20115",2372042,71,0,"1",.,"A",.,"A",.,"A",.,"A",.,"A",.,"A",.,"A",.,"A",.,"A",.,"A",.,"A",.,"A",40,"D",.,"A",.,"A"
"20115",2372072,36,0,"1",.,"A",.,"A",.,"A",.,"A",20,"D",.,"A",.,"A",.,"A",.,"A",.,"A",.,"A",.,"A",.,"A",.,"A",.,"A"
"20115",2372082,30,0,"1",.,"A",.,"A",.,"A",.,"A",60,"D",.,"A",.,"A",.,"A",.,"A",.,"A",.,"A",.,"A",36,"D",.,"A",.,"A"
"20115",2372112,43,0,"1",.,"A",.,"A",.,"A",.,"A",.,"A",.,"A",.,"A",.,"A",.,"A",.,"A",.,"A",.,"A",20,"D",.,"A",.,"A"
"20115",2372122,45,0,"1",.,"A",.,"A",.,"A",.,"A",.,"A",.,"A",.,"A",.,"A",.,"A",.,"A",.,"A",.,"A",.,"A",.,"A",.,"A"
"20115",2372132,44,0,"1",.,"A",.,"A",.,"A",.,"A",.,"A",.,"A",.,"A",.,"A",60,"D",.,"A",.,"A",.,"A",.,"A",.,"A",.,"A"
"20115",2372142,87,0,"1",.,"A",.,"A",.,"A",.,"A",.,"A",.,"A",.,"A",.,"A",.,"A",.,"A",.,"A",.,"A",120,"D",.,"A",.,"A"
"20115",2372162,81,0,"1",.,"A",.,"A",.,"A",.,"A",.,"A",100,"D",.,"A",.,"A",.,"A",.,"A",.,"A",.,"A",.,"A",.,"A",.,"A"
"20115",2372202,40,0,"1",.,"A",.,"A",.,"A",.,"A",.,"A",.,"A",.,"A",.,"A",.,"A",.,"A",.,"A",.,"A",.,"A",.,"A",.,"A"
"20115",2372212,31,0,"1",.,"A",.,"A",.,"A",.,"A",180,"D",.,"A",13,"D",.,"A",.,"A",0,"D",0,"D",90,"D",.,"A",0,"D",.,"A"
"20115",2372254,20,0,"1",.,"A",.,"A",.,"A",.,"A",70,"F",.,"A",.,"A",.,"A",.,"A",.,"A",.,"A",.,"A",.,"A",.,"A",.,"A"
"20115",2372274,24,0,"1",.,"A",.,"A",.,"A",15,"D",.,"A",.,"A",.,"A",.,"A",.,"A",.,"A",.,"A",.,"A",.,"A",.,"A",.,"A"
"20115",2372292,49,0,"1",.,"A",.,"A",.,"A",.,"A",.,"A",.,"A",.,"A",.,"A",.,"A",.,"A",.,"A",.,"A",60,"D",.,"A",.,"A"
"20115",2372312,61,0,"1",.,"A",.,"A",.,"A",.,"A",.,"A",.,"A",.,"A",.,"A",.,"A",.,"A",.,"A",.,"A",24,"D",.,"A",.,"A"
"20115",2372342,36,0,"1",.,"A",.,"A",.,"A",.,"A",.,"A",.,"A",.,"A",.,"A",.,"A",.,"A",.,"A",.,"A",85,"D",.,"A",.,"A"
"20115",2372402,54,0,"1",.,"A",.,"A",.,"A",.,"A",.,"A",.,"A",585,"D",.,"A",.,"A",.,"A",.,"A",.,"A",150,"D",.,"A",.,"A"
"20115",2372412,53,0,"1",.,"A",.,"A",.,"A",.,"A",.,"A",.,"A",.,"A",.,"A",.,"A",.,"A",.,"A",.,"A",166,"D",.,"A",.,"A"
"20115",2372422,35,0,"1",.,"A",.,"A",.,"A",.,"A",.,"A",.,"A",.,"A",.,"A",.,"A",.,"A",.,"A",.,"A",120,"D",.,"A",.,"A"
"20115",2372452,47,0,"1",.,"A",.,"A",.,"A",.,"A",.,"A",84,"D",.,"A",.,"A",0,"D",.,"A",.,"A",.,"A",210,"D",.,"A",.,"A"
"20115",2372472,25,0,"1",.,"A",.,"A",.,"A",.,"A",.,"A",.,"A",.,"A",.,"A",.,"A",.,"A",.,"A",.,"A",.,"A",.,"A",.,"A"
"20115",2372512,37,0,"1",.,"A",.,"A",.,"A",.,"A",.,"A",.,"A",390,"D",.,"A",.,"A",.,"A",.,"A",.,"A",.,"A",.,"A",.,"A"
"20115",2372612,40,0,"1",.,"A",.,"A",.,"A",.,"A",.,"A",30,"D",.,"A",.,"A",.,"A",.,"A",.,"A",.,"A",150,"D",.,"A",.,"A"
"20115",2372622,44,0,"1",.,"A",.,"A",.,"A",.,"A",.,"A",.,"A",.,"A",.,"A",.,"A",.,"A",.,"A",.,"A",.,"A",.,"A",.,"A"
"20115",2372642,35,0,"1",.,"A",.,"A",.,"A",.,"A",.,"A",.,"A",.,"A",.,"A",.,"A",.,"A",.,"A",.,"A",150,"D",.,"A",.,"A"
"20115",2372652,39,0,"1",.,"A",.,"A",.,"A",.,"A",90,"D",.,"A",.,"A",.,"A",.,"A",.,"A",.,"A",.,"A",.,"A",.,"A",.,"A"
"20115",2372662,61,0,"1",.,"A",.,"A",.,"A",.,"A",.,"A",10,"D",.,"A",.,"A",.,"A",.,"A",.,"A",.,"A",100,"D",.,"A",.,"A"
"20115",2372672,57,0,"1",.,"A",.,"A",.,"A",.,"A",.,"A",.,"A",.,"A",.,"A",.,"A",.,"A",.,"A",.,"A",44,"D",.,"A",.,"A"
"20115",2372692,47,0,"1",.,"A",.,"A",.,"A",.,"A",.,"A",.,"A",.,"A",.,"A",.,"A",.,"A",.,"A",.,"A",50,"D",.,"A",.,"A"
"20115",2372702,44,0,"1",.,"A",.,"A",.,"A",60,"D",.,"A",.,"A",455,"D",.,"A",.,"A",.,"A",.,"A",.,"A",.,"A",.,"A",.,"A"
"20115",2372732,27,0,"1",.,"A",.,"A",.,"A",.,"A",.,"A",.,"A",.,"A",.,"A",6,"D",0,"D",0,"D",0,"D",40,"D",0,"D",.,"A"
"20115",2372752,26,0,"1",.,"A",.,"A",140,"D",300,"D",.,"A",300,"D",.,"A",.,"A",.,"A",0,"D",0,"D",60,"D",500,"D",0,"D",.,"A"
"20115",2372782,45,0,"1",.,"A",.,"A",.,"A",.,"A",180,"D",.,"A",.,"A",.,"A",.,"A",.,"A",.,"A",.,"A",.,"A",.,"A",.,"A"
"20115",2372792,58,0,"1",.,"A",.,"A",.,"A",.,"A",.,"A",.,"A",.,"A",.,"A",.,"A",.,"A",.,"A",.,"A",210,"D",.,"A",.,"A"
"20115",2372802,40,0,"1",.,"A",.,"A",.,"A",.,"A",.,"A",.,"A",.,"A",.,"A",.,"A",.,"A",.,"A",.,"A",.,"A",.,"A",.,"A"
"20115",2372812,32,0,"1",.,"A",.,"A",.,"A",.,"A",.,"A",.,"A",.,"A",.,"A",.,"A",.,"A",.,"A",.,"A",.,"A",.,"A",.,"A"
"20115",2372842,27,0,"1",.,"A",.,"A",.,"A",.,"A",15,"D",.,"A",.,"A",.,"A",.,"A",.,"A",.,"A",.,"A",200,"D",.,"A",.,"A"
"20115",2372863,57,0,"1",.,"A",.,"A",.,"A",.,"A",.,"A",35,"D",.,"A",.,"A",.,"A",.,"A",.,"A",.,"A",45,"D",.,"A",.,"A"
"20115",2372872,42,0,"1",.,"A",.,"A",.,"A",.,"A",.,"A",.,"A",9126,"D",.,"A",15,"D",.,"A",.,"A",.,"A",40,"D",.,"A",.,"A"
"20115",2372882,39,0,"1",.,"A",.,"A",.,"A",.,"A",.,"A",.,"A",.,"A",.,"A",.,"A",.,"A",.,"A",.,"A",.,"A",.,"A",.,"A"
"20115",2372892,44,0,"1",.,"A",.,"A",.,"A",.,"A",.,"A",.,"A",208,"D",221,"D",.,"A",.,"A",.,"A",.,"A",80,"D",.,"A",.,"A"
"20115",2372932,46,0,"1",.,"A",.,"A",.,"A",50,"D",.,"A",35,"D",.,"A",.,"A",.,"A",.,"A",.,"A",.,"A",150,"D",.,"A",.,"A"
"20115",2372963,56,0,"1",.,"A",.,"A",.,"A",.,"A",.,"A",.,"A",.,"A",.,"A",.,"A",.,"A",.,"A",.,"A",66,"D",.,"A",.,"A"
"20115",2372972,62,0,"1",.,"A",.,"A",.,"A",.,"A",.,"A",.,"A",.,"A",.,"A",.,"A",.,"A",.,"A",.,"A",50,"D",.,"A",.,"A"
"20115",2372992,47,0,"1",.,"A",.,"A",.,"A",.,"A",.,"A",300,"D",.,"A",.,"A",.,"A",.,"A",.,"A",.,"A",60,"D",.,"A",.,"A"
"20115",2373002,30,0,"1",.,"A",.,"A",.,"A",.,"A",.,"A",.,"A",.,"A",.,"A",.,"A",.,"A",.,"A",.,"A",.,"A",.,"A",.,"A"
"20115",2373012,59,0,"1",.,"A",.,"A",.,"A",.,"A",.,"A",.,"A",.,"A",.,"A",.,"A",.,"A",.,"A",.,"A",150,"D",.,"A",.,"A"
"20115",2373022,32,0,"1",.,"A",.,"A",.,"A",60,"D",240,"D",.,"A",780,"D",.,"A",12,"D",240,"D",0,"D",30,"D",48,"D",80,"D",.,"A"
"20115",2373032,34,0,"1",.,"A",.,"A",.,"A",.,"A",.,"A",.,"A",.,"A",.,"A",.,"A",312,"D",0,"D",0,"D",70,"D",104,"D",.,"A"
"20115",2373052,60,0,"1",.,"A",.,"A",.,"A",.,"A",.,"A",.,"A",.,"A",.,"A",.,"A",.,"A",.,"A",.,"A",223,"D",.,"A",.,"A"
"20115",2373102,52,0,"1",.,"A",.,"A",.,"A",.,"A",.,"A",.,"A",.,"A",.,"A",.,"A",.,"A",.,"A",.,"A",.,"A",.,"A",.,"A"
"20115",2373112,78,0,"1",.,"A",.,"A",.,"A",.,"A",.,"A",.,"A",.,"A",.,"A",.,"A",180,"D",0,"D",0,"D",300,"D",60,"D",.,"A"
"20115",2373142,50,0,"1",.,"A",.,"A",.,"A",.,"A",96,"D",.,"A",.,"A",.,"A",6,"D",.,"A",.,"A",.,"A",185,"D",.,"A",.,"A"
"20115",2373172,30,0,"1",.,"A",.,"A",.,"A",.,"A",.,"A",.,"A",.,"A",.,"A",.,"A",.,"A",.,"A",.,"A",12,"D",.,"A",.,"A"
"20115",2373195,32,0,"1",.,"A",.,"A",.,"A",.,"A",.,"A",.,"A",.,"A",.,"A",.,"A",.,"A",.,"A",.,"A",33,"D",.,"A",.,"A"
"20115",2373215,34,0,"1",.,"A",.,"A",.,"A",.,"A",40,"D",.,"A",260,"D",.,"A",.,"A",.,"A",.,"A",.,"A",.,"A",.,"A",.,"A"
"20115",2373222,49,0,"1",.,"A",.,"A",.,"A",.,"A",.,"A",.,"A",.,"A",.,"A",.,"A",.,"A",.,"A",.,"A",84,"D",.,"A",.,"A"
"20115",2373232,37,0,"1",.,"A",.,"A",.,"A",.,"A",.,"A",.,"A",.,"A",.,"A",.,"A",.,"A",.,"A",.,"A",20,"D",.,"A",.,"A"
"20115",2373242,103,0,"1",.,"A",.,"A",.,"A",.,"A",.,"A",80,"D",.,"A",.,"A",.,"A",.,"A",.,"A",.,"A",300,"D",.,"A",.,"A"
"20115",2373252,43,0,"1",.,"A",.,"A",.,"A",.,"A",.,"A",.,"A",.,"A",.,"A",.,"A",.,"A",.,"A",.,"A",.,"A",.,"A",.,"A"
"20115",2373272,45,0,"1",.,"A",.,"A",.,"A",.,"A",.,"A",150,"D",.,"A",.,"A",.,"A",.,"A",.,"A",.,"A",120,"D",.,"A",.,"A"
"20115",2373312,26,0,"1",.,"A",.,"A",.,"A",.,"A",.,"A",.,"A",.,"A",.,"A",.,"A",180,"F",0,"D",60,"F",.,"A",.,"C",.,"A"
"20115",2373332,31,0,"1",.,"A",.,"A",.,"A",.,"A",.,"A",.,"A",.,"A",.,"A",.,"A",.,"A",.,"A",.,"A",.,"A",.,"A",.,"A"
"20115",2373352,39,0,"1",.,"A",.,"A",.,"A",.,"A",.,"A",.,"A",.,"A",.,"A",.,"A",.,"A",.,"A",.,"A",45,"D",.,"A",.,"A"
"20115",2373372,34,0,"1",5,"D",.,"A",.,"A",.,"A",55,"D",10,"D",.,"A",.,"A",18,"D",300,"D",0,"D",0,"D",30,"D",100,"D",.,"A"
"20115",2373392,83,0,"1",.,"A",.,"A",.,"A",.,"A",.,"A",.,"A",.,"A",.,"A",.,"A",.,"A",.,"A",.,"A",210,"D",.,"A",.,"A"
"20115",2373412,46,0,"1",.,"A",.,"A",.,"A",.,"A",.,"A",.,"A",.,"A",.,"A",.,"A",.,"A",.,"A",.,"A",.,"A",.,"A",.,"A"
"20115",2373432,29,0,"1",.,"A",.,"A",.,"A",.,"A",36,"F",.,"A",.,"A",.,"A",.,"A",.,"A",.,"A",.,"A",.,"A",.,"A",.,"A"
"20115",2373462,33,0,"1",.,"A",.,"A",.,"A",.,"A",.,"A",.,"A",.,"A",.,"A",.,"A",.,"A",.,"A",.,"A",.,"A",.,"A",.,"A"
"20115",2373472,27,0,"1",.,"A",.,"A",.,"A",.,"A",.,"A",.,"A",.,"A",.,"A",.,"A",.,"A",.,"A",.,"A",.,"A",.,"A",.,"A"
"20115",2373492,34,0,"1",.,"A",.,"A",.,"A",.,"A",240,"D",.,"A",.,"A",.,"A",.,"A",324,"D",0,"D",0,"D",.,"A",108,"D",.,"A"
"20115",2373502,78,0,"1",.,"A",.,"A",.,"A",.,"A",.,"A",.,"A",.,"A",.,"A",.,"A",.,"A",.,"A",.,"A",390,"D",.,"A",.,"A"
"20115",2373522,72,0,"1",.,"A",.,"A",.,"A",.,"A",.,"A",150,"D",.,"A",.,"A",.,"A",.,"A",.,"A",.,"A",45,"D",.,"A",.,"A"
"20115",2373532,48,0,"1",.,"A",.,"A",.,"A",.,"A",.,"A",.,"A",195,"D",.,"A",24,"D",.,"A",.,"A",.,"A",.,"A",.,"A",.,"A"
"20115",2373542,48,0,"1",.,"A",.,"A",.,"A",.,"A",.,"A",.,"A",.,"A",.,"A",.,"A",.,"A",.,"A",.,"A",20,"D",.,"A",.,"A"
"20115",2373562,28,0,"1",.,"A",.,"A",.,"A",.,"A",.,"A",.,"A",.,"A",.,"A",.,"A",.,"A",.,"A",.,"A",.,"A",.,"A",.,"A"
"20115",2373572,44,0,"1",.,"A",.,"A",.,"A",.,"A",.,"A",.,"A",.,"A",.,"A",.,"A",0,"D",0,"D",6,"D",.,"A",0,"D",.,"A"
"20115",2373585,52,0,"1",60,"D",.,"A",.,"A",.,"A",0,"D",.,"A",.,"A",.,"A",.,"A",.,"A",.,"A",.,"A",65,"D",.,"A",.,"A"
"20115",2373592,66,0,"1",.,"A",.,"A",250,"F",.,"A",.,"A",100,"F",.,"A",.,"A",180,"F",.,"A",.,"A",.,"A",600,"F",.,"A",.,"A"
"20115",2373622,43,0,"1",.,"A",.,"A",.,"A",.,"A",.,"A",.,"A",.,"A",.,"A",.,"A",.,"A",.,"A",.,"A",50,"F",.,"A",.,"A"
"20115",2373632,69,0,"1",.,"A",.,"A",.,"A",.,"A",.,"A",.,"A",.,"A",.,"A",.,"A",150,"D",0,"D",0,"D",100,"D",50,"D",.,"A"
"20115",2373652,26,0,"1",.,"A",.,"A",.,"A",.,"A",240,"D",.,"A",.,"A",.,"A",.,"A",.,"A",.,"A",.,"A",.,"A",.,"A",.,"A"
"20115",2373662,44,0,"1",.,"A",.,"A",.,"A",.,"A",.,"A",.,"A",520,"D",.,"A",.,"A",.,"A",.,"A",.,"A",.,"A",.,"A",.,"A"
"20115",2373682,83,0,"1",.,"A",.,"A",.,"A",.,"A",.,"A",.,"A",.,"A",.,"A",.,"A",.,"A",.,"A",.,"A",296,"D",.,"A",.,"A"
"20115",2373692,63,0,"1",.,"A",.,"A",.,"A",65,"D",160,"D",.,"A",234,"D",.,"A",90,"D",0,"D",0,"D",135,"D",.,"A",0,"D",.,"A"
"20115",2373702,39,0,"1",.,"A",.,"A",.,"A",.,"A",.,"A",.,"A",.,"A",.,"A",.,"A",.,"A",.,"A",.,"A",.,"A",.,"A",.,"A"
"20115",2373712,30,0,"1",.,"A",.,"A",.,"A",.,"A",.,"A",.,"A",884,"D",.,"A",.,"A",.,"A",.,"A",.,"A",32,"D",.,"A",.,"A"
"20115",2373722,30,0,"1",.,"A",.,"A",.,"A",.,"A",.,"A",.,"A",.,"A",.,"A",30,"D",.,"A",.,"A",.,"A",120,"D",.,"A",.,"A"
"20115",2373772,49,0,"1",.,"A",.,"A",.,"A",.,"A",.,"A",.,"A",.,"A",.,"A",.,"A",.,"A",.,"A",.,"A",.,"A",.,"A",.,"A"
"20115",2373794,57,0,"1",.,"A",.,"A",.,"A",.,"A",.,"A",.,"A",1235,"D",.,"A",.,"A",.,"A",.,"A",.,"A",.,"A",.,"A",.,"A"
"20115",2373802,64,0,"1",.,"A",.,"A",.,"A",.,"A",.,"A",23,"F",.,"A",.,"A",.,"A",.,"A",.,"A",.,"A",180,"D",.,"A",.,"A"
"20115",2373812,39,0,"1",.,"A",.,"A",.,"A",.,"A",.,"A",.,"A",.,"A",.,"A",.,"A",.,"A",.,"A",.,"A",.,"A",.,"A",.,"A"
"20115",2373822,31,0,"1",.,"A",.,"A",.,"A",.,"A",.,"A",.,"A",.,"A",.,"A",.,"A",.,"A",.,"A",.,"A",180,"D",.,"A",.,"A"
"20115",2373832,43,0,"1",.,"A",.,"A",.,"A",.,"A",.,"A",.,"A",.,"A",.,"A",.,"A",.,"A",.,"A",.,"A",50,"D",.,"A",.,"A"
"20115",2373842,26,0,"1",20,"D",.,"A",.,"A",200,"D",80,"D",50,"D",.,"A",.,"A",.,"A",312,"D",0,"D",0,"D",250,"D",104,"D",.,"A"
"20115",2373882,54,0,"1",.,"A",.,"A",.,"A",.,"A",.,"A",.,"A",.,"A",.,"A",.,"A",.,"A",.,"A",.,"A",120,"D",.,"A",.,"A"
"20115",2373892,25,0,"1",.,"A",.,"A",.,"A",.,"A",.,"A",.,"A",.,"A",.,"A",.,"A",.,"A",.,"A",.,"A",45,"D",.,"A",.,"A"
"20115",2373902,41,0,"1",.,"A",.,"A",.,"A",.,"A",.,"A",.,"A",.,"A",.,"A",.,"A",.,"A",.,"A",.,"A",90,"D",.,"A",.,"A"
"20115",2373912,57,0,"1",.,"A",.,"A",.,"A",.,"A",.,"A",.,"A",.,"A",.,"A",.,"A",.,"A",.,"A",.,"A",.,"A",.,"A",.,"A"
"20115",2373922,54,0,"1",.,"A",.,"A",.,"A",.,"A",.,"A",.,"A",.,"A",.,"A",.,"A",.,"A",.,"A",.,"A",.,"A",.,"A",.,"A"
"20115",2373953,46,0,"1",12,"D",.,"A",.,"A",.,"A",72,"D",.,"A",.,"A",.,"A",.,"A",0,"D",0,"D",36,"D",124,"D",0,"D",.,"A"
"20115",2373962,65,0,"1",.,"A",.,"A",.,"A",.,"A",.,"A",.,"A",.,"A",.,"A",.,"A",.,"A",.,"A",.,"A",165,"D",.,"A",.,"A"
"20115",2374002,82,0,"1",.,"A",.,"A",.,"A",.,"A",.,"A",.,"A",780,"D",.,"A",42,"D",.,"A",.,"A",.,"A",180,"D",.,"A",.,"A"
"20115",2374022,41,0,"1",.,"A",.,"A",.,"A",.,"A",.,"A",.,"A",.,"A",.,"A",.,"A",.,"A",.,"A",.,"A",.,"A",.,"A",.,"A"
"20115",2374032,52,0,"1",.,"A",.,"A",.,"A",.,"A",.,"A",.,"A",.,"A",.,"A",.,"A",.,"A",.,"A",.,"A",.,"A",.,"A",.,"A"
"20115",2374062,44,0,"1",.,"A",.,"A",.,"A",.,"A",.,"A",.,"A",.,"A",.,"A",.,"A",.,"A",.,"A",.,"A",66,"D",.,"A",.,"A"
"20115",2374092,32,0,"1",40,"D",.,"A",.,"A",.,"A",200,"D",.,"A",.,"A",.,"A",.,"A",0,"D",180,"D",30,"D",.,"A",0,"D",.,"A"
"20115",2374112,54,0,"1",.,"A",.,"A",.,"A",.,"A",.,"A",.,"A",.,"A",.,"A",.,"A",.,"A",.,"A",.,"A",340,"D",.,"A",.,"A"
"20115",2374122,71,0,"1",.,"A",.,"A",.,"A",.,"A",.,"A",.,"A",.,"A",.,"A",.,"A",.,"A",.,"A",.,"A",130,"D",.,"A",.,"A"
"20115",2374142,75,0,"1",.,"A",.,"A",.,"A",.,"A",.,"A",30,"D",.,"A",.,"A",.,"A",.,"A",.,"A",.,"A",250,"D",.,"A",.,"A"
"20115",2374152,37,0,"1",.,"A",.,"A",.,"A",.,"A",.,"A",.,"A",.,"A",.,"A",.,"A",.,"A",.,"A",.,"A",150,"D",.,"A",.,"A"
"20115",2374162,86,0,"1",.,"A",.,"A",.,"A",.,"A",.,"A",.,"A",.,"A",.,"A",.,"A",.,"A",.,"A",.,"A",75,"D",.,"A",.,"A"
"20115",2374182,56,0,"1",.,"A",.,"A",.,"A",.,"A",.,"A",10,"D",.,"A",.,"A",6,"D",.,"A",.,"A",.,"A",.,"A",.,"A",.,"A"
"20115",2374212,40,0,"1",.,"A",.,"A",.,"A",.,"A",10,"D",.,"A",.,"A",.,"A",9,"D",.,"A",.,"A",.,"A",12,"D",.,"A",.,"A"
"20115",2374222,69,0,"1",.,"A",.,"A",.,"A",.,"A",.,"A",.,"A",.,"A",.,"A",.,"A",.,"A",.,"A",.,"A",100,"D",.,"A",.,"A"
"20115",2374232,72,0,"1",.,"A",.,"A",.,"A",.,"A",.,"A",.,"A",.,"A",.,"A",.,"A",.,"A",.,"A",.,"A",360,"D",.,"A",.,"A"
"20115",2374242,42,0,"1",.,"A",.,"A",.,"A",.,"A",.,"A",.,"A",.,"A",.,"A",.,"A",.,"A",.,"A",.,"A",.,"A",.,"A",.,"A"
"20115",2374252,62,0,"1",.,"A",.,"A",.,"A",.,"A",.,"A",.,"A",234,"D",.,"A",.,"A",.,"A",.,"A",.,"A",70,"D",.,"A",.,"A"
"20115",2374282,37,0,"1",.,"A",.,"A",.,"A",.,"A",30,"D",.,"A",.,"A",.,"A",.,"A",.,"A",.,"A",.,"A",.,"A",.,"A",.,"A"
"20115",2374292,36,0,"1",.,"A",.,"A",.,"A",.,"A",.,"A",.,"A",.,"A",.,"A",.,"A",.,"A",.,"A",.,"A",100,"D",.,"A",.,"A"
"20115",2374302,28,0,"1",.,"A",.,"A",.,"A",.,"A",.,"A",.,"A",.,"A",.,"A",.,"A",.,"A",.,"A",.,"A",.,"A",.,"A",.,"A"
"20115",2374312,50,0,"1",.,"A",.,"A",.,"A",.,"A",.,"A",60,"D",.,"A",.,"A",.,"A",.,"A",.,"A",.,"A",200,"D",.,"A",.,"A"
"20115",2374322,55,0,"1",.,"A",.,"A",.,"A",.,"A",.,"A",.,"A",.,"A",.,"A",.,"A",.,"A",.,"A",.,"A",70,"D",.,"A",.,"A"
"20115",2374342,54,0,"1",.,"A",.,"A",.,"A",.,"A",.,"A",.,"A",260,"D",.,"A",12,"D",.,"A",.,"A",.,"A",50,"D",.,"A",.,"A"
"20115",2374352,34,0,"1",48,"D",.,"A",.,"A",.,"A",132,"D",.,"A",.,"A",.,"A",.,"A",0,"D",0,"D",210,"F",.,"A",0,"D",.,"A"
"20115",2374362,55,0,"1",.,"A",.,"A",.,"A",.,"A",.,"A",.,"A",.,"A",.,"A",18,"D",.,"A",.,"A",.,"A",20,"D",.,"A",.,"A"
"20115",2374392,44,0,"1",.,"A",.,"A",.,"A",.,"A",.,"A",.,"A",.,"A",.,"A",.,"A",.,"A",.,"A",.,"A",120,"D",.,"A",.,"A"
"20115",2374402,47,0,"1",.,"A",.,"A",.,"A",.,"A",.,"A",.,"A",.,"A",.,"A",.,"A",.,"A",.,"A",.,"A",.,"A",.,"A",.,"A"
"20115",2374412,36,0,"1",20,"D",.,"A",.,"A",.,"A",22,"D",.,"A",.,"A",.,"A",.,"A",0,"D",0,"D",60,"D",.,"A",0,"D",.,"A"
"20115",2374422,93,0,"1",.,"A",.,"A",.,"A",.,"A",.,"A",210,"D",.,"A",.,"A",9,"D",.,"A",.,"A",.,"A",1500,"D",.,"A",.,"A"
"20115",2374432,28,0,"1",.,"A",.,"A",.,"A",.,"A",.,"A",.,"A",.,"A",.,"A",.,"A",900,"D",0,"D",0,"D",25,"D",300,"D",.,"A"
"20115",2374442,30,0,"1",.,"A",.,"A",.,"A",.,"A",.,"A",.,"A",.,"A",.,"A",.,"A",.,"A",.,"A",.,"A",.,"A",.,"A",.,"A"
"20115",2374462,46,0,"1",.,"A",.,"A",.,"A",.,"A",.,"A",.,"A",.,"A",.,"A",.,"A",.,"A",.,"A",.,"A",.,"A",.,"A",.,"A"
"20115",2374492,42,0,"1",.,"A",.,"A",.,"A",.,"A",.,"A",.,"A",.,"A",.,"A",.,"A",.,"A",.,"A",.,"A",.,"A",.,"A",.,"A"
"20115",2374502,73,0,"1",.,"A",.,"A",.,"A",.,"A",.,"A",.,"A",.,"A",.,"A",.,"A",.,"A",.,"A",.,"A",.,"A",.,"A",.,"A"
"20115",2374522,36,0,"1",.,"A",.,"A",.,"A",.,"A",240,"D",.,"A",481,"D",.,"A",.,"A",.,"A",.,"A",.,"A",.,"A",.,"A",.,"A"
"20115",2374532,33,0,"1",.,"A",.,"A",.,"A",.,"A",.,"A",.,"A",.,"A",.,"A",.,"A",.,"A",.,"A",.,"A",.,"A",.,"A",.,"A"
"20115",2374542,43,0,"1",.,"A",.,"A",.,"A",.,"A",.,"A",.,"A",.,"A",.,"A",.,"A",.,"A",.,"A",.,"A",200,"D",.,"A",.,"A"
"20115",2374552,26,0,"1",.,"A",.,"A",.,"A",.,"A",.,"A",.,"A",52,"D",.,"A",.,"A",.,"A",.,"A",.,"A",.,"A",.,"A",.,"A"
"20115",2374582,26,0,"1",.,"A",.,"A",.,"A",.,"A",.,"A",.,"A",.,"A",.,"A",.,"A",.,"A",.,"A",.,"A",15,"D",.,"A",.,"A"
"20115",2374602,57,0,"1",.,"A",.,"A",.,"A",.,"A",.,"A",.,"A",.,"A",.,"A",30,"D",.,"A",.,"A",.,"A",20,"D",.,"A",.,"A"
"20115",2374612,32,0,"1",.,"A",.,"A",.,"A",.,"A",.,"A",.,"A",.,"A",.,"A",.,"A",.,"A",.,"A",.,"A",.,"A",.,"A",.,"A"
"20115",2374622,43,0,"1",.,"A",.,"A",.,"A",.,"A",.,"A",.,"A",390,"D",.,"A",.,"A",.,"A",.,"A",.,"A",20,"D",.,"A",.,"A"
"20115",2374632,65,0,"1",.,"A",.,"A",.,"A",30,"D",.,"A",60,"D",.,"A",.,"A",.,"A",0,"D",0,"D",30,"D",250,"D",0,"D",.,"A"
"20115",2374662,77,0,"1",.,"A",.,"A",.,"A",.,"A",.,"A",.,"A",.,"A",.,"A",.,"A",.,"A",.,"A",.,"A",.,"A",.,"A",.,"A"
"20115",2374672,53,0,"1",.,"A",.,"A",.,"A",.,"A",.,"A",.,"A",.,"A",.,"A",.,"A",.,"A",.,"A",.,"A",.,"A",.,"A",.,"A"
"20115",2374682,71,0,"1",.,"A",.,"A",.,"A",.,"A",.,"A",.,"A",.,"A",.,"A",.,"A",0,"D",135,"D",0,"D",.,"A",0,"D",.,"A"
"20115",2374692,88,0,"1",.,"A",.,"A",.,"A",.,"A",.,"A",180,"D",.,"A",.,"A",.,"A",.,"A",.,"A",.,"A",170,"D",.,"A",.,"A"
"20115",2374705,57,0,"1",.,"A",.,"A",.,"A",.,"A",.,"A",.,"A",.,"A",.,"A",.,"A",.,"A",.,"A",.,"A",65,"D",.,"A",.,"A"
"20115",2374722,36,0,"1",.,"A",.,"A",.,"A",.,"A",.,"A",.,"A",.,"A",.,"A",.,"A",.,"A",.,"A",.,"A",.,"A",.,"A",.,"A"
"20115",2374732,60,0,"1",.,"A",.,"A",.,"A",.,"A",.,"A",.,"A",.,"A",.,"A",.,"A",.,"A",.,"A",.,"A",.,"A",.,"A",.,"A"
"20115",2374762,92,0,"1",.,"A",.,"A",.,"A",.,"A",.,"A",.,"A",.,"A",.,"A",.,"A",.,"A",.,"A",.,"A",60,"D",.,"A",.,"A"
"20115",2374802,32,0,"1",.,"A",.,"A",.,"A",.,"A",.,"A",.,"A",.,"A",.,"A",.,"A",.,"A",.,"A",.,"A",.,"A",.,"A",.,"A"
"20115",2374842,60,0,"1",.,"A",.,"A",.,"A",.,"A",.,"A",60,"D",.,"A",.,"A",.,"A",.,"A",.,"A",.,"A",88,"D",.,"A",.,"A"
"20115",2374865,42,0,"1",.,"A",.,"A",.,"A",.,"A",.,"A",.,"A",.,"A",.,"A",.,"A",.,"A",.,"A",.,"A",200,"D",.,"A",.,"A"
"20115",2374885,23,0,"1",.,"A",.,"A",.,"A",.,"A",.,"A",.,"A",.,"A",.,"A",.,"A",.,"A",.,"A",.,"A",.,"A",.,"A",.,"A"
"20115",2374892,43,0,"1",.,"A",.,"A",.,"A",.,"A",.,"A",.,"A",.,"A",.,"A",.,"A",.,"A",.,"A",.,"A",.,"A",.,"A",.,"A"
"20115",2374912,92,0,"1",.,"A",.,"A",.,"A",.,"A",.,"A",240,"D",.,"A",.,"A",.,"A",.,"A",.,"A",.,"A",700,"D",.,"A",.,"A"
"20115",2374922,48,0,"1",.,"A",.,"A",.,"A",.,"A",.,"A",.,"A",.,"A",.,"A",.,"A",.,"A",.,"A",.,"A",.,"A",.,"A",.,"A"
"20115",2374952,46,0,"1",.,"A",.,"A",.,"A",.,"A",.,"A",.,"A",.,"A",.,"A",.,"A",.,"A",.,"A",.,"A",68,"D",.,"A",.,"A"
"20115",2374972,83,0,"1",.,"A",.,"A",.,"A",.,"A",158,"D",.,"A",.,"A",.,"A",36,"D",.,"A",.,"A",.,"A",44,"D",.,"A",.,"A"
"20115",2374982,51,0,"1",6,"D",.,"A",.,"A",.,"A",144,"D",.,"A",.,"A",.,"A",30,"D",.,"A",.,"A",.,"A",1000,"D",.,"A",.,"A"
"20115",2374992,38,0,"1",.,"A",.,"A",.,"A",.,"A",.,"A",.,"A",.,"A",.,"A",.,"A",.,"A",.,"A",.,"A",.,"A",.,"A",.,"A"
"20115",2375022,51,0,"1",.,"A",.,"A",.,"A",.,"A",.,"A",.,"A",.,"A",.,"A",33,"F",300,"F",12,"F",105,"F",150,"F",.,"C",.,"A"
"20115",2375032,44,0,"1",.,"A",.,"A",.,"A",.,"A",.,"A",.,"A",.,"A",195,"D",.,"A",.,"A",.,"A",.,"A",75,"D",.,"A",.,"A"
"20115",2375052,33,0,"1",.,"A",.,"A",.,"A",.,"A",.,"A",.,"A",676,"D",.,"A",48,"D",.,"A",.,"A",.,"A",.,"A",.,"A",.,"A"
"20115",2375084,39,0,"1",.,"A",.,"A",.,"A",.,"A",.,"A",.,"A",.,"A",.,"A",.,"A",.,"A",.,"A",.,"A",100,"D",.,"A",.,"A"
"20115",2375112,36,0,"1",.,"A",.,"A",.,"A",.,"A",.,"A",.,"A",.,"A",.,"A",.,"A",0,"D",0,"D",15,"D",.,"A",0,"D",.,"A"
"20115",2375132,47,0,"1",.,"A",.,"A",.,"A",.,"A",.,"A",.,"A",.,"A",.,"A",.,"A",.,"A",.,"A",.,"A",.,"A",.,"A",.,"A"
"20115",2375142,84,0,"1",.,"A",.,"A",.,"A",.,"A",.,"A",.,"A",.,"A",.,"A",.,"A",.,"A",.,"A",.,"A",140,"D",.,"A",.,"A"
"20115",2375152,55,0,"1",.,"A",.,"A",48,"F",.,"A",.,"A",300,"D",.,"A",.,"A",.,"A",.,"A",.,"A",.,"A",442,"D",.,"A",.,"A"
"20115",2375162,68,0,"1",.,"A",.,"A",.,"A",.,"A",.,"A",80,"D",.,"A",.,"A",.,"A",.,"A",.,"A",.,"A",120,"D",.,"A",.,"A"
"20115",2375172,62,0,"1",.,"A",.,"A",.,"A",.,"A",.,"A",.,"A",.,"A",.,"A",.,"A",.,"A",.,"A",.,"A",40,"D",.,"A",.,"A"
"20115",2375182,57,0,"1",.,"A",.,"A",.,"A",.,"A",.,"A",.,"A",.,"A",.,"A",.,"A",.,"A",.,"A",.,"A",.,"A",.,"A",.,"A"
"20115",2375202,69,0,"1",.,"A",.,"A",.,"A",.,"A",.,"A",.,"A",.,"A",.,"A",.,"A",.,"A",.,"A",.,"A",140,"D",.,"A",.,"A"
"20115",2375212,49,0,"1",.,"A",.,"A",.,"A",.,"A",.,"A",.,"A",.,"A",.,"A",.,"A",.,"A",.,"A",.,"A",.,"A",.,"A",.,"A"
"20115",2375222,34,0,"1",.,"A",.,"A",.,"A",50,"D",.,"A",.,"A",.,"A",.,"A",.,"A",0,"D",0,"D",9,"D",.,"A",0,"D",.,"A"
"20115",2375232,36,0,"1",5,"D",.,"A",.,"A",.,"A",35,"D",.,"A",.,"A",.,"A",.,"A",0,"D",0,"D",30,"D",10,"D",0,"D",.,"A"
"20115",2375255,25,0,"1",.,"A",.,"A",.,"A",.,"A",.,"A",.,"A",.,"A",.,"A",.,"A",.,"A",.,"A",.,"A",.,"A",.,"A",.,"A"
"20115",2375302,41,0,"1",.,"A",.,"A",.,"A",.,"A",.,"A",.,"A",.,"A",.,"A",.,"A",.,"A",.,"A",.,"A",.,"A",.,"A",.,"A"
"20115",2375322,39,0,"1",.,"A",.,"A",.,"A",.,"A",.,"A",17,"D",650,"D",.,"A",.,"A",.,"A",.,"A",.,"A",70,"D",.,"A",.,"A"
"20115",2375352,66,0,"1",.,"A",.,"A",.,"A",.,"A",.,"A",.,"A",.,"A",.,"A",.,"A",.,"A",.,"A",.,"A",70,"D",.,"A",.,"A"
"20115",2375372,32,0,"1",.,"A",.,"A",.,"A",.,"A",.,"A",.,"A",.,"A",.,"A",.,"A",.,"A",.,"A",.,"A",.,"A",.,"A",.,"A"
"20115",2375392,54,0,"1",.,"A",.,"A",.,"A",.,"A",154,"D",.,"A",390,"D",.,"A",.,"A",.,"A",.,"A",.,"A",25,"D",.,"A",.,"A"
"20115",2375402,53,0,"1",.,"A",.,"A",.,"A",.,"A",.,"A",.,"A",.,"A",.,"A",.,"A",.,"A",.,"A",.,"A",.,"A",.,"A",.,"A"
"20115",2375412,58,0,"1",.,"A",.,"A",.,"A",.,"A",.,"A",.,"A",585,"D",.,"A",.,"A",.,"A",.,"A",.,"A",.,"A",.,"A",.,"A"
"20115",2375422,46,0,"1",.,"A",.,"A",.,"A",.,"A",.,"A",500,"D",130,"D",.,"A",30,"D",.,"A",.,"A",.,"A",100,"D",.,"A",.,"A"
"20115",2375432,71,0,"1",.,"A",.,"A",.,"A",.,"A",.,"A",90,"D",728,"D",.,"A",.,"A",.,"A",.,"A",.,"A",430,"D",.,"A",.,"A"
"20115",2375462,85,0,"1",.,"A",.,"A",.,"A",.,"A",.,"A",.,"A",.,"A",.,"A",15,"D",.,"A",.,"A",.,"A",117,"D",.,"A",.,"A"
"20115",2375472,41,0,"1",.,"A",.,"A",.,"A",.,"A",.,"A",.,"A",182,"D",.,"A",45,"D",.,"A",.,"A",.,"A",60,"D",.,"A",.,"A"
"20115",2375502,57,0,"1",.,"A",.,"A",37,"D",.,"A",.,"A",.,"A",.,"A",.,"A",.,"A",.,"A",.,"A",.,"A",75,"D",.,"A",.,"A"
"20115",2375554,52,0,"1",.,"A",.,"A",.,"A",.,"A",.,"A",.,"A",195,"D",.,"A",.,"A",.,"A",.,"A",.,"A",25,"D",.,"A",.,"A"
"20115",2375562,110,0,"1",.,"A",.,"A",.,"A",.,"A",.,"A",.,"A",.,"A",.,"A",.,"A",.,"A",.,"A",.,"A",198,"D",.,"A",.,"A"
"20115",2375572,22,0,"1",.,"A",.,"A",.,"A",.,"A",.,"A",.,"A",260,"D",.,"A",.,"A",.,"A",.,"A",.,"A",8,"D",.,"A",.,"A"
"20115",2375584,47,0,"1",.,"A",.,"A",.,"A",.,"A",.,"A",.,"A",.,"A",.,"A",.,"A",.,"A",.,"A",.,"A",.,"A",.,"A",.,"A"
"20115",2375592,34,0,"1",.,"A",.,"A",.,"A",.,"A",.,"A",.,"A",.,"A",.,"A",.,"A",.,"A",.,"A",.,"A",.,"A",.,"A",.,"A"
"20115",2375602,42,0,"1",.,"A",.,"A",.,"A",.,"A",.,"A",.,"A",.,"A",.,"A",.,"A",.,"A",.,"A",.,"A",300,"D",.,"A",.,"A"
"20115",2375632,54,0,"1",.,"A",.,"A",.,"A",.,"A",.,"A",.,"A",.,"A",.,"A",15,"D",.,"A",.,"A",.,"A",40,"D",.,"A",.,"A"
"20115",2375642,52,0,"1",.,"A",.,"A",.,"A",.,"A",.,"A",35,"D",.,"A",.,"A",.,"A",.,"A",.,"A",.,"A",.,"A",.,"A",.,"A"
"20115",2375652,106,0,"1",.,"A",.,"A",.,"A",.,"A",.,"A",.,"A",.,"A",39,"D",18,"D",.,"A",.,"A",.,"A",.,"A",.,"A",.,"A"
"20115",2375682,54,0,"1",.,"A",.,"A",.,"A",.,"A",.,"A",.,"A",.,"A",65,"D",.,"A",.,"A",.,"A",.,"A",100,"D",.,"A",.,"A"
"20115",2375692,43,0,"1",.,"A",.,"A",.,"A",.,"A",.,"A",.,"A",130,"D",.,"A",.,"A",.,"A",.,"A",.,"A",.,"A",.,"A",.,"A"
"20115",2375722,31,0,"1",.,"A",.,"A",.,"A",.,"A",.,"A",.,"A",.,"A",.,"A",.,"A",.,"A",.,"A",.,"A",.,"A",.,"A",.,"A"
"20115",2375742,65,0,"1",.,"A",.,"A",.,"A",.,"A",.,"A",42,"D",.,"A",.,"A",.,"A",.,"A",.,"A",.,"A",100,"D",.,"A",.,"A"
"20115",2375755,55,0,"1",.,"A",.,"A",.,"A",.,"A",.,"A",.,"A",.,"A",.,"A",.,"A",.,"A",.,"A",.,"A",30,"D",.,"A",.,"A"
"20115",2375782,40,0,"1",.,"A",.,"A",.,"A",.,"A",.,"A",.,"A",.,"A",.,"A",.,"A",.,"A",.,"A",.,"A",60,"D",.,"A",.,"A"
"20115",2375792,31,0,"1",.,"A",.,"A",.,"A",.,"A",60,"D",.,"A",.,"A",.,"A",.,"A",.,"A",.,"A",.,"A",17,"D",.,"A",.,"A"
"20115",2375832,42,0,"1",.,"A",.,"A",.,"A",.,"A",.,"A",.,"A",.,"A",.,"A",.,"A",.,"A",.,"A",.,"A",56,"D",.,"A",.,"A"
"20115",2375852,49,0,"1",.,"A",.,"A",.,"A",.,"A",.,"A",.,"A",.,"A",.,"A",.,"A",.,"A",.,"A",.,"A",150,"D",.,"A",.,"A"
"20115",2375872,38,0,"1",.,"A",.,"A",.,"A",.,"A",.,"A",.,"A",.,"A",.,"A",.,"A",.,"A",.,"A",.,"A",.,"A",.,"A",.,"A"
"20115",2375892,52,0,"1",.,"A",.,"A",.,"A",.,"A",.,"A",.,"A",.,"A",26,"D",.,"A",.,"A",.,"A",.,"A",120,"D",.,"A",.,"A"
"20115",2375922,34,0,"1",.,"A",.,"A",.,"A",.,"A",.,"A",.,"A",.,"A",.,"A",.,"A",.,"A",.,"A",.,"A",.,"A",.,"A",.,"A"
"20115",2375932,24,0,"1",.,"A",.,"A",.,"A",.,"A",.,"A",.,"A",455,"D",.,"A",.,"A",0,"D",0,"D",15,"D",.,"A",0,"D",.,"A"
"20115",2375942,53,0,"1",.,"A",.,"A",.,"A",.,"A",.,"A",.,"A",.,"A",.,"A",.,"A",.,"A",.,"A",.,"A",75,"D",.,"A",.,"A"
"20115",2375952,63,0,"1",.,"A",.,"A",37,"D",.,"A",.,"A",70,"D",.,"A",.,"A",.,"A",.,"A",.,"A",.,"A",150,"D",.,"A",.,"A"
"20115",2375962,41,0,"1",.,"A",.,"A",.,"A",.,"A",.,"A",.,"A",.,"A",.,"A",.,"A",.,"A",.,"A",.,"A",.,"A",.,"A",.,"A"
"20115",2375972,29,0,"1",.,"A",.,"A",.,"A",.,"A",.,"A",.,"A",156,"D",.,"A",.,"A",.,"A",.,"A",.,"A",.,"A",.,"A",.,"A"
"20115",2375992,78,0,"1",.,"A",.,"A",.,"A",.,"A",.,"A",.,"A",.,"A",.,"A",.,"A",.,"A",.,"A",.,"A",120,"D",.,"A",.,"A"
"20115",2376002,50,0,"1",.,"A",.,"A",.,"A",.,"A",.,"A",.,"A",.,"A",.,"A",.,"A",.,"A",.,"A",.,"A",180,"D",.,"A",.,"A"
"20115",2376012,46,0,"1",.,"A",.,"A",.,"A",.,"A",.,"A",.,"A",.,"A",.,"A",90,"D",.,"A",.,"A",.,"A",100,"D",.,"A",.,"A"
"20115",2376024,69,0,"1",.,"A",.,"A",.,"A",.,"A",.,"A",.,"A",.,"A",.,"A",15,"D",.,"A",.,"A",.,"A",150,"D",.,"A",.,"A"
"20115",2376052,35,0,"1",30,"D",.,"A",.,"A",.,"A",150,"D",.,"A",.,"A",.,"A",.,"A",.,"A",.,"A",.,"A",10,"D",.,"A",.,"A"
"20115",2376082,34,0,"1",.,"A",.,"A",.,"A",.,"A",.,"A",.,"A",.,"A",.,"A",.,"A",.,"A",.,"A",.,"A",.,"A",.,"A",.,"A"
"20115",2376092,36,0,"1",.,"A",.,"A",.,"A",.,"A",.,"A",.,"A",.,"A",.,"A",.,"A",.,"A",.,"A",.,"A",.,"A",.,"A",.,"A"
"20115",2376132,34,0,"1",36,"D",.,"A",.,"A",.,"A",99,"D",.,"A",.,"A",.,"A",.,"A",.,"A",.,"A",.,"A",.,"A",.,"A",.,"A"
"20115",2376152,38,0,"1",.,"A",.,"A",.,"A",.,"A",100,"D",.,"A",.,"A",.,"A",.,"A",.,"A",.,"A",.,"A",.,"A",.,"A",.,"A"
"20115",2376162,34,0,"1",.,"A",.,"A",.,"A",.,"A",100,"D",.,"A",.,"A",.,"A",.,"A",.,"A",.,"A",.,"A",120,"D",.,"A",.,"A"
"20115",2376172,36,0,"1",.,"A",.,"A",.,"A",.,"A",20,"D",.,"A",.,"A",.,"A",.,"A",0,"D",0,"D",30,"D",40,"D",0,"D",.,"A"
"20115",2376182,82,0,"1",.,"A",.,"A",.,"A",.,"A",.,"A",.,"A",.,"A",.,"A",.,"A",.,"A",.,"A",.,"A",40,"D",.,"A",.,"A"
"20115",2376222,54,0,"1",.,"A",.,"A",.,"A",.,"A",.,"A",.,"A",.,"A",.,"A",.,"A",.,"A",.,"A",.,"A",30,"D",.,"A",.,"A"
"20115",2376232,28,0,"1",.,"A",.,"A",.,"A",.,"A",.,"A",.,"A",.,"A",.,"A",.,"A",.,"A",.,"A",.,"A",12,"D",.,"A",.,"A"
"20115",2376252,49,0,"1",.,"A",.,"A",.,"A",.,"A",.,"A",.,"A",.,"A",.,"A",.,"A",.,"A",.,"A",.,"A",100,"D",.,"A",.,"A"
"20115",2376302,82,0,"1",.,"A",.,"A",.,"A",.,"A",.,"A",.,"A",.,"A",845,"D",.,"A",.,"A",.,"A",.,"A",150,"D",.,"A",.,"A"
"20115",2376312,33,0,"1",.,"A",.,"A",.,"A",.,"A",.,"A",.,"A",.,"A",.,"A",.,"A",.,"A",.,"A",.,"A",.,"A",.,"A",.,"A"
"20115",2376322,44,0,"1",.,"A",.,"A",.,"A",.,"A",.,"A",.,"A",.,"A",.,"A",.,"A",.,"A",.,"A",.,"A",100,"D",.,"A",.,"A"
"20115",2376332,57,0,"1",.,"A",.,"A",.,"A",.,"A",.,"A",.,"A",.,"A",.,"A",.,"A",.,"A",.,"A",.,"A",35,"D",.,"A",.,"A"
"20115",2376342,66,0,"1",.,"A",.,"A",.,"A",.,"A",.,"A",.,"A",.,"A",.,"A",.,"A",.,"A",.,"A",.,"A",40,"D",.,"A",.,"A"
"20115",2376352,64,0,"1",.,"A",.,"A",.,"A",.,"A",.,"A",.,"A",.,"A",455,"D",.,"A",.,"A",.,"A",.,"A",175,"D",.,"A",.,"A"
"20115",2376362,77,0,"1",.,"A",.,"A",.,"A",.,"A",.,"A",.,"A",.,"A",.,"A",.,"A",.,"A",.,"A",.,"A",90,"D",.,"A",.,"A"
"20115",2376382,47,0,"1",.,"A",.,"A",.,"A",.,"A",.,"A",.,"A",.,"A",78,"D",.,"A",.,"A",.,"A",.,"A",15,"D",.,"A",.,"A"
"20115",2376392,29,0,"1",.,"A",.,"A",.,"A",.,"A",.,"A",.,"A",.,"A",.,"A",.,"A",.,"A",.,"A",.,"A",.,"A",.,"A",.,"A"
"20115",2376402,42,0,"1",.,"A",.,"A",.,"A",.,"A",30,"D",.,"A",.,"A",.,"A",.,"A",.,"A",.,"A",.,"A",70,"D",.,"A",.,"A"
"20115",2376412,34,0,"1",.,"A",.,"A",.,"A",.,"A",.,"A",.,"A",.,"A",.,"A",.,"A",.,"A",.,"A",.,"A",60,"D",.,"A",.,"A"
"20115",2376432,47,0,"1",.,"A",.,"A",.,"A",.,"A",.,"A",.,"A",195,"D",.,"A",.,"A",.,"A",.,"A",.,"A",.,"A",.,"A",.,"A"
"20115",2376462,20,0,"1",.,"A",.,"A",.,"A",.,"A",.,"A",.,"A",.,"A",.,"A",.,"A",.,"A",.,"A",.,"A",.,"A",.,"A",.,"A"
"20115",2376472,51,0,"1",.,"A",.,"A",.,"A",.,"A",.,"A",.,"A",.,"A",.,"A",690,"D",.,"A",.,"A",.,"A",.,"A",.,"A",.,"A"
"20115",2376482,34,0,"1",.,"A",.,"A",.,"A",.,"A",.,"A",.,"A",.,"A",.,"A",.,"A",.,"A",.,"A",.,"A",20,"D",.,"A",.,"A"
"20115",2376542,72,0,"1",.,"A",.,"A",.,"A",.,"A",.,"A",.,"A",.,"A",.,"A",.,"A",.,"A",.,"A",.,"A",60,"D",.,"A",.,"A"
"20115",2376562,38,0,"1",.,"A",.,"A",.,"A",.,"A",.,"A",.,"A",.,"A",.,"A",.,"A",.,"A",.,"A",.,"A",20,"D",.,"A",.,"A"
"20115",2376592,63,0,"1",.,"A",.,"A",.,"A",.,"A",.,"A",150,"D",.,"A",.,"A",3,"D",.,"A",.,"A",.,"A",100,"D",.,"A",.,"A"
"20115",2376602,63,0,"1",.,"A",.,"A",.,"A",.,"A",.,"A",30,"D",.,"A",.,"A",.,"A",.,"A",.,"A",.,"A",.,"A",.,"A",.,"A"
"20115",2376614,19,0,"1",.,"A",.,"A",.,"A",.,"A",.,"A",.,"A",.,"A",.,"A",.,"A",.,"A",.,"A",.,"A",.,"A",.,"A",.,"A"
"20115",2376622,37,0,"1",.,"A",.,"A",.,"A",600,"D",120,"D",180,"D",.,"A",.,"A",.,"A",120,"D",0,"D",0,"D",250,"D",40,"D",60,"D"
"20115",2376632,57,0,"1",.,"A",.,"A",.,"A",.,"A",.,"A",25,"D",325,"D",.,"A",30,"D",.,"A",.,"A",.,"A",40,"D",.,"A",.,"A"
"20115",2376642,51,0,"1",.,"A",.,"A",.,"A",.,"A",.,"A",50,"D",.,"A",.,"A",15,"D",.,"A",.,"A",.,"A",50,"D",.,"A",.,"A"
"20115",2376652,42,0,"1",.,"A",.,"A",.,"A",.,"A",.,"A",.,"A",325,"D",.,"A",.,"A",.,"A",.,"A",.,"A",45,"D",.,"A",.,"A"
"20115",2376662,46,0,"1",.,"A",.,"A",.,"A",.,"A",.,"A",.,"A",.,"A",.,"A",.,"A",.,"A",.,"A",.,"A",.,"A",.,"A",.,"A"
"20115",2376672,34,0,"1",.,"A",.,"A",.,"A",.,"A",.,"A",.,"A",.,"A",.,"A",.,"A",.,"A",.,"A",.,"A",15,"D",.,"A",.,"A"
"20115",2376682,48,0,"1",.,"A",.,"A",.,"A",.,"A",.,"A",.,"A",.,"A",.,"A",.,"A",.,"A",.,"A",.,"A",100,"D",.,"A",.,"A"
"20115",2376732,25,0,"1",.,"A",.,"A",.,"A",.,"A",10,"D",.,"A",.,"A",.,"A",.,"A",.,"A",.,"A",.,"A",.,"A",.,"A",.,"A"
"20115",2376742,45,0,"1",.,"A",.,"A",.,"A",.,"A",240,"D",.,"A",1170,"D",.,"A",.,"A",.,"A",.,"A",.,"A",.,"A",.,"A",.,"A"
"20115",2376772,65,0,"1",.,"A",.,"A",.,"A",.,"A",.,"A",.,"A",260,"D",.,"A",.,"A",.,"A",.,"A",.,"A",70,"D",.,"A",.,"A"
"20115",2376802,51,0,"1",.,"A",.,"A",.,"A",.,"A",.,"A",.,"A",.,"A",.,"A",.,"A",.,"A",.,"A",.,"A",150,"D",.,"A",.,"A"
"20115",2376812,31,0,"1",20,"D",.,"A",.,"A",160,"D",60,"D",.,"A",312,"D",.,"A",45,"D",675,"D",0,"D",15,"D",30,"D",225,"D",.,"A"
"20115",2376832,41,0,"1",36,"D",.,"A",.,"A",.,"A",99,"D",.,"A",.,"A",.,"A",15,"D",0,"D",0,"D",15,"D",20,"D",0,"D",.,"A"
"20115",2376842,43,0,"1",.,"A",.,"A",.,"A",.,"A",.,"A",.,"A",650,"D",.,"A",.,"A",.,"A",.,"A",.,"A",.,"A",.,"A",.,"A"
"20115",2376892,51,0,"1",.,"A",.,"A",.,"A",.,"A",.,"A",15,"D",.,"A",.,"A",.,"A",.,"A",.,"A",.,"A",45,"D",.,"A",.,"A"
"20115",2376902,38,0,"1",.,"A",.,"A",.,"A",20,"D",.,"A",.,"A",.,"A",.,"A",9,"D",.,"A",.,"A",.,"A",90,"D",.,"A",.,"A"
"20115",2376922,46,0,"1",.,"A",.,"A",.,"A",.,"A",.,"A",.,"A",.,"A",.,"A",.,"A",.,"A",.,"A",.,"A",30,"D",.,"A",.,"A"
"20115",2376932,47,0,"1",.,"A",.,"A",.,"A",.,"A",320,"D",.,"A",.,"A",.,"A",.,"A",.,"A",.,"A",.,"A",180,"D",.,"A",.,"A"
"20115",2376952,55,0,"1",.,"A",.,"A",.,"A",.,"A",.,"A",41,"D",.,"A",.,"A",.,"A",.,"A",.,"A",.,"A",103,"D",.,"A",.,"A"
"20115",2376962,29,0,"1",.,"A",.,"A",.,"A",.,"A",.,"A",15,"D",.,"A",.,"A",.,"A",.,"A",.,"A",.,"A",.,"A",.,"A",.,"A"
"20115",2376982,39,0,"1",.,"A",.,"A",.,"A",.,"A",.,"A",.,"A",.,"A",.,"A",.,"A",.,"A",.,"A",.,"A",75,"D",.,"A",.,"A"
"20115",2376992,48,0,"1",.,"A",.,"A",.,"A",.,"A",.,"A",.,"A",.,"A",.,"A",.,"A",.,"A",.,"A",.,"A",40,"D",.,"A",.,"A"
"20115",2377002,29,0,"1",.,"A",.,"A",.,"A",.,"A",.,"A",.,"A",.,"A",.,"A",.,"A",.,"A",.,"A",.,"A",.,"A",.,"A",.,"A"
"20115",2377022,44,0,"1",.,"A",.,"A",.,"A",.,"A",.,"A",90,"D",.,"A",.,"A",.,"A",.,"A",.,"A",.,"A",90,"D",.,"A",.,"A"
"20115",2377032,42,0,"1",.,"A",.,"A",25,"F",.,"A",180,"D",.,"A",.,"A",.,"A",.,"A",60,"D",0,"D",15,"D",25,"D",20,"D",.,"A"
"20115",2377042,31,0,"1",.,"A",.,"A",.,"A",.,"A",.,"A",.,"A",.,"A",.,"A",.,"A",.,"A",.,"A",.,"A",.,"A",.,"A",.,"A"
"20115",2377052,44,0,"1",.,"A",.,"A",.,"A",.,"A",.,"A",.,"A",364,"D",325,"D",.,"A",.,"A",.,"A",.,"A",24,"D",.,"A",.,"A"
"20115",2377062,72,0,"1",.,"A",.,"A",.,"A",.,"A",.,"A",60,"D",.,"A",.,"A",.,"A",.,"A",.,"A",.,"A",390,"D",.,"A",.,"A"
"20115",2377102,44,0,"1",.,"A",.,"A",.,"A",.,"A",.,"A",.,"A",780,"D",.,"A",.,"A",.,"A",.,"A",.,"A",55,"D",.,"A",.,"A"
"20115",2377112,29,0,"1",.,"A",.,"A",.,"A",.,"A",.,"A",.,"A",.,"A",.,"A",.,"A",.,"A",.,"A",.,"A",.,"A",.,"A",.,"A"
"20115",2377132,23,0,"1",.,"A",.,"A",.,"A",.,"A",5,"D",.,"A",260,"D",.,"A",.,"A",.,"A",.,"A",.,"A",.,"A",.,"A",.,"A"
"20115",2377314,21,0,"1",.,"A",.,"A",.,"A",.,"A",.,"A",.,"A",.,"A",.,"A",.,"A",.,"A",.,"A",.,"A",.,"A",.,"A",.,"A"
"20115",2377433,36,0,"1",.,"A",.,"A",.,"A",.,"A",120,"D",.,"A",.,"A",.,"A",.,"A",.,"A",.,"A",.,"A",45,"D",.,"A",.,"A"
"20115",2377445,34,0,"1",.,"A",.,"A",.,"A",.,"A",.,"A",.,"A",195,"D",.,"A",.,"A",.,"A",.,"A",.,"A",10,"D",.,"A",.,"A"
"20115",2377493,27,0,"1",.,"A",.,"A",.,"A",.,"A",.,"A",.,"A",.,"A",.,"A",30,"D",45,"D",0,"D",0,"D",.,"A",15,"D",.,"A"
"20115",2377773,34,0,"1",.,"A",.,"A",.,"A",25,"D",.,"A",.,"A",.,"A",.,"A",30,"D",318,"D",0,"D",0,"D",.,"A",106,"D",.,"A"
"20115",2377793,27,0,"1",.,"A",.,"A",.,"A",.,"A",4,"D",.,"A",.,"A",13,"D",.,"A",.,"A",.,"A",.,"A",.,"A",.,"A",.,"A"
"20115",2377894,33,0,"1",.,"A",.,"A",.,"A",.,"A",.,"A",.,"A",.,"A",.,"A",.,"A",.,"A",.,"A",.,"A",25,"D",.,"A",.,"A"
"20115",2378315,53,0,"1",.,"A",.,"A",.,"A",.,"A",.,"A",.,"A",546,"D",.,"A",.,"A",.,"A",.,"A",.,"A",.,"A",.,"A",.,"A"
"20115",2378653,24,0,"1",.,"A",.,"A",.,"A",.,"A",.,"A",.,"A",.,"A",.,"A",60,"D",.,"A",.,"A",.,"A",.,"A",.,"A",.,"A"
"20115",2378934,42,0,"1",.,"A",.,"A",.,"A",.,"A",.,"A",.,"A",260,"D",.,"A",.,"A",.,"A",.,"A",.,"A",.,"A",.,"A",.,"A"
"20115",2379113,22,0,"1",.,"A",.,"A",.,"A",.,"A",12,"D",.,"A",.,"A",.,"A",.,"A",.,"A",.,"A",.,"A",.,"A",.,"A",.,"A"
"20115",2379305,41,0,"1",.,"A",.,"A",.,"A",.,"A",.,"A",.,"A",.,"A",.,"A",.,"A",.,"A",.,"A",.,"A",35,"D",.,"A",.,"A"
"20115",2379724,32,0,"1",.,"A",.,"A",.,"A",.,"A",.,"A",.,"A",.,"A",.,"A",.,"A",.,"A",.,"A",.,"A",200,"D",.,"A",.,"A"
"20115",2379925,31,0,"1",.,"A",.,"A",.,"A",.,"A",.,"A",.,"A",169,"D",.,"A",.,"A",180,"D",0,"D",0,"D",.,"A",60,"D",.,"A"
"20115",2380135,42,0,"1",.,"A",.,"A",.,"A",.,"A",.,"A",.,"A",.,"A",.,"A",.,"A",.,"A",.,"A",.,"A",300,"D",.,"A",.,"A"
"20115",2380174,23,0,"1",.,"A",.,"A",.,"A",.,"A",120,"D",.,"A",2340,"D",.,"A",.,"A",.,"A",.,"A",.,"A",.,"A",.,"A",.,"A"
"20115",2380324,29,0,"1",.,"A",.,"A",.,"A",.,"A",.,"A",.,"A",.,"A",.,"A",.,"A",.,"A",.,"A",.,"A",.,"A",.,"A",.,"A"
"20115",2380365,28,0,"1",.,"A",.,"A",.,"A",.,"A",.,"A",.,"A",260,"D",.,"A",.,"A",.,"A",.,"A",.,"A",.,"A",.,"A",.,"A"
"20115",2380423,37,0,"1",.,"A",.,"A",.,"A",.,"A",.,"A",.,"A",.,"A",.,"A",24,"D",.,"A",.,"A",.,"A",340,"D",.,"A",.,"A"
"20115",2380805,60,0,"1",.,"A",25,"D",.,"A",.,"A",.,"A",0,"D",.,"A",.,"A",.,"A",.,"A",.,"A",.,"A",.,"A",.,"A",.,"A"
"20115",2380814,25,0,"1",.,"A",.,"A",.,"A",.,"A",20,"D",.,"A",650,"D",.,"A",.,"A",0,"D",0,"D",60,"D",40,"D",0,"D",.,"A"
"20115",2381085,31,0,"1",10,"D",.,"A",.,"A",.,"A",110,"D",.,"A",.,"A",.,"A",.,"A",.,"A",.,"A",.,"A",48,"D",.,"A",.,"A"
"20115",2381293,43,0,"1",.,"A",.,"A",.,"A",.,"A",160,"D",.,"A",.,"A",.,"A",.,"A",.,"A",.,"A",.,"A",40,"D",.,"A",.,"A"
"20115",2381973,35,0,"1",.,"A",.,"A",.,"A",.,"A",.,"A",.,"A",.,"A",.,"A",.,"A",.,"A",.,"A",.,"A",200,"D",.,"A",.,"A"
"20115",2382223,33,0,"1",.,"A",.,"A",.,"A",.,"A",4,"D",.,"A",130,"D",.,"A",.,"A",.,"A",.,"A",.,"A",.,"A",.,"A",.,"A"
"20115",2382333,37,0,"1",.,"A",.,"A",.,"A",.,"A",.,"A",.,"A",.,"A",.,"A",.,"A",.,"A",.,"A",.,"A",.,"A",.,"A",.,"A"
"20115",2382525,39,0,"1",.,"A",.,"A",.,"A",.,"A",.,"A",.,"A",.,"A",.,"A",.,"A",.,"A",.,"A",.,"A",.,"A",.,"A",.,"A"
"20115",2382544,36,0,"1",.,"A",.,"A",.,"A",.,"A",.,"A",160,"D",.,"A",.,"A",.,"A",.,"A",.,"A",.,"A",75,"D",.,"A",.,"A"
"20115",2382753,49,0,"1",.,"A",.,"A",.,"A",.,"A",.,"A",.,"A",.,"A",.,"A",12,"D",.,"A",.,"A",.,"A",.,"A",.,"A",.,"A"
"20115",2383094,28,0,"1",.,"A",.,"A",.,"A",.,"A",.,"A",.,"A",.,"A",.,"A",.,"A",.,"A",.,"A",.,"A",20,"D",.,"A",.,"A"
"20115",2383214,25,0,"1",.,"A",.,"A",.,"A",.,"A",.,"A",.,"A",.,"A",.,"A",.,"A",.,"A",.,"A",.,"A",.,"A",.,"A",.,"A"
"20115",2383353,30,0,"1",.,"A",.,"A",.,"A",.,"A",.,"A",50,"D",.,"A",.,"A",.,"A",.,"A",.,"A",.,"A",75,"D",.,"A",.,"A"
"20115",2383634,34,0,"1",.,"A",.,"A",.,"A",.,"A",240,"D",.,"A",.,"A",.,"A",.,"A",.,"A",.,"A",.,"A",40,"D",.,"A",.,"A"
"20115",2383724,34,0,"1",.,"A",.,"A",.,"A",.,"A",.,"A",.,"A",.,"A",.,"A",.,"A",.,"A",.,"A",.,"A",.,"A",.,"A",.,"A"
"20115",2383774,37,0,"1",.,"A",.,"A",.,"A",.,"A",.,"A",.,"A",1209,"D",.,"A",.,"A",.,"A",.,"A",.,"A",.,"A",.,"A",.,"A"
"20115",2383873,31,0,"1",.,"A",.,"A",.,"A",.,"A",45,"D",.,"A",.,"A",.,"A",.,"A",.,"A",.,"A",.,"A",72,"D",.,"A",.,"A"
"20115",2384093,59,0,"1",.,"A",.,"A",.,"A",.,"A",.,"A",.,"A",.,"A",.,"A",.,"A",.,"A",.,"A",.,"A",420,"D",.,"A",.,"A"
"20115",2384825,31,0,"1",.,"A",.,"A",.,"A",.,"A",.,"A",.,"A",.,"A",.,"A",.,"A",.,"A",.,"A",.,"A",.,"A",.,"A",.,"A"
"20115",2385232,42,0,"1",.,"A",.,"A",.,"A",.,"A",.,"A",.,"A",.,"A",.,"A",.,"A",.,"A",.,"A",.,"A",.,"A",.,"A",.,"A"
"20115",2385473,29,0,"1",.,"A",.,"A",.,"A",.,"A",.,"A",.,"A",221,"D",.,"A",.,"A",0,"D",0,"D",0,"D",.,"A",0,"D",.,"A"
"20115",2385534,39,0,"1",.,"A",.,"A",.,"A",.,"A",.,"A",.,"A",.,"A",.,"A",.,"A",.,"A",.,"A",.,"A",30,"D",.,"A",.,"A"
"20115",2386075,35,0,"1",.,"A",.,"A",.,"A",.,"A",.,"A",.,"A",.,"A",.,"A",15,"D",.,"A",.,"A",.,"A",.,"A",.,"A",.,"A"
"20115",2387002,21,0,"1",.,"A",.,"A",.,"A",.,"A",.,"A",.,"A",78,"D",.,"A",.,"A",.,"A",.,"A",.,"A",.,"A",.,"A",.,"A"
"20115",2387022,31,0,"1",.,"A",.,"A",.,"A",.,"A",.,"A",.,"A",.,"A",.,"A",.,"A",300,"D",0,"D",0,"D",.,"A",100,"D",.,"A"
"20115",2387062,22,0,"1",.,"A",.,"A",.,"A",.,"A",.,"A",.,"A",260,"D",.,"A",.,"A",.,"A",.,"A",.,"A",.,"A",.,"A",.,"A"
"20115",2387155,35,0,"1",.,"A",.,"A",.,"A",60,"D",120,"D",.,"A",.,"A",.,"A",12,"D",18,"D",0,"D",6,"D",.,"A",6,"D",.,"A"
"20115",2387314,31,0,"1",.,"A",.,"A",.,"A",.,"A",.,"A",.,"A",.,"A",.,"A",.,"A",.,"A",.,"A",.,"A",.,"A",.,"A",.,"A"
"20115",2388225,21,0,"1",.,"A",.,"A",.,"A",.,"A",.,"A",.,"A",.,"A",.,"A",.,"A",0,"D",0,"D",0,"D",.,"A",0,"D",.,"A"
"20115",2388695,40,0,"1",.,"A",.,"A",.,"A",.,"A",.,"A",.,"A",.,"A",.,"A",.,"A",.,"A",.,"A",.,"A",45,"D",.,"A",.,"A"
"20115",2388824,36,0,"1",.,"A",.,"A",.,"A",.,"A",.,"A",.,"A",65,"D",.,"A",.,"A",0,"D",150,"D",0,"D",50,"D",0,"D",.,"A"
"20115",2389063,60,0,"1",5,"D",.,"A",.,"A",.,"A",0,"D",85,"D",975,"D",.,"A",42,"D",.,"A",.,"A",.,"A",235,"D",.,"A",.,"A"
"20115",2389253,33,0,"1",.,"A",.,"A",.,"A",.,"A",.,"A",.,"A",.,"A",.,"A",.,"A",.,"A",.,"A",.,"A",.,"A",.,"A",.,"A"
"20115",2389435,33,0,"1",.,"A",.,"A",.,"A",.,"A",25,"D",.,"A",.,"A",.,"A",.,"A",.,"A",.,"A",.,"A",.,"A",.,"A",.,"A"
"20115",2389744,38,0,"1",.,"A",.,"A",.,"A",.,"A",.,"A",.,"A",.,"A",.,"A",.,"A",.,"A",.,"A",.,"A",.,"A",.,"A",.,"A"
"20115",2390262,43,0,"1",.,"A",.,"A",.,"A",.,"A",.,"A",.,"A",.,"A",.,"A",15,"D",.,"A",.,"A",.,"A",35,"D",.,"A",.,"A"
"20115",2390295,28,0,"1",.,"A",.,"A",.,"A",.,"A",.,"A",.,"A",.,"A",.,"A",.,"A",.,"A",.,"A",.,"A",.,"A",.,"A",.,"A"
"20115",2390392,54,0,"1",.,"A",.,"A",.,"A",.,"A",.,"A",.,"A",.,"A",.,"A",.,"A",.,"A",.,"A",.,"A",165,"D",.,"A",.,"A"
"20115",2390533,39,0,"1",.,"A",.,"A",.,"A",.,"A",.,"A",.,"A",273,"D",.,"A",.,"A",.,"A",.,"A",.,"A",35,"D",.,"A",.,"A"
"20115",2390653,30,0,"1",.,"A",.,"A",.,"A",.,"A",.,"A",.,"A",.,"A",.,"A",.,"A",.,"A",.,"A",.,"A",7,"D",.,"A",.,"A"
"20115",2391204,39,0,"1",20,"D",.,"A",.,"A",40,"D",0,"D",.,"A",.,"A",.,"A",30,"D",0,"D",0,"D",30,"D",15,"D",0,"D",.,"A"
"20115",2391413,42,0,"1",.,"A",.,"A",.,"A",.,"A",.,"A",.,"A",.,"A",.,"A",.,"A",.,"A",.,"A",.,"A",24,"D",.,"A",.,"A"
"20115",2391522,22,0,"1",.,"A",.,"A",.,"A",.,"A",10,"D",.,"A",.,"A",.,"A",.,"A",.,"A",.,"A",.,"A",.,"A",.,"A",.,"A"
"20115",2391552,42,0,"1",.,"A",.,"A",.,"A",.,"A",.,"A",.,"A",.,"A",.,"A",.,"A",.,"A",.,"A",.,"A",30,"D",.,"A",.,"A"
"20115",2392353,41,0,"1",.,"A",.,"A",.,"A",.,"A",.,"A",.,"A",.,"A",.,"A",.,"A",.,"A",.,"A",.,"A",.,"A",.,"A",.,"A"
"20115",2392365,28,0,"1",.,"A",.,"A",.,"A",.,"A",40,"D",.,"A",.,"A",.,"A",3,"D",.,"A",.,"A",.,"A",.,"A",.,"A",.,"A"
"20115",2392785,30,0,"1",.,"A",.,"A",.,"A",.,"A",20,"D",.,"A",.,"A",.,"A",.,"A",.,"A",.,"A",.,"A",.,"A",.,"A",.,"A"
"20115",2392955,27,0,"1",.,"A",.,"A",.,"A",.,"A",.,"A",.,"A",.,"A",.,"A",.,"A",.,"A",.,"A",.,"A",.,"A",.,"A",.,"A"
"20115",2392972,38,0,"1",.,"A",.,"A",.,"A",200,"D",60,"D",.,"A",260,"D",.,"A",30,"D",.,"A",.,"A",.,"A",.,"A",.,"A",.,"A"
"20115",2393283,44,0,"1",.,"A",.,"A",.,"A",.,"A",.,"A",.,"A",455,"D",.,"A",.,"A",.,"A",.,"A",.,"A",300,"D",.,"A",.,"A"
"20115",2393373,27,0,"1",.,"A",.,"A",.,"A",.,"A",.,"A",.,"A",.,"A",.,"A",.,"A",0,"D",15,"D",0,"D",.,"A",0,"D",.,"A"
"20115",2393444,47,0,"1",.,"A",.,"A",.,"A",.,"A",.,"A",.,"A",.,"A",.,"A",.,"A",.,"A",.,"A",.,"A",15,"D",.,"A",.,"A"
"20115",2393623,27,0,"1",.,"A",.,"A",.,"A",.,"A",1,"D",.,"A",260,"F",.,"A",.,"A",.,"A",.,"A",.,"A",.,"A",.,"A",.,"A"
"20115",2393745,44,0,"1",.,"A",.,"A",.,"A",.,"A",60,"D",.,"A",52,"D",.,"A",30,"F",.,"A",.,"A",.,"A",.,"A",.,"A",.,"A"
"20115",2393955,34,0,"1",.,"A",.,"A",.,"A",.,"A",.,"A",.,"A",.,"A",.,"A",.,"A",.,"A",.,"A",.,"A",17,"D",.,"A",.,"A"
"20115",2394084,25,0,"1",.,"A",.,"A",.,"A",.,"A",.,"A",.,"A",.,"A",.,"A",.,"A",.,"A",.,"A",.,"A",.,"A",.,"A",.,"A"
"20115",2394122,37,0,"1",.,"A",.,"A",.,"A",.,"A",.,"A",.,"A",.,"A",.,"A",.,"A",.,"A",.,"A",.,"A",.,"A",.,"A",.,"A"
"20115",2394165,34,0,"1",.,"A",.,"A",20,"D",40,"D",.,"A",.,"A",.,"A",.,"A",.,"A",0,"D",105,"D",0,"D",.,"A",0,"D",.,"A"
"20115",2394182,29,0,"1",.,"A",.,"A",.,"A",.,"A",.,"A",.,"A",.,"A",.,"A",.,"A",.,"A",.,"A",.,"A",.,"A",.,"A",.,"A"
"20115",2394265,57,0,"1",.,"A",.,"A",18,"D",.,"A",.,"A",.,"A",.,"A",.,"A",.,"A",.,"A",.,"A",.,"A",255,"D",.,"A",.,"A"
"20115",2394563,23,0,"1",.,"A",.,"A",.,"A",.,"A",.,"A",.,"A",.,"A",.,"A",.,"A",.,"A",.,"A",.,"A",.,"A",.,"A",.,"A"
"20115",2394613,56,0,"1",.,"A",.,"A",.,"A",.,"A",.,"A",.,"A",.,"A",.,"A",9,"D",.,"A",.,"A",.,"A",.,"A",.,"A",.,"A"
"20115",2394634,27,0,"1",.,"A",.,"A",.,"A",.,"A",.,"A",.,"A",.,"A",.,"A",.,"A",.,"A",.,"A",.,"A",.,"A",.,"A",.,"A"
"20115",2394643,42,0,"1",.,"A",.,"A",.,"A",.,"A",.,"A",.,"A",325,"D",.,"A",.,"A",.,"A",.,"A",.,"A",.,"A",.,"A",.,"A"
"20115",2394655,26,0,"1",.,"A",.,"A",.,"A",.,"A",120,"D",.,"A",455,"D",.,"A",.,"A",.,"A",.,"A",.,"A",.,"A",.,"A",.,"A"
"20115",2395255,45,0,"1",.,"A",.,"A",.,"A",.,"A",.,"A",.,"A",130,"D",.,"A",.,"A",.,"A",.,"A",.,"A",12,"D",.,"A",.,"A"
"20115",2395273,62,0,"1",.,"A",.,"A",.,"A",.,"A",.,"A",.,"A",.,"A",.,"A",.,"A",.,"A",.,"A",.,"A",150,"D",.,"A",.,"A"
"20115",2395474,20,0,"1",.,"A",.,"A",.,"A",.,"A",.,"A",.,"A",.,"A",.,"A",.,"A",.,"A",.,"A",.,"A",.,"A",.,"A",.,"A"
"20115",2395552,30,0,"1",.,"A",.,"A",.,"A",.,"A",10,"D",.,"A",.,"A",.,"A",.,"A",.,"A",.,"A",.,"A",15,"D",.,"A",.,"A"
"20115",2396165,30,0,"1",.,"A",.,"A",.,"A",.,"A",.,"A",.,"A",260,"D",.,"A",150,"D",.,"A",.,"A",.,"A",.,"A",.,"A",.,"A"
"20115",2396495,33,0,"1",.,"A",.,"A",.,"A",.,"A",80,"D",.,"A",.,"A",.,"A",.,"A",.,"A",.,"A",.,"A",.,"A",.,"A",.,"A"
"20115",2396592,27,0,"1",.,"A",.,"A",.,"A",.,"A",.,"A",.,"A",.,"A",.,"A",.,"A",0,"D",0,"D",0,"D",.,"A",0,"D",.,"A"
"20115",2397292,23,0,"1",.,"A",.,"A",.,"A",.,"A",.,"A",.,"A",.,"A",.,"A",.,"A",.,"A",.,"A",.,"A",.,"A",.,"A",.,"A"
"20115",2397355,26,0,"1",.,"A",.,"A",.,"A",.,"A",.,"A",.,"A",.,"A",.,"A",.,"A",0,"D",0,"D",0,"D",.,"A",0,"D",.,"A"
"20115",2397542,24,0,"1",.,"A",.,"A",.,"A",.,"A",.,"A",.,"A",.,"A",.,"A",.,"A",.,"A",.,"A",.,"A",.,"A",.,"A",.,"A"
"20115",2397554,49,0,"1",.,"A",.,"A",.,"A",.,"A",.,"A",.,"A",.,"A",.,"A",.,"A",0,"D",225,"D",0,"D",280,"D",0,"D",.,"A"
"20115",2397763,84,0,"1",.,"A",.,"A",.,"A",.,"A",.,"A",.,"A",.,"A",.,"A",0,"D",.,"A",.,"A",.,"A",50,"D",.,"A",.,"A"
"20115",2398115,31,0,"1",.,"A",.,"A",.,"A",.,"A",.,"A",.,"A",260,"D",.,"A",.,"A",.,"A",.,"A",.,"A",.,"A",.,"A",.,"A"
"20115",2398333,25,0,"1",.,"A",.,"A",.,"A",.,"A",.,"A",.,"A",.,"A",.,"A",.,"A",.,"A",.,"A",.,"A",24,"D",.,"A",.,"A"
"20115",2398345,39,0,"1",20,"D",.,"A",.,"A",.,"A",40,"D",.,"A",.,"A",.,"A",.,"A",.,"A",.,"A",.,"A",95,"D",.,"A",.,"A"
"20115",2398395,33,0,"1",.,"A",.,"A",.,"A",.,"A",.,"A",.,"A",.,"A",.,"A",.,"A",.,"A",.,"A",.,"A",.,"A",.,"A",.,"A"
"20115",2398404,37,0,"1",.,"A",.,"A",.,"A",.,"A",.,"A",.,"A",.,"A",.,"A",.,"A",.,"A",.,"A",.,"A",.,"A",.,"A",.,"A"
"20115",2398555,37,0,"1",.,"A",.,"A",.,"A",.,"A",.,"A",36,"D",.,"A",.,"A",.,"A",.,"A",.,"A",.,"A",130,"D",.,"A",.,"A"
"20115",2398623,22,0,"1",.,"A",.,"A",.,"A",.,"A",.,"A",.,"A",468,"D",.,"A",.,"A",180,"D",0,"D",0,"D",.,"A",60,"D",.,"A"
"20115",2398925,49,0,"1",.,"A",.,"A",.,"A",220,"D",120,"D",240,"D",.,"A",65,"D",30,"D",.,"A",.,"A",.,"A",120,"D",.,"A",.,"A"
"20115",2399743,47,0,"1",.,"A",.,"A",.,"A",.,"A",.,"A",.,"A",.,"A",91,"D",.,"A",.,"A",.,"A",.,"A",60,"D",.,"A",.,"A"
"20115",2399812,26,0,"1",.,"A",.,"A",.,"A",.,"A",.,"A",.,"A",.,"A",.,"A",.,"A",.,"A",.,"A",.,"A",10,"D",.,"A",.,"A"
"20115",2400103,23,0,"1",48,"D",.,"A",.,"A",.,"A",132,"D",.,"A",.,"A",.,"A",.,"A",.,"A",.,"A",.,"A",.,"A",.,"A",.,"A"
"20115",2400252,40,0,"1",30,"D",.,"A",.,"A",.,"A",0,"D",.,"A",.,"A",.,"A",450,"D",.,"A",.,"A",.,"A",15,"D",.,"A",.,"A"
"20115",2400523,47,0,"1",.,"A",.,"A",.,"A",.,"A",.,"A",.,"A",390,"D",.,"A",.,"A",.,"A",.,"A",.,"A",.,"A",.,"A",.,"A"
"20115",2400584,33,0,"1",.,"A",.,"A",.,"A",.,"A",120,"D",.,"A",.,"A",.,"A",.,"A",.,"A",.,"A",.,"A",120,"D",.,"A",.,"A"
"20115",2400633,48,0,"1",.,"A",.,"A",.,"A",.,"A",.,"A",.,"A",.,"A",.,"A",.,"A",.,"A",.,"A",.,"A",.,"A",.,"A",.,"A"
"20115",2400702,26,0,"1",.,"A",.,"A",.,"A",.,"A",.,"A",.,"A",.,"A",.,"A",.,"A",.,"A",.,"A",.,"A",.,"A",.,"A",.,"A"
"20115",2401045,31,0,"1",.,"A",.,"A",.,"A",.,"A",.,"A",.,"A",260,"D",.,"A",.,"A",.,"A",.,"A",.,"A",.,"A",.,"A",.,"A"
"20115",2401055,21,0,"1",.,"A",.,"A",.,"A",.,"A",.,"A",.,"A",.,"A",.,"A",.,"A",.,"A",.,"A",.,"A",.,"A",.,"A",.,"A"
"20115",2401064,26,0,"1",.,"A",.,"A",.,"A",.,"A",.,"A",.,"A",.,"A",.,"A",.,"A",.,"A",.,"A",.,"A",.,"A",.,"A",.,"A"
"20115",2401625,38,0,"1",.,"A",.,"A",.,"A",.,"A",.,"A",.,"A",195,"D",.,"A",.,"A",.,"A",.,"A",.,"A",20,"D",.,"A",.,"A"
"20115",2401794,27,0,"1",.,"A",.,"A",.,"A",.,"A",.,"A",.,"A",78,"D",.,"A",.,"A",24,"D",0,"D",0,"D",.,"A",8,"D",30,"D"
"20115",2401905,29,0,"1",.,"A",.,"A",.,"A",.,"A",.,"A",.,"A",39,"D",.,"A",.,"A",.,"A",.,"A",.,"A",.,"A",.,"A",.,"A"
"20115",2402004,41,0,"1",.,"A",.,"A",.,"A",.,"A",.,"A",.,"A",.,"A",.,"A",.,"A",.,"A",.,"A",.,"A",.,"A",.,"A",.,"A"
"20115",2402024,38,0,"1",.,"A",.,"A",.,"A",.,"A",.,"A",.,"A",390,"D",.,"A",.,"A",.,"A",.,"A",.,"A",.,"A",.,"A",.,"A"
"20115",2402044,27,0,"1",.,"A",.,"A",.,"A",.,"A",.,"A",.,"A",195,"D",.,"A",18,"D",.,"A",.,"A",.,"A",.,"A",.,"A",.,"A"
"20115",2402234,36,0,"1",.,"A",.,"A",.,"A",.,"A",.,"A",.,"A",.,"A",.,"A",.,"A",.,"A",.,"A",.,"A",40,"D",.,"A",.,"A"
"20115",2402883,21,0,"1",.,"A",.,"A",.,"A",.,"A",.,"A",.,"A",.,"A",.,"A",.,"A",.,"A",.,"A",.,"A",.,"A",.,"A",.,"A"
"20115",2402955,30,0,"1",.,"A",.,"A",.,"A",.,"A",12,"D",.,"A",.,"A",.,"A",9,"D",0,"D",0,"D",120,"D",125,"D",0,"D",.,"A"
"20115",2403024,38,0,"1",.,"A",.,"A",.,"A",.,"A",.,"A",.,"A",1365,"D",.,"A",.,"A",.,"A",.,"A",.,"A",.,"A",.,"A",.,"A"
"20115",2403185,59,0,"1",.,"A",.,"A",.,"A",.,"A",.,"A",120,"D",65,"D",.,"A",.,"A",.,"A",.,"A",.,"A",200,"D",.,"A",.,"A"
"20115",2403293,33,0,"1",.,"A",.,"A",.,"A",180,"D",.,"A",.,"A",2600,"D",.,"A",.,"A",.,"A",.,"A",.,"A",60,"D",.,"A",.,"A"
"20115",2403405,28,0,"1",.,"A",.,"A",.,"A",.,"A",.,"A",.,"A",195,"D",.,"A",.,"A",.,"A",.,"A",.,"A",.,"A",.,"A",.,"A"
"20115",2403953,20,0,"1",.,"A",.,"A",.,"A",.,"A",.,"A",.,"A",.,"A",.,"A",.,"A",.,"A",.,"A",.,"A",.,"A",.,"A",.,"A"
"20115",2404213,34,0,"1",.,"A",.,"A",.,"A",.,"A",70,"D",.,"A",.,"A",.,"A",.,"A",1620,"D",0,"D",0,"D",.,"A",540,"D",.,"A"
"20115",2404514,24,0,"1",.,"A",.,"A",.,"A",.,"A",.,"A",.,"A",.,"A",.,"A",30,"D",15,"D",0,"D",15,"D",.,"A",5,"D",.,"A"
"20115",2404794,22,0,"1",.,"A",.,"A",.,"A",.,"A",.,"A",.,"A",65,"D",.,"A",.,"A",0,"D",0,"D",0,"D",.,"A",0,"D",.,"A"
"20115",2404874,24,0,"1",.,"A",.,"A",.,"A",.,"A",.,"A",.,"A",.,"A",.,"A",.,"A",.,"A",.,"A",.,"A",.,"A",.,"A",.,"A"
"20115",2404943,28,0,"1",.,"A",.,"A",.,"A",.,"A",15,"D",.,"A",.,"A",.,"A",.,"A",.,"A",.,"A",.,"A",.,"A",.,"A",.,"A"
"20115",2404995,54,0,"1",.,"A",.,"A",.,"A",.,"A",.,"A",.,"A",.,"A",.,"A",.,"A",.,"A",.,"A",.,"A",15,"D",.,"A",.,"A"
"20115",2405144,24,0,"1",.,"A",.,"A",.,"A",.,"A",.,"A",.,"A",130,"D",.,"A",.,"A",144,"D",0,"D",0,"D",.,"A",48,"D",.,"A"
"20115",2405154,36,0,"1",.,"A",.,"A",.,"A",.,"A",.,"A",.,"A",520,"D",.,"A",30,"D",.,"A",.,"A",.,"A",25,"D",.,"A",.,"A"
"20115",2405252,25,0,"1",.,"A",.,"A",.,"A",.,"A",.,"A",.,"A",.,"A",.,"A",.,"A",.,"A",.,"A",.,"A",.,"A",.,"A",.,"A"
"20115",2405272,38,0,"1",.,"A",.,"A",.,"A",.,"A",.,"A",.,"A",.,"A",.,"A",.,"A",.,"A",.,"A",.,"A",167,"D",.,"A",.,"A"
"20115",2405285,28,0,"1",.,"A",.,"A",.,"A",.,"A",75,"D",.,"A",.,"A",.,"A",.,"A",.,"A",.,"A",.,"A",30,"D",.,"A",.,"A"
"20115",2405494,31,0,"1",.,"A",.,"A",.,"A",.,"A",.,"A",.,"A",.,"A",.,"A",.,"A",.,"A",.,"A",.,"A",.,"A",.,"A",.,"A"
"20115",2405512,27,0,"1",.,"A",.,"A",.,"A",.,"A",200,"D",.,"A",.,"A",.,"A",.,"A",.,"A",.,"A",.,"A",.,"A",.,"A",.,"A"
"20115",2405542,25,0,"1",.,"A",.,"A",.,"A",.,"A",120,"D",.,"A",.,"A",.,"A",.,"A",0,"D",0,"D",60,"D",60,"D",0,"D",.,"A"
"20115",2405924,32,0,"1",.,"A",.,"A",.,"A",.,"A",.,"A",.,"A",.,"A",.,"A",.,"A",.,"A",.,"A",.,"A",100,"F",.,"A",.,"A"
"20115",2406064,28,0,"1",.,"A",.,"A",.,"A",.,"A",60,"D",.,"A",.,"A",.,"A",.,"A",.,"A",.,"A",.,"A",64,"D",.,"A",.,"A"
"20115",2406345,26,0,"1",.,"A",.,"A",.,"A",.,"A",.,"A",.,"A",.,"A",.,"A",.,"A",.,"A",.,"A",.,"A",.,"A",.,"A",.,"A"
"20115",2406695,21,0,"1",.,"A",.,"A",.,"A",.,"A",60,"F",.,"A",.,"A",.,"A",.,"A",.,"A",.,"A",.,"A",.,"A",.,"A",.,"A"
"20115",2406803,31,0,"1",.,"A",.,"A",.,"A",.,"A",42,"D",.,"A",.,"A",.,"A",9,"D",.,"A",.,"A",.,"A",15,"D",.,"A",.,"A"
"20115",2407124,40,0,"1",.,"A",.,"A",.,"A",.,"A",.,"A",.,"A",.,"A",.,"A",.,"A",.,"A",.,"A",.,"A",150,"D",.,"A",.,"A"
"20115",2407175,56,0,"1",.,"A",.,"A",.,"A",.,"A",.,"A",.,"A",.,"A",260,"F",9,"F",240,"F",150,"F",60,"F",30,"D",.,"C",.,"A"
"20115",2407204,35,0,"1",.,"A",.,"A",.,"A",.,"A",240,"D",.,"A",.,"A",.,"A",.,"A",.,"A",.,"A",.,"A",.,"A",.,"A",.,"A"
"20115",2407425,21,0,"1",.,"A",.,"A",.,"A",.,"A",50,"F",.,"A",.,"A",.,"A",.,"A",.,"A",.,"A",.,"A",.,"A",.,"A",.,"A"
"20115",2407842,37,0,"1",50,"D",.,"A",.,"A",.,"A",250,"D",100,"D",.,"A",.,"A",.,"A",.,"A",.,"A",.,"A",.,"A",.,"A",.,"A"
"20115",2407925,36,0,"1",.,"A",.,"A",.,"A",.,"A",300,"D",.,"A",910,"D",.,"A",.,"A",.,"A",.,"A",.,"A",.,"A",.,"A",.,"A"
"20115",2408003,34,0,"1",.,"A",.,"A",.,"A",.,"A",8,"D",.,"A",.,"A",.,"A",.,"A",.,"A",.,"A",.,"A",.,"A",.,"A",.,"A"
"20115",2408025,43,0,"1",.,"A",.,"A",.,"A",.,"A",.,"A",.,"A",.,"A",.,"A",.,"A",.,"A",.,"A",.,"A",20,"D",.,"A",.,"A"
"20115",2408525,23,0,"1",.,"A",.,"A",.,"A",.,"A",40,"D",.,"A",.,"A",.,"A",.,"A",0,"D",0,"D",90,"D",8,"D",0,"D",.,"A"
"20115",2408605,26,0,"1",.,"A",.,"A",.,"A",.,"A",.,"A",.,"A",.,"A",.,"A",.,"A",0,"D",0,"D",0,"D",.,"A",0,"D",.,"A"
"20115",2409274,35,0,"1",.,"A",.,"A",.,"A",.,"A",.,"A",.,"A",65,"D",.,"A",45,"D",.,"A",.,"A",.,"A",140,"D",.,"A",.,"A"
"20115",2409285,20,0,"1",.,"A",.,"A",.,"A",.,"A",122,"F",.,"A",.,"A",.,"A",.,"A",.,"A",.,"A",.,"A",.,"A",.,"A",.,"A"
"20115",2409493,39,0,"1",.,"A",.,"A",.,"A",.,"A",.,"A",.,"A",.,"A",.,"A",.,"A",.,"A",.,"A",.,"A",75,"D",.,"A",.,"A"
"20115",2409582,28,0,"1",.,"A",.,"A",.,"A",30,"D",180,"D",.,"A",.,"A",.,"A",.,"A",.,"A",.,"A",.,"A",54,"D",.,"A",.,"A"
"20115",2409605,39,0,"1",.,"A",.,"A",.,"A",.,"A",.,"A",.,"A",520,"D",.,"A",.,"A",.,"A",.,"A",.,"A",.,"A",.,"A",.,"A"
